Team_Home,GP,W,D,L,GF,GA,GD,Pts_Home,Liga,PIH,PIH_HA,GD_Home,PPG_Home,GF_AVG_Home,Odd_Justa_MO,Odd_Justa_HA,Rank_Home
Teuta Durres,8,4,2,2,7,7,0,14,Albania - Abissnet Superiore,0.5,0.75,0,1.75,0.88,2.0,1.33,1
Egnatia R.,8,3,4,1,11,7,4,13,Albania - Abissnet Superiore,0.38,0.88,4,1.62,1.38,2.63,1.14,2
Partizani T.,8,3,4,1,9,6,3,13,Albania - Abissnet Superiore,0.38,0.88,3,1.62,1.12,2.63,1.14,2
Vllaznia S.,8,3,3,2,11,6,5,12,Albania - Abissnet Superiore,0.38,0.75,5,1.5,1.38,2.63,1.33,3
KF Tirana,8,3,3,2,12,9,3,12,Albania - Abissnet Superiore,0.38,0.75,3,1.5,1.5,2.63,1.33,3
AF Elbasani,8,3,3,2,9,7,2,12,Albania - Abissnet Superiore,0.38,0.75,2,1.5,1.12,2.63,1.33,3
Bylis,8,3,2,3,4,9,-5,11,Albania - Abissnet Superiore,0.38,0.62,-5,1.38,0.5,2.63,1.61,4
Skenderbeu K.,8,3,1,4,10,13,-3,10,Albania - Abissnet Superiore,0.38,0.5,-3,1.25,1.25,2.63,2.0,5
Laci,8,2,3,3,8,9,-1,9,Albania - Abissnet Superiore,0.25,0.62,-1,1.12,1.0,4.0,1.61,6
Boca Juniors,8,7,1,0,14,2,12,22,Argentina - Liga Profesional,0.88,1.0,12,2.75,1.75,1.14,1.0,1
Rosario Central,7,7,0,0,14,4,10,21,Argentina - Liga Profesional,1.0,1.0,10,3.0,2.0,1.0,1.0,2
Independiente,8,6,2,0,16,2,14,20,Argentina - Liga Profesional,0.75,1.0,14,2.5,2.0,1.33,1.0,3
Argentinos Jrs,8,5,2,1,15,4,11,17,Argentina - Liga Profesional,0.62,0.88,11,2.12,1.88,1.61,1.14,4
River Plate,8,5,2,1,13,7,6,17,Argentina - Liga Profesional,0.62,0.88,6,2.12,1.62,1.61,1.14,4
Barracas C.,8,5,1,2,13,10,3,16,Argentina - Liga Profesional,0.62,0.75,3,2.0,1.62,1.61,1.33,5
Racing Club,7,5,0,2,14,5,9,15,Argentina - Liga Profesional,0.71,0.71,9,2.14,2.0,1.41,1.41,6
Huracan,8,4,3,1,11,5,6,15,Argentina - Liga Profesional,0.5,0.88,6,1.88,1.38,2.0,1.14,6
I. Rivadavia,8,4,3,1,12,10,2,15,Argentina - Liga Profesional,0.5,0.88,2,1.88,1.5,2.0,1.14,6
Instituto,7,4,2,1,11,3,8,14,Argentina - Liga Profesional,0.57,0.86,8,2.0,1.57,1.75,1.16,7
Estudiantes,7,4,2,1,10,5,5,14,Argentina - Liga Profesional,0.57,0.86,5,2.0,1.43,1.75,1.16,7
Tigre,8,4,2,2,8,5,3,14,Argentina - Liga Profesional,0.5,0.75,3,1.75,1.0,2.0,1.33,7
San Lorenzo,8,4,2,2,9,7,2,14,Argentina - Liga Profesional,0.5,0.75,2,1.75,1.12,2.0,1.33,7
Lanus,8,3,4,1,9,5,4,13,Argentina - Liga Profesional,0.38,0.88,4,1.62,1.12,2.63,1.14,8
Platense,8,3,4,1,7,5,2,13,Argentina - Liga Profesional,0.38,0.88,2,1.62,0.88,2.63,1.14,8
D. Riestra,8,2,6,0,5,1,4,12,Argentina - Liga Profesional,0.25,1.0,4,1.5,0.62,4.0,1.0,9
A. Tucuman,8,4,0,4,13,10,3,12,Argentina - Liga Profesional,0.5,0.5,3,1.5,1.62,2.0,2.0,9
Union Santa Fe,8,3,3,2,7,5,2,12,Argentina - Liga Profesional,0.38,0.75,2,1.5,0.88,2.63,1.33,9
Gimnasia,8,3,3,2,7,7,0,12,Argentina - Liga Profesional,0.38,0.75,0,1.5,0.88,2.63,1.33,9
Central Cordoba,8,3,2,3,11,8,3,11,Argentina - Liga Profesional,0.38,0.62,3,1.38,1.38,2.63,1.61,10
Newells,8,3,2,3,6,4,2,11,Argentina - Liga Profesional,0.38,0.62,2,1.38,0.75,2.63,1.61,10
Banfield,8,2,4,2,9,6,3,10,Argentina - Liga Profesional,0.25,0.75,3,1.25,1.12,4.0,1.33,11
Belgrano,8,2,4,2,9,10,-1,10,Argentina - Liga Profesional,0.25,0.75,-1,1.25,1.12,4.0,1.33,11
Sarmiento,8,1,6,1,6,6,0,9,Argentina - Liga Profesional,0.12,0.88,0,1.12,0.75,8.33,1.14,12
Godoy Cruz,8,1,6,1,3,5,-2,9,Argentina - Liga Profesional,0.12,0.88,-2,1.12,0.38,8.33,1.14,12
Defensa y J.,7,2,2,3,6,7,-1,8,Argentina - Liga Profesional,0.29,0.57,-1,1.14,0.86,3.45,1.75,13
Aldosivi,8,2,2,4,9,18,-9,8,Argentina - Liga Profesional,0.25,0.5,-9,1.0,1.12,4.0,2.0,13
Velez Sarsfield,8,2,1,5,2,7,-5,7,Argentina - Liga Profesional,0.25,0.38,-5,0.88,0.25,4.0,2.63,14
SM San Juan,8,2,1,5,4,10,-6,7,Argentina - Liga Profesional,0.25,0.38,-6,0.88,0.5,4.0,2.63,14
Agropecuario,7,6,0,1,12,3,9,18,Argentina - Primera Nacional,0.86,0.86,9,2.57,1.71,1.16,1.16,1
Atlanta,7,5,2,0,8,2,6,17,Argentina - Primera Nacional,0.71,1.0,6,2.43,1.14,1.41,1.0,2
San Miguel,7,4,3,0,10,4,6,15,Argentina - Primera Nacional,0.57,1.0,6,2.14,1.43,1.75,1.0,3
G. Mendoza,7,4,3,0,9,3,6,15,Argentina - Primera Nacional,0.57,1.0,6,2.14,1.29,1.75,1.0,3
Deportivo Moron,6,4,2,0,11,1,10,14,Argentina - Primera Nacional,0.67,1.0,10,2.33,1.83,1.49,1.0,4
Quilmes,7,4,2,1,11,4,7,14,Argentina - Primera Nacional,0.57,0.86,7,2.0,1.57,1.75,1.16,4
Los Andes,7,4,2,1,11,5,6,14,Argentina - Primera Nacional,0.57,0.86,6,2.0,1.57,1.75,1.16,4
Tristan Suarez,6,4,2,0,10,4,6,14,Argentina - Primera Nacional,0.67,1.0,6,2.33,1.67,1.49,1.0,4
Gimnasia Jujuy,7,4,2,1,6,1,5,14,Argentina - Primera Nacional,0.57,0.86,5,2.0,0.86,1.75,1.16,4
Deportivo Maipu,6,4,1,1,10,3,7,13,Argentina - Primera Nacional,0.67,0.83,7,2.17,1.67,1.49,1.2,5
Racing Cordoba,7,3,3,1,12,5,7,12,Argentina - Primera Nacional,0.43,0.86,7,1.71,1.71,2.33,1.16,6
SM Tucuman,6,3,3,0,6,2,4,12,Argentina - Primera Nacional,0.5,1.0,4,2.0,1.0,2.0,1.0,6
Ferro Carril,7,3,3,1,5,1,4,12,Argentina - Primera Nacional,0.43,0.86,4,1.71,0.71,2.33,1.16,6
E. Rio Cuarto,6,3,3,0,6,3,3,12,Argentina - Primera Nacional,0.5,1.0,3,2.0,1.0,2.0,1.0,6
D. de Belgrano,6,3,3,0,5,2,3,12,Argentina - Primera Nacional,0.5,1.0,3,2.0,0.83,2.0,1.0,6
Chaco For Ever,7,4,0,3,8,6,2,12,Argentina - Primera Nacional,0.57,0.57,2,1.71,1.14,1.75,1.75,6
Almagro,7,3,3,1,4,2,2,12,Argentina - Primera Nacional,0.43,0.86,2,1.71,0.57,2.33,1.16,6
Temperley,6,4,0,2,6,5,1,12,Argentina - Primera Nacional,0.67,0.67,1,2.0,1.0,1.49,1.49,6
D. Madryn,6,3,2,1,6,4,2,11,Argentina - Primera Nacional,0.5,0.83,2,1.83,1.0,2.0,1.2,7
Central Norte,7,3,2,2,8,7,1,11,Argentina - Primera Nacional,0.43,0.71,1,1.57,1.14,2.33,1.41,7
All Boys,6,3,1,2,9,5,4,10,Argentina - Primera Nacional,0.5,0.67,4,1.67,1.5,2.0,1.49,8
CA Estudiantes,6,3,1,2,8,6,2,10,Argentina - Primera Nacional,0.5,0.67,2,1.67,1.33,2.0,1.49,8
Colon Santa Fe,7,3,1,3,6,5,1,10,Argentina - Primera Nacional,0.43,0.57,1,1.43,0.86,2.33,1.75,8
CA Guemes,6,2,3,1,6,4,2,9,Argentina - Primera Nacional,0.33,0.83,2,1.5,1.0,3.03,1.2,9
Alvarado,6,2,3,1,6,5,1,9,Argentina - Primera Nacional,0.33,0.83,1,1.5,1.0,3.03,1.2,9
Gimnasia y Tiro,6,2,3,1,5,4,1,9,Argentina - Primera Nacional,0.33,0.83,1,1.5,0.83,3.03,1.2,9
Colegiales,7,2,3,2,3,3,0,9,Argentina - Primera Nacional,0.29,0.71,0,1.29,0.43,3.45,1.41,9
Almirante Brown,6,1,5,0,5,3,2,8,Argentina - Primera Nacional,0.17,1.0,2,1.33,0.83,5.88,1.0,10
Patronato,6,2,2,2,6,5,1,8,Argentina - Primera Nacional,0.33,0.67,1,1.33,1.0,3.03,1.49,10
A. Quilmes,8,6,2,0,14,3,11,20,Argentina - Primera B,0.75,1.0,11,2.5,1.75,1.33,1.0,1
Deportivo Merlo,8,5,3,0,12,5,7,18,Argentina - Primera B,0.62,1.0,7,2.25,1.5,1.61,1.0,2
Excursionistas,8,5,2,1,18,7,11,17,Argentina - Primera B,0.62,0.88,11,2.12,2.25,1.61,1.14,3
D. Armenio,8,5,2,1,14,4,10,17,Argentina - Primera B,0.62,0.88,10,2.12,1.75,1.61,1.14,3
Colegiales,8,5,2,1,10,1,9,17,Argentina - Primera B,0.62,0.88,9,2.12,1.25,1.61,1.14,3
Liniers,8,4,3,1,12,6,6,15,Argentina - Primera B,0.5,0.88,6,1.88,1.5,2.0,1.14,4
Flandria,8,4,3,1,8,3,5,15,Argentina - Primera B,0.5,0.88,5,1.88,1.0,2.0,1.14,4
Villa Dalmine,8,4,3,1,6,4,2,15,Argentina - Primera B,0.5,0.88,2,1.88,0.75,2.0,1.14,4
S. Italiano,8,4,2,2,11,3,8,14,Argentina - Primera B,0.5,0.75,8,1.75,1.38,2.0,1.33,5
Midland,8,4,2,2,11,5,6,14,Argentina - Primera B,0.5,0.75,6,1.75,1.38,2.0,1.33,5
SM Burzaco,8,4,2,2,9,4,5,14,Argentina - Primera B,0.5,0.75,5,1.75,1.12,2.0,1.33,5
Los Andes,8,4,1,3,9,6,3,13,Argentina - Primera B,0.5,0.62,3,1.62,1.12,2.0,1.61,6
UAI Urquiza,8,3,3,2,10,9,1,12,Argentina - Primera B,0.38,0.75,1,1.5,1.25,2.63,1.33,7
Sacachispas,8,3,2,3,5,7,-2,11,Argentina - Primera B,0.38,0.62,-2,1.38,0.62,2.63,1.61,8
Comunicaciones,8,2,4,2,8,8,0,10,Argentina - Primera B,0.25,0.75,0,1.25,1.0,4.0,1.33,9
Argentino Merlo,8,3,1,4,8,11,-3,10,Argentina - Primera B,0.38,0.5,-3,1.25,1.0,2.63,2.0,9
Fenix,8,2,2,4,6,7,-1,8,Argentina - Primera B,0.25,0.5,-1,1.0,0.75,4.0,2.0,10
Dock Sud,8,2,2,4,8,10,-2,8,Argentina - Primera B,0.25,0.5,-2,1.0,1.0,4.0,2.0,10
Acassuso,8,2,2,4,6,11,-5,8,Argentina - Primera B,0.25,0.5,-5,1.0,0.75,4.0,2.0,10
Canuelas,8,2,2,4,3,9,-6,8,Argentina - Primera B,0.25,0.5,-6,1.0,0.38,4.0,2.0,10
D. Laferrere,8,1,4,3,7,9,-2,7,Argentina - Primera B,0.12,0.62,-2,0.88,0.88,8.33,1.61,11
V. San Carlos,8,1,3,4,3,4,-1,6,Argentina - Primera B,0.12,0.5,-1,0.75,0.38,8.33,2.0,12
G. Chivilcoy,5,5,0,0,9,4,5,15,Argentina - Torneo Federal,1.0,1.0,5,3.0,1.8,1.0,1.0,1
S. Belgrano,5,4,1,0,11,1,10,13,Argentina - Torneo Federal,0.8,1.0,10,2.6,2.2,1.25,1.0,2
Ciudad Bolivar,4,4,0,0,11,2,9,12,Argentina - Torneo Federal,1.0,1.0,9,3.0,2.75,1.0,1.0,3
A. Rafaela,4,4,0,0,7,2,5,12,Argentina - Torneo Federal,1.0,1.0,5,3.0,1.75,1.0,1.0,3
Ben Hur,4,3,1,0,8,3,5,10,Argentina - Torneo Federal,0.75,1.0,5,2.5,2.0,1.33,1.0,4
J. Antoniana,4,3,1,0,8,3,5,10,Argentina - Torneo Federal,0.75,1.0,5,2.5,2.0,1.33,1.0,4
Cipolletti,3,3,0,0,9,0,9,9,Argentina - Torneo Federal,1.0,1.0,9,3.0,3.0,1.0,1.0,5
Sarmiento DLB,3,3,0,0,6,1,5,9,Argentina - Torneo Federal,1.0,1.0,5,3.0,2.0,1.0,1.0,5
S. Las Parejas,5,2,2,1,6,1,5,8,Argentina - Torneo Federal,0.4,0.8,5,1.6,1.2,2.5,1.25,6
Costa Brava,4,2,2,0,6,2,4,8,Argentina - Torneo Federal,0.5,1.0,4,2.0,1.5,2.0,1.0,6
Huracan Las H.,4,2,2,0,5,3,2,8,Argentina - Torneo Federal,0.5,1.0,2,2.0,1.25,2.0,1.0,6
Olimpo Bahia B.,5,2,2,1,6,5,1,8,Argentina - Torneo Federal,0.4,0.8,1,1.6,1.2,2.5,1.25,6
Sol de America,4,2,1,1,8,3,5,7,Argentina - Torneo Federal,0.5,0.75,5,1.75,2.0,2.0,1.33,7
I. Chivilcoy,3,2,1,0,7,3,4,7,Argentina - Torneo Federal,0.67,1.0,4,2.33,2.33,1.49,1.0,7
D. Belgrano VR,3,2,1,0,3,1,2,7,Argentina - Torneo Federal,0.67,1.0,2,2.33,1.0,1.49,1.0,7
Circulo D.,4,2,1,1,4,3,1,7,Argentina - Torneo Federal,0.5,0.75,1,1.75,1.0,2.0,1.33,7
Sarmiento R.,4,2,1,1,4,4,0,7,Argentina - Torneo Federal,0.5,0.75,0,1.75,1.0,2.0,1.33,7
Argentino MM,3,2,0,1,4,1,3,6,Argentina - Torneo Federal,0.67,0.67,3,2.0,1.33,1.49,1.49,8
Atenas,4,2,0,2,6,4,2,6,Argentina - Torneo Federal,0.5,0.5,2,1.5,1.5,2.0,2.0,8
S. Estudiantes,4,1,3,0,3,1,2,6,Argentina - Torneo Federal,0.25,1.0,2,1.5,0.75,4.0,1.0,8
Villa Mitre,3,2,0,1,4,3,1,6,Argentina - Torneo Federal,0.67,0.67,1,2.0,1.33,1.49,1.49,8
D. Rincon,4,2,0,2,6,6,0,6,Argentina - Torneo Federal,0.5,0.5,0,1.5,1.5,2.0,2.0,8
Boca Unidos,3,2,0,1,4,4,0,6,Argentina - Torneo Federal,0.67,0.67,0,2.0,1.33,1.49,1.49,8
Crucero del N.,4,2,0,2,5,6,-1,6,Argentina - Torneo Federal,0.5,0.5,-1,1.5,1.25,2.0,2.0,8
SM Mendoza,3,1,2,0,5,1,4,5,Argentina - Torneo Federal,0.33,1.0,4,1.67,1.67,3.03,1.0,9
Gimnasia E.,3,1,2,0,3,0,3,5,Argentina - Torneo Federal,0.33,1.0,3,1.67,1.0,3.03,1.0,9
Douglas Haig,3,1,2,0,3,1,2,5,Argentina - Torneo Federal,0.33,1.0,2,1.67,1.0,3.03,1.0,9
SM Formosa,3,1,2,0,2,1,1,5,Argentina - Torneo Federal,0.33,1.0,1,1.67,0.67,3.03,1.0,9
Santamarina,5,1,2,2,3,4,-1,5,Argentina - Torneo Federal,0.2,0.6,-1,1.0,0.6,5.0,1.67,9
Noah,8,8,0,0,32,3,29,24,Armenia - Premier League,1.0,1.0,29,3.0,4.0,1.0,1.0,1
Urartu,8,6,0,2,20,9,11,18,Armenia - Premier League,0.75,0.75,11,2.25,2.5,1.33,1.33,2
Ararat-Armenia,8,5,1,2,19,7,12,16,Armenia - Premier League,0.62,0.75,12,2.0,2.38,1.61,1.33,3
Van,8,4,2,2,15,10,5,14,Armenia - Premier League,0.5,0.75,5,1.75,1.88,2.0,1.33,4
BKMA,8,3,2,3,14,16,-2,11,Armenia - Premier League,0.38,0.62,-2,1.38,1.75,2.63,1.61,5
West Armenia,8,3,2,3,7,10,-3,11,Armenia - Premier League,0.38,0.62,-3,1.38,0.88,2.63,1.61,5
Ararat Yerevan,8,2,3,3,10,12,-2,9,Armenia - Premier League,0.25,0.62,-2,1.12,1.25,4.0,1.61,6
Alashkert,8,2,3,3,9,11,-2,9,Armenia - Premier League,0.25,0.62,-2,1.12,1.12,4.0,1.61,6
Pyunik,8,2,1,5,12,16,-4,7,Armenia - Premier League,0.25,0.38,-4,0.88,1.5,4.0,2.63,7
Shirak,8,1,3,4,4,10,-6,6,Armenia - Premier League,0.12,0.5,-6,0.75,0.5,8.33,2.0,8
Gandzasar,8,0,0,8,2,27,-25,0,Armenia - Premier League,0.0,0.0,-25,0.0,0.25,0.0,0.0,9
Western United,8,6,1,1,20,9,11,19,Australia - A-League,0.75,0.88,11,2.38,2.5,1.33,1.14,1
Melbourne City,8,6,1,1,13,4,9,19,Australia - A-League,0.75,0.88,9,2.38,1.62,1.33,1.14,1
Auckland,8,4,4,0,19,9,10,16,Australia - A-League,0.5,1.0,10,2.0,2.38,2.0,1.0,2
Melbourne V.,8,4,2,2,17,12,5,14,Australia - A-League,0.5,0.75,5,1.75,2.12,2.0,1.33,3
WS Wanderers,8,4,1,3,17,13,4,13,Australia - A-League,0.5,0.62,4,1.62,2.12,2.0,1.61,4
Sydney FC,8,3,3,2,22,17,5,12,Australia - A-League,0.38,0.75,5,1.5,2.75,2.63,1.33,5
Newcastle Jets,8,3,2,3,18,13,5,11,Australia - A-League,0.38,0.62,5,1.38,2.25,2.63,1.61,6
Adelaide Utd,8,3,2,3,17,17,0,11,Australia - A-League,0.38,0.62,0,1.38,2.12,2.63,1.61,6
Perth Glory,8,2,2,4,10,12,-2,8,Australia - A-League,0.25,0.5,-2,1.0,1.25,4.0,2.0,7
Brisbane Roar,8,2,2,4,6,12,-6,8,Australia - A-League,0.25,0.5,-6,1.0,0.75,4.0,2.0,7
Central Coast,8,1,3,4,11,19,-8,6,Australia - A-League,0.12,0.5,-8,0.75,1.38,8.33,2.0,8
Macarthur FC,8,1,2,5,10,16,-6,5,Australia - A-League,0.12,0.38,-6,0.62,1.25,8.33,2.63,9
Wellington,8,0,4,4,6,11,-5,4,Australia - A-League,0.0,0.5,-5,0.5,0.75,0.0,2.0,10
Avondale,6,6,0,0,21,3,18,18,Australia - NPL Victoria,1.0,1.0,18,3.0,3.5,1.0,1.0,1
Dandenong T.,7,5,2,0,17,9,8,17,Australia - NPL Victoria,0.71,1.0,8,2.43,2.43,1.41,1.0,2
Heidelberg Utd,6,5,1,0,17,5,12,16,Australia - NPL Victoria,0.83,1.0,12,2.67,2.83,1.2,1.0,3
Preston Lions,6,5,0,1,12,7,5,15,Australia - NPL Victoria,0.83,0.83,5,2.5,2.0,1.2,1.2,4
Hume City,5,3,1,1,7,6,1,10,Australia - NPL Victoria,0.6,0.8,1,2.0,1.4,1.67,1.25,5
Oakleigh C.,6,3,0,3,12,7,5,9,Australia - NPL Victoria,0.5,0.5,5,1.5,2.0,2.0,2.0,6
Melbourne K.,8,3,0,5,11,14,-3,9,Australia - NPL Victoria,0.38,0.38,-3,1.12,1.38,2.63,2.63,6
Green Gully,5,2,2,1,6,7,-1,8,Australia - NPL Victoria,0.4,0.8,-1,1.6,1.2,2.5,1.25,7
Port Melbourne,7,2,1,4,8,14,-6,7,Australia - NPL Victoria,0.29,0.43,-6,1.0,1.14,3.45,2.33,8
Altona Magic,6,1,3,2,3,4,-1,6,Australia - NPL Victoria,0.17,0.67,-1,1.0,0.5,5.88,1.49,9
M. Victory B,8,1,3,4,13,18,-5,6,Australia - NPL Victoria,0.12,0.5,-5,0.75,1.62,8.33,2.0,9
Dandenong City,6,1,2,3,11,15,-4,5,Australia - NPL Victoria,0.17,0.5,-4,0.83,1.83,5.88,2.0,10
St. Albans,4,1,0,3,6,8,-2,3,Australia - NPL Victoria,0.25,0.25,-2,0.75,1.5,4.0,4.0,11
South Melbourne,4,1,0,3,4,10,-6,3,Australia - NPL Victoria,0.25,0.25,-6,0.75,1.0,4.0,4.0,11
Gold C. Utd,4,3,0,1,7,5,2,9,Australia - NPL Queensland,0.75,0.75,2,2.25,1.75,1.33,1.33,1
Peninsula,3,2,1,0,8,2,6,7,Australia - NPL Queensland,0.67,1.0,6,2.33,2.67,1.49,1.0,2
Q. Lions,2,2,0,0,5,1,4,6,Australia - NPL Queensland,1.0,1.0,4,3.0,2.5,1.0,1.0,3
Gold C. Knights,2,2,0,0,4,1,3,6,Australia - NPL Queensland,1.0,1.0,3,3.0,2.0,1.0,1.0,3
Brisbane City,5,2,0,3,7,10,-3,6,Australia - NPL Queensland,0.4,0.4,-3,1.2,1.4,2.5,2.5,3
Wynnum Wolves,3,1,1,1,8,6,2,4,Australia - NPL Queensland,0.33,0.67,2,1.33,2.67,3.03,1.49,4
SC Wanderers,3,1,1,1,3,3,0,4,Australia - NPL Queensland,0.33,0.67,0,1.33,1.0,3.03,1.49,4
Moreton City E.,1,1,0,0,3,1,2,3,Australia - NPL Queensland,1.0,1.0,2,3.0,3.0,1.0,1.0,5
Olympic FC,3,1,0,2,5,4,1,3,Australia - NPL Queensland,0.33,0.33,1,1.0,1.67,3.03,3.03,5
Brisbane Roar B,2,1,0,1,3,3,0,3,Australia - NPL Queensland,0.5,0.5,0,1.5,1.5,2.0,2.0,5
Eastern Suburbs,1,0,1,0,1,1,0,1,Australia - NPL Queensland,0.0,1.0,0,1.0,1.0,0.0,1.0,6
St George W.,2,0,0,2,0,6,-6,0,Australia - NPL Queensland,0.0,0.0,-6,0.0,0.0,0.0,0.0,7
Austria Wien,8,7,0,1,15,4,11,21,Austria - Bundesliga,0.88,0.88,11,2.62,1.88,1.14,1.14,1
Sturm Graz,8,5,2,1,26,11,15,17,Austria - Bundesliga,0.62,0.88,15,2.12,3.25,1.61,1.14,2
Rapid Wien,8,5,1,2,16,7,9,16,Austria - Bundesliga,0.62,0.75,9,2.0,2.0,1.61,1.33,3
Salzburg,8,4,3,1,15,6,9,15,Austria - Bundesliga,0.5,0.88,9,1.88,1.88,2.0,1.14,4
LASK Linz,8,4,2,2,15,10,5,14,Austria - Bundesliga,0.5,0.75,5,1.75,1.88,2.0,1.33,5
Hartberg,8,4,2,2,10,9,1,14,Austria - Bundesliga,0.5,0.75,1,1.75,1.25,2.0,1.33,5
BW Linz,8,4,0,4,13,11,2,12,Austria - Bundesliga,0.5,0.5,2,1.5,1.62,2.0,2.0,6
Wolfsberger AC,8,3,1,4,11,10,1,10,Austria - Bundesliga,0.38,0.5,1,1.25,1.38,2.63,2.0,7
A. Klagenfurt,8,2,3,3,11,13,-2,9,Austria - Bundesliga,0.25,0.62,-2,1.12,1.38,4.0,1.61,8
Tirol,8,1,4,3,6,11,-5,7,Austria - Bundesliga,0.12,0.62,-5,0.88,0.75,8.33,1.61,9
Grazer AK,8,1,2,5,8,14,-6,5,Austria - Bundesliga,0.12,0.38,-6,0.62,1.0,8.33,2.63,10
Altach,8,0,4,4,6,10,-4,4,Austria - Bundesliga,0.0,0.5,-4,0.5,0.75,0.0,2.0,11
Ried,8,6,2,0,18,3,15,20,Austria - 2. Liga,0.75,1.0,15,2.5,2.25,1.33,1.0,1
First Vienna,8,6,0,2,14,7,7,18,Austria - 2. Liga,0.75,0.75,7,2.25,1.75,1.33,1.33,2
Admira Wacker,8,5,2,1,17,9,8,17,Austria - 2. Liga,0.62,0.88,8,2.12,2.12,1.61,1.14,3
St. Polten,8,5,1,2,20,11,9,16,Austria - 2. Liga,0.62,0.75,9,2.0,2.5,1.61,1.33,4
Kapfenberger,8,5,1,2,21,14,7,16,Austria - 2. Liga,0.62,0.75,7,2.0,2.62,1.61,1.33,4
Stripfing,8,4,2,2,13,10,3,14,Austria - 2. Liga,0.5,0.75,3,1.75,1.62,2.0,1.33,5
Liefering,8,4,1,3,17,12,5,13,Austria - 2. Liga,0.5,0.62,5,1.62,2.12,2.0,1.61,6
Sturm Graz B,8,4,1,3,11,10,1,13,Austria - 2. Liga,0.5,0.62,1,1.62,1.38,2.0,1.61,6
Floridsdorfer,8,3,3,2,7,8,-1,12,Austria - 2. Liga,0.38,0.75,-1,1.5,0.88,2.63,1.33,7
Bregenz,8,4,0,4,13,16,-3,12,Austria - 2. Liga,0.5,0.5,-3,1.5,1.62,2.0,2.0,7
SV Horn,8,3,2,3,10,9,1,11,Austria - 2. Liga,0.38,0.62,1,1.38,1.25,2.63,1.61,8
Voitsberg,8,3,2,3,9,8,1,11,Austria - 2. Liga,0.38,0.62,1,1.38,1.12,2.63,1.61,8
Rapid Wien B,8,3,1,4,9,13,-4,10,Austria - 2. Liga,0.38,0.5,-4,1.25,1.12,2.63,2.0,9
Amstetten,8,2,3,3,11,11,0,9,Austria - 2. Liga,0.25,0.62,0,1.12,1.38,4.0,1.61,10
Lafnitz,8,2,3,3,15,18,-3,9,Austria - 2. Liga,0.25,0.62,-3,1.12,1.88,4.0,1.61,10
A. Lustenau,8,2,1,5,6,9,-3,7,Austria - 2. Liga,0.25,0.38,-3,0.88,0.75,4.0,2.63,11
Zira,8,7,0,1,15,5,10,21,Azerbaijan - Premier League,0.88,0.88,10,2.62,1.88,1.14,1.14,1
Qarabag,8,6,1,1,18,5,13,19,Azerbaijan - Premier League,0.75,0.88,13,2.38,2.25,1.33,1.14,2
Kapaz,8,3,4,1,11,7,4,13,Azerbaijan - Premier League,0.38,0.88,4,1.62,1.38,2.63,1.14,3
Shamakhi,8,4,1,3,9,8,1,13,Azerbaijan - Premier League,0.5,0.62,1,1.62,1.12,2.0,1.61,3
Sabah,8,2,5,1,10,9,1,11,Azerbaijan - Premier League,0.25,0.88,1,1.38,1.25,4.0,1.14,4
Araz,8,2,5,1,8,7,1,11,Azerbaijan - Premier League,0.25,0.88,1,1.38,1.0,4.0,1.14,4
Neftci,8,2,4,2,9,10,-1,10,Azerbaijan - Premier League,0.25,0.75,-1,1.25,1.12,4.0,1.33,5
Turan,8,2,3,3,8,12,-4,9,Azerbaijan - Premier League,0.25,0.62,-4,1.12,1.0,4.0,1.61,6
Sumqayit,8,1,3,4,9,14,-5,6,Azerbaijan - Premier League,0.12,0.5,-5,0.75,1.12,8.33,2.0,7
Sebail,8,1,3,4,4,10,-6,6,Azerbaijan - Premier League,0.12,0.5,-6,0.75,0.5,8.33,2.0,7
Al-Muharraq,8,8,0,0,27,5,22,24,Bahrain - Premier League,1.0,1.0,22,3.0,3.38,1.0,1.0,1
Khalidiya,8,6,0,2,16,8,8,18,Bahrain - Premier League,0.75,0.75,8,2.25,2.0,1.33,1.33,2
Al Riffa,8,4,1,3,15,10,5,13,Bahrain - Premier League,0.5,0.62,5,1.62,1.88,2.0,1.61,3
Al Ahli M.,8,4,1,3,15,12,3,13,Bahrain - Premier League,0.5,0.62,3,1.62,1.88,2.0,1.61,3
Sitra,8,2,4,2,10,8,2,10,Bahrain - Premier League,0.25,0.75,2,1.25,1.25,4.0,1.33,4
Al-Najma,8,2,3,3,11,10,1,9,Bahrain - Premier League,0.25,0.62,1,1.12,1.38,4.0,1.61,5
Malkiya,8,1,6,1,5,5,0,9,Bahrain - Premier League,0.12,0.88,0,1.12,0.62,8.33,1.14,5
East Riffa,8,2,3,3,10,14,-4,9,Bahrain - Premier League,0.25,0.62,-4,1.12,1.25,4.0,1.61,5
AAli FC,8,2,2,4,9,13,-4,8,Bahrain - Premier League,0.25,0.5,-4,1.0,1.12,4.0,2.0,6
Bahrain SC,8,1,3,4,10,15,-5,6,Bahrain - Premier League,0.12,0.5,-5,0.75,1.25,8.33,2.0,7
Al Shabbab,8,1,3,4,7,12,-5,6,Bahrain - Premier League,0.12,0.5,-5,0.75,0.88,8.33,2.0,7
Manama,8,1,3,4,5,15,-10,6,Bahrain - Premier League,0.12,0.5,-10,0.75,0.62,8.33,2.0,7
Mohammedan,6,5,0,1,9,2,7,15,Bangladesh - Premier League,0.83,0.83,7,2.5,1.5,1.2,1.2,1
Bashundhara K.,6,4,1,1,19,5,14,13,Bangladesh - Premier League,0.67,0.83,14,2.17,3.17,1.49,1.2,2
Abahani,5,4,1,0,10,1,9,13,Bangladesh - Premier League,0.8,1.0,9,2.6,2.0,1.25,1.0,2
Rahmatgonj,7,4,1,2,15,7,8,13,Bangladesh - Premier League,0.57,0.71,8,1.86,2.14,1.75,1.41,2
B. Police,7,4,1,2,10,11,-1,13,Bangladesh - Premier League,0.57,0.71,-1,1.86,1.43,1.75,1.41,2
Fortis,7,2,5,0,8,5,3,11,Bangladesh - Premier League,0.29,1.0,3,1.57,1.14,3.45,1.0,3
Brothers Union,7,3,2,2,7,4,3,11,Bangladesh - Premier League,0.43,0.71,3,1.57,1.0,2.33,1.41,3
Fakirerpool,6,2,0,4,8,17,-9,6,Bangladesh - Premier League,0.33,0.33,-9,1.0,1.33,3.03,3.03,4
Dhaka Wanderers,7,2,0,5,4,23,-19,6,Bangladesh - Premier League,0.29,0.29,-19,0.86,0.57,3.45,3.45,4
Chittagong,7,1,0,6,2,17,-15,3,Bangladesh - Premier League,0.14,0.14,-15,0.43,0.29,7.14,7.14,5
Dinamo Minsk,4,4,0,0,9,3,6,12,Belarus - Vysshaya Liga,1.0,1.0,6,3.0,2.25,1.0,1.0,1
FC Minsk,4,3,0,1,7,5,2,9,Belarus - Vysshaya Liga,0.75,0.75,2,2.25,1.75,1.33,1.33,2
Isloch,4,2,2,0,10,3,7,8,Belarus - Vysshaya Liga,0.5,1.0,7,2.0,2.5,2.0,1.0,3
Slavia Mozyr,3,2,1,0,8,2,6,7,Belarus - Vysshaya Liga,0.67,1.0,6,2.33,2.67,1.49,1.0,4
Vitebsk,4,2,1,1,7,4,3,7,Belarus - Vysshaya Liga,0.5,0.75,3,1.75,1.75,2.0,1.33,4
Maxline,3,2,1,0,6,3,3,7,Belarus - Vysshaya Liga,0.67,1.0,3,2.33,2.0,1.49,1.0,4
Dinamo Brest,4,2,1,1,5,3,2,7,Belarus - Vysshaya Liga,0.5,0.75,2,1.75,1.25,2.0,1.33,4
Neman Grodno,4,2,0,2,5,3,2,6,Belarus - Vysshaya Liga,0.5,0.5,2,1.5,1.25,2.0,2.0,5
T. Zhodino,3,1,2,0,3,2,1,5,Belarus - Vysshaya Liga,0.33,1.0,1,1.67,1.0,3.03,1.0,6
BATE Borisov,3,1,1,1,2,1,1,4,Belarus - Vysshaya Liga,0.33,0.67,1,1.33,0.67,3.03,1.49,7
Naftan,3,1,1,1,5,6,-1,4,Belarus - Vysshaya Liga,0.33,0.67,-1,1.33,1.67,3.03,1.49,7
Slutsk,5,1,1,3,4,5,-1,4,Belarus - Vysshaya Liga,0.2,0.4,-1,0.8,0.8,5.0,2.5,7
Gomel,3,0,2,1,1,2,-1,2,Belarus - Vysshaya Liga,0.0,0.67,-1,0.67,0.33,0.0,1.49,8
Arsenal D.,4,0,2,2,2,6,-4,2,Belarus - Vysshaya Liga,0.0,0.5,-4,0.5,0.5,0.0,2.0,8
Smorgon,1,0,0,1,0,1,-1,0,Belarus - Vysshaya Liga,0.0,0.0,-1,0.0,0.0,0.0,0.0,9
Molodechno,3,0,0,3,0,7,-7,0,Belarus - Vysshaya Liga,0.0,0.0,-7,0.0,0.0,0.0,0.0,9
BATE B,5,3,2,0,17,6,11,11,Belarus - First League,0.6,1.0,11,2.2,3.4,1.67,1.0,1
Dnepr Mogilev,3,3,0,0,8,3,5,9,Belarus - First League,1.0,1.0,5,3.0,2.67,1.0,1.0,2
ABFF U19,4,3,0,1,6,4,2,9,Belarus - First League,0.75,0.75,2,2.25,1.5,1.33,1.33,2
Dinamo Minsk B,5,2,2,1,6,4,2,8,Belarus - First League,0.4,0.8,2,1.6,1.2,2.5,1.25,3
Volna Pinsk,3,2,1,0,7,4,3,7,Belarus - First League,0.67,1.0,3,2.33,2.33,1.49,1.0,4
Ostrovets,3,2,0,1,6,4,2,6,Belarus - First League,0.67,0.67,2,2.0,2.0,1.49,1.49,5
Niva,4,1,3,0,8,7,1,6,Belarus - First League,0.25,1.0,1,1.5,2.0,4.0,1.0,5
Belshina,2,1,1,0,6,4,2,4,Belarus - First League,0.5,1.0,2,2.0,3.0,2.0,1.0,6
Lokomotiv Gomel,2,1,1,0,4,3,1,4,Belarus - First League,0.5,1.0,1,2.0,2.0,2.0,1.0,6
Osipovichy,3,1,1,1,5,5,0,4,Belarus - First League,0.33,0.67,0,1.33,1.67,3.03,1.49,6
Slonim,3,1,1,1,2,3,-1,4,Belarus - First League,0.33,0.67,-1,1.33,0.67,3.03,1.49,6
Lida,2,1,0,1,5,3,2,3,Belarus - First League,0.5,0.5,2,1.5,2.5,2.0,2.0,7
Gomel B,3,0,3,0,5,5,0,3,Belarus - First League,0.0,1.0,0,1.0,1.67,0.0,1.0,7
Uni X L. Minsk,2,1,0,1,3,4,-1,3,Belarus - First League,0.5,0.5,-1,1.5,1.5,2.0,2.0,7
Bumprom,3,0,2,1,3,4,-1,2,Belarus - First League,0.0,0.67,-1,0.67,1.0,0.0,1.49,8
Baranovichi,2,0,1,1,2,3,-1,1,Belarus - First League,0.0,0.5,-1,0.5,1.0,0.0,2.0,9
Orsha,2,0,1,1,4,6,-2,1,Belarus - First League,0.0,0.5,-2,0.5,2.0,0.0,2.0,9
Minsk B,4,0,0,4,2,7,-5,0,Belarus - First League,0.0,0.0,-5,0.0,0.5,0.0,0.0,10
KRC Genk,8,7,1,0,15,4,11,22,Belgium - Pro League,0.88,1.0,11,2.75,1.88,1.14,1.0,1
Club Brugge,8,6,1,1,21,11,10,19,Belgium - Pro League,0.75,0.88,10,2.38,2.62,1.33,1.14,2
Royale Union SG,8,6,1,1,17,7,10,19,Belgium - Pro League,0.75,0.88,10,2.38,2.12,1.33,1.14,2
OH Leuven,8,5,3,0,10,4,6,18,Belgium - Pro League,0.62,1.0,6,2.25,1.25,1.61,1.0,3
Anderlecht,8,5,0,3,19,10,9,15,Belgium - Pro League,0.62,0.62,9,1.88,2.38,1.61,1.61,4
Gent,8,3,3,2,11,10,1,12,Belgium - Pro League,0.38,0.75,1,1.5,1.38,2.63,1.33,5
Antwerp,8,3,3,2,13,13,0,12,Belgium - Pro League,0.38,0.75,0,1.5,1.62,2.63,1.33,5
Westerlo,8,3,2,3,16,12,4,11,Belgium - Pro League,0.38,0.62,4,1.38,2.0,2.63,1.61,6
Standard Liege,8,3,2,3,5,6,-1,11,Belgium - Pro League,0.38,0.62,-1,1.38,0.62,2.63,1.61,6
KV Mechelen,8,2,4,2,12,10,2,10,Belgium - Pro League,0.25,0.75,2,1.25,1.5,4.0,1.33,7
Sint-Truiden,8,2,4,2,13,12,1,10,Belgium - Pro League,0.25,0.75,1,1.25,1.62,4.0,1.33,7
Beerschot,8,2,4,2,9,12,-3,10,Belgium - Pro League,0.25,0.75,-3,1.25,1.12,4.0,1.33,7
Cercle Brugge,8,2,4,2,5,10,-5,10,Belgium - Pro League,0.25,0.75,-5,1.25,0.62,4.0,1.33,7
Charleroi,8,2,3,3,11,8,3,9,Belgium - Pro League,0.25,0.62,3,1.12,1.38,4.0,1.61,8
Dender,8,2,3,3,5,7,-2,9,Belgium - Pro League,0.25,0.62,-2,1.12,0.62,4.0,1.61,8
Kortrijk,8,2,1,5,8,12,-4,7,Belgium - Pro League,0.25,0.38,-4,0.88,1.0,4.0,2.63,9
Zulte-Waregem,8,7,0,1,23,9,14,21,Belgium - Challenger Pro League,0.88,0.88,14,2.62,2.88,1.14,1.14,1
RWDM,8,7,0,1,10,2,8,21,Belgium - Challenger Pro League,0.88,0.88,8,2.62,1.25,1.14,1.14,1
La Louviere,8,5,3,0,14,6,8,18,Belgium - Challenger Pro League,0.62,1.0,8,2.25,1.75,1.61,1.0,2
Beveren,8,4,3,1,12,7,5,15,Belgium - Challenger Pro League,0.5,0.88,5,1.88,1.5,2.0,1.14,3
Club Brugge B,8,5,0,3,12,7,5,15,Belgium - Challenger Pro League,0.62,0.62,5,1.88,1.5,1.61,1.61,3
Patro Eisden,8,4,2,2,15,8,7,14,Belgium - Challenger Pro League,0.5,0.75,7,1.75,1.88,2.0,1.33,4
Lierse K.,8,4,2,2,8,6,2,14,Belgium - Challenger Pro League,0.5,0.75,2,1.75,1.0,2.0,1.33,4
Lokeren-Temse,8,4,2,2,8,9,-1,14,Belgium - Challenger Pro League,0.5,0.75,-1,1.75,1.0,2.0,1.33,4
Eupen,8,4,1,3,12,11,1,13,Belgium - Challenger Pro League,0.5,0.62,1,1.62,1.5,2.0,1.61,5
RFC Liege,8,3,3,2,11,9,2,12,Belgium - Challenger Pro League,0.38,0.75,2,1.5,1.38,2.63,1.33,6
Francs Borains,8,3,2,3,12,14,-2,11,Belgium - Challenger Pro League,0.38,0.62,-2,1.38,1.5,2.63,1.61,7
Anderlecht B,8,2,2,4,15,16,-1,8,Belgium - Challenger Pro League,0.25,0.5,-1,1.0,1.88,4.0,2.0,8
Lommel SK,8,1,1,6,7,13,-6,4,Belgium - Challenger Pro League,0.12,0.25,-6,0.5,0.88,8.33,4.0,9
KRC Genk B,8,0,3,5,10,17,-7,3,Belgium - Challenger Pro League,0.0,0.38,-7,0.38,1.25,0.0,2.63,10
Seraing,8,0,3,5,7,17,-10,3,Belgium - Challenger Pro League,0.0,0.38,-10,0.38,0.88,0.0,2.63,10
Deinze,0,0,0,0,0,0,0,0,Belgium - Challenger Pro League,0.0,0.0,0,0.0,0.0,0.0,0.0,11
Bolivar,3,3,0,0,13,3,10,9,Bolivia - Primera Div. - Apertura,1.0,1.0,10,3.0,4.33,1.0,1.0,1
Blooming,3,3,0,0,11,3,8,9,Bolivia - Primera Div. - Apertura,1.0,1.0,8,3.0,3.67,1.0,1.0,1
The Strongest,3,3,0,0,10,3,7,9,Bolivia - Primera Div. - Apertura,1.0,1.0,7,3.0,3.33,1.0,1.0,1
Aurora,3,2,1,0,9,3,6,7,Bolivia - Primera Div. - Apertura,0.67,1.0,6,2.33,3.0,1.49,1.0,2
SA Bulo Bulo,3,2,1,0,8,4,4,7,Bolivia - Primera Div. - Apertura,0.67,1.0,4,2.33,2.67,1.49,1.0,2
Always Ready,2,2,0,0,4,1,3,6,Bolivia - Primera Div. - Apertura,1.0,1.0,3,3.0,2.0,1.0,1.0,3
Guabira,3,2,0,1,8,6,2,6,Bolivia - Primera Div. - Apertura,0.67,0.67,2,2.0,2.67,1.49,1.49,3
Real Tomayapo,3,1,2,0,3,2,1,5,Bolivia - Primera Div. - Apertura,0.33,1.0,1,1.67,1.0,3.03,1.0,4
Real Oruro,3,1,1,1,3,2,1,4,Bolivia - Primera Div. - Apertura,0.33,0.67,1,1.33,1.0,3.03,1.49,5
ABB,3,1,1,1,2,3,-1,4,Bolivia - Primera Div. - Apertura,0.33,0.67,-1,1.33,0.67,3.03,1.49,5
GV San Jose,3,1,1,1,4,6,-2,4,Bolivia - Primera Div. - Apertura,0.33,0.67,-2,1.33,1.33,3.03,1.49,5
Nacional Potosi,3,1,0,2,4,3,1,3,Bolivia - Primera Div. - Apertura,0.33,0.33,1,1.0,1.33,3.03,3.03,6
U. de Vinto,3,1,0,2,5,11,-6,3,Bolivia - Primera Div. - Apertura,0.33,0.33,-6,1.0,1.67,3.03,3.03,6
Oriente P.,3,0,2,1,2,3,-1,2,Bolivia - Primera Div. - Apertura,0.0,0.67,-1,0.67,0.67,0.0,1.49,7
I. Petrolero,3,0,2,1,1,3,-2,2,Bolivia - Primera Div. - Apertura,0.0,0.67,-2,0.67,0.33,0.0,1.49,7
Wilstermann,3,0,0,3,2,9,-7,0,Bolivia - Primera Div. - Apertura,0.0,0.0,-7,0.0,0.67,0.0,0.0,8
Gualberto V. SJ,8,7,1,0,31,6,25,22,Bolivia - Primera Div. - Clausura,0.88,1.0,25,2.75,3.88,1.14,1.0,1
The Strongest,8,7,1,0,27,6,21,22,Bolivia - Primera Div. - Clausura,0.88,1.0,21,2.75,3.38,1.14,1.0,1
Bolivar,8,6,1,1,25,8,17,19,Bolivia - Primera Div. - Clausura,0.75,0.88,17,2.38,3.12,1.33,1.14,2
Nacional Potosi,8,5,1,2,17,8,9,16,Bolivia - Primera Div. - Clausura,0.62,0.75,9,2.0,2.12,1.61,1.33,3
Aurora,8,5,1,2,15,8,7,16,Bolivia - Primera Div. - Clausura,0.62,0.75,7,2.0,1.88,1.61,1.33,3
Real Tomayapo,8,5,1,2,12,8,4,16,Bolivia - Primera Div. - Clausura,0.62,0.75,4,2.0,1.5,1.61,1.33,3
Always Ready,8,4,2,2,15,11,4,14,Bolivia - Primera Div. - Clausura,0.5,0.75,4,1.75,1.88,2.0,1.33,4
Wilstermann,8,3,4,1,15,11,4,13,Bolivia - Primera Div. - Clausura,0.38,0.88,4,1.62,1.88,2.63,1.14,5
Blooming,8,3,4,1,11,7,4,13,Bolivia - Primera Div. - Clausura,0.38,0.88,4,1.62,1.38,2.63,1.14,5
Oriente P.,8,4,1,3,18,15,3,13,Bolivia - Primera Div. - Clausura,0.5,0.62,3,1.62,2.25,2.0,1.61,5
Guabira,8,4,1,3,11,9,2,13,Bolivia - Primera Div. - Clausura,0.5,0.62,2,1.62,1.38,2.0,1.61,5
Royal Pari,8,4,1,3,9,7,2,13,Bolivia - Primera Div. - Clausura,0.5,0.62,2,1.62,1.12,2.0,1.61,5
I. Petrolero,8,3,2,3,17,18,-1,11,Bolivia - Primera Div. - Clausura,0.38,0.62,-1,1.38,2.12,2.63,1.61,6
U. de Vinto,8,3,1,4,11,12,-1,10,Bolivia - Primera Div. - Clausura,0.38,0.5,-1,1.25,1.38,2.63,2.0,7
SA Bulo Bulo,8,1,2,5,15,19,-4,5,Bolivia - Primera Div. - Clausura,0.12,0.38,-4,0.62,1.88,8.33,2.63,8
Santa Cruz,8,1,1,6,7,17,-10,4,Bolivia - Primera Div. - Clausura,0.12,0.25,-10,0.5,0.88,8.33,4.0,9
Cruzeiro,4,4,0,0,8,2,6,12,Brazil - Serie A,1.0,1.0,6,3.0,2.0,1.0,1.0,1
Ceara,4,3,1,0,6,2,4,10,Brazil - Serie A,0.75,1.0,4,2.5,1.5,1.33,1.0,2
Fluminense,4,3,1,0,6,3,3,10,Brazil - Serie A,0.75,1.0,3,2.5,1.5,1.33,1.0,2
Bragantino,4,3,1,0,5,2,3,10,Brazil - Serie A,0.75,1.0,3,2.5,1.25,1.33,1.0,2
Corinthians,4,3,0,1,9,5,4,9,Brazil - Serie A,0.75,0.75,4,2.25,2.25,1.33,1.33,3
Bahia,4,2,2,0,4,2,2,8,Brazil - Serie A,0.5,1.0,2,2.0,1.0,2.0,1.0,4
Flamengo,3,2,1,0,11,1,10,7,Brazil - Serie A,0.67,1.0,10,2.33,3.67,1.49,1.0,5
Botafogo,3,2,1,0,6,2,4,7,Brazil - Serie A,0.67,1.0,4,2.33,2.0,1.49,1.0,5
Juventude,4,2,1,1,6,4,2,7,Brazil - Serie A,0.5,0.75,2,1.75,1.5,2.0,1.33,5
Vasco da Gama,4,2,1,1,5,3,2,7,Brazil - Serie A,0.5,0.75,2,1.75,1.25,2.0,1.33,5
Gremio,4,2,1,1,4,4,0,7,Brazil - Serie A,0.5,0.75,0,1.75,1.0,2.0,1.33,5
Internacional,3,2,0,1,6,2,4,6,Brazil - Serie A,0.67,0.67,4,2.0,2.0,1.49,1.49,6
Sao Paulo,4,1,3,0,3,2,1,6,Brazil - Serie A,0.25,1.0,1,1.5,0.75,4.0,1.0,6
Mirassol,3,1,2,0,7,4,3,5,Brazil - Serie A,0.33,1.0,3,1.67,2.33,3.03,1.0,7
Atletico MG,3,1,2,0,3,2,1,5,Brazil - Serie A,0.33,1.0,1,1.67,1.0,3.03,1.0,7
Santos,3,1,1,1,5,4,1,4,Brazil - Serie A,0.33,0.67,1,1.33,1.67,3.03,1.49,8
Fortaleza,3,1,1,1,3,2,1,4,Brazil - Serie A,0.33,0.67,1,1.33,1.0,3.03,1.49,8
Palmeiras,3,1,1,1,2,1,1,4,Brazil - Serie A,0.33,0.67,1,1.33,0.67,3.03,1.49,8
Vitoria,3,1,1,1,4,4,0,4,Brazil - Serie A,0.33,0.67,0,1.33,1.33,3.03,1.49,8
Sport Recife,3,0,1,2,1,3,-2,1,Brazil - Serie A,0.0,0.33,-2,0.33,0.33,0.0,3.03,9
America MG,3,3,0,0,5,1,4,9,Brazil - Serie B,1.0,1.0,4,3.0,1.67,1.0,1.0,1
Remo,3,3,0,0,4,0,4,9,Brazil - Serie B,1.0,1.0,4,3.0,1.33,1.0,1.0,1
Vila Nova,3,3,0,0,4,0,4,9,Brazil - Serie B,1.0,1.0,4,3.0,1.33,1.0,1.0,1
Avai,3,2,1,0,5,1,4,7,Brazil - Serie B,0.67,1.0,4,2.33,1.67,1.49,1.0,2
Atletico GO,3,2,1,0,6,3,3,7,Brazil - Serie B,0.67,1.0,3,2.33,2.0,1.49,1.0,2
Ferroviaria,3,2,1,0,5,2,3,7,Brazil - Serie B,0.67,1.0,3,2.33,1.67,1.49,1.0,2
Coritiba,3,2,1,0,3,0,3,7,Brazil - Serie B,0.67,1.0,3,2.33,1.0,1.49,1.0,2
Cuiaba,3,2,1,0,5,3,2,7,Brazil - Serie B,0.67,1.0,2,2.33,1.67,1.49,1.0,2
Goias,3,2,1,0,5,3,2,7,Brazil - Serie B,0.67,1.0,2,2.33,1.67,1.49,1.0,2
Novorizontino,3,2,1,0,4,2,2,7,Brazil - Serie B,0.67,1.0,2,2.33,1.33,1.49,1.0,2
CRB,3,2,1,0,3,1,2,7,Brazil - Serie B,0.67,1.0,2,2.33,1.0,1.49,1.0,2
Athletico PR,4,2,1,1,6,6,0,7,Brazil - Serie B,0.5,0.75,0,1.75,1.5,2.0,1.33,2
Chapecoense,3,2,0,1,4,3,1,6,Brazil - Serie B,0.67,0.67,1,2.0,1.33,1.49,1.49,3
Criciuma,3,1,1,1,6,3,3,4,Brazil - Serie B,0.33,0.67,3,1.33,2.0,3.03,1.49,4
Operario PR,3,1,1,1,2,2,0,4,Brazil - Serie B,0.33,0.67,0,1.33,0.67,3.03,1.49,4
Volta Redonda,3,1,1,1,1,1,0,4,Brazil - Serie B,0.33,0.67,0,1.33,0.33,3.03,1.49,4
Athletic Club,3,1,0,2,3,4,-1,3,Brazil - Serie B,0.33,0.33,-1,1.0,1.0,3.03,3.03,5
Botafogo SP,3,0,2,1,3,4,-1,2,Brazil - Serie B,0.0,0.67,-1,0.67,1.0,0.0,1.49,6
Amazonas,3,0,2,1,1,3,-2,2,Brazil - Serie B,0.0,0.67,-2,0.67,0.33,0.0,1.49,6
Paysandu,3,0,1,2,2,5,-3,1,Brazil - Serie B,0.0,0.33,-3,0.33,0.67,0.0,3.03,7
Tombense,2,2,0,0,5,2,3,6,Brazil - Serie C,1.0,1.0,3,3.0,2.5,1.0,1.0,1
Caxias,2,2,0,0,3,0,3,6,Brazil - Serie C,1.0,1.0,3,3.0,1.5,1.0,1.0,1
Ponte Preta,2,2,0,0,3,0,3,6,Brazil - Serie C,1.0,1.0,3,3.0,1.5,1.0,1.0,1
Maringa,2,2,0,0,4,2,2,6,Brazil - Serie C,1.0,1.0,2,3.0,2.0,1.0,1.0,1
Ypiranga,2,2,0,0,4,2,2,6,Brazil - Serie C,1.0,1.0,2,3.0,2.0,1.0,1.0,1
Brusque,2,2,0,0,2,0,2,6,Brazil - Serie C,1.0,1.0,2,3.0,1.0,1.0,1.0,1
Botafogo PB,2,1,1,0,3,0,3,4,Brazil - Serie C,0.5,1.0,3,2.0,1.5,2.0,1.0,2
Londrina,2,1,1,0,4,2,2,4,Brazil - Serie C,0.5,1.0,2,2.0,2.0,2.0,1.0,2
Ituano,2,1,1,0,3,1,2,4,Brazil - Serie C,0.5,1.0,2,2.0,1.5,2.0,1.0,2
CSA,2,1,1,0,3,2,1,4,Brazil - Serie C,0.5,1.0,1,2.0,1.5,2.0,1.0,2
Retro,2,1,1,0,2,1,1,4,Brazil - Serie C,0.5,1.0,1,2.0,1.0,2.0,1.0,2
Guarani,2,1,0,1,4,4,0,3,Brazil - Serie C,0.5,0.5,0,1.5,2.0,2.0,2.0,3
Confianca,2,1,0,1,3,3,0,3,Brazil - Serie C,0.5,0.5,0,1.5,1.5,2.0,2.0,3
Itabaiana,2,1,0,1,2,2,0,3,Brazil - Serie C,0.5,0.5,0,1.5,1.0,2.0,2.0,3
Floresta,2,1,0,1,1,2,-1,3,Brazil - Serie C,0.5,0.5,-1,1.5,0.5,2.0,2.0,3
Sao Bernardo,2,0,2,0,1,1,0,2,Brazil - Serie C,0.0,1.0,0,1.0,0.5,0.0,1.0,4
Nautico,2,0,2,0,0,0,0,2,Brazil - Serie C,0.0,1.0,0,1.0,0.0,0.0,1.0,4
ABC,2,0,1,1,3,4,-1,1,Brazil - Serie C,0.0,0.5,-1,0.5,1.5,0.0,2.0,5
Figueirense,2,0,1,1,3,4,-1,1,Brazil - Serie C,0.0,0.5,-1,0.5,1.5,0.0,2.0,5
Anapolis,2,0,1,1,0,1,-1,1,Brazil - Serie C,0.0,0.5,-1,0.5,0.0,0.0,2.0,5
Barra FC,2,2,0,0,5,1,4,6,Brazil - Serie D,1.0,1.0,4,3.0,2.5,1.0,1.0,1
Cianorte,2,2,0,0,4,0,4,6,Brazil - Serie D,1.0,1.0,4,3.0,2.0,1.0,1.0,1
Rio Branco ES,2,2,0,0,4,0,4,6,Brazil - Serie D,1.0,1.0,4,3.0,2.0,1.0,1.0,1
ASA,2,2,0,0,5,2,3,6,Brazil - Serie D,1.0,1.0,3,3.0,2.5,1.0,1.0,1
Ferroviario,2,2,0,0,4,1,3,6,Brazil - Serie D,1.0,1.0,3,3.0,2.0,1.0,1.0,1
Ceilandia,2,2,0,0,2,0,2,6,Brazil - Serie D,1.0,1.0,2,3.0,1.0,1.0,1.0,1
Jequie,2,2,0,0,2,0,2,6,Brazil - Serie D,1.0,1.0,2,3.0,1.0,1.0,1.0,1
Joinville,2,2,0,0,2,0,2,6,Brazil - Serie D,1.0,1.0,2,3.0,1.0,1.0,1.0,1
Manauara,2,1,1,0,4,1,3,4,Brazil - Serie D,0.5,1.0,3,2.0,2.0,2.0,1.0,2
Maranhao,2,1,1,0,4,1,3,4,Brazil - Serie D,0.5,1.0,3,2.0,2.0,2.0,1.0,2
CFRJ . Marica,2,1,1,0,3,1,2,4,Brazil - Serie D,0.5,1.0,2,2.0,1.5,2.0,1.0,2
Boavista,2,1,1,0,3,2,1,4,Brazil - Serie D,0.5,1.0,1,2.0,1.5,2.0,1.0,2
Aguia de Maraba,2,1,1,0,2,1,1,4,Brazil - Serie D,0.5,1.0,1,2.0,1.0,2.0,1.0,2
Inter Limeira,2,1,1,0,2,1,1,4,Brazil - Serie D,0.5,1.0,1,2.0,1.0,2.0,1.0,2
Maracana,2,1,1,0,1,0,1,4,Brazil - Serie D,0.5,1.0,1,2.0,0.5,2.0,1.0,2
Santa C. Natal,2,1,1,0,1,0,1,4,Brazil - Serie D,0.5,1.0,1,2.0,0.5,2.0,1.0,2
America RN,1,1,0,0,4,0,4,3,Brazil - Serie D,1.0,1.0,4,3.0,4.0,1.0,1.0,3
Manaus,1,1,0,0,4,0,4,3,Brazil - Serie D,1.0,1.0,4,3.0,4.0,1.0,1.0,3
Santa Cruz,1,1,0,0,4,0,4,3,Brazil - Serie D,1.0,1.0,4,3.0,4.0,1.0,1.0,3
Tuna Luso,1,1,0,0,4,2,2,3,Brazil - Serie D,1.0,1.0,2,3.0,4.0,1.0,1.0,3
Goiania,2,1,0,1,2,1,1,3,Brazil - Serie D,0.5,0.5,1,1.5,1.0,2.0,2.0,3
Imperatriz,1,1,0,0,2,1,1,3,Brazil - Serie D,1.0,1.0,1,3.0,2.0,1.0,1.0,3
Portuguesa,1,1,0,0,2,1,1,3,Brazil - Serie D,1.0,1.0,1,3.0,2.0,1.0,1.0,3
Azuriz,1,1,0,0,1,0,1,3,Brazil - Serie D,1.0,1.0,1,3.0,1.0,1.0,1.0,3
Iguatu,1,1,0,0,1,0,1,3,Brazil - Serie D,1.0,1.0,1,3.0,1.0,1.0,1.0,3
Luverdense,1,1,0,0,1,0,1,3,Brazil - Serie D,1.0,1.0,1,3.0,1.0,1.0,1.0,3
Sampaio Correa,1,1,0,0,1,0,1,3,Brazil - Serie D,1.0,1.0,1,3.0,1.0,1.0,1.0,3
Agua Santa,2,1,0,1,4,4,0,3,Brazil - Serie D,0.5,0.5,0,1.5,2.0,2.0,2.0,3
Mixto,2,1,0,1,4,4,0,3,Brazil - Serie D,0.5,0.5,0,1.5,2.0,2.0,2.0,3
Flamengo,6,4,0,2,12,4,8,12,Brazil - Carioca,0.67,0.67,8,2.0,2.0,1.49,1.49,1
Vasco da Gama,6,3,2,1,10,5,5,11,Brazil - Carioca,0.5,0.83,5,1.83,1.67,2.0,1.2,2
Sampaio Correa,5,3,1,1,9,5,4,10,Brazil - Carioca,0.6,0.8,4,2.0,1.8,1.67,1.25,3
Fluminense,6,2,4,0,7,4,3,10,Brazil - Carioca,0.33,1.0,3,1.67,1.17,3.03,1.0,3
Volta Redonda,5,3,1,1,5,4,1,10,Brazil - Carioca,0.6,0.8,1,2.0,1.0,1.67,1.25,3
Botafogo,6,3,0,3,8,7,1,9,Brazil - Carioca,0.5,0.5,1,1.5,1.33,2.0,2.0,4
Nova Iguacu,6,2,3,1,5,4,1,9,Brazil - Carioca,0.33,0.83,1,1.5,0.83,3.03,1.2,4
Boavista,6,1,5,0,7,5,2,8,Brazil - Carioca,0.17,1.0,2,1.33,1.17,5.88,1.0,5
CFRJ . Marica,5,2,2,1,6,4,2,8,Brazil - Carioca,0.4,0.8,2,1.6,1.2,2.5,1.25,5
Madureira,5,2,2,1,4,2,2,8,Brazil - Carioca,0.4,0.8,2,1.6,0.8,2.5,1.25,5
Portuguesa RJ,5,2,0,3,6,11,-5,6,Brazil - Carioca,0.4,0.4,-5,1.2,1.2,2.5,2.5,6
Bangu,5,0,1,4,0,10,-10,1,Brazil - Carioca,0.0,0.2,-10,0.2,0.0,0.0,5.0,7
Tombense,4,3,1,0,4,1,3,10,Brazil - Mineiro,0.75,1.0,3,2.5,1.0,1.33,1.0,1
Athletic Club,4,3,0,1,11,6,5,9,Brazil - Mineiro,0.75,0.75,5,2.25,2.75,1.33,1.33,2
America MG,4,2,2,0,10,1,9,8,Brazil - Mineiro,0.5,1.0,9,2.0,2.5,2.0,1.0,3
Atletico MG,4,2,2,0,6,2,4,8,Brazil - Mineiro,0.5,1.0,4,2.0,1.5,2.0,1.0,3
Cruzeiro,4,2,1,1,5,4,1,7,Brazil - Mineiro,0.5,0.75,1,1.75,1.25,2.0,1.33,4
Uberlandia,4,1,2,1,6,4,2,5,Brazil - Mineiro,0.25,0.75,2,1.25,1.5,4.0,1.33,5
Betim,4,1,2,1,4,3,1,5,Brazil - Mineiro,0.25,0.75,1,1.25,1.0,4.0,1.33,5
Aymores,4,1,2,1,3,2,1,5,Brazil - Mineiro,0.25,0.75,1,1.25,0.75,4.0,1.33,5
Pouso Alegre,4,1,1,2,2,4,-2,4,Brazil - Mineiro,0.25,0.5,-2,1.0,0.5,4.0,2.0,6
Itabirito,4,1,1,2,2,5,-3,4,Brazil - Mineiro,0.25,0.5,-3,1.0,0.5,4.0,2.0,6
Democrata GV,4,1,0,3,4,7,-3,3,Brazil - Mineiro,0.25,0.25,-3,0.75,1.0,4.0,4.0,7
Villa Nova,4,0,0,4,1,8,-7,0,Brazil - Mineiro,0.0,0.0,-7,0.0,0.25,0.0,0.0,8
Anapolis,6,4,1,1,9,4,5,13,Brazil - Goiano,0.67,0.83,5,2.17,1.5,1.49,1.2,1
Vila Nova,6,3,3,0,3,0,3,12,Brazil - Goiano,0.5,1.0,3,2.0,0.5,2.0,1.0,2
Goias,6,3,2,1,7,3,4,11,Brazil - Goiano,0.5,0.83,4,1.83,1.17,2.0,1.2,3
Aparecidense,6,3,1,2,6,3,3,10,Brazil - Goiano,0.5,0.67,3,1.67,1.0,2.0,1.49,4
Jataiense,5,3,0,2,9,5,4,9,Brazil - Goiano,0.6,0.6,4,1.8,1.8,1.67,1.67,5
CRAC,5,2,3,0,6,3,3,9,Brazil - Goiano,0.4,1.0,3,1.8,1.2,2.5,1.0,5
ABECAT Ouvidore,5,3,0,2,6,4,2,9,Brazil - Goiano,0.6,0.6,2,1.8,1.2,1.67,1.67,5
Atletico GO,6,2,3,1,4,4,0,9,Brazil - Goiano,0.33,0.83,0,1.5,0.67,3.03,1.2,5
Inhumas,5,3,0,2,6,8,-2,9,Brazil - Goiano,0.6,0.6,-2,1.8,1.2,1.67,1.67,5
Goiania,6,2,1,3,6,8,-2,7,Brazil - Goiano,0.33,0.5,-2,1.17,1.0,3.03,2.0,6
Goianesia,5,1,3,1,7,5,2,6,Brazil - Goiano,0.2,0.8,2,1.2,1.4,5.0,1.25,7
Goiatuba EC,5,2,0,3,3,6,-3,6,Brazil - Goiano,0.4,0.4,-3,1.2,0.6,2.5,2.5,7
Santa Cruz,5,5,0,0,8,1,7,15,Brazil - Pernambucano,1.0,1.0,7,3.0,1.6,1.0,1.0,1
Nautico,5,4,1,0,12,4,8,13,Brazil - Pernambucano,0.8,1.0,8,2.6,2.4,1.25,1.0,2
Maguary PE,4,3,1,0,8,1,7,10,Brazil - Pernambucano,0.75,1.0,7,2.5,2.0,1.33,1.0,3
Jaguar,4,3,0,1,5,6,-1,9,Brazil - Pernambucano,0.75,0.75,-1,2.25,1.25,1.33,1.33,4
Sport Recife,5,2,2,1,12,5,7,8,Brazil - Pernambucano,0.4,0.8,7,1.6,2.4,2.5,1.25,5
Decisao,4,2,2,0,6,2,4,8,Brazil - Pernambucano,0.5,1.0,4,2.0,1.5,2.0,1.0,5
Retro,5,2,2,1,5,5,0,8,Brazil - Pernambucano,0.4,0.8,0,1.6,1.0,2.5,1.25,5
Central,5,2,1,2,6,5,1,7,Brazil - Pernambucano,0.4,0.6,1,1.4,1.2,2.5,1.67,6
Afogados,4,0,4,0,4,4,0,4,Brazil - Pernambucano,0.0,1.0,0,1.0,1.0,0.0,1.0,7
Petrolina,4,0,1,3,1,5,-4,1,Brazil - Pernambucano,0.0,0.25,-4,0.25,0.25,0.0,4.0,8
Corinthians,6,5,1,0,12,6,6,16,Brazil - Paulista,0.83,1.0,6,2.67,2.0,1.2,1.0,1
Santos,6,4,1,1,13,6,7,13,Brazil - Paulista,0.67,0.83,7,2.17,2.17,1.49,1.2,2
Bragantino,6,4,0,2,9,5,4,12,Brazil - Paulista,0.67,0.67,4,2.0,1.5,1.49,1.49,3
Sao Paulo,6,3,2,1,12,7,5,11,Brazil - Paulista,0.5,0.83,5,1.83,2.0,2.0,1.2,4
Guarani,6,3,2,1,10,5,5,11,Brazil - Paulista,0.5,0.83,5,1.83,1.67,2.0,1.2,4
Mirassol,6,3,1,2,15,9,6,10,Brazil - Paulista,0.5,0.67,6,1.67,2.5,2.0,1.49,5
Sao Bernardo,6,3,1,2,10,9,1,10,Brazil - Paulista,0.5,0.67,1,1.67,1.67,2.0,1.49,5
Velo Clube,6,3,1,2,7,7,0,10,Brazil - Paulista,0.5,0.67,0,1.67,1.17,2.0,1.49,5
Palmeiras,6,2,3,1,7,4,3,9,Brazil - Paulista,0.33,0.83,3,1.5,1.17,3.03,1.2,6
Portuguesa,6,2,3,1,11,9,2,9,Brazil - Paulista,0.33,0.83,2,1.5,1.83,3.03,1.2,6
Botafogo SP,6,2,2,2,4,4,0,8,Brazil - Paulista,0.33,0.67,0,1.33,0.67,3.03,1.49,7
Agua Santa,6,1,3,2,7,6,1,6,Brazil - Paulista,0.17,0.67,1,1.0,1.17,5.88,1.49,8
Novorizontino,6,1,3,2,4,5,-1,6,Brazil - Paulista,0.17,0.67,-1,1.0,0.67,5.88,1.49,8
Ponte Preta,6,1,3,2,3,4,-1,6,Brazil - Paulista,0.17,0.67,-1,1.0,0.5,5.88,1.49,8
Noroeste,6,0,4,2,7,9,-2,4,Brazil - Paulista,0.0,0.67,-2,0.67,1.17,0.0,1.49,9
Inter Limeira,6,0,3,3,3,10,-7,3,Brazil - Paulista,0.0,0.5,-7,0.5,0.5,0.0,2.0,10
Serra Branca,5,4,1,0,18,4,14,13,Brazil - Paraibano,0.8,1.0,14,2.6,3.6,1.25,1.0,1
Botafogo PB,5,4,1,0,15,4,11,13,Brazil - Paraibano,0.8,1.0,11,2.6,3.0,1.25,1.0,1
Sousa,5,4,0,1,9,2,7,12,Brazil - Paraibano,0.8,0.8,7,2.4,1.8,1.25,1.25,2
Treze,5,3,2,0,7,2,5,11,Brazil - Paraibano,0.6,1.0,5,2.2,1.4,1.67,1.0,3
Campinense,4,3,1,0,11,2,9,10,Brazil - Paraibano,0.75,1.0,9,2.5,2.75,1.33,1.0,4
Nacional Patos,4,2,1,1,8,8,0,7,Brazil - Paraibano,0.5,0.75,0,1.75,2.0,2.0,1.33,5
Pombal,4,1,2,1,3,5,-2,5,Brazil - Paraibano,0.25,0.75,-2,1.25,0.75,4.0,1.33,6
Auto Esporte,4,0,2,2,3,5,-2,2,Brazil - Paraibano,0.0,0.5,-2,0.5,0.75,0.0,2.0,7
EC de Patos,4,0,1,3,3,8,-5,1,Brazil - Paraibano,0.0,0.25,-5,0.25,0.75,0.0,4.0,8
Picuiense,5,0,0,5,3,16,-13,0,Brazil - Paraibano,0.0,0.0,-13,0.0,0.6,0.0,0.0,9
Santa Catarina,5,4,1,0,11,4,7,13,Brazil - Catarinense,0.8,1.0,7,2.6,2.2,1.25,1.0,1
Avai,6,4,0,2,10,5,5,12,Brazil - Catarinense,0.67,0.67,5,2.0,1.67,1.49,1.49,2
Marcilio Dias,6,3,3,0,6,2,4,12,Brazil - Catarinense,0.5,1.0,4,2.0,1.0,2.0,1.0,2
Brusque,6,3,2,1,8,4,4,11,Brazil - Catarinense,0.5,0.83,4,1.83,1.33,2.0,1.2,3
Figueirense,6,3,1,2,15,10,5,10,Brazil - Catarinense,0.5,0.67,5,1.67,2.5,2.0,1.49,4
Barra FC,6,2,4,0,6,4,2,10,Brazil - Catarinense,0.33,1.0,2,1.67,1.0,3.03,1.0,4
Concordia,5,3,1,1,6,5,1,10,Brazil - Catarinense,0.6,0.8,1,2.0,1.2,1.67,1.25,4
Criciuma,6,2,3,1,8,4,4,9,Brazil - Catarinense,0.33,0.83,4,1.5,1.33,3.03,1.2,5
Joinville,5,2,3,0,8,6,2,9,Brazil - Catarinense,0.4,1.0,2,1.8,1.6,2.5,1.0,5
Chapecoense,5,1,4,0,3,2,1,7,Brazil - Catarinense,0.2,1.0,1,1.4,0.6,5.0,1.0,6
Caravaggio,5,1,2,2,2,3,-1,5,Brazil - Catarinense,0.2,0.6,-1,1.0,0.4,5.0,1.67,7
Hercilio Luz,5,1,1,3,4,8,-4,4,Brazil - Catarinense,0.2,0.4,-4,0.8,0.8,5.0,2.5,8
Internacional,4,4,0,0,8,0,8,12,Brazil - Gaucho,1.0,1.0,8,3.0,2.0,1.0,1.0,1
Juventude,4,4,0,0,8,1,7,12,Brazil - Gaucho,1.0,1.0,7,3.0,2.0,1.0,1.0,1
Gremio,4,3,1,0,15,1,14,10,Brazil - Gaucho,0.75,1.0,14,2.5,3.75,1.33,1.0,2
Caxias,4,2,1,1,6,5,1,7,Brazil - Gaucho,0.5,0.75,1,1.75,1.5,2.0,1.33,3
Ypiranga,4,2,1,1,4,3,1,7,Brazil - Gaucho,0.5,0.75,1,1.75,1.0,2.0,1.33,3
Guarany de Bage,4,1,2,1,3,3,0,5,Brazil - Gaucho,0.25,0.75,0,1.25,0.75,4.0,1.33,4
Brasil de P.,4,1,2,1,2,2,0,5,Brazil - Gaucho,0.25,0.75,0,1.25,0.5,4.0,1.33,4
Sao Luiz,4,1,2,1,5,6,-1,5,Brazil - Gaucho,0.25,0.75,-1,1.25,1.25,4.0,1.33,4
Pelotas,4,1,1,2,4,5,-1,4,Brazil - Gaucho,0.25,0.5,-1,1.0,1.0,4.0,2.0,5
Avenida,4,0,3,1,2,3,-1,3,Brazil - Gaucho,0.0,0.75,-1,0.75,0.5,0.0,1.33,6
EC Sao Jose,4,0,3,1,2,4,-2,3,Brazil - Gaucho,0.0,0.75,-2,0.75,0.5,0.0,1.33,6
Monsoon,4,1,0,3,3,8,-5,3,Brazil - Gaucho,0.25,0.25,-5,0.75,0.75,4.0,4.0,6
Ludogorets,8,6,2,0,16,3,13,20,Bulgaria - Parva Liga,0.75,1.0,13,2.5,2.0,1.33,1.0,1
CSKA Sofia,8,4,4,0,15,8,7,16,Bulgaria - Parva Liga,0.5,1.0,7,2.0,1.88,2.0,1.0,2
Slavia Sofia,8,5,1,2,16,12,4,16,Bulgaria - Parva Liga,0.62,0.75,4,2.0,2.0,1.61,1.33,2
Arda,8,4,3,1,18,10,8,15,Bulgaria - Parva Liga,0.5,0.88,8,1.88,2.25,2.0,1.14,3
Levski Sofia,8,4,3,1,14,9,5,15,Bulgaria - Parva Liga,0.5,0.88,5,1.88,1.75,2.0,1.14,3
Lokomotiv Sofia,8,4,1,3,14,9,5,13,Bulgaria - Parva Liga,0.5,0.62,5,1.62,1.75,2.0,1.61,4
Septemvri Sofia,8,4,1,3,14,10,4,13,Bulgaria - Parva Liga,0.5,0.62,4,1.62,1.75,2.0,1.61,4
Spartak Varna,8,4,1,3,9,10,-1,13,Bulgaria - Parva Liga,0.5,0.62,-1,1.62,1.12,2.0,1.61,4
Botev Vratsa,8,3,2,3,10,12,-2,11,Bulgaria - Parva Liga,0.38,0.62,-2,1.38,1.25,2.63,1.61,5
Beroe,8,3,1,4,10,12,-2,10,Bulgaria - Parva Liga,0.38,0.5,-2,1.25,1.25,2.63,2.0,6
CSKA 1948 Sofia,8,3,1,4,10,13,-3,10,Bulgaria - Parva Liga,0.38,0.5,-3,1.25,1.25,2.63,2.0,6
Botev Plovdiv,8,2,4,2,9,13,-4,10,Bulgaria - Parva Liga,0.25,0.75,-4,1.25,1.12,4.0,1.33,6
Cherno More,8,1,6,1,11,8,3,9,Bulgaria - Parva Liga,0.12,0.88,3,1.12,1.38,8.33,1.14,7
L. Krumovgrad,8,2,3,3,3,9,-6,9,Bulgaria - Parva Liga,0.25,0.62,-6,1.12,0.38,4.0,1.61,7
Lok. Plovdiv,8,2,1,5,5,8,-3,7,Bulgaria - Parva Liga,0.25,0.38,-3,0.88,0.62,4.0,2.63,8
Hebar,8,1,1,6,4,14,-10,4,Bulgaria - Parva Liga,0.12,0.25,-10,0.5,0.5,8.33,4.0,9
A. Ottawa,3,2,1,0,8,5,3,7,Canada - Premier League,0.67,1.0,3,2.33,2.67,1.49,1.0,1
HFX Wanderers,2,1,1,0,3,1,2,4,Canada - Premier League,0.5,1.0,2,2.0,1.5,2.0,1.0,2
Forge,2,1,1,0,2,1,1,4,Canada - Premier League,0.5,1.0,1,2.0,1.0,2.0,1.0,2
Pacific,2,1,0,1,2,2,0,3,Canada - Premier League,0.5,0.5,0,1.5,1.0,2.0,2.0,3
York Utd,3,0,1,2,4,6,-2,1,Canada - Premier League,0.0,0.33,-2,0.33,1.33,0.0,3.03,4
Cavalry,2,0,1,1,2,4,-2,1,Canada - Premier League,0.0,0.5,-2,0.5,1.0,0.0,2.0,4
Vancouver FC,3,0,1,2,2,7,-5,1,Canada - Premier League,0.0,0.33,-5,0.33,0.67,0.0,3.03,4
Valour,2,0,0,2,1,4,-3,0,Canada - Premier League,0.0,0.0,-3,0.0,0.5,0.0,0.0,5
Audax Italiano,6,5,1,0,13,5,8,16,Chile - Primera Division,0.83,1.0,8,2.67,2.17,1.2,1.0,1
Union La Calera,5,4,1,0,10,3,7,13,Chile - Primera Division,0.8,1.0,7,2.6,2.0,1.25,1.0,2
U. Catolica,4,4,0,0,12,2,10,12,Chile - Primera Division,1.0,1.0,10,3.0,3.0,1.0,1.0,3
U. de Chile,4,4,0,0,10,1,9,12,Chile - Primera Division,1.0,1.0,9,3.0,2.5,1.0,1.0,3
Huachipato,5,4,0,1,11,4,7,12,Chile - Primera Division,0.8,0.8,7,2.4,2.2,1.25,1.25,3
Cobresal,5,3,2,0,9,4,5,11,Chile - Primera Division,0.6,1.0,5,2.2,1.8,1.67,1.0,4
Coquimbo Unido,5,3,2,0,6,2,4,11,Chile - Primera Division,0.6,1.0,4,2.2,1.2,1.67,1.0,4
OHiggins,5,2,3,0,7,4,3,9,Chile - Primera Division,0.4,1.0,3,1.8,1.4,2.5,1.0,5
Palestino,5,3,0,2,7,6,1,9,Chile - Primera Division,0.6,0.6,1,1.8,1.4,1.67,1.67,5
La Serena,4,3,0,1,5,4,1,9,Chile - Primera Division,0.75,0.75,1,2.25,1.25,1.33,1.33,5
Nublense,6,1,5,0,6,4,2,8,Chile - Primera Division,0.17,1.0,2,1.33,1.0,5.88,1.0,6
Colo-Colo,4,2,1,1,5,2,3,7,Chile - Primera Division,0.5,0.75,3,1.75,1.25,2.0,1.33,7
D. Limache,5,2,1,2,7,6,1,7,Chile - Primera Division,0.4,0.6,1,1.4,1.4,2.5,1.67,7
Everton,5,1,2,2,5,5,0,5,Chile - Primera Division,0.2,0.6,0,1.0,1.0,5.0,1.67,8
Union Espanola,4,1,0,3,4,6,-2,3,Chile - Primera Division,0.25,0.25,-2,0.75,1.0,4.0,4.0,9
D. Iquique,4,1,0,3,4,10,-6,3,Chile - Primera Division,0.25,0.25,-6,0.75,1.0,4.0,4.0,9
Copiapo,5,3,2,0,12,3,9,11,Chile - Primera B,0.6,1.0,9,2.2,2.4,1.67,1.0,1
Magallanes,5,3,1,1,8,2,6,10,Chile - Primera B,0.6,0.8,6,2.0,1.6,1.67,1.25,2
Cobreloa,5,3,1,1,9,6,3,10,Chile - Primera B,0.6,0.8,3,2.0,1.8,1.67,1.25,2
Recoleta,4,3,0,1,6,4,2,9,Chile - Primera B,0.75,0.75,2,2.25,1.5,1.33,1.33,3
S. Wanderers,5,2,2,1,7,3,4,8,Chile - Primera B,0.4,0.8,4,1.6,1.4,2.5,1.25,4
San Marcos,5,2,1,2,6,6,0,7,Chile - Primera B,0.4,0.6,0,1.4,1.2,2.5,1.67,5
U. Concepcion,5,2,1,2,5,5,0,7,Chile - Primera B,0.4,0.6,0,1.4,1.0,2.5,1.67,5
San Luis,4,1,3,0,4,3,1,6,Chile - Primera B,0.25,1.0,1,1.5,1.0,4.0,1.0,6
Curico Unido,5,1,2,2,9,8,1,5,Chile - Primera B,0.2,0.6,1,1.0,1.8,5.0,1.67,7
Antofagasta,4,1,2,1,7,6,1,5,Chile - Primera B,0.25,0.75,1,1.25,1.75,4.0,1.33,7
S. Morning,6,1,2,3,3,7,-4,5,Chile - Primera B,0.17,0.5,-4,0.83,0.5,5.88,2.0,7
Concepcion,3,1,1,1,4,3,1,4,Chile - Primera B,0.33,0.67,1,1.33,1.33,3.03,1.49,8
U. San Felipe,4,1,1,2,1,2,-1,4,Chile - Primera B,0.25,0.5,-1,1.0,0.25,4.0,2.0,8
Deportes Temuco,4,1,1,2,3,5,-2,4,Chile - Primera B,0.25,0.5,-2,1.0,0.75,4.0,2.0,8
Rangers,4,0,3,1,6,7,-1,3,Chile - Primera B,0.0,0.75,-1,0.75,1.5,0.0,1.33,9
CD Santa Cruz,4,1,0,3,2,6,-4,3,Chile - Primera B,0.25,0.25,-4,0.75,0.5,4.0,4.0,9
S. Shenhua,6,5,1,0,15,8,7,16,China - Super League,0.83,1.0,7,2.67,2.5,1.2,1.0,1
Chengdu,6,4,1,1,8,4,4,13,China - Super League,0.67,0.83,4,2.17,1.33,1.49,1.2,2
Qingdao West C.,7,3,3,1,13,11,2,12,China - Super League,0.43,0.86,2,1.71,1.86,2.33,1.16,3
Zhejiang,5,3,2,0,12,6,6,11,China - Super League,0.6,1.0,6,2.2,2.4,1.67,1.0,4
Beijing Guoan,4,3,1,0,10,2,8,10,China - Super League,0.75,1.0,8,2.5,2.5,1.33,1.0,5
Shanghai Port,6,3,1,2,10,8,2,10,China - Super League,0.5,0.67,2,1.67,1.67,2.0,1.49,5
Dalian Yingbo,5,3,1,1,7,5,2,10,China - Super League,0.6,0.8,2,2.0,1.4,1.67,1.25,5
Meizhou Hakka,6,3,0,3,13,12,1,9,China - Super League,0.5,0.5,1,1.5,2.17,2.0,2.0,6
Shandong T.,6,2,2,2,9,6,3,8,China - Super League,0.33,0.67,3,1.33,1.5,3.03,1.49,7
Tianjin T.,5,2,2,1,8,8,0,8,China - Super League,0.4,0.8,0,1.6,1.6,2.5,1.25,7
Sichuan Jiuniu,5,2,1,2,9,9,0,7,China - Super League,0.4,0.6,0,1.4,1.8,2.5,1.67,8
Yunnan Yukun,5,2,1,2,7,8,-1,7,China - Super League,0.4,0.6,-1,1.4,1.4,2.5,1.67,8
Wuhan Three T.,5,2,1,2,9,12,-3,7,China - Super League,0.4,0.6,-3,1.4,1.8,2.5,1.67,8
Qingdao Hainiu,6,1,3,2,7,6,1,6,China - Super League,0.17,0.67,1,1.0,1.17,5.88,1.49,9
Henan SL,5,1,0,4,10,13,-3,3,China - Super League,0.2,0.2,-3,0.6,2.0,5.0,5.0,10
Changchun Yatai,4,0,2,2,3,5,-2,2,China - Super League,0.0,0.5,-2,0.5,0.75,0.0,2.0,11
Chongqing T.,4,3,1,0,7,4,3,10,China - League One,0.75,1.0,3,2.5,1.75,1.33,1.0,1
Liaoning Tieren,3,3,0,0,11,3,8,9,China - League One,1.0,1.0,8,3.0,3.67,1.0,1.0,2
Shenzhen J.,4,3,0,1,8,7,1,9,China - League One,0.75,0.75,1,2.25,2.0,1.33,1.33,2
Suzhou Dongwu,4,2,2,0,4,0,4,8,China - League One,0.5,1.0,4,2.0,1.0,2.0,1.0,3
Shanghai Jiadin,4,2,1,1,4,3,1,7,China - League One,0.5,0.75,1,1.75,1.0,2.0,1.33,4
Guangdong GZP,3,2,0,1,6,2,4,6,China - League One,0.67,0.67,4,2.0,2.0,1.49,1.49,5
Yanbian Longdin,2,2,0,0,4,2,2,6,China - League One,1.0,1.0,2,3.0,2.0,1.0,1.0,5
Heilongjiang IC,4,1,3,0,6,5,1,6,China - League One,0.25,1.0,1,1.5,1.5,4.0,1.0,5
Nantong Zhiyun,4,2,0,2,5,6,-1,6,China - League One,0.5,0.5,-1,1.5,1.25,2.0,2.0,5
Dalian Kuncheng,4,1,2,1,3,4,-1,5,China - League One,0.25,0.75,-1,1.25,0.75,4.0,1.33,6
Foshan Nanshi,4,1,2,1,3,4,-1,5,China - League One,0.25,0.75,-1,1.25,0.75,4.0,1.33,6
S. Gongfu,3,1,1,1,4,3,1,4,China - League One,0.33,0.67,1,1.33,1.33,3.03,1.49,7
Shaanxi Union,3,1,1,1,4,3,1,4,China - League One,0.33,0.67,1,1.33,1.33,3.03,1.49,7
Nanjing City,4,0,2,2,2,4,-2,2,China - League One,0.0,0.5,-2,0.5,0.5,0.0,2.0,8
Qingdao RL,3,0,2,1,2,4,-2,2,China - League One,0.0,0.67,-2,0.67,0.67,0.0,1.49,8
Guangxi Baoyun,3,0,0,3,1,7,-6,0,China - League One,0.0,0.0,-6,0.0,0.33,0.0,0.0,9
Guizhou Zhuchen,5,4,1,0,7,2,5,13,China - League Two,0.8,1.0,5,2.6,1.4,1.25,1.0,1
Wuxi Wugou,5,3,2,0,8,1,7,11,China - League Two,0.6,1.0,7,2.2,1.6,1.67,1.0,2
Shanghai Port B,5,3,1,1,9,3,6,10,China - League Two,0.6,0.8,6,2.0,1.8,1.67,1.25,3
Wenzhou Pro.,4,2,2,0,8,4,4,8,China - League Two,0.5,1.0,4,2.0,2.0,2.0,1.0,4
Chengdu Rongche,4,2,2,0,5,2,3,8,China - League Two,0.5,1.0,3,2.0,1.25,2.0,1.0,4
Jiangxi Lushan,4,2,2,0,5,2,3,8,China - League Two,0.5,1.0,3,2.0,1.25,2.0,1.0,4
Nantong Haimen,3,2,1,0,4,1,3,7,China - League Two,0.67,1.0,3,2.33,1.33,1.49,1.0,5
Guangzhou Dande,4,2,1,1,4,2,2,7,China - League Two,0.5,0.75,2,1.75,1.0,2.0,1.33,5
Ganzhou Ruishi,4,2,1,1,4,3,1,7,China - League Two,0.5,0.75,1,1.75,1.0,2.0,1.33,5
Guangxi H.,4,2,1,1,4,4,0,7,China - League Two,0.5,0.75,0,1.75,1.0,2.0,1.33,5
Taian Tiankuang,4,2,0,2,5,3,2,6,China - League Two,0.5,0.5,2,1.5,1.25,2.0,2.0,6
Shandong T. B,4,1,3,0,4,3,1,6,China - League Two,0.25,1.0,1,1.5,1.0,4.0,1.0,6
Haikou M.,3,1,1,1,2,2,0,4,China - League Two,0.33,0.67,0,1.33,0.67,3.03,1.49,7
Shenzhen 2028,3,1,1,1,2,2,0,4,China - League Two,0.33,0.67,0,1.33,0.67,3.03,1.49,7
Langfang Glory,4,1,1,2,3,6,-3,4,China - League Two,0.25,0.5,-3,1.0,0.75,4.0,2.0,7
Rizhao Yuqi,5,1,1,3,3,6,-3,4,China - League Two,0.2,0.4,-3,0.8,0.6,5.0,2.5,7
Changchun Xidu,2,1,0,1,2,1,1,3,China - League Two,0.5,0.5,1,1.5,1.0,2.0,2.0,8
Beijing IT,5,1,0,4,4,7,-3,3,China - League Two,0.2,0.2,-3,0.6,0.8,5.0,5.0,8
Wuhan Three Tow,4,0,2,2,1,3,-2,2,China - League Two,0.0,0.5,-2,0.5,0.25,0.0,2.0,9
Xian Ronghai,3,0,2,1,0,3,-3,2,China - League Two,0.0,0.67,-3,0.67,0.0,0.0,1.49,9
Hubei Istar,4,0,2,2,1,5,-4,2,China - League Two,0.0,0.5,-4,0.5,0.25,0.0,2.0,9
Quanzhou Yassin,4,0,2,2,1,6,-5,2,China - League Two,0.0,0.5,-5,0.5,0.25,0.0,2.0,9
Guangxi Lanhang,5,0,1,4,0,13,-13,1,China - League Two,0.0,0.2,-13,0.2,0.0,0.0,5.0,10
Guangdong Mingt,4,0,0,4,2,9,-7,0,China - League Two,0.0,0.0,-7,0.0,0.5,0.0,0.0,11
A. Nacional,8,7,1,0,21,5,16,22,Colombia - Primera A - Apertura,0.88,1.0,16,2.75,2.62,1.14,1.0,1
America de Cali,8,6,2,0,14,1,13,20,Colombia - Primera A - Apertura,0.75,1.0,13,2.5,1.75,1.33,1.0,2
Deportes Tolima,8,6,2,0,12,3,9,20,Colombia - Primera A - Apertura,0.75,1.0,9,2.5,1.5,1.33,1.0,2
Deportivo Pasto,8,6,2,0,14,6,8,20,Colombia - Primera A - Apertura,0.75,1.0,8,2.5,1.75,1.33,1.0,2
Once Caldas,8,6,0,2,15,6,9,18,Colombia - Primera A - Apertura,0.75,0.75,9,2.25,1.88,1.33,1.33,3
Millonarios,8,5,2,1,9,2,7,17,Colombia - Primera A - Apertura,0.62,0.88,7,2.12,1.12,1.61,1.14,4
Junior,8,5,2,1,12,6,6,17,Colombia - Primera A - Apertura,0.62,0.88,6,2.12,1.5,1.61,1.14,4
I. Medelin,8,4,4,0,11,2,9,16,Colombia - Primera A - Apertura,0.5,1.0,9,2.0,1.38,2.0,1.0,5
D. Pereira,8,4,4,0,9,2,7,16,Colombia - Primera A - Apertura,0.5,1.0,7,2.0,1.12,2.0,1.0,5
Deportivo Cali,8,3,5,0,9,4,5,14,Colombia - Primera A - Apertura,0.38,1.0,5,1.75,1.12,2.63,1.0,6
A. Petrolera,8,3,3,2,8,7,1,12,Colombia - Primera A - Apertura,0.38,0.75,1,1.5,1.0,2.63,1.33,7
Fortaleza CEIF,8,3,3,2,6,9,-3,12,Colombia - Primera A - Apertura,0.38,0.75,-3,1.5,0.75,2.63,1.33,7
Santa Fe,8,2,5,1,10,8,2,11,Colombia - Primera A - Apertura,0.25,0.88,2,1.38,1.25,4.0,1.14,8
A. Bucaramanga,8,3,2,3,8,8,0,11,Colombia - Primera A - Apertura,0.38,0.62,0,1.38,1.0,2.63,1.61,8
Llaneros,8,3,1,4,7,8,-1,10,Colombia - Primera A - Apertura,0.38,0.5,-1,1.25,0.88,2.63,2.0,9
La Equidad,8,2,2,4,7,9,-2,8,Colombia - Primera A - Apertura,0.25,0.5,-2,1.0,0.88,4.0,2.0,10
Envigado,8,2,2,4,8,14,-6,8,Colombia - Primera A - Apertura,0.25,0.5,-6,1.0,1.0,4.0,2.0,10
Boyaca Chico,8,1,4,3,5,11,-6,7,Colombia - Primera A - Apertura,0.12,0.62,-6,0.88,0.62,8.33,1.61,11
Union Magdalena,8,0,6,2,7,10,-3,6,Colombia - Primera A - Apertura,0.0,0.75,-3,0.75,0.88,0.0,1.33,12
R. Aguilas,8,1,3,4,6,9,-3,6,Colombia - Primera A - Apertura,0.12,0.5,-3,0.75,0.75,8.33,2.0,12
Deportivo Pasto,8,6,0,2,14,8,6,18,Colombia - Primera A - Clausura,0.75,0.75,6,2.25,1.75,1.33,1.33,1
I. Medelin,8,5,2,1,11,2,9,17,Colombia - Primera A - Clausura,0.62,0.88,9,2.12,1.38,1.61,1.14,2
Junior,8,5,2,1,17,9,8,17,Colombia - Primera A - Clausura,0.62,0.88,8,2.12,2.12,1.61,1.14,2
Millonarios,8,5,2,1,11,3,8,17,Colombia - Primera A - Clausura,0.62,0.88,8,2.12,1.38,1.61,1.14,2
America de Cali,8,5,2,1,9,3,6,17,Colombia - Primera A - Clausura,0.62,0.88,6,2.12,1.12,1.61,1.14,2
D. Pereira,8,5,1,2,10,6,4,16,Colombia - Primera A - Clausura,0.62,0.75,4,2.0,1.25,1.61,1.33,3
Santa Fe,8,4,3,1,12,5,7,15,Colombia - Primera A - Clausura,0.5,0.88,7,1.88,1.5,2.0,1.14,4
Deportes Tolima,8,4,3,1,10,4,6,15,Colombia - Primera A - Clausura,0.5,0.88,6,1.88,1.25,2.0,1.14,4
Patriotas,8,4,2,2,14,8,6,14,Colombia - Primera A - Clausura,0.5,0.75,6,1.75,1.75,2.0,1.33,5
Once Caldas,8,4,2,2,11,8,3,14,Colombia - Primera A - Clausura,0.5,0.75,3,1.75,1.38,2.0,1.33,5
A. Nacional,8,3,4,1,15,11,4,13,Colombia - Primera A - Clausura,0.38,0.88,4,1.62,1.88,2.63,1.14,6
A. Petrolera,8,3,3,2,11,8,3,12,Colombia - Primera A - Clausura,0.38,0.75,3,1.5,1.38,2.63,1.33,7
Boyaca Chico,8,3,3,2,7,10,-3,12,Colombia - Primera A - Clausura,0.38,0.75,-3,1.5,0.88,2.63,1.33,7
Fortaleza CEIF,8,3,2,3,9,9,0,11,Colombia - Primera A - Clausura,0.38,0.62,0,1.38,1.12,2.63,1.61,8
La Equidad,8,2,4,2,10,11,-1,10,Colombia - Primera A - Clausura,0.25,0.75,-1,1.25,1.25,4.0,1.33,9
Deportivo Cali,8,3,1,4,7,9,-2,10,Colombia - Primera A - Clausura,0.38,0.5,-2,1.25,0.88,2.63,2.0,9
R. Aguilas,8,2,3,3,7,9,-2,9,Colombia - Primera A - Clausura,0.25,0.62,-2,1.12,0.88,4.0,1.61,10
Jaguares de C.,8,2,3,3,5,8,-3,9,Colombia - Primera A - Clausura,0.25,0.62,-3,1.12,0.62,4.0,1.61,10
Envigado,8,2,2,4,4,4,0,8,Colombia - Primera A - Clausura,0.25,0.5,0,1.0,0.5,4.0,2.0,11
A. Bucaramanga,8,2,2,4,6,9,-3,8,Colombia - Primera A - Clausura,0.25,0.5,-3,1.0,0.75,4.0,2.0,11
Guanacasteca,8,8,0,0,13,3,10,24,Costa Rica - Primera Div. - Apertura,1.0,1.0,10,3.0,1.62,1.0,1.0,1
Alajuelense,8,6,2,0,19,5,14,20,Costa Rica - Primera Div. - Apertura,0.75,1.0,14,2.5,2.38,1.33,1.0,2
Cartagines,8,6,2,0,16,8,8,20,Costa Rica - Primera Div. - Apertura,0.75,1.0,8,2.5,2.0,1.33,1.0,2
Saprissa,8,5,2,1,17,11,6,17,Costa Rica - Primera Div. - Apertura,0.62,0.88,6,2.12,2.12,1.61,1.14,3
Herediano,8,4,1,3,15,14,1,13,Costa Rica - Primera Div. - Apertura,0.5,0.62,1,1.62,1.88,2.0,1.61,4
San Carlos,8,2,6,0,9,6,3,12,Costa Rica - Primera Div. - Apertura,0.25,1.0,3,1.5,1.12,4.0,1.0,5
Santos Guapiles,8,4,0,4,13,11,2,12,Costa Rica - Primera Div. - Apertura,0.5,0.5,2,1.5,1.62,2.0,2.0,5
Zeledon,8,3,3,2,10,8,2,12,Costa Rica - Primera Div. - Apertura,0.38,0.75,2,1.5,1.25,2.63,1.33,5
Santa Ana,8,3,3,2,11,11,0,12,Costa Rica - Primera Div. - Apertura,0.38,0.75,0,1.5,1.38,2.63,1.33,5
Sporting SJ,8,3,1,4,12,11,1,10,Costa Rica - Primera Div. - Apertura,0.38,0.5,1,1.25,1.5,2.63,2.0,6
Puntarenas,8,2,3,3,7,9,-2,9,Costa Rica - Primera Div. - Apertura,0.25,0.62,-2,1.12,0.88,4.0,1.61,7
M. Liberia,8,2,2,4,12,11,1,8,Costa Rica - Primera Div. - Apertura,0.25,0.5,1,1.0,1.5,4.0,2.0,8
Slavia Prague,8,8,0,0,16,4,12,24,CzechRepublic - 1. Liga,1.0,1.0,12,3.0,2.0,1.0,1.0,1
Sparta Prague,8,6,0,2,15,9,6,18,CzechRepublic - 1. Liga,0.75,0.75,6,2.25,1.88,1.33,1.33,2
Jablonec,8,5,2,1,17,4,13,17,CzechRepublic - 1. Liga,0.62,0.88,13,2.12,2.12,1.61,1.14,3
Banik Ostrava,8,5,2,1,13,6,7,17,CzechRepublic - 1. Liga,0.62,0.88,7,2.12,1.62,1.61,1.14,3
Viktoria Plzen,8,5,1,2,20,11,9,16,CzechRepublic - 1. Liga,0.62,0.75,9,2.0,2.5,1.61,1.33,4
Teplice,8,5,1,2,8,5,3,16,CzechRepublic - 1. Liga,0.62,0.75,3,2.0,1.0,1.61,1.33,4
Slovan Liberec,8,4,2,2,12,6,6,14,CzechRepublic - 1. Liga,0.5,0.75,6,1.75,1.5,2.0,1.33,5
Karvina,8,4,1,3,12,12,0,13,CzechRepublic - 1. Liga,0.5,0.62,0,1.62,1.5,2.0,1.61,6
Hradec Kralove,8,3,3,2,9,7,2,12,CzechRepublic - 1. Liga,0.38,0.75,2,1.5,1.12,2.63,1.33,7
Sigma Olomouc,8,3,0,5,13,14,-1,9,CzechRepublic - 1. Liga,0.38,0.38,-1,1.12,1.62,2.63,2.63,8
Bohemians,8,2,3,3,10,11,-1,9,CzechRepublic - 1. Liga,0.25,0.62,-1,1.12,1.25,4.0,1.61,8
Mlada Boleslav,8,3,0,5,6,10,-4,9,CzechRepublic - 1. Liga,0.38,0.38,-4,1.12,0.75,2.63,2.63,8
Slovacko,8,2,3,3,6,14,-8,9,CzechRepublic - 1. Liga,0.25,0.62,-8,1.12,0.75,4.0,1.61,8
Dukla Praha,8,1,3,4,7,10,-3,6,CzechRepublic - 1. Liga,0.12,0.5,-3,0.75,0.88,8.33,2.0,9
Pardubice,8,1,3,4,6,11,-5,6,CzechRepublic - 1. Liga,0.12,0.5,-5,0.75,0.75,8.33,2.0,9
C. Budejovice,8,0,2,6,6,21,-15,2,CzechRepublic - 1. Liga,0.0,0.25,-15,0.25,0.75,0.0,4.0,10
FC Midtjylland,8,7,0,1,20,8,12,21,Denmark - Superligaen,0.88,0.88,12,2.62,2.5,1.14,1.14,1
Nordsjaelland,8,6,1,1,18,10,8,19,Denmark - Superligaen,0.75,0.88,8,2.38,2.25,1.33,1.14,2
Randers FC,8,5,2,1,16,9,7,17,Denmark - Superligaen,0.62,0.88,7,2.12,2.0,1.61,1.14,3
FC Kobenhavn,8,5,2,1,14,8,6,17,Denmark - Superligaen,0.62,0.88,6,2.12,1.75,1.61,1.14,3
Viborg,8,5,1,2,14,12,2,16,Denmark - Superligaen,0.62,0.75,2,2.0,1.75,1.61,1.33,4
AGF Aarhus,8,4,3,1,13,7,6,15,Denmark - Superligaen,0.5,0.88,6,1.88,1.62,2.0,1.14,5
Brondby IF,8,4,3,1,14,11,3,15,Denmark - Superligaen,0.5,0.88,3,1.88,1.75,2.0,1.14,5
Silkeborg,8,3,3,2,10,6,4,12,Denmark - Superligaen,0.38,0.75,4,1.5,1.25,2.63,1.33,6
Vejle BK,8,2,4,2,12,16,-4,10,Denmark - Superligaen,0.25,0.75,-4,1.25,1.5,4.0,1.33,7
Lyngby,8,2,3,3,6,8,-2,9,Denmark - Superligaen,0.25,0.62,-2,1.12,0.75,4.0,1.61,8
SonderjyskE,8,2,3,3,11,17,-6,9,Denmark - Superligaen,0.25,0.62,-6,1.12,1.38,4.0,1.61,8
Aalborg BK,8,0,3,5,6,16,-10,3,Denmark - Superligaen,0.0,0.38,-10,0.38,0.75,0.0,2.63,9
Hillerod,8,5,2,1,19,8,11,17,Denmark - 1st Division,0.62,0.88,11,2.12,2.38,1.61,1.14,1
AC Horsens,8,5,1,2,14,9,5,16,Denmark - 1st Division,0.62,0.75,5,2.0,1.75,1.61,1.33,2
Odense BK,8,3,5,0,15,12,3,14,Denmark - 1st Division,0.38,1.0,3,1.75,1.88,2.63,1.0,3
Hvidovre,8,4,2,2,6,5,1,14,Denmark - 1st Division,0.5,0.75,1,1.75,0.75,2.0,1.33,3
Kolding IF,8,4,1,3,11,7,4,13,Denmark - 1st Division,0.5,0.62,4,1.62,1.38,2.0,1.61,4
B 93,8,3,3,2,16,14,2,12,Denmark - 1st Division,0.38,0.75,2,1.5,2.0,2.63,1.33,5
Vendsyssel,8,2,4,2,10,8,2,10,Denmark - 1st Division,0.25,0.75,2,1.25,1.25,4.0,1.33,6
Fredericia,8,3,1,4,11,12,-1,10,Denmark - 1st Division,0.38,0.5,-1,1.25,1.38,2.63,2.0,6
Hobro,8,2,4,2,9,11,-2,10,Denmark - 1st Division,0.25,0.75,-2,1.25,1.12,4.0,1.33,6
HB Koge,8,3,1,4,8,15,-7,10,Denmark - 1st Division,0.38,0.5,-7,1.25,1.0,2.63,2.0,6
Roskilde,8,2,1,5,10,16,-6,7,Denmark - 1st Division,0.25,0.38,-6,0.88,1.25,4.0,2.63,7
Esbjerg,8,2,0,6,6,15,-9,6,Denmark - 1st Division,0.25,0.25,-9,0.75,0.75,4.0,4.0,8
Aarhus Fremad,8,7,0,1,16,5,11,21,Denmark - 2nd Division,0.88,0.88,11,2.62,2.0,1.14,1.14,1
Fremad Amager,8,6,0,2,13,5,8,18,Denmark - 2nd Division,0.75,0.75,8,2.25,1.62,1.33,1.33,2
Naestved,8,4,2,2,11,10,1,14,Denmark - 2nd Division,0.5,0.75,1,1.75,1.38,2.0,1.33,3
Middelfart,8,4,1,3,10,10,0,13,Denmark - 2nd Division,0.5,0.62,0,1.62,1.25,2.0,1.61,4
Skive,8,3,3,2,9,5,4,12,Denmark - 2nd Division,0.38,0.75,4,1.5,1.12,2.63,1.33,5
AB Copenhagen,8,3,2,3,12,8,4,11,Denmark - 2nd Division,0.38,0.62,4,1.38,1.5,2.63,1.61,6
BK Frem,8,2,3,3,10,9,1,9,Denmark - 2nd Division,0.25,0.62,1,1.12,1.25,4.0,1.61,7
Thisted,8,2,3,3,9,11,-2,9,Denmark - 2nd Division,0.25,0.62,-2,1.12,1.12,4.0,1.61,7
Ishoj,8,2,2,4,8,10,-2,8,Denmark - 2nd Division,0.25,0.5,-2,1.0,1.0,4.0,2.0,8
Hellerup IK,8,2,2,4,6,13,-7,8,Denmark - 2nd Division,0.25,0.5,-7,1.0,0.75,4.0,2.0,8
Helsingor,8,1,4,3,9,13,-4,7,Denmark - 2nd Division,0.12,0.62,-4,0.88,1.12,8.33,1.61,9
Nykobing,8,1,3,4,9,14,-5,6,Denmark - 2nd Division,0.12,0.5,-5,0.75,1.12,8.33,2.0,10
Aucas,6,4,1,1,13,6,7,13,Ecuador - Liga Pro 1st Stage,0.67,0.83,7,2.17,2.17,1.49,1.2,1
Mushuc Runa,6,4,1,1,12,7,5,13,Ecuador - Liga Pro 1st Stage,0.67,0.83,5,2.17,2.0,1.49,1.2,1
Libertad,6,4,0,2,13,10,3,12,Ecuador - Liga Pro 1st Stage,0.67,0.67,3,2.0,2.17,1.49,1.49,2
Barcelona SC,5,4,0,1,6,5,1,12,Ecuador - Liga Pro 1st Stage,0.8,0.8,1,2.4,1.2,1.25,1.25,2
LDU Quito,5,3,2,0,12,3,9,11,Ecuador - Liga Pro 1st Stage,0.6,1.0,9,2.2,2.4,1.67,1.0,3
U. Catolica,5,3,2,0,8,2,6,11,Ecuador - Liga Pro 1st Stage,0.6,1.0,6,2.2,1.6,1.67,1.0,3
Orense,5,3,1,1,8,5,3,10,Ecuador - Liga Pro 1st Stage,0.6,0.8,3,2.0,1.6,1.67,1.25,4
Cuniburo,5,3,0,2,11,6,5,9,Ecuador - Liga Pro 1st Stage,0.6,0.6,5,1.8,2.2,1.67,1.67,5
I. del Valle,6,2,3,1,10,5,5,9,Ecuador - Liga Pro 1st Stage,0.33,0.83,5,1.5,1.67,3.03,1.2,5
Manta,6,2,3,1,12,11,1,9,Ecuador - Liga Pro 1st Stage,0.33,0.83,1,1.5,2.0,3.03,1.2,5
Delfin,5,1,4,0,3,1,2,7,Ecuador - Liga Pro 1st Stage,0.2,1.0,2,1.4,0.6,5.0,1.0,6
D. Cuenca,5,2,0,3,5,4,1,6,Ecuador - Liga Pro 1st Stage,0.4,0.4,1,1.2,1.0,2.5,2.5,7
Emelec,6,1,3,2,3,7,-4,6,Ecuador - Liga Pro 1st Stage,0.17,0.67,-4,1.0,0.5,5.88,1.49,7
Macara,5,1,1,3,2,4,-2,4,Ecuador - Liga Pro 1st Stage,0.2,0.4,-2,0.8,0.4,5.0,2.5,8
El Nacional,6,1,1,4,4,8,-4,4,Ecuador - Liga Pro 1st Stage,0.17,0.33,-4,0.67,0.67,5.88,3.03,8
Tecnico U.,5,0,3,2,5,8,-3,3,Ecuador - Liga Pro 1st Stage,0.0,0.6,-3,0.6,1.0,0.0,1.67,9
Gualaceo,5,4,1,0,9,5,4,13,Ecuador - Serie B,0.8,1.0,4,2.6,1.8,1.25,1.0,1
Vinotinto,3,3,0,0,9,3,6,9,Ecuador - Serie B,1.0,1.0,6,3.0,3.0,1.0,1.0,2
San Antonio,4,3,0,1,5,2,3,9,Ecuador - Serie B,0.75,0.75,3,2.25,1.25,1.33,1.33,2
Leones Norte,4,2,2,0,5,2,3,8,Ecuador - Serie B,0.5,1.0,3,2.0,1.25,2.0,1.0,3
Guayaquil City,4,2,1,1,9,6,3,7,Ecuador - Serie B,0.5,0.75,3,1.75,2.25,2.0,1.33,4
Cumbaya,5,2,1,2,7,5,2,7,Ecuador - Serie B,0.4,0.6,2,1.4,1.4,2.5,1.67,4
I. Juniors,4,2,1,1,5,4,1,7,Ecuador - Serie B,0.5,0.75,1,1.75,1.25,2.0,1.33,4
22 de Julio,4,1,3,0,4,2,2,6,Ecuador - Serie B,0.25,1.0,2,1.5,1.0,4.0,1.0,5
Vargas Torres,4,1,3,0,3,2,1,6,Ecuador - Serie B,0.25,1.0,1,1.5,0.75,4.0,1.0,5
Nueve Octubre,4,1,2,1,3,3,0,5,Ecuador - Serie B,0.25,0.75,0,1.25,0.75,4.0,1.33,6
Chacaritas,3,0,3,0,2,2,0,3,Ecuador - Serie B,0.0,1.0,0,1.0,0.67,0.0,1.0,7
Imbabura,4,0,3,1,1,3,-2,3,Ecuador - Serie B,0.0,0.75,-2,0.75,0.25,0.0,1.33,7
Pyramids FC,8,6,2,0,17,3,14,20,Egypt - Premier League,0.75,1.0,14,2.5,2.12,1.33,1.0,1
Al Ahly,8,6,2,0,19,6,13,20,Egypt - Premier League,0.75,1.0,13,2.5,2.38,1.33,1.0,1
Zamalek,8,5,3,0,17,6,11,18,Egypt - Premier League,0.62,1.0,11,2.25,2.12,1.61,1.0,2
Al Masry,8,4,3,1,11,5,6,15,Egypt - Premier League,0.5,0.88,6,1.88,1.38,2.0,1.14,3
Haras El Hodood,8,4,0,4,9,7,2,12,Egypt - Premier League,0.5,0.5,2,1.5,1.12,2.0,2.0,4
National Bank,8,3,3,2,10,10,0,12,Egypt - Premier League,0.38,0.75,0,1.5,1.25,2.63,1.33,4
Pharco,8,3,3,2,9,9,0,12,Egypt - Premier League,0.38,0.75,0,1.5,1.12,2.63,1.33,4
Ghazl El M.,8,4,0,4,7,7,0,12,Egypt - Premier League,0.5,0.5,0,1.5,0.88,2.0,2.0,4
El Gouna,8,3,1,4,8,6,2,10,Egypt - Premier League,0.38,0.5,2,1.25,1.0,2.63,2.0,5
Modern Sport,8,3,1,4,8,11,-3,10,Egypt - Premier League,0.38,0.5,-3,1.25,1.0,2.63,2.0,5
ENPPI,8,3,1,4,5,8,-3,10,Egypt - Premier League,0.38,0.5,-3,1.25,0.62,2.63,2.0,5
Ceramica C.,8,2,3,3,15,13,2,9,Egypt - Premier League,0.25,0.62,2,1.12,1.88,4.0,1.61,6
Petrojet,8,2,3,3,8,10,-2,9,Egypt - Premier League,0.25,0.62,-2,1.12,1.0,4.0,1.61,6
ZED FC,8,1,5,2,7,7,0,8,Egypt - Premier League,0.12,0.75,0,1.0,0.88,8.33,1.33,7
Smouha,8,2,2,4,7,14,-7,8,Egypt - Premier League,0.25,0.5,-7,1.0,0.88,4.0,2.0,7
El Geish,8,1,4,3,6,8,-2,7,Egypt - Premier League,0.12,0.62,-2,0.88,0.75,8.33,1.61,8
Al Ittihad,8,2,1,5,4,8,-4,7,Egypt - Premier League,0.25,0.38,-4,0.88,0.5,4.0,2.63,8
Ismaily,8,1,2,5,4,13,-9,5,Egypt - Premier League,0.12,0.38,-9,0.62,0.5,8.33,2.63,9
Liverpool,8,7,1,0,21,7,14,22,Premier League,0.88,1.0,14,2.75,2.62,1.14,1.0,1
Chelsea,8,7,1,0,17,5,12,22,Premier League,0.88,1.0,12,2.75,2.12,1.14,1.0,1
Manchester City,8,6,1,1,19,8,11,19,Premier League,0.75,0.88,11,2.38,2.38,1.33,1.14,4
Newcastle Utd,8,6,0,2,23,11,12,18,Premier League,0.75,0.75,12,2.25,2.88,1.33,1.33,5
Aston Villa,8,5,3,0,15,8,7,18,Premier League,0.62,1.0,7,2.25,1.88,1.61,1.0,5
Nottm Forest,8,4,2,2,13,6,7,14,Premier League,0.5,0.75,7,1.75,1.62,2.0,1.33,8
Brighton,8,4,2,2,13,11,2,14,Premier League,0.5,0.75,2,1.75,1.62,2.0,1.33,8
Wolverhampton,8,4,1,3,12,9,3,13,Premier League,0.5,0.62,3,1.62,1.5,2.0,1.61,9
Arsenal,8,3,3,2,14,10,4,12,Premier League,0.38,0.75,4,1.5,1.75,2.63,1.33,10
Crystal Palace,8,3,3,2,11,8,3,12,Premier League,0.38,0.75,3,1.5,1.38,2.63,1.33,10
Everton,8,2,5,1,15,12,3,11,Premier League,0.25,0.88,3,1.38,1.88,4.0,1.14,11
Fulham,8,3,2,3,12,12,0,11,Premier League,0.38,0.62,0,1.38,1.5,2.63,1.61,11
Bournemouth,8,3,1,4,10,8,2,10,Premier League,0.38,0.5,2,1.25,1.25,2.63,2.0,12
West Ham Utd,8,2,3,3,9,10,-1,9,Premier League,0.25,0.62,-1,1.12,1.12,4.0,1.61,13
Brentford,8,2,3,3,11,13,-2,9,Premier League,0.25,0.62,-2,1.12,1.38,4.0,1.61,13
Tottenham,8,2,2,4,11,12,-1,8,Premier League,0.25,0.5,-1,1.0,1.38,4.0,2.0,14
Manchester Utd,8,2,2,4,8,12,-4,8,Premier League,0.25,0.5,-4,1.0,1.0,4.0,2.0,14
Leicester City,8,1,0,7,2,17,-15,3,Premier League,0.12,0.12,-15,0.38,0.25,8.33,8.33,17
Ipswich Town,8,1,0,7,7,24,-17,3,Premier League,0.12,0.12,-17,0.38,0.88,8.33,8.33,17
Southampton,8,0,1,7,5,23,-18,1,Premier League,0.0,0.12,-18,0.12,0.62,0.0,8.33,18
Burnley,8,7,1,0,19,4,15,22,Premier League,0.88,1.0,15,2.75,2.38,1.14,1.0,1
Coventry City,8,7,0,1,15,5,10,21,Premier League,0.88,0.88,10,2.62,1.88,1.14,1.14,2
Leeds Utd,8,6,2,0,26,5,21,20,Premier League,0.75,1.0,21,2.5,3.25,1.33,1.0,3
Bristol City,8,6,2,0,15,8,7,20,Premier League,0.75,1.0,7,2.5,1.88,1.33,1.0,3
Millwall,8,6,1,1,11,6,5,19,Premier League,0.75,0.88,5,2.38,1.38,1.33,1.14,4
Portsmouth,8,5,2,1,11,7,4,17,Premier League,0.62,0.88,4,2.12,1.38,1.61,1.14,6
Swansea City,8,5,1,2,12,6,6,16,Premier League,0.62,0.75,6,2.0,1.5,1.61,1.33,7
Blackburn,8,4,2,2,14,10,4,14,Premier League,0.5,0.75,4,1.75,1.75,2.0,1.33,8
Sheffield Utd,8,4,2,2,12,8,4,14,Premier League,0.5,0.75,4,1.75,1.5,2.0,1.33,8
Stoke City,8,4,2,2,11,8,3,14,Premier League,0.5,0.75,3,1.75,1.38,2.0,1.33,8
Plymouth,8,4,1,3,16,13,3,13,Premier League,0.5,0.62,3,1.62,2.0,2.0,1.61,9
West Brom,8,4,1,3,12,11,1,13,Premier League,0.5,0.62,1,1.62,1.5,2.0,1.61,9
Middlesbrough,8,4,1,3,9,8,1,13,Premier League,0.5,0.62,1,1.62,1.12,2.0,1.61,9
Derby County,8,3,3,2,6,3,3,12,Premier League,0.38,0.75,3,1.5,0.75,2.63,1.33,10
Luton Town,8,3,3,2,7,5,2,12,Premier League,0.38,0.75,2,1.5,0.88,2.63,1.33,10
Norwich City,8,3,2,3,15,14,1,11,Premier League,0.38,0.62,1,1.38,1.88,2.63,1.61,11
Hull City,8,3,2,3,9,8,1,11,Premier League,0.38,0.62,1,1.38,1.12,2.63,1.61,11
Watford,8,3,2,3,7,9,-2,11,Premier League,0.38,0.62,-2,1.38,0.88,2.63,1.61,11
Sunderland,8,3,1,4,6,6,0,10,Premier League,0.38,0.5,0,1.25,0.75,2.63,2.0,12
Oxford Utd,8,3,1,4,8,10,-2,10,Premier League,0.38,0.5,-2,1.25,1.0,2.63,2.0,12
QP Rangers,8,2,3,3,11,13,-2,9,Premier League,0.25,0.62,-2,1.12,1.38,4.0,1.61,13
Preston,8,1,5,2,8,9,-1,8,Premier League,0.12,0.75,-1,1.0,1.0,8.33,1.33,14
Cardiff City,8,1,4,3,6,8,-2,7,Premier League,0.12,0.62,-2,0.88,0.75,8.33,1.61,15
Sheffield Wed,8,1,2,5,6,10,-4,5,Premier League,0.12,0.38,-4,0.62,0.75,8.33,2.63,16
Birmingham City,8,7,1,0,20,4,16,22,League One,0.88,1.0,16,2.75,2.5,1.14,1.0,1
Charlton,8,7,1,0,19,6,13,22,League One,0.88,1.0,13,2.75,2.38,1.14,1.0,1
Stockport,8,7,1,0,17,7,10,22,League One,0.88,1.0,10,2.75,2.12,1.14,1.0,1
Leyton Orient,8,5,1,2,14,9,5,16,League One,0.62,0.75,5,2.0,1.75,1.61,1.33,2
Lincoln City,8,4,2,2,15,7,8,14,League One,0.5,0.75,8,1.75,1.88,2.0,1.33,3
Wrexham,8,4,2,2,12,6,6,14,League One,0.5,0.75,6,1.75,1.5,2.0,1.33,3
Blackpool,8,4,1,3,13,9,4,13,League One,0.5,0.62,4,1.62,1.62,2.0,1.61,4
Bolton,8,4,1,3,11,10,1,13,League One,0.5,0.62,1,1.62,1.38,2.0,1.61,4
Burton Albion,8,3,3,2,12,9,3,12,League One,0.38,0.75,3,1.5,1.5,2.63,1.33,5
Exeter City,8,3,3,2,9,7,2,12,League One,0.38,0.75,2,1.5,1.12,2.63,1.33,5
Reading,8,3,3,2,9,7,2,12,League One,0.38,0.75,2,1.5,1.12,2.63,1.33,5
Peterborough,8,3,3,2,11,10,1,12,League One,0.38,0.75,1,1.5,1.38,2.63,1.33,5
Wigan Athletic,8,3,3,2,7,6,1,12,League One,0.38,0.75,1,1.5,0.88,2.63,1.33,5
Rotherham,8,3,2,3,11,14,-3,11,League One,0.38,0.62,-3,1.38,1.38,2.63,1.61,6
Wycombe,8,3,2,3,5,8,-3,11,League One,0.38,0.62,-3,1.38,0.62,2.63,1.61,6
Crawley Town,8,3,1,4,12,12,0,10,League One,0.38,0.5,0,1.25,1.5,2.63,2.0,7
Mansfield,8,3,1,4,14,15,-1,10,League One,0.38,0.5,-1,1.25,1.75,2.63,2.0,7
Barnsley,8,2,2,4,13,15,-2,8,League One,0.25,0.5,-2,1.0,1.62,4.0,2.0,8
Huddersfield,8,2,1,5,9,11,-2,7,League One,0.25,0.38,-2,0.88,1.12,4.0,2.63,9
Northampton,8,1,4,3,8,10,-2,7,League One,0.12,0.62,-2,0.88,1.0,8.33,1.61,9
Stevenage,8,1,3,4,8,11,-3,6,League One,0.12,0.5,-3,0.75,1.0,8.33,2.0,10
Bristol Rovers,8,2,0,6,9,14,-5,6,League One,0.25,0.25,-5,0.75,1.12,4.0,4.0,10
Cambridge Utd,8,1,2,5,7,10,-3,5,League One,0.12,0.38,-3,0.62,0.88,8.33,2.63,11
Shrewsbury,8,0,1,7,2,11,-9,1,League One,0.0,0.12,-9,0.12,0.25,0.0,8.33,12
Bradford,8,6,1,1,14,3,11,19,League Two,0.75,0.88,11,2.38,1.75,1.33,1.14,1
Harrogate,8,5,2,1,14,10,4,17,League Two,0.62,0.88,4,2.12,1.75,1.61,1.14,2
Bromley,8,5,1,2,15,6,9,16,League Two,0.62,0.75,9,2.0,1.88,1.61,1.33,3
Doncaster,8,4,3,1,17,8,9,15,League Two,0.5,0.88,9,1.88,2.12,2.0,1.14,4
Chesterfield,8,4,3,1,16,10,6,15,League Two,0.5,0.88,6,1.88,2.0,2.0,1.14,4
Colchester Utd,8,4,3,1,9,4,5,15,League Two,0.5,0.88,5,1.88,1.12,2.0,1.14,4
Gillingham,8,4,3,1,7,4,3,15,League Two,0.5,0.88,3,1.88,0.88,2.0,1.14,4
Port Vale,8,4,2,2,13,4,9,14,League Two,0.5,0.75,9,1.75,1.62,2.0,1.33,5
Tranmere,8,4,2,2,12,7,5,14,League Two,0.5,0.75,5,1.75,1.5,2.0,1.33,5
Carlisle Utd,8,3,4,1,14,12,2,13,League Two,0.38,0.88,2,1.62,1.75,2.63,1.14,6
Swindon Town,8,3,4,1,13,11,2,13,League Two,0.38,0.88,2,1.62,1.62,2.63,1.14,6
Barrow,8,3,3,2,10,7,3,12,League Two,0.38,0.75,3,1.5,1.25,2.63,1.33,7
AFC Wimbledon,8,3,2,3,7,7,0,11,League Two,0.38,0.62,0,1.38,0.88,2.63,1.61,8
Fleetwood,8,2,5,1,7,7,0,11,League Two,0.25,0.88,0,1.38,0.88,4.0,1.14,8
Accrington,8,2,4,2,13,10,3,10,League Two,0.25,0.75,3,1.25,1.62,4.0,1.33,9
Morecambe,8,3,1,4,8,11,-3,10,League Two,0.38,0.5,-3,1.25,1.0,2.63,2.0,9
Grimsby,8,3,1,4,7,11,-4,10,League Two,0.38,0.5,-4,1.25,0.88,2.63,2.0,9
Salford City,8,2,3,3,12,13,-1,9,League Two,0.25,0.62,-1,1.12,1.5,4.0,1.61,10
Cheltenham,8,2,3,3,10,12,-2,9,League Two,0.25,0.62,-2,1.12,1.25,4.0,1.61,10
Newport,8,2,2,4,8,13,-5,8,League Two,0.25,0.5,-5,1.0,1.0,4.0,2.0,11
Milton Keynes,8,2,2,4,6,11,-5,8,League Two,0.25,0.5,-5,1.0,0.75,4.0,2.0,11
Notts County,8,2,1,5,10,12,-2,7,League Two,0.25,0.38,-2,0.88,1.25,4.0,2.63,12
Crewe Alexandra,8,2,1,5,9,11,-2,7,League Two,0.25,0.38,-2,0.88,1.12,4.0,2.63,12
Walsall,8,1,3,4,10,13,-3,6,League Two,0.12,0.5,-3,0.75,1.25,8.33,2.0,13
Barnet,8,6,2,0,21,5,16,20,England - National League,0.75,1.0,16,2.5,2.62,1.33,1.0,1
Forest Green,8,5,2,1,14,7,7,17,England - National League,0.62,0.88,7,2.12,1.75,1.61,1.14,2
Boston Utd,8,5,2,1,13,6,7,17,England - National League,0.62,0.88,7,2.12,1.62,1.61,1.14,2
Wealdstone,8,5,2,1,16,11,5,17,England - National League,0.62,0.88,5,2.12,2.0,1.61,1.14,2
Rochdale,8,5,1,2,22,9,13,16,England - National League,0.62,0.75,13,2.0,2.75,1.61,1.33,3
Braintree Town,8,5,1,2,10,5,5,16,England - National League,0.62,0.75,5,2.0,1.25,1.61,1.33,3
York City,8,4,3,1,20,8,12,15,England - National League,0.5,0.88,12,1.88,2.5,2.0,1.14,4
Tamworth,8,4,3,1,18,11,7,15,England - National League,0.5,0.88,7,1.88,2.25,2.0,1.14,4
Aldershot Town,8,4,3,1,15,9,6,15,England - National League,0.5,0.88,6,1.88,1.88,2.0,1.14,4
Southend Utd,8,4,3,1,11,6,5,15,England - National League,0.5,0.88,5,1.88,1.38,2.0,1.14,4
Woking,8,4,3,1,10,5,5,15,England - National League,0.5,0.88,5,1.88,1.25,2.0,1.14,4
Oldham,8,4,1,3,10,8,2,13,England - National League,0.5,0.62,2,1.62,1.25,2.0,1.61,5
Hartlepool,8,3,3,2,13,10,3,12,England - National League,0.38,0.75,3,1.5,1.62,2.63,1.33,6
Eastleigh,8,3,3,2,10,7,3,12,England - National League,0.38,0.75,3,1.5,1.25,2.63,1.33,6
Dagenham & R.,8,3,2,3,14,12,2,11,England - National League,0.38,0.62,2,1.38,1.75,2.63,1.61,7
Yeovil Town,8,3,2,3,9,11,-2,11,England - National League,0.38,0.62,-2,1.38,1.12,2.63,1.61,7
Halifax Town,8,3,1,4,4,8,-4,10,England - National League,0.38,0.5,-4,1.25,0.5,2.63,2.0,8
Maidenhead Utd,8,2,3,3,13,12,1,9,England - National League,0.25,0.62,1,1.12,1.62,4.0,1.61,9
Ebbsfleet Utd,8,2,2,4,9,14,-5,8,England - National League,0.25,0.5,-5,1.0,1.12,4.0,2.0,10
Solihull Moors,8,2,2,4,8,13,-5,8,England - National League,0.25,0.5,-5,1.0,1.0,4.0,2.0,10
Gateshead FC,8,2,2,4,9,15,-6,8,England - National League,0.25,0.5,-6,1.0,1.12,4.0,2.0,10
Sutton Utd,8,1,4,3,7,12,-5,7,England - National League,0.12,0.62,-5,0.88,0.88,8.33,1.61,11
AFC Fylde,8,2,0,6,8,14,-6,6,England - National League,0.25,0.25,-6,0.75,1.0,4.0,4.0,12
Altrincham,8,1,2,5,7,11,-4,5,England - National League,0.12,0.38,-4,0.62,0.88,8.33,2.63,13
Chorley,8,7,1,0,24,4,20,22,England - National L. North,0.88,1.0,20,2.75,3.0,1.14,1.0,1
Scunthorpe,8,7,1,0,18,3,15,22,England - National L. North,0.88,1.0,15,2.75,2.25,1.14,1.0,1
Kidderminster,8,7,0,1,22,5,17,21,England - National L. North,0.88,0.88,17,2.62,2.75,1.14,1.14,2
Spennymoor,8,6,2,0,15,5,10,20,England - National L. North,0.75,1.0,10,2.5,1.88,1.33,1.0,3
Brackley Town,8,6,0,2,17,3,14,18,England - National L. North,0.75,0.75,14,2.25,2.12,1.33,1.33,4
Chester,8,5,3,0,15,6,9,18,England - National L. North,0.62,1.0,9,2.25,1.88,1.61,1.0,4
Marine,8,5,2,1,14,7,7,17,England - National L. North,0.62,0.88,7,2.12,1.75,1.61,1.14,5
Scarborough,8,5,1,2,14,6,8,16,England - National L. North,0.62,0.75,8,2.0,1.75,1.61,1.33,6
Hereford Utd,8,5,1,2,15,9,6,16,England - National L. North,0.62,0.75,6,2.0,1.88,1.61,1.33,6
Peterborough S.,8,4,3,1,13,7,6,15,England - National L. North,0.5,0.88,6,1.88,1.62,2.0,1.14,7
Darlington,8,4,3,1,16,12,4,15,England - National L. North,0.5,0.88,4,1.88,2.0,2.0,1.14,7
Buxton,8,4,2,2,7,4,3,14,England - National L. North,0.5,0.75,3,1.75,0.88,2.0,1.33,8
Alfreton Town,8,3,4,1,11,9,2,13,England - National L. North,0.38,0.88,2,1.62,1.38,2.63,1.14,9
Leamington,8,3,3,2,10,7,3,12,England - National L. North,0.38,0.75,3,1.5,1.25,2.63,1.33,10
Curzon,8,3,3,2,8,7,1,12,England - National L. North,0.38,0.75,1,1.5,1.0,2.63,1.33,10
Oxford City,8,3,2,3,10,12,-2,11,England - National L. North,0.38,0.62,-2,1.38,1.25,2.63,1.61,11
Kings Lynn,8,3,2,3,6,10,-4,11,England - National L. North,0.38,0.62,-4,1.38,0.75,2.63,1.61,11
Needham Market,8,3,1,4,11,9,2,10,England - National L. North,0.38,0.5,2,1.25,1.38,2.63,2.0,12
Radcliffe,8,3,1,4,11,10,1,10,England - National L. North,0.38,0.5,1,1.25,1.38,2.63,2.0,12
South Shields,8,3,1,4,6,11,-5,10,England - National L. North,0.38,0.5,-5,1.25,0.75,2.63,2.0,12
Southport,8,2,2,4,5,9,-4,8,England - National L. North,0.25,0.5,-4,1.0,0.62,4.0,2.0,13
Rushall,8,2,1,5,7,17,-10,7,England - National L. North,0.25,0.38,-10,0.88,0.88,4.0,2.63,14
Warrington,8,1,2,5,6,11,-5,5,England - National L. North,0.12,0.38,-5,0.62,0.75,8.33,2.63,15
Farsley Celtic,8,0,0,8,4,26,-22,0,England - National L. North,0.0,0.0,-22,0.0,0.5,0.0,0.0,16
Eastbourne,8,6,2,0,23,7,16,20,England - National L. South,0.75,1.0,16,2.5,2.88,1.33,1.0,1
Boreham Wood,8,6,0,2,15,3,12,18,England - National L. South,0.75,0.75,12,2.25,1.88,1.33,1.33,2
Dorking,8,5,2,1,17,9,8,17,England - National L. South,0.62,0.88,8,2.12,2.12,1.61,1.14,3
Torquay Utd,8,5,2,1,15,7,8,17,England - National L. South,0.62,0.88,8,2.12,1.88,1.61,1.14,3
Truro City,8,5,2,1,15,8,7,17,England - National L. South,0.62,0.88,7,2.12,1.88,1.61,1.14,3
Worthing,8,5,1,2,17,7,10,16,England - National L. South,0.62,0.75,10,2.0,2.12,1.61,1.33,4
Maidstone Utd,8,4,3,1,15,6,9,15,England - National L. South,0.5,0.88,9,1.88,1.88,2.0,1.14,5
St Albans,8,4,3,1,10,5,5,15,England - National L. South,0.5,0.88,5,1.88,1.25,2.0,1.14,5
Hemel Hempstead,8,4,3,1,12,8,4,15,England - National L. South,0.5,0.88,4,1.88,1.5,2.0,1.14,5
Slough Town,8,4,2,2,14,8,6,14,England - National L. South,0.5,0.75,6,1.75,1.75,2.0,1.33,6
Hornchurch,8,4,1,3,13,12,1,13,England - National L. South,0.5,0.62,1,1.62,1.62,2.0,1.61,7
Weston-s.-Mare,8,3,3,2,12,7,5,12,England - National L. South,0.38,0.75,5,1.5,1.5,2.63,1.33,8
Chelmsford City,8,3,2,3,12,9,3,11,England - National L. South,0.38,0.62,3,1.38,1.5,2.63,1.61,9
Weymouth,8,3,2,3,16,18,-2,11,England - National L. South,0.38,0.62,-2,1.38,2.0,2.63,1.61,9
Farnborough,8,3,1,4,12,13,-1,10,England - National L. South,0.38,0.5,-1,1.25,1.5,2.63,2.0,10
Chesham Utd,8,3,1,4,13,15,-2,10,England - National L. South,0.38,0.5,-2,1.25,1.62,2.63,2.0,10
Bath City,8,2,3,3,6,6,0,9,England - National L. South,0.25,0.62,0,1.12,0.75,4.0,1.61,11
Chippenham,8,2,2,4,6,13,-7,8,England - National L. South,0.25,0.5,-7,1.0,0.75,4.0,2.0,12
Enfield Town,8,2,2,4,7,18,-11,8,England - National L. South,0.25,0.5,-11,1.0,0.88,4.0,2.0,12
Welling Utd,8,1,4,3,7,11,-4,7,England - National L. South,0.12,0.62,-4,0.88,0.88,8.33,1.61,13
Salisbury,8,2,0,6,7,13,-6,6,England - National L. South,0.25,0.25,-6,0.75,0.88,4.0,4.0,14
Tonbridge,8,2,0,6,7,13,-6,6,England - National L. South,0.25,0.25,-6,0.75,0.88,4.0,4.0,14
Aveley,8,1,2,5,8,13,-5,5,England - National L. South,0.12,0.38,-5,0.62,1.0,8.33,2.63,15
Hampton & R.,8,1,0,7,10,24,-14,3,England - National L. South,0.12,0.12,-14,0.38,1.25,8.33,8.33,16
Carshalton,8,6,1,1,22,12,10,19,England - Isthmian league,0.75,0.88,10,2.38,2.75,1.33,1.14,1
Horsham,8,6,1,1,15,5,10,19,England - Isthmian league,0.75,0.88,10,2.38,1.88,1.33,1.14,1
Cray Wanderers,8,5,2,1,20,10,10,17,England - Isthmian league,0.62,0.88,10,2.12,2.5,1.61,1.14,2
Dartford,8,5,2,1,16,8,8,17,England - Isthmian league,0.62,0.88,8,2.12,2.0,1.61,1.14,2
Chichester City,8,5,1,2,16,9,7,16,England - Isthmian league,0.62,0.75,7,2.0,2.0,1.61,1.33,3
Cray Valley PM,8,4,3,1,13,6,7,15,England - Isthmian league,0.5,0.88,7,1.88,1.62,2.0,1.14,4
Wingate & F.,8,4,3,1,14,9,5,15,England - Isthmian league,0.5,0.88,5,1.88,1.75,2.0,1.14,4
Billericay Town,8,5,0,3,17,14,3,15,England - Isthmian league,0.62,0.62,3,1.88,2.12,1.61,1.61,4
Lewes,8,4,2,2,16,12,4,14,England - Isthmian league,0.5,0.75,4,1.75,2.0,2.0,1.33,5
Hashtag United,8,4,2,2,15,13,2,14,England - Isthmian league,0.5,0.75,2,1.75,1.88,2.0,1.33,5
Canvey Island,8,4,2,2,9,8,1,14,England - Isthmian league,0.5,0.75,1,1.75,1.12,2.0,1.33,5
Chatham Town,8,4,1,3,14,9,5,13,England - Isthmian league,0.5,0.62,5,1.62,1.75,2.0,1.61,6
Cheshunt,8,4,1,3,13,9,4,13,England - Isthmian league,0.5,0.62,4,1.62,1.62,2.0,1.61,6
Folkestone,8,4,1,3,13,12,1,13,England - Isthmian league,0.5,0.62,1,1.62,1.62,2.0,1.61,6
Dover Athletic,8,4,1,3,11,10,1,13,England - Isthmian league,0.5,0.62,1,1.62,1.38,2.0,1.61,6
Whitehawk,8,3,1,4,12,8,4,10,England - Isthmian league,0.38,0.5,4,1.25,1.5,2.63,2.0,7
Dulwich Hamlet,8,3,1,4,11,13,-2,10,England - Isthmian league,0.38,0.5,-2,1.25,1.38,2.63,2.0,7
Bognor Regis,8,3,1,4,7,12,-5,10,England - Isthmian league,0.38,0.5,-5,1.25,0.88,2.63,2.0,7
Hendon,8,2,2,4,16,20,-4,8,England - Isthmian league,0.25,0.5,-4,1.0,2.0,4.0,2.0,8
Potters Bar,8,2,1,5,7,12,-5,7,England - Isthmian league,0.25,0.38,-5,0.88,0.88,4.0,2.63,9
Hastings Utd,8,1,3,4,6,13,-7,6,England - Isthmian league,0.12,0.5,-7,0.75,0.75,8.33,2.0,10
Bowers & Pitsea,8,1,0,7,5,19,-14,3,England - Isthmian league,0.12,0.12,-14,0.38,0.62,8.33,8.33,11
Macclesfield,8,8,0,0,23,4,19,24,England - Northern league,1.0,1.0,19,3.0,2.88,1.0,1.0,1
Worksop Town,8,6,0,2,24,9,15,18,England - Northern league,0.75,0.75,15,2.25,3.0,1.33,1.33,2
Prescot Cables,8,6,0,2,9,3,6,18,England - Northern league,0.75,0.75,6,2.25,1.12,1.33,1.33,2
Ashton Utd,8,5,1,2,17,7,10,16,England - Northern league,0.62,0.75,10,2.0,2.12,1.61,1.33,3
Workington,8,5,1,2,17,7,10,16,England - Northern league,0.62,0.75,10,2.0,2.12,1.61,1.33,3
Ilkeston Town,8,4,3,1,15,8,7,15,England - Northern league,0.5,0.88,7,1.88,1.88,2.0,1.14,4
Bamber Bridge,8,5,0,3,14,10,4,15,England - Northern league,0.62,0.62,4,1.88,1.75,1.61,1.61,4
Gainsborough,8,4,2,2,11,8,3,14,England - Northern league,0.5,0.75,3,1.75,1.38,2.0,1.33,5
Stockton Town,8,4,2,2,11,8,3,14,England - Northern league,0.5,0.75,3,1.75,1.38,2.0,1.33,5
Leek Town,8,4,1,3,10,8,2,13,England - Northern league,0.5,0.62,2,1.62,1.25,2.0,1.61,6
Mickleover,8,4,1,3,10,9,1,13,England - Northern league,0.5,0.62,1,1.62,1.25,2.0,1.61,6
Morpeth Town,8,3,3,2,11,12,-1,12,England - Northern league,0.38,0.75,-1,1.5,1.38,2.63,1.33,7
Guiseley,8,3,2,3,8,9,-1,11,England - Northern league,0.38,0.62,-1,1.38,1.0,2.63,1.61,8
Basford Utd,8,3,2,3,12,14,-2,11,England - Northern league,0.38,0.62,-2,1.38,1.5,2.63,1.61,8
Hyde Utd,8,3,2,3,10,13,-3,11,England - Northern league,0.38,0.62,-3,1.38,1.25,2.63,1.61,8
Whitby Town,8,3,1,4,7,11,-4,10,England - Northern league,0.38,0.5,-4,1.25,0.88,2.63,2.0,9
Rylands,8,2,3,3,8,12,-4,9,England - Northern league,0.25,0.62,-4,1.12,1.0,4.0,1.61,10
FC United,8,2,2,4,12,16,-4,8,England - Northern league,0.25,0.5,-4,1.0,1.5,4.0,2.0,11
Lancaster City,8,2,2,4,8,13,-5,8,England - Northern league,0.25,0.5,-5,1.0,1.0,4.0,2.0,11
Matlock,8,1,4,3,9,10,-1,7,England - Northern league,0.12,0.62,-1,0.88,1.12,8.33,1.61,12
Hebburn Town,8,1,2,5,7,11,-4,5,England - Northern league,0.12,0.38,-4,0.62,0.88,8.33,2.63,13
Blyth Spartans,8,0,2,6,6,18,-12,2,England - Northern league,0.0,0.25,-12,0.25,0.75,0.0,4.0,14
Bedford Town,8,6,2,0,18,5,13,20,England - Southern Central,0.75,1.0,13,2.5,2.25,1.33,1.0,1
Telford Utd,8,5,3,0,20,6,14,18,England - Southern Central,0.62,1.0,14,2.25,2.5,1.61,1.0,2
Halesowen Town,8,5,3,0,16,6,10,18,England - Southern Central,0.62,1.0,10,2.25,2.0,1.61,1.0,2
Spalding United,8,5,2,1,15,5,10,17,England - Southern Central,0.62,0.88,10,2.12,1.88,1.61,1.14,3
Stratford Town,8,5,2,1,14,4,10,17,England - Southern Central,0.62,0.88,10,2.12,1.75,1.61,1.14,3
Harborough Town,8,5,1,2,11,6,5,16,England - Southern Central,0.62,0.75,5,2.0,1.38,1.61,1.33,4
Stamford,8,4,3,1,11,7,4,15,England - Southern Central,0.5,0.88,4,1.88,1.38,2.0,1.14,5
Stourbridge,8,4,2,2,12,8,4,14,England - Southern Central,0.5,0.75,4,1.75,1.5,2.0,1.33,6
Alvechurch,8,4,2,2,12,9,3,14,England - Southern Central,0.5,0.75,3,1.75,1.5,2.0,1.33,6
Royston,8,3,5,0,10,7,3,14,England - Southern Central,0.38,1.0,3,1.75,1.25,2.63,1.0,6
Redditch Utd,8,3,4,1,11,6,5,13,England - Southern Central,0.38,0.88,5,1.62,1.38,2.63,1.14,7
Kettering Town,8,3,4,1,13,9,4,13,England - Southern Central,0.38,0.88,4,1.62,1.62,2.63,1.14,7
Banbury Utd,8,3,4,1,8,4,4,13,England - Southern Central,0.38,0.88,4,1.62,1.0,2.63,1.14,7
Barwell,8,4,0,4,15,18,-3,12,England - Southern Central,0.5,0.5,-3,1.5,1.88,2.0,2.0,8
Bromsgrove,8,3,2,3,14,9,5,11,England - Southern Central,0.38,0.62,5,1.38,1.75,2.63,1.61,9
Hitchin Town,8,3,2,3,11,10,1,11,England - Southern Central,0.38,0.62,1,1.38,1.38,2.63,1.61,9
B. Stortford,8,3,2,3,12,12,0,11,England - Southern Central,0.38,0.62,0,1.38,1.5,2.63,1.61,9
St. Ives Town,8,1,5,2,11,13,-2,8,England - Southern Central,0.12,0.75,-2,1.0,1.38,8.33,1.33,10
AFC Sudbury,8,2,2,4,8,11,-3,8,England - Southern Central,0.25,0.5,-3,1.0,1.0,4.0,2.0,10
Leiston,8,2,1,5,12,17,-5,7,England - Southern Central,0.25,0.38,-5,0.88,1.5,4.0,2.63,11
Biggleswade,8,1,2,5,7,12,-5,5,England - Southern Central,0.12,0.38,-5,0.62,0.88,8.33,2.63,12
Lowestoft,8,1,2,5,8,19,-11,5,England - Southern Central,0.12,0.38,-11,0.62,1.0,8.33,2.63,12
Paide,6,5,1,0,14,2,12,16,Estonia - Meistriliiga,0.83,1.0,12,2.67,2.33,1.2,1.0,1
Levadia,5,4,1,0,13,2,11,13,Estonia - Meistriliiga,0.8,1.0,11,2.6,2.6,1.25,1.0,2
Nomme Kalju,5,3,1,1,14,5,9,10,Estonia - Meistriliiga,0.6,0.8,9,2.0,2.8,1.67,1.25,3
Flora,6,3,1,2,14,7,7,10,Estonia - Meistriliiga,0.5,0.67,7,1.67,2.33,2.0,1.49,3
Narva Trans,6,3,0,3,7,5,2,9,Estonia - Meistriliiga,0.5,0.5,2,1.5,1.17,2.0,2.0,4
Harju JK,5,2,0,3,7,7,0,6,Estonia - Meistriliiga,0.4,0.4,0,1.2,1.4,2.5,2.5,5
Kuressaare,5,2,0,3,5,7,-2,6,Estonia - Meistriliiga,0.4,0.4,-2,1.2,1.0,2.5,2.5,5
Tallinna Kalev,6,2,0,4,7,19,-12,6,Estonia - Meistriliiga,0.33,0.33,-12,1.0,1.17,3.03,3.03,5
Tammeka,5,1,0,4,5,12,-7,3,Estonia - Meistriliiga,0.2,0.2,-7,0.6,1.0,5.0,5.0,6
Vaprus,6,0,2,4,5,13,-8,2,Estonia - Meistriliiga,0.0,0.33,-8,0.33,0.83,0.0,3.03,7
Tartu Welco,5,4,1,0,11,5,6,13,Estonia - Esiliiga,0.8,1.0,6,2.6,2.2,1.25,1.0,1
Viimsi,5,3,2,0,14,5,9,11,Estonia - Esiliiga,0.6,1.0,9,2.2,2.8,1.67,1.0,2
Flora B,5,3,1,1,16,5,11,10,Estonia - Esiliiga,0.6,0.8,11,2.0,3.2,1.67,1.25,3
Nomme Utd,4,3,0,1,11,5,6,9,Estonia - Esiliiga,0.75,0.75,6,2.25,2.75,1.33,1.33,4
Elva,4,2,1,1,9,8,1,7,Estonia - Esiliiga,0.5,0.75,1,1.75,2.25,2.0,1.33,5
Levadia B,4,2,0,2,8,7,1,6,Estonia - Esiliiga,0.5,0.5,1,1.5,2.0,2.0,2.0,6
FC Tallinn,5,1,3,1,7,6,1,6,Estonia - Esiliiga,0.2,0.8,1,1.2,1.4,5.0,1.25,6
Tammeka B,4,1,0,3,5,5,0,3,Estonia - Esiliiga,0.25,0.25,0,0.75,1.25,4.0,4.0,7
Nomme Kalju B,5,1,0,4,4,12,-8,3,Estonia - Esiliiga,0.2,0.2,-8,0.6,0.8,5.0,5.0,7
Tallinna K. B,5,0,1,4,4,12,-8,1,Estonia - Esiliiga,0.0,0.2,-8,0.2,0.8,0.0,5.0,8
Klaksvik,5,5,0,0,21,2,19,15,FaroeIslands - Premier League,1.0,1.0,19,3.0,4.2,1.0,1.0,1
NSI Runavik,4,4,0,0,20,4,16,12,FaroeIslands - Premier League,1.0,1.0,16,3.0,5.0,1.0,1.0,2
HB Torshavn,5,3,0,2,13,14,-1,9,FaroeIslands - Premier League,0.6,0.6,-1,1.8,2.6,1.67,1.67,3
B68 Toftir,4,2,0,2,4,4,0,6,FaroeIslands - Premier League,0.5,0.5,0,1.5,1.0,2.0,2.0,4
Vikingur,3,1,1,1,4,4,0,4,FaroeIslands - Premier League,0.33,0.67,0,1.33,1.33,3.03,1.49,5
B36 Torshavn,4,1,1,2,4,6,-2,4,FaroeIslands - Premier League,0.25,0.5,-2,1.0,1.0,4.0,2.0,5
TB Tvoroyri,4,1,1,2,4,8,-4,4,FaroeIslands - Premier League,0.25,0.5,-4,1.0,1.0,4.0,2.0,5
Streymur,4,1,1,2,3,10,-7,4,FaroeIslands - Premier League,0.25,0.5,-7,1.0,0.75,4.0,2.0,5
Suduroy,4,1,0,3,1,8,-7,3,FaroeIslands - Premier League,0.25,0.25,-7,0.75,0.25,4.0,4.0,6
07 Vestur,3,0,0,3,3,7,-4,0,FaroeIslands - Premier League,0.0,0.0,-4,0.0,1.0,0.0,0.0,7
Skala,5,4,1,0,16,1,15,13,FaroeIslands - 1. Deild,0.8,1.0,15,2.6,3.2,1.25,1.0,1
B71 Sandur,4,4,0,0,9,2,7,12,FaroeIslands - 1. Deild,1.0,1.0,7,3.0,2.25,1.0,1.0,2
AB Argir,4,3,1,0,13,3,10,10,FaroeIslands - 1. Deild,0.75,1.0,10,2.5,3.25,1.33,1.0,3
Klaksvik B,5,3,0,2,8,6,2,9,FaroeIslands - 1. Deild,0.6,0.6,2,1.8,1.6,1.67,1.67,4
Streymur B,5,3,0,2,9,9,0,9,FaroeIslands - 1. Deild,0.6,0.6,0,1.8,1.8,1.67,1.67,4
Vikingur B,4,2,0,2,10,5,5,6,FaroeIslands - 1. Deild,0.5,0.5,5,1.5,2.5,2.0,2.0,5
IF Fuglafjordur,4,2,0,2,7,8,-1,6,FaroeIslands - 1. Deild,0.5,0.5,-1,1.5,1.75,2.0,2.0,5
NSI Runavik B,4,0,1,3,4,10,-6,1,FaroeIslands - 1. Deild,0.0,0.25,-6,0.25,1.0,0.0,4.0,6
B36 Torshavn B,3,0,1,2,2,12,-10,1,FaroeIslands - 1. Deild,0.0,0.33,-10,0.33,0.67,0.0,3.03,6
07 Vestur B,4,0,0,4,4,11,-7,0,FaroeIslands - 1. Deild,0.0,0.0,-7,0.0,1.0,0.0,0.0,7
KuPS,4,4,0,0,7,1,6,12,Finland - Veikkausliiga,1.0,1.0,6,3.0,1.75,1.0,1.0,1
SJK,3,2,1,0,6,3,3,7,Finland - Veikkausliiga,0.67,1.0,3,2.33,2.0,1.49,1.0,2
Ilves,2,2,0,0,5,3,2,6,Finland - Veikkausliiga,1.0,1.0,2,3.0,2.5,1.0,1.0,3
Haka,4,2,0,2,5,5,0,6,Finland - Veikkausliiga,0.5,0.5,0,1.5,1.25,2.0,2.0,3
VPS,3,2,0,1,5,5,0,6,Finland - Veikkausliiga,0.67,0.67,0,2.0,1.67,1.49,1.49,3
Inter Turku,3,1,2,0,5,2,3,5,Finland - Veikkausliiga,0.33,1.0,3,1.67,1.67,3.03,1.0,4
Gnistan,2,1,0,1,3,2,1,3,Finland - Veikkausliiga,0.5,0.5,1,1.5,1.5,2.0,2.0,5
HJK Helsinki,2,1,0,1,3,2,1,3,Finland - Veikkausliiga,0.5,0.5,1,1.5,1.5,2.0,2.0,5
Mariehamn,3,1,0,2,4,6,-2,3,Finland - Veikkausliiga,0.33,0.33,-2,1.0,1.33,3.03,3.03,5
KTP,4,0,1,3,3,11,-8,1,Finland - Veikkausliiga,0.0,0.25,-8,0.25,0.75,0.0,4.0,6
Jaro,1,0,0,1,2,3,-1,0,Finland - Veikkausliiga,0.0,0.0,-1,0.0,2.0,0.0,0.0,7
Oulu,1,0,0,1,1,4,-3,0,Finland - Veikkausliiga,0.0,0.0,-3,0.0,1.0,0.0,0.0,7
Ekenas IF,2,2,0,0,8,4,4,6,Finland - Ykkosliga,1.0,1.0,4,3.0,4.0,1.0,1.0,1
JIPPO,1,1,0,0,2,0,2,3,Finland - Ykkosliga,1.0,1.0,2,3.0,2.0,1.0,1.0,2
TPS,1,1,0,0,2,1,1,3,Finland - Ykkosliga,1.0,1.0,1,3.0,2.0,1.0,1.0,2
Lahti,1,1,0,0,1,0,1,3,Finland - Ykkosliga,1.0,1.0,1,3.0,1.0,1.0,1.0,2
PK-35,2,0,1,1,1,2,-1,1,Finland - Ykkosliga,0.0,0.5,-1,0.5,0.5,0.0,2.0,3
KaPa,2,0,1,1,1,4,-3,1,Finland - Ykkosliga,0.0,0.5,-3,0.5,0.5,0.0,2.0,3
SalPa,1,0,0,1,1,2,-1,0,Finland - Ykkosliga,0.0,0.0,-1,0.0,1.0,0.0,0.0,4
SJK Akatemia,2,0,0,2,4,6,-2,0,Finland - Ykkosliga,0.0,0.0,-2,0.0,2.0,0.0,0.0,4
Klubi-04,2,0,0,2,4,8,-4,0,Finland - Ykkosliga,0.0,0.0,-4,0.0,2.0,0.0,0.0,4
JaPS,1,0,0,1,0,6,-6,0,Finland - Ykkosliga,0.0,0.0,-6,0.0,0.0,0.0,0.0,4
KPV Kokkola,3,2,1,0,4,2,2,7,Finland - Ykkonen,0.67,1.0,2,2.33,1.33,1.49,1.0,1
Inter Turku B,3,2,0,1,8,3,5,6,Finland - Ykkonen,0.67,0.67,5,2.0,2.67,1.49,1.49,2
KuPS Ak.,2,2,0,0,4,2,2,6,Finland - Ykkonen,1.0,1.0,2,3.0,2.0,1.0,1.0,2
Tampere Utd,3,2,0,1,3,2,1,6,Finland - Ykkonen,0.67,0.67,1,2.0,1.0,1.49,1.49,2
OLS Oulu,2,1,1,0,6,2,4,4,Finland - Ykkonen,0.5,1.0,4,2.0,3.0,2.0,1.0,3
JJK,1,1,0,0,4,1,3,3,Finland - Ykkonen,1.0,1.0,3,3.0,4.0,1.0,1.0,4
EPS,2,1,0,1,3,2,1,3,Finland - Ykkonen,0.5,0.5,1,1.5,1.5,2.0,2.0,4
Rovaniemi,2,1,0,1,4,6,-2,3,Finland - Ykkonen,0.5,0.5,-2,1.5,2.0,2.0,2.0,4
PKKU,1,0,1,0,2,2,0,1,Finland - Ykkonen,0.0,1.0,0,1.0,2.0,0.0,1.0,5
Mikkelin,2,0,1,1,0,1,-1,1,Finland - Ykkonen,0.0,0.5,-1,0.5,0.0,0.0,2.0,5
Atlantis,2,0,0,2,2,5,-3,0,Finland - Ykkonen,0.0,0.0,-3,0.0,1.0,0.0,0.0,6
Jazz Pori,1,0,0,1,0,3,-3,0,Finland - Ykkonen,0.0,0.0,-3,0.0,0.0,0.0,0.0,6
VJS,2,2,0,0,10,2,8,6,Finland - Kakkonen Group A,1.0,1.0,8,3.0,5.0,1.0,1.0,1
GrIFK,2,2,0,0,7,1,6,6,Finland - Kakkonen Group A,1.0,1.0,6,3.0,3.5,1.0,1.0,1
Honka,1,1,0,0,5,0,5,3,Finland - Kakkonen Group A,1.0,1.0,5,3.0,5.0,1.0,1.0,2
PEPO,1,1,0,0,2,0,2,3,Finland - Kakkonen Group A,1.0,1.0,2,3.0,2.0,1.0,1.0,2
MYPA,1,1,0,0,2,1,1,3,Finland - Kakkonen Group A,1.0,1.0,1,3.0,2.0,1.0,1.0,2
Vaajakoski,1,0,1,0,3,3,0,1,Finland - Kakkonen Group A,0.0,1.0,0,1.0,3.0,0.0,1.0,3
HaPK,2,0,1,1,1,4,-3,1,Finland - Kakkonen Group A,0.0,0.5,-3,0.5,0.5,0.0,2.0,3
PuiU Helsinki,1,0,0,1,0,3,-3,0,Finland - Kakkonen Group A,0.0,0.0,-3,0.0,0.0,0.0,0.0,4
Reipas,2,0,0,2,1,5,-4,0,Finland - Kakkonen Group A,0.0,0.0,-4,0.0,0.5,0.0,0.0,4
JPS,2,0,0,2,0,8,-8,0,Finland - Kakkonen Group A,0.0,0.0,-8,0.0,0.0,0.0,0.0,4
Ilves B,2,2,0,0,10,1,9,6,Finland - Kakkonen Group B,1.0,1.0,9,3.0,5.0,1.0,1.0,1
TPV,1,1,0,0,4,0,4,3,Finland - Kakkonen Group B,1.0,1.0,4,3.0,4.0,1.0,1.0,2
P-Iirot,1,1,0,0,3,0,3,3,Finland - Kakkonen Group B,1.0,1.0,3,3.0,3.0,1.0,1.0,2
PPJ,1,1,0,0,3,2,1,3,Finland - Kakkonen Group B,1.0,1.0,1,3.0,3.0,1.0,1.0,2
Atlantis B,2,1,0,1,5,5,0,3,Finland - Kakkonen Group B,0.5,0.5,0,1.5,2.5,2.0,2.0,2
HJS,2,0,1,1,5,7,-2,1,Finland - Kakkonen Group B,0.0,0.5,-2,0.5,2.5,0.0,2.0,3
MuSa,1,0,0,1,1,2,-1,0,Finland - Kakkonen Group B,0.0,0.0,-1,0.0,1.0,0.0,0.0,4
NJS,1,0,0,1,1,2,-1,0,Finland - Kakkonen Group B,0.0,0.0,-1,0.0,1.0,0.0,0.0,4
Kiffen,2,0,0,2,3,5,-2,0,Finland - Kakkonen Group B,0.0,0.0,-2,0.0,1.5,0.0,0.0,4
HPS,2,0,0,2,1,4,-3,0,Finland - Kakkonen Group B,0.0,0.0,-3,0.0,0.5,0.0,0.0,4
SJK Akatemia B,2,2,0,0,9,2,7,6,Finland - Kakkonen Group C,1.0,1.0,7,3.0,4.5,1.0,1.0,1
VPS B,2,1,1,0,12,3,9,4,Finland - Kakkonen Group C,0.5,1.0,9,2.0,6.0,2.0,1.0,2
OsPa,2,1,1,0,7,2,5,4,Finland - Kakkonen Group C,0.5,1.0,5,2.0,3.5,2.0,1.0,2
JBK,1,1,0,0,3,2,1,3,Finland - Kakkonen Group C,1.0,1.0,1,3.0,3.0,1.0,1.0,3
JS Hercules,1,1,0,0,3,2,1,3,Finland - Kakkonen Group C,1.0,1.0,1,3.0,3.0,1.0,1.0,3
TP-47,1,1,0,0,3,2,1,3,Finland - Kakkonen Group C,1.0,1.0,1,3.0,3.0,1.0,1.0,3
VIFK,1,0,1,0,1,1,0,1,Finland - Kakkonen Group C,0.0,1.0,0,1.0,1.0,0.0,1.0,4
GBK Kokkola,2,0,1,1,1,4,-3,1,Finland - Kakkonen Group C,0.0,0.5,-3,0.5,0.5,0.0,2.0,4
Narpes Kraft,1,0,0,1,2,3,-1,0,Finland - Kakkonen Group C,0.0,0.0,-1,0.0,2.0,0.0,0.0,5
Kuopion Elo,2,0,0,2,4,9,-5,0,Finland - Kakkonen Group C,0.0,0.0,-5,0.0,2.0,0.0,0.0,5
Strasbourg,8,6,2,0,17,8,9,20,France - Ligue 1,0.75,1.0,9,2.5,2.12,1.33,1.0,1
Monaco,8,6,1,1,24,10,14,19,France - Ligue 1,0.75,0.88,14,2.38,3.0,1.33,1.14,2
Marseille,8,6,1,1,23,9,14,19,France - Ligue 1,0.75,0.88,14,2.38,2.88,1.33,1.14,2
Paris SG,8,6,1,1,18,9,9,19,France - Ligue 1,0.75,0.88,9,2.38,2.25,1.33,1.14,2
Lille,8,6,1,1,15,7,8,19,France - Ligue 1,0.75,0.88,8,2.38,1.88,1.33,1.14,2
Lyon,8,5,1,2,19,10,9,16,France - Ligue 1,0.62,0.75,9,2.0,2.38,1.61,1.33,3
Nice,8,5,1,2,11,6,5,16,France - Ligue 1,0.62,0.75,5,2.0,1.38,1.61,1.33,3
Brest,8,4,2,2,12,12,0,14,France - Ligue 1,0.5,0.75,0,1.75,1.5,2.0,1.33,4
Auxerre,8,2,3,3,9,9,0,9,France - Ligue 1,0.25,0.62,0,1.12,1.12,4.0,1.61,5
Nantes,8,2,3,3,6,7,-1,9,France - Ligue 1,0.25,0.62,-1,1.12,0.75,4.0,1.61,5
Rennes,8,3,0,5,7,12,-5,9,France - Ligue 1,0.38,0.38,-5,1.12,0.88,2.63,2.63,5
Lens,8,3,0,5,7,14,-7,9,France - Ligue 1,0.38,0.38,-7,1.12,0.88,2.63,2.63,5
Reims,8,2,1,5,8,12,-4,7,France - Ligue 1,0.25,0.38,-4,0.88,1.0,4.0,2.63,6
Angers,8,2,1,5,5,14,-9,7,France - Ligue 1,0.25,0.38,-9,0.88,0.62,4.0,2.63,6
Saint-Etienne,8,1,3,4,12,22,-10,6,France - Ligue 1,0.12,0.5,-10,0.75,1.5,8.33,2.0,7
Toulouse,8,1,2,5,9,14,-5,5,France - Ligue 1,0.12,0.38,-5,0.62,1.12,8.33,2.63,8
Le Havre,8,1,2,5,9,19,-10,5,France - Ligue 1,0.12,0.38,-10,0.62,1.12,8.33,2.63,8
Montpellier,8,1,1,6,4,18,-14,4,France - Ligue 1,0.12,0.25,-14,0.5,0.5,8.33,4.0,9
Paris FC,8,8,0,0,19,6,13,24,France - Ligue 2,1.0,1.0,13,3.0,2.38,1.0,1.0,1
Lorient,8,6,1,1,22,5,17,19,France - Ligue 2,0.75,0.88,17,2.38,2.75,1.33,1.14,2
Amiens,8,6,0,2,14,11,3,18,France - Ligue 2,0.75,0.75,3,2.25,1.75,1.33,1.33,3
Metz,8,5,2,1,21,10,11,17,France - Ligue 2,0.62,0.88,11,2.12,2.62,1.61,1.14,4
SC Bastia,8,5,2,1,17,7,10,17,France - Ligue 2,0.62,0.88,10,2.12,2.12,1.61,1.14,4
AC Ajaccio,8,5,1,2,13,10,3,16,France - Ligue 2,0.62,0.75,3,2.0,1.62,1.61,1.33,5
USL Dunkerque,8,4,1,3,11,6,5,13,France - Ligue 2,0.5,0.62,5,1.62,1.38,2.0,1.61,6
Guingamp,8,4,1,3,13,10,3,13,France - Ligue 2,0.5,0.62,3,1.62,1.62,2.0,1.61,6
Laval,8,4,1,3,9,6,3,13,France - Ligue 2,0.5,0.62,3,1.62,1.12,2.0,1.61,6
Rodez Aveyron,8,3,3,2,13,10,3,12,France - Ligue 2,0.38,0.75,3,1.5,1.62,2.63,1.33,7
Grenoble,8,3,3,2,11,9,2,12,France - Ligue 2,0.38,0.75,2,1.5,1.38,2.63,1.33,7
Pau FC,8,3,3,2,8,12,-4,12,France - Ligue 2,0.38,0.75,-4,1.5,1.0,2.63,1.33,7
Troyes,8,3,2,3,8,5,3,11,France - Ligue 2,0.38,0.62,3,1.38,1.0,2.63,1.61,8
Martigues,8,3,2,3,12,10,2,11,France - Ligue 2,0.38,0.62,2,1.38,1.5,2.63,1.61,8
Red Star,8,3,2,3,10,9,1,11,France - Ligue 2,0.38,0.62,1,1.38,1.25,2.63,1.61,8
Annecy,8,2,3,3,8,11,-3,9,France - Ligue 2,0.25,0.62,-3,1.12,1.0,4.0,1.61,9
Clermont,8,1,4,3,6,9,-3,7,France - Ligue 2,0.12,0.62,-3,0.88,0.75,8.33,1.61,10
Caen,8,0,3,5,5,13,-8,3,France - Ligue 2,0.0,0.38,-8,0.38,0.62,0.0,2.63,11
Nancy,8,7,0,1,14,5,9,21,France - National,0.88,0.88,9,2.62,1.75,1.14,1.14,1
Le Mans,8,5,3,0,14,5,9,18,France - National,0.62,1.0,9,2.25,1.75,1.61,1.0,2
Chateauroux,8,4,3,1,14,11,3,15,France - National,0.5,0.88,3,1.88,1.75,2.0,1.14,3
Rouen,8,4,2,2,13,11,2,14,France - National,0.5,0.75,2,1.75,1.62,2.0,1.33,4
Aubagne,8,4,1,3,13,9,4,13,France - National,0.5,0.62,4,1.62,1.62,2.0,1.61,5
Concarneau,8,3,3,2,15,11,4,12,France - National,0.38,0.75,4,1.5,1.88,2.63,1.33,6
Versailles,8,3,3,2,14,10,4,12,France - National,0.38,0.75,4,1.5,1.75,2.63,1.33,6
Boulogne,8,3,3,2,13,11,2,12,France - National,0.38,0.75,2,1.5,1.62,2.63,1.33,6
Paris 13 A.,8,3,3,2,8,7,1,12,France - National,0.38,0.75,1,1.5,1.0,2.63,1.33,6
Bourg-en-Bresse,8,2,5,1,3,2,1,11,France - National,0.25,0.88,1,1.38,0.38,4.0,1.14,7
Dijon,8,3,2,3,13,13,0,11,France - National,0.38,0.62,0,1.38,1.62,2.63,1.61,7
Nimes,8,2,4,2,6,5,1,10,France - National,0.25,0.75,1,1.25,0.75,4.0,1.33,8
Valenciennes,8,2,4,2,5,5,0,10,France - National,0.25,0.75,0,1.25,0.62,4.0,1.33,8
Villefranche,8,2,3,3,7,9,-2,9,France - National,0.25,0.62,-2,1.12,0.88,4.0,1.61,9
Quevilly Rouen,8,3,0,5,6,9,-3,9,France - National,0.38,0.38,-3,1.12,0.75,2.63,2.63,9
Sochaux,8,1,5,2,7,8,-1,8,France - National,0.12,0.75,-1,1.0,0.88,8.33,1.33,10
Orleans,8,1,3,4,11,17,-6,6,France - National,0.12,0.5,-6,0.75,1.38,8.33,2.0,11
Iberia,6,5,1,0,12,2,10,16,Georgia - Erovnuli Liga,0.83,1.0,10,2.67,2.0,1.2,1.0,1
Dinamo Tbilisi,7,5,1,1,12,6,6,16,Georgia - Erovnuli Liga,0.71,0.86,6,2.29,1.71,1.41,1.16,1
Dinamo Batumi,7,5,1,1,11,5,6,16,Georgia - Erovnuli Liga,0.71,0.86,6,2.29,1.57,1.41,1.16,1
Dila Gori,7,4,1,2,13,5,8,13,Georgia - Erovnuli Liga,0.57,0.71,8,1.86,1.86,1.75,1.41,2
Samgurali,7,2,2,3,10,5,5,8,Georgia - Erovnuli Liga,0.29,0.57,5,1.14,1.43,3.45,1.75,3
Gareji Sagarejo,6,2,2,2,7,5,2,8,Georgia - Erovnuli Liga,0.33,0.67,2,1.33,1.17,3.03,1.49,3
Telavi,6,2,2,2,4,5,-1,8,Georgia - Erovnuli Liga,0.33,0.67,-1,1.33,0.67,3.03,1.49,3
Kolkheti Poti,7,2,2,3,5,8,-3,8,Georgia - Erovnuli Liga,0.29,0.57,-3,1.14,0.71,3.45,1.75,3
Torpedo Kutaisi,6,2,1,3,7,7,0,7,Georgia - Erovnuli Liga,0.33,0.5,0,1.17,1.17,3.03,2.0,4
Gagra,6,0,2,4,2,10,-8,2,Georgia - Erovnuli Liga,0.0,0.33,-8,0.33,0.33,0.0,3.03,5
Spaeri,5,3,2,0,12,5,7,11,Georgia - Erovnuli Liga 2,0.6,1.0,7,2.2,2.4,1.67,1.0,1
Bolnisi,5,3,1,1,7,3,4,10,Georgia - Erovnuli Liga 2,0.6,0.8,4,2.0,1.4,1.67,1.25,2
Rustavi,5,3,1,1,8,6,2,10,Georgia - Erovnuli Liga 2,0.6,0.8,2,2.0,1.6,1.67,1.25,2
Iberia B,5,2,1,2,5,4,1,7,Georgia - Erovnuli Liga 2,0.4,0.6,1,1.4,1.0,2.5,1.67,3
Merani Martvili,5,2,1,2,8,10,-2,7,Georgia - Erovnuli Liga 2,0.4,0.6,-2,1.4,1.6,2.5,1.67,3
L. Tbilisi,5,1,3,1,9,8,1,6,Georgia - Erovnuli Liga 2,0.2,0.8,1,1.2,1.8,5.0,1.25,4
Meshakhte,5,0,4,1,4,5,-1,4,Georgia - Erovnuli Liga 2,0.0,0.8,-1,0.8,0.8,0.0,1.25,5
Samtredia,5,0,4,1,3,4,-1,4,Georgia - Erovnuli Liga 2,0.0,0.8,-1,0.8,0.6,0.0,1.25,5
Gonio,5,1,1,3,5,8,-3,4,Georgia - Erovnuli Liga 2,0.2,0.4,-3,0.8,1.0,5.0,2.5,5
D. Tbilisi B,5,0,2,3,2,5,-3,2,Georgia - Erovnuli Liga 2,0.0,0.4,-3,0.4,0.4,0.0,2.5,6
Bayern Munich,8,6,1,1,24,12,12,19,Germany - Bundesliga,0.75,0.88,12,2.38,3.0,1.33,1.14,1
Leverkusen,8,5,2,1,12,5,7,17,Germany - Bundesliga,0.62,0.88,7,2.12,1.5,1.61,1.14,2
E. Frankfurt,8,5,1,2,16,8,8,16,Germany - Bundesliga,0.62,0.75,8,2.0,2.0,1.61,1.33,3
FSV Mainz,8,3,5,0,12,6,6,14,Germany - Bundesliga,0.38,1.0,6,1.75,1.5,2.63,1.0,4
Dortmund,8,4,1,3,21,11,10,13,Germany - Bundesliga,0.5,0.62,10,1.62,2.62,2.0,1.61,5
RB Leipzig,8,3,4,1,16,11,5,13,Germany - Bundesliga,0.38,0.88,5,1.62,2.0,2.63,1.14,5
Freiburg,8,3,2,3,14,12,2,11,Germany - Bundesliga,0.38,0.62,2,1.38,1.75,2.63,1.61,6
Union Berlin,8,2,4,2,11,11,0,10,Germany - Bundesliga,0.25,0.75,0,1.25,1.38,4.0,1.33,7
Werder Bremen,8,3,1,4,8,11,-3,10,Germany - Bundesliga,0.38,0.5,-3,1.25,1.0,2.63,2.0,7
Sankt Pauli,8,2,3,3,7,7,0,9,Germany - Bundesliga,0.25,0.62,0,1.12,0.88,4.0,1.61,8
FC Augsburg,8,2,3,3,5,8,-3,9,Germany - Bundesliga,0.25,0.62,-3,1.12,0.62,4.0,1.61,8
Monchengladbach,8,2,2,4,11,14,-3,8,Germany - Bundesliga,0.25,0.5,-3,1.0,1.38,4.0,2.0,9
Holstein Kiel,8,2,2,4,14,19,-5,8,Germany - Bundesliga,0.25,0.5,-5,1.0,1.75,4.0,2.0,9
Wolfsburg,8,1,4,3,11,10,1,7,Germany - Bundesliga,0.12,0.62,1,0.88,1.38,8.33,1.61,10
Hoffenheim,8,1,4,3,9,13,-4,7,Germany - Bundesliga,0.12,0.62,-4,0.88,1.12,8.33,1.61,10
Stuttgart,8,2,0,6,13,15,-2,6,Germany - Bundesliga,0.25,0.25,-2,0.75,1.62,4.0,4.0,11
Bochum,8,1,2,5,8,15,-7,5,Germany - Bundesliga,0.12,0.38,-7,0.62,1.0,8.33,2.63,12
Heidenheim,8,1,1,6,4,15,-11,4,Germany - Bundesliga,0.12,0.25,-11,0.5,0.5,8.33,4.0,13
Kaiserslautern,8,5,2,1,14,7,7,17,Germany - 2. Bundesliga,0.62,0.88,7,2.12,1.75,1.61,1.14,1
FC Koln,8,5,2,1,12,6,6,17,Germany - 2. Bundesliga,0.62,0.88,6,2.12,1.5,1.61,1.14,1
Regensburg,8,4,3,1,10,5,5,15,Germany - 2. Bundesliga,0.5,0.88,5,1.88,1.25,2.0,1.14,2
Darmstadt,8,5,0,3,14,10,4,15,Germany - 2. Bundesliga,0.62,0.62,4,1.88,1.75,1.61,1.61,2
Hamburger SV,8,4,2,2,18,9,9,14,Germany - 2. Bundesliga,0.5,0.75,9,1.75,2.25,2.0,1.33,3
Karlsruher SC,8,4,2,2,10,8,2,14,Germany - 2. Bundesliga,0.5,0.75,2,1.75,1.25,2.0,1.33,3
Dusseldorf,8,4,2,2,15,15,0,14,Germany - 2. Bundesliga,0.5,0.75,0,1.75,1.88,2.0,1.33,3
Magdeburg,8,4,1,3,16,14,2,13,Germany - 2. Bundesliga,0.5,0.62,2,1.62,2.0,2.0,1.61,4
Schalke 04,8,4,1,3,13,14,-1,13,Germany - 2. Bundesliga,0.5,0.62,-1,1.62,1.62,2.0,1.61,4
Greuther Furth,8,3,3,2,13,11,2,12,Germany - 2. Bundesliga,0.38,0.75,2,1.5,1.62,2.63,1.33,5
FC Nurnberg,8,4,0,4,12,12,0,12,Germany - 2. Bundesliga,0.5,0.5,0,1.5,1.5,2.0,2.0,5
Braunschweig,8,3,3,2,11,12,-1,12,Germany - 2. Bundesliga,0.38,0.75,-1,1.5,1.38,2.63,1.33,5
Elversberg,8,3,2,3,18,13,5,11,Germany - 2. Bundesliga,0.38,0.62,5,1.38,2.25,2.63,1.61,6
Paderborn,8,3,1,4,14,12,2,10,Germany - 2. Bundesliga,0.38,0.5,2,1.25,1.75,2.63,2.0,7
Ulm,8,3,1,4,11,10,1,10,Germany - 2. Bundesliga,0.38,0.5,1,1.25,1.38,2.63,2.0,7
Preuss. Munster,8,2,4,2,8,7,1,10,Germany - 2. Bundesliga,0.25,0.75,1,1.25,1.0,4.0,1.33,7
Hertha Berlin,8,2,3,3,9,9,0,9,Germany - 2. Bundesliga,0.25,0.62,0,1.12,1.12,4.0,1.61,8
Hannover 96,8,1,6,1,7,8,-1,9,Germany - 2. Bundesliga,0.12,0.88,-1,1.12,0.88,8.33,1.14,8
Bielefeld,8,5,2,1,21,10,11,17,Germany - 3. Liga,0.62,0.88,11,2.12,2.62,1.61,1.14,1
Dynamo Dresden,8,5,2,1,16,7,9,17,Germany - 3. Liga,0.62,0.88,9,2.12,2.0,1.61,1.14,1
Hansa Rostock,8,5,2,1,14,6,8,17,Germany - 3. Liga,0.62,0.88,8,2.12,1.75,1.61,1.14,1
RW Essen,8,5,2,1,16,9,7,17,Germany - 3. Liga,0.62,0.88,7,2.12,2.0,1.61,1.14,1
Erzgebirge Aue,8,5,2,1,9,5,4,17,Germany - 3. Liga,0.62,0.88,4,2.12,1.12,1.61,1.14,1
Verl,8,5,1,2,15,9,6,16,Germany - 3. Liga,0.62,0.75,6,2.0,1.88,1.61,1.33,2
1860 Munchen,8,5,1,2,14,10,4,16,Germany - 3. Liga,0.62,0.75,4,2.0,1.75,1.61,1.33,2
VfB Stuttgart B,8,5,1,2,13,9,4,16,Germany - 3. Liga,0.62,0.75,4,2.0,1.62,1.61,1.33,2
Saarbrucken,8,5,1,2,16,13,3,16,Germany - 3. Liga,0.62,0.75,3,2.0,2.0,1.61,1.33,2
Viktoria Koln,8,5,0,3,12,8,4,15,Germany - 3. Liga,0.62,0.62,4,1.88,1.5,1.61,1.61,3
Alemannia A.,8,4,2,2,9,6,3,14,Germany - 3. Liga,0.5,0.75,3,1.75,1.12,2.0,1.33,4
FC Ingolstadt,8,4,2,2,13,13,0,14,Germany - 3. Liga,0.5,0.75,0,1.75,1.62,2.0,1.33,4
Osnabruck,8,4,1,3,6,4,2,13,Germany - 3. Liga,0.5,0.62,2,1.62,0.75,2.0,1.61,5
Energie Cottbus,8,4,1,3,10,10,0,13,Germany - 3. Liga,0.5,0.62,0,1.62,1.25,2.0,1.61,5
Wehen Wiesbaden,8,3,3,2,13,10,3,12,Germany - 3. Liga,0.38,0.75,3,1.5,1.62,2.63,1.33,6
Mannheim,8,3,3,2,12,10,2,12,Germany - 3. Liga,0.38,0.75,2,1.5,1.5,2.63,1.33,6
Dortmund B,8,2,2,4,9,16,-7,8,Germany - 3. Liga,0.25,0.5,-7,1.0,1.12,4.0,2.0,7
Hannover 96 B,8,1,4,3,11,17,-6,7,Germany - 3. Liga,0.12,0.62,-6,0.88,1.38,8.33,1.61,8
Unterhaching,8,1,2,5,9,14,-5,5,Germany - 3. Liga,0.12,0.38,-5,0.62,1.12,8.33,2.63,9
Sandhausen,8,1,1,6,7,16,-9,4,Germany - 3. Liga,0.12,0.25,-9,0.5,0.88,8.33,4.0,10
Medeama,8,7,1,0,19,4,15,22,Ghana - Premier League,0.88,1.0,15,2.75,2.38,1.14,1.0,1
Asante Kotoko,8,7,1,0,13,2,11,22,Ghana - Premier League,0.88,1.0,11,2.75,1.62,1.14,1.0,1
Berekum Chelsea,8,6,2,0,11,2,9,20,Ghana - Premier League,0.75,1.0,9,2.5,1.38,1.33,1.0,2
Dreams,8,6,2,0,11,2,9,20,Ghana - Premier League,0.75,1.0,9,2.5,1.38,1.33,1.0,2
Aduana Stars,8,6,1,1,14,5,9,19,Ghana - Premier League,0.75,0.88,9,2.38,1.75,1.33,1.14,3
Bechem Utd,8,6,0,2,13,4,9,18,Ghana - Premier League,0.75,0.75,9,2.25,1.62,1.33,1.33,4
Vision,8,5,3,0,13,7,6,18,Ghana - Premier League,0.62,1.0,6,2.25,1.62,1.61,1.0,4
Nations,8,6,0,2,11,5,6,18,Ghana - Premier League,0.75,0.75,6,2.25,1.38,1.33,1.33,4
Holy Stars,8,5,2,1,11,3,8,17,Ghana - Premier League,0.62,0.88,8,2.12,1.38,1.61,1.14,5
Bibiani GS,8,5,2,1,8,3,5,17,Ghana - Premier League,0.62,0.88,5,2.12,1.0,1.61,1.14,5
Samartex,8,4,4,0,12,4,8,16,Ghana - Premier League,0.5,1.0,8,2.0,1.5,2.0,1.0,6
Young Apostles,8,4,4,0,7,2,5,16,Ghana - Premier League,0.5,1.0,5,2.0,0.88,2.0,1.0,6
Accra Lions,8,5,1,2,12,8,4,16,Ghana - Premier League,0.62,0.75,4,2.0,1.5,1.61,1.33,6
Heart of Lions,8,5,1,2,11,7,4,16,Ghana - Premier League,0.62,0.75,4,2.0,1.38,1.61,1.33,6
Karela,8,4,3,1,12,7,5,15,Ghana - Premier League,0.5,0.88,5,1.88,1.5,2.0,1.14,7
Hearts of Oak,8,4,2,2,5,2,3,14,Ghana - Premier League,0.5,0.75,3,1.75,0.62,2.0,1.33,8
Legon Cities,8,4,1,3,10,6,4,13,Ghana - Premier League,0.5,0.62,4,1.62,1.25,2.0,1.61,9
Nsoatreman,8,2,1,5,3,14,-11,7,Ghana - Premier League,0.25,0.38,-11,0.88,0.38,4.0,2.63,10
Lincoln RI,8,7,0,1,19,4,15,21,Gibraltar - Premier Division,0.88,0.88,15,2.62,2.38,1.14,1.14,1
St Josephs,8,6,1,1,15,5,10,19,Gibraltar - Premier Division,0.75,0.88,10,2.38,1.88,1.33,1.14,2
Europa FC,8,6,0,2,24,9,15,18,Gibraltar - Premier Division,0.75,0.75,15,2.25,3.0,1.33,1.33,3
Magpies,8,4,0,4,14,13,1,12,Gibraltar - Premier Division,0.5,0.5,1,1.5,1.75,2.0,2.0,4
Lynx,8,4,0,4,13,22,-9,12,Gibraltar - Premier Division,0.5,0.5,-9,1.5,1.62,2.0,2.0,4
Manchester 62,8,3,2,3,15,11,4,11,Gibraltar - Premier Division,0.38,0.62,4,1.38,1.88,2.63,1.61,5
Lions FC,8,3,0,5,14,19,-5,9,Gibraltar - Premier Division,0.38,0.38,-5,1.12,1.75,2.63,2.63,6
Glacis Utd,8,3,0,5,12,22,-10,9,Gibraltar - Premier Division,0.38,0.38,-10,1.12,1.5,2.63,2.63,6
College 1975,8,2,2,4,7,14,-7,8,Gibraltar - Premier Division,0.25,0.5,-7,1.0,0.88,4.0,2.0,7
Mons Calpe,8,2,0,6,9,21,-12,6,Gibraltar - Premier Division,0.25,0.25,-12,0.75,1.12,4.0,4.0,8
Europa Point,8,0,2,6,6,32,-26,2,Gibraltar - Premier Division,0.0,0.25,-26,0.25,0.75,0.0,4.0,9
Panathinaikos,8,8,0,0,17,6,11,24,Greece - Super League,1.0,1.0,11,3.0,2.12,1.0,1.0,1
Olympiakos,8,6,2,0,16,8,8,20,Greece - Super League,0.75,1.0,8,2.5,2.0,1.33,1.0,2
PAOK,8,6,0,2,19,6,13,18,Greece - Super League,0.75,0.75,13,2.25,2.38,1.33,1.33,3
Panserraikos,8,4,3,1,13,9,4,15,Greece - Super League,0.5,0.88,4,1.88,1.62,2.0,1.14,4
Aris,8,4,2,2,7,5,2,14,Greece - Super League,0.5,0.75,2,1.75,0.88,2.0,1.33,5
OFI Crete,8,4,1,3,13,12,1,13,Greece - Super League,0.5,0.62,1,1.62,1.62,2.0,1.61,6
AEK Athens,8,4,0,4,13,9,4,12,Greece - Super League,0.5,0.5,4,1.5,1.62,2.0,2.0,7
Asteras T.,8,4,0,4,8,9,-1,12,Greece - Super League,0.5,0.5,-1,1.5,1.0,2.0,2.0,7
A. Kallithea,8,3,2,3,8,10,-2,11,Greece - Super League,0.38,0.62,-2,1.38,1.0,2.63,1.61,8
Levadiakos,8,3,1,4,10,7,3,10,Greece - Super League,0.38,0.5,3,1.25,1.25,2.63,2.0,9
Panaitolikos,8,3,1,4,5,6,-1,10,Greece - Super League,0.38,0.5,-1,1.25,0.62,2.63,2.0,9
Volos,8,2,2,4,8,9,-1,8,Greece - Super League,0.25,0.5,-1,1.0,1.0,4.0,2.0,10
Atromitos,8,2,2,4,6,8,-2,8,Greece - Super League,0.25,0.5,-2,1.0,0.75,4.0,2.0,10
Lamia,8,2,0,6,7,16,-9,6,Greece - Super League,0.25,0.25,-9,0.75,0.88,4.0,4.0,11
Municipal,8,6,2,0,20,5,15,20,Guatemala - Liga Nacional - Apertura,0.75,1.0,15,2.5,2.5,1.33,1.0,1
Xelaju,8,6,2,0,18,4,14,20,Guatemala - Liga Nacional - Apertura,0.75,1.0,14,2.5,2.25,1.33,1.0,1
Antigua GFC,8,5,2,1,18,9,9,17,Guatemala - Liga Nacional - Apertura,0.62,0.88,9,2.12,2.25,1.61,1.14,2
Malacateco,8,5,1,2,12,3,9,16,Guatemala - Liga Nacional - Apertura,0.62,0.75,9,2.0,1.5,1.61,1.33,3
Xinabajul,8,5,1,2,15,9,6,16,Guatemala - Liga Nacional - Apertura,0.62,0.75,6,2.0,1.88,1.61,1.33,3
Coban Imperial,8,4,3,1,17,8,9,15,Guatemala - Liga Nacional - Apertura,0.5,0.88,9,1.88,2.12,2.0,1.14,4
Mixco,8,4,3,1,7,3,4,15,Guatemala - Liga Nacional - Apertura,0.5,0.88,4,1.88,0.88,2.0,1.14,4
Achuapa,8,3,4,1,10,7,3,13,Guatemala - Liga Nacional - Apertura,0.38,0.88,3,1.62,1.25,2.63,1.14,5
Comunicaciones,8,4,1,3,13,11,2,13,Guatemala - Liga Nacional - Apertura,0.5,0.62,2,1.62,1.62,2.0,1.61,5
Guastatoya,8,2,4,2,12,8,4,10,Guatemala - Liga Nacional - Apertura,0.25,0.75,4,1.25,1.5,4.0,1.33,6
Marquense,8,2,4,2,8,7,1,10,Guatemala - Liga Nacional - Apertura,0.25,0.75,1,1.25,1.0,4.0,1.33,6
Zacapa Tellioz,8,0,4,4,2,7,-5,4,Guatemala - Liga Nacional - Apertura,0.0,0.5,-5,0.5,0.25,0.0,2.0,7
Comunicaciones,8,6,1,1,13,9,4,19,guatemala2,0.75,0.88,4,2.38,1.62,1.33,1.14,1
Malacateco,8,5,2,1,17,8,9,17,guatemala2,0.62,0.88,9,2.12,2.12,1.61,1.14,2
Xelaju,8,5,2,1,16,9,7,17,guatemala2,0.62,0.88,7,2.12,2.0,1.61,1.14,2
Coban Imperial,8,5,2,1,11,4,7,17,guatemala2,0.62,0.88,7,2.12,1.38,1.61,1.14,2
Municipal,8,5,2,1,10,6,4,17,guatemala2,0.62,0.88,4,2.12,1.25,1.61,1.14,2
Mixco,8,5,1,2,11,8,3,16,guatemala2,0.62,0.75,3,2.0,1.38,1.61,1.33,3
Marquense,8,4,3,1,9,4,5,15,guatemala2,0.5,0.88,5,1.88,1.12,2.0,1.14,4
Antigua GFC,8,4,2,2,16,9,7,14,guatemala2,0.5,0.75,7,1.75,2.0,2.0,1.33,5
Guastatoya,8,4,2,2,8,7,1,14,guatemala2,0.5,0.75,1,1.75,1.0,2.0,1.33,5
Achuapa,8,3,3,2,8,7,1,12,guatemala2,0.38,0.75,1,1.5,1.0,2.63,1.33,6
Xinabajul,8,1,4,3,7,9,-2,7,guatemala2,0.12,0.62,-2,0.88,0.88,8.33,1.61,7
Olimpia,8,6,2,0,23,6,17,20,Honduras - Liga Nacional - Apertura,0.75,1.0,17,2.5,2.88,1.33,1.0,1
Olancho,8,5,2,1,20,6,14,17,Honduras - Liga Nacional - Apertura,0.62,0.88,14,2.12,2.5,1.61,1.14,2
Victoria,8,5,1,2,18,10,8,16,Honduras - Liga Nacional - Apertura,0.62,0.75,8,2.0,2.25,1.61,1.33,3
Motagua,8,4,2,2,16,12,4,14,Honduras - Liga Nacional - Apertura,0.5,0.75,4,1.75,2.0,2.0,1.33,4
UPNFM,8,4,1,3,11,11,0,13,Honduras - Liga Nacional - Apertura,0.5,0.62,0,1.62,1.38,2.0,1.61,5
Marathon,8,3,3,2,11,7,4,12,Honduras - Liga Nacional - Apertura,0.38,0.75,4,1.5,1.38,2.63,1.33,6
Genesis,8,3,3,2,11,8,3,12,Honduras - Liga Nacional - Apertura,0.38,0.75,3,1.5,1.38,2.63,1.33,6
Real Espana,8,3,3,2,8,8,0,12,Honduras - Liga Nacional - Apertura,0.38,0.75,0,1.5,1.0,2.63,1.33,6
Juticalpa,8,2,2,4,6,8,-2,8,Honduras - Liga Nacional - Apertura,0.25,0.5,-2,1.0,0.75,4.0,2.0,7
Real Sociedad,8,1,4,3,5,11,-6,7,Honduras - Liga Nacional - Apertura,0.12,0.62,-6,0.88,0.62,8.33,1.61,8
Real Espana,8,6,1,1,13,5,8,19,honduras2,0.75,0.88,8,2.38,1.62,1.33,1.14,1
Motagua,8,5,2,1,20,8,12,17,honduras2,0.62,0.88,12,2.12,2.5,1.61,1.14,2
Olimpia,8,4,3,1,13,6,7,15,honduras2,0.5,0.88,7,1.88,1.62,2.0,1.14,3
Marathon,8,3,4,1,13,7,6,13,honduras2,0.38,0.88,6,1.62,1.62,2.63,1.14,4
UPNFM,8,3,4,1,11,9,2,13,honduras2,0.38,0.88,2,1.62,1.38,2.63,1.14,4
Genesis,8,2,6,0,13,10,3,12,honduras2,0.25,1.0,3,1.5,1.62,4.0,1.0,5
Olancho,8,3,2,3,9,10,-1,11,honduras2,0.38,0.62,-1,1.38,1.12,2.63,1.61,6
Victoria,8,2,4,2,6,8,-2,10,honduras2,0.25,0.75,-2,1.25,0.75,4.0,1.33,7
Real Sociedad,8,1,5,2,6,10,-4,8,honduras2,0.12,0.75,-4,1.0,0.75,8.33,1.33,8
Juticalpa,8,2,0,6,4,10,-6,6,honduras2,0.25,0.25,-6,0.75,0.5,4.0,4.0,9
LM Warriors,8,6,1,1,23,15,8,19,Hong Kong - Premier League,0.75,0.88,8,2.38,2.88,1.33,1.14,1
Eastern,8,4,3,1,17,12,5,15,Hong Kong - Premier League,0.5,0.88,5,1.88,2.12,2.0,1.14,2
Tai Po,8,4,2,2,14,11,3,14,Hong Kong - Premier League,0.5,0.75,3,1.75,1.75,2.0,1.33,3
Kitchee,8,4,1,3,19,8,11,13,Hong Kong - Premier League,0.5,0.62,11,1.62,2.38,2.0,1.61,4
Southern D.,8,3,2,3,11,9,2,11,Hong Kong - Premier League,0.38,0.62,2,1.38,1.38,2.63,1.61,5
North District,8,3,2,3,18,18,0,11,Hong Kong - Premier League,0.38,0.62,0,1.38,2.25,2.63,1.61,5
HK Rangers,8,2,1,5,11,16,-5,7,Hong Kong - Premier League,0.25,0.38,-5,0.88,1.38,4.0,2.63,6
Hong Kong FC,8,2,1,5,5,16,-11,7,Hong Kong - Premier League,0.25,0.38,-11,0.88,0.62,4.0,2.63,6
Kowloon City,8,2,0,6,11,28,-17,6,Hong Kong - Premier League,0.25,0.25,-17,0.75,1.38,4.0,4.0,7
Paks,8,5,3,0,23,11,12,18,Hungary - NB I,0.62,1.0,12,2.25,2.88,1.61,1.0,1
Puskas A.,8,5,2,1,15,10,5,17,Hungary - NB I,0.62,0.88,5,2.12,1.88,1.61,1.14,2
Gyor,8,5,1,2,14,7,7,16,Hungary - NB I,0.62,0.75,7,2.0,1.75,1.61,1.33,3
Ferencvaros,8,4,3,1,17,5,12,15,Hungary - NB I,0.5,0.88,12,1.88,2.12,2.0,1.14,4
MTK Budapest,8,4,0,4,16,11,5,12,Hungary - NB I,0.5,0.5,5,1.5,2.0,2.0,2.0,5
Kecskemeti TE,8,2,5,1,14,10,4,11,Hungary - NB I,0.25,0.88,4,1.38,1.75,4.0,1.14,6
Zalaegerszegi,8,2,5,1,8,8,0,11,Hungary - NB I,0.25,0.88,0,1.38,1.0,4.0,1.14,6
Nyiregyhaza,8,3,2,3,6,6,0,11,Hungary - NB I,0.38,0.62,0,1.38,0.75,2.63,1.61,6
Debrecen,8,3,1,4,14,12,2,10,Hungary - NB I,0.38,0.5,2,1.25,1.75,2.63,2.0,7
DVTK,8,2,3,3,10,13,-3,9,Hungary - NB I,0.25,0.62,-3,1.12,1.25,4.0,1.61,8
Fehervar,8,2,2,4,5,9,-4,8,Hungary - NB I,0.25,0.5,-4,1.0,0.62,4.0,2.0,9
Ujpest,8,1,4,3,11,16,-5,7,Hungary - NB I,0.12,0.62,-5,0.88,1.38,8.33,1.61,10
Vasas,8,8,0,0,17,3,14,24,Hungary - NB II,1.0,1.0,14,3.0,2.12,1.0,1.0,1
Kisvarda,8,6,2,0,17,8,9,20,Hungary - NB II,0.75,1.0,9,2.5,2.12,1.33,1.0,2
Honved,8,6,1,1,18,7,11,19,Hungary - NB II,0.75,0.88,11,2.38,2.25,1.33,1.14,3
Kazincbarcika,8,5,3,0,13,5,8,18,Hungary - NB II,0.62,1.0,8,2.25,1.62,1.61,1.0,4
Mezokovesd,8,4,3,1,14,7,7,15,Hungary - NB II,0.5,0.88,7,1.88,1.75,2.0,1.14,5
Kozarmisleny,8,5,0,3,12,8,4,15,Hungary - NB II,0.62,0.62,4,1.88,1.5,1.61,1.61,5
Soroksar,8,4,2,2,15,10,5,14,Hungary - NB II,0.5,0.75,5,1.75,1.88,2.0,1.33,6
Szeged,8,4,2,2,12,8,4,14,Hungary - NB II,0.5,0.75,4,1.75,1.5,2.0,1.33,6
Szentlorinc,8,3,4,1,8,6,2,13,Hungary - NB II,0.38,0.88,2,1.62,1.0,2.63,1.14,7
Bekescsaba,8,3,3,2,12,11,1,12,Hungary - NB II,0.38,0.75,1,1.5,1.5,2.63,1.33,8
Tatabanya,8,3,3,2,8,10,-2,12,Hungary - NB II,0.38,0.75,-2,1.5,1.0,2.63,1.33,8
BVSC,8,3,2,3,9,9,0,11,Hungary - NB II,0.38,0.62,0,1.38,1.12,2.63,1.61,9
Ajka,8,2,3,3,8,7,1,9,Hungary - NB II,0.25,0.62,1,1.12,1.0,4.0,1.61,10
Csakvari,8,2,3,3,11,15,-4,9,Hungary - NB II,0.25,0.62,-4,1.12,1.38,4.0,1.61,10
Budafoki,8,2,2,4,13,15,-2,8,Hungary - NB II,0.25,0.5,-2,1.0,1.62,4.0,2.0,11
Gyirmot,8,1,4,3,8,10,-2,7,Hungary - NB II,0.12,0.62,-2,0.88,1.0,8.33,1.61,12
Vikingur R.,3,3,0,0,9,2,7,9,Iceland - Besta deild,1.0,1.0,7,3.0,3.0,1.0,1.0,1
Afturelding,3,2,1,0,4,0,4,7,Iceland - Besta deild,0.67,1.0,4,2.33,1.33,1.49,1.0,2
Breidablik,3,2,1,0,7,4,3,7,Iceland - Besta deild,0.67,1.0,3,2.33,2.33,1.49,1.0,2
Fram,3,2,0,1,7,3,4,6,Iceland - Besta deild,0.67,0.67,4,2.0,2.33,1.49,1.49,3
Stjarnan,3,2,0,1,6,5,1,6,Iceland - Besta deild,0.67,0.67,1,2.0,2.0,1.49,1.49,3
Valur,3,1,2,0,5,3,2,5,Iceland - Besta deild,0.33,1.0,2,1.67,1.67,3.03,1.0,4
KR Reykjavik,2,1,1,0,8,3,5,4,Iceland - Besta deild,0.5,1.0,5,2.0,4.0,2.0,1.0,5
Hafnarfjordur,2,1,1,0,5,2,3,4,Iceland - Besta deild,0.5,1.0,3,2.0,2.5,2.0,1.0,5
KA Akureyri,2,1,1,0,5,4,1,4,Iceland - Besta deild,0.5,1.0,1,2.0,2.5,2.0,1.0,5
IA Akranes,2,1,0,1,3,2,1,3,Iceland - Besta deild,0.5,0.5,1,1.5,1.5,2.0,2.0,6
IBV,2,1,0,1,3,3,0,3,Iceland - Besta deild,0.5,0.5,0,1.5,1.5,2.0,2.0,6
Vestri,2,1,0,1,1,1,0,3,Iceland - Besta deild,0.5,0.5,0,1.5,0.5,2.0,2.0,6
Selfoss,1,1,0,0,2,1,1,3,Iceland - 1. Deild,1.0,1.0,1,3.0,2.0,1.0,1.0,1
IR Reykjavik,1,1,0,0,1,0,1,3,Iceland - 1. Deild,1.0,1.0,1,3.0,1.0,1.0,1.0,1
Njardvik,1,0,1,0,1,1,0,1,Iceland - 1. Deild,0.0,1.0,0,1.0,1.0,0.0,1.0,2
Thor Akureyri,1,0,1,0,1,1,0,1,Iceland - 1. Deild,0.0,1.0,0,1.0,1.0,0.0,1.0,2
Throttur R.,1,0,1,0,1,1,0,1,Iceland - 1. Deild,0.0,1.0,0,1.0,1.0,0.0,1.0,2
Fylkir,0,0,0,0,0,0,0,0,Iceland - 1. Deild,0.0,0.0,0,0.0,0.0,0.0,0.0,3
Grindavik,0,0,0,0,0,0,0,0,Iceland - 1. Deild,0.0,0.0,0,0.0,0.0,0.0,0.0,3
HK Kopavogur,0,0,0,0,0,0,0,0,Iceland - 1. Deild,0.0,0.0,0,0.0,0.0,0.0,0.0,3
Keflavik,0,0,0,0,0,0,0,0,Iceland - 1. Deild,0.0,0.0,0,0.0,0.0,0.0,0.0,3
Leiknir R.,0,0,0,0,0,0,0,0,Iceland - 1. Deild,0.0,0.0,0,0.0,0.0,0.0,0.0,3
Volsungur,0,0,0,0,0,0,0,0,Iceland - 1. Deild,0.0,0.0,0,0.0,0.0,0.0,0.0,3
Fjolnir,1,0,0,1,1,3,-2,0,Iceland - 1. Deild,0.0,0.0,-2,0.0,1.0,0.0,0.0,3
KFA,1,1,0,0,8,1,7,3,Iceland - 2. Deild,1.0,1.0,7,3.0,8.0,1.0,1.0,1
Dalvik/Reynir,1,0,1,0,1,1,0,1,Iceland - 2. Deild,0.0,1.0,0,1.0,1.0,0.0,1.0,2
Grotta,1,0,1,0,1,1,0,1,Iceland - 2. Deild,0.0,1.0,0,1.0,1.0,0.0,1.0,2
Vidir,1,0,1,0,1,1,0,1,Iceland - 2. Deild,0.0,1.0,0,1.0,1.0,0.0,1.0,2
KFG,1,0,1,0,0,0,0,1,Iceland - 2. Deild,0.0,1.0,0,1.0,0.0,0.0,1.0,2
Aeggir,0,0,0,0,0,0,0,0,Iceland - 2. Deild,0.0,0.0,0,0.0,0.0,0.0,0.0,3
Haukar,0,0,0,0,0,0,0,0,Iceland - 2. Deild,0.0,0.0,0,0.0,0.0,0.0,0.0,3
Hottur/Huginn,0,0,0,0,0,0,0,0,Iceland - 2. Deild,0.0,0.0,0,0.0,0.0,0.0,0.0,3
Kormakur/Hvot,0,0,0,0,0,0,0,0,Iceland - 2. Deild,0.0,0.0,0,0.0,0.0,0.0,0.0,3
Throttur Vogar,0,0,0,0,0,0,0,0,Iceland - 2. Deild,0.0,0.0,0,0.0,0.0,0.0,0.0,3
V. Olafsvik,0,0,0,0,0,0,0,0,Iceland - 2. Deild,0.0,0.0,0,0.0,0.0,0.0,0.0,3
Kari,1,0,0,1,1,2,-1,0,Iceland - 2. Deild,0.0,0.0,-1,0.0,1.0,0.0,0.0,3
Mohun Bagan,8,8,0,0,15,2,13,24,India - Super League,1.0,1.0,13,3.0,1.88,1.0,1.0,1
Goa,8,7,1,0,14,4,10,22,India - Super League,0.88,1.0,10,2.75,1.75,1.14,1.0,2
Jamshedpur,8,5,1,2,14,10,4,16,India - Super League,0.62,0.75,4,2.0,1.75,1.61,1.33,3
Kerala Blasters,8,4,2,2,11,7,4,14,India - Super League,0.5,0.75,4,1.75,1.38,2.0,1.33,4
East Bengal,8,4,1,3,13,12,1,13,India - Super League,0.5,0.62,1,1.62,1.62,2.0,1.61,5
Bengaluru,8,3,2,3,14,12,2,11,India - Super League,0.38,0.62,2,1.38,1.75,2.63,1.61,6
Odisha FC,8,2,5,1,13,11,2,11,India - Super League,0.25,0.88,2,1.38,1.62,4.0,1.14,6
Chennaiyin,8,3,2,3,13,15,-2,11,India - Super League,0.38,0.62,-2,1.38,1.62,2.63,1.61,6
Mumbai City,8,3,2,3,8,11,-3,11,India - Super League,0.38,0.62,-3,1.38,1.0,2.63,1.61,6
Hyderabad,8,2,4,2,12,14,-2,10,India - Super League,0.25,0.75,-2,1.25,1.5,4.0,1.33,7
NorthEast Utd,8,2,3,3,10,9,1,9,India - Super League,0.25,0.62,1,1.12,1.25,4.0,1.61,8
Punjab,8,2,1,5,9,13,-4,7,India - Super League,0.25,0.38,-4,0.88,1.12,4.0,2.63,9
Mohammedan,8,0,3,5,6,16,-10,3,India - Super League,0.0,0.38,-10,0.38,0.75,0.0,2.63,10
Shillong Lajong,8,5,3,0,25,6,19,18,India - I-League,0.62,1.0,19,2.25,3.12,1.61,1.0,1
Real Kashmir,8,5,3,0,14,6,8,18,India - I-League,0.62,1.0,8,2.25,1.75,1.61,1.0,1
Inter Kashi,8,6,0,2,19,15,4,18,India - I-League,0.75,0.75,4,2.25,2.38,1.33,1.33,1
Namdhari,8,5,2,1,16,9,7,17,India - I-League,0.62,0.88,7,2.12,2.0,1.61,1.14,2
Churchill B.,8,4,4,0,20,10,10,16,India - I-League,0.5,1.0,10,2.0,2.5,2.0,1.0,3
Rajasthan,8,4,2,2,15,8,7,14,India - I-League,0.5,0.75,7,1.75,1.88,2.0,1.33,4
Gokulam,8,4,0,4,21,16,5,12,India - I-League,0.5,0.5,5,1.5,2.62,2.0,2.0,5
SC Bengaluru,8,3,3,2,10,8,2,12,India - I-League,0.38,0.75,2,1.5,1.25,2.63,1.33,5
Dempo,8,2,3,3,21,18,3,9,India - I-League,0.25,0.62,3,1.12,2.62,4.0,1.61,6
Aizawl,8,2,2,4,14,16,-2,8,India - I-League,0.25,0.5,-2,1.0,1.75,4.0,2.0,7
Sreenidi Deccan,8,1,4,3,13,13,0,7,India - I-League,0.12,0.62,0,0.88,1.62,8.33,1.61,8
Delhi FC,8,1,0,7,4,12,-8,3,India - I-League,0.12,0.12,-8,0.38,0.5,8.33,8.33,9
Persib,8,6,1,1,15,5,10,19,Indonesia - Liga 1,0.75,0.88,10,2.38,1.88,1.33,1.14,1
Malut United,8,6,1,1,12,5,7,19,Indonesia - Liga 1,0.75,0.88,7,2.38,1.5,1.33,1.14,1
Dewa Utd,8,6,0,2,18,6,12,18,Indonesia - Liga 1,0.75,0.75,12,2.25,2.25,1.33,1.33,2
Persebaya S.,8,5,2,1,14,7,7,17,Indonesia - Liga 1,0.62,0.88,7,2.12,1.75,1.61,1.14,3
Madura Utd,8,5,1,2,13,10,3,16,Indonesia - Liga 1,0.62,0.75,3,2.0,1.62,1.61,1.33,4
PSM,8,4,2,2,9,6,3,14,Indonesia - Liga 1,0.5,0.75,3,1.75,1.12,2.0,1.33,5
Borneo,8,4,2,2,11,9,2,14,Indonesia - Liga 1,0.5,0.75,2,1.75,1.38,2.0,1.33,5
PSBS Biak N.,8,4,2,2,12,11,1,14,Indonesia - Liga 1,0.5,0.75,1,1.75,1.5,2.0,1.33,5
Persita,8,4,1,3,11,11,0,13,Indonesia - Liga 1,0.5,0.62,0,1.62,1.38,2.0,1.61,6
Arema,8,3,3,2,16,12,4,12,Indonesia - Liga 1,0.38,0.75,4,1.5,2.0,2.63,1.33,7
Barito Putera,8,3,3,2,12,8,4,12,Indonesia - Liga 1,0.38,0.75,4,1.5,1.5,2.63,1.33,7
Persija,8,3,3,2,13,11,2,12,Indonesia - Liga 1,0.38,0.75,2,1.5,1.62,2.63,1.33,7
Semen Padang,8,3,2,3,12,16,-4,11,Indonesia - Liga 1,0.38,0.62,-4,1.38,1.5,2.63,1.61,8
Bali Utd,8,2,4,2,11,10,1,10,Indonesia - Liga 1,0.25,0.75,1,1.25,1.38,4.0,1.33,9
PSS Sleman,8,3,0,5,15,15,0,9,Indonesia - Liga 1,0.38,0.38,0,1.12,1.88,2.63,2.63,10
Persis Solo,8,2,3,3,10,12,-2,9,Indonesia - Liga 1,0.25,0.62,-2,1.12,1.25,4.0,1.61,10
Persik Kediri,8,1,5,2,10,10,0,8,Indonesia - Liga 1,0.12,0.75,0,1.0,1.25,8.33,1.33,11
PSIS Semarang,8,0,2,6,7,18,-11,2,Indonesia - Liga 1,0.0,0.25,-11,0.25,0.88,0.0,4.0,12
Tractor Sazi,8,6,2,0,20,6,14,20,Iran - Pro League,0.75,1.0,14,2.5,2.5,1.33,1.0,1
Sepahan,8,6,1,1,18,5,13,19,Iran - Pro League,0.75,0.88,13,2.38,2.25,1.33,1.14,2
Foolad,8,5,2,1,12,5,7,17,Iran - Pro League,0.62,0.88,7,2.12,1.5,1.61,1.14,3
K. Khorramabad,8,5,1,2,10,4,6,16,Iran - Pro League,0.62,0.75,6,2.0,1.25,1.61,1.33,4
Persepolis,8,5,1,2,10,7,3,16,Iran - Pro League,0.62,0.75,3,2.0,1.25,1.61,1.33,4
Gol Gohar,8,4,3,1,7,4,3,15,Iran - Pro League,0.5,0.88,3,1.88,0.88,2.0,1.14,5
Malavan,8,3,4,1,12,7,5,13,Iran - Pro League,0.38,0.88,5,1.62,1.5,2.63,1.14,6
Esteghlal,8,3,3,2,11,6,5,12,Iran - Pro League,0.38,0.75,5,1.5,1.38,2.63,1.33,7
Zob Ahan,8,3,3,2,9,6,3,12,Iran - Pro League,0.38,0.75,3,1.5,1.12,2.63,1.33,7
E. Khuzestan,8,2,5,1,6,4,2,11,Iran - Pro League,0.25,0.88,2,1.38,0.75,4.0,1.14,8
Chadormalu,8,2,3,3,9,8,1,9,Iran - Pro League,0.25,0.62,1,1.12,1.12,4.0,1.61,9
Aluminium Arak,8,1,6,1,6,5,1,9,Iran - Pro League,0.12,0.88,1,1.12,0.75,8.33,1.14,9
Shams A. Qazvin,8,2,3,3,9,12,-3,9,Iran - Pro League,0.25,0.62,-3,1.12,1.12,4.0,1.61,9
N. Mazandaran,8,1,5,2,4,5,-1,8,Iran - Pro League,0.12,0.75,-1,1.0,0.5,8.33,1.33,10
Havadar,8,2,2,4,7,15,-8,8,Iran - Pro League,0.25,0.5,-8,1.0,0.88,4.0,2.0,10
Mes Rafsanjan,8,1,4,3,5,9,-4,7,Iran - Pro League,0.12,0.62,-4,0.88,0.62,8.33,1.61,11
Derry City,8,5,1,2,12,7,5,16,Ireland - Premier Division,0.62,0.75,5,2.0,1.5,1.61,1.33,1
St. Patricks,7,4,3,0,13,5,8,15,Ireland - Premier Division,0.57,1.0,8,2.14,1.86,1.75,1.0,2
Shamrock Rovers,7,4,2,1,13,6,7,14,Ireland - Premier Division,0.57,0.86,7,2.0,1.86,1.75,1.16,3
Drogheda Utd,7,3,3,1,12,7,5,12,Ireland - Premier Division,0.43,0.86,5,1.71,1.71,2.33,1.16,4
Bohemians,7,4,0,3,9,8,1,12,Ireland - Premier Division,0.57,0.57,1,1.71,1.29,1.75,1.75,4
Cork City,7,2,4,1,9,9,0,10,Ireland - Premier Division,0.29,0.86,0,1.43,1.29,3.45,1.16,5
Galway Utd,7,3,1,3,9,9,0,10,Ireland - Premier Division,0.43,0.57,0,1.43,1.29,2.33,1.75,5
Shelbourne,7,2,3,2,8,7,1,9,Ireland - Premier Division,0.29,0.71,1,1.29,1.14,3.45,1.41,6
Waterford,6,2,0,4,5,12,-7,6,Ireland - Premier Division,0.33,0.33,-7,1.0,0.83,3.03,3.03,7
Sligo Rovers,7,1,2,4,9,12,-3,5,Ireland - Premier Division,0.14,0.43,-3,0.71,1.29,7.14,2.33,8
Cobh Ramblers,7,5,1,1,14,5,9,16,Ireland - First Division,0.71,0.86,9,2.29,2.0,1.41,1.16,1
Bray Wanderers,6,5,0,1,15,7,8,15,Ireland - First Division,0.83,0.83,8,2.5,2.5,1.2,1.2,2
Dundalk,6,4,2,0,10,4,6,14,Ireland - First Division,0.67,1.0,6,2.33,1.67,1.49,1.0,3
Treaty Utd,6,3,1,2,10,6,4,10,Ireland - First Division,0.5,0.67,4,1.67,1.67,2.0,1.49,4
Wexford,7,3,1,3,10,7,3,10,Ireland - First Division,0.43,0.57,3,1.43,1.43,2.33,1.75,4
Longford Town,7,3,1,3,8,9,-1,10,Ireland - First Division,0.43,0.57,-1,1.43,1.14,2.33,1.75,4
Finn Harps,6,2,1,3,11,8,3,7,Ireland - First Division,0.33,0.5,3,1.17,1.83,3.03,2.0,5
Kerry,6,2,0,4,5,5,0,6,Ireland - First Division,0.33,0.33,0,1.0,0.83,3.03,3.03,6
Athlone Town,7,1,3,3,4,10,-6,6,Ireland - First Division,0.14,0.57,-6,0.86,0.57,7.14,1.75,6
UC Dublin,7,0,3,4,2,8,-6,3,Ireland - First Division,0.0,0.43,-6,0.43,0.29,0.0,2.33,7
H. Beer Sheva,8,5,2,1,21,10,11,17,Israel - Ligat HaAl,0.62,0.88,11,2.12,2.62,1.61,1.14,1
H. Jerusalem,8,5,2,1,14,4,10,17,Israel - Ligat HaAl,0.62,0.88,10,2.12,1.75,1.61,1.14,1
M. Tel Aviv,8,4,3,1,15,6,9,15,Israel - Ligat HaAl,0.5,0.88,9,1.88,1.88,2.0,1.14,2
Maccabi Netanya,8,4,2,2,14,9,5,14,Israel - Ligat HaAl,0.5,0.75,5,1.75,1.75,2.0,1.33,3
Ironi Tiberias,8,3,3,2,11,10,1,12,Israel - Ligat HaAl,0.38,0.75,1,1.5,1.38,2.63,1.33,4
Hapoel Haifa,8,4,0,4,14,17,-3,12,Israel - Ligat HaAl,0.5,0.5,-3,1.5,1.75,2.0,2.0,4
M. Petah Tikva,8,2,3,3,11,9,2,9,Israel - Ligat HaAl,0.25,0.62,2,1.12,1.38,4.0,1.61,5
B. Jerusalem,8,2,3,3,7,9,-2,9,Israel - Ligat HaAl,0.25,0.62,-2,1.12,0.88,4.0,1.61,5
Maccabi Haifa,8,2,3,3,11,17,-6,9,Israel - Ligat HaAl,0.25,0.62,-6,1.12,1.38,4.0,1.61,5
Sakhnin,8,2,2,4,4,8,-4,8,Israel - Ligat HaAl,0.25,0.5,-4,1.0,0.5,4.0,2.0,6
Ashdod,8,1,4,3,12,14,-2,7,Israel - Ligat HaAl,0.12,0.62,-2,0.88,1.5,8.33,1.61,7
M. Bnei Raina,8,2,1,5,8,14,-6,7,Israel - Ligat HaAl,0.25,0.38,-6,0.88,1.0,4.0,2.63,7
Kiryat Shmona,8,2,1,5,5,12,-7,7,Israel - Ligat HaAl,0.25,0.38,-7,0.88,0.62,4.0,2.63,7
Hapoel Hadera,8,1,1,6,7,14,-7,4,Israel - Ligat HaAl,0.12,0.25,-7,0.5,0.88,8.33,4.0,8
H. Petah Tikva,8,8,0,0,18,0,18,24,Israel - Leumit League,1.0,1.0,18,3.0,2.25,1.0,1.0,1
Hapoel Tel Aviv,8,7,1,0,16,0,16,22,Israel - Leumit League,0.88,1.0,16,2.75,2.0,1.14,1.0,2
Hapoel Akko,8,5,3,0,9,2,7,18,Israel - Leumit League,0.62,1.0,7,2.25,1.12,1.61,1.0,3
H. Kfar Saba,8,5,2,1,11,4,7,17,Israel - Leumit League,0.62,0.88,7,2.12,1.38,1.61,1.14,4
H. Kfar Shalem,8,5,1,2,13,10,3,16,Israel - Leumit League,0.62,0.75,3,2.0,1.62,1.61,1.33,5
H. Umm al-Fahm,8,4,2,2,5,5,0,14,Israel - Leumit League,0.5,0.75,0,1.75,0.62,2.0,1.33,6
H. Ramat Gan,8,4,1,3,18,8,10,13,Israel - Leumit League,0.5,0.62,10,1.62,2.25,2.0,1.61,7
H. Ironi Rishon,8,4,1,3,16,10,6,13,Israel - Leumit League,0.5,0.62,6,1.62,2.0,2.0,1.61,7
Hapoel Afula,8,3,4,1,11,7,4,13,Israel - Leumit League,0.38,0.88,4,1.62,1.38,2.63,1.14,7
Kafr Qasim,8,3,3,2,10,10,0,12,Israel - Leumit League,0.38,0.75,0,1.5,1.25,2.63,1.33,8
Maccabi Jaffa,8,3,2,3,10,13,-3,11,Israel - Leumit League,0.38,0.62,-3,1.38,1.25,2.63,1.61,9
M. Herziliya,8,3,1,4,7,11,-4,10,Israel - Leumit League,0.38,0.5,-4,1.25,0.88,2.63,2.0,10
Hapoel Raanana,8,2,3,3,9,10,-1,9,Israel - Leumit League,0.25,0.62,-1,1.12,1.12,4.0,1.61,11
Bnei Yehuda,8,2,2,4,9,14,-5,8,Israel - Leumit League,0.25,0.5,-5,1.0,1.12,4.0,2.0,12
Ramat Hasharon,8,1,4,3,8,11,-3,7,Israel - Leumit League,0.12,0.62,-3,0.88,1.0,8.33,1.61,13
H. Nof Hagalil,8,2,1,5,4,7,-3,7,Israel - Leumit League,0.25,0.38,-3,0.88,0.5,4.0,2.63,13
Inter Milan,8,7,0,1,15,7,8,21,Italy - Serie A,0.88,0.88,8,2.62,1.88,1.14,1.14,1
Juventus,8,7,0,1,14,6,8,21,Italy - Serie A,0.88,0.88,8,2.62,1.75,1.14,1.14,1
Bologna,8,6,2,0,17,6,11,20,Italy - Serie A,0.75,1.0,11,2.5,2.12,1.33,1.0,2
Napoli,8,6,2,0,15,5,10,20,Italy - Serie A,0.75,1.0,10,2.5,1.88,1.33,1.0,2
AS Roma,8,6,2,0,14,4,10,20,Italy - Serie A,0.75,1.0,10,2.5,1.75,1.33,1.0,2
Fiorentina,8,6,1,1,12,4,8,19,Italy - Serie A,0.75,0.88,8,2.38,1.5,1.33,1.14,3
Torino,8,4,4,0,11,5,6,16,Italy - Serie A,0.5,1.0,6,2.0,1.38,2.0,1.0,4
Genoa,8,5,1,2,10,6,4,16,Italy - Serie A,0.62,0.75,4,2.0,1.25,1.61,1.33,4
Como,8,4,2,2,12,8,4,14,Italy - Serie A,0.5,0.75,4,1.75,1.5,2.0,1.33,5
AC Milan,8,3,3,2,11,10,1,12,Italy - Serie A,0.38,0.75,1,1.5,1.38,2.63,1.33,6
Udinese,8,3,2,3,8,9,-1,11,Italy - Serie A,0.38,0.62,-1,1.38,1.0,2.63,1.61,7
Cagliari,8,3,1,4,13,10,3,10,Italy - Serie A,0.38,0.5,3,1.25,1.62,2.63,2.0,8
Lazio,8,1,6,1,14,11,3,9,Italy - Serie A,0.12,0.88,3,1.12,1.75,8.33,1.14,9
Parma,8,2,3,3,9,10,-1,9,Italy - Serie A,0.25,0.62,-1,1.12,1.12,4.0,1.61,9
Atalanta,8,1,4,3,6,8,-2,7,Italy - Serie A,0.12,0.62,-2,0.88,0.75,8.33,1.61,10
Venezia,8,1,3,4,2,6,-4,6,Italy - Serie A,0.12,0.5,-4,0.75,0.25,8.33,2.0,11
Hellas Verona,8,1,3,4,2,12,-10,6,Italy - Serie A,0.12,0.5,-10,0.75,0.25,8.33,2.0,11
Monza,8,1,2,5,4,13,-9,5,Italy - Serie A,0.12,0.38,-9,0.62,0.5,8.33,2.63,12
Empoli,8,0,3,5,4,15,-11,3,Italy - Serie A,0.0,0.38,-11,0.38,0.5,0.0,2.63,13
Lecce,8,0,2,6,3,14,-11,2,Italy - Serie A,0.0,0.25,-11,0.25,0.38,0.0,4.0,14
Sassuolo,8,7,1,0,20,6,14,22,Italy - Serie B,0.88,1.0,14,2.75,2.5,1.14,1.0,1
Juve Stabia,8,6,1,1,14,5,9,19,Italy - Serie B,0.75,0.88,9,2.38,1.75,1.33,1.14,2
Salernitana,8,6,1,1,13,6,7,19,Italy - Serie B,0.75,0.88,7,2.38,1.62,1.33,1.14,2
Pisa,8,6,0,2,14,7,7,18,Italy - Serie B,0.75,0.75,7,2.25,1.75,1.33,1.33,3
Sudtirol,8,4,4,0,13,7,6,16,Italy - Serie B,0.5,1.0,6,2.0,1.62,2.0,1.0,4
Spezia,8,4,2,2,12,8,4,14,Italy - Serie B,0.5,0.75,4,1.75,1.5,2.0,1.33,5
Carrarese,8,4,2,2,13,11,2,14,Italy - Serie B,0.5,0.75,2,1.75,1.62,2.0,1.33,5
Cremonese,8,3,4,1,18,11,7,13,Italy - Serie B,0.38,0.88,7,1.62,2.25,2.63,1.14,6
Catanzaro,8,3,4,1,16,11,5,13,Italy - Serie B,0.38,0.88,5,1.62,2.0,2.63,1.14,6
Palermo,8,4,1,3,15,12,3,13,Italy - Serie B,0.5,0.62,3,1.62,1.88,2.0,1.61,6
Bari,8,3,4,1,10,8,2,13,Italy - Serie B,0.38,0.88,2,1.62,1.25,2.63,1.14,6
Sampdoria,8,3,3,2,5,6,-1,12,Italy - Serie B,0.38,0.75,-1,1.5,0.62,2.63,1.33,7
Frosinone,8,2,5,1,11,12,-1,11,Italy - Serie B,0.25,0.88,-1,1.38,1.38,4.0,1.14,8
Reggiana,8,3,2,3,11,12,-1,11,Italy - Serie B,0.38,0.62,-1,1.38,1.38,2.63,1.61,8
Cosenza,8,3,2,3,6,10,-4,11,Italy - Serie B,0.38,0.62,-4,1.38,0.75,2.63,1.61,8
Modena,8,2,4,2,11,11,0,10,Italy - Serie B,0.25,0.75,0,1.25,1.38,4.0,1.33,9
Cesena,8,2,4,2,8,8,0,10,Italy - Serie B,0.25,0.75,0,1.25,1.0,4.0,1.33,9
Mantova,8,2,3,3,10,11,-1,9,Italy - Serie B,0.25,0.62,-1,1.12,1.25,4.0,1.61,10
Brescia,8,0,5,3,6,9,-3,5,Italy - Serie B,0.0,0.62,-3,0.62,0.75,0.0,1.61,11
Cittadella,8,1,1,6,5,15,-10,4,Italy - Serie B,0.12,0.25,-10,0.5,0.62,8.33,4.0,12
Vicenza,8,7,1,0,17,4,13,22,Italy - Serie C - Group A,0.88,1.0,13,2.75,2.12,1.14,1.0,1
Giana Erminio,8,6,2,0,17,6,11,20,Italy - Serie C - Group A,0.75,1.0,11,2.5,2.12,1.33,1.0,2
Padova,8,6,2,0,17,6,11,20,Italy - Serie C - Group A,0.75,1.0,11,2.5,2.12,1.33,1.0,2
FeralpiSalo,8,6,1,1,13,4,9,19,Italy - Serie C - Group A,0.75,0.88,9,2.38,1.62,1.33,1.14,3
Novara,8,6,1,1,13,4,9,19,Italy - Serie C - Group A,0.75,0.88,9,2.38,1.62,1.33,1.14,3
AlbinoLeffe,8,5,2,1,10,5,5,17,Italy - Serie C - Group A,0.62,0.88,5,2.12,1.25,1.61,1.14,4
Trento,8,4,4,0,17,5,12,16,Italy - Serie C - Group A,0.5,1.0,12,2.0,2.12,2.0,1.0,5
Arzignano,8,5,1,2,11,7,4,16,Italy - Serie C - Group A,0.62,0.75,4,2.0,1.38,1.61,1.33,5
Lecco,8,4,3,1,9,6,3,15,Italy - Serie C - Group A,0.5,0.88,3,1.88,1.12,2.0,1.14,6
Renate,8,5,0,3,9,9,0,15,Italy - Serie C - Group A,0.62,0.62,0,1.88,1.12,1.61,1.61,6
Triestina,8,4,2,2,11,4,7,14,Italy - Serie C - Group A,0.5,0.75,7,1.75,1.38,2.0,1.33,7
Virtus Verona,8,3,3,2,13,10,3,12,Italy - Serie C - Group A,0.38,0.75,3,1.5,1.62,2.63,1.33,8
Caldiero Terme,8,3,2,3,10,9,1,11,Italy - Serie C - Group A,0.38,0.62,1,1.38,1.25,2.63,1.61,9
Pro Patria,8,3,2,3,10,9,1,11,Italy - Serie C - Group A,0.38,0.62,1,1.38,1.25,2.63,1.61,9
Pergolettese,8,3,1,4,8,9,-1,10,Italy - Serie C - Group A,0.38,0.5,-1,1.25,1.0,2.63,2.0,10
Atalanta B,8,2,3,3,12,13,-1,9,Italy - Serie C - Group A,0.25,0.62,-1,1.12,1.5,4.0,1.61,11
Alcione,8,2,3,3,8,10,-2,9,Italy - Serie C - Group A,0.25,0.62,-2,1.12,1.0,4.0,1.61,11
Pro Vercelli,8,1,4,3,4,6,-2,7,Italy - Serie C - Group A,0.12,0.62,-2,0.88,0.5,8.33,1.61,12
Clodiense,8,2,1,5,8,12,-4,7,Italy - Serie C - Group A,0.25,0.38,-4,0.88,1.0,4.0,2.63,12
Lumezzane,8,0,4,4,6,13,-7,4,Italy - Serie C - Group A,0.0,0.5,-7,0.5,0.75,0.0,2.0,13
Entella,8,6,2,0,15,4,11,20,Italy - Serie C - Group B,0.75,1.0,11,2.5,1.88,1.33,1.0,1
Lucchese,8,6,2,0,18,9,9,20,Italy - Serie C - Group B,0.75,1.0,9,2.5,2.25,1.33,1.0,1
Ternana,8,6,1,1,13,5,8,19,Italy - Serie C - Group B,0.75,0.88,8,2.38,1.62,1.33,1.14,2
Torres,8,5,3,0,11,4,7,18,Italy - Serie C - Group B,0.62,1.0,7,2.25,1.38,1.61,1.0,3
Pineto,8,5,3,0,11,6,5,18,Italy - Serie C - Group B,0.62,1.0,5,2.25,1.38,1.61,1.0,3
Perugia,8,5,2,1,13,5,8,17,Italy - Serie C - Group B,0.62,0.88,8,2.12,1.62,1.61,1.14,4
Gubbio,8,4,2,2,7,8,-1,14,Italy - Serie C - Group B,0.5,0.75,-1,1.75,0.88,2.0,1.33,5
Pontedera,8,4,1,3,13,11,2,13,Italy - Serie C - Group B,0.5,0.62,2,1.62,1.62,2.0,1.61,6
Campobasso,8,4,1,3,9,10,-1,13,Italy - Serie C - Group B,0.5,0.62,-1,1.62,1.12,2.0,1.61,6
Pescara,8,3,3,2,14,8,6,12,Italy - Serie C - Group B,0.38,0.75,6,1.5,1.75,2.63,1.33,7
Vis Pesaro,8,3,3,2,9,5,4,12,Italy - Serie C - Group B,0.38,0.75,4,1.5,1.12,2.63,1.33,7
Arezzo,8,4,0,4,11,9,2,12,Italy - Serie C - Group B,0.5,0.5,2,1.5,1.38,2.0,2.0,7
Pianese,8,4,0,4,11,9,2,12,Italy - Serie C - Group B,0.5,0.5,2,1.5,1.38,2.0,2.0,7
AC Milan B,8,2,4,2,8,9,-1,10,Italy - Serie C - Group B,0.25,0.75,-1,1.25,1.0,4.0,1.33,8
Sestri Levante,8,2,3,3,10,9,1,9,Italy - Serie C - Group B,0.25,0.62,1,1.12,1.25,4.0,1.61,9
Rimini,8,2,3,3,9,9,0,9,Italy - Serie C - Group B,0.25,0.62,0,1.12,1.12,4.0,1.61,9
Ascoli,8,2,2,4,7,11,-4,8,Italy - Serie C - Group B,0.25,0.5,-4,1.0,0.88,4.0,2.0,10
Athletic Carpi,8,2,2,4,5,9,-4,8,Italy - Serie C - Group B,0.25,0.5,-4,1.0,0.62,4.0,2.0,10
SPAL,8,1,2,5,7,14,-7,5,Italy - Serie C - Group B,0.12,0.38,-7,0.62,0.88,8.33,2.63,11
Legnago Salus,8,1,2,5,6,15,-9,5,Italy - Serie C - Group B,0.12,0.38,-9,0.62,0.75,8.33,2.63,11
Avellino,8,8,0,0,14,5,9,24,Italy - Serie C - Group C,1.0,1.0,9,3.0,1.75,1.0,1.0,1
Crotone,8,6,2,0,19,7,12,20,Italy - Serie C - Group C,0.75,1.0,12,2.5,2.38,1.33,1.0,2
Juventus U23,8,6,1,1,15,4,11,19,Italy - Serie C - Group C,0.75,0.88,11,2.38,1.88,1.33,1.14,3
Monopoli,8,5,2,1,13,7,6,17,Italy - Serie C - Group C,0.62,0.88,6,2.12,1.62,1.61,1.14,4
A. Cerignola,8,5,2,1,14,10,4,17,Italy - Serie C - Group C,0.62,0.88,4,2.12,1.75,1.61,1.14,4
Cavese,8,3,3,2,9,9,0,12,Italy - Serie C - Group C,0.38,0.75,0,1.5,1.12,2.63,1.33,5
Casertana,8,3,2,3,13,6,7,11,Italy - Serie C - Group C,0.38,0.62,7,1.38,1.62,2.63,1.61,6
Giugliano,8,3,1,4,17,14,3,10,Italy - Serie C - Group C,0.38,0.5,3,1.25,2.12,2.63,2.0,7
Potenza,8,2,4,2,16,15,1,10,Italy - Serie C - Group C,0.25,0.75,1,1.25,2.0,4.0,1.33,7
ACR Messina,8,3,1,4,7,8,-1,10,Italy - Serie C - Group C,0.38,0.5,-1,1.25,0.88,2.63,2.0,7
Foggia,8,3,1,4,10,12,-2,10,Italy - Serie C - Group C,0.38,0.5,-2,1.25,1.25,2.63,2.0,7
Latina,8,3,1,4,7,13,-6,10,Italy - Serie C - Group C,0.38,0.5,-6,1.25,0.88,2.63,2.0,7
Catania,8,2,3,3,11,9,2,9,Italy - Serie C - Group C,0.25,0.62,2,1.12,1.38,4.0,1.61,8
Picerno,8,1,6,1,7,6,1,9,Italy - Serie C - Group C,0.12,0.88,1,1.12,0.88,8.33,1.14,8
Benevento,8,1,6,1,6,6,0,9,Italy - Serie C - Group C,0.12,0.88,0,1.12,0.75,8.33,1.14,8
Altamura,8,2,3,3,8,9,-1,9,Italy - Serie C - Group C,0.25,0.62,-1,1.12,1.0,4.0,1.61,8
Sorrento,8,2,1,5,7,11,-4,7,Italy - Serie C - Group C,0.25,0.38,-4,0.88,0.88,4.0,2.63,9
Trapani,8,2,1,5,7,12,-5,7,Italy - Serie C - Group C,0.25,0.38,-5,0.88,0.88,4.0,2.63,9
Taranto,0,0,0,0,0,0,0,0,Italy - Serie C - Group C,0.0,0.0,0,0.0,0.0,0.0,0.0,10
Turris,0,0,0,0,0,0,0,0,Italy - Serie C - Group C,0.0,0.0,0,0.0,0.0,0.0,0.0,10
NovaRomentin,8,7,0,1,29,6,23,21,Italy - Serie D - Group A,0.88,0.88,23,2.62,3.62,1.14,1.14,1
Citta di Varese,8,5,2,1,11,4,7,17,Italy - Serie D - Group A,0.62,0.88,7,2.12,1.38,1.61,1.14,2
Gozzano,8,4,4,0,11,5,6,16,Italy - Serie D - Group A,0.5,1.0,6,2.0,1.38,2.0,1.0,3
Saluzzo,8,5,1,2,10,6,4,16,Italy - Serie D - Group A,0.62,0.75,4,2.0,1.25,1.61,1.33,3
Ligorna,8,4,3,1,18,9,9,15,Italy - Serie D - Group A,0.5,0.88,9,1.88,2.25,2.0,1.14,4
Lavagnese,8,4,3,1,10,5,5,15,Italy - Serie D - Group A,0.5,0.88,5,1.88,1.25,2.0,1.14,4
Bra,8,4,1,3,13,11,2,13,Italy - Serie D - Group A,0.5,0.62,2,1.62,1.62,2.0,1.61,5
Asti,8,3,2,3,8,5,3,11,Italy - Serie D - Group A,0.38,0.62,3,1.38,1.0,2.63,1.61,6
Vogherese,8,2,5,1,8,7,1,11,Italy - Serie D - Group A,0.25,0.88,1,1.38,1.0,4.0,1.14,6
Vado,8,3,1,4,9,9,0,10,Italy - Serie D - Group A,0.38,0.5,0,1.25,1.12,2.63,2.0,7
Fossano,8,3,0,5,7,11,-4,9,Italy - Serie D - Group A,0.38,0.38,-4,1.12,0.88,2.63,2.63,8
Cairese,8,2,2,4,8,9,-1,8,Italy - Serie D - Group A,0.25,0.5,-1,1.0,1.0,4.0,2.0,9
Derthona,8,2,2,4,6,8,-2,8,Italy - Serie D - Group A,0.25,0.5,-2,1.0,0.75,4.0,2.0,9
Oltrepo,8,2,2,4,6,10,-4,8,Italy - Serie D - Group A,0.25,0.5,-4,1.0,0.75,4.0,2.0,9
Pro Imperia,8,1,4,3,9,11,-2,7,Italy - Serie D - Group A,0.12,0.62,-2,0.88,1.12,8.33,1.61,10
Chieri,8,2,1,5,12,15,-3,7,Italy - Serie D - Group A,0.25,0.38,-3,0.88,1.5,4.0,2.63,10
Borgaro Nobis,8,2,1,5,6,10,-4,7,Italy - Serie D - Group A,0.25,0.38,-4,0.88,0.75,4.0,2.63,10
Chisola,8,1,3,4,10,10,0,6,Italy - Serie D - Group A,0.12,0.5,0,0.75,1.25,8.33,2.0,11
Sanremese,8,1,3,4,4,7,-3,6,Italy - Serie D - Group A,0.12,0.5,-3,0.75,0.5,8.33,2.0,11
Albenga,0,0,0,0,0,0,0,0,Italy - Serie D - Group A,0.0,0.0,0,0.0,0.0,0.0,0.0,12
Pro Palazzolo,8,6,1,1,20,4,16,19,Italy - Serie D - Group B,0.75,0.88,16,2.38,2.5,1.33,1.14,1
Club Milano,8,6,0,2,15,9,6,18,Italy - Serie D - Group B,0.75,0.75,6,2.25,1.88,1.33,1.33,2
USD Casatese,8,5,1,2,14,4,10,16,Italy - Serie D - Group B,0.62,0.75,10,2.0,1.75,1.61,1.33,3
Sangiuliano C.,8,4,3,1,10,5,5,15,Italy - Serie D - Group B,0.5,0.88,5,1.88,1.25,2.0,1.14,4
Ciliverghe,8,4,3,1,13,11,2,15,Italy - Serie D - Group B,0.5,0.88,2,1.88,1.62,2.0,1.14,4
F. Caratese,8,4,2,2,18,11,7,14,Italy - Serie D - Group B,0.5,0.75,7,1.75,2.25,2.0,1.33,5
Sondrio,8,4,2,2,13,7,6,14,Italy - Serie D - Group B,0.5,0.75,6,1.75,1.62,2.0,1.33,5
Varesina,8,4,2,2,15,11,4,14,Italy - Serie D - Group B,0.5,0.75,4,1.75,1.88,2.0,1.33,5
Desenxano,8,4,2,2,9,6,3,14,Italy - Serie D - Group B,0.5,0.75,3,1.75,1.12,2.0,1.33,5
Pro Sesto,8,4,2,2,9,8,1,14,Italy - Serie D - Group B,0.5,0.75,1,1.75,1.12,2.0,1.33,5
Vigasio,8,4,1,3,13,12,1,13,Italy - Serie D - Group B,0.5,0.62,1,1.62,1.62,2.0,1.61,6
Breno,8,3,3,2,14,10,4,12,Italy - Serie D - Group B,0.38,0.75,4,1.5,1.75,2.63,1.33,7
Ospitaletto,8,3,3,2,14,12,2,12,Italy - Serie D - Group B,0.38,0.75,2,1.5,1.75,2.63,1.33,7
Chievo,8,3,1,4,13,8,5,10,Italy - Serie D - Group B,0.38,0.5,5,1.25,1.62,2.63,2.0,8
Fanfulla,8,2,4,2,8,8,0,10,Italy - Serie D - Group B,0.25,0.75,0,1.25,1.0,4.0,1.33,8
Crema,8,2,3,3,14,12,2,9,Italy - Serie D - Group B,0.25,0.62,2,1.12,1.75,4.0,1.61,9
Castellanzese,8,1,6,1,11,12,-1,9,Italy - Serie D - Group B,0.12,0.88,-1,1.12,1.38,8.33,1.14,9
SantAngelo,8,2,3,3,9,11,-2,9,Italy - Serie D - Group B,0.25,0.62,-2,1.12,1.12,4.0,1.61,9
Arconatese,8,2,2,4,8,10,-2,8,Italy - Serie D - Group B,0.25,0.5,-2,1.0,1.0,4.0,2.0,10
Magenta,8,1,3,4,4,10,-6,6,Italy - Serie D - Group B,0.12,0.5,-6,0.75,0.5,8.33,2.0,11
Mestre,8,7,0,1,12,5,7,21,Italy - Serie D - Group C,0.88,0.88,7,2.62,1.5,1.14,1.14,1
D. Bellunesi,8,5,3,0,17,6,11,18,Italy - Serie D - Group C,0.62,1.0,11,2.25,2.12,1.61,1.0,2
Este,8,5,3,0,14,6,8,18,Italy - Serie D - Group C,0.62,1.0,8,2.25,1.75,1.61,1.0,2
Villa Alme,8,5,1,2,18,13,5,16,Italy - Serie D - Group C,0.62,0.75,5,2.0,2.25,1.61,1.33,3
Bassano Virtus,8,4,3,1,15,4,11,15,Italy - Serie D - Group C,0.5,0.88,11,1.88,1.88,2.0,1.14,4
Luparense,8,3,5,0,10,6,4,14,Italy - Serie D - Group C,0.38,1.0,4,1.75,1.25,2.63,1.0,5
Real Calepina,8,4,2,2,11,9,2,14,Italy - Serie D - Group C,0.5,0.75,2,1.75,1.38,2.0,1.33,5
Adriese,8,3,4,1,10,5,5,13,Italy - Serie D - Group C,0.38,0.88,5,1.62,1.25,2.63,1.14,6
Brusaporto,8,3,2,3,11,10,1,11,Italy - Serie D - Group C,0.38,0.62,1,1.38,1.38,2.63,1.61,7
Chions,8,2,4,2,7,7,0,10,Italy - Serie D - Group C,0.25,0.75,0,1.25,0.88,4.0,1.33,8
Portogruaro,8,2,4,2,4,4,0,10,Italy - Serie D - Group C,0.25,0.75,0,1.25,0.5,4.0,1.33,8
Cjarlins Muzane,8,2,4,2,13,14,-1,10,Italy - Serie D - Group C,0.25,0.75,-1,1.25,1.62,4.0,1.33,8
Treviso,8,3,1,4,7,9,-2,10,Italy - Serie D - Group C,0.38,0.5,-2,1.25,0.88,2.63,2.0,8
Campodarsego,8,3,1,4,13,16,-3,10,Italy - Serie D - Group C,0.38,0.5,-3,1.25,1.62,2.63,2.0,8
Brian Lignano,8,1,4,3,7,9,-2,7,Italy - Serie D - Group C,0.12,0.62,-2,0.88,0.88,8.33,1.61,9
Ciserano,8,1,4,3,10,14,-4,7,Italy - Serie D - Group C,0.12,0.62,-4,0.88,1.25,8.33,1.61,9
Calvi Noale,8,1,3,4,6,12,-6,6,Italy - Serie D - Group C,0.12,0.5,-6,0.75,0.75,8.33,2.0,10
Montecchio M.,8,1,2,5,7,13,-6,5,Italy - Serie D - Group C,0.12,0.38,-6,0.62,0.88,8.33,2.63,11
Lavis,8,1,1,6,4,15,-11,4,Italy - Serie D - Group C,0.12,0.25,-11,0.5,0.5,8.33,4.0,12
Caravaggio,8,0,2,6,4,14,-10,2,Italy - Serie D - Group C,0.0,0.25,-10,0.25,0.5,0.0,4.0,13
Ravenna,8,7,0,1,22,6,16,21,Italy - Serie D - Group D,0.88,0.88,16,2.62,2.75,1.14,1.14,1
Pistoiese,8,6,1,1,16,3,13,19,Italy - Serie D - Group D,0.75,0.88,13,2.38,2.0,1.33,1.14,2
Forli,8,6,0,2,15,10,5,18,Italy - Serie D - Group D,0.75,0.75,5,2.25,1.88,1.33,1.33,3
Tau Altopascio,8,3,4,1,12,8,4,13,Italy - Serie D - Group D,0.38,0.88,4,1.62,1.5,2.63,1.14,4
Imolese,8,3,3,2,15,11,4,12,Italy - Serie D - Group D,0.38,0.75,4,1.5,1.88,2.63,1.33,5
Lentigione,8,3,3,2,11,8,3,12,Italy - Serie D - Group D,0.38,0.75,3,1.5,1.38,2.63,1.33,5
Progresso,8,3,2,3,9,7,2,11,Italy - Serie D - Group D,0.38,0.62,2,1.38,1.12,2.63,1.61,6
Piacenza,8,3,2,3,7,6,1,11,Italy - Serie D - Group D,0.38,0.62,1,1.38,0.88,2.63,1.61,6
Corticella,8,3,1,4,7,14,-7,10,Italy - Serie D - Group D,0.38,0.5,-7,1.25,0.88,2.63,2.0,7
Sammaurese,8,2,2,4,9,7,2,8,Italy - Serie D - Group D,0.25,0.5,2,1.0,1.12,4.0,2.0,8
Cittadella Vis,8,2,2,4,11,11,0,8,Italy - Serie D - Group D,0.25,0.5,0,1.0,1.38,4.0,2.0,8
San Marino C.,8,2,2,4,9,13,-4,8,Italy - Serie D - Group D,0.25,0.5,-4,1.0,1.12,4.0,2.0,8
Zenith Prato,8,1,4,3,5,6,-1,7,Italy - Serie D - Group D,0.12,0.62,-1,0.88,0.62,8.33,1.61,9
Tuttocuoio,8,1,4,3,5,7,-2,7,Italy - Serie D - Group D,0.12,0.62,-2,0.88,0.62,8.33,1.61,9
Prato,8,2,1,5,4,13,-9,7,Italy - Serie D - Group D,0.25,0.38,-9,0.88,0.5,4.0,2.63,9
Fiorenzuola,8,1,1,6,4,11,-7,4,Italy - Serie D - Group D,0.12,0.25,-7,0.5,0.5,8.33,4.0,10
Sasso Marconi,8,1,1,6,8,16,-8,4,Italy - Serie D - Group D,0.12,0.25,-8,0.5,1.0,8.33,4.0,10
United Riccione,8,1,1,6,4,22,-18,4,Italy - Serie D - Group D,0.12,0.25,-18,0.5,0.5,8.33,4.0,10
Fulgens Foligno,8,7,0,1,19,8,11,21,Italy - Serie D - Group E,0.88,0.88,11,2.62,2.38,1.14,1.14,1
Livorno,8,6,1,1,22,10,12,19,Italy - Serie D - Group E,0.75,0.88,12,2.38,2.75,1.33,1.14,2
FC Siena,8,4,4,0,12,4,8,16,Italy - Serie D - Group E,0.5,1.0,8,2.0,1.5,2.0,1.0,3
Flaminia,8,4,2,2,11,7,4,14,Italy - Serie D - Group E,0.5,0.75,4,1.75,1.38,2.0,1.33,4
S. Trestina,8,4,2,2,6,9,-3,14,Italy - Serie D - Group E,0.5,0.75,-3,1.75,0.75,2.0,1.33,4
Ghiviborgo,8,4,1,3,19,15,4,13,Italy - Serie D - Group E,0.5,0.62,4,1.62,2.38,2.0,1.61,5
San Donato,8,4,1,3,10,7,3,13,Italy - Serie D - Group E,0.5,0.62,3,1.62,1.25,2.0,1.61,5
Ostia Mare,8,3,4,1,9,8,1,13,Italy - Serie D - Group E,0.38,0.88,1,1.62,1.12,2.63,1.14,5
Orvietana,8,3,3,2,10,7,3,12,Italy - Serie D - Group E,0.38,0.75,3,1.5,1.25,2.63,1.33,6
Grosseto,8,2,5,1,8,6,2,11,Italy - Serie D - Group E,0.25,0.88,2,1.38,1.0,4.0,1.14,7
Figline,8,3,2,3,8,8,0,11,Italy - Serie D - Group E,0.38,0.62,0,1.38,1.0,2.63,1.61,7
Seravezza,8,3,2,3,12,13,-1,11,Italy - Serie D - Group E,0.38,0.62,-1,1.38,1.5,2.63,1.61,7
Fezzanese,8,2,4,2,13,13,0,10,Italy - Serie D - Group E,0.25,0.75,0,1.25,1.62,4.0,1.33,8
Sangiovannese,8,2,2,4,6,8,-2,8,Italy - Serie D - Group E,0.25,0.5,-2,1.0,0.75,4.0,2.0,9
T. Traiana,8,1,5,2,6,8,-2,8,Italy - Serie D - Group E,0.12,0.75,-2,1.0,0.75,8.33,1.33,9
Gavorrano,8,1,3,4,7,14,-7,6,Italy - Serie D - Group E,0.12,0.5,-7,0.75,0.88,8.33,2.0,10
Montevarchi,8,0,5,3,3,7,-4,5,Italy - Serie D - Group E,0.0,0.62,-4,0.62,0.38,0.0,1.61,11
Poggibonsi,8,1,2,5,5,11,-6,5,Italy - Serie D - Group E,0.12,0.38,-6,0.62,0.62,8.33,2.63,11
Avezzano,8,5,3,0,16,4,12,18,Italy - Serie D - Group F,0.62,1.0,12,2.25,2.0,1.61,1.0,1
Chieti,8,5,2,1,12,8,4,17,Italy - Serie D - Group F,0.62,0.88,4,2.12,1.5,1.61,1.14,2
Teramo,8,5,0,3,18,9,9,15,Italy - Serie D - Group F,0.62,0.62,9,1.88,2.25,1.61,1.61,3
Castelfidardo,8,4,2,2,10,4,6,14,Italy - Serie D - Group F,0.5,0.75,6,1.75,1.25,2.0,1.33,4
San Nicolo,8,4,2,2,10,8,2,14,Italy - Serie D - Group F,0.5,0.75,2,1.75,1.25,2.0,1.33,4
Fossombrone,8,3,4,1,12,8,4,13,Italy - Serie D - Group F,0.38,0.88,4,1.62,1.5,2.63,1.14,5
Recanatese,8,4,1,3,11,11,0,13,Italy - Serie D - Group F,0.5,0.62,0,1.62,1.38,2.0,1.61,5
LAquila,8,3,3,2,12,9,3,12,Italy - Serie D - Group F,0.38,0.75,3,1.5,1.5,2.63,1.33,6
Sambenedettese,8,3,3,2,8,6,2,12,Italy - Serie D - Group F,0.38,0.75,2,1.5,1.0,2.63,1.33,6
Termoli Calcio,8,2,5,1,8,7,1,11,Italy - Serie D - Group F,0.25,0.88,1,1.38,1.0,4.0,1.14,7
Roma City,8,2,4,2,8,8,0,10,Italy - Serie D - Group F,0.25,0.75,0,1.25,1.0,4.0,1.33,8
Sora,8,2,3,3,9,9,0,9,Italy - Serie D - Group F,0.25,0.62,0,1.12,1.12,4.0,1.61,9
Isernia,8,2,2,4,7,13,-6,8,Italy - Serie D - Group F,0.25,0.5,-6,1.0,0.88,4.0,2.0,10
Atletico Ascoli,8,1,4,3,7,11,-4,7,Italy - Serie D - Group F,0.12,0.62,-4,0.88,0.88,8.33,1.61,11
Fermana,8,2,1,5,7,12,-5,7,Italy - Serie D - Group F,0.25,0.38,-5,0.88,0.88,4.0,2.63,11
V. Senigallia,8,1,4,3,7,12,-5,7,Italy - Serie D - Group F,0.12,0.62,-5,0.88,0.88,8.33,1.61,11
Ancona 1905,8,2,1,5,8,14,-6,7,Italy - Serie D - Group F,0.25,0.38,-6,0.88,1.0,4.0,2.63,11
Civitanovese,8,0,6,2,4,6,-2,6,Italy - Serie D - Group F,0.0,0.75,-2,0.75,0.5,0.0,1.33,12
CynthiAlbalonga,8,7,1,0,19,4,15,22,Italy - Serie D - Group G,0.88,1.0,15,2.75,2.38,1.14,1.0,1
Guidonia,8,7,1,0,18,5,13,22,Italy - Serie D - Group G,0.88,1.0,13,2.75,2.25,1.14,1.0,1
Gelbison,8,7,1,0,16,7,9,22,Italy - Serie D - Group G,0.88,1.0,9,2.75,2.0,1.14,1.0,1
Savoia,8,6,2,0,18,4,14,20,Italy - Serie D - Group G,0.75,1.0,14,2.5,2.25,1.33,1.0,2
Trastevere,8,6,1,1,19,7,12,19,Italy - Serie D - Group G,0.75,0.88,12,2.38,2.38,1.33,1.14,3
Cassino,8,5,2,1,10,3,7,17,Italy - Serie D - Group G,0.62,0.88,7,2.12,1.25,1.61,1.14,4
Latte Dolce,8,5,1,2,14,8,6,16,Italy - Serie D - Group G,0.62,0.75,6,2.0,1.75,1.61,1.33,5
S. Ogliastra,8,5,1,2,13,9,4,16,Italy - Serie D - Group G,0.62,0.75,4,2.0,1.62,1.61,1.33,5
Sarnese,8,5,1,2,15,13,2,16,Italy - Serie D - Group G,0.62,0.75,2,2.0,1.88,1.61,1.33,5
A. Lodigiani,8,4,3,1,17,11,6,15,Italy - Serie D - Group G,0.5,0.88,6,1.88,2.12,2.0,1.14,6
Paganese,8,4,3,1,10,5,5,15,Italy - Serie D - Group G,0.5,0.88,5,1.88,1.25,2.0,1.14,6
Olbia,8,4,2,2,15,10,5,14,Italy - Serie D - Group G,0.5,0.75,5,1.75,1.88,2.0,1.33,7
Ilvamaddalena,8,4,1,3,11,8,3,13,Italy - Serie D - Group G,0.5,0.62,3,1.62,1.38,2.0,1.61,8
Atletico Uri,8,3,1,4,13,11,2,10,Italy - Serie D - Group G,0.38,0.5,2,1.25,1.62,2.63,2.0,9
Puteolana,8,2,4,2,8,12,-4,10,Italy - Serie D - Group G,0.25,0.75,-4,1.25,1.0,4.0,1.33,9
R. Monterotondo,8,2,3,3,7,11,-4,9,Italy - Serie D - Group G,0.25,0.62,-4,1.12,0.88,4.0,1.61,10
Anzio,8,0,5,3,9,20,-11,5,Italy - Serie D - Group G,0.0,0.62,-11,0.62,1.12,0.0,1.61,11
Terracina,8,0,2,6,3,15,-12,2,Italy - Serie D - Group G,0.0,0.25,-12,0.25,0.38,0.0,4.0,12
Nocerina,8,6,2,0,18,2,16,20,Italy - Serie D - Group H,0.75,1.0,16,2.5,2.25,1.33,1.0,1
Citta di Fasano,8,6,1,1,20,8,12,19,Italy - Serie D - Group H,0.75,0.88,12,2.38,2.5,1.33,1.14,2
Casarano,8,5,3,0,18,5,13,18,Italy - Serie D - Group H,0.62,1.0,13,2.25,2.25,1.61,1.0,3
Nardo,8,5,2,1,15,5,10,17,Italy - Serie D - Group H,0.62,0.88,10,2.12,1.88,1.61,1.14,4
Martina Franca,8,5,2,1,13,5,8,17,Italy - Serie D - Group H,0.62,0.88,8,2.12,1.62,1.61,1.14,4
Brindisi,8,4,3,1,15,9,6,15,Italy - Serie D - Group H,0.5,0.88,6,1.88,1.88,2.0,1.14,5
Francavilla,8,5,0,3,13,7,6,15,Italy - Serie D - Group H,0.62,0.62,6,1.88,1.62,1.61,1.61,5
Manfredonia,8,4,3,1,12,7,5,15,Italy - Serie D - Group H,0.5,0.88,5,1.88,1.5,2.0,1.14,5
Fidelis Andria,8,4,3,1,7,4,3,15,Italy - Serie D - Group H,0.5,0.88,3,1.88,0.88,2.0,1.14,5
Matera,8,3,5,0,14,8,6,14,Italy - Serie D - Group H,0.38,1.0,6,1.75,1.75,2.63,1.0,6
Ischia,8,3,5,0,10,5,5,14,Italy - Serie D - Group H,0.38,1.0,5,1.75,1.25,2.63,1.0,6
Real Acerrana,8,4,1,3,11,11,0,13,Italy - Serie D - Group H,0.5,0.62,0,1.62,1.38,2.0,1.61,7
Ugento,8,4,0,4,15,12,3,12,Italy - Serie D - Group H,0.5,0.5,3,1.5,1.88,2.0,2.0,8
Gravina,8,3,3,2,12,9,3,12,Italy - Serie D - Group H,0.38,0.75,3,1.5,1.5,2.63,1.33,8
USD Palmese,8,3,3,2,8,8,0,12,Italy - Serie D - Group H,0.38,0.75,0,1.5,1.0,2.63,1.33,8
V. Francavilla,8,1,5,2,11,11,0,8,Italy - Serie D - Group H,0.12,0.75,0,1.0,1.38,8.33,1.33,9
Angri Calcio,8,2,2,4,9,12,-3,8,Italy - Serie D - Group H,0.25,0.5,-3,1.0,1.12,4.0,2.0,9
Costa DAmalfi,8,1,3,4,9,15,-6,6,Italy - Serie D - Group H,0.12,0.5,-6,0.75,1.12,8.33,2.0,10
Siracusa,8,8,0,0,28,4,24,24,Italy - Serie D - Group I,1.0,1.0,24,3.0,3.5,1.0,1.0,1
Reggina,8,7,0,1,21,6,15,21,Italy - Serie D - Group I,0.88,0.88,15,2.62,2.62,1.14,1.14,2
Scafatese,8,5,2,1,16,6,10,17,Italy - Serie D - Group I,0.62,0.88,10,2.12,2.0,1.61,1.14,3
Nissa,8,5,2,1,15,10,5,17,Italy - Serie D - Group I,0.62,0.88,5,2.12,1.88,1.61,1.14,3
Igea Virtus,8,5,0,3,13,7,6,15,Italy - Serie D - Group I,0.62,0.62,6,1.88,1.62,1.61,1.61,4
Sancataldese,8,4,2,2,8,6,2,14,Italy - Serie D - Group I,0.5,0.75,2,1.75,1.0,2.0,1.33,5
Acireale,8,4,2,2,10,10,0,14,Italy - Serie D - Group I,0.5,0.75,0,1.75,1.25,2.0,1.33,5
Ragusa,8,4,1,3,10,8,2,13,Italy - Serie D - Group I,0.5,0.62,2,1.62,1.25,2.0,1.61,6
Sambiase,8,4,1,3,7,5,2,13,Italy - Serie D - Group I,0.5,0.62,2,1.62,0.88,2.0,1.61,6
Vibonese,8,3,2,3,14,8,6,11,Italy - Serie D - Group I,0.38,0.62,6,1.38,1.75,2.63,1.61,7
Pompei,8,3,1,4,8,13,-5,10,Italy - Serie D - Group I,0.38,0.5,-5,1.25,1.0,2.63,2.0,8
Licata,8,3,0,5,9,14,-5,9,Italy - Serie D - Group I,0.38,0.38,-5,1.12,1.12,2.63,2.63,9
Paterno,8,1,5,2,3,5,-2,8,Italy - Serie D - Group I,0.12,0.75,-2,1.0,0.38,8.33,1.33,10
Locri 1909,8,1,3,4,9,12,-3,6,Italy - Serie D - Group I,0.12,0.5,-3,0.75,1.12,8.33,2.0,11
Enna,8,0,6,2,6,10,-4,6,Italy - Serie D - Group I,0.0,0.75,-4,0.75,0.75,0.0,1.33,11
CD S. Agata,8,0,5,3,9,13,-4,5,Italy - Serie D - Group I,0.0,0.62,-4,0.62,1.12,0.0,1.61,12
CastrumFavara,8,0,5,3,6,10,-4,5,Italy - Serie D - Group I,0.0,0.62,-4,0.62,0.75,0.0,1.61,12
Akragas,0,0,0,0,0,0,0,0,Italy - Serie D - Group I,0.0,0.0,0,0.0,0.0,0.0,0.0,13
Cagliari U20,8,5,3,0,11,6,5,18,Italy - Primavera 1,0.62,1.0,5,2.25,1.38,1.61,1.0,1
Juventus U20,8,6,0,2,18,15,3,18,Italy - Primavera 1,0.75,0.75,3,2.25,2.25,1.33,1.33,1
Roma U20,8,5,1,2,19,9,10,16,Italy - Primavera 1,0.62,0.75,10,2.0,2.38,1.61,1.33,2
Atalanta U20,8,5,1,2,15,6,9,16,Italy - Primavera 1,0.62,0.75,9,2.0,1.88,1.61,1.33,2
Cesena U20,8,5,0,3,20,19,1,15,Italy - Primavera 1,0.62,0.62,1,1.88,2.5,1.61,1.61,3
Inter Milan U20,8,4,2,2,14,5,9,14,Italy - Primavera 1,0.5,0.75,9,1.75,1.75,2.0,1.33,4
Milan U20,8,4,2,2,14,8,6,14,Italy - Primavera 1,0.5,0.75,6,1.75,1.75,2.0,1.33,4
Lazio U20,8,4,2,2,13,11,2,14,Italy - Primavera 1,0.5,0.75,2,1.75,1.62,2.0,1.33,4
Fiorentina U20,8,4,1,3,20,13,7,13,Italy - Primavera 1,0.5,0.62,7,1.62,2.5,2.0,1.61,5
H. Verona U20,8,3,2,3,11,10,1,11,Italy - Primavera 1,0.38,0.62,1,1.38,1.38,2.63,1.61,6
Lecce U20,8,3,2,3,9,9,0,11,Italy - Primavera 1,0.38,0.62,0,1.38,1.12,2.63,1.61,6
Monza U20,8,3,1,4,15,15,0,10,Italy - Primavera 1,0.38,0.5,0,1.25,1.88,2.63,2.0,7
Torino U20,8,3,1,4,13,14,-1,10,Italy - Primavera 1,0.38,0.5,-1,1.25,1.62,2.63,2.0,7
Bologna U20,8,2,3,3,8,11,-3,9,Italy - Primavera 1,0.25,0.62,-3,1.12,1.0,4.0,1.61,8
Genoa U20,8,2,2,4,11,11,0,8,Italy - Primavera 1,0.25,0.5,0,1.0,1.38,4.0,2.0,9
Cremonese U20,8,2,2,4,6,8,-2,8,Italy - Primavera 1,0.25,0.5,-2,1.0,0.75,4.0,2.0,9
Sassuolo U20,8,2,2,4,7,11,-4,8,Italy - Primavera 1,0.25,0.5,-4,1.0,0.88,4.0,2.0,9
Empoli U20,8,2,1,5,4,8,-4,7,Italy - Primavera 1,0.25,0.38,-4,0.88,0.5,4.0,2.63,10
Udinese U20,8,1,2,5,8,18,-10,5,Italy - Primavera 1,0.12,0.38,-10,0.62,1.0,8.33,2.63,11
Sampdoria U20,8,0,4,4,7,15,-8,4,Italy - Primavera 1,0.0,0.5,-8,0.5,0.88,0.0,2.0,12
Mount Pleasant,8,7,1,0,17,1,16,22,Jamaica - Premier League,0.88,1.0,16,2.75,2.12,1.14,1.0,1
Tivoli Gardens,8,6,2,0,15,7,8,20,Jamaica - Premier League,0.75,1.0,8,2.5,1.88,1.33,1.0,2
Cavalier,8,6,1,1,14,7,7,19,Jamaica - Premier League,0.75,0.88,7,2.38,1.75,1.33,1.14,3
Montego Bay,8,4,4,0,14,3,11,16,Jamaica - Premier League,0.5,1.0,11,2.0,1.75,2.0,1.0,4
Portmore Utd,8,5,1,2,8,5,3,16,Jamaica - Premier League,0.62,0.75,3,2.0,1.0,1.61,1.33,4
Racing United,8,5,1,2,12,10,2,16,Jamaica - Premier League,0.62,0.75,2,2.0,1.5,1.61,1.33,4
Waterhouse,8,4,2,2,10,8,2,14,Jamaica - Premier League,0.5,0.75,2,1.75,1.25,2.0,1.33,5
Humble Lions,8,4,2,2,11,10,1,14,Jamaica - Premier League,0.5,0.75,1,1.75,1.38,2.0,1.33,5
Arnett Gardens,8,3,4,1,16,9,7,13,Jamaica - Premier League,0.38,0.88,7,1.62,2.0,2.63,1.14,6
Harbour View,8,2,4,2,13,7,6,10,Jamaica - Premier League,0.25,0.75,6,1.25,1.62,4.0,1.33,7
Dunbeholden,8,3,0,5,7,13,-6,9,Jamaica - Premier League,0.38,0.38,-6,1.12,0.88,2.63,2.63,8
Molynes Utd,8,2,2,4,8,14,-6,8,Jamaica - Premier League,0.25,0.5,-6,1.0,1.0,4.0,2.0,9
Chapelton,8,1,3,4,7,15,-8,6,Jamaica - Premier League,0.12,0.5,-8,0.75,0.88,8.33,2.0,10
Vere Utd,8,1,2,5,6,13,-7,5,Jamaica - Premier League,0.12,0.38,-7,0.62,0.75,8.33,2.63,11
Kashima Antlers,8,6,1,1,15,6,9,19,Japan - J1 League,0.75,0.88,9,2.38,1.88,1.33,1.14,1
Urawa RD,8,6,0,2,11,6,5,18,Japan - J1 League,0.75,0.75,5,2.25,1.38,1.33,1.33,2
S. Hiroshima,8,5,1,2,8,5,3,16,Japan - J1 League,0.62,0.75,3,2.0,1.0,1.61,1.33,3
Gamba Osaka,7,5,0,2,13,8,5,15,Japan - J1 League,0.71,0.71,5,2.14,1.86,1.41,1.41,4
Fagiano Okayama,8,4,2,2,8,4,4,14,Japan - J1 League,0.5,0.75,4,1.75,1.0,2.0,1.33,5
Kashiwa Reysol,7,3,3,1,7,6,1,12,Japan - J1 League,0.43,0.86,1,1.71,1.0,2.33,1.16,6
Shimizu S-Pulse,7,3,2,2,11,8,3,11,Japan - J1 League,0.43,0.71,3,1.57,1.57,2.33,1.41,7
Nagoya G.,7,3,2,2,10,8,2,11,Japan - J1 League,0.43,0.71,2,1.57,1.43,2.33,1.41,7
Kyoto Sanga,7,3,2,2,9,7,2,11,Japan - J1 League,0.43,0.71,2,1.57,1.29,2.33,1.41,7
Avispa Fukuoka,8,3,2,3,8,8,0,11,Japan - J1 League,0.38,0.62,0,1.38,1.0,2.63,1.61,7
Vissel Kobe,8,3,2,3,7,7,0,11,Japan - J1 League,0.38,0.62,0,1.38,0.88,2.63,1.61,7
Tokyo Verdy,7,3,1,3,7,6,1,10,Japan - J1 League,0.43,0.57,1,1.43,1.0,2.33,1.75,8
Shonan Bellmare,7,3,1,3,6,6,0,10,Japan - J1 League,0.43,0.57,0,1.43,0.86,2.33,1.75,8
Yokohama FC,8,3,1,4,6,8,-2,10,Japan - J1 League,0.38,0.5,-2,1.25,0.75,2.63,2.0,8
Cerezo Osaka,7,2,3,2,8,8,0,9,Japan - J1 League,0.29,0.71,0,1.29,1.14,3.45,1.41,9
K. Frontale,5,2,2,1,9,4,5,8,Japan - J1 League,0.4,0.8,5,1.6,1.8,2.5,1.25,10
FC Tokyo,7,2,2,3,7,8,-1,8,Japan - J1 League,0.29,0.57,-1,1.14,1.0,3.45,1.75,10
Yokohama M.,6,1,4,1,6,5,1,7,Japan - J1 League,0.17,0.83,1,1.17,1.0,5.88,1.2,11
Albirex Niigata,7,0,4,3,10,13,-3,4,Japan - J1 League,0.0,0.57,-3,0.57,1.43,0.0,1.75,12
Machida Zelvia,7,1,1,5,5,10,-5,4,Japan - J1 League,0.14,0.29,-5,0.57,0.71,7.14,3.45,12
JEF Utd Chiba,7,6,0,1,17,7,10,18,Japan - J2 League,0.86,0.86,10,2.57,2.43,1.16,1.16,1
Omiya Ardija,7,5,2,0,12,6,6,17,Japan - J2 League,0.71,1.0,6,2.43,1.71,1.41,1.0,2
Vegalta Sendai,8,4,3,1,12,7,5,15,Japan - J2 League,0.5,0.88,5,1.88,1.5,2.0,1.14,3
Sagan Tosu,8,4,2,2,9,9,0,14,Japan - J2 League,0.5,0.75,0,1.75,1.12,2.0,1.33,4
Mito Hollyhock,7,3,4,0,11,5,6,13,Japan - J2 League,0.43,1.0,6,1.86,1.57,2.33,1.0,5
V-V. Nagasaki,7,4,1,2,14,10,4,13,Japan - J2 League,0.57,0.71,4,1.86,2.0,1.75,1.41,5
Oita Trinita,7,3,4,0,6,2,4,13,Japan - J2 League,0.43,1.0,4,1.86,0.86,2.33,1.0,5
Jubilo Iwata,7,4,1,2,8,8,0,13,Japan - J2 League,0.57,0.71,0,1.86,1.14,1.75,1.41,5
Tokushima V.,6,3,1,2,3,2,1,10,Japan - J2 League,0.5,0.67,1,1.67,0.5,2.0,1.49,6
Fujieda MYFC,7,3,0,4,9,12,-3,9,Japan - J2 League,0.43,0.43,-3,1.29,1.29,2.33,2.33,7
M. Yamagata,6,2,2,2,9,6,3,8,Japan - J2 League,0.33,0.67,3,1.33,1.5,3.03,1.49,8
FC Imabari,7,1,5,1,9,7,2,8,Japan - J2 League,0.14,0.86,2,1.14,1.29,7.14,1.16,8
Kataller Toyama,7,2,2,3,9,8,1,8,Japan - J2 League,0.29,0.57,1,1.14,1.29,3.45,1.75,8
Ventforet Kofu,7,2,2,3,8,10,-2,8,Japan - J2 League,0.29,0.57,-2,1.14,1.14,3.45,1.75,8
R. Kumamoto,8,2,2,4,7,10,-3,8,Japan - J2 League,0.25,0.5,-3,1.0,0.88,4.0,2.0,8
C. Sapporo,6,2,1,3,8,11,-3,7,Japan - J2 League,0.33,0.5,-3,1.17,1.33,3.03,2.0,9
R. Yamaguchi,7,1,3,3,8,9,-1,6,Japan - J2 League,0.14,0.57,-1,0.86,1.14,7.14,1.75,10
Iwaki,7,1,3,3,5,8,-3,6,Japan - J2 League,0.14,0.57,-3,0.86,0.71,7.14,1.75,10
Blaublitz Akita,6,2,0,4,5,9,-4,6,Japan - J2 League,0.33,0.33,-4,1.0,0.83,3.03,3.03,10
Ehime FC,8,0,2,6,7,14,-7,2,Japan - J2 League,0.0,0.25,-7,0.25,0.88,0.0,4.0,11
Osaka,7,6,1,0,12,5,7,19,Japan - J3 League,0.86,1.0,7,2.71,1.71,1.16,1.0,1
G. Kitakyushu,7,4,2,1,8,3,5,14,Japan - J3 League,0.57,0.86,5,2.0,1.14,1.75,1.16,2
Nara Club,7,4,2,1,11,7,4,14,Japan - J3 League,0.57,0.86,4,2.0,1.57,1.75,1.16,2
T. Miyazaki,6,3,2,1,9,6,3,11,Japan - J3 League,0.5,0.83,3,1.83,1.5,2.0,1.2,3
Tochigi City,5,3,2,0,9,6,3,11,Japan - J3 League,0.6,1.0,3,2.2,1.8,1.67,1.0,3
V. Hachinohe,6,3,2,1,8,5,3,11,Japan - J3 League,0.5,0.83,3,1.83,1.33,2.0,1.2,3
Fukushima Utd,6,3,1,2,14,12,2,10,Japan - J3 League,0.5,0.67,2,1.67,2.33,2.0,1.49,4
Gifu,7,3,1,3,8,8,0,10,Japan - J3 League,0.43,0.57,0,1.43,1.14,2.33,1.75,4
Tochigi SC,7,3,1,3,5,5,0,10,Japan - J3 League,0.43,0.57,0,1.43,0.71,2.33,1.75,4
Gainare Tottori,5,2,3,0,7,2,5,9,Japan - J3 League,0.4,1.0,5,1.8,1.4,2.5,1.0,5
Kusatsu,6,2,3,1,5,3,2,9,Japan - J3 League,0.33,0.83,2,1.5,0.83,3.03,1.2,5
SC Sagamihara,6,2,3,1,5,5,0,9,Japan - J3 League,0.33,0.83,0,1.5,0.83,3.03,1.2,5
Kagoshima Utd,6,2,2,2,10,8,2,8,Japan - J3 League,0.33,0.67,2,1.33,1.67,3.03,1.49,6
Nagano Parceiro,6,2,2,2,9,9,0,8,Japan - J3 League,0.33,0.67,0,1.33,1.5,3.03,1.49,6
FC Ryukyu,6,2,1,3,6,6,0,7,Japan - J3 League,0.33,0.5,0,1.17,1.0,3.03,2.0,7
Kamatamare S.,6,2,1,3,5,6,-1,7,Japan - J3 League,0.33,0.5,-1,1.17,0.83,3.03,2.0,7
Z. Kanazawa,4,2,0,2,6,5,1,6,Japan - J3 League,0.5,0.5,1,1.5,1.5,2.0,2.0,8
AC Numazu,6,1,3,2,5,4,1,6,Japan - J3 League,0.17,0.67,1,1.0,0.83,5.88,1.49,8
Matsumoto Y.,4,2,0,2,4,7,-3,6,Japan - J3 League,0.5,0.5,-3,1.5,1.0,2.0,2.0,8
Kochi United,6,0,3,3,4,12,-8,3,Japan - J3 League,0.0,0.5,-8,0.5,0.67,0.0,2.0,9
Al Hussein,8,6,2,0,22,4,18,20,Jordan - Premier League,0.75,1.0,18,2.5,2.75,1.33,1.0,1
Al Wihdat,8,6,2,0,17,8,9,20,Jordan - Premier League,0.75,1.0,9,2.5,2.12,1.33,1.0,1
Al Jazeera,8,5,1,2,17,10,7,16,Jordan - Premier League,0.62,0.75,7,2.0,2.12,1.61,1.33,2
Al Faysali,8,4,4,0,13,7,6,16,Jordan - Premier League,0.5,1.0,6,2.0,1.62,2.0,1.0,2
Al Salt,8,5,1,2,12,6,6,16,Jordan - Premier League,0.62,0.75,6,2.0,1.5,1.61,1.33,2
Shabab Al Ordon,8,4,1,3,14,13,1,13,Jordan - Premier League,0.5,0.62,1,1.62,1.75,2.0,1.61,3
Al Sareeh,8,2,3,3,7,11,-4,9,Jordan - Premier League,0.25,0.62,-4,1.12,0.88,4.0,1.61,4
Al Ramtha,8,2,2,4,5,10,-5,8,Jordan - Premier League,0.25,0.5,-5,1.0,0.62,4.0,2.0,5
Maan,8,2,2,4,9,15,-6,8,Jordan - Premier League,0.25,0.5,-6,1.0,1.12,4.0,2.0,5
Aqaba,8,2,2,4,7,14,-7,8,Jordan - Premier League,0.25,0.5,-7,1.0,0.88,4.0,2.0,5
Al Ahli,8,2,1,5,5,10,-5,7,Jordan - Premier League,0.25,0.38,-5,0.88,0.62,4.0,2.63,6
Moghayer Al S.,8,1,1,6,5,12,-7,4,Jordan - Premier League,0.12,0.25,-7,0.5,0.62,8.33,4.0,7
FC Astana,4,3,1,0,8,3,5,10,Kazakhstan - Premier League,0.75,1.0,5,2.5,2.0,1.33,1.0,1
Tobol,4,3,1,0,7,2,5,10,Kazakhstan - Premier League,0.75,1.0,5,2.5,1.75,1.33,1.0,1
Kairat Almaty,3,3,0,0,10,1,9,9,Kazakhstan - Premier League,1.0,1.0,9,3.0,3.33,1.0,1.0,2
Aktobe,3,3,0,0,7,2,5,9,Kazakhstan - Premier League,1.0,1.0,5,3.0,2.33,1.0,1.0,2
Ordabasy,4,2,2,0,2,0,2,8,Kazakhstan - Premier League,0.5,1.0,2,2.0,0.5,2.0,1.0,3
Yelimay Semey,3,2,0,1,5,2,3,6,Kazakhstan - Premier League,0.67,0.67,3,2.0,1.67,1.49,1.49,4
Turan,4,1,2,1,4,3,1,5,Kazakhstan - Premier League,0.25,0.75,1,1.25,1.0,4.0,1.33,5
Kaisar K.,4,0,4,0,3,3,0,4,Kazakhstan - Premier League,0.0,1.0,0,1.0,0.75,0.0,1.0,6
Okzhetpes,3,1,1,1,3,3,0,4,Kazakhstan - Premier League,0.33,0.67,0,1.33,1.0,3.03,1.49,6
Kyzylzhar,4,1,1,2,5,7,-2,4,Kazakhstan - Premier League,0.25,0.5,-2,1.0,1.25,4.0,2.0,6
Atyrau,6,1,0,5,5,15,-10,3,Kazakhstan - Premier League,0.17,0.17,-10,0.5,0.83,5.88,5.88,7
Zhetysu,3,0,2,1,0,3,-3,2,Kazakhstan - Premier League,0.0,0.67,-3,0.67,0.0,0.0,1.49,8
Zhenys,3,0,1,2,0,2,-2,1,Kazakhstan - Premier League,0.0,0.33,-2,0.33,0.0,0.0,3.03,9
Ulytau,3,0,1,2,2,6,-4,1,Kazakhstan - Premier League,0.0,0.33,-4,0.33,0.67,0.0,3.03,9
Drita,8,8,0,0,19,4,15,24,Kosovo - Superliga,1.0,1.0,15,3.0,2.38,1.0,1.0,1
Malisheva,8,5,2,1,15,8,7,17,Kosovo - Superliga,0.62,0.88,7,2.12,1.88,1.61,1.14,2
Ballkani,8,5,2,1,15,9,6,17,Kosovo - Superliga,0.62,0.88,6,2.12,1.88,1.61,1.14,2
Ferizaj,8,5,2,1,14,8,6,17,Kosovo - Superliga,0.62,0.88,6,2.12,1.75,1.61,1.14,2
Gjilani,8,4,2,2,9,7,2,14,Kosovo - Superliga,0.5,0.75,2,1.75,1.12,2.0,1.33,3
Dukagjini,8,3,4,1,7,5,2,13,Kosovo - Superliga,0.38,0.88,2,1.62,0.88,2.63,1.14,4
Llapi,8,2,5,1,7,5,2,11,Kosovo - Superliga,0.25,0.88,2,1.38,0.88,4.0,1.14,5
Suhareka,8,3,1,4,11,10,1,10,Kosovo - Superliga,0.38,0.5,1,1.25,1.38,2.63,2.0,6
Feronikeli,8,3,1,4,6,12,-6,10,Kosovo - Superliga,0.38,0.5,-6,1.25,0.75,2.63,2.0,6
Prishtina,8,0,7,1,9,10,-1,7,Kosovo - Superliga,0.0,0.88,-1,0.88,1.12,0.0,1.14,7
Al Kuwait,8,8,0,0,32,3,29,24,Kuwait - Premier League,1.0,1.0,29,3.0,4.0,1.0,1.0,1
Al Arabi SC,8,5,3,0,10,4,6,18,Kuwait - Premier League,0.62,1.0,6,2.25,1.25,1.61,1.0,2
Al Qadsia,8,6,0,2,18,13,5,18,Kuwait - Premier League,0.75,0.75,5,2.25,2.25,1.33,1.33,2
Kazma,8,3,4,1,11,6,5,13,Kuwait - Premier League,0.38,0.88,5,1.62,1.38,2.63,1.14,3
Al Fahaheel,8,3,4,1,13,9,4,13,Kuwait - Premier League,0.38,0.88,4,1.62,1.62,2.63,1.14,3
Al Salmiyah,8,3,1,4,15,16,-1,10,Kuwait - Premier League,0.38,0.5,-1,1.25,1.88,2.63,2.0,4
Al Nasar,8,3,1,4,13,14,-1,10,Kuwait - Premier League,0.38,0.5,-1,1.25,1.62,2.63,2.0,4
Khaitan,8,1,4,3,7,11,-4,7,Kuwait - Premier League,0.12,0.62,-4,0.88,0.88,8.33,1.61,5
Al Tadhamon,8,2,1,5,8,22,-14,7,Kuwait - Premier League,0.25,0.38,-14,0.88,1.0,4.0,2.63,5
Yarmouk,8,1,3,4,7,15,-8,6,Kuwait - Premier League,0.12,0.5,-8,0.75,0.88,8.33,2.0,6
Auda,7,5,0,2,12,5,7,15,Latvia - Virsliga,0.71,0.71,7,2.14,1.71,1.41,1.41,1
FS Jelgava,6,4,2,0,12,6,6,14,Latvia - Virsliga,0.67,1.0,6,2.33,2.0,1.49,1.0,2
Daugavpils,6,4,1,1,13,6,7,13,Latvia - Virsliga,0.67,0.83,7,2.17,2.17,1.49,1.2,3
RFS,5,4,0,1,8,2,6,12,Latvia - Virsliga,0.8,0.8,6,2.4,1.6,1.25,1.25,4
Liepaja,6,3,2,1,13,8,5,11,Latvia - Virsliga,0.5,0.83,5,1.83,2.17,2.0,1.2,5
Riga FC,5,2,2,1,9,5,4,8,Latvia - Virsliga,0.4,0.8,4,1.6,1.8,2.5,1.25,6
Grobina,5,2,1,2,8,11,-3,7,Latvia - Virsliga,0.4,0.6,-3,1.4,1.6,2.5,1.67,7
Metta,6,2,1,3,6,9,-3,7,Latvia - Virsliga,0.33,0.5,-3,1.17,1.0,3.03,2.0,7
Tukums,5,1,3,1,6,7,-1,6,Latvia - Virsliga,0.2,0.8,-1,1.2,1.2,5.0,1.25,8
Super Nova,4,1,1,2,7,8,-1,4,Latvia - Virsliga,0.25,0.5,-1,1.0,1.75,4.0,2.0,9
Hegelmann L.,5,5,0,0,10,5,5,15,Lithuania - A Lyga,1.0,1.0,5,3.0,2.0,1.0,1.0,1
Suduva,6,4,2,0,8,1,7,14,Lithuania - A Lyga,0.67,1.0,7,2.33,1.33,1.49,1.0,2
Banga,6,3,0,3,8,7,1,9,Lithuania - A Lyga,0.5,0.5,1,1.5,1.33,2.0,2.0,3
Zalgiris,5,2,2,1,8,5,3,8,Lithuania - A Lyga,0.4,0.8,3,1.6,1.6,2.5,1.25,4
Kauno Zalgiris,5,2,1,2,7,5,2,7,Lithuania - A Lyga,0.4,0.6,2,1.4,1.4,2.5,1.67,5
Riteriai,5,1,2,2,9,9,0,5,Lithuania - A Lyga,0.2,0.6,0,1.0,1.8,5.0,1.67,6
Siauliai,5,1,2,2,8,10,-2,5,Lithuania - A Lyga,0.2,0.6,-2,1.0,1.6,5.0,1.67,6
Panevezys,5,1,1,3,4,7,-3,4,Lithuania - A Lyga,0.2,0.4,-3,0.8,0.8,5.0,2.5,7
Dziugas Telsiai,3,1,0,2,2,3,-1,3,Lithuania - A Lyga,0.33,0.33,-1,1.0,0.67,3.03,3.03,8
Dainava,5,0,1,4,3,10,-7,1,Lithuania - A Lyga,0.0,0.2,-7,0.2,0.6,0.0,5.0,9
Tauras,5,4,1,0,13,1,12,13,Lithuania - 1st League,0.8,1.0,12,2.6,2.6,1.25,1.0,1
TransINVEST,4,4,0,0,11,1,10,12,Lithuania - 1st League,1.0,1.0,10,3.0,2.75,1.0,1.0,2
Kauno Z. B,4,4,0,0,9,2,7,12,Lithuania - 1st League,1.0,1.0,7,3.0,2.25,1.0,1.0,2
Neptuna K.,4,3,0,1,10,3,7,9,Lithuania - 1st League,0.75,0.75,7,2.25,2.5,1.33,1.33,3
BFA Vilnius,3,2,1,0,5,2,3,7,Lithuania - 1st League,0.67,1.0,3,2.33,1.67,1.49,1.0,4
Panevezys B,3,2,0,1,6,5,1,6,Lithuania - 1st League,0.67,0.67,1,2.0,2.0,1.49,1.49,5
Ekranas,4,1,1,2,6,6,0,4,Lithuania - 1st League,0.25,0.5,0,1.0,1.5,4.0,2.0,6
Hegelmann B,3,1,1,1,4,4,0,4,Lithuania - 1st League,0.33,0.67,0,1.33,1.33,3.03,1.49,6
Zalgiris B,3,1,1,1,4,5,-1,4,Lithuania - 1st League,0.33,0.67,-1,1.33,1.33,3.03,1.49,6
Babrungas,3,1,1,1,4,7,-3,4,Lithuania - 1st League,0.33,0.67,-3,1.33,1.33,3.03,1.49,6
Atmosfera,4,1,0,3,3,7,-4,3,Lithuania - 1st League,0.25,0.25,-4,0.75,0.75,4.0,4.0,7
Minija,3,1,0,2,3,8,-5,3,Lithuania - 1st League,0.33,0.33,-5,1.0,1.0,3.03,3.03,7
Be1 NFA,4,0,2,2,3,6,-3,2,Lithuania - 1st League,0.0,0.5,-3,0.5,0.75,0.0,2.0,8
Jonava,3,0,1,2,2,4,-2,1,Lithuania - 1st League,0.0,0.33,-2,0.33,0.67,0.0,3.03,9
Nevezis,3,0,1,2,4,9,-5,1,Lithuania - 1st League,0.0,0.33,-5,0.33,1.33,0.0,3.03,9
Siauliai B,3,0,1,2,1,6,-5,1,Lithuania - 1st League,0.0,0.33,-5,0.33,0.33,0.0,3.03,9
Differdange,8,7,1,0,22,1,21,22,Luxembourg - National Division,0.88,1.0,21,2.75,2.75,1.14,1.0,1
UNA Strassen,8,6,0,2,25,6,19,18,Luxembourg - National Division,0.75,0.75,19,2.25,3.12,1.33,1.33,2
Niedercorn,8,5,2,1,12,8,4,17,Luxembourg - National Division,0.62,0.88,4,2.12,1.5,1.61,1.14,3
Racing,8,5,1,2,14,8,6,16,Luxembourg - National Division,0.62,0.75,6,2.0,1.75,1.61,1.33,4
Wiltz,8,5,1,2,14,10,4,16,Luxembourg - National Division,0.62,0.75,4,2.0,1.75,1.61,1.33,4
Jeunesse Esch,8,4,2,2,19,15,4,14,Luxembourg - National Division,0.5,0.75,4,1.75,2.38,2.0,1.33,5
Dudelange,8,4,2,2,14,10,4,14,Luxembourg - National Division,0.5,0.75,4,1.75,1.75,2.0,1.33,5
Hostert,8,4,2,2,14,14,0,14,Luxembourg - National Division,0.5,0.75,0,1.75,1.75,2.0,1.33,5
Mondorf,8,4,1,3,11,9,2,13,Luxembourg - National Division,0.5,0.62,2,1.62,1.38,2.0,1.61,6
Hesperange,8,3,2,3,8,9,-1,11,Luxembourg - National Division,0.38,0.62,-1,1.38,1.0,2.63,1.61,7
Petange,8,2,3,3,7,8,-1,9,Luxembourg - National Division,0.25,0.62,-1,1.12,0.88,4.0,1.61,8
Rodange,8,1,3,4,8,15,-7,6,Luxembourg - National Division,0.12,0.5,-7,0.75,1.0,8.33,2.0,9
V. Rosport,8,0,4,4,4,12,-8,4,Luxembourg - National Division,0.0,0.5,-8,0.5,0.5,0.0,2.0,10
Bettembourg,8,1,1,6,6,15,-9,4,Luxembourg - National Division,0.12,0.25,-9,0.5,0.75,8.33,4.0,10
Mondercange,8,1,1,6,4,16,-12,4,Luxembourg - National Division,0.12,0.25,-12,0.5,0.5,8.33,4.0,10
Fola Esch,8,1,1,6,2,17,-15,4,Luxembourg - National Division,0.12,0.25,-15,0.5,0.25,8.33,4.0,10
Johor Darul,8,8,0,0,35,1,34,24,Malaysia - Super League,1.0,1.0,34,3.0,4.38,1.0,1.0,1
Selangor,8,6,1,1,12,3,9,19,Malaysia - Super League,0.75,0.88,9,2.38,1.5,1.33,1.14,2
Kuala Lumpur,8,6,0,2,22,10,12,18,Malaysia - Super League,0.75,0.75,12,2.25,2.75,1.33,1.33,3
Kuching,8,4,2,2,12,8,4,14,Malaysia - Super League,0.5,0.75,4,1.75,1.5,2.0,1.33,4
PDRM,8,4,2,2,12,8,4,14,Malaysia - Super League,0.5,0.75,4,1.75,1.5,2.0,1.33,4
Sabah,8,3,3,2,15,10,5,12,Malaysia - Super League,0.38,0.75,5,1.5,1.88,2.63,1.33,5
Pahang,8,3,1,4,17,17,0,10,Malaysia - Super League,0.38,0.5,0,1.25,2.12,2.63,2.0,6
Terengganu,8,2,3,3,10,9,1,9,Malaysia - Super League,0.25,0.62,1,1.12,1.25,4.0,1.61,7
Kedah,8,2,3,3,9,14,-5,9,Malaysia - Super League,0.25,0.62,-5,1.12,1.12,4.0,1.61,7
Pulau Pinang,8,2,3,3,8,13,-5,9,Malaysia - Super League,0.25,0.62,-5,1.12,1.0,4.0,1.61,7
Perak,8,1,3,4,13,15,-2,6,Malaysia - Super League,0.12,0.5,-2,0.75,1.62,8.33,2.0,8
Negeri Sembilan,8,2,0,6,6,18,-12,6,Malaysia - Super League,0.25,0.25,-12,0.75,0.75,4.0,4.0,8
Kelantan United,8,0,1,7,5,25,-20,1,Malaysia - Super League,0.0,0.12,-20,0.12,0.62,0.0,8.33,9
Mosta,8,6,1,1,13,6,7,19,Malta - Premier League,0.75,0.88,7,2.38,1.62,1.33,1.14,1
Floriana,8,4,3,1,11,6,5,15,Malta - Premier League,0.5,0.88,5,1.88,1.38,2.0,1.14,2
Marsaxlokk,8,3,4,1,13,14,-1,13,Malta - Premier League,0.38,0.88,-1,1.62,1.62,2.63,1.14,3
Birkirkara,8,3,3,2,13,9,4,12,Malta - Premier League,0.38,0.75,4,1.5,1.62,2.63,1.33,4
Sliema,8,3,1,4,13,10,3,10,Malta - Premier League,0.38,0.5,3,1.25,1.62,2.63,2.0,5
Hibernians,8,3,1,4,9,14,-5,10,Malta - Premier League,0.38,0.5,-5,1.25,1.12,2.63,2.0,5
Zabbar,8,3,0,5,10,12,-2,9,Malta - Premier League,0.38,0.38,-2,1.12,1.25,2.63,2.63,6
Naxxar Lions,8,2,3,3,5,12,-7,9,Malta - Premier League,0.25,0.62,-7,1.12,0.62,4.0,1.61,6
Balzan,8,2,2,4,9,13,-4,8,Malta - Premier League,0.25,0.5,-4,1.0,1.12,4.0,2.0,7
Gzira Utd,8,2,2,4,6,13,-7,8,Malta - Premier League,0.25,0.5,-7,1.0,0.75,4.0,2.0,7
Hamrun Spartans,8,2,1,5,9,9,0,7,Malta - Premier League,0.25,0.38,0,0.88,1.12,4.0,2.63,8
Melita,8,2,1,5,11,19,-8,7,Malta - Premier League,0.25,0.38,-8,0.88,1.38,4.0,2.63,8
A. San Luis,8,7,1,0,18,5,13,22,Mexico - Liga MX - Apertura,0.88,1.0,13,2.75,2.25,1.14,1.0,1
Toluca,8,6,2,0,25,5,20,20,Mexico - Liga MX - Apertura,0.75,1.0,20,2.5,3.12,1.33,1.0,2
Cruz Azul,8,6,2,0,19,3,16,20,Mexico - Liga MX - Apertura,0.75,1.0,16,2.5,2.38,1.33,1.0,2
Tigres,8,6,2,0,11,5,6,20,Mexico - Liga MX - Apertura,0.75,1.0,6,2.5,1.38,1.33,1.0,2
CF America,8,6,0,2,14,5,9,18,Mexico - Liga MX - Apertura,0.75,0.75,9,2.25,1.75,1.33,1.33,3
Pumas UNAM,8,6,0,2,14,6,8,18,Mexico - Liga MX - Apertura,0.75,0.75,8,2.25,1.75,1.33,1.33,3
Monterrey,8,5,2,1,16,8,8,17,Mexico - Liga MX - Apertura,0.62,0.88,8,2.12,2.0,1.61,1.14,4
Tijuana,8,5,2,1,14,11,3,17,Mexico - Liga MX - Apertura,0.62,0.88,3,2.12,1.75,1.61,1.14,4
Guadalajara,8,4,2,2,15,7,8,14,Mexico - Liga MX - Apertura,0.5,0.75,8,1.75,1.88,2.0,1.33,5
Atlas,8,3,4,1,8,5,3,13,Mexico - Liga MX - Apertura,0.38,0.88,3,1.62,1.0,2.63,1.14,6
Club Leon,8,2,5,1,9,5,4,11,Mexico - Liga MX - Apertura,0.25,0.88,4,1.38,1.12,4.0,1.14,7
Mazatlan,8,2,4,2,10,11,-1,10,Mexico - Liga MX - Apertura,0.25,0.75,-1,1.25,1.25,4.0,1.33,8
Necaxa,8,2,3,3,9,8,1,9,Mexico - Liga MX - Apertura,0.25,0.62,1,1.12,1.12,4.0,1.61,9
Pachuca,8,2,2,4,13,13,0,8,Mexico - Liga MX - Apertura,0.25,0.5,0,1.0,1.62,4.0,2.0,10
Santos Laguna,8,2,2,4,6,12,-6,8,Mexico - Liga MX - Apertura,0.25,0.5,-6,1.0,0.75,4.0,2.0,10
Puebla,8,2,1,5,12,15,-3,7,Mexico - Liga MX - Apertura,0.25,0.38,-3,0.88,1.5,4.0,2.63,11
Queretaro,8,2,1,5,6,11,-5,7,Mexico - Liga MX - Apertura,0.25,0.38,-5,0.88,0.75,4.0,2.63,11
Juarez,8,1,2,5,10,15,-5,5,Mexico - Liga MX - Apertura,0.12,0.38,-5,0.62,1.25,8.33,2.63,12
Tigres,8,7,0,1,16,5,11,21,Mexico - Liga MX - Clausura,0.88,0.88,11,2.62,2.0,1.14,1.14,1
Toluca,8,6,2,0,21,9,12,20,Mexico - Liga MX - Clausura,0.75,1.0,12,2.5,2.62,1.33,1.0,2
Cruz Azul,8,5,3,0,14,7,7,18,Mexico - Liga MX - Clausura,0.62,1.0,7,2.25,1.75,1.61,1.0,3
CF America,8,5,2,1,21,4,17,17,Mexico - Liga MX - Clausura,0.62,0.88,17,2.12,2.62,1.61,1.14,4
Monterrey,8,5,1,2,16,10,6,16,Mexico - Liga MX - Clausura,0.62,0.75,6,2.0,2.0,1.61,1.33,5
Club Leon,8,5,1,2,11,9,2,16,Mexico - Liga MX - Clausura,0.62,0.75,2,2.0,1.38,1.61,1.33,5
Pachuca,8,4,3,1,11,6,5,15,Mexico - Liga MX - Clausura,0.5,0.88,5,1.88,1.38,2.0,1.14,6
Guadalajara,8,4,3,1,8,5,3,15,Mexico - Liga MX - Clausura,0.5,0.88,3,1.88,1.0,2.0,1.14,6
Necaxa,8,5,0,3,18,16,2,15,Mexico - Liga MX - Clausura,0.62,0.62,2,1.88,2.25,1.61,1.61,6
Queretaro,8,4,1,3,11,10,1,13,Mexico - Liga MX - Clausura,0.5,0.62,1,1.62,1.38,2.0,1.61,7
Mazatlan,8,3,3,2,10,10,0,12,Mexico - Liga MX - Clausura,0.38,0.75,0,1.5,1.25,2.63,1.33,8
A. San Luis,8,4,0,4,11,12,-1,12,Mexico - Liga MX - Clausura,0.5,0.5,-1,1.5,1.38,2.0,2.0,8
Juarez,8,3,3,2,10,12,-2,12,Mexico - Liga MX - Clausura,0.38,0.75,-2,1.5,1.25,2.63,1.33,8
Tijuana,8,3,0,5,17,19,-2,9,Mexico - Liga MX - Clausura,0.38,0.38,-2,1.12,2.12,2.63,2.63,9
Pumas UNAM,8,2,3,3,5,7,-2,9,Mexico - Liga MX - Clausura,0.25,0.62,-2,1.12,0.62,4.0,1.61,9
Atlas,8,2,3,3,14,18,-4,9,Mexico - Liga MX - Clausura,0.25,0.62,-4,1.12,1.75,4.0,1.61,9
Santos Laguna,8,2,0,6,8,17,-9,6,Mexico - Liga MX - Clausura,0.25,0.25,-9,0.75,1.0,4.0,4.0,10
Puebla,8,1,1,6,5,12,-7,4,Mexico - Liga MX - Clausura,0.12,0.25,-7,0.5,0.62,8.33,4.0,11
Buducnost,8,8,0,0,29,6,23,24,Montenegro - First League,1.0,1.0,23,3.0,3.62,1.0,1.0,1
Petrovac,8,5,3,0,14,7,7,18,Montenegro - First League,0.62,1.0,7,2.25,1.75,1.61,1.0,2
Sutjeska,8,4,2,2,11,9,2,14,Montenegro - First League,0.5,0.75,2,1.75,1.38,2.0,1.33,3
Otrant,8,4,1,3,13,10,3,13,Montenegro - First League,0.5,0.62,3,1.62,1.62,2.0,1.61,4
Jedinstvo,8,4,1,3,9,6,3,13,Montenegro - First League,0.5,0.62,3,1.62,1.12,2.0,1.61,4
Decic,8,3,3,2,8,6,2,12,Montenegro - First League,0.38,0.75,2,1.5,1.0,2.63,1.33,5
Arsenal Tivat,8,3,2,3,8,11,-3,11,Montenegro - First League,0.38,0.62,-3,1.38,1.0,2.63,1.61,6
Jezero,8,2,3,3,12,13,-1,9,Montenegro - First League,0.25,0.62,-1,1.12,1.5,4.0,1.61,7
Mornar Bar,8,2,3,3,6,8,-2,9,Montenegro - First League,0.25,0.62,-2,1.12,0.75,4.0,1.61,7
Bokelj,8,2,1,5,5,15,-10,7,Montenegro - First League,0.25,0.38,-10,0.88,0.62,4.0,2.63,8
FUS Rabat,8,6,1,1,21,9,12,19,morocco,0.75,0.88,12,2.38,2.62,1.33,1.14,1
Berkane,8,5,3,0,13,3,10,18,morocco,0.62,1.0,10,2.25,1.62,1.61,1.0,2
FAR Rabat,8,5,3,0,14,7,7,18,morocco,0.62,1.0,7,2.25,1.75,1.61,1.0,2
Olympic Safi,8,4,4,0,8,3,5,16,morocco,0.5,1.0,5,2.0,1.0,2.0,1.0,3
Wydad,8,4,3,1,12,8,4,15,morocco,0.5,0.88,4,1.88,1.5,2.0,1.14,4
Ittihad Tanger,8,4,3,1,11,8,3,15,morocco,0.5,0.88,3,1.88,1.38,2.0,1.14,4
Meknes,8,4,3,1,8,5,3,15,morocco,0.5,0.88,3,1.88,1.0,2.0,1.14,4
Raja Casablanca,8,3,5,0,11,5,6,14,morocco,0.38,1.0,6,1.75,1.38,2.63,1.0,5
R. Zemamra,8,4,2,2,11,6,5,14,morocco,0.5,0.75,5,1.75,1.38,2.0,1.33,5
Difaa El Jadida,8,4,2,2,8,8,0,14,morocco,0.5,0.75,0,1.75,1.0,2.0,1.33,5
Union Touarga,8,4,1,3,10,9,1,13,morocco,0.5,0.62,1,1.62,1.25,2.0,1.61,6
Maghreb de Fes,8,4,1,3,7,7,0,13,morocco,0.5,0.62,0,1.62,0.88,2.0,1.61,6
Hassania Agadir,8,3,3,2,12,10,2,12,morocco,0.38,0.75,2,1.5,1.5,2.63,1.33,7
JS Sousalem,8,2,2,4,6,10,-4,8,morocco,0.25,0.5,-4,1.0,0.75,4.0,2.0,8
Moghreb Tetouan,8,1,2,5,6,13,-7,5,morocco,0.12,0.38,-7,0.62,0.75,8.33,2.63,9
C. Mohammedia,8,0,0,8,2,23,-21,0,morocco,0.0,0.0,-21,0.0,0.25,0.0,0.0,10
Shan Utd,8,8,0,0,23,1,22,24,myanmar,1.0,1.0,22,3.0,2.88,1.0,1.0,1
Yangon Utd,8,5,2,1,16,7,9,17,myanmar,0.62,0.88,9,2.12,2.0,1.61,1.14,2
Sagaing Utd,8,5,1,2,20,13,7,16,myanmar,0.62,0.75,7,2.0,2.5,1.61,1.33,3
Hantharwady,8,4,2,2,13,12,1,14,myanmar,0.5,0.75,1,1.75,1.62,2.0,1.33,4
Yadanarbon,8,3,3,2,16,14,2,12,myanmar,0.38,0.75,2,1.5,2.0,2.63,1.33,5
Dagon,8,3,3,2,7,7,0,12,myanmar,0.38,0.75,0,1.5,0.88,2.63,1.33,5
Ispe FC,8,3,2,3,12,15,-3,11,myanmar,0.38,0.62,-3,1.38,1.5,2.63,1.61,6
Thitsar Arman,8,2,2,4,14,19,-5,8,myanmar,0.25,0.5,-5,1.0,1.75,4.0,2.0,7
Rakhine Utd,8,1,3,4,7,21,-14,6,myanmar,0.12,0.5,-14,0.75,0.88,8.33,2.0,8
Myawady,8,1,1,6,12,22,-10,4,myanmar,0.12,0.25,-10,0.5,1.5,8.33,4.0,9
Dagon Port,8,1,1,6,9,21,-12,4,myanmar,0.12,0.25,-12,0.5,1.12,8.33,4.0,9
Ayeyawady,8,1,0,7,5,14,-9,3,myanmar,0.12,0.12,-9,0.38,0.62,8.33,8.33,10
Ajax Amsterdam,8,6,2,0,19,6,13,20,netherlands,0.75,1.0,13,2.5,2.38,1.33,1.0,1
Feyenoord,8,6,1,1,22,8,14,19,netherlands,0.75,0.88,14,2.38,2.75,1.33,1.14,2
FC Groningen,8,5,2,1,16,7,9,17,netherlands,0.62,0.88,9,2.12,2.0,1.61,1.14,3
Go Ahead Eagles,8,5,2,1,13,11,2,17,netherlands,0.62,0.88,2,2.12,1.62,1.61,1.14,3
FC Twente,8,5,1,2,17,12,5,16,netherlands,0.62,0.75,5,2.0,2.12,1.61,1.33,4
PSV Eindhoven,8,4,3,1,19,11,8,15,netherlands,0.5,0.88,8,1.88,2.38,2.0,1.14,5
Heerenveen,8,4,3,1,15,11,4,15,netherlands,0.5,0.88,4,1.88,1.88,2.0,1.14,5
Heracles Almelo,8,4,3,1,15,12,3,15,netherlands,0.5,0.88,3,1.88,1.88,2.0,1.14,5
Sparta,8,4,2,2,12,7,5,14,netherlands,0.5,0.75,5,1.75,1.5,2.0,1.33,6
AZ Alkmaar,8,4,2,2,10,7,3,14,netherlands,0.5,0.75,3,1.75,1.25,2.0,1.33,6
FC Utrecht,8,4,1,3,12,8,4,13,netherlands,0.5,0.62,4,1.62,1.5,2.0,1.61,7
NEC Nijmegen,8,2,5,1,18,15,3,11,netherlands,0.25,0.88,3,1.38,2.25,4.0,1.14,8
PEC Zwolle,8,2,3,3,10,9,1,9,netherlands,0.25,0.62,1,1.12,1.25,4.0,1.61,9
Fortuna Sittard,8,3,0,5,6,16,-10,9,netherlands,0.38,0.38,-10,1.12,0.75,2.63,2.63,9
RKC Waalwijk,8,2,2,4,11,13,-2,8,netherlands,0.25,0.5,-2,1.0,1.38,4.0,2.0,10
NAC Breda,8,1,5,2,9,12,-3,8,netherlands,0.12,0.75,-3,1.0,1.12,8.33,1.33,10
Almere City,8,1,3,4,8,13,-5,6,netherlands,0.12,0.5,-5,0.75,1.0,8.33,2.0,11
Willem II,8,1,1,6,10,16,-6,4,netherlands,0.12,0.25,-6,0.5,1.25,8.33,4.0,12
Cambuur,8,7,1,0,18,6,12,22,netherlands2,0.88,1.0,12,2.75,2.25,1.14,1.0,1
FC Dordrecht,8,6,2,0,21,3,18,20,netherlands2,0.75,1.0,18,2.5,2.62,1.33,1.0,2
Telstar,8,6,1,1,23,7,16,19,netherlands2,0.75,0.88,16,2.38,2.88,1.33,1.14,3
De Graafschap,8,6,1,1,15,5,10,19,netherlands2,0.75,0.88,10,2.38,1.88,1.33,1.14,3
FC Volendam,8,6,0,2,22,11,11,18,netherlands2,0.75,0.75,11,2.25,2.75,1.33,1.33,4
ADO Den Haag,8,6,0,2,16,13,3,18,netherlands2,0.75,0.75,3,2.25,2.0,1.33,1.33,4
Excelsior,8,5,2,1,18,6,12,17,netherlands2,0.62,0.88,12,2.12,2.25,1.61,1.14,5
VVV,8,4,3,1,13,8,5,15,netherlands2,0.5,0.88,5,1.88,1.62,2.0,1.14,6
Roda JC,8,4,3,1,14,11,3,15,netherlands2,0.5,0.88,3,1.88,1.75,2.0,1.14,6
FC Den Bosch,8,4,2,2,11,6,5,14,netherlands2,0.5,0.75,5,1.75,1.38,2.0,1.33,7
Vitesse Arnhem,8,4,1,3,11,10,1,13,netherlands2,0.5,0.62,1,1.62,1.38,2.0,1.61,8
Helmond Sport,8,3,3,2,14,8,6,12,netherlands2,0.38,0.75,6,1.5,1.75,2.63,1.33,9
Jong AZ,8,3,3,2,14,8,6,12,netherlands2,0.38,0.75,6,1.5,1.75,2.63,1.33,9
MVV Maastricht,8,4,0,4,14,11,3,12,netherlands2,0.5,0.5,3,1.5,1.75,2.0,2.0,9
FC Emmen,8,4,0,4,14,12,2,12,netherlands2,0.5,0.5,2,1.5,1.75,2.0,2.0,9
Jong Ajax,8,3,2,3,10,10,0,11,netherlands2,0.38,0.62,0,1.38,1.25,2.63,1.61,10
FC Eindhoven,8,2,2,4,13,17,-4,8,netherlands2,0.25,0.5,-4,1.0,1.62,4.0,2.0,11
TOP Oss,8,2,2,4,7,14,-7,8,netherlands2,0.25,0.5,-7,1.0,0.88,4.0,2.0,11
Jong Utrecht,8,1,4,3,7,10,-3,7,netherlands2,0.12,0.62,-3,0.88,0.88,8.33,1.61,12
Jong PSV,8,1,1,6,11,20,-9,4,netherlands2,0.12,0.25,-9,0.5,1.38,8.33,4.0,13
Real Esteli,8,6,1,1,18,6,12,19,nicaragua2,0.75,0.88,12,2.38,2.25,1.33,1.14,1
Managua FC,8,6,1,1,15,4,11,19,nicaragua2,0.75,0.88,11,2.38,1.88,1.33,1.14,1
Diriangen,8,6,0,2,19,8,11,18,nicaragua2,0.75,0.75,11,2.25,2.38,1.33,1.33,2
CS Sebaco,8,4,3,1,10,7,3,15,nicaragua2,0.5,0.88,3,1.88,1.25,2.0,1.14,3
Matagalpa,8,4,2,2,20,14,6,14,nicaragua2,0.5,0.75,6,1.75,2.5,2.0,1.33,4
Walter Ferreti,8,4,2,2,12,7,5,14,nicaragua2,0.5,0.75,5,1.75,1.5,2.0,1.33,4
UNAN Managua,8,4,2,2,13,9,4,14,nicaragua2,0.5,0.75,4,1.75,1.62,2.0,1.33,4
Jalapa,8,3,3,2,10,5,5,12,nicaragua2,0.38,0.75,5,1.5,1.25,2.63,1.33,5
D. Ocotal,8,3,2,3,11,10,1,11,nicaragua2,0.38,0.62,1,1.38,1.38,2.63,1.61,6
Rancho Santana,8,2,4,2,10,9,1,10,nicaragua2,0.25,0.75,1,1.25,1.25,4.0,1.33,7
Linfield,8,7,0,1,13,5,8,21,northernireland,0.88,0.88,8,2.62,1.62,1.14,1.14,1
Cliftonville,8,6,1,1,19,4,15,19,northernireland,0.75,0.88,15,2.38,2.38,1.33,1.14,2
Portadown,8,5,2,1,13,7,6,17,northernireland,0.62,0.88,6,2.12,1.62,1.61,1.14,3
Glentoran,8,4,3,1,10,7,3,15,northernireland,0.5,0.88,3,1.88,1.25,2.0,1.14,4
Coleraine,8,4,2,2,11,8,3,14,northernireland,0.5,0.75,3,1.75,1.38,2.0,1.33,5
Ballymena Utd,8,3,3,2,13,10,3,12,northernireland,0.38,0.75,3,1.5,1.62,2.63,1.33,6
Glenavon,8,4,0,4,9,6,3,12,northernireland,0.5,0.5,3,1.5,1.12,2.0,2.0,6
Dungannon,8,3,2,3,11,14,-3,11,northernireland,0.38,0.62,-3,1.38,1.38,2.63,1.61,7
Crusaders,8,3,2,3,13,17,-4,11,northernireland,0.38,0.62,-4,1.38,1.62,2.63,1.61,7
Larne,8,2,4,2,7,7,0,10,northernireland,0.25,0.75,0,1.25,0.88,4.0,1.33,8
Carrick Rangers,8,2,2,4,7,11,-4,8,northernireland,0.25,0.5,-4,1.0,0.88,4.0,2.0,9
Loughgall,8,1,1,6,7,17,-10,4,northernireland,0.12,0.25,-10,0.5,0.88,8.33,4.0,10
Annagh Utd,8,6,1,1,19,9,10,19,northernireland2,0.75,0.88,10,2.38,2.38,1.33,1.14,1
Ballinamallard,8,5,2,1,15,7,8,17,northernireland2,0.62,0.88,8,2.12,1.88,1.61,1.14,2
Bangor,8,5,1,2,21,11,10,16,northernireland2,0.62,0.75,10,2.0,2.62,1.61,1.33,3
HW Welders,8,5,0,3,18,8,10,15,northernireland2,0.62,0.62,10,1.88,2.25,1.61,1.61,4
Newington,8,5,0,3,15,12,3,15,northernireland2,0.62,0.62,3,1.88,1.88,1.61,1.61,4
Limavady,8,4,2,2,13,8,5,14,northernireland2,0.5,0.75,5,1.75,1.62,2.0,1.33,5
Newry City,8,3,3,2,11,9,2,12,northernireland2,0.38,0.75,2,1.5,1.38,2.63,1.33,6
Ards,8,3,3,2,14,13,1,12,northernireland2,0.38,0.75,1,1.5,1.75,2.63,1.33,6
Institute,8,3,3,2,15,17,-2,12,northernireland2,0.38,0.75,-2,1.5,1.88,2.63,1.33,6
Ballyclare,8,1,4,3,11,16,-5,7,northernireland2,0.12,0.62,-5,0.88,1.38,8.33,1.61,7
Dundela,8,2,1,5,9,14,-5,7,northernireland2,0.25,0.38,-5,0.88,1.12,4.0,2.63,7
Armagh City,8,1,2,5,10,20,-10,5,northernireland2,0.12,0.38,-10,0.62,1.25,8.33,2.63,8
Shkendija,8,6,2,0,17,7,10,20,northmacedonia,0.75,1.0,10,2.5,2.12,1.33,1.0,1
Sileks,8,4,4,0,15,4,11,16,northmacedonia,0.5,1.0,11,2.0,1.88,2.0,1.0,2
Rabotnicki,8,5,1,2,8,4,4,16,northmacedonia,0.62,0.75,4,2.0,1.0,1.61,1.33,2
Struga,8,4,3,1,12,6,6,15,northmacedonia,0.5,0.88,6,1.88,1.5,2.0,1.14,3
Tikves,8,5,0,3,9,7,2,15,northmacedonia,0.62,0.62,2,1.88,1.12,1.61,1.61,3
Pelister,8,4,1,3,6,6,0,13,northmacedonia,0.5,0.62,0,1.62,0.75,2.0,1.61,4
Shkupi,8,3,1,4,11,10,1,10,northmacedonia,0.38,0.5,1,1.25,1.38,2.63,2.0,5
Besa,8,3,1,4,9,14,-5,10,northmacedonia,0.38,0.5,-5,1.25,1.12,2.63,2.0,5
Voska Sport,8,2,3,3,8,9,-1,9,northmacedonia,0.25,0.62,-1,1.12,1.0,4.0,1.61,6
Gostivar,8,2,3,3,7,10,-3,9,northmacedonia,0.25,0.62,-3,1.12,0.88,4.0,1.61,6
Vardar,8,1,5,2,8,9,-1,8,northmacedonia,0.12,0.75,-1,1.0,1.0,8.33,1.33,7
Brera Strumica,8,2,1,5,10,14,-4,7,northmacedonia,0.25,0.38,-4,0.88,1.25,4.0,2.63,8
Viking,5,3,2,0,15,7,8,11,norway,0.6,1.0,8,2.2,3.0,1.67,1.0,1
Fredrikstad,3,3,0,0,8,1,7,9,norway,1.0,1.0,7,3.0,2.67,1.0,1.0,2
Brann,3,3,0,0,8,4,4,9,norway,1.0,1.0,4,3.0,2.67,1.0,1.0,2
Rosenborg,4,2,2,0,5,1,4,8,norway,0.5,1.0,4,2.0,1.25,2.0,1.0,3
Bodo.Glimt,2,2,0,0,6,0,6,6,norway,1.0,1.0,6,3.0,3.0,1.0,1.0,4
Sandefjord,2,2,0,0,5,0,5,6,norway,1.0,1.0,5,3.0,2.5,1.0,1.0,4
Molde,3,1,1,1,4,5,-1,4,norway,0.33,0.67,-1,1.33,1.33,3.03,1.49,5
HamKam,3,1,1,1,4,6,-2,4,norway,0.33,0.67,-2,1.33,1.33,3.03,1.49,5
Bryne,2,1,0,1,3,2,1,3,norway,0.5,0.5,1,1.5,1.5,2.0,2.0,6
KFUM Oslo,2,1,0,1,4,4,0,3,norway,0.5,0.5,0,1.5,2.0,2.0,2.0,6
Tromso,3,1,0,2,3,4,-1,3,norway,0.33,0.33,-1,1.0,1.0,3.03,3.03,6
Kristiansund,2,1,0,1,2,3,-1,3,norway,0.5,0.5,-1,1.5,1.0,2.0,2.0,6
Valerenga,3,1,0,2,5,7,-2,3,norway,0.33,0.33,-2,1.0,1.67,3.03,3.03,6
Sarpsborg 08,2,0,1,1,3,4,-1,1,norway,0.0,0.5,-1,0.5,1.5,0.0,2.0,7
Haugesund,2,0,1,1,0,5,-5,1,norway,0.0,0.5,-5,0.5,0.0,0.0,2.0,7
Stromsgodset,3,0,0,3,3,6,-3,0,norway,0.0,0.0,-3,0.0,1.0,0.0,0.0,8
Odd,3,2,1,0,5,3,2,7,norway2,0.67,1.0,2,2.33,1.67,1.49,1.0,1
Moss,2,2,0,0,6,2,4,6,norway2,1.0,1.0,4,3.0,3.0,1.0,1.0,2
Lillestrom,2,2,0,0,4,0,4,6,norway2,1.0,1.0,4,3.0,2.0,1.0,1.0,2
Egersund,2,2,0,0,7,5,2,6,norway2,1.0,1.0,2,3.0,3.5,1.0,1.0,2
Sogndal,3,2,0,1,7,6,1,6,norway2,0.67,0.67,1,2.0,2.33,1.49,1.49,2
Raufoss,3,2,0,1,6,5,1,6,norway2,0.67,0.67,1,2.0,2.0,1.49,1.49,2
Aalesund,3,1,2,0,5,3,2,5,norway2,0.33,1.0,2,1.67,1.67,3.03,1.0,3
Kongsvinger,2,1,1,0,7,1,6,4,norway2,0.5,1.0,6,2.0,3.5,2.0,1.0,4
Stabaek,3,1,1,1,2,4,-2,4,norway2,0.33,0.67,-2,1.33,0.67,3.03,1.49,4
Start,3,1,0,2,5,6,-1,3,norway2,0.33,0.33,-1,1.0,1.67,3.03,3.03,5
Ranheim,3,1,0,2,3,6,-3,3,norway2,0.33,0.33,-3,1.0,1.0,3.03,3.03,5
Mjondalen,2,0,1,1,3,4,-1,1,norway2,0.0,0.5,-1,0.5,1.5,0.0,2.0,6
Asane,2,0,1,1,0,2,-2,1,norway2,0.0,0.5,-2,0.5,0.0,0.0,2.0,6
Hodd,2,0,0,2,0,3,-3,0,norway2,0.0,0.0,-3,0.0,0.0,0.0,0.0,7
Lyn,3,0,0,3,0,3,-3,0,norway2,0.0,0.0,-3,0.0,0.0,0.0,0.0,7
Skeid,2,0,0,2,2,7,-5,0,norway2,0.0,0.0,-5,0.0,1.0,0.0,0.0,7
Sandnes Ulf,3,2,1,0,6,3,3,7,norway3,0.67,1.0,3,2.33,2.0,1.49,1.0,1
Notodden,3,2,1,0,5,3,2,7,norway3,0.67,1.0,2,2.33,1.67,1.49,1.0,1
Sandviken,2,2,0,0,7,4,3,6,norway3,1.0,1.0,3,3.0,3.5,1.0,1.0,2
Brann B,2,2,0,0,6,4,2,6,norway3,1.0,1.0,2,3.0,3.0,1.0,1.0,2
Eik Tonsberg,3,1,2,0,5,2,3,5,norway3,0.33,1.0,3,1.67,1.67,3.03,1.0,3
Arendal,3,1,2,0,5,4,1,5,norway3,0.33,1.0,1,1.67,1.67,3.03,1.0,3
Pors Grenland,2,1,1,0,3,2,1,4,norway3,0.5,1.0,1,2.0,1.5,2.0,1.0,4
Lysekloster,3,1,1,1,4,4,0,4,norway3,0.33,0.67,0,1.33,1.33,3.03,1.49,4
Sotra,2,1,0,1,7,4,3,3,norway3,0.5,0.5,3,1.5,3.5,2.0,2.0,5
Brattvag,2,1,0,1,4,4,0,3,norway3,0.5,0.5,0,1.5,2.0,2.0,2.0,5
Traef,2,1,0,1,4,4,0,3,norway3,0.5,0.5,0,1.5,2.0,2.0,2.0,5
V. Haugesund,3,1,0,2,3,5,-2,3,norway3,0.33,0.33,-2,1.0,1.0,3.03,3.03,5
Flekkeroy,3,0,2,1,2,4,-2,2,norway3,0.0,0.67,-2,0.67,0.67,0.0,1.49,6
Jerv,2,0,1,1,2,3,-1,1,norway3,0.0,0.5,-1,0.5,1.0,0.0,2.0,7
Strommen,3,3,0,0,11,3,8,9,norway4,1.0,1.0,8,3.0,3.67,1.0,1.0,1
Tromsdalen,3,2,1,0,6,4,2,7,norway4,0.67,1.0,2,2.33,2.0,1.49,1.0,2
Follo,2,2,0,0,3,1,2,6,norway4,1.0,1.0,2,3.0,1.5,1.0,1.0,3
Stjordals-Blink,3,2,0,1,5,4,1,6,norway4,0.67,0.67,1,2.0,1.67,1.49,1.49,3
Rana,2,1,1,0,3,1,2,4,norway4,0.5,1.0,2,2.0,1.5,2.0,1.0,4
Eidsvold,2,1,0,1,4,3,1,3,norway4,0.5,0.5,1,1.5,2.0,2.0,2.0,5
Strindheim,3,1,0,2,4,4,0,3,norway4,0.33,0.33,0,1.0,1.33,3.03,3.03,5
Kjelsas,2,1,0,1,3,3,0,3,norway4,0.5,0.5,0,1.5,1.5,2.0,2.0,5
Grorud,3,1,0,2,5,6,-1,3,norway4,0.33,0.33,-1,1.0,1.67,3.03,3.03,5
Alta,2,1,0,1,4,5,-1,3,norway4,0.5,0.5,-1,1.5,2.0,2.0,2.0,5
Asker,3,0,2,1,3,7,-4,2,norway4,0.0,0.67,-4,0.67,1.0,0.0,1.49,6
Levanger,2,0,1,1,3,4,-1,1,norway4,0.0,0.5,-1,0.5,1.5,0.0,2.0,7
Ull/Kisa,3,0,1,2,6,8,-2,1,norway4,0.0,0.33,-2,0.33,2.0,0.0,3.03,7
Honefoss,2,0,0,2,2,4,-2,0,norway4,0.0,0.0,-2,0.0,1.0,0.0,0.0,8
Frigg,2,2,0,0,7,2,5,6,norway5,1.0,1.0,5,3.0,3.5,1.0,1.0,1
Junkeren,2,2,0,0,6,2,4,6,norway5,1.0,1.0,4,3.0,3.0,1.0,1.0,1
Floya,2,2,0,0,4,1,3,6,norway5,1.0,1.0,3,3.0,2.0,1.0,1.0,1
Ulfstind,3,2,0,1,3,3,0,6,norway5,0.67,0.67,0,2.0,1.0,1.49,1.49,1
Gamle Oslo,3,1,2,0,7,4,3,5,norway5,0.33,1.0,3,1.67,2.33,3.03,1.0,2
Sortland,3,1,1,1,5,8,-3,4,norway5,0.33,0.67,-3,1.33,1.67,3.03,1.49,3
Ullern,3,1,0,2,6,6,0,3,norway5,0.33,0.33,0,1.0,2.0,3.03,3.03,4
Baerum,2,1,0,1,4,4,0,3,norway5,0.5,0.5,0,1.5,2.0,2.0,2.0,4
Skjervoy,3,1,0,2,4,9,-5,3,norway5,0.33,0.33,-5,1.0,1.33,3.03,3.03,4
KFUM B,3,0,2,1,4,6,-2,2,norway5,0.0,0.67,-2,0.67,1.33,0.0,1.49,5
Funnefoss/V,3,0,2,1,6,12,-6,2,norway5,0.0,0.67,-6,0.67,2.0,0.0,1.49,5
Tromso B,2,0,0,2,5,10,-5,0,norway5,0.0,0.0,-5,0.0,2.5,0.0,0.0,6
Harstad,2,0,0,2,1,9,-8,0,norway5,0.0,0.0,-8,0.0,0.5,0.0,0.0,6
Alta B,2,0,0,2,0,8,-8,0,norway5,0.0,0.0,-8,0.0,0.0,0.0,0.0,6
Trygg/Lade,3,3,0,0,17,1,16,9,norway6,1.0,1.0,16,3.0,5.67,1.0,1.0,1
Melhus,3,3,0,0,11,1,10,9,norway6,1.0,1.0,10,3.0,3.67,1.0,1.0,1
Rosenborg B,3,3,0,0,7,2,5,9,norway6,1.0,1.0,5,3.0,2.33,1.0,1.0,1
Spjelkavik,3,2,1,0,10,2,8,7,norway6,0.67,1.0,8,2.33,3.33,1.49,1.0,2
Aalesund B,3,2,0,1,10,9,1,6,norway6,0.67,0.67,1,2.0,3.33,1.49,1.49,3
Byasen,2,1,1,0,6,3,3,4,norway6,0.5,1.0,3,2.0,3.0,2.0,1.0,4
Volda,2,1,1,0,5,3,2,4,norway6,0.5,1.0,2,2.0,2.5,2.0,1.0,4
Nardo,2,1,0,1,6,5,1,3,norway6,0.5,0.5,1,1.5,3.0,2.0,2.0,5
Kvik Trondheim,2,1,0,1,1,2,-1,3,norway6,0.5,0.5,-1,1.5,0.5,2.0,2.0,5
Kristiansund B,2,0,1,1,1,6,-5,1,norway6,0.0,0.5,-5,0.5,0.5,0.0,2.0,6
Tiller,3,0,1,2,1,7,-6,1,norway6,0.0,0.33,-6,0.33,0.33,0.0,3.03,6
Molde B,2,0,0,2,2,6,-4,0,norway6,0.0,0.0,-4,0.0,1.0,0.0,0.0,7
Ranheim B,2,0,0,2,0,6,-6,0,norway6,0.0,0.0,-6,0.0,0.0,0.0,0.0,7
Surnadal,3,0,0,3,3,12,-9,0,norway6,0.0,0.0,-9,0.0,1.0,0.0,0.0,7
Gjovik-Lyn,3,2,1,0,7,2,5,7,norway7,0.67,1.0,5,2.33,2.33,1.49,1.0,1
Kongsvinger B,3,2,1,0,8,4,4,7,norway7,0.67,1.0,4,2.33,2.67,1.49,1.0,1
Lillehammer,2,2,0,0,7,1,6,6,norway7,1.0,1.0,6,3.0,3.5,1.0,1.0,2
Skjetten,3,2,0,1,10,6,4,6,norway7,0.67,0.67,4,2.0,3.33,1.49,1.49,2
Lorenskog,3,2,0,1,7,3,4,6,norway7,0.67,0.67,4,2.0,2.33,1.49,1.49,2
Assiden IF,2,1,1,0,8,2,6,4,norway7,0.5,1.0,6,2.0,4.0,2.0,1.0,3
Nordstrand,3,1,1,1,4,4,0,4,norway7,0.33,0.67,0,1.33,1.33,3.03,1.49,3
Elverum,2,1,0,1,5,2,3,3,norway7,0.5,0.5,3,1.5,2.5,2.0,2.0,4
Lillestrom B,2,1,0,1,4,3,1,3,norway7,0.5,0.5,1,1.5,2.0,2.0,2.0,4
Bjorkelangen,2,1,0,1,4,5,-1,3,norway7,0.5,0.5,-1,1.5,2.0,2.0,2.0,4
Skedsmo,2,1,0,1,6,9,-3,3,norway7,0.5,0.5,-3,1.5,3.0,2.0,2.0,4
Stromsgodset B,3,1,0,2,5,8,-3,3,norway7,0.33,0.33,-3,1.0,1.67,3.03,3.03,4
HamKam B,2,0,0,2,2,5,-3,0,norway7,0.0,0.0,-3,0.0,1.0,0.0,0.0,5
Ull/Kisa B,3,0,0,3,1,13,-12,0,norway7,0.0,0.0,-12,0.0,0.33,0.0,0.0,5
Fana,3,3,0,0,16,1,15,9,norway8,1.0,1.0,15,3.0,5.33,1.0,1.0,1
Bjarg,3,3,0,0,16,2,14,9,norway8,1.0,1.0,14,3.0,5.33,1.0,1.0,1
Sandefjord B,3,2,1,0,11,9,2,7,norway8,0.67,1.0,2,2.33,3.67,1.49,1.0,2
Gneist,3,2,1,0,6,4,2,7,norway8,0.67,1.0,2,2.33,2.0,1.49,1.0,2
Lyn B,2,2,0,0,10,3,7,6,norway8,1.0,1.0,7,3.0,5.0,1.0,1.0,3
Fjora,3,2,0,1,6,5,1,6,norway8,0.67,0.67,1,2.0,2.0,1.49,1.49,3
Lyngbo,3,1,1,1,5,1,4,4,norway8,0.33,0.67,4,1.33,1.67,3.03,1.49,4
Forde,2,1,1,0,3,2,1,4,norway8,0.5,1.0,1,2.0,1.5,2.0,1.0,4
OS,2,1,0,1,9,3,6,3,norway8,0.5,0.5,6,1.5,4.5,2.0,2.0,5
Loddefjord,2,1,0,1,4,4,0,3,norway8,0.5,0.5,0,1.5,2.0,2.0,2.0,5
Fyllingsdalen,3,1,0,2,5,9,-4,3,norway8,0.33,0.33,-4,1.0,1.67,3.03,3.03,5
Asane B,2,1,0,1,4,9,-5,3,norway8,0.5,0.5,-5,1.5,2.0,2.0,2.0,5
Askoy,3,1,0,2,3,8,-5,3,norway8,0.33,0.33,-5,1.0,1.0,3.03,3.03,5
Valerenga B,2,0,0,2,2,7,-5,0,norway8,0.0,0.0,-5,0.0,1.0,0.0,0.0,6
Viking B,3,3,0,0,12,3,9,9,norway9,1.0,1.0,9,3.0,4.0,1.0,1.0,1
Vidar,3,3,0,0,9,0,9,9,norway9,1.0,1.0,9,3.0,3.0,1.0,1.0,1
Torvastad,3,3,0,0,8,1,7,9,norway9,1.0,1.0,7,3.0,2.67,1.0,1.0,1
Vindbjart,3,2,1,0,6,2,4,7,norway9,0.67,1.0,4,2.33,2.0,1.49,1.0,2
Madla,3,2,1,0,6,4,2,7,norway9,0.67,1.0,2,2.33,2.0,1.49,1.0,2
Hinna,2,2,0,0,13,2,11,6,norway9,1.0,1.0,11,3.0,6.5,1.0,1.0,3
Brodd,2,2,0,0,6,3,3,6,norway9,1.0,1.0,3,3.0,3.0,1.0,1.0,3
Vag,2,1,0,1,9,5,4,3,norway9,0.5,0.5,4,1.5,4.5,2.0,2.0,4
Djerv,3,1,0,2,8,7,1,3,norway9,0.33,0.33,1,1.0,2.67,3.03,3.03,4
Haugesund B,3,1,0,2,6,8,-2,3,norway9,0.33,0.33,-2,1.0,2.0,3.03,3.03,4
Sandnes Ulf B,2,1,0,1,5,7,-2,3,norway9,0.5,0.5,-2,1.5,2.5,2.0,2.0,4
Sola,3,1,0,2,7,11,-4,3,norway9,0.33,0.33,-4,1.0,2.33,3.03,3.03,4
Stord,2,0,1,1,2,5,-3,1,norway9,0.0,0.5,-3,0.5,1.0,0.0,2.0,5
Staal Jorpeland,2,0,1,1,3,7,-4,1,norway9,0.0,0.5,-4,0.5,1.5,0.0,2.0,5
Kvik Halden,3,3,0,0,10,5,5,9,norway10,1.0,1.0,5,3.0,3.33,1.0,1.0,1
Odd B,3,2,0,1,11,5,6,6,norway10,0.67,0.67,6,2.0,3.67,1.49,1.49,2
Fredrikstad B,2,2,0,0,7,3,4,6,norway10,1.0,1.0,4,3.0,3.5,1.0,1.0,2
Orn Horten,3,2,0,1,8,5,3,6,norway10,0.67,0.67,3,2.0,2.67,1.49,1.49,2
Oppsal,3,2,0,1,8,6,2,6,norway10,0.67,0.67,2,2.0,2.67,1.49,1.49,2
Pors Grenland B,3,2,0,1,6,7,-1,6,norway10,0.67,0.67,-1,2.0,2.0,1.49,1.49,2
Fram,3,1,2,0,6,2,4,5,norway10,0.33,1.0,4,1.67,2.0,3.03,1.0,3
Drobak-Frogn,3,1,2,0,3,2,1,5,norway10,0.33,1.0,1,1.67,1.0,3.03,1.0,3
Sarpsborg 08 B,2,1,1,0,6,2,4,4,norway10,0.5,1.0,4,2.0,3.0,2.0,1.0,4
Grei,2,1,1,0,3,2,1,4,norway10,0.5,1.0,1,2.0,1.5,2.0,1.0,4
Flint,2,1,0,1,4,3,1,3,norway10,0.5,0.5,1,1.5,2.0,2.0,2.0,5
Lokomotiv Oslo,2,1,0,1,3,3,0,3,norway10,0.5,0.5,0,1.5,1.5,2.0,2.0,5
Stabaek B,2,1,0,1,3,7,-4,3,norway10,0.5,0.5,-4,1.5,1.5,2.0,2.0,5
IF Ready,2,0,0,2,1,4,-3,0,norway10,0.0,0.0,-3,0.0,0.5,0.0,0.0,6
Universitario,8,4,4,0,12,5,7,16,panama,0.5,1.0,7,2.0,1.5,2.0,1.0,1
Independiente,8,4,3,1,13,7,6,15,panama,0.5,0.88,6,1.88,1.62,2.0,1.14,2
San Miguelito,7,4,2,1,8,3,5,14,panama,0.57,0.86,5,2.0,1.14,1.75,1.16,3
Plaza Amador,8,4,2,2,14,10,4,14,panama,0.5,0.75,4,1.75,1.75,2.0,1.33,3
Tauro,7,3,2,2,13,8,5,11,panama,0.43,0.71,5,1.57,1.86,2.33,1.41,4
Arabe Unido,8,3,2,3,9,8,1,11,panama,0.38,0.62,1,1.38,1.12,2.63,1.61,4
UMECIT,7,3,2,2,6,5,1,11,panama,0.43,0.71,1,1.57,0.86,2.33,1.41,4
Veraguas,8,3,2,3,9,9,0,11,panama,0.38,0.62,0,1.38,1.12,2.63,1.61,4
Herrera,7,2,2,3,7,9,-2,8,panama,0.29,0.57,-2,1.14,1.0,3.45,1.75,5
Costa del Este,7,1,4,2,10,12,-2,7,panama,0.14,0.71,-2,1.0,1.43,7.14,1.41,6
San Francisco,7,1,3,3,8,8,0,6,panama,0.14,0.57,0,0.86,1.14,7.14,1.75,7
Alianza,7,1,2,4,3,7,-4,5,panama,0.14,0.43,-4,0.71,0.43,7.14,2.33,8
Plaza Amador,8,6,1,1,10,6,4,19,panama2,0.75,0.88,4,2.38,1.25,1.33,1.14,1
Arabe Unido,8,5,3,0,13,5,8,18,panama2,0.62,1.0,8,2.25,1.62,1.61,1.0,2
Independiente,8,5,2,1,10,6,4,17,panama2,0.62,0.88,4,2.12,1.25,1.61,1.14,3
Tauro,8,3,5,0,11,5,6,14,panama2,0.38,1.0,6,1.75,1.38,2.63,1.0,4
Alianza,8,4,2,2,8,5,3,14,panama2,0.5,0.75,3,1.75,1.0,2.0,1.33,4
San Miguelito,7,4,2,1,8,5,3,14,panama2,0.57,0.86,3,2.0,1.14,1.75,1.16,4
Universitario,8,4,1,3,12,9,3,13,panama2,0.5,0.62,3,1.62,1.5,2.0,1.61,5
Costa del Este,8,3,3,2,11,12,-1,12,panama2,0.38,0.75,-1,1.5,1.38,2.63,1.33,6
UMECIT,8,3,1,4,6,6,0,10,panama2,0.38,0.5,0,1.25,0.75,2.63,2.0,7
Veraguas,8,2,3,3,7,7,0,9,panama2,0.25,0.62,0,1.12,0.88,4.0,1.61,8
Herrera,7,1,3,3,7,8,-1,6,panama2,0.14,0.57,-1,0.86,1.0,7.14,1.75,9
San Francisco,8,1,2,5,5,10,-5,5,panama2,0.12,0.38,-5,0.62,0.62,8.33,2.63,10
Libertad,8,5,2,1,11,5,6,17,paraguay,0.62,0.88,6,2.12,1.38,1.61,1.14,1
Olimpia,8,5,1,2,14,7,7,16,paraguay,0.62,0.75,7,2.0,1.75,1.61,1.33,2
Cerro Porteno,8,5,1,2,10,5,5,16,paraguay,0.62,0.75,5,2.0,1.25,1.61,1.33,2
S. Trinidense,8,2,5,1,7,6,1,11,paraguay,0.25,0.88,1,1.38,0.88,4.0,1.14,3
Nacional,8,3,2,3,7,8,-1,11,paraguay,0.38,0.62,-1,1.38,0.88,2.63,1.61,3
S. Ameliano,8,2,4,2,9,8,1,10,paraguay,0.25,0.75,1,1.25,1.12,4.0,1.33,4
S. Luqueno,8,2,4,2,5,5,0,10,paraguay,0.25,0.75,0,1.25,0.62,4.0,1.33,4
Guarani,8,3,1,4,8,11,-3,10,paraguay,0.38,0.5,-3,1.25,1.0,2.63,2.0,4
A. Tembetary,8,2,3,3,9,10,-1,9,paraguay,0.25,0.62,-1,1.12,1.12,4.0,1.61,5
D. Recoleta,8,2,3,3,8,11,-3,9,paraguay,0.25,0.62,-3,1.12,1.0,4.0,1.61,5
G. Caballero,8,2,3,3,6,9,-3,9,paraguay,0.25,0.62,-3,1.12,0.75,4.0,1.61,5
2 de Mayo,8,0,4,4,5,15,-10,4,paraguay,0.0,0.5,-10,0.5,0.62,0.0,2.0,6
San Lorenzo,4,3,0,1,6,2,4,9,paraguay3,0.75,0.75,4,2.25,1.5,1.33,1.33,1
Independiente,4,2,2,0,4,1,3,8,paraguay3,0.5,1.0,3,2.0,1.0,2.0,1.0,2
S. Carapegua,4,2,2,0,4,1,3,8,paraguay3,0.5,1.0,3,2.0,1.0,2.0,1.0,2
Guairena,4,2,1,1,6,3,3,7,paraguay3,0.5,0.75,3,1.75,1.5,2.0,1.33,3
Pastoreo,2,2,0,0,3,0,3,6,paraguay3,1.0,1.0,3,3.0,1.5,1.0,1.0,4
F. de la Mora,3,2,0,1,4,3,1,6,paraguay3,0.67,0.67,1,2.0,1.33,1.49,1.49,4
Sol de America,4,1,3,0,4,3,1,6,paraguay3,0.25,1.0,1,1.5,1.0,4.0,1.0,4
Tacuary,3,2,0,1,2,4,-2,6,paraguay3,0.67,0.67,-2,2.0,0.67,1.49,1.49,4
Resistencia,3,1,2,0,3,2,1,5,paraguay3,0.33,1.0,1,1.67,1.0,3.03,1.0,5
Encarnacion,3,1,2,0,2,1,1,5,paraguay3,0.33,1.0,1,1.67,0.67,3.03,1.0,5
Rubio Nu,2,1,1,0,2,1,1,4,paraguay3,0.5,1.0,1,2.0,1.0,2.0,1.0,6
12 de Junio VH,3,1,1,1,4,4,0,4,paraguay3,0.33,0.67,0,1.33,1.33,3.03,1.49,6
D. Capiata,3,1,1,1,2,2,0,4,paraguay3,0.33,0.67,0,1.33,0.67,3.03,1.49,6
Guarani de Fram,3,0,3,0,6,6,0,3,paraguay3,0.0,1.0,0,1.0,2.0,0.0,1.0,7
C. River Plate,2,0,2,0,1,1,0,2,paraguay3,0.0,1.0,0,1.0,0.5,0.0,1.0,8
D. Santani,3,0,2,1,1,2,-1,2,paraguay3,0.0,0.67,-1,0.67,0.33,0.0,1.49,8
Universitario,5,5,0,0,20,4,16,15,peru,1.0,1.0,16,3.0,4.0,1.0,1.0,1
FBC Melgar,6,4,1,1,12,4,8,13,peru,0.67,0.83,8,2.17,2.0,1.49,1.2,2
Alianza Lima,6,4,1,1,8,2,6,13,peru,0.67,0.83,6,2.17,1.33,1.49,1.2,2
S. Cristal,5,4,0,1,12,5,7,12,peru,0.8,0.8,7,2.4,2.4,1.25,1.25,3
Alianza A.,5,4,0,1,12,6,6,12,peru,0.8,0.8,6,2.4,2.4,1.25,1.25,3
Sport Huancayo,6,4,0,2,11,8,3,12,peru,0.67,0.67,3,2.0,1.83,1.49,1.49,3
ADT,5,3,2,0,12,7,5,11,peru,0.6,1.0,5,2.2,2.4,1.67,1.0,4
Sport Boys,6,3,2,1,10,8,2,11,peru,0.5,0.83,2,1.83,1.67,2.0,1.2,4
Cusco,5,3,1,1,10,4,6,10,peru,0.6,0.8,6,2.0,2.0,1.67,1.25,5
D. Garcilaso,5,3,0,2,8,3,5,9,peru,0.6,0.6,5,1.8,1.6,1.67,1.67,6
Atletico Grau,4,2,2,0,7,5,2,8,peru,0.5,1.0,2,2.0,1.75,2.0,1.0,7
Juan Pablo II C,4,2,1,1,5,3,2,7,peru,0.5,0.75,2,1.75,1.25,2.0,1.33,8
Cienciano,5,2,1,2,9,9,0,7,peru,0.4,0.6,0,1.4,1.8,2.5,1.67,8
Cajamarca,5,2,1,2,6,7,-1,7,peru,0.4,0.6,-1,1.4,1.2,2.5,1.67,8
Los Chankas,5,1,3,1,7,7,0,6,peru,0.2,0.8,0,1.2,1.4,5.0,1.25,9
Binacional,5,1,1,3,6,8,-2,4,peru,0.2,0.4,-2,0.8,1.2,5.0,2.5,10
Ayacucho,5,1,1,3,6,9,-3,4,peru,0.2,0.4,-3,0.8,1.2,5.0,2.5,10
A. Huanuco,5,0,3,2,4,7,-3,3,peru,0.0,0.6,-3,0.6,0.8,0.0,1.67,11
Comerciantes U.,4,0,3,1,4,8,-4,3,peru,0.0,0.75,-4,0.75,1.0,0.0,1.33,11
Kaya FC,8,6,1,1,23,5,18,19,philippines,0.75,0.88,18,2.38,2.88,1.33,1.14,1
DH Cebu,8,6,1,1,17,5,12,19,philippines,0.75,0.88,12,2.38,2.12,1.33,1.14,1
Manila Digger,8,6,0,2,19,4,15,18,philippines,0.75,0.75,15,2.25,2.38,1.33,1.33,2
One Taguig,8,4,1,3,19,5,14,13,philippines,0.5,0.62,14,1.62,2.38,2.0,1.61,3
PFF Development,8,3,1,4,12,20,-8,10,philippines,0.38,0.5,-8,1.25,1.5,2.63,2.0,4
Stallion,8,2,1,5,13,16,-3,7,philippines,0.25,0.38,-3,0.88,1.62,4.0,2.63,5
Davao Aguilas,8,1,2,5,7,10,-3,5,philippines,0.12,0.38,-3,0.62,0.88,8.33,2.63,6
Loyola,8,1,2,5,7,17,-10,5,philippines,0.12,0.38,-10,0.62,0.88,8.33,2.63,6
Maharlika,8,0,2,6,6,24,-18,2,philippines,0.0,0.25,-18,0.25,0.75,0.0,4.0,7
Mendiola,8,0,1,7,6,40,-34,1,philippines,0.0,0.12,-34,0.12,0.75,0.0,8.33,8
Lech Poznan,8,7,0,1,24,6,18,21,poland,0.88,0.88,18,2.62,3.0,1.14,1.14,1
Korona Kielce,8,6,1,1,13,7,6,19,poland,0.75,0.88,6,2.38,1.62,1.33,1.14,2
Rakow C.,8,5,2,1,16,9,7,17,poland,0.62,0.88,7,2.12,2.0,1.61,1.14,3
Legia Warsaw,8,5,2,1,13,7,6,17,poland,0.62,0.88,6,2.12,1.62,1.61,1.14,3
Pogon Szczecin,8,5,1,2,15,7,8,16,poland,0.62,0.75,8,2.0,1.88,1.61,1.33,4
Katowice,8,5,1,2,11,7,4,16,poland,0.62,0.75,4,2.0,1.38,1.61,1.33,4
Jagiellonia,8,4,3,1,16,8,8,15,poland,0.5,0.88,8,1.88,2.0,2.0,1.14,5
Lechia Gdansk,8,5,0,3,10,10,0,15,poland,0.62,0.62,0,1.88,1.25,1.61,1.61,5
Motor Lublin,8,4,2,2,17,12,5,14,poland,0.5,0.75,5,1.75,2.12,2.0,1.33,6
Gornik Zabrze,8,4,2,2,12,7,5,14,poland,0.5,0.75,5,1.75,1.5,2.0,1.33,6
Slask Wroclaw,8,3,2,3,13,11,2,11,poland,0.38,0.62,2,1.38,1.62,2.63,1.61,7
Radomiak Radom,8,2,4,2,11,10,1,10,poland,0.25,0.75,1,1.25,1.38,4.0,1.33,8
Widzew Lodz,8,3,1,4,9,12,-3,10,poland,0.38,0.5,-3,1.25,1.12,2.63,2.0,8
Piast Gliwice,8,2,4,2,6,9,-3,10,poland,0.25,0.75,-3,1.25,0.75,4.0,1.33,8
Puszcza Niepolo,8,2,3,3,13,13,0,9,poland,0.25,0.62,0,1.12,1.62,4.0,1.61,9
Cracovia Krakow,8,1,4,3,10,13,-3,7,poland,0.12,0.62,-3,0.88,1.25,8.33,1.61,10
Stal Mielec,8,1,3,4,7,13,-6,6,poland,0.12,0.5,-6,0.75,0.88,8.33,2.0,11
Zaglebie Lubin,8,1,2,5,7,15,-8,5,poland,0.12,0.38,-8,0.62,0.88,8.33,2.63,12
Arka Gdynia,8,6,2,0,17,5,12,20,poland2,0.75,1.0,12,2.5,2.12,1.33,1.0,1
Tychy,8,5,3,0,15,5,10,18,poland2,0.62,1.0,10,2.25,1.88,1.61,1.0,2
Polonia Warszaw,8,5,2,1,15,9,6,17,poland2,0.62,0.88,6,2.12,1.88,1.61,1.14,3
Wisla Plock,8,5,1,2,19,10,9,16,poland2,0.62,0.75,9,2.0,2.38,1.61,1.33,4
Wisla Krakow,8,5,1,2,10,8,2,16,poland2,0.62,0.75,2,2.0,1.25,1.61,1.33,4
T. Nieciecza,8,4,3,1,14,12,2,15,poland2,0.5,0.88,2,1.88,1.75,2.0,1.14,5
Chrobry Glogow,8,3,4,1,11,8,3,13,poland2,0.38,0.88,3,1.62,1.38,2.63,1.14,6
Gornik Leczna,8,3,2,3,9,8,1,11,poland2,0.38,0.62,1,1.38,1.12,2.63,1.61,7
Znicz Pruszkow,8,3,2,3,10,10,0,11,poland2,0.38,0.62,0,1.38,1.25,2.63,1.61,7
Miedz Legnica,8,3,2,3,15,17,-2,11,poland2,0.38,0.62,-2,1.38,1.88,2.63,1.61,7
K. Kolobrzeg,8,2,4,2,8,7,1,10,poland2,0.25,0.75,1,1.25,1.0,4.0,1.33,8
Pogon Siedlce,8,2,4,2,8,9,-1,10,poland2,0.25,0.75,-1,1.25,1.0,4.0,1.33,8
Stal Rzeszow,8,2,2,4,9,15,-6,8,poland2,0.25,0.5,-6,1.0,1.12,4.0,2.0,9
LKS Lodz,8,2,1,5,11,11,0,7,poland2,0.25,0.38,0,0.88,1.38,4.0,2.63,10
Odra Opole,8,1,3,4,7,12,-5,6,poland2,0.12,0.5,-5,0.75,0.88,8.33,2.0,11
Ruch Chorzow,8,1,2,5,7,14,-7,5,poland2,0.12,0.38,-7,0.62,0.88,8.33,2.63,12
Stalowa Wola,8,0,4,4,5,13,-8,4,poland2,0.0,0.5,-8,0.5,0.62,0.0,2.0,13
Warta Poznan,8,0,0,8,2,13,-11,0,poland2,0.0,0.0,-11,0.0,0.25,0.0,0.0,14
Polonia Bytom,8,7,0,1,22,8,14,21,poland3,0.88,0.88,14,2.62,2.75,1.14,1.14,1
Chojniczanka,8,6,1,1,11,4,7,19,poland3,0.75,0.88,7,2.38,1.38,1.33,1.14,2
Zaglebie L. B,8,6,0,2,20,8,12,18,poland3,0.75,0.75,12,2.25,2.5,1.33,1.33,3
Pogon Grodzisk,8,5,2,1,16,10,6,17,poland3,0.62,0.88,6,2.12,2.0,1.61,1.14,4
SKRA Czestochow,8,5,1,2,8,5,3,16,poland3,0.62,0.75,3,2.0,1.0,1.61,1.33,5
Hutnik Krakow,8,5,1,2,11,10,1,16,poland3,0.62,0.75,1,2.0,1.38,1.61,1.33,5
Wieczysta K.,8,4,2,2,16,10,6,14,poland3,0.5,0.75,6,1.75,2.0,2.0,1.33,6
Swit Skolwin,8,4,2,2,18,15,3,14,poland3,0.5,0.75,3,1.75,2.25,2.0,1.33,6
O. Grudziadz,8,4,1,3,10,12,-2,13,poland3,0.5,0.62,-2,1.62,1.25,2.0,1.61,7
Podbeskidzie,8,4,1,3,9,11,-2,13,poland3,0.5,0.62,-2,1.62,1.12,2.0,1.61,7
Z. Sosnowiec,8,3,2,3,10,12,-2,11,poland3,0.38,0.62,-2,1.38,1.25,2.63,1.61,8
LKS Lodz B,8,3,2,3,9,11,-2,11,poland3,0.38,0.62,-2,1.38,1.12,2.63,1.61,8
Rekord Bielsko,8,2,4,2,9,7,2,10,poland3,0.25,0.75,2,1.25,1.12,4.0,1.33,9
Resovia Rzeszow,8,2,3,3,10,11,-1,9,poland3,0.25,0.62,-1,1.12,1.25,4.0,1.61,10
Kalisz,8,3,0,5,12,14,-2,9,poland3,0.38,0.38,-2,1.12,1.5,2.63,2.63,10
Olimpia Elblag,8,2,2,4,7,10,-3,8,poland3,0.25,0.5,-3,1.0,0.88,4.0,2.0,11
Jastrzebie,8,2,2,4,3,6,-3,8,poland3,0.25,0.5,-3,1.0,0.38,4.0,2.0,11
Wisla Pulawy,8,2,1,5,5,15,-10,7,poland3,0.25,0.38,-10,0.88,0.62,4.0,2.63,12
Sporting CP,8,6,2,0,19,8,11,20,portugal,0.75,1.0,11,2.5,2.38,1.33,1.0,1
Benfica,8,6,1,1,25,8,17,19,portugal,0.75,0.88,17,2.38,3.12,1.33,1.14,2
Sporting Braga,8,6,1,1,15,5,10,19,portugal,0.75,0.88,10,2.38,1.88,1.33,1.14,2
Guimaraes,8,5,2,1,12,5,7,17,portugal,0.62,0.88,7,2.12,1.5,1.61,1.14,3
Famalicao,8,4,3,1,12,4,8,15,portugal,0.5,0.88,8,1.88,1.5,2.0,1.14,4
FC Porto,8,4,3,1,15,9,6,15,portugal,0.5,0.88,6,1.88,1.88,2.0,1.14,4
Casa Pia,8,4,1,3,10,10,0,13,portugal,0.5,0.62,0,1.62,1.25,2.0,1.61,5
Santa Clara,8,3,2,3,8,7,1,11,portugal,0.38,0.62,1,1.38,1.0,2.63,1.61,6
Estoril,8,3,2,3,11,12,-1,11,portugal,0.38,0.62,-1,1.38,1.38,2.63,1.61,6
Nacional,8,3,1,4,12,13,-1,10,portugal,0.38,0.5,-1,1.25,1.5,2.63,2.0,7
Moreirense,8,2,4,2,9,10,-1,10,portugal,0.25,0.75,-1,1.25,1.12,4.0,1.33,7
Arouca,8,2,4,2,7,8,-1,10,portugal,0.25,0.75,-1,1.25,0.88,4.0,1.33,7
Rio Ave,8,2,3,3,10,13,-3,9,portugal,0.25,0.62,-3,1.12,1.25,4.0,1.61,8
AVS,8,1,3,4,7,12,-5,6,portugal,0.12,0.5,-5,0.75,0.88,8.33,2.0,9
Gil Vicente,8,2,0,6,5,11,-6,6,portugal,0.25,0.25,-6,0.75,0.62,4.0,4.0,9
Estrela Amadora,8,1,2,5,7,13,-6,5,portugal,0.12,0.38,-6,0.62,0.88,8.33,2.63,10
Farense,8,1,1,6,3,9,-6,4,portugal,0.12,0.25,-6,0.5,0.38,8.33,4.0,11
Boavista,8,1,0,7,5,17,-12,3,portugal,0.12,0.12,-12,0.38,0.62,8.33,8.33,12
Alverca,8,6,2,0,18,3,15,20,portugal2,0.75,1.0,15,2.5,2.25,1.33,1.0,1
Vizela,8,5,3,0,14,5,9,18,portugal2,0.62,1.0,9,2.25,1.75,1.61,1.0,2
Felgueiras,8,5,2,1,13,6,7,17,portugal2,0.62,0.88,7,2.12,1.62,1.61,1.14,3
Tondela,8,5,2,1,11,6,5,17,portugal2,0.62,0.88,5,2.12,1.38,1.61,1.14,3
Academico Viseu,8,4,3,1,12,8,4,15,portugal2,0.5,0.88,4,1.88,1.5,2.0,1.14,4
Benfica B,8,4,2,2,10,4,6,14,portugal2,0.5,0.75,6,1.75,1.25,2.0,1.33,5
Uniao de Leiria,8,4,2,2,13,8,5,14,portugal2,0.5,0.75,5,1.75,1.62,2.0,1.33,5
Chaves,8,4,1,3,14,6,8,13,portugal2,0.5,0.62,8,1.62,1.75,2.0,1.61,6
Portimonense,8,4,1,3,15,12,3,13,portugal2,0.5,0.62,3,1.62,1.88,2.0,1.61,6
Feirense,8,4,1,3,10,8,2,13,portugal2,0.5,0.62,2,1.62,1.25,2.0,1.61,6
Maritimo,8,2,5,1,10,7,3,11,portugal2,0.25,0.88,3,1.38,1.25,4.0,1.14,7
Pacos Ferreira,8,3,1,4,11,11,0,10,portugal2,0.38,0.5,0,1.25,1.38,2.63,2.0,8
FC Porto B,8,3,1,4,10,11,-1,10,portugal2,0.38,0.5,-1,1.25,1.25,2.63,2.0,8
Mafra,8,2,4,2,7,8,-1,10,portugal2,0.25,0.75,-1,1.25,0.88,4.0,1.33,8
Torreense,8,2,3,3,13,14,-1,9,portugal2,0.25,0.62,-1,1.12,1.62,4.0,1.61,9
Oliveirense,8,2,3,3,9,12,-3,9,portugal2,0.25,0.62,-3,1.12,1.12,4.0,1.61,9
Penafiel,8,2,2,4,10,10,0,8,portugal2,0.25,0.5,0,1.0,1.25,4.0,2.0,10
Leixoes,8,1,4,3,7,8,-1,7,portugal2,0.12,0.62,-1,0.88,0.88,8.33,1.61,11
Al Sadd,8,7,0,1,20,4,16,21,qatar,0.88,0.88,16,2.62,2.5,1.14,1.14,1
Al Duhail,8,5,1,2,15,11,4,16,qatar,0.62,0.75,4,2.0,1.88,1.61,1.33,2
Al Shamal,8,5,0,3,21,15,6,15,qatar,0.62,0.62,6,1.88,2.62,1.61,1.61,3
Al Gharafa,8,5,0,3,16,13,3,15,qatar,0.62,0.62,3,1.88,2.0,1.61,1.61,3
Al Shahaniya,8,4,1,3,14,17,-3,13,qatar,0.5,0.62,-3,1.62,1.75,2.0,1.61,4
Al Rayyan,8,3,3,2,15,10,5,12,qatar,0.38,0.75,5,1.5,1.88,2.63,1.33,5
Al Arabi,8,4,0,4,14,18,-4,12,qatar,0.5,0.5,-4,1.5,1.75,2.0,2.0,5
Al Ahli Doha,8,3,2,3,12,12,0,11,qatar,0.38,0.62,0,1.38,1.5,2.63,1.61,6
Qatar SC,8,2,2,4,9,13,-4,8,qatar,0.25,0.5,-4,1.0,1.12,4.0,2.0,7
Al Wakrah,8,2,2,4,9,16,-7,8,qatar,0.25,0.5,-7,1.0,1.12,4.0,2.0,7
Umm Salal,8,1,1,6,5,14,-9,4,qatar,0.12,0.25,-9,0.5,0.62,8.33,4.0,8
Al Khor,8,1,0,7,11,18,-7,3,qatar,0.12,0.12,-7,0.38,1.38,8.33,8.33,9
CFR Cluj,8,6,2,0,21,8,13,20,romania,0.75,1.0,13,2.5,2.62,1.33,1.0,1
Rapid Bucharest,8,6,2,0,11,3,8,20,romania,0.75,1.0,8,2.5,1.38,1.33,1.0,1
Univ. Craiova,8,6,1,1,14,7,7,19,romania,0.75,0.88,7,2.38,1.75,1.33,1.14,2
FCSB,8,5,3,0,13,4,9,18,romania,0.62,1.0,9,2.25,1.62,1.61,1.0,3
U. Cluj,8,5,1,2,16,11,5,16,romania,0.62,0.75,5,2.0,2.0,1.61,1.33,4
Sepsi OSK,8,4,3,1,11,5,6,15,romania,0.5,0.88,6,1.88,1.38,2.0,1.14,5
Hermannstadt,8,4,3,1,7,5,2,15,romania,0.5,0.88,2,1.88,0.88,2.0,1.14,5
Petrolul,8,4,2,2,10,6,4,14,romania,0.5,0.75,4,1.75,1.25,2.0,1.33,6
Din. Bucharest,8,3,4,1,7,4,3,13,romania,0.38,0.88,3,1.62,0.88,2.63,1.14,7
Farul Constanta,8,3,3,2,10,10,0,12,romania,0.38,0.75,0,1.5,1.25,2.63,1.33,8
Botosani,8,1,6,1,7,7,0,9,romania,0.12,0.88,0,1.12,0.88,8.33,1.14,9
P. Iasi,8,2,2,4,7,11,-4,8,romania,0.25,0.5,-4,1.0,0.88,4.0,2.0,10
FC Buzau,8,2,1,5,6,9,-3,7,romania,0.25,0.38,-3,0.88,0.75,4.0,2.63,11
Otelul,8,1,3,4,7,12,-5,6,romania,0.12,0.5,-5,0.75,0.88,8.33,2.0,12
UTA Arad,8,2,0,6,9,15,-6,6,romania,0.25,0.25,-6,0.75,1.12,4.0,4.0,12
Unirea Slobozia,8,1,2,5,6,11,-5,5,romania,0.12,0.38,-5,0.62,0.75,8.33,2.63,13
Rubin Kazan,8,6,1,1,12,7,5,19,russia,0.75,0.88,5,2.38,1.5,1.33,1.14,1
Dinamo Moscow,8,5,2,1,22,8,14,17,russia,0.62,0.88,14,2.12,2.75,1.61,1.14,2
FC Krasnodar,8,5,2,1,16,6,10,17,russia,0.62,0.88,10,2.12,2.0,1.61,1.14,2
Zenit,8,5,1,2,16,8,8,16,russia,0.62,0.75,8,2.0,2.0,1.61,1.33,3
Spartak Moscow,8,5,0,3,18,10,8,15,russia,0.62,0.62,8,1.88,2.25,1.61,1.61,4
Lokomotiv M.,8,4,3,1,12,8,4,15,russia,0.5,0.88,4,1.88,1.5,2.0,1.14,4
Makhachkala,8,3,3,2,16,10,6,12,russia,0.38,0.75,6,1.5,2.0,2.63,1.33,5
CSKA Moscow,8,3,3,2,10,8,2,12,russia,0.38,0.75,2,1.5,1.25,2.63,1.33,5
Akhmat Grozny,8,3,3,2,8,8,0,12,russia,0.38,0.75,0,1.5,1.0,2.63,1.33,5
Akron,8,4,0,4,10,13,-3,12,russia,0.5,0.5,-3,1.5,1.25,2.0,2.0,5
Rostov,8,3,2,3,14,11,3,11,russia,0.38,0.62,3,1.38,1.75,2.63,1.61,6
Krylya Sovetov,8,3,1,4,13,12,1,10,russia,0.38,0.5,1,1.25,1.62,2.63,2.0,7
Khimki,8,2,4,2,13,13,0,10,russia,0.25,0.75,0,1.25,1.62,4.0,1.33,7
Nizhny Novgorod,8,2,3,3,6,10,-4,9,russia,0.25,0.62,-4,1.12,0.75,4.0,1.61,8
Orenburg,8,2,1,5,8,12,-4,7,russia,0.25,0.38,-4,0.88,1.0,4.0,2.63,9
Fakel Voronezh,8,0,5,3,3,8,-5,5,russia,0.0,0.62,-5,0.62,0.38,0.0,1.61,10
PFC Sochi,8,6,1,1,20,6,14,19,russia2,0.75,0.88,14,2.38,2.5,1.33,1.14,1
Ufa,8,6,0,2,10,9,1,18,russia2,0.75,0.75,1,2.25,1.25,1.33,1.33,2
Ural,8,5,2,1,14,12,2,17,russia2,0.62,0.88,2,2.12,1.75,1.61,1.14,3
Kamaz,8,5,1,2,12,7,5,16,russia2,0.62,0.75,5,2.0,1.5,1.61,1.33,4
Torpedo Moscow,8,4,3,1,12,2,10,15,russia2,0.5,0.88,10,1.88,1.5,2.0,1.14,5
Baltika,8,4,3,1,12,3,9,15,russia2,0.5,0.88,9,1.88,1.5,2.0,1.14,5
Rodina Moskva,8,5,0,3,14,8,6,15,russia2,0.62,0.62,6,1.88,1.75,1.61,1.61,5
Chernomorets,8,4,3,1,10,6,4,15,russia2,0.5,0.88,4,1.88,1.25,2.0,1.14,5
Yenisey,8,4,3,1,7,3,4,15,russia2,0.5,0.88,4,1.88,0.88,2.0,1.14,5
Rotor Volgograd,8,3,4,1,10,6,4,13,russia2,0.38,0.88,4,1.62,1.25,2.63,1.14,6
SKA Khabarovsk,8,4,1,3,9,8,1,13,russia2,0.5,0.62,1,1.62,1.12,2.0,1.61,6
Tyumen,8,3,1,4,9,10,-1,10,russia2,0.38,0.5,-1,1.25,1.12,2.63,2.0,7
Neftekhimik,8,2,3,3,6,7,-1,9,russia2,0.25,0.62,-1,1.12,0.75,4.0,1.61,8
Chayka,8,2,3,3,7,10,-3,9,russia2,0.25,0.62,-3,1.12,0.88,4.0,1.61,8
Arsenal Tula,8,1,5,2,5,6,-1,8,russia2,0.12,0.75,-1,1.0,0.62,8.33,1.33,9
Shinnik,8,2,2,4,5,10,-5,8,russia2,0.25,0.5,-5,1.0,0.62,4.0,2.0,9
Sokol Saratov,8,2,1,5,6,10,-4,7,russia2,0.25,0.38,-4,0.88,0.75,4.0,2.63,10
A. Vladikavkaz,8,1,2,5,8,14,-6,5,russia2,0.12,0.38,-6,0.62,1.0,8.33,2.63,11
Al Ittihad,8,7,1,0,22,10,12,22,saudiarabia,0.88,1.0,12,2.75,2.75,1.14,1.0,1
Al Quadisiya,8,6,2,0,15,5,10,20,saudiarabia,0.75,1.0,10,2.5,1.88,1.33,1.0,2
Al Shabab,8,6,1,1,21,6,15,19,saudiarabia,0.75,0.88,15,2.38,2.62,1.33,1.14,3
Al Ahli Jeddah,8,5,2,1,24,8,16,17,saudiarabia,0.62,0.88,16,2.12,3.0,1.61,1.14,4
Al Nassr,8,5,1,2,20,12,8,16,saudiarabia,0.62,0.75,8,2.0,2.5,1.61,1.33,5
Al Fateh,8,5,1,2,14,8,6,16,saudiarabia,0.62,0.75,6,2.0,1.75,1.61,1.33,5
Al Kholood,8,5,0,3,11,11,0,15,saudiarabia,0.62,0.62,0,1.88,1.38,1.61,1.61,6
Al Hilal,8,4,2,2,22,11,11,14,saudiarabia,0.5,0.75,11,1.75,2.75,2.0,1.33,7
Al Ittifaq,8,4,1,3,10,9,1,13,saudiarabia,0.5,0.62,1,1.62,1.25,2.0,1.61,8
Al Feiha,8,3,4,1,6,5,1,13,saudiarabia,0.38,0.88,1,1.62,0.75,2.63,1.14,8
Al Riyadh,8,3,3,2,8,9,-1,12,saudiarabia,0.38,0.75,-1,1.5,1.0,2.63,1.33,9
Al Orubah,8,3,1,4,11,14,-3,10,saudiarabia,0.38,0.5,-3,1.25,1.38,2.63,2.0,10
Al Taawon,8,2,3,3,11,12,-1,9,saudiarabia,0.25,0.62,-1,1.12,1.38,4.0,1.61,11
Damak,8,2,1,5,8,14,-6,7,saudiarabia,0.25,0.38,-6,0.88,1.0,4.0,2.63,12
Al Khaleej,8,1,3,4,8,14,-6,6,saudiarabia,0.12,0.5,-6,0.75,1.0,8.33,2.0,13
Al Akhdoud,8,1,2,5,7,13,-6,5,saudiarabia,0.12,0.38,-6,0.62,0.88,8.33,2.63,14
Al Wahda,8,1,1,6,11,21,-10,4,saudiarabia,0.12,0.25,-10,0.5,1.38,8.33,4.0,15
Al Raed,8,0,1,7,7,18,-11,1,saudiarabia,0.0,0.12,-11,0.12,0.88,0.0,8.33,16
Neom SC,8,6,2,0,21,7,14,20,saudiarabia2,0.75,1.0,14,2.5,2.62,1.33,1.0,1
Al Jabalain,8,5,2,1,15,8,7,17,saudiarabia2,0.62,0.88,7,2.12,1.88,1.61,1.14,2
Al Najma,8,4,3,1,13,7,6,15,saudiarabia2,0.5,0.88,6,1.88,1.62,2.0,1.14,3
Al Bukayriyah,8,4,2,2,15,5,10,14,saudiarabia2,0.5,0.75,10,1.75,1.88,2.0,1.33,4
Al Hazm,8,4,2,2,14,10,4,14,saudiarabia2,0.5,0.75,4,1.75,1.75,2.0,1.33,4
Al Jubail,8,3,5,0,13,10,3,14,saudiarabia2,0.38,1.0,3,1.75,1.62,2.63,1.0,4
Al Zulfi,8,4,2,2,10,7,3,14,saudiarabia2,0.5,0.75,3,1.75,1.25,2.0,1.33,4
Al Batin,8,4,2,2,13,14,-1,14,saudiarabia2,0.5,0.75,-1,1.75,1.62,2.0,1.33,4
Abha,8,3,4,1,12,8,4,13,saudiarabia2,0.38,0.88,4,1.62,1.5,2.63,1.14,5
Al Ain,8,3,2,3,9,10,-1,11,saudiarabia2,0.38,0.62,-1,1.38,1.12,2.63,1.61,6
Al Adalha,8,2,4,2,14,13,1,10,saudiarabia2,0.25,0.75,1,1.25,1.75,4.0,1.33,7
Al Tai,8,3,1,4,8,8,0,10,saudiarabia2,0.38,0.5,0,1.25,1.0,2.63,2.0,7
Jeddah,8,2,3,3,3,10,-7,9,saudiarabia2,0.25,0.62,-7,1.12,0.38,4.0,1.61,8
Al Jandal,8,2,1,5,6,10,-4,7,saudiarabia2,0.25,0.38,-4,0.88,0.75,4.0,2.63,9
Ohod,8,1,1,6,6,12,-6,4,saudiarabia2,0.12,0.25,-6,0.5,0.75,8.33,4.0,10
Al Safa,8,1,1,6,8,18,-10,4,saudiarabia2,0.12,0.25,-10,0.5,1.0,8.33,4.0,10
Al Arabi,8,1,1,6,8,19,-11,4,saudiarabia2,0.12,0.25,-11,0.5,1.0,8.33,4.0,10
Al Faisaly,8,0,3,5,5,11,-6,3,saudiarabia2,0.0,0.38,-6,0.38,0.62,0.0,2.63,11
Hibernian,8,7,1,0,22,7,15,22,scotland,0.88,1.0,15,2.75,2.75,1.14,1.0,1
Celtic,8,7,0,1,29,5,24,21,scotland,0.88,0.88,24,2.62,3.62,1.14,1.14,2
Kilmarnock,8,4,2,2,11,7,4,14,scotland,0.5,0.75,4,1.75,1.38,2.0,1.33,3
Rangers,8,4,1,3,15,8,7,13,scotland,0.5,0.62,7,1.62,1.88,2.0,1.61,4
Aberdeen,8,3,3,2,11,10,1,12,scotland,0.38,0.75,1,1.5,1.38,2.63,1.33,5
Hearts,8,4,0,4,11,10,1,12,scotland,0.5,0.5,1,1.5,1.38,2.0,2.0,5
Motherwell,8,3,3,2,12,13,-1,12,scotland,0.38,0.75,-1,1.5,1.5,2.63,1.33,5
St. Mirren,8,3,2,3,13,12,1,11,scotland,0.38,0.62,1,1.38,1.62,2.63,1.61,6
St. Johnstone,8,3,2,3,7,9,-2,11,scotland,0.38,0.62,-2,1.38,0.88,2.63,1.61,6
Dundee Utd,8,3,0,5,7,16,-9,9,scotland,0.38,0.38,-9,1.12,0.88,2.63,2.63,7
Ross County,8,2,2,4,9,13,-4,8,scotland,0.25,0.5,-4,1.0,1.12,4.0,2.0,8
Dundee FC,8,1,3,4,12,19,-7,6,scotland,0.12,0.5,-7,0.75,1.5,8.33,2.0,9
Livingston,8,5,2,1,15,3,12,17,scotland2,0.62,0.88,12,2.12,1.88,1.61,1.14,1
Falkirk,8,5,1,2,20,10,10,16,scotland2,0.62,0.75,10,2.0,2.5,1.61,1.33,2
Ayr Utd,8,4,3,1,17,8,9,15,scotland2,0.5,0.88,9,1.88,2.12,2.0,1.14,3
Raith Rovers,8,4,2,2,10,8,2,14,scotland2,0.5,0.75,2,1.75,1.25,2.0,1.33,4
Greenock Morton,8,4,1,3,12,10,2,13,scotland2,0.5,0.62,2,1.62,1.5,2.0,1.61,5
Airdrieonians,8,4,1,3,10,11,-1,13,scotland2,0.5,0.62,-1,1.62,1.25,2.0,1.61,5
Dunfermline,8,3,3,2,6,5,1,12,scotland2,0.38,0.75,1,1.5,0.75,2.63,1.33,6
Partick Thistle,8,2,4,2,10,11,-1,10,scotland2,0.25,0.75,-1,1.25,1.25,4.0,1.33,7
Hamilton,8,1,2,5,3,15,-12,5,scotland2,0.12,0.38,-12,0.62,0.38,8.33,2.63,8
Queens Park,8,0,0,8,5,24,-19,0,scotland2,0.0,0.0,-19,0.0,0.62,0.0,0.0,9
Queen of South,8,6,0,2,17,11,6,18,scotland3,0.75,0.75,6,2.25,2.12,1.33,1.33,1
Arbroath,8,5,2,1,16,6,10,17,scotland3,0.62,0.88,10,2.12,2.0,1.61,1.14,2
Inverness,8,4,2,2,12,6,6,14,scotland3,0.5,0.75,6,1.75,1.5,2.0,1.33,3
Alloa Athletic,8,4,1,3,13,11,2,13,scotland3,0.5,0.62,2,1.62,1.62,2.0,1.61,4
Cove Rangers,8,3,4,1,12,10,2,13,scotland3,0.38,0.88,2,1.62,1.5,2.63,1.14,4
Stenhousemuir,8,3,2,3,10,14,-4,11,scotland3,0.38,0.62,-4,1.38,1.25,2.63,1.61,5
Annan Athletic,8,3,1,4,16,17,-1,10,scotland3,0.38,0.5,-1,1.25,2.0,2.63,2.0,6
Montrose,8,1,3,4,9,16,-7,6,scotland3,0.12,0.5,-7,0.75,1.12,8.33,2.0,7
Dumbarton,8,1,2,5,9,14,-5,5,scotland3,0.12,0.38,-5,0.62,1.12,8.33,2.63,8
Kelty Hearts,8,1,2,5,5,19,-14,5,scotland3,0.12,0.38,-14,0.62,0.62,8.33,2.63,8
Peterhead,8,6,2,0,18,6,12,20,scotland4,0.75,1.0,12,2.5,2.25,1.33,1.0,1
East Fife,8,5,2,1,16,7,9,17,scotland4,0.62,0.88,9,2.12,2.0,1.61,1.14,2
Edinburgh City,8,5,1,2,18,8,10,16,scotland4,0.62,0.75,10,2.0,2.25,1.61,1.33,3
Stirling Albion,8,5,0,3,15,13,2,15,scotland4,0.62,0.62,2,1.88,1.88,1.61,1.61,4
Spartans,8,4,2,2,12,7,5,14,scotland4,0.5,0.75,5,1.75,1.5,2.0,1.33,5
Elgin City,8,4,0,4,13,7,6,12,scotland4,0.5,0.5,6,1.5,1.62,2.0,2.0,6
Clyde,8,3,2,3,13,9,4,11,scotland4,0.38,0.62,4,1.38,1.62,2.63,1.61,7
Stranraer,8,3,1,4,8,6,2,10,scotland4,0.38,0.5,2,1.25,1.0,2.63,2.0,8
Bonnyrigg Rose,8,2,1,5,8,13,-5,7,scotland4,0.25,0.38,-5,0.88,1.0,4.0,2.63,9
Forfar Athletic,8,1,2,5,1,7,-6,5,scotland4,0.12,0.38,-6,0.62,0.12,8.33,2.63,10
Red Star,8,7,1,0,30,10,20,22,serbia,0.88,1.0,20,2.75,3.75,1.14,1.0,1
Partizan,8,4,4,0,17,9,8,16,serbia,0.5,1.0,8,2.0,2.12,2.0,1.0,2
Radnicki 1923,8,5,1,2,13,7,6,16,serbia,0.62,0.75,6,2.0,1.62,1.61,1.33,2
Jedinstvo U.,8,4,2,2,12,6,6,14,serbia,0.5,0.75,6,1.75,1.5,2.0,1.33,3
OFK Beograd,8,4,1,3,15,9,6,13,serbia,0.5,0.62,6,1.62,1.88,2.0,1.61,4
Novi Pazar,8,4,1,3,15,17,-2,13,serbia,0.5,0.62,-2,1.62,1.88,2.0,1.61,4
Mladost Lucani,8,3,3,2,12,10,2,12,serbia,0.38,0.75,2,1.5,1.5,2.63,1.33,5
S. Subotica,8,3,3,2,6,6,0,12,serbia,0.38,0.75,0,1.5,0.75,2.63,1.33,5
Z. Pancevo,8,3,2,3,16,9,7,11,serbia,0.38,0.62,7,1.38,2.0,2.63,1.61,6
IMT N. Beograd,8,3,2,3,12,9,3,11,serbia,0.38,0.62,3,1.38,1.5,2.63,1.61,6
Napredak,8,3,2,3,6,9,-3,11,serbia,0.38,0.62,-3,1.38,0.75,2.63,1.61,6
Vojvodina,8,3,1,4,11,15,-4,10,serbia,0.38,0.5,-4,1.25,1.38,2.63,2.0,7
Backa Topola,8,3,0,5,12,14,-2,9,serbia,0.38,0.38,-2,1.12,1.5,2.63,2.63,8
T. Odzaci,8,3,0,5,7,9,-2,9,serbia,0.38,0.38,-2,1.12,0.88,2.63,2.63,8
Radnicki Nis,8,2,1,5,8,15,-7,7,serbia,0.25,0.38,-7,0.88,1.0,4.0,2.63,9
Cukaricki,8,0,5,3,4,8,-4,5,serbia,0.0,0.62,-4,0.62,0.5,0.0,1.61,10
R. Surdulica,8,8,0,0,19,3,16,24,serbia2,1.0,1.0,16,3.0,2.38,1.0,1.0,1
Javor Ivanjica,8,6,1,1,12,6,6,19,serbia2,0.75,0.88,6,2.38,1.5,1.33,1.14,2
Mladost,8,5,2,1,12,10,2,17,serbia2,0.62,0.88,2,2.12,1.5,1.61,1.14,3
Vozdovac,8,4,4,0,10,4,6,16,serbia2,0.5,1.0,6,2.0,1.25,2.0,1.0,4
Macva Sabac,8,5,1,2,9,6,3,16,serbia2,0.62,0.75,3,2.0,1.12,1.61,1.33,4
Sloven Ruma,8,4,3,1,11,5,6,15,serbia2,0.5,0.88,6,1.88,1.38,2.0,1.14,5
Dubocica,8,4,1,3,16,13,3,13,serbia2,0.5,0.62,3,1.62,2.0,2.0,1.61,6
Borac Cacak,8,4,0,4,11,9,2,12,serbia2,0.5,0.5,2,1.5,1.38,2.0,2.0,7
Graficar,8,2,5,1,10,8,2,11,serbia2,0.25,0.88,2,1.38,1.25,4.0,1.14,8
Smederevo,8,2,5,1,6,5,1,11,serbia2,0.25,0.88,1,1.38,0.75,4.0,1.14,8
S. Mitrovica,8,2,4,2,7,7,0,10,serbia2,0.25,0.75,0,1.25,0.88,4.0,1.33,9
Zemun,8,2,4,2,11,12,-1,10,serbia2,0.25,0.75,-1,1.25,1.38,4.0,1.33,9
Sloboda Uzice,8,3,1,4,7,9,-2,10,serbia2,0.38,0.5,-2,1.25,0.88,2.63,2.0,9
Trajal Krusevac,8,2,4,2,5,7,-2,10,serbia2,0.25,0.75,-2,1.25,0.62,4.0,1.33,9
Indija,8,1,2,5,8,12,-4,5,serbia2,0.12,0.38,-4,0.62,1.0,8.33,2.63,10
Vrsac,8,0,2,6,3,10,-7,2,serbia2,0.0,0.25,-7,0.25,0.38,0.0,4.0,11
Lion City,8,6,1,1,22,7,15,19,singapore,0.75,0.88,15,2.38,2.75,1.33,1.14,1
Tampines Rovers,8,4,1,3,18,12,6,13,singapore,0.5,0.62,6,1.62,2.25,2.0,1.61,2
Geylang,8,4,0,4,23,16,7,12,singapore,0.5,0.5,7,1.5,2.88,2.0,2.0,3
Hougang,8,3,3,2,19,14,5,12,singapore,0.38,0.75,5,1.5,2.38,2.63,1.33,3
DPMM FC,8,4,0,4,14,16,-2,12,singapore,0.5,0.5,-2,1.5,1.75,2.0,2.0,3
A. Niigata (S),8,3,2,3,13,12,1,11,singapore,0.38,0.62,1,1.38,1.62,2.63,1.61,4
Khalsa,8,2,2,4,16,22,-6,8,singapore,0.25,0.5,-6,1.0,2.0,4.0,2.0,5
Tanjong Pagar,8,1,1,6,8,26,-18,4,singapore,0.12,0.25,-18,0.5,1.0,8.33,4.0,6
Young Lions,8,0,3,5,9,31,-22,3,singapore,0.0,0.38,-22,0.38,1.12,0.0,2.63,7
DAC Streda,8,5,2,1,18,10,8,17,slovakia,0.62,0.88,8,2.12,2.25,1.61,1.14,1
S. Bratislava,8,4,3,1,19,10,9,15,slovakia,0.5,0.88,9,1.88,2.38,2.0,1.14,2
Z. Michalovce,8,4,3,1,17,14,3,15,slovakia,0.5,0.88,3,1.88,2.12,2.0,1.14,2
Skalica,8,4,2,2,5,3,2,14,slovakia,0.5,0.75,2,1.75,0.62,2.0,1.33,3
FC Kosice,8,3,4,1,16,11,5,13,slovakia,0.38,0.88,5,1.62,2.0,2.63,1.14,4
Komarno,8,3,4,1,8,4,4,13,slovakia,0.38,0.88,4,1.62,1.0,2.63,1.14,4
Trencin,8,3,4,1,12,11,1,13,slovakia,0.38,0.88,1,1.62,1.5,2.63,1.14,4
Podbrezova,8,3,3,2,10,7,3,12,slovakia,0.38,0.75,3,1.5,1.25,2.63,1.33,5
Zilina,8,3,3,2,8,11,-3,12,slovakia,0.38,0.75,-3,1.5,1.0,2.63,1.33,5
Spartak Trnava,8,2,3,3,10,11,-1,9,slovakia,0.25,0.62,-1,1.12,1.25,4.0,1.61,6
Ruzomberok,8,3,0,5,9,16,-7,9,slovakia,0.38,0.38,-7,1.12,1.12,2.63,2.63,6
Banska Bystrica,8,1,0,7,10,17,-7,3,slovakia,0.12,0.12,-7,0.38,1.25,8.33,8.33,7
Presov,8,7,1,0,16,3,13,22,slovakia2,0.88,1.0,13,2.75,2.0,1.14,1.0,1
Puchov,8,6,1,1,18,7,11,19,slovakia2,0.75,0.88,11,2.38,2.25,1.33,1.14,2
Zlate Moravce,8,6,1,1,14,4,10,19,slovakia2,0.75,0.88,10,2.38,1.75,1.33,1.14,2
Malzenice,8,6,0,2,14,9,5,18,slovakia2,0.75,0.75,5,2.25,1.75,1.33,1.33,3
L. Mikulas,8,5,2,1,15,6,9,17,slovakia2,0.62,0.88,9,2.12,1.88,1.61,1.14,4
Petrzalka,8,5,1,2,12,5,7,16,slovakia2,0.62,0.75,7,2.0,1.5,1.61,1.33,5
P. Bystrica,8,5,1,2,16,12,4,16,slovakia2,0.62,0.75,4,2.0,2.0,1.61,1.33,5
Humenne,8,4,1,3,8,6,2,13,slovakia2,0.5,0.62,2,1.62,1.0,2.0,1.61,6
Zilina B,8,3,2,3,12,12,0,11,slovakia2,0.38,0.62,0,1.38,1.5,2.63,1.61,7
S. Bratislava B,8,3,2,3,11,11,0,11,slovakia2,0.38,0.62,0,1.38,1.38,2.63,1.61,7
Zvolen,8,3,1,4,7,9,-2,10,slovakia2,0.38,0.5,-2,1.25,0.88,2.63,2.0,8
Pohronie,8,3,1,4,14,17,-3,10,slovakia2,0.38,0.5,-3,1.25,1.75,2.63,2.0,8
S. Lubovna,8,2,3,3,12,12,0,9,slovakia2,0.25,0.62,0,1.12,1.5,4.0,1.61,9
Samorin,8,2,1,5,7,12,-5,7,slovakia2,0.25,0.38,-5,0.88,0.88,4.0,2.63,10
NK Olimpija,8,6,1,1,19,4,15,19,slovenia,0.75,0.88,15,2.38,2.38,1.33,1.14,1
Maribor,8,6,1,1,20,7,13,19,slovenia,0.75,0.88,13,2.38,2.5,1.33,1.14,1
Koper,8,4,3,1,11,5,6,15,slovenia,0.5,0.88,6,1.88,1.38,2.0,1.14,2
NK Celje,8,3,3,2,24,16,8,12,slovenia,0.38,0.75,8,1.5,3.0,2.63,1.33,3
Nafta,8,3,3,2,14,15,-1,12,slovenia,0.38,0.75,-1,1.5,1.75,2.63,1.33,3
Radomlje,8,4,0,4,11,13,-2,12,slovenia,0.5,0.5,-2,1.5,1.38,2.0,2.0,3
Bravo,8,2,5,1,13,11,2,11,slovenia,0.25,0.88,2,1.38,1.62,4.0,1.14,4
Mura,8,2,3,3,8,9,-1,9,slovenia,0.25,0.62,-1,1.12,1.0,4.0,1.61,5
Primorje,8,2,3,3,9,13,-4,9,slovenia,0.25,0.62,-4,1.12,1.12,4.0,1.61,5
Domzale,8,2,1,5,10,12,-2,7,slovenia,0.25,0.38,-2,0.88,1.25,4.0,2.63,6
Mamelodi S.,8,8,0,0,24,2,22,24,southafrica,1.0,1.0,22,3.0,3.0,1.0,1.0,1
Magesi,8,6,1,1,10,6,4,19,southafrica,0.75,0.88,4,2.38,1.25,1.33,1.14,2
Orlando Pirates,8,6,0,2,16,6,10,18,southafrica,0.75,0.75,10,2.25,2.0,1.33,1.33,3
Richards Bay,8,5,2,1,9,4,5,17,southafrica,0.62,0.88,5,2.12,1.12,1.61,1.14,4
AmaZulu,8,5,1,2,12,9,3,16,southafrica,0.62,0.75,3,2.0,1.5,1.61,1.33,5
TS Galaxy,8,4,1,3,11,8,3,13,southafrica,0.5,0.62,3,1.62,1.38,2.0,1.61,6
Sekhukhune,8,4,1,3,13,11,2,13,southafrica,0.5,0.62,2,1.62,1.62,2.0,1.61,6
Stellenbosch,8,3,4,1,7,5,2,13,southafrica,0.38,0.88,2,1.62,0.88,2.63,1.14,6
Chippa Utd,8,3,2,3,8,6,2,11,southafrica,0.38,0.62,2,1.38,1.0,2.63,1.61,7
Polokwane,8,3,2,3,7,6,1,11,southafrica,0.38,0.62,1,1.38,0.88,2.63,1.61,7
Marumo G.,8,2,3,3,7,8,-1,9,southafrica,0.25,0.62,-1,1.12,0.88,4.0,1.61,8
Kaizer Chiefs,8,2,3,3,8,11,-3,9,southafrica,0.25,0.62,-3,1.12,1.0,4.0,1.61,8
SuperSport Utd,8,2,3,3,4,8,-4,9,southafrica,0.25,0.62,-4,1.12,0.5,4.0,1.61,8
Cape Town City,8,2,2,4,6,10,-4,8,southafrica,0.25,0.5,-4,1.0,0.75,4.0,2.0,9
Golden Arrows,8,1,4,3,5,9,-4,7,southafrica,0.12,0.62,-4,0.88,0.62,8.33,1.61,10
Royal AM,6,1,2,3,6,8,-2,5,southafrica,0.17,0.5,-2,0.83,1.0,5.88,2.0,11
Durban City,8,7,1,0,18,4,14,22,southafrica2,0.88,1.0,14,2.75,2.25,1.14,1.0,1
Kruger United,8,5,2,1,9,5,4,17,southafrica2,0.62,0.88,4,2.12,1.12,1.61,1.14,2
Black Leopards,8,4,4,0,13,7,6,16,southafrica2,0.5,1.0,6,2.0,1.62,2.0,1.0,3
Venda FC,8,4,3,1,14,5,9,15,southafrica2,0.5,0.88,9,1.88,1.75,2.0,1.14,4
Highbury,8,4,3,1,11,4,7,15,southafrica2,0.5,0.88,7,1.88,1.38,2.0,1.14,4
Casric Stars,8,4,3,1,11,6,5,15,southafrica2,0.5,0.88,5,1.88,1.38,2.0,1.14,4
Baroka,8,4,3,1,15,11,4,15,southafrica2,0.5,0.88,4,1.88,1.88,2.0,1.14,4
Pretoria U.,8,4,3,1,13,10,3,15,southafrica2,0.5,0.88,3,1.88,1.62,2.0,1.14,4
Pretoria C.,8,5,0,3,12,11,1,15,southafrica2,0.62,0.62,1,1.88,1.5,1.61,1.61,4
Cape Town Spurs,8,3,4,1,11,6,5,13,southafrica2,0.38,0.88,5,1.62,1.38,2.63,1.14,5
Orbit College,8,3,4,1,8,4,4,13,southafrica2,0.38,0.88,4,1.62,1.0,2.63,1.14,5
JDR Stars,8,2,5,1,8,9,-1,11,southafrica2,0.25,0.88,-1,1.38,1.0,4.0,1.14,6
Hungry Lions,8,2,3,3,10,9,1,9,southafrica2,0.25,0.62,1,1.12,1.25,4.0,1.61,7
Milford,8,3,0,5,7,10,-3,9,southafrica2,0.38,0.38,-3,1.12,0.88,2.63,2.63,7
Leruma United,8,1,4,3,5,7,-2,7,southafrica2,0.12,0.62,-2,0.88,0.62,8.33,1.61,8
Upington City,8,0,3,5,3,9,-6,3,southafrica2,0.0,0.38,-6,0.38,0.38,0.0,2.63,9
Gwangju,6,4,1,1,8,5,3,13,southkorea,0.67,0.83,3,2.17,1.33,1.49,1.2,1
Ulsan,8,3,2,3,10,7,3,11,southkorea,0.38,0.62,3,1.38,1.25,2.63,1.61,2
Gimcheon Sangmu,5,3,1,1,5,2,3,10,southkorea,0.6,0.8,3,2.0,1.0,1.67,1.25,3
Jeonbuk Motors,7,2,4,1,11,9,2,10,southkorea,0.29,0.86,2,1.43,1.57,3.45,1.16,3
Anyang,7,3,1,3,9,8,1,10,southkorea,0.43,0.57,1,1.43,1.29,2.33,1.75,3
Daejeon Citizen,6,3,1,2,5,6,-1,10,southkorea,0.5,0.67,-1,1.67,0.83,2.0,1.49,3
Pohang Steelers,6,3,1,2,5,6,-1,10,southkorea,0.5,0.67,-1,1.67,0.83,2.0,1.49,3
Daegu,6,3,0,3,9,7,2,9,southkorea,0.5,0.5,2,1.5,1.5,2.0,2.0,4
Suwon City,6,2,3,1,8,7,1,9,southkorea,0.33,0.83,1,1.5,1.33,3.03,1.2,4
Jeju Utd,6,3,0,3,8,9,-1,9,southkorea,0.5,0.5,-1,1.5,1.33,2.0,2.0,4
Gangwon,5,2,2,1,3,2,1,8,southkorea,0.4,0.8,1,1.6,0.6,2.5,1.25,5
Seoul,6,2,2,2,8,8,0,8,southkorea,0.33,0.67,0,1.33,1.33,3.03,1.49,5
Incheon Utd,7,6,1,0,14,2,12,19,southkorea2,0.86,1.0,12,2.71,2.0,1.16,1.0,1
Seoul E-Land,7,5,1,1,15,9,6,16,southkorea2,0.71,0.86,6,2.29,2.14,1.41,1.16,2
Suwon Bluewings,5,4,1,0,12,4,8,13,southkorea2,0.8,1.0,8,2.6,2.4,1.25,1.0,3
Seongnam,6,3,2,1,7,4,3,11,southkorea2,0.5,0.83,3,1.83,1.17,2.0,1.2,4
Busan IPark,7,3,2,2,9,7,2,11,southkorea2,0.43,0.71,2,1.57,1.29,2.33,1.41,4
Asan,4,2,2,0,7,2,5,8,southkorea2,0.5,1.0,5,2.0,1.75,2.0,1.0,5
Bucheon FC,6,2,2,2,10,10,0,8,southkorea2,0.33,0.67,0,1.33,1.67,3.03,1.49,5
Hwaseong,6,2,2,2,7,7,0,8,southkorea2,0.33,0.67,0,1.33,1.17,3.03,1.49,5
Gyeongnam,4,2,1,1,7,4,3,7,southkorea2,0.5,0.75,3,1.75,1.75,2.0,1.33,6
Ansan Greeners,6,1,1,4,5,10,-5,4,southkorea2,0.17,0.33,-5,0.67,0.83,5.88,3.03,7
Cheonan City,6,1,0,5,2,8,-6,3,southkorea2,0.17,0.17,-6,0.5,0.33,5.88,5.88,8
Gimpo,5,0,2,3,4,7,-3,2,southkorea2,0.0,0.4,-3,0.4,0.8,0.0,2.5,9
Cheongju,1,0,1,0,3,3,0,1,southkorea2,0.0,1.0,0,1.0,3.0,0.0,1.0,10
Jeonnam,0,0,0,0,0,0,0,0,southkorea2,0.0,0.0,0,0.0,0.0,0.0,0.0,11
FC Barcelona,8,7,1,0,19,5,14,22,spain,0.88,1.0,14,2.75,2.38,1.14,1.0,1
Real Madrid,8,6,1,1,17,9,8,19,spain,0.75,0.88,8,2.38,2.12,1.33,1.14,2
Valencia,8,6,1,1,10,6,4,19,spain,0.75,0.88,4,2.38,1.25,1.33,1.14,2
Athletic Bilbao,8,5,3,0,17,3,14,18,spain,0.62,1.0,14,2.25,2.12,1.61,1.0,3
Atletico Madrid,8,5,2,1,15,8,7,17,spain,0.62,0.88,7,2.12,1.88,1.61,1.14,4
Real Betis,8,5,1,2,17,10,7,16,spain,0.62,0.75,7,2.0,2.12,1.61,1.33,5
Celta Vigo,8,5,1,2,13,8,5,16,spain,0.62,0.75,5,2.0,1.62,1.61,1.33,5
Villarreal,8,4,3,1,18,8,10,15,spain,0.5,0.88,10,1.88,2.25,2.0,1.14,6
Espanyol,8,3,4,1,9,7,2,13,spain,0.38,0.88,2,1.62,1.12,2.63,1.14,7
Real Sociedad,8,4,1,3,8,8,0,13,spain,0.5,0.62,0,1.62,1.0,2.0,1.61,7
Mallorca,8,3,3,2,10,8,2,12,spain,0.38,0.75,2,1.5,1.25,2.63,1.33,8
Osasuna,8,3,3,2,12,11,1,12,spain,0.38,0.75,1,1.5,1.5,2.63,1.33,8
Rayo Vallecano,8,3,3,2,8,10,-2,12,spain,0.38,0.75,-2,1.5,1.0,2.63,1.33,8
Leganes,8,2,3,3,9,10,-1,9,spain,0.25,0.62,-1,1.12,1.12,4.0,1.61,9
Girona,8,2,2,4,9,12,-3,8,spain,0.25,0.5,-3,1.0,1.12,4.0,2.0,10
Alaves,8,2,2,4,3,6,-3,8,spain,0.25,0.5,-3,1.0,0.38,4.0,2.0,10
Sevilla FC,8,0,5,3,8,13,-5,5,spain,0.0,0.62,-5,0.62,1.0,0.0,1.61,11
Getafe,8,1,2,5,6,11,-5,5,spain,0.12,0.38,-5,0.62,0.75,8.33,2.63,11
Las Palmas,8,1,2,5,9,15,-6,5,spain,0.12,0.38,-6,0.62,1.12,8.33,2.63,11
Valladolid,8,1,1,6,5,18,-13,4,spain,0.12,0.25,-13,0.5,0.62,8.33,4.0,12
Mirandes,8,7,1,0,19,7,12,22,spain2,0.88,1.0,12,2.75,2.38,1.14,1.0,1
Elche,8,7,1,0,15,4,11,22,spain2,0.88,1.0,11,2.75,1.88,1.14,1.0,1
Racing,8,6,1,1,19,7,12,19,spain2,0.75,0.88,12,2.38,2.38,1.33,1.14,2
Almeria,8,5,3,0,18,7,11,18,spain2,0.62,1.0,11,2.25,2.25,1.61,1.0,3
Albacete,8,6,0,2,15,8,7,18,spain2,0.75,0.75,7,2.25,1.88,1.33,1.33,3
Levante,8,5,2,1,16,7,9,17,spain2,0.62,0.88,9,2.12,2.0,1.61,1.14,4
Real Oviedo,8,5,2,1,10,4,6,17,spain2,0.62,0.88,6,2.12,1.25,1.61,1.14,4
Granada,8,4,4,0,13,5,8,16,spain2,0.5,1.0,8,2.0,1.62,2.0,1.0,5
Cadiz,8,4,3,1,10,4,6,15,spain2,0.5,0.88,6,1.88,1.25,2.0,1.14,6
Tenerife,8,4,3,1,12,7,5,15,spain2,0.5,0.88,5,1.88,1.5,2.0,1.14,6
Castellon,8,4,2,2,17,12,5,14,spain2,0.5,0.75,5,1.75,2.12,2.0,1.33,7
Deportivo,8,3,4,1,13,7,6,13,spain2,0.38,0.88,6,1.62,1.62,2.63,1.14,8
Huesca,8,4,1,3,15,11,4,13,spain2,0.5,0.62,4,1.62,1.88,2.0,1.61,8
Burgos,8,4,1,3,11,9,2,13,spain2,0.5,0.62,2,1.62,1.38,2.0,1.61,8
Malaga,8,4,1,3,7,6,1,13,spain2,0.5,0.62,1,1.62,0.88,2.0,1.61,8
Eibar,8,2,4,2,9,9,0,10,spain2,0.25,0.75,0,1.25,1.12,4.0,1.33,9
Sporting Gijon,8,2,4,2,9,9,0,10,spain2,0.25,0.75,0,1.25,1.12,4.0,1.33,9
Cordoba,8,2,3,3,15,11,4,9,spain2,0.25,0.62,4,1.12,1.88,4.0,1.61,10
Real Zaragoza,8,1,5,2,8,10,-2,8,spain2,0.12,0.75,-2,1.0,1.0,8.33,1.33,11
Eldense,8,1,3,4,8,14,-6,6,spain2,0.12,0.5,-6,0.75,1.0,8.33,2.0,12
Racing Ferrol,8,1,2,5,3,8,-5,5,spain2,0.12,0.38,-5,0.62,0.38,8.33,2.63,13
Cartagena,8,1,1,6,5,11,-6,4,spain2,0.12,0.25,-6,0.5,0.62,8.33,4.0,14
FC Andorra,8,6,2,0,14,3,11,20,spain3,0.75,1.0,11,2.5,1.75,1.33,1.0,1
Gimnastic T.,8,6,1,1,23,7,16,19,spain3,0.75,0.88,16,2.38,2.88,1.33,1.14,2
Ourense CF,8,6,1,1,9,4,5,19,spain3,0.75,0.88,5,2.38,1.12,1.33,1.14,2
Ponferradina,8,6,0,2,15,5,10,18,spain3,0.75,0.75,10,2.25,1.88,1.33,1.33,3
Leonesa,8,5,3,0,14,8,6,18,spain3,0.62,1.0,6,2.25,1.75,1.61,1.0,3
Real Union,8,5,1,2,14,6,8,16,spain3,0.62,0.75,8,2.0,1.75,1.61,1.33,4
Tarazona,8,4,3,1,6,3,3,15,spain3,0.5,0.88,3,1.88,0.75,2.0,1.14,5
Athletic B. B,8,4,2,2,12,9,3,14,spain3,0.5,0.75,3,1.75,1.5,2.0,1.33,6
Zamora,8,4,2,2,8,7,1,14,spain3,0.5,0.75,1,1.75,1.0,2.0,1.33,6
Unionistas,8,3,4,1,8,6,2,13,spain3,0.38,0.88,2,1.62,1.0,2.63,1.14,7
Celta Vigo B,8,3,3,2,12,8,4,12,spain3,0.38,0.75,4,1.5,1.5,2.63,1.33,8
Real Sociedad B,8,3,3,2,12,9,3,12,spain3,0.38,0.75,3,1.5,1.5,2.63,1.33,8
Amorebieta,8,3,3,2,11,8,3,12,spain3,0.38,0.75,3,1.5,1.38,2.63,1.33,8
Lugo,8,4,0,4,9,12,-3,12,spain3,0.5,0.5,-3,1.5,1.12,2.0,2.0,8
Barakaldo,8,3,1,4,12,12,0,10,spain3,0.38,0.5,0,1.25,1.5,2.63,2.0,9
Arenteiro,8,2,4,2,10,10,0,10,spain3,0.25,0.75,0,1.25,1.25,4.0,1.33,9
Osasuna B,8,2,4,2,10,11,-1,10,spain3,0.25,0.75,-1,1.25,1.25,4.0,1.33,9
Sestao River,8,2,4,2,8,9,-1,10,spain3,0.25,0.75,-1,1.25,1.0,4.0,1.33,9
FC Barcelona B,8,2,2,4,9,13,-4,8,spain3,0.25,0.5,-4,1.0,1.12,4.0,2.0,10
Gimnastica,8,0,4,4,6,13,-7,4,spain3,0.0,0.5,-7,0.5,0.75,0.0,2.0,11
Atletico M. B,8,7,1,0,14,3,11,22,spain4,0.88,1.0,11,2.75,1.75,1.14,1.0,1
Merida,8,7,0,1,18,11,7,21,spain4,0.88,0.88,7,2.62,2.25,1.14,1.14,2
Ceuta,8,6,2,0,17,6,11,20,spain4,0.75,1.0,11,2.5,2.12,1.33,1.0,3
Alcorcon,8,6,2,0,13,3,10,20,spain4,0.75,1.0,10,2.5,1.62,1.33,1.0,3
UD Ibiza,8,6,1,1,19,9,10,19,spain4,0.75,0.88,10,2.38,2.38,1.33,1.14,4
Sevilla FC B,8,6,1,1,9,1,8,19,spain4,0.75,0.88,8,2.38,1.12,1.33,1.14,4
Hercules,8,4,3,1,15,8,7,15,spain4,0.5,0.88,7,1.88,1.88,2.0,1.14,5
Real Madrid B,8,3,4,1,10,7,3,13,spain4,0.38,0.88,3,1.62,1.25,2.63,1.14,6
Real Murcia,8,4,1,3,8,6,2,13,spain4,0.5,0.62,2,1.62,1.0,2.0,1.61,6
Sanluqueno,8,3,3,2,8,8,0,12,spain4,0.38,0.75,0,1.5,1.0,2.63,1.33,7
Villarreal B,8,3,2,3,10,8,2,11,spain4,0.38,0.62,2,1.38,1.25,2.63,1.61,8
Algeciras,8,2,5,1,8,8,0,11,spain4,0.25,0.88,0,1.38,1.0,4.0,1.14,8
Fuenlabrada,8,2,4,2,10,8,2,10,spain4,0.25,0.75,2,1.25,1.25,4.0,1.33,9
Marbella,8,3,1,4,12,15,-3,10,spain4,0.38,0.5,-3,1.25,1.5,2.63,2.0,9
Yeclano,8,1,6,1,8,7,1,9,spain4,0.12,0.88,1,1.12,1.0,8.33,1.14,10
Antequera,8,2,3,3,13,15,-2,9,spain4,0.25,0.62,-2,1.12,1.62,4.0,1.61,10
Recreativo H.,8,1,5,2,6,10,-4,8,spain4,0.12,0.75,-4,1.0,0.75,8.33,1.33,11
Intercity,8,1,4,3,8,9,-1,7,spain4,0.12,0.62,-1,0.88,1.0,8.33,1.61,12
Alcoyano,8,1,4,3,6,9,-3,7,spain4,0.12,0.62,-3,0.88,0.75,8.33,1.61,12
Real Betis B,8,2,1,5,9,17,-8,7,spain4,0.25,0.38,-8,0.88,1.12,4.0,2.63,12
Pontevedra,8,8,0,0,16,5,11,24,spain5,1.0,1.0,11,3.0,2.0,1.0,1.0,1
Numancia,8,6,2,0,15,3,12,20,spain5,0.75,1.0,12,2.5,1.88,1.33,1.0,2
Real Aviles,8,6,2,0,17,6,11,20,spain5,0.75,1.0,11,2.5,2.12,1.33,1.0,2
Real Avila,8,5,1,2,11,5,6,16,spain5,0.62,0.75,6,2.0,1.38,1.61,1.33,3
Llanera,8,4,4,0,15,11,4,16,spain5,0.5,1.0,4,2.0,1.88,2.0,1.0,3
Escobedo,8,4,3,1,9,2,7,15,spain5,0.5,0.88,7,1.88,1.12,2.0,1.14,4
Coruxo,8,4,3,1,11,6,5,15,spain5,0.5,0.88,5,1.88,1.38,2.0,1.14,4
Langreo,8,4,3,1,10,7,3,15,spain5,0.5,0.88,3,1.88,1.25,2.0,1.14,4
Marino de L.,8,4,2,2,11,5,6,14,spain5,0.5,0.75,6,1.75,1.38,2.0,1.33,5
Rayo Cantabria,8,4,2,2,12,8,4,14,spain5,0.5,0.75,4,1.75,1.5,2.0,1.33,5
Torrelavega,8,3,3,2,12,3,9,12,spain5,0.38,0.75,9,1.5,1.5,2.63,1.33,6
Valladolid B,8,3,2,3,11,8,3,11,spain5,0.38,0.62,3,1.38,1.38,2.63,1.61,7
D. Fabril,8,3,2,3,8,5,3,11,spain5,0.38,0.62,3,1.38,1.0,2.63,1.61,7
Compostela,8,3,2,3,11,12,-1,11,spain5,0.38,0.62,-1,1.38,1.38,2.63,1.61,7
Bergantinos,8,3,1,4,12,14,-2,10,spain5,0.38,0.5,-2,1.25,1.5,2.63,2.0,8
Salamanca CF,8,2,2,4,10,12,-2,8,spain5,0.25,0.5,-2,1.0,1.25,4.0,2.0,9
Guijuelo,8,2,2,4,7,14,-7,8,spain5,0.25,0.5,-7,1.0,0.88,4.0,2.0,9
Laredo,8,2,2,4,8,16,-8,8,spain5,0.25,0.5,-8,1.0,1.0,4.0,2.0,9
Teruel,8,8,0,0,18,2,16,24,spain6,1.0,1.0,16,3.0,2.25,1.0,1.0,1
SD Logrones,8,6,1,1,15,4,11,19,spain6,0.75,0.88,11,2.38,1.88,1.33,1.14,2
Utebo,8,6,1,1,17,9,8,19,spain6,0.75,0.88,8,2.38,2.12,1.33,1.14,2
UD Logrones,8,4,4,0,13,2,11,16,spain6,0.5,1.0,11,2.0,1.62,2.0,1.0,3
Arenas Club,8,5,1,2,15,9,6,16,spain6,0.62,0.75,6,2.0,1.88,1.61,1.33,3
Barbastro,8,4,3,1,12,7,5,15,spain6,0.5,0.88,5,1.88,1.5,2.0,1.14,4
Eibar B,8,4,3,1,9,4,5,15,spain6,0.5,0.88,5,1.88,1.12,2.0,1.14,4
Real Zaragoza B,8,5,0,3,12,10,2,15,spain6,0.62,0.62,2,1.88,1.5,1.61,1.61,4
Ejea,8,3,4,1,8,4,4,13,spain6,0.38,0.88,4,1.62,1.0,2.63,1.14,5
Calahorra,8,4,1,3,7,9,-2,13,spain6,0.5,0.62,-2,1.62,0.88,2.0,1.61,5
Alfaro,8,3,3,2,6,6,0,12,spain6,0.38,0.75,0,1.5,0.75,2.63,1.33,6
Alaves B,8,3,2,3,9,9,0,11,spain6,0.38,0.62,0,1.38,1.12,2.63,1.61,7
Gernika,8,3,2,3,10,13,-3,11,spain6,0.38,0.62,-3,1.38,1.25,2.63,1.61,7
Real Sociedad C,8,3,1,4,11,12,-1,10,spain6,0.38,0.5,-1,1.25,1.38,2.63,2.0,8
Tudelano,8,2,2,4,8,9,-1,8,spain6,0.25,0.5,-1,1.0,1.0,4.0,2.0,9
Subiza,8,2,2,4,9,14,-5,8,spain6,0.25,0.5,-5,1.0,1.12,4.0,2.0,9
Anguiano,8,1,3,4,5,10,-5,6,spain6,0.12,0.5,-5,0.75,0.62,8.33,2.0,10
Izarra,8,0,1,7,3,14,-11,1,spain6,0.0,0.12,-11,0.12,0.38,0.0,8.33,11
Europa,8,7,1,0,17,3,14,22,spain7,0.88,1.0,14,2.75,2.12,1.14,1.0,1
Cornella,8,5,3,0,17,11,6,18,spain7,0.62,1.0,6,2.25,2.12,1.61,1.0,2
Torrent,8,5,2,1,10,4,6,17,spain7,0.62,0.88,6,2.12,1.25,1.61,1.14,3
Andratx,8,5,1,2,10,10,0,16,spain7,0.62,0.75,0,2.0,1.25,1.61,1.33,4
Espanyol B,8,4,3,1,13,7,6,15,spain7,0.5,0.88,6,1.88,1.62,2.0,1.14,5
Valencia B,8,5,0,3,12,8,4,15,spain7,0.62,0.62,4,1.88,1.5,1.61,1.61,5
Sabadell,8,4,2,2,16,7,9,14,spain7,0.5,0.75,9,1.75,2.0,2.0,1.33,6
A. Baleares,8,3,5,0,12,6,6,14,spain7,0.38,1.0,6,1.75,1.5,2.63,1.0,6
Terrassa,8,4,2,2,9,5,4,14,spain7,0.5,0.75,4,1.75,1.12,2.0,1.33,6
SD Ibiza,8,4,1,3,12,11,1,13,spain7,0.5,0.62,1,1.62,1.5,2.0,1.61,7
Sant Andreu,8,3,2,3,15,9,6,11,spain7,0.38,0.62,6,1.38,1.88,2.63,1.61,8
Olot,8,3,2,3,10,8,2,11,spain7,0.38,0.62,2,1.38,1.25,2.63,1.61,8
Ilicitano,8,3,1,4,9,9,0,10,spain7,0.38,0.5,0,1.25,1.12,2.63,2.0,9
Pena Deportiva,8,1,6,1,8,8,0,9,spain7,0.12,0.88,0,1.12,1.0,8.33,1.14,10
Lleida,8,0,6,2,6,10,-4,6,spain7,0.0,0.75,-4,0.75,0.75,0.0,1.33,11
Mallorca B,8,1,1,6,6,13,-7,4,spain7,0.12,0.25,-7,0.5,0.75,8.33,4.0,12
Alzira,8,0,1,7,4,16,-12,1,spain7,0.0,0.12,-12,0.12,0.5,0.0,8.33,13
Badalona,8,0,1,7,4,17,-13,1,spain7,0.0,0.12,-13,0.12,0.5,0.0,8.33,13
Torremolinos,8,6,1,1,15,5,10,19,spain8,0.75,0.88,10,2.38,1.88,1.33,1.14,1
La Union,8,6,1,1,11,4,7,19,spain8,0.75,0.88,7,2.38,1.38,1.33,1.14,1
Linares,8,5,2,1,14,5,9,17,spain8,0.62,0.88,9,2.12,1.75,1.61,1.14,2
CD Estepona,8,5,2,1,15,7,8,17,spain8,0.62,0.88,8,2.12,1.88,1.61,1.14,2
UCAM Murcia,8,4,3,1,12,4,8,15,spain8,0.5,0.88,8,1.88,1.5,2.0,1.14,3
Almeria B,8,5,0,3,12,9,3,15,spain8,0.62,0.62,3,1.88,1.5,1.61,1.61,3
Villanovense,8,4,2,2,11,6,5,14,spain8,0.5,0.75,5,1.75,1.38,2.0,1.33,4
Xerez CD,8,4,2,2,11,7,4,14,spain8,0.5,0.75,4,1.75,1.38,2.0,1.33,4
Antoniano,8,4,2,2,10,9,1,14,spain8,0.5,0.75,1,1.75,1.25,2.0,1.33,4
Orihuela,8,4,2,2,5,4,1,14,spain8,0.5,0.75,1,1.75,0.62,2.0,1.33,4
Xerez D. FC,8,4,1,3,8,6,2,13,spain8,0.5,0.62,2,1.62,1.0,2.0,1.61,5
Aguilas CF,8,4,1,3,8,8,0,13,spain8,0.5,0.62,0,1.62,1.0,2.0,1.61,5
San Fernando,8,3,3,2,11,8,3,12,spain8,0.38,0.75,3,1.5,1.38,2.63,1.33,6
Cadiz B,8,2,4,2,8,7,1,10,spain8,0.25,0.75,1,1.25,1.0,4.0,1.33,7
D. Minera,8,2,3,3,10,8,2,9,spain8,0.25,0.62,2,1.12,1.25,4.0,1.61,8
Linense,8,1,3,4,5,10,-5,6,spain8,0.12,0.5,-5,0.75,0.62,8.33,2.0,9
Granada B,8,1,2,5,3,9,-6,5,spain8,0.12,0.38,-6,0.62,0.38,8.33,2.63,10
Don Benito,8,0,2,6,4,13,-9,2,spain8,0.0,0.25,-9,0.25,0.5,0.0,4.0,11
Navalcarnero,8,6,1,1,15,7,8,19,spain9,0.75,0.88,8,2.38,1.88,1.33,1.14,1
Guadalajara,8,6,1,1,13,5,8,19,spain9,0.75,0.88,8,2.38,1.62,1.33,1.14,1
Cacereno,8,5,2,1,16,7,9,17,spain9,0.62,0.88,9,2.12,2.0,1.61,1.14,2
S. Sebastian R.,8,5,1,2,13,8,5,16,spain9,0.62,0.75,5,2.0,1.62,1.61,1.33,3
Talavera CF,8,4,3,1,12,5,7,15,spain9,0.5,0.88,7,1.88,1.5,2.0,1.14,4
CD Mostoles,8,5,0,3,16,11,5,15,spain9,0.62,0.62,5,1.88,2.0,1.61,1.61,4
CD Coria,8,4,3,1,15,12,3,15,spain9,0.5,0.88,3,1.88,1.88,2.0,1.14,4
Real Madrid C,8,4,2,2,11,8,3,14,spain9,0.5,0.75,3,1.75,1.38,2.0,1.33,5
Melilla,8,3,4,1,11,9,2,13,spain9,0.38,0.88,2,1.62,1.38,2.63,1.14,6
Conquense,8,4,1,3,10,8,2,13,spain9,0.5,0.62,2,1.62,1.25,2.0,1.61,6
Getafe B,8,3,3,2,10,6,4,12,spain9,0.38,0.75,4,1.5,1.25,2.63,1.33,7
Union Adarve,8,3,3,2,7,5,2,12,spain9,0.38,0.75,2,1.5,0.88,2.63,1.33,7
Atletico Paso,8,3,3,2,10,9,1,12,spain9,0.38,0.75,1,1.5,1.25,2.63,1.33,7
Tenerife B,8,3,2,3,12,13,-1,11,spain9,0.38,0.62,-1,1.38,1.5,2.63,1.61,8
Illescas,8,3,1,4,8,12,-4,10,spain9,0.38,0.5,-4,1.25,1.0,2.63,2.0,9
R. Majadahonda,8,1,5,2,3,5,-2,8,spain9,0.12,0.75,-2,1.0,0.38,8.33,1.33,10
Colonia M.,8,2,2,4,9,16,-7,8,spain9,0.25,0.5,-7,1.0,1.12,4.0,2.0,10
Yaiza,8,1,3,4,4,12,-8,6,spain9,0.12,0.5,-8,0.75,0.5,8.33,2.0,11
Mjallby,4,3,1,0,9,3,6,10,sweden,0.75,1.0,6,2.5,2.25,1.33,1.0,1
Elfsborg,4,3,1,0,10,5,5,10,sweden,0.75,1.0,5,2.5,2.5,1.33,1.0,1
Hammarby,3,3,0,0,8,0,8,9,sweden,1.0,1.0,8,3.0,2.67,1.0,1.0,2
AIK,3,2,1,0,6,3,3,7,sweden,0.67,1.0,3,2.33,2.0,1.49,1.0,3
Malmo FF,4,2,1,1,6,4,2,7,sweden,0.5,0.75,2,1.75,1.5,2.0,1.33,3
Norrkoping,4,2,0,2,9,8,1,6,sweden,0.5,0.5,1,1.5,2.25,2.0,2.0,4
Halmstad,4,2,0,2,6,10,-4,6,sweden,0.5,0.5,-4,1.5,1.5,2.0,2.0,4
Djurgarden,4,1,2,1,2,2,0,5,sweden,0.25,0.75,0,1.25,0.5,4.0,1.33,5
GAIS,3,1,1,1,3,2,1,4,sweden,0.33,0.67,1,1.33,1.0,3.03,1.49,6
IFK Goteborg,3,1,1,1,4,4,0,4,sweden,0.33,0.67,0,1.33,1.33,3.03,1.49,6
Degerfors,3,1,1,1,2,2,0,4,sweden,0.33,0.67,0,1.33,0.67,3.03,1.49,6
Hacken,4,1,1,2,6,8,-2,4,sweden,0.25,0.5,-2,1.0,1.5,4.0,2.0,6
Brommapojkarna,2,1,0,1,3,4,-1,3,sweden,0.5,0.5,-1,1.5,1.5,2.0,2.0,7
Oster,3,1,0,2,2,4,-2,3,sweden,0.33,0.33,-2,1.0,0.67,3.03,3.03,7
Sirius,3,0,1,2,1,5,-4,1,sweden,0.0,0.33,-4,0.33,0.33,0.0,3.03,8
Varnamo,4,0,0,4,3,8,-5,0,sweden,0.0,0.0,-5,0.0,0.75,0.0,0.0,9
Orgryte,4,3,1,0,9,3,6,10,sweden2,0.75,1.0,6,2.5,2.25,1.33,1.0,1
Varberg BoIS,3,3,0,0,7,1,6,9,sweden2,1.0,1.0,6,3.0,2.33,1.0,1.0,2
Landskrona,3,2,1,0,5,3,2,7,sweden2,0.67,1.0,2,2.33,1.67,1.49,1.0,3
Kalmar,2,2,0,0,3,0,3,6,sweden2,1.0,1.0,3,3.0,1.5,1.0,1.0,4
Falkenberg,3,1,2,0,6,5,1,5,sweden2,0.33,1.0,1,1.67,2.0,3.03,1.0,5
Vasteras,3,1,2,0,4,3,1,5,sweden2,0.33,1.0,1,1.67,1.33,3.03,1.0,5
Utsikten,3,1,1,1,6,5,1,4,sweden2,0.33,0.67,1,1.33,2.0,3.03,1.49,6
GIF Sundsvall,3,1,1,1,5,4,1,4,sweden2,0.33,0.67,1,1.33,1.67,3.03,1.49,6
Ostersunds,2,1,1,0,5,4,1,4,sweden2,0.5,1.0,1,2.0,2.5,2.0,1.0,6
Sandviken,3,1,1,1,2,2,0,4,sweden2,0.33,0.67,0,1.33,0.67,3.03,1.49,6
Oddevold,3,1,0,2,3,5,-2,3,sweden2,0.33,0.33,-2,1.0,1.0,3.03,3.03,7
Helsingborg,3,1,0,2,4,7,-3,3,sweden2,0.33,0.33,-3,1.0,1.33,3.03,3.03,7
Umea,4,0,1,3,2,6,-4,1,sweden2,0.0,0.25,-4,0.25,0.5,0.0,4.0,8
Brage,3,0,1,2,1,5,-4,1,sweden2,0.0,0.33,-4,0.33,0.33,0.0,3.03,8
Orebro,3,0,1,2,0,4,-4,1,sweden2,0.0,0.33,-4,0.33,0.0,0.0,3.03,8
Trelleborg,3,0,0,3,0,6,-6,0,sweden2,0.0,0.0,-6,0.0,0.0,0.0,0.0,9
BSC Young Boys,8,6,2,0,19,4,15,20,switzerland,0.75,1.0,15,2.5,2.38,1.33,1.0,1
FC Basel,8,6,1,1,20,6,14,19,switzerland,0.75,0.88,14,2.38,2.5,1.33,1.14,2
Luzern,8,5,2,1,17,8,9,17,switzerland,0.62,0.88,9,2.12,2.12,1.61,1.14,3
St. Gallen,8,5,2,1,13,9,4,17,switzerland,0.62,0.88,4,2.12,1.62,1.61,1.14,3
Lausanne Sport,8,4,1,3,15,12,3,13,switzerland,0.5,0.62,3,1.62,1.88,2.0,1.61,4
Winterthur,8,4,1,3,10,7,3,13,switzerland,0.5,0.62,3,1.62,1.25,2.0,1.61,4
Servette,8,3,3,2,12,10,2,12,switzerland,0.38,0.75,2,1.5,1.5,2.63,1.33,5
Yverdon,8,3,3,2,10,8,2,12,switzerland,0.38,0.75,2,1.5,1.25,2.63,1.33,5
Sion,8,3,3,2,12,11,1,12,switzerland,0.38,0.75,1,1.5,1.5,2.63,1.33,5
Lugano,8,3,3,2,11,12,-1,12,switzerland,0.38,0.75,-1,1.5,1.38,2.63,1.33,5
FC Zurich,8,3,1,4,10,15,-5,10,switzerland,0.38,0.5,-5,1.25,1.25,2.63,2.0,6
Grasshopper,8,2,3,3,9,9,0,9,switzerland,0.25,0.62,0,1.12,1.12,4.0,1.61,7
Thun,8,7,1,0,23,6,17,22,switzerland2,0.88,1.0,17,2.75,2.88,1.14,1.0,1
Aarau,8,5,3,0,15,7,8,18,switzerland2,0.62,1.0,8,2.25,1.88,1.61,1.0,2
Vaduz,8,5,1,2,11,7,4,16,switzerland2,0.62,0.75,4,2.0,1.38,1.61,1.33,3
Etoile Carouge,8,4,2,2,16,9,7,14,switzerland2,0.5,0.75,7,1.75,2.0,2.0,1.33,4
Bellinzona,8,4,2,2,12,8,4,14,switzerland2,0.5,0.75,4,1.75,1.5,2.0,1.33,4
Wil,8,3,3,2,15,14,1,12,switzerland2,0.38,0.75,1,1.5,1.88,2.63,1.33,5
Lausanne Ouchy,8,3,2,3,9,8,1,11,switzerland2,0.38,0.62,1,1.38,1.12,2.63,1.61,6
Neuchatel Xamax,8,2,3,3,14,11,3,9,switzerland2,0.25,0.62,3,1.12,1.75,4.0,1.61,7
Stade Nyonnais,8,3,0,5,8,10,-2,9,switzerland2,0.38,0.38,-2,1.12,1.0,2.63,2.63,7
Schaffhausen,8,0,3,5,9,16,-7,3,switzerland2,0.0,0.38,-7,0.38,1.12,0.0,2.63,8
Chiangrai Utd,8,7,0,1,12,3,9,21,thailand,0.88,0.88,9,2.62,1.5,1.14,1.14,1
Bangkok Utd,8,6,2,0,19,7,12,20,thailand,0.75,1.0,12,2.5,2.38,1.33,1.0,2
Pathum Utd,8,6,1,1,15,7,8,19,thailand,0.75,0.88,8,2.38,1.88,1.33,1.14,3
Buriram Utd,8,6,0,2,33,4,29,18,thailand,0.75,0.75,29,2.25,4.12,1.33,1.33,4
Muang Thong Utd,8,6,0,2,16,8,8,18,thailand,0.75,0.75,8,2.25,2.0,1.33,1.33,4
Ratchaburi,8,5,2,1,17,9,8,17,thailand,0.62,0.88,8,2.12,2.12,1.61,1.14,5
Uthai Thani,8,3,5,0,12,4,8,14,thailand,0.38,1.0,8,1.75,1.5,2.63,1.0,6
Prachuap,8,4,2,2,16,10,6,14,thailand,0.5,0.75,6,1.75,2.0,2.0,1.33,6
Lamphun Warrior,8,4,1,3,11,11,0,13,thailand,0.5,0.62,0,1.62,1.38,2.0,1.61,7
Port FC,8,3,3,2,15,12,3,12,thailand,0.38,0.75,3,1.5,1.88,2.63,1.33,8
Rayong,8,3,2,3,17,16,1,11,thailand,0.38,0.62,1,1.38,2.12,2.63,1.61,9
Sukhothai,8,3,2,3,12,14,-2,11,thailand,0.38,0.62,-2,1.38,1.5,2.63,1.61,9
N. Ratchasima,8,2,4,2,14,17,-3,10,thailand,0.25,0.75,-3,1.25,1.75,4.0,1.33,10
N. Bua Pitchaya,8,1,5,2,6,8,-2,8,thailand,0.12,0.75,-2,1.0,0.75,8.33,1.33,11
Khon Kaen Utd,8,2,1,5,12,18,-6,7,thailand,0.25,0.38,-6,0.88,1.5,4.0,2.63,12
Nakhon Pathom,8,2,1,5,11,22,-11,7,thailand,0.25,0.38,-11,0.88,1.38,4.0,2.63,12
Ayutthaya Utd,8,7,1,0,22,5,17,22,thailand2,0.88,1.0,17,2.75,2.75,1.14,1.0,1
Chonburi,8,7,1,0,24,8,16,22,thailand2,0.88,1.0,16,2.75,3.0,1.14,1.0,1
Kasetsart,8,5,3,0,8,2,6,18,thailand2,0.62,1.0,6,2.25,1.0,1.61,1.0,2
Lampang,8,5,2,1,16,9,7,17,thailand2,0.62,0.88,7,2.12,2.0,1.61,1.14,3
Police Tero,8,5,2,1,11,5,6,17,thailand2,0.62,0.88,6,2.12,1.38,1.61,1.14,3
Phrae Utd,8,4,3,1,16,5,11,15,thailand2,0.5,0.88,11,1.88,2.0,2.0,1.14,4
Trat FC,8,4,2,2,15,9,6,14,thailand2,0.5,0.75,6,1.75,1.88,2.0,1.33,5
Chainat,8,4,2,2,12,9,3,14,thailand2,0.5,0.75,3,1.75,1.5,2.0,1.33,5
Chanthaburi,8,4,2,2,11,8,3,14,thailand2,0.5,0.75,3,1.75,1.38,2.0,1.33,5
Sisaket Utd,8,4,2,2,8,6,2,14,thailand2,0.5,0.75,2,1.75,1.0,2.0,1.33,5
Nakhon Si,8,4,1,3,13,13,0,13,thailand2,0.5,0.62,0,1.62,1.62,2.0,1.61,6
Suphanburi,8,3,3,2,18,12,6,12,thailand2,0.38,0.75,6,1.5,2.25,2.63,1.33,7
Kanchanaburi,8,3,3,2,11,8,3,12,thailand2,0.38,0.75,3,1.5,1.38,2.63,1.33,7
Chiangmai Utd,8,3,3,2,13,13,0,12,thailand2,0.38,0.75,0,1.5,1.62,2.63,1.33,7
Bangkok FC,8,2,4,2,10,12,-2,10,thailand2,0.25,0.75,-2,1.25,1.25,4.0,1.33,8
Mahasarakham,8,2,3,3,11,13,-2,9,thailand2,0.25,0.62,-2,1.12,1.38,4.0,1.61,9
Pattaya United,8,2,1,5,4,12,-8,7,thailand2,0.25,0.38,-8,0.88,0.5,4.0,2.63,10
Samut Prakan,0,0,0,0,0,0,0,0,thailand2,0.0,0.0,0,0.0,0.0,0.0,0.0,11
Galatasaray,8,7,1,0,20,5,15,22,turkey,0.88,1.0,15,2.75,2.5,1.14,1.0,1
Trabzonspor,8,6,1,1,21,8,13,19,turkey,0.75,0.88,13,2.38,2.62,1.33,1.14,2
Kayserispor,8,6,1,1,14,4,10,19,turkey,0.75,0.88,10,2.38,1.75,1.33,1.14,2
Konyaspor,8,6,1,1,13,6,7,19,turkey,0.75,0.88,7,2.38,1.62,1.33,1.14,2
Fenerbahce,8,5,2,1,19,10,9,17,turkey,0.62,0.88,9,2.12,2.38,1.61,1.14,3
Antalyaspor,8,5,2,1,11,9,2,17,turkey,0.62,0.88,2,2.12,1.38,1.61,1.14,3
Besiktas,8,5,1,2,14,8,6,16,turkey,0.62,0.75,6,2.0,1.75,1.61,1.33,4
Kasimpasa,8,4,4,0,20,15,5,16,turkey,0.5,1.0,5,2.0,2.5,2.0,1.0,4
Gaziantep,8,5,1,2,10,7,3,16,turkey,0.62,0.75,3,2.0,1.25,1.61,1.33,4
Basaksehir,8,5,0,3,11,7,4,15,turkey,0.62,0.62,4,1.88,1.38,1.61,1.61,5
Samsunspor,8,5,0,3,14,11,3,15,turkey,0.62,0.62,3,1.88,1.75,1.61,1.61,5
Sivasspor,8,4,2,2,18,11,7,14,turkey,0.5,0.75,7,1.75,2.25,2.0,1.33,6
Rizespor,8,4,2,2,12,9,3,14,turkey,0.5,0.75,3,1.75,1.5,2.0,1.33,6
Goztepe,8,3,4,1,15,7,8,13,turkey,0.38,0.88,8,1.62,1.88,2.63,1.14,7
Eyupspor,8,4,1,3,16,13,3,13,turkey,0.5,0.62,3,1.62,2.0,2.0,1.61,7
Alanyaspor,8,4,1,3,13,13,0,13,turkey,0.5,0.62,0,1.62,1.62,2.0,1.61,7
Bodrumspor,8,2,3,3,6,8,-2,9,turkey,0.25,0.62,-2,1.12,0.75,4.0,1.61,8
Hatayspor,8,2,1,5,12,16,-4,7,turkey,0.25,0.38,-4,0.88,1.5,4.0,2.63,9
Adana Demirspor,8,0,2,6,5,16,-11,2,turkey,0.0,0.25,-11,0.25,0.62,0.0,4.0,10
Istanbulspor,8,7,0,1,22,4,18,21,turkey2,0.88,0.88,18,2.62,2.75,1.14,1.14,1
Igdir,8,6,2,0,18,2,16,20,turkey2,0.75,1.0,16,2.5,2.25,1.33,1.0,2
Kocaelispor,8,5,2,1,21,8,13,17,turkey2,0.62,0.88,13,2.12,2.62,1.61,1.14,3
Genclerbirligi,8,5,2,1,13,5,8,17,turkey2,0.62,0.88,8,2.12,1.62,1.61,1.14,3
Corum,8,5,2,1,18,11,7,17,turkey2,0.62,0.88,7,2.12,2.25,1.61,1.14,3
Sakaryaspor,8,5,2,1,16,9,7,17,turkey2,0.62,0.88,7,2.12,2.0,1.61,1.14,3
Bandirmaspor,8,5,2,1,12,7,5,17,turkey2,0.62,0.88,5,2.12,1.5,1.61,1.14,3
Boluspor,8,4,4,0,16,3,13,16,turkey2,0.5,1.0,13,2.0,2.0,2.0,1.0,4
Umraniyespor,8,4,4,0,10,4,6,16,turkey2,0.5,1.0,6,2.0,1.25,2.0,1.0,4
Amed SK,8,4,3,1,15,6,9,15,turkey2,0.5,0.88,9,1.88,1.88,2.0,1.14,5
F. Karagumruk,8,4,3,1,7,4,3,15,turkey2,0.5,0.88,3,1.88,0.88,2.0,1.14,5
Erokspor,8,4,2,2,14,11,3,14,turkey2,0.5,0.75,3,1.75,1.75,2.0,1.33,6
Pendikspor,8,3,2,3,9,10,-1,11,turkey2,0.38,0.62,-1,1.38,1.12,2.63,1.61,7
Ankaragucu,8,3,1,4,11,12,-1,10,turkey2,0.38,0.5,-1,1.25,1.38,2.63,2.0,8
Erzurum BB,8,2,3,3,9,10,-1,9,turkey2,0.25,0.62,-1,1.12,1.12,4.0,1.61,9
Keciorengucu,8,2,2,4,16,15,1,8,turkey2,0.25,0.5,1,1.0,2.0,4.0,2.0,10
Manisa BB,8,2,2,4,8,11,-3,8,turkey2,0.25,0.5,-3,1.0,1.0,4.0,2.0,10
Sanliurfaspor,8,2,1,5,6,11,-5,7,turkey2,0.25,0.38,-5,0.88,0.75,4.0,2.63,11
Adanaspor,8,2,1,5,7,18,-11,7,turkey2,0.25,0.38,-11,0.88,0.88,4.0,2.63,11
Y. Malatyaspor,8,0,0,8,2,40,-38,0,turkey2,0.0,0.0,-38,0.0,0.25,0.0,0.0,12
B. Petrolspor,8,8,0,0,19,2,17,24,turkey3,1.0,1.0,17,3.0,2.38,1.0,1.0,1
Sariyer,8,7,1,0,26,6,20,22,turkey3,0.88,1.0,20,2.75,3.25,1.14,1.0,2
Kastamonuspor,8,6,2,0,15,3,12,20,turkey3,0.75,1.0,12,2.5,1.88,1.33,1.0,3
Iskenderun,8,5,2,1,18,10,8,17,turkey3,0.62,0.88,8,2.12,2.25,1.61,1.14,4
Adana,8,5,2,1,16,8,8,17,turkey3,0.62,0.88,8,2.12,2.0,1.61,1.14,4
Inegolspor,8,4,4,0,13,6,7,16,turkey3,0.5,1.0,7,2.0,1.62,2.0,1.0,5
Trabzon FK,8,4,3,1,7,3,4,15,turkey3,0.5,0.88,4,1.88,0.88,2.0,1.14,6
Fethiyespor,8,4,2,2,6,7,-1,14,turkey3,0.5,0.75,-1,1.75,0.75,2.0,1.33,7
Altay,8,4,1,3,12,7,5,13,turkey3,0.5,0.62,5,1.62,1.5,2.0,1.61,8
Isparta Davrazs,8,4,1,3,15,11,4,13,turkey3,0.5,0.62,4,1.62,1.88,2.0,1.61,8
Altinordu,8,3,4,1,12,10,2,13,turkey3,0.38,0.88,2,1.62,1.5,2.63,1.14,8
B. Anadolu,8,4,1,3,11,13,-2,13,turkey3,0.5,0.62,-2,1.62,1.38,2.0,1.61,8
Ankaraspor,8,3,3,2,16,6,10,12,turkey3,0.38,0.75,10,1.5,2.0,2.63,1.33,9
24 Erzincanspor,8,3,2,3,13,13,0,11,turkey3,0.38,0.62,0,1.38,1.62,2.63,1.61,10
Karakopru,8,3,1,4,13,11,2,10,turkey3,0.38,0.5,2,1.25,1.62,2.63,2.0,11
Kirklarelispor,8,3,1,4,11,9,2,10,turkey3,0.38,0.5,2,1.25,1.38,2.63,2.0,11
Kepez Belediyes,8,2,1,5,7,12,-5,7,turkey3,0.25,0.38,-5,0.88,0.88,4.0,2.63,12
Afyonspor,8,0,0,8,0,24,-24,0,turkey3,0.0,0.0,-24,0.0,0.0,0.0,0.0,13
Elazigspor,8,8,0,0,20,4,16,24,turkey4,1.0,1.0,16,3.0,2.5,1.0,1.0,1
Menemen B.,8,7,1,0,21,9,12,22,turkey4,0.88,1.0,12,2.75,2.62,1.14,1.0,2
Karacabey,8,7,0,1,15,8,7,21,turkey4,0.88,0.88,7,2.62,1.88,1.14,1.14,3
Serik Belediyes,8,5,3,0,26,8,18,18,turkey4,0.62,1.0,18,2.25,3.25,1.61,1.0,4
Van Spor,8,5,3,0,16,5,11,18,turkey4,0.62,1.0,11,2.25,2.0,1.61,1.0,4
Diyarbekirspor,8,5,2,1,10,4,6,17,turkey4,0.62,0.88,6,2.12,1.25,1.61,1.14,5
Beyoglu Yeni C.,8,5,1,2,15,9,6,16,turkey4,0.62,0.75,6,2.0,1.88,1.61,1.33,6
A. Demirspor,8,4,3,1,14,6,8,15,turkey4,0.5,0.88,8,1.88,1.75,2.0,1.14,7
Erbaaspor,8,5,0,3,17,16,1,15,turkey4,0.62,0.62,1,1.88,2.12,1.61,1.61,7
Bucaspor,8,4,1,3,11,13,-2,13,turkey4,0.5,0.62,-2,1.62,1.38,2.0,1.61,8
Aksaray B.,8,3,3,2,14,12,2,12,turkey4,0.38,0.75,2,1.5,1.75,2.63,1.33,9
Karaman,8,2,5,1,9,7,2,11,turkey4,0.25,0.88,2,1.38,1.12,4.0,1.14,10
Yeni Mersin,8,3,2,3,7,10,-3,11,turkey4,0.38,0.62,-3,1.38,0.88,2.63,1.61,10
Derince,8,3,2,3,12,16,-4,11,turkey4,0.38,0.62,-4,1.38,1.5,2.63,1.61,10
Somaspor,8,3,1,4,9,10,-1,10,turkey4,0.38,0.5,-1,1.25,1.12,2.63,2.0,11
Arnavutkoy B.,8,3,1,4,16,18,-2,10,turkey4,0.38,0.5,-2,1.25,2.0,2.63,2.0,11
Giresunspor,8,0,1,7,5,20,-15,1,turkey4,0.0,0.12,-15,0.12,0.62,0.0,8.33,12
Nazillispor,8,0,1,7,5,31,-26,1,turkey4,0.0,0.12,-26,0.12,0.62,0.0,8.33,12
Anadolu U.,8,6,2,0,14,3,11,20,turkey5,0.75,1.0,11,2.5,1.75,1.33,1.0,1
Kutahyaspor,8,6,1,1,16,8,8,19,turkey5,0.75,0.88,8,2.38,2.0,1.33,1.14,2
Duzcespor,8,6,1,1,12,8,4,19,turkey5,0.75,0.88,4,2.38,1.5,1.33,1.14,2
Bursaspor,8,5,3,0,18,4,14,18,turkey5,0.62,1.0,14,2.25,2.25,1.61,1.0,3
Karsiyaka,8,6,0,2,18,7,11,18,turkey5,0.75,0.75,11,2.25,2.25,1.33,1.33,3
Musspor,8,5,3,0,18,8,10,18,turkey5,0.62,1.0,10,2.25,2.25,1.61,1.0,3
Artvin Hopaspor,8,4,3,1,14,6,8,15,turkey5,0.5,0.88,8,1.88,1.75,2.0,1.14,4
K. Bulvarspor,8,4,2,2,9,7,2,14,turkey5,0.5,0.75,2,1.75,1.12,2.0,1.33,5
Ergene Velimese,8,4,2,2,11,11,0,14,turkey5,0.5,0.75,0,1.75,1.38,2.0,1.33,5
Tokat,8,4,1,3,14,8,6,13,turkey5,0.5,0.62,6,1.62,1.75,2.0,1.61,6
Silifke,8,4,1,3,14,12,2,13,turkey5,0.5,0.62,2,1.62,1.75,2.0,1.61,6
Kirsehir B.,8,3,2,3,7,13,-6,11,turkey5,0.38,0.62,-6,1.38,0.88,2.63,1.61,7
Kusadasispor,8,3,1,4,5,10,-5,10,turkey5,0.38,0.5,-5,1.25,0.62,2.63,2.0,8
Elaziz K.,8,1,4,3,6,9,-3,7,turkey5,0.12,0.62,-3,0.88,0.75,8.33,1.61,9
Viven Bornova,8,1,2,5,8,18,-10,5,turkey5,0.12,0.38,-10,0.62,1.0,8.33,2.63,10
Kahramanmar.,8,1,1,6,6,12,-6,4,turkey5,0.12,0.25,-6,0.5,0.75,8.33,4.0,11
Beykoz Ishaklis,8,6,1,1,18,4,14,19,turkey6,0.75,0.88,14,2.38,2.25,1.33,1.14,1
Muglaspor,8,6,1,1,9,4,5,19,turkey6,0.75,0.88,5,2.38,1.12,1.33,1.14,1
Amasyaspor,8,6,0,2,15,7,8,18,turkey6,0.75,0.75,8,2.25,1.88,1.33,1.33,2
Usakspor,8,4,4,0,16,5,11,16,turkey6,0.5,1.0,11,2.0,2.0,2.0,1.0,3
Mazidagi,8,4,3,1,18,5,13,15,turkey6,0.5,0.88,13,1.88,2.25,2.0,1.14,4
Tire 2021 FK,8,4,2,2,18,8,10,14,turkey6,0.5,0.75,10,1.75,2.25,2.0,1.33,5
Balikesirspor,8,4,2,2,15,6,9,14,turkey6,0.5,0.75,9,1.75,1.88,2.0,1.33,5
Turk Metal 1963,8,4,2,2,17,11,6,14,turkey6,0.5,0.75,6,1.75,2.12,2.0,1.33,5
Inegol Kafkas,8,4,1,3,11,7,4,13,turkey6,0.5,0.62,4,1.62,1.38,2.0,1.61,6
Cayelispor,8,3,3,2,9,7,2,12,turkey6,0.38,0.75,2,1.5,1.12,2.63,1.33,7
Silivrispor,8,3,2,3,8,10,-2,11,turkey6,0.38,0.62,-2,1.38,1.0,2.63,1.61,8
Etimesgut,8,2,3,3,9,9,0,9,turkey6,0.25,0.62,0,1.12,1.12,4.0,1.61,9
Fatsa B.,8,2,2,4,5,11,-6,8,turkey6,0.25,0.5,-6,1.0,0.62,4.0,2.0,10
Kelkit,8,1,4,3,8,11,-3,7,turkey6,0.12,0.62,-3,0.88,1.0,8.33,1.61,11
Nevsehirspor,8,1,3,4,7,17,-10,6,turkey6,0.12,0.5,-10,0.75,0.88,8.33,2.0,12
Adiyaman,8,0,0,8,2,20,-18,0,turkey6,0.0,0.0,-18,0.0,0.25,0.0,0.0,13
Aliaga FAS,8,8,0,0,23,3,20,24,turkey7,1.0,1.0,20,3.0,2.88,1.0,1.0,1
Corluspor,8,7,1,0,22,9,13,22,turkey7,0.88,1.0,13,2.75,2.75,1.14,1.0,2
Ayvalikgucu,8,6,2,0,17,9,8,20,turkey7,0.75,1.0,8,2.5,2.12,1.33,1.0,3
Yozgat Bld Bozo,8,5,2,1,19,10,9,17,turkey7,0.62,0.88,9,2.12,2.38,1.61,1.14,4
Orduspor,8,5,1,2,18,8,10,16,turkey7,0.62,0.75,10,2.0,2.25,1.61,1.33,5
Kucukcekmece,8,4,4,0,15,6,9,16,turkey7,0.5,1.0,9,2.0,1.88,2.0,1.0,5
1923 M.,8,3,3,2,12,12,0,12,turkey7,0.38,0.75,0,1.5,1.5,2.63,1.33,6
Osmaniyespor,8,3,3,2,16,18,-2,12,turkey7,0.38,0.75,-2,1.5,2.0,2.63,1.33,6
Cankaya FK,8,3,3,2,12,14,-2,12,turkey7,0.38,0.75,-2,1.5,1.5,2.63,1.33,6
Efeler 09,8,3,2,3,8,7,1,11,turkey7,0.38,0.62,1,1.38,1.0,2.63,1.61,7
Pazarspor,8,3,2,3,8,7,1,11,turkey7,0.38,0.62,1,1.38,1.0,2.63,1.61,7
Alanya 1221,8,3,1,4,12,9,3,10,turkey7,0.38,0.5,3,1.25,1.5,2.63,2.0,8
Viransehir,8,3,1,4,9,10,-1,10,turkey7,0.38,0.5,-1,1.25,1.12,2.63,2.0,8
Bayburt,8,3,1,4,5,8,-3,10,turkey7,0.38,0.5,-3,1.25,0.62,2.63,2.0,8
K. Idmanyurdu,8,2,3,3,7,7,0,9,turkey7,0.25,0.62,0,1.12,0.88,4.0,1.61,9
1922 Konyaspor,8,1,3,4,3,8,-5,6,turkey7,0.12,0.5,-5,0.75,0.38,8.33,2.0,10
Mardin BB,8,7,1,0,26,6,20,22,turkey8,0.88,1.0,20,2.75,3.25,1.14,1.0,1
K. Istiklalspor,8,7,1,0,24,8,16,22,turkey8,0.88,1.0,16,2.75,3.0,1.14,1.0,1
Sebat G.,8,7,0,1,23,6,17,21,turkey8,0.88,0.88,17,2.62,2.88,1.14,1.14,2
Kirikkale B.,8,5,3,0,13,5,8,18,turkey8,0.62,1.0,8,2.25,1.62,1.61,1.0,3
Agri 1970,8,5,3,0,11,5,6,18,turkey8,0.62,1.0,6,2.25,1.38,1.61,1.0,3
Z. Komurspor,8,5,2,1,15,9,6,17,turkey8,0.62,0.88,6,2.12,1.88,1.61,1.14,4
Denizlispor,8,3,4,1,11,7,4,13,turkey8,0.38,0.88,4,1.62,1.38,2.63,1.14,5
Orduspor 1967,8,3,3,2,14,8,6,12,turkey8,0.38,0.75,6,1.5,1.75,2.63,1.33,6
Polatli B.,8,3,3,2,11,7,4,12,turkey8,0.38,0.75,4,1.5,1.38,2.63,1.33,6
Nigde Belediyes,8,3,3,2,11,9,2,12,turkey8,0.38,0.75,2,1.5,1.38,2.63,1.33,6
Nilufer B.,8,3,1,4,12,9,3,10,turkey8,0.38,0.5,3,1.25,1.5,2.63,2.0,7
Erciyes,8,3,1,4,7,11,-4,10,turkey8,0.38,0.5,-4,1.25,0.88,2.63,2.0,7
Turgutluspor,8,2,1,5,12,18,-6,7,turkey8,0.25,0.38,-6,0.88,1.5,4.0,2.63,8
Edirnespor,8,1,3,4,11,20,-9,6,turkey8,0.12,0.5,-9,0.75,1.38,8.33,2.0,9
Coruhlu,8,1,2,5,10,15,-5,5,turkey8,0.12,0.38,-5,0.62,1.25,8.33,2.63,10
Tepecik,8,1,2,5,5,12,-7,5,turkey8,0.12,0.38,-7,0.62,0.62,8.33,2.63,10
Shabab Al Ahli,8,7,1,0,18,2,16,22,uae,0.88,1.0,16,2.75,2.25,1.14,1.0,1
Al Ain,8,5,2,1,17,5,12,17,uae,0.62,0.88,12,2.12,2.12,1.61,1.14,2
Al Wasl,8,5,2,1,17,6,11,17,uae,0.62,0.88,11,2.12,2.12,1.61,1.14,2
Al Wahda,8,5,2,1,19,9,10,17,uae,0.62,0.88,10,2.12,2.38,1.61,1.14,2
Al Sharjah,8,5,1,2,12,3,9,16,uae,0.62,0.75,9,2.0,1.5,1.61,1.33,3
Khorfakkan,8,4,3,1,17,11,6,15,uae,0.5,0.88,6,1.88,2.12,2.0,1.14,4
Al Nasr,8,5,0,3,15,12,3,15,uae,0.62,0.62,3,1.88,1.88,1.61,1.61,4
Ajman,8,4,1,3,17,15,2,13,uae,0.5,0.62,2,1.62,2.12,2.0,1.61,5
Ittihad Kalba,8,3,1,4,11,12,-1,10,uae,0.38,0.5,-1,1.25,1.38,2.63,2.0,6
Al Bataeh,8,2,3,3,7,12,-5,9,uae,0.25,0.62,-5,1.12,0.88,4.0,1.61,7
Al Jazira,8,2,2,4,8,12,-4,8,uae,0.25,0.5,-4,1.0,1.0,4.0,2.0,8
Al Urooba,8,2,1,5,11,16,-5,7,uae,0.25,0.38,-5,0.88,1.38,4.0,2.63,9
Dibba Al Hisn,8,2,1,5,8,13,-5,7,uae,0.25,0.38,-5,0.88,1.0,4.0,2.63,9
Bani Yas,8,1,3,4,6,16,-10,6,uae,0.12,0.5,-10,0.75,0.75,8.33,2.0,10
Karpaty Lviv,8,7,1,0,18,1,17,22,ukraine,0.88,1.0,17,2.75,2.25,1.14,1.0,1
Dynamo Kyiv,8,7,1,0,18,4,14,22,ukraine,0.88,1.0,14,2.75,2.25,1.14,1.0,1
Oleksandria,8,6,2,0,15,2,13,20,ukraine,0.75,1.0,13,2.5,1.88,1.33,1.0,2
Veres,8,5,2,1,16,9,7,17,ukraine,0.62,0.88,7,2.12,2.0,1.61,1.14,3
Shakhtar,8,4,3,1,16,9,7,15,ukraine,0.5,0.88,7,1.88,2.0,2.0,1.14,4
Zorya Luhansk,8,5,0,3,12,11,1,15,ukraine,0.62,0.62,1,1.88,1.5,1.61,1.61,4
Kryvbas KR,8,4,1,3,14,9,5,13,ukraine,0.5,0.62,5,1.62,1.75,2.0,1.61,5
Polessya,8,2,4,2,8,7,1,10,ukraine,0.25,0.75,1,1.25,1.0,4.0,1.33,6
Livyi Bereh,8,2,3,3,9,9,0,9,ukraine,0.25,0.62,0,1.12,1.12,4.0,1.61,7
Obolon,8,2,3,3,5,10,-5,9,ukraine,0.25,0.62,-5,1.12,0.62,4.0,1.61,7
Inhulets,8,2,2,4,3,8,-5,8,ukraine,0.25,0.5,-5,1.0,0.38,4.0,2.0,8
Chornomorets,8,2,1,5,5,11,-6,7,ukraine,0.25,0.38,-6,0.88,0.62,4.0,2.63,9
Rukh Lviv,8,1,3,4,4,9,-5,6,ukraine,0.12,0.5,-5,0.75,0.5,8.33,2.0,10
Kolos Kovalivka,8,0,5,3,4,7,-3,5,ukraine,0.0,0.62,-3,0.62,0.5,0.0,1.61,11
Vorskla Poltava,8,1,2,5,6,10,-4,5,ukraine,0.12,0.38,-4,0.62,0.75,8.33,2.63,11
LNZ Cherkasy,8,1,2,5,6,11,-5,5,ukraine,0.12,0.38,-5,0.62,0.75,8.33,2.63,11
Dnipro-1,0,0,0,0,0,0,0,0,ukraine,0.0,0.0,0,0.0,0.0,0.0,0.0,12
Juventud,7,5,1,1,11,6,5,16,uruguay,0.71,0.86,5,2.29,1.57,1.41,1.16,1
Cerro Largo,8,4,3,1,12,10,2,15,uruguay,0.5,0.88,2,1.88,1.5,2.0,1.14,2
Liverpool M.,6,4,2,0,11,5,6,14,uruguay,0.67,1.0,6,2.33,1.83,1.49,1.0,3
Defensor S.,8,4,1,3,10,6,4,13,uruguay,0.5,0.62,4,1.62,1.25,2.0,1.61,4
Nacional,7,3,3,1,15,8,7,12,uruguay,0.43,0.86,7,1.71,2.14,2.33,1.16,5
Boston River,7,3,1,3,7,7,0,10,uruguay,0.43,0.57,0,1.43,1.0,2.33,1.75,6
Cerro,7,2,3,2,7,7,0,9,uruguay,0.29,0.71,0,1.29,1.0,3.45,1.41,7
Wanderers,8,1,5,2,7,6,1,8,uruguay,0.12,0.75,1,1.0,0.88,8.33,1.33,8
Racing CM,6,2,2,2,6,5,1,8,uruguay,0.33,0.67,1,1.33,1.0,3.03,1.49,8
Miramar Misione,8,2,2,4,8,9,-1,8,uruguay,0.25,0.5,-1,1.0,1.0,4.0,2.0,8
Montevideo City,7,2,2,3,9,11,-2,8,uruguay,0.29,0.57,-2,1.14,1.29,3.45,1.75,8
Plaza Colonia,6,2,1,3,4,4,0,7,uruguay,0.33,0.5,0,1.17,0.67,3.03,2.0,9
River Plate,6,2,1,3,4,6,-2,7,uruguay,0.33,0.5,-2,1.17,0.67,3.03,2.0,9
Danubio,8,0,6,2,6,8,-2,6,uruguay,0.0,0.75,-2,0.75,0.75,0.0,1.33,10
Progreso,7,1,2,4,7,15,-8,5,uruguay,0.14,0.43,-8,0.71,1.0,7.14,2.33,11
Penarol,5,1,1,3,5,10,-5,4,uruguay,0.2,0.4,-5,0.8,1.0,5.0,2.5,12
Nacional,4,3,1,0,8,2,6,10,uruguay2,0.75,1.0,6,2.5,2.0,1.33,1.0,1
Wanderers,4,3,0,1,8,5,3,9,uruguay2,0.75,0.75,3,2.25,2.0,1.33,1.33,2
Penarol,4,2,2,0,5,2,3,8,uruguay2,0.5,1.0,3,2.0,1.25,2.0,1.0,3
Cerro,4,2,1,1,7,2,5,7,uruguay2,0.5,0.75,5,1.75,1.75,2.0,1.33,4
Fenix,4,2,1,1,6,4,2,7,uruguay2,0.5,0.75,2,1.75,1.5,2.0,1.33,4
Boston River,4,2,0,2,5,5,0,6,uruguay2,0.5,0.5,0,1.5,1.25,2.0,2.0,5
Progreso,4,2,0,2,4,5,-1,6,uruguay2,0.5,0.5,-1,1.5,1.0,2.0,2.0,5
Danubio,3,2,0,1,4,6,-2,6,uruguay2,0.67,0.67,-2,2.0,1.33,1.49,1.49,5
Rampla Juniors,3,1,1,1,5,5,0,4,uruguay2,0.33,0.67,0,1.33,1.67,3.03,1.49,6
Miramar Misione,3,1,1,1,3,3,0,4,uruguay2,0.33,0.67,0,1.33,1.0,3.03,1.49,6
Cerro Largo,4,1,1,2,3,7,-4,4,uruguay2,0.25,0.5,-4,1.0,0.75,4.0,2.0,6
Racing CM,3,1,0,2,2,3,-1,3,uruguay2,0.33,0.33,-1,1.0,0.67,3.03,3.03,7
Liverpool M.,3,1,0,2,1,2,-1,3,uruguay2,0.33,0.33,-1,1.0,0.33,3.03,3.03,7
Defensor S.,3,0,2,1,2,3,-1,2,uruguay2,0.0,0.67,-1,0.67,0.67,0.0,1.49,8
River Plate,3,0,2,1,4,6,-2,2,uruguay2,0.0,0.67,-2,0.67,1.33,0.0,1.49,8
D. Maldonado,3,0,1,2,2,6,-4,1,uruguay2,0.0,0.33,-4,0.33,0.67,0.0,3.03,9
Charlotte,6,5,0,1,13,3,10,15,usa,0.83,0.83,10,2.5,2.17,1.2,1.2,1
Vancouver,6,5,0,1,14,6,8,15,usa,0.83,0.83,8,2.5,2.33,1.2,1.2,1
Columbus Crew,7,4,2,1,12,7,5,14,usa,0.57,0.86,5,2.0,1.71,1.75,1.16,2
Nashville SC,6,4,1,1,15,5,10,13,usa,0.67,0.83,10,2.17,2.5,1.49,1.2,3
Philadelphia,6,4,1,1,12,4,8,13,usa,0.67,0.83,8,2.17,2.0,1.49,1.2,3
Cincinnati,5,4,1,0,8,3,5,13,usa,0.8,1.0,5,2.6,1.6,1.25,1.0,3
New York RB,6,4,1,1,10,6,4,13,usa,0.67,0.83,4,2.17,1.67,1.49,1.2,3
Los Angeles FC,6,4,1,1,8,4,4,13,usa,0.67,0.83,4,2.17,1.33,1.49,1.2,3
New York City,5,4,0,1,7,4,3,12,usa,0.8,0.8,3,2.4,1.4,1.25,1.25,4
Seattle,5,3,2,0,14,5,9,11,usa,0.6,1.0,9,2.2,2.8,1.67,1.0,5
San Diego,6,3,2,1,13,6,7,11,usa,0.5,0.83,7,1.83,2.17,2.0,1.2,5
Inter Miami,6,3,2,1,13,9,4,11,usa,0.5,0.83,4,1.83,2.17,2.0,1.2,5
SJ Earthquakes,7,3,1,3,19,11,8,10,usa,0.43,0.57,8,1.43,2.71,2.33,1.75,6
Orlando City,5,3,1,1,13,7,6,10,usa,0.6,0.8,6,2.0,2.6,1.67,1.25,6
Austin,6,3,1,2,4,5,-1,10,usa,0.5,0.67,-1,1.67,0.67,2.0,1.49,6
Atlanta Utd,7,2,3,2,10,10,0,9,usa,0.29,0.71,0,1.29,1.43,3.45,1.41,7
Minnesota Utd,5,2,2,1,6,5,1,8,usa,0.4,0.8,1,1.6,1.2,2.5,1.25,8
Colorado Rapids,5,2,2,1,9,9,0,8,usa,0.4,0.8,0,1.6,1.8,2.5,1.25,8
Portland,5,2,2,1,9,9,0,8,usa,0.4,0.8,0,1.6,1.8,2.5,1.25,8
DC United,6,2,2,2,7,7,0,8,usa,0.33,0.67,0,1.33,1.17,3.03,1.49,8
Sporting KC,6,2,1,3,9,11,-2,7,usa,0.33,0.5,-2,1.17,1.5,3.03,2.0,9
Houston Dynamo,6,2,1,3,8,10,-2,7,usa,0.33,0.5,-2,1.17,1.33,3.03,2.0,9
Real Salt Lake,5,2,0,3,5,5,0,6,usa,0.4,0.4,0,1.2,1.0,2.5,2.5,10
New England,4,2,0,2,4,4,0,6,usa,0.5,0.5,0,1.5,1.0,2.0,2.0,10
St. Louis City,5,1,2,2,2,3,-1,5,usa,0.2,0.6,-1,1.0,0.4,5.0,1.67,11
Chicago Fire,5,0,4,1,5,6,-1,4,usa,0.0,0.8,-1,0.8,1.0,0.0,1.25,12
Dallas,4,1,0,3,3,6,-3,3,usa,0.25,0.25,-3,0.75,0.75,4.0,4.0,13
Toronto,5,0,2,3,1,5,-4,2,usa,0.0,0.4,-4,0.4,0.2,0.0,2.5,14
CF Montreal,3,0,1,2,1,3,-2,1,usa,0.0,0.33,-2,0.33,0.33,0.0,3.03,15
Charleston,5,4,0,1,11,6,5,12,usa2,0.8,0.8,5,2.4,2.2,1.25,1.25,1
Monterey Bay,4,3,1,0,9,5,4,10,usa2,0.75,1.0,4,2.5,2.25,1.33,1.0,2
Orange County,5,3,1,1,10,9,1,10,usa2,0.6,0.8,1,2.0,2.0,1.67,1.25,2
Louisville City,3,3,0,0,6,0,6,9,usa2,1.0,1.0,6,3.0,2.0,1.0,1.0,3
Loudoun Utd,3,3,0,0,6,1,5,9,usa2,1.0,1.0,5,3.0,2.0,1.0,1.0,3
New Mexico,3,3,0,0,3,0,3,9,usa2,1.0,1.0,3,3.0,1.0,1.0,1.0,3
San Antonio,5,3,0,2,8,6,2,9,usa2,0.6,0.6,2,1.8,1.6,1.67,1.67,3
Las Vegas L.,5,3,0,2,6,7,-1,9,usa2,0.6,0.6,-1,1.8,1.2,1.67,1.67,3
El Paso,4,2,2,0,11,7,4,8,usa2,0.5,1.0,4,2.0,2.75,2.0,1.0,4
Lexington,5,1,3,1,5,4,1,6,usa2,0.2,0.8,1,1.2,1.0,5.0,1.25,5
Pittsburgh,3,2,0,1,3,2,1,6,usa2,0.67,0.67,1,2.0,1.0,1.49,1.49,5
FC Tulsa,4,2,0,2,3,3,0,6,usa2,0.5,0.5,0,1.5,0.75,2.0,2.0,5
Detroit City,3,1,2,0,4,2,2,5,usa2,0.33,1.0,2,1.67,1.33,3.03,1.0,6
Sacramento R.,3,1,2,0,5,4,1,5,usa2,0.33,1.0,1,1.67,1.67,3.03,1.0,6
Birmingham L.,3,1,1,1,5,5,0,4,usa2,0.33,0.67,0,1.33,1.67,3.03,1.49,7
North Carolina,3,1,1,1,4,4,0,4,usa2,0.33,0.67,0,1.33,1.33,3.03,1.49,7
Oakland Roots,5,1,1,3,3,6,-3,4,usa2,0.2,0.4,-3,0.8,0.6,5.0,2.5,7
Hartford A.,2,1,0,1,2,2,0,3,usa2,0.5,0.5,0,1.5,1.0,2.0,2.0,8
Miami FC,5,1,0,4,4,9,-5,3,usa2,0.2,0.2,-5,0.6,0.8,5.0,5.0,8
Colorado S.,3,0,2,1,3,4,-1,2,usa2,0.0,0.67,-1,0.67,1.0,0.0,1.49,9
Phoenix Rising,4,0,2,2,6,8,-2,2,usa2,0.0,0.5,-2,0.5,1.5,0.0,2.0,9
Indy Eleven,4,0,2,2,7,10,-3,2,usa2,0.0,0.5,-3,0.5,1.75,0.0,2.0,9
Rhode Island,1,0,1,0,0,0,0,1,usa2,0.0,1.0,0,1.0,0.0,0.0,1.0,10
Tampa Bay,3,0,1,2,4,6,-2,1,usa2,0.0,0.33,-2,0.33,1.33,0.0,3.03,10
Spokane V.,5,2,2,1,9,5,4,8,usa3,0.4,0.8,4,1.6,1.8,2.5,1.25,1
Richmond K.,5,2,2,1,12,10,2,8,usa3,0.4,0.8,2,1.6,2.4,2.5,1.25,1
Charlotte I.,4,2,2,0,5,3,2,8,usa3,0.5,1.0,2,2.0,1.25,2.0,1.0,1
Naples,5,2,2,1,5,3,2,8,usa3,0.4,0.8,2,1.6,1.0,2.5,1.25,1
Greenville,5,2,1,2,5,6,-1,7,usa3,0.4,0.6,-1,1.4,1.0,2.5,1.67,2
Alta,3,2,0,1,6,4,2,6,usa3,0.67,0.67,2,2.0,2.0,1.49,1.49,3
Tormenta,4,2,0,2,7,8,-1,6,usa3,0.5,0.5,-1,1.5,1.75,2.0,2.0,3
Chattanooga RW,2,1,1,0,3,2,1,4,usa3,0.5,1.0,1,2.0,1.5,2.0,1.0,4
Forward Madison,2,0,2,0,1,1,0,2,usa3,0.0,1.0,0,1.0,0.5,0.0,1.0,5
Portland Hearts,1,0,1,0,1,1,0,1,usa3,0.0,1.0,0,1.0,1.0,0.0,1.0,6
One Knoxville,0,0,0,0,0,0,0,0,usa3,0.0,0.0,0,0.0,0.0,0.0,0.0,7
Union Omaha,0,0,0,0,0,0,0,0,usa3,0.0,0.0,0,0.0,0.0,0.0,0.0,7
Westchester SC,0,0,0,0,0,0,0,0,usa3,0.0,0.0,0,0.0,0.0,0.0,0.0,7
Texoma,4,0,0,4,4,12,-8,0,usa3,0.0,0.0,-8,0.0,1.0,0.0,0.0,7
D. Tachira,7,4,3,0,10,3,7,15,venezuela,0.57,1.0,7,2.14,1.43,1.75,1.0,1
Rayo Zuliano,7,4,2,1,8,4,4,14,venezuela,0.57,0.86,4,2.0,1.14,1.75,1.16,2
A. Anzoategui,8,3,4,1,13,8,5,13,venezuela,0.38,0.88,5,1.62,1.62,2.63,1.14,3
Puerto Cabello,7,4,1,2,9,8,1,13,venezuela,0.57,0.71,1,1.86,1.29,1.75,1.41,3
D. La Guaira,6,3,3,0,9,4,5,12,venezuela,0.5,1.0,5,2.0,1.5,2.0,1.0,4
Carabobo,6,3,3,0,5,2,3,12,venezuela,0.5,1.0,3,2.0,0.83,2.0,1.0,4
Portuguesa,8,4,0,4,11,12,-1,12,venezuela,0.5,0.5,-1,1.5,1.38,2.0,2.0,4
Metropolitanos,7,3,2,2,12,9,3,11,venezuela,0.43,0.71,3,1.57,1.71,2.33,1.41,5
Monagas,7,3,1,3,11,14,-3,10,venezuela,0.43,0.57,-3,1.43,1.57,2.33,1.75,6
UCV,6,2,3,1,6,6,0,9,venezuela,0.33,0.83,0,1.5,1.0,3.03,1.2,7
E. Merida,7,3,0,4,10,11,-1,9,venezuela,0.43,0.43,-1,1.29,1.43,2.33,2.33,7
Caracas,6,2,2,2,3,5,-2,8,venezuela,0.33,0.67,-2,1.33,0.5,3.03,1.49,8
Zamora,6,2,0,4,6,7,-1,6,venezuela,0.33,0.33,-1,1.0,1.0,3.03,3.03,9
Yaracuyanos,7,1,3,3,8,12,-4,6,venezuela,0.14,0.57,-4,0.86,1.14,7.14,1.75,9
AGMK,5,4,1,0,11,6,5,13,uzbekistan,0.8,1.0,5,2.6,2.2,1.25,1.0,1
Nasaf Qarshi,4,3,1,0,6,0,6,10,uzbekistan,0.75,1.0,6,2.5,1.5,1.33,1.0,2
Qizilqum,4,3,0,1,7,5,2,9,uzbekistan,0.75,0.75,2,2.25,1.75,1.33,1.33,3
Termez Surkhon,4,3,0,1,6,4,2,9,uzbekistan,0.75,0.75,2,2.25,1.5,1.33,1.33,3
Navbahor,4,2,2,0,7,2,5,8,uzbekistan,0.5,1.0,5,2.0,1.75,2.0,1.0,4
Bunyodkor,5,2,2,1,7,5,2,8,uzbekistan,0.4,0.8,2,1.6,1.4,2.5,1.25,4
Kokand-1912,4,2,2,0,3,1,2,8,uzbekistan,0.5,1.0,2,2.0,0.75,2.0,1.0,4
Neftchi,4,2,1,1,5,7,-2,7,uzbekistan,0.5,0.75,-2,1.75,1.25,2.0,1.33,5
Pakhtakor,4,2,0,2,8,4,4,6,uzbekistan,0.5,0.5,4,1.5,2.0,2.0,2.0,6
Sogdiana,3,2,0,1,5,3,2,6,uzbekistan,0.67,0.67,2,2.0,1.67,1.49,1.49,6
Xorazm,5,1,2,2,4,6,-2,5,uzbekistan,0.2,0.6,-2,1.0,0.8,5.0,1.67,7
D. Samarqand,2,1,1,0,2,1,1,4,uzbekistan,0.5,1.0,1,2.0,1.0,2.0,1.0,8
Andijan,3,1,1,1,3,3,0,4,uzbekistan,0.33,0.67,0,1.33,1.0,3.03,1.49,8
Mashal,3,1,1,1,2,4,-2,4,uzbekistan,0.33,0.67,-2,1.33,0.67,3.03,1.49,8
Buxoro,4,1,0,3,4,7,-3,3,uzbekistan,0.25,0.25,-3,0.75,1.0,4.0,4.0,9
Shurtan,4,0,0,4,2,10,-8,0,uzbekistan,0.0,0.0,-8,0.0,0.5,0.0,0.0,10
Hai Phong,8,5,2,1,8,1,7,17,vietnam,0.62,0.88,7,2.12,1.0,1.61,1.14,1
Cong An Nhan,8,4,4,0,17,8,9,16,vietnam,0.5,1.0,9,2.0,2.12,2.0,1.0,2
Nam Dinh,8,5,1,2,16,8,8,16,vietnam,0.62,0.75,8,2.0,2.0,1.61,1.33,2
Ha Noi,8,5,1,2,14,10,4,16,vietnam,0.62,0.75,4,2.0,1.75,1.61,1.33,2
Viettel,8,4,2,2,15,9,6,14,vietnam,0.5,0.75,6,1.75,1.88,2.0,1.33,3
Hong Linh Ha T.,8,2,6,0,9,6,3,12,vietnam,0.25,1.0,3,1.5,1.12,4.0,1.0,4
Gia Lai,8,3,3,2,10,8,2,12,vietnam,0.38,0.75,2,1.5,1.25,2.63,1.33,4
Ho Chi Minh,8,3,3,2,7,8,-1,12,vietnam,0.38,0.75,-1,1.5,0.88,2.63,1.33,4
Song Lam Nghe,8,3,3,2,5,8,-3,12,vietnam,0.38,0.75,-3,1.5,0.62,2.63,1.33,4
Thanh Hoa,8,2,5,1,11,9,2,11,vietnam,0.25,0.88,2,1.38,1.38,4.0,1.14,5
Binh Dinh,8,3,2,3,7,7,0,11,vietnam,0.38,0.62,0,1.38,0.88,2.63,1.61,5
Binh Duong,8,3,2,3,13,15,-2,11,vietnam,0.38,0.62,-2,1.38,1.62,2.63,1.61,5
Da Nang,8,1,5,2,5,7,-2,8,vietnam,0.12,0.75,-2,1.0,0.62,8.33,1.33,6
Quang Nam,8,2,2,4,9,12,-3,8,vietnam,0.25,0.5,-3,1.0,1.12,4.0,2.0,6
Phu Dong,7,7,0,0,15,1,14,21,vietnam2,1.0,1.0,14,3.0,2.14,1.0,1.0,1
PVF-CAND,8,6,0,2,13,7,6,18,vietnam2,0.75,0.75,6,2.25,1.62,1.33,1.33,2
Binh Phuoc,8,5,2,1,14,7,7,17,vietnam2,0.62,0.88,7,2.12,1.75,1.61,1.14,3
Dong Thap,8,3,2,3,7,4,3,11,vietnam2,0.38,0.62,3,1.38,0.88,2.63,1.61,4
Ba Ria Vung Tau,8,3,2,3,9,9,0,11,vietnam2,0.38,0.62,0,1.38,1.12,2.63,1.61,4
Hoa Binh,8,1,6,1,5,6,-1,9,vietnam2,0.12,0.88,-1,1.12,0.62,8.33,1.14,5
Dong Nai,8,1,4,3,6,6,0,7,vietnam2,0.12,0.62,0,0.88,0.75,8.33,1.61,6
Ho Chi Minh B,7,1,4,2,5,7,-2,7,vietnam2,0.14,0.71,-2,1.0,0.71,7.14,1.41,6
Long An,8,1,4,3,4,7,-3,7,vietnam2,0.12,0.62,-3,0.88,0.5,8.33,1.61,6
S. Khanh Hoa,7,2,1,4,4,7,-3,7,vietnam2,0.29,0.43,-3,1.0,0.57,3.45,2.33,6
Hue,8,0,2,6,5,14,-9,2,vietnam2,0.0,0.25,-9,0.25,0.62,0.0,4.0,7
The New Saints,8,8,0,0,25,7,18,24,wales,1.0,1.0,18,3.0,3.12,1.0,1.0,1
Flint,8,8,0,0,21,5,16,24,wales,1.0,1.0,16,3.0,2.62,1.0,1.0,1
Penybont,8,5,3,0,11,5,6,18,wales,0.62,1.0,6,2.25,1.38,1.61,1.0,2
Caernarfon,8,5,1,2,19,12,7,16,wales,0.62,0.75,7,2.0,2.38,1.61,1.33,3
Barry,8,5,1,2,16,9,7,16,wales,0.62,0.75,7,2.0,2.0,1.61,1.33,3
Haverfordwest,8,4,2,2,13,9,4,14,wales,0.5,0.75,4,1.75,1.62,2.0,1.33,4
Connahs Quay,8,4,1,3,16,8,8,13,wales,0.5,0.62,8,1.62,2.0,2.0,1.61,5
Cardiff MU,8,4,1,3,12,16,-4,13,wales,0.5,0.62,-4,1.62,1.5,2.0,1.61,5
Briton Ferry,8,3,2,3,13,12,1,11,wales,0.38,0.62,1,1.38,1.62,2.63,1.61,6
Bala Town,8,3,2,3,8,10,-2,11,wales,0.38,0.62,-2,1.38,1.0,2.63,1.61,6
Aberystwyth,8,1,2,5,7,14,-7,5,wales,0.12,0.38,-7,0.62,0.88,8.33,2.63,7
Newtown,8,0,3,5,10,18,-8,3,wales,0.0,0.38,-8,0.38,1.25,0.0,2.63,8
