Equipe,GP,W,D,L,GF,GA,GD,Pts_Home,Liga,PIH,PIH_HA,GD_Home,PPG_Home,GF_AVG_Home,Odd_Justa_MO,Odd_Justa_HA,Rank_Home
Egnatia R.,8,5,3,0,12,5,7,18,Albania - Abissnet Superiore,0.62,1.0,7,2.25,1.5,1.61,1.0,1
Vllaznia S.,8,4,2,2,11,7,4,14,Albania - Abissnet Superiore,0.5,0.75,4,1.75,1.38,2.0,1.33,2
Bylis,8,4,2,2,7,9,-2,14,Albania - Abissnet Superiore,0.5,0.75,-2,1.75,0.88,2.0,1.33,2
Teuta Durres,8,3,3,2,6,7,-1,12,Albania - Abissnet Superiore,0.38,0.75,-1,1.5,0.75,2.63,1.33,3
AF Elbasani,8,3,2,3,12,9,3,11,Albania - Abissnet Superiore,0.38,0.62,3,1.38,1.5,2.63,1.61,4
Partizani T.,8,2,5,1,10,8,2,11,Albania - Abissnet Superiore,0.25,0.88,2,1.38,1.25,4.0,1.14,4
Laci,8,2,4,2,9,8,1,10,Albania - Abissnet Superiore,0.25,0.75,1,1.25,1.12,4.0,1.33,5
KF Tirana,8,2,4,2,9,12,-3,10,Albania - Abissnet Superiore,0.25,0.75,-3,1.25,1.12,4.0,1.33,5
Skenderbeu K.,8,3,1,4,10,14,-4,10,Albania - Abissnet Superiore,0.38,0.5,-4,1.25,1.25,2.63,2.0,5
JS Saoura,8,6,2,0,12,3,9,20,Algeria - Ligue 1,0.75,1.0,9,2.5,1.5,1.33,1.0,1
JS Kabylie,8,6,1,1,14,7,7,19,Algeria - Ligue 1,0.75,0.88,7,2.38,1.75,1.33,1.14,2
ASO Chlef,8,5,3,0,10,2,8,18,Algeria - Ligue 1,0.62,1.0,8,2.25,1.25,1.61,1.0,3
CR Belouizdad,8,5,2,1,13,4,9,17,Algeria - Ligue 1,0.62,0.88,9,2.12,1.62,1.61,1.14,4
USM Alger,8,5,2,1,12,4,8,17,Algeria - Ligue 1,0.62,0.88,8,2.12,1.5,1.61,1.14,4
MC Oran,8,5,1,2,7,4,3,16,Algeria - Ligue 1,0.62,0.75,3,2.0,0.88,1.61,1.33,5
CS Constantine,8,4,3,1,10,7,3,15,Algeria - Ligue 1,0.5,0.88,3,1.88,1.25,2.0,1.14,6
ES Setif,8,4,3,1,8,5,3,15,Algeria - Ligue 1,0.5,0.88,3,1.88,1.0,2.0,1.14,6
Paradou AC,8,4,1,3,15,11,4,13,Algeria - Ligue 1,0.5,0.62,4,1.62,1.88,2.0,1.61,7
NC Magra,8,3,4,1,7,5,2,13,Algeria - Ligue 1,0.38,0.88,2,1.62,0.88,2.63,1.14,7
MC Alger,8,3,4,1,9,8,1,13,Algeria - Ligue 1,0.38,0.88,1,1.62,1.12,2.63,1.14,7
Khenchela,8,4,1,3,9,9,0,13,Algeria - Ligue 1,0.5,0.62,0,1.62,1.12,2.0,1.61,7
El Bayadh,8,3,3,2,7,6,1,12,Algeria - Ligue 1,0.38,0.75,1,1.5,0.88,2.63,1.33,8
Mostaganem,8,3,3,2,6,6,0,12,Algeria - Ligue 1,0.38,0.75,0,1.5,0.75,2.63,1.33,8
Biskra,8,1,4,3,3,5,-2,7,Algeria - Ligue 1,0.12,0.62,-2,0.88,0.38,8.33,1.61,9
O. Akbou,8,1,3,4,5,7,-2,6,Algeria - Ligue 1,0.12,0.5,-2,0.75,0.62,8.33,2.0,10
Independiente,6,5,1,0,14,2,12,16,Argentina - Liga Profesional,0.83,1.0,12,2.67,2.33,1.2,1.0,1
Boca Juniors,6,5,1,0,11,2,9,16,Argentina - Liga Profesional,0.83,1.0,9,2.67,1.83,1.2,1.0,1
Central Cordoba,7,4,2,1,10,4,6,14,Argentina - Liga Profesional,0.57,0.86,6,2.0,1.43,1.75,1.16,2
Huracan,5,4,1,0,7,0,7,13,Argentina - Liga Profesional,0.8,1.0,7,2.6,1.4,1.25,1.0,3
Estudiantes,5,4,1,0,10,4,6,13,Argentina - Liga Profesional,0.8,1.0,6,2.6,2.0,1.25,1.0,3
River Plate,6,4,1,1,7,4,3,13,Argentina - Liga Profesional,0.67,0.83,3,2.17,1.17,1.49,1.2,3
Rosario Central,4,4,0,0,8,3,5,12,Argentina - Liga Profesional,1.0,1.0,5,3.0,2.0,1.0,1.0,4
Tigre,5,4,0,1,7,2,5,12,Argentina - Liga Profesional,0.8,0.8,5,2.4,1.4,1.25,1.25,4
San Lorenzo,6,3,2,1,8,6,2,11,Argentina - Liga Profesional,0.5,0.83,2,1.83,1.33,2.0,1.2,5
Argentinos Jrs,6,3,2,1,5,3,2,11,Argentina - Liga Profesional,0.5,0.83,2,1.83,0.83,2.0,1.2,5
Instituto,5,3,1,1,7,2,5,10,Argentina - Liga Profesional,0.6,0.8,5,2.0,1.4,1.67,1.25,6
Barracas C.,6,3,1,2,10,9,1,10,Argentina - Liga Profesional,0.5,0.67,1,1.67,1.67,2.0,1.49,6
Belgrano,6,2,3,1,7,6,1,9,Argentina - Liga Profesional,0.33,0.83,1,1.5,1.17,3.03,1.2,7
Platense,6,2,3,1,5,4,1,9,Argentina - Liga Profesional,0.33,0.83,1,1.5,0.83,3.03,1.2,7
I. Rivadavia,6,2,3,1,8,8,0,9,Argentina - Liga Profesional,0.33,0.83,0,1.5,1.33,3.03,1.2,7
Lanus,5,2,2,1,6,3,3,8,Argentina - Liga Profesional,0.4,0.8,3,1.6,1.2,2.5,1.25,8
Gimnasia,5,2,2,1,5,3,2,8,Argentina - Liga Profesional,0.4,0.8,2,1.6,1.0,2.5,1.25,8
Union Santa Fe,6,2,2,2,5,4,1,8,Argentina - Liga Profesional,0.33,0.67,1,1.33,0.83,3.03,1.49,8
Sarmiento,5,1,4,0,4,3,1,7,Argentina - Liga Profesional,0.2,1.0,1,1.4,0.8,5.0,1.0,9
Defensa y J.,5,2,1,2,5,5,0,7,Argentina - Liga Profesional,0.4,0.6,0,1.4,1.0,2.5,1.67,9
Newells,6,2,1,3,4,4,0,7,Argentina - Liga Profesional,0.33,0.5,0,1.17,0.67,3.03,2.0,9
Racing Club,4,2,0,2,8,4,4,6,Argentina - Liga Profesional,0.5,0.5,4,1.5,2.0,2.0,2.0,10
Banfield,6,1,3,2,5,4,1,6,Argentina - Liga Profesional,0.17,0.67,1,1.0,0.83,5.88,1.49,10
D. Riestra,5,0,5,0,1,1,0,5,Argentina - Liga Profesional,0.0,1.0,0,1.0,0.2,0.0,1.0,11
Aldosivi,6,1,2,3,7,15,-8,5,Argentina - Liga Profesional,0.17,0.5,-8,0.83,1.17,5.88,2.0,11
Godoy Cruz,5,0,4,1,1,4,-3,4,Argentina - Liga Profesional,0.0,0.8,-3,0.8,0.2,0.0,1.25,12
SM San Juan,6,1,1,4,3,7,-4,4,Argentina - Liga Profesional,0.17,0.33,-4,0.67,0.5,5.88,3.03,12
Velez Sarsfield,6,1,1,4,1,6,-5,4,Argentina - Liga Profesional,0.17,0.33,-5,0.67,0.17,5.88,3.03,12
A. Tucuman,5,1,0,4,7,8,-1,3,Argentina - Liga Profesional,0.2,0.2,-1,0.6,1.4,5.0,5.0,13
San Miguel,4,3,1,0,7,2,5,10,Argentina - Primera Nacional,0.75,1.0,5,2.5,1.75,1.33,1.0,1
Colon Santa Fe,5,3,1,1,6,3,3,10,Argentina - Primera Nacional,0.6,0.8,3,2.0,1.2,1.67,1.25,1
Atlanta,4,3,1,0,4,1,3,10,Argentina - Primera Nacional,0.75,1.0,3,2.5,1.0,1.33,1.0,1
Agropecuario,4,3,0,1,6,2,4,9,Argentina - Primera Nacional,0.75,0.75,4,2.25,1.5,1.33,1.33,2
Temperley,4,3,0,1,5,2,3,9,Argentina - Primera Nacional,0.75,0.75,3,2.25,1.25,1.33,1.33,2
Chaco For Ever,5,3,0,2,5,3,2,9,Argentina - Primera Nacional,0.6,0.6,2,1.8,1.0,1.67,1.67,2
D. Madryn,4,3,0,1,5,3,2,9,Argentina - Primera Nacional,0.75,0.75,2,2.25,1.25,1.33,1.33,2
Racing Cordoba,5,2,2,1,7,4,3,8,Argentina - Primera Nacional,0.4,0.8,3,1.6,1.4,2.5,1.25,3
Quilmes,4,2,2,0,6,3,3,8,Argentina - Primera Nacional,0.5,1.0,3,2.0,1.5,2.0,1.0,3
G. Mendoza,4,2,2,0,5,2,3,8,Argentina - Primera Nacional,0.5,1.0,3,2.0,1.25,2.0,1.0,3
Deportivo Moron,4,2,2,0,4,1,3,8,Argentina - Primera Nacional,0.5,1.0,3,2.0,1.0,2.0,1.0,3
All Boys,4,2,1,1,6,2,4,7,Argentina - Primera Nacional,0.5,0.75,4,1.75,1.5,2.0,1.33,4
Deportivo Maipu,4,2,1,1,6,3,3,7,Argentina - Primera Nacional,0.5,0.75,3,1.75,1.5,2.0,1.33,4
Tristan Suarez,3,2,1,0,4,1,3,7,Argentina - Primera Nacional,0.67,1.0,3,2.33,1.33,1.49,1.0,4
CA Estudiantes,4,2,1,1,7,5,2,7,Argentina - Primera Nacional,0.5,0.75,2,1.75,1.75,2.0,1.33,4
Los Andes,4,2,1,1,6,4,2,7,Argentina - Primera Nacional,0.5,0.75,2,1.75,1.5,2.0,1.33,4
Gimnasia Jujuy,4,2,1,1,3,1,2,7,Argentina - Primera Nacional,0.5,0.75,2,1.75,0.75,2.0,1.33,4
SM Tucuman,3,2,1,0,3,1,2,7,Argentina - Primera Nacional,0.67,1.0,2,2.33,1.0,1.49,1.0,4
Central Norte,4,2,1,1,4,3,1,7,Argentina - Primera Nacional,0.5,0.75,1,1.75,1.0,2.0,1.33,4
Gimnasia y Tiro,4,2,1,1,4,3,1,7,Argentina - Primera Nacional,0.5,0.75,1,1.75,1.0,2.0,1.33,4
Almagro,4,2,1,1,2,1,1,7,Argentina - Primera Nacional,0.5,0.75,1,1.75,0.5,2.0,1.33,4
Almirante Brown,4,1,3,0,4,2,2,6,Argentina - Primera Nacional,0.25,1.0,2,1.5,1.0,4.0,1.0,5
Alvarado,4,1,3,0,4,2,2,6,Argentina - Primera Nacional,0.25,1.0,2,1.5,1.0,4.0,1.0,5
Ferro Carril,4,1,3,0,2,0,2,6,Argentina - Primera Nacional,0.25,1.0,2,1.5,0.5,4.0,1.0,5
San Telmo,3,2,0,1,2,3,-1,6,Argentina - Primera Nacional,0.67,0.67,-1,2.0,0.67,1.49,1.49,5
E. Rio Cuarto,3,1,2,0,3,2,1,5,Argentina - Primera Nacional,0.33,1.0,1,1.67,1.0,3.03,1.0,6
D. de Belgrano,3,1,2,0,2,1,1,5,Argentina - Primera Nacional,0.33,1.0,1,1.67,0.67,3.03,1.0,6
Arsenal Sarandi,5,0,4,1,4,5,-1,4,Argentina - Primera Nacional,0.0,0.8,-1,0.8,0.8,0.0,1.25,7
Atletico Mitre,5,1,1,3,2,4,-2,4,Argentina - Primera Nacional,0.2,0.4,-2,0.8,0.4,5.0,2.5,7
A. Quilmes,8,6,2,0,14,3,11,20,Argentina - Primera B,0.75,1.0,11,2.5,1.75,1.33,1.0,1
Deportivo Merlo,8,5,3,0,12,5,7,18,Argentina - Primera B,0.62,1.0,7,2.25,1.5,1.61,1.0,2
Excursionistas,8,5,2,1,18,7,11,17,Argentina - Primera B,0.62,0.88,11,2.12,2.25,1.61,1.14,3
D. Armenio,8,5,2,1,14,4,10,17,Argentina - Primera B,0.62,0.88,10,2.12,1.75,1.61,1.14,3
Colegiales,8,5,2,1,10,1,9,17,Argentina - Primera B,0.62,0.88,9,2.12,1.25,1.61,1.14,3
Liniers,8,4,3,1,12,6,6,15,Argentina - Primera B,0.5,0.88,6,1.88,1.5,2.0,1.14,4
Flandria,8,4,3,1,8,3,5,15,Argentina - Primera B,0.5,0.88,5,1.88,1.0,2.0,1.14,4
Villa Dalmine,8,4,3,1,6,4,2,15,Argentina - Primera B,0.5,0.88,2,1.88,0.75,2.0,1.14,4
S. Italiano,8,4,2,2,11,3,8,14,Argentina - Primera B,0.5,0.75,8,1.75,1.38,2.0,1.33,5
Midland,8,4,2,2,11,5,6,14,Argentina - Primera B,0.5,0.75,6,1.75,1.38,2.0,1.33,5
SM Burzaco,8,4,2,2,9,4,5,14,Argentina - Primera B,0.5,0.75,5,1.75,1.12,2.0,1.33,5
Los Andes,8,4,1,3,9,6,3,13,Argentina - Primera B,0.5,0.62,3,1.62,1.12,2.0,1.61,6
UAI Urquiza,8,3,3,2,10,9,1,12,Argentina - Primera B,0.38,0.75,1,1.5,1.25,2.63,1.33,7
Sacachispas,8,3,2,3,5,7,-2,11,Argentina - Primera B,0.38,0.62,-2,1.38,0.62,2.63,1.61,8
Comunicaciones,8,2,4,2,8,8,0,10,Argentina - Primera B,0.25,0.75,0,1.25,1.0,4.0,1.33,9
Argentino Merlo,8,3,1,4,8,11,-3,10,Argentina - Primera B,0.38,0.5,-3,1.25,1.0,2.63,2.0,9
Fenix,8,2,2,4,6,7,-1,8,Argentina - Primera B,0.25,0.5,-1,1.0,0.75,4.0,2.0,10
Dock Sud,8,2,2,4,8,10,-2,8,Argentina - Primera B,0.25,0.5,-2,1.0,1.0,4.0,2.0,10
Acassuso,8,2,2,4,6,11,-5,8,Argentina - Primera B,0.25,0.5,-5,1.0,0.75,4.0,2.0,10
Canuelas,8,2,2,4,3,9,-6,8,Argentina - Primera B,0.25,0.5,-6,1.0,0.38,4.0,2.0,10
D. Laferrere,8,1,4,3,7,9,-2,7,Argentina - Primera B,0.12,0.62,-2,0.88,0.88,8.33,1.61,11
V. San Carlos,8,1,3,4,3,4,-1,6,Argentina - Primera B,0.12,0.5,-1,0.75,0.38,8.33,2.0,12
S. Las Parejas,2,2,0,0,6,0,6,6,Argentina - Torneo Federal,1.0,1.0,6,3.0,3.0,1.0,1.0,1
D. Rincon,2,2,0,0,3,0,3,6,Argentina - Torneo Federal,1.0,1.0,3,3.0,1.5,1.0,1.0,1
G. Chivilcoy,2,2,0,0,3,1,2,6,Argentina - Torneo Federal,1.0,1.0,2,3.0,1.5,1.0,1.0,1
Costa Brava,2,1,1,0,4,1,3,4,Argentina - Torneo Federal,0.5,1.0,3,2.0,2.0,2.0,1.0,2
S. Belgrano,2,1,1,0,3,0,3,4,Argentina - Torneo Federal,0.5,1.0,3,2.0,1.5,2.0,1.0,2
9 Julio Rafaela,2,1,1,0,3,1,2,4,Argentina - Torneo Federal,0.5,1.0,2,2.0,1.5,2.0,1.0,2
J. Antoniana,2,1,1,0,3,2,1,4,Argentina - Torneo Federal,0.5,1.0,1,2.0,1.5,2.0,1.0,2
Cipolletti,1,1,0,0,4,0,4,3,Argentina - Torneo Federal,1.0,1.0,4,3.0,4.0,1.0,1.0,3
Sarmiento DLB,1,1,0,0,4,1,3,3,Argentina - Torneo Federal,1.0,1.0,3,3.0,4.0,1.0,1.0,3
Argentino MM,1,1,0,0,3,0,3,3,Argentina - Torneo Federal,1.0,1.0,3,3.0,3.0,1.0,1.0,3
Ciudad Bolivar,1,1,0,0,3,1,2,3,Argentina - Torneo Federal,1.0,1.0,2,3.0,3.0,1.0,1.0,3
Sol de America,1,1,0,0,3,1,2,3,Argentina - Torneo Federal,1.0,1.0,2,3.0,3.0,1.0,1.0,3
Villa Mitre,1,1,0,0,2,0,2,3,Argentina - Torneo Federal,1.0,1.0,2,3.0,2.0,1.0,1.0,3
Gutierrez,1,1,0,0,5,4,1,3,Argentina - Torneo Federal,1.0,1.0,1,3.0,5.0,1.0,1.0,3
Sol de Mayo,1,1,0,0,3,2,1,3,Argentina - Torneo Federal,1.0,1.0,1,3.0,3.0,1.0,1.0,3
A. Rafaela,1,1,0,0,1,0,1,3,Argentina - Torneo Federal,1.0,1.0,1,3.0,1.0,1.0,1.0,3
Bartolomé Mitre,1,1,0,0,1,0,1,3,Argentina - Torneo Federal,1.0,1.0,1,3.0,1.0,1.0,1.0,3
Huracan Las H.,1,1,0,0,1,0,1,3,Argentina - Torneo Federal,1.0,1.0,1,3.0,1.0,1.0,1.0,3
Juventud U. U.,1,1,0,0,1,0,1,3,Argentina - Torneo Federal,1.0,1.0,1,3.0,1.0,1.0,1.0,3
SM Formosa,1,1,0,0,1,0,1,3,Argentina - Torneo Federal,1.0,1.0,1,3.0,1.0,1.0,1.0,3
Crucero del N.,2,1,0,1,4,5,-1,3,Argentina - Torneo Federal,0.5,0.5,-1,1.5,2.0,2.0,2.0,3
Sarmiento R.,2,1,0,1,3,4,-1,3,Argentina - Torneo Federal,0.5,0.5,-1,1.5,1.5,2.0,2.0,3
S. Estudiantes,2,0,2,0,0,0,0,2,Argentina - Torneo Federal,0.0,1.0,0,1.0,0.0,0.0,1.0,4
Circulo D.,1,0,1,0,2,2,0,1,Argentina - Torneo Federal,0.0,1.0,0,1.0,2.0,0.0,1.0,5
I. Chivilcoy,1,0,1,0,2,2,0,1,Argentina - Torneo Federal,0.0,1.0,0,1.0,2.0,0.0,1.0,5
Ben Hur,1,0,1,0,1,1,0,1,Argentina - Torneo Federal,0.0,1.0,0,1.0,1.0,0.0,1.0,5
D. Belgrano VR,1,0,1,0,0,0,0,1,Argentina - Torneo Federal,0.0,1.0,0,1.0,0.0,0.0,1.0,5
Douglas Haig,1,0,1,0,0,0,0,1,Argentina - Torneo Federal,0.0,1.0,0,1.0,0.0,0.0,1.0,5
Gimnasia E.,1,0,1,0,0,0,0,1,Argentina - Torneo Federal,0.0,1.0,0,1.0,0.0,0.0,1.0,5
Noah,8,8,0,0,35,3,32,24,Armenia - Premier League,1.0,1.0,32,3.0,4.38,1.0,1.0,1
Urartu,8,7,0,1,17,7,10,21,Armenia - Premier League,0.88,0.88,10,2.62,2.12,1.14,1.14,2
Ararat-Armenia,8,5,1,2,17,8,9,16,Armenia - Premier League,0.62,0.75,9,2.0,2.12,1.61,1.33,3
Pyunik,8,5,0,3,16,9,7,15,Armenia - Premier League,0.62,0.62,7,1.88,2.0,1.61,1.61,4
Van,8,4,2,2,15,9,6,14,Armenia - Premier League,0.5,0.75,6,1.75,1.88,2.0,1.33,5
BKMA,8,4,1,3,12,10,2,13,Armenia - Premier League,0.5,0.62,2,1.62,1.5,2.0,1.61,6
West Armenia,8,3,2,3,8,10,-2,11,Armenia - Premier League,0.38,0.62,-2,1.38,1.0,2.63,1.61,7
Shirak,8,2,3,3,4,7,-3,9,Armenia - Premier League,0.25,0.62,-3,1.12,0.5,4.0,1.61,8
Ararat Yerevan,8,1,3,4,6,12,-6,6,Armenia - Premier League,0.12,0.5,-6,0.75,0.75,8.33,2.0,9
Alashkert,8,1,2,5,7,18,-11,5,Armenia - Premier League,0.12,0.38,-11,0.62,0.88,8.33,2.63,10
Gandzasar,8,0,0,8,2,25,-23,0,Armenia - Premier League,0.0,0.0,-23,0.0,0.25,0.0,0.0,11
Melbourne City,8,5,1,2,10,5,5,16,Australia - A-League,0.62,0.75,5,2.0,1.25,1.61,1.33,1
Melbourne V.,8,4,3,1,19,12,7,15,Australia - A-League,0.5,0.88,7,1.88,2.38,2.0,1.14,2
Auckland,8,4,3,1,19,13,6,15,Australia - A-League,0.5,0.88,6,1.88,2.38,2.0,1.14,2
Sydney FC,8,4,2,2,23,13,10,14,Australia - A-League,0.5,0.75,10,1.75,2.88,2.0,1.33,3
Western United,8,4,2,2,14,9,5,14,Australia - A-League,0.5,0.75,5,1.75,1.75,2.0,1.33,3
WS Wanderers,8,4,1,3,19,14,5,13,Australia - A-League,0.5,0.62,5,1.62,2.38,2.0,1.61,4
Adelaide Utd,8,2,3,3,17,18,-1,9,Australia - A-League,0.25,0.62,-1,1.12,2.12,4.0,1.61,5
Newcastle Jets,8,2,3,3,14,16,-2,9,Australia - A-League,0.25,0.62,-2,1.12,1.75,4.0,1.61,5
Central Coast,8,2,2,4,10,20,-10,8,Australia - A-League,0.25,0.5,-10,1.0,1.25,4.0,2.0,6
Wellington,8,1,4,3,7,9,-2,7,Australia - A-League,0.12,0.62,-2,0.88,0.88,8.33,1.61,7
Macarthur FC,8,1,4,3,13,16,-3,7,Australia - A-League,0.12,0.62,-3,0.88,1.62,8.33,1.61,7
Perth Glory,8,1,2,5,6,14,-8,5,Australia - A-League,0.12,0.38,-8,0.62,0.75,8.33,2.63,8
Brisbane Roar,8,0,1,7,5,16,-11,1,Australia - A-League,0.0,0.12,-11,0.12,0.62,0.0,8.33,9
Dandenong T.,5,4,1,0,10,6,4,13,Australia - NPL Victoria,0.8,1.0,4,2.6,2.0,1.25,1.0,1
Avondale,4,4,0,0,13,3,10,12,Australia - NPL Victoria,1.0,1.0,10,3.0,3.25,1.0,1.0,2
Heidelberg Utd,4,3,1,0,10,3,7,10,Australia - NPL Victoria,0.75,1.0,7,2.5,2.5,1.33,1.0,3
Melbourne K.,5,3,0,2,11,8,3,9,Australia - NPL Victoria,0.6,0.6,3,1.8,2.2,1.67,1.67,4
Preston Lions,4,3,0,1,7,4,3,9,Australia - NPL Victoria,0.75,0.75,3,2.25,1.75,1.33,1.33,4
Hume City,3,2,1,0,5,2,3,7,Australia - NPL Victoria,0.67,1.0,3,2.33,1.67,1.49,1.0,5
Oakleigh C.,4,2,0,2,8,5,3,6,Australia - NPL Victoria,0.5,0.5,3,1.5,2.0,2.0,2.0,6
Port Melbourne,5,2,0,3,4,8,-4,6,Australia - NPL Victoria,0.4,0.4,-4,1.2,0.8,2.5,2.5,6
Altona Magic,4,1,2,1,2,2,0,5,Australia - NPL Victoria,0.25,0.75,0,1.25,0.5,4.0,1.33,7
Green Gully,4,1,2,1,5,7,-2,5,Australia - NPL Victoria,0.25,0.75,-2,1.25,1.25,4.0,1.33,7
St. Albans,3,1,0,2,5,6,-1,3,Australia - NPL Victoria,0.33,0.33,-1,1.0,1.67,3.03,3.03,8
South Melbourne,2,1,0,1,3,4,-1,3,Australia - NPL Victoria,0.5,0.5,-1,1.5,1.5,2.0,2.0,8
Dandenong City,4,0,2,2,6,10,-4,2,Australia - NPL Victoria,0.0,0.5,-4,0.5,1.5,0.0,2.0,9
M. Victory B,4,0,2,2,5,9,-4,2,Australia - NPL Victoria,0.0,0.5,-4,0.5,1.25,0.0,2.0,9
Peninsula,3,2,1,0,8,2,6,7,Australia - NPL Queensland,0.67,1.0,6,2.33,2.67,1.49,1.0,1
Gold C. Utd,2,2,0,0,5,1,4,6,Australia - NPL Queensland,1.0,1.0,4,3.0,2.5,1.0,1.0,2
Q. Lions,1,1,0,0,3,0,3,3,Australia - NPL Queensland,1.0,1.0,3,3.0,3.0,1.0,1.0,3
Olympic FC,2,1,0,1,4,2,2,3,Australia - NPL Queensland,0.5,0.5,2,1.5,2.0,2.0,2.0,3
Gold C. Knights,1,1,0,0,3,1,2,3,Australia - NPL Queensland,1.0,1.0,2,3.0,3.0,1.0,1.0,3
Eastern Suburbs,1,0,1,0,1,1,0,1,Australia - NPL Queensland,0.0,1.0,0,1.0,1.0,0.0,1.0,4
Wynnum Wolves,2,0,1,1,2,4,-2,1,Australia - NPL Queensland,0.0,0.5,-2,0.5,1.0,0.0,2.0,4
SC Wanderers,2,0,1,1,1,3,-2,1,Australia - NPL Queensland,0.0,0.5,-2,0.5,0.5,0.0,2.0,4
Moreton City E.,0,0,0,0,0,0,0,0,Australia - NPL Queensland,0.0,0.0,0,0.0,0.0,0.0,0.0,5
St George W.,0,0,0,0,0,0,0,0,Australia - NPL Queensland,0.0,0.0,0,0.0,0.0,0.0,0.0,5
Brisbane Roar B,1,0,0,1,1,2,-1,0,Australia - NPL Queensland,0.0,0.0,-1,0.0,1.0,0.0,0.0,5
Brisbane City,3,0,0,3,3,8,-5,0,Australia - NPL Queensland,0.0,0.0,-5,0.0,1.0,0.0,0.0,5
Austria Wien,8,7,0,1,15,4,11,21,Austria - Bundesliga,0.88,0.88,11,2.62,1.88,1.14,1.14,1
Sturm Graz,8,5,2,1,26,11,15,17,Austria - Bundesliga,0.62,0.88,15,2.12,3.25,1.61,1.14,2
Rapid Wien,8,5,1,2,16,7,9,16,Austria - Bundesliga,0.62,0.75,9,2.0,2.0,1.61,1.33,3
Salzburg,8,4,3,1,15,6,9,15,Austria - Bundesliga,0.5,0.88,9,1.88,1.88,2.0,1.14,4
LASK Linz,8,4,2,2,15,10,5,14,Austria - Bundesliga,0.5,0.75,5,1.75,1.88,2.0,1.33,5
Hartberg,8,4,2,2,10,9,1,14,Austria - Bundesliga,0.5,0.75,1,1.75,1.25,2.0,1.33,5
BW Linz,8,4,0,4,13,11,2,12,Austria - Bundesliga,0.5,0.5,2,1.5,1.62,2.0,2.0,6
Wolfsberger AC,8,3,1,4,11,10,1,10,Austria - Bundesliga,0.38,0.5,1,1.25,1.38,2.63,2.0,7
A. Klagenfurt,8,2,3,3,11,13,-2,9,Austria - Bundesliga,0.25,0.62,-2,1.12,1.38,4.0,1.61,8
Tirol,8,1,4,3,6,11,-5,7,Austria - Bundesliga,0.12,0.62,-5,0.88,0.75,8.33,1.61,9
Grazer AK,8,1,2,5,8,14,-6,5,Austria - Bundesliga,0.12,0.38,-6,0.62,1.0,8.33,2.63,10
Altach,8,0,4,4,6,10,-4,4,Austria - Bundesliga,0.0,0.5,-4,0.5,0.75,0.0,2.0,11
Admira Wacker,8,6,2,0,15,5,10,20,Austria - 2. Liga,0.75,1.0,10,2.5,1.88,1.33,1.0,1
Bregenz,8,6,1,1,18,11,7,19,Austria - 2. Liga,0.75,0.88,7,2.38,2.25,1.33,1.14,2
First Vienna,8,6,0,2,16,8,8,18,Austria - 2. Liga,0.75,0.75,8,2.25,2.0,1.33,1.33,3
Sturm Graz B,8,5,2,1,11,6,5,17,Austria - 2. Liga,0.62,0.88,5,2.12,1.38,1.61,1.14,4
Ried,8,5,1,2,18,8,10,16,Austria - 2. Liga,0.62,0.75,10,2.0,2.25,1.61,1.33,5
Liefering,8,4,1,3,14,9,5,13,Austria - 2. Liga,0.5,0.62,5,1.62,1.75,2.0,1.61,6
Rapid Wien B,8,4,1,3,13,9,4,13,Austria - 2. Liga,0.5,0.62,4,1.62,1.62,2.0,1.61,6
St. Polten,8,3,3,2,12,9,3,12,Austria - 2. Liga,0.38,0.75,3,1.5,1.5,2.63,1.33,7
Voitsberg,8,4,0,4,9,8,1,12,Austria - 2. Liga,0.5,0.5,1,1.5,1.12,2.0,2.0,7
Amstetten,8,3,2,3,15,12,3,11,Austria - 2. Liga,0.38,0.62,3,1.38,1.88,2.63,1.61,8
Kapfenberger,8,3,1,4,12,12,0,10,Austria - 2. Liga,0.38,0.5,0,1.25,1.5,2.63,2.0,9
Floridsdorfer,8,2,4,2,7,9,-2,10,Austria - 2. Liga,0.25,0.75,-2,1.25,0.88,4.0,1.33,9
Stripfing,8,2,2,4,9,12,-3,8,Austria - 2. Liga,0.25,0.5,-3,1.0,1.12,4.0,2.0,10
A. Lustenau,8,1,4,3,5,7,-2,7,Austria - 2. Liga,0.12,0.62,-2,0.88,0.62,8.33,1.61,11
SV Horn,8,1,3,4,10,17,-7,6,Austria - 2. Liga,0.12,0.5,-7,0.75,1.25,8.33,2.0,12
Lafnitz,8,1,2,5,10,18,-8,5,Austria - 2. Liga,0.12,0.38,-8,0.62,1.25,8.33,2.63,13
Qarabag,8,6,1,1,24,5,19,19,Azerbaijan - Premier League,0.75,0.88,19,2.38,3.0,1.33,1.14,1
Zira,8,6,1,1,15,5,10,19,Azerbaijan - Premier League,0.75,0.88,10,2.38,1.88,1.33,1.14,1
Kapaz,8,3,4,1,11,10,1,13,Azerbaijan - Premier League,0.38,0.88,1,1.62,1.38,2.63,1.14,2
Sabah,8,2,6,0,9,7,2,12,Azerbaijan - Premier League,0.25,1.0,2,1.5,1.12,4.0,1.0,3
Araz,8,3,3,2,6,6,0,12,Azerbaijan - Premier League,0.38,0.75,0,1.5,0.75,2.63,1.33,3
Neftci,8,3,3,2,7,8,-1,12,Azerbaijan - Premier League,0.38,0.75,-1,1.5,0.88,2.63,1.33,3
Sumqayit,8,3,2,3,10,11,-1,11,Azerbaijan - Premier League,0.38,0.62,-1,1.38,1.25,2.63,1.61,4
Shamakhi,8,3,1,4,6,6,0,10,Azerbaijan - Premier League,0.38,0.5,0,1.25,0.75,2.63,2.0,5
Turan,8,2,3,3,9,13,-4,9,Azerbaijan - Premier League,0.25,0.62,-4,1.12,1.12,4.0,1.61,6
Sebail,8,1,2,5,3,11,-8,5,Azerbaijan - Premier League,0.12,0.38,-8,0.62,0.38,8.33,2.63,7
Al-Muharraq,6,6,0,0,23,5,18,18,Bahrain - Premier League,1.0,1.0,18,3.0,3.83,1.0,1.0,1
Khalidiya,6,6,0,0,13,3,10,18,Bahrain - Premier League,1.0,1.0,10,3.0,2.17,1.0,1.0,1
Al Riffa,6,4,0,2,11,6,5,12,Bahrain - Premier League,0.67,0.67,5,2.0,1.83,1.49,1.49,2
Al Ahli M.,6,3,1,2,11,8,3,10,Bahrain - Premier League,0.5,0.67,3,1.67,1.83,2.0,1.49,3
Sitra,6,3,1,2,9,6,3,10,Bahrain - Premier League,0.5,0.67,3,1.67,1.5,2.0,1.49,3
Malkiya,6,1,5,0,4,3,1,8,Bahrain - Premier League,0.17,1.0,1,1.33,0.67,5.88,1.0,4
Bahrain SC,6,2,1,3,8,10,-2,7,Bahrain - Premier League,0.33,0.5,-2,1.17,1.33,3.03,2.0,5
Al Shabbab,6,1,3,2,6,7,-1,6,Bahrain - Premier League,0.17,0.67,-1,1.0,1.0,5.88,1.49,6
Manama,6,1,3,2,4,10,-6,6,Bahrain - Premier League,0.17,0.67,-6,1.0,0.67,5.88,1.49,6
Al-Najma,6,1,1,4,10,12,-2,4,Bahrain - Premier League,0.17,0.33,-2,0.67,1.67,5.88,3.03,7
AAli FC,6,1,1,4,5,10,-5,4,Bahrain - Premier League,0.17,0.33,-5,0.67,0.83,5.88,3.03,7
East Riffa,6,0,2,4,4,12,-8,2,Bahrain - Premier League,0.0,0.33,-8,0.33,0.67,0.0,3.03,8
Abahani,4,4,0,0,10,1,9,12,Bangladesh - Premier League,1.0,1.0,9,3.0,2.5,1.0,1.0,1
Mohammedan,5,4,0,1,6,1,5,12,Bangladesh - Premier League,0.8,0.8,5,2.4,1.2,1.25,1.25,1
Bashundhara K.,4,3,1,0,16,3,13,10,Bangladesh - Premier League,0.75,1.0,13,2.5,4.0,1.33,1.0,2
Brothers Union,5,3,1,1,7,2,5,10,Bangladesh - Premier League,0.6,0.8,5,2.0,1.4,1.67,1.25,2
Fortis,6,2,4,0,7,4,3,10,Bangladesh - Premier League,0.33,1.0,3,1.67,1.17,3.03,1.0,2
B. Police,6,3,1,2,9,11,-2,10,Bangladesh - Premier League,0.5,0.67,-2,1.67,1.5,2.0,1.49,2
Rahmatgonj,5,3,0,2,13,7,6,9,Bangladesh - Premier League,0.6,0.6,6,1.8,2.6,1.67,1.67,3
Fakirerpool,4,1,0,3,5,12,-7,3,Bangladesh - Premier League,0.25,0.25,-7,0.75,1.25,4.0,4.0,4
Chittagong,6,1,0,5,2,15,-13,3,Bangladesh - Premier League,0.17,0.17,-13,0.5,0.33,5.88,5.88,4
Dhaka Wanderers,5,1,0,4,2,19,-17,3,Bangladesh - Premier League,0.2,0.2,-17,0.6,0.4,5.0,5.0,4
Slavia Mozyr,1,1,0,0,4,1,3,3,Belarus - Vysshaya Liga,1.0,1.0,3,3.0,4.0,1.0,1.0,1
Neman Grodno,2,1,0,1,3,1,2,3,Belarus - Vysshaya Liga,0.5,0.5,2,1.5,1.5,2.0,2.0,1
Slutsk,2,1,0,1,2,1,1,3,Belarus - Vysshaya Liga,0.5,0.5,1,1.5,1.0,2.0,2.0,1
Dinamo Minsk,1,1,0,0,1,0,1,3,Belarus - Vysshaya Liga,1.0,1.0,1,3.0,1.0,1.0,1.0,1
FC Minsk,2,1,0,1,3,3,0,3,Belarus - Vysshaya Liga,0.5,0.5,0,1.5,1.5,2.0,2.0,1
Isloch,1,0,1,0,2,2,0,1,Belarus - Vysshaya Liga,0.0,1.0,0,1.0,2.0,0.0,1.0,2
Maxline,1,0,1,0,2,2,0,1,Belarus - Vysshaya Liga,0.0,1.0,0,1.0,2.0,0.0,1.0,2
Naftan,1,0,1,0,2,2,0,1,Belarus - Vysshaya Liga,0.0,1.0,0,1.0,2.0,0.0,1.0,2
Arsenal D.,1,0,1,0,1,1,0,1,Belarus - Vysshaya Liga,0.0,1.0,0,1.0,1.0,0.0,1.0,2
Gomel,1,0,1,0,1,1,0,1,Belarus - Vysshaya Liga,0.0,1.0,0,1.0,1.0,0.0,1.0,2
T. Zhodino,1,0,1,0,0,0,0,1,Belarus - Vysshaya Liga,0.0,1.0,0,1.0,0.0,0.0,1.0,2
Dinamo Brest,0,0,0,0,0,0,0,0,Belarus - Vysshaya Liga,0.0,0.0,0,0.0,0.0,0.0,0.0,3
Molodechno,0,0,0,0,0,0,0,0,Belarus - Vysshaya Liga,0.0,0.0,0,0.0,0.0,0.0,0.0,3
Smorgon,0,0,0,0,0,0,0,0,Belarus - Vysshaya Liga,0.0,0.0,0,0.0,0.0,0.0,0.0,3
BATE Borisov,1,0,0,1,0,1,-1,0,Belarus - Vysshaya Liga,0.0,0.0,-1,0.0,0.0,0.0,0.0,3
Vitebsk,1,0,0,1,0,1,-1,0,Belarus - Vysshaya Liga,0.0,0.0,-1,0.0,0.0,0.0,0.0,3
BATE B,1,1,0,0,7,2,5,3,Belarus - First League,1.0,1.0,5,3.0,7.0,1.0,1.0,1
Ostrovets,1,1,0,0,4,1,3,3,Belarus - First League,1.0,1.0,3,3.0,4.0,1.0,1.0,1
Dinamo Minsk B,1,1,0,0,3,1,2,3,Belarus - First League,1.0,1.0,2,3.0,3.0,1.0,1.0,1
ABFF U19,1,1,0,0,2,0,2,3,Belarus - First League,1.0,1.0,2,3.0,2.0,1.0,1.0,1
Volna Pinsk,1,1,0,0,3,2,1,3,Belarus - First League,1.0,1.0,1,3.0,3.0,1.0,1.0,1
Gomel B,1,0,1,0,2,2,0,1,Belarus - First League,0.0,1.0,0,1.0,2.0,0.0,1.0,2
Niva,1,0,1,0,2,2,0,1,Belarus - First League,0.0,1.0,0,1.0,2.0,0.0,1.0,2
Osipovichy,1,0,1,0,1,1,0,1,Belarus - First League,0.0,1.0,0,1.0,1.0,0.0,1.0,2
Belshina,0,0,0,0,0,0,0,0,Belarus - First League,0.0,0.0,0,0.0,0.0,0.0,0.0,3
Bumprom,0,0,0,0,0,0,0,0,Belarus - First League,0.0,0.0,0,0.0,0.0,0.0,0.0,3
Dnepr Mogilev,0,0,0,0,0,0,0,0,Belarus - First League,0.0,0.0,0,0.0,0.0,0.0,0.0,3
Lida,0,0,0,0,0,0,0,0,Belarus - First League,0.0,0.0,0,0.0,0.0,0.0,0.0,3
Lokomotiv Gomel,0,0,0,0,0,0,0,0,Belarus - First League,0.0,0.0,0,0.0,0.0,0.0,0.0,3
Minsk B,0,0,0,0,0,0,0,0,Belarus - First League,0.0,0.0,0,0.0,0.0,0.0,0.0,3
Orsha,0,0,0,0,0,0,0,0,Belarus - First League,0.0,0.0,0,0.0,0.0,0.0,0.0,3
Slonim,0,0,0,0,0,0,0,0,Belarus - First League,0.0,0.0,0,0.0,0.0,0.0,0.0,3
Uni X L. Minsk,0,0,0,0,0,0,0,0,Belarus - First League,0.0,0.0,0,0.0,0.0,0.0,0.0,3
Baranovichi,1,0,0,1,1,2,-1,0,Belarus - First League,0.0,0.0,-1,0.0,1.0,0.0,0.0,3
KRC Genk,8,7,1,0,15,4,11,22,Belgium - Pro League,0.88,1.0,11,2.75,1.88,1.14,1.0,1
Club Brugge,8,6,1,1,21,11,10,19,Belgium - Pro League,0.75,0.88,10,2.38,2.62,1.33,1.14,2
Royale Union SG,8,6,1,1,17,7,10,19,Belgium - Pro League,0.75,0.88,10,2.38,2.12,1.33,1.14,2
OH Leuven,8,5,3,0,10,4,6,18,Belgium - Pro League,0.62,1.0,6,2.25,1.25,1.61,1.0,3
Anderlecht,8,5,0,3,19,10,9,15,Belgium - Pro League,0.62,0.62,9,1.88,2.38,1.61,1.61,4
Gent,8,3,3,2,11,10,1,12,Belgium - Pro League,0.38,0.75,1,1.5,1.38,2.63,1.33,5
Antwerp,8,3,3,2,13,13,0,12,Belgium - Pro League,0.38,0.75,0,1.5,1.62,2.63,1.33,5
Westerlo,8,3,2,3,16,12,4,11,Belgium - Pro League,0.38,0.62,4,1.38,2.0,2.63,1.61,6
Standard Liege,8,3,2,3,5,6,-1,11,Belgium - Pro League,0.38,0.62,-1,1.38,0.62,2.63,1.61,6
KV Mechelen,8,2,4,2,12,10,2,10,Belgium - Pro League,0.25,0.75,2,1.25,1.5,4.0,1.33,7
Sint-Truiden,8,2,4,2,13,12,1,10,Belgium - Pro League,0.25,0.75,1,1.25,1.62,4.0,1.33,7
Beerschot,8,2,4,2,9,12,-3,10,Belgium - Pro League,0.25,0.75,-3,1.25,1.12,4.0,1.33,7
Cercle Brugge,8,2,4,2,5,10,-5,10,Belgium - Pro League,0.25,0.75,-5,1.25,0.62,4.0,1.33,7
Charleroi,8,2,3,3,11,8,3,9,Belgium - Pro League,0.25,0.62,3,1.12,1.38,4.0,1.61,8
Dender,8,2,3,3,5,7,-2,9,Belgium - Pro League,0.25,0.62,-2,1.12,0.62,4.0,1.61,8
Kortrijk,8,2,1,5,8,12,-4,7,Belgium - Pro League,0.25,0.38,-4,0.88,1.0,4.0,2.63,9
Zulte-Waregem,8,7,0,1,23,9,14,21,Belgium - Challenger Pro League,0.88,0.88,14,2.62,2.88,1.14,1.14,1
RWDM,8,7,0,1,10,3,7,21,Belgium - Challenger Pro League,0.88,0.88,7,2.62,1.25,1.14,1.14,1
La Louviere,8,5,3,0,17,6,11,18,Belgium - Challenger Pro League,0.62,1.0,11,2.25,2.12,1.61,1.0,2
Beveren,8,4,3,1,12,6,6,15,Belgium - Challenger Pro League,0.5,0.88,6,1.88,1.5,2.0,1.14,3
Patro Eisden,8,4,2,2,18,10,8,14,Belgium - Challenger Pro League,0.5,0.75,8,1.75,2.25,2.0,1.33,4
RFC Liege,8,3,3,2,10,9,1,12,Belgium - Challenger Pro League,0.38,0.75,1,1.5,1.25,2.63,1.33,5
Lierse K.,8,3,3,2,9,8,1,12,Belgium - Challenger Pro League,0.38,0.75,1,1.5,1.12,2.63,1.33,5
Anderlecht B,8,3,2,3,17,11,6,11,Belgium - Challenger Pro League,0.38,0.62,6,1.38,2.12,2.63,1.61,6
Lokeren-Temse,8,3,2,3,7,13,-6,11,Belgium - Challenger Pro League,0.38,0.62,-6,1.38,0.88,2.63,1.61,6
Eupen,8,3,1,4,13,14,-1,10,Belgium - Challenger Pro League,0.38,0.5,-1,1.25,1.62,2.63,2.0,7
Club Brugge B,8,3,0,5,9,13,-4,9,Belgium - Challenger Pro League,0.38,0.38,-4,1.12,1.12,2.63,2.63,8
Francs Borains,8,2,2,4,10,14,-4,8,Belgium - Challenger Pro League,0.25,0.5,-4,1.0,1.25,4.0,2.0,9
Seraing,8,0,4,4,9,15,-6,4,Belgium - Challenger Pro League,0.0,0.5,-6,0.5,1.12,0.0,2.0,10
KRC Genk B,8,0,3,5,10,16,-6,3,Belgium - Challenger Pro League,0.0,0.38,-6,0.38,1.25,0.0,2.63,11
Lommel SK,8,0,2,6,6,14,-8,2,Belgium - Challenger Pro League,0.0,0.25,-8,0.25,0.75,0.0,4.0,12
Deinze,0,0,0,0,0,0,0,0,Belgium - Challenger Pro League,0.0,0.0,0,0.0,0.0,0.0,0.0,13
Aurora,4,4,0,0,13,4,9,12,Bolivia - Primera Div. - Apertura,1.0,1.0,9,3.0,3.25,1.0,1.0,1
The Strongest,4,4,0,0,9,2,7,12,Bolivia - Primera Div. - Apertura,1.0,1.0,7,3.0,2.25,1.0,1.0,1
U. de Vinto,4,4,0,0,6,2,4,12,Bolivia - Primera Div. - Apertura,1.0,1.0,4,3.0,1.5,1.0,1.0,1
SA Bulo Bulo,4,3,1,0,10,2,8,10,Bolivia - Primera Div. - Apertura,0.75,1.0,8,2.5,2.5,1.33,1.0,2
Bolivar,4,3,1,0,13,8,5,10,Bolivia - Primera Div. - Apertura,0.75,1.0,5,2.5,3.25,1.33,1.0,2
Nacional Potosi,4,3,1,0,9,4,5,10,Bolivia - Primera Div. - Apertura,0.75,1.0,5,2.5,2.25,1.33,1.0,2
Guabira,4,3,0,1,9,5,4,9,Bolivia - Primera Div. - Apertura,0.75,0.75,4,2.25,2.25,1.33,1.33,3
Blooming,4,3,0,1,5,4,1,9,Bolivia - Primera Div. - Apertura,0.75,0.75,1,2.25,1.25,1.33,1.33,3
I. Petrolero,4,2,2,0,6,4,2,8,Bolivia - Primera Div. - Apertura,0.5,1.0,2,2.0,1.5,2.0,1.0,4
Real Tomayapo,4,2,1,1,6,5,1,7,Bolivia - Primera Div. - Apertura,0.5,0.75,1,1.75,1.5,2.0,1.33,5
Gualberto V. SJ,4,2,1,1,6,6,0,7,Bolivia - Primera Div. - Apertura,0.5,0.75,0,1.75,1.5,2.0,1.33,5
Oriente P.,4,2,1,1,3,3,0,7,Bolivia - Primera Div. - Apertura,0.5,0.75,0,1.75,0.75,2.0,1.33,5
Always Ready,4,1,2,1,3,3,0,5,Bolivia - Primera Div. - Apertura,0.25,0.75,0,1.25,0.75,4.0,1.33,6
Wilstermann,4,1,1,2,8,7,1,4,Bolivia - Primera Div. - Apertura,0.25,0.5,1,1.0,2.0,4.0,2.0,7
Royal Pari,4,0,2,2,2,4,-2,2,Bolivia - Primera Div. - Apertura,0.0,0.5,-2,0.5,0.5,0.0,2.0,8
Santa Cruz,4,0,1,3,4,9,-5,1,Bolivia - Primera Div. - Apertura,0.0,0.25,-5,0.25,1.0,0.0,4.0,9
Gualberto V. SJ,8,7,1,0,31,6,25,22,Bolivia - Primera Div. - Clausura,0.88,1.0,25,2.75,3.88,1.14,1.0,1
The Strongest,8,7,1,0,27,6,21,22,Bolivia - Primera Div. - Clausura,0.88,1.0,21,2.75,3.38,1.14,1.0,1
Bolivar,8,6,1,1,25,8,17,19,Bolivia - Primera Div. - Clausura,0.75,0.88,17,2.38,3.12,1.33,1.14,2
Nacional Potosi,8,5,1,2,17,8,9,16,Bolivia - Primera Div. - Clausura,0.62,0.75,9,2.0,2.12,1.61,1.33,3
Aurora,8,5,1,2,15,8,7,16,Bolivia - Primera Div. - Clausura,0.62,0.75,7,2.0,1.88,1.61,1.33,3
Real Tomayapo,8,5,1,2,12,8,4,16,Bolivia - Primera Div. - Clausura,0.62,0.75,4,2.0,1.5,1.61,1.33,3
Always Ready,8,4,2,2,15,11,4,14,Bolivia - Primera Div. - Clausura,0.5,0.75,4,1.75,1.88,2.0,1.33,4
Wilstermann,8,3,4,1,15,11,4,13,Bolivia - Primera Div. - Clausura,0.38,0.88,4,1.62,1.88,2.63,1.14,5
Blooming,8,3,4,1,11,7,4,13,Bolivia - Primera Div. - Clausura,0.38,0.88,4,1.62,1.38,2.63,1.14,5
Oriente P.,8,4,1,3,18,15,3,13,Bolivia - Primera Div. - Clausura,0.5,0.62,3,1.62,2.25,2.0,1.61,5
Guabira,8,4,1,3,11,9,2,13,Bolivia - Primera Div. - Clausura,0.5,0.62,2,1.62,1.38,2.0,1.61,5
Royal Pari,8,4,1,3,9,7,2,13,Bolivia - Primera Div. - Clausura,0.5,0.62,2,1.62,1.12,2.0,1.61,5
I. Petrolero,8,3,2,3,17,18,-1,11,Bolivia - Primera Div. - Clausura,0.38,0.62,-1,1.38,2.12,2.63,1.61,6
U. de Vinto,8,3,1,4,11,12,-1,10,Bolivia - Primera Div. - Clausura,0.38,0.5,-1,1.25,1.38,2.63,2.0,7
SA Bulo Bulo,8,1,2,5,15,19,-4,5,Bolivia - Primera Div. - Clausura,0.12,0.38,-4,0.62,1.88,8.33,2.63,8
Santa Cruz,8,1,1,6,7,17,-10,4,Bolivia - Primera Div. - Clausura,0.12,0.25,-10,0.5,0.88,8.33,4.0,9
Fortaleza,1,1,0,0,2,0,2,3,Brazil - Serie A,1.0,1.0,2,3.0,2.0,1.0,1.0,1
Juventude,1,1,0,0,2,0,2,3,Brazil - Serie A,1.0,1.0,2,3.0,2.0,1.0,1.0,1
Cruzeiro,1,1,0,0,2,1,1,3,Brazil - Serie A,1.0,1.0,1,3.0,2.0,1.0,1.0,1
Gremio,1,1,0,0,2,1,1,3,Brazil - Serie A,1.0,1.0,1,3.0,2.0,1.0,1.0,1
Vasco da Gama,1,1,0,0,2,1,1,3,Brazil - Serie A,1.0,1.0,1,3.0,2.0,1.0,1.0,1
Bahia,1,0,1,0,1,1,0,1,Brazil - Serie A,0.0,1.0,0,1.0,1.0,0.0,1.0,2
Flamengo,1,0,1,0,1,1,0,1,Brazil - Serie A,0.0,1.0,0,1.0,1.0,0.0,1.0,2
Palmeiras,1,0,1,0,0,0,0,1,Brazil - Serie A,0.0,1.0,0,1.0,0.0,0.0,1.0,2
Sao Paulo,1,0,1,0,0,0,0,1,Brazil - Serie A,0.0,1.0,0,1.0,0.0,0.0,1.0,2
Atletico MG,0,0,0,0,0,0,0,0,Brazil - Serie A,0.0,0.0,0,0.0,0.0,0.0,0.0,3
Botafogo,0,0,0,0,0,0,0,0,Brazil - Serie A,0.0,0.0,0,0.0,0.0,0.0,0.0,3
Bragantino,0,0,0,0,0,0,0,0,Brazil - Serie A,0.0,0.0,0,0.0,0.0,0.0,0.0,3
Ceara,0,0,0,0,0,0,0,0,Brazil - Serie A,0.0,0.0,0,0.0,0.0,0.0,0.0,3
Corinthians,0,0,0,0,0,0,0,0,Brazil - Serie A,0.0,0.0,0,0.0,0.0,0.0,0.0,3
Fluminense,0,0,0,0,0,0,0,0,Brazil - Serie A,0.0,0.0,0,0.0,0.0,0.0,0.0,3
Internacional,0,0,0,0,0,0,0,0,Brazil - Serie A,0.0,0.0,0,0.0,0.0,0.0,0.0,3
Mirassol,0,0,0,0,0,0,0,0,Brazil - Serie A,0.0,0.0,0,0.0,0.0,0.0,0.0,3
Santos,0,0,0,0,0,0,0,0,Brazil - Serie A,0.0,0.0,0,0.0,0.0,0.0,0.0,3
Sport Recife,0,0,0,0,0,0,0,0,Brazil - Serie A,0.0,0.0,0,0.0,0.0,0.0,0.0,3
Vitoria,0,0,0,0,0,0,0,0,Brazil - Serie A,0.0,0.0,0,0.0,0.0,0.0,0.0,3
Amazonas,0,0,0,0,0,0,0,0,Brazil - Serie B,0.0,0.0,0,0.0,0.0,0.0,0.0,1
America MG,0,0,0,0,0,0,0,0,Brazil - Serie B,0.0,0.0,0,0.0,0.0,0.0,0.0,1
Athletic Club,0,0,0,0,0,0,0,0,Brazil - Serie B,0.0,0.0,0,0.0,0.0,0.0,0.0,1
Athletico PR,0,0,0,0,0,0,0,0,Brazil - Serie B,0.0,0.0,0,0.0,0.0,0.0,0.0,1
Atletico GO,0,0,0,0,0,0,0,0,Brazil - Serie B,0.0,0.0,0,0.0,0.0,0.0,0.0,1
Avai,0,0,0,0,0,0,0,0,Brazil - Serie B,0.0,0.0,0,0.0,0.0,0.0,0.0,1
Botafogo SP,0,0,0,0,0,0,0,0,Brazil - Serie B,0.0,0.0,0,0.0,0.0,0.0,0.0,1
Chapecoense,0,0,0,0,0,0,0,0,Brazil - Serie B,0.0,0.0,0,0.0,0.0,0.0,0.0,1
Coritiba,0,0,0,0,0,0,0,0,Brazil - Serie B,0.0,0.0,0,0.0,0.0,0.0,0.0,1
CRB,0,0,0,0,0,0,0,0,Brazil - Serie B,0.0,0.0,0,0.0,0.0,0.0,0.0,1
Criciuma,0,0,0,0,0,0,0,0,Brazil - Serie B,0.0,0.0,0,0.0,0.0,0.0,0.0,1
Cuiaba,0,0,0,0,0,0,0,0,Brazil - Serie B,0.0,0.0,0,0.0,0.0,0.0,0.0,1
Ferroviaria,0,0,0,0,0,0,0,0,Brazil - Serie B,0.0,0.0,0,0.0,0.0,0.0,0.0,1
Goias,0,0,0,0,0,0,0,0,Brazil - Serie B,0.0,0.0,0,0.0,0.0,0.0,0.0,1
Novorizontino,0,0,0,0,0,0,0,0,Brazil - Serie B,0.0,0.0,0,0.0,0.0,0.0,0.0,1
Operario PR,0,0,0,0,0,0,0,0,Brazil - Serie B,0.0,0.0,0,0.0,0.0,0.0,0.0,1
Paysandu,0,0,0,0,0,0,0,0,Brazil - Serie B,0.0,0.0,0,0.0,0.0,0.0,0.0,1
Remo,0,0,0,0,0,0,0,0,Brazil - Serie B,0.0,0.0,0,0.0,0.0,0.0,0.0,1
Vila Nova,0,0,0,0,0,0,0,0,Brazil - Serie B,0.0,0.0,0,0.0,0.0,0.0,0.0,1
Volta Redonda,0,0,0,0,0,0,0,0,Brazil - Serie B,0.0,0.0,0,0.0,0.0,0.0,0.0,1
ABC,0,0,0,0,0,0,0,0,Brazil - Serie C,0.0,0.0,0,0.0,0.0,0.0,0.0,1
Anapolis,0,0,0,0,0,0,0,0,Brazil - Serie C,0.0,0.0,0,0.0,0.0,0.0,0.0,1
Botafogo PB,0,0,0,0,0,0,0,0,Brazil - Serie C,0.0,0.0,0,0.0,0.0,0.0,0.0,1
Brusque,0,0,0,0,0,0,0,0,Brazil - Serie C,0.0,0.0,0,0.0,0.0,0.0,0.0,1
Caxias,0,0,0,0,0,0,0,0,Brazil - Serie C,0.0,0.0,0,0.0,0.0,0.0,0.0,1
Confianca,0,0,0,0,0,0,0,0,Brazil - Serie C,0.0,0.0,0,0.0,0.0,0.0,0.0,1
CSA,0,0,0,0,0,0,0,0,Brazil - Serie C,0.0,0.0,0,0.0,0.0,0.0,0.0,1
Figueirense,0,0,0,0,0,0,0,0,Brazil - Serie C,0.0,0.0,0,0.0,0.0,0.0,0.0,1
Floresta,0,0,0,0,0,0,0,0,Brazil - Serie C,0.0,0.0,0,0.0,0.0,0.0,0.0,1
Guarani,0,0,0,0,0,0,0,0,Brazil - Serie C,0.0,0.0,0,0.0,0.0,0.0,0.0,1
Itabaiana,0,0,0,0,0,0,0,0,Brazil - Serie C,0.0,0.0,0,0.0,0.0,0.0,0.0,1
Ituano,0,0,0,0,0,0,0,0,Brazil - Serie C,0.0,0.0,0,0.0,0.0,0.0,0.0,1
Londrina,0,0,0,0,0,0,0,0,Brazil - Serie C,0.0,0.0,0,0.0,0.0,0.0,0.0,1
Maringa,0,0,0,0,0,0,0,0,Brazil - Serie C,0.0,0.0,0,0.0,0.0,0.0,0.0,1
Nautico,0,0,0,0,0,0,0,0,Brazil - Serie C,0.0,0.0,0,0.0,0.0,0.0,0.0,1
Ponte Preta,0,0,0,0,0,0,0,0,Brazil - Serie C,0.0,0.0,0,0.0,0.0,0.0,0.0,1
Retro,0,0,0,0,0,0,0,0,Brazil - Serie C,0.0,0.0,0,0.0,0.0,0.0,0.0,1
Sao Bernardo,0,0,0,0,0,0,0,0,Brazil - Serie C,0.0,0.0,0,0.0,0.0,0.0,0.0,1
Tombense,0,0,0,0,0,0,0,0,Brazil - Serie C,0.0,0.0,0,0.0,0.0,0.0,0.0,1
Ypiranga,0,0,0,0,0,0,0,0,Brazil - Serie C,0.0,0.0,0,0.0,0.0,0.0,0.0,1
Agua Santa,0,0,0,0,0,0,0,0,Brazil - Serie D,0.0,0.0,0,0.0,0.0,0.0,0.0,1
Aguia de Maraba,0,0,0,0,0,0,0,0,Brazil - Serie D,0.0,0.0,0,0.0,0.0,0.0,0.0,1
Altos,0,0,0,0,0,0,0,0,Brazil - Serie D,0.0,0.0,0,0.0,0.0,0.0,0.0,1
America RN,0,0,0,0,0,0,0,0,Brazil - Serie D,0.0,0.0,0,0.0,0.0,0.0,0.0,1
Aparecidense,0,0,0,0,0,0,0,0,Brazil - Serie D,0.0,0.0,0,0.0,0.0,0.0,0.0,1
ASA,0,0,0,0,0,0,0,0,Brazil - Serie D,0.0,0.0,0,0.0,0.0,0.0,0.0,1
Azuriz,0,0,0,0,0,0,0,0,Brazil - Serie D,0.0,0.0,0,0.0,0.0,0.0,0.0,1
Barcelona BA,0,0,0,0,0,0,0,0,Brazil - Serie D,0.0,0.0,0,0.0,0.0,0.0,0.0,1
Barra FC,0,0,0,0,0,0,0,0,Brazil - Serie D,0.0,0.0,0,0.0,0.0,0.0,0.0,1
Boavista,0,0,0,0,0,0,0,0,Brazil - Serie D,0.0,0.0,0,0.0,0.0,0.0,0.0,1
Brasil de P.,0,0,0,0,0,0,0,0,Brazil - Serie D,0.0,0.0,0,0.0,0.0,0.0,0.0,1
Capital,0,0,0,0,0,0,0,0,Brazil - Serie D,0.0,0.0,0,0.0,0.0,0.0,0.0,1
Cascavel,0,0,0,0,0,0,0,0,Brazil - Serie D,0.0,0.0,0,0.0,0.0,0.0,0.0,1
Ceilandia,0,0,0,0,0,0,0,0,Brazil - Serie D,0.0,0.0,0,0.0,0.0,0.0,0.0,1
Central,0,0,0,0,0,0,0,0,Brazil - Serie D,0.0,0.0,0,0.0,0.0,0.0,0.0,1
CFRJ . Marica,0,0,0,0,0,0,0,0,Brazil - Serie D,0.0,0.0,0,0.0,0.0,0.0,0.0,1
Cianorte,0,0,0,0,0,0,0,0,Brazil - Serie D,0.0,0.0,0,0.0,0.0,0.0,0.0,1
EC Sao Jose,0,0,0,0,0,0,0,0,Brazil - Serie D,0.0,0.0,0,0.0,0.0,0.0,0.0,1
Ferroviario,0,0,0,0,0,0,0,0,Brazil - Serie D,0.0,0.0,0,0.0,0.0,0.0,0.0,1
GAS,0,0,0,0,0,0,0,0,Brazil - Serie D,0.0,0.0,0,0.0,0.0,0.0,0.0,1
Goianesia,0,0,0,0,0,0,0,0,Brazil - Serie D,0.0,0.0,0,0.0,0.0,0.0,0.0,1
Goiania,0,0,0,0,0,0,0,0,Brazil - Serie D,0.0,0.0,0,0.0,0.0,0.0,0.0,1
Goiatuba EC,0,0,0,0,0,0,0,0,Brazil - Serie D,0.0,0.0,0,0.0,0.0,0.0,0.0,1
Guarany de Bage,0,0,0,0,0,0,0,0,Brazil - Serie D,0.0,0.0,0,0.0,0.0,0.0,0.0,1
Horizonte,0,0,0,0,0,0,0,0,Brazil - Serie D,0.0,0.0,0,0.0,0.0,0.0,0.0,1
Humaita,0,0,0,0,0,0,0,0,Brazil - Serie D,0.0,0.0,0,0.0,0.0,0.0,0.0,1
Iguatu,0,0,0,0,0,0,0,0,Brazil - Serie D,0.0,0.0,0,0.0,0.0,0.0,0.0,1
Imperatriz,0,0,0,0,0,0,0,0,Brazil - Serie D,0.0,0.0,0,0.0,0.0,0.0,0.0,1
Independencia,0,0,0,0,0,0,0,0,Brazil - Serie D,0.0,0.0,0,0.0,0.0,0.0,0.0,1
Flamengo,6,4,0,2,12,4,8,12,Brazil - Carioca,0.67,0.67,8,2.0,2.0,1.49,1.49,1
Vasco da Gama,6,3,2,1,10,5,5,11,Brazil - Carioca,0.5,0.83,5,1.83,1.67,2.0,1.2,2
Sampaio Correa,5,3,1,1,9,5,4,10,Brazil - Carioca,0.6,0.8,4,2.0,1.8,1.67,1.25,3
Fluminense,6,2,4,0,7,4,3,10,Brazil - Carioca,0.33,1.0,3,1.67,1.17,3.03,1.0,3
Volta Redonda,5,3,1,1,5,4,1,10,Brazil - Carioca,0.6,0.8,1,2.0,1.0,1.67,1.25,3
Botafogo,6,3,0,3,8,7,1,9,Brazil - Carioca,0.5,0.5,1,1.5,1.33,2.0,2.0,4
Nova Iguacu,6,2,3,1,5,4,1,9,Brazil - Carioca,0.33,0.83,1,1.5,0.83,3.03,1.2,4
Boavista,6,1,5,0,7,5,2,8,Brazil - Carioca,0.17,1.0,2,1.33,1.17,5.88,1.0,5
CFRJ . Marica,5,2,2,1,6,4,2,8,Brazil - Carioca,0.4,0.8,2,1.6,1.2,2.5,1.25,5
Madureira,5,2,2,1,4,2,2,8,Brazil - Carioca,0.4,0.8,2,1.6,0.8,2.5,1.25,5
Portuguesa RJ,5,2,0,3,6,11,-5,6,Brazil - Carioca,0.4,0.4,-5,1.2,1.2,2.5,2.5,6
Bangu,5,0,1,4,0,10,-10,1,Brazil - Carioca,0.0,0.2,-10,0.2,0.0,0.0,5.0,7
Tombense,4,3,1,0,4,1,3,10,Brazil - Mineiro,0.75,1.0,3,2.5,1.0,1.33,1.0,1
Athletic Club,4,3,0,1,11,6,5,9,Brazil - Mineiro,0.75,0.75,5,2.25,2.75,1.33,1.33,2
America MG,4,2,2,0,10,1,9,8,Brazil - Mineiro,0.5,1.0,9,2.0,2.5,2.0,1.0,3
Atletico MG,4,2,2,0,6,2,4,8,Brazil - Mineiro,0.5,1.0,4,2.0,1.5,2.0,1.0,3
Cruzeiro,4,2,1,1,5,4,1,7,Brazil - Mineiro,0.5,0.75,1,1.75,1.25,2.0,1.33,4
Uberlandia,4,1,2,1,6,4,2,5,Brazil - Mineiro,0.25,0.75,2,1.25,1.5,4.0,1.33,5
Betim,4,1,2,1,4,3,1,5,Brazil - Mineiro,0.25,0.75,1,1.25,1.0,4.0,1.33,5
Aymores,4,1,2,1,3,2,1,5,Brazil - Mineiro,0.25,0.75,1,1.25,0.75,4.0,1.33,5
Pouso Alegre,4,1,1,2,2,4,-2,4,Brazil - Mineiro,0.25,0.5,-2,1.0,0.5,4.0,2.0,6
Itabirito,4,1,1,2,2,5,-3,4,Brazil - Mineiro,0.25,0.5,-3,1.0,0.5,4.0,2.0,6
Democrata GV,4,1,0,3,4,7,-3,3,Brazil - Mineiro,0.25,0.25,-3,0.75,1.0,4.0,4.0,7
Villa Nova,4,0,0,4,1,8,-7,0,Brazil - Mineiro,0.0,0.0,-7,0.0,0.25,0.0,0.0,8
Anapolis,6,4,1,1,9,4,5,13,Brazil - Goiano,0.67,0.83,5,2.17,1.5,1.49,1.2,1
Vila Nova,6,3,3,0,3,0,3,12,Brazil - Goiano,0.5,1.0,3,2.0,0.5,2.0,1.0,2
Goias,6,3,2,1,7,3,4,11,Brazil - Goiano,0.5,0.83,4,1.83,1.17,2.0,1.2,3
Aparecidense,6,3,1,2,6,3,3,10,Brazil - Goiano,0.5,0.67,3,1.67,1.0,2.0,1.49,4
Jataiense,5,3,0,2,9,5,4,9,Brazil - Goiano,0.6,0.6,4,1.8,1.8,1.67,1.67,5
CRAC,5,2,3,0,6,3,3,9,Brazil - Goiano,0.4,1.0,3,1.8,1.2,2.5,1.0,5
ABECAT Ouvidore,5,3,0,2,6,4,2,9,Brazil - Goiano,0.6,0.6,2,1.8,1.2,1.67,1.67,5
Atletico GO,6,2,3,1,4,4,0,9,Brazil - Goiano,0.33,0.83,0,1.5,0.67,3.03,1.2,5
Inhumas,5,3,0,2,6,8,-2,9,Brazil - Goiano,0.6,0.6,-2,1.8,1.2,1.67,1.67,5
Goiania,6,2,1,3,6,8,-2,7,Brazil - Goiano,0.33,0.5,-2,1.17,1.0,3.03,2.0,6
Goianesia,5,1,3,1,7,5,2,6,Brazil - Goiano,0.2,0.8,2,1.2,1.4,5.0,1.25,7
Goiatuba EC,5,2,0,3,3,6,-3,6,Brazil - Goiano,0.4,0.4,-3,1.2,0.6,2.5,2.5,7
Santa Cruz,5,5,0,0,8,1,7,15,Brazil - Pernambucano,1.0,1.0,7,3.0,1.6,1.0,1.0,1
Nautico,5,4,1,0,12,4,8,13,Brazil - Pernambucano,0.8,1.0,8,2.6,2.4,1.25,1.0,2
Maguary PE,4,3,1,0,8,1,7,10,Brazil - Pernambucano,0.75,1.0,7,2.5,2.0,1.33,1.0,3
Jaguar,4,3,0,1,5,6,-1,9,Brazil - Pernambucano,0.75,0.75,-1,2.25,1.25,1.33,1.33,4
Sport Recife,5,2,2,1,12,5,7,8,Brazil - Pernambucano,0.4,0.8,7,1.6,2.4,2.5,1.25,5
Decisao,4,2,2,0,6,2,4,8,Brazil - Pernambucano,0.5,1.0,4,2.0,1.5,2.0,1.0,5
Retro,5,2,2,1,5,5,0,8,Brazil - Pernambucano,0.4,0.8,0,1.6,1.0,2.5,1.25,5
Central,5,2,1,2,6,5,1,7,Brazil - Pernambucano,0.4,0.6,1,1.4,1.2,2.5,1.67,6
Afogados,4,0,4,0,4,4,0,4,Brazil - Pernambucano,0.0,1.0,0,1.0,1.0,0.0,1.0,7
Petrolina,4,0,1,3,1,5,-4,1,Brazil - Pernambucano,0.0,0.25,-4,0.25,0.25,0.0,4.0,8
Corinthians,6,5,1,0,12,6,6,16,Brazil - Paulista,0.83,1.0,6,2.67,2.0,1.2,1.0,1
Santos,6,4,1,1,13,6,7,13,Brazil - Paulista,0.67,0.83,7,2.17,2.17,1.49,1.2,2
Bragantino,6,4,0,2,9,5,4,12,Brazil - Paulista,0.67,0.67,4,2.0,1.5,1.49,1.49,3
Sao Paulo,6,3,2,1,12,7,5,11,Brazil - Paulista,0.5,0.83,5,1.83,2.0,2.0,1.2,4
Guarani,6,3,2,1,10,5,5,11,Brazil - Paulista,0.5,0.83,5,1.83,1.67,2.0,1.2,4
Mirassol,6,3,1,2,15,9,6,10,Brazil - Paulista,0.5,0.67,6,1.67,2.5,2.0,1.49,5
Sao Bernardo,6,3,1,2,10,9,1,10,Brazil - Paulista,0.5,0.67,1,1.67,1.67,2.0,1.49,5
Velo Clube,6,3,1,2,7,7,0,10,Brazil - Paulista,0.5,0.67,0,1.67,1.17,2.0,1.49,5
Palmeiras,6,2,3,1,7,4,3,9,Brazil - Paulista,0.33,0.83,3,1.5,1.17,3.03,1.2,6
Portuguesa,6,2,3,1,11,9,2,9,Brazil - Paulista,0.33,0.83,2,1.5,1.83,3.03,1.2,6
Botafogo SP,6,2,2,2,4,4,0,8,Brazil - Paulista,0.33,0.67,0,1.33,0.67,3.03,1.49,7
Agua Santa,6,1,3,2,7,6,1,6,Brazil - Paulista,0.17,0.67,1,1.0,1.17,5.88,1.49,8
Novorizontino,6,1,3,2,4,5,-1,6,Brazil - Paulista,0.17,0.67,-1,1.0,0.67,5.88,1.49,8
Ponte Preta,6,1,3,2,3,4,-1,6,Brazil - Paulista,0.17,0.67,-1,1.0,0.5,5.88,1.49,8
Noroeste,6,0,4,2,7,9,-2,4,Brazil - Paulista,0.0,0.67,-2,0.67,1.17,0.0,1.49,9
Inter Limeira,6,0,3,3,3,10,-7,3,Brazil - Paulista,0.0,0.5,-7,0.5,0.5,0.0,2.0,10
Serra Branca,5,4,1,0,18,4,14,13,Brazil - Paraibano,0.8,1.0,14,2.6,3.6,1.25,1.0,1
Botafogo PB,5,4,1,0,15,4,11,13,Brazil - Paraibano,0.8,1.0,11,2.6,3.0,1.25,1.0,1
Sousa,5,4,0,1,9,2,7,12,Brazil - Paraibano,0.8,0.8,7,2.4,1.8,1.25,1.25,2
Treze,5,3,2,0,7,2,5,11,Brazil - Paraibano,0.6,1.0,5,2.2,1.4,1.67,1.0,3
Campinense,4,3,1,0,11,2,9,10,Brazil - Paraibano,0.75,1.0,9,2.5,2.75,1.33,1.0,4
Nacional Patos,4,2,1,1,8,8,0,7,Brazil - Paraibano,0.5,0.75,0,1.75,2.0,2.0,1.33,5
Pombal,4,1,2,1,3,5,-2,5,Brazil - Paraibano,0.25,0.75,-2,1.25,0.75,4.0,1.33,6
Auto Esporte,4,0,2,2,3,5,-2,2,Brazil - Paraibano,0.0,0.5,-2,0.5,0.75,0.0,2.0,7
EC de Patos,4,0,1,3,3,8,-5,1,Brazil - Paraibano,0.0,0.25,-5,0.25,0.75,0.0,4.0,8
Picuiense,5,0,0,5,3,16,-13,0,Brazil - Paraibano,0.0,0.0,-13,0.0,0.6,0.0,0.0,9
Santa Catarina,5,4,1,0,11,4,7,13,Brazil - Catarinense,0.8,1.0,7,2.6,2.2,1.25,1.0,1
Avai,6,4,0,2,10,5,5,12,Brazil - Catarinense,0.67,0.67,5,2.0,1.67,1.49,1.49,2
Marcilio Dias,6,3,3,0,6,2,4,12,Brazil - Catarinense,0.5,1.0,4,2.0,1.0,2.0,1.0,2
Brusque,6,3,2,1,8,4,4,11,Brazil - Catarinense,0.5,0.83,4,1.83,1.33,2.0,1.2,3
Figueirense,6,3,1,2,15,10,5,10,Brazil - Catarinense,0.5,0.67,5,1.67,2.5,2.0,1.49,4
Barra FC,6,2,4,0,6,4,2,10,Brazil - Catarinense,0.33,1.0,2,1.67,1.0,3.03,1.0,4
Concordia,5,3,1,1,6,5,1,10,Brazil - Catarinense,0.6,0.8,1,2.0,1.2,1.67,1.25,4
Criciuma,6,2,3,1,8,4,4,9,Brazil - Catarinense,0.33,0.83,4,1.5,1.33,3.03,1.2,5
Joinville,5,2,3,0,8,6,2,9,Brazil - Catarinense,0.4,1.0,2,1.8,1.6,2.5,1.0,5
Chapecoense,5,1,4,0,3,2,1,7,Brazil - Catarinense,0.2,1.0,1,1.4,0.6,5.0,1.0,6
Caravaggio,5,1,2,2,2,3,-1,5,Brazil - Catarinense,0.2,0.6,-1,1.0,0.4,5.0,1.67,7
Hercilio Luz,5,1,1,3,4,8,-4,4,Brazil - Catarinense,0.2,0.4,-4,0.8,0.8,5.0,2.5,8
Internacional,4,4,0,0,8,0,8,12,Brazil - Gaucho,1.0,1.0,8,3.0,2.0,1.0,1.0,1
Juventude,4,4,0,0,8,1,7,12,Brazil - Gaucho,1.0,1.0,7,3.0,2.0,1.0,1.0,1
Gremio,4,3,1,0,15,1,14,10,Brazil - Gaucho,0.75,1.0,14,2.5,3.75,1.33,1.0,2
Caxias,4,2,1,1,6,5,1,7,Brazil - Gaucho,0.5,0.75,1,1.75,1.5,2.0,1.33,3
Ypiranga,4,2,1,1,4,3,1,7,Brazil - Gaucho,0.5,0.75,1,1.75,1.0,2.0,1.33,3
Guarany de Bage,4,1,2,1,3,3,0,5,Brazil - Gaucho,0.25,0.75,0,1.25,0.75,4.0,1.33,4
Brasil de P.,4,1,2,1,2,2,0,5,Brazil - Gaucho,0.25,0.75,0,1.25,0.5,4.0,1.33,4
Sao Luiz,4,1,2,1,5,6,-1,5,Brazil - Gaucho,0.25,0.75,-1,1.25,1.25,4.0,1.33,4
Pelotas,4,1,1,2,4,5,-1,4,Brazil - Gaucho,0.25,0.5,-1,1.0,1.0,4.0,2.0,5
Avenida,4,0,3,1,2,3,-1,3,Brazil - Gaucho,0.0,0.75,-1,0.75,0.5,0.0,1.33,6
EC Sao Jose,4,0,3,1,2,4,-2,3,Brazil - Gaucho,0.0,0.75,-2,0.75,0.5,0.0,1.33,6
Monsoon,4,1,0,3,3,8,-5,3,Brazil - Gaucho,0.25,0.25,-5,0.75,0.75,4.0,4.0,6
Ludogorets,8,7,1,0,17,1,16,22,Bulgaria - Parva Liga,0.88,1.0,16,2.75,2.12,1.14,1.0,1
Slavia Sofia,8,6,1,1,15,10,5,19,Bulgaria - Parva Liga,0.75,0.88,5,2.38,1.88,1.33,1.14,2
Arda,8,4,3,1,13,11,2,15,Bulgaria - Parva Liga,0.5,0.88,2,1.88,1.62,2.0,1.14,3
CSKA Sofia,8,3,5,0,16,10,6,14,Bulgaria - Parva Liga,0.38,1.0,6,1.75,2.0,2.63,1.0,4
Levski Sofia,8,4,2,2,14,11,3,14,Bulgaria - Parva Liga,0.5,0.75,3,1.75,1.75,2.0,1.33,4
Cherno More,8,3,4,1,11,6,5,13,Bulgaria - Parva Liga,0.38,0.88,5,1.62,1.38,2.63,1.14,5
Beroe,8,4,1,3,13,9,4,13,Bulgaria - Parva Liga,0.5,0.62,4,1.62,1.62,2.0,1.61,5
Spartak Varna,8,4,1,3,13,12,1,13,Bulgaria - Parva Liga,0.5,0.62,1,1.62,1.62,2.0,1.61,5
CSKA 1948 Sofia,8,4,1,3,12,14,-2,13,Bulgaria - Parva Liga,0.5,0.62,-2,1.62,1.5,2.0,1.61,5
Botev Plovdiv,8,3,2,3,10,15,-5,11,Bulgaria - Parva Liga,0.38,0.62,-5,1.38,1.25,2.63,1.61,6
Septemvri Sofia,8,3,1,4,11,9,2,10,Bulgaria - Parva Liga,0.38,0.5,2,1.25,1.38,2.63,2.0,7
Lokomotiv Sofia,8,2,2,4,6,9,-3,8,Bulgaria - Parva Liga,0.25,0.5,-3,1.0,0.75,4.0,2.0,8
Botev Vratsa,8,2,2,4,6,12,-6,8,Bulgaria - Parva Liga,0.25,0.5,-6,1.0,0.75,4.0,2.0,8
L. Krumovgrad,8,1,4,3,5,7,-2,7,Bulgaria - Parva Liga,0.12,0.62,-2,0.88,0.62,8.33,1.61,9
Lok. Plovdiv,8,2,1,5,5,10,-5,7,Bulgaria - Parva Liga,0.25,0.38,-5,0.88,0.62,4.0,2.63,9
Hebar,8,1,3,4,5,11,-6,6,Bulgaria - Parva Liga,0.12,0.5,-6,0.75,0.62,8.33,2.0,10
Union La Calera,4,3,1,0,9,3,6,10,Chile - Primera Division,0.75,1.0,6,2.5,2.25,1.33,1.0,1
Huachipato,3,3,0,0,9,2,7,9,Chile - Primera Division,1.0,1.0,7,3.0,3.0,1.0,1.0,2
Audax Italiano,3,2,1,0,8,4,4,7,Chile - Primera Division,0.67,1.0,4,2.33,2.67,1.49,1.0,3
Cobresal,3,2,1,0,5,2,3,7,Chile - Primera Division,0.67,1.0,3,2.33,1.67,1.49,1.0,3
Coquimbo Unido,3,2,1,0,4,2,2,7,Chile - Primera Division,0.67,1.0,2,2.33,1.33,1.49,1.0,3
U. de Chile,2,2,0,0,6,0,6,6,Chile - Primera Division,1.0,1.0,6,3.0,3.0,1.0,1.0,4
U. Catolica,2,2,0,0,4,1,3,6,Chile - Primera Division,1.0,1.0,3,3.0,2.0,1.0,1.0,4
Palestino,3,2,0,1,4,3,1,6,Chile - Primera Division,0.67,0.67,1,2.0,1.33,1.49,1.49,4
La Serena,3,2,0,1,3,3,0,6,Chile - Primera Division,0.67,0.67,0,2.0,1.0,1.49,1.49,4
OHiggins,3,1,2,0,4,2,2,5,Chile - Primera Division,0.33,1.0,2,1.67,1.33,3.03,1.0,5
Colo-Colo,3,1,1,1,3,2,1,4,Chile - Primera Division,0.33,0.67,1,1.33,1.0,3.03,1.49,6
Everton,3,1,1,1,3,2,1,4,Chile - Primera Division,0.33,0.67,1,1.33,1.0,3.03,1.49,6
Nublense,3,0,3,0,3,3,0,3,Chile - Primera Division,0.0,1.0,0,1.0,1.0,0.0,1.0,7
D. Limache,3,0,1,2,4,6,-2,1,Chile - Primera Division,0.0,0.33,-2,0.33,1.33,0.0,3.03,8
Union Espanola,2,0,0,2,1,5,-4,0,Chile - Primera Division,0.0,0.0,-4,0.0,0.5,0.0,0.0,9
D. Iquique,3,0,0,3,1,10,-9,0,Chile - Primera Division,0.0,0.0,-9,0.0,0.33,0.0,0.0,9
Magallanes,3,2,0,1,4,1,3,6,Chile - Primera B,0.67,0.67,3,2.0,1.33,1.49,1.49,1
Recoleta,2,2,0,0,4,2,2,6,Chile - Primera B,1.0,1.0,2,3.0,2.0,1.0,1.0,1
U. Concepcion,3,2,0,1,4,3,1,6,Chile - Primera B,0.67,0.67,1,2.0,1.33,1.49,1.49,1
S. Wanderers,2,1,1,0,4,0,4,4,Chile - Primera B,0.5,1.0,4,2.0,2.0,2.0,1.0,2
Copiapo,2,1,1,0,5,2,3,4,Chile - Primera B,0.5,1.0,3,2.0,2.5,2.0,1.0,2
Antofagasta,2,1,1,0,3,1,2,4,Chile - Primera B,0.5,1.0,2,2.0,1.5,2.0,1.0,2
S. Morning,2,1,1,0,2,1,1,4,Chile - Primera B,0.5,1.0,1,2.0,1.0,2.0,1.0,2
Cobreloa,3,1,1,1,5,5,0,4,Chile - Primera B,0.33,0.67,0,1.33,1.67,3.03,1.49,2
Deportes Temuco,1,1,0,0,2,1,1,3,Chile - Primera B,1.0,1.0,1,3.0,2.0,1.0,1.0,3
CD Santa Cruz,2,1,0,1,2,3,-1,3,Chile - Primera B,0.5,0.5,-1,1.5,1.0,2.0,2.0,3
Rangers,2,0,2,0,3,3,0,2,Chile - Primera B,0.0,1.0,0,1.0,1.5,0.0,1.0,4
San Luis,2,0,2,0,1,1,0,2,Chile - Primera B,0.0,1.0,0,1.0,0.5,0.0,1.0,4
Curico Unido,3,0,2,1,4,5,-1,2,Chile - Primera B,0.0,0.67,-1,0.67,1.33,0.0,1.49,4
Concepcion,2,0,1,1,2,3,-1,1,Chile - Primera B,0.0,0.5,-1,0.5,1.0,0.0,2.0,5
San Marcos,3,0,1,2,3,5,-2,1,Chile - Primera B,0.0,0.33,-2,0.33,1.0,0.0,3.03,5
U. San Felipe,3,0,1,2,0,2,-2,1,Chile - Primera B,0.0,0.33,-2,0.33,0.0,0.0,3.03,5
Shanghai Port,2,2,0,0,5,1,4,6,China - Super League,1.0,1.0,4,3.0,2.5,1.0,1.0,1
Shandong T.,2,1,1,0,4,1,3,4,China - Super League,0.5,1.0,3,2.0,2.0,2.0,1.0,2
Qingdao West C.,2,1,1,0,5,3,2,4,China - Super League,0.5,1.0,2,2.0,2.5,2.0,1.0,2
S. Shenhua,2,1,1,0,4,3,1,4,China - Super League,0.5,1.0,1,2.0,2.0,2.0,1.0,2
Tianjin T.,2,1,1,0,3,2,1,4,China - Super League,0.5,1.0,1,2.0,1.5,2.0,1.0,2
Dalian Yingbo,1,1,0,0,2,0,2,3,China - Super League,1.0,1.0,2,3.0,2.0,1.0,1.0,3
Meizhou Hakka,2,1,0,1,5,5,0,3,China - Super League,0.5,0.5,0,1.5,2.5,2.0,2.0,3
Chengdu,2,1,0,1,2,2,0,3,China - Super League,0.5,0.5,0,1.5,1.0,2.0,2.0,3
Beijing Guoan,1,0,1,0,1,1,0,1,China - Super League,0.0,1.0,0,1.0,1.0,0.0,1.0,4
Zhejiang,1,0,1,0,1,1,0,1,China - Super League,0.0,1.0,0,1.0,1.0,0.0,1.0,4
Qingdao Hainiu,2,0,1,1,2,3,-1,1,China - Super League,0.0,0.5,-1,0.5,1.0,0.0,2.0,4
Yunnan Yukun,2,0,1,1,1,3,-2,1,China - Super League,0.0,0.5,-2,0.5,0.5,0.0,2.0,4
Changchun Yatai,0,0,0,0,0,0,0,0,China - Super League,0.0,0.0,0,0.0,0.0,0.0,0.0,5
Sichuan Jiuniu,1,0,0,1,3,4,-1,0,China - Super League,0.0,0.0,-1,0.0,3.0,0.0,0.0,5
Henan SL,1,0,0,1,1,3,-2,0,China - Super League,0.0,0.0,-2,0.0,1.0,0.0,0.0,5
Wuhan Three T.,1,0,0,1,0,4,-4,0,China - Super League,0.0,0.0,-4,0.0,0.0,0.0,0.0,5
Chongqing T.,2,1,1,0,3,2,1,4,China - League One,0.5,1.0,1,2.0,1.5,2.0,1.0,1
Guangdong GZP,1,1,0,0,4,0,4,3,China - League One,1.0,1.0,4,3.0,4.0,1.0,1.0,2
Shaanxi Union,1,1,0,0,3,1,2,3,China - League One,1.0,1.0,2,3.0,3.0,1.0,1.0,2
Shanghai Jiadin,1,1,0,0,2,1,1,3,China - League One,1.0,1.0,1,3.0,2.0,1.0,1.0,2
Shenzhen J.,1,1,0,0,2,1,1,3,China - League One,1.0,1.0,1,3.0,2.0,1.0,1.0,2
Nantong Zhiyun,2,1,0,1,1,2,-1,3,China - League One,0.5,0.5,-1,1.5,0.5,2.0,2.0,2
Heilongjiang IC,1,0,1,0,2,2,0,1,China - League One,0.0,1.0,0,1.0,2.0,0.0,1.0,3
Qingdao RL,1,0,1,0,1,1,0,1,China - League One,0.0,1.0,0,1.0,1.0,0.0,1.0,3
Suzhou Dongwu,1,0,1,0,0,0,0,1,China - League One,0.0,1.0,0,1.0,0.0,0.0,1.0,3
Liaoning Tieren,0,0,0,0,0,0,0,0,China - League One,0.0,0.0,0,0.0,0.0,0.0,0.0,4
S. Gongfu,0,0,0,0,0,0,0,0,China - League One,0.0,0.0,0,0.0,0.0,0.0,0.0,4
Yanbian Longdin,0,0,0,0,0,0,0,0,China - League One,0.0,0.0,0,0.0,0.0,0.0,0.0,4
Nanjing City,1,0,0,1,1,2,-1,0,China - League One,0.0,0.0,-1,0.0,1.0,0.0,0.0,4
Dalian Kuncheng,1,0,0,1,0,2,-2,0,China - League One,0.0,0.0,-2,0.0,0.0,0.0,0.0,4
Foshan Nanshi,1,0,0,1,0,2,-2,0,China - League One,0.0,0.0,-2,0.0,0.0,0.0,0.0,4
Guangxi Baoyun,2,0,0,2,0,4,-4,0,China - League One,0.0,0.0,-4,0.0,0.0,0.0,0.0,4
Shanghai Port B,2,2,0,0,7,1,6,6,China - League Two,1.0,1.0,6,3.0,3.5,1.0,1.0,1
Guangzhou Dande,1,1,0,0,2,0,2,3,China - League Two,1.0,1.0,2,3.0,2.0,1.0,1.0,2
Chengdu Rongche,1,1,0,0,2,1,1,3,China - League Two,1.0,1.0,1,3.0,2.0,1.0,1.0,2
Ganzhou Ruishi,1,1,0,0,1,0,1,3,China - League Two,1.0,1.0,1,3.0,1.0,1.0,1.0,2
Shandong T. B,2,0,2,0,2,2,0,2,China - League Two,0.0,1.0,0,1.0,1.0,0.0,1.0,3
Jiangxi DH,1,0,1,0,2,2,0,1,China - League Two,0.0,1.0,0,1.0,2.0,0.0,1.0,4
Jiangxi Lushan,1,0,1,0,1,1,0,1,China - League Two,0.0,1.0,0,1.0,1.0,0.0,1.0,4
Langfang Glory,1,0,1,0,1,1,0,1,China - League Two,0.0,1.0,0,1.0,1.0,0.0,1.0,4
Rizhao Yuqi,1,0,1,0,1,1,0,1,China - League Two,0.0,1.0,0,1.0,1.0,0.0,1.0,4
Wuhan Three Tow,1,0,1,0,1,1,0,1,China - League Two,0.0,1.0,0,1.0,1.0,0.0,1.0,4
Guangxi Lanhang,1,0,1,0,0,0,0,1,China - League Two,0.0,1.0,0,1.0,0.0,0.0,1.0,4
Guizhou Zhuchen,1,0,1,0,0,0,0,1,China - League Two,0.0,1.0,0,1.0,0.0,0.0,1.0,4
Nantong Haimen,1,0,1,0,0,0,0,1,China - League Two,0.0,1.0,0,1.0,0.0,0.0,1.0,4
Quanzhou Yassin,1,0,1,0,0,0,0,1,China - League Two,0.0,1.0,0,1.0,0.0,0.0,1.0,4
Wuxi Wugou,1,0,1,0,0,0,0,1,China - League Two,0.0,1.0,0,1.0,0.0,0.0,1.0,4
Guangxi H.,2,0,1,1,1,3,-2,1,China - League Two,0.0,0.5,-2,0.5,0.5,0.0,2.0,4
Changchun Xidu,0,0,0,0,0,0,0,0,China - League Two,0.0,0.0,0,0.0,0.0,0.0,0.0,5
Haikou M.,0,0,0,0,0,0,0,0,China - League Two,0.0,0.0,0,0.0,0.0,0.0,0.0,5
Shenzhen 2028,0,0,0,0,0,0,0,0,China - League Two,0.0,0.0,0,0.0,0.0,0.0,0.0,5
Taian Tiankuang,0,0,0,0,0,0,0,0,China - League Two,0.0,0.0,0,0.0,0.0,0.0,0.0,5
Xian Ronghai,0,0,0,0,0,0,0,0,China - League Two,0.0,0.0,0,0.0,0.0,0.0,0.0,5
Hubei Istar,1,0,0,1,1,3,-2,0,China - League Two,0.0,0.0,-2,0.0,1.0,0.0,0.0,5
Beijing IT,2,0,0,2,0,2,-2,0,China - League Two,0.0,0.0,-2,0.0,0.0,0.0,0.0,5
Guangdong Mingt,2,0,0,2,1,4,-3,0,China - League Two,0.0,0.0,-3,0.0,0.5,0.0,0.0,5
America de Cali,7,6,1,0,16,4,12,19,Colombia - Primera A - Apertura,0.86,1.0,12,2.71,2.29,1.16,1.0,1
Millonarios,6,5,0,1,9,2,7,15,Colombia - Primera A - Apertura,0.83,0.83,7,2.5,1.5,1.2,1.2,2
A. Nacional,5,4,1,0,13,4,9,13,Colombia - Primera A - Apertura,0.8,1.0,9,2.6,2.6,1.25,1.0,3
Deportes Tolima,5,4,1,0,8,1,7,13,Colombia - Primera A - Apertura,0.8,1.0,7,2.6,1.6,1.25,1.0,3
Deportivo Pasto,6,4,1,1,9,4,5,13,Colombia - Primera A - Apertura,0.67,0.83,5,2.17,1.5,1.49,1.2,3
I. Medelin,6,3,3,0,8,1,7,12,Colombia - Primera A - Apertura,0.5,1.0,7,2.0,1.33,2.0,1.0,4
Santa Fe,6,3,3,0,10,6,4,12,Colombia - Primera A - Apertura,0.5,1.0,4,2.0,1.67,2.0,1.0,4
Once Caldas,6,4,0,2,9,6,3,12,Colombia - Primera A - Apertura,0.67,0.67,3,2.0,1.5,1.49,1.49,4
Junior,6,3,2,1,9,6,3,11,Colombia - Primera A - Apertura,0.5,0.83,3,1.83,1.5,2.0,1.2,5
D. Pereira,5,2,3,0,5,1,4,9,Colombia - Primera A - Apertura,0.4,1.0,4,1.8,1.0,2.5,1.0,6
Deportivo Cali,5,2,3,0,5,2,3,9,Colombia - Primera A - Apertura,0.4,1.0,3,1.8,1.0,2.5,1.0,6
A. Petrolera,5,2,2,1,6,5,1,8,Colombia - Primera A - Apertura,0.4,0.8,1,1.6,1.2,2.5,1.25,7
Fortaleza CEIF,5,2,2,1,5,7,-2,8,Colombia - Primera A - Apertura,0.4,0.8,-2,1.6,1.0,2.5,1.25,7
Llaneros,5,2,1,2,5,4,1,7,Colombia - Primera A - Apertura,0.4,0.6,1,1.4,1.0,2.5,1.67,8
Boyaca Chico,5,1,3,1,4,5,-1,6,Colombia - Primera A - Apertura,0.2,0.8,-1,1.2,0.8,5.0,1.25,9
R. Aguilas,5,1,2,2,2,3,-1,5,Colombia - Primera A - Apertura,0.2,0.6,-1,1.0,0.4,5.0,1.67,10
A. Bucaramanga,5,1,2,2,3,6,-3,5,Colombia - Primera A - Apertura,0.2,0.6,-3,1.0,0.6,5.0,1.67,10
Union Magdalena,6,0,4,2,4,7,-3,4,Colombia - Primera A - Apertura,0.0,0.67,-3,0.67,0.67,0.0,1.49,11
La Equidad,5,0,2,3,3,6,-3,2,Colombia - Primera A - Apertura,0.0,0.4,-3,0.4,0.6,0.0,2.5,12
Envigado,4,0,1,3,1,9,-8,1,Colombia - Primera A - Apertura,0.0,0.25,-8,0.25,0.25,0.0,4.0,13
Deportivo Pasto,8,6,0,2,14,8,6,18,Colombia - Primera A - Clausura,0.75,0.75,6,2.25,1.75,1.33,1.33,1
I. Medelin,8,5,2,1,11,2,9,17,Colombia - Primera A - Clausura,0.62,0.88,9,2.12,1.38,1.61,1.14,2
Junior,8,5,2,1,17,9,8,17,Colombia - Primera A - Clausura,0.62,0.88,8,2.12,2.12,1.61,1.14,2
Millonarios,8,5,2,1,11,3,8,17,Colombia - Primera A - Clausura,0.62,0.88,8,2.12,1.38,1.61,1.14,2
America de Cali,8,5,2,1,9,3,6,17,Colombia - Primera A - Clausura,0.62,0.88,6,2.12,1.12,1.61,1.14,2
D. Pereira,8,5,1,2,10,6,4,16,Colombia - Primera A - Clausura,0.62,0.75,4,2.0,1.25,1.61,1.33,3
Santa Fe,8,4,3,1,12,5,7,15,Colombia - Primera A - Clausura,0.5,0.88,7,1.88,1.5,2.0,1.14,4
Deportes Tolima,8,4,3,1,10,4,6,15,Colombia - Primera A - Clausura,0.5,0.88,6,1.88,1.25,2.0,1.14,4
Patriotas,8,4,2,2,14,8,6,14,Colombia - Primera A - Clausura,0.5,0.75,6,1.75,1.75,2.0,1.33,5
Once Caldas,8,4,2,2,11,8,3,14,Colombia - Primera A - Clausura,0.5,0.75,3,1.75,1.38,2.0,1.33,5
A. Nacional,8,3,4,1,15,11,4,13,Colombia - Primera A - Clausura,0.38,0.88,4,1.62,1.88,2.63,1.14,6
A. Petrolera,8,3,3,2,11,8,3,12,Colombia - Primera A - Clausura,0.38,0.75,3,1.5,1.38,2.63,1.33,7
Boyaca Chico,8,3,3,2,7,10,-3,12,Colombia - Primera A - Clausura,0.38,0.75,-3,1.5,0.88,2.63,1.33,7
Fortaleza CEIF,8,3,2,3,9,9,0,11,Colombia - Primera A - Clausura,0.38,0.62,0,1.38,1.12,2.63,1.61,8
La Equidad,8,2,4,2,10,11,-1,10,Colombia - Primera A - Clausura,0.25,0.75,-1,1.25,1.25,4.0,1.33,9
Deportivo Cali,8,3,1,4,7,9,-2,10,Colombia - Primera A - Clausura,0.38,0.5,-2,1.25,0.88,2.63,2.0,9
R. Aguilas,8,2,3,3,7,9,-2,9,Colombia - Primera A - Clausura,0.25,0.62,-2,1.12,0.88,4.0,1.61,10
Jaguares de C.,8,2,3,3,5,8,-3,9,Colombia - Primera A - Clausura,0.25,0.62,-3,1.12,0.62,4.0,1.61,10
Envigado,8,2,2,4,4,4,0,8,Colombia - Primera A - Clausura,0.25,0.5,0,1.0,0.5,4.0,2.0,11
A. Bucaramanga,8,2,2,4,6,9,-3,8,Colombia - Primera A - Clausura,0.25,0.5,-3,1.0,0.75,4.0,2.0,11
Guanacasteca,8,8,0,0,13,3,10,24,Costa Rica - Primera Div. - Apertura,1.0,1.0,10,3.0,1.62,1.0,1.0,1
Alajuelense,8,6,2,0,19,5,14,20,Costa Rica - Primera Div. - Apertura,0.75,1.0,14,2.5,2.38,1.33,1.0,2
Cartagines,8,6,2,0,16,8,8,20,Costa Rica - Primera Div. - Apertura,0.75,1.0,8,2.5,2.0,1.33,1.0,2
Saprissa,8,5,2,1,17,11,6,17,Costa Rica - Primera Div. - Apertura,0.62,0.88,6,2.12,2.12,1.61,1.14,3
Herediano,8,4,1,3,15,14,1,13,Costa Rica - Primera Div. - Apertura,0.5,0.62,1,1.62,1.88,2.0,1.61,4
San Carlos,8,2,6,0,9,6,3,12,Costa Rica - Primera Div. - Apertura,0.25,1.0,3,1.5,1.12,4.0,1.0,5
Santos Guapiles,8,4,0,4,13,11,2,12,Costa Rica - Primera Div. - Apertura,0.5,0.5,2,1.5,1.62,2.0,2.0,5
Zeledon,8,3,3,2,10,8,2,12,Costa Rica - Primera Div. - Apertura,0.38,0.75,2,1.5,1.25,2.63,1.33,5
Santa Ana,8,3,3,2,11,11,0,12,Costa Rica - Primera Div. - Apertura,0.38,0.75,0,1.5,1.38,2.63,1.33,5
Sporting SJ,8,3,1,4,12,11,1,10,Costa Rica - Primera Div. - Apertura,0.38,0.5,1,1.25,1.5,2.63,2.0,6
Puntarenas,8,2,3,3,7,9,-2,9,Costa Rica - Primera Div. - Apertura,0.25,0.62,-2,1.12,0.88,4.0,1.61,7
M. Liberia,8,2,2,4,12,11,1,8,Costa Rica - Primera Div. - Apertura,0.25,0.5,1,1.0,1.5,4.0,2.0,8
Slavia Prague,8,8,0,0,18,2,16,24,CzechRepublic - 1. Liga,1.0,1.0,16,3.0,2.25,1.0,1.0,1
Banik Ostrava,8,7,0,1,21,6,15,21,CzechRepublic - 1. Liga,0.88,0.88,15,2.62,2.62,1.14,1.14,2
Sparta Prague,8,6,1,1,17,8,9,19,CzechRepublic - 1. Liga,0.75,0.88,9,2.38,2.12,1.33,1.14,3
Jablonec,8,5,2,1,19,5,14,17,CzechRepublic - 1. Liga,0.62,0.88,14,2.12,2.38,1.61,1.14,4
Viktoria Plzen,8,5,1,2,18,11,7,16,CzechRepublic - 1. Liga,0.62,0.75,7,2.0,2.25,1.61,1.33,5
Karvina,8,5,1,2,16,9,7,16,CzechRepublic - 1. Liga,0.62,0.75,7,2.0,2.0,1.61,1.33,5
Teplice,8,5,1,2,12,7,5,16,CzechRepublic - 1. Liga,0.62,0.75,5,2.0,1.5,1.61,1.33,5
Slovan Liberec,8,4,2,2,12,8,4,14,CzechRepublic - 1. Liga,0.5,0.75,4,1.75,1.5,2.0,1.33,6
Mlada Boleslav,8,3,2,3,11,11,0,11,CzechRepublic - 1. Liga,0.38,0.62,0,1.38,1.38,2.63,1.61,7
Hradec Kralove,8,2,4,2,9,7,2,10,CzechRepublic - 1. Liga,0.25,0.75,2,1.25,1.12,4.0,1.33,8
Sigma Olomouc,8,3,1,4,12,12,0,10,CzechRepublic - 1. Liga,0.38,0.5,0,1.25,1.5,2.63,2.0,8
Bohemians,8,2,4,2,11,12,-1,10,CzechRepublic - 1. Liga,0.25,0.75,-1,1.25,1.38,4.0,1.33,8
Slovacko,8,2,3,3,5,11,-6,9,CzechRepublic - 1. Liga,0.25,0.62,-6,1.12,0.62,4.0,1.61,9
Pardubice,8,1,4,3,5,9,-4,7,CzechRepublic - 1. Liga,0.12,0.62,-4,0.88,0.62,8.33,1.61,10
Dukla Praha,8,0,4,4,5,10,-5,4,CzechRepublic - 1. Liga,0.0,0.5,-5,0.5,0.62,0.0,2.0,11
C. Budejovice,8,0,2,6,4,20,-16,2,CzechRepublic - 1. Liga,0.0,0.25,-16,0.25,0.5,0.0,4.0,12
FC Kobenhavn,8,6,2,0,17,7,10,20,Denmark - Superligaen,0.75,1.0,10,2.5,2.12,1.33,1.0,1
Nordsjaelland,8,6,2,0,18,9,9,20,Denmark - Superligaen,0.75,1.0,9,2.5,2.25,1.33,1.0,1
FC Midtjylland,8,6,0,2,14,11,3,18,Denmark - Superligaen,0.75,0.75,3,2.25,1.75,1.33,1.33,2
AGF Aarhus,8,4,4,0,14,6,8,16,Denmark - Superligaen,0.5,1.0,8,2.0,1.75,2.0,1.0,3
Brondby IF,8,4,4,0,13,5,8,16,Denmark - Superligaen,0.5,1.0,8,2.0,1.62,2.0,1.0,3
Viborg,8,5,1,2,17,14,3,16,Denmark - Superligaen,0.62,0.75,3,2.0,2.12,1.61,1.33,3
Randers FC,8,4,3,1,16,8,8,15,Denmark - Superligaen,0.5,0.88,8,1.88,2.0,2.0,1.14,4
Vejle BK,8,2,3,3,11,17,-6,9,Denmark - Superligaen,0.25,0.62,-6,1.12,1.38,4.0,1.61,5
Lyngby,8,1,5,2,6,8,-2,8,Denmark - Superligaen,0.12,0.75,-2,1.0,0.75,8.33,1.33,6
Silkeborg,8,1,4,3,9,12,-3,7,Denmark - Superligaen,0.12,0.62,-3,0.88,1.12,8.33,1.61,7
SonderjyskE,8,2,1,5,11,23,-12,7,Denmark - Superligaen,0.25,0.38,-12,0.88,1.38,4.0,2.63,7
Aalborg BK,8,1,3,4,8,15,-7,6,Denmark - Superligaen,0.12,0.5,-7,0.75,1.0,8.33,2.0,8
Hvidovre,8,5,2,1,10,6,4,17,Denmark - 1st Division,0.62,0.88,4,2.12,1.25,1.61,1.14,1
AC Horsens,8,4,3,1,13,7,6,15,Denmark - 1st Division,0.5,0.88,6,1.88,1.62,2.0,1.14,2
Odense BK,8,4,3,1,14,13,1,15,Denmark - 1st Division,0.5,0.88,1,1.88,1.75,2.0,1.14,2
Esbjerg,8,4,1,3,14,12,2,13,Denmark - 1st Division,0.5,0.62,2,1.62,1.75,2.0,1.61,3
Kolding IF,8,3,2,3,10,7,3,11,Denmark - 1st Division,0.38,0.62,3,1.38,1.25,2.63,1.61,4
Hobro,8,3,2,3,11,12,-1,11,Denmark - 1st Division,0.38,0.62,-1,1.38,1.38,2.63,1.61,4
Hillerod,8,2,3,3,8,12,-4,9,Denmark - 1st Division,0.25,0.62,-4,1.12,1.0,4.0,1.61,5
HB Koge,8,3,0,5,11,16,-5,9,Denmark - 1st Division,0.38,0.38,-5,1.12,1.38,2.63,2.63,5
B 93,8,2,2,4,9,17,-8,8,Denmark - 1st Division,0.25,0.5,-8,1.0,1.12,4.0,2.0,6
Fredericia,8,2,1,5,8,12,-4,7,Denmark - 1st Division,0.25,0.38,-4,0.88,1.0,4.0,2.63,7
Vendsyssel,8,1,3,4,8,10,-2,6,Denmark - 1st Division,0.12,0.5,-2,0.75,1.0,8.33,2.0,8
Roskilde,8,2,0,6,8,15,-7,6,Denmark - 1st Division,0.25,0.25,-7,0.75,1.0,4.0,4.0,8
Aarhus Fremad,8,6,1,1,14,5,9,19,Denmark - 2nd Division,0.75,0.88,9,2.38,1.75,1.33,1.14,1
Fremad Amager,8,6,0,2,13,5,8,18,Denmark - 2nd Division,0.75,0.75,8,2.25,1.62,1.33,1.33,2
Skive,8,4,3,1,11,4,7,15,Denmark - 2nd Division,0.5,0.88,7,1.88,1.38,2.0,1.14,3
Naestved,8,4,2,2,10,10,0,14,Denmark - 2nd Division,0.5,0.75,0,1.75,1.25,2.0,1.33,4
AB Copenhagen,8,3,2,3,12,10,2,11,Denmark - 2nd Division,0.38,0.62,2,1.38,1.5,2.63,1.61,5
Hellerup IK,8,3,2,3,9,9,0,11,Denmark - 2nd Division,0.38,0.62,0,1.38,1.12,2.63,1.61,5
Middelfart,8,3,1,4,9,11,-2,10,Denmark - 2nd Division,0.38,0.5,-2,1.25,1.12,2.63,2.0,6
Thisted,8,2,2,4,7,10,-3,8,Denmark - 2nd Division,0.25,0.5,-3,1.0,0.88,4.0,2.0,7
BK Frem,8,1,3,4,7,10,-3,6,Denmark - 2nd Division,0.12,0.5,-3,0.75,0.88,8.33,2.0,8
Ishoj,8,1,3,4,8,12,-4,6,Denmark - 2nd Division,0.12,0.5,-4,0.75,1.0,8.33,2.0,8
Nykobing,8,1,2,5,8,15,-7,5,Denmark - 2nd Division,0.12,0.38,-7,0.62,1.0,8.33,2.63,9
Helsingor,8,0,4,4,7,13,-6,4,Denmark - 2nd Division,0.0,0.5,-6,0.5,0.88,0.0,2.0,10
LDU Quito,3,2,1,0,7,0,7,7,Ecuador - Liga Pro 1st Stage,0.67,1.0,7,2.33,2.33,1.49,1.0,1
Mushuc Runa,4,2,1,1,7,4,3,7,Ecuador - Liga Pro 1st Stage,0.5,0.75,3,1.75,1.75,2.0,1.33,1
Libertad,3,2,0,1,7,5,2,6,Ecuador - Liga Pro 1st Stage,0.67,0.67,2,2.0,2.33,1.49,1.49,2
Orense,2,2,0,0,4,2,2,6,Ecuador - Liga Pro 1st Stage,1.0,1.0,2,3.0,2.0,1.0,1.0,2
Cuniburo,3,2,0,1,6,5,1,6,Ecuador - Liga Pro 1st Stage,0.67,0.67,1,2.0,2.0,1.49,1.49,2
Barcelona SC,3,2,0,1,3,4,-1,6,Ecuador - Liga Pro 1st Stage,0.67,0.67,-1,2.0,1.0,1.49,1.49,2
U. Catolica,3,1,2,0,5,2,3,5,Ecuador - Liga Pro 1st Stage,0.33,1.0,3,1.67,1.67,3.03,1.0,3
Manta,4,1,2,1,9,9,0,5,Ecuador - Liga Pro 1st Stage,0.25,0.75,0,1.25,2.25,4.0,1.33,3
Aucas,3,1,1,1,7,5,2,4,Ecuador - Liga Pro 1st Stage,0.33,0.67,2,1.33,2.33,3.03,1.49,4
Delfin,2,1,1,0,2,0,2,4,Ecuador - Liga Pro 1st Stage,0.5,1.0,2,2.0,1.0,2.0,1.0,4
Macara,3,1,1,1,2,2,0,4,Ecuador - Liga Pro 1st Stage,0.33,0.67,0,1.33,0.67,3.03,1.49,4
Emelec,3,1,1,1,1,4,-3,4,Ecuador - Liga Pro 1st Stage,0.33,0.67,-3,1.33,0.33,3.03,1.49,4
D. Cuenca,3,1,0,2,3,3,0,3,Ecuador - Liga Pro 1st Stage,0.33,0.33,0,1.0,1.0,3.03,3.03,5
I. del Valle,3,0,3,0,3,3,0,3,Ecuador - Liga Pro 1st Stage,0.0,1.0,0,1.0,1.0,0.0,1.0,5
Tecnico U.,2,0,1,1,2,3,-1,1,Ecuador - Liga Pro 1st Stage,0.0,0.5,-1,0.5,1.0,0.0,2.0,6
El Nacional,4,0,1,3,0,3,-3,1,Ecuador - Liga Pro 1st Stage,0.0,0.25,-3,0.25,0.0,0.0,4.0,6
Guayaquil City,1,1,0,0,4,1,3,3,Ecuador - Serie B,1.0,1.0,3,3.0,4.0,1.0,1.0,1
San Antonio,1,1,0,0,2,0,2,3,Ecuador - Serie B,1.0,1.0,2,3.0,2.0,1.0,1.0,1
Gualaceo,1,1,0,0,3,2,1,3,Ecuador - Serie B,1.0,1.0,1,3.0,3.0,1.0,1.0,1
Vinotinto,1,1,0,0,2,1,1,3,Ecuador - Serie B,1.0,1.0,1,3.0,2.0,1.0,1.0,1
Cumbaya,1,1,0,0,1,0,1,3,Ecuador - Serie B,1.0,1.0,1,3.0,1.0,1.0,1.0,1
Vargas Torres,1,1,0,0,1,0,1,3,Ecuador - Serie B,1.0,1.0,1,3.0,1.0,1.0,1.0,1
22 de Julio,1,0,1,0,1,1,0,1,Ecuador - Serie B,0.0,1.0,0,1.0,1.0,0.0,1.0,2
Chacaritas,1,0,1,0,1,1,0,1,Ecuador - Serie B,0.0,1.0,0,1.0,1.0,0.0,1.0,2
Leones Norte,1,0,1,0,1,1,0,1,Ecuador - Serie B,0.0,1.0,0,1.0,1.0,0.0,1.0,2
Nueve Octubre,1,0,1,0,0,0,0,1,Ecuador - Serie B,0.0,1.0,0,1.0,0.0,0.0,1.0,2
I. Juniors,1,0,0,1,0,2,-2,0,Ecuador - Serie B,0.0,0.0,-2,0.0,0.0,0.0,0.0,3
Imbabura,1,0,0,1,0,2,-2,0,Ecuador - Serie B,0.0,0.0,-2,0.0,0.0,0.0,0.0,3
Pyramids FC,8,7,1,0,19,3,16,22,Egypt - Premier League,0.88,1.0,16,2.75,2.38,1.14,1.0,1
Zamalek,8,5,3,0,17,6,11,18,Egypt - Premier League,0.62,1.0,11,2.25,2.12,1.61,1.0,2
Al Ahly,8,5,3,0,13,5,8,18,Egypt - Premier League,0.62,1.0,8,2.25,1.62,1.61,1.0,2
Al Masry,8,4,3,1,8,5,3,15,Egypt - Premier League,0.5,0.88,3,1.88,1.0,2.0,1.14,3
Haras El Hodood,8,4,2,2,8,3,5,14,Egypt - Premier League,0.5,0.75,5,1.75,1.0,2.0,1.33,4
Ceramica C.,8,3,3,2,14,9,5,12,Egypt - Premier League,0.38,0.75,5,1.5,1.75,2.63,1.33,5
El Gouna,8,4,0,4,8,5,3,12,Egypt - Premier League,0.5,0.5,3,1.5,1.0,2.0,2.0,5
Pharco,8,3,3,2,9,8,1,12,Egypt - Premier League,0.38,0.75,1,1.5,1.12,2.63,1.33,5
Petrojet,8,3,3,2,8,7,1,12,Egypt - Premier League,0.38,0.75,1,1.5,1.0,2.63,1.33,5
National Bank,8,3,3,2,8,8,0,12,Egypt - Premier League,0.38,0.75,0,1.5,1.0,2.63,1.33,5
ZED FC,8,2,5,1,9,6,3,11,Egypt - Premier League,0.25,0.88,3,1.38,1.12,4.0,1.14,6
Ghazl El M.,8,3,1,4,6,7,-1,10,Egypt - Premier League,0.38,0.5,-1,1.25,0.75,2.63,2.0,7
Ismaily,8,2,3,3,6,11,-5,9,Egypt - Premier League,0.25,0.62,-5,1.12,0.75,4.0,1.61,8
ENPPI,8,2,2,4,4,8,-4,8,Egypt - Premier League,0.25,0.5,-4,1.0,0.5,4.0,2.0,9
El Geish,8,1,4,3,5,7,-2,7,Egypt - Premier League,0.12,0.62,-2,0.88,0.62,8.33,1.61,10
Al Ittihad,8,2,1,5,4,8,-4,7,Egypt - Premier League,0.25,0.38,-4,0.88,0.5,4.0,2.63,10
Modern Sport,8,2,1,5,6,11,-5,7,Egypt - Premier League,0.25,0.38,-5,0.88,0.75,4.0,2.63,10
Smouha,8,2,1,5,6,15,-9,7,Egypt - Premier League,0.25,0.38,-9,0.88,0.75,4.0,2.63,10
Liverpool,8,6,2,0,20,8,12,20,Premier League,0.75,1.0,12,2.5,2.5,1.33,1.0,1
Nottm Forest,8,6,2,0,16,4,12,20,Premier League,0.75,1.0,12,2.5,2.0,1.33,1.0,1
Chelsea,8,6,1,1,18,7,11,19,Premier League,0.75,0.88,11,2.38,2.25,1.33,1.14,2
Arsenal,8,5,2,1,13,5,8,17,Premier League,0.62,0.88,8,2.12,1.62,1.61,1.14,4
Aston Villa,8,4,4,0,13,9,4,16,Premier League,0.5,1.0,4,2.0,1.62,2.0,1.0,5
Manchester City,8,4,2,2,18,9,9,14,Premier League,0.5,0.75,9,1.75,2.25,2.0,1.33,7
Newcastle Utd,8,4,1,3,19,14,5,13,Premier League,0.5,0.62,5,1.62,2.38,2.0,1.61,8
Brighton,8,3,3,2,10,8,2,12,Premier League,0.38,0.75,2,1.5,1.25,2.63,1.33,9
Bournemouth,8,3,2,3,9,6,3,11,Premier League,0.38,0.62,3,1.38,1.12,2.63,1.61,10
Crystal Palace,8,3,2,3,13,14,-1,11,Premier League,0.38,0.62,-1,1.38,1.62,2.63,1.61,10
Everton,8,2,4,2,12,10,2,10,Premier League,0.25,0.75,2,1.25,1.5,4.0,1.33,11
Fulham,8,2,4,2,9,9,0,10,Premier League,0.25,0.75,0,1.25,1.12,4.0,1.33,11
West Ham Utd,8,3,1,4,8,13,-5,10,Premier League,0.38,0.5,-5,1.25,1.0,2.63,2.0,11
Wolverhampton,8,2,1,5,9,13,-4,7,Premier League,0.25,0.38,-4,0.88,1.12,4.0,2.63,14
Manchester Utd,8,2,1,5,10,17,-7,7,Premier League,0.25,0.38,-7,0.88,1.25,4.0,2.63,14
Tottenham,8,1,2,5,13,19,-6,5,Premier League,0.12,0.38,-6,0.62,1.62,8.33,2.63,15
Brentford,8,1,2,5,8,15,-7,5,Premier League,0.12,0.38,-7,0.62,1.0,8.33,2.63,15
Ipswich Town,8,1,0,7,7,24,-17,3,Premier League,0.12,0.12,-17,0.38,0.88,8.33,8.33,16
Leicester City,8,0,1,7,2,20,-18,1,Premier League,0.0,0.12,-18,0.12,0.25,0.0,8.33,17
Southampton,8,0,0,8,4,28,-24,0,Premier League,0.0,0.0,-24,0.0,0.5,0.0,0.0,18
Bristol City,8,6,1,1,13,5,8,19,Premier League,0.75,0.88,8,2.38,1.62,1.33,1.14,2
Coventry City,8,6,1,1,12,6,6,19,Premier League,0.75,0.88,6,2.38,1.5,1.33,1.14,2
Leeds Utd,8,5,3,0,20,5,15,18,Premier League,0.62,1.0,15,2.25,2.5,1.61,1.0,3
Burnley,8,5,3,0,13,1,12,18,Premier League,0.62,1.0,12,2.25,1.62,1.61,1.0,3
West Brom,8,5,2,1,15,7,8,17,Premier League,0.62,0.88,8,2.12,1.88,1.61,1.14,4
QP Rangers,8,5,1,2,16,10,6,16,Premier League,0.62,0.75,6,2.0,2.0,1.61,1.33,5
Preston,8,4,4,0,10,5,5,16,Premier League,0.5,1.0,5,2.0,1.25,2.0,1.0,5
Portsmouth,8,5,1,2,10,6,4,16,Premier League,0.62,0.75,4,2.0,1.25,1.61,1.33,5
Oxford Utd,8,5,1,2,13,10,3,16,Premier League,0.62,0.75,3,2.0,1.62,1.61,1.33,5
Sheffield Utd,8,5,1,2,13,10,3,16,Premier League,0.62,0.75,3,2.0,1.62,1.61,1.33,5
Sunderland,8,4,3,1,11,7,4,15,Premier League,0.5,0.88,4,1.88,1.38,2.0,1.14,6
Stoke City,8,4,3,1,9,5,4,15,Premier League,0.5,0.88,4,1.88,1.12,2.0,1.14,6
Norwich City,8,4,2,2,16,10,6,14,Premier League,0.5,0.75,6,1.75,2.0,2.0,1.33,7
Middlesbrough,8,4,2,2,10,7,3,14,Premier League,0.5,0.75,3,1.75,1.25,2.0,1.33,7
Cardiff City,8,3,3,2,11,8,3,12,Premier League,0.38,0.75,3,1.5,1.38,2.63,1.33,9
Millwall,8,3,2,3,7,8,-1,11,Premier League,0.38,0.62,-1,1.38,0.88,2.63,1.61,10
Blackburn,8,3,1,4,9,8,1,10,Premier League,0.38,0.5,1,1.25,1.12,2.63,2.0,11
Swansea City,8,3,1,4,8,9,-1,10,Premier League,0.38,0.5,-1,1.25,1.0,2.63,2.0,11
Sheffield Wed,8,2,3,3,13,12,1,9,Premier League,0.25,0.62,1,1.12,1.62,4.0,1.61,12
Luton Town,8,2,3,3,4,5,-1,9,Premier League,0.25,0.62,-1,1.12,0.5,4.0,1.61,12
Hull City,8,2,2,4,10,11,-1,8,Premier League,0.25,0.5,-1,1.0,1.25,4.0,2.0,13
Plymouth,8,2,2,4,11,16,-5,8,Premier League,0.25,0.5,-5,1.0,1.38,4.0,2.0,13
Derby County,8,2,1,5,4,7,-3,7,Premier League,0.25,0.38,-3,0.88,0.5,4.0,2.63,14
Watford,8,2,1,5,6,11,-5,7,Premier League,0.25,0.38,-5,0.88,0.75,4.0,2.63,14
Charlton,8,8,0,0,17,2,15,24,League One,1.0,1.0,15,3.0,2.12,1.0,1.0,1
Birmingham City,8,8,0,0,17,3,14,24,League One,1.0,1.0,14,3.0,2.12,1.0,1.0,1
Stockport,8,5,2,1,11,6,5,17,League One,0.62,0.88,5,2.12,1.38,1.61,1.14,2
Bolton,8,5,1,2,18,11,7,16,League One,0.62,0.75,7,2.0,2.25,1.61,1.33,3
Bristol Rovers,8,5,1,2,17,11,6,16,League One,0.62,0.75,6,2.0,2.12,1.61,1.33,3
Reading,8,4,4,0,10,4,6,16,League One,0.5,1.0,6,2.0,1.25,2.0,1.0,3
Leyton Orient,8,5,0,3,12,7,5,15,League One,0.62,0.62,5,1.88,1.5,1.61,1.61,4
Wycombe,8,4,2,2,7,3,4,14,League One,0.5,0.75,4,1.75,0.88,2.0,1.33,5
Wrexham,8,4,2,2,9,7,2,14,League One,0.5,0.75,2,1.75,1.12,2.0,1.33,5
Blackpool,8,3,4,1,13,10,3,13,League One,0.38,0.88,3,1.62,1.62,2.63,1.14,6
Lincoln City,8,3,3,2,15,6,9,12,League One,0.38,0.75,9,1.5,1.88,2.63,1.33,7
Peterborough,8,3,3,2,10,9,1,12,League One,0.38,0.75,1,1.5,1.25,2.63,1.33,7
Barnsley,8,3,2,3,11,11,0,11,League One,0.38,0.62,0,1.38,1.38,2.63,1.61,8
Wigan Athletic,8,3,2,3,9,9,0,11,League One,0.38,0.62,0,1.38,1.12,2.63,1.61,8
Rotherham,8,3,1,4,11,14,-3,10,League One,0.38,0.5,-3,1.25,1.38,2.63,2.0,9
Burton Albion,8,2,3,3,13,13,0,9,League One,0.25,0.62,0,1.12,1.62,4.0,1.61,10
Crawley Town,8,2,3,3,8,9,-1,9,League One,0.25,0.62,-1,1.12,1.0,4.0,1.61,10
Stevenage,8,2,2,4,11,11,0,8,League One,0.25,0.5,0,1.0,1.38,4.0,2.0,11
Cambridge Utd,8,2,2,4,7,8,-1,8,League One,0.25,0.5,-1,1.0,0.88,4.0,2.0,11
Shrewsbury,8,2,2,4,7,10,-3,8,League One,0.25,0.5,-3,1.0,0.88,4.0,2.0,11
Northampton,8,2,2,4,8,12,-4,8,League One,0.25,0.5,-4,1.0,1.0,4.0,2.0,11
Exeter City,8,2,2,4,13,18,-5,8,League One,0.25,0.5,-5,1.0,1.62,4.0,2.0,11
Mansfield,8,2,1,5,6,11,-5,7,League One,0.25,0.38,-5,0.88,0.75,4.0,2.63,12
Huddersfield,8,1,3,4,6,6,0,6,League One,0.12,0.5,0,0.75,0.75,8.33,2.0,13
Bradford,8,7,0,1,15,2,13,21,League Two,0.88,0.88,13,2.62,1.88,1.14,1.14,1
Port Vale,8,6,1,1,12,5,7,19,League Two,0.75,0.88,7,2.38,1.5,1.33,1.14,2
Doncaster,8,5,1,2,15,8,7,16,League Two,0.62,0.75,7,2.0,1.88,1.61,1.33,3
AFC Wimbledon,8,5,1,2,12,5,7,16,League Two,0.62,0.75,7,2.0,1.5,1.61,1.33,3
Colchester Utd,8,5,1,2,11,7,4,16,League Two,0.62,0.75,4,2.0,1.38,1.61,1.33,3
Newport,8,5,1,2,10,7,3,16,League Two,0.62,0.75,3,2.0,1.25,1.61,1.33,3
Harrogate,8,4,3,1,8,5,3,15,League Two,0.5,0.88,3,1.88,1.0,2.0,1.14,4
Chesterfield,8,4,2,2,14,9,5,14,League Two,0.5,0.75,5,1.75,1.75,2.0,1.33,5
Swindon Town,8,3,5,0,14,9,5,14,League Two,0.38,1.0,5,1.75,1.75,2.63,1.0,5
Fleetwood,8,3,4,1,10,6,4,13,League Two,0.38,0.88,4,1.62,1.25,2.63,1.14,6
Morecambe,8,4,1,3,10,8,2,13,League Two,0.5,0.62,2,1.62,1.25,2.0,1.61,6
Walsall,8,3,3,2,17,12,5,12,League Two,0.38,0.75,5,1.5,2.12,2.63,1.33,7
Barrow,8,4,0,4,11,8,3,12,League Two,0.5,0.5,3,1.5,1.38,2.0,2.0,7
Notts County,8,3,3,2,9,7,2,12,League Two,0.38,0.75,2,1.5,1.12,2.63,1.33,7
Grimsby,8,3,3,2,8,8,0,12,League Two,0.38,0.75,0,1.5,1.0,2.63,1.33,7
Cheltenham,8,3,2,3,12,13,-1,11,League Two,0.38,0.62,-1,1.38,1.5,2.63,1.61,8
Accrington,8,2,4,2,9,6,3,10,League Two,0.25,0.75,3,1.25,1.12,4.0,1.33,9
Tranmere,8,2,4,2,8,8,0,10,League Two,0.25,0.75,0,1.25,1.0,4.0,1.33,9
Bromley,8,3,1,4,8,9,-1,10,League Two,0.38,0.5,-1,1.25,1.0,2.63,2.0,9
Salford City,8,2,3,3,9,13,-4,9,League Two,0.25,0.62,-4,1.12,1.12,4.0,1.61,10
Crewe Alexandra,8,2,2,4,10,12,-2,8,League Two,0.25,0.5,-2,1.0,1.25,4.0,2.0,11
Milton Keynes,8,2,2,4,7,10,-3,8,League Two,0.25,0.5,-3,1.0,0.88,4.0,2.0,11
Gillingham,8,2,2,4,4,8,-4,8,League Two,0.25,0.5,-4,1.0,0.5,4.0,2.0,11
Carlisle Utd,8,1,4,3,7,12,-5,7,League Two,0.12,0.62,-5,0.88,0.88,8.33,1.61,12
Barnet,8,7,1,0,23,6,17,22,England - National League,0.88,1.0,17,2.75,2.88,1.14,1.0,1
Forest Green,8,5,3,0,11,5,6,18,England - National League,0.62,1.0,6,2.25,1.38,1.61,1.0,2
Southend Utd,8,5,2,1,13,9,4,17,England - National League,0.62,0.88,4,2.12,1.62,1.61,1.14,3
Woking,8,4,3,1,10,6,4,15,England - National League,0.5,0.88,4,1.88,1.25,2.0,1.14,4
York City,8,4,2,2,14,8,6,14,England - National League,0.5,0.75,6,1.75,1.75,2.0,1.33,5
Aldershot Town,8,3,5,0,18,13,5,14,England - National League,0.38,1.0,5,1.75,2.25,2.63,1.0,5
Boston Utd,8,3,4,1,13,8,5,13,England - National League,0.38,0.88,5,1.62,1.62,2.63,1.14,6
Rochdale,8,4,1,3,14,12,2,13,England - National League,0.5,0.62,2,1.62,1.75,2.0,1.61,6
Braintree Town,8,4,1,3,8,6,2,13,England - National League,0.5,0.62,2,1.62,1.0,2.0,1.61,6
Halifax Town,8,4,1,3,7,5,2,13,England - National League,0.5,0.62,2,1.62,0.88,2.0,1.61,6
Tamworth,8,3,3,2,13,7,6,12,England - National League,0.38,0.75,6,1.5,1.62,2.63,1.33,7
Eastleigh,8,3,3,2,13,8,5,12,England - National League,0.38,0.75,5,1.5,1.62,2.63,1.33,7
Hartlepool,8,2,4,2,11,9,2,10,England - National League,0.25,0.75,2,1.25,1.38,4.0,1.33,8
AFC Fylde,8,3,1,4,11,10,1,10,England - National League,0.38,0.5,1,1.25,1.38,2.63,2.0,8
Oldham,8,2,3,3,7,9,-2,9,England - National League,0.25,0.62,-2,1.12,0.88,4.0,1.61,9
Yeovil Town,8,2,3,3,7,10,-3,9,England - National League,0.25,0.62,-3,1.12,0.88,4.0,1.61,9
Wealdstone,8,2,3,3,11,15,-4,9,England - National League,0.25,0.62,-4,1.12,1.38,4.0,1.61,9
Altrincham,8,2,2,4,11,9,2,8,England - National League,0.25,0.5,2,1.0,1.38,4.0,2.0,10
Maidenhead Utd,8,2,2,4,10,12,-2,8,England - National League,0.25,0.5,-2,1.0,1.25,4.0,2.0,10
Sutton Utd,8,1,4,3,8,12,-4,7,England - National League,0.12,0.62,-4,0.88,1.0,8.33,1.61,11
Solihull Moors,8,2,1,5,6,12,-6,7,England - National League,0.25,0.38,-6,0.88,0.75,4.0,2.63,11
Ebbsfleet Utd,8,1,3,4,6,11,-5,6,England - National League,0.12,0.5,-5,0.75,0.75,8.33,2.0,12
Gateshead FC,8,1,2,5,8,16,-8,5,England - National League,0.12,0.38,-8,0.62,1.0,8.33,2.63,13
Dagenham & R.,8,1,2,5,7,15,-8,5,England - National League,0.12,0.38,-8,0.62,0.88,8.33,2.63,13
Chorley,8,7,1,0,22,4,18,22,England - National L. North,0.88,1.0,18,2.75,2.75,1.14,1.0,1
Scunthorpe,8,7,1,0,16,5,11,22,England - National L. North,0.88,1.0,11,2.75,2.0,1.14,1.0,1
Spennymoor,8,6,1,1,21,6,15,19,England - National L. North,0.75,0.88,15,2.38,2.62,1.33,1.14,2
Brackley Town,8,6,0,2,14,4,10,18,England - National L. North,0.75,0.75,10,2.25,1.75,1.33,1.33,3
Chester,8,5,3,0,14,4,10,18,England - National L. North,0.62,1.0,10,2.25,1.75,1.61,1.0,3
Hereford Utd,8,5,1,2,14,11,3,16,England - National L. North,0.62,0.75,3,2.0,1.75,1.61,1.33,4
Kidderminster,8,5,0,3,15,7,8,15,England - National L. North,0.62,0.62,8,1.88,1.88,1.61,1.61,5
Leamington,8,4,2,2,12,7,5,14,England - National L. North,0.5,0.75,5,1.75,1.5,2.0,1.33,6
Marine,8,4,2,2,13,11,2,14,England - National L. North,0.5,0.75,2,1.75,1.62,2.0,1.33,6
Scarborough,8,4,1,3,15,9,6,13,England - National L. North,0.5,0.62,6,1.62,1.88,2.0,1.61,7
Darlington,8,3,3,2,11,10,1,12,England - National L. North,0.38,0.75,1,1.5,1.38,2.63,1.33,8
Kings Lynn,8,3,3,2,11,11,0,12,England - National L. North,0.38,0.75,0,1.5,1.38,2.63,1.33,8
Needham Market,8,3,2,3,11,9,2,11,England - National L. North,0.38,0.62,2,1.38,1.38,2.63,1.61,9
Peterborough S.,8,3,2,3,10,8,2,11,England - National L. North,0.38,0.62,2,1.38,1.25,2.63,1.61,9
Curzon,8,3,2,3,8,6,2,11,England - National L. North,0.38,0.62,2,1.38,1.0,2.63,1.61,9
Rushall,8,3,2,3,7,11,-4,11,England - National L. North,0.38,0.62,-4,1.38,0.88,2.63,1.61,9
Oxford City,8,3,2,3,7,14,-7,11,England - National L. North,0.38,0.62,-7,1.38,0.88,2.63,1.61,9
Buxton,8,3,1,4,8,11,-3,10,England - National L. North,0.38,0.5,-3,1.25,1.0,2.63,2.0,10
South Shields,8,3,1,4,7,11,-4,10,England - National L. North,0.38,0.5,-4,1.25,0.88,2.63,2.0,10
Radcliffe,8,3,0,5,13,13,0,9,England - National L. North,0.38,0.38,0,1.12,1.62,2.63,2.63,11
Southport,8,2,2,4,4,9,-5,8,England - National L. North,0.25,0.5,-5,1.0,0.5,4.0,2.0,12
Alfreton Town,8,1,3,4,7,13,-6,6,England - National L. North,0.12,0.5,-6,0.75,0.88,8.33,2.0,13
Warrington,8,1,1,6,6,13,-7,4,England - National L. North,0.12,0.25,-7,0.5,0.75,8.33,4.0,14
Farsley Celtic,8,0,0,8,3,28,-25,0,England - National L. North,0.0,0.0,-25,0.0,0.38,0.0,0.0,15
Eastbourne,8,6,2,0,19,7,12,20,England - National L. South,0.75,1.0,12,2.5,2.38,1.33,1.0,1
Worthing,8,6,1,1,18,8,10,19,England - National L. South,0.75,0.88,10,2.38,2.25,1.33,1.14,2
Truro City,8,5,3,0,12,6,6,18,England - National L. South,0.62,1.0,6,2.25,1.5,1.61,1.0,3
Hemel Hempstead,8,5,2,1,18,9,9,17,England - National L. South,0.62,0.88,9,2.12,2.25,1.61,1.14,4
Torquay Utd,8,5,2,1,13,7,6,17,England - National L. South,0.62,0.88,6,2.12,1.62,1.61,1.14,4
Maidstone Utd,8,5,1,2,16,7,9,16,England - National L. South,0.62,0.75,9,2.0,2.0,1.61,1.33,5
Boreham Wood,8,5,0,3,14,8,6,15,England - National L. South,0.62,0.62,6,1.88,1.75,1.61,1.61,6
St Albans,8,4,3,1,11,7,4,15,England - National L. South,0.5,0.88,4,1.88,1.38,2.0,1.14,6
Weymouth,8,4,2,2,19,12,7,14,England - National L. South,0.5,0.75,7,1.75,2.38,2.0,1.33,7
Dorking,8,4,2,2,15,10,5,14,England - National L. South,0.5,0.75,5,1.75,1.88,2.0,1.33,7
Hornchurch,8,4,2,2,14,12,2,14,England - National L. South,0.5,0.75,2,1.75,1.75,2.0,1.33,7
Enfield Town,8,4,1,3,8,12,-4,13,England - National L. South,0.5,0.62,-4,1.62,1.0,2.0,1.61,8
Bath City,8,3,3,2,7,5,2,12,England - National L. South,0.38,0.75,2,1.5,0.88,2.63,1.33,9
Farnborough,8,4,0,4,12,11,1,12,England - National L. South,0.5,0.5,1,1.5,1.5,2.0,2.0,9
Chesham Utd,8,3,2,3,14,14,0,11,England - National L. South,0.38,0.62,0,1.38,1.75,2.63,1.61,10
Chippenham,8,3,2,3,10,12,-2,11,England - National L. South,0.38,0.62,-2,1.38,1.25,2.63,1.61,10
Slough Town,8,2,4,2,11,9,2,10,England - National L. South,0.25,0.75,2,1.25,1.38,4.0,1.33,11
Tonbridge,8,3,1,4,9,9,0,10,England - National L. South,0.38,0.5,0,1.25,1.12,2.63,2.0,11
Chelmsford City,8,2,4,2,7,7,0,10,England - National L. South,0.25,0.75,0,1.25,0.88,4.0,1.33,11
Welling Utd,8,2,2,4,10,11,-1,8,England - National L. South,0.25,0.5,-1,1.0,1.25,4.0,2.0,12
Weston-s.-Mare,8,1,5,2,8,10,-2,8,England - National L. South,0.12,0.75,-2,1.0,1.0,8.33,1.33,12
Salisbury,8,2,2,4,8,11,-3,8,England - National L. South,0.25,0.5,-3,1.0,1.0,4.0,2.0,12
Hampton & R.,8,2,1,5,9,13,-4,7,England - National L. South,0.25,0.38,-4,0.88,1.12,4.0,2.63,13
Aveley,8,1,1,6,7,13,-6,4,England - National L. South,0.12,0.25,-6,0.5,0.88,8.33,4.0,14
Dartford,8,6,2,0,18,5,13,20,England - Isthmian league,0.75,1.0,13,2.5,2.25,1.33,1.0,1
Cray Wanderers,8,6,1,1,16,7,9,19,England - Isthmian league,0.75,0.88,9,2.38,2.0,1.33,1.14,2
Horsham,8,6,1,1,13,4,9,19,England - Isthmian league,0.75,0.88,9,2.38,1.62,1.33,1.14,2
Chichester City,8,6,1,1,14,6,8,19,England - Isthmian league,0.75,0.88,8,2.38,1.75,1.33,1.14,2
Billericay Town,8,6,0,2,17,10,7,18,England - Isthmian league,0.75,0.75,7,2.25,2.12,1.33,1.33,3
Carshalton,8,5,2,1,20,12,8,17,England - Isthmian league,0.62,0.88,8,2.12,2.5,1.61,1.14,4
Whitehawk,8,5,1,2,16,7,9,16,England - Isthmian league,0.62,0.75,9,2.0,2.0,1.61,1.33,5
Hashtag United,8,5,1,2,18,13,5,16,England - Isthmian league,0.62,0.75,5,2.0,2.25,1.61,1.33,5
Chatham Town,8,4,1,3,14,11,3,13,England - Isthmian league,0.5,0.62,3,1.62,1.75,2.0,1.61,6
Cray Valley PM,8,3,4,1,14,11,3,13,England - Isthmian league,0.38,0.88,3,1.62,1.75,2.63,1.14,6
Folkestone,8,4,1,3,14,14,0,13,England - Isthmian league,0.5,0.62,0,1.62,1.75,2.0,1.61,6
Lewes,8,3,3,2,13,10,3,12,England - Isthmian league,0.38,0.75,3,1.5,1.62,2.63,1.33,7
Canvey Island,8,3,2,3,9,8,1,11,England - Isthmian league,0.38,0.62,1,1.38,1.12,2.63,1.61,8
Cheshunt,8,3,2,3,14,14,0,11,England - Isthmian league,0.38,0.62,0,1.38,1.75,2.63,1.61,8
Wingate & F.,8,3,2,3,11,11,0,11,England - Isthmian league,0.38,0.62,0,1.38,1.38,2.63,1.61,8
Dulwich Hamlet,8,3,0,5,11,14,-3,9,England - Isthmian league,0.38,0.38,-3,1.12,1.38,2.63,2.63,9
Dover Athletic,8,2,1,5,6,10,-4,7,England - Isthmian league,0.25,0.38,-4,0.88,0.75,4.0,2.63,10
Potters Bar,8,2,1,5,6,13,-7,7,England - Isthmian league,0.25,0.38,-7,0.88,0.75,4.0,2.63,10
Hastings Utd,8,1,2,5,5,13,-8,5,England - Isthmian league,0.12,0.38,-8,0.62,0.62,8.33,2.63,11
Bognor Regis,8,1,1,6,6,16,-10,4,England - Isthmian league,0.12,0.25,-10,0.5,0.75,8.33,4.0,12
Bowers & Pitsea,8,0,2,6,7,23,-16,2,England - Isthmian league,0.0,0.25,-16,0.25,0.88,0.0,4.0,13
Hendon,8,0,1,7,6,26,-20,1,England - Isthmian league,0.0,0.12,-20,0.12,0.75,0.0,8.33,14
Macclesfield,8,7,0,1,20,6,14,21,England - Northern league,0.88,0.88,14,2.62,2.5,1.14,1.14,1
Prescot Cables,8,7,0,1,9,2,7,21,England - Northern league,0.88,0.88,7,2.62,1.12,1.14,1.14,1
Worksop Town,8,6,1,1,25,10,15,19,England - Northern league,0.75,0.88,15,2.38,3.12,1.33,1.14,2
Ashton Utd,8,6,1,1,18,5,13,19,England - Northern league,0.75,0.88,13,2.38,2.25,1.33,1.14,2
Ilkeston Town,8,5,1,2,18,8,10,16,England - Northern league,0.62,0.75,10,2.0,2.25,1.61,1.33,3
Gainsborough,8,4,3,1,13,6,7,15,England - Northern league,0.5,0.88,7,1.88,1.62,2.0,1.14,4
Guiseley,8,4,3,1,12,6,6,15,England - Northern league,0.5,0.88,6,1.88,1.5,2.0,1.14,4
Leek Town,8,4,2,2,16,11,5,14,England - Northern league,0.5,0.75,5,1.75,2.0,2.0,1.33,5
Rylands,8,4,2,2,12,11,1,14,England - Northern league,0.5,0.75,1,1.75,1.5,2.0,1.33,5
Matlock,8,3,4,1,14,8,6,13,England - Northern league,0.38,0.88,6,1.62,1.75,2.63,1.14,6
Workington,8,4,1,3,14,10,4,13,England - Northern league,0.5,0.62,4,1.62,1.75,2.0,1.61,6
Bamber Bridge,8,4,0,4,13,12,1,12,England - Northern league,0.5,0.5,1,1.5,1.62,2.0,2.0,7
Stockton Town,8,3,3,2,10,10,0,12,England - Northern league,0.38,0.75,0,1.5,1.25,2.63,1.33,7
Morpeth Town,8,3,3,2,9,10,-1,12,England - Northern league,0.38,0.75,-1,1.5,1.12,2.63,1.33,7
Basford Utd,8,3,2,3,11,14,-3,11,England - Northern league,0.38,0.62,-3,1.38,1.38,2.63,1.61,8
Hyde Utd,8,2,4,2,11,12,-1,10,England - Northern league,0.25,0.75,-1,1.25,1.38,4.0,1.33,9
FC United,8,2,3,3,12,15,-3,9,England - Northern league,0.25,0.62,-3,1.12,1.5,4.0,1.61,10
Mickleover,8,3,0,5,9,12,-3,9,England - Northern league,0.38,0.38,-3,1.12,1.12,2.63,2.63,10
Lancaster City,8,1,4,3,6,9,-3,7,England - Northern league,0.12,0.62,-3,0.88,0.75,8.33,1.61,11
Hebburn Town,8,1,2,5,9,13,-4,5,England - Northern league,0.12,0.38,-4,0.62,1.12,8.33,2.63,12
Whitby Town,8,1,2,5,5,13,-8,5,England - Northern league,0.12,0.38,-8,0.62,0.62,8.33,2.63,12
Blyth Spartans,8,1,2,5,6,17,-11,5,England - Northern league,0.12,0.38,-11,0.62,0.75,8.33,2.63,12
Telford Utd,8,6,2,0,19,5,14,20,England - Southern Central,0.75,1.0,14,2.5,2.38,1.33,1.0,1
Stratford Town,8,6,1,1,16,3,13,19,England - Southern Central,0.75,0.88,13,2.38,2.0,1.33,1.14,2
Halesowen Town,8,6,1,1,17,7,10,19,England - Southern Central,0.75,0.88,10,2.38,2.12,1.33,1.14,2
Spalding United,8,6,1,1,15,7,8,19,England - Southern Central,0.75,0.88,8,2.38,1.88,1.33,1.14,2
Harborough Town,8,6,1,1,12,5,7,19,England - Southern Central,0.75,0.88,7,2.38,1.5,1.33,1.14,2
Alvechurch,8,5,2,1,12,7,5,17,England - Southern Central,0.62,0.88,5,2.12,1.5,1.61,1.14,3
Bedford Town,8,5,1,2,19,12,7,16,England - Southern Central,0.62,0.75,7,2.0,2.38,1.61,1.33,4
Hitchin Town,8,4,3,1,15,10,5,15,England - Southern Central,0.5,0.88,5,1.88,1.88,2.0,1.14,5
Kettering Town,8,4,2,2,14,9,5,14,England - Southern Central,0.5,0.75,5,1.75,1.75,2.0,1.33,6
Redditch Utd,8,3,4,1,12,10,2,13,England - Southern Central,0.38,0.88,2,1.62,1.5,2.63,1.14,7
Banbury Utd,8,3,4,1,6,5,1,13,England - Southern Central,0.38,0.88,1,1.62,0.75,2.63,1.14,7
Leiston,8,4,1,3,11,11,0,13,England - Southern Central,0.5,0.62,0,1.62,1.38,2.0,1.61,7
Stamford,8,3,3,2,9,8,1,12,England - Southern Central,0.38,0.75,1,1.5,1.12,2.63,1.33,8
B. Stortford,8,3,2,3,13,13,0,11,England - Southern Central,0.38,0.62,0,1.38,1.62,2.63,1.61,9
Royston,8,2,5,1,11,11,0,11,England - Southern Central,0.25,0.88,0,1.38,1.38,4.0,1.14,9
Barwell,8,3,1,4,13,14,-1,10,England - Southern Central,0.38,0.5,-1,1.25,1.62,2.63,2.0,10
Bromsgrove,8,2,3,3,9,7,2,9,England - Southern Central,0.25,0.62,2,1.12,1.12,4.0,1.61,11
Stourbridge,8,2,3,3,7,8,-1,9,England - Southern Central,0.25,0.62,-1,1.12,0.88,4.0,1.61,11
St. Ives Town,8,2,2,4,12,14,-2,8,England - Southern Central,0.25,0.5,-2,1.0,1.5,4.0,2.0,12
AFC Sudbury,8,1,2,5,6,10,-4,5,England - Southern Central,0.12,0.38,-4,0.62,0.75,8.33,2.63,13
Biggleswade,8,1,2,5,8,15,-7,5,England - Southern Central,0.12,0.38,-7,0.62,1.0,8.33,2.63,13
Lowestoft,8,1,1,6,5,20,-15,4,England - Southern Central,0.12,0.25,-15,0.5,0.62,8.33,4.0,14
Paide,2,2,0,0,9,0,9,6,Estonia - Meistriliiga,1.0,1.0,9,3.0,4.5,1.0,1.0,1
Levadia,2,2,0,0,7,1,6,6,Estonia - Meistriliiga,1.0,1.0,6,3.0,3.5,1.0,1.0,1
Flora,3,1,1,1,7,3,4,4,Estonia - Meistriliiga,0.33,0.67,4,1.33,2.33,3.03,1.49,2
Harju JK,2,1,0,1,2,3,-1,3,Estonia - Meistriliiga,0.5,0.5,-1,1.5,1.0,2.0,2.0,3
Narva Trans,2,1,0,1,1,2,-1,3,Estonia - Meistriliiga,0.5,0.5,-1,1.5,0.5,2.0,2.0,3
Nomme Kalju,1,0,1,0,2,2,0,1,Estonia - Meistriliiga,0.0,1.0,0,1.0,2.0,0.0,1.0,4
Kuressaare,2,0,0,2,2,4,-2,0,Estonia - Meistriliiga,0.0,0.0,-2,0.0,1.0,0.0,0.0,5
Vaprus,2,0,0,2,1,5,-4,0,Estonia - Meistriliiga,0.0,0.0,-4,0.0,0.5,0.0,0.0,5
Tallinna Kalev,2,0,0,2,1,6,-5,0,Estonia - Meistriliiga,0.0,0.0,-5,0.0,0.5,0.0,0.0,5
Tammeka,2,0,0,2,2,8,-6,0,Estonia - Meistriliiga,0.0,0.0,-6,0.0,1.0,0.0,0.0,5
Tartu Welco,3,2,1,0,7,4,3,7,Estonia - Esiliiga,0.67,1.0,3,2.33,2.33,1.49,1.0,1
Elva,2,2,0,0,7,4,3,6,Estonia - Esiliiga,1.0,1.0,3,3.0,3.5,1.0,1.0,2
Flora B,3,2,0,1,4,2,2,6,Estonia - Esiliiga,0.67,0.67,2,2.0,1.33,1.49,1.49,2
Viimsi,2,1,1,0,8,3,5,4,Estonia - Esiliiga,0.5,1.0,5,2.0,4.0,2.0,1.0,3
Levadia B,2,1,0,1,5,3,2,3,Estonia - Esiliiga,0.5,0.5,2,1.5,2.5,2.0,2.0,4
Nomme Utd,1,1,0,0,2,0,2,3,Estonia - Esiliiga,1.0,1.0,2,3.0,2.0,1.0,1.0,4
Tallinna K. B,2,0,1,1,3,4,-1,1,Estonia - Esiliiga,0.0,0.5,-1,0.5,1.5,0.0,2.0,5
FC Tallinn,2,0,1,1,2,3,-1,1,Estonia - Esiliiga,0.0,0.5,-1,0.5,1.0,0.0,2.0,5
Nomme Kalju B,1,0,0,1,0,2,-2,0,Estonia - Esiliiga,0.0,0.0,-2,0.0,0.0,0.0,0.0,6
Tammeka B,2,0,0,2,0,3,-3,0,Estonia - Esiliiga,0.0,0.0,-3,0.0,0.0,0.0,0.0,6
NSI Runavik,2,2,0,0,15,3,12,6,FaroeIslands - Premier League,1.0,1.0,12,3.0,7.5,1.0,1.0,1
HB Torshavn,2,2,0,0,7,2,5,6,FaroeIslands - Premier League,1.0,1.0,5,3.0,3.5,1.0,1.0,1
Klaksvik,2,2,0,0,5,2,3,6,FaroeIslands - Premier League,1.0,1.0,3,3.0,2.5,1.0,1.0,1
B68 Toftir,1,1,0,0,2,0,2,3,FaroeIslands - Premier League,1.0,1.0,2,3.0,2.0,1.0,1.0,2
Streymur,1,0,1,0,2,2,0,1,FaroeIslands - Premier League,0.0,1.0,0,1.0,2.0,0.0,1.0,3
TB Tvoroyri,2,0,1,1,1,2,-1,1,FaroeIslands - Premier League,0.0,0.5,-1,0.5,0.5,0.0,2.0,3
Vikingur,2,0,1,1,0,3,-3,1,FaroeIslands - Premier League,0.0,0.5,-3,0.5,0.0,0.0,2.0,3
07 Vestur,1,0,0,1,1,2,-1,0,FaroeIslands - Premier League,0.0,0.0,-1,0.0,1.0,0.0,0.0,4
B36 Torshavn,1,0,0,1,1,3,-2,0,FaroeIslands - Premier League,0.0,0.0,-2,0.0,1.0,0.0,0.0,4
Suduroy,1,0,0,1,0,2,-2,0,FaroeIslands - Premier League,0.0,0.0,-2,0.0,0.0,0.0,0.0,4
AB Argir,2,1,1,0,4,2,2,4,FaroeIslands - 1. Deild,0.5,1.0,2,2.0,2.0,2.0,1.0,1
B71 Sandur,1,1,0,0,3,0,3,3,FaroeIslands - 1. Deild,1.0,1.0,3,3.0,3.0,1.0,1.0,2
Streymur B,2,1,0,1,2,2,0,3,FaroeIslands - 1. Deild,0.5,0.5,0,1.5,1.0,2.0,2.0,2
Klaksvik B,2,1,0,1,1,1,0,3,FaroeIslands - 1. Deild,0.5,0.5,0,1.5,0.5,2.0,2.0,2
B36 Torshavn B,1,0,1,0,2,2,0,1,FaroeIslands - 1. Deild,0.0,1.0,0,1.0,2.0,0.0,1.0,3
Skala,1,0,1,0,0,0,0,1,FaroeIslands - 1. Deild,0.0,1.0,0,1.0,0.0,0.0,1.0,3
NSI Runavik B,2,0,1,1,2,6,-4,1,FaroeIslands - 1. Deild,0.0,0.5,-4,0.5,1.0,0.0,2.0,3
Vikingur B,1,0,0,1,0,1,-1,0,FaroeIslands - 1. Deild,0.0,0.0,-1,0.0,0.0,0.0,0.0,4
IF Fuglafjordur,1,0,0,1,1,3,-2,0,FaroeIslands - 1. Deild,0.0,0.0,-2,0.0,1.0,0.0,0.0,4
07 Vestur B,2,0,0,2,2,7,-5,0,FaroeIslands - 1. Deild,0.0,0.0,-5,0.0,1.0,0.0,0.0,4
Ilves,8,7,1,0,23,6,17,22,Finland - Veikkausliiga,0.88,1.0,17,2.75,2.88,1.14,1.0,1
KuPS,8,7,0,1,14,4,10,21,Finland - Veikkausliiga,0.88,0.88,10,2.62,1.75,1.14,1.14,2
Inter Turku,8,6,2,0,21,7,14,20,Finland - Veikkausliiga,0.75,1.0,14,2.5,2.62,1.33,1.0,3
Gnistan,8,5,2,1,14,7,7,17,Finland - Veikkausliiga,0.62,0.88,7,2.12,1.75,1.61,1.14,4
HJK Helsinki,8,5,1,2,15,6,9,16,Finland - Veikkausliiga,0.62,0.75,9,2.0,1.88,1.61,1.33,5
Lahti,8,3,4,1,14,9,5,13,Finland - Veikkausliiga,0.38,0.88,5,1.62,1.75,2.63,1.14,6
Oulu,8,4,0,4,9,6,3,12,Finland - Veikkausliiga,0.5,0.5,3,1.5,1.12,2.0,2.0,7
SJK,8,3,1,4,14,16,-2,10,Finland - Veikkausliiga,0.38,0.5,-2,1.25,1.75,2.63,2.0,8
Haka,8,2,3,3,12,14,-2,9,Finland - Veikkausliiga,0.25,0.62,-2,1.12,1.5,4.0,1.61,9
VPS,8,2,3,3,11,14,-3,9,Finland - Veikkausliiga,0.25,0.62,-3,1.12,1.38,4.0,1.61,9
Mariehamn,8,2,2,4,6,11,-5,8,Finland - Veikkausliiga,0.25,0.5,-5,1.0,0.75,4.0,2.0,10
Ekenas IF,8,1,2,5,8,19,-11,5,Finland - Veikkausliiga,0.12,0.38,-11,0.62,1.0,8.33,2.63,11
Jaro,8,7,0,1,22,7,15,21,Finland - Ykkosliga,0.88,0.88,15,2.62,2.75,1.14,1.14,1
JIPPO,8,5,1,2,17,10,7,16,Finland - Ykkosliga,0.62,0.75,7,2.0,2.12,1.61,1.33,2
KTP,8,4,2,2,22,11,11,14,Finland - Ykkosliga,0.5,0.75,11,1.75,2.75,2.0,1.33,3
PK-35,8,4,1,3,9,7,2,13,Finland - Ykkosliga,0.5,0.62,2,1.62,1.12,2.0,1.61,4
SJK Akatemia,8,3,3,2,17,10,7,12,Finland - Ykkosliga,0.38,0.75,7,1.5,2.12,2.63,1.33,5
TPS,8,4,0,4,18,12,6,12,Finland - Ykkosliga,0.5,0.5,6,1.5,2.25,2.0,2.0,5
JaPS,8,2,4,2,12,12,0,10,Finland - Ykkosliga,0.25,0.75,0,1.25,1.5,4.0,1.33,6
KaPa,8,2,2,4,11,21,-10,8,Finland - Ykkosliga,0.25,0.5,-10,1.0,1.38,4.0,2.0,7
SalPa,8,1,3,4,8,16,-8,6,Finland - Ykkosliga,0.12,0.5,-8,0.75,1.0,8.33,2.0,8
Mikkelin,8,1,1,6,8,21,-13,4,Finland - Ykkosliga,0.12,0.25,-13,0.5,1.0,8.33,4.0,9
Klubi-04,8,6,1,1,28,10,18,19,Finland - Ykkonen,0.75,0.88,18,2.38,3.5,1.33,1.14,1
KPV Kokkola,8,6,0,2,12,6,6,18,Finland - Ykkonen,0.75,0.75,6,2.25,1.5,1.33,1.33,2
OLS Oulu,8,5,2,1,22,17,5,17,Finland - Ykkonen,0.62,0.88,5,2.12,2.75,1.61,1.14,3
EPS,8,5,0,3,21,18,3,15,Finland - Ykkonen,0.62,0.62,3,1.88,2.62,1.61,1.61,4
Rovaniemi,8,4,1,3,14,12,2,13,Finland - Ykkonen,0.5,0.62,2,1.62,1.75,2.0,1.61,5
Atlantis,8,3,3,2,15,12,3,12,Finland - Ykkonen,0.38,0.75,3,1.5,1.88,2.63,1.33,6
JJK,8,3,2,3,8,13,-5,11,Finland - Ykkonen,0.38,0.62,-5,1.38,1.0,2.63,1.61,7
PKKU,8,3,1,4,20,16,4,10,Finland - Ykkonen,0.38,0.5,4,1.25,2.5,2.63,2.0,8
Jazz Pori,8,2,3,3,12,13,-1,9,Finland - Ykkonen,0.25,0.62,-1,1.12,1.5,4.0,1.61,9
KuPS Ak.,8,3,0,5,14,17,-3,9,Finland - Ykkonen,0.38,0.38,-3,1.12,1.75,2.63,2.63,9
Vaajakoski,8,1,4,3,12,17,-5,7,Finland - Ykkonen,0.12,0.62,-5,0.88,1.5,8.33,1.61,10
VIFK,8,2,1,5,10,16,-6,7,Finland - Ykkonen,0.25,0.38,-6,0.88,1.25,4.0,2.63,10
Atlantis B,8,6,0,2,19,13,6,18,Finland - Kakkonen Group A,0.75,0.75,6,2.25,2.38,1.33,1.33,1
Reipas,8,5,2,1,23,8,15,17,Finland - Kakkonen Group A,0.62,0.88,15,2.12,2.88,1.61,1.14,2
Kiffen,8,5,1,2,22,9,13,16,Finland - Kakkonen Group A,0.62,0.75,13,2.0,2.75,1.61,1.33,3
JaPS B,8,5,1,2,16,11,5,16,Finland - Kakkonen Group A,0.62,0.75,5,2.0,2.0,1.61,1.33,3
PEPO,8,5,1,2,13,8,5,16,Finland - Kakkonen Group A,0.62,0.75,5,2.0,1.62,1.61,1.33,3
MYPA,8,4,2,2,13,9,4,14,Finland - Kakkonen Group A,0.5,0.75,4,1.75,1.62,2.0,1.33,4
GrIFK,8,3,3,2,11,10,1,12,Finland - Kakkonen Group A,0.38,0.75,1,1.5,1.38,2.63,1.33,5
NJS,8,2,5,1,13,11,2,11,Finland - Kakkonen Group A,0.25,0.88,2,1.38,1.62,4.0,1.14,6
PPJ,8,3,2,3,12,10,2,11,Finland - Kakkonen Group A,0.38,0.62,2,1.38,1.5,2.63,1.61,6
Futura,8,0,1,7,7,25,-18,1,Finland - Kakkonen Group A,0.0,0.12,-18,0.12,0.88,0.0,8.33,7
Inter Turku B,8,7,0,1,37,10,27,21,Finland - Kakkonen Group B,0.88,0.88,27,2.62,4.62,1.14,1.14,1
P-Iirot,8,6,0,2,26,11,15,18,Finland - Kakkonen Group B,0.75,0.75,15,2.25,3.25,1.33,1.33,2
HJS Akatemia,8,5,2,1,19,8,11,17,Finland - Kakkonen Group B,0.62,0.88,11,2.12,2.38,1.61,1.14,3
VJS,8,5,2,1,17,9,8,17,Finland - Kakkonen Group B,0.62,0.88,8,2.12,2.12,1.61,1.14,3
Tampere Utd,8,5,1,2,20,8,12,16,Finland - Kakkonen Group B,0.62,0.75,12,2.0,2.5,1.61,1.33,4
TPV,8,3,4,1,15,12,3,13,Finland - Kakkonen Group B,0.38,0.88,3,1.62,1.88,2.63,1.14,5
Honka,8,4,1,3,16,17,-1,13,Finland - Kakkonen Group B,0.5,0.62,-1,1.62,2.0,2.0,1.61,5
Ilves B,8,3,0,5,16,20,-4,9,Finland - Kakkonen Group B,0.38,0.38,-4,1.12,2.0,2.63,2.63,6
EBK,8,2,1,5,13,14,-1,7,Finland - Kakkonen Group B,0.25,0.38,-1,0.88,1.62,4.0,2.63,7
Ilves-Kissat,8,2,1,5,13,29,-16,7,Finland - Kakkonen Group B,0.25,0.38,-16,0.88,1.62,4.0,2.63,7
Poxyt,8,0,0,8,6,23,-17,0,Finland - Kakkonen Group B,0.0,0.0,-17,0.0,0.75,0.0,0.0,8
TP-47,8,6,1,1,20,13,7,19,Finland - Kakkonen Group C,0.75,0.88,7,2.38,2.5,1.33,1.14,1
GBK,8,6,0,2,23,17,6,18,Finland - Kakkonen Group C,0.75,0.75,6,2.25,2.88,1.33,1.33,2
Narpes Kraft,8,5,2,1,22,11,11,17,Finland - Kakkonen Group C,0.62,0.88,11,2.12,2.75,1.61,1.14,3
Kuopion Elo,8,5,1,2,24,14,10,16,Finland - Kakkonen Group C,0.62,0.75,10,2.0,3.0,1.61,1.33,4
JBK,8,5,1,2,17,8,9,16,Finland - Kakkonen Group C,0.62,0.75,9,2.0,2.12,1.61,1.33,4
JPS,8,3,2,3,23,14,9,11,Finland - Kakkonen Group C,0.38,0.62,9,1.38,2.88,2.63,1.61,5
SJK Akatemia B,8,3,2,3,15,15,0,11,Finland - Kakkonen Group C,0.38,0.62,0,1.38,1.88,2.63,1.61,5
JS Hercules,8,3,1,4,14,20,-6,10,Finland - Kakkonen Group C,0.38,0.5,-6,1.25,1.75,2.63,2.0,6
OPS,8,2,3,3,15,14,1,9,Finland - Kakkonen Group C,0.25,0.62,1,1.12,1.88,4.0,1.61,7
OTP,8,1,0,7,12,27,-15,3,Finland - Kakkonen Group C,0.12,0.12,-15,0.38,1.5,8.33,8.33,8
Monaco,8,7,0,1,26,12,14,21,France - Ligue 1,0.88,0.88,14,2.62,3.25,1.14,1.14,1
Paris SG,8,6,2,0,21,7,14,20,France - Ligue 1,0.75,1.0,14,2.5,2.62,1.33,1.0,2
Lyon,8,6,1,1,18,7,11,19,France - Ligue 1,0.75,0.88,11,2.38,2.25,1.33,1.14,3
Lille,8,6,1,1,15,7,8,19,France - Ligue 1,0.75,0.88,8,2.38,1.88,1.33,1.14,3
Nice,8,6,1,1,14,7,7,19,France - Ligue 1,0.75,0.88,7,2.38,1.75,1.33,1.14,3
Marseille,8,5,2,1,19,8,11,17,France - Ligue 1,0.62,0.88,11,2.12,2.38,1.61,1.14,4
Strasbourg,8,5,2,1,14,8,6,17,France - Ligue 1,0.62,0.88,6,2.12,1.75,1.61,1.14,4
Brest,8,4,2,2,15,11,4,14,France - Ligue 1,0.5,0.75,4,1.75,1.88,2.0,1.33,5
Rennes,8,4,0,4,12,10,2,12,France - Ligue 1,0.5,0.5,2,1.5,1.5,2.0,2.0,6
Auxerre,8,2,5,1,9,6,3,11,France - Ligue 1,0.25,0.88,3,1.38,1.12,4.0,1.14,7
Nantes,8,3,2,3,8,9,-1,11,France - Ligue 1,0.38,0.62,-1,1.38,1.0,2.63,1.61,7
Lens,8,3,0,5,9,12,-3,9,France - Ligue 1,0.38,0.38,-3,1.12,1.12,2.63,2.63,8
Toulouse,8,2,2,4,10,12,-2,8,France - Ligue 1,0.25,0.5,-2,1.0,1.25,4.0,2.0,9
Montpellier,8,2,2,4,11,19,-8,8,France - Ligue 1,0.25,0.5,-8,1.0,1.38,4.0,2.0,9
Saint-Etienne,8,2,2,4,10,18,-8,8,France - Ligue 1,0.25,0.5,-8,1.0,1.25,4.0,2.0,9
Angers,8,2,1,5,5,15,-10,7,France - Ligue 1,0.25,0.38,-10,0.88,0.62,4.0,2.63,10
Reims,8,1,2,5,7,13,-6,5,France - Ligue 1,0.12,0.38,-6,0.62,0.88,8.33,2.63,11
Le Havre,8,1,1,6,7,17,-10,4,France - Ligue 1,0.12,0.25,-10,0.5,0.88,8.33,4.0,12
Metz,8,6,1,1,18,5,13,19,France - Ligue 2,0.75,0.88,13,2.38,2.25,1.33,1.14,1
Lorient,8,6,1,1,17,5,12,19,France - Ligue 2,0.75,0.88,12,2.38,2.12,1.33,1.14,1
SC Bastia,8,5,3,0,13,3,10,18,France - Ligue 2,0.62,1.0,10,2.25,1.62,1.61,1.0,2
Paris FC,8,5,2,1,16,9,7,17,France - Ligue 2,0.62,0.88,7,2.12,2.0,1.61,1.14,3
Guingamp,8,5,1,2,15,6,9,16,France - Ligue 2,0.62,0.75,9,2.0,1.88,1.61,1.33,4
USL Dunkerque,8,5,0,3,13,7,6,15,France - Ligue 2,0.62,0.62,6,1.88,1.62,1.61,1.61,5
Laval,8,4,2,2,10,5,5,14,France - Ligue 2,0.5,0.75,5,1.75,1.25,2.0,1.33,6
Red Star,8,4,2,2,12,8,4,14,France - Ligue 2,0.5,0.75,4,1.75,1.5,2.0,1.33,6
Pau FC,8,4,2,2,9,10,-1,14,France - Ligue 2,0.5,0.75,-1,1.75,1.12,2.0,1.33,6
Rodez Aveyron,8,4,1,3,15,10,5,13,France - Ligue 2,0.5,0.62,5,1.62,1.88,2.0,1.61,7
Grenoble,8,3,3,2,10,10,0,12,France - Ligue 2,0.38,0.75,0,1.5,1.25,2.63,1.33,8
Troyes,8,3,2,3,9,3,6,11,France - Ligue 2,0.38,0.62,6,1.38,1.12,2.63,1.61,9
Annecy,8,3,2,3,9,10,-1,11,France - Ligue 2,0.38,0.62,-1,1.38,1.12,2.63,1.61,9
Martigues,8,3,1,4,10,9,1,10,France - Ligue 2,0.38,0.5,1,1.25,1.25,2.63,2.0,10
AC Ajaccio,8,3,1,4,9,11,-2,10,France - Ligue 2,0.38,0.5,-2,1.25,1.12,2.63,2.0,10
Amiens,8,3,1,4,8,14,-6,10,France - Ligue 2,0.38,0.5,-6,1.25,1.0,2.63,2.0,10
Clermont,8,0,6,2,5,7,-2,6,France - Ligue 2,0.0,0.75,-2,0.75,0.62,0.0,1.33,11
Caen,8,1,2,5,7,11,-4,5,France - Ligue 2,0.12,0.38,-4,0.62,0.88,8.33,2.63,12
Le Mans,8,6,1,1,12,6,6,19,France - National,0.75,0.88,6,2.38,1.5,1.33,1.14,1
Boulogne,8,4,4,0,12,7,5,16,France - National,0.5,1.0,5,2.0,1.5,2.0,1.0,2
Nancy,8,5,0,3,13,9,4,15,France - National,0.62,0.62,4,1.88,1.62,1.61,1.61,3
Rouen,8,4,2,2,14,11,3,14,France - National,0.5,0.75,3,1.75,1.75,2.0,1.33,4
Paris 13 A.,8,4,2,2,9,7,2,14,France - National,0.5,0.75,2,1.75,1.12,2.0,1.33,4
Sochaux,8,3,4,1,9,7,2,13,France - National,0.38,0.88,2,1.62,1.12,2.63,1.14,5
Quevilly Rouen,8,4,1,3,8,6,2,13,France - National,0.5,0.62,2,1.62,1.0,2.0,1.61,5
Aubagne,8,4,1,3,9,8,1,13,France - National,0.5,0.62,1,1.62,1.12,2.0,1.61,5
Orleans,8,3,3,2,14,12,2,12,France - National,0.38,0.75,2,1.5,1.75,2.63,1.33,6
Valenciennes,8,3,3,2,8,6,2,12,France - National,0.38,0.75,2,1.5,1.0,2.63,1.33,6
Dijon,8,3,3,2,13,12,1,12,France - National,0.38,0.75,1,1.5,1.62,2.63,1.33,6
Villefranche,8,3,3,2,9,9,0,12,France - National,0.38,0.75,0,1.5,1.12,2.63,1.33,6
Chateauroux,8,3,2,3,11,16,-5,11,France - National,0.38,0.62,-5,1.38,1.38,2.63,1.61,7
Versailles,8,2,4,2,12,11,1,10,France - National,0.25,0.75,1,1.25,1.5,4.0,1.33,8
Bourg-en-Bresse,8,2,4,2,4,4,0,10,France - National,0.25,0.75,0,1.25,0.5,4.0,1.33,8
Concarneau,8,2,3,3,11,12,-1,9,France - National,0.25,0.62,-1,1.12,1.38,4.0,1.61,9
Nimes,8,2,3,3,6,7,-1,9,France - National,0.25,0.62,-1,1.12,0.75,4.0,1.61,9
Iberia,3,2,1,0,5,1,4,7,Georgia - Erovnuli Liga,0.67,1.0,4,2.33,1.67,1.49,1.0,1
Dinamo Batumi,2,2,0,0,3,1,2,6,Georgia - Erovnuli Liga,1.0,1.0,2,3.0,1.5,1.0,1.0,2
Dinamo Tbilisi,2,2,0,0,3,1,2,6,Georgia - Erovnuli Liga,1.0,1.0,2,3.0,1.5,1.0,1.0,2
Samgurali,2,1,1,0,3,1,2,4,Georgia - Erovnuli Liga,0.5,1.0,2,2.0,1.5,2.0,1.0,3
Telavi,2,1,1,0,2,1,1,4,Georgia - Erovnuli Liga,0.5,1.0,1,2.0,1.0,2.0,1.0,3
Dila Gori,2,1,0,1,6,2,4,3,Georgia - Erovnuli Liga,0.5,0.5,4,1.5,3.0,2.0,2.0,4
Gareji Sagarejo,1,0,1,0,0,0,0,1,Georgia - Erovnuli Liga,0.0,1.0,0,1.0,0.0,0.0,1.0,5
Gagra,3,0,1,2,1,4,-3,1,Georgia - Erovnuli Liga,0.0,0.33,-3,0.33,0.33,0.0,3.03,5
Kolkheti Poti,3,0,1,2,0,3,-3,1,Georgia - Erovnuli Liga,0.0,0.33,-3,0.33,0.0,0.0,3.03,5
Torpedo Kutaisi,2,0,0,2,2,4,-2,0,Georgia - Erovnuli Liga,0.0,0.0,-2,0.0,1.0,0.0,0.0,6
Rustavi,2,2,0,0,5,2,3,6,Georgia - Erovnuli Liga 2,1.0,1.0,3,3.0,2.5,1.0,1.0,1
Bolnisi,2,1,0,1,3,1,2,3,Georgia - Erovnuli Liga 2,0.5,0.5,2,1.5,1.5,2.0,2.0,2
Iberia B,1,1,0,0,3,1,2,3,Georgia - Erovnuli Liga 2,1.0,1.0,2,3.0,3.0,1.0,1.0,2
Spaeri,2,0,2,0,4,4,0,2,Georgia - Erovnuli Liga 2,0.0,1.0,0,1.0,2.0,0.0,1.0,3
Samtredia,2,0,2,0,2,2,0,2,Georgia - Erovnuli Liga 2,0.0,1.0,0,1.0,1.0,0.0,1.0,3
D. Tbilisi B,1,0,1,0,1,1,0,1,Georgia - Erovnuli Liga 2,0.0,1.0,0,1.0,1.0,0.0,1.0,4
Merani Martvili,1,0,1,0,1,1,0,1,Georgia - Erovnuli Liga 2,0.0,1.0,0,1.0,1.0,0.0,1.0,4
Meshakhte,1,0,1,0,1,1,0,1,Georgia - Erovnuli Liga 2,0.0,1.0,0,1.0,1.0,0.0,1.0,4
L. Tbilisi,2,0,1,1,2,3,-1,1,Georgia - Erovnuli Liga 2,0.0,0.5,-1,0.5,1.0,0.0,2.0,4
Gonio,1,0,0,1,1,2,-1,0,Georgia - Erovnuli Liga 2,0.0,0.0,-1,0.0,1.0,0.0,0.0,5
Bayern Munich,8,7,0,1,29,11,18,21,Germany - Bundesliga,0.88,0.88,18,2.62,3.62,1.14,1.14,1
FSV Mainz,8,6,2,0,15,4,11,20,Germany - Bundesliga,0.75,1.0,11,2.5,1.88,1.33,1.0,2
Leverkusen,8,6,1,1,17,7,10,19,Germany - Bundesliga,0.75,0.88,10,2.38,2.12,1.33,1.14,3
Freiburg,8,5,1,2,17,9,8,16,Germany - Bundesliga,0.62,0.75,8,2.0,2.12,1.61,1.33,4
RB Leipzig,8,4,2,2,16,14,2,14,Germany - Bundesliga,0.5,0.75,2,1.75,2.0,2.0,1.33,5
E. Frankfurt,8,4,1,3,14,12,2,13,Germany - Bundesliga,0.5,0.62,2,1.62,1.75,2.0,1.61,6
FC Augsburg,8,3,3,2,4,4,0,12,Germany - Bundesliga,0.38,0.75,0,1.5,0.5,2.63,1.33,7
Monchengladbach,8,3,2,3,11,10,1,11,Germany - Bundesliga,0.38,0.62,1,1.38,1.38,2.63,1.61,8
Wolfsburg,8,2,4,2,14,12,2,10,Germany - Bundesliga,0.25,0.75,2,1.25,1.75,4.0,1.33,9
Bochum,8,3,1,4,9,9,0,10,Germany - Bundesliga,0.38,0.5,0,1.25,1.12,2.63,2.0,9
Sankt Pauli,8,3,1,4,8,8,0,10,Germany - Bundesliga,0.38,0.5,0,1.25,1.0,2.63,2.0,9
Dortmund,8,2,3,3,16,11,5,9,Germany - Bundesliga,0.25,0.62,5,1.12,2.0,4.0,1.61,10
Stuttgart,8,3,0,5,15,15,0,9,Germany - Bundesliga,0.38,0.38,0,1.12,1.88,2.63,2.63,10
Holstein Kiel,8,2,2,4,14,17,-3,8,Germany - Bundesliga,0.25,0.5,-3,1.0,1.75,4.0,2.0,11
Werder Bremen,8,2,2,4,14,17,-3,8,Germany - Bundesliga,0.25,0.5,-3,1.0,1.75,4.0,2.0,11
Union Berlin,8,1,3,4,6,10,-4,6,Germany - Bundesliga,0.12,0.5,-4,0.75,0.75,8.33,2.0,12
Heidenheim,8,2,0,6,7,17,-10,6,Germany - Bundesliga,0.25,0.25,-10,0.75,0.88,4.0,4.0,12
Hoffenheim,8,0,5,3,7,13,-6,5,Germany - Bundesliga,0.0,0.62,-6,0.62,0.88,0.0,1.61,13
Kaiserslautern,8,5,2,1,14,6,8,17,Germany - 2. Bundesliga,0.62,0.88,8,2.12,1.75,1.61,1.14,1
FC Nurnberg,8,5,2,1,12,5,7,17,Germany - 2. Bundesliga,0.62,0.88,7,2.12,1.5,1.61,1.14,1
FC Koln,8,5,2,1,12,7,5,17,Germany - 2. Bundesliga,0.62,0.88,5,2.12,1.5,1.61,1.14,1
Hamburger SV,8,4,4,0,19,7,12,16,Germany - 2. Bundesliga,0.5,1.0,12,2.0,2.38,2.0,1.0,2
Darmstadt,8,4,2,2,14,7,7,14,Germany - 2. Bundesliga,0.5,0.75,7,1.75,1.75,2.0,1.33,3
Greuther Furth,8,4,2,2,16,13,3,14,Germany - 2. Bundesliga,0.5,0.75,3,1.75,2.0,2.0,1.33,3
Dusseldorf,8,4,1,3,16,14,2,13,Germany - 2. Bundesliga,0.5,0.62,2,1.62,2.0,2.0,1.61,4
Schalke 04,8,4,1,3,12,13,-1,13,Germany - 2. Bundesliga,0.5,0.62,-1,1.62,1.5,2.0,1.61,4
Regensburg,8,3,2,3,7,6,1,11,Germany - 2. Bundesliga,0.38,0.62,1,1.38,0.88,2.63,1.61,5
Karlsruher SC,8,3,2,3,12,12,0,11,Germany - 2. Bundesliga,0.38,0.62,0,1.38,1.5,2.63,1.61,5
Ulm,8,2,4,2,9,7,2,10,Germany - 2. Bundesliga,0.25,0.75,2,1.25,1.12,4.0,1.33,6
Elversberg,8,3,1,4,14,16,-2,10,Germany - 2. Bundesliga,0.38,0.5,-2,1.25,1.75,2.63,2.0,6
Paderborn,8,3,0,5,15,15,0,9,Germany - 2. Bundesliga,0.38,0.38,0,1.12,1.88,2.63,2.63,7
Magdeburg,8,2,3,3,13,13,0,9,Germany - 2. Bundesliga,0.25,0.62,0,1.12,1.62,4.0,1.61,7
Hannover 96,8,1,6,1,9,9,0,9,Germany - 2. Bundesliga,0.12,0.88,0,1.12,1.12,8.33,1.14,7
Braunschweig,8,2,3,3,7,12,-5,9,Germany - 2. Bundesliga,0.25,0.62,-5,1.12,0.88,4.0,1.61,7
Preuss. Munster,8,2,2,4,7,8,-1,8,Germany - 2. Bundesliga,0.25,0.5,-1,1.0,0.88,4.0,2.0,8
Hertha Berlin,8,1,2,5,9,12,-3,5,Germany - 2. Bundesliga,0.12,0.38,-3,0.62,1.12,8.33,2.63,9
Dynamo Dresden,8,6,1,1,19,7,12,19,Germany - 3. Liga,0.75,0.88,12,2.38,2.38,1.33,1.14,1
Saarbrucken,8,6,1,1,17,7,10,19,Germany - 3. Liga,0.75,0.88,10,2.38,2.12,1.33,1.14,1
Energie Cottbus,8,5,2,1,13,7,6,17,Germany - 3. Liga,0.62,0.88,6,2.12,1.62,1.61,1.14,2
Hansa Rostock,8,5,2,1,11,6,5,17,Germany - 3. Liga,0.62,0.88,5,2.12,1.38,1.61,1.14,2
FC Ingolstadt,8,5,2,1,12,8,4,17,Germany - 3. Liga,0.62,0.88,4,2.12,1.5,1.61,1.14,2
Viktoria Koln,8,5,0,3,11,6,5,15,Germany - 3. Liga,0.62,0.62,5,1.88,1.38,1.61,1.61,3
Verl,8,4,3,1,12,9,3,15,Germany - 3. Liga,0.5,0.88,3,1.88,1.5,2.0,1.14,3
VfB Stuttgart B,8,5,0,3,11,11,0,15,Germany - 3. Liga,0.62,0.62,0,1.88,1.38,1.61,1.61,3
Bielefeld,8,4,2,2,16,12,4,14,Germany - 3. Liga,0.5,0.75,4,1.75,2.0,2.0,1.33,4
Osnabruck,8,4,2,2,9,6,3,14,Germany - 3. Liga,0.5,0.75,3,1.75,1.12,2.0,1.33,4
Erzgebirge Aue,8,4,2,2,11,10,1,14,Germany - 3. Liga,0.5,0.75,1,1.75,1.38,2.0,1.33,4
Mannheim,8,3,4,1,13,7,6,13,Germany - 3. Liga,0.38,0.88,6,1.62,1.62,2.63,1.14,5
RW Essen,8,3,4,1,13,9,4,13,Germany - 3. Liga,0.38,0.88,4,1.62,1.62,2.63,1.14,5
Alemannia A.,8,3,4,1,9,6,3,13,Germany - 3. Liga,0.38,0.88,3,1.62,1.12,2.63,1.14,5
1860 Munchen,8,3,2,3,9,12,-3,11,Germany - 3. Liga,0.38,0.62,-3,1.38,1.12,2.63,1.61,6
Hannover 96 B,8,3,1,4,12,19,-7,10,Germany - 3. Liga,0.38,0.5,-7,1.25,1.5,2.63,2.0,7
Dortmund B,8,2,3,3,7,11,-4,9,Germany - 3. Liga,0.25,0.62,-4,1.12,0.88,4.0,1.61,8
Wehen Wiesbaden,8,2,2,4,8,12,-4,8,Germany - 3. Liga,0.25,0.5,-4,1.0,1.0,4.0,2.0,9
Sandhausen,8,2,1,5,16,18,-2,7,Germany - 3. Liga,0.25,0.38,-2,0.88,2.0,4.0,2.63,10
Unterhaching,8,1,1,6,8,15,-7,4,Germany - 3. Liga,0.12,0.25,-7,0.5,1.0,8.33,4.0,11
Bechem Utd,8,7,1,0,11,0,11,22,Ghana - Premier League,0.88,1.0,11,2.75,1.38,1.14,1.0,1
Medeama,8,6,1,1,11,4,7,19,Ghana - Premier League,0.75,0.88,7,2.38,1.38,1.33,1.14,2
Bibiani GS,8,5,3,0,10,2,8,18,Ghana - Premier League,0.62,1.0,8,2.25,1.25,1.61,1.0,3
Heart of Lions,8,6,0,2,12,5,7,18,Ghana - Premier League,0.75,0.75,7,2.25,1.5,1.33,1.33,3
Asante Kotoko,8,6,0,2,11,4,7,18,Ghana - Premier League,0.75,0.75,7,2.25,1.38,1.33,1.33,3
Holy Stars,8,5,2,1,13,3,10,17,Ghana - Premier League,0.62,0.88,10,2.12,1.62,1.61,1.14,4
Legon Cities,8,5,1,2,11,6,5,16,Ghana - Premier League,0.62,0.75,5,2.0,1.38,1.61,1.33,5
Hearts of Oak,8,5,1,2,9,4,5,16,Ghana - Premier League,0.62,0.75,5,2.0,1.12,1.61,1.33,5
Nations,8,5,0,3,15,6,9,15,Ghana - Premier League,0.62,0.62,9,1.88,1.88,1.61,1.61,6
Berekum Chelsea,8,4,3,1,10,4,6,15,Ghana - Premier League,0.5,0.88,6,1.88,1.25,2.0,1.14,6
Aduana Stars,8,4,2,2,8,5,3,14,Ghana - Premier League,0.5,0.75,3,1.75,1.0,2.0,1.33,7
Dreams,8,4,2,2,6,4,2,14,Ghana - Premier League,0.5,0.75,2,1.75,0.75,2.0,1.33,7
Vision,8,3,4,1,8,6,2,13,Ghana - Premier League,0.38,0.88,2,1.62,1.0,2.63,1.14,8
Young Apostles,8,3,4,1,5,3,2,13,Ghana - Premier League,0.38,0.88,2,1.62,0.62,2.63,1.14,8
Karela,8,3,3,2,8,7,1,12,Ghana - Premier League,0.38,0.75,1,1.5,1.0,2.63,1.33,9
Accra Lions,8,3,3,2,7,8,-1,12,Ghana - Premier League,0.38,0.75,-1,1.5,0.88,2.63,1.33,9
Samartex,8,2,4,2,6,6,0,10,Ghana - Premier League,0.25,0.75,0,1.25,0.75,4.0,1.33,10
Nsoatreman,8,2,4,2,7,9,-2,10,Ghana - Premier League,0.25,0.75,-2,1.25,0.88,4.0,1.33,10
St Josephs,8,7,1,0,14,6,8,22,Gibraltar - Premier Division,0.88,1.0,8,2.75,1.75,1.14,1.0,1
Lincoln RI,8,6,1,1,20,5,15,19,Gibraltar - Premier Division,0.75,0.88,15,2.38,2.5,1.33,1.14,2
Europa FC,8,5,2,1,20,3,17,17,Gibraltar - Premier Division,0.62,0.88,17,2.12,2.5,1.61,1.14,3
Magpies,8,5,1,2,17,11,6,16,Gibraltar - Premier Division,0.62,0.75,6,2.0,2.12,1.61,1.33,4
Manchester 62,8,4,3,1,22,13,9,15,Gibraltar - Premier Division,0.5,0.88,9,1.88,2.75,2.0,1.14,5
Lynx,8,4,0,4,13,22,-9,12,Gibraltar - Premier Division,0.5,0.5,-9,1.5,1.62,2.0,2.0,6
Lions FC,8,3,1,4,14,17,-3,10,Gibraltar - Premier Division,0.38,0.5,-3,1.25,1.75,2.63,2.0,7
Glacis Utd,8,3,0,5,12,22,-10,9,Gibraltar - Premier Division,0.38,0.38,-10,1.12,1.5,2.63,2.63,8
College 1975,8,2,2,4,7,14,-7,8,Gibraltar - Premier Division,0.25,0.5,-7,1.0,0.88,4.0,2.0,9
Mons Calpe,8,2,0,6,9,21,-12,6,Gibraltar - Premier Division,0.25,0.25,-12,0.75,1.12,4.0,4.0,10
Europa Point,8,0,2,6,6,32,-26,2,Gibraltar - Premier Division,0.0,0.25,-26,0.25,0.75,0.0,4.0,11
Panathinaikos,8,7,1,0,13,5,8,22,Greece - Super League,0.88,1.0,8,2.75,1.62,1.14,1.0,1
Olympiakos,8,6,2,0,15,6,9,20,Greece - Super League,0.75,1.0,9,2.5,1.88,1.33,1.0,2
AEK Athens,8,5,1,2,17,6,11,16,Greece - Super League,0.62,0.75,11,2.0,2.12,1.61,1.33,3
Aris,8,4,2,2,7,5,2,14,Greece - Super League,0.5,0.75,2,1.75,0.88,2.0,1.33,4
PAOK,8,4,1,3,19,9,10,13,Greece - Super League,0.5,0.62,10,1.62,2.38,2.0,1.61,5
OFI Crete,8,4,1,3,13,12,1,13,Greece - Super League,0.5,0.62,1,1.62,1.62,2.0,1.61,5
Asteras T.,8,4,0,4,8,9,-1,12,Greece - Super League,0.5,0.5,-1,1.5,1.0,2.0,2.0,6
A. Kallithea,8,3,2,3,11,12,-1,11,Greece - Super League,0.38,0.62,-1,1.38,1.38,2.63,1.61,7
Levadiakos,8,3,1,4,11,10,1,10,Greece - Super League,0.38,0.5,1,1.25,1.38,2.63,2.0,8
Panserraikos,8,2,4,2,9,13,-4,10,Greece - Super League,0.25,0.75,-4,1.25,1.12,4.0,1.33,8
Atromitos,8,2,2,4,6,8,-2,8,Greece - Super League,0.25,0.5,-2,1.0,0.75,4.0,2.0,9
Panaitolikos,8,2,1,5,5,8,-3,7,Greece - Super League,0.25,0.38,-3,0.88,0.62,4.0,2.63,10
Lamia,8,2,1,5,5,11,-6,7,Greece - Super League,0.25,0.38,-6,0.88,0.62,4.0,2.63,10
Volos,8,1,2,5,6,11,-5,5,Greece - Super League,0.12,0.38,-5,0.62,0.75,8.33,2.63,11
Municipal,8,6,2,0,20,5,15,20,Guatemala - Liga Nacional - Apertura,0.75,1.0,15,2.5,2.5,1.33,1.0,1
Xelaju,8,6,2,0,18,4,14,20,Guatemala - Liga Nacional - Apertura,0.75,1.0,14,2.5,2.25,1.33,1.0,1
Antigua GFC,8,5,2,1,18,9,9,17,Guatemala - Liga Nacional - Apertura,0.62,0.88,9,2.12,2.25,1.61,1.14,2
Malacateco,8,5,1,2,12,3,9,16,Guatemala - Liga Nacional - Apertura,0.62,0.75,9,2.0,1.5,1.61,1.33,3
Xinabajul,8,5,1,2,15,9,6,16,Guatemala - Liga Nacional - Apertura,0.62,0.75,6,2.0,1.88,1.61,1.33,3
Coban Imperial,8,4,3,1,17,8,9,15,Guatemala - Liga Nacional - Apertura,0.5,0.88,9,1.88,2.12,2.0,1.14,4
Mixco,8,4,3,1,7,3,4,15,Guatemala - Liga Nacional - Apertura,0.5,0.88,4,1.88,0.88,2.0,1.14,4
Achuapa,8,3,4,1,10,7,3,13,Guatemala - Liga Nacional - Apertura,0.38,0.88,3,1.62,1.25,2.63,1.14,5
Comunicaciones,8,4,1,3,13,11,2,13,Guatemala - Liga Nacional - Apertura,0.5,0.62,2,1.62,1.62,2.0,1.61,5
Guastatoya,8,2,4,2,12,8,4,10,Guatemala - Liga Nacional - Apertura,0.25,0.75,4,1.25,1.5,4.0,1.33,6
Marquense,8,2,4,2,8,7,1,10,Guatemala - Liga Nacional - Apertura,0.25,0.75,1,1.25,1.0,4.0,1.33,6
Zacapa Tellioz,8,0,4,4,2,7,-5,4,Guatemala - Liga Nacional - Apertura,0.0,0.5,-5,0.5,0.25,0.0,2.0,7
Malacateco,6,6,0,0,15,4,11,18,guatemala2,1.0,1.0,11,3.0,2.5,1.0,1.0,1
Coban Imperial,7,5,1,1,9,1,8,16,guatemala2,0.71,0.86,8,2.29,1.29,1.41,1.16,2
Municipal,6,5,1,0,12,6,6,16,guatemala2,0.83,1.0,6,2.67,2.0,1.2,1.0,2
Antigua GFC,7,4,2,1,16,6,10,14,guatemala2,0.57,0.86,10,2.0,2.29,1.75,1.16,3
Xelaju,7,4,2,1,16,8,8,14,guatemala2,0.57,0.86,8,2.0,2.29,1.75,1.16,3
Guastatoya,8,4,2,2,9,5,4,14,guatemala2,0.5,0.75,4,1.75,1.12,2.0,1.33,3
Achuapa,7,3,3,1,7,4,3,12,guatemala2,0.43,0.86,3,1.71,1.0,2.33,1.16,4
Marquense,7,3,3,1,7,5,2,12,guatemala2,0.43,0.86,2,1.71,1.0,2.33,1.16,4
Comunicaciones,6,3,1,2,10,10,0,10,guatemala2,0.5,0.67,0,1.67,1.67,2.0,1.49,5
Mixco,6,2,1,3,6,8,-2,7,guatemala2,0.33,0.5,-2,1.17,1.0,3.03,2.0,6
Xinabajul,6,2,0,4,6,8,-2,6,guatemala2,0.33,0.33,-2,1.0,1.0,3.03,3.03,7
Olimpia,8,6,2,0,23,6,17,20,Honduras - Liga Nacional - Apertura,0.75,1.0,17,2.5,2.88,1.33,1.0,1
Olancho,8,5,2,1,20,6,14,17,Honduras - Liga Nacional - Apertura,0.62,0.88,14,2.12,2.5,1.61,1.14,2
Victoria,8,5,1,2,18,10,8,16,Honduras - Liga Nacional - Apertura,0.62,0.75,8,2.0,2.25,1.61,1.33,3
Motagua,8,4,2,2,16,12,4,14,Honduras - Liga Nacional - Apertura,0.5,0.75,4,1.75,2.0,2.0,1.33,4
UPNFM,8,4,1,3,11,11,0,13,Honduras - Liga Nacional - Apertura,0.5,0.62,0,1.62,1.38,2.0,1.61,5
Marathon,8,3,3,2,11,7,4,12,Honduras - Liga Nacional - Apertura,0.38,0.75,4,1.5,1.38,2.63,1.33,6
Genesis,8,3,3,2,11,8,3,12,Honduras - Liga Nacional - Apertura,0.38,0.75,3,1.5,1.38,2.63,1.33,6
Real Espana,8,3,3,2,8,8,0,12,Honduras - Liga Nacional - Apertura,0.38,0.75,0,1.5,1.0,2.63,1.33,6
Juticalpa,8,2,2,4,6,8,-2,8,Honduras - Liga Nacional - Apertura,0.25,0.5,-2,1.0,0.75,4.0,2.0,7
Real Sociedad,8,1,4,3,5,11,-6,7,Honduras - Liga Nacional - Apertura,0.12,0.62,-6,0.88,0.62,8.33,1.61,8
Olimpia,6,4,2,0,10,3,7,14,honduras2,0.67,1.0,7,2.33,1.67,1.49,1.0,1
Motagua,6,4,1,1,13,5,8,13,honduras2,0.67,0.83,8,2.17,2.17,1.49,1.2,2
Genesis,7,2,5,0,13,7,6,11,honduras2,0.29,1.0,6,1.57,1.86,3.45,1.0,3
Real Espana,6,3,2,1,8,5,3,11,honduras2,0.5,0.83,3,1.83,1.33,2.0,1.2,3
Marathon,6,2,3,1,11,6,5,9,honduras2,0.33,0.83,5,1.5,1.83,3.03,1.2,4
Olancho,6,2,2,2,7,8,-1,8,honduras2,0.33,0.67,-1,1.33,1.17,3.03,1.49,5
Victoria,5,2,1,2,4,6,-2,7,honduras2,0.4,0.6,-2,1.4,0.8,2.5,1.67,6
UPNFM,6,1,3,2,7,8,-1,6,honduras2,0.17,0.67,-1,1.0,1.17,5.88,1.49,7
Real Sociedad,6,0,4,2,4,9,-5,4,honduras2,0.0,0.67,-5,0.67,0.67,0.0,1.49,8
Juticalpa,6,1,1,4,2,7,-5,4,honduras2,0.17,0.33,-5,0.67,0.33,5.88,3.03,8
Eastern,8,5,2,1,20,9,11,17,Hong Kong - Premier League,0.62,0.88,11,2.12,2.5,1.61,1.14,1
Kitchee,8,5,1,2,29,6,23,16,Hong Kong - Premier League,0.62,0.75,23,2.0,3.62,1.61,1.33,2
LM Warriors,8,5,1,2,22,17,5,16,Hong Kong - Premier League,0.62,0.75,5,2.0,2.75,1.61,1.33,2
Tai Po,8,5,1,2,13,9,4,16,Hong Kong - Premier League,0.62,0.75,4,2.0,1.62,1.61,1.33,2
Southern D.,8,3,2,3,10,9,1,11,Hong Kong - Premier League,0.38,0.62,1,1.38,1.25,2.63,1.61,3
Hong Kong FC,8,3,1,4,9,13,-4,10,Hong Kong - Premier League,0.38,0.5,-4,1.25,1.12,2.63,2.0,4
North District,8,2,3,3,17,19,-2,9,Hong Kong - Premier League,0.25,0.62,-2,1.12,2.12,4.0,1.61,5
HK Rangers,8,2,2,4,12,16,-4,8,Hong Kong - Premier League,0.25,0.5,-4,1.0,1.5,4.0,2.0,6
Kowloon City,7,2,1,4,11,21,-10,7,Hong Kong - Premier League,0.29,0.43,-10,1.0,1.57,3.45,2.33,7
Paks,8,5,2,1,23,13,10,17,Hungary - NB I,0.62,0.88,10,2.12,2.88,1.61,1.14,1
Puskas A.,8,5,2,1,13,9,4,17,Hungary - NB I,0.62,0.88,4,2.12,1.62,1.61,1.14,1
MTK Budapest,8,4,2,2,16,9,7,14,Hungary - NB I,0.5,0.75,7,1.75,2.0,2.0,1.33,2
Fehervar,8,4,1,3,12,6,6,13,Hungary - NB I,0.5,0.62,6,1.62,1.5,2.0,1.61,3
Ferencvaros,8,3,4,1,14,9,5,13,Hungary - NB I,0.38,0.88,5,1.62,1.75,2.63,1.14,3
Zalaegerszegi,8,3,4,1,12,9,3,13,Hungary - NB I,0.38,0.88,3,1.62,1.5,2.63,1.14,3
Gyor,8,3,2,3,12,10,2,11,Hungary - NB I,0.38,0.62,2,1.38,1.5,2.63,1.61,4
DVTK,8,3,2,3,9,10,-1,11,Hungary - NB I,0.38,0.62,-1,1.38,1.12,2.63,1.61,4
Kecskemeti TE,8,2,3,3,11,11,0,9,Hungary - NB I,0.25,0.62,0,1.12,1.38,4.0,1.61,5
Debrecen,8,2,2,4,15,16,-1,8,Hungary - NB I,0.25,0.5,-1,1.0,1.88,4.0,2.0,6
Nyiregyhaza,8,2,2,4,6,9,-3,8,Hungary - NB I,0.25,0.5,-3,1.0,0.75,4.0,2.0,6
Ujpest,8,1,5,2,7,11,-4,8,Hungary - NB I,0.12,0.75,-4,1.0,0.88,8.33,1.33,6
Kisvarda,8,6,2,0,18,7,11,20,Hungary - NB II,0.75,1.0,11,2.5,2.25,1.33,1.0,1
Kazincbarcika,8,6,2,0,13,4,9,20,Hungary - NB II,0.75,1.0,9,2.5,1.62,1.33,1.0,1
Vasas,8,6,0,2,15,8,7,18,Hungary - NB II,0.75,0.75,7,2.25,1.88,1.33,1.33,2
Kozarmisleny,8,5,1,2,17,11,6,16,Hungary - NB II,0.62,0.75,6,2.0,2.12,1.61,1.33,3
Szeged,8,5,1,2,12,7,5,16,Hungary - NB II,0.62,0.75,5,2.0,1.5,1.61,1.33,3
Csakvari,8,4,3,1,13,12,1,15,Hungary - NB II,0.5,0.88,1,1.88,1.62,2.0,1.14,4
Soroksar,8,4,2,2,14,9,5,14,Hungary - NB II,0.5,0.75,5,1.75,1.75,2.0,1.33,5
Honved,8,4,1,3,13,8,5,13,Hungary - NB II,0.5,0.62,5,1.62,1.62,2.0,1.61,6
Mezokovesd,8,3,3,2,13,9,4,12,Hungary - NB II,0.38,0.75,4,1.5,1.62,2.63,1.33,7
Gyirmot,8,3,3,2,12,10,2,12,Hungary - NB II,0.38,0.75,2,1.5,1.5,2.63,1.33,7
Szentlorinc,8,3,3,2,9,8,1,12,Hungary - NB II,0.38,0.75,1,1.5,1.12,2.63,1.33,7
Bekescsaba,8,3,3,2,10,11,-1,12,Hungary - NB II,0.38,0.75,-1,1.5,1.25,2.63,1.33,7
Tatabanya,8,3,1,4,7,12,-5,10,Hungary - NB II,0.38,0.5,-5,1.25,0.88,2.63,2.0,8
Ajka,8,2,3,3,10,9,1,9,Hungary - NB II,0.25,0.62,1,1.12,1.25,4.0,1.61,9
Budafoki,8,2,2,4,11,14,-3,8,Hungary - NB II,0.25,0.5,-3,1.0,1.38,4.0,2.0,10
BVSC,8,1,4,3,4,8,-4,7,Hungary - NB II,0.12,0.62,-4,0.88,0.5,8.33,1.61,11
Breidablik,8,6,2,0,22,10,12,20,Iceland - Besta deild,0.75,1.0,12,2.5,2.75,1.33,1.0,1
Stjarnan,8,6,1,1,17,10,7,19,Iceland - Besta deild,0.75,0.88,7,2.38,2.12,1.33,1.14,2
Valur,8,5,1,2,26,11,15,16,Iceland - Besta deild,0.62,0.75,15,2.0,3.25,1.61,1.33,3
KR Reykjavik,8,4,3,1,24,11,13,15,Iceland - Besta deild,0.5,0.88,13,1.88,3.0,2.0,1.14,4
IA Akranes,8,5,0,3,22,12,10,15,Iceland - Besta deild,0.62,0.62,10,1.88,2.75,1.61,1.61,4
Vikingur R.,8,4,2,2,17,12,5,14,Iceland - Besta deild,0.5,0.75,5,1.75,2.12,2.0,1.33,5
HK Kopavogur,8,4,2,2,14,13,1,14,Iceland - Besta deild,0.5,0.75,1,1.75,1.75,2.0,1.33,5
KA Akureyri,8,4,2,2,13,14,-1,14,Iceland - Besta deild,0.5,0.75,-1,1.75,1.62,2.0,1.33,5
Fram,8,4,1,3,16,15,1,13,Iceland - Besta deild,0.5,0.62,1,1.62,2.0,2.0,1.61,6
Vestri,8,2,3,3,7,10,-3,9,Iceland - Besta deild,0.25,0.62,-3,1.12,0.88,4.0,1.61,7
Fylkir,8,2,2,4,10,16,-6,8,Iceland - Besta deild,0.25,0.5,-6,1.0,1.25,4.0,2.0,8
Hafnarfjordur,8,1,4,3,10,13,-3,7,Iceland - Besta deild,0.12,0.62,-3,0.88,1.25,8.33,1.61,9
Keflavik,8,6,2,0,19,9,10,20,Iceland - 1. Deild,0.75,1.0,10,2.5,2.38,1.33,1.0,1
IBV,8,6,1,1,21,7,14,19,Iceland - 1. Deild,0.75,0.88,14,2.38,2.62,1.33,1.14,2
IR Reykjavik,8,5,2,1,12,4,8,17,Iceland - 1. Deild,0.62,0.88,8,2.12,1.5,1.61,1.14,3
Throttur R.,8,5,1,2,16,10,6,16,Iceland - 1. Deild,0.62,0.75,6,2.0,2.0,1.61,1.33,4
Leiknir R.,8,4,2,2,16,9,7,14,Iceland - 1. Deild,0.5,0.75,7,1.75,2.0,2.0,1.33,5
Fjolnir,8,4,2,2,16,11,5,14,Iceland - 1. Deild,0.5,0.75,5,1.75,2.0,2.0,1.33,5
Grindavik,8,3,4,1,18,14,4,13,Iceland - 1. Deild,0.38,0.88,4,1.62,2.25,2.63,1.14,6
Njardvik,8,3,3,2,10,9,1,12,Iceland - 1. Deild,0.38,0.75,1,1.5,1.25,2.63,1.33,7
Thor Akureyri,8,2,4,2,11,11,0,10,Iceland - 1. Deild,0.25,0.75,0,1.25,1.38,4.0,1.33,8
Afturelding,8,3,1,4,10,12,-2,10,Iceland - 1. Deild,0.38,0.5,-2,1.25,1.25,2.63,2.0,8
Grotta,8,2,0,6,12,20,-8,6,Iceland - 1. Deild,0.25,0.25,-8,0.75,1.5,4.0,4.0,9
Dalvik / Reynir,8,0,3,5,6,20,-14,3,Iceland - 1. Deild,0.0,0.38,-14,0.38,0.75,0.0,2.63,10
V. Olafsvik,8,8,0,0,23,7,16,24,Iceland - 2. Deild,1.0,1.0,16,3.0,2.88,1.0,1.0,1
Throttur Vogar,8,7,0,1,29,7,22,21,Iceland - 2. Deild,0.88,0.88,22,2.62,3.62,1.14,1.14,2
Volsungur,8,5,1,2,17,7,10,16,Iceland - 2. Deild,0.62,0.75,10,2.0,2.12,1.61,1.33,3
Selfoss,8,4,2,2,20,14,6,14,Iceland - 2. Deild,0.5,0.75,6,1.75,2.5,2.0,1.33,4
Fjallabyggd,8,4,2,2,14,12,2,14,Iceland - 2. Deild,0.5,0.75,2,1.75,1.75,2.0,1.33,4
Fjardabyggd/L.,8,4,1,3,24,17,7,13,Iceland - 2. Deild,0.5,0.62,7,1.62,3.0,2.0,1.61,5
Haukar,8,4,0,4,20,19,1,12,Iceland - 2. Deild,0.5,0.5,1,1.5,2.5,2.0,2.0,6
KFG,8,2,3,3,21,23,-2,9,Iceland - 2. Deild,0.25,0.62,-2,1.12,2.62,4.0,1.61,7
Hottur/Huginn,8,3,0,5,10,12,-2,9,Iceland - 2. Deild,0.38,0.38,-2,1.12,1.25,2.63,2.63,7
AEggir,8,1,3,4,7,11,-4,6,Iceland - 2. Deild,0.12,0.5,-4,0.75,0.88,8.33,2.0,8
Reynir,8,1,2,5,6,14,-8,5,Iceland - 2. Deild,0.12,0.38,-8,0.62,0.75,8.33,2.63,9
Kormakur/Hvot,8,1,1,6,7,18,-11,4,Iceland - 2. Deild,0.12,0.25,-11,0.5,0.88,8.33,4.0,10
Mohun Bagan,8,8,0,0,15,2,13,24,India - Super League,1.0,1.0,13,3.0,1.88,1.0,1.0,1
Goa,8,7,1,0,14,4,10,22,India - Super League,0.88,1.0,10,2.75,1.75,1.14,1.0,2
Jamshedpur,8,5,1,2,14,10,4,16,India - Super League,0.62,0.75,4,2.0,1.75,1.61,1.33,3
Kerala Blasters,8,4,2,2,11,7,4,14,India - Super League,0.5,0.75,4,1.75,1.38,2.0,1.33,4
East Bengal,8,4,1,3,13,12,1,13,India - Super League,0.5,0.62,1,1.62,1.62,2.0,1.61,5
Bengaluru,8,3,2,3,14,12,2,11,India - Super League,0.38,0.62,2,1.38,1.75,2.63,1.61,6
Odisha FC,8,2,5,1,13,11,2,11,India - Super League,0.25,0.88,2,1.38,1.62,4.0,1.14,6
Chennaiyin,8,3,2,3,13,15,-2,11,India - Super League,0.38,0.62,-2,1.38,1.62,2.63,1.61,6
Mumbai City,8,3,2,3,8,11,-3,11,India - Super League,0.38,0.62,-3,1.38,1.0,2.63,1.61,6
Hyderabad,8,2,4,2,12,14,-2,10,India - Super League,0.25,0.75,-2,1.25,1.5,4.0,1.33,7
NorthEast Utd,8,2,3,3,10,9,1,9,India - Super League,0.25,0.62,1,1.12,1.25,4.0,1.61,8
Punjab,8,2,1,5,9,13,-4,7,India - Super League,0.25,0.38,-4,0.88,1.12,4.0,2.63,9
Mohammedan,8,0,3,5,6,16,-10,3,India - Super League,0.0,0.38,-10,0.38,0.75,0.0,2.63,10
Real Kashmir,8,6,2,0,15,6,9,20,India - I-League,0.75,1.0,9,2.5,1.88,1.33,1.0,1
Shillong Lajong,8,5,3,0,25,6,19,18,India - I-League,0.62,1.0,19,2.25,3.12,1.61,1.0,2
Namdhari,8,5,2,1,16,9,7,17,India - I-League,0.62,0.88,7,2.12,2.0,1.61,1.14,3
Churchill B.,8,4,4,0,20,10,10,16,India - I-League,0.5,1.0,10,2.0,2.5,2.0,1.0,4
Inter Kashi,8,5,0,3,17,17,0,15,India - I-League,0.62,0.62,0,1.88,2.12,1.61,1.61,5
Rajasthan,8,4,2,2,15,8,7,14,India - I-League,0.5,0.75,7,1.75,1.88,2.0,1.33,6
Gokulam,8,4,1,3,18,12,6,13,India - I-League,0.5,0.62,6,1.62,2.25,2.0,1.61,7
SC Bengaluru,8,3,3,2,10,8,2,12,India - I-League,0.38,0.75,2,1.5,1.25,2.63,1.33,8
Dempo,8,2,3,3,21,18,3,9,India - I-League,0.25,0.62,3,1.12,2.62,4.0,1.61,9
Sreenidi Deccan,8,2,3,3,13,12,1,9,India - I-League,0.25,0.62,1,1.12,1.62,4.0,1.61,9
Aizawl,8,1,2,5,12,18,-6,5,India - I-League,0.12,0.38,-6,0.62,1.5,8.33,2.63,10
Delhi FC,8,1,0,7,4,12,-8,3,India - I-League,0.12,0.12,-8,0.38,0.5,8.33,8.33,11
Dewa Utd,8,6,1,1,18,5,13,19,Indonesia - Liga 1,0.75,0.88,13,2.38,2.25,1.33,1.14,1
Persebaya S.,8,5,2,1,16,9,7,17,Indonesia - Liga 1,0.62,0.88,7,2.12,2.0,1.61,1.14,2
Persib,8,5,2,1,12,5,7,17,Indonesia - Liga 1,0.62,0.88,7,2.12,1.5,1.61,1.14,2
Malut United,8,5,1,2,12,7,5,16,Indonesia - Liga 1,0.62,0.75,5,2.0,1.5,1.61,1.33,3
Arema,8,4,3,1,19,13,6,15,Indonesia - Liga 1,0.5,0.88,6,1.88,2.38,2.0,1.14,4
Persija,8,4,3,1,15,9,6,15,Indonesia - Liga 1,0.5,0.88,6,1.88,1.88,2.0,1.14,4
PSM,8,4,3,1,10,6,4,15,Indonesia - Liga 1,0.5,0.88,4,1.88,1.25,2.0,1.14,4
Persik Kediri,8,3,4,1,9,6,3,13,Indonesia - Liga 1,0.38,0.88,3,1.62,1.12,2.63,1.14,5
Borneo,8,4,1,3,12,10,2,13,Indonesia - Liga 1,0.5,0.62,2,1.62,1.5,2.0,1.61,5
Persita,8,4,1,3,10,11,-1,13,Indonesia - Liga 1,0.5,0.62,-1,1.62,1.25,2.0,1.61,5
Bali Utd,8,3,3,2,12,11,1,12,Indonesia - Liga 1,0.38,0.75,1,1.5,1.5,2.63,1.33,6
Barito Putera,8,3,2,3,12,11,1,11,Indonesia - Liga 1,0.38,0.62,1,1.38,1.5,2.63,1.61,7
PSBS Biak N.,8,3,2,3,11,12,-1,11,Indonesia - Liga 1,0.38,0.62,-1,1.38,1.38,2.63,1.61,7
Madura Utd,8,3,1,4,11,12,-1,10,Indonesia - Liga 1,0.38,0.5,-1,1.25,1.38,2.63,2.0,8
PSS Sleman,8,3,0,5,15,16,-1,9,Indonesia - Liga 1,0.38,0.38,-1,1.12,1.88,2.63,2.63,9
Persis Solo,8,1,5,2,9,10,-1,8,Indonesia - Liga 1,0.12,0.75,-1,1.0,1.12,8.33,1.33,10
PSIS Semarang,8,2,1,5,8,14,-6,7,Indonesia - Liga 1,0.25,0.38,-6,0.88,1.0,4.0,2.63,11
Semen Padang,8,1,3,4,7,14,-7,6,Indonesia - Liga 1,0.12,0.5,-7,0.75,0.88,8.33,2.0,12
Sepahan,8,6,2,0,18,4,14,20,Iran - Pro League,0.75,1.0,14,2.5,2.25,1.33,1.0,1
Tractor Sazi,8,6,1,1,16,3,13,19,Iran - Pro League,0.75,0.88,13,2.38,2.0,1.33,1.14,2
K. Khorramabad,8,6,0,2,13,6,7,18,Iran - Pro League,0.75,0.75,7,2.25,1.62,1.33,1.33,3
Persepolis,8,6,0,2,12,6,6,18,Iran - Pro League,0.75,0.75,6,2.25,1.5,1.33,1.33,3
Foolad,8,5,2,1,13,7,6,17,Iran - Pro League,0.62,0.88,6,2.12,1.62,1.61,1.14,4
E. Khuzestan,8,4,3,1,9,5,4,15,Iran - Pro League,0.5,0.88,4,1.88,1.12,2.0,1.14,5
Gol Gohar,8,4,2,2,8,6,2,14,Iran - Pro League,0.5,0.75,2,1.75,1.0,2.0,1.33,6
Zob Ahan,8,3,4,1,10,4,6,13,Iran - Pro League,0.38,0.88,6,1.62,1.25,2.63,1.14,7
Esteghlal,8,3,3,2,6,5,1,12,Iran - Pro League,0.38,0.75,1,1.5,0.75,2.63,1.33,8
Aluminium Arak,8,2,5,1,8,4,4,11,Iran - Pro League,0.25,0.88,4,1.38,1.0,4.0,1.14,9
Chadormalu,8,3,2,3,8,6,2,11,Iran - Pro League,0.38,0.62,2,1.38,1.0,2.63,1.61,9
Shams A. Qazvin,8,3,2,3,10,10,0,11,Iran - Pro League,0.38,0.62,0,1.38,1.25,2.63,1.61,9
Malavan,8,2,3,3,7,8,-1,9,Iran - Pro League,0.25,0.62,-1,1.12,0.88,4.0,1.61,10
N. Mazandaran,8,1,5,2,4,5,-1,8,Iran - Pro League,0.12,0.75,-1,1.0,0.5,8.33,1.33,11
Mes Rafsanjan,8,1,4,3,6,10,-4,7,Iran - Pro League,0.12,0.62,-4,0.88,0.75,8.33,1.61,12
Havadar,8,1,1,6,4,13,-9,4,Iran - Pro League,0.12,0.25,-9,0.5,0.5,8.33,4.0,13
St. Patricks,4,3,1,0,9,3,6,10,Ireland - Premier Division,0.75,1.0,6,2.5,2.25,1.33,1.0,1
Galway Utd,3,2,1,0,4,2,2,7,Ireland - Premier Division,0.67,1.0,2,2.33,1.33,1.49,1.0,2
Cork City,4,1,3,0,6,5,1,6,Ireland - Premier Division,0.25,1.0,1,1.5,1.5,4.0,1.0,3
Shelbourne,4,1,2,1,5,4,1,5,Ireland - Premier Division,0.25,0.75,1,1.25,1.25,4.0,1.33,4
Drogheda Utd,3,1,1,1,5,3,2,4,Ireland - Premier Division,0.33,0.67,2,1.33,1.67,3.03,1.49,5
Shamrock Rovers,2,1,1,0,1,0,1,4,Ireland - Premier Division,0.5,1.0,1,2.0,0.5,2.0,1.0,5
Derry City,3,1,1,1,3,3,0,4,Ireland - Premier Division,0.33,0.67,0,1.33,1.0,3.03,1.49,5
Sligo Rovers,4,1,0,3,5,7,-2,3,Ireland - Premier Division,0.25,0.25,-2,0.75,1.25,4.0,4.0,6
Bohemians,3,1,0,2,1,3,-2,3,Ireland - Premier Division,0.33,0.33,-2,1.0,0.33,3.03,3.03,6
Waterford,4,1,0,3,3,7,-4,3,Ireland - Premier Division,0.25,0.25,-4,0.75,0.75,4.0,4.0,6
Dundalk,4,3,1,0,8,3,5,10,Ireland - First Division,0.75,1.0,5,2.5,2.0,1.33,1.0,1
Cobh Ramblers,3,2,1,0,7,0,7,7,Ireland - First Division,0.67,1.0,7,2.33,2.33,1.49,1.0,2
Longford Town,4,2,1,1,6,4,2,7,Ireland - First Division,0.5,0.75,2,1.75,1.5,2.0,1.33,2
Finn Harps,3,1,0,2,6,3,3,3,Ireland - First Division,0.33,0.33,3,1.0,2.0,3.03,3.03,3
Treaty Utd,3,1,0,2,5,5,0,3,Ireland - First Division,0.33,0.33,0,1.0,1.67,3.03,3.03,3
Wexford,3,1,0,2,3,3,0,3,Ireland - First Division,0.33,0.33,0,1.0,1.0,3.03,3.03,3
Bray Wanderers,2,1,0,1,3,4,-1,3,Ireland - First Division,0.5,0.5,-1,1.5,1.5,2.0,2.0,3
Kerry,4,1,0,3,2,3,-1,3,Ireland - First Division,0.25,0.25,-1,0.75,0.5,4.0,4.0,3
UC Dublin,4,0,3,1,2,5,-3,3,Ireland - First Division,0.0,0.75,-3,0.75,0.5,0.0,1.33,3
Athlone Town,3,1,0,2,2,7,-5,3,Ireland - First Division,0.33,0.33,-5,1.0,0.67,3.03,3.03,3
H. Beer Sheva,8,6,2,0,22,7,15,20,Israel - Ligat HaAl,0.75,1.0,15,2.5,2.75,1.33,1.0,1
M. Tel Aviv,8,6,1,1,21,7,14,19,Israel - Ligat HaAl,0.75,0.88,14,2.38,2.62,1.33,1.14,2
Maccabi Netanya,8,5,1,2,15,6,9,16,Israel - Ligat HaAl,0.62,0.75,9,2.0,1.88,1.61,1.33,3
Hapoel Haifa,8,5,0,3,17,14,3,15,Israel - Ligat HaAl,0.62,0.62,3,1.88,2.12,1.61,1.61,4
H. Jerusalem,8,4,2,2,15,9,6,14,Israel - Ligat HaAl,0.5,0.75,6,1.75,1.88,2.0,1.33,5
B. Jerusalem,8,3,4,1,11,7,4,13,Israel - Ligat HaAl,0.38,0.88,4,1.62,1.38,2.63,1.14,6
Ironi Tiberias,8,3,4,1,11,8,3,13,Israel - Ligat HaAl,0.38,0.88,3,1.62,1.38,2.63,1.14,6
Kiryat Shmona,8,3,1,4,8,12,-4,10,Israel - Ligat HaAl,0.38,0.5,-4,1.25,1.0,2.63,2.0,7
M. Petah Tikva,8,2,3,3,10,8,2,9,Israel - Ligat HaAl,0.25,0.62,2,1.12,1.25,4.0,1.61,8
Maccabi Haifa,8,2,3,3,14,16,-2,9,Israel - Ligat HaAl,0.25,0.62,-2,1.12,1.75,4.0,1.61,8
Sakhnin,8,2,2,4,4,8,-4,8,Israel - Ligat HaAl,0.25,0.5,-4,1.0,0.5,4.0,2.0,9
M. Bnei Raina,8,2,2,4,6,11,-5,8,Israel - Ligat HaAl,0.25,0.5,-5,1.0,0.75,4.0,2.0,9
Hapoel Hadera,8,1,2,5,8,14,-6,5,Israel - Ligat HaAl,0.12,0.38,-6,0.62,1.0,8.33,2.63,10
Ashdod,8,0,4,4,9,16,-7,4,Israel - Ligat HaAl,0.0,0.5,-7,0.5,1.12,0.0,2.0,11
Hapoel Tel Aviv,8,8,0,0,21,2,19,24,Israel - Leumit League,1.0,1.0,19,3.0,2.62,1.0,1.0,1
H. Petah Tikva,8,6,0,2,16,4,12,18,Israel - Leumit League,0.75,0.75,12,2.25,2.0,1.33,1.33,2
H. Kfar Saba,8,5,2,1,13,5,8,17,Israel - Leumit League,0.62,0.88,8,2.12,1.62,1.61,1.14,3
H. Ramat Gan,8,5,1,2,20,8,12,16,Israel - Leumit League,0.62,0.75,12,2.0,2.5,1.61,1.33,4
H. Kfar Shalem,8,5,1,2,16,12,4,16,Israel - Leumit League,0.62,0.75,4,2.0,2.0,1.61,1.33,4
Ramat Hasharon,8,4,2,2,11,7,4,14,Israel - Leumit League,0.5,0.75,4,1.75,1.38,2.0,1.33,5
Hapoel Akko,8,4,2,2,8,5,3,14,Israel - Leumit League,0.5,0.75,3,1.75,1.0,2.0,1.33,5
H. Ironi Rishon,8,4,1,3,15,10,5,13,Israel - Leumit League,0.5,0.62,5,1.62,1.88,2.0,1.61,6
M. Herziliya,8,3,2,3,9,12,-3,11,Israel - Leumit League,0.38,0.62,-3,1.38,1.12,2.63,1.61,7
Hapoel Afula,8,2,4,2,11,9,2,10,Israel - Leumit League,0.25,0.75,2,1.25,1.38,4.0,1.33,8
H. Umm al-Fahm,8,3,1,4,6,9,-3,10,Israel - Leumit League,0.38,0.5,-3,1.25,0.75,2.63,2.0,8
Hapoel Raanana,8,2,3,3,8,9,-1,9,Israel - Leumit League,0.25,0.62,-1,1.12,1.0,4.0,1.61,9
Kafr Qasim,8,2,3,3,8,9,-1,9,Israel - Leumit League,0.25,0.62,-1,1.12,1.0,4.0,1.61,9
Bnei Yehuda,8,2,2,4,6,9,-3,8,Israel - Leumit League,0.25,0.5,-3,1.0,0.75,4.0,2.0,10
Maccabi Jaffa,8,2,2,4,8,14,-6,8,Israel - Leumit League,0.25,0.5,-6,1.0,1.0,4.0,2.0,10
H. Nof Hagalil,8,1,1,6,3,11,-8,4,Israel - Leumit League,0.12,0.25,-8,0.5,0.38,8.33,4.0,11
AS Roma,8,7,1,0,22,4,18,22,Italy - Serie A,0.88,1.0,18,2.75,2.75,1.14,1.0,1
Inter Milan,8,7,1,0,18,8,10,22,Italy - Serie A,0.88,1.0,10,2.75,2.25,1.14,1.0,1
Bologna,8,6,1,1,21,10,11,19,Italy - Serie A,0.75,0.88,11,2.38,2.62,1.33,1.14,2
Juventus,8,5,2,1,14,9,5,17,Italy - Serie A,0.62,0.88,5,2.12,1.75,1.61,1.14,3
Napoli,8,5,2,1,11,6,5,17,Italy - Serie A,0.62,0.88,5,2.12,1.38,1.61,1.14,3
Fiorentina,8,5,1,2,11,7,4,16,Italy - Serie A,0.62,0.75,4,2.0,1.38,1.61,1.33,4
Genoa,8,4,3,1,11,6,5,15,Italy - Serie A,0.5,0.88,5,1.88,1.38,2.0,1.14,5
AC Milan,8,3,4,1,10,8,2,13,Italy - Serie A,0.38,0.88,2,1.62,1.25,2.63,1.14,6
Torino,8,3,3,2,7,6,1,12,Italy - Serie A,0.38,0.75,1,1.5,0.88,2.63,1.33,7
Como,8,3,2,3,13,10,3,11,Italy - Serie A,0.38,0.62,3,1.38,1.62,2.63,1.61,8
Parma,8,3,2,3,13,12,1,11,Italy - Serie A,0.38,0.62,1,1.38,1.62,2.63,1.61,8
Udinese,8,3,2,3,11,10,1,11,Italy - Serie A,0.38,0.62,1,1.38,1.38,2.63,1.61,8
Cagliari,8,3,1,4,11,10,1,10,Italy - Serie A,0.38,0.5,1,1.25,1.38,2.63,2.0,9
Lazio,8,2,4,2,14,14,0,10,Italy - Serie A,0.25,0.75,0,1.25,1.75,4.0,1.33,9
Atalanta,8,2,4,2,9,10,-1,10,Italy - Serie A,0.25,0.75,-1,1.25,1.12,4.0,1.33,9
Venezia,8,1,4,3,4,6,-2,7,Italy - Serie A,0.12,0.62,-2,0.88,0.5,8.33,1.61,10
Monza,8,1,2,5,6,11,-5,5,Italy - Serie A,0.12,0.38,-5,0.62,0.75,8.33,2.63,11
Lecce,8,1,2,5,5,12,-7,5,Italy - Serie A,0.12,0.38,-7,0.62,0.62,8.33,2.63,11
Hellas Verona,8,1,1,6,3,20,-17,4,Italy - Serie A,0.12,0.25,-17,0.5,0.38,8.33,4.0,12
Empoli,8,0,2,6,4,16,-12,2,Italy - Serie A,0.0,0.25,-12,0.25,0.5,0.0,4.0,13
Sassuolo,8,7,1,0,20,7,13,22,Italy - Serie B,0.88,1.0,13,2.75,2.5,1.14,1.0,1
Pisa,8,6,1,1,16,7,9,19,Italy - Serie B,0.75,0.88,9,2.38,2.0,1.33,1.14,2
Juve Stabia,8,6,1,1,14,6,8,19,Italy - Serie B,0.75,0.88,8,2.38,1.75,1.33,1.14,2
Catanzaro,8,5,2,1,13,5,8,17,Italy - Serie B,0.62,0.88,8,2.12,1.62,1.61,1.14,3
Modena,8,3,5,0,10,6,4,14,Italy - Serie B,0.38,1.0,4,1.75,1.25,2.63,1.0,4
Cremonese,8,3,4,1,17,10,7,13,Italy - Serie B,0.38,0.88,7,1.62,2.12,2.63,1.14,5
Bari,8,3,4,1,9,6,3,13,Italy - Serie B,0.38,0.88,3,1.62,1.12,2.63,1.14,5
Palermo,8,4,1,3,11,9,2,13,Italy - Serie B,0.5,0.62,2,1.62,1.38,2.0,1.61,5
Carrarese,8,4,1,3,11,12,-1,13,Italy - Serie B,0.5,0.62,-1,1.62,1.38,2.0,1.61,5
Spezia,8,3,3,2,14,9,5,12,Italy - Serie B,0.38,0.75,5,1.5,1.75,2.63,1.33,6
Salernitana,8,3,2,3,8,8,0,11,Italy - Serie B,0.38,0.62,0,1.38,1.0,2.63,1.61,7
Frosinone,8,3,2,3,9,12,-3,11,Italy - Serie B,0.38,0.62,-3,1.38,1.12,2.63,1.61,7
Cesena,8,2,4,2,7,6,1,10,Italy - Serie B,0.25,0.75,1,1.25,0.88,4.0,1.33,8
Sudtirol,8,2,4,2,11,13,-2,10,Italy - Serie B,0.25,0.75,-2,1.25,1.38,4.0,1.33,8
Reggiana,8,2,3,3,8,10,-2,9,Italy - Serie B,0.25,0.62,-2,1.12,1.0,4.0,1.61,9
Sampdoria,8,2,3,3,5,8,-3,9,Italy - Serie B,0.25,0.62,-3,1.12,0.62,4.0,1.61,9
Mantova,8,2,2,4,10,13,-3,8,Italy - Serie B,0.25,0.5,-3,1.0,1.25,4.0,2.0,10
Cosenza,8,2,2,4,5,11,-6,8,Italy - Serie B,0.25,0.5,-6,1.0,0.62,4.0,2.0,10
Brescia,8,0,7,1,8,9,-1,7,Italy - Serie B,0.0,0.88,-1,0.88,1.0,0.0,1.14,11
Cittadella,8,2,1,5,8,15,-7,7,Italy - Serie B,0.25,0.38,-7,0.88,1.0,4.0,2.63,11
Vicenza,8,7,1,0,19,3,16,22,Italy - Serie C - Group A,0.88,1.0,16,2.75,2.38,1.14,1.0,1
Padova,8,6,2,0,16,4,12,20,Italy - Serie C - Group A,0.75,1.0,12,2.5,2.0,1.33,1.0,2
FeralpiSalo,8,6,1,1,14,5,9,19,Italy - Serie C - Group A,0.75,0.88,9,2.38,1.75,1.33,1.14,3
Giana Erminio,8,5,2,1,15,7,8,17,Italy - Serie C - Group A,0.62,0.88,8,2.12,1.88,1.61,1.14,4
Triestina,8,5,2,1,10,3,7,17,Italy - Serie C - Group A,0.62,0.88,7,2.12,1.25,1.61,1.14,4
AlbinoLeffe,8,4,3,1,10,6,4,15,Italy - Serie C - Group A,0.5,0.88,4,1.88,1.25,2.0,1.14,5
Renate,8,5,0,3,8,8,0,15,Italy - Serie C - Group A,0.62,0.62,0,1.88,1.0,1.61,1.61,5
Trento,8,3,4,1,16,7,9,13,Italy - Serie C - Group A,0.38,0.88,9,1.62,2.0,2.63,1.14,6
Arzignano,8,4,1,3,12,8,4,13,Italy - Serie C - Group A,0.5,0.62,4,1.62,1.5,2.0,1.61,6
Novara,8,4,1,3,11,8,3,13,Italy - Serie C - Group A,0.5,0.62,3,1.62,1.38,2.0,1.61,6
Lecco,8,3,3,2,12,10,2,12,Italy - Serie C - Group A,0.38,0.75,2,1.5,1.5,2.63,1.33,7
Virtus Verona,8,3,2,3,12,11,1,11,Italy - Serie C - Group A,0.38,0.62,1,1.38,1.5,2.63,1.61,8
Atalanta B,8,2,4,2,11,10,1,10,Italy - Serie C - Group A,0.25,0.75,1,1.25,1.38,4.0,1.33,9
Pro Vercelli,8,2,4,2,6,6,0,10,Italy - Serie C - Group A,0.25,0.75,0,1.25,0.75,4.0,1.33,9
Pergolettese,8,3,1,4,7,8,-1,10,Italy - Serie C - Group A,0.38,0.5,-1,1.25,0.88,2.63,2.0,9
Pro Patria,8,2,3,3,8,10,-2,9,Italy - Serie C - Group A,0.25,0.62,-2,1.12,1.0,4.0,1.61,10
Caldiero Terme,8,2,2,4,10,12,-2,8,Italy - Serie C - Group A,0.25,0.5,-2,1.0,1.25,4.0,2.0,11
Clodiense,8,2,2,4,8,10,-2,8,Italy - Serie C - Group A,0.25,0.5,-2,1.0,1.0,4.0,2.0,11
Alcione,8,2,2,4,6,8,-2,8,Italy - Serie C - Group A,0.25,0.5,-2,1.0,0.75,4.0,2.0,11
Lumezzane,8,1,2,5,8,14,-6,5,Italy - Serie C - Group A,0.12,0.38,-6,0.62,1.0,8.33,2.63,12
Entella,8,8,0,0,21,4,17,24,Italy - Serie C - Group B,1.0,1.0,17,3.0,2.62,1.0,1.0,1
Ternana,8,5,3,0,12,5,7,18,Italy - Serie C - Group B,0.62,1.0,7,2.25,1.5,1.61,1.0,2
Torres,8,5,3,0,8,2,6,18,Italy - Serie C - Group B,0.62,1.0,6,2.25,1.0,1.61,1.0,2
Pineto,8,5,3,0,10,5,5,18,Italy - Serie C - Group B,0.62,1.0,5,2.25,1.25,1.61,1.0,2
Perugia,8,5,2,1,10,4,6,17,Italy - Serie C - Group B,0.62,0.88,6,2.12,1.25,1.61,1.14,3
Lucchese,8,4,3,1,19,13,6,15,Italy - Serie C - Group B,0.5,0.88,6,1.88,2.38,2.0,1.14,4
Vis Pesaro,8,4,2,2,10,6,4,14,Italy - Serie C - Group B,0.5,0.75,4,1.75,1.25,2.0,1.33,5
Gubbio,8,4,2,2,8,8,0,14,Italy - Serie C - Group B,0.5,0.75,0,1.75,1.0,2.0,1.33,5
Pianese,8,4,1,3,9,9,0,13,Italy - Serie C - Group B,0.5,0.62,0,1.62,1.12,2.0,1.61,6
Sestri Levante,8,3,2,3,12,11,1,11,Italy - Serie C - Group B,0.38,0.62,1,1.38,1.5,2.63,1.61,7
Pontedera,8,3,2,3,8,11,-3,11,Italy - Serie C - Group B,0.38,0.62,-3,1.38,1.0,2.63,1.61,7
Arezzo,8,3,1,4,9,10,-1,10,Italy - Serie C - Group B,0.38,0.5,-1,1.25,1.12,2.63,2.0,8
Campobasso,8,3,1,4,7,10,-3,10,Italy - Serie C - Group B,0.38,0.5,-3,1.25,0.88,2.63,2.0,8
Rimini,8,2,3,3,7,7,0,9,Italy - Serie C - Group B,0.25,0.62,0,1.12,0.88,4.0,1.61,9
Ascoli,8,2,3,3,6,9,-3,9,Italy - Serie C - Group B,0.25,0.62,-3,1.12,0.75,4.0,1.61,9
Pescara,8,1,5,2,9,8,1,8,Italy - Serie C - Group B,0.12,0.75,1,1.0,1.12,8.33,1.33,10
Athletic Carpi,8,2,2,4,5,10,-5,8,Italy - Serie C - Group B,0.25,0.5,-5,1.0,0.62,4.0,2.0,10
Legnago Salus,8,1,3,4,5,11,-6,6,Italy - Serie C - Group B,0.12,0.5,-6,0.75,0.62,8.33,2.0,11
AC Milan B,8,1,3,4,8,15,-7,6,Italy - Serie C - Group B,0.12,0.5,-7,0.75,1.0,8.33,2.0,11
SPAL,8,0,3,5,5,15,-10,3,Italy - Serie C - Group B,0.0,0.38,-10,0.38,0.62,0.0,2.63,12
Avellino,8,8,0,0,13,4,9,24,Italy - Serie C - Group C,1.0,1.0,9,3.0,1.62,1.0,1.0,1
Juventus U23,8,6,1,1,11,2,9,19,Italy - Serie C - Group C,0.75,0.88,9,2.38,1.38,1.33,1.14,2
A. Cerignola,8,5,3,0,15,8,7,18,Italy - Serie C - Group C,0.62,1.0,7,2.25,1.88,1.61,1.0,3
Crotone,8,5,2,1,18,8,10,17,Italy - Serie C - Group C,0.62,0.88,10,2.12,2.25,1.61,1.14,4
Monopoli,8,5,2,1,12,6,6,17,Italy - Serie C - Group C,0.62,0.88,6,2.12,1.5,1.61,1.14,4
Picerno,8,3,5,0,9,4,5,14,Italy - Serie C - Group C,0.38,1.0,5,1.75,1.12,2.63,1.0,5
Potenza,8,3,4,1,18,13,5,13,Italy - Serie C - Group C,0.38,0.88,5,1.62,2.25,2.63,1.14,6
Foggia,8,4,1,3,10,10,0,13,Italy - Serie C - Group C,0.5,0.62,0,1.62,1.25,2.0,1.61,6
Cavese,8,3,3,2,10,9,1,12,Italy - Serie C - Group C,0.38,0.75,1,1.5,1.25,2.63,1.33,7
Catania,8,2,4,2,11,8,3,10,Italy - Serie C - Group C,0.25,0.75,3,1.25,1.38,4.0,1.33,8
Latina,8,3,1,4,8,15,-7,10,Italy - Serie C - Group C,0.38,0.5,-7,1.25,1.0,2.63,2.0,8
Benevento,8,1,6,1,6,6,0,9,Italy - Serie C - Group C,0.12,0.88,0,1.12,0.75,8.33,1.14,9
Altamura,8,2,3,3,9,11,-2,9,Italy - Serie C - Group C,0.25,0.62,-2,1.12,1.12,4.0,1.61,9
Casertana,8,2,2,4,11,8,3,8,Italy - Serie C - Group C,0.25,0.5,3,1.0,1.38,4.0,2.0,10
Giugliano,8,2,1,5,13,16,-3,7,Italy - Serie C - Group C,0.25,0.38,-3,0.88,1.62,4.0,2.63,11
Sorrento,8,2,1,5,8,11,-3,7,Italy - Serie C - Group C,0.25,0.38,-3,0.88,1.0,4.0,2.63,11
ACR Messina,8,2,1,5,6,10,-4,7,Italy - Serie C - Group C,0.25,0.38,-4,0.88,0.75,4.0,2.63,11
Trapani,8,1,2,5,6,13,-7,5,Italy - Serie C - Group C,0.12,0.38,-7,0.62,0.75,8.33,2.63,12
Taranto,0,0,0,0,0,0,0,0,Italy - Serie C - Group C,0.0,0.0,0,0.0,0.0,0.0,0.0,13
Turris,0,0,0,0,0,0,0,0,Italy - Serie C - Group C,0.0,0.0,0,0.0,0.0,0.0,0.0,13
Citta di Varese,8,6,1,1,13,5,8,19,Italy - Serie D - Group A,0.75,0.88,8,2.38,1.62,1.33,1.14,1
Gozzano,8,5,3,0,10,4,6,18,Italy - Serie D - Group A,0.62,1.0,6,2.25,1.25,1.61,1.0,2
Saluzzo,8,5,2,1,12,6,6,17,Italy - Serie D - Group A,0.62,0.88,6,2.12,1.5,1.61,1.14,3
Bra,8,5,1,2,19,8,11,16,Italy - Serie D - Group A,0.62,0.75,11,2.0,2.38,1.61,1.33,4
Ligorna,8,4,3,1,17,8,9,15,Italy - Serie D - Group A,0.5,0.88,9,1.88,2.12,2.0,1.14,5
NovaRomentin,8,4,2,2,14,6,8,14,Italy - Serie D - Group A,0.5,0.75,8,1.75,1.75,2.0,1.33,6
Pro Imperia,8,3,3,2,13,9,4,12,Italy - Serie D - Group A,0.38,0.75,4,1.5,1.62,2.63,1.33,7
Lavagnese,8,3,2,3,10,10,0,11,Italy - Serie D - Group A,0.38,0.62,0,1.38,1.25,2.63,1.61,8
Vado,8,3,2,3,9,9,0,11,Italy - Serie D - Group A,0.38,0.62,0,1.38,1.12,2.63,1.61,8
Vogherese,8,1,6,1,6,8,-2,9,Italy - Serie D - Group A,0.12,0.88,-2,1.12,0.75,8.33,1.14,9
Fossano,8,3,0,5,6,13,-7,9,Italy - Serie D - Group A,0.38,0.38,-7,1.12,0.75,2.63,2.63,9
Derthona,8,2,2,4,8,13,-5,8,Italy - Serie D - Group A,0.25,0.5,-5,1.0,1.0,4.0,2.0,10
Asti,8,2,1,5,6,8,-2,7,Italy - Serie D - Group A,0.25,0.38,-2,0.88,0.75,4.0,2.63,11
Chisola,8,1,4,3,7,10,-3,7,Italy - Serie D - Group A,0.12,0.62,-3,0.88,0.88,8.33,1.61,11
Chieri,8,2,1,5,9,14,-5,7,Italy - Serie D - Group A,0.25,0.38,-5,0.88,1.12,4.0,2.63,11
Borgaro Nobis,8,2,1,5,7,12,-5,7,Italy - Serie D - Group A,0.25,0.38,-5,0.88,0.88,4.0,2.63,11
Cairese,8,1,3,4,6,9,-3,6,Italy - Serie D - Group A,0.12,0.5,-3,0.75,0.75,8.33,2.0,12
Sanremese,8,1,3,4,4,7,-3,6,Italy - Serie D - Group A,0.12,0.5,-3,0.75,0.5,8.33,2.0,12
Oltrepo,8,1,3,4,7,12,-5,6,Italy - Serie D - Group A,0.12,0.5,-5,0.75,0.88,8.33,2.0,12
Albenga,0,0,0,0,0,0,0,0,Italy - Serie D - Group A,0.0,0.0,0,0.0,0.0,0.0,0.0,13
USD Casatese,8,6,1,1,11,4,7,19,Italy - Serie D - Group B,0.75,0.88,7,2.38,1.38,1.33,1.14,1
Club Milano,8,6,0,2,14,6,8,18,Italy - Serie D - Group B,0.75,0.75,8,2.25,1.75,1.33,1.33,2
Pro Palazzolo,8,5,2,1,15,5,10,17,Italy - Serie D - Group B,0.62,0.88,10,2.12,1.88,1.61,1.14,3
Varesina,8,5,1,2,15,10,5,16,Italy - Serie D - Group B,0.62,0.75,5,2.0,1.88,1.61,1.33,4
Desenxano,8,4,3,1,12,6,6,15,Italy - Serie D - Group B,0.5,0.88,6,1.88,1.5,2.0,1.14,5
F. Caratese,8,4,2,2,18,12,6,14,Italy - Serie D - Group B,0.5,0.75,6,1.75,2.25,2.0,1.33,6
Breno,8,3,4,1,12,7,5,13,Italy - Serie D - Group B,0.38,0.88,5,1.62,1.5,2.63,1.14,7
Chievo,8,4,1,3,9,8,1,13,Italy - Serie D - Group B,0.5,0.62,1,1.62,1.12,2.0,1.61,7
Ciliverghe,8,4,1,3,14,14,0,13,Italy - Serie D - Group B,0.5,0.62,0,1.62,1.75,2.0,1.61,7
Sondrio,8,3,3,2,11,9,2,12,Italy - Serie D - Group B,0.38,0.75,2,1.5,1.38,2.63,1.33,8
Sangiuliano C.,8,3,3,2,10,9,1,12,Italy - Serie D - Group B,0.38,0.75,1,1.5,1.25,2.63,1.33,8
Crema,8,3,2,3,15,11,4,11,Italy - Serie D - Group B,0.38,0.62,4,1.38,1.88,2.63,1.61,9
Fanfulla,8,3,2,3,9,9,0,11,Italy - Serie D - Group B,0.38,0.62,0,1.38,1.12,2.63,1.61,9
Ospitaletto,8,2,4,2,10,10,0,10,Italy - Serie D - Group B,0.25,0.75,0,1.25,1.25,4.0,1.33,10
Vigasio,8,3,1,4,9,10,-1,10,Italy - Serie D - Group B,0.38,0.5,-1,1.25,1.12,2.63,2.0,10
SantAngelo,8,1,6,1,8,7,1,9,Italy - Serie D - Group B,0.12,0.88,1,1.12,1.0,8.33,1.14,11
Pro Sesto,8,1,5,2,7,9,-2,8,Italy - Serie D - Group B,0.12,0.75,-2,1.0,0.88,8.33,1.33,12
Castellanzese,8,0,6,2,8,13,-5,6,Italy - Serie D - Group B,0.0,0.75,-5,0.75,1.0,0.0,1.33,13
Magenta,8,1,2,5,5,15,-10,5,Italy - Serie D - Group B,0.12,0.38,-10,0.62,0.62,8.33,2.63,14
Arconatese,8,0,3,5,2,8,-6,3,Italy - Serie D - Group B,0.0,0.38,-6,0.38,0.25,0.0,2.63,15
D. Bellunesi,8,6,2,0,16,6,10,20,Italy - Serie D - Group C,0.75,1.0,10,2.5,2.0,1.33,1.0,1
Bassano Virtus,8,5,2,1,12,3,9,17,Italy - Serie D - Group C,0.62,0.88,9,2.12,1.5,1.61,1.14,2
Villa Alme,8,5,1,2,18,12,6,16,Italy - Serie D - Group C,0.62,0.75,6,2.0,2.25,1.61,1.33,3
Este,8,5,1,2,15,10,5,16,Italy - Serie D - Group C,0.62,0.75,5,2.0,1.88,1.61,1.33,3
Mestre,8,5,1,2,12,9,3,16,Italy - Serie D - Group C,0.62,0.75,3,2.0,1.5,1.61,1.33,3
Real Calepina,8,4,3,1,16,9,7,15,Italy - Serie D - Group C,0.5,0.88,7,1.88,2.0,2.0,1.14,4
Adriese,8,3,5,0,9,4,5,14,Italy - Serie D - Group C,0.38,1.0,5,1.75,1.12,2.63,1.0,5
Luparense,8,3,5,0,11,7,4,14,Italy - Serie D - Group C,0.38,1.0,4,1.75,1.38,2.63,1.0,5
Brian Lignano,8,3,3,2,11,5,6,12,Italy - Serie D - Group C,0.38,0.75,6,1.5,1.38,2.63,1.33,6
Cjarlins Muzane,8,3,3,2,11,9,2,12,Italy - Serie D - Group C,0.38,0.75,2,1.5,1.38,2.63,1.33,6
Treviso,8,4,0,4,8,8,0,12,Italy - Serie D - Group C,0.5,0.5,0,1.5,1.0,2.0,2.0,6
Campodarsego,8,3,3,2,11,12,-1,12,Italy - Serie D - Group C,0.38,0.75,-1,1.5,1.38,2.63,1.33,6
Brusaporto,8,3,2,3,11,10,1,11,Italy - Serie D - Group C,0.38,0.62,1,1.38,1.38,2.63,1.61,7
Calvi Noale,8,3,2,3,10,11,-1,11,Italy - Serie D - Group C,0.38,0.62,-1,1.38,1.25,2.63,1.61,7
Portogruaro,8,2,3,3,3,4,-1,9,Italy - Serie D - Group C,0.25,0.62,-1,1.12,0.38,4.0,1.61,8
Montecchio M.,8,2,2,4,7,8,-1,8,Italy - Serie D - Group C,0.25,0.5,-1,1.0,0.88,4.0,2.0,9
Chions,8,1,5,2,4,6,-2,8,Italy - Serie D - Group C,0.12,0.75,-2,1.0,0.5,8.33,1.33,9
Ciserano,8,1,4,3,12,12,0,7,Italy - Serie D - Group C,0.12,0.62,0,0.88,1.5,8.33,1.61,10
Lavis,8,1,2,5,4,16,-12,5,Italy - Serie D - Group C,0.12,0.38,-12,0.62,0.5,8.33,2.63,11
Caravaggio,8,1,1,6,8,14,-6,4,Italy - Serie D - Group C,0.12,0.25,-6,0.5,1.0,8.33,4.0,12
Ravenna,8,8,0,0,21,5,16,24,Italy - Serie D - Group D,1.0,1.0,16,3.0,2.62,1.0,1.0,1
Pistoiese,8,7,1,0,15,3,12,22,Italy - Serie D - Group D,0.88,1.0,12,2.75,1.88,1.14,1.0,2
Forli,8,7,0,1,21,7,14,21,Italy - Serie D - Group D,0.88,0.88,14,2.62,2.62,1.14,1.14,3
Tau Altopascio,8,5,2,1,14,8,6,17,Italy - Serie D - Group D,0.62,0.88,6,2.12,1.75,1.61,1.14,4
Piacenza,8,3,3,2,9,6,3,12,Italy - Serie D - Group D,0.38,0.75,3,1.5,1.12,2.63,1.33,5
Lentigione,8,3,3,2,10,9,1,12,Italy - Serie D - Group D,0.38,0.75,1,1.5,1.25,2.63,1.33,5
Cittadella Vis,8,3,1,4,9,8,1,10,Italy - Serie D - Group D,0.38,0.5,1,1.25,1.12,2.63,2.0,6
Corticella,8,3,1,4,7,9,-2,10,Italy - Serie D - Group D,0.38,0.5,-2,1.25,0.88,2.63,2.0,6
Prato,8,3,1,4,8,11,-3,10,Italy - Serie D - Group D,0.38,0.5,-3,1.25,1.0,2.63,2.0,6
Progresso,8,2,3,3,7,6,1,9,Italy - Serie D - Group D,0.25,0.62,1,1.12,0.88,4.0,1.61,7
Tuttocuoio,8,2,3,3,6,7,-1,9,Italy - Serie D - Group D,0.25,0.62,-1,1.12,0.75,4.0,1.61,7
Imolese,8,2,3,3,9,12,-3,9,Italy - Serie D - Group D,0.25,0.62,-3,1.12,1.12,4.0,1.61,7
Sammaurese,8,2,2,4,11,8,3,8,Italy - Serie D - Group D,0.25,0.5,3,1.0,1.38,4.0,2.0,8
Zenith Prato,8,2,2,4,8,9,-1,8,Italy - Serie D - Group D,0.25,0.5,-1,1.0,1.0,4.0,2.0,8
San Marino C.,8,2,2,4,8,12,-4,8,Italy - Serie D - Group D,0.25,0.5,-4,1.0,1.0,4.0,2.0,8
United Riccione,8,2,2,4,7,17,-10,8,Italy - Serie D - Group D,0.25,0.5,-10,1.0,0.88,4.0,2.0,8
Sasso Marconi,8,1,2,5,8,14,-6,5,Italy - Serie D - Group D,0.12,0.38,-6,0.62,1.0,8.33,2.63,9
Fiorenzuola,8,0,1,7,4,13,-9,1,Italy - Serie D - Group D,0.0,0.12,-9,0.12,0.5,0.0,8.33,10
Livorno,8,6,1,1,21,8,13,19,Italy - Serie D - Group E,0.75,0.88,13,2.38,2.62,1.33,1.14,1
Fulgens Foligno,8,6,1,1,21,10,11,19,Italy - Serie D - Group E,0.75,0.88,11,2.38,2.62,1.33,1.14,1
Grosseto,8,4,3,1,10,5,5,15,Italy - Serie D - Group E,0.5,0.88,5,1.88,1.25,2.0,1.14,2
Ghiviborgo,8,4,0,4,20,18,2,12,Italy - Serie D - Group E,0.5,0.5,2,1.5,2.5,2.0,2.0,3
San Donato,8,3,2,3,6,6,0,11,Italy - Serie D - Group E,0.38,0.62,0,1.38,0.75,2.63,1.61,4
Ostia Mare,8,3,2,3,10,11,-1,11,Italy - Serie D - Group E,0.38,0.62,-1,1.38,1.25,2.63,1.61,4
Figline,8,3,2,3,6,7,-1,11,Italy - Serie D - Group E,0.38,0.62,-1,1.38,0.75,2.63,1.61,4
Gavorrano,8,2,4,2,10,9,1,10,Italy - Serie D - Group E,0.25,0.75,1,1.25,1.25,4.0,1.33,5
FC Siena,8,2,4,2,5,4,1,10,Italy - Serie D - Group E,0.25,0.75,1,1.25,0.62,4.0,1.33,5
Orvietana,8,2,3,3,7,8,-1,9,Italy - Serie D - Group E,0.25,0.62,-1,1.12,0.88,4.0,1.61,6
Fezzanese,8,2,3,3,8,10,-2,9,Italy - Serie D - Group E,0.25,0.62,-2,1.12,1.0,4.0,1.61,6
Montevarchi,8,2,3,3,8,10,-2,9,Italy - Serie D - Group E,0.25,0.62,-2,1.12,1.0,4.0,1.61,6
S. Trestina,8,2,3,3,7,13,-6,9,Italy - Serie D - Group E,0.25,0.62,-6,1.12,0.88,4.0,1.61,6
T. Traiana,8,1,5,2,5,7,-2,8,Italy - Serie D - Group E,0.12,0.75,-2,1.0,0.62,8.33,1.33,7
Sangiovannese,8,2,2,4,4,6,-2,8,Italy - Serie D - Group E,0.25,0.5,-2,1.0,0.5,4.0,2.0,7
Seravezza,8,2,2,4,11,14,-3,8,Italy - Serie D - Group E,0.25,0.5,-3,1.0,1.38,4.0,2.0,7
Poggibonsi,8,2,1,5,7,11,-4,7,Italy - Serie D - Group E,0.25,0.38,-4,0.88,0.88,4.0,2.63,8
Flaminia,8,1,2,5,6,10,-4,5,Italy - Serie D - Group E,0.12,0.38,-4,0.62,0.75,8.33,2.63,9
Sambenedettese,8,6,2,0,16,4,12,20,Italy - Serie D - Group F,0.75,1.0,12,2.5,2.0,1.33,1.0,1
Teramo,8,5,1,2,16,7,9,16,Italy - Serie D - Group F,0.62,0.75,9,2.0,2.0,1.61,1.33,2
LAquila,8,4,3,1,12,5,7,15,Italy - Serie D - Group F,0.5,0.88,7,1.88,1.5,2.0,1.14,3
Chieti,8,4,2,2,11,10,1,14,Italy - Serie D - Group F,0.5,0.75,1,1.75,1.38,2.0,1.33,4
Recanatese,8,4,2,2,14,16,-2,14,Italy - Serie D - Group F,0.5,0.75,-2,1.75,1.75,2.0,1.33,4
Castelfidardo,8,4,1,3,11,6,5,13,Italy - Serie D - Group F,0.5,0.62,5,1.62,1.38,2.0,1.61,5
Avezzano,8,3,4,1,8,5,3,13,Italy - Serie D - Group F,0.38,0.88,3,1.62,1.0,2.63,1.14,5
San Nicolo,8,3,2,3,5,5,0,11,Italy - Serie D - Group F,0.38,0.62,0,1.38,0.62,2.63,1.61,6
Sora,8,2,4,2,8,6,2,10,Italy - Serie D - Group F,0.25,0.75,2,1.25,1.0,4.0,1.33,7
Fossombrone,8,2,4,2,14,13,1,10,Italy - Serie D - Group F,0.25,0.75,1,1.25,1.75,4.0,1.33,7
Atletico Ascoli,8,2,3,3,10,11,-1,9,Italy - Serie D - Group F,0.25,0.62,-1,1.12,1.25,4.0,1.61,8
Termoli Calcio,8,2,3,3,8,9,-1,9,Italy - Serie D - Group F,0.25,0.62,-1,1.12,1.0,4.0,1.61,8
V. Senigallia,8,2,3,3,8,12,-4,9,Italy - Serie D - Group F,0.25,0.62,-4,1.12,1.0,4.0,1.61,8
Ancona 1905,8,2,2,4,7,10,-3,8,Italy - Serie D - Group F,0.25,0.5,-3,1.0,0.88,4.0,2.0,9
Roma City,8,1,3,4,6,9,-3,6,Italy - Serie D - Group F,0.12,0.5,-3,0.75,0.75,8.33,2.0,10
Fermana,8,1,3,4,8,12,-4,6,Italy - Serie D - Group F,0.12,0.5,-4,0.75,1.0,8.33,2.0,10
Civitanovese,8,0,5,3,2,5,-3,5,Italy - Serie D - Group F,0.0,0.62,-3,0.62,0.25,0.0,1.61,11
Isernia,8,1,2,5,4,15,-11,5,Italy - Serie D - Group F,0.12,0.38,-11,0.62,0.5,8.33,2.63,11
Gelbison,8,8,0,0,19,6,13,24,Italy - Serie D - Group G,1.0,1.0,13,3.0,2.38,1.0,1.0,1
Cassino,8,7,1,0,15,3,12,22,Italy - Serie D - Group G,0.88,1.0,12,2.75,1.88,1.14,1.0,2
Savoia,8,6,1,1,16,4,12,19,Italy - Serie D - Group G,0.75,0.88,12,2.38,2.0,1.33,1.14,3
Guidonia,8,6,1,1,17,6,11,19,Italy - Serie D - Group G,0.75,0.88,11,2.38,2.12,1.33,1.14,3
CynthiAlbalonga,8,6,1,1,16,6,10,19,Italy - Serie D - Group G,0.75,0.88,10,2.38,2.0,1.33,1.14,3
Olbia,8,6,1,1,14,6,8,19,Italy - Serie D - Group G,0.75,0.88,8,2.38,1.75,1.33,1.14,3
Paganese,8,5,2,1,10,3,7,17,Italy - Serie D - Group G,0.62,0.88,7,2.12,1.25,1.61,1.14,4
Latte Dolce,8,5,1,2,18,8,10,16,Italy - Serie D - Group G,0.62,0.75,10,2.0,2.25,1.61,1.33,5
Sarnese,8,5,1,2,17,13,4,16,Italy - Serie D - Group G,0.62,0.75,4,2.0,2.12,1.61,1.33,5
Trastevere,8,4,2,2,14,8,6,14,Italy - Serie D - Group G,0.5,0.75,6,1.75,1.75,2.0,1.33,6
Ilvamaddalena,8,4,2,2,11,6,5,14,Italy - Serie D - Group G,0.5,0.75,5,1.75,1.38,2.0,1.33,6
Puteolana,8,4,2,2,12,9,3,14,Italy - Serie D - Group G,0.5,0.75,3,1.75,1.5,2.0,1.33,6
A. Lodigiani,8,3,3,2,15,11,4,12,Italy - Serie D - Group G,0.38,0.75,4,1.5,1.88,2.63,1.33,7
S. Ogliastra,8,3,3,2,10,9,1,12,Italy - Serie D - Group G,0.38,0.75,1,1.5,1.25,2.63,1.33,7
Atletico Uri,8,3,2,3,11,9,2,11,Italy - Serie D - Group G,0.38,0.62,2,1.38,1.38,2.63,1.61,8
R. Monterotondo,8,2,3,3,10,10,0,9,Italy - Serie D - Group G,0.25,0.62,0,1.12,1.25,4.0,1.61,9
Anzio,8,1,3,4,9,20,-11,6,Italy - Serie D - Group G,0.12,0.5,-11,0.75,1.12,8.33,2.0,10
Terracina,8,1,1,6,4,14,-10,4,Italy - Serie D - Group G,0.12,0.25,-10,0.5,0.5,8.33,4.0,11
Citta di Fasano,8,7,1,0,21,4,17,22,Italy - Serie D - Group H,0.88,1.0,17,2.75,2.62,1.14,1.0,1
Martina Franca,8,6,2,0,14,3,11,20,Italy - Serie D - Group H,0.75,1.0,11,2.5,1.75,1.33,1.0,2
Fidelis Andria,8,6,1,1,8,3,5,19,Italy - Serie D - Group H,0.75,0.88,5,2.38,1.0,1.33,1.14,3
Nocerina,8,5,3,0,14,4,10,18,Italy - Serie D - Group H,0.62,1.0,10,2.25,1.75,1.61,1.0,4
Casarano,8,5,3,0,13,3,10,18,Italy - Serie D - Group H,0.62,1.0,10,2.25,1.62,1.61,1.0,4
Brindisi,8,5,2,1,18,9,9,17,Italy - Serie D - Group H,0.62,0.88,9,2.12,2.25,1.61,1.14,5
Matera,8,4,4,0,13,6,7,16,Italy - Serie D - Group H,0.5,1.0,7,2.0,1.62,2.0,1.0,6
Manfredonia,8,4,3,1,12,5,7,15,Italy - Serie D - Group H,0.5,0.88,7,1.88,1.5,2.0,1.14,7
Francavilla,8,5,0,3,13,8,5,15,Italy - Serie D - Group H,0.62,0.62,5,1.88,1.62,1.61,1.61,7
Real Acerrana,8,4,2,2,11,9,2,14,Italy - Serie D - Group H,0.5,0.75,2,1.75,1.38,2.0,1.33,8
Ugento,8,4,1,3,14,9,5,13,Italy - Serie D - Group H,0.5,0.62,5,1.62,1.75,2.0,1.61,9
Ischia,8,3,4,1,14,12,2,13,Italy - Serie D - Group H,0.38,0.88,2,1.62,1.75,2.63,1.14,9
Nardo,8,3,3,2,11,5,6,12,Italy - Serie D - Group H,0.38,0.75,6,1.5,1.38,2.63,1.33,10
Gravina,8,3,2,3,10,9,1,11,Italy - Serie D - Group H,0.38,0.62,1,1.38,1.25,2.63,1.61,11
USD Palmese,8,3,1,4,6,8,-2,10,Italy - Serie D - Group H,0.38,0.5,-2,1.25,0.75,2.63,2.0,12
V. Francavilla,8,1,5,2,10,12,-2,8,Italy - Serie D - Group H,0.12,0.75,-2,1.0,1.25,8.33,1.33,13
Costa DAmalfi,8,1,3,4,7,16,-9,6,Italy - Serie D - Group H,0.12,0.5,-9,0.75,0.88,8.33,2.0,14
Angri Calcio,8,1,2,5,5,13,-8,5,Italy - Serie D - Group H,0.12,0.38,-8,0.62,0.62,8.33,2.63,15
Siracusa,8,7,0,1,24,5,19,21,Italy - Serie D - Group I,0.88,0.88,19,2.62,3.0,1.14,1.14,1
Reggina,8,6,1,1,20,8,12,19,Italy - Serie D - Group I,0.75,0.88,12,2.38,2.5,1.33,1.14,2
Nissa,8,5,3,0,15,6,9,18,Italy - Serie D - Group I,0.62,1.0,9,2.25,1.88,1.61,1.0,3
Sambiase,8,5,1,2,12,7,5,16,Italy - Serie D - Group I,0.62,0.75,5,2.0,1.5,1.61,1.33,4
Acireale,8,5,1,2,13,10,3,16,Italy - Serie D - Group I,0.62,0.75,3,2.0,1.62,1.61,1.33,4
Igea Virtus,8,5,0,3,14,8,6,15,Italy - Serie D - Group I,0.62,0.62,6,1.88,1.75,1.61,1.61,5
Scafatese,8,4,2,2,13,6,7,14,Italy - Serie D - Group I,0.5,0.75,7,1.75,1.62,2.0,1.33,6
Pompei,8,4,2,2,9,9,0,14,Italy - Serie D - Group I,0.5,0.75,0,1.75,1.12,2.0,1.33,6
Sancataldese,8,3,4,1,9,7,2,13,Italy - Serie D - Group I,0.38,0.88,2,1.62,1.12,2.63,1.14,7
Ragusa,8,3,2,3,9,8,1,11,Italy - Serie D - Group I,0.38,0.62,1,1.38,1.12,2.63,1.61,8
Vibonese,8,3,1,4,13,8,5,10,Italy - Serie D - Group I,0.38,0.5,5,1.25,1.62,2.63,2.0,9
Paterno,8,1,5,2,3,5,-2,8,Italy - Serie D - Group I,0.12,0.75,-2,1.0,0.38,8.33,1.33,10
CD S. Agata,8,0,6,2,8,10,-2,6,Italy - Serie D - Group I,0.0,0.75,-2,0.75,1.0,0.0,1.33,11
CastrumFavara,8,1,3,4,6,10,-4,6,Italy - Serie D - Group I,0.12,0.5,-4,0.75,0.75,8.33,2.0,11
Locri 1909,8,1,3,4,9,14,-5,6,Italy - Serie D - Group I,0.12,0.5,-5,0.75,1.12,8.33,2.0,11
Enna,8,0,6,2,6,11,-5,6,Italy - Serie D - Group I,0.0,0.75,-5,0.75,0.75,0.0,1.33,11
Licata,8,2,0,6,6,15,-9,6,Italy - Serie D - Group I,0.25,0.25,-9,0.75,0.75,4.0,4.0,11
Akragas,0,0,0,0,0,0,0,0,Italy - Serie D - Group I,0.0,0.0,0,0.0,0.0,0.0,0.0,12
Juventus U20,8,6,0,2,16,13,3,18,Italy - Primavera 1,0.75,0.75,3,2.25,2.0,1.33,1.33,1
Inter Milan U20,8,5,2,1,17,8,9,17,Italy - Primavera 1,0.62,0.88,9,2.12,2.12,1.61,1.14,2
Cagliari U20,8,5,2,1,13,6,7,17,Italy - Primavera 1,0.62,0.88,7,2.12,1.62,1.61,1.14,2
Lecce U20,8,5,1,2,12,7,5,16,Italy - Primavera 1,0.62,0.75,5,2.0,1.5,1.61,1.33,3
Monza U20,8,5,0,3,18,13,5,15,Italy - Primavera 1,0.62,0.62,5,1.88,2.25,1.61,1.61,4
Fiorentina U20,8,4,2,2,17,12,5,14,Italy - Primavera 1,0.5,0.75,5,1.75,2.12,2.0,1.33,5
Cremonese U20,8,4,2,2,11,6,5,14,Italy - Primavera 1,0.5,0.75,5,1.75,1.38,2.0,1.33,5
Cesena U20,8,4,2,2,21,17,4,14,Italy - Primavera 1,0.5,0.75,4,1.75,2.62,2.0,1.33,5
Lazio U20,8,4,2,2,13,10,3,14,Italy - Primavera 1,0.5,0.75,3,1.75,1.62,2.0,1.33,5
Sassuolo U20,8,4,2,2,9,6,3,14,Italy - Primavera 1,0.5,0.75,3,1.75,1.12,2.0,1.33,5
Atalanta U20,8,4,1,3,14,9,5,13,Italy - Primavera 1,0.5,0.62,5,1.62,1.75,2.0,1.61,6
Roma U20,8,4,1,3,11,9,2,13,Italy - Primavera 1,0.5,0.62,2,1.62,1.38,2.0,1.61,6
Milan U20,8,3,2,3,9,8,1,11,Italy - Primavera 1,0.38,0.62,1,1.38,1.12,2.63,1.61,7
Torino U20,8,3,1,4,11,12,-1,10,Italy - Primavera 1,0.38,0.5,-1,1.25,1.38,2.63,2.0,8
Sampdoria U20,8,2,3,3,15,13,2,9,Italy - Primavera 1,0.25,0.62,2,1.12,1.88,4.0,1.61,9
H. Verona U20,8,2,2,4,10,13,-3,8,Italy - Primavera 1,0.25,0.5,-3,1.0,1.25,4.0,2.0,10
Bologna U20,8,1,3,4,8,14,-6,6,Italy - Primavera 1,0.12,0.5,-6,0.75,1.0,8.33,2.0,11
Udinese U20,8,1,3,4,8,19,-11,6,Italy - Primavera 1,0.12,0.5,-11,0.75,1.0,8.33,2.0,11
Genoa U20,8,1,2,5,9,13,-4,5,Italy - Primavera 1,0.12,0.38,-4,0.62,1.12,8.33,2.63,12
Empoli U20,8,1,2,5,3,9,-6,5,Italy - Primavera 1,0.12,0.38,-6,0.62,0.38,8.33,2.63,12
Mount Pleasant,8,8,0,0,21,1,20,24,Jamaica - Premier League,1.0,1.0,20,3.0,2.62,1.0,1.0,1
Montego Bay,8,5,3,0,18,6,12,18,Jamaica - Premier League,0.62,1.0,12,2.25,2.25,1.61,1.0,2
Arnett Gardens,8,4,4,0,16,7,9,16,Jamaica - Premier League,0.5,1.0,9,2.0,2.0,2.0,1.0,3
Tivoli Gardens,8,5,1,2,15,10,5,16,Jamaica - Premier League,0.62,0.75,5,2.0,1.88,1.61,1.33,3
Racing United,8,5,1,2,12,8,4,16,Jamaica - Premier League,0.62,0.75,4,2.0,1.5,1.61,1.33,3
Portmore Utd,8,4,3,1,9,3,6,15,Jamaica - Premier League,0.5,0.88,6,1.88,1.12,2.0,1.14,4
Humble Lions,8,4,2,2,9,7,2,14,Jamaica - Premier League,0.5,0.75,2,1.75,1.12,2.0,1.33,5
Harbour View,8,3,2,3,11,8,3,11,Jamaica - Premier League,0.38,0.62,3,1.38,1.38,2.63,1.61,6
Cavalier,8,2,5,1,10,8,2,11,Jamaica - Premier League,0.25,0.88,2,1.38,1.25,4.0,1.14,6
Waterhouse,8,3,2,3,8,10,-2,11,Jamaica - Premier League,0.38,0.62,-2,1.38,1.0,2.63,1.61,6
Dunbeholden,8,3,1,4,9,13,-4,10,Jamaica - Premier League,0.38,0.5,-4,1.25,1.12,2.63,2.0,7
Molynes Utd,8,1,3,4,7,18,-11,6,Jamaica - Premier League,0.12,0.5,-11,0.75,0.88,8.33,2.0,8
Vere Utd,8,1,2,5,5,13,-8,5,Jamaica - Premier League,0.12,0.38,-8,0.62,0.62,8.33,2.63,9
Chapelton,8,1,1,6,6,16,-10,4,Jamaica - Premier League,0.12,0.25,-10,0.5,0.75,8.33,4.0,10
Kashima Antlers,5,4,1,0,10,2,8,13,Japan - J1 League,0.8,1.0,8,2.6,2.0,1.25,1.0,1
Fagiano Okayama,5,3,2,0,6,1,5,11,Japan - J1 League,0.6,1.0,5,2.2,1.2,1.67,1.0,2
Shimizu S-Pulse,4,2,1,1,7,3,4,7,Japan - J1 League,0.5,0.75,4,1.75,1.75,2.0,1.33,3
S. Hiroshima,3,2,1,0,3,1,2,7,Japan - J1 League,0.67,1.0,2,2.33,1.0,1.49,1.0,3
Yokohama M.,4,1,3,0,4,2,2,6,Japan - J1 League,0.25,1.0,2,1.5,1.0,4.0,1.0,4
Shonan Bellmare,3,2,0,1,4,3,1,6,Japan - J1 League,0.67,0.67,1,2.0,1.33,1.49,1.49,4
Yokohama FC,4,2,0,2,3,3,0,6,Japan - J1 League,0.5,0.5,0,1.5,0.75,2.0,2.0,4
Gamba Osaka,3,2,0,1,5,6,-1,6,Japan - J1 League,0.67,0.67,-1,2.0,1.67,1.49,1.49,4
Kashiwa Reysol,4,1,2,1,4,5,-1,5,Japan - J1 League,0.25,0.75,-1,1.25,1.0,4.0,1.33,5
Nagoya G.,3,1,1,1,5,5,0,4,Japan - J1 League,0.33,0.67,0,1.33,1.67,3.03,1.49,6
Kyoto Sanga,3,1,1,1,2,2,0,4,Japan - J1 League,0.33,0.67,0,1.33,0.67,3.03,1.49,6
Avispa Fukuoka,4,1,1,2,4,5,-1,4,Japan - J1 League,0.25,0.5,-1,1.0,1.0,4.0,2.0,6
FC Tokyo,4,1,1,2,3,5,-2,4,Japan - J1 League,0.25,0.5,-2,1.0,0.75,4.0,2.0,6
K. Frontale,2,1,0,1,4,1,3,3,Japan - J1 League,0.5,0.5,3,1.5,2.0,2.0,2.0,7
Albirex Niigata,3,0,3,0,7,7,0,3,Japan - J1 League,0.0,1.0,0,1.0,2.33,0.0,1.0,7
Machida Zelvia,3,1,0,2,2,3,-1,3,Japan - J1 League,0.33,0.33,-1,1.0,0.67,3.03,3.03,7
Tokyo Verdy,3,1,0,2,2,3,-1,3,Japan - J1 League,0.33,0.33,-1,1.0,0.67,3.03,3.03,7
Urawa RD,2,1,0,1,1,2,-1,3,Japan - J1 League,0.5,0.5,-1,1.5,0.5,2.0,2.0,7
Cerezo Osaka,3,0,2,1,3,4,-1,2,Japan - J1 League,0.0,0.67,-1,0.67,1.0,0.0,1.49,8
Vissel Kobe,3,0,2,1,1,2,-1,2,Japan - J1 League,0.0,0.67,-1,0.67,0.33,0.0,1.49,8
V-V. Nagasaki,4,4,0,0,10,3,7,12,japan2,1.0,1.0,7,3.0,2.5,1.0,1.0,1
Omiya Ardija,4,4,0,0,7,2,5,12,japan2,1.0,1.0,5,3.0,1.75,1.0,1.0,1
Jubilo Iwata,4,4,0,0,7,3,4,12,japan2,1.0,1.0,4,3.0,1.75,1.0,1.0,1
JEF Utd Chiba,3,3,0,0,10,3,7,9,japan2,1.0,1.0,7,3.0,3.33,1.0,1.0,2
Fujieda MYFC,4,3,0,1,7,5,2,9,japan2,0.75,0.75,2,2.25,1.75,1.33,1.33,2
Mito Hollyhock,4,2,2,0,8,4,4,8,japan2,0.5,1.0,4,2.0,2.0,2.0,1.0,3
Tokushima V.,3,2,1,0,2,0,2,7,japan2,0.67,1.0,2,2.33,0.67,1.49,1.0,4
Kataller Toyama,3,2,0,1,5,2,3,6,japan2,0.67,0.67,3,2.0,1.67,1.49,1.49,5
Oita Trinita,4,1,3,0,3,1,2,6,japan2,0.25,1.0,2,1.5,0.75,4.0,1.0,5
R. Kumamoto,4,2,0,2,7,8,-1,6,japan2,0.5,0.5,-1,1.5,1.75,2.0,2.0,5
Sagan Tosu,4,2,0,2,3,5,-2,6,japan2,0.5,0.5,-2,1.5,0.75,2.0,2.0,5
R. Yamaguchi,4,1,2,1,5,4,1,5,japan2,0.25,0.75,1,1.25,1.25,4.0,1.33,6
M. Yamagata,2,1,1,0,4,2,2,4,japan2,0.5,1.0,2,2.0,2.0,2.0,1.0,7
Vegalta Sendai,3,1,1,1,5,4,1,4,japan2,0.33,0.67,1,1.33,1.67,3.03,1.49,7
Ventforet Kofu,3,1,1,1,5,5,0,4,japan2,0.33,0.67,0,1.33,1.67,3.03,1.49,7
Blaublitz Akita,2,1,0,1,2,3,-1,3,japan2,0.5,0.5,-1,1.5,1.0,2.0,2.0,8
FC Imabari,4,0,3,1,2,3,-1,3,japan2,0.0,0.75,-1,0.75,0.5,0.0,1.33,8
Iwaki,4,0,2,2,2,5,-3,2,japan2,0.0,0.5,-3,0.5,0.5,0.0,2.0,9
C. Sapporo,2,0,0,2,1,4,-3,0,japan2,0.0,0.0,-3,0.0,0.5,0.0,0.0,10
Ehime FC,5,0,0,5,4,9,-5,0,japan2,0.0,0.0,-5,0.0,0.8,0.0,0.0,10
Nara Club,4,3,1,0,9,5,4,10,japan3,0.75,1.0,4,2.5,2.25,1.33,1.0,1
Osaka,4,3,1,0,6,2,4,10,japan3,0.75,1.0,4,2.5,1.5,1.33,1.0,1
G. Kitakyushu,3,3,0,0,5,0,5,9,japan3,1.0,1.0,5,3.0,1.67,1.0,1.0,2
Kagoshima Utd,4,2,1,1,8,5,3,7,japan3,0.5,0.75,3,1.75,2.0,2.0,1.33,3
Tochigi City,3,2,1,0,5,3,2,7,japan3,0.67,1.0,2,2.33,1.67,1.49,1.0,3
Kamatamare S.,4,2,1,1,4,2,2,7,japan3,0.5,0.75,2,1.75,1.0,2.0,1.33,3
Kusatsu,4,2,1,1,4,2,2,7,japan3,0.5,0.75,2,1.75,1.0,2.0,1.33,3
Tochigi SC,4,2,1,1,4,3,1,7,japan3,0.5,0.75,1,1.75,1.0,2.0,1.33,3
Fukushima Utd,2,2,0,0,7,3,4,6,japan3,1.0,1.0,4,3.0,3.5,1.0,1.0,4
Nagano Parceiro,3,2,0,1,6,4,2,6,japan3,0.67,0.67,2,2.0,2.0,1.49,1.49,4
AC Numazu,4,1,2,1,4,2,2,5,japan3,0.25,0.75,2,1.25,1.0,4.0,1.33,5
T. Miyazaki,4,1,2,1,4,3,1,5,japan3,0.25,0.75,1,1.25,1.0,4.0,1.33,5
SC Sagamihara,4,1,2,1,3,4,-1,5,japan3,0.25,0.75,-1,1.25,0.75,4.0,1.33,5
Gainare Tottori,2,1,1,0,4,1,3,4,japan3,0.5,1.0,3,2.0,2.0,2.0,1.0,6
V. Hachinohe,3,1,1,1,5,5,0,4,japan3,0.33,0.67,0,1.33,1.67,3.03,1.49,6
Gifu,4,1,1,2,4,5,-1,4,japan3,0.25,0.5,-1,1.0,1.0,4.0,2.0,6
Matsumoto Y.,1,1,0,0,2,0,2,3,japan3,1.0,1.0,2,3.0,2.0,1.0,1.0,7
Z. Kanazawa,2,1,0,1,4,3,1,3,japan3,0.5,0.5,1,1.5,2.0,2.0,2.0,7
Kochi United,4,0,3,1,4,5,-1,3,japan3,0.0,0.75,-1,0.75,1.0,0.0,1.33,7
FC Ryukyu,3,1,0,2,2,3,-1,3,japan3,0.33,0.33,-1,1.0,0.67,3.03,3.03,7
Al Hussein,8,6,2,0,14,4,10,20,jordan,0.75,1.0,10,2.5,1.75,1.33,1.0,1
Al Jazeera,8,6,1,1,22,12,10,19,jordan,0.75,0.88,10,2.38,2.75,1.33,1.14,2
Al Wihdat,7,6,1,0,17,7,10,19,jordan,0.86,1.0,10,2.71,2.43,1.16,1.0,2
Al Faysali,8,4,4,0,15,9,6,16,jordan,0.5,1.0,6,2.0,1.88,2.0,1.0,3
Shabab Al Ordon,8,4,2,2,9,9,0,14,jordan,0.5,0.75,0,1.75,1.12,2.0,1.33,4
Al Ramtha,8,4,2,2,7,8,-1,14,jordan,0.5,0.75,-1,1.75,0.88,2.0,1.33,4
Al Salt,8,4,1,3,13,10,3,13,jordan,0.5,0.62,3,1.62,1.62,2.0,1.61,5
Al Sareeh,8,2,4,2,11,11,0,10,jordan,0.25,0.75,0,1.25,1.38,4.0,1.33,6
Al Ahli,8,3,0,5,9,11,-2,9,jordan,0.38,0.38,-2,1.12,1.12,2.63,2.63,7
Aqaba,8,2,2,4,7,11,-4,8,jordan,0.25,0.5,-4,1.0,0.88,4.0,2.0,8
Maan,8,2,2,4,9,15,-6,8,jordan,0.25,0.5,-6,1.0,1.12,4.0,2.0,8
Moghayer Al S.,8,0,1,7,3,16,-13,1,jordan,0.0,0.12,-13,0.12,0.38,0.0,8.33,9
FC Astana,2,1,1,0,4,1,3,4,kazakhstan,0.5,1.0,3,2.0,2.0,2.0,1.0,1
Tobol,2,1,1,0,3,1,2,4,kazakhstan,0.5,1.0,2,2.0,1.5,2.0,1.0,1
Kairat Almaty,1,1,0,0,4,0,4,3,kazakhstan,1.0,1.0,4,3.0,4.0,1.0,1.0,2
Yelimay Semey,1,1,0,0,2,0,2,3,kazakhstan,1.0,1.0,2,3.0,2.0,1.0,1.0,2
Turan,2,1,0,1,3,2,1,3,kazakhstan,0.5,0.5,1,1.5,1.5,2.0,2.0,2
Aktobe,1,1,0,0,2,1,1,3,kazakhstan,1.0,1.0,1,3.0,2.0,1.0,1.0,2
Okzhetpes,1,1,0,0,2,1,1,3,kazakhstan,1.0,1.0,1,3.0,2.0,1.0,1.0,2
Atyrau,2,1,0,1,2,5,-3,3,kazakhstan,0.5,0.5,-3,1.5,1.0,2.0,2.0,2
Kaisar K.,2,0,2,0,2,2,0,2,kazakhstan,0.0,1.0,0,1.0,1.0,0.0,1.0,3
Ordabasy,2,0,2,0,0,0,0,2,kazakhstan,0.0,1.0,0,1.0,0.0,0.0,1.0,3
Ulytau,1,0,1,0,1,1,0,1,kazakhstan,0.0,1.0,0,1.0,1.0,0.0,1.0,4
Zhenys,1,0,1,0,0,0,0,1,kazakhstan,0.0,1.0,0,1.0,0.0,0.0,1.0,4
Zhetysu,1,0,1,0,0,0,0,1,kazakhstan,0.0,1.0,0,1.0,0.0,0.0,1.0,4
Kyzylzhar,2,0,1,1,1,3,-2,1,kazakhstan,0.0,0.5,-2,0.5,0.5,0.0,2.0,4
Drita,8,8,0,0,19,4,15,24,kosovo,1.0,1.0,15,3.0,2.38,1.0,1.0,1
Malisheva,8,5,2,1,15,8,7,17,kosovo,0.62,0.88,7,2.12,1.88,1.61,1.14,2
Ballkani,8,5,2,1,15,9,6,17,kosovo,0.62,0.88,6,2.12,1.88,1.61,1.14,2
Ferizaj,8,5,2,1,14,8,6,17,kosovo,0.62,0.88,6,2.12,1.75,1.61,1.14,2
Gjilani,8,4,2,2,9,7,2,14,kosovo,0.5,0.75,2,1.75,1.12,2.0,1.33,3
Dukagjini,8,3,4,1,7,5,2,13,kosovo,0.38,0.88,2,1.62,0.88,2.63,1.14,4
Llapi,8,2,5,1,7,5,2,11,kosovo,0.25,0.88,2,1.38,0.88,4.0,1.14,5
Suhareka,8,3,1,4,11,10,1,10,kosovo,0.38,0.5,1,1.25,1.38,2.63,2.0,6
Feronikeli,8,3,1,4,6,12,-6,10,kosovo,0.38,0.5,-6,1.25,0.75,2.63,2.0,6
Prishtina,8,0,7,1,9,10,-1,7,kosovo,0.0,0.88,-1,0.88,1.12,0.0,1.14,7
Al Kuwait,8,8,0,0,29,2,27,24,kuwait,1.0,1.0,27,3.0,3.62,1.0,1.0,1
Al Arabi SC,8,6,2,0,12,4,8,20,kuwait,0.75,1.0,8,2.5,1.5,1.33,1.0,2
Al Qadsia,8,6,0,2,16,10,6,18,kuwait,0.75,0.75,6,2.25,2.0,1.33,1.33,3
Al Fahaheel,8,5,1,2,18,9,9,16,kuwait,0.62,0.75,9,2.0,2.25,1.61,1.33,4
Al Salmiyah,8,4,1,3,15,14,1,13,kuwait,0.5,0.62,1,1.62,1.88,2.0,1.61,5
Al Tadhamon,8,4,1,3,10,14,-4,13,kuwait,0.5,0.62,-4,1.62,1.25,2.0,1.61,5
Kazma,8,3,3,2,10,6,4,12,kuwait,0.38,0.75,4,1.5,1.25,2.63,1.33,6
Khaitan,8,1,4,3,7,11,-4,7,kuwait,0.12,0.62,-4,0.88,0.88,8.33,1.61,7
Al Nasar,8,1,2,5,9,18,-9,5,kuwait,0.12,0.38,-9,0.62,1.12,8.33,2.63,8
Yarmouk,8,0,3,5,6,17,-11,3,kuwait,0.0,0.38,-11,0.38,0.75,0.0,2.63,9
Liepaja,3,2,1,0,8,1,7,7,latvia,0.67,1.0,7,2.33,2.67,1.49,1.0,1
RFS,2,2,0,0,5,1,4,6,latvia,1.0,1.0,4,3.0,2.5,1.0,1.0,2
Auda,3,2,0,1,4,2,2,6,latvia,0.67,0.67,2,2.0,1.33,1.49,1.49,2
Riga FC,3,1,1,1,5,4,1,4,latvia,0.33,0.67,1,1.33,1.67,3.03,1.49,3
Grobina,3,1,1,1,6,7,-1,4,latvia,0.33,0.67,-1,1.33,2.0,3.03,1.49,3
Super Nova,1,1,0,0,4,0,4,3,latvia,1.0,1.0,4,3.0,4.0,1.0,1.0,4
Daugavpils,2,1,0,1,4,2,2,3,latvia,0.5,0.5,2,1.5,2.0,2.0,2.0,4
Metta,1,1,0,0,3,2,1,3,latvia,1.0,1.0,1,3.0,3.0,1.0,1.0,4
FS Jelgava,1,0,1,0,1,1,0,1,latvia,0.0,1.0,0,1.0,1.0,0.0,1.0,5
Tukums,0,0,0,0,0,0,0,0,latvia,0.0,0.0,0,0.0,0.0,0.0,0.0,6
Hegelmann L.,3,3,0,0,5,2,3,9,lithuania,1.0,1.0,3,3.0,1.67,1.0,1.0,1
Suduva,2,2,0,0,2,0,2,6,lithuania,1.0,1.0,2,3.0,1.0,1.0,1.0,2
Zalgiris,2,1,1,0,3,2,1,4,lithuania,0.5,1.0,1,2.0,1.5,2.0,1.0,3
Panevezys,3,1,1,1,4,4,0,4,lithuania,0.33,0.67,0,1.33,1.33,3.03,1.49,3
Banga,1,1,0,0,2,0,2,3,lithuania,1.0,1.0,2,3.0,2.0,1.0,1.0,4
Riteriai,3,0,2,1,6,7,-1,2,lithuania,0.0,0.67,-1,0.67,2.0,0.0,1.49,5
Siauliai,2,0,1,1,4,5,-1,1,lithuania,0.0,0.5,-1,0.5,2.0,0.0,2.0,6
Dziugas Telsiai,0,0,0,0,0,0,0,0,lithuania,0.0,0.0,0,0.0,0.0,0.0,0.0,7
Kauno Zalgiris,1,0,0,1,1,2,-1,0,lithuania,0.0,0.0,-1,0.0,1.0,0.0,0.0,7
Dainava,3,0,0,3,1,6,-5,0,lithuania,0.0,0.0,-5,0.0,0.33,0.0,0.0,7
Tauras,2,2,0,0,9,0,9,6,lithuania2,1.0,1.0,9,3.0,4.5,1.0,1.0,1
Neptuna K.,2,2,0,0,7,1,6,6,lithuania2,1.0,1.0,6,3.0,3.5,1.0,1.0,1
TransINVEST,2,2,0,0,5,0,5,6,lithuania2,1.0,1.0,5,3.0,2.5,1.0,1.0,1
BFA Vilnius,1,1,0,0,2,0,2,3,lithuania2,1.0,1.0,2,3.0,2.0,1.0,1.0,2
Kauno Z. B,1,1,0,0,1,0,1,3,lithuania2,1.0,1.0,1,3.0,1.0,1.0,1.0,2
Atmosfera,2,1,0,1,2,4,-2,3,lithuania2,0.5,0.5,-2,1.5,1.0,2.0,2.0,2
Babrungas,2,1,0,1,3,6,-3,3,lithuania2,0.5,0.5,-3,1.5,1.5,2.0,2.0,2
Be1 NFA,2,0,2,0,1,1,0,2,lithuania2,0.0,1.0,0,1.0,0.5,0.0,1.0,3
Zalgiris B,1,0,1,0,2,2,0,1,lithuania2,0.0,1.0,0,1.0,2.0,0.0,1.0,4
Hegelmann B,1,0,1,0,1,1,0,1,lithuania2,0.0,1.0,0,1.0,1.0,0.0,1.0,4
Siauliai B,1,0,1,0,0,0,0,1,lithuania2,0.0,1.0,0,1.0,0.0,0.0,1.0,4
Nevezis,2,0,1,1,3,5,-2,1,lithuania2,0.0,0.5,-2,0.5,1.5,0.0,2.0,4
Jonava,1,0,0,1,0,1,-1,0,lithuania2,0.0,0.0,-1,0.0,0.0,0.0,0.0,5
Ekranas,2,0,0,2,1,4,-3,0,lithuania2,0.0,0.0,-3,0.0,0.5,0.0,0.0,5
Panevezys B,1,0,0,1,0,3,-3,0,lithuania2,0.0,0.0,-3,0.0,0.0,0.0,0.0,5
Minija,1,0,0,1,0,4,-4,0,lithuania2,0.0,0.0,-4,0.0,0.0,0.0,0.0,5
Differdange,8,7,1,0,21,1,20,22,luxembourg,0.88,1.0,20,2.75,2.62,1.14,1.0,1
Hesperange,8,5,2,1,11,2,9,17,luxembourg,0.62,0.88,9,2.12,1.38,1.61,1.14,2
Jeunesse Esch,8,5,2,1,21,14,7,17,luxembourg,0.62,0.88,7,2.12,2.62,1.61,1.14,2
Dudelange,8,5,1,2,19,10,9,16,luxembourg,0.62,0.75,9,2.0,2.38,1.61,1.33,3
Racing,8,5,1,2,14,8,6,16,luxembourg,0.62,0.75,6,2.0,1.75,1.61,1.33,3
Niedercorn,8,4,3,1,15,10,5,15,luxembourg,0.5,0.88,5,1.88,1.88,2.0,1.14,4
UNA Strassen,8,4,1,3,17,8,9,13,luxembourg,0.5,0.62,9,1.62,2.12,2.0,1.61,5
Wiltz,8,3,2,3,11,11,0,11,luxembourg,0.38,0.62,0,1.38,1.38,2.63,1.61,6
Hostert,8,3,2,3,12,16,-4,11,luxembourg,0.38,0.62,-4,1.38,1.5,2.63,1.61,6
Petange,8,2,4,2,6,5,1,10,luxembourg,0.25,0.75,1,1.25,0.75,4.0,1.33,7
V. Rosport,8,2,4,2,6,8,-2,10,luxembourg,0.25,0.75,-2,1.25,0.75,4.0,1.33,7
Mondorf,8,2,3,3,10,11,-1,9,luxembourg,0.25,0.62,-1,1.12,1.25,4.0,1.61,8
Rodange,8,1,3,4,9,17,-8,6,luxembourg,0.12,0.5,-8,0.75,1.12,8.33,2.0,9
Mondercange,8,1,2,5,6,15,-9,5,luxembourg,0.12,0.38,-9,0.62,0.75,8.33,2.63,10
Fola Esch,8,1,1,6,2,20,-18,4,luxembourg,0.12,0.25,-18,0.5,0.25,8.33,4.0,11
Bettembourg,8,1,0,7,7,20,-13,3,luxembourg,0.12,0.12,-13,0.38,0.88,8.33,8.33,12
Johor Darul,8,8,0,0,30,1,29,24,malaysia,1.0,1.0,29,3.0,3.75,1.0,1.0,1
Kuala Lumpur,8,6,1,1,17,6,11,19,malaysia,0.75,0.88,11,2.38,2.12,1.33,1.14,2
Selangor,8,6,1,1,15,5,10,19,malaysia,0.75,0.88,10,2.38,1.88,1.33,1.14,2
Kuching,8,4,3,1,14,8,6,15,malaysia,0.5,0.88,6,1.88,1.75,2.0,1.14,3
PDRM,8,4,2,2,13,9,4,14,malaysia,0.5,0.75,4,1.75,1.62,2.0,1.33,4
Sabah,8,3,3,2,17,12,5,12,malaysia,0.38,0.75,5,1.5,2.12,2.63,1.33,5
Perak,8,2,3,3,14,14,0,9,malaysia,0.25,0.62,0,1.12,1.75,4.0,1.61,6
Kedah,8,2,3,3,10,15,-5,9,malaysia,0.25,0.62,-5,1.12,1.25,4.0,1.61,6
Terengganu,8,1,4,3,8,10,-2,7,malaysia,0.12,0.62,-2,0.88,1.0,8.33,1.61,7
Pulau Pinang,8,1,4,3,9,15,-6,7,malaysia,0.12,0.62,-6,0.88,1.12,8.33,1.61,7
Negeri Sembilan,8,2,0,6,7,17,-10,6,malaysia,0.25,0.25,-10,0.75,0.88,4.0,4.0,8
Pahang,8,1,2,5,11,19,-8,5,malaysia,0.12,0.38,-8,0.62,1.38,8.33,2.63,9
Kelantan United,8,0,1,7,5,29,-24,1,malaysia,0.0,0.12,-24,0.12,0.62,0.0,8.33,10
Mosta,8,6,1,1,13,6,7,19,malta,0.75,0.88,7,2.38,1.62,1.33,1.14,1
Floriana,8,4,3,1,11,6,5,15,malta,0.5,0.88,5,1.88,1.38,2.0,1.14,2
Marsaxlokk,8,3,4,1,13,14,-1,13,malta,0.38,0.88,-1,1.62,1.62,2.63,1.14,3
Birkirkara,8,3,3,2,13,9,4,12,malta,0.38,0.75,4,1.5,1.62,2.63,1.33,4
Sliema,8,3,1,4,13,10,3,10,malta,0.38,0.5,3,1.25,1.62,2.63,2.0,5
Hibernians,8,3,1,4,9,14,-5,10,malta,0.38,0.5,-5,1.25,1.12,2.63,2.0,5
Zabbar,8,3,0,5,10,12,-2,9,malta,0.38,0.38,-2,1.12,1.25,2.63,2.63,6
Naxxar Lions,8,2,3,3,5,12,-7,9,malta,0.25,0.62,-7,1.12,0.62,4.0,1.61,6
Balzan,8,2,2,4,9,13,-4,8,malta,0.25,0.5,-4,1.0,1.12,4.0,2.0,7
Gzira Utd,8,2,2,4,6,13,-7,8,malta,0.25,0.5,-7,1.0,0.75,4.0,2.0,7
Melita,8,2,1,5,11,19,-8,7,malta,0.25,0.38,-8,0.88,1.38,4.0,2.63,8
Hamrun Spartans,8,1,1,6,5,11,-6,4,malta,0.12,0.25,-6,0.5,0.62,8.33,4.0,9
A. San Luis,8,7,1,0,18,5,13,22,mexico,0.88,1.0,13,2.75,2.25,1.14,1.0,1
Toluca,8,6,2,0,25,5,20,20,mexico,0.75,1.0,20,2.5,3.12,1.33,1.0,2
Cruz Azul,8,6,2,0,19,3,16,20,mexico,0.75,1.0,16,2.5,2.38,1.33,1.0,2
Tigres,8,6,2,0,11,5,6,20,mexico,0.75,1.0,6,2.5,1.38,1.33,1.0,2
CF America,8,6,0,2,14,5,9,18,mexico,0.75,0.75,9,2.25,1.75,1.33,1.33,3
Pumas UNAM,8,6,0,2,14,6,8,18,mexico,0.75,0.75,8,2.25,1.75,1.33,1.33,3
Monterrey,8,5,2,1,16,8,8,17,mexico,0.62,0.88,8,2.12,2.0,1.61,1.14,4
Tijuana,8,5,2,1,14,11,3,17,mexico,0.62,0.88,3,2.12,1.75,1.61,1.14,4
Guadalajara,8,4,2,2,15,7,8,14,mexico,0.5,0.75,8,1.75,1.88,2.0,1.33,5
Atlas,8,3,4,1,8,5,3,13,mexico,0.38,0.88,3,1.62,1.0,2.63,1.14,6
Club Leon,8,2,5,1,9,5,4,11,mexico,0.25,0.88,4,1.38,1.12,4.0,1.14,7
Mazatlan,8,2,4,2,10,11,-1,10,mexico,0.25,0.75,-1,1.25,1.25,4.0,1.33,8
Necaxa,8,2,3,3,9,8,1,9,mexico,0.25,0.62,1,1.12,1.12,4.0,1.61,9
Pachuca,8,2,2,4,13,13,0,8,mexico,0.25,0.5,0,1.0,1.62,4.0,2.0,10
Santos Laguna,8,2,2,4,6,12,-6,8,mexico,0.25,0.5,-6,1.0,0.75,4.0,2.0,10
Puebla,8,2,1,5,12,15,-3,7,mexico,0.25,0.38,-3,0.88,1.5,4.0,2.63,11
Queretaro,8,2,1,5,6,11,-5,7,mexico,0.25,0.38,-5,0.88,0.75,4.0,2.63,11
Juarez,8,1,2,5,10,15,-5,5,mexico,0.12,0.38,-5,0.62,1.25,8.33,2.63,12
Tigres,7,6,0,1,14,4,10,18,mexico2,0.86,0.86,10,2.57,2.0,1.16,1.16,1
Toluca,6,5,1,0,17,6,11,16,mexico2,0.83,1.0,11,2.67,2.83,1.2,1.0,2
Necaxa,7,5,0,2,15,11,4,15,mexico2,0.71,0.71,4,2.14,2.14,1.41,1.41,3
CF America,7,4,2,1,17,5,12,14,mexico2,0.57,0.86,12,2.0,2.43,1.75,1.16,4
Pachuca,7,4,2,1,12,7,5,14,mexico2,0.57,0.86,5,2.0,1.71,1.75,1.16,4
Juarez,7,4,2,1,9,8,1,14,mexico2,0.57,0.86,1,2.0,1.29,1.75,1.16,4
Club Leon,6,4,1,1,10,7,3,13,mexico2,0.67,0.83,3,2.17,1.67,1.49,1.2,5
Cruz Azul,6,3,3,0,9,4,5,12,mexico2,0.5,1.0,5,2.0,1.5,2.0,1.0,6
Mazatlan,7,3,3,1,10,8,2,12,mexico2,0.43,0.86,2,1.71,1.43,2.33,1.16,6
Guadalajara,7,3,3,1,7,5,2,12,mexico2,0.43,0.86,2,1.71,1.0,2.33,1.16,6
Queretaro,7,4,0,3,9,8,1,12,mexico2,0.57,0.57,1,1.71,1.29,1.75,1.75,6
Monterrey,6,3,1,2,12,9,3,10,mexico2,0.5,0.67,3,1.67,2.0,2.0,1.49,7
Pumas UNAM,7,2,2,3,5,8,-3,8,mexico2,0.29,0.57,-3,1.14,0.71,3.45,1.75,8
Atlas,6,2,1,3,11,15,-4,7,mexico2,0.33,0.5,-4,1.17,1.83,3.03,2.0,9
Tijuana,6,2,0,4,14,16,-2,6,mexico2,0.33,0.33,-2,1.0,2.33,3.03,3.03,10
A. San Luis,6,2,0,4,8,12,-4,6,mexico2,0.33,0.33,-4,1.0,1.33,3.03,3.03,10
Santos Laguna,6,2,0,4,7,11,-4,6,mexico2,0.33,0.33,-4,1.0,1.17,3.03,3.03,10
Puebla,6,1,0,5,5,11,-6,3,mexico2,0.17,0.17,-6,0.5,0.83,5.88,5.88,11
Buducnost,8,6,1,1,22,8,14,19,montenegro,0.75,0.88,14,2.38,2.75,1.33,1.14,1
Mornar Bar,8,4,3,1,10,6,4,15,montenegro,0.5,0.88,4,1.88,1.25,2.0,1.14,2
Petrovac,8,4,3,1,10,8,2,15,montenegro,0.5,0.88,2,1.88,1.25,2.0,1.14,2
Decic,8,3,3,2,9,4,5,12,montenegro,0.38,0.75,5,1.5,1.12,2.63,1.33,3
Sutjeska,8,3,3,2,9,8,1,12,montenegro,0.38,0.75,1,1.5,1.12,2.63,1.33,3
Jedinstvo,8,3,2,3,11,11,0,11,montenegro,0.38,0.62,0,1.38,1.38,2.63,1.61,4
Arsenal Tivat,8,3,1,4,10,11,-1,10,montenegro,0.38,0.5,-1,1.25,1.25,2.63,2.0,5
Jezero,8,2,3,3,9,10,-1,9,montenegro,0.25,0.62,-1,1.12,1.12,4.0,1.61,6
Otrant,8,3,0,5,6,11,-5,9,montenegro,0.38,0.38,-5,1.12,0.75,2.63,2.63,6
Bokelj,8,3,0,5,7,13,-6,9,montenegro,0.38,0.38,-6,1.12,0.88,2.63,2.63,6
FUS Rabat,8,6,1,1,21,9,12,19,morocco,0.75,0.88,12,2.38,2.62,1.33,1.14,1
Berkane,8,5,3,0,13,3,10,18,morocco,0.62,1.0,10,2.25,1.62,1.61,1.0,2
FAR Rabat,8,5,3,0,14,7,7,18,morocco,0.62,1.0,7,2.25,1.75,1.61,1.0,2
Olympic Safi,8,4,4,0,8,3,5,16,morocco,0.5,1.0,5,2.0,1.0,2.0,1.0,3
Meknes,8,4,3,1,10,5,5,15,morocco,0.5,0.88,5,1.88,1.25,2.0,1.14,4
Wydad,8,4,3,1,13,9,4,15,morocco,0.5,0.88,4,1.88,1.62,2.0,1.14,4
Ittihad Tanger,8,4,3,1,11,8,3,15,morocco,0.5,0.88,3,1.88,1.38,2.0,1.14,4
Raja Casablanca,8,3,5,0,11,5,6,14,morocco,0.38,1.0,6,1.75,1.38,2.63,1.0,5
R. Zemamra,8,4,2,2,11,6,5,14,morocco,0.5,0.75,5,1.75,1.38,2.0,1.33,5
Union Touarga,8,4,2,2,12,10,2,14,morocco,0.5,0.75,2,1.75,1.5,2.0,1.33,5
Difaa El Jadida,8,4,2,2,9,8,1,14,morocco,0.5,0.75,1,1.75,1.12,2.0,1.33,5
Hassania Agadir,8,3,3,2,13,10,3,12,morocco,0.38,0.75,3,1.5,1.62,2.63,1.33,6
Maghreb de Fes,8,3,2,3,6,7,-1,11,morocco,0.38,0.62,-1,1.38,0.75,2.63,1.61,7
JS Sousalem,8,2,2,4,6,12,-6,8,morocco,0.25,0.5,-6,1.0,0.75,4.0,2.0,8
Moghreb Tetouan,8,1,2,5,7,12,-5,5,morocco,0.12,0.38,-5,0.62,0.88,8.33,2.63,9
C. Mohammedia,8,0,0,8,2,23,-21,0,morocco,0.0,0.0,-21,0.0,0.25,0.0,0.0,10
Shan Utd,8,8,0,0,23,1,22,24,myanmar,1.0,1.0,22,3.0,2.88,1.0,1.0,1
Yangon Utd,8,5,2,1,16,7,9,17,myanmar,0.62,0.88,9,2.12,2.0,1.61,1.14,2
Sagaing Utd,8,5,1,2,20,13,7,16,myanmar,0.62,0.75,7,2.0,2.5,1.61,1.33,3
Hantharwady,8,4,2,2,13,12,1,14,myanmar,0.5,0.75,1,1.75,1.62,2.0,1.33,4
Yadanarbon,8,3,3,2,16,14,2,12,myanmar,0.38,0.75,2,1.5,2.0,2.63,1.33,5
Dagon,8,3,3,2,7,7,0,12,myanmar,0.38,0.75,0,1.5,0.88,2.63,1.33,5
Ispe FC,8,3,2,3,12,15,-3,11,myanmar,0.38,0.62,-3,1.38,1.5,2.63,1.61,6
Thitsar Arman,8,2,2,4,14,19,-5,8,myanmar,0.25,0.5,-5,1.0,1.75,4.0,2.0,7
Rakhine Utd,8,1,3,4,7,21,-14,6,myanmar,0.12,0.5,-14,0.75,0.88,8.33,2.0,8
Myawady,8,1,1,6,12,22,-10,4,myanmar,0.12,0.25,-10,0.5,1.5,8.33,4.0,9
Dagon Port,8,1,1,6,9,21,-12,4,myanmar,0.12,0.25,-12,0.5,1.12,8.33,4.0,9
Ayeyawady,8,1,0,7,5,14,-9,3,myanmar,0.12,0.12,-9,0.38,0.62,8.33,8.33,10
Go Ahead Eagles,8,7,1,0,19,6,13,22,netherlands,0.88,1.0,13,2.75,2.38,1.14,1.0,1
Ajax Amsterdam,8,6,2,0,19,6,13,20,netherlands,0.75,1.0,13,2.5,2.38,1.33,1.0,2
FC Twente,8,6,1,1,20,12,8,19,netherlands,0.75,0.88,8,2.38,2.5,1.33,1.14,3
FC Groningen,8,5,3,0,8,2,6,18,netherlands,0.62,1.0,6,2.25,1.0,1.61,1.0,4
Feyenoord,8,5,2,1,18,8,10,17,netherlands,0.62,0.88,10,2.12,2.25,1.61,1.14,5
AZ Alkmaar,8,5,1,2,11,7,4,16,netherlands,0.62,0.75,4,2.0,1.38,1.61,1.33,6
PSV Eindhoven,8,4,3,1,19,11,8,15,netherlands,0.5,0.88,8,1.88,2.38,2.0,1.14,7
Heracles Almelo,8,3,5,0,17,12,5,14,netherlands,0.38,1.0,5,1.75,2.12,2.63,1.0,8
Heerenveen,8,3,4,1,12,10,2,13,netherlands,0.38,0.88,2,1.62,1.5,2.63,1.14,9
PEC Zwolle,8,3,2,3,10,8,2,11,netherlands,0.38,0.62,2,1.38,1.25,2.63,1.61,10
RKC Waalwijk,8,3,1,4,13,12,1,10,netherlands,0.38,0.5,1,1.25,1.62,2.63,2.0,11
NAC Breda,8,2,4,2,9,10,-1,10,netherlands,0.25,0.75,-1,1.25,1.12,4.0,1.33,11
Fortuna Sittard,8,3,0,5,9,16,-7,9,netherlands,0.38,0.38,-7,1.12,1.12,2.63,2.63,12
Sparta,8,2,2,4,9,12,-3,8,netherlands,0.25,0.5,-3,1.0,1.12,4.0,2.0,13
FC Utrecht,8,2,2,4,10,15,-5,8,netherlands,0.25,0.5,-5,1.0,1.25,4.0,2.0,13
NEC Nijmegen,8,1,4,3,17,17,0,7,netherlands,0.12,0.62,0,0.88,2.12,8.33,1.61,14
Almere City,8,2,1,5,8,15,-7,7,netherlands,0.25,0.38,-7,0.88,1.0,4.0,2.63,14
Willem II,8,1,2,5,11,16,-5,5,netherlands,0.12,0.38,-5,0.62,1.38,8.33,2.63,15
Telstar,8,7,0,1,23,4,19,21,netherlands2,0.88,0.88,19,2.62,2.88,1.14,1.14,1
FC Volendam,8,7,0,1,22,6,16,21,netherlands2,0.88,0.88,16,2.62,2.75,1.14,1.14,1
ADO Den Haag,8,7,0,1,13,7,6,21,netherlands2,0.88,0.88,6,2.62,1.62,1.14,1.14,1
Cambuur,8,6,1,1,15,7,8,19,netherlands2,0.75,0.88,8,2.38,1.88,1.33,1.14,2
FC Dordrecht,8,4,4,0,19,10,9,16,netherlands2,0.5,1.0,9,2.0,2.38,2.0,1.0,3
De Graafschap,8,5,1,2,16,7,9,16,netherlands2,0.62,0.75,9,2.0,2.0,1.61,1.33,3
Jong Ajax,8,5,1,2,16,8,8,16,netherlands2,0.62,0.75,8,2.0,2.0,1.61,1.33,3
Excelsior,8,4,3,1,11,6,5,15,netherlands2,0.5,0.88,5,1.88,1.38,2.0,1.14,4
Vitesse Arnhem,8,5,0,3,10,10,0,15,netherlands2,0.62,0.62,0,1.88,1.25,1.61,1.61,4
Helmond Sport,8,4,2,2,13,6,7,14,netherlands2,0.5,0.75,7,1.75,1.62,2.0,1.33,5
MVV Maastricht,8,4,1,3,19,12,7,13,netherlands2,0.5,0.62,7,1.62,2.38,2.0,1.61,6
FC Den Bosch,8,4,1,3,12,8,4,13,netherlands2,0.5,0.62,4,1.62,1.5,2.0,1.61,6
Jong AZ,8,3,2,3,19,14,5,11,netherlands2,0.38,0.62,5,1.38,2.38,2.63,1.61,7
Roda JC,8,3,2,3,12,12,0,11,netherlands2,0.38,0.62,0,1.38,1.5,2.63,1.61,7
FC Emmen,8,3,1,4,12,11,1,10,netherlands2,0.38,0.5,1,1.25,1.5,2.63,2.0,8
VVV,8,2,4,2,6,8,-2,10,netherlands2,0.25,0.75,-2,1.25,0.75,4.0,1.33,8
FC Eindhoven,8,2,2,4,16,17,-1,8,netherlands2,0.25,0.5,-1,1.0,2.0,4.0,2.0,9
TOP Oss,8,2,2,4,5,13,-8,8,netherlands2,0.25,0.5,-8,1.0,0.62,4.0,2.0,9
Jong PSV,8,2,1,5,16,20,-4,7,netherlands2,0.25,0.38,-4,0.88,2.0,4.0,2.63,10
Jong Utrecht,8,1,3,4,7,14,-7,6,netherlands2,0.12,0.5,-7,0.75,0.88,8.33,2.0,11
Diriangen,8,7,0,1,26,5,21,21,nicaragua,0.88,0.88,21,2.62,3.25,1.14,1.14,1
Matagalpa,8,5,3,0,20,8,12,18,nicaragua,0.62,1.0,12,2.25,2.5,1.61,1.0,2
Walter Ferreti,8,4,3,1,12,7,5,15,nicaragua,0.5,0.88,5,1.88,1.5,2.0,1.14,3
Real Esteli,8,3,5,0,15,4,11,14,nicaragua,0.38,1.0,11,1.75,1.88,2.63,1.0,4
Export Sebaco,8,4,2,2,15,7,8,14,nicaragua,0.5,0.75,8,1.75,1.88,2.0,1.33,4
Jalapa,8,3,3,2,8,5,3,12,nicaragua,0.38,0.75,3,1.5,1.0,2.63,1.33,5
Managua FC,8,4,0,4,13,11,2,12,nicaragua,0.5,0.5,2,1.5,1.62,2.0,2.0,5
UNAN Managua,8,3,3,2,9,12,-3,12,nicaragua,0.38,0.75,-3,1.5,1.12,2.63,1.33,5
D. Ocotal,8,3,0,5,9,14,-5,9,nicaragua,0.38,0.38,-5,1.12,1.12,2.63,2.63,6
Rancho Santana,8,2,2,4,9,17,-8,8,nicaragua,0.25,0.5,-8,1.0,1.12,4.0,2.0,7
Managua FC,6,5,1,0,7,1,6,16,nicaragua2,0.83,1.0,6,2.67,1.17,1.2,1.0,1
Real Esteli,6,4,1,1,14,3,11,13,nicaragua2,0.67,0.83,11,2.17,2.33,1.49,1.2,2
Diriangen,6,4,0,2,13,7,6,12,nicaragua2,0.67,0.67,6,2.0,2.17,1.49,1.49,3
Rancho Santana,6,3,2,1,11,5,6,11,nicaragua2,0.5,0.83,6,1.83,1.83,2.0,1.2,4
Walter Ferreti,6,3,1,2,11,5,6,10,nicaragua2,0.5,0.67,6,1.67,1.83,2.0,1.49,5
Jalapa,6,2,3,1,4,1,3,9,nicaragua2,0.33,0.83,3,1.5,0.67,3.03,1.2,6
UNAN Managua,4,3,0,1,5,4,1,9,nicaragua2,0.75,0.75,1,2.25,1.25,1.33,1.33,6
CS Sebaco,6,2,2,2,5,7,-2,8,nicaragua2,0.33,0.67,-2,1.33,0.83,3.03,1.49,7
Matagalpa,7,2,2,3,12,15,-3,8,nicaragua2,0.29,0.57,-3,1.14,1.71,3.45,1.75,7
D. Ocotal,6,2,1,3,7,8,-1,7,nicaragua2,0.33,0.5,-1,1.17,1.17,3.03,2.0,8
Linfield,8,7,0,1,12,4,8,21,northernireland,0.88,0.88,8,2.62,1.5,1.14,1.14,1
Cliftonville,8,5,1,2,17,6,11,16,northernireland,0.62,0.75,11,2.0,2.12,1.61,1.33,2
Portadown,8,5,1,2,9,6,3,16,northernireland,0.62,0.75,3,2.0,1.12,1.61,1.33,2
Glenavon,8,4,1,3,13,9,4,13,northernireland,0.5,0.62,4,1.62,1.62,2.0,1.61,3
Glentoran,8,3,3,2,8,8,0,12,northernireland,0.38,0.75,0,1.5,1.0,2.63,1.33,4
Larne,8,2,4,2,7,6,1,10,northernireland,0.25,0.75,1,1.25,0.88,4.0,1.33,5
Crusaders,8,3,1,4,12,17,-5,10,northernireland,0.38,0.5,-5,1.25,1.5,2.63,2.0,5
Coleraine,8,2,3,3,9,10,-1,9,northernireland,0.25,0.62,-1,1.12,1.12,4.0,1.61,6
Carrick Rangers,8,1,5,2,2,3,-1,8,northernireland,0.12,0.75,-1,1.0,0.25,8.33,1.33,7
Ballymena Utd,8,2,2,4,8,10,-2,8,northernireland,0.25,0.5,-2,1.0,1.0,4.0,2.0,7
Dungannon,8,2,1,5,8,14,-6,7,northernireland,0.25,0.38,-6,0.88,1.0,4.0,2.63,8
Loughgall,8,1,0,7,7,17,-10,3,northernireland,0.12,0.12,-10,0.38,0.88,8.33,8.33,9
HW Welders,8,6,0,2,19,4,15,18,northernireland2,0.75,0.75,15,2.25,2.38,1.33,1.33,1
Bangor,8,5,2,1,18,8,10,17,northernireland2,0.62,0.88,10,2.12,2.25,1.61,1.14,2
Limavady,8,5,2,1,14,4,10,17,northernireland2,0.62,0.88,10,2.12,1.75,1.61,1.14,2
Ballinamallard,8,5,2,1,15,8,7,17,northernireland2,0.62,0.88,7,2.12,1.88,1.61,1.14,2
Annagh Utd,8,5,1,2,19,8,11,16,northernireland2,0.62,0.75,11,2.0,2.38,1.61,1.33,3
Ards,8,3,2,3,11,9,2,11,northernireland2,0.38,0.62,2,1.38,1.38,2.63,1.61,4
Newington,8,3,1,4,10,11,-1,10,northernireland2,0.38,0.5,-1,1.25,1.25,2.63,2.0,5
Institute,8,2,4,2,11,13,-2,10,northernireland2,0.25,0.75,-2,1.25,1.38,4.0,1.33,5
Newry City,8,2,2,4,6,10,-4,8,northernireland2,0.25,0.5,-4,1.0,0.75,4.0,2.0,6
Ballyclare,8,1,4,3,10,17,-7,7,northernireland2,0.12,0.62,-7,0.88,1.25,8.33,1.61,7
Dundela,8,2,0,6,12,18,-6,6,northernireland2,0.25,0.25,-6,0.75,1.5,4.0,4.0,8
Armagh City,8,1,2,5,12,22,-10,5,northernireland2,0.12,0.38,-10,0.62,1.5,8.33,2.63,9
Shkendija,8,6,2,0,15,7,8,20,northmacedonia,0.75,1.0,8,2.5,1.88,1.33,1.0,1
Rabotnicki,8,6,1,1,12,4,8,19,northmacedonia,0.75,0.88,8,2.38,1.5,1.33,1.14,2
Sileks,8,5,3,0,14,5,9,18,northmacedonia,0.62,1.0,9,2.25,1.75,1.61,1.0,3
Gostivar,8,4,4,0,12,3,9,16,northmacedonia,0.5,1.0,9,2.0,1.5,2.0,1.0,4
Struga,8,5,1,2,11,9,2,16,northmacedonia,0.62,0.75,2,2.0,1.38,1.61,1.33,4
Voska Sport,8,3,4,1,10,5,5,13,northmacedonia,0.38,0.88,5,1.62,1.25,2.63,1.14,5
Shkupi,8,4,0,4,13,10,3,12,northmacedonia,0.5,0.5,3,1.5,1.62,2.0,2.0,6
Pelister,8,3,3,2,4,4,0,12,northmacedonia,0.38,0.75,0,1.5,0.5,2.63,1.33,6
Tikves,8,3,2,3,6,6,0,11,northmacedonia,0.38,0.62,0,1.38,0.75,2.63,1.61,7
Besa,8,3,1,4,7,12,-5,10,northmacedonia,0.38,0.5,-5,1.25,0.88,2.63,2.0,8
Vardar,8,1,4,3,6,9,-3,7,northmacedonia,0.12,0.62,-3,0.88,0.75,8.33,1.61,9
Brera Strumica,8,1,2,5,8,11,-3,5,northmacedonia,0.12,0.38,-3,0.62,1.0,8.33,2.63,10
Fredrikstad,1,1,0,0,3,0,3,3,norway,1.0,1.0,3,3.0,3.0,1.0,1.0,1
KFUM Oslo,1,1,0,0,3,1,2,3,norway,1.0,1.0,2,3.0,3.0,1.0,1.0,1
Valerenga,1,1,0,0,3,1,2,3,norway,1.0,1.0,2,3.0,3.0,1.0,1.0,1
HamKam,1,1,0,0,2,1,1,3,norway,1.0,1.0,1,3.0,2.0,1.0,1.0,1
Tromso,1,1,0,0,1,0,1,3,norway,1.0,1.0,1,3.0,1.0,1.0,1.0,1
Bodo.Glimt,0,0,0,0,0,0,0,0,norway,0.0,0.0,0,0.0,0.0,0.0,0.0,2
Brann,0,0,0,0,0,0,0,0,norway,0.0,0.0,0,0.0,0.0,0.0,0.0,2
Haugesund,0,0,0,0,0,0,0,0,norway,0.0,0.0,0,0.0,0.0,0.0,0.0,2
Kristiansund,0,0,0,0,0,0,0,0,norway,0.0,0.0,0,0.0,0.0,0.0,0.0,2
Rosenborg,0,0,0,0,0,0,0,0,norway,0.0,0.0,0,0.0,0.0,0.0,0.0,2
Sandefjord,0,0,0,0,0,0,0,0,norway,0.0,0.0,0,0.0,0.0,0.0,0.0,2
Sarpsborg 08,0,0,0,0,0,0,0,0,norway,0.0,0.0,0,0.0,0.0,0.0,0.0,2
Viking,0,0,0,0,0,0,0,0,norway,0.0,0.0,0,0.0,0.0,0.0,0.0,2
Stromsgodset,1,0,0,1,1,2,-1,0,norway,0.0,0.0,-1,0.0,1.0,0.0,0.0,2
Bryne,1,0,0,1,0,1,-1,0,norway,0.0,0.0,-1,0.0,0.0,0.0,0.0,2
Molde,1,0,0,1,0,2,-2,0,norway,0.0,0.0,-2,0.0,0.0,0.0,0.0,2
Aalesund,0,0,0,0,0,0,0,0,norway2,0.0,0.0,0,0.0,0.0,0.0,0.0,1
Asane,0,0,0,0,0,0,0,0,norway2,0.0,0.0,0,0.0,0.0,0.0,0.0,1
Egersund,0,0,0,0,0,0,0,0,norway2,0.0,0.0,0,0.0,0.0,0.0,0.0,1
Hodd,0,0,0,0,0,0,0,0,norway2,0.0,0.0,0,0.0,0.0,0.0,0.0,1
Kongsvinger,0,0,0,0,0,0,0,0,norway2,0.0,0.0,0,0.0,0.0,0.0,0.0,1
Lillestrom,0,0,0,0,0,0,0,0,norway2,0.0,0.0,0,0.0,0.0,0.0,0.0,1
Lyn,0,0,0,0,0,0,0,0,norway2,0.0,0.0,0,0.0,0.0,0.0,0.0,1
Mjondalen,0,0,0,0,0,0,0,0,norway2,0.0,0.0,0,0.0,0.0,0.0,0.0,1
Moss,0,0,0,0,0,0,0,0,norway2,0.0,0.0,0,0.0,0.0,0.0,0.0,1
Odd,0,0,0,0,0,0,0,0,norway2,0.0,0.0,0,0.0,0.0,0.0,0.0,1
Ranheim,0,0,0,0,0,0,0,0,norway2,0.0,0.0,0,0.0,0.0,0.0,0.0,1
Raufoss,0,0,0,0,0,0,0,0,norway2,0.0,0.0,0,0.0,0.0,0.0,0.0,1
Skeid,0,0,0,0,0,0,0,0,norway2,0.0,0.0,0,0.0,0.0,0.0,0.0,1
Sogndal,0,0,0,0,0,0,0,0,norway2,0.0,0.0,0,0.0,0.0,0.0,0.0,1
Stabaek,0,0,0,0,0,0,0,0,norway2,0.0,0.0,0,0.0,0.0,0.0,0.0,1
Start,0,0,0,0,0,0,0,0,norway2,0.0,0.0,0,0.0,0.0,0.0,0.0,1
Sandnes Ulf,1,1,0,0,3,1,2,3,norway3,1.0,1.0,2,3.0,3.0,1.0,1.0,1
Brattvag,1,1,0,0,2,1,1,3,norway3,1.0,1.0,1,3.0,2.0,1.0,1.0,1
Notodden,1,1,0,0,2,1,1,3,norway3,1.0,1.0,1,3.0,2.0,1.0,1.0,1
Flekkeroy,1,0,1,0,1,1,0,1,norway3,0.0,1.0,0,1.0,1.0,0.0,1.0,2
Jerv,1,0,1,0,1,1,0,1,norway3,0.0,1.0,0,1.0,1.0,0.0,1.0,2
Lysekloster,1,0,1,0,0,0,0,1,norway3,0.0,1.0,0,1.0,0.0,0.0,1.0,2
Arendal,0,0,0,0,0,0,0,0,norway3,0.0,0.0,0,0.0,0.0,0.0,0.0,3
Brann B,0,0,0,0,0,0,0,0,norway3,0.0,0.0,0,0.0,0.0,0.0,0.0,3
Eik Tonsberg,0,0,0,0,0,0,0,0,norway3,0.0,0.0,0,0.0,0.0,0.0,0.0,3
Pors Grenland,0,0,0,0,0,0,0,0,norway3,0.0,0.0,0,0.0,0.0,0.0,0.0,3
Sandviken,0,0,0,0,0,0,0,0,norway3,0.0,0.0,0,0.0,0.0,0.0,0.0,3
Sotra,0,0,0,0,0,0,0,0,norway3,0.0,0.0,0,0.0,0.0,0.0,0.0,3
V. Haugesund,0,0,0,0,0,0,0,0,norway3,0.0,0.0,0,0.0,0.0,0.0,0.0,3
Traef,1,0,0,1,3,4,-1,0,norway3,0.0,0.0,-1,0.0,3.0,0.0,0.0,3
Strommen,1,1,0,0,4,1,3,3,norway4,1.0,1.0,3,3.0,4.0,1.0,1.0,1
Asker,1,0,1,0,2,2,0,1,norway4,0.0,1.0,0,1.0,2.0,0.0,1.0,2
Alta,0,0,0,0,0,0,0,0,norway4,0.0,0.0,0,0.0,0.0,0.0,0.0,3
Eidsvold,0,0,0,0,0,0,0,0,norway4,0.0,0.0,0,0.0,0.0,0.0,0.0,3
Follo,0,0,0,0,0,0,0,0,norway4,0.0,0.0,0,0.0,0.0,0.0,0.0,3
Honefoss,0,0,0,0,0,0,0,0,norway4,0.0,0.0,0,0.0,0.0,0.0,0.0,3
Kjelsas,0,0,0,0,0,0,0,0,norway4,0.0,0.0,0,0.0,0.0,0.0,0.0,3
Levanger,0,0,0,0,0,0,0,0,norway4,0.0,0.0,0,0.0,0.0,0.0,0.0,3
Rana,0,0,0,0,0,0,0,0,norway4,0.0,0.0,0,0.0,0.0,0.0,0.0,3
Tromsdalen,0,0,0,0,0,0,0,0,norway4,0.0,0.0,0,0.0,0.0,0.0,0.0,3
Ull/Kisa,1,0,0,1,2,3,-1,0,norway4,0.0,0.0,-1,0.0,2.0,0.0,0.0,3
Strindheim,1,0,0,1,1,2,-1,0,norway4,0.0,0.0,-1,0.0,1.0,0.0,0.0,3
Grorud,1,0,0,1,0,3,-3,0,norway4,0.0,0.0,-3,0.0,0.0,0.0,0.0,3
Stjordals-Blink,1,0,0,1,0,3,-3,0,norway4,0.0,0.0,-3,0.0,0.0,0.0,0.0,3
Ulfstind,1,1,0,0,1,0,1,3,norway5,1.0,1.0,1,3.0,1.0,1.0,1.0,1
Funnefoss/V,1,0,1,0,3,3,0,1,norway5,0.0,1.0,0,1.0,3.0,0.0,1.0,2
Gamle Oslo,1,0,1,0,2,2,0,1,norway5,0.0,1.0,0,1.0,2.0,0.0,1.0,2
Sortland,1,0,1,0,2,2,0,1,norway5,0.0,1.0,0,1.0,2.0,0.0,1.0,2
Alta B,0,0,0,0,0,0,0,0,norway5,0.0,0.0,0,0.0,0.0,0.0,0.0,3
Baerum,0,0,0,0,0,0,0,0,norway5,0.0,0.0,0,0.0,0.0,0.0,0.0,3
Floya,0,0,0,0,0,0,0,0,norway5,0.0,0.0,0,0.0,0.0,0.0,0.0,3
Frigg,0,0,0,0,0,0,0,0,norway5,0.0,0.0,0,0.0,0.0,0.0,0.0,3
Harstad,0,0,0,0,0,0,0,0,norway5,0.0,0.0,0,0.0,0.0,0.0,0.0,3
Junkeren,0,0,0,0,0,0,0,0,norway5,0.0,0.0,0,0.0,0.0,0.0,0.0,3
Skjervoy,0,0,0,0,0,0,0,0,norway5,0.0,0.0,0,0.0,0.0,0.0,0.0,3
Ullern,1,0,0,1,1,2,-1,0,norway5,0.0,0.0,-1,0.0,1.0,0.0,0.0,3
KFUM B,1,0,0,1,3,5,-2,0,norway5,0.0,0.0,-2,0.0,3.0,0.0,0.0,3
Tromso B,1,0,0,1,2,5,-3,0,norway5,0.0,0.0,-3,0.0,2.0,0.0,0.0,3
Spjelkavik,1,1,0,0,7,1,6,3,norway6,1.0,1.0,6,3.0,7.0,1.0,1.0,1
Aalesund B,1,1,0,0,5,2,3,3,norway6,1.0,1.0,3,3.0,5.0,1.0,1.0,1
Melhus,1,1,0,0,1,0,1,3,norway6,1.0,1.0,1,3.0,1.0,1.0,1.0,1
Tiller,1,0,1,0,0,0,0,1,norway6,0.0,1.0,0,1.0,0.0,0.0,1.0,2
Byasen,0,0,0,0,0,0,0,0,norway6,0.0,0.0,0,0.0,0.0,0.0,0.0,3
Kristiansund B,0,0,0,0,0,0,0,0,norway6,0.0,0.0,0,0.0,0.0,0.0,0.0,3
Kvik Trondheim,0,0,0,0,0,0,0,0,norway6,0.0,0.0,0,0.0,0.0,0.0,0.0,3
Molde B,0,0,0,0,0,0,0,0,norway6,0.0,0.0,0,0.0,0.0,0.0,0.0,3
Nardo,0,0,0,0,0,0,0,0,norway6,0.0,0.0,0,0.0,0.0,0.0,0.0,3
Rosenborg B,0,0,0,0,0,0,0,0,norway6,0.0,0.0,0,0.0,0.0,0.0,0.0,3
Surnadal,0,0,0,0,0,0,0,0,norway6,0.0,0.0,0,0.0,0.0,0.0,0.0,3
Trygg/Lade,0,0,0,0,0,0,0,0,norway6,0.0,0.0,0,0.0,0.0,0.0,0.0,3
Volda,0,0,0,0,0,0,0,0,norway6,0.0,0.0,0,0.0,0.0,0.0,0.0,3
Ranheim B,1,0,0,1,0,2,-2,0,norway6,0.0,0.0,-2,0.0,0.0,0.0,0.0,3
Assiden IF,1,0,1,0,2,2,0,1,norway7,0.0,1.0,0,1.0,2.0,0.0,1.0,1
Nordstrand,1,0,1,0,1,1,0,1,norway7,0.0,1.0,0,1.0,1.0,0.0,1.0,1
Bjorkelangen,0,0,0,0,0,0,0,0,norway7,0.0,0.0,0,0.0,0.0,0.0,0.0,2
Elverum,0,0,0,0,0,0,0,0,norway7,0.0,0.0,0,0.0,0.0,0.0,0.0,2
Gjovik-Lyn,0,0,0,0,0,0,0,0,norway7,0.0,0.0,0,0.0,0.0,0.0,0.0,2
HamKam B,0,0,0,0,0,0,0,0,norway7,0.0,0.0,0,0.0,0.0,0.0,0.0,2
Kongsvinger B,0,0,0,0,0,0,0,0,norway7,0.0,0.0,0,0.0,0.0,0.0,0.0,2
Lillehammer,0,0,0,0,0,0,0,0,norway7,0.0,0.0,0,0.0,0.0,0.0,0.0,2
Lillestrom B,0,0,0,0,0,0,0,0,norway7,0.0,0.0,0,0.0,0.0,0.0,0.0,2
Lorenskog,0,0,0,0,0,0,0,0,norway7,0.0,0.0,0,0.0,0.0,0.0,0.0,2
Skjetten,0,0,0,0,0,0,0,0,norway7,0.0,0.0,0,0.0,0.0,0.0,0.0,2
Stromsgodset B,0,0,0,0,0,0,0,0,norway7,0.0,0.0,0,0.0,0.0,0.0,0.0,2
Skedsmo,1,0,0,1,2,6,-4,0,norway7,0.0,0.0,-4,0.0,2.0,0.0,0.0,2
Ull/Kisa B,1,0,0,1,0,5,-5,0,norway7,0.0,0.0,-5,0.0,0.0,0.0,0.0,2
Fana,1,1,0,0,8,0,8,3,norway8,1.0,1.0,8,3.0,8.0,1.0,1.0,1
Fyllingsdalen,1,1,0,0,3,1,2,3,norway8,1.0,1.0,2,3.0,3.0,1.0,1.0,1
Sandefjord B,1,1,0,0,4,3,1,3,norway8,1.0,1.0,1,3.0,4.0,1.0,1.0,1
Asane B,0,0,0,0,0,0,0,0,norway8,0.0,0.0,0,0.0,0.0,0.0,0.0,2
Bjarg,0,0,0,0,0,0,0,0,norway8,0.0,0.0,0,0.0,0.0,0.0,0.0,2
Forde,0,0,0,0,0,0,0,0,norway8,0.0,0.0,0,0.0,0.0,0.0,0.0,2
Gneist,0,0,0,0,0,0,0,0,norway8,0.0,0.0,0,0.0,0.0,0.0,0.0,2
Loddefjord,0,0,0,0,0,0,0,0,norway8,0.0,0.0,0,0.0,0.0,0.0,0.0,2
Lyn B,0,0,0,0,0,0,0,0,norway8,0.0,0.0,0,0.0,0.0,0.0,0.0,2
Lyngbo,0,0,0,0,0,0,0,0,norway8,0.0,0.0,0,0.0,0.0,0.0,0.0,2
Valerenga B,0,0,0,0,0,0,0,0,norway8,0.0,0.0,0,0.0,0.0,0.0,0.0,2
OS,1,0,0,1,2,3,-1,0,norway8,0.0,0.0,-1,0.0,2.0,0.0,0.0,2
Fjora,1,0,0,1,0,2,-2,0,norway8,0.0,0.0,-2,0.0,0.0,0.0,0.0,2
Askoy,1,0,0,1,0,5,-5,0,norway8,0.0,0.0,-5,0.0,0.0,0.0,0.0,2
Torvastad,1,1,0,0,4,0,4,3,norway9,1.0,1.0,4,3.0,4.0,1.0,1.0,1
Brodd,1,1,0,0,3,2,1,3,norway9,1.0,1.0,1,3.0,3.0,1.0,1.0,1
Vindbjart,1,0,1,0,1,1,0,1,norway9,0.0,1.0,0,1.0,1.0,0.0,1.0,2
Haugesund B,0,0,0,0,0,0,0,0,norway9,0.0,0.0,0,0.0,0.0,0.0,0.0,3
Hinna,0,0,0,0,0,0,0,0,norway9,0.0,0.0,0,0.0,0.0,0.0,0.0,3
Madla,0,0,0,0,0,0,0,0,norway9,0.0,0.0,0,0.0,0.0,0.0,0.0,3
Sandnes Ulf B,0,0,0,0,0,0,0,0,norway9,0.0,0.0,0,0.0,0.0,0.0,0.0,3
Sola,0,0,0,0,0,0,0,0,norway9,0.0,0.0,0,0.0,0.0,0.0,0.0,3
Staal Jorpeland,0,0,0,0,0,0,0,0,norway9,0.0,0.0,0,0.0,0.0,0.0,0.0,3
Stord,0,0,0,0,0,0,0,0,norway9,0.0,0.0,0,0.0,0.0,0.0,0.0,3
Vag,0,0,0,0,0,0,0,0,norway9,0.0,0.0,0,0.0,0.0,0.0,0.0,3
Vidar,0,0,0,0,0,0,0,0,norway9,0.0,0.0,0,0.0,0.0,0.0,0.0,3
Viking B,0,0,0,0,0,0,0,0,norway9,0.0,0.0,0,0.0,0.0,0.0,0.0,3
Djerv,1,0,0,1,1,3,-2,0,norway9,0.0,0.0,-2,0.0,1.0,0.0,0.0,3
Fram,1,1,0,0,4,0,4,3,norway10,1.0,1.0,4,3.0,4.0,1.0,1.0,1
Flint,1,1,0,0,3,0,3,3,norway10,1.0,1.0,3,3.0,3.0,1.0,1.0,1
Oppsal,1,1,0,0,2,1,1,3,norway10,1.0,1.0,1,3.0,2.0,1.0,1.0,1
Pors Grenland B,1,1,0,0,2,1,1,3,norway10,1.0,1.0,1,3.0,2.0,1.0,1.0,1
Drobak-Frogn,1,0,1,0,1,1,0,1,norway10,0.0,1.0,0,1.0,1.0,0.0,1.0,2
Fredrikstad B,0,0,0,0,0,0,0,0,norway10,0.0,0.0,0,0.0,0.0,0.0,0.0,3
Grei,0,0,0,0,0,0,0,0,norway10,0.0,0.0,0,0.0,0.0,0.0,0.0,3
IF Ready,0,0,0,0,0,0,0,0,norway10,0.0,0.0,0,0.0,0.0,0.0,0.0,3
Kvik Halden,0,0,0,0,0,0,0,0,norway10,0.0,0.0,0,0.0,0.0,0.0,0.0,3
Lokomotiv Oslo,0,0,0,0,0,0,0,0,norway10,0.0,0.0,0,0.0,0.0,0.0,0.0,3
Odd B,0,0,0,0,0,0,0,0,norway10,0.0,0.0,0,0.0,0.0,0.0,0.0,3
Orn Horten,0,0,0,0,0,0,0,0,norway10,0.0,0.0,0,0.0,0.0,0.0,0.0,3
Sarpsborg 08 B,0,0,0,0,0,0,0,0,norway10,0.0,0.0,0,0.0,0.0,0.0,0.0,3
Stabaek B,0,0,0,0,0,0,0,0,norway10,0.0,0.0,0,0.0,0.0,0.0,0.0,3
Universitario,6,3,3,0,10,4,6,12,panama,0.5,1.0,6,2.0,1.67,2.0,1.0,1
Independiente,6,3,3,0,8,2,6,12,panama,0.5,1.0,6,2.0,1.33,2.0,1.0,1
Plaza Amador,5,3,1,1,9,5,4,10,panama,0.6,0.8,4,2.0,1.8,1.67,1.25,2
Veraguas,7,3,1,3,7,8,-1,10,panama,0.43,0.57,-1,1.43,1.0,2.33,1.75,2
Tauro,5,2,2,1,11,6,5,8,panama,0.4,0.8,5,1.6,2.2,2.5,1.25,3
San Miguelito,5,2,2,1,5,3,2,8,panama,0.4,0.8,2,1.6,1.0,2.5,1.25,3
UMECIT,5,2,2,1,4,3,1,8,panama,0.4,0.8,1,1.6,0.8,2.5,1.25,3
Arabe Unido,6,2,2,2,6,7,-1,8,panama,0.33,0.67,-1,1.33,1.0,3.03,1.49,3
Costa del Este,5,1,3,1,6,6,0,6,panama,0.2,0.8,0,1.2,1.2,5.0,1.25,4
Herrera,6,1,2,3,5,8,-3,5,panama,0.17,0.5,-3,0.83,0.83,5.88,2.0,5
Alianza,5,0,2,3,2,6,-4,2,panama,0.0,0.4,-4,0.4,0.4,0.0,2.5,6
San Francisco,4,0,1,3,2,6,-4,1,panama,0.0,0.25,-4,0.25,0.5,0.0,4.0,7
Plaza Amador,8,6,1,1,10,6,4,19,panama2,0.75,0.88,4,2.38,1.25,1.33,1.14,1
Arabe Unido,8,5,3,0,13,5,8,18,panama2,0.62,1.0,8,2.25,1.62,1.61,1.0,2
Independiente,8,5,2,1,10,6,4,17,panama2,0.62,0.88,4,2.12,1.25,1.61,1.14,3
Tauro,8,3,5,0,11,5,6,14,panama2,0.38,1.0,6,1.75,1.38,2.63,1.0,4
Alianza,8,4,2,2,8,5,3,14,panama2,0.5,0.75,3,1.75,1.0,2.0,1.33,4
San Miguelito,7,4,2,1,8,5,3,14,panama2,0.57,0.86,3,2.0,1.14,1.75,1.16,4
Universitario,8,4,1,3,12,9,3,13,panama2,0.5,0.62,3,1.62,1.5,2.0,1.61,5
Costa del Este,8,3,3,2,11,12,-1,12,panama2,0.38,0.75,-1,1.5,1.38,2.63,1.33,6
UMECIT,8,3,1,4,6,6,0,10,panama2,0.38,0.5,0,1.25,0.75,2.63,2.0,7
Veraguas,8,2,3,3,7,7,0,9,panama2,0.25,0.62,0,1.12,0.88,4.0,1.61,8
Herrera,7,1,3,3,7,8,-1,6,panama2,0.14,0.57,-1,0.86,1.0,7.14,1.75,9
San Francisco,8,1,2,5,5,10,-5,5,panama2,0.12,0.38,-5,0.62,0.62,8.33,2.63,10
Libertad,5,4,1,0,13,4,9,13,paraguay,0.8,1.0,9,2.6,2.6,1.25,1.0,1
Cerro Porteno,6,4,1,1,10,5,5,13,paraguay,0.67,0.83,5,2.17,1.67,1.49,1.2,1
Olimpia,6,4,0,2,11,6,5,12,paraguay,0.67,0.67,5,2.0,1.83,1.49,1.49,2
S. Ameliano,5,2,3,0,9,6,3,9,paraguay,0.4,1.0,3,1.8,1.8,2.5,1.0,3
S. Trinidense,6,2,3,1,5,4,1,9,paraguay,0.33,0.83,1,1.5,0.83,3.03,1.2,3
G. Caballero,6,2,2,2,7,9,-2,8,paraguay,0.33,0.67,-2,1.33,1.17,3.03,1.49,4
A. Tembetary,5,2,1,2,7,7,0,7,paraguay,0.4,0.6,0,1.4,1.4,2.5,1.67,5
Nacional,5,2,1,2,4,6,-2,7,paraguay,0.4,0.6,-2,1.4,0.8,2.5,1.67,5
S. Luqueno,6,1,3,2,4,5,-1,6,paraguay,0.17,0.67,-1,1.0,0.67,5.88,1.49,6
D. Recoleta,5,1,2,2,3,5,-2,5,paraguay,0.2,0.6,-2,1.0,0.6,5.0,1.67,7
2 de Mayo,6,0,4,2,3,6,-3,4,paraguay,0.0,0.67,-3,0.67,0.5,0.0,1.49,8
Guarani,5,1,1,3,4,8,-4,4,paraguay,0.2,0.4,-4,0.8,0.8,5.0,2.5,8
Olimpia,8,5,3,0,15,7,8,18,paraguay2,0.62,1.0,8,2.25,1.88,1.61,1.0,1
Nacional,8,5,3,0,11,4,7,18,paraguay2,0.62,1.0,7,2.25,1.38,1.61,1.0,1
S. Ameliano,8,5,0,3,7,5,2,15,paraguay2,0.62,0.62,2,1.88,0.88,1.61,1.61,2
S. Trinidense,8,4,1,3,11,11,0,13,paraguay2,0.5,0.62,0,1.62,1.38,2.0,1.61,3
Guarani,8,2,6,0,7,5,2,12,paraguay2,0.25,1.0,2,1.5,0.88,4.0,1.0,4
G. Caballero,8,2,5,1,7,8,-1,11,paraguay2,0.25,0.88,-1,1.38,0.88,4.0,1.14,5
Libertad,8,3,1,4,6,7,-1,10,paraguay2,0.38,0.5,-1,1.25,0.75,2.63,2.0,6
Sol de America,8,2,3,3,8,9,-1,9,paraguay2,0.25,0.62,-1,1.12,1.0,4.0,1.61,7
S. Luqueno,8,2,3,3,8,10,-2,9,paraguay2,0.25,0.62,-2,1.12,1.0,4.0,1.61,7
Cerro Porteno,8,2,3,3,10,13,-3,9,paraguay2,0.25,0.62,-3,1.12,1.25,4.0,1.61,7
2 de Mayo,8,2,2,4,8,10,-2,8,paraguay2,0.25,0.5,-2,1.0,1.0,4.0,2.0,8
Tacuary,8,1,1,6,3,14,-11,4,paraguay2,0.12,0.25,-11,0.5,0.38,8.33,4.0,9
Universitario,3,3,0,0,10,3,7,9,peru,1.0,1.0,7,3.0,3.33,1.0,1.0,1
D. Garcilaso,3,3,0,0,8,1,7,9,peru,1.0,1.0,7,3.0,2.67,1.0,1.0,1
Alianza Lima,3,3,0,0,6,0,6,9,peru,1.0,1.0,6,3.0,2.0,1.0,1.0,1
FBC Melgar,3,3,0,0,6,1,5,9,peru,1.0,1.0,5,3.0,2.0,1.0,1.0,1
ADT,3,2,1,0,9,5,4,7,peru,0.67,1.0,4,2.33,3.0,1.49,1.0,2
S. Cristal,3,2,0,1,8,3,5,6,peru,0.67,0.67,5,2.0,2.67,1.49,1.49,3
Alianza A.,3,2,0,1,9,6,3,6,peru,0.67,0.67,3,2.0,3.0,1.49,1.49,3
Atletico Grau,2,2,0,0,3,1,2,6,peru,1.0,1.0,2,3.0,1.5,1.0,1.0,3
Sport Huancayo,3,2,0,1,4,3,1,6,peru,0.67,0.67,1,2.0,1.33,1.49,1.49,3
Sport Boys,3,2,0,1,3,3,0,6,peru,0.67,0.67,0,2.0,1.0,1.49,1.49,3
Los Chankas,3,1,2,0,5,3,2,5,peru,0.33,1.0,2,1.67,1.67,3.03,1.0,4
Cienciano,3,1,1,1,7,7,0,4,peru,0.33,0.67,0,1.33,2.33,3.03,1.49,5
Ayacucho,3,1,1,1,6,6,0,4,peru,0.33,0.67,0,1.33,2.0,3.03,1.49,5
Juan Pablo II C,2,1,0,1,4,3,1,3,peru,0.5,0.5,1,1.5,2.0,2.0,2.0,6
Binacional,2,1,0,1,3,2,1,3,peru,0.5,0.5,1,1.5,1.5,2.0,2.0,6
Comerciantes U.,3,0,3,0,4,4,0,3,peru,0.0,1.0,0,1.0,1.33,0.0,1.0,6
A. Huanuco,3,0,2,1,4,5,-1,2,peru,0.0,0.67,-1,0.67,1.33,0.0,1.49,7
Cusco,2,0,1,1,1,2,-1,1,peru,0.0,0.5,-1,0.5,0.5,0.0,2.0,8
Cajamarca,2,0,1,1,0,4,-4,1,peru,0.0,0.5,-4,0.5,0.0,0.0,2.0,8
Kaya FC,8,7,0,1,27,7,20,21,philippines,0.88,0.88,20,2.62,3.38,1.14,1.14,1
Manila Digger,8,6,0,2,19,4,15,18,philippines,0.75,0.75,15,2.25,2.38,1.33,1.33,2
DH Cebu,8,5,1,2,15,5,10,16,philippines,0.62,0.75,10,2.0,1.88,1.61,1.33,3
One Taguig,8,3,1,4,16,7,9,10,philippines,0.38,0.5,9,1.25,2.0,2.63,2.0,4
Stallion,8,2,1,5,14,15,-1,7,philippines,0.25,0.38,-1,0.88,1.75,4.0,2.63,5
PFF Development,6,2,1,3,9,17,-8,7,philippines,0.33,0.5,-8,1.17,1.5,3.03,2.0,5
Loyola,7,1,2,4,7,14,-7,5,philippines,0.14,0.43,-7,0.71,1.0,7.14,2.33,6
Davao Aguilas,8,0,3,5,5,11,-6,3,philippines,0.0,0.38,-6,0.38,0.62,0.0,2.63,7
Maharlika,8,0,2,6,6,24,-18,2,philippines,0.0,0.25,-18,0.25,0.75,0.0,4.0,8
Mendiola,8,0,1,7,6,41,-35,1,philippines,0.0,0.12,-35,0.12,0.75,0.0,8.33,9
Jagiellonia,8,5,3,0,19,7,12,18,poland,0.62,1.0,12,2.25,2.38,1.61,1.0,1
Lech Poznan,8,6,0,2,20,9,11,18,poland,0.75,0.75,11,2.25,2.5,1.33,1.33,1
Legia Warsaw,8,5,3,0,16,7,9,18,poland,0.62,1.0,9,2.25,2.0,1.61,1.0,1
Motor Lublin,8,5,2,1,21,14,7,17,poland,0.62,0.88,7,2.12,2.62,1.61,1.14,2
Katowice,8,5,2,1,10,4,6,17,poland,0.62,0.88,6,2.12,1.25,1.61,1.14,2
Rakow C.,8,5,2,1,13,8,5,17,poland,0.62,0.88,5,2.12,1.62,1.61,1.14,2
Gornik Zabrze,8,5,1,2,14,8,6,16,poland,0.62,0.75,6,2.0,1.75,1.61,1.33,3
Pogon Szczecin,8,5,1,2,13,8,5,16,poland,0.62,0.75,5,2.0,1.62,1.61,1.33,3
Radomiak Radom,8,3,4,1,12,8,4,13,poland,0.38,0.88,4,1.62,1.5,2.63,1.14,4
Stal Mielec,8,3,2,3,12,13,-1,11,poland,0.38,0.62,-1,1.38,1.5,2.63,1.61,5
Korona Kielce,8,3,2,3,8,10,-2,11,poland,0.38,0.62,-2,1.38,1.0,2.63,1.61,5
Cracovia Krakow,8,2,4,2,17,13,4,10,poland,0.25,0.75,4,1.25,2.12,4.0,1.33,6
Puszcza Niepolo,8,3,1,4,9,13,-4,10,poland,0.38,0.5,-4,1.25,1.12,2.63,2.0,6
Widzew Lodz,8,3,1,4,8,12,-4,10,poland,0.38,0.5,-4,1.25,1.0,2.63,2.0,6
Lechia Gdansk,8,3,0,5,5,11,-6,9,poland,0.38,0.38,-6,1.12,0.62,2.63,2.63,7
Slask Wroclaw,8,2,2,4,9,9,0,8,poland,0.25,0.5,0,1.0,1.12,4.0,2.0,8
Piast Gliwice,8,1,4,3,8,13,-5,7,poland,0.12,0.62,-5,0.88,1.0,8.33,1.61,9
Zaglebie Lubin,8,2,1,5,8,13,-5,7,poland,0.25,0.38,-5,0.88,1.0,4.0,2.63,9
Arka Gdynia,8,6,2,0,17,5,12,20,poland2,0.75,1.0,12,2.5,2.12,1.33,1.0,1
Polonia Warszaw,8,6,1,1,14,7,7,19,poland2,0.75,0.88,7,2.38,1.75,1.33,1.14,2
Wisla Plock,8,4,3,1,17,8,9,15,poland2,0.5,0.88,9,1.88,2.12,2.0,1.14,3
T. Nieciecza,8,4,3,1,15,10,5,15,poland2,0.5,0.88,5,1.88,1.88,2.0,1.14,3
Wisla Krakow,8,4,3,1,9,5,4,15,poland2,0.5,0.88,4,1.88,1.12,2.0,1.14,3
Ruch Chorzow,8,4,2,2,16,9,7,14,poland2,0.5,0.75,7,1.75,2.0,2.0,1.33,4
Tychy,8,3,3,2,11,7,4,12,poland2,0.38,0.75,4,1.5,1.38,2.63,1.33,5
Miedz Legnica,8,3,3,2,16,14,2,12,poland2,0.38,0.75,2,1.5,2.0,2.63,1.33,5
Chrobry Glogow,8,3,3,2,9,9,0,12,poland2,0.38,0.75,0,1.5,1.12,2.63,1.33,5
Gornik Leczna,8,3,2,3,10,9,1,11,poland2,0.38,0.62,1,1.38,1.25,2.63,1.61,6
Stal Rzeszow,8,3,1,4,12,15,-3,10,poland2,0.38,0.5,-3,1.25,1.5,2.63,2.0,7
Znicz Pruszkow,8,2,3,3,10,11,-1,9,poland2,0.25,0.62,-1,1.12,1.25,4.0,1.61,8
Stalowa Wola,8,1,5,2,9,13,-4,8,poland2,0.12,0.75,-4,1.0,1.12,8.33,1.33,9
K. Kolobrzeg,8,1,4,3,4,9,-5,7,poland2,0.12,0.62,-5,0.88,0.5,8.33,1.61,10
Pogon Siedlce,8,1,3,4,8,14,-6,6,poland2,0.12,0.5,-6,0.75,1.0,8.33,2.0,11
Warta Poznan,8,2,0,6,6,13,-7,6,poland2,0.25,0.25,-7,0.75,0.75,4.0,4.0,11
Odra Opole,8,1,3,4,6,18,-12,6,poland2,0.12,0.5,-12,0.75,0.75,8.33,2.0,11
LKS Lodz,8,1,2,5,4,8,-4,5,poland2,0.12,0.38,-4,0.62,0.5,8.33,2.63,12
Wieczysta K.,8,7,1,0,17,4,13,22,poland3,0.88,1.0,13,2.75,2.12,1.14,1.0,1
Polonia Bytom,8,7,0,1,19,5,14,21,poland3,0.88,0.88,14,2.62,2.38,1.14,1.14,2
Chojniczanka,8,5,2,1,15,6,9,17,poland3,0.62,0.88,9,2.12,1.88,1.61,1.14,3
Pogon Grodzisk,8,5,2,1,14,8,6,17,poland3,0.62,0.88,6,2.12,1.75,1.61,1.14,3
Swit Skolwin,8,5,1,2,17,13,4,16,poland3,0.62,0.75,4,2.0,2.12,1.61,1.33,4
SKRA Czestochow,8,5,1,2,9,5,4,16,poland3,0.62,0.75,4,2.0,1.12,1.61,1.33,4
Hutnik Krakow,8,5,1,2,12,11,1,16,poland3,0.62,0.75,1,2.0,1.5,1.61,1.33,4
Zaglebie L. B,8,4,1,3,16,10,6,13,poland3,0.5,0.62,6,1.62,2.0,2.0,1.61,5
Z. Sosnowiec,8,4,1,3,14,15,-1,13,poland3,0.5,0.62,-1,1.62,1.75,2.0,1.61,5
Podbeskidzie,8,4,1,3,7,9,-2,13,poland3,0.5,0.62,-2,1.62,0.88,2.0,1.61,5
Kalisz,8,3,2,3,13,11,2,11,poland3,0.38,0.62,2,1.38,1.62,2.63,1.61,6
Resovia Rzeszow,8,2,2,4,12,14,-2,8,poland3,0.25,0.5,-2,1.0,1.5,4.0,2.0,7
LKS Lodz B,8,2,2,4,9,12,-3,8,poland3,0.25,0.5,-3,1.0,1.12,4.0,2.0,7
Olimpia Elblag,8,2,2,4,7,11,-4,8,poland3,0.25,0.5,-4,1.0,0.88,4.0,2.0,7
O. Grudziadz,8,2,2,4,9,14,-5,8,poland3,0.25,0.5,-5,1.0,1.12,4.0,2.0,7
Wisla Pulawy,8,2,1,5,6,14,-8,7,poland3,0.25,0.38,-8,0.88,0.75,4.0,2.63,8
Jastrzebie,8,1,3,4,5,9,-4,6,poland3,0.12,0.5,-4,0.75,0.62,8.33,2.0,9
Rekord Bielsko,8,0,5,3,6,10,-4,5,poland3,0.0,0.62,-4,0.62,0.75,0.0,1.61,10
Benfica,8,7,0,1,22,5,17,21,portugal,0.88,0.88,17,2.62,2.75,1.14,1.14,1
Sporting CP,8,6,1,1,17,8,9,19,portugal,0.75,0.88,9,2.38,2.12,1.33,1.14,2
FC Porto,8,5,3,0,17,3,14,18,portugal,0.62,1.0,14,2.25,2.12,1.61,1.0,3
Sporting Braga,8,5,2,1,15,8,7,17,portugal,0.62,0.88,7,2.12,1.88,1.61,1.14,4
Casa Pia,8,5,2,1,13,8,5,17,portugal,0.62,0.88,5,2.12,1.62,1.61,1.14,4
Guimaraes,8,4,4,0,17,8,9,16,portugal,0.5,1.0,9,2.0,2.12,2.0,1.0,5
Nacional,8,5,1,2,14,9,5,16,portugal,0.62,0.75,5,2.0,1.75,1.61,1.33,5
Estoril,8,4,2,2,12,11,1,14,portugal,0.5,0.75,1,1.75,1.5,2.0,1.33,6
Famalicao,8,3,3,2,10,6,4,12,portugal,0.38,0.75,4,1.5,1.25,2.63,1.33,7
Rio Ave,8,3,3,2,14,15,-1,12,portugal,0.38,0.75,-1,1.5,1.75,2.63,1.33,7
Santa Clara,8,3,2,3,7,8,-1,11,portugal,0.38,0.62,-1,1.38,0.88,2.63,1.61,8
Moreirense,8,2,4,2,9,11,-2,10,portugal,0.25,0.75,-2,1.25,1.12,4.0,1.33,9
Arouca,8,2,4,2,7,9,-2,10,portugal,0.25,0.75,-2,1.25,0.88,4.0,1.33,9
Gil Vicente,8,2,2,4,7,11,-4,8,portugal,0.25,0.5,-4,1.0,0.88,4.0,2.0,10
Estrela Amadora,8,2,2,4,8,13,-5,8,portugal,0.25,0.5,-5,1.0,1.0,4.0,2.0,10
AVS,8,1,3,4,8,11,-3,6,portugal,0.12,0.5,-3,0.75,1.0,8.33,2.0,11
Boavista,8,1,2,5,6,12,-6,5,portugal,0.12,0.38,-6,0.62,0.75,8.33,2.63,12
Farense,8,1,1,6,4,10,-6,4,portugal,0.12,0.25,-6,0.5,0.5,8.33,4.0,13
Vizela,8,7,1,0,17,6,11,22,portugal2,0.88,1.0,11,2.75,2.12,1.14,1.0,1
Alverca,8,6,2,0,21,7,14,20,portugal2,0.75,1.0,14,2.5,2.62,1.33,1.0,2
Tondela,8,5,2,1,12,8,4,17,portugal2,0.62,0.88,4,2.12,1.5,1.61,1.14,3
Feirense,8,5,1,2,12,6,6,16,portugal2,0.62,0.75,6,2.0,1.5,1.61,1.33,4
Academico Viseu,8,4,4,0,10,5,5,16,portugal2,0.5,1.0,5,2.0,1.25,2.0,1.0,4
Uniao de Leiria,8,4,3,1,8,4,4,15,portugal2,0.5,0.88,4,1.88,1.0,2.0,1.14,5
Chaves,8,4,2,2,15,7,8,14,portugal2,0.5,0.75,8,1.75,1.88,2.0,1.33,6
Benfica B,8,4,2,2,10,8,2,14,portugal2,0.5,0.75,2,1.75,1.25,2.0,1.33,6
Felgueiras,8,4,2,2,9,7,2,14,portugal2,0.5,0.75,2,1.75,1.12,2.0,1.33,6
Portimonense,8,4,1,3,12,10,2,13,portugal2,0.5,0.62,2,1.62,1.5,2.0,1.61,7
Penafiel,8,3,3,2,13,9,4,12,portugal2,0.38,0.75,4,1.5,1.62,2.63,1.33,8
FC Porto B,8,3,2,3,11,11,0,11,portugal2,0.38,0.62,0,1.38,1.38,2.63,1.61,9
Torreense,8,3,1,4,11,12,-1,10,portugal2,0.38,0.5,-1,1.25,1.38,2.63,2.0,10
Pacos Ferreira,8,3,1,4,10,11,-1,10,portugal2,0.38,0.5,-1,1.25,1.25,2.63,2.0,10
Leixoes,8,1,4,3,7,9,-2,7,portugal2,0.12,0.62,-2,0.88,0.88,8.33,1.61,11
Maritimo,8,1,4,3,8,11,-3,7,portugal2,0.12,0.62,-3,0.88,1.0,8.33,1.61,11
Mafra,8,1,4,3,5,9,-4,7,portugal2,0.12,0.62,-4,0.88,0.62,8.33,1.61,11
Oliveirense,8,1,2,5,8,17,-9,5,portugal2,0.12,0.38,-9,0.62,1.0,8.33,2.63,12
Al Duhail,8,6,1,1,20,8,12,19,qatar,0.75,0.88,12,2.38,2.5,1.33,1.14,1
Al Sadd,8,6,0,2,17,9,8,18,qatar,0.75,0.75,8,2.25,2.12,1.33,1.33,2
Al Gharafa,8,6,0,2,18,12,6,18,qatar,0.75,0.75,6,2.25,2.25,1.33,1.33,2
Al Arabi,8,5,0,3,15,16,-1,15,qatar,0.62,0.62,-1,1.88,1.88,1.61,1.61,3
Al Shahaniya,8,5,0,3,13,15,-2,15,qatar,0.62,0.62,-2,1.88,1.62,1.61,1.61,3
Al Shamal,8,4,0,4,19,15,4,12,qatar,0.5,0.5,4,1.5,2.38,2.0,2.0,4
Al Rayyan,8,3,3,2,16,12,4,12,qatar,0.38,0.75,4,1.5,2.0,2.63,1.33,4
Al Ahli Doha,8,3,3,2,15,14,1,12,qatar,0.38,0.75,1,1.5,1.88,2.63,1.33,4
Al Wakrah,8,3,1,4,11,16,-5,10,qatar,0.38,0.5,-5,1.25,1.38,2.63,2.0,5
Qatar SC,8,2,2,4,9,13,-4,8,qatar,0.25,0.5,-4,1.0,1.12,4.0,2.0,6
Umm Salal,8,1,2,5,9,17,-8,5,qatar,0.12,0.38,-8,0.62,1.12,8.33,2.63,7
Al Khor,8,1,0,7,12,19,-7,3,qatar,0.12,0.12,-7,0.38,1.5,8.33,8.33,8
CFR Cluj,8,6,2,0,21,8,13,20,romania,0.75,1.0,13,2.5,2.62,1.33,1.0,1
Rapid Bucharest,8,6,2,0,11,3,8,20,romania,0.75,1.0,8,2.5,1.38,1.33,1.0,1
Univ. Craiova,8,6,1,1,14,7,7,19,romania,0.75,0.88,7,2.38,1.75,1.33,1.14,2
FCSB,8,5,3,0,13,4,9,18,romania,0.62,1.0,9,2.25,1.62,1.61,1.0,3
U. Cluj,8,5,1,2,16,11,5,16,romania,0.62,0.75,5,2.0,2.0,1.61,1.33,4
Sepsi OSK,8,4,3,1,11,5,6,15,romania,0.5,0.88,6,1.88,1.38,2.0,1.14,5
Hermannstadt,8,4,3,1,7,5,2,15,romania,0.5,0.88,2,1.88,0.88,2.0,1.14,5
Petrolul,8,4,2,2,10,6,4,14,romania,0.5,0.75,4,1.75,1.25,2.0,1.33,6
Din. Bucharest,8,3,4,1,7,4,3,13,romania,0.38,0.88,3,1.62,0.88,2.63,1.14,7
Farul Constanta,8,3,3,2,10,10,0,12,romania,0.38,0.75,0,1.5,1.25,2.63,1.33,8
Botosani,8,1,6,1,7,7,0,9,romania,0.12,0.88,0,1.12,0.88,8.33,1.14,9
P. Iasi,8,2,2,4,7,11,-4,8,romania,0.25,0.5,-4,1.0,0.88,4.0,2.0,10
FC Buzau,8,2,1,5,6,9,-3,7,romania,0.25,0.38,-3,0.88,0.75,4.0,2.63,11
Otelul,8,1,3,4,7,12,-5,6,romania,0.12,0.5,-5,0.75,0.88,8.33,2.0,12
UTA Arad,8,2,0,6,9,15,-6,6,romania,0.25,0.25,-6,0.75,1.12,4.0,4.0,12
Unirea Slobozia,8,1,2,5,6,11,-5,5,romania,0.12,0.38,-5,0.62,0.75,8.33,2.63,13
Spartak Moscow,8,6,1,1,21,8,13,19,russia,0.75,0.88,13,2.38,2.62,1.33,1.14,1
FC Krasnodar,8,5,2,1,18,4,14,17,russia,0.62,0.88,14,2.12,2.25,1.61,1.14,2
Dinamo Moscow,8,5,1,2,22,9,13,16,russia,0.62,0.75,13,2.0,2.75,1.61,1.33,3
Lokomotiv M.,8,5,1,2,11,10,1,16,russia,0.62,0.75,1,2.0,1.38,1.61,1.33,3
Zenit,8,4,2,2,14,8,6,14,russia,0.5,0.75,6,1.75,1.75,2.0,1.33,4
Rubin Kazan,8,4,2,2,10,9,1,14,russia,0.5,0.75,1,1.75,1.25,2.0,1.33,4
Khimki,8,3,3,2,11,9,2,12,russia,0.38,0.75,2,1.5,1.38,2.63,1.33,5
Rostov,8,3,2,3,13,9,4,11,russia,0.38,0.62,4,1.38,1.62,2.63,1.61,6
CSKA Moscow,8,3,2,3,9,7,2,11,russia,0.38,0.62,2,1.38,1.12,2.63,1.61,6
Krylya Sovetov,8,3,1,4,12,10,2,10,russia,0.38,0.5,2,1.25,1.5,2.63,2.0,7
Akron,8,3,1,4,12,16,-4,10,russia,0.38,0.5,-4,1.25,1.5,2.63,2.0,7
Makhachkala,8,2,3,3,10,8,2,9,russia,0.25,0.62,2,1.12,1.25,4.0,1.61,8
Akhmat Grozny,8,2,3,3,8,10,-2,9,russia,0.25,0.62,-2,1.12,1.0,4.0,1.61,8
Fakel Voronezh,8,1,5,2,4,6,-2,8,russia,0.12,0.75,-2,1.0,0.5,8.33,1.33,9
Nizhny Novgorod,8,2,2,4,5,13,-8,8,russia,0.25,0.5,-8,1.0,0.62,4.0,2.0,9
Orenburg,8,1,2,5,10,15,-5,5,russia,0.12,0.38,-5,0.62,1.25,8.33,2.63,10
Yenisey,8,6,2,0,11,0,11,20,russia2,0.75,1.0,11,2.5,1.38,1.33,1.0,1
PFC Sochi,8,6,1,1,18,6,12,19,russia2,0.75,0.88,12,2.38,2.25,1.33,1.14,2
Torpedo Moscow,8,5,3,0,15,3,12,18,russia2,0.62,1.0,12,2.25,1.88,1.61,1.0,3
Baltika,8,5,3,0,13,2,11,18,russia2,0.62,1.0,11,2.25,1.62,1.61,1.0,3
Kamaz,8,6,0,2,15,7,8,18,russia2,0.75,0.75,8,2.25,1.88,1.33,1.33,3
SKA Khabarovsk,8,5,2,1,17,8,9,17,russia2,0.62,0.88,9,2.12,2.12,1.61,1.14,4
Ural,8,4,4,0,12,7,5,16,russia2,0.5,1.0,5,2.0,1.5,2.0,1.0,5
Chernomorets,8,4,3,1,10,4,6,15,russia2,0.5,0.88,6,1.88,1.25,2.0,1.14,6
Rotor Volgograd,8,2,5,1,7,6,1,11,russia2,0.25,0.88,1,1.38,0.88,4.0,1.14,7
Arsenal Tula,8,2,4,2,5,5,0,10,russia2,0.25,0.75,0,1.25,0.62,4.0,1.33,8
Ufa,8,3,1,4,9,15,-6,10,russia2,0.38,0.5,-6,1.25,1.12,2.63,2.0,8
Rodina Moskva,8,2,3,3,9,8,1,9,russia2,0.25,0.62,1,1.12,1.12,4.0,1.61,9
Neftekhimik,8,2,3,3,6,7,-1,9,russia2,0.25,0.62,-1,1.12,0.75,4.0,1.61,9
Shinnik,8,2,3,3,6,8,-2,9,russia2,0.25,0.62,-2,1.12,0.75,4.0,1.61,9
Chayka,8,1,5,2,7,7,0,8,russia2,0.12,0.75,0,1.0,0.88,8.33,1.33,10
A. Vladikavkaz,8,2,2,4,7,10,-3,8,russia2,0.25,0.5,-3,1.0,0.88,4.0,2.0,10
Sokol Saratov,8,1,2,5,4,9,-5,5,russia2,0.12,0.38,-5,0.62,0.5,8.33,2.63,11
Tyumen,8,1,1,6,7,14,-7,4,russia2,0.12,0.25,-7,0.5,0.88,8.33,4.0,12
Al Ittihad,8,7,1,0,21,9,12,22,saudiarabia,0.88,1.0,12,2.75,2.62,1.14,1.0,1
Al Hilal,8,6,1,1,31,9,22,19,saudiarabia,0.75,0.88,22,2.38,3.88,1.33,1.14,2
Al Ahli Jeddah,8,6,1,1,21,8,13,19,saudiarabia,0.75,0.88,13,2.38,2.62,1.33,1.14,2
Al Quadisiya,8,6,1,1,11,5,6,19,saudiarabia,0.75,0.88,6,2.38,1.38,1.33,1.14,2
Al Kholood,8,6,0,2,11,10,1,18,saudiarabia,0.75,0.75,1,2.25,1.38,1.33,1.33,3
Al Shabab,8,5,1,2,22,10,12,16,saudiarabia,0.62,0.75,12,2.0,2.75,1.61,1.33,4
Al Nassr,8,5,1,2,19,10,9,16,saudiarabia,0.62,0.75,9,2.0,2.38,1.61,1.33,4
Al Riyadh,8,3,3,2,6,6,0,12,saudiarabia,0.38,0.75,0,1.5,0.75,2.63,1.33,5
Damak,8,3,2,3,10,13,-3,11,saudiarabia,0.38,0.62,-3,1.38,1.25,2.63,1.61,6
Al Fateh,8,3,1,4,11,11,0,10,saudiarabia,0.38,0.5,0,1.25,1.38,2.63,2.0,7
Al Taawon,8,2,3,3,10,11,-1,9,saudiarabia,0.25,0.62,-1,1.12,1.25,4.0,1.61,8
Al Orubah,8,3,0,5,9,15,-6,9,saudiarabia,0.38,0.38,-6,1.12,1.12,2.63,2.63,8
Al Khaleej,8,2,2,4,10,12,-2,8,saudiarabia,0.25,0.5,-2,1.0,1.25,4.0,2.0,9
Al Feiha,8,1,4,3,2,5,-3,7,saudiarabia,0.12,0.62,-3,0.88,0.25,8.33,1.61,10
Al Wahda,8,2,1,5,11,18,-7,7,saudiarabia,0.25,0.38,-7,0.88,1.38,4.0,2.63,10
Al Ittifaq,8,2,0,6,8,16,-8,6,saudiarabia,0.25,0.25,-8,0.75,1.0,4.0,4.0,11
Al Akhdoud,8,1,2,5,7,13,-6,5,saudiarabia,0.12,0.38,-6,0.62,0.88,8.33,2.63,12
Al Raed,8,1,1,6,6,13,-7,4,saudiarabia,0.12,0.25,-7,0.5,0.75,8.33,4.0,13
Al Najma,8,5,3,0,15,5,10,18,saudiarabia2,0.62,1.0,10,2.25,1.88,1.61,1.0,1
Al Batin,8,5,2,1,10,4,6,17,saudiarabia2,0.62,0.88,6,2.12,1.25,1.61,1.14,2
Al Jabalain,8,5,2,1,12,8,4,17,saudiarabia2,0.62,0.88,4,2.12,1.5,1.61,1.14,2
Neom SC,8,4,4,0,19,10,9,16,saudiarabia2,0.5,1.0,9,2.0,2.38,2.0,1.0,3
Al Hazm,8,5,1,2,17,10,7,16,saudiarabia2,0.62,0.75,7,2.0,2.12,1.61,1.33,3
Abha,8,3,4,1,11,7,4,13,saudiarabia2,0.38,0.88,4,1.62,1.38,2.63,1.14,4
Al Zulfi,8,4,1,3,11,8,3,13,saudiarabia2,0.5,0.62,3,1.62,1.38,2.0,1.61,4
Al Jandal,8,4,1,3,10,7,3,13,saudiarabia2,0.5,0.62,3,1.62,1.25,2.0,1.61,4
Al Adalha,8,3,3,2,17,13,4,12,saudiarabia2,0.38,0.75,4,1.5,2.12,2.63,1.33,5
Al Ain,8,3,3,2,10,10,0,12,saudiarabia2,0.38,0.75,0,1.5,1.25,2.63,1.33,5
Al Bukayriyah,8,3,2,3,12,7,5,11,saudiarabia2,0.38,0.62,5,1.38,1.5,2.63,1.61,6
Al Arabi,8,3,2,3,15,13,2,11,saudiarabia2,0.38,0.62,2,1.38,1.88,2.63,1.61,6
Al Jubail,8,2,5,1,11,10,1,11,saudiarabia2,0.25,0.88,1,1.38,1.38,4.0,1.14,6
Al Tai,8,3,2,3,7,9,-2,11,saudiarabia2,0.38,0.62,-2,1.38,0.88,2.63,1.61,6
Jeddah,8,2,4,2,6,7,-1,10,saudiarabia2,0.25,0.75,-1,1.25,0.75,4.0,1.33,7
Al Safa,8,3,1,4,9,11,-2,10,saudiarabia2,0.38,0.5,-2,1.25,1.12,2.63,2.0,7
Al Faisaly,8,1,2,5,6,11,-5,5,saudiarabia2,0.12,0.38,-5,0.62,0.75,8.33,2.63,8
Ohod,8,1,1,6,9,16,-7,4,saudiarabia2,0.12,0.25,-7,0.5,1.12,8.33,4.0,9
Hibernian,8,7,1,0,19,7,12,22,scotland,0.88,1.0,12,2.75,2.38,1.14,1.0,1
Celtic,8,7,0,1,28,4,24,21,scotland,0.88,0.88,24,2.62,3.5,1.14,1.14,2
Rangers,8,6,0,2,21,5,16,18,scotland,0.75,0.75,16,2.25,2.62,1.33,1.33,3
Hearts,8,6,0,2,15,9,6,18,scotland,0.75,0.75,6,2.25,1.88,1.33,1.33,3
Kilmarnock,8,4,2,2,13,7,6,14,scotland,0.5,0.75,6,1.75,1.62,2.0,1.33,4
Motherwell,8,3,3,2,14,15,-1,12,scotland,0.38,0.75,-1,1.5,1.75,2.63,1.33,5
Aberdeen,8,2,3,3,10,12,-2,9,scotland,0.25,0.62,-2,1.12,1.25,4.0,1.61,6
St. Johnstone,8,2,2,4,9,12,-3,8,scotland,0.25,0.5,-3,1.0,1.12,4.0,2.0,7
Ross County,8,2,2,4,9,14,-5,8,scotland,0.25,0.5,-5,1.0,1.12,4.0,2.0,7
Dundee Utd,8,2,2,4,7,12,-5,8,scotland,0.25,0.5,-5,1.0,0.88,4.0,2.0,7
St. Mirren,8,2,1,5,10,12,-2,7,scotland,0.25,0.38,-2,0.88,1.25,4.0,2.63,8
Dundee FC,8,0,3,5,10,22,-12,3,scotland,0.0,0.38,-12,0.38,1.25,0.0,2.63,9
Ayr Utd,8,5,2,1,19,7,12,17,scotland2,0.62,0.88,12,2.12,2.38,1.61,1.14,1
Falkirk,8,5,2,1,15,6,9,17,scotland2,0.62,0.88,9,2.12,1.88,1.61,1.14,1
Livingston,8,5,2,1,11,4,7,17,scotland2,0.62,0.88,7,2.12,1.38,1.61,1.14,1
Raith Rovers,8,5,0,3,13,10,3,15,scotland2,0.62,0.62,3,1.88,1.62,1.61,1.61,2
Greenock Morton,8,4,2,2,13,11,2,14,scotland2,0.5,0.75,2,1.75,1.62,2.0,1.33,3
Dunfermline,8,4,2,2,12,10,2,14,scotland2,0.5,0.75,2,1.75,1.5,2.0,1.33,3
Partick Thistle,8,3,4,1,10,9,1,13,scotland2,0.38,0.88,1,1.62,1.25,2.63,1.14,4
Airdrieonians,8,4,1,3,11,13,-2,13,scotland2,0.5,0.62,-2,1.62,1.38,2.0,1.61,4
Hamilton,8,2,1,5,7,16,-9,7,scotland2,0.25,0.38,-9,0.88,0.88,4.0,2.63,5
Queens Park,8,2,0,6,9,15,-6,6,scotland2,0.25,0.25,-6,0.75,1.12,4.0,4.0,6
Arbroath,8,6,1,1,16,6,10,19,scotland3,0.75,0.88,10,2.38,2.0,1.33,1.14,1
Cove Rangers,8,5,3,0,13,5,8,18,scotland3,0.62,1.0,8,2.25,1.62,1.61,1.0,2
Queen of South,8,5,1,2,15,11,4,16,scotland3,0.62,0.75,4,2.0,1.88,1.61,1.33,3
Stenhousemuir,8,3,2,3,11,10,1,11,scotland3,0.38,0.62,1,1.38,1.38,2.63,1.61,4
Inverness,8,3,2,3,10,10,0,11,scotland3,0.38,0.62,0,1.38,1.25,2.63,1.61,4
Kelty Hearts,8,2,3,3,7,11,-4,9,scotland3,0.25,0.62,-4,1.12,0.88,4.0,1.61,5
Annan Athletic,8,2,2,4,10,18,-8,8,scotland3,0.25,0.5,-8,1.0,1.25,4.0,2.0,6
Alloa Athletic,8,2,1,5,12,15,-3,7,scotland3,0.25,0.38,-3,0.88,1.5,4.0,2.63,7
Montrose,8,1,3,4,10,16,-6,6,scotland3,0.12,0.5,-6,0.75,1.25,8.33,2.0,8
Dumbarton,8,1,2,5,8,15,-7,5,scotland3,0.12,0.38,-7,0.62,1.0,8.33,2.63,9
Peterhead,8,6,2,0,15,6,9,20,scotland4,0.75,1.0,9,2.5,1.88,1.33,1.0,1
East Fife,8,5,2,1,18,8,10,17,scotland4,0.62,0.88,10,2.12,2.25,1.61,1.14,2
Stirling Albion,8,5,1,2,15,9,6,16,scotland4,0.62,0.75,6,2.0,1.88,1.61,1.33,3
Edinburgh City,8,5,0,3,19,11,8,15,scotland4,0.62,0.62,8,1.88,2.38,1.61,1.61,4
Elgin City,8,5,0,3,13,7,6,15,scotland4,0.62,0.62,6,1.88,1.62,1.61,1.61,4
Spartans,8,4,2,2,10,7,3,14,scotland4,0.5,0.75,3,1.75,1.25,2.0,1.33,5
Clyde,8,4,1,3,10,7,3,13,scotland4,0.5,0.62,3,1.62,1.25,2.0,1.61,6
Stranraer,8,3,1,4,8,7,1,10,scotland4,0.38,0.5,1,1.25,1.0,2.63,2.0,7
Bonnyrigg Rose,8,2,2,4,11,13,-2,8,scotland4,0.25,0.5,-2,1.0,1.38,4.0,2.0,8
Forfar Athletic,8,0,4,4,4,9,-5,4,scotland4,0.0,0.5,-5,0.5,0.5,0.0,2.0,9
Red Star,8,7,1,0,32,7,25,22,serbia,0.88,1.0,25,2.75,4.0,1.14,1.0,1
Partizan,8,5,3,0,18,7,11,18,serbia,0.62,1.0,11,2.25,2.25,1.61,1.0,2
Radnicki 1923,8,6,0,2,14,6,8,18,serbia,0.75,0.75,8,2.25,1.75,1.33,1.33,2
Napredak,8,4,2,2,10,11,-1,14,serbia,0.5,0.75,-1,1.75,1.25,2.0,1.33,3
OFK Beograd,8,3,3,2,12,8,4,12,serbia,0.38,0.75,4,1.5,1.5,2.63,1.33,4
IMT N. Beograd,8,3,3,2,11,8,3,12,serbia,0.38,0.75,3,1.5,1.38,2.63,1.33,4
Mladost Lucani,8,3,3,2,9,8,1,12,serbia,0.38,0.75,1,1.5,1.12,2.63,1.33,4
Novi Pazar,8,4,0,4,16,21,-5,12,serbia,0.5,0.5,-5,1.5,2.0,2.0,2.0,4
S. Subotica,8,2,4,2,4,5,-1,10,serbia,0.25,0.75,-1,1.25,0.5,4.0,1.33,5
Z. Pancevo,8,2,3,3,13,8,5,9,serbia,0.25,0.62,5,1.12,1.62,4.0,1.61,6
Backa Topola,8,3,0,5,14,15,-1,9,serbia,0.38,0.38,-1,1.12,1.75,2.63,2.63,6
Vojvodina,8,2,2,4,8,12,-4,8,serbia,0.25,0.5,-4,1.0,1.0,4.0,2.0,7
Cukaricki,8,1,4,3,5,6,-1,7,serbia,0.12,0.62,-1,0.88,0.62,8.33,1.61,8
Jedinstvo U.,8,2,1,5,8,12,-4,7,serbia,0.25,0.38,-4,0.88,1.0,4.0,2.63,8
Tekstilac Odzac,8,2,0,6,6,13,-7,6,serbia,0.25,0.25,-7,0.75,0.75,4.0,4.0,9
Radnicki Nis,8,1,1,6,9,18,-9,4,serbia,0.12,0.25,-9,0.5,1.12,8.33,4.0,10
R. Surdulica,8,8,0,0,20,1,19,24,serbia2,1.0,1.0,19,3.0,2.5,1.0,1.0,1
Macva Sabac,8,5,2,1,8,2,6,17,serbia2,0.62,0.88,6,2.12,1.0,1.61,1.14,2
Javor Ivanjica,8,5,1,2,11,8,3,16,serbia2,0.62,0.75,3,2.0,1.38,1.61,1.33,3
Sloven Ruma,8,4,3,1,11,5,6,15,serbia2,0.5,0.88,6,1.88,1.38,2.0,1.14,4
Mladost,8,4,3,1,9,8,1,15,serbia2,0.5,0.88,1,1.88,1.12,2.0,1.14,4
Borac Cacak,8,4,2,2,13,8,5,14,serbia2,0.5,0.75,5,1.75,1.62,2.0,1.33,5
Vozdovac,8,2,6,0,5,2,3,12,serbia2,0.25,1.0,3,1.5,0.62,4.0,1.0,6
Vrsac,8,3,2,3,9,5,4,11,serbia2,0.38,0.62,4,1.38,1.12,2.63,1.61,7
Graficar,8,2,5,1,10,8,2,11,serbia2,0.25,0.88,2,1.38,1.25,4.0,1.14,7
Smederevo,8,2,5,1,5,4,1,11,serbia2,0.25,0.88,1,1.38,0.62,4.0,1.14,7
Dubocica,8,3,2,3,15,15,0,11,serbia2,0.38,0.62,0,1.38,1.88,2.63,1.61,7
Zemun,8,2,4,2,9,8,1,10,serbia2,0.25,0.75,1,1.25,1.12,4.0,1.33,8
Trajal Krusevac,8,2,4,2,7,6,1,10,serbia2,0.25,0.75,1,1.25,0.88,4.0,1.33,8
S. Mitrovica,8,2,4,2,5,6,-1,10,serbia2,0.25,0.75,-1,1.25,0.62,4.0,1.33,8
Indija,8,1,2,5,9,12,-3,5,serbia2,0.12,0.38,-3,0.62,1.12,8.33,2.63,9
Sloboda Uzice,8,1,2,5,4,10,-6,5,serbia2,0.12,0.38,-6,0.62,0.5,8.33,2.63,9
Lion City,8,7,1,0,29,6,23,22,singapore,0.88,1.0,23,2.75,3.62,1.14,1.0,1
A. Niigata (S),8,5,1,2,18,12,6,16,singapore,0.62,0.75,6,2.0,2.25,1.61,1.33,2
Hougang,8,3,4,1,23,12,11,13,singapore,0.38,0.88,11,1.62,2.88,2.63,1.14,3
Tampines Rovers,8,3,3,2,19,14,5,12,singapore,0.38,0.75,5,1.5,2.38,2.63,1.33,4
Geylang,8,3,0,5,20,15,5,9,singapore,0.38,0.38,5,1.12,2.5,2.63,2.63,5
DPMM FC,8,2,2,4,12,18,-6,8,singapore,0.25,0.5,-6,1.0,1.5,4.0,2.0,6
Khalsa,8,2,1,5,18,24,-6,7,singapore,0.25,0.38,-6,0.88,2.25,4.0,2.63,7
Tanjong Pagar,8,2,0,6,9,27,-18,6,singapore,0.25,0.25,-18,0.75,1.12,4.0,4.0,8
Young Lions,8,0,3,5,9,28,-19,3,singapore,0.0,0.38,-19,0.38,1.12,0.0,2.63,9
Z. Michalovce,8,5,3,0,15,9,6,18,slovakia,0.62,1.0,6,2.25,1.88,1.61,1.0,1
S. Bratislava,8,5,2,1,19,7,12,17,slovakia,0.62,0.88,12,2.12,2.38,1.61,1.14,2
Zilina,8,4,3,1,13,8,5,15,slovakia,0.5,0.88,5,1.88,1.62,2.0,1.14,3
Spartak Trnava,8,4,3,1,14,10,4,15,slovakia,0.5,0.88,4,1.88,1.75,2.0,1.14,3
DAC Streda,8,4,2,2,16,9,7,14,slovakia,0.5,0.75,7,1.75,2.0,2.0,1.33,4
Skalica,8,4,2,2,9,5,4,14,slovakia,0.5,0.75,4,1.75,1.12,2.0,1.33,4
FC Kosice,8,3,4,1,15,10,5,13,slovakia,0.38,0.88,5,1.62,1.88,2.63,1.14,5
Trencin,8,3,3,2,11,11,0,12,slovakia,0.38,0.75,0,1.5,1.38,2.63,1.33,6
Komarno,8,3,2,3,8,6,2,11,slovakia,0.38,0.62,2,1.38,1.0,2.63,1.61,7
Ruzomberok,8,3,1,4,9,15,-6,10,slovakia,0.38,0.5,-6,1.25,1.12,2.63,2.0,8
Banska Bystrica,8,3,0,5,13,15,-2,9,slovakia,0.38,0.38,-2,1.12,1.62,2.63,2.63,9
Podbrezova,8,2,3,3,7,11,-4,9,slovakia,0.25,0.62,-4,1.12,0.88,4.0,1.61,9
Presov,8,7,1,0,18,3,15,22,slovakia2,0.88,1.0,15,2.75,2.25,1.14,1.0,1
P. Bystrica,8,6,1,1,21,12,9,19,slovakia2,0.75,0.88,9,2.38,2.62,1.33,1.14,2
Zlate Moravce,8,5,1,2,15,5,10,16,slovakia2,0.62,0.75,10,2.0,1.88,1.61,1.33,3
Malzenice,8,5,1,2,13,6,7,16,slovakia2,0.62,0.75,7,2.0,1.62,1.61,1.33,3
L. Mikulas,8,5,1,2,13,7,6,16,slovakia2,0.62,0.75,6,2.0,1.62,1.61,1.33,3
Pohronie,8,5,1,2,16,11,5,16,slovakia2,0.62,0.75,5,2.0,2.0,1.61,1.33,3
S. Bratislava B,8,5,0,3,12,9,3,15,slovakia2,0.62,0.62,3,1.88,1.5,1.61,1.61,4
Samorin,8,5,0,3,11,8,3,15,slovakia2,0.62,0.62,3,1.88,1.38,1.61,1.61,4
Puchov,8,4,2,2,15,8,7,14,slovakia2,0.5,0.75,7,1.75,1.88,2.0,1.33,5
Zilina B,8,4,2,2,11,7,4,14,slovakia2,0.5,0.75,4,1.75,1.38,2.0,1.33,5
Petrzalka,8,4,1,3,11,6,5,13,slovakia2,0.5,0.62,5,1.62,1.38,2.0,1.61,6
S. Lubovna,8,2,5,1,12,9,3,11,slovakia2,0.25,0.88,3,1.38,1.5,4.0,1.14,7
Humenne,8,2,2,4,6,8,-2,8,slovakia2,0.25,0.5,-2,1.0,0.75,4.0,2.0,8
Zvolen,8,2,2,4,9,12,-3,8,slovakia2,0.25,0.5,-3,1.0,1.12,4.0,2.0,8
NK Olimpija,8,7,1,0,20,1,19,22,slovenia,0.88,1.0,19,2.75,2.5,1.14,1.0,1
Maribor,8,6,0,2,17,8,9,18,slovenia,0.75,0.75,9,2.25,2.12,1.33,1.33,2
Koper,8,4,2,2,14,9,5,14,slovenia,0.5,0.75,5,1.75,1.75,2.0,1.33,3
Bravo,8,3,4,1,12,9,3,13,slovenia,0.38,0.88,3,1.62,1.5,2.63,1.14,4
Primorje,8,3,3,2,9,8,1,12,slovenia,0.38,0.75,1,1.5,1.12,2.63,1.33,5
NK Celje,8,3,2,3,20,13,7,11,slovenia,0.38,0.62,7,1.38,2.5,2.63,1.61,6
Mura,8,2,4,2,8,7,1,10,slovenia,0.25,0.75,1,1.25,1.0,4.0,1.33,7
Radomlje,8,3,1,4,11,16,-5,10,slovenia,0.38,0.5,-5,1.25,1.38,2.63,2.0,7
Nafta,8,2,3,3,8,9,-1,9,slovenia,0.25,0.62,-1,1.12,1.0,4.0,1.61,8
Domzale,8,2,1,5,10,14,-4,7,slovenia,0.25,0.38,-4,0.88,1.25,4.0,2.63,9
Mamelodi S.,8,8,0,0,23,2,21,24,southafrica,1.0,1.0,21,3.0,2.88,1.0,1.0,1
Orlando Pirates,8,7,0,1,18,5,13,21,southafrica,0.88,0.88,13,2.62,2.25,1.14,1.14,2
TS Galaxy,8,5,1,2,12,6,6,16,southafrica,0.62,0.75,6,2.0,1.5,1.61,1.33,3
Magesi,8,5,0,3,8,7,1,15,southafrica,0.62,0.62,1,1.88,1.0,1.61,1.61,4
Polokwane,8,4,2,2,9,5,4,14,southafrica,0.5,0.75,4,1.75,1.12,2.0,1.33,5
Richards Bay,8,4,2,2,8,5,3,14,southafrica,0.5,0.75,3,1.75,1.0,2.0,1.33,5
Kaizer Chiefs,8,4,2,2,8,8,0,14,southafrica,0.5,0.75,0,1.75,1.0,2.0,1.33,5
AmaZulu,8,4,1,3,10,10,0,13,southafrica,0.5,0.62,0,1.62,1.25,2.0,1.61,6
Chippa Utd,8,3,2,3,8,6,2,11,southafrica,0.38,0.62,2,1.38,1.0,2.63,1.61,7
Marumo G.,8,3,2,3,8,7,1,11,southafrica,0.38,0.62,1,1.38,1.0,2.63,1.61,7
Cape Town City,8,3,2,3,6,7,-1,11,southafrica,0.38,0.62,-1,1.38,0.75,2.63,1.61,7
Golden Arrows,8,2,4,2,7,7,0,10,southafrica,0.25,0.75,0,1.25,0.88,4.0,1.33,8
Sekhukhune,8,3,1,4,12,14,-2,10,southafrica,0.38,0.5,-2,1.25,1.5,2.63,2.0,8
Stellenbosch,8,1,5,2,6,7,-1,8,southafrica,0.12,0.75,-1,1.0,0.75,8.33,1.33,9
SuperSport Utd,8,1,3,4,2,9,-7,6,southafrica,0.12,0.5,-7,0.75,0.25,8.33,2.0,10
Royal AM,6,1,2,3,6,8,-2,5,southafrica,0.17,0.5,-2,0.83,1.0,5.88,2.0,11
Kruger United,8,6,2,0,11,2,9,20,southafrica2,0.75,1.0,9,2.5,1.38,1.33,1.0,1
Durban City,8,6,1,1,15,5,10,19,southafrica2,0.75,0.88,10,2.38,1.88,1.33,1.14,2
Highbury,8,5,2,1,11,3,8,17,southafrica2,0.62,0.88,8,2.12,1.38,1.61,1.14,3
JDR Stars,8,4,4,0,11,7,4,16,southafrica2,0.5,1.0,4,2.0,1.38,2.0,1.0,4
Milford,8,5,0,3,10,6,4,15,southafrica2,0.62,0.62,4,1.88,1.25,1.61,1.61,5
Pretoria U.,8,4,3,1,14,11,3,15,southafrica2,0.5,0.88,3,1.88,1.75,2.0,1.14,5
Venda FC,8,4,2,2,14,7,7,14,southafrica2,0.5,0.75,7,1.75,1.75,2.0,1.33,6
Hungry Lions,8,4,2,2,14,8,6,14,southafrica2,0.5,0.75,6,1.75,1.75,2.0,1.33,6
Black Leopards,8,3,5,0,12,7,5,14,southafrica2,0.38,1.0,5,1.75,1.5,2.63,1.0,6
Baroka,8,4,2,2,17,13,4,14,southafrica2,0.5,0.75,4,1.75,2.12,2.0,1.33,6
Casric Stars,8,4,2,2,12,8,4,14,southafrica2,0.5,0.75,4,1.75,1.5,2.0,1.33,6
Pretoria C.,8,4,0,4,11,14,-3,12,southafrica2,0.5,0.5,-3,1.5,1.38,2.0,2.0,7
Orbit College,8,2,5,1,9,5,4,11,southafrica2,0.25,0.88,4,1.38,1.12,4.0,1.14,8
Cape Town Spurs,8,2,4,2,9,9,0,10,southafrica2,0.25,0.75,0,1.25,1.12,4.0,1.33,9
Leruma United,8,2,3,3,5,8,-3,9,southafrica2,0.25,0.62,-3,1.12,0.62,4.0,1.61,10
Upington City,8,0,3,5,7,14,-7,3,southafrica2,0.0,0.38,-7,0.38,0.88,0.0,2.63,11
Seoul,3,2,1,0,5,3,2,7,southkorea,0.67,1.0,2,2.33,1.67,1.49,1.0,1
Ulsan,3,2,0,1,3,1,2,6,southkorea,0.67,0.67,2,2.0,1.0,1.49,1.49,2
Daegu,4,2,0,2,6,5,1,6,southkorea,0.5,0.5,1,1.5,1.5,2.0,2.0,2
Jeju Utd,4,2,0,2,6,6,0,6,southkorea,0.5,0.5,0,1.5,1.5,2.0,2.0,2
Jeonbuk Motors,4,1,2,1,6,6,0,5,southkorea,0.25,0.75,0,1.25,1.5,4.0,1.33,3
Gimcheon Sangmu,2,1,1,0,1,0,1,4,southkorea,0.5,1.0,1,2.0,0.5,2.0,1.0,4
Gwangju,3,1,1,1,4,4,0,4,southkorea,0.33,0.67,0,1.33,1.33,3.03,1.49,4
Gangwon,3,1,1,1,2,2,0,4,southkorea,0.33,0.67,0,1.33,0.67,3.03,1.49,4
Daejeon Citizen,3,1,1,1,2,3,-1,4,southkorea,0.33,0.67,-1,1.33,0.67,3.03,1.49,4
Pohang Steelers,3,1,1,1,1,3,-2,4,southkorea,0.33,0.67,-2,1.33,0.33,3.03,1.49,4
Suwon City,2,0,2,0,1,1,0,2,southkorea,0.0,1.0,0,1.0,0.5,0.0,1.0,5
Anyang,2,0,0,2,1,4,-3,0,southkorea,0.0,0.0,-3,0.0,0.5,0.0,0.0,6
Incheon Utd,4,3,1,0,6,1,5,10,southkorea2,0.75,1.0,5,2.5,1.5,1.33,1.0,1
Seoul E-Land,4,3,1,0,10,6,4,10,southkorea2,0.75,1.0,4,2.5,2.5,1.33,1.0,1
Seongnam,3,2,1,0,5,2,3,7,southkorea2,0.67,1.0,3,2.33,1.67,1.49,1.0,2
Bucheon FC,3,2,0,1,6,4,2,6,southkorea2,0.67,0.67,2,2.0,2.0,1.49,1.49,3
Hwaseong,3,1,2,0,4,3,1,5,southkorea2,0.33,1.0,1,1.67,1.33,3.03,1.0,4
Gyeongnam,2,1,1,0,5,2,3,4,southkorea2,0.5,1.0,3,2.0,2.5,2.0,1.0,5
Suwon Bluewings,2,1,1,0,2,1,1,4,southkorea2,0.5,1.0,1,2.0,1.0,2.0,1.0,5
Busan IPark,3,1,1,1,2,2,0,4,southkorea2,0.33,0.67,0,1.33,0.67,3.03,1.49,5
Cheonan City,4,1,0,3,2,6,-4,3,southkorea2,0.25,0.25,-4,0.75,0.5,4.0,4.0,6
Asan,1,0,1,0,1,1,0,1,southkorea2,0.0,1.0,0,1.0,1.0,0.0,1.0,7
Gimpo,2,0,1,1,2,3,-1,1,southkorea2,0.0,0.5,-1,0.5,1.0,0.0,2.0,7
Ansan Greeners,4,0,1,3,3,7,-4,1,southkorea2,0.0,0.25,-4,0.25,0.75,0.0,4.0,7
Cheongju,0,0,0,0,0,0,0,0,southkorea2,0.0,0.0,0,0.0,0.0,0.0,0.0,8
Jeonnam,0,0,0,0,0,0,0,0,southkorea2,0.0,0.0,0,0.0,0.0,0.0,0.0,8
Real Madrid,8,7,1,0,22,7,15,22,spain,0.88,1.0,15,2.75,2.75,1.14,1.0,1
Celta Vigo,8,6,1,1,14,7,7,19,spain,0.75,0.88,7,2.38,1.75,1.33,1.14,2
FC Barcelona,8,6,0,2,21,5,16,18,spain,0.75,0.75,16,2.25,2.62,1.33,1.33,3
Athletic Bilbao,8,5,3,0,16,3,13,18,spain,0.62,1.0,13,2.25,2.0,1.61,1.0,3
Atletico Madrid,8,5,2,1,13,9,4,17,spain,0.62,0.88,4,2.12,1.62,1.61,1.14,4
Real Sociedad,8,5,1,2,10,6,4,16,spain,0.62,0.75,4,2.0,1.25,1.61,1.33,5
Valencia,8,5,1,2,11,9,2,16,spain,0.62,0.75,2,2.0,1.38,1.61,1.33,5
Real Betis,8,4,3,1,14,10,4,15,spain,0.5,0.88,4,1.88,1.75,2.0,1.14,6
Mallorca,8,4,2,2,12,12,0,14,spain,0.5,0.75,0,1.75,1.5,2.0,1.33,7
Villarreal,8,3,3,2,18,9,9,12,spain,0.38,0.75,9,1.5,2.25,2.63,1.33,8
Espanyol,8,2,6,0,8,6,2,12,spain,0.25,1.0,2,1.5,1.0,4.0,1.0,8
Rayo Vallecano,8,3,3,2,12,11,1,12,spain,0.38,0.75,1,1.5,1.5,2.63,1.33,8
Girona,8,3,2,3,14,12,2,11,spain,0.38,0.62,2,1.38,1.75,2.63,1.61,9
Getafe,8,3,2,3,8,7,1,11,spain,0.38,0.62,1,1.38,1.0,2.63,1.61,9
Sevilla FC,8,2,4,2,7,9,-2,10,spain,0.25,0.75,-2,1.25,0.88,4.0,1.33,10
Osasuna,8,1,5,2,13,14,-1,8,spain,0.12,0.75,-1,1.0,1.62,8.33,1.33,11
Las Palmas,8,2,2,4,10,13,-3,8,spain,0.25,0.5,-3,1.0,1.25,4.0,2.0,11
Valladolid,8,2,2,4,4,15,-11,8,spain,0.25,0.5,-11,1.0,0.5,4.0,2.0,11
Leganes,8,2,1,5,9,18,-9,7,spain,0.25,0.38,-9,0.88,1.12,4.0,2.63,12
Alaves,8,1,3,4,4,8,-4,6,spain,0.12,0.5,-4,0.75,0.5,8.33,2.0,13
Elche,8,8,0,0,17,3,14,24,spain2,1.0,1.0,14,3.0,2.12,1.0,1.0,1
Mirandes,8,7,1,0,18,6,12,22,spain2,0.88,1.0,12,2.75,2.25,1.14,1.0,2
Huesca,8,6,1,1,16,7,9,19,spain2,0.75,0.88,9,2.38,2.0,1.33,1.14,3
Granada,8,5,3,0,16,4,12,18,spain2,0.62,1.0,12,2.25,2.0,1.61,1.0,4
Albacete,8,5,2,1,14,7,7,17,spain2,0.62,0.88,7,2.12,1.75,1.61,1.14,5
Racing,8,5,1,2,18,8,10,16,spain2,0.62,0.75,10,2.0,2.25,1.61,1.33,6
Tenerife,8,5,1,2,13,7,6,16,spain2,0.62,0.75,6,2.0,1.62,1.61,1.33,6
Burgos,8,5,1,2,9,5,4,16,spain2,0.62,0.75,4,2.0,1.12,1.61,1.33,6
Levante,8,4,3,1,13,7,6,15,spain2,0.5,0.88,6,1.88,1.62,2.0,1.14,7
Cadiz,8,4,3,1,13,8,5,15,spain2,0.5,0.88,5,1.88,1.62,2.0,1.14,7
Eibar,8,4,3,1,10,7,3,15,spain2,0.5,0.88,3,1.88,1.25,2.0,1.14,7
Almeria,8,3,5,0,11,6,5,14,spain2,0.38,1.0,5,1.75,1.38,2.63,1.0,8
Castellon,8,4,1,3,13,9,4,13,spain2,0.5,0.62,4,1.62,1.62,2.0,1.61,9
Malaga,8,3,3,2,10,7,3,12,spain2,0.38,0.75,3,1.5,1.25,2.63,1.33,10
Real Oviedo,8,3,3,2,9,8,1,12,spain2,0.38,0.75,1,1.5,1.12,2.63,1.33,10
Cordoba,8,3,1,4,14,11,3,10,spain2,0.38,0.5,3,1.25,1.75,2.63,2.0,11
Deportivo,8,2,4,2,13,12,1,10,spain2,0.25,0.75,1,1.25,1.62,4.0,1.33,11
Real Zaragoza,8,1,4,3,9,12,-3,7,spain2,0.12,0.62,-3,0.88,1.12,8.33,1.61,12
Sporting Gijon,8,1,4,3,7,11,-4,7,spain2,0.12,0.62,-4,0.88,0.88,8.33,1.61,12
Eldense,8,1,3,4,7,14,-7,6,spain2,0.12,0.5,-7,0.75,0.88,8.33,2.0,13
Cartagena,8,1,2,5,3,8,-5,5,spain2,0.12,0.38,-5,0.62,0.38,8.33,2.63,14
Racing Ferrol,8,0,2,6,3,15,-12,2,spain2,0.0,0.25,-12,0.25,0.38,0.0,4.0,15
Ourense CF,8,6,2,0,10,4,6,20,spain3,0.75,1.0,6,2.5,1.25,1.33,1.0,1
Unionistas,8,5,3,0,11,5,6,18,spain3,0.62,1.0,6,2.25,1.38,1.61,1.0,2
FC Andorra,8,5,2,1,16,6,10,17,spain3,0.62,0.88,10,2.12,2.0,1.61,1.14,3
Zamora,8,5,2,1,10,5,5,17,spain3,0.62,0.88,5,2.12,1.25,1.61,1.14,3
Gimnastic T.,8,5,1,2,18,9,9,16,spain3,0.62,0.75,9,2.0,2.25,1.61,1.33,4
Amorebieta,8,4,4,0,15,7,8,16,spain3,0.5,1.0,8,2.0,1.88,2.0,1.0,4
Ponferradina,8,5,0,3,12,4,8,15,spain3,0.62,0.62,8,1.88,1.5,1.61,1.61,5
Celta Vigo B,8,4,2,2,12,7,5,14,spain3,0.5,0.75,5,1.75,1.5,2.0,1.33,6
Real Union,8,4,1,3,13,7,6,13,spain3,0.5,0.62,6,1.62,1.62,2.0,1.61,7
Barakaldo,8,4,1,3,14,11,3,13,spain3,0.5,0.62,3,1.62,1.75,2.0,1.61,7
Real Sociedad B,8,3,3,2,13,9,4,12,spain3,0.38,0.75,4,1.5,1.62,2.63,1.33,8
Leonesa,8,3,3,2,14,13,1,12,spain3,0.38,0.75,1,1.5,1.75,2.63,1.33,8
Athletic B. B,8,3,3,2,11,10,1,12,spain3,0.38,0.75,1,1.5,1.38,2.63,1.33,8
Sestao River,8,3,3,2,7,6,1,12,spain3,0.38,0.75,1,1.5,0.88,2.63,1.33,8
Lugo,8,4,0,4,12,13,-1,12,spain3,0.5,0.5,-1,1.5,1.5,2.0,2.0,8
Arenteiro,8,3,2,3,13,9,4,11,spain3,0.38,0.62,4,1.38,1.62,2.63,1.61,9
Tarazona,8,2,4,2,6,6,0,10,spain3,0.25,0.75,0,1.25,0.75,4.0,1.33,10
FC Barcelona B,8,1,4,3,11,15,-4,7,spain3,0.12,0.62,-4,0.88,1.38,8.33,1.61,11
Osasuna B,8,1,4,3,9,14,-5,7,spain3,0.12,0.62,-5,0.88,1.12,8.33,1.61,11
Gimnastica,8,1,3,4,7,12,-5,6,spain3,0.12,0.5,-5,0.75,0.88,8.33,2.0,12
Merida,8,7,0,1,17,12,5,21,spain4,0.88,0.88,5,2.62,2.12,1.14,1.14,1
Ceuta,8,6,2,0,18,7,11,20,spain4,0.75,1.0,11,2.5,2.25,1.33,1.0,2
Real Madrid B,8,5,3,0,16,4,12,18,spain4,0.62,1.0,12,2.25,2.0,1.61,1.0,3
Hercules,8,5,2,1,15,8,7,17,spain4,0.62,0.88,7,2.12,1.88,1.61,1.14,4
Atletico M. B,8,5,2,1,10,6,4,17,spain4,0.62,0.88,4,2.12,1.25,1.61,1.14,4
Sevilla FC B,8,5,1,2,7,2,5,16,spain4,0.62,0.75,5,2.0,0.88,1.61,1.33,5
Alcorcon,8,4,2,2,10,6,4,14,spain4,0.5,0.75,4,1.75,1.25,2.0,1.33,6
UD Ibiza,8,4,1,3,15,11,4,13,spain4,0.5,0.62,4,1.62,1.88,2.0,1.61,7
Real Murcia,8,4,1,3,10,7,3,13,spain4,0.5,0.62,3,1.62,1.25,2.0,1.61,7
Algeciras,8,3,4,1,6,6,0,13,spain4,0.38,0.88,0,1.62,0.75,2.63,1.14,7
Fuenlabrada,8,3,3,2,10,7,3,12,spain4,0.38,0.75,3,1.5,1.25,2.63,1.33,8
Sanluqueno,8,3,3,2,9,7,2,12,spain4,0.38,0.75,2,1.5,1.12,2.63,1.33,8
Antequera,8,3,3,2,12,12,0,12,spain4,0.38,0.75,0,1.5,1.5,2.63,1.33,8
Recreativo H.,8,2,4,2,8,10,-2,10,spain4,0.25,0.75,-2,1.25,1.0,4.0,1.33,9
Villarreal B,8,2,3,3,10,7,3,9,spain4,0.25,0.62,3,1.12,1.25,4.0,1.61,10
Intercity,8,1,5,2,11,11,0,8,spain4,0.12,0.75,0,1.0,1.38,8.33,1.33,11
Yeclano,8,1,5,2,7,7,0,8,spain4,0.12,0.75,0,1.0,0.88,8.33,1.33,11
Alcoyano,8,1,4,3,5,8,-3,7,spain4,0.12,0.62,-3,0.88,0.62,8.33,1.61,12
Real Betis B,8,2,1,5,7,16,-9,7,spain4,0.25,0.38,-9,0.88,0.88,4.0,2.63,12
Marbella,8,1,2,5,10,19,-9,5,spain4,0.12,0.38,-9,0.62,1.25,8.33,2.63,13
Pontevedra,8,8,0,0,16,4,12,24,spain5,1.0,1.0,12,3.0,2.0,1.0,1.0,1
Marino de L.,8,6,1,1,13,3,10,19,spain5,0.75,0.88,10,2.38,1.62,1.33,1.14,2
Numancia,8,5,3,0,15,6,9,18,spain5,0.62,1.0,9,2.25,1.88,1.61,1.0,3
Real Aviles,8,5,2,1,13,7,6,17,spain5,0.62,0.88,6,2.12,1.62,1.61,1.14,4
Coruxo,8,4,2,2,12,6,6,14,spain5,0.5,0.75,6,1.75,1.5,2.0,1.33,5
Bergantinos,8,4,2,2,15,12,3,14,spain5,0.5,0.75,3,1.75,1.88,2.0,1.33,5
Valladolid B,8,3,4,1,11,5,6,13,spain5,0.38,0.88,6,1.62,1.38,2.63,1.14,6
Langreo,8,4,1,3,10,10,0,13,spain5,0.5,0.62,0,1.62,1.25,2.0,1.61,6
D. Fabril,8,3,3,2,8,4,4,12,spain5,0.38,0.75,4,1.5,1.0,2.63,1.33,7
Llanera,8,3,3,2,10,9,1,12,spain5,0.38,0.75,1,1.5,1.25,2.63,1.33,7
Guijuelo,8,3,3,2,8,7,1,12,spain5,0.38,0.75,1,1.5,1.0,2.63,1.33,7
Real Avila,8,3,2,3,9,6,3,11,spain5,0.38,0.62,3,1.38,1.12,2.63,1.61,8
Escobedo,8,2,5,1,5,4,1,11,spain5,0.25,0.88,1,1.38,0.62,4.0,1.14,8
Torrelavega,8,2,4,2,6,3,3,10,spain5,0.25,0.75,3,1.25,0.75,4.0,1.33,9
Rayo Cantabria,8,2,4,2,9,9,0,10,spain5,0.25,0.75,0,1.25,1.12,4.0,1.33,9
Salamanca CF,8,2,3,3,9,10,-1,9,spain5,0.25,0.62,-1,1.12,1.12,4.0,1.61,10
Compostela,8,2,3,3,10,13,-3,9,spain5,0.25,0.62,-3,1.12,1.25,4.0,1.61,10
Laredo,8,2,3,3,7,11,-4,9,spain5,0.25,0.62,-4,1.12,0.88,4.0,1.61,10
Teruel,8,7,0,1,14,3,11,21,spain6,0.88,0.88,11,2.62,1.75,1.14,1.14,1
Ejea,8,5,2,1,9,3,6,17,spain6,0.62,0.88,6,2.12,1.12,1.61,1.14,2
Calahorra,8,5,1,2,10,7,3,16,spain6,0.62,0.75,3,2.0,1.25,1.61,1.33,3
Barbastro,8,4,3,1,12,5,7,15,spain6,0.5,0.88,7,1.88,1.5,2.0,1.14,4
UD Logrones,8,3,5,0,13,3,10,14,spain6,0.38,1.0,10,1.75,1.62,2.63,1.0,5
SD Logrones,8,4,2,2,12,5,7,14,spain6,0.5,0.75,7,1.75,1.5,2.0,1.33,5
Utebo,8,4,2,2,13,9,4,14,spain6,0.5,0.75,4,1.75,1.62,2.0,1.33,5
Eibar B,8,4,2,2,10,6,4,14,spain6,0.5,0.75,4,1.75,1.25,2.0,1.33,5
Arenas Club,8,4,2,2,10,7,3,14,spain6,0.5,0.75,3,1.75,1.25,2.0,1.33,5
Real Sociedad C,8,4,1,3,14,10,4,13,spain6,0.5,0.62,4,1.62,1.75,2.0,1.61,6
Alfaro,8,3,4,1,5,2,3,13,spain6,0.38,0.88,3,1.62,0.62,2.63,1.14,6
Gernika,8,3,3,2,10,12,-2,12,spain6,0.38,0.75,-2,1.5,1.25,2.63,1.33,7
Subiza,8,2,2,4,8,13,-5,8,spain6,0.25,0.5,-5,1.0,1.0,4.0,2.0,8
Alaves B,8,2,1,5,5,8,-3,7,spain6,0.25,0.38,-3,0.88,0.62,4.0,2.63,9
Anguiano,8,2,1,5,9,15,-6,7,spain6,0.25,0.38,-6,0.88,1.12,4.0,2.63,9
Real Zaragoza B,8,2,1,5,8,14,-6,7,spain6,0.25,0.38,-6,0.88,1.0,4.0,2.63,9
Tudelano,8,1,1,6,6,12,-6,4,spain6,0.12,0.25,-6,0.5,0.75,8.33,4.0,10
Izarra,8,0,3,5,4,12,-8,3,spain6,0.0,0.38,-8,0.38,0.5,0.0,2.63,11
Espanyol B,8,6,1,1,16,8,8,19,spain7,0.75,0.88,8,2.38,2.0,1.33,1.14,1
Europa,8,6,1,1,15,10,5,19,spain7,0.75,0.88,5,2.38,1.88,1.33,1.14,1
Valencia B,8,5,1,2,15,8,7,16,spain7,0.62,0.75,7,2.0,1.88,1.61,1.33,2
Sant Andreu,8,4,2,2,17,5,12,14,spain7,0.5,0.75,12,1.75,2.12,2.0,1.33,3
SD Ibiza,8,4,2,2,12,8,4,14,spain7,0.5,0.75,4,1.75,1.5,2.0,1.33,3
A. Baleares,8,3,4,1,12,6,6,13,spain7,0.38,0.88,6,1.62,1.5,2.63,1.14,4
Elche B,8,4,1,3,13,9,4,13,spain7,0.5,0.62,4,1.62,1.62,2.0,1.61,4
Cornella,8,3,4,1,14,11,3,13,spain7,0.38,0.88,3,1.62,1.75,2.63,1.14,4
Andratx,8,4,1,3,7,9,-2,13,spain7,0.5,0.62,-2,1.62,0.88,2.0,1.61,4
Olot,8,3,3,2,9,7,2,12,spain7,0.38,0.75,2,1.5,1.12,2.63,1.33,5
Torrent,8,3,2,3,7,6,1,11,spain7,0.38,0.62,1,1.38,0.88,2.63,1.61,6
Sabadell,8,2,4,2,11,8,3,10,spain7,0.25,0.75,3,1.25,1.38,4.0,1.33,7
Terrassa,8,2,3,3,5,6,-1,9,spain7,0.25,0.62,-1,1.12,0.62,4.0,1.61,8
Lleida,8,1,5,2,8,9,-1,8,spain7,0.12,0.75,-1,1.0,1.0,8.33,1.33,9
Pena Deportiva,8,1,4,3,7,9,-2,7,spain7,0.12,0.62,-2,0.88,0.88,8.33,1.61,10
Mallorca B,8,1,2,5,6,12,-6,5,spain7,0.12,0.38,-6,0.62,0.75,8.33,2.63,11
Alzira,8,1,1,6,5,13,-8,4,spain7,0.12,0.25,-8,0.5,0.62,8.33,4.0,12
Badalona,8,0,2,6,4,13,-9,2,spain7,0.0,0.25,-9,0.25,0.5,0.0,4.0,13
Torremolinos,8,6,1,1,12,6,6,19,spain8,0.75,0.88,6,2.38,1.5,1.33,1.14,1
La Union,8,6,1,1,10,4,6,19,spain8,0.75,0.88,6,2.38,1.25,1.33,1.14,1
Orihuela,8,5,2,1,8,2,6,17,spain8,0.62,0.88,6,2.12,1.0,1.61,1.14,2
Linares,8,5,1,2,12,6,6,16,spain8,0.62,0.75,6,2.0,1.5,1.61,1.33,3
Aguilas CF,8,4,4,0,8,4,4,16,spain8,0.5,1.0,4,2.0,1.0,2.0,1.0,3
CD Estepona,8,4,3,1,13,6,7,15,spain8,0.5,0.88,7,1.88,1.62,2.0,1.14,4
Almeria B,8,5,0,3,10,8,2,15,spain8,0.62,0.62,2,1.88,1.25,1.61,1.61,4
UCAM Murcia,8,4,2,2,9,3,6,14,spain8,0.5,0.75,6,1.75,1.12,2.0,1.33,5
San Fernando,8,4,2,2,11,7,4,14,spain8,0.5,0.75,4,1.75,1.38,2.0,1.33,5
Xerez CD,8,4,2,2,8,5,3,14,spain8,0.5,0.75,3,1.75,1.0,2.0,1.33,5
Xerez D. FC,8,4,1,3,7,6,1,13,spain8,0.5,0.62,1,1.62,0.88,2.0,1.61,6
Antoniano,8,3,3,2,6,7,-1,12,spain8,0.38,0.75,-1,1.5,0.75,2.63,1.33,7
Villanovense,8,3,2,3,9,10,-1,11,spain8,0.38,0.62,-1,1.38,1.12,2.63,1.61,8
Cadiz B,8,2,3,3,6,8,-2,9,spain8,0.25,0.62,-2,1.12,0.75,4.0,1.61,9
Linense,8,2,2,4,8,10,-2,8,spain8,0.25,0.5,-2,1.0,1.0,4.0,2.0,10
D. Minera,8,1,4,3,7,8,-1,7,spain8,0.12,0.62,-1,0.88,0.88,8.33,1.61,11
Granada B,8,0,3,5,5,12,-7,3,spain8,0.0,0.38,-7,0.38,0.62,0.0,2.63,12
Don Benito,8,0,3,5,2,9,-7,3,spain8,0.0,0.38,-7,0.38,0.25,0.0,2.63,12
Guadalajara,8,7,1,0,14,1,13,22,spain9,0.88,1.0,13,2.75,1.75,1.14,1.0,1
Navalcarnero,8,6,0,2,15,9,6,18,spain9,0.75,0.75,6,2.25,1.88,1.33,1.33,2
Cacereno,8,5,2,1,13,7,6,17,spain9,0.62,0.88,6,2.12,1.62,1.61,1.14,3
CD Coria,8,5,2,1,14,10,4,17,spain9,0.62,0.88,4,2.12,1.75,1.61,1.14,3
Conquense,8,5,1,2,14,7,7,16,spain9,0.62,0.75,7,2.0,1.75,1.61,1.33,4
Talavera CF,8,4,2,2,14,6,8,14,spain9,0.5,0.75,8,1.75,1.75,2.0,1.33,5
Tenerife B,8,4,2,2,14,12,2,14,spain9,0.5,0.75,2,1.75,1.75,2.0,1.33,5
S. Sebastian R.,8,4,2,2,11,9,2,14,spain9,0.5,0.75,2,1.75,1.38,2.0,1.33,5
Melilla,8,3,4,1,12,8,4,13,spain9,0.38,0.88,4,1.62,1.5,2.63,1.14,6
Real Madrid C,8,3,3,2,11,7,4,12,spain9,0.38,0.75,4,1.5,1.38,2.63,1.33,7
R. Majadahonda,8,3,3,2,7,6,1,12,spain9,0.38,0.75,1,1.5,0.88,2.63,1.33,7
Getafe B,8,2,5,1,9,6,3,11,spain9,0.25,0.88,3,1.38,1.12,4.0,1.14,8
Union Adarve,8,2,4,2,6,6,0,10,spain9,0.25,0.75,0,1.25,0.75,4.0,1.33,9
Colonia M.,8,3,1,4,10,16,-6,10,spain9,0.38,0.5,-6,1.25,1.25,2.63,2.0,9
CD Mostoles,8,3,0,5,10,12,-2,9,spain9,0.38,0.38,-2,1.12,1.25,2.63,2.63,10
Illescas,8,3,0,5,7,12,-5,9,spain9,0.38,0.38,-5,1.12,0.88,2.63,2.63,10
Atletico Paso,8,2,2,4,8,11,-3,8,spain9,0.25,0.5,-3,1.0,1.0,4.0,2.0,11
Yaiza,8,1,2,5,3,11,-8,5,spain9,0.12,0.38,-8,0.62,0.38,8.33,2.63,12
Hammarby,1,1,0,0,4,0,4,3,sweden,1.0,1.0,4,3.0,4.0,1.0,1.0,1
Hacken,1,1,0,0,2,0,2,3,sweden,1.0,1.0,2,3.0,2.0,1.0,1.0,1
Norrkoping,1,1,0,0,4,3,1,3,sweden,1.0,1.0,1,3.0,4.0,1.0,1.0,1
Elfsborg,1,0,1,0,2,2,0,1,sweden,0.0,1.0,0,1.0,2.0,0.0,1.0,2
AIK,0,0,0,0,0,0,0,0,sweden,0.0,0.0,0,0.0,0.0,0.0,0.0,3
Brommapojkarna,0,0,0,0,0,0,0,0,sweden,0.0,0.0,0,0.0,0.0,0.0,0.0,3
Degerfors,0,0,0,0,0,0,0,0,sweden,0.0,0.0,0,0.0,0.0,0.0,0.0,3
GAIS,0,0,0,0,0,0,0,0,sweden,0.0,0.0,0,0.0,0.0,0.0,0.0,3
IFK Goteborg,0,0,0,0,0,0,0,0,sweden,0.0,0.0,0,0.0,0.0,0.0,0.0,3
Malmo FF,0,0,0,0,0,0,0,0,sweden,0.0,0.0,0,0.0,0.0,0.0,0.0,3
Mjallby,0,0,0,0,0,0,0,0,sweden,0.0,0.0,0,0.0,0.0,0.0,0.0,3
Oster,0,0,0,0,0,0,0,0,sweden,0.0,0.0,0,0.0,0.0,0.0,0.0,3
Sirius,0,0,0,0,0,0,0,0,sweden,0.0,0.0,0,0.0,0.0,0.0,0.0,3
Varnamo,0,0,0,0,0,0,0,0,sweden,0.0,0.0,0,0.0,0.0,0.0,0.0,3
Djurgarden,1,0,0,1,0,1,-1,0,sweden,0.0,0.0,-1,0.0,0.0,0.0,0.0,3
Halmstad,1,0,0,1,0,5,-5,0,sweden,0.0,0.0,-5,0.0,0.0,0.0,0.0,3
GIF Sundsvall,1,1,0,0,2,0,2,3,sweden2,1.0,1.0,2,3.0,2.0,1.0,1.0,1
Orgryte,1,1,0,0,2,1,1,3,sweden2,1.0,1.0,1,3.0,2.0,1.0,1.0,1
Falkenberg,1,0,1,0,2,2,0,1,sweden2,0.0,1.0,0,1.0,2.0,0.0,1.0,2
Landskrona,1,0,1,0,2,2,0,1,sweden2,0.0,1.0,0,1.0,2.0,0.0,1.0,2
Sandviken,1,0,1,0,0,0,0,1,sweden2,0.0,1.0,0,1.0,0.0,0.0,1.0,2
Brage,0,0,0,0,0,0,0,0,sweden2,0.0,0.0,0,0.0,0.0,0.0,0.0,3
Helsingborg,0,0,0,0,0,0,0,0,sweden2,0.0,0.0,0,0.0,0.0,0.0,0.0,3
Kalmar,0,0,0,0,0,0,0,0,sweden2,0.0,0.0,0,0.0,0.0,0.0,0.0,3
Oddevold,0,0,0,0,0,0,0,0,sweden2,0.0,0.0,0,0.0,0.0,0.0,0.0,3
Orebro,0,0,0,0,0,0,0,0,sweden2,0.0,0.0,0,0.0,0.0,0.0,0.0,3
Ostersunds,0,0,0,0,0,0,0,0,sweden2,0.0,0.0,0,0.0,0.0,0.0,0.0,3
Umea,0,0,0,0,0,0,0,0,sweden2,0.0,0.0,0,0.0,0.0,0.0,0.0,3
Utsikten,0,0,0,0,0,0,0,0,sweden2,0.0,0.0,0,0.0,0.0,0.0,0.0,3
Varberg BoIS,0,0,0,0,0,0,0,0,sweden2,0.0,0.0,0,0.0,0.0,0.0,0.0,3
Vasteras,0,0,0,0,0,0,0,0,sweden2,0.0,0.0,0,0.0,0.0,0.0,0.0,3
Trelleborg,1,0,0,1,0,1,-1,0,sweden2,0.0,0.0,-1,0.0,0.0,0.0,0.0,3
BSC Young Boys,8,7,1,0,21,4,17,22,switzerland,0.88,1.0,17,2.75,2.62,1.14,1.0,1
Luzern,8,5,2,1,15,10,5,17,switzerland,0.62,0.88,5,2.12,1.88,1.61,1.14,2
FC Basel,8,4,2,2,14,8,6,14,switzerland,0.5,0.75,6,1.75,1.75,2.0,1.33,3
Sion,8,4,2,2,15,12,3,14,switzerland,0.5,0.75,3,1.75,1.88,2.0,1.33,3
Servette,8,3,4,1,14,9,5,13,switzerland,0.38,0.88,5,1.62,1.75,2.63,1.14,4
St. Gallen,8,3,4,1,12,10,2,13,switzerland,0.38,0.88,2,1.62,1.5,2.63,1.14,4
Lausanne Sport,8,3,2,3,12,10,2,11,switzerland,0.38,0.62,2,1.38,1.5,2.63,1.61,5
Yverdon,8,3,2,3,9,9,0,11,switzerland,0.38,0.62,0,1.38,1.12,2.63,1.61,5
Lugano,8,3,2,3,11,15,-4,11,switzerland,0.38,0.62,-4,1.38,1.38,2.63,1.61,5
FC Zurich,8,3,1,4,9,12,-3,10,switzerland,0.38,0.5,-3,1.25,1.12,2.63,2.0,6
Winterthur,8,3,0,5,12,14,-2,9,switzerland,0.38,0.38,-2,1.12,1.5,2.63,2.63,7
Grasshopper,8,1,5,2,8,9,-1,8,switzerland,0.12,0.75,-1,1.0,1.0,8.33,1.33,8
Buriram Utd,8,7,0,1,33,2,31,21,thailand,0.88,0.88,31,2.62,4.12,1.14,1.14,1
Bangkok Utd,8,6,2,0,19,8,11,20,thailand,0.75,1.0,11,2.5,2.38,1.33,1.0,2
Ratchaburi,8,6,2,0,16,5,11,20,thailand,0.75,1.0,11,2.5,2.0,1.33,1.0,2
Chiangrai Utd,8,6,1,1,10,2,8,19,thailand,0.75,0.88,8,2.38,1.25,1.33,1.14,3
Pathum Utd,8,6,0,2,11,5,6,18,thailand,0.75,0.75,6,2.25,1.38,1.33,1.33,4
Prachuap,8,5,2,1,18,7,11,17,thailand,0.62,0.88,11,2.12,2.25,1.61,1.14,5
Sukhothai,8,5,1,2,16,12,4,16,thailand,0.62,0.75,4,2.0,2.0,1.61,1.33,6
Port FC,8,4,3,1,15,10,5,15,thailand,0.5,0.88,5,1.88,1.88,2.0,1.14,7
Muang Thong Utd,8,5,0,3,15,11,4,15,thailand,0.62,0.62,4,1.88,1.88,1.61,1.61,7
Lamphun Warrior,8,4,1,3,10,10,0,13,thailand,0.5,0.62,0,1.62,1.25,2.0,1.61,8
Uthai Thani,8,3,3,2,11,6,5,12,thailand,0.38,0.75,5,1.5,1.38,2.63,1.33,9
N. Bua Pitchaya,8,2,5,1,11,7,4,11,thailand,0.25,0.88,4,1.38,1.38,4.0,1.14,10
Nakhon Pathom,8,3,1,4,10,17,-7,10,thailand,0.38,0.5,-7,1.25,1.25,2.63,2.0,11
Rayong,8,2,3,3,14,17,-3,9,thailand,0.25,0.62,-3,1.12,1.75,4.0,1.61,12
N. Ratchasima,8,2,3,3,14,21,-7,9,thailand,0.25,0.62,-7,1.12,1.75,4.0,1.61,12
Khon Kaen Utd,8,0,3,5,3,10,-7,3,thailand,0.0,0.38,-7,0.38,0.38,0.0,2.63,13
Ayutthaya Utd,8,6,2,0,18,5,13,20,thailand2,0.75,1.0,13,2.5,2.25,1.33,1.0,1
Chonburi,8,6,1,1,21,9,12,19,thailand2,0.75,0.88,12,2.38,2.62,1.33,1.14,2
Kasetsart,8,6,1,1,10,3,7,19,thailand2,0.75,0.88,7,2.38,1.25,1.33,1.14,2
Lampang,8,5,2,1,19,10,9,17,thailand2,0.62,0.88,9,2.12,2.38,1.61,1.14,3
Phrae Utd,8,4,2,2,19,9,10,14,thailand2,0.5,0.75,10,1.75,2.38,2.0,1.33,4
Chainat,8,4,2,2,9,6,3,14,thailand2,0.5,0.75,3,1.75,1.12,2.0,1.33,4
Sisaket Utd,8,4,2,2,8,6,2,14,thailand2,0.5,0.75,2,1.75,1.0,2.0,1.33,4
Suphanburi,8,3,4,1,21,15,6,13,thailand2,0.38,0.88,6,1.62,2.62,2.63,1.14,5
Nakhon Si,8,4,1,3,18,12,6,13,thailand2,0.5,0.62,6,1.62,2.25,2.0,1.61,5
Chanthaburi,8,4,1,3,10,8,2,13,thailand2,0.5,0.62,2,1.62,1.25,2.0,1.61,5
Kanchanaburi,8,3,3,2,13,10,3,12,thailand2,0.38,0.75,3,1.5,1.62,2.63,1.33,6
Police Tero,8,3,3,2,8,6,2,12,thailand2,0.38,0.75,2,1.5,1.0,2.63,1.33,6
Bangkok FC,8,3,3,2,9,10,-1,12,thailand2,0.38,0.75,-1,1.5,1.12,2.63,1.33,6
Trat FC,8,3,2,3,15,12,3,11,thailand2,0.38,0.62,3,1.38,1.88,2.63,1.61,7
Chiangmai Utd,8,3,2,3,13,14,-1,11,thailand2,0.38,0.62,-1,1.38,1.62,2.63,1.61,7
Mahasarakham,8,3,1,4,13,15,-2,10,thailand2,0.38,0.5,-2,1.25,1.62,2.63,2.0,8
Pattaya United,8,2,2,4,4,9,-5,8,thailand2,0.25,0.5,-5,1.0,0.5,4.0,2.0,9
Samut Prakan,0,0,0,0,0,0,0,0,thailand2,0.0,0.0,0,0.0,0.0,0.0,0.0,10
Fenerbahce,8,7,1,0,20,8,12,22,turkey,0.88,1.0,12,2.75,2.5,1.14,1.0,1
Galatasaray,8,6,2,0,19,8,11,20,turkey,0.75,1.0,11,2.5,2.38,1.33,1.0,2
Gaziantep,8,6,1,1,10,3,7,19,turkey,0.75,0.88,7,2.38,1.25,1.33,1.14,3
Goztepe,8,5,2,1,17,5,12,17,turkey,0.62,0.88,12,2.12,2.12,1.61,1.14,4
Trabzonspor,8,5,2,1,18,7,11,17,turkey,0.62,0.88,11,2.12,2.25,1.61,1.14,4
Besiktas,8,5,2,1,11,6,5,17,turkey,0.62,0.88,5,2.12,1.38,1.61,1.14,4
Antalyaspor,8,5,2,1,12,9,3,17,turkey,0.62,0.88,3,2.12,1.5,1.61,1.14,4
Samsunspor,8,5,1,2,16,10,6,16,turkey,0.62,0.75,6,2.0,2.0,1.61,1.33,5
Kayserispor,8,5,1,2,15,9,6,16,turkey,0.62,0.75,6,2.0,1.88,1.61,1.33,5
Alanyaspor,8,5,0,3,17,14,3,15,turkey,0.62,0.62,3,1.88,2.12,1.61,1.61,6
Rizespor,8,4,2,2,15,10,5,14,turkey,0.5,0.75,5,1.75,1.88,2.0,1.33,7
Eyupspor,8,4,2,2,13,8,5,14,turkey,0.5,0.75,5,1.75,1.62,2.0,1.33,7
Konyaspor,8,4,2,2,12,9,3,14,turkey,0.5,0.75,3,1.75,1.5,2.0,1.33,7
Kasimpasa,8,4,2,2,19,18,1,14,turkey,0.5,0.75,1,1.75,2.38,2.0,1.33,7
Basaksehir,8,4,1,3,13,8,5,13,turkey,0.5,0.62,5,1.62,1.62,2.0,1.61,8
Sivasspor,8,3,3,2,17,11,6,12,turkey,0.38,0.75,6,1.5,2.12,2.63,1.33,9
Bodrumspor,8,3,2,3,7,7,0,11,turkey,0.38,0.62,0,1.38,0.88,2.63,1.61,10
Hatayspor,8,2,3,3,11,13,-2,9,turkey,0.25,0.62,-2,1.12,1.38,4.0,1.61,11
Adana Demirspor,8,1,2,5,6,14,-8,5,turkey,0.12,0.38,-8,0.62,0.75,8.33,2.63,12
Istanbulspor,8,8,0,0,23,2,21,24,turkey2,1.0,1.0,21,3.0,2.88,1.0,1.0,1
Genclerbirligi,8,6,1,1,15,3,12,19,turkey2,0.75,0.88,12,2.38,1.88,1.33,1.14,2
Corum,8,5,2,1,17,8,9,17,turkey2,0.62,0.88,9,2.12,2.12,1.61,1.14,3
Kocaelispor,8,5,2,1,13,4,9,17,turkey2,0.62,0.88,9,2.12,1.62,1.61,1.14,3
Bandirmaspor,8,5,1,2,14,9,5,16,turkey2,0.62,0.75,5,2.0,1.75,1.61,1.33,4
Amed SK,8,4,3,1,14,7,7,15,turkey2,0.5,0.88,7,1.88,1.75,2.0,1.14,5
Umraniyespor,8,4,3,1,8,5,3,15,turkey2,0.5,0.88,3,1.88,1.0,2.0,1.14,5
Igdir,8,4,2,2,10,4,6,14,turkey2,0.5,0.75,6,1.75,1.25,2.0,1.33,6
Sakaryaspor,8,3,3,2,15,11,4,12,turkey2,0.38,0.75,4,1.5,1.88,2.63,1.33,7
Pendikspor,8,3,3,2,11,8,3,12,turkey2,0.38,0.75,3,1.5,1.38,2.63,1.33,7
Adanaspor,8,3,3,2,9,7,2,12,turkey2,0.38,0.75,2,1.5,1.12,2.63,1.33,7
F. Karagumruk,8,3,3,2,8,8,0,12,turkey2,0.38,0.75,0,1.5,1.0,2.63,1.33,7
Erokspor,8,2,5,1,10,8,2,11,turkey2,0.25,0.88,2,1.38,1.25,4.0,1.14,8
Ankaragucu,8,3,1,4,11,9,2,10,turkey2,0.38,0.5,2,1.25,1.38,2.63,2.0,9
Boluspor,8,2,4,2,6,7,-1,10,turkey2,0.25,0.75,-1,1.25,0.75,4.0,1.33,9
Erzurum BB,8,2,3,3,7,8,-1,9,turkey2,0.25,0.62,-1,1.12,0.88,4.0,1.61,10
Keciorengucu,8,2,2,4,19,14,5,8,turkey2,0.25,0.5,5,1.0,2.38,4.0,2.0,11
Sanliurfaspor,8,2,2,4,4,7,-3,8,turkey2,0.25,0.5,-3,1.0,0.5,4.0,2.0,11
Manisa BB,8,2,1,5,6,12,-6,7,turkey2,0.25,0.38,-6,0.88,0.75,4.0,2.63,12
Y. Malatyaspor,8,0,0,8,4,32,-28,0,turkey2,0.0,0.0,-28,0.0,0.5,0.0,0.0,13
Sariyer,8,7,1,0,26,5,21,22,turkey3,0.88,1.0,21,2.75,3.25,1.14,1.0,1
B. Petrolspor,8,7,1,0,20,4,16,22,turkey3,0.88,1.0,16,2.75,2.5,1.14,1.0,1
Kastamonuspor,8,6,2,0,16,3,13,20,turkey3,0.75,1.0,13,2.5,2.0,1.33,1.0,2
Iskenderun,8,5,3,0,20,9,11,18,turkey3,0.62,1.0,11,2.25,2.5,1.61,1.0,3
Adana,8,5,1,2,22,7,15,16,turkey3,0.62,0.75,15,2.0,2.75,1.61,1.33,4
B. Anadolu,8,5,1,2,10,9,1,16,turkey3,0.62,0.75,1,2.0,1.25,1.61,1.33,4
Isparta Davrazs,8,4,2,2,13,7,6,14,turkey3,0.5,0.75,6,1.75,1.62,2.0,1.33,5
Fethiyespor,8,3,5,0,8,2,6,14,turkey3,0.38,1.0,6,1.75,1.0,2.63,1.0,5
Inegolspor,8,3,5,0,12,7,5,14,turkey3,0.38,1.0,5,1.75,1.5,2.63,1.0,5
Kirklarelispor,8,4,1,3,11,6,5,13,turkey3,0.5,0.62,5,1.62,1.38,2.0,1.61,6
Altinordu,8,3,4,1,13,10,3,13,turkey3,0.38,0.88,3,1.62,1.62,2.63,1.14,6
Ankaraspor,8,3,3,2,14,7,7,12,turkey3,0.38,0.75,7,1.5,1.75,2.63,1.33,7
Trabzon FK,8,3,2,3,7,10,-3,11,turkey3,0.38,0.62,-3,1.38,0.88,2.63,1.61,8
Karakopru,8,2,3,3,12,10,2,9,turkey3,0.25,0.62,2,1.12,1.5,4.0,1.61,9
Altay,8,3,0,5,10,16,-6,9,turkey3,0.38,0.38,-6,1.12,1.25,2.63,2.63,9
24 Erzincanspor,8,2,2,4,10,15,-5,8,turkey3,0.25,0.5,-5,1.0,1.25,4.0,2.0,10
Kepez Belediyes,8,2,1,5,8,14,-6,7,turkey3,0.25,0.38,-6,0.88,1.0,4.0,2.63,11
Afyonspor,8,0,0,8,1,27,-26,0,turkey3,0.0,0.0,-26,0.0,0.12,0.0,0.0,12
Elazigspor,8,6,2,0,16,4,12,20,turkey4,0.75,1.0,12,2.5,2.0,1.33,1.0,1
Erbaaspor,8,6,0,2,15,11,4,18,turkey4,0.75,0.75,4,2.25,1.88,1.33,1.33,2
Van Spor,8,5,2,1,17,7,10,17,turkey4,0.62,0.88,10,2.12,2.12,1.61,1.14,3
Aksaray B.,8,5,2,1,19,10,9,17,turkey4,0.62,0.88,9,2.12,2.38,1.61,1.14,3
Karacabey,8,5,2,1,15,9,6,17,turkey4,0.62,0.88,6,2.12,1.88,1.61,1.14,3
Beyoglu Yeni C.,8,5,2,1,13,8,5,17,turkey4,0.62,0.88,5,2.12,1.62,1.61,1.14,3
Serik Belediyes,8,4,3,1,22,10,12,15,turkey4,0.5,0.88,12,1.88,2.75,2.0,1.14,4
Menemen B.,8,4,2,2,16,12,4,14,turkey4,0.5,0.75,4,1.75,2.0,2.0,1.33,5
Bucaspor,8,4,2,2,11,8,3,14,turkey4,0.5,0.75,3,1.75,1.38,2.0,1.33,5
Diyarbekirspor,8,4,2,2,7,5,2,14,turkey4,0.5,0.75,2,1.75,0.88,2.0,1.33,5
A. Demirspor,8,3,4,1,10,7,3,13,turkey4,0.38,0.88,3,1.62,1.25,2.63,1.14,6
Derince,8,3,3,2,10,11,-1,12,turkey4,0.38,0.75,-1,1.5,1.25,2.63,1.33,7
Somaspor,8,2,2,4,8,7,1,8,turkey4,0.25,0.5,1,1.0,1.0,4.0,2.0,8
Arnavutkoy B.,8,2,2,4,11,15,-4,8,turkey4,0.25,0.5,-4,1.0,1.38,4.0,2.0,8
Nazillispor,8,2,1,5,8,18,-10,7,turkey4,0.25,0.38,-10,0.88,1.0,4.0,2.63,9
Karaman,8,0,5,3,5,9,-4,5,turkey4,0.0,0.62,-4,0.62,0.62,0.0,1.61,10
Yeni Mersin,8,1,1,6,3,17,-14,4,turkey4,0.12,0.25,-14,0.5,0.38,8.33,4.0,11
Giresunspor,8,0,2,6,6,21,-15,2,turkey4,0.0,0.25,-15,0.25,0.75,0.0,4.0,12
Duzcespor,8,7,0,1,14,6,8,21,turkey5,0.88,0.88,8,2.62,1.75,1.14,1.14,1
Bursaspor,8,5,3,0,16,3,13,18,turkey5,0.62,1.0,13,2.25,2.0,1.61,1.0,2
Karsiyaka,8,5,2,1,15,8,7,17,turkey5,0.62,0.88,7,2.12,1.88,1.61,1.14,3
Anadolu U.,8,4,4,0,13,5,8,16,turkey5,0.5,1.0,8,2.0,1.62,2.0,1.0,4
Silifke,8,4,2,2,14,9,5,14,turkey5,0.5,0.75,5,1.75,1.75,2.0,1.33,5
Musspor,8,3,5,0,13,8,5,14,turkey5,0.38,1.0,5,1.75,1.62,2.63,1.0,5
Kutahyaspor,8,4,2,2,16,12,4,14,turkey5,0.5,0.75,4,1.75,2.0,2.0,1.33,5
K. Bulvarspor,8,4,1,3,10,9,1,13,turkey5,0.5,0.62,1,1.62,1.25,2.0,1.61,6
Artvin Hopaspor,8,3,3,2,7,8,-1,12,turkey5,0.38,0.75,-1,1.5,0.88,2.63,1.33,7
Tokat,8,3,1,4,13,10,3,10,turkey5,0.38,0.5,3,1.25,1.62,2.63,2.0,8
Ergene Velimese,8,2,3,3,6,9,-3,9,turkey5,0.25,0.62,-3,1.12,0.75,4.0,1.61,9
Kusadasispor,8,2,2,4,3,9,-6,8,turkey5,0.25,0.5,-6,1.0,0.38,4.0,2.0,10
Kahramanmar.,8,2,1,5,8,12,-4,7,turkey5,0.25,0.38,-4,0.88,1.0,4.0,2.63,11
Kirsehir B.,8,2,1,5,6,17,-11,7,turkey5,0.25,0.38,-11,0.88,0.75,4.0,2.63,11
Elaziz K.,8,1,3,4,7,11,-4,6,turkey5,0.12,0.5,-4,0.75,0.88,8.33,2.0,12
Viven Bornova,8,0,3,5,6,22,-16,3,turkey5,0.0,0.38,-16,0.38,0.75,0.0,2.63,13
Muglaspor,8,6,2,0,9,1,8,20,turkey6,0.75,1.0,8,2.5,1.12,1.33,1.0,1
Balikesirspor,8,5,1,2,16,6,10,16,turkey6,0.62,0.75,10,2.0,2.0,1.61,1.33,2
Usakspor,8,4,3,1,22,8,14,15,turkey6,0.5,0.88,14,1.88,2.75,2.0,1.14,3
Amasyaspor,8,4,2,2,13,7,6,14,turkey6,0.5,0.75,6,1.75,1.62,2.0,1.33,4
Tire 2021 FK,8,3,3,2,15,11,4,12,turkey6,0.38,0.75,4,1.5,1.88,2.63,1.33,5
Etimesgut,8,3,3,2,11,7,4,12,turkey6,0.38,0.75,4,1.5,1.38,2.63,1.33,5
Silivrispor,8,3,3,2,9,7,2,12,turkey6,0.38,0.75,2,1.5,1.12,2.63,1.33,5
Inegol Kafkas,8,4,0,4,12,11,1,12,turkey6,0.5,0.5,1,1.5,1.5,2.0,2.0,5
Mazidagi,8,2,5,1,9,6,3,11,turkey6,0.25,0.88,3,1.38,1.12,4.0,1.14,6
Beykoz Ishaklis,8,3,2,3,13,12,1,11,turkey6,0.38,0.62,1,1.38,1.62,2.63,1.61,6
Kelkit,8,2,4,2,8,8,0,10,turkey6,0.25,0.75,0,1.25,1.0,4.0,1.33,7
Cayelispor,8,2,4,2,6,7,-1,10,turkey6,0.25,0.75,-1,1.25,0.75,4.0,1.33,7
Fatsa B.,8,2,2,4,7,9,-2,8,turkey6,0.25,0.5,-2,1.0,0.88,4.0,2.0,8
Turk Metal 1963,8,2,2,4,10,16,-6,8,turkey6,0.25,0.5,-6,1.0,1.25,4.0,2.0,8
Nevsehirspor,8,0,6,2,5,8,-3,6,turkey6,0.0,0.75,-3,0.75,0.62,0.0,1.33,9
Adiyaman,8,0,1,7,4,19,-15,1,turkey6,0.0,0.12,-15,0.12,0.5,0.0,8.33,10
Corluspor,8,8,0,0,27,10,17,24,turkey7,1.0,1.0,17,3.0,3.38,1.0,1.0,1
Ayvalikgucu,8,8,0,0,18,8,10,24,turkey7,1.0,1.0,10,3.0,2.25,1.0,1.0,1
Aliaga FAS,8,6,2,0,17,3,14,20,turkey7,0.75,1.0,14,2.5,2.12,1.33,1.0,2
Kucukcekmece,8,5,3,0,15,6,9,18,turkey7,0.62,1.0,9,2.25,1.88,1.61,1.0,3
Orduspor,8,5,2,1,17,6,11,17,turkey7,0.62,0.88,11,2.12,2.12,1.61,1.14,4
Yozgat Bld Bozo,8,5,2,1,16,7,9,17,turkey7,0.62,0.88,9,2.12,2.0,1.61,1.14,4
Osmaniyespor,8,4,4,0,15,10,5,16,turkey7,0.5,1.0,5,2.0,1.88,2.0,1.0,5
Viransehir,8,4,2,2,11,9,2,14,turkey7,0.5,0.75,2,1.75,1.38,2.0,1.33,6
Cankaya FK,8,3,4,1,9,7,2,13,turkey7,0.38,0.88,2,1.62,1.12,2.63,1.14,7
Bayburt,8,3,2,3,7,6,1,11,turkey7,0.38,0.62,1,1.38,0.88,2.63,1.61,8
Pazarspor,8,3,2,3,6,8,-2,11,turkey7,0.38,0.62,-2,1.38,0.75,2.63,1.61,8
K. Idmanyurdu,8,3,1,4,8,8,0,10,turkey7,0.38,0.5,0,1.25,1.0,2.63,2.0,9
Alanya 1221,8,2,3,3,7,7,0,9,turkey7,0.25,0.62,0,1.12,0.88,4.0,1.61,10
1923 M.,8,2,2,4,6,10,-4,8,turkey7,0.25,0.5,-4,1.0,0.75,4.0,2.0,11
Efeler 09,8,2,2,4,6,10,-4,8,turkey7,0.25,0.5,-4,1.0,0.75,4.0,2.0,11
1922 Konyaspor,8,1,4,3,4,7,-3,7,turkey7,0.12,0.62,-3,0.88,0.5,8.33,1.61,12
Mardin BB,8,7,1,0,23,3,20,22,turkey8,0.88,1.0,20,2.75,2.88,1.14,1.0,1
K. Istiklalspor,8,7,1,0,21,6,15,22,turkey8,0.88,1.0,15,2.75,2.62,1.14,1.0,1
Agri 1970,8,6,2,0,11,3,8,20,turkey8,0.75,1.0,8,2.5,1.38,1.33,1.0,2
Sebat G.,8,6,0,2,27,8,19,18,turkey8,0.75,0.75,19,2.25,3.38,1.33,1.33,3
Polatli B.,8,4,4,0,13,6,7,16,turkey8,0.5,1.0,7,2.0,1.62,2.0,1.0,4
Kirikkale B.,8,4,4,0,11,5,6,16,turkey8,0.5,1.0,6,2.0,1.38,2.0,1.0,4
Orduspor 1967,8,4,3,1,16,5,11,15,turkey8,0.5,0.88,11,1.88,2.0,2.0,1.14,5
Z. Komurspor,8,4,3,1,11,9,2,15,turkey8,0.5,0.88,2,1.88,1.38,2.0,1.14,5
Coruhlu,8,4,2,2,10,8,2,14,turkey8,0.5,0.75,2,1.75,1.25,2.0,1.33,6
Nilufer B.,8,4,1,3,14,9,5,13,turkey8,0.5,0.62,5,1.62,1.75,2.0,1.61,7
Nigde Belediyes,8,3,2,3,11,14,-3,11,turkey8,0.38,0.62,-3,1.38,1.38,2.63,1.61,8
Erciyes,8,3,1,4,7,12,-5,10,turkey8,0.38,0.5,-5,1.25,0.88,2.63,2.0,9
Denizlispor,8,3,0,5,8,17,-9,9,turkey8,0.38,0.38,-9,1.12,1.0,2.63,2.63,10
Tepecik,8,1,3,4,5,11,-6,6,turkey8,0.12,0.5,-6,0.75,0.62,8.33,2.0,11
Turgutluspor,8,1,2,5,13,18,-5,5,turkey8,0.12,0.38,-5,0.62,1.62,8.33,2.63,12
Edirnespor,8,1,2,5,9,17,-8,5,turkey8,0.12,0.38,-8,0.62,1.12,8.33,2.63,12
Shabab Al Ahli,8,7,1,0,16,3,13,22,uae,0.88,1.0,13,2.75,2.0,1.14,1.0,1
Al Sharjah,8,6,1,1,13,2,11,19,uae,0.75,0.88,11,2.38,1.62,1.33,1.14,2
Al Wahda,8,5,2,1,19,10,9,17,uae,0.62,0.88,9,2.12,2.38,1.61,1.14,3
Al Jazira,8,5,1,2,15,7,8,16,uae,0.62,0.75,8,2.0,1.88,1.61,1.33,4
Ajman,8,5,1,2,19,12,7,16,uae,0.62,0.75,7,2.0,2.38,1.61,1.33,4
Khorfakkan,8,4,3,1,15,9,6,15,uae,0.5,0.88,6,1.88,1.88,2.0,1.14,5
Al Wasl,8,4,2,2,18,9,9,14,uae,0.5,0.75,9,1.75,2.25,2.0,1.33,6
Al Ain,8,4,2,2,15,7,8,14,uae,0.5,0.75,8,1.75,1.88,2.0,1.33,6
Al Nasr,8,4,1,3,13,11,2,13,uae,0.5,0.62,2,1.62,1.62,2.0,1.61,7
Ittihad Kalba,8,3,2,3,12,10,2,11,uae,0.38,0.62,2,1.38,1.5,2.63,1.61,8
Bani Yas,8,2,3,3,8,15,-7,9,uae,0.25,0.62,-7,1.12,1.0,4.0,1.61,9
Dibba Al Hisn,8,2,1,5,10,19,-9,7,uae,0.25,0.38,-9,0.88,1.25,4.0,2.63,10
Al Bataeh,8,1,2,5,8,17,-9,5,uae,0.12,0.38,-9,0.62,1.0,8.33,2.63,11
Al Urooba,8,1,0,7,10,20,-10,3,uae,0.12,0.12,-10,0.38,1.25,8.33,8.33,12
Shakhtar,8,6,2,0,20,5,15,20,ukraine,0.75,1.0,15,2.5,2.5,1.33,1.0,1
Karpaty Lviv,8,6,2,0,15,0,15,20,ukraine,0.75,1.0,15,2.5,1.88,1.33,1.0,1
Oleksandria,8,6,2,0,16,3,13,20,ukraine,0.75,1.0,13,2.5,2.0,1.33,1.0,1
Dynamo Kyiv,8,6,2,0,19,7,12,20,ukraine,0.75,1.0,12,2.5,2.38,1.33,1.0,1
Veres,8,4,4,0,17,9,8,16,ukraine,0.5,1.0,8,2.0,2.12,2.0,1.0,2
Zorya Luhansk,8,5,0,3,11,9,2,15,ukraine,0.62,0.62,2,1.88,1.38,1.61,1.61,3
Polessya,8,3,4,1,9,6,3,13,ukraine,0.38,0.88,3,1.62,1.12,2.63,1.14,4
Kryvbas KR,8,3,3,2,11,9,2,12,ukraine,0.38,0.75,2,1.5,1.38,2.63,1.33,5
LNZ Cherkasy,8,3,1,4,9,8,1,10,ukraine,0.38,0.5,1,1.25,1.12,2.63,2.0,6
Obolon,8,2,3,3,4,9,-5,9,ukraine,0.25,0.62,-5,1.12,0.5,4.0,1.61,7
Livyi Bereh,8,2,2,4,6,9,-3,8,ukraine,0.25,0.5,-3,1.0,0.75,4.0,2.0,8
Inhulets,6,2,1,3,3,4,-1,7,ukraine,0.33,0.5,-1,1.17,0.5,3.03,2.0,9
Kolos Kovalivka,8,1,4,3,4,6,-2,7,ukraine,0.12,0.62,-2,0.88,0.5,8.33,1.61,9
Chornomorets,8,2,1,5,5,11,-6,7,ukraine,0.25,0.38,-6,0.88,0.62,4.0,2.63,9
Vorskla Poltava,8,1,3,4,3,7,-4,6,ukraine,0.12,0.5,-4,0.75,0.38,8.33,2.0,10
Rukh Lviv,8,1,2,5,4,10,-6,5,ukraine,0.12,0.38,-6,0.62,0.5,8.33,2.63,11
Dnipro-1,0,0,0,0,0,0,0,0,ukraine,0.0,0.0,0,0.0,0.0,0.0,0.0,12
Liverpool M.,4,3,1,0,10,5,5,10,uruguay,0.75,1.0,5,2.5,2.5,1.33,1.0,1
Cerro Largo,5,2,3,0,9,5,4,9,uruguay,0.4,1.0,4,1.8,1.8,2.5,1.0,2
Montevideo City,5,2,2,1,7,7,0,8,uruguay,0.4,0.8,0,1.6,1.4,2.5,1.25,3
Defensor S.,4,2,1,1,4,1,3,7,uruguay,0.5,0.75,3,1.75,1.0,2.0,1.33,4
Juventud,4,2,1,1,5,5,0,7,uruguay,0.5,0.75,0,1.75,1.25,2.0,1.33,4
Wanderers,5,1,3,1,6,4,2,6,uruguay,0.2,0.8,2,1.2,1.2,5.0,1.25,5
Plaza Colonia,4,2,0,2,4,3,1,6,uruguay,0.5,0.5,1,1.5,1.0,2.0,2.0,5
Racing CM,4,2,0,2,4,3,1,6,uruguay,0.5,0.5,1,1.5,1.0,2.0,2.0,5
Danubio,5,0,5,0,5,5,0,5,uruguay,0.0,1.0,0,1.0,1.0,0.0,1.0,6
Cerro,4,1,2,1,4,4,0,5,uruguay,0.25,0.75,0,1.25,1.0,4.0,1.33,6
Miramar Misione,5,1,2,2,4,5,-1,5,uruguay,0.2,0.6,-1,1.0,0.8,5.0,1.67,6
Progreso,5,1,1,3,6,12,-6,4,uruguay,0.2,0.4,-6,0.8,1.2,5.0,2.5,7
Nacional,4,0,3,1,6,7,-1,3,uruguay,0.0,0.75,-1,0.75,1.5,0.0,1.33,8
Boston River,4,0,1,3,3,7,-4,1,uruguay,0.0,0.25,-4,0.25,0.75,0.0,4.0,9
River Plate,4,0,1,3,2,6,-4,1,uruguay,0.0,0.25,-4,0.25,0.5,0.0,4.0,9
Penarol,4,0,1,3,1,8,-7,1,uruguay,0.0,0.25,-7,0.25,0.25,0.0,4.0,9
Nacional,4,3,1,0,8,2,6,10,uruguay2,0.75,1.0,6,2.5,2.0,1.33,1.0,1
Wanderers,4,3,0,1,8,5,3,9,uruguay2,0.75,0.75,3,2.25,2.0,1.33,1.33,2
Penarol,4,2,2,0,5,2,3,8,uruguay2,0.5,1.0,3,2.0,1.25,2.0,1.0,3
Cerro,4,2,1,1,7,2,5,7,uruguay2,0.5,0.75,5,1.75,1.75,2.0,1.33,4
Fenix,4,2,1,1,6,4,2,7,uruguay2,0.5,0.75,2,1.75,1.5,2.0,1.33,4
Boston River,4,2,0,2,5,5,0,6,uruguay2,0.5,0.5,0,1.5,1.25,2.0,2.0,5
Progreso,4,2,0,2,4,5,-1,6,uruguay2,0.5,0.5,-1,1.5,1.0,2.0,2.0,5
Danubio,3,2,0,1,4,6,-2,6,uruguay2,0.67,0.67,-2,2.0,1.33,1.49,1.49,5
Rampla Juniors,3,1,1,1,5,5,0,4,uruguay2,0.33,0.67,0,1.33,1.67,3.03,1.49,6
Miramar Misione,3,1,1,1,3,3,0,4,uruguay2,0.33,0.67,0,1.33,1.0,3.03,1.49,6
Cerro Largo,4,1,1,2,3,7,-4,4,uruguay2,0.25,0.5,-4,1.0,0.75,4.0,2.0,6
Racing CM,3,1,0,2,2,3,-1,3,uruguay2,0.33,0.33,-1,1.0,0.67,3.03,3.03,7
Liverpool M.,3,1,0,2,1,2,-1,3,uruguay2,0.33,0.33,-1,1.0,0.33,3.03,3.03,7
Defensor S.,3,0,2,1,2,3,-1,2,uruguay2,0.0,0.67,-1,0.67,0.67,0.0,1.49,8
River Plate,3,0,2,1,4,6,-2,2,uruguay2,0.0,0.67,-2,0.67,1.33,0.0,1.49,8
D. Maldonado,3,0,1,2,2,6,-4,1,uruguay2,0.0,0.33,-4,0.33,0.67,0.0,3.03,9
Charlotte,3,3,0,0,8,1,7,9,usa,1.0,1.0,7,3.0,2.67,1.0,1.0,1
Nashville SC,4,2,1,1,6,2,4,7,usa,0.5,0.75,4,1.75,1.5,2.0,1.33,2
New York RB,3,2,1,0,6,3,3,7,usa,0.67,1.0,3,2.33,2.0,1.49,1.0,2
Cincinnati,3,2,1,0,5,2,3,7,usa,0.67,1.0,3,2.33,1.67,1.49,1.0,2
Minnesota Utd,3,2,1,0,5,2,3,7,usa,0.67,1.0,3,2.33,1.67,1.49,1.0,2
Inter Miami,3,2,1,0,5,3,2,7,usa,0.67,1.0,2,2.33,1.67,1.49,1.0,2
Atlanta Utd,4,2,1,1,8,7,1,7,usa,0.5,0.75,1,1.75,2.0,2.0,1.33,2
Portland,4,2,1,1,6,6,0,7,usa,0.5,0.75,0,1.75,1.5,2.0,1.33,2
Orlando City,3,2,0,1,10,7,3,6,usa,0.67,0.67,3,2.0,3.33,1.49,1.49,3
Philadelphia,3,2,0,1,6,4,2,6,usa,0.67,0.67,2,2.0,2.0,1.49,1.49,3
New York City,2,2,0,0,4,2,2,6,usa,1.0,1.0,2,3.0,2.0,1.0,1.0,3
Vancouver,3,2,0,1,5,4,1,6,usa,0.67,0.67,1,2.0,1.67,1.49,1.49,3
Austin,3,2,0,1,3,2,1,6,usa,0.67,0.67,1,2.0,1.0,1.49,1.49,3
Los Angeles FC,3,2,0,1,2,1,1,6,usa,0.67,0.67,1,2.0,0.67,1.49,1.49,3
Seattle,3,1,2,0,7,4,3,5,usa,0.33,1.0,3,1.67,2.33,3.03,1.0,4
Columbus Crew,3,1,2,0,4,2,2,5,usa,0.33,1.0,2,1.67,1.33,3.03,1.0,4
San Diego,3,1,2,0,4,3,1,5,usa,0.33,1.0,1,1.67,1.33,3.03,1.0,4
DC United,4,1,2,1,5,5,0,5,usa,0.25,0.75,0,1.25,1.25,4.0,1.33,4
SJ Earthquakes,4,1,1,2,6,4,2,4,usa,0.25,0.5,2,1.0,1.5,4.0,2.0,5
St. Louis City,3,1,1,1,1,1,0,4,usa,0.33,0.67,0,1.33,0.33,3.03,1.49,5
Colorado Rapids,3,1,1,1,5,6,-1,4,usa,0.33,0.67,-1,1.33,1.67,3.03,1.49,5
Real Salt Lake,3,1,0,2,3,4,-1,3,usa,0.33,0.33,-1,1.0,1.0,3.03,3.03,6
Dallas,3,1,0,2,3,5,-2,3,usa,0.33,0.33,-2,1.0,1.0,3.03,3.03,6
New England,3,1,0,2,2,4,-2,3,usa,0.33,0.33,-2,1.0,0.67,3.03,3.03,6
Chicago Fire,2,0,2,0,3,3,0,2,usa,0.0,1.0,0,1.0,1.5,0.0,1.0,7
Toronto,2,0,1,1,1,2,-1,1,usa,0.0,0.5,-1,0.5,0.5,0.0,2.0,8
Sporting KC,3,0,1,2,4,7,-3,1,usa,0.0,0.33,-3,0.33,1.33,0.0,3.03,8
CF Montreal,0,0,0,0,0,0,0,0,usa,0.0,0.0,0,0.0,0.0,0.0,0.0,9
Houston Dynamo,3,0,0,3,3,8,-5,0,usa,0.0,0.0,-5,0.0,1.0,0.0,0.0,9
Louisville City,2,2,0,0,4,0,4,6,usa2,1.0,1.0,4,3.0,2.0,1.0,1.0,1
Monterey Bay,2,2,0,0,6,3,3,6,usa2,1.0,1.0,3,3.0,3.0,1.0,1.0,1
Pittsburgh,2,2,0,0,3,0,3,6,usa2,1.0,1.0,3,3.0,1.5,1.0,1.0,1
San Antonio,2,2,0,0,3,0,3,6,usa2,1.0,1.0,3,3.0,1.5,1.0,1.0,1
FC Tulsa,3,2,0,1,2,1,1,6,usa2,0.67,0.67,1,2.0,0.67,1.49,1.49,1
Lexington,3,1,1,1,5,4,1,4,usa2,0.33,0.67,1,1.33,1.67,3.03,1.49,2
Sacramento R.,2,1,1,0,4,3,1,4,usa2,0.5,1.0,1,2.0,2.0,2.0,1.0,2
North Carolina,3,1,1,1,4,4,0,4,usa2,0.33,0.67,0,1.33,1.33,3.03,1.49,2
Orange County,3,1,1,1,6,7,-1,4,usa2,0.33,0.67,-1,1.33,2.0,3.03,1.49,2
Loudoun Utd,1,1,0,0,2,0,2,3,usa2,1.0,1.0,2,3.0,2.0,1.0,1.0,3
Charleston,2,1,0,1,3,2,1,3,usa2,0.5,0.5,1,1.5,1.5,2.0,2.0,3
New Mexico,1,1,0,0,1,0,1,3,usa2,1.0,1.0,1,3.0,1.0,1.0,1.0,3
Las Vegas L.,2,1,0,1,3,3,0,3,usa2,0.5,0.5,0,1.5,1.5,2.0,2.0,3
El Paso,2,0,2,0,6,6,0,2,usa2,0.0,1.0,0,1.0,3.0,0.0,1.0,4
Detroit City,1,0,1,0,2,2,0,1,usa2,0.0,1.0,0,1.0,2.0,0.0,1.0,5
Phoenix Rising,2,0,1,1,2,3,-1,1,usa2,0.0,0.5,-1,0.5,1.0,0.0,2.0,5
Oakland Roots,2,0,1,1,1,2,-1,1,usa2,0.0,0.5,-1,0.5,0.5,0.0,2.0,5
Birmingham L.,2,0,1,1,2,4,-2,1,usa2,0.0,0.5,-2,0.5,1.0,0.0,2.0,5
Rhode Island,0,0,0,0,0,0,0,0,usa2,0.0,0.0,0,0.0,0.0,0.0,0.0,6
Tampa Bay,0,0,0,0,0,0,0,0,usa2,0.0,0.0,0,0.0,0.0,0.0,0.0,6
Indy Eleven,1,0,0,1,2,3,-1,0,usa2,0.0,0.0,-1,0.0,2.0,0.0,0.0,6
Colorado S.,1,0,0,1,1,2,-1,0,usa2,0.0,0.0,-1,0.0,1.0,0.0,0.0,6
Hartford A.,1,0,0,1,1,2,-1,0,usa2,0.0,0.0,-1,0.0,1.0,0.0,0.0,6
Miami FC,4,0,0,4,2,8,-6,0,usa2,0.0,0.0,-6,0.0,0.5,0.0,0.0,6
Naples,3,1,2,0,3,1,2,5,usa3,0.33,1.0,2,1.67,1.0,3.03,1.0,1
Charlotte I.,2,1,1,0,1,0,1,4,usa3,0.5,1.0,1,2.0,0.5,2.0,1.0,2
Greenville,3,1,1,1,4,5,-1,4,usa3,0.33,0.67,-1,1.33,1.33,3.03,1.49,2
Richmond K.,2,1,0,1,4,3,1,3,usa3,0.5,0.5,1,1.5,2.0,2.0,2.0,3
Tormenta,3,1,0,2,5,7,-2,3,usa3,0.33,0.33,-2,1.0,1.67,3.03,3.03,3
Spokane V.,2,0,1,1,2,3,-1,1,usa3,0.0,0.5,-1,0.5,1.0,0.0,2.0,4
Alta,0,0,0,0,0,0,0,0,usa3,0.0,0.0,0,0.0,0.0,0.0,0.0,5
Chattanooga RW,0,0,0,0,0,0,0,0,usa3,0.0,0.0,0,0.0,0.0,0.0,0.0,5
Forward Madison,0,0,0,0,0,0,0,0,usa3,0.0,0.0,0,0.0,0.0,0.0,0.0,5
One Knoxville,0,0,0,0,0,0,0,0,usa3,0.0,0.0,0,0.0,0.0,0.0,0.0,5
Portland Hearts,0,0,0,0,0,0,0,0,usa3,0.0,0.0,0,0.0,0.0,0.0,0.0,5
Union Omaha,0,0,0,0,0,0,0,0,usa3,0.0,0.0,0,0.0,0.0,0.0,0.0,5
Westchester SC,0,0,0,0,0,0,0,0,usa3,0.0,0.0,0,0.0,0.0,0.0,0.0,5
Texoma,2,0,0,2,1,5,-4,0,usa3,0.0,0.0,-4,0.0,0.5,0.0,0.0,5
Rayo Zuliano,5,3,2,0,6,2,4,11,venezuela,0.6,1.0,4,2.2,1.2,1.67,1.0,1
D. Tachira,5,3,2,0,5,2,3,11,venezuela,0.6,1.0,3,2.2,1.0,1.67,1.0,1
D. La Guaira,4,3,1,0,9,4,5,10,venezuela,0.75,1.0,5,2.5,2.25,1.33,1.0,2
Metropolitanos,4,2,2,0,7,3,4,8,venezuela,0.5,1.0,4,2.0,1.75,2.0,1.0,3
A. Anzoategui,5,2,2,1,6,3,3,8,venezuela,0.4,0.8,3,1.6,1.2,2.5,1.25,3
UCV,4,2,2,0,5,3,2,8,venezuela,0.5,1.0,2,2.0,1.25,2.0,1.0,3
Carabobo,4,2,2,0,4,2,2,8,venezuela,0.5,1.0,2,2.0,1.0,2.0,1.0,3
Caracas,4,2,2,0,2,0,2,8,venezuela,0.5,1.0,2,2.0,0.5,2.0,1.0,3
Puerto Cabello,4,2,1,1,3,3,0,7,venezuela,0.5,0.75,0,1.75,0.75,2.0,1.33,4
Monagas,5,2,1,2,6,9,-3,7,venezuela,0.4,0.6,-3,1.4,1.2,2.5,1.67,4
E. Merida,5,2,0,3,8,9,-1,6,venezuela,0.4,0.4,-1,1.2,1.6,2.5,2.5,5
Portuguesa,5,2,0,3,4,7,-3,6,venezuela,0.4,0.4,-3,1.2,0.8,2.5,2.5,5
Zamora,4,1,0,3,2,5,-3,3,venezuela,0.25,0.25,-3,0.75,0.5,4.0,4.0,6
Yaracuyanos,5,0,3,2,5,10,-5,3,venezuela,0.0,0.6,-5,0.6,1.0,0.0,1.67,6
AGMK,2,2,0,0,4,1,3,6,uzbekistan,1.0,1.0,3,3.0,2.0,1.0,1.0,1
Bunyodkor,2,1,1,0,5,3,2,4,uzbekistan,0.5,1.0,2,2.0,2.5,2.0,1.0,2
Nasaf Qarshi,2,1,1,0,1,0,1,4,uzbekistan,0.5,1.0,1,2.0,0.5,2.0,1.0,2
Buxoro,1,1,0,0,2,0,2,3,uzbekistan,1.0,1.0,2,3.0,2.0,1.0,1.0,3
D. Samarqand,1,1,0,0,1,0,1,3,uzbekistan,1.0,1.0,1,3.0,1.0,1.0,1.0,3
Mashal,1,1,0,0,1,0,1,3,uzbekistan,1.0,1.0,1,3.0,1.0,1.0,1.0,3
Qizilqum,2,1,0,1,3,3,0,3,uzbekistan,0.5,0.5,0,1.5,1.5,2.0,2.0,3
Xorazm,2,1,0,1,3,4,-1,3,uzbekistan,0.5,0.5,-1,1.5,1.5,2.0,2.0,3
Navbahor,2,0,2,0,2,2,0,2,uzbekistan,0.0,1.0,0,1.0,1.0,0.0,1.0,4
Kokand-1912,2,0,2,0,1,1,0,2,uzbekistan,0.0,1.0,0,1.0,0.5,0.0,1.0,4
Andijan,1,0,1,0,1,1,0,1,uzbekistan,0.0,1.0,0,1.0,1.0,0.0,1.0,5
Neftchi,1,0,1,0,0,0,0,1,uzbekistan,0.0,1.0,0,1.0,0.0,0.0,1.0,5
Sogdiana,1,0,0,1,2,3,-1,0,uzbekistan,0.0,0.0,-1,0.0,2.0,0.0,0.0,6
Pakhtakor,1,0,0,1,0,1,-1,0,uzbekistan,0.0,0.0,-1,0.0,0.0,0.0,0.0,6
Shurtan,1,0,0,1,0,2,-2,0,uzbekistan,0.0,0.0,-2,0.0,0.0,0.0,0.0,6
Termez Surkhon,1,0,0,1,0,2,-2,0,uzbekistan,0.0,0.0,-2,0.0,0.0,0.0,0.0,6
Nam Dinh,7,5,0,2,15,7,8,15,vietnam,0.71,0.71,8,2.14,2.14,1.41,1.41,1
Cong An Nhan,8,4,3,1,15,8,7,15,vietnam,0.5,0.88,7,1.88,1.88,2.0,1.14,1
Ha Noi,8,4,3,1,12,7,5,15,vietnam,0.5,0.88,5,1.88,1.5,2.0,1.14,1
Binh Duong,8,4,2,2,16,12,4,14,vietnam,0.5,0.75,4,1.75,2.0,2.0,1.33,2
Hai Phong,8,4,1,3,10,7,3,13,vietnam,0.5,0.62,3,1.62,1.25,2.0,1.61,3
Viettel,8,4,1,3,9,9,0,13,vietnam,0.5,0.62,0,1.62,1.12,2.0,1.61,3
Quang Nam,8,3,3,2,11,9,2,12,vietnam,0.38,0.75,2,1.5,1.38,2.63,1.33,4
Ho Chi Minh,8,3,3,2,6,8,-2,12,vietnam,0.38,0.75,-2,1.5,0.75,2.63,1.33,4
Song Lam Nghe,8,3,3,2,5,8,-3,12,vietnam,0.38,0.75,-3,1.5,0.62,2.63,1.33,4
Thanh Hoa,8,2,5,1,11,9,2,11,vietnam,0.25,0.88,2,1.38,1.38,4.0,1.14,5
Hong Linh Ha T.,8,1,7,0,4,3,1,10,vietnam,0.12,1.0,1,1.25,0.5,8.33,1.0,6
Gia Lai,7,2,4,1,7,7,0,10,vietnam,0.29,0.86,0,1.43,1.0,3.45,1.16,6
Binh Dinh,8,2,2,4,7,11,-4,8,vietnam,0.25,0.5,-4,1.0,0.88,4.0,2.0,7
Da Nang,7,0,5,2,5,9,-4,5,vietnam,0.0,0.71,-4,0.71,0.71,0.0,1.41,8
Phu Dong,5,5,0,0,8,1,7,15,vietnam2,1.0,1.0,7,3.0,1.6,1.0,1.0,1
PVF-CAND,6,4,0,2,7,7,0,12,vietnam2,0.67,0.67,0,2.0,1.17,1.49,1.49,2
Ba Ria Vung Tau,6,3,1,2,9,8,1,10,vietnam2,0.5,0.67,1,1.67,1.5,2.0,1.49,3
Binh Phuoc,5,2,2,1,8,6,2,8,vietnam2,0.4,0.8,2,1.6,1.6,2.5,1.25,4
Hoa Binh,6,1,5,0,2,1,1,8,vietnam2,0.17,1.0,1,1.33,0.33,5.88,1.0,4
S. Khanh Hoa,5,2,1,2,4,3,1,7,vietnam2,0.4,0.6,1,1.4,0.8,2.5,1.67,5
Long An,6,1,3,2,4,5,-1,6,vietnam2,0.17,0.67,-1,1.0,0.67,5.88,1.49,6
Dong Thap,5,1,2,2,1,2,-1,5,vietnam2,0.2,0.6,-1,1.0,0.2,5.0,1.67,7
Ho Chi Minh B,5,1,2,2,3,5,-2,5,vietnam2,0.2,0.6,-2,1.0,0.6,5.0,1.67,7
Dong Nai,5,0,3,2,1,4,-3,3,vietnam2,0.0,0.6,-3,0.6,0.2,0.0,1.67,8
Hue,6,0,2,4,5,12,-7,2,vietnam2,0.0,0.33,-7,0.33,0.83,0.0,3.03,9
The New Saints,8,8,0,0,26,8,18,24,wales,1.0,1.0,18,3.0,3.25,1.0,1.0,1
Flint,8,7,0,1,18,7,11,21,wales,0.88,0.88,11,2.62,2.25,1.14,1.14,2
Penybont,8,5,3,0,11,5,6,18,wales,0.62,1.0,6,2.25,1.38,1.61,1.0,3
Haverfordwest,8,5,2,1,16,7,9,17,wales,0.62,0.88,9,2.12,2.0,1.61,1.14,4
Connahs Quay,8,5,1,2,17,6,11,16,wales,0.62,0.75,11,2.0,2.12,1.61,1.33,5
Barry,8,5,1,2,14,11,3,16,wales,0.62,0.75,3,2.0,1.75,1.61,1.33,5
Cardiff MU,8,5,0,3,14,15,-1,15,wales,0.62,0.62,-1,1.88,1.75,1.61,1.61,6
Caernarfon,8,4,1,3,18,16,2,13,wales,0.5,0.62,2,1.62,2.25,2.0,1.61,7
Briton Ferry,8,3,2,3,12,11,1,11,wales,0.38,0.62,1,1.38,1.5,2.63,1.61,8
Bala Town,8,2,3,3,5,8,-3,9,wales,0.25,0.62,-3,1.12,0.62,4.0,1.61,9
Aberystwyth,8,2,1,5,9,14,-5,7,wales,0.25,0.38,-5,0.88,1.12,4.0,2.63,10
Newtown,8,0,4,4,8,15,-7,4,wales,0.0,0.5,-7,0.5,1.0,0.0,2.0,11
