Team_Home ,GP,W,D,L,GF,GA,GD,Pts_Home,Liga,PIH,PIH_HA,GD_Home,PPG_Home,GF_AVG_Home,GA_AVG_Home,Odd_Justa_MO,Odd_Justa_HA,Rank_Home
Teuta Durres,8,4,2,2,7,7,0,14,Albania - Abissnet Superiore,0.5,0.75,0,1.75,0.88,0.88,2.0,1.33,1
Egnatia R.,8,3,4,1,11,7,4,13,Albania - Abissnet Superiore,0.38,0.88,4,1.62,1.38,0.88,2.63,1.14,2
Partizani T.,8,3,4,1,9,6,3,13,Albania - Abissnet Superiore,0.38,0.88,3,1.62,1.12,0.75,2.63,1.14,2
Vllaznia S.,8,3,3,2,11,6,5,12,Albania - Abissnet Superiore,0.38,0.75,5,1.5,1.38,0.75,2.63,1.33,3
KF Tirana,8,3,3,2,12,9,3,12,Albania - Abissnet Superiore,0.38,0.75,3,1.5,1.5,1.12,2.63,1.33,3
AF Elbasani,8,3,3,2,9,7,2,12,Albania - Abissnet Superiore,0.38,0.75,2,1.5,1.12,0.88,2.63,1.33,3
Bylis,8,3,2,3,4,9,-5,11,Albania - Abissnet Superiore,0.38,0.62,-5,1.38,0.5,1.12,2.63,1.61,4
Skenderbeu K.,8,3,1,4,10,13,-3,10,Albania - Abissnet Superiore,0.38,0.5,-3,1.25,1.25,1.62,2.63,2.0,5
Laci,8,2,3,3,8,9,-1,9,Albania - Abissnet Superiore,0.25,0.62,-1,1.12,1.0,1.12,4.0,1.61,6
Boca Juniors,8,7,1,0,14,2,12,22,Argentina - Liga Profesional,0.88,1.0,12,2.75,1.75,0.25,1.14,1.0,1
Rosario Central,7,7,0,0,14,4,10,21,Argentina - Liga Profesional,1.0,1.0,10,3.0,2.0,0.57,1.0,1.0,2
Independiente,8,6,2,0,16,2,14,20,Argentina - Liga Profesional,0.75,1.0,14,2.5,2.0,0.25,1.33,1.0,3
Argentinos Jrs,8,5,2,1,15,4,11,17,Argentina - Liga Profesional,0.62,0.88,11,2.12,1.88,0.5,1.61,1.14,4
River Plate,8,5,2,1,13,7,6,17,Argentina - Liga Profesional,0.62,0.88,6,2.12,1.62,0.88,1.61,1.14,4
Barracas C.,8,5,1,2,13,10,3,16,Argentina - Liga Profesional,0.62,0.75,3,2.0,1.62,1.25,1.61,1.33,5
Racing Club,7,5,0,2,14,5,9,15,Argentina - Liga Profesional,0.71,0.71,9,2.14,2.0,0.71,1.41,1.41,6
Huracan,8,4,3,1,11,5,6,15,Argentina - Liga Profesional,0.5,0.88,6,1.88,1.38,0.62,2.0,1.14,6
I. Rivadavia,8,4,3,1,12,10,2,15,Argentina - Liga Profesional,0.5,0.88,2,1.88,1.5,1.25,2.0,1.14,6
Instituto,7,4,2,1,11,3,8,14,Argentina - Liga Profesional,0.57,0.86,8,2.0,1.57,0.43,1.75,1.16,7
Estudiantes,7,4,2,1,10,5,5,14,Argentina - Liga Profesional,0.57,0.86,5,2.0,1.43,0.71,1.75,1.16,7
Tigre,8,4,2,2,8,5,3,14,Argentina - Liga Profesional,0.5,0.75,3,1.75,1.0,0.62,2.0,1.33,7
San Lorenzo,8,4,2,2,9,7,2,14,Argentina - Liga Profesional,0.5,0.75,2,1.75,1.12,0.88,2.0,1.33,7
Lanus,8,3,4,1,9,5,4,13,Argentina - Liga Profesional,0.38,0.88,4,1.62,1.12,0.62,2.63,1.14,8
Platense,8,3,4,1,7,5,2,13,Argentina - Liga Profesional,0.38,0.88,2,1.62,0.88,0.62,2.63,1.14,8
D. Riestra,8,2,6,0,5,1,4,12,Argentina - Liga Profesional,0.25,1.0,4,1.5,0.62,0.12,4.0,1.0,9
A. Tucuman,8,4,0,4,13,10,3,12,Argentina - Liga Profesional,0.5,0.5,3,1.5,1.62,1.25,2.0,2.0,9
Union Santa Fe,8,3,3,2,7,5,2,12,Argentina - Liga Profesional,0.38,0.75,2,1.5,0.88,0.62,2.63,1.33,9
Gimnasia,8,3,3,2,7,7,0,12,Argentina - Liga Profesional,0.38,0.75,0,1.5,0.88,0.88,2.63,1.33,9
Central Cordoba,8,3,2,3,11,8,3,11,Argentina - Liga Profesional,0.38,0.62,3,1.38,1.38,1.0,2.63,1.61,10
Newells,8,3,2,3,6,4,2,11,Argentina - Liga Profesional,0.38,0.62,2,1.38,0.75,0.5,2.63,1.61,10
Banfield,8,2,4,2,9,6,3,10,Argentina - Liga Profesional,0.25,0.75,3,1.25,1.12,0.75,4.0,1.33,11
Belgrano,8,2,4,2,9,10,-1,10,Argentina - Liga Profesional,0.25,0.75,-1,1.25,1.12,1.25,4.0,1.33,11
Sarmiento,8,1,6,1,6,6,0,9,Argentina - Liga Profesional,0.12,0.88,0,1.12,0.75,0.75,8.33,1.14,12
Godoy Cruz,8,1,6,1,3,5,-2,9,Argentina - Liga Profesional,0.12,0.88,-2,1.12,0.38,0.62,8.33,1.14,12
Defensa y J.,7,2,2,3,6,7,-1,8,Argentina - Liga Profesional,0.29,0.57,-1,1.14,0.86,1.0,3.45,1.75,13
Aldosivi,8,2,2,4,9,18,-9,8,Argentina - Liga Profesional,0.25,0.5,-9,1.0,1.12,2.25,4.0,2.0,13
Velez Sarsfield,8,2,1,5,2,7,-5,7,Argentina - Liga Profesional,0.25,0.38,-5,0.88,0.25,0.88,4.0,2.63,14
SM San Juan,8,2,1,5,4,10,-6,7,Argentina - Liga Profesional,0.25,0.38,-6,0.88,0.5,1.25,4.0,2.63,14
Agropecuario,8,7,1,0,14,3,11,22,Argentina - Primera Nacional,0.88,1.0,11,2.75,1.75,0.38,1.14,1.0,1
Deportivo Moron,8,6,2,0,14,2,12,20,Argentina - Primera Nacional,0.75,1.0,12,2.5,1.75,0.25,1.33,1.0,2
Atlanta,8,6,2,0,11,3,8,20,Argentina - Primera Nacional,0.75,1.0,8,2.5,1.38,0.38,1.33,1.0,2
Los Andes,8,5,3,0,12,3,9,18,Argentina - Primera Nacional,0.62,1.0,9,2.25,1.5,0.38,1.61,1.0,3
G. Mendoza,8,5,3,0,10,3,7,18,Argentina - Primera Nacional,0.62,1.0,7,2.25,1.25,0.38,1.61,1.0,3
Chaco For Ever,8,6,0,2,10,5,5,18,Argentina - Primera Nacional,0.75,0.75,5,2.25,1.25,0.62,1.33,1.33,3
Gimnasia Jujuy,8,5,2,1,9,3,6,17,Argentina - Primera Nacional,0.62,0.88,6,2.12,1.12,0.38,1.61,1.14,4
D. Madryn,8,5,2,1,11,6,5,17,Argentina - Primera Nacional,0.62,0.88,5,2.12,1.38,0.75,1.61,1.14,4
Almagro,8,5,2,1,7,3,4,17,Argentina - Primera Nacional,0.62,0.88,4,2.12,0.88,0.38,1.61,1.14,4
San Miguel,8,4,4,0,11,4,7,16,Argentina - Primera Nacional,0.5,1.0,7,2.0,1.38,0.5,2.0,1.0,5
Tristan Suarez,8,4,4,0,10,4,6,16,Argentina - Primera Nacional,0.5,1.0,6,2.0,1.25,0.5,2.0,1.0,5
Temperley,8,5,1,2,10,6,4,16,Argentina - Primera Nacional,0.62,0.75,4,2.0,1.25,0.75,1.61,1.33,5
E. Rio Cuarto,8,4,4,0,7,3,4,16,Argentina - Primera Nacional,0.5,1.0,4,2.0,0.88,0.38,2.0,1.0,5
Gimnasia y Tiro,8,4,3,1,11,4,7,15,Argentina - Primera Nacional,0.5,0.88,7,1.88,1.38,0.5,2.0,1.14,6
Ferro Carril,8,4,3,1,8,2,6,15,Argentina - Primera Nacional,0.5,0.88,6,1.88,1.0,0.25,2.0,1.14,6
Racing Cordoba,8,3,5,0,15,7,8,14,Argentina - Primera Nacional,0.38,1.0,8,1.75,1.88,0.88,2.63,1.0,7
Quilmes,8,4,2,2,12,6,6,14,Argentina - Primera Nacional,0.5,0.75,6,1.75,1.5,0.75,2.0,1.33,7
Deportivo Maipu,8,4,2,2,11,5,6,14,Argentina - Primera Nacional,0.5,0.75,6,1.75,1.38,0.62,2.0,1.33,7
Patronato,8,4,2,2,11,6,5,14,Argentina - Primera Nacional,0.5,0.75,5,1.75,1.38,0.75,2.0,1.33,7
CA Estudiantes,8,4,2,2,10,6,4,14,Argentina - Primera Nacional,0.5,0.75,4,1.75,1.25,0.75,2.0,1.33,7
SM Tucuman,8,3,4,1,7,4,3,13,Argentina - Primera Nacional,0.38,0.88,3,1.62,0.88,0.5,2.63,1.14,8
Colon Santa Fe,8,4,1,3,7,5,2,13,Argentina - Primera Nacional,0.5,0.62,2,1.62,0.88,0.62,2.0,1.61,8
D. de Belgrano,8,3,4,1,6,5,1,13,Argentina - Primera Nacional,0.38,0.88,1,1.62,0.75,0.62,2.63,1.14,8
All Boys,8,3,3,2,10,6,4,12,Argentina - Primera Nacional,0.38,0.75,4,1.5,1.25,0.75,2.63,1.33,9
CA Guemes,8,2,5,1,7,5,2,11,Argentina - Primera Nacional,0.25,0.88,2,1.38,0.88,0.62,4.0,1.14,10
Chacarita J.,8,3,2,3,11,10,1,11,Argentina - Primera Nacional,0.38,0.62,1,1.38,1.38,1.25,2.63,1.61,10
Nueva Chicago,8,3,2,3,8,7,1,11,Argentina - Primera Nacional,0.38,0.62,1,1.38,1.0,0.88,2.63,1.61,10
Central Norte,8,3,2,3,10,10,0,11,Argentina - Primera Nacional,0.38,0.62,0,1.38,1.25,1.25,2.63,1.61,10
Colegiales,8,3,2,3,4,4,0,11,Argentina - Primera Nacional,0.38,0.62,0,1.38,0.5,0.5,2.63,1.61,10
A. Quilmes,8,6,2,0,14,3,11,20,Argentina - Primera B,0.75,1.0,11,2.5,1.75,0.38,1.33,1.0,1
Deportivo Merlo,8,5,3,0,12,5,7,18,Argentina - Primera B,0.62,1.0,7,2.25,1.5,0.62,1.61,1.0,2
Excursionistas,8,5,2,1,18,7,11,17,Argentina - Primera B,0.62,0.88,11,2.12,2.25,0.88,1.61,1.14,3
D. Armenio,8,5,2,1,14,4,10,17,Argentina - Primera B,0.62,0.88,10,2.12,1.75,0.5,1.61,1.14,3
Colegiales,8,5,2,1,10,1,9,17,Argentina - Primera B,0.62,0.88,9,2.12,1.25,0.12,1.61,1.14,3
Liniers,8,4,3,1,12,6,6,15,Argentina - Primera B,0.5,0.88,6,1.88,1.5,0.75,2.0,1.14,4
Flandria,8,4,3,1,8,3,5,15,Argentina - Primera B,0.5,0.88,5,1.88,1.0,0.38,2.0,1.14,4
Villa Dalmine,8,4,3,1,6,4,2,15,Argentina - Primera B,0.5,0.88,2,1.88,0.75,0.5,2.0,1.14,4
S. Italiano,8,4,2,2,11,3,8,14,Argentina - Primera B,0.5,0.75,8,1.75,1.38,0.38,2.0,1.33,5
Midland,8,4,2,2,11,5,6,14,Argentina - Primera B,0.5,0.75,6,1.75,1.38,0.62,2.0,1.33,5
SM Burzaco,8,4,2,2,9,4,5,14,Argentina - Primera B,0.5,0.75,5,1.75,1.12,0.5,2.0,1.33,5
Los Andes,8,4,1,3,9,6,3,13,Argentina - Primera B,0.5,0.62,3,1.62,1.12,0.75,2.0,1.61,6
UAI Urquiza,8,3,3,2,10,9,1,12,Argentina - Primera B,0.38,0.75,1,1.5,1.25,1.12,2.63,1.33,7
Sacachispas,8,3,2,3,5,7,-2,11,Argentina - Primera B,0.38,0.62,-2,1.38,0.62,0.88,2.63,1.61,8
Comunicaciones,8,2,4,2,8,8,0,10,Argentina - Primera B,0.25,0.75,0,1.25,1.0,1.0,4.0,1.33,9
Argentino Merlo,8,3,1,4,8,11,-3,10,Argentina - Primera B,0.38,0.5,-3,1.25,1.0,1.38,2.63,2.0,9
Fenix,8,2,2,4,6,7,-1,8,Argentina - Primera B,0.25,0.5,-1,1.0,0.75,0.88,4.0,2.0,10
Dock Sud,8,2,2,4,8,10,-2,8,Argentina - Primera B,0.25,0.5,-2,1.0,1.0,1.25,4.0,2.0,10
Acassuso,8,2,2,4,6,11,-5,8,Argentina - Primera B,0.25,0.5,-5,1.0,0.75,1.38,4.0,2.0,10
Canuelas,8,2,2,4,3,9,-6,8,Argentina - Primera B,0.25,0.5,-6,1.0,0.38,1.12,4.0,2.0,10
D. Laferrere,8,1,4,3,7,9,-2,7,Argentina - Primera B,0.12,0.62,-2,0.88,0.88,1.12,8.33,1.61,11
V. San Carlos,8,1,3,4,3,4,-1,6,Argentina - Primera B,0.12,0.5,-1,0.75,0.38,0.5,8.33,2.0,12
Cipolletti,7,6,1,0,16,2,14,19,Argentina - Torneo Federal,0.86,1.0,14,2.71,2.29,0.29,1.16,1.0,1
A. Rafaela,6,6,0,0,11,2,9,18,Argentina - Torneo Federal,1.0,1.0,9,3.0,1.83,0.33,1.0,1.0,2
Sarmiento DLB,6,5,1,0,10,3,7,16,Argentina - Torneo Federal,0.83,1.0,7,2.67,1.67,0.5,1.2,1.0,3
G. Chivilcoy,7,5,1,1,12,9,3,16,Argentina - Torneo Federal,0.71,0.86,3,2.29,1.71,1.29,1.41,1.16,3
Ciudad Bolivar,5,5,0,0,13,2,11,15,Argentina - Torneo Federal,1.0,1.0,11,3.0,2.6,0.4,1.0,1.0,4
Villa Mitre,6,5,0,1,9,3,6,15,Argentina - Torneo Federal,0.83,0.83,6,2.5,1.5,0.5,1.2,1.2,4
S. Belgrano,6,4,2,0,11,1,10,14,Argentina - Torneo Federal,0.67,1.0,10,2.33,1.83,0.17,1.49,1.0,5
SM Formosa,6,4,2,0,11,1,10,14,Argentina - Torneo Federal,0.67,1.0,10,2.33,1.83,0.17,1.49,1.0,5
Costa Brava,6,4,2,0,8,2,6,14,Argentina - Torneo Federal,0.67,1.0,6,2.33,1.33,0.33,1.49,1.0,5
J. Antoniana,5,4,1,0,10,3,7,13,Argentina - Torneo Federal,0.8,1.0,7,2.6,2.0,0.6,1.25,1.0,6
D. Rincon,7,4,1,2,11,8,3,13,Argentina - Torneo Federal,0.57,0.71,3,1.86,1.57,1.14,1.75,1.41,6
Ben Hur,6,3,3,0,9,4,5,12,Argentina - Torneo Federal,0.5,1.0,5,2.0,1.5,0.67,2.0,1.0,7
Gimnasia E.,7,3,3,1,9,4,5,12,Argentina - Torneo Federal,0.43,0.86,5,1.71,1.29,0.57,2.33,1.16,7
D. Belgrano VR,7,3,3,1,6,4,2,12,Argentina - Torneo Federal,0.43,0.86,2,1.71,0.86,0.57,2.33,1.16,7
Olimpo Bahia B.,7,3,2,2,11,7,4,11,Argentina - Torneo Federal,0.43,0.71,4,1.57,1.57,1.0,2.33,1.41,8
9 Julio Rafaela,7,3,2,2,12,9,3,11,Argentina - Torneo Federal,0.43,0.71,3,1.57,1.71,1.29,2.33,1.41,8
Juventud U. U.,6,3,2,1,7,4,3,11,Argentina - Torneo Federal,0.5,0.83,3,1.83,1.17,0.67,2.0,1.2,8
Douglas Haig,6,3,2,1,5,2,3,11,Argentina - Torneo Federal,0.5,0.83,3,1.83,0.83,0.33,2.0,1.2,8
Huracan Las H.,6,3,2,1,7,6,1,11,Argentina - Torneo Federal,0.5,0.83,1,1.83,1.17,1.0,2.0,1.2,8
Argentino MM,6,3,1,2,6,4,2,10,Argentina - Torneo Federal,0.5,0.67,2,1.67,1.0,0.67,2.0,1.49,9
I. Chivilcoy,6,2,3,1,8,5,3,9,Argentina - Torneo Federal,0.33,0.83,3,1.5,1.33,0.83,3.03,1.2,10
Bartolomé Mitre,6,2,3,1,5,3,2,9,Argentina - Torneo Federal,0.33,0.83,2,1.5,0.83,0.5,3.03,1.2,10
El Linqueno,7,2,3,2,7,6,1,9,Argentina - Torneo Federal,0.29,0.71,1,1.29,1.0,0.86,3.45,1.41,10
Sarmiento R.,6,2,3,1,7,7,0,9,Argentina - Torneo Federal,0.33,0.83,0,1.5,1.17,1.17,3.03,1.2,10
Sol de Mayo,7,2,3,2,8,10,-2,9,Argentina - Torneo Federal,0.29,0.71,-2,1.29,1.14,1.43,3.45,1.41,10
Sol de America,5,2,2,1,9,4,5,8,Argentina - Torneo Federal,0.4,0.8,5,1.6,1.8,0.8,2.5,1.25,11
SM Mendoza,6,2,2,2,9,5,4,8,Argentina - Torneo Federal,0.33,0.67,4,1.33,1.5,0.83,3.03,1.49,11
S. Las Parejas,6,2,2,2,6,2,4,8,Argentina - Torneo Federal,0.33,0.67,4,1.33,1.0,0.33,3.03,1.49,11
Santamarina,6,2,2,2,5,4,1,8,Argentina - Torneo Federal,0.33,0.67,1,1.33,0.83,0.67,3.03,1.49,11
Noah,8,8,0,0,27,3,24,24,Armenia - Premier League,1.0,1.0,24,3.0,3.38,0.38,1.0,1.0,1
Ararat-Armenia,8,6,1,1,26,6,20,19,Armenia - Premier League,0.75,0.88,20,2.38,3.25,0.75,1.33,1.14,2
Van,8,4,2,2,15,11,4,14,Armenia - Premier League,0.5,0.75,4,1.75,1.88,1.38,2.0,1.33,3
BKMA,8,4,2,2,13,11,2,14,Armenia - Premier League,0.5,0.75,2,1.75,1.62,1.38,2.0,1.33,3
Urartu,8,4,1,3,19,13,6,13,Armenia - Premier League,0.5,0.62,6,1.62,2.38,1.62,2.0,1.61,4
Alashkert,8,3,3,2,10,8,2,12,Armenia - Premier League,0.38,0.75,2,1.5,1.25,1.0,2.63,1.33,5
Shirak,8,3,2,3,11,7,4,11,Armenia - Premier League,0.38,0.62,4,1.38,1.38,0.88,2.63,1.61,6
Pyunik,8,3,1,4,16,15,1,10,Armenia - Premier League,0.38,0.5,1,1.25,2.0,1.88,2.63,2.0,7
Ararat Yerevan,8,2,3,3,12,14,-2,9,Armenia - Premier League,0.25,0.62,-2,1.12,1.5,1.75,4.0,1.61,8
West Armenia,8,2,1,5,3,14,-11,7,Armenia - Premier League,0.25,0.38,-11,0.88,0.38,1.75,4.0,2.63,9
Gandzasar,8,1,1,6,5,21,-16,4,Armenia - Premier League,0.12,0.25,-16,0.5,0.62,2.62,8.33,4.0,10
Western United,8,6,1,1,20,9,11,19,Australia - A-League,0.75,0.88,11,2.38,2.5,1.12,1.33,1.14,1
Melbourne City,8,6,1,1,13,4,9,19,Australia - A-League,0.75,0.88,9,2.38,1.62,0.5,1.33,1.14,1
Auckland,8,4,4,0,19,9,10,16,Australia - A-League,0.5,1.0,10,2.0,2.38,1.12,2.0,1.0,2
Melbourne V.,8,4,2,2,17,12,5,14,Australia - A-League,0.5,0.75,5,1.75,2.12,1.5,2.0,1.33,3
WS Wanderers,8,4,1,3,17,13,4,13,Australia - A-League,0.5,0.62,4,1.62,2.12,1.62,2.0,1.61,4
Sydney FC,8,3,3,2,22,17,5,12,Australia - A-League,0.38,0.75,5,1.5,2.75,2.12,2.63,1.33,5
Newcastle Jets,8,3,2,3,18,13,5,11,Australia - A-League,0.38,0.62,5,1.38,2.25,1.62,2.63,1.61,6
Adelaide Utd,8,3,2,3,17,17,0,11,Australia - A-League,0.38,0.62,0,1.38,2.12,2.12,2.63,1.61,6
Perth Glory,8,2,2,4,10,12,-2,8,Australia - A-League,0.25,0.5,-2,1.0,1.25,1.5,4.0,2.0,7
Brisbane Roar,8,2,2,4,6,12,-6,8,Australia - A-League,0.25,0.5,-6,1.0,0.75,1.5,4.0,2.0,7
Central Coast,8,1,3,4,11,19,-8,6,Australia - A-League,0.12,0.5,-8,0.75,1.38,2.38,8.33,2.0,8
Macarthur FC,8,1,2,5,10,16,-6,5,Australia - A-League,0.12,0.38,-6,0.62,1.25,2.0,8.33,2.63,9
Wellington,8,0,4,4,6,11,-5,4,Australia - A-League,0.0,0.5,-5,0.5,0.75,1.38,0.0,2.0,10
Avondale,8,8,0,0,29,4,25,24,Australia - NPL Victoria,1.0,1.0,25,3.0,3.62,0.5,1.0,1.0,1
Dandenong T.,8,6,2,0,23,7,16,20,Australia - NPL Victoria,0.75,1.0,16,2.5,2.88,0.88,1.33,1.0,2
Heidelberg Utd,8,6,2,0,22,9,13,20,Australia - NPL Victoria,0.75,1.0,13,2.5,2.75,1.12,1.33,1.0,2
Hume City,8,5,1,2,14,10,4,16,Australia - NPL Victoria,0.62,0.75,4,2.0,1.75,1.25,1.61,1.33,3
Preston Lions,8,5,1,2,13,9,4,16,Australia - NPL Victoria,0.62,0.75,4,2.0,1.62,1.12,1.61,1.33,3
Oakleigh C.,8,5,0,3,19,9,10,15,Australia - NPL Victoria,0.62,0.62,10,1.88,2.38,1.12,1.61,1.61,4
Green Gully,8,4,3,1,14,10,4,15,Australia - NPL Victoria,0.5,0.88,4,1.88,1.75,1.25,2.0,1.14,4
Altona Magic,8,2,3,3,6,5,1,9,Australia - NPL Victoria,0.25,0.62,1,1.12,0.75,0.62,4.0,1.61,5
Dandenong City,8,2,2,4,15,18,-3,8,Australia - NPL Victoria,0.25,0.5,-3,1.0,1.88,2.25,4.0,2.0,6
Port Melbourne,8,2,1,5,8,15,-7,7,Australia - NPL Victoria,0.25,0.38,-7,0.88,1.0,1.88,4.0,2.63,7
Melbourne K.,8,2,0,6,8,14,-6,6,Australia - NPL Victoria,0.25,0.25,-6,0.75,1.0,1.75,4.0,4.0,8
South Melbourne,7,2,0,5,9,16,-7,6,Australia - NPL Victoria,0.29,0.29,-7,0.86,1.29,2.29,3.45,3.45,8
St. Albans,7,1,1,5,9,14,-5,4,Australia - NPL Victoria,0.14,0.29,-5,0.57,1.29,2.0,7.14,3.45,9
M. Victory B,8,1,1,6,11,20,-9,4,Australia - NPL Victoria,0.12,0.25,-9,0.5,1.38,2.5,8.33,4.0,9
Q. Lions,6,5,1,0,15,6,9,16,Australia - NPL Queensland,0.83,1.0,9,2.67,2.5,1.0,1.2,1.0,1
Gold C. Utd,5,4,0,1,11,7,4,12,Australia - NPL Queensland,0.8,0.8,4,2.4,2.2,1.4,1.25,1.25,2
Moreton City E.,5,3,2,0,13,8,5,11,Australia - NPL Queensland,0.6,1.0,5,2.2,2.6,1.6,1.67,1.0,3
Gold C. Knights,5,3,1,1,8,4,4,10,Australia - NPL Queensland,0.6,0.8,4,2.0,1.6,0.8,1.67,1.25,4
Brisbane City,7,2,2,3,9,12,-3,8,Australia - NPL Queensland,0.29,0.57,-3,1.14,1.29,1.71,3.45,1.75,5
Peninsula,3,2,1,0,8,2,6,7,Australia - NPL Queensland,0.67,1.0,6,2.33,2.67,0.67,1.49,1.0,6
Olympic FC,4,2,0,2,6,4,2,6,Australia - NPL Queensland,0.5,0.5,2,1.5,1.5,1.0,2.0,2.0,7
Wynnum Wolves,6,1,3,2,12,12,0,6,Australia - NPL Queensland,0.17,0.67,0,1.0,2.0,2.0,5.88,1.49,7
Brisbane Roar B,6,2,0,4,10,11,-1,6,Australia - NPL Queensland,0.33,0.33,-1,1.0,1.67,1.83,3.03,3.03,7
Eastern Suburbs,3,1,1,1,4,6,-2,4,Australia - NPL Queensland,0.33,0.67,-2,1.33,1.33,2.0,3.03,1.49,8
SC Wanderers,5,1,1,3,5,11,-6,4,Australia - NPL Queensland,0.2,0.4,-6,0.8,1.0,2.2,5.0,2.5,8
St George W.,6,1,1,4,6,13,-7,4,Australia - NPL Queensland,0.17,0.33,-7,0.67,1.0,2.17,5.88,3.03,8
Austria Wien,8,7,0,1,15,4,11,21,Austria - Bundesliga,0.88,0.88,11,2.62,1.88,0.5,1.14,1.14,1
Sturm Graz,8,5,2,1,26,11,15,17,Austria - Bundesliga,0.62,0.88,15,2.12,3.25,1.38,1.61,1.14,2
Rapid Wien,8,5,1,2,16,7,9,16,Austria - Bundesliga,0.62,0.75,9,2.0,2.0,0.88,1.61,1.33,3
Salzburg,8,4,3,1,15,6,9,15,Austria - Bundesliga,0.5,0.88,9,1.88,1.88,0.75,2.0,1.14,4
LASK Linz,8,4,2,2,15,10,5,14,Austria - Bundesliga,0.5,0.75,5,1.75,1.88,1.25,2.0,1.33,5
Hartberg,8,4,2,2,10,9,1,14,Austria - Bundesliga,0.5,0.75,1,1.75,1.25,1.12,2.0,1.33,5
BW Linz,8,4,0,4,13,11,2,12,Austria - Bundesliga,0.5,0.5,2,1.5,1.62,1.38,2.0,2.0,6
Wolfsberger AC,8,3,1,4,11,10,1,10,Austria - Bundesliga,0.38,0.5,1,1.25,1.38,1.25,2.63,2.0,7
A. Klagenfurt,8,2,3,3,11,13,-2,9,Austria - Bundesliga,0.25,0.62,-2,1.12,1.38,1.62,4.0,1.61,8
Tirol,8,1,4,3,6,11,-5,7,Austria - Bundesliga,0.12,0.62,-5,0.88,0.75,1.38,8.33,1.61,9
Grazer AK,8,1,2,5,8,14,-6,5,Austria - Bundesliga,0.12,0.38,-6,0.62,1.0,1.75,8.33,2.63,10
Altach,8,0,4,4,6,10,-4,4,Austria - Bundesliga,0.0,0.5,-4,0.5,0.75,1.25,0.0,2.0,11
St. Polten,8,6,1,1,23,11,12,19,Austria - 2. Liga,0.75,0.88,12,2.38,2.88,1.38,1.33,1.14,1
Kapfenberger,8,6,1,1,26,17,9,19,Austria - 2. Liga,0.75,0.88,9,2.38,3.25,2.12,1.33,1.14,1
Ried,8,5,3,0,15,5,10,18,Austria - 2. Liga,0.62,1.0,10,2.25,1.88,0.62,1.61,1.0,2
Stripfing,8,5,1,2,14,9,5,16,Austria - 2. Liga,0.62,0.75,5,2.0,1.75,1.12,1.61,1.33,3
Liefering,8,5,0,3,17,11,6,15,Austria - 2. Liga,0.62,0.62,6,1.88,2.12,1.38,1.61,1.61,4
Sturm Graz B,8,5,0,3,13,11,2,15,Austria - 2. Liga,0.62,0.62,2,1.88,1.62,1.38,1.61,1.61,4
First Vienna,8,5,0,3,12,10,2,15,Austria - 2. Liga,0.62,0.62,2,1.88,1.5,1.25,1.61,1.61,4
Admira Wacker,8,4,2,2,17,12,5,14,Austria - 2. Liga,0.5,0.75,5,1.75,2.12,1.5,2.0,1.33,5
SV Horn,8,4,2,2,13,8,5,14,Austria - 2. Liga,0.5,0.75,5,1.75,1.62,1.0,2.0,1.33,5
Floridsdorfer,8,3,4,1,9,6,3,13,Austria - 2. Liga,0.38,0.88,3,1.62,1.12,0.75,2.63,1.14,6
Voitsberg,8,3,3,2,8,6,2,12,Austria - 2. Liga,0.38,0.75,2,1.5,1.0,0.75,2.63,1.33,7
Bregenz,8,4,0,4,14,16,-2,12,Austria - 2. Liga,0.5,0.5,-2,1.5,1.75,2.0,2.0,2.0,7
A. Lustenau,8,3,1,4,8,7,1,10,Austria - 2. Liga,0.38,0.5,1,1.25,1.0,0.88,2.63,2.0,8
Amstetten,8,2,3,3,9,12,-3,9,Austria - 2. Liga,0.25,0.62,-3,1.12,1.12,1.5,4.0,1.61,9
Rapid Wien B,8,3,0,5,11,18,-7,9,Austria - 2. Liga,0.38,0.38,-7,1.12,1.38,2.25,2.63,2.63,9
Lafnitz,8,1,4,3,13,20,-7,7,Austria - 2. Liga,0.12,0.62,-7,0.88,1.62,2.5,8.33,1.61,10
Qarabag,8,6,1,1,18,3,15,19,Azerbaijan - Premier League,0.75,0.88,15,2.38,2.25,0.38,1.33,1.14,1
Zira,8,6,1,1,15,6,9,19,Azerbaijan - Premier League,0.75,0.88,9,2.38,1.88,0.75,1.33,1.14,1
Sabah,8,4,3,1,13,9,4,15,Azerbaijan - Premier League,0.5,0.88,4,1.88,1.62,1.12,2.0,1.14,2
Kapaz,8,3,4,1,7,5,2,13,Azerbaijan - Premier League,0.38,0.88,2,1.62,0.88,0.62,2.63,1.14,3
Neftci,8,3,3,2,11,9,2,12,Azerbaijan - Premier League,0.38,0.75,2,1.5,1.38,1.12,2.63,1.33,4
Turan,8,3,1,4,11,12,-1,10,Azerbaijan - Premier League,0.38,0.5,-1,1.25,1.38,1.5,2.63,2.0,5
Shamakhi,8,3,1,4,5,7,-2,10,Azerbaijan - Premier League,0.38,0.5,-2,1.25,0.62,0.88,2.63,2.0,5
Araz,8,1,5,2,6,7,-1,8,Azerbaijan - Premier League,0.12,0.75,-1,1.0,0.75,0.88,8.33,1.33,6
Sumqayit,8,1,3,4,9,13,-4,6,Azerbaijan - Premier League,0.12,0.5,-4,0.75,1.12,1.62,8.33,2.0,7
Sebail,8,0,3,5,4,14,-10,3,Azerbaijan - Premier League,0.0,0.38,-10,0.38,0.5,1.75,0.0,2.63,8
Al-Muharraq,8,6,1,1,19,5,14,19,Bahrain - Premier League,0.75,0.88,14,2.38,2.38,0.62,1.33,1.14,1
Khalidiya,8,6,0,2,15,8,7,18,Bahrain - Premier League,0.75,0.75,7,2.25,1.88,1.0,1.33,1.33,2
Al Ahli M.,8,4,1,3,15,13,2,13,Bahrain - Premier League,0.5,0.62,2,1.62,1.88,1.62,2.0,1.61,3
East Riffa,8,3,3,2,9,10,-1,12,Bahrain - Premier League,0.38,0.75,-1,1.5,1.12,1.25,2.63,1.33,4
Sitra,8,2,4,2,8,7,1,10,Bahrain - Premier League,0.25,0.75,1,1.25,1.0,0.88,4.0,1.33,5
Al Riffa,8,3,1,4,13,13,0,10,Bahrain - Premier League,0.38,0.5,0,1.25,1.62,1.62,2.63,2.0,5
Bahrain SC,8,2,3,3,12,14,-2,9,Bahrain - Premier League,0.25,0.62,-2,1.12,1.5,1.75,4.0,1.61,6
AAli FC,8,2,2,4,8,12,-4,8,Bahrain - Premier League,0.25,0.5,-4,1.0,1.0,1.5,4.0,2.0,7
Al Shabbab,8,1,4,3,6,9,-3,7,Bahrain - Premier League,0.12,0.62,-3,0.88,0.75,1.12,8.33,1.61,8
Malkiya,8,0,6,2,5,7,-2,6,Bahrain - Premier League,0.0,0.75,-2,0.75,0.62,0.88,0.0,1.33,9
Al-Najma,8,1,3,4,8,12,-4,6,Bahrain - Premier League,0.12,0.5,-4,0.75,1.0,1.5,8.33,2.0,9
Manama,8,1,2,5,3,14,-11,5,Bahrain - Premier League,0.12,0.38,-11,0.62,0.38,1.75,8.33,2.63,10
Abahani,8,5,2,1,19,4,15,17,Bangladesh - Premier League,0.62,0.88,15,2.12,2.38,0.5,1.61,1.14,1
Mohammedan,8,5,1,2,18,10,8,16,Bangladesh - Premier League,0.62,0.75,8,2.0,2.25,1.25,1.61,1.33,2
Bashundhara K.,8,4,2,2,18,10,8,14,Bangladesh - Premier League,0.5,0.75,8,1.75,2.25,1.25,2.0,1.33,3
B. Police,8,4,2,2,8,11,-3,14,Bangladesh - Premier League,0.5,0.75,-3,1.75,1.0,1.38,2.0,1.33,3
Rahmatgonj,8,4,1,3,17,9,8,13,Bangladesh - Premier League,0.5,0.62,8,1.62,2.12,1.12,2.0,1.61,4
Brothers Union,8,3,3,2,10,3,7,12,Bangladesh - Premier League,0.38,0.75,7,1.5,1.25,0.38,2.63,1.33,5
Fortis,8,2,6,0,9,6,3,12,Bangladesh - Premier League,0.25,1.0,3,1.5,1.12,0.75,4.0,1.0,5
Dhaka Wanderers,8,2,0,6,6,22,-16,6,Bangladesh - Premier League,0.25,0.25,-16,0.75,0.75,2.75,4.0,4.0,6
Fakirerpool,8,2,0,6,12,32,-20,6,Bangladesh - Premier League,0.25,0.25,-20,0.75,1.5,4.0,4.0,4.0,6
Chittagong,8,1,0,7,3,21,-18,3,Bangladesh - Premier League,0.12,0.12,-18,0.38,0.38,2.62,8.33,8.33,7
Dinamo Minsk,6,6,0,0,13,5,8,18,Belarus - Vysshaya Liga,1.0,1.0,8,3.0,2.17,0.83,1.0,1.0,1
Maxline,5,4,1,0,10,4,6,13,Belarus - Vysshaya Liga,0.8,1.0,6,2.6,2.0,0.8,1.25,1.0,2
Isloch,6,3,3,0,16,5,11,12,Belarus - Vysshaya Liga,0.5,1.0,11,2.0,2.67,0.83,2.0,1.0,3
Dinamo Brest,6,3,1,2,11,5,6,10,Belarus - Vysshaya Liga,0.5,0.67,6,1.67,1.83,0.83,2.0,1.49,4
Slavia Mozyr,5,3,1,1,9,4,5,10,Belarus - Vysshaya Liga,0.6,0.8,5,2.0,1.8,0.8,1.67,1.25,4
Vitebsk,6,3,1,2,12,8,4,10,Belarus - Vysshaya Liga,0.5,0.67,4,1.67,2.0,1.33,2.0,1.49,4
FC Minsk,6,3,1,2,10,9,1,10,Belarus - Vysshaya Liga,0.5,0.67,1,1.67,1.67,1.5,2.0,1.49,4
T. Zhodino,5,2,2,1,6,5,1,8,Belarus - Vysshaya Liga,0.4,0.8,1,1.6,1.2,1.0,2.5,1.25,5
Neman Grodno,6,2,0,4,6,6,0,6,Belarus - Vysshaya Liga,0.33,0.33,0,1.0,1.0,1.0,3.03,3.03,6
Arsenal D.,6,1,3,2,6,7,-1,6,Belarus - Vysshaya Liga,0.17,0.67,-1,1.0,1.0,1.17,5.88,1.49,6
Gomel,5,1,2,2,3,3,0,5,Belarus - Vysshaya Liga,0.2,0.6,0,1.0,0.6,0.6,5.0,1.67,7
BATE Borisov,5,1,2,2,6,7,-1,5,Belarus - Vysshaya Liga,0.2,0.6,-1,1.0,1.2,1.4,5.0,1.67,7
Slutsk,7,1,2,4,5,9,-4,5,Belarus - Vysshaya Liga,0.14,0.43,-4,0.71,0.71,1.29,7.14,2.33,7
Naftan,5,1,1,3,6,12,-6,4,Belarus - Vysshaya Liga,0.2,0.4,-6,0.8,1.2,2.4,5.0,2.5,8
Smorgon,3,0,0,3,0,5,-5,0,Belarus - Vysshaya Liga,0.0,0.0,-5,0.0,0.0,1.67,0.0,0.0,9
Molodechno,5,0,0,5,0,9,-9,0,Belarus - Vysshaya Liga,0.0,0.0,-9,0.0,0.0,1.8,0.0,0.0,9
Dnepr Mogilev,5,5,0,0,12,3,9,15,Belarus - First League,1.0,1.0,9,3.0,2.4,0.6,1.0,1.0,1
BATE B,7,4,2,1,20,10,10,14,Belarus - First League,0.57,0.86,10,2.0,2.86,1.43,1.75,1.16,2
Niva,6,3,3,0,11,8,3,12,Belarus - First League,0.5,1.0,3,2.0,1.83,1.33,2.0,1.0,3
Ostrovets,6,4,0,2,10,7,3,12,Belarus - First League,0.67,0.67,3,2.0,1.67,1.17,1.49,1.49,3
Dinamo Minsk B,7,3,2,2,11,5,6,11,Belarus - First League,0.43,0.71,6,1.57,1.57,0.71,2.33,1.41,4
Lokomotiv Gomel,5,3,2,0,10,6,4,11,Belarus - First League,0.6,1.0,4,2.2,2.0,1.2,1.67,1.0,4
Baranovichi,5,3,1,1,14,6,8,10,Belarus - First League,0.6,0.8,8,2.0,2.8,1.2,1.67,1.25,5
ABFF U19,6,3,1,2,8,7,1,10,Belarus - First League,0.5,0.67,1,1.67,1.33,1.17,2.0,1.49,5
Belshina,5,2,2,1,9,7,2,8,Belarus - First League,0.4,0.8,2,1.6,1.8,1.4,2.5,1.25,6
Lida,5,2,1,2,11,8,3,7,Belarus - First League,0.4,0.6,3,1.4,2.2,1.6,2.5,1.67,7
Volna Pinsk,6,2,1,3,9,13,-4,7,Belarus - First League,0.33,0.5,-4,1.17,1.5,2.17,3.03,2.0,7
Gomel B,5,1,3,1,9,11,-2,6,Belarus - First League,0.2,0.8,-2,1.2,1.8,2.2,5.0,1.25,8
Bumprom,5,1,2,2,4,5,-1,5,Belarus - First League,0.2,0.6,-1,1.0,0.8,1.0,5.0,1.67,9
Orsha,4,1,1,2,8,8,0,4,Belarus - First League,0.25,0.5,0,1.0,2.0,2.0,4.0,2.0,10
Slonim,5,1,1,3,2,7,-5,4,Belarus - First League,0.2,0.4,-5,0.8,0.4,1.4,5.0,2.5,10
Osipovichy,5,1,1,3,5,11,-6,4,Belarus - First League,0.2,0.4,-6,0.8,1.0,2.2,5.0,2.5,10
Uni X L. Minsk,5,1,0,4,5,9,-4,3,Belarus - First League,0.2,0.2,-4,0.6,1.0,1.8,5.0,5.0,11
Minsk B,6,0,0,6,4,13,-9,0,Belarus - First League,0.0,0.0,-9,0.0,0.67,2.17,0.0,0.0,12
KRC Genk,8,7,1,0,15,4,11,22,Belgium - Pro League,0.88,1.0,11,2.75,1.88,0.5,1.14,1.0,1
Club Brugge,8,6,1,1,21,11,10,19,Belgium - Pro League,0.75,0.88,10,2.38,2.62,1.38,1.33,1.14,2
Royale Union SG,8,6,1,1,17,7,10,19,Belgium - Pro League,0.75,0.88,10,2.38,2.12,0.88,1.33,1.14,2
OH Leuven,8,5,3,0,10,4,6,18,Belgium - Pro League,0.62,1.0,6,2.25,1.25,0.5,1.61,1.0,3
Anderlecht,8,5,0,3,19,10,9,15,Belgium - Pro League,0.62,0.62,9,1.88,2.38,1.25,1.61,1.61,4
Gent,8,3,3,2,11,10,1,12,Belgium - Pro League,0.38,0.75,1,1.5,1.38,1.25,2.63,1.33,5
Antwerp,8,3,3,2,13,13,0,12,Belgium - Pro League,0.38,0.75,0,1.5,1.62,1.62,2.63,1.33,5
Westerlo,8,3,2,3,16,12,4,11,Belgium - Pro League,0.38,0.62,4,1.38,2.0,1.5,2.63,1.61,6
Standard Liege,8,3,2,3,5,6,-1,11,Belgium - Pro League,0.38,0.62,-1,1.38,0.62,0.75,2.63,1.61,6
KV Mechelen,8,2,4,2,12,10,2,10,Belgium - Pro League,0.25,0.75,2,1.25,1.5,1.25,4.0,1.33,7
Sint-Truiden,8,2,4,2,13,12,1,10,Belgium - Pro League,0.25,0.75,1,1.25,1.62,1.5,4.0,1.33,7
Beerschot,8,2,4,2,9,12,-3,10,Belgium - Pro League,0.25,0.75,-3,1.25,1.12,1.5,4.0,1.33,7
Cercle Brugge,8,2,4,2,5,10,-5,10,Belgium - Pro League,0.25,0.75,-5,1.25,0.62,1.25,4.0,1.33,7
Charleroi,8,2,3,3,11,8,3,9,Belgium - Pro League,0.25,0.62,3,1.12,1.38,1.0,4.0,1.61,8
Dender,8,2,3,3,5,7,-2,9,Belgium - Pro League,0.25,0.62,-2,1.12,0.62,0.88,4.0,1.61,8
Kortrijk,8,2,1,5,8,12,-4,7,Belgium - Pro League,0.25,0.38,-4,0.88,1.0,1.5,4.0,2.63,9
Zulte-Waregem,8,7,0,1,23,9,14,21,Belgium - Challenger Pro League,0.88,0.88,14,2.62,2.88,1.12,1.14,1.14,1
RWDM,8,7,0,1,10,2,8,21,Belgium - Challenger Pro League,0.88,0.88,8,2.62,1.25,0.25,1.14,1.14,1
La Louviere,8,5,3,0,14,6,8,18,Belgium - Challenger Pro League,0.62,1.0,8,2.25,1.75,0.75,1.61,1.0,2
Beveren,8,4,3,1,12,7,5,15,Belgium - Challenger Pro League,0.5,0.88,5,1.88,1.5,0.88,2.0,1.14,3
Club Brugge B,8,5,0,3,12,7,5,15,Belgium - Challenger Pro League,0.62,0.62,5,1.88,1.5,0.88,1.61,1.61,3
Patro Eisden,8,4,2,2,15,8,7,14,Belgium - Challenger Pro League,0.5,0.75,7,1.75,1.88,1.0,2.0,1.33,4
Lierse K.,8,4,2,2,8,6,2,14,Belgium - Challenger Pro League,0.5,0.75,2,1.75,1.0,0.75,2.0,1.33,4
Lokeren-Temse,8,4,2,2,8,9,-1,14,Belgium - Challenger Pro League,0.5,0.75,-1,1.75,1.0,1.12,2.0,1.33,4
Eupen,8,4,1,3,12,11,1,13,Belgium - Challenger Pro League,0.5,0.62,1,1.62,1.5,1.38,2.0,1.61,5
RFC Liege,8,3,3,2,11,9,2,12,Belgium - Challenger Pro League,0.38,0.75,2,1.5,1.38,1.12,2.63,1.33,6
Francs Borains,8,3,2,3,12,14,-2,11,Belgium - Challenger Pro League,0.38,0.62,-2,1.38,1.5,1.75,2.63,1.61,7
Anderlecht B,8,2,2,4,15,16,-1,8,Belgium - Challenger Pro League,0.25,0.5,-1,1.0,1.88,2.0,4.0,2.0,8
Lommel SK,8,1,1,6,7,13,-6,4,Belgium - Challenger Pro League,0.12,0.25,-6,0.5,0.88,1.62,8.33,4.0,9
KRC Genk B,8,0,3,5,10,17,-7,3,Belgium - Challenger Pro League,0.0,0.38,-7,0.38,1.25,2.12,0.0,2.63,10
Seraing,8,0,3,5,7,17,-10,3,Belgium - Challenger Pro League,0.0,0.38,-10,0.38,0.88,2.12,0.0,2.63,10
Deinze,0,0,0,0,0,0,0,0,Belgium - Challenger Pro League,0.0,0.0,0,0.0,0.0,0.0,0.0,0.0,11
The Strongest,5,5,0,0,19,8,11,15,Bolivia - Primera Div. - Apertura,1.0,1.0,11,3.0,3.8,1.6,1.0,1.0,1
Blooming,5,4,1,0,14,4,10,13,Bolivia - Primera Div. - Apertura,0.8,1.0,10,2.6,2.8,0.8,1.25,1.0,2
Always Ready,4,3,1,0,10,4,6,10,Bolivia - Primera Div. - Apertura,0.75,1.0,6,2.5,2.5,1.0,1.33,1.0,3
Bolivar,4,3,0,1,14,6,8,9,Bolivia - Primera Div. - Apertura,0.75,0.75,8,2.25,3.5,1.5,1.33,1.33,4
Guabira,5,3,0,2,12,10,2,9,Bolivia - Primera Div. - Apertura,0.6,0.6,2,1.8,2.4,2.0,1.67,1.67,4
SA Bulo Bulo,4,2,2,0,10,6,4,8,Bolivia - Primera Div. - Apertura,0.5,1.0,4,2.0,2.5,1.5,2.0,1.0,5
GV San Jose,5,2,2,1,5,6,-1,8,Bolivia - Primera Div. - Apertura,0.4,0.8,-1,1.6,1.0,1.2,2.5,1.25,5
Aurora,4,2,1,1,9,5,4,7,Bolivia - Primera Div. - Apertura,0.5,0.75,4,1.75,2.25,1.25,2.0,1.33,6
U. de Vinto,5,2,1,2,8,12,-4,7,Bolivia - Primera Div. - Apertura,0.4,0.6,-4,1.4,1.6,2.4,2.5,1.67,6
Nacional Potosi,4,2,0,2,7,4,3,6,Bolivia - Primera Div. - Apertura,0.5,0.5,3,1.5,1.75,1.0,2.0,2.0,7
Real Tomayapo,4,1,3,0,6,5,1,6,Bolivia - Primera Div. - Apertura,0.25,1.0,1,1.5,1.5,1.25,4.0,1.0,7
Real Oruro,4,1,2,1,5,4,1,5,Bolivia - Primera Div. - Apertura,0.25,0.75,1,1.25,1.25,1.0,4.0,1.33,8
Oriente P.,4,1,2,1,5,5,0,5,Bolivia - Primera Div. - Apertura,0.25,0.75,0,1.25,1.25,1.25,4.0,1.33,8
I. Petrolero,5,1,2,2,8,9,-1,5,Bolivia - Primera Div. - Apertura,0.2,0.6,-1,1.0,1.6,1.8,5.0,1.67,8
ABB,4,1,2,1,3,4,-1,5,Bolivia - Primera Div. - Apertura,0.25,0.75,-1,1.25,0.75,1.0,4.0,1.33,8
Wilstermann,5,0,1,4,2,11,-9,1,Bolivia - Primera Div. - Apertura,0.0,0.2,-9,0.2,0.4,2.2,0.0,5.0,9
Cruzeiro,6,5,1,0,10,3,7,16,Brazil - Serie A,0.83,1.0,7,2.67,1.67,0.5,1.2,1.0,1
Flamengo,6,4,2,0,17,1,16,14,Brazil - Serie A,0.67,1.0,16,2.33,2.83,0.17,1.49,1.0,2
Bahia,6,4,2,0,8,4,4,14,Brazil - Serie A,0.67,1.0,4,2.33,1.33,0.67,1.49,1.0,2
Botafogo,5,4,1,0,13,4,9,13,Brazil - Serie A,0.8,1.0,9,2.6,2.6,0.8,1.25,1.0,3
Corinthians,6,4,1,1,10,5,5,13,Brazil - Serie A,0.67,0.83,5,2.17,1.67,0.83,1.49,1.2,3
Ceara,6,4,1,1,8,3,5,13,Brazil - Serie A,0.67,0.83,5,2.17,1.33,0.5,1.49,1.2,3
Fluminense,5,4,1,0,8,4,4,13,Brazil - Serie A,0.8,1.0,4,2.6,1.6,0.8,1.25,1.0,3
Bragantino,6,4,1,1,7,4,3,13,Brazil - Serie A,0.67,0.83,3,2.17,1.17,0.67,1.49,1.2,3
Mirassol,5,3,2,0,10,5,5,11,Brazil - Serie A,0.6,1.0,5,2.2,2.0,1.0,1.67,1.0,4
Gremio,6,3,2,1,6,5,1,11,Brazil - Serie A,0.5,0.83,1,1.83,1.0,0.83,2.0,1.2,4
Vasco da Gama,6,3,1,2,8,5,3,10,Brazil - Serie A,0.5,0.67,3,1.67,1.33,0.83,2.0,1.49,5
Atletico MG,5,2,3,0,6,4,2,9,Brazil - Serie A,0.4,1.0,2,1.8,1.2,0.8,2.5,1.0,6
Sao Paulo,6,2,3,1,5,5,0,9,Brazil - Serie A,0.33,0.83,0,1.5,0.83,0.83,3.03,1.2,6
Juventude,6,2,2,2,7,7,0,8,Brazil - Serie A,0.33,0.67,0,1.33,1.17,1.17,3.03,1.49,7
Fortaleza,5,2,1,2,8,4,4,7,Brazil - Serie A,0.4,0.6,4,1.4,1.6,0.8,2.5,1.67,8
Internacional,5,2,1,2,7,5,2,7,Brazil - Serie A,0.4,0.6,2,1.4,1.4,1.0,2.5,1.67,8
Vitoria,5,2,1,2,6,6,0,7,Brazil - Serie A,0.4,0.6,0,1.4,1.2,1.2,2.5,1.67,8
Palmeiras,5,2,1,2,3,3,0,7,Brazil - Serie A,0.4,0.6,0,1.4,0.6,0.6,2.5,1.67,8
Santos,5,1,2,2,5,5,0,5,Brazil - Serie A,0.2,0.6,0,1.0,1.0,1.0,5.0,1.67,9
Sport Recife,5,0,2,3,2,8,-6,2,Brazil - Serie A,0.0,0.4,-6,0.4,0.4,1.6,0.0,2.5,10
Goias,6,5,1,0,10,3,7,16,Brazil - Serie B,0.83,1.0,7,2.67,1.67,0.5,1.2,1.0,1
Remo,6,5,1,0,9,2,7,16,Brazil - Serie B,0.83,1.0,7,2.67,1.5,0.33,1.2,1.0,1
Avai,6,4,2,0,8,2,6,14,Brazil - Serie B,0.67,1.0,6,2.33,1.33,0.33,1.49,1.0,2
Novorizontino,6,4,2,0,10,5,5,14,Brazil - Serie B,0.67,1.0,5,2.33,1.67,0.83,1.49,1.0,2
Coritiba,5,4,1,0,6,1,5,13,Brazil - Serie B,0.8,1.0,5,2.6,1.2,0.2,1.25,1.0,3
CRB,5,4,1,0,6,1,5,13,Brazil - Serie B,0.8,1.0,5,2.6,1.2,0.2,1.25,1.0,3
America MG,6,4,1,1,10,6,4,13,Brazil - Serie B,0.67,0.83,4,2.17,1.67,1.0,1.49,1.2,3
Cuiaba,6,4,1,1,9,6,3,13,Brazil - Serie B,0.67,0.83,3,2.17,1.5,1.0,1.49,1.2,3
Chapecoense,5,4,0,1,10,4,6,12,Brazil - Serie B,0.8,0.8,6,2.4,2.0,0.8,1.25,1.25,4
Vila Nova,5,4,0,1,6,2,4,12,Brazil - Serie B,0.8,0.8,4,2.4,1.2,0.4,1.25,1.25,4
Athletico PR,6,3,1,2,7,7,0,10,Brazil - Serie B,0.5,0.67,0,1.67,1.17,1.17,2.0,1.49,5
Ferroviaria,5,2,3,0,7,4,3,9,Brazil - Serie B,0.4,1.0,3,1.8,1.4,0.8,2.5,1.0,6
Operario PR,5,2,2,1,7,4,3,8,Brazil - Serie B,0.4,0.8,3,1.6,1.4,0.8,2.5,1.25,7
Atletico GO,5,2,2,1,8,6,2,8,Brazil - Serie B,0.4,0.8,2,1.6,1.6,1.2,2.5,1.25,7
Volta Redonda,5,2,2,1,3,2,1,8,Brazil - Serie B,0.4,0.8,1,1.6,0.6,0.4,2.5,1.25,7
Amazonas,5,1,3,1,4,4,0,6,Brazil - Serie B,0.2,0.8,0,1.2,0.8,0.8,5.0,1.25,8
Botafogo SP,6,1,3,2,5,8,-3,6,Brazil - Serie B,0.17,0.67,-3,1.0,0.83,1.33,5.88,1.49,8
Criciuma,5,1,2,2,6,4,2,5,Brazil - Serie B,0.2,0.6,2,1.0,1.2,0.8,5.0,1.67,9
Athletic Club,5,1,0,4,3,8,-5,3,Brazil - Serie B,0.2,0.2,-5,0.6,0.6,1.6,5.0,5.0,10
Paysandu,5,0,2,3,2,6,-4,2,Brazil - Serie B,0.0,0.4,-4,0.4,0.4,1.2,0.0,2.5,11
Caxias,4,4,0,0,9,3,6,12,Brazil - Serie C,1.0,1.0,6,3.0,2.25,0.75,1.0,1.0,1
Brusque,4,3,0,1,3,1,2,9,Brazil - Serie C,0.75,0.75,2,2.25,0.75,0.25,1.33,1.33,2
Ypiranga,4,3,0,1,5,6,-1,9,Brazil - Serie C,0.75,0.75,-1,2.25,1.25,1.5,1.33,1.33,2
Tombense,4,2,2,0,6,3,3,8,Brazil - Serie C,0.5,1.0,3,2.0,1.5,0.75,2.0,1.0,3
CSA,4,2,2,0,6,4,2,8,Brazil - Serie C,0.5,1.0,2,2.0,1.5,1.0,2.0,1.0,3
Maringa,4,2,2,0,6,4,2,8,Brazil - Serie C,0.5,1.0,2,2.0,1.5,1.0,2.0,1.0,3
Botafogo PB,4,2,1,1,6,3,3,7,Brazil - Serie C,0.5,0.75,3,1.75,1.5,0.75,2.0,1.33,4
Figueirense,4,2,1,1,6,4,2,7,Brazil - Serie C,0.5,0.75,2,1.75,1.5,1.0,2.0,1.33,4
Itabaiana,4,2,1,1,5,4,1,7,Brazil - Serie C,0.5,0.75,1,1.75,1.25,1.0,2.0,1.33,4
Retro,4,2,1,1,3,3,0,7,Brazil - Serie C,0.5,0.75,0,1.75,0.75,0.75,2.0,1.33,4
Floresta,4,2,1,1,2,2,0,7,Brazil - Serie C,0.5,0.75,0,1.75,0.5,0.5,2.0,1.33,4
Londrina,4,1,3,0,6,4,2,6,Brazil - Serie C,0.25,1.0,2,1.5,1.5,1.0,4.0,1.0,5
Confianca,4,2,0,2,7,6,1,6,Brazil - Serie C,0.5,0.5,1,1.5,1.75,1.5,2.0,2.0,5
Ponte Preta,4,2,0,2,4,5,-1,6,Brazil - Serie C,0.5,0.5,-1,1.5,1.0,1.25,2.0,2.0,5
Ituano,4,1,2,1,3,2,1,5,Brazil - Serie C,0.25,0.75,1,1.25,0.75,0.5,4.0,1.33,6
Nautico,4,1,2,1,2,1,1,5,Brazil - Serie C,0.25,0.75,1,1.25,0.5,0.25,4.0,1.33,6
Sao Bernardo,4,1,2,1,3,4,-1,5,Brazil - Serie C,0.25,0.75,-1,1.25,0.75,1.0,4.0,1.33,6
Guarani,4,1,1,2,4,5,-1,4,Brazil - Serie C,0.25,0.5,-1,1.0,1.0,1.25,4.0,2.0,7
ABC,4,0,3,1,6,7,-1,3,Brazil - Serie C,0.0,0.75,-1,0.75,1.5,1.75,0.0,1.33,8
Anapolis,4,0,3,1,1,2,-1,3,Brazil - Serie C,0.0,0.75,-1,0.75,0.25,0.5,0.0,1.33,8
Ferroviario,4,4,0,0,8,2,6,12,Brazil - Serie D,1.0,1.0,6,3.0,2.0,0.5,1.0,1.0,1
Portuguesa,4,4,0,0,7,3,4,12,Brazil - Serie D,1.0,1.0,4,3.0,1.75,0.75,1.0,1.0,1
Joinville,4,4,0,0,5,1,4,12,Brazil - Serie D,1.0,1.0,4,3.0,1.25,0.25,1.0,1.0,1
Manauara,5,3,2,0,11,1,10,11,Brazil - Serie D,0.6,1.0,10,2.2,2.2,0.2,1.67,1.0,2
ASA,4,3,1,0,11,4,7,10,Brazil - Serie D,0.75,1.0,7,2.5,2.75,1.0,1.33,1.0,3
Inter Limeira,4,3,1,0,10,3,7,10,Brazil - Serie D,0.75,1.0,7,2.5,2.5,0.75,1.33,1.0,3
Marcilio Dias,4,3,1,0,5,0,5,10,Brazil - Serie D,0.75,1.0,5,2.5,1.25,0.0,1.33,1.0,3
Luverdense,4,3,1,0,7,3,4,10,Brazil - Serie D,0.75,1.0,4,2.5,1.75,0.75,1.33,1.0,3
Jequie,5,3,1,1,7,4,3,10,Brazil - Serie D,0.6,0.8,3,2.0,1.4,0.8,1.67,1.25,3
CFRJ . Marica,5,3,1,1,6,3,3,10,Brazil - Serie D,0.6,0.8,3,2.0,1.2,0.6,1.67,1.25,3
Santa C. Natal,5,3,1,1,3,2,1,10,Brazil - Serie D,0.6,0.8,1,2.0,0.6,0.4,1.67,1.25,3
America RN,3,3,0,0,9,0,9,9,Brazil - Serie D,1.0,1.0,9,3.0,3.0,0.0,1.0,1.0,4
Tuna Luso,3,3,0,0,10,2,8,9,Brazil - Serie D,1.0,1.0,8,3.0,3.33,0.67,1.0,1.0,4
Santa Cruz,3,3,0,0,9,2,7,9,Brazil - Serie D,1.0,1.0,7,3.0,3.0,0.67,1.0,1.0,4
Rio Branco ES,4,3,0,1,7,1,6,9,Brazil - Serie D,0.75,0.75,6,2.25,1.75,0.25,1.33,1.33,4
Ceilandia,4,3,0,1,7,3,4,9,Brazil - Serie D,0.75,0.75,4,2.25,1.75,0.75,1.33,1.33,4
Iguatu,4,3,0,1,7,3,4,9,Brazil - Serie D,0.75,0.75,4,2.25,1.75,0.75,1.33,1.33,4
Sao Luiz,5,3,0,2,6,3,3,9,Brazil - Serie D,0.6,0.6,3,1.8,1.2,0.6,1.67,1.67,4
Central,5,3,0,2,6,5,1,9,Brazil - Serie D,0.6,0.6,1,1.8,1.2,1.0,1.67,1.67,4
Aguia de Maraba,5,2,2,1,8,3,5,8,Brazil - Serie D,0.4,0.8,5,1.6,1.6,0.6,2.5,1.25,5
Uberlandia,5,2,2,1,8,6,2,8,Brazil - Serie D,0.4,0.8,2,1.6,1.6,1.2,2.5,1.25,5
Goiatuba EC,5,2,2,1,7,5,2,8,Brazil - Serie D,0.4,0.8,2,1.6,1.4,1.0,2.5,1.25,5
Boavista,5,2,2,1,7,6,1,8,Brazil - Serie D,0.4,0.8,1,1.6,1.4,1.2,2.5,1.25,5
Aparecidense,3,2,1,0,7,2,5,7,Brazil - Serie D,0.67,1.0,5,2.33,2.33,0.67,1.49,1.0,6
Manaus,3,2,1,0,6,1,5,7,Brazil - Serie D,0.67,1.0,5,2.33,2.0,0.33,1.49,1.0,6
Barra FC,3,2,1,0,6,2,4,7,Brazil - Serie D,0.67,1.0,4,2.33,2.0,0.67,1.49,1.0,6
EC Sao Jose,3,2,1,0,5,1,4,7,Brazil - Serie D,0.67,1.0,4,2.33,1.67,0.33,1.49,1.0,6
Cianorte,4,2,1,1,6,3,3,7,Brazil - Serie D,0.5,0.75,3,1.75,1.5,0.75,2.0,1.33,6
Horizonte,4,2,1,1,6,4,2,7,Brazil - Serie D,0.5,0.75,2,1.75,1.5,1.0,2.0,1.33,6
Flamengo,6,4,0,2,12,4,8,12,Brazil - Carioca,0.67,0.67,8,2.0,2.0,0.67,1.49,1.49,1
Vasco da Gama,6,3,2,1,10,5,5,11,Brazil - Carioca,0.5,0.83,5,1.83,1.67,0.83,2.0,1.2,2
Sampaio Correa,5,3,1,1,9,5,4,10,Brazil - Carioca,0.6,0.8,4,2.0,1.8,1.0,1.67,1.25,3
Fluminense,6,2,4,0,7,4,3,10,Brazil - Carioca,0.33,1.0,3,1.67,1.17,0.67,3.03,1.0,3
Volta Redonda,5,3,1,1,5,4,1,10,Brazil - Carioca,0.6,0.8,1,2.0,1.0,0.8,1.67,1.25,3
Botafogo,6,3,0,3,8,7,1,9,Brazil - Carioca,0.5,0.5,1,1.5,1.33,1.17,2.0,2.0,4
Nova Iguacu,6,2,3,1,5,4,1,9,Brazil - Carioca,0.33,0.83,1,1.5,0.83,0.67,3.03,1.2,4
Boavista,6,1,5,0,7,5,2,8,Brazil - Carioca,0.17,1.0,2,1.33,1.17,0.83,5.88,1.0,5
CFRJ . Marica,5,2,2,1,6,4,2,8,Brazil - Carioca,0.4,0.8,2,1.6,1.2,0.8,2.5,1.25,5
Madureira,5,2,2,1,4,2,2,8,Brazil - Carioca,0.4,0.8,2,1.6,0.8,0.4,2.5,1.25,5
Portuguesa RJ,5,2,0,3,6,11,-5,6,Brazil - Carioca,0.4,0.4,-5,1.2,1.2,2.2,2.5,2.5,6
Bangu,5,0,1,4,0,10,-10,1,Brazil - Carioca,0.0,0.2,-10,0.2,0.0,2.0,0.0,5.0,7
Tombense,4,3,1,0,4,1,3,10,Brazil - Mineiro,0.75,1.0,3,2.5,1.0,0.25,1.33,1.0,1
Athletic Club,4,3,0,1,11,6,5,9,Brazil - Mineiro,0.75,0.75,5,2.25,2.75,1.5,1.33,1.33,2
America MG,4,2,2,0,10,1,9,8,Brazil - Mineiro,0.5,1.0,9,2.0,2.5,0.25,2.0,1.0,3
Atletico MG,4,2,2,0,6,2,4,8,Brazil - Mineiro,0.5,1.0,4,2.0,1.5,0.5,2.0,1.0,3
Cruzeiro,4,2,1,1,5,4,1,7,Brazil - Mineiro,0.5,0.75,1,1.75,1.25,1.0,2.0,1.33,4
Uberlandia,4,1,2,1,6,4,2,5,Brazil - Mineiro,0.25,0.75,2,1.25,1.5,1.0,4.0,1.33,5
Betim,4,1,2,1,4,3,1,5,Brazil - Mineiro,0.25,0.75,1,1.25,1.0,0.75,4.0,1.33,5
Aymores,4,1,2,1,3,2,1,5,Brazil - Mineiro,0.25,0.75,1,1.25,0.75,0.5,4.0,1.33,5
Pouso Alegre,4,1,1,2,2,4,-2,4,Brazil - Mineiro,0.25,0.5,-2,1.0,0.5,1.0,4.0,2.0,6
Itabirito,4,1,1,2,2,5,-3,4,Brazil - Mineiro,0.25,0.5,-3,1.0,0.5,1.25,4.0,2.0,6
Democrata GV,4,1,0,3,4,7,-3,3,Brazil - Mineiro,0.25,0.25,-3,0.75,1.0,1.75,4.0,4.0,7
Villa Nova,4,0,0,4,1,8,-7,0,Brazil - Mineiro,0.0,0.0,-7,0.0,0.25,2.0,0.0,0.0,8
Anapolis,6,4,1,1,9,4,5,13,Brazil - Goiano,0.67,0.83,5,2.17,1.5,0.67,1.49,1.2,1
Vila Nova,6,3,3,0,3,0,3,12,Brazil - Goiano,0.5,1.0,3,2.0,0.5,0.0,2.0,1.0,2
Goias,6,3,2,1,7,3,4,11,Brazil - Goiano,0.5,0.83,4,1.83,1.17,0.5,2.0,1.2,3
Aparecidense,6,3,1,2,6,3,3,10,Brazil - Goiano,0.5,0.67,3,1.67,1.0,0.5,2.0,1.49,4
Jataiense,5,3,0,2,9,5,4,9,Brazil - Goiano,0.6,0.6,4,1.8,1.8,1.0,1.67,1.67,5
CRAC,5,2,3,0,6,3,3,9,Brazil - Goiano,0.4,1.0,3,1.8,1.2,0.6,2.5,1.0,5
ABECAT Ouvidore,5,3,0,2,6,4,2,9,Brazil - Goiano,0.6,0.6,2,1.8,1.2,0.8,1.67,1.67,5
Atletico GO,6,2,3,1,4,4,0,9,Brazil - Goiano,0.33,0.83,0,1.5,0.67,0.67,3.03,1.2,5
Inhumas,5,3,0,2,6,8,-2,9,Brazil - Goiano,0.6,0.6,-2,1.8,1.2,1.6,1.67,1.67,5
Goiania,6,2,1,3,6,8,-2,7,Brazil - Goiano,0.33,0.5,-2,1.17,1.0,1.33,3.03,2.0,6
Goianesia,5,1,3,1,7,5,2,6,Brazil - Goiano,0.2,0.8,2,1.2,1.4,1.0,5.0,1.25,7
Goiatuba EC,5,2,0,3,3,6,-3,6,Brazil - Goiano,0.4,0.4,-3,1.2,0.6,1.2,2.5,2.5,7
Santa Cruz,5,5,0,0,8,1,7,15,Brazil - Pernambucano,1.0,1.0,7,3.0,1.6,0.2,1.0,1.0,1
Nautico,5,4,1,0,12,4,8,13,Brazil - Pernambucano,0.8,1.0,8,2.6,2.4,0.8,1.25,1.0,2
Maguary PE,4,3,1,0,8,1,7,10,Brazil - Pernambucano,0.75,1.0,7,2.5,2.0,0.25,1.33,1.0,3
Jaguar,4,3,0,1,5,6,-1,9,Brazil - Pernambucano,0.75,0.75,-1,2.25,1.25,1.5,1.33,1.33,4
Sport Recife,5,2,2,1,12,5,7,8,Brazil - Pernambucano,0.4,0.8,7,1.6,2.4,1.0,2.5,1.25,5
Decisao,4,2,2,0,6,2,4,8,Brazil - Pernambucano,0.5,1.0,4,2.0,1.5,0.5,2.0,1.0,5
Retro,5,2,2,1,5,5,0,8,Brazil - Pernambucano,0.4,0.8,0,1.6,1.0,1.0,2.5,1.25,5
Central,5,2,1,2,6,5,1,7,Brazil - Pernambucano,0.4,0.6,1,1.4,1.2,1.0,2.5,1.67,6
Afogados,4,0,4,0,4,4,0,4,Brazil - Pernambucano,0.0,1.0,0,1.0,1.0,1.0,0.0,1.0,7
Petrolina,4,0,1,3,1,5,-4,1,Brazil - Pernambucano,0.0,0.25,-4,0.25,0.25,1.25,0.0,4.0,8
Corinthians,6,5,1,0,12,6,6,16,Brazil - Paulista,0.83,1.0,6,2.67,2.0,1.0,1.2,1.0,1
Santos,6,4,1,1,13,6,7,13,Brazil - Paulista,0.67,0.83,7,2.17,2.17,1.0,1.49,1.2,2
Bragantino,6,4,0,2,9,5,4,12,Brazil - Paulista,0.67,0.67,4,2.0,1.5,0.83,1.49,1.49,3
Sao Paulo,6,3,2,1,12,7,5,11,Brazil - Paulista,0.5,0.83,5,1.83,2.0,1.17,2.0,1.2,4
Guarani,6,3,2,1,10,5,5,11,Brazil - Paulista,0.5,0.83,5,1.83,1.67,0.83,2.0,1.2,4
Mirassol,6,3,1,2,15,9,6,10,Brazil - Paulista,0.5,0.67,6,1.67,2.5,1.5,2.0,1.49,5
Sao Bernardo,6,3,1,2,10,9,1,10,Brazil - Paulista,0.5,0.67,1,1.67,1.67,1.5,2.0,1.49,5
Velo Clube,6,3,1,2,7,7,0,10,Brazil - Paulista,0.5,0.67,0,1.67,1.17,1.17,2.0,1.49,5
Palmeiras,6,2,3,1,7,4,3,9,Brazil - Paulista,0.33,0.83,3,1.5,1.17,0.67,3.03,1.2,6
Portuguesa,6,2,3,1,11,9,2,9,Brazil - Paulista,0.33,0.83,2,1.5,1.83,1.5,3.03,1.2,6
Botafogo SP,6,2,2,2,4,4,0,8,Brazil - Paulista,0.33,0.67,0,1.33,0.67,0.67,3.03,1.49,7
Agua Santa,6,1,3,2,7,6,1,6,Brazil - Paulista,0.17,0.67,1,1.0,1.17,1.0,5.88,1.49,8
Novorizontino,6,1,3,2,4,5,-1,6,Brazil - Paulista,0.17,0.67,-1,1.0,0.67,0.83,5.88,1.49,8
Ponte Preta,6,1,3,2,3,4,-1,6,Brazil - Paulista,0.17,0.67,-1,1.0,0.5,0.67,5.88,1.49,8
Noroeste,6,0,4,2,7,9,-2,4,Brazil - Paulista,0.0,0.67,-2,0.67,1.17,1.5,0.0,1.49,9
Inter Limeira,6,0,3,3,3,10,-7,3,Brazil - Paulista,0.0,0.5,-7,0.5,0.5,1.67,0.0,2.0,10
Serra Branca,5,4,1,0,18,4,14,13,Brazil - Paraibano,0.8,1.0,14,2.6,3.6,0.8,1.25,1.0,1
Botafogo PB,5,4,1,0,15,4,11,13,Brazil - Paraibano,0.8,1.0,11,2.6,3.0,0.8,1.25,1.0,1
Sousa,5,4,0,1,9,2,7,12,Brazil - Paraibano,0.8,0.8,7,2.4,1.8,0.4,1.25,1.25,2
Treze,5,3,2,0,7,2,5,11,Brazil - Paraibano,0.6,1.0,5,2.2,1.4,0.4,1.67,1.0,3
Campinense,4,3,1,0,11,2,9,10,Brazil - Paraibano,0.75,1.0,9,2.5,2.75,0.5,1.33,1.0,4
Nacional Patos,4,2,1,1,8,8,0,7,Brazil - Paraibano,0.5,0.75,0,1.75,2.0,2.0,2.0,1.33,5
Pombal,4,1,2,1,3,5,-2,5,Brazil - Paraibano,0.25,0.75,-2,1.25,0.75,1.25,4.0,1.33,6
Auto Esporte,4,0,2,2,3,5,-2,2,Brazil - Paraibano,0.0,0.5,-2,0.5,0.75,1.25,0.0,2.0,7
EC de Patos,4,0,1,3,3,8,-5,1,Brazil - Paraibano,0.0,0.25,-5,0.25,0.75,2.0,0.0,4.0,8
Picuiense,5,0,0,5,3,16,-13,0,Brazil - Paraibano,0.0,0.0,-13,0.0,0.6,3.2,0.0,0.0,9
Santa Catarina,5,4,1,0,11,4,7,13,Brazil - Catarinense,0.8,1.0,7,2.6,2.2,0.8,1.25,1.0,1
Avai,6,4,0,2,10,5,5,12,Brazil - Catarinense,0.67,0.67,5,2.0,1.67,0.83,1.49,1.49,2
Marcilio Dias,6,3,3,0,6,2,4,12,Brazil - Catarinense,0.5,1.0,4,2.0,1.0,0.33,2.0,1.0,2
Brusque,6,3,2,1,8,4,4,11,Brazil - Catarinense,0.5,0.83,4,1.83,1.33,0.67,2.0,1.2,3
Figueirense,6,3,1,2,15,10,5,10,Brazil - Catarinense,0.5,0.67,5,1.67,2.5,1.67,2.0,1.49,4
Barra FC,6,2,4,0,6,4,2,10,Brazil - Catarinense,0.33,1.0,2,1.67,1.0,0.67,3.03,1.0,4
Concordia,5,3,1,1,6,5,1,10,Brazil - Catarinense,0.6,0.8,1,2.0,1.2,1.0,1.67,1.25,4
Criciuma,6,2,3,1,8,4,4,9,Brazil - Catarinense,0.33,0.83,4,1.5,1.33,0.67,3.03,1.2,5
Joinville,5,2,3,0,8,6,2,9,Brazil - Catarinense,0.4,1.0,2,1.8,1.6,1.2,2.5,1.0,5
Chapecoense,5,1,4,0,3,2,1,7,Brazil - Catarinense,0.2,1.0,1,1.4,0.6,0.4,5.0,1.0,6
Caravaggio,5,1,2,2,2,3,-1,5,Brazil - Catarinense,0.2,0.6,-1,1.0,0.4,0.6,5.0,1.67,7
Hercilio Luz,5,1,1,3,4,8,-4,4,Brazil - Catarinense,0.2,0.4,-4,0.8,0.8,1.6,5.0,2.5,8
Internacional,4,4,0,0,8,0,8,12,Brazil - Gaucho,1.0,1.0,8,3.0,2.0,0.0,1.0,1.0,1
Juventude,4,4,0,0,8,1,7,12,Brazil - Gaucho,1.0,1.0,7,3.0,2.0,0.25,1.0,1.0,1
Gremio,4,3,1,0,15,1,14,10,Brazil - Gaucho,0.75,1.0,14,2.5,3.75,0.25,1.33,1.0,2
Caxias,4,2,1,1,6,5,1,7,Brazil - Gaucho,0.5,0.75,1,1.75,1.5,1.25,2.0,1.33,3
Ypiranga,4,2,1,1,4,3,1,7,Brazil - Gaucho,0.5,0.75,1,1.75,1.0,0.75,2.0,1.33,3
Guarany de Bage,4,1,2,1,3,3,0,5,Brazil - Gaucho,0.25,0.75,0,1.25,0.75,0.75,4.0,1.33,4
Brasil de P.,4,1,2,1,2,2,0,5,Brazil - Gaucho,0.25,0.75,0,1.25,0.5,0.5,4.0,1.33,4
Sao Luiz,4,1,2,1,5,6,-1,5,Brazil - Gaucho,0.25,0.75,-1,1.25,1.25,1.5,4.0,1.33,4
Pelotas,4,1,1,2,4,5,-1,4,Brazil - Gaucho,0.25,0.5,-1,1.0,1.0,1.25,4.0,2.0,5
Avenida,4,0,3,1,2,3,-1,3,Brazil - Gaucho,0.0,0.75,-1,0.75,0.5,0.75,0.0,1.33,6
EC Sao Jose,4,0,3,1,2,4,-2,3,Brazil - Gaucho,0.0,0.75,-2,0.75,0.5,1.0,0.0,1.33,6
Monsoon,4,1,0,3,3,8,-5,3,Brazil - Gaucho,0.25,0.25,-5,0.75,0.75,2.0,4.0,4.0,6
CSKA Sofia,8,6,2,0,18,4,14,20,Bulgaria - Parva Liga,0.75,1.0,14,2.5,2.25,0.5,1.33,1.0,1
Lokomotiv Sofia,8,6,1,1,18,7,11,19,Bulgaria - Parva Liga,0.75,0.88,11,2.38,2.25,0.88,1.33,1.14,2
Ludogorets,8,5,3,0,15,5,10,18,Bulgaria - Parva Liga,0.62,1.0,10,2.25,1.88,0.62,1.61,1.0,3
Botev Vratsa,8,5,2,1,11,8,3,17,Bulgaria - Parva Liga,0.62,0.88,3,2.12,1.38,1.0,1.61,1.14,4
Spartak Varna,8,5,0,3,10,9,1,15,Bulgaria - Parva Liga,0.62,0.62,1,1.88,1.25,1.12,1.61,1.61,5
Arda,8,3,4,1,13,6,7,13,Bulgaria - Parva Liga,0.38,0.88,7,1.62,1.62,0.75,2.63,1.14,6
Levski Sofia,8,3,4,1,14,9,5,13,Bulgaria - Parva Liga,0.38,0.88,5,1.62,1.75,1.12,2.63,1.14,6
CSKA 1948 Sofia,8,4,1,3,12,9,3,13,Bulgaria - Parva Liga,0.5,0.62,3,1.62,1.5,1.12,2.0,1.61,6
Slavia Sofia,8,4,1,3,15,13,2,13,Bulgaria - Parva Liga,0.5,0.62,2,1.62,1.88,1.62,2.0,1.61,6
Septemvri Sofia,8,4,0,4,12,10,2,12,Bulgaria - Parva Liga,0.5,0.5,2,1.5,1.5,1.25,2.0,2.0,7
Cherno More,8,1,7,0,8,6,2,10,Bulgaria - Parva Liga,0.12,1.0,2,1.25,1.0,0.75,8.33,1.0,8
Botev Plovdiv,8,2,3,3,8,16,-8,9,Bulgaria - Parva Liga,0.25,0.62,-8,1.12,1.0,2.0,4.0,1.61,9
Beroe,8,3,0,5,8,18,-10,9,Bulgaria - Parva Liga,0.38,0.38,-10,1.12,1.0,2.25,2.63,2.63,9
L. Krumovgrad,8,2,2,4,4,10,-6,8,Bulgaria - Parva Liga,0.25,0.5,-6,1.0,0.5,1.25,4.0,2.0,10
Lok. Plovdiv,8,2,1,5,5,9,-4,7,Bulgaria - Parva Liga,0.25,0.38,-4,0.88,0.62,1.12,4.0,2.63,11
Hebar,8,2,1,5,6,13,-7,7,Bulgaria - Parva Liga,0.25,0.38,-7,0.88,0.75,1.62,4.0,2.63,11
Cavalry,5,3,1,1,12,5,7,10,Canada - Premier League,0.6,0.8,7,2.0,2.4,1.0,1.67,1.25,1
A. Ottawa,4,3,1,0,13,7,6,10,Canada - Premier League,0.75,1.0,6,2.5,3.25,1.75,1.33,1.0,1
Forge,5,2,3,0,7,5,2,9,Canada - Premier League,0.4,1.0,2,1.8,1.4,1.0,2.5,1.0,2
York Utd,5,2,1,2,7,6,1,7,Canada - Premier League,0.4,0.6,1,1.4,1.4,1.2,2.5,1.67,3
HFX Wanderers,4,2,1,1,5,4,1,7,Canada - Premier League,0.5,0.75,1,1.75,1.25,1.0,2.0,1.33,3
Valour,5,2,1,2,6,6,0,7,Canada - Premier League,0.4,0.6,0,1.4,1.2,1.2,2.5,1.67,3
Pacific,5,2,0,3,4,5,-1,6,Canada - Premier League,0.4,0.4,-1,1.2,0.8,1.0,2.5,2.5,4
Vancouver FC,5,0,2,3,4,11,-7,2,Canada - Premier League,0.0,0.4,-7,0.4,0.8,2.2,0.0,2.5,5
Audax Italiano,7,6,1,0,17,8,9,19,Chile - Primera Division,0.86,1.0,9,2.71,2.43,1.14,1.16,1.0,1
U. de Chile,6,6,0,0,21,2,19,18,Chile - Primera Division,1.0,1.0,19,3.0,3.5,0.33,1.0,1.0,2
Cobresal,7,4,2,1,11,6,5,14,Chile - Primera Division,0.57,0.86,5,2.0,1.57,0.86,1.75,1.16,3
Union La Calera,7,4,1,2,10,5,5,13,Chile - Primera Division,0.57,0.71,5,1.86,1.43,0.71,1.75,1.41,4
U. Catolica,5,4,0,1,13,5,8,12,Chile - Primera Division,0.8,0.8,8,2.4,2.6,1.0,1.25,1.25,5
Huachipato,6,4,0,2,11,5,6,12,Chile - Primera Division,0.67,0.67,6,2.0,1.83,0.83,1.49,1.49,5
OHiggins,6,3,3,0,9,4,5,12,Chile - Primera Division,0.5,1.0,5,2.0,1.5,0.67,2.0,1.0,5
Coquimbo Unido,6,3,3,0,6,2,4,12,Chile - Primera Division,0.5,1.0,4,2.0,1.0,0.33,2.0,1.0,5
La Serena,6,4,0,2,9,9,0,12,Chile - Primera Division,0.67,0.67,0,2.0,1.5,1.5,1.49,1.49,5
Colo-Colo,6,3,2,1,11,5,6,11,Chile - Primera Division,0.5,0.83,6,1.83,1.83,0.83,2.0,1.2,6
D. Limache,7,3,1,3,9,7,2,10,Chile - Primera Division,0.43,0.57,2,1.43,1.29,1.0,2.33,1.75,7
Palestino,6,3,1,2,8,7,1,10,Chile - Primera Division,0.5,0.67,1,1.67,1.33,1.17,2.0,1.49,7
Nublense,7,1,5,1,6,5,1,8,Chile - Primera Division,0.14,0.86,1,1.14,0.86,0.71,7.14,1.16,8
Everton,7,1,4,2,8,8,0,7,Chile - Primera Division,0.14,0.71,0,1.0,1.14,1.14,7.14,1.41,9
Union Espanola,6,1,1,4,6,11,-5,4,Chile - Primera Division,0.17,0.33,-5,0.67,1.0,1.83,5.88,3.03,10
D. Iquique,5,1,0,4,4,11,-7,3,Chile - Primera Division,0.2,0.2,-7,0.6,0.8,2.2,5.0,5.0,11
Copiapo,6,4,2,0,15,3,12,14,Chile - Primera B,0.67,1.0,12,2.33,2.5,0.5,1.49,1.0,1
Recoleta,6,4,0,2,9,6,3,12,Chile - Primera B,0.67,0.67,3,2.0,1.5,1.0,1.49,1.49,2
Magallanes,6,3,2,1,8,2,6,11,Chile - Primera B,0.5,0.83,6,1.83,1.33,0.33,2.0,1.2,3
Cobreloa,6,3,2,1,10,7,3,11,Chile - Primera B,0.5,0.83,3,1.83,1.67,1.17,2.0,1.2,3
U. Concepcion,6,3,1,2,10,6,4,10,Chile - Primera B,0.5,0.67,4,1.67,1.67,1.0,2.0,1.49,4
Deportes Temuco,6,3,1,2,8,5,3,10,Chile - Primera B,0.5,0.67,3,1.67,1.33,0.83,2.0,1.49,4
San Marcos,7,3,1,3,8,8,0,10,Chile - Primera B,0.43,0.57,0,1.43,1.14,1.14,2.33,1.75,4
Antofagasta,6,2,3,1,9,7,2,9,Chile - Primera B,0.33,0.83,2,1.5,1.5,1.17,3.03,1.2,5
San Luis,5,2,3,0,5,3,2,9,Chile - Primera B,0.4,1.0,2,1.8,1.0,0.6,2.5,1.0,5
S. Wanderers,6,2,2,2,9,6,3,8,Chile - Primera B,0.33,0.67,3,1.33,1.5,1.0,3.03,1.49,6
Concepcion,5,2,2,1,5,3,2,8,Chile - Primera B,0.4,0.8,2,1.6,1.0,0.6,2.5,1.25,6
Curico Unido,7,2,2,3,11,10,1,8,Chile - Primera B,0.29,0.57,1,1.14,1.57,1.43,3.45,1.75,6
S. Morning,7,1,3,3,3,7,-4,6,Chile - Primera B,0.14,0.57,-4,0.86,0.43,1.0,7.14,1.75,7
CD Santa Cruz,6,1,2,3,5,9,-4,5,Chile - Primera B,0.17,0.5,-4,0.83,0.83,1.5,5.88,2.0,8
Rangers,6,0,4,2,9,11,-2,4,Chile - Primera B,0.0,0.67,-2,0.67,1.5,1.83,0.0,1.49,9
U. San Felipe,7,1,1,5,3,8,-5,4,Chile - Primera B,0.14,0.29,-5,0.57,0.43,1.14,7.14,3.45,9
S. Shenhua,7,6,1,0,19,8,11,19,China - Super League,0.86,1.0,11,2.71,2.71,1.14,1.16,1.0,1
Shanghai Port,8,4,2,2,14,10,4,14,China - Super League,0.5,0.75,4,1.75,1.75,1.25,2.0,1.33,2
Chengdu,7,4,2,1,9,5,4,14,China - Super League,0.57,0.86,4,2.0,1.29,0.71,1.75,1.16,2
Beijing Guoan,5,4,1,0,13,3,10,13,China - Super League,0.8,1.0,10,2.6,2.6,0.6,1.25,1.0,3
Zhejiang,6,3,3,0,14,8,6,12,China - Super League,0.5,1.0,6,2.0,2.33,1.33,2.0,1.0,4
Qingdao West C.,7,3,3,1,13,11,2,12,China - Super League,0.43,0.86,2,1.71,1.86,1.57,2.33,1.16,4
Shandong T.,7,3,2,2,13,8,5,11,China - Super League,0.43,0.71,5,1.57,1.86,1.14,2.33,1.41,5
Yunnan Yukun,6,3,1,2,9,8,1,10,China - Super League,0.5,0.67,1,1.67,1.5,1.33,2.0,1.49,6
Dalian Yingbo,6,3,1,2,7,8,-1,10,China - Super League,0.5,0.67,-1,1.67,1.17,1.33,2.0,1.49,6
Meizhou Hakka,7,3,0,4,13,16,-3,9,China - Super League,0.43,0.43,-3,1.29,1.86,2.29,2.33,2.33,7
Tianjin T.,6,2,2,2,8,9,-1,8,China - Super League,0.33,0.67,-1,1.33,1.33,1.5,3.03,1.49,8
Wuhan Three T.,6,2,2,2,11,14,-3,8,China - Super League,0.33,0.67,-3,1.33,1.83,2.33,3.03,1.49,8
Qingdao Hainiu,7,1,4,2,8,7,1,7,China - Super League,0.14,0.71,1,1.0,1.14,1.0,7.14,1.41,9
Sichuan Jiuniu,5,2,1,2,9,9,0,7,China - Super League,0.4,0.6,0,1.4,1.8,1.8,2.5,1.67,9
Henan SL,5,1,0,4,10,13,-3,3,China - Super League,0.2,0.2,-3,0.6,2.0,2.6,5.0,5.0,10
Changchun Yatai,6,0,2,4,4,8,-4,2,China - Super League,0.0,0.33,-4,0.33,0.67,1.33,0.0,3.03,11
Liaoning Tieren,5,5,0,0,14,4,10,15,China - League One,1.0,1.0,10,3.0,2.8,0.8,1.0,1.0,1
Yanbian Longdin,5,5,0,0,11,3,8,15,China - League One,1.0,1.0,8,3.0,2.2,0.6,1.0,1.0,1
Chongqing T.,6,4,2,0,8,4,4,14,China - League One,0.67,1.0,4,2.33,1.33,0.67,1.49,1.0,2
Shenzhen J.,5,4,0,1,10,8,2,12,China - League One,0.8,0.8,2,2.4,2.0,1.6,1.25,1.25,3
Dalian Kuncheng,6,3,2,1,6,5,1,11,China - League One,0.5,0.83,1,1.83,1.0,0.83,2.0,1.2,4
Nantong Zhiyun,6,3,1,2,11,7,4,10,China - League One,0.5,0.67,4,1.67,1.83,1.17,2.0,1.49,5
Shaanxi Union,5,3,1,1,10,7,3,10,China - League One,0.6,0.8,3,2.0,2.0,1.4,1.67,1.25,5
Shanghai Jiadin,6,3,1,2,9,7,2,10,China - League One,0.5,0.67,2,1.67,1.5,1.17,2.0,1.49,5
Suzhou Dongwu,5,2,3,0,5,1,4,9,China - League One,0.4,1.0,4,1.8,1.0,0.2,2.5,1.0,6
Guangdong GZP,5,3,0,2,9,7,2,9,China - League One,0.6,0.6,2,1.8,1.8,1.4,1.67,1.67,6
S. Gongfu,5,2,1,2,6,5,1,7,China - League One,0.4,0.6,1,1.4,1.2,1.0,2.5,1.67,7
Heilongjiang IC,6,1,4,1,9,9,0,7,China - League One,0.17,0.83,0,1.17,1.5,1.5,5.88,1.2,7
Foshan Nanshi,6,1,3,2,5,8,-3,6,China - League One,0.17,0.67,-3,1.0,0.83,1.33,5.88,1.49,8
Nanjing City,6,1,2,3,6,9,-3,5,China - League One,0.17,0.5,-3,0.83,1.0,1.5,5.88,2.0,9
Guangxi Baoyun,6,1,0,5,3,12,-9,3,China - League One,0.17,0.17,-9,0.5,0.5,2.0,5.88,5.88,10
Qingdao RL,5,0,2,3,2,6,-4,2,China - League One,0.0,0.4,-4,0.4,0.4,1.2,0.0,2.5,11
Wuxi Wugou,7,5,2,0,10,1,9,17,China - League Two,0.71,1.0,9,2.43,1.43,0.14,1.41,1.0,1
Nantong Haimen,6,4,2,0,19,6,13,14,China - League Two,0.67,1.0,13,2.33,3.17,1.0,1.49,1.0,2
Guangxi H.,6,4,1,1,14,4,10,13,China - League Two,0.67,0.83,10,2.17,2.33,0.67,1.49,1.2,3
Guizhou Zhuchen,6,4,1,1,8,4,4,13,China - League Two,0.67,0.83,4,2.17,1.33,0.67,1.49,1.2,3
Shenzhen 2028,7,3,3,1,8,5,3,12,China - League Two,0.43,0.86,3,1.71,1.14,0.71,2.33,1.16,4
Chengdu Rongche,7,3,2,2,8,6,2,11,China - League Two,0.43,0.71,2,1.57,1.14,0.86,2.33,1.41,5
Shanghai Port B,6,3,1,2,10,5,5,10,China - League Two,0.5,0.67,5,1.67,1.67,0.83,2.0,1.49,6
Taian Tiankuang,7,3,1,3,9,7,2,10,China - League Two,0.43,0.57,2,1.43,1.29,1.0,2.33,1.75,6
Guangzhou Dande,6,3,1,2,7,6,1,10,China - League Two,0.5,0.67,1,1.67,1.17,1.0,2.0,1.49,6
Changchun Xidu,5,3,0,2,5,2,3,9,China - League Two,0.6,0.6,3,1.8,1.0,0.4,1.67,1.67,7
Shandong T. B,6,2,3,1,7,5,2,9,China - League Two,0.33,0.83,2,1.5,1.17,0.83,3.03,1.2,7
Wenzhou Pro.,6,2,3,1,10,9,1,9,China - League Two,0.33,0.83,1,1.5,1.67,1.5,3.03,1.2,7
Ganzhou Ruishi,5,2,2,1,4,3,1,8,China - League Two,0.4,0.8,1,1.6,0.8,0.6,2.5,1.25,8
Jiangxi Lushan,6,2,2,2,8,8,0,8,China - League Two,0.33,0.67,0,1.33,1.33,1.33,3.03,1.49,8
Haikou M.,7,2,2,3,5,6,-1,8,China - League Two,0.29,0.57,-1,1.14,0.71,0.86,3.45,1.75,8
Langfang Glory,7,2,2,3,7,11,-4,8,China - League Two,0.29,0.57,-4,1.14,1.0,1.57,3.45,1.75,8
Xian Ronghai,7,1,4,2,3,7,-4,7,China - League Two,0.14,0.71,-4,1.0,0.43,1.0,7.14,1.41,9
Beijing IT,6,2,0,4,6,7,-1,6,China - League Two,0.33,0.33,-1,1.0,1.0,1.17,3.03,3.03,10
Rizhao Yuqi,7,1,3,3,5,8,-3,6,China - League Two,0.14,0.57,-3,0.86,0.71,1.14,7.14,1.75,10
Hubei Istar,6,1,2,3,5,7,-2,5,China - League Two,0.17,0.5,-2,0.83,0.83,1.17,5.88,2.0,11
Wuhan Three Tow,6,1,2,3,3,5,-2,5,China - League Two,0.17,0.5,-2,0.83,0.5,0.83,5.88,2.0,11
Guangdong Mingt,6,1,1,4,5,10,-5,4,China - League Two,0.17,0.33,-5,0.67,0.83,1.67,5.88,3.03,12
Quanzhou Yassin,6,0,2,4,1,8,-7,2,China - League Two,0.0,0.33,-7,0.33,0.17,1.33,0.0,3.03,13
Guangxi Lanhang,7,0,2,5,2,16,-14,2,China - League Two,0.0,0.29,-14,0.29,0.29,2.29,0.0,3.45,13
America de Cali,8,7,1,0,15,0,15,22,Colombia - Primera A - Apertura,0.88,1.0,15,2.75,1.88,0.0,1.14,1.0,1
D. Pereira,8,6,2,0,13,2,11,20,Colombia - Primera A - Apertura,0.75,1.0,11,2.5,1.62,0.25,1.33,1.0,2
Millonarios,8,6,2,0,12,2,10,20,Colombia - Primera A - Apertura,0.75,1.0,10,2.5,1.5,0.25,1.33,1.0,2
Deportivo Pasto,8,6,2,0,13,7,6,20,Colombia - Primera A - Apertura,0.75,1.0,6,2.5,1.62,0.88,1.33,1.0,2
A. Nacional,8,6,1,1,18,9,9,19,Colombia - Primera A - Apertura,0.75,0.88,9,2.38,2.25,1.12,1.33,1.14,3
Junior,8,6,1,1,12,5,7,19,Colombia - Primera A - Apertura,0.75,0.88,7,2.38,1.5,0.62,1.33,1.14,3
Deportes Tolima,8,5,2,1,11,5,6,17,Colombia - Primera A - Apertura,0.62,0.88,6,2.12,1.38,0.62,1.61,1.14,4
Once Caldas,8,5,1,2,14,6,8,16,Colombia - Primera A - Apertura,0.62,0.75,8,2.0,1.75,0.75,1.61,1.33,5
A. Bucaramanga,8,5,1,2,12,5,7,16,Colombia - Primera A - Apertura,0.62,0.75,7,2.0,1.5,0.62,1.61,1.33,5
I. Medelin,8,4,3,1,9,2,7,15,Colombia - Primera A - Apertura,0.5,0.88,7,1.88,1.12,0.25,2.0,1.14,6
A. Petrolera,8,4,2,2,12,5,7,14,Colombia - Primera A - Apertura,0.5,0.75,7,1.75,1.5,0.62,2.0,1.33,7
Santa Fe,8,3,4,1,12,9,3,13,Colombia - Primera A - Apertura,0.38,0.88,3,1.62,1.5,1.12,2.63,1.14,8
Deportivo Cali,8,3,4,1,9,6,3,13,Colombia - Primera A - Apertura,0.38,0.88,3,1.62,1.12,0.75,2.63,1.14,8
Fortaleza CEIF,8,3,2,3,9,10,-1,11,Colombia - Primera A - Apertura,0.38,0.62,-1,1.38,1.12,1.25,2.63,1.61,9
Llaneros,8,3,0,5,6,9,-3,9,Colombia - Primera A - Apertura,0.38,0.38,-3,1.12,0.75,1.12,2.63,2.63,10
Boyaca Chico,8,2,3,3,5,10,-5,9,Colombia - Primera A - Apertura,0.25,0.62,-5,1.12,0.62,1.25,4.0,1.61,10
R. Aguilas,8,2,2,4,8,10,-2,8,Colombia - Primera A - Apertura,0.25,0.5,-2,1.0,1.0,1.25,4.0,2.0,11
La Equidad,8,2,2,4,6,10,-4,8,Colombia - Primera A - Apertura,0.25,0.5,-4,1.0,0.75,1.25,4.0,2.0,11
Envigado,8,2,2,4,9,16,-7,8,Colombia - Primera A - Apertura,0.25,0.5,-7,1.0,1.12,2.0,4.0,2.0,11
Union Magdalena,8,0,4,4,7,15,-8,4,Colombia - Primera A - Apertura,0.0,0.5,-8,0.5,0.88,1.88,0.0,2.0,12
Deportivo Pasto,8,6,0,2,14,8,6,18,Colombia - Primera A - Clausura,0.75,0.75,6,2.25,1.75,1.0,1.33,1.33,1
I. Medelin,8,5,2,1,11,2,9,17,Colombia - Primera A - Clausura,0.62,0.88,9,2.12,1.38,0.25,1.61,1.14,2
Junior,8,5,2,1,17,9,8,17,Colombia - Primera A - Clausura,0.62,0.88,8,2.12,2.12,1.12,1.61,1.14,2
Millonarios,8,5,2,1,11,3,8,17,Colombia - Primera A - Clausura,0.62,0.88,8,2.12,1.38,0.38,1.61,1.14,2
America de Cali,8,5,2,1,9,3,6,17,Colombia - Primera A - Clausura,0.62,0.88,6,2.12,1.12,0.38,1.61,1.14,2
D. Pereira,8,5,1,2,10,6,4,16,Colombia - Primera A - Clausura,0.62,0.75,4,2.0,1.25,0.75,1.61,1.33,3
Santa Fe,8,4,3,1,12,5,7,15,Colombia - Primera A - Clausura,0.5,0.88,7,1.88,1.5,0.62,2.0,1.14,4
Deportes Tolima,8,4,3,1,10,4,6,15,Colombia - Primera A - Clausura,0.5,0.88,6,1.88,1.25,0.5,2.0,1.14,4
Patriotas,8,4,2,2,14,8,6,14,Colombia - Primera A - Clausura,0.5,0.75,6,1.75,1.75,1.0,2.0,1.33,5
Once Caldas,8,4,2,2,11,8,3,14,Colombia - Primera A - Clausura,0.5,0.75,3,1.75,1.38,1.0,2.0,1.33,5
A. Nacional,8,3,4,1,15,11,4,13,Colombia - Primera A - Clausura,0.38,0.88,4,1.62,1.88,1.38,2.63,1.14,6
A. Petrolera,8,3,3,2,11,8,3,12,Colombia - Primera A - Clausura,0.38,0.75,3,1.5,1.38,1.0,2.63,1.33,7
Boyaca Chico,8,3,3,2,7,10,-3,12,Colombia - Primera A - Clausura,0.38,0.75,-3,1.5,0.88,1.25,2.63,1.33,7
Fortaleza CEIF,8,3,2,3,9,9,0,11,Colombia - Primera A - Clausura,0.38,0.62,0,1.38,1.12,1.12,2.63,1.61,8
La Equidad,8,2,4,2,10,11,-1,10,Colombia - Primera A - Clausura,0.25,0.75,-1,1.25,1.25,1.38,4.0,1.33,9
Deportivo Cali,8,3,1,4,7,9,-2,10,Colombia - Primera A - Clausura,0.38,0.5,-2,1.25,0.88,1.12,2.63,2.0,9
R. Aguilas,8,2,3,3,7,9,-2,9,Colombia - Primera A - Clausura,0.25,0.62,-2,1.12,0.88,1.12,4.0,1.61,10
Jaguares de C.,8,2,3,3,5,8,-3,9,Colombia - Primera A - Clausura,0.25,0.62,-3,1.12,0.62,1.0,4.0,1.61,10
Envigado,8,2,2,4,4,4,0,8,Colombia - Primera A - Clausura,0.25,0.5,0,1.0,0.5,0.5,4.0,2.0,11
A. Bucaramanga,8,2,2,4,6,9,-3,8,Colombia - Primera A - Clausura,0.25,0.5,-3,1.0,0.75,1.12,4.0,2.0,11
Guanacasteca,8,8,0,0,13,3,10,24,Costa Rica - Primera Div. - Apertura,1.0,1.0,10,3.0,1.62,0.38,1.0,1.0,1
Alajuelense,8,6,2,0,19,5,14,20,Costa Rica - Primera Div. - Apertura,0.75,1.0,14,2.5,2.38,0.62,1.33,1.0,2
Cartagines,8,6,2,0,16,8,8,20,Costa Rica - Primera Div. - Apertura,0.75,1.0,8,2.5,2.0,1.0,1.33,1.0,2
Saprissa,8,5,2,1,17,11,6,17,Costa Rica - Primera Div. - Apertura,0.62,0.88,6,2.12,2.12,1.38,1.61,1.14,3
Herediano,8,4,1,3,15,14,1,13,Costa Rica - Primera Div. - Apertura,0.5,0.62,1,1.62,1.88,1.75,2.0,1.61,4
San Carlos,8,2,6,0,9,6,3,12,Costa Rica - Primera Div. - Apertura,0.25,1.0,3,1.5,1.12,0.75,4.0,1.0,5
Santos Guapiles,8,4,0,4,13,11,2,12,Costa Rica - Primera Div. - Apertura,0.5,0.5,2,1.5,1.62,1.38,2.0,2.0,5
Zeledon,8,3,3,2,10,8,2,12,Costa Rica - Primera Div. - Apertura,0.38,0.75,2,1.5,1.25,1.0,2.63,1.33,5
Santa Ana,8,3,3,2,11,11,0,12,Costa Rica - Primera Div. - Apertura,0.38,0.75,0,1.5,1.38,1.38,2.63,1.33,5
Sporting SJ,8,3,1,4,12,11,1,10,Costa Rica - Primera Div. - Apertura,0.38,0.5,1,1.25,1.5,1.38,2.63,2.0,6
Puntarenas,8,2,3,3,7,9,-2,9,Costa Rica - Primera Div. - Apertura,0.25,0.62,-2,1.12,0.88,1.12,4.0,1.61,7
M. Liberia,8,2,2,4,12,11,1,8,Costa Rica - Primera Div. - Apertura,0.25,0.5,1,1.0,1.5,1.38,4.0,2.0,8
Slavia Prague,8,8,0,0,19,5,14,24,CzechRepublic - 1. Liga,1.0,1.0,14,3.0,2.38,0.62,1.0,1.0,1
Jablonec,8,5,2,1,17,5,12,17,CzechRepublic - 1. Liga,0.62,0.88,12,2.12,2.12,0.62,1.61,1.14,2
Banik Ostrava,8,5,2,1,15,8,7,17,CzechRepublic - 1. Liga,0.62,0.88,7,2.12,1.88,1.0,1.61,1.14,2
Slovan Liberec,8,5,1,2,13,6,7,16,CzechRepublic - 1. Liga,0.62,0.75,7,2.0,1.62,0.75,1.61,1.33,3
Sparta Prague,8,5,1,2,15,10,5,16,CzechRepublic - 1. Liga,0.62,0.75,5,2.0,1.88,1.25,1.61,1.33,3
Teplice,8,5,1,2,10,5,5,16,CzechRepublic - 1. Liga,0.62,0.75,5,2.0,1.25,0.62,1.61,1.33,3
Viktoria Plzen,8,5,0,3,17,11,6,15,CzechRepublic - 1. Liga,0.62,0.62,6,1.88,2.12,1.38,1.61,1.61,4
Hradec Kralove,8,4,3,1,11,6,5,15,CzechRepublic - 1. Liga,0.5,0.88,5,1.88,1.38,0.75,2.0,1.14,4
Bohemians,8,3,3,2,11,8,3,12,CzechRepublic - 1. Liga,0.38,0.75,3,1.5,1.38,1.0,2.63,1.33,5
Slovacko,8,3,3,2,9,14,-5,12,CzechRepublic - 1. Liga,0.38,0.75,-5,1.5,1.12,1.75,2.63,1.33,5
Pardubice,8,3,1,4,6,9,-3,10,CzechRepublic - 1. Liga,0.38,0.5,-3,1.25,0.75,1.12,2.63,2.0,6
Karvina,8,3,1,4,10,15,-5,10,CzechRepublic - 1. Liga,0.38,0.5,-5,1.25,1.25,1.88,2.63,2.0,6
Sigma Olomouc,8,3,0,5,13,14,-1,9,CzechRepublic - 1. Liga,0.38,0.38,-1,1.12,1.62,1.75,2.63,2.63,7
Dukla Praha,8,2,3,3,8,9,-1,9,CzechRepublic - 1. Liga,0.25,0.62,-1,1.12,1.0,1.12,4.0,1.61,7
Mlada Boleslav,8,2,1,5,8,12,-4,7,CzechRepublic - 1. Liga,0.25,0.38,-4,0.88,1.0,1.5,4.0,2.63,8
C. Budejovice,8,0,2,6,6,20,-14,2,CzechRepublic - 1. Liga,0.0,0.25,-14,0.25,0.75,2.5,0.0,4.0,9
FC Midtjylland,8,7,0,1,22,10,12,21,Denmark - Superligaen,0.88,0.88,12,2.62,2.75,1.25,1.14,1.14,1
Nordsjaelland,8,6,1,1,19,10,9,19,Denmark - Superligaen,0.75,0.88,9,2.38,2.38,1.25,1.33,1.14,2
FC Kobenhavn,8,5,2,1,14,6,8,17,Denmark - Superligaen,0.62,0.88,8,2.12,1.75,0.75,1.61,1.14,3
Viborg,8,5,1,2,15,12,3,16,Denmark - Superligaen,0.62,0.75,3,2.0,1.88,1.5,1.61,1.33,4
Randers FC,8,4,2,2,14,13,1,14,Denmark - Superligaen,0.5,0.75,1,1.75,1.75,1.62,2.0,1.33,5
Brondby IF,8,3,3,2,14,13,1,12,Denmark - Superligaen,0.38,0.75,1,1.5,1.75,1.62,2.63,1.33,6
Silkeborg,8,3,2,3,10,7,3,11,Denmark - Superligaen,0.38,0.62,3,1.38,1.25,0.88,2.63,1.61,7
Lyngby,8,3,2,3,7,7,0,11,Denmark - Superligaen,0.38,0.62,0,1.38,0.88,0.88,2.63,1.61,7
SonderjyskE,8,3,2,3,14,16,-2,11,Denmark - Superligaen,0.38,0.62,-2,1.38,1.75,2.0,2.63,1.61,7
AGF Aarhus,8,2,3,3,13,12,1,9,Denmark - Superligaen,0.25,0.62,1,1.12,1.62,1.5,4.0,1.61,8
Vejle BK,8,2,3,3,13,18,-5,9,Denmark - Superligaen,0.25,0.62,-5,1.12,1.62,2.25,4.0,1.61,8
Aalborg BK,8,0,2,6,8,19,-11,2,Denmark - Superligaen,0.0,0.25,-11,0.25,1.0,2.38,0.0,4.0,9
Hillerod,8,5,2,1,21,9,12,17,Denmark - 1st Division,0.62,0.88,12,2.12,2.62,1.12,1.61,1.14,1
Fredericia,8,5,1,2,16,7,9,16,Denmark - 1st Division,0.62,0.75,9,2.0,2.0,0.88,1.61,1.33,2
Odense BK,8,3,5,0,16,12,4,14,Denmark - 1st Division,0.38,1.0,4,1.75,2.0,1.5,2.63,1.0,3
Kolding IF,8,4,1,3,11,8,3,13,Denmark - 1st Division,0.5,0.62,3,1.62,1.38,1.0,2.0,1.61,4
Hobro,8,3,4,1,10,8,2,13,Denmark - 1st Division,0.38,0.88,2,1.62,1.25,1.0,2.63,1.14,4
B 93,8,3,3,2,16,11,5,12,Denmark - 1st Division,0.38,0.75,5,1.5,2.0,1.38,2.63,1.33,5
Hvidovre,8,3,3,2,5,6,-1,12,Denmark - 1st Division,0.38,0.75,-1,1.5,0.62,0.75,2.63,1.33,5
Vendsyssel,8,3,2,3,10,7,3,11,Denmark - 1st Division,0.38,0.62,3,1.38,1.25,0.88,2.63,1.61,6
Roskilde,8,3,2,3,14,13,1,11,Denmark - 1st Division,0.38,0.62,1,1.38,1.75,1.62,2.63,1.61,6
AC Horsens,8,3,2,3,11,13,-2,11,Denmark - 1st Division,0.38,0.62,-2,1.38,1.38,1.62,2.63,1.61,6
HB Koge,8,3,1,4,9,16,-7,10,Denmark - 1st Division,0.38,0.5,-7,1.25,1.12,2.0,2.63,2.0,7
Esbjerg,8,2,0,6,5,13,-8,6,Denmark - 1st Division,0.25,0.25,-8,0.75,0.62,1.62,4.0,4.0,8
Aarhus Fremad,8,7,0,1,16,5,11,21,Denmark - 2nd Division,0.88,0.88,11,2.62,2.0,0.62,1.14,1.14,1
Fremad Amager,8,6,0,2,13,5,8,18,Denmark - 2nd Division,0.75,0.75,8,2.25,1.62,0.62,1.33,1.33,2
Naestved,8,4,2,2,11,10,1,14,Denmark - 2nd Division,0.5,0.75,1,1.75,1.38,1.25,2.0,1.33,3
Middelfart,8,4,1,3,10,10,0,13,Denmark - 2nd Division,0.5,0.62,0,1.62,1.25,1.25,2.0,1.61,4
Skive,8,3,3,2,9,5,4,12,Denmark - 2nd Division,0.38,0.75,4,1.5,1.12,0.62,2.63,1.33,5
AB Copenhagen,8,3,2,3,12,8,4,11,Denmark - 2nd Division,0.38,0.62,4,1.38,1.5,1.0,2.63,1.61,6
BK Frem,8,2,3,3,10,9,1,9,Denmark - 2nd Division,0.25,0.62,1,1.12,1.25,1.12,4.0,1.61,7
Thisted,8,2,3,3,9,11,-2,9,Denmark - 2nd Division,0.25,0.62,-2,1.12,1.12,1.38,4.0,1.61,7
Ishoj,8,2,2,4,8,10,-2,8,Denmark - 2nd Division,0.25,0.5,-2,1.0,1.0,1.25,4.0,2.0,8
Hellerup IK,8,2,2,4,6,13,-7,8,Denmark - 2nd Division,0.25,0.5,-7,1.0,0.75,1.62,4.0,2.0,8
Helsingor,8,1,4,3,9,13,-4,7,Denmark - 2nd Division,0.12,0.62,-4,0.88,1.12,1.62,8.33,1.61,9
Nykobing,8,1,3,4,9,14,-5,6,Denmark - 2nd Division,0.12,0.5,-5,0.75,1.12,1.75,8.33,2.0,10
Aucas,8,5,2,1,16,7,9,17,Ecuador - Liga Pro 1st Stage,0.62,0.88,9,2.12,2.0,0.88,1.61,1.14,1
Orense,7,5,1,1,11,6,5,16,Ecuador - Liga Pro 1st Stage,0.71,0.86,5,2.29,1.57,0.86,1.41,1.16,2
Barcelona SC,7,5,1,1,8,5,3,16,Ecuador - Liga Pro 1st Stage,0.71,0.86,3,2.29,1.14,0.71,1.41,1.16,2
LDU Quito,7,4,3,0,16,6,10,15,Ecuador - Liga Pro 1st Stage,0.57,1.0,10,2.14,2.29,0.86,1.75,1.0,3
U. Catolica,7,4,3,0,13,5,8,15,Ecuador - Liga Pro 1st Stage,0.57,1.0,8,2.14,1.86,0.71,1.75,1.0,3
Manta,8,3,4,1,16,14,2,13,Ecuador - Liga Pro 1st Stage,0.38,0.88,2,1.62,2.0,1.75,2.63,1.14,4
Mushuc Runa,8,4,1,3,16,15,1,13,Ecuador - Liga Pro 1st Stage,0.5,0.62,1,1.62,2.0,1.88,2.0,1.61,4
I. del Valle,7,3,3,1,12,6,6,12,Ecuador - Liga Pro 1st Stage,0.43,0.86,6,1.71,1.71,0.86,2.33,1.16,5
D. Cuenca,7,4,0,3,10,5,5,12,Ecuador - Liga Pro 1st Stage,0.57,0.57,5,1.71,1.43,0.71,1.75,1.75,5
Cuniburo,7,4,0,3,13,9,4,12,Ecuador - Liga Pro 1st Stage,0.57,0.57,4,1.71,1.86,1.29,1.75,1.75,5
Libertad,8,4,0,4,13,12,1,12,Ecuador - Liga Pro 1st Stage,0.5,0.5,1,1.5,1.62,1.5,2.0,2.0,5
Delfin,7,2,5,0,5,2,3,11,Ecuador - Liga Pro 1st Stage,0.29,1.0,3,1.57,0.71,0.29,3.45,1.0,6
El Nacional,8,3,1,4,8,9,-1,10,Ecuador - Liga Pro 1st Stage,0.38,0.5,-1,1.25,1.0,1.12,2.63,2.0,7
Emelec,8,2,3,3,4,8,-4,9,Ecuador - Liga Pro 1st Stage,0.25,0.62,-4,1.12,0.5,1.0,4.0,1.61,8
Macara,8,1,3,4,5,8,-3,6,Ecuador - Liga Pro 1st Stage,0.12,0.5,-3,0.75,0.62,1.0,8.33,2.0,9
Tecnico U.,7,0,3,4,7,12,-5,3,Ecuador - Liga Pro 1st Stage,0.0,0.43,-5,0.43,1.0,1.71,0.0,2.33,10
Al Ahly,8,7,1,0,23,5,18,22,Egypt - Premier League,0.88,1.0,18,2.75,2.88,0.62,1.14,1.0,1
Pyramids FC,8,6,2,0,17,3,14,20,Egypt - Premier League,0.75,1.0,14,2.5,2.12,0.38,1.33,1.0,2
Zamalek,8,5,2,1,16,6,10,17,Egypt - Premier League,0.62,0.88,10,2.12,2.0,0.75,1.61,1.14,3
Al Masry,8,4,3,1,12,7,5,15,Egypt - Premier League,0.5,0.88,5,1.88,1.5,0.88,2.0,1.14,4
National Bank,8,4,2,2,13,11,2,14,Egypt - Premier League,0.5,0.75,2,1.75,1.62,1.38,2.0,1.33,5
Modern Sport,8,4,1,3,9,8,1,13,Egypt - Premier League,0.5,0.62,1,1.62,1.12,1.0,2.0,1.61,6
Ghazl El M.,8,4,1,3,8,10,-2,13,Egypt - Premier League,0.5,0.62,-2,1.62,1.0,1.25,2.0,1.61,6
Pharco,8,2,5,1,8,8,0,11,Egypt - Premier League,0.25,0.88,0,1.38,1.0,1.0,4.0,1.14,7
ENPPI,8,3,2,3,6,8,-2,11,Egypt - Premier League,0.38,0.62,-2,1.38,0.75,1.0,2.63,1.61,7
El Gouna,8,3,1,4,8,6,2,10,Egypt - Premier League,0.38,0.5,2,1.25,1.0,0.75,2.63,2.0,8
Haras El Hodood,8,3,1,4,7,8,-1,10,Egypt - Premier League,0.38,0.5,-1,1.25,0.88,1.0,2.63,2.0,8
ZED FC,8,1,6,1,8,7,1,9,Egypt - Premier League,0.12,0.88,1,1.12,1.0,0.88,8.33,1.14,9
El Geish,8,1,5,2,7,8,-1,8,Egypt - Premier League,0.12,0.75,-1,1.0,0.88,1.0,8.33,1.33,10
Ceramica C.,8,2,2,4,14,17,-3,8,Egypt - Premier League,0.25,0.5,-3,1.0,1.75,2.12,4.0,2.0,10
Al Ittihad,8,2,2,4,5,8,-3,8,Egypt - Premier League,0.25,0.5,-3,1.0,0.62,1.0,4.0,2.0,10
Smouha,8,1,3,4,4,11,-7,6,Egypt - Premier League,0.12,0.5,-7,0.75,0.5,1.38,8.33,2.0,11
Petrojet,8,1,2,5,7,14,-7,5,Egypt - Premier League,0.12,0.38,-7,0.62,0.88,1.75,8.33,2.63,12
Ismaily,8,1,1,6,5,13,-8,4,Egypt - Premier League,0.12,0.25,-8,0.5,0.62,1.62,8.33,4.0,13
Chelsea,8,7,1,0,15,4,11,22,Premier League,0.88,1.0,11,2.75,1.88,0.5,1.14,1.0,1
Liverpool,8,6,2,0,18,7,11,20,Premier League,0.75,1.0,11,2.5,2.25,0.88,1.33,1.0,3
Manchester City,8,6,1,1,19,8,11,19,Premier League,0.75,0.88,11,2.38,2.38,1.0,1.33,1.14,4
Newcastle Utd,8,6,0,2,21,8,13,18,Premier League,0.75,0.75,13,2.25,2.62,1.0,1.33,1.33,5
Aston Villa,8,5,3,0,15,7,8,18,Premier League,0.62,1.0,8,2.25,1.88,0.88,1.61,1.0,5
Brighton,8,5,2,1,16,12,4,17,Premier League,0.62,0.88,4,2.12,2.0,1.5,1.61,1.14,6
Crystal Palace,8,4,2,2,14,9,5,14,Premier League,0.5,0.75,5,1.75,1.75,1.12,2.0,1.33,8
Arsenal,8,4,2,2,13,8,5,14,Premier League,0.5,0.75,5,1.75,1.62,1.0,2.0,1.33,8
Wolverhampton,8,4,2,2,13,8,5,14,Premier League,0.5,0.75,5,1.75,1.62,1.0,2.0,1.33,8
Nottm Forest,8,3,2,3,11,6,5,11,Premier League,0.38,0.62,5,1.38,1.38,0.75,2.63,1.61,11
Everton,8,2,5,1,14,10,4,11,Premier League,0.25,0.88,4,1.38,1.75,1.25,4.0,1.14,11
Fulham,8,3,0,5,9,13,-4,9,Premier League,0.38,0.38,-4,1.12,1.12,1.62,2.63,2.63,13
Brentford,8,2,2,4,11,14,-3,8,Premier League,0.25,0.5,-3,1.0,1.38,1.75,4.0,2.0,14
Manchester Utd,8,2,2,4,7,11,-4,8,Premier League,0.25,0.5,-4,1.0,0.88,1.38,4.0,2.0,14
Bournemouth,8,2,1,5,6,9,-3,7,Premier League,0.25,0.38,-3,0.88,0.75,1.12,4.0,2.63,15
Tottenham,8,2,1,5,9,14,-5,7,Premier League,0.25,0.38,-5,0.88,1.12,1.75,4.0,2.63,15
West Ham Utd,8,1,3,4,7,10,-3,6,Premier League,0.12,0.5,-3,0.75,0.88,1.25,8.33,2.0,16
Leicester City,8,2,0,6,4,15,-11,6,Premier League,0.25,0.25,-11,0.75,0.5,1.88,4.0,4.0,16
Southampton,8,0,2,6,5,17,-12,2,Premier League,0.0,0.25,-12,0.25,0.62,2.12,0.0,4.0,18
Ipswich Town,8,0,0,8,6,26,-20,0,Premier League,0.0,0.0,-20,0.0,0.75,3.25,0.0,0.0,19
Burnley,8,7,1,0,19,4,15,22,Premier League,0.88,1.0,15,2.75,2.38,0.5,1.14,1.0,1
Coventry City,8,7,0,1,15,5,10,21,Premier League,0.88,0.88,10,2.62,1.88,0.62,1.14,1.14,2
Leeds Utd,8,6,2,0,26,5,21,20,Premier League,0.75,1.0,21,2.5,3.25,0.62,1.33,1.0,3
Bristol City,8,6,2,0,15,8,7,20,Premier League,0.75,1.0,7,2.5,1.88,1.0,1.33,1.0,3
Millwall,8,6,1,1,11,6,5,19,Premier League,0.75,0.88,5,2.38,1.38,0.75,1.33,1.14,4
Portsmouth,8,5,2,1,11,7,4,17,Premier League,0.62,0.88,4,2.12,1.38,0.88,1.61,1.14,6
Swansea City,8,5,1,2,12,6,6,16,Premier League,0.62,0.75,6,2.0,1.5,0.75,1.61,1.33,7
Blackburn,8,4,2,2,14,10,4,14,Premier League,0.5,0.75,4,1.75,1.75,1.25,2.0,1.33,8
Sheffield Utd,8,4,2,2,12,8,4,14,Premier League,0.5,0.75,4,1.75,1.5,1.0,2.0,1.33,8
Stoke City,8,4,2,2,11,8,3,14,Premier League,0.5,0.75,3,1.75,1.38,1.0,2.0,1.33,8
Plymouth,8,4,1,3,16,13,3,13,Premier League,0.5,0.62,3,1.62,2.0,1.62,2.0,1.61,9
West Brom,8,4,1,3,12,11,1,13,Premier League,0.5,0.62,1,1.62,1.5,1.38,2.0,1.61,9
Middlesbrough,8,4,1,3,9,8,1,13,Premier League,0.5,0.62,1,1.62,1.12,1.0,2.0,1.61,9
Derby County,8,3,3,2,6,3,3,12,Premier League,0.38,0.75,3,1.5,0.75,0.38,2.63,1.33,10
Luton Town,8,3,3,2,7,5,2,12,Premier League,0.38,0.75,2,1.5,0.88,0.62,2.63,1.33,10
Norwich City,8,3,2,3,15,14,1,11,Premier League,0.38,0.62,1,1.38,1.88,1.75,2.63,1.61,11
Hull City,8,3,2,3,9,8,1,11,Premier League,0.38,0.62,1,1.38,1.12,1.0,2.63,1.61,11
Watford,8,3,2,3,7,9,-2,11,Premier League,0.38,0.62,-2,1.38,0.88,1.12,2.63,1.61,11
Sunderland,8,3,1,4,6,6,0,10,Premier League,0.38,0.5,0,1.25,0.75,0.75,2.63,2.0,12
Oxford Utd,8,3,1,4,8,10,-2,10,Premier League,0.38,0.5,-2,1.25,1.0,1.25,2.63,2.0,12
QP Rangers,8,2,3,3,11,13,-2,9,Premier League,0.25,0.62,-2,1.12,1.38,1.62,4.0,1.61,13
Preston,8,1,5,2,8,9,-1,8,Premier League,0.12,0.75,-1,1.0,1.0,1.12,8.33,1.33,14
Cardiff City,8,1,4,3,6,8,-2,7,Premier League,0.12,0.62,-2,0.88,0.75,1.0,8.33,1.61,15
Sheffield Wed,8,1,2,5,6,10,-4,5,Premier League,0.12,0.38,-4,0.62,0.75,1.25,8.33,2.63,17
Birmingham City,8,7,1,0,20,4,16,22,League One,0.88,1.0,16,2.75,2.5,0.5,1.14,1.0,1
Charlton,8,7,1,0,19,6,13,22,League One,0.88,1.0,13,2.75,2.38,0.75,1.14,1.0,1
Stockport,8,7,1,0,17,7,10,22,League One,0.88,1.0,10,2.75,2.12,0.88,1.14,1.0,1
Leyton Orient,8,5,1,2,14,9,5,16,League One,0.62,0.75,5,2.0,1.75,1.12,1.61,1.33,2
Lincoln City,8,4,2,2,15,7,8,14,League One,0.5,0.75,8,1.75,1.88,0.88,2.0,1.33,3
Wrexham,8,4,2,2,12,6,6,14,League One,0.5,0.75,6,1.75,1.5,0.75,2.0,1.33,3
Blackpool,8,4,1,3,13,9,4,13,League One,0.5,0.62,4,1.62,1.62,1.12,2.0,1.61,4
Bolton,8,4,1,3,11,10,1,13,League One,0.5,0.62,1,1.62,1.38,1.25,2.0,1.61,4
Burton Albion,8,3,3,2,12,9,3,12,League One,0.38,0.75,3,1.5,1.5,1.12,2.63,1.33,5
Exeter City,8,3,3,2,9,7,2,12,League One,0.38,0.75,2,1.5,1.12,0.88,2.63,1.33,5
Reading,8,3,3,2,9,7,2,12,League One,0.38,0.75,2,1.5,1.12,0.88,2.63,1.33,5
Peterborough,8,3,3,2,11,10,1,12,League One,0.38,0.75,1,1.5,1.38,1.25,2.63,1.33,5
Wigan Athletic,8,3,3,2,7,6,1,12,League One,0.38,0.75,1,1.5,0.88,0.75,2.63,1.33,5
Rotherham,8,3,2,3,11,14,-3,11,League One,0.38,0.62,-3,1.38,1.38,1.75,2.63,1.61,6
Wycombe,8,3,2,3,5,8,-3,11,League One,0.38,0.62,-3,1.38,0.62,1.0,2.63,1.61,6
Crawley Town,8,3,1,4,12,12,0,10,League One,0.38,0.5,0,1.25,1.5,1.5,2.63,2.0,7
Mansfield,8,3,1,4,14,15,-1,10,League One,0.38,0.5,-1,1.25,1.75,1.88,2.63,2.0,7
Barnsley,8,2,2,4,13,15,-2,8,League One,0.25,0.5,-2,1.0,1.62,1.88,4.0,2.0,8
Huddersfield,8,2,1,5,9,11,-2,7,League One,0.25,0.38,-2,0.88,1.12,1.38,4.0,2.63,9
Northampton,8,1,4,3,8,10,-2,7,League One,0.12,0.62,-2,0.88,1.0,1.25,8.33,1.61,9
Stevenage,8,1,3,4,8,11,-3,6,League One,0.12,0.5,-3,0.75,1.0,1.38,8.33,2.0,10
Bristol Rovers,8,2,0,6,9,14,-5,6,League One,0.25,0.25,-5,0.75,1.12,1.75,4.0,4.0,10
Cambridge Utd,8,1,2,5,7,10,-3,5,League One,0.12,0.38,-3,0.62,0.88,1.25,8.33,2.63,11
Shrewsbury,8,0,1,7,2,11,-9,1,League One,0.0,0.12,-9,0.12,0.25,1.38,0.0,8.33,12
Bradford,8,6,1,1,14,3,11,19,League Two,0.75,0.88,11,2.38,1.75,0.38,1.33,1.14,1
Harrogate,8,5,2,1,14,10,4,17,League Two,0.62,0.88,4,2.12,1.75,1.25,1.61,1.14,2
Bromley,8,5,1,2,15,6,9,16,League Two,0.62,0.75,9,2.0,1.88,0.75,1.61,1.33,3
Doncaster,8,4,3,1,17,8,9,15,League Two,0.5,0.88,9,1.88,2.12,1.0,2.0,1.14,4
Chesterfield,8,4,3,1,16,10,6,15,League Two,0.5,0.88,6,1.88,2.0,1.25,2.0,1.14,4
Colchester Utd,8,4,3,1,9,4,5,15,League Two,0.5,0.88,5,1.88,1.12,0.5,2.0,1.14,4
Gillingham,8,4,3,1,7,4,3,15,League Two,0.5,0.88,3,1.88,0.88,0.5,2.0,1.14,4
Port Vale,8,4,2,2,13,4,9,14,League Two,0.5,0.75,9,1.75,1.62,0.5,2.0,1.33,5
Tranmere,8,4,2,2,12,7,5,14,League Two,0.5,0.75,5,1.75,1.5,0.88,2.0,1.33,5
Carlisle Utd,8,3,4,1,14,12,2,13,League Two,0.38,0.88,2,1.62,1.75,1.5,2.63,1.14,6
Swindon Town,8,3,4,1,13,11,2,13,League Two,0.38,0.88,2,1.62,1.62,1.38,2.63,1.14,6
Barrow,8,3,3,2,10,7,3,12,League Two,0.38,0.75,3,1.5,1.25,0.88,2.63,1.33,7
AFC Wimbledon,8,3,2,3,7,7,0,11,League Two,0.38,0.62,0,1.38,0.88,0.88,2.63,1.61,8
Fleetwood,8,2,5,1,7,7,0,11,League Two,0.25,0.88,0,1.38,0.88,0.88,4.0,1.14,8
Accrington,8,2,4,2,13,10,3,10,League Two,0.25,0.75,3,1.25,1.62,1.25,4.0,1.33,9
Morecambe,8,3,1,4,8,11,-3,10,League Two,0.38,0.5,-3,1.25,1.0,1.38,2.63,2.0,9
Grimsby,8,3,1,4,7,11,-4,10,League Two,0.38,0.5,-4,1.25,0.88,1.38,2.63,2.0,9
Salford City,8,2,3,3,12,13,-1,9,League Two,0.25,0.62,-1,1.12,1.5,1.62,4.0,1.61,10
Cheltenham,8,2,3,3,10,12,-2,9,League Two,0.25,0.62,-2,1.12,1.25,1.5,4.0,1.61,10
Newport,8,2,2,4,8,13,-5,8,League Two,0.25,0.5,-5,1.0,1.0,1.62,4.0,2.0,11
Milton Keynes,8,2,2,4,6,11,-5,8,League Two,0.25,0.5,-5,1.0,0.75,1.38,4.0,2.0,11
Notts County,8,2,1,5,10,12,-2,7,League Two,0.25,0.38,-2,0.88,1.25,1.5,4.0,2.63,12
Crewe Alexandra,8,2,1,5,9,11,-2,7,League Two,0.25,0.38,-2,0.88,1.12,1.38,4.0,2.63,12
Walsall,8,1,3,4,10,13,-3,6,League Two,0.12,0.5,-3,0.75,1.25,1.62,8.33,2.0,13
Barnet,8,6,2,0,21,5,16,20,England - National League,0.75,1.0,16,2.5,2.62,0.62,1.33,1.0,1
Forest Green,8,5,2,1,14,7,7,17,England - National League,0.62,0.88,7,2.12,1.75,0.88,1.61,1.14,2
Boston Utd,8,5,2,1,13,6,7,17,England - National League,0.62,0.88,7,2.12,1.62,0.75,1.61,1.14,2
Wealdstone,8,5,2,1,16,11,5,17,England - National League,0.62,0.88,5,2.12,2.0,1.38,1.61,1.14,2
Rochdale,8,5,1,2,22,9,13,16,England - National League,0.62,0.75,13,2.0,2.75,1.12,1.61,1.33,3
Braintree Town,8,5,1,2,10,5,5,16,England - National League,0.62,0.75,5,2.0,1.25,0.62,1.61,1.33,3
York City,8,4,3,1,20,8,12,15,England - National League,0.5,0.88,12,1.88,2.5,1.0,2.0,1.14,4
Tamworth,8,4,3,1,18,11,7,15,England - National League,0.5,0.88,7,1.88,2.25,1.38,2.0,1.14,4
Aldershot Town,8,4,3,1,15,9,6,15,England - National League,0.5,0.88,6,1.88,1.88,1.12,2.0,1.14,4
Southend Utd,8,4,3,1,11,6,5,15,England - National League,0.5,0.88,5,1.88,1.38,0.75,2.0,1.14,4
Woking,8,4,3,1,10,5,5,15,England - National League,0.5,0.88,5,1.88,1.25,0.62,2.0,1.14,4
Oldham,8,4,1,3,10,8,2,13,England - National League,0.5,0.62,2,1.62,1.25,1.0,2.0,1.61,5
Hartlepool,8,3,3,2,13,10,3,12,England - National League,0.38,0.75,3,1.5,1.62,1.25,2.63,1.33,6
Eastleigh,8,3,3,2,10,7,3,12,England - National League,0.38,0.75,3,1.5,1.25,0.88,2.63,1.33,6
Dagenham & R.,8,3,2,3,14,12,2,11,England - National League,0.38,0.62,2,1.38,1.75,1.5,2.63,1.61,7
Yeovil Town,8,3,2,3,9,11,-2,11,England - National League,0.38,0.62,-2,1.38,1.12,1.38,2.63,1.61,7
Halifax Town,8,3,1,4,4,8,-4,10,England - National League,0.38,0.5,-4,1.25,0.5,1.0,2.63,2.0,8
Maidenhead Utd,8,2,3,3,13,12,1,9,England - National League,0.25,0.62,1,1.12,1.62,1.5,4.0,1.61,9
Ebbsfleet Utd,8,2,2,4,9,14,-5,8,England - National League,0.25,0.5,-5,1.0,1.12,1.75,4.0,2.0,10
Solihull Moors,8,2,2,4,8,13,-5,8,England - National League,0.25,0.5,-5,1.0,1.0,1.62,4.0,2.0,10
Gateshead FC,8,2,2,4,9,15,-6,8,England - National League,0.25,0.5,-6,1.0,1.12,1.88,4.0,2.0,10
Sutton Utd,8,1,4,3,7,12,-5,7,England - National League,0.12,0.62,-5,0.88,0.88,1.5,8.33,1.61,11
AFC Fylde,8,2,0,6,8,14,-6,6,England - National League,0.25,0.25,-6,0.75,1.0,1.75,4.0,4.0,12
Altrincham,8,1,2,5,7,11,-4,5,England - National League,0.12,0.38,-4,0.62,0.88,1.38,8.33,2.63,13
Chorley,8,7,1,0,24,4,20,22,England - National L. North,0.88,1.0,20,2.75,3.0,0.5,1.14,1.0,1
Scunthorpe,8,7,1,0,18,3,15,22,England - National L. North,0.88,1.0,15,2.75,2.25,0.38,1.14,1.0,1
Kidderminster,8,7,0,1,22,5,17,21,England - National L. North,0.88,0.88,17,2.62,2.75,0.62,1.14,1.14,2
Spennymoor,8,6,2,0,15,5,10,20,England - National L. North,0.75,1.0,10,2.5,1.88,0.62,1.33,1.0,3
Brackley Town,8,6,0,2,17,3,14,18,England - National L. North,0.75,0.75,14,2.25,2.12,0.38,1.33,1.33,4
Chester,8,5,3,0,15,6,9,18,England - National L. North,0.62,1.0,9,2.25,1.88,0.75,1.61,1.0,4
Marine,8,5,2,1,14,7,7,17,England - National L. North,0.62,0.88,7,2.12,1.75,0.88,1.61,1.14,5
Scarborough,8,5,1,2,14,6,8,16,England - National L. North,0.62,0.75,8,2.0,1.75,0.75,1.61,1.33,6
Hereford Utd,8,5,1,2,15,9,6,16,England - National L. North,0.62,0.75,6,2.0,1.88,1.12,1.61,1.33,6
Peterborough S.,8,4,3,1,13,7,6,15,England - National L. North,0.5,0.88,6,1.88,1.62,0.88,2.0,1.14,7
Darlington,8,4,3,1,16,12,4,15,England - National L. North,0.5,0.88,4,1.88,2.0,1.5,2.0,1.14,7
Buxton,8,4,2,2,7,4,3,14,England - National L. North,0.5,0.75,3,1.75,0.88,0.5,2.0,1.33,8
Alfreton Town,8,3,4,1,11,9,2,13,England - National L. North,0.38,0.88,2,1.62,1.38,1.12,2.63,1.14,9
Leamington,8,3,3,2,10,7,3,12,England - National L. North,0.38,0.75,3,1.5,1.25,0.88,2.63,1.33,10
Curzon,8,3,3,2,8,7,1,12,England - National L. North,0.38,0.75,1,1.5,1.0,0.88,2.63,1.33,10
Oxford City,8,3,2,3,10,12,-2,11,England - National L. North,0.38,0.62,-2,1.38,1.25,1.5,2.63,1.61,11
Kings Lynn,8,3,2,3,6,10,-4,11,England - National L. North,0.38,0.62,-4,1.38,0.75,1.25,2.63,1.61,11
Needham Market,8,3,1,4,11,9,2,10,England - National L. North,0.38,0.5,2,1.25,1.38,1.12,2.63,2.0,12
Radcliffe,8,3,1,4,11,10,1,10,England - National L. North,0.38,0.5,1,1.25,1.38,1.25,2.63,2.0,12
South Shields,8,3,1,4,6,11,-5,10,England - National L. North,0.38,0.5,-5,1.25,0.75,1.38,2.63,2.0,12
Southport,8,2,2,4,5,9,-4,8,England - National L. North,0.25,0.5,-4,1.0,0.62,1.12,4.0,2.0,13
Rushall,8,2,1,5,7,17,-10,7,England - National L. North,0.25,0.38,-10,0.88,0.88,2.12,4.0,2.63,14
Warrington,8,1,2,5,6,11,-5,5,England - National L. North,0.12,0.38,-5,0.62,0.75,1.38,8.33,2.63,15
Farsley Celtic,8,0,0,8,4,26,-22,0,England - National L. North,0.0,0.0,-22,0.0,0.5,3.25,0.0,0.0,16
Eastbourne,8,6,2,0,23,7,16,20,England - National L. South,0.75,1.0,16,2.5,2.88,0.88,1.33,1.0,1
Boreham Wood,8,6,0,2,15,3,12,18,England - National L. South,0.75,0.75,12,2.25,1.88,0.38,1.33,1.33,2
Dorking,8,5,2,1,17,9,8,17,England - National L. South,0.62,0.88,8,2.12,2.12,1.12,1.61,1.14,3
Torquay Utd,8,5,2,1,15,7,8,17,England - National L. South,0.62,0.88,8,2.12,1.88,0.88,1.61,1.14,3
Truro City,8,5,2,1,15,8,7,17,England - National L. South,0.62,0.88,7,2.12,1.88,1.0,1.61,1.14,3
Worthing,8,5,1,2,17,7,10,16,England - National L. South,0.62,0.75,10,2.0,2.12,0.88,1.61,1.33,4
Maidstone Utd,8,4,3,1,15,6,9,15,England - National L. South,0.5,0.88,9,1.88,1.88,0.75,2.0,1.14,5
St Albans,8,4,3,1,10,5,5,15,England - National L. South,0.5,0.88,5,1.88,1.25,0.62,2.0,1.14,5
Hemel Hempstead,8,4,3,1,12,8,4,15,England - National L. South,0.5,0.88,4,1.88,1.5,1.0,2.0,1.14,5
Slough Town,8,4,2,2,14,8,6,14,England - National L. South,0.5,0.75,6,1.75,1.75,1.0,2.0,1.33,6
Hornchurch,8,4,1,3,13,12,1,13,England - National L. South,0.5,0.62,1,1.62,1.62,1.5,2.0,1.61,7
Weston-s.-Mare,8,3,3,2,12,7,5,12,England - National L. South,0.38,0.75,5,1.5,1.5,0.88,2.63,1.33,8
Chelmsford City,8,3,2,3,12,9,3,11,England - National L. South,0.38,0.62,3,1.38,1.5,1.12,2.63,1.61,9
Weymouth,8,3,2,3,16,18,-2,11,England - National L. South,0.38,0.62,-2,1.38,2.0,2.25,2.63,1.61,9
Farnborough,8,3,1,4,12,13,-1,10,England - National L. South,0.38,0.5,-1,1.25,1.5,1.62,2.63,2.0,10
Chesham Utd,8,3,1,4,13,15,-2,10,England - National L. South,0.38,0.5,-2,1.25,1.62,1.88,2.63,2.0,10
Bath City,8,2,3,3,6,6,0,9,England - National L. South,0.25,0.62,0,1.12,0.75,0.75,4.0,1.61,11
Chippenham,8,2,2,4,6,13,-7,8,England - National L. South,0.25,0.5,-7,1.0,0.75,1.62,4.0,2.0,12
Enfield Town,8,2,2,4,7,18,-11,8,England - National L. South,0.25,0.5,-11,1.0,0.88,2.25,4.0,2.0,12
Welling Utd,8,1,4,3,7,11,-4,7,England - National L. South,0.12,0.62,-4,0.88,0.88,1.38,8.33,1.61,13
Salisbury,8,2,0,6,7,13,-6,6,England - National L. South,0.25,0.25,-6,0.75,0.88,1.62,4.0,4.0,14
Tonbridge,8,2,0,6,7,13,-6,6,England - National L. South,0.25,0.25,-6,0.75,0.88,1.62,4.0,4.0,14
Aveley,8,1,2,5,8,13,-5,5,England - National L. South,0.12,0.38,-5,0.62,1.0,1.62,8.33,2.63,15
Hampton & R.,8,1,0,7,10,24,-14,3,England - National L. South,0.12,0.12,-14,0.38,1.25,3.0,8.33,8.33,16
Carshalton,8,6,1,1,22,12,10,19,England - Isthmian league,0.75,0.88,10,2.38,2.75,1.5,1.33,1.14,1
Horsham,8,6,1,1,15,5,10,19,England - Isthmian league,0.75,0.88,10,2.38,1.88,0.62,1.33,1.14,1
Cray Wanderers,8,5,2,1,20,10,10,17,England - Isthmian league,0.62,0.88,10,2.12,2.5,1.25,1.61,1.14,2
Dartford,8,5,2,1,16,8,8,17,England - Isthmian league,0.62,0.88,8,2.12,2.0,1.0,1.61,1.14,2
Chichester City,8,5,1,2,16,9,7,16,England - Isthmian league,0.62,0.75,7,2.0,2.0,1.12,1.61,1.33,3
Cray Valley PM,8,4,3,1,13,6,7,15,England - Isthmian league,0.5,0.88,7,1.88,1.62,0.75,2.0,1.14,4
Wingate & F.,8,4,3,1,14,9,5,15,England - Isthmian league,0.5,0.88,5,1.88,1.75,1.12,2.0,1.14,4
Billericay Town,8,5,0,3,17,14,3,15,England - Isthmian league,0.62,0.62,3,1.88,2.12,1.75,1.61,1.61,4
Lewes,8,4,2,2,16,12,4,14,England - Isthmian league,0.5,0.75,4,1.75,2.0,1.5,2.0,1.33,5
Hashtag United,8,4,2,2,15,13,2,14,England - Isthmian league,0.5,0.75,2,1.75,1.88,1.62,2.0,1.33,5
Canvey Island,8,4,2,2,9,8,1,14,England - Isthmian league,0.5,0.75,1,1.75,1.12,1.0,2.0,1.33,5
Chatham Town,8,4,1,3,14,9,5,13,England - Isthmian league,0.5,0.62,5,1.62,1.75,1.12,2.0,1.61,6
Cheshunt,8,4,1,3,13,9,4,13,England - Isthmian league,0.5,0.62,4,1.62,1.62,1.12,2.0,1.61,6
Folkestone,8,4,1,3,13,12,1,13,England - Isthmian league,0.5,0.62,1,1.62,1.62,1.5,2.0,1.61,6
Dover Athletic,8,4,1,3,11,10,1,13,England - Isthmian league,0.5,0.62,1,1.62,1.38,1.25,2.0,1.61,6
Whitehawk,8,3,1,4,12,8,4,10,England - Isthmian league,0.38,0.5,4,1.25,1.5,1.0,2.63,2.0,7
Dulwich Hamlet,8,3,1,4,11,13,-2,10,England - Isthmian league,0.38,0.5,-2,1.25,1.38,1.62,2.63,2.0,7
Bognor Regis,8,3,1,4,7,12,-5,10,England - Isthmian league,0.38,0.5,-5,1.25,0.88,1.5,2.63,2.0,7
Hendon,8,2,2,4,16,20,-4,8,England - Isthmian league,0.25,0.5,-4,1.0,2.0,2.5,4.0,2.0,8
Potters Bar,8,2,1,5,7,12,-5,7,England - Isthmian league,0.25,0.38,-5,0.88,0.88,1.5,4.0,2.63,9
Hastings Utd,8,1,3,4,6,13,-7,6,England - Isthmian league,0.12,0.5,-7,0.75,0.75,1.62,8.33,2.0,10
Bowers & Pitsea,8,1,0,7,5,19,-14,3,England - Isthmian league,0.12,0.12,-14,0.38,0.62,2.38,8.33,8.33,11
Macclesfield,8,8,0,0,23,4,19,24,England - Northern league,1.0,1.0,19,3.0,2.88,0.5,1.0,1.0,1
Worksop Town,8,6,0,2,24,9,15,18,England - Northern league,0.75,0.75,15,2.25,3.0,1.12,1.33,1.33,2
Prescot Cables,8,6,0,2,9,3,6,18,England - Northern league,0.75,0.75,6,2.25,1.12,0.38,1.33,1.33,2
Ashton Utd,8,5,1,2,17,7,10,16,England - Northern league,0.62,0.75,10,2.0,2.12,0.88,1.61,1.33,3
Workington,8,5,1,2,17,7,10,16,England - Northern league,0.62,0.75,10,2.0,2.12,0.88,1.61,1.33,3
Ilkeston Town,8,4,3,1,15,8,7,15,England - Northern league,0.5,0.88,7,1.88,1.88,1.0,2.0,1.14,4
Bamber Bridge,8,5,0,3,14,10,4,15,England - Northern league,0.62,0.62,4,1.88,1.75,1.25,1.61,1.61,4
Gainsborough,8,4,2,2,11,8,3,14,England - Northern league,0.5,0.75,3,1.75,1.38,1.0,2.0,1.33,5
Stockton Town,8,4,2,2,11,8,3,14,England - Northern league,0.5,0.75,3,1.75,1.38,1.0,2.0,1.33,5
Leek Town,8,4,1,3,10,8,2,13,England - Northern league,0.5,0.62,2,1.62,1.25,1.0,2.0,1.61,6
Mickleover,8,4,1,3,10,9,1,13,England - Northern league,0.5,0.62,1,1.62,1.25,1.12,2.0,1.61,6
Morpeth Town,8,3,3,2,11,12,-1,12,England - Northern league,0.38,0.75,-1,1.5,1.38,1.5,2.63,1.33,7
Guiseley,8,3,2,3,8,9,-1,11,England - Northern league,0.38,0.62,-1,1.38,1.0,1.12,2.63,1.61,8
Basford Utd,8,3,2,3,12,14,-2,11,England - Northern league,0.38,0.62,-2,1.38,1.5,1.75,2.63,1.61,8
Hyde Utd,8,3,2,3,10,13,-3,11,England - Northern league,0.38,0.62,-3,1.38,1.25,1.62,2.63,1.61,8
Whitby Town,8,3,1,4,7,11,-4,10,England - Northern league,0.38,0.5,-4,1.25,0.88,1.38,2.63,2.0,9
Rylands,8,2,3,3,8,12,-4,9,England - Northern league,0.25,0.62,-4,1.12,1.0,1.5,4.0,1.61,10
FC United,8,2,2,4,12,16,-4,8,England - Northern league,0.25,0.5,-4,1.0,1.5,2.0,4.0,2.0,11
Lancaster City,8,2,2,4,8,13,-5,8,England - Northern league,0.25,0.5,-5,1.0,1.0,1.62,4.0,2.0,11
Matlock,8,1,4,3,9,10,-1,7,England - Northern league,0.12,0.62,-1,0.88,1.12,1.25,8.33,1.61,12
Hebburn Town,8,1,2,5,7,11,-4,5,England - Northern league,0.12,0.38,-4,0.62,0.88,1.38,8.33,2.63,13
Blyth Spartans,8,0,2,6,6,18,-12,2,England - Northern league,0.0,0.25,-12,0.25,0.75,2.25,0.0,4.0,14
Bedford Town,8,6,2,0,18,5,13,20,England - Southern Central,0.75,1.0,13,2.5,2.25,0.62,1.33,1.0,1
Telford Utd,8,5,3,0,20,6,14,18,England - Southern Central,0.62,1.0,14,2.25,2.5,0.75,1.61,1.0,2
Halesowen Town,8,5,3,0,16,6,10,18,England - Southern Central,0.62,1.0,10,2.25,2.0,0.75,1.61,1.0,2
Spalding United,8,5,2,1,15,5,10,17,England - Southern Central,0.62,0.88,10,2.12,1.88,0.62,1.61,1.14,3
Stratford Town,8,5,2,1,14,4,10,17,England - Southern Central,0.62,0.88,10,2.12,1.75,0.5,1.61,1.14,3
Harborough Town,8,5,1,2,11,6,5,16,England - Southern Central,0.62,0.75,5,2.0,1.38,0.75,1.61,1.33,4
Stamford,8,4,3,1,11,7,4,15,England - Southern Central,0.5,0.88,4,1.88,1.38,0.88,2.0,1.14,5
Stourbridge,8,4,2,2,12,8,4,14,England - Southern Central,0.5,0.75,4,1.75,1.5,1.0,2.0,1.33,6
Alvechurch,8,4,2,2,12,9,3,14,England - Southern Central,0.5,0.75,3,1.75,1.5,1.12,2.0,1.33,6
Royston,8,3,5,0,10,7,3,14,England - Southern Central,0.38,1.0,3,1.75,1.25,0.88,2.63,1.0,6
Redditch Utd,8,3,4,1,11,6,5,13,England - Southern Central,0.38,0.88,5,1.62,1.38,0.75,2.63,1.14,7
Kettering Town,8,3,4,1,13,9,4,13,England - Southern Central,0.38,0.88,4,1.62,1.62,1.12,2.63,1.14,7
Banbury Utd,8,3,4,1,8,4,4,13,England - Southern Central,0.38,0.88,4,1.62,1.0,0.5,2.63,1.14,7
Barwell,8,4,0,4,15,18,-3,12,England - Southern Central,0.5,0.5,-3,1.5,1.88,2.25,2.0,2.0,8
Bromsgrove,8,3,2,3,14,9,5,11,England - Southern Central,0.38,0.62,5,1.38,1.75,1.12,2.63,1.61,9
Hitchin Town,8,3,2,3,11,10,1,11,England - Southern Central,0.38,0.62,1,1.38,1.38,1.25,2.63,1.61,9
B. Stortford,8,3,2,3,12,12,0,11,England - Southern Central,0.38,0.62,0,1.38,1.5,1.5,2.63,1.61,9
St. Ives Town,8,1,5,2,11,13,-2,8,England - Southern Central,0.12,0.75,-2,1.0,1.38,1.62,8.33,1.33,10
AFC Sudbury,8,2,2,4,8,11,-3,8,England - Southern Central,0.25,0.5,-3,1.0,1.0,1.38,4.0,2.0,10
Leiston,8,2,1,5,12,17,-5,7,England - Southern Central,0.25,0.38,-5,0.88,1.5,2.12,4.0,2.63,11
Biggleswade,8,1,2,5,7,12,-5,5,England - Southern Central,0.12,0.38,-5,0.62,0.88,1.5,8.33,2.63,12
Lowestoft,8,1,2,5,8,19,-11,5,England - Southern Central,0.12,0.38,-11,0.62,1.0,2.38,8.33,2.63,12
Levadia,7,5,2,0,17,5,12,17,Estonia - Meistriliiga,0.71,1.0,12,2.43,2.43,0.71,1.41,1.0,1
Paide,8,5,2,1,16,5,11,17,Estonia - Meistriliiga,0.62,0.88,11,2.12,2.0,0.62,1.61,1.14,1
Flora,8,5,1,2,18,8,10,16,Estonia - Meistriliiga,0.62,0.75,10,2.0,2.25,1.0,1.61,1.33,2
Narva Trans,8,5,0,3,15,9,6,15,Estonia - Meistriliiga,0.62,0.62,6,1.88,1.88,1.12,1.61,1.61,3
Nomme Kalju,7,4,1,2,18,7,11,13,Estonia - Meistriliiga,0.57,0.71,11,1.86,2.57,1.0,1.75,1.41,4
Kuressaare,7,3,0,4,8,10,-2,9,Estonia - Meistriliiga,0.43,0.43,-2,1.29,1.14,1.43,2.33,2.33,5
Vaprus,8,2,2,4,9,15,-6,8,Estonia - Meistriliiga,0.25,0.5,-6,1.0,1.12,1.88,4.0,2.0,6
Tammeka,7,2,0,5,10,13,-3,6,Estonia - Meistriliiga,0.29,0.29,-3,0.86,1.43,1.86,3.45,3.45,7
Harju JK,7,2,0,5,7,11,-4,6,Estonia - Meistriliiga,0.29,0.29,-4,0.86,1.0,1.57,3.45,3.45,7
Tallinna Kalev,8,2,0,6,9,25,-16,6,Estonia - Meistriliiga,0.25,0.25,-16,0.75,1.12,3.12,4.0,4.0,7
Viimsi,8,6,2,0,23,5,18,20,Estonia - Esiliiga,0.75,1.0,18,2.5,2.88,0.62,1.33,1.0,1
Tartu Welco,7,5,2,0,16,8,8,17,Estonia - Esiliiga,0.71,1.0,8,2.43,2.29,1.14,1.41,1.0,2
Nomme Utd,6,5,0,1,18,5,13,15,Estonia - Esiliiga,0.83,0.83,13,2.5,3.0,0.83,1.2,1.2,3
Flora B,7,4,1,2,19,6,13,13,Estonia - Esiliiga,0.57,0.71,13,1.86,2.71,0.86,1.75,1.41,4
Elva,7,3,3,1,14,12,2,12,Estonia - Esiliiga,0.43,0.86,2,1.71,2.0,1.71,2.33,1.16,5
FC Tallinn,7,2,3,2,14,8,6,9,Estonia - Esiliiga,0.29,0.71,6,1.29,2.0,1.14,3.45,1.41,6
Levadia B,5,2,1,2,11,10,1,7,Estonia - Esiliiga,0.4,0.6,1,1.4,2.2,2.0,2.5,1.67,7
Tallinna K. B,8,1,2,5,13,17,-4,5,Estonia - Esiliiga,0.12,0.38,-4,0.62,1.62,2.12,8.33,2.63,8
Nomme Kalju B,7,1,1,5,9,19,-10,4,Estonia - Esiliiga,0.14,0.29,-10,0.57,1.29,2.71,7.14,3.45,9
Tammeka B,7,1,0,6,9,14,-5,3,Estonia - Esiliiga,0.14,0.14,-5,0.43,1.29,2.0,7.14,7.14,10
Klaksvik,6,6,0,0,24,4,20,18,FaroeIslands - Premier League,1.0,1.0,20,3.0,4.0,0.67,1.0,1.0,1
HB Torshavn,7,4,1,2,16,16,0,13,FaroeIslands - Premier League,0.57,0.71,0,1.86,2.29,2.29,1.75,1.41,2
NSI Runavik,6,4,0,2,22,10,12,12,FaroeIslands - Premier League,0.67,0.67,12,2.0,3.67,1.67,1.49,1.49,3
B68 Toftir,6,4,0,2,10,6,4,12,FaroeIslands - Premier League,0.67,0.67,4,2.0,1.67,1.0,1.49,1.49,3
B36 Torshavn,6,2,2,2,5,6,-1,8,FaroeIslands - Premier League,0.33,0.67,-1,1.33,0.83,1.0,3.03,1.49,4
Vikingur,5,2,1,2,7,6,1,7,FaroeIslands - Premier League,0.4,0.6,1,1.4,1.4,1.2,2.5,1.67,5
Streymur,6,2,1,3,5,12,-7,7,FaroeIslands - Premier League,0.33,0.5,-7,1.17,0.83,2.0,3.03,2.0,5
07 Vestur,6,2,0,4,11,9,2,6,FaroeIslands - Premier League,0.33,0.33,2,1.0,1.83,1.5,3.03,3.03,6
TB Tvoroyri,6,1,2,3,5,14,-9,5,FaroeIslands - Premier League,0.17,0.5,-9,0.83,0.83,2.33,5.88,2.0,7
Suduroy,6,1,0,5,4,18,-14,3,FaroeIslands - Premier League,0.17,0.17,-14,0.5,0.67,3.0,5.88,5.88,8
Skala,7,6,1,0,23,2,21,19,FaroeIslands - 1. Deild,0.86,1.0,21,2.71,3.29,0.29,1.16,1.0,1
AB Argir,6,4,1,1,16,7,9,13,FaroeIslands - 1. Deild,0.67,0.83,9,2.17,2.67,1.17,1.49,1.2,2
B71 Sandur,5,4,0,1,10,4,6,12,FaroeIslands - 1. Deild,0.8,0.8,6,2.4,2.0,0.8,1.25,1.25,3
Klaksvik B,7,4,0,3,11,8,3,12,FaroeIslands - 1. Deild,0.57,0.57,3,1.71,1.57,1.14,1.75,1.75,3
Streymur B,6,3,1,2,10,10,0,10,FaroeIslands - 1. Deild,0.5,0.67,0,1.67,1.67,1.67,2.0,1.49,4
NSI Runavik B,6,2,1,3,8,10,-2,7,FaroeIslands - 1. Deild,0.33,0.5,-2,1.17,1.33,1.67,3.03,2.0,5
Vikingur B,7,2,0,5,12,12,0,6,FaroeIslands - 1. Deild,0.29,0.29,0,0.86,1.71,1.71,3.45,3.45,6
IF Fuglafjordur,5,2,0,3,8,11,-3,6,FaroeIslands - 1. Deild,0.4,0.4,-3,1.2,1.6,2.2,2.5,2.5,6
07 Vestur B,5,1,0,4,9,13,-4,3,FaroeIslands - 1. Deild,0.2,0.2,-4,0.6,1.8,2.6,5.0,5.0,7
B36 Torshavn B,6,0,3,3,7,18,-11,3,FaroeIslands - 1. Deild,0.0,0.5,-11,0.5,1.17,3.0,0.0,2.0,7
KuPS,6,5,0,1,10,3,7,15,Finland - Veikkausliiga,0.83,0.83,7,2.5,1.67,0.5,1.2,1.2,1
Ilves,5,4,1,0,11,5,6,13,Finland - Veikkausliiga,0.8,1.0,6,2.6,2.2,1.0,1.25,1.0,2
HJK Helsinki,5,3,1,1,11,5,6,10,Finland - Veikkausliiga,0.6,0.8,6,2.0,2.2,1.0,1.67,1.25,3
Haka,6,3,0,3,8,9,-1,9,Finland - Veikkausliiga,0.5,0.5,-1,1.5,1.33,1.5,2.0,2.0,4
Inter Turku,4,2,2,0,8,3,5,8,Finland - Veikkausliiga,0.5,1.0,5,2.0,2.0,0.75,2.0,1.0,5
SJK,5,2,1,2,8,7,1,7,Finland - Veikkausliiga,0.4,0.6,1,1.4,1.6,1.4,2.5,1.67,6
VPS,4,2,1,1,5,5,0,7,Finland - Veikkausliiga,0.5,0.75,0,1.75,1.25,1.25,2.0,1.33,6
Gnistan,4,1,1,2,5,6,-1,4,Finland - Veikkausliiga,0.25,0.5,-1,1.0,1.25,1.5,4.0,2.0,7
Mariehamn,5,1,1,3,6,12,-6,4,Finland - Veikkausliiga,0.2,0.4,-6,0.8,1.2,2.4,5.0,2.5,7
KTP,6,0,3,3,5,13,-8,3,Finland - Veikkausliiga,0.0,0.5,-8,0.5,0.83,2.17,0.0,2.0,8
Oulu,4,0,1,3,5,10,-5,1,Finland - Veikkausliiga,0.0,0.25,-5,0.25,1.25,2.5,0.0,4.0,9
Jaro,4,0,1,3,3,8,-5,1,Finland - Veikkausliiga,0.0,0.25,-5,0.25,0.75,2.0,0.0,4.0,9
Lahti,4,4,0,0,9,3,6,12,Finland - Ykkosliga,1.0,1.0,6,3.0,2.25,0.75,1.0,1.0,1
TPS,4,3,1,0,10,5,5,10,Finland - Ykkosliga,0.75,1.0,5,2.5,2.5,1.25,1.33,1.0,2
PK-35,5,2,1,2,8,5,3,7,Finland - Ykkosliga,0.4,0.6,3,1.4,1.6,1.0,2.5,1.67,3
Ekenas IF,5,2,1,2,12,10,2,7,Finland - Ykkosliga,0.4,0.6,2,1.4,2.4,2.0,2.5,1.67,3
JIPPO,4,2,1,1,6,5,1,7,Finland - Ykkosliga,0.5,0.75,1,1.75,1.5,1.25,2.0,1.33,3
SJK Akatemia,5,1,1,3,8,9,-1,4,Finland - Ykkosliga,0.2,0.4,-1,0.8,1.6,1.8,5.0,2.5,4
Klubi-04,4,1,1,2,8,10,-2,4,Finland - Ykkosliga,0.25,0.5,-2,1.0,2.0,2.5,4.0,2.0,4
KaPa,4,1,1,2,4,10,-6,4,Finland - Ykkosliga,0.25,0.5,-6,1.0,1.0,2.5,4.0,2.0,4
JaPS,4,0,3,1,5,11,-6,3,Finland - Ykkosliga,0.0,0.75,-6,0.75,1.25,2.75,0.0,1.33,5
SalPa,5,0,2,3,3,6,-3,2,Finland - Ykkosliga,0.0,0.4,-3,0.4,0.6,1.2,0.0,2.5,6
KuPS Ak.,5,4,0,1,15,7,8,12,Finland - Ykkonen,0.8,0.8,8,2.4,3.0,1.4,1.25,1.25,1
OLS Oulu,4,3,1,0,15,4,11,10,Finland - Ykkonen,0.75,1.0,11,2.5,3.75,1.0,1.33,1.0,2
JJK,4,3,1,0,13,3,10,10,Finland - Ykkonen,0.75,1.0,10,2.5,3.25,0.75,1.33,1.0,2
KPV Kokkola,5,3,1,1,8,6,2,10,Finland - Ykkonen,0.6,0.8,2,2.0,1.6,1.2,1.67,1.25,2
Tampere Utd,5,3,1,1,6,4,2,10,Finland - Ykkonen,0.6,0.8,2,2.0,1.2,0.8,1.67,1.25,2
Inter Turku B,5,3,0,2,15,6,9,9,Finland - Ykkonen,0.6,0.6,9,1.8,3.0,1.2,1.67,1.67,3
Jazz Pori,4,3,0,1,8,6,2,9,Finland - Ykkonen,0.75,0.75,2,2.25,2.0,1.5,1.33,1.33,3
EPS,5,3,0,2,9,8,1,9,Finland - Ykkonen,0.6,0.6,1,1.8,1.8,1.6,1.67,1.67,3
PKKU,4,2,1,1,10,9,1,7,Finland - Ykkonen,0.5,0.75,1,1.75,2.5,2.25,2.0,1.33,4
Rovaniemi,5,2,1,2,8,10,-2,7,Finland - Ykkonen,0.4,0.6,-2,1.4,1.6,2.0,2.5,1.67,4
Mikkelin,4,1,2,1,3,1,2,5,Finland - Ykkonen,0.25,0.75,2,1.25,0.75,0.25,4.0,1.33,5
Atlantis,4,1,0,3,3,7,-4,3,Finland - Ykkonen,0.25,0.25,-4,0.75,0.75,1.75,4.0,4.0,6
VJS,4,4,0,0,18,4,14,12,Finland - Kakkonen Group A,1.0,1.0,14,3.0,4.5,1.0,1.0,1.0,1
PEPO,4,4,0,0,9,2,7,12,Finland - Kakkonen Group A,1.0,1.0,7,3.0,2.25,0.5,1.0,1.0,1
Honka,4,3,0,1,14,3,11,9,Finland - Kakkonen Group A,0.75,0.75,11,2.25,3.5,0.75,1.33,1.33,2
GrIFK,4,3,0,1,13,6,7,9,Finland - Kakkonen Group A,0.75,0.75,7,2.25,3.25,1.5,1.33,1.33,2
MYPA,5,3,0,2,14,13,1,9,Finland - Kakkonen Group A,0.6,0.6,1,1.8,2.8,2.6,1.67,1.67,2
Vaajakoski,4,2,1,1,10,5,5,7,Finland - Kakkonen Group A,0.5,0.75,5,1.75,2.5,1.25,2.0,1.33,3
Reipas,4,2,0,2,11,9,2,6,Finland - Kakkonen Group A,0.5,0.5,2,1.5,2.75,2.25,2.0,2.0,4
PuiU Helsinki,3,1,1,1,3,5,-2,4,Finland - Kakkonen Group A,0.33,0.67,-2,1.33,1.0,1.67,3.03,1.49,5
JPS,3,1,0,2,5,9,-4,3,Finland - Kakkonen Group A,0.33,0.33,-4,1.0,1.67,3.0,3.03,3.03,6
HaPK,4,0,2,2,3,17,-14,2,Finland - Kakkonen Group A,0.0,0.5,-14,0.5,0.75,4.25,0.0,2.0,7
Ilves B,4,3,1,0,17,4,13,10,Finland - Kakkonen Group B,0.75,1.0,13,2.5,4.25,1.0,1.33,1.0,1
TPV,4,3,1,0,13,1,12,10,Finland - Kakkonen Group B,0.75,1.0,12,2.5,3.25,0.25,1.33,1.0,1
PPJ,4,3,0,1,14,10,4,9,Finland - Kakkonen Group B,0.75,0.75,4,2.25,3.5,2.5,1.33,1.33,2
P-Iirot,4,2,0,2,9,5,4,6,Finland - Kakkonen Group B,0.5,0.5,4,1.5,2.25,1.25,2.0,2.0,3
Kiffen,4,2,0,2,8,6,2,6,Finland - Kakkonen Group B,0.5,0.5,2,1.5,2.0,1.5,2.0,2.0,3
MuSa,3,2,0,1,4,3,1,6,Finland - Kakkonen Group B,0.67,0.67,1,2.0,1.33,1.0,1.49,1.49,3
HPS,4,2,0,2,5,5,0,6,Finland - Kakkonen Group B,0.5,0.5,0,1.5,1.25,1.25,2.0,2.0,3
Atlantis B,4,1,0,3,6,17,-11,3,Finland - Kakkonen Group B,0.25,0.25,-11,0.75,1.5,4.25,4.0,4.0,4
HJS,4,0,2,2,7,10,-3,2,Finland - Kakkonen Group B,0.0,0.5,-3,0.5,1.75,2.5,0.0,2.0,5
NJS,4,0,2,2,4,7,-3,2,Finland - Kakkonen Group B,0.0,0.5,-3,0.5,1.0,1.75,0.0,2.0,5
VPS B,4,3,1,0,17,3,14,10,Finland - Kakkonen Group C,0.75,1.0,14,2.5,4.25,0.75,1.33,1.0,1
TP-47,4,3,1,0,10,7,3,10,Finland - Kakkonen Group C,0.75,1.0,3,2.5,2.5,1.75,1.33,1.0,1
JBK,4,3,0,1,9,5,4,9,Finland - Kakkonen Group C,0.75,0.75,4,2.25,2.25,1.25,1.33,1.33,2
OsPa,4,2,1,1,11,7,4,7,Finland - Kakkonen Group C,0.5,0.75,4,1.75,2.75,1.75,2.0,1.33,3
SJK Akatemia B,4,2,0,2,12,9,3,6,Finland - Kakkonen Group C,0.5,0.5,3,1.5,3.0,2.25,2.0,2.0,4
VIFK,4,1,1,2,7,7,0,4,Finland - Kakkonen Group C,0.25,0.5,0,1.0,1.75,1.75,4.0,2.0,5
GBK Kokkola,4,1,1,2,6,9,-3,4,Finland - Kakkonen Group C,0.25,0.5,-3,1.0,1.5,2.25,4.0,2.0,5
Narpes Kraft,2,1,0,1,5,4,1,3,Finland - Kakkonen Group C,0.5,0.5,1,1.5,2.5,2.0,2.0,2.0,6
JS Hercules,4,1,0,3,6,11,-5,3,Finland - Kakkonen Group C,0.25,0.25,-5,0.75,1.5,2.75,4.0,4.0,6
Kuopion Elo,4,0,0,4,7,15,-8,0,Finland - Kakkonen Group C,0.0,0.0,-8,0.0,1.75,3.75,0.0,0.0,7
Monaco,8,7,1,0,24,6,18,22,France - Ligue 1,0.88,1.0,18,2.75,3.0,0.75,1.14,1.0,1
Marseille,8,7,0,1,26,10,16,21,France - Ligue 1,0.88,0.88,16,2.62,3.25,1.25,1.14,1.14,2
Paris SG,8,6,1,1,19,9,10,19,France - Ligue 1,0.75,0.88,10,2.38,2.38,1.12,1.33,1.14,3
Lille,8,6,1,1,15,7,8,19,France - Ligue 1,0.75,0.88,8,2.38,1.88,0.88,1.33,1.14,3
Lyon,8,6,0,2,21,10,11,18,France - Ligue 1,0.75,0.75,11,2.25,2.62,1.25,1.33,1.33,4
Strasbourg,8,5,2,1,17,10,7,17,France - Ligue 1,0.62,0.88,7,2.12,2.12,1.25,1.61,1.14,5
Nice,8,5,1,2,15,6,9,16,France - Ligue 1,0.62,0.75,9,2.0,1.88,0.75,1.61,1.33,6
Brest,8,4,2,2,12,11,1,14,France - Ligue 1,0.5,0.75,1,1.75,1.5,1.38,2.0,1.33,7
Lens,8,4,0,4,10,12,-2,12,France - Ligue 1,0.5,0.5,-2,1.5,1.25,1.5,2.0,2.0,8
Rennes,8,4,0,4,8,10,-2,12,France - Ligue 1,0.5,0.5,-2,1.5,1.0,1.25,2.0,2.0,8
Nantes,8,3,2,3,8,6,2,11,France - Ligue 1,0.38,0.62,2,1.38,1.0,0.75,2.63,1.61,9
Auxerre,8,2,3,3,10,10,0,9,France - Ligue 1,0.25,0.62,0,1.12,1.25,1.25,4.0,1.61,10
Reims,8,2,1,5,6,10,-4,7,France - Ligue 1,0.25,0.38,-4,0.88,0.75,1.25,4.0,2.63,11
Angers,8,2,1,5,5,15,-10,7,France - Ligue 1,0.25,0.38,-10,0.88,0.62,1.88,4.0,2.63,11
Toulouse,8,1,3,4,9,13,-4,6,France - Ligue 1,0.12,0.5,-4,0.75,1.12,1.62,8.33,2.0,12
Saint-Etienne,8,1,2,5,13,24,-11,5,France - Ligue 1,0.12,0.38,-11,0.62,1.62,3.0,8.33,2.63,13
Le Havre,8,1,2,5,9,20,-11,5,France - Ligue 1,0.12,0.38,-11,0.62,1.12,2.5,8.33,2.63,13
Montpellier,8,1,1,6,4,19,-15,4,France - Ligue 1,0.12,0.25,-15,0.5,0.5,2.38,8.33,4.0,14
Paris FC,8,8,0,0,20,6,14,24,France - Ligue 2,1.0,1.0,14,3.0,2.5,0.75,1.0,1.0,1
Lorient,8,7,0,1,27,6,21,21,France - Ligue 2,0.88,0.88,21,2.62,3.38,0.75,1.14,1.14,2
Amiens,8,6,0,2,14,11,3,18,France - Ligue 2,0.75,0.75,3,2.25,1.75,1.38,1.33,1.33,3
Metz,8,5,2,1,21,10,11,17,France - Ligue 2,0.62,0.88,11,2.12,2.62,1.25,1.61,1.14,4
SC Bastia,8,5,2,1,15,8,7,17,France - Ligue 2,0.62,0.88,7,2.12,1.88,1.0,1.61,1.14,4
AC Ajaccio,8,5,1,2,13,10,3,16,France - Ligue 2,0.62,0.75,3,2.0,1.62,1.25,1.61,1.33,5
Troyes,8,4,2,2,9,4,5,14,France - Ligue 2,0.5,0.75,5,1.75,1.12,0.5,2.0,1.33,6
USL Dunkerque,8,4,1,3,11,6,5,13,France - Ligue 2,0.5,0.62,5,1.62,1.38,0.75,2.0,1.61,7
Guingamp,8,4,1,3,13,10,3,13,France - Ligue 2,0.5,0.62,3,1.62,1.62,1.25,2.0,1.61,7
Red Star,8,3,3,2,10,7,3,12,France - Ligue 2,0.38,0.75,3,1.5,1.25,0.88,2.63,1.33,8
Grenoble,8,3,3,2,11,9,2,12,France - Ligue 2,0.38,0.75,2,1.5,1.38,1.12,2.63,1.33,8
Annecy,8,3,3,2,10,8,2,12,France - Ligue 2,0.38,0.75,2,1.5,1.25,1.0,2.63,1.33,8
Laval,8,4,0,4,10,8,2,12,France - Ligue 2,0.5,0.5,2,1.5,1.25,1.0,2.0,2.0,8
Martigues,8,3,2,3,12,10,2,11,France - Ligue 2,0.38,0.62,2,1.38,1.5,1.25,2.63,1.61,9
Pau FC,8,3,2,3,8,14,-6,11,France - Ligue 2,0.38,0.62,-6,1.38,1.0,1.75,2.63,1.61,9
Rodez Aveyron,8,2,4,2,12,10,2,10,France - Ligue 2,0.25,0.75,2,1.25,1.5,1.25,4.0,1.33,10
Clermont,8,1,4,3,6,9,-3,7,France - Ligue 2,0.12,0.62,-3,0.88,0.75,1.12,8.33,1.61,11
Caen,8,0,3,5,5,13,-8,3,France - Ligue 2,0.0,0.38,-8,0.38,0.62,1.62,0.0,2.63,12
Le Mans,8,6,2,0,15,4,11,20,France - National,0.75,1.0,11,2.5,1.88,0.5,1.33,1.0,1
Nancy,8,6,1,1,12,4,8,19,France - National,0.75,0.88,8,2.38,1.5,0.5,1.33,1.14,2
Chateauroux,8,4,3,1,13,9,4,15,France - National,0.5,0.88,4,1.88,1.62,1.12,2.0,1.14,3
Bourg-en-Bresse,8,3,4,1,5,3,2,13,France - National,0.38,0.88,2,1.62,0.62,0.38,2.63,1.14,4
Concarneau,8,3,3,2,18,12,6,12,France - National,0.38,0.75,6,1.5,2.25,1.5,2.63,1.33,5
Versailles,8,3,3,2,14,10,4,12,France - National,0.38,0.75,4,1.5,1.75,1.25,2.63,1.33,5
Boulogne,8,3,3,2,12,10,2,12,France - National,0.38,0.75,2,1.5,1.5,1.25,2.63,1.33,5
Paris 13 A.,8,3,3,2,9,8,1,12,France - National,0.38,0.75,1,1.5,1.12,1.0,2.63,1.33,5
Rouen,8,3,3,2,13,13,0,12,France - National,0.38,0.75,0,1.5,1.62,1.62,2.63,1.33,5
Quevilly Rouen,8,4,0,4,7,8,-1,12,France - National,0.5,0.5,-1,1.5,0.88,1.0,2.0,2.0,5
Aubagne,8,3,1,4,11,12,-1,10,France - National,0.38,0.5,-1,1.25,1.38,1.5,2.63,2.0,6
Nimes,8,2,3,3,8,9,-1,9,France - National,0.25,0.62,-1,1.12,1.0,1.12,4.0,1.61,7
Valenciennes,8,2,3,3,7,8,-1,9,France - National,0.25,0.62,-1,1.12,0.88,1.0,4.0,1.61,7
Orleans,8,2,2,4,13,16,-3,8,France - National,0.25,0.5,-3,1.0,1.62,2.0,4.0,2.0,8
Villefranche,8,2,2,4,6,9,-3,8,France - National,0.25,0.5,-3,1.0,0.75,1.12,4.0,2.0,8
Dijon,8,2,2,4,9,16,-7,8,France - National,0.25,0.5,-7,1.0,1.12,2.0,4.0,2.0,8
Sochaux,8,1,4,3,5,7,-2,7,France - National,0.12,0.62,-2,0.88,0.62,0.88,8.33,1.61,9
Iberia,8,7,1,0,16,4,12,22,Georgia - Erovnuli Liga,0.88,1.0,12,2.75,2.0,0.5,1.14,1.0,1
Dila Gori,8,6,1,1,19,8,11,19,Georgia - Erovnuli Liga,0.75,0.88,11,2.38,2.38,1.0,1.33,1.14,2
Dinamo Tbilisi,8,6,1,1,14,6,8,19,Georgia - Erovnuli Liga,0.75,0.88,8,2.38,1.75,0.75,1.33,1.14,2
Dinamo Batumi,8,5,1,2,11,7,4,16,Georgia - Erovnuli Liga,0.62,0.75,4,2.0,1.38,0.88,1.61,1.33,3
Torpedo Kutaisi,8,4,1,3,9,8,1,13,Georgia - Erovnuli Liga,0.5,0.62,1,1.62,1.12,1.0,2.0,1.61,4
Gareji Sagarejo,8,2,3,3,9,8,1,9,Georgia - Erovnuli Liga,0.25,0.62,1,1.12,1.12,1.0,4.0,1.61,5
Samgurali,8,2,2,4,10,5,5,8,Georgia - Erovnuli Liga,0.25,0.5,5,1.0,1.25,0.62,4.0,2.0,6
Kolkheti Poti,8,2,2,4,8,12,-4,8,Georgia - Erovnuli Liga,0.25,0.5,-4,1.0,1.0,1.5,4.0,2.0,6
Gagra,8,1,4,3,7,11,-4,7,Georgia - Erovnuli Liga,0.12,0.62,-4,0.88,0.88,1.38,8.33,1.61,7
Telavi,8,1,2,5,7,13,-6,5,Georgia - Erovnuli Liga,0.12,0.38,-6,0.62,0.88,1.62,8.33,2.63,8
Rustavi,8,6,1,1,13,7,6,19,Georgia - Erovnuli Liga 2,0.75,0.88,6,2.38,1.62,0.88,1.33,1.14,1
Spaeri,8,5,3,0,17,5,12,18,Georgia - Erovnuli Liga 2,0.62,1.0,12,2.25,2.12,0.62,1.61,1.0,2
Merani Martvili,8,4,1,3,11,13,-2,13,Georgia - Erovnuli Liga 2,0.5,0.62,-2,1.62,1.38,1.62,2.0,1.61,3
Bolnisi,8,3,3,2,10,7,3,12,Georgia - Erovnuli Liga 2,0.38,0.75,3,1.5,1.25,0.88,2.63,1.33,4
Iberia B,8,3,3,2,8,5,3,12,Georgia - Erovnuli Liga 2,0.38,0.75,3,1.5,1.0,0.62,2.63,1.33,4
Meshakhte,8,2,5,1,6,5,1,11,Georgia - Erovnuli Liga 2,0.25,0.88,1,1.38,0.75,0.62,4.0,1.14,5
L. Tbilisi,8,2,4,2,11,10,1,10,Georgia - Erovnuli Liga 2,0.25,0.75,1,1.25,1.38,1.25,4.0,1.33,6
Gonio,8,3,1,4,11,13,-2,10,Georgia - Erovnuli Liga 2,0.38,0.5,-2,1.25,1.38,1.62,2.63,2.0,6
Samtredia,8,1,6,1,5,5,0,9,Georgia - Erovnuli Liga 2,0.12,0.88,0,1.12,0.62,0.62,8.33,1.14,7
D. Tbilisi B,8,0,3,5,5,13,-8,3,Georgia - Erovnuli Liga 2,0.0,0.38,-8,0.38,0.62,1.62,0.0,2.63,8
Bayern Munich,8,6,1,1,23,10,13,19,Germany - Bundesliga,0.75,0.88,13,2.38,2.88,1.25,1.33,1.14,1
Dortmund,8,5,1,2,22,8,14,16,Germany - Bundesliga,0.62,0.75,14,2.0,2.75,1.0,1.61,1.33,2
E. Frankfurt,8,4,2,2,16,10,6,14,Germany - Bundesliga,0.5,0.75,6,1.75,2.0,1.25,2.0,1.33,3
Leverkusen,8,4,2,2,13,9,4,14,Germany - Bundesliga,0.5,0.75,4,1.75,1.62,1.12,2.0,1.33,3
RB Leipzig,8,3,3,2,16,12,4,12,Germany - Bundesliga,0.38,0.75,4,1.5,2.0,1.5,2.63,1.33,4
FSV Mainz,8,2,6,0,12,8,4,12,Germany - Bundesliga,0.25,1.0,4,1.5,1.5,1.0,4.0,1.0,4
Freiburg,8,3,2,3,14,13,1,11,Germany - Bundesliga,0.38,0.62,1,1.38,1.75,1.62,2.63,1.61,5
Werder Bremen,8,3,2,3,8,9,-1,11,Germany - Bundesliga,0.38,0.62,-1,1.38,1.0,1.12,2.63,1.61,5
FC Augsburg,8,2,3,3,6,9,-3,9,Germany - Bundesliga,0.25,0.62,-3,1.12,0.75,1.12,4.0,1.61,6
Monchengladbach,8,2,2,4,11,14,-3,8,Germany - Bundesliga,0.25,0.5,-3,1.0,1.38,1.75,4.0,2.0,7
Union Berlin,8,1,4,3,9,13,-4,7,Germany - Bundesliga,0.12,0.62,-4,0.88,1.12,1.62,8.33,1.61,8
Hoffenheim,8,1,4,3,9,16,-7,7,Germany - Bundesliga,0.12,0.62,-7,0.88,1.12,2.0,8.33,1.61,8
Stuttgart,8,2,0,6,15,14,1,6,Germany - Bundesliga,0.25,0.25,1,0.75,1.88,1.75,4.0,4.0,9
Sankt Pauli,8,1,3,4,4,9,-5,6,Germany - Bundesliga,0.12,0.5,-5,0.75,0.5,1.12,8.33,2.0,9
Wolfsburg,8,0,5,3,8,11,-3,5,Germany - Bundesliga,0.0,0.62,-3,0.62,1.0,1.38,0.0,1.61,10
Holstein Kiel,8,1,2,5,11,19,-8,5,Germany - Bundesliga,0.12,0.38,-8,0.62,1.38,2.38,8.33,2.63,10
Bochum,8,1,1,6,6,16,-10,4,Germany - Bundesliga,0.12,0.25,-10,0.5,0.75,2.0,8.33,4.0,11
Heidenheim,8,1,1,6,5,17,-12,4,Germany - Bundesliga,0.12,0.25,-12,0.5,0.62,2.12,8.33,4.0,11
FC Koln,8,5,2,1,13,5,8,17,Germany - 2. Bundesliga,0.62,0.88,8,2.12,1.62,0.62,1.61,1.14,1
Kaiserslautern,8,5,2,1,14,7,7,17,Germany - 2. Bundesliga,0.62,0.88,7,2.12,1.75,0.88,1.61,1.14,1
Karlsruher SC,8,5,2,1,11,5,6,17,Germany - 2. Bundesliga,0.62,0.88,6,2.12,1.38,0.62,1.61,1.14,1
Dusseldorf,8,5,2,1,15,10,5,17,Germany - 2. Bundesliga,0.62,0.88,5,2.12,1.88,1.25,1.61,1.14,1
Magdeburg,8,5,0,3,19,15,4,15,Germany - 2. Bundesliga,0.62,0.62,4,1.88,2.38,1.88,1.61,1.61,2
Darmstadt,8,5,0,3,12,10,2,15,Germany - 2. Bundesliga,0.62,0.62,2,1.88,1.5,1.25,1.61,1.61,2
Elversberg,8,4,2,2,20,9,11,14,Germany - 2. Bundesliga,0.5,0.75,11,1.75,2.5,1.12,2.0,1.33,3
Hamburger SV,8,4,2,2,19,10,9,14,Germany - 2. Bundesliga,0.5,0.75,9,1.75,2.38,1.25,2.0,1.33,3
Paderborn,8,4,1,3,15,11,4,13,Germany - 2. Bundesliga,0.5,0.62,4,1.62,1.88,1.38,2.0,1.61,4
Regensburg,8,3,4,1,10,6,4,13,Germany - 2. Bundesliga,0.38,0.88,4,1.62,1.25,0.75,2.63,1.14,4
Preuss. Munster,8,3,3,2,10,7,3,12,Germany - 2. Bundesliga,0.38,0.75,3,1.5,1.25,0.88,2.63,1.33,5
Braunschweig,8,3,2,3,12,16,-4,11,Germany - 2. Bundesliga,0.38,0.62,-4,1.38,1.5,2.0,2.63,1.61,6
Greuther Furth,8,2,4,2,15,14,1,10,Germany - 2. Bundesliga,0.25,0.75,1,1.25,1.88,1.75,4.0,1.33,7
Hertha Berlin,8,2,4,2,8,7,1,10,Germany - 2. Bundesliga,0.25,0.75,1,1.25,1.0,0.88,4.0,1.33,7
Schalke 04,8,3,1,4,11,15,-4,10,Germany - 2. Bundesliga,0.38,0.5,-4,1.25,1.38,1.88,2.63,2.0,7
Hannover 96,8,1,6,1,8,9,-1,9,Germany - 2. Bundesliga,0.12,0.88,-1,1.12,1.0,1.12,8.33,1.14,8
FC Nurnberg,8,3,0,5,11,13,-2,9,Germany - 2. Bundesliga,0.38,0.38,-2,1.12,1.38,1.62,2.63,2.63,8
Ulm,8,2,2,4,8,11,-3,8,Germany - 2. Bundesliga,0.25,0.5,-3,1.0,1.0,1.38,4.0,2.0,9
Bielefeld,8,6,2,0,21,8,13,20,Germany - 3. Liga,0.75,1.0,13,2.5,2.62,1.0,1.33,1.0,1
Dynamo Dresden,8,5,2,1,17,6,11,17,Germany - 3. Liga,0.62,0.88,11,2.12,2.12,0.75,1.61,1.14,2
Hansa Rostock,8,5,2,1,14,5,9,17,Germany - 3. Liga,0.62,0.88,9,2.12,1.75,0.62,1.61,1.14,2
RW Essen,8,5,2,1,14,9,5,17,Germany - 3. Liga,0.62,0.88,5,2.12,1.75,1.12,1.61,1.14,2
1860 Munchen,8,5,1,2,14,10,4,16,Germany - 3. Liga,0.62,0.75,4,2.0,1.75,1.25,1.61,1.33,3
Saarbrucken,8,5,1,2,16,13,3,16,Germany - 3. Liga,0.62,0.75,3,2.0,2.0,1.62,1.61,1.33,3
Erzgebirge Aue,8,5,1,2,11,8,3,16,Germany - 3. Liga,0.62,0.75,3,2.0,1.38,1.0,1.61,1.33,3
Viktoria Koln,8,5,0,3,13,8,5,15,Germany - 3. Liga,0.62,0.62,5,1.88,1.62,1.0,1.61,1.61,4
Verl,8,4,2,2,15,10,5,14,Germany - 3. Liga,0.5,0.75,5,1.75,1.88,1.25,2.0,1.33,5
VfB Stuttgart B,8,4,2,2,12,9,3,14,Germany - 3. Liga,0.5,0.75,3,1.75,1.5,1.12,2.0,1.33,5
Alemannia A.,8,4,2,2,11,8,3,14,Germany - 3. Liga,0.5,0.75,3,1.75,1.38,1.0,2.0,1.33,5
Mannheim,8,4,2,2,11,8,3,14,Germany - 3. Liga,0.5,0.75,3,1.75,1.38,1.0,2.0,1.33,5
Wehen Wiesbaden,8,3,3,2,13,11,2,12,Germany - 3. Liga,0.38,0.75,2,1.5,1.62,1.38,2.63,1.33,6
FC Ingolstadt,8,3,2,3,12,15,-3,11,Germany - 3. Liga,0.38,0.62,-3,1.38,1.5,1.88,2.63,1.61,7
Osnabruck,8,3,1,4,5,7,-2,10,Germany - 3. Liga,0.38,0.5,-2,1.25,0.62,0.88,2.63,2.0,8
Energie Cottbus,8,3,1,4,9,13,-4,10,Germany - 3. Liga,0.38,0.5,-4,1.25,1.12,1.62,2.63,2.0,8
Hannover 96 B,8,2,3,3,11,16,-5,9,Germany - 3. Liga,0.25,0.62,-5,1.12,1.38,2.0,4.0,1.61,9
Dortmund B,8,2,2,4,9,13,-4,8,Germany - 3. Liga,0.25,0.5,-4,1.0,1.12,1.62,4.0,2.0,10
Unterhaching,8,1,2,5,9,14,-5,5,Germany - 3. Liga,0.12,0.38,-5,0.62,1.12,1.75,8.33,2.63,11
Sandhausen,8,1,1,6,4,16,-12,4,Germany - 3. Liga,0.12,0.25,-12,0.5,0.5,2.0,8.33,4.0,12
Aduana Stars,8,7,1,0,20,5,15,22,Ghana - Premier League,0.88,1.0,15,2.75,2.5,0.62,1.14,1.0,1
Asante Kotoko,8,7,1,0,14,4,10,22,Ghana - Premier League,0.88,1.0,10,2.75,1.75,0.5,1.14,1.0,1
Medeama,8,7,0,1,21,5,16,21,Ghana - Premier League,0.88,0.88,16,2.62,2.62,0.62,1.14,1.14,2
Dreams,8,6,2,0,13,2,11,20,Ghana - Premier League,0.75,1.0,11,2.5,1.62,0.25,1.33,1.0,3
Samartex,8,6,2,0,15,5,10,20,Ghana - Premier League,0.75,1.0,10,2.5,1.88,0.62,1.33,1.0,3
Karela,8,6,1,1,17,5,12,19,Ghana - Premier League,0.75,0.88,12,2.38,2.12,0.62,1.33,1.14,4
Accra Lions,8,6,1,1,15,7,8,19,Ghana - Premier League,0.75,0.88,8,2.38,1.88,0.88,1.33,1.14,4
Heart of Lions,8,6,1,1,13,7,6,19,Ghana - Premier League,0.75,0.88,6,2.38,1.62,0.88,1.33,1.14,4
Vision,8,5,3,0,13,5,8,18,Ghana - Premier League,0.62,1.0,8,2.25,1.62,0.62,1.61,1.0,5
Young Apostles,8,5,3,0,10,3,7,18,Ghana - Premier League,0.62,1.0,7,2.25,1.25,0.38,1.61,1.0,5
Nations,8,6,0,2,10,4,6,18,Ghana - Premier League,0.75,0.75,6,2.25,1.25,0.5,1.33,1.33,5
Bibiani GS,8,5,2,1,10,3,7,17,Ghana - Premier League,0.62,0.88,7,2.12,1.25,0.38,1.61,1.14,6
Berekum Chelsea,8,5,1,2,11,5,6,16,Ghana - Premier League,0.62,0.75,6,2.0,1.38,0.62,1.61,1.33,7
Bechem Utd,8,5,1,2,9,4,5,16,Ghana - Premier League,0.62,0.75,5,2.0,1.12,0.5,1.61,1.33,7
Holy Stars,8,4,3,1,8,3,5,15,Ghana - Premier League,0.5,0.88,5,1.88,1.0,0.38,2.0,1.14,8
Hearts of Oak,8,4,2,2,7,3,4,14,Ghana - Premier League,0.5,0.75,4,1.75,0.88,0.38,2.0,1.33,9
Legon Cities,8,3,1,4,8,11,-3,10,Ghana - Premier League,0.38,0.5,-3,1.25,1.0,1.38,2.63,2.0,10
Nsoatreman,8,1,0,7,1,19,-18,3,Ghana - Premier League,0.12,0.12,-18,0.38,0.12,2.38,8.33,8.33,11
Lincoln RI,8,7,0,1,19,4,15,21,Gibraltar - Premier Division,0.88,0.88,15,2.62,2.38,0.5,1.14,1.14,1
St Josephs,8,6,1,1,15,5,10,19,Gibraltar - Premier Division,0.75,0.88,10,2.38,1.88,0.62,1.33,1.14,2
Europa FC,8,6,0,2,24,9,15,18,Gibraltar - Premier Division,0.75,0.75,15,2.25,3.0,1.12,1.33,1.33,3
Magpies,8,4,0,4,14,13,1,12,Gibraltar - Premier Division,0.5,0.5,1,1.5,1.75,1.62,2.0,2.0,4
Lynx,8,4,0,4,13,22,-9,12,Gibraltar - Premier Division,0.5,0.5,-9,1.5,1.62,2.75,2.0,2.0,4
Manchester 62,8,3,2,3,15,11,4,11,Gibraltar - Premier Division,0.38,0.62,4,1.38,1.88,1.38,2.63,1.61,5
Lions FC,8,3,0,5,14,19,-5,9,Gibraltar - Premier Division,0.38,0.38,-5,1.12,1.75,2.38,2.63,2.63,6
Glacis Utd,8,3,0,5,12,22,-10,9,Gibraltar - Premier Division,0.38,0.38,-10,1.12,1.5,2.75,2.63,2.63,6
College 1975,8,2,2,4,7,14,-7,8,Gibraltar - Premier Division,0.25,0.5,-7,1.0,0.88,1.75,4.0,2.0,7
Mons Calpe,8,2,0,6,9,21,-12,6,Gibraltar - Premier Division,0.25,0.25,-12,0.75,1.12,2.62,4.0,4.0,8
Europa Point,8,0,2,6,6,32,-26,2,Gibraltar - Premier Division,0.0,0.25,-26,0.25,0.75,4.0,0.0,4.0,9
Panathinaikos,8,7,0,1,16,7,9,21,Greece - Super League,0.88,0.88,9,2.62,2.0,0.88,1.14,1.14,1
Olympiakos,8,6,2,0,16,8,8,20,Greece - Super League,0.75,1.0,8,2.5,2.0,1.0,1.33,1.0,2
PAOK,8,6,0,2,17,6,11,18,Greece - Super League,0.75,0.75,11,2.25,2.12,0.75,1.33,1.33,3
Aris,8,4,2,2,7,5,2,14,Greece - Super League,0.5,0.75,2,1.75,0.88,0.62,2.0,1.33,4
Levadiakos,8,4,1,3,16,9,7,13,Greece - Super League,0.5,0.62,7,1.62,2.0,1.12,2.0,1.61,5
OFI Crete,8,4,1,3,13,12,1,13,Greece - Super League,0.5,0.62,1,1.62,1.62,1.5,2.0,1.61,5
AEK Athens,8,4,0,4,13,9,4,12,Greece - Super League,0.5,0.5,4,1.5,1.62,1.12,2.0,2.0,6
Panserraikos,8,3,3,2,11,10,1,12,Greece - Super League,0.38,0.75,1,1.5,1.38,1.25,2.63,1.33,6
Asteras T.,8,4,0,4,8,9,-1,12,Greece - Super League,0.5,0.5,-1,1.5,1.0,1.12,2.0,2.0,6
Volos,8,3,2,3,9,6,3,11,Greece - Super League,0.38,0.62,3,1.38,1.12,0.75,2.63,1.61,7
Panaitolikos,8,3,1,4,5,7,-2,10,Greece - Super League,0.38,0.5,-2,1.25,0.62,0.88,2.63,2.0,8
A. Kallithea,8,2,3,3,8,10,-2,9,Greece - Super League,0.25,0.62,-2,1.12,1.0,1.25,4.0,1.61,9
Lamia,8,3,0,5,10,15,-5,9,Greece - Super League,0.38,0.38,-5,1.12,1.25,1.88,2.63,2.63,9
Atromitos,8,2,2,4,6,8,-2,8,Greece - Super League,0.25,0.5,-2,1.0,0.75,1.0,4.0,2.0,10
Municipal,8,6,2,0,20,5,15,20,Guatemala - Liga Nacional - Apertura,0.75,1.0,15,2.5,2.5,0.62,1.33,1.0,1
Xelaju,8,6,2,0,18,4,14,20,Guatemala - Liga Nacional - Apertura,0.75,1.0,14,2.5,2.25,0.5,1.33,1.0,1
Antigua GFC,8,5,2,1,18,9,9,17,Guatemala - Liga Nacional - Apertura,0.62,0.88,9,2.12,2.25,1.12,1.61,1.14,2
Malacateco,8,5,1,2,12,3,9,16,Guatemala - Liga Nacional - Apertura,0.62,0.75,9,2.0,1.5,0.38,1.61,1.33,3
Xinabajul,8,5,1,2,15,9,6,16,Guatemala - Liga Nacional - Apertura,0.62,0.75,6,2.0,1.88,1.12,1.61,1.33,3
Coban Imperial,8,4,3,1,17,8,9,15,Guatemala - Liga Nacional - Apertura,0.5,0.88,9,1.88,2.12,1.0,2.0,1.14,4
Mixco,8,4,3,1,7,3,4,15,Guatemala - Liga Nacional - Apertura,0.5,0.88,4,1.88,0.88,0.38,2.0,1.14,4
Achuapa,8,3,4,1,10,7,3,13,Guatemala - Liga Nacional - Apertura,0.38,0.88,3,1.62,1.25,0.88,2.63,1.14,5
Comunicaciones,8,4,1,3,13,11,2,13,Guatemala - Liga Nacional - Apertura,0.5,0.62,2,1.62,1.62,1.38,2.0,1.61,5
Guastatoya,8,2,4,2,12,8,4,10,Guatemala - Liga Nacional - Apertura,0.25,0.75,4,1.25,1.5,1.0,4.0,1.33,6
Marquense,8,2,4,2,8,7,1,10,Guatemala - Liga Nacional - Apertura,0.25,0.75,1,1.25,1.0,0.88,4.0,1.33,6
Zacapa Tellioz,8,0,4,4,2,7,-5,4,Guatemala - Liga Nacional - Apertura,0.0,0.5,-5,0.5,0.25,0.88,0.0,2.0,7
Comunicaciones,8,6,1,1,13,9,4,19,guatemala2,0.75,0.88,4,2.38,1.62,1.12,1.33,1.14,1
Malacateco,8,5,2,1,17,8,9,17,guatemala2,0.62,0.88,9,2.12,2.12,1.0,1.61,1.14,2
Xelaju,8,5,2,1,16,9,7,17,guatemala2,0.62,0.88,7,2.12,2.0,1.12,1.61,1.14,2
Coban Imperial,8,5,2,1,11,4,7,17,guatemala2,0.62,0.88,7,2.12,1.38,0.5,1.61,1.14,2
Municipal,8,5,2,1,10,6,4,17,guatemala2,0.62,0.88,4,2.12,1.25,0.75,1.61,1.14,2
Mixco,8,5,1,2,11,8,3,16,guatemala2,0.62,0.75,3,2.0,1.38,1.0,1.61,1.33,3
Marquense,8,4,3,1,9,4,5,15,guatemala2,0.5,0.88,5,1.88,1.12,0.5,2.0,1.14,4
Antigua GFC,8,4,2,2,16,9,7,14,guatemala2,0.5,0.75,7,1.75,2.0,1.12,2.0,1.33,5
Guastatoya,8,4,2,2,8,7,1,14,guatemala2,0.5,0.75,1,1.75,1.0,0.88,2.0,1.33,5
Achuapa,8,3,3,2,8,7,1,12,guatemala2,0.38,0.75,1,1.5,1.0,0.88,2.63,1.33,6
Xinabajul,8,1,4,3,7,9,-2,7,guatemala2,0.12,0.62,-2,0.88,0.88,1.12,8.33,1.61,7
Olimpia,8,6,2,0,23,6,17,20,Honduras - Liga Nacional - Apertura,0.75,1.0,17,2.5,2.88,0.75,1.33,1.0,1
Olancho,8,5,2,1,20,6,14,17,Honduras - Liga Nacional - Apertura,0.62,0.88,14,2.12,2.5,0.75,1.61,1.14,2
Victoria,8,5,1,2,18,10,8,16,Honduras - Liga Nacional - Apertura,0.62,0.75,8,2.0,2.25,1.25,1.61,1.33,3
Motagua,8,4,2,2,16,12,4,14,Honduras - Liga Nacional - Apertura,0.5,0.75,4,1.75,2.0,1.5,2.0,1.33,4
UPNFM,8,4,1,3,11,11,0,13,Honduras - Liga Nacional - Apertura,0.5,0.62,0,1.62,1.38,1.38,2.0,1.61,5
Marathon,8,3,3,2,11,7,4,12,Honduras - Liga Nacional - Apertura,0.38,0.75,4,1.5,1.38,0.88,2.63,1.33,6
Genesis,8,3,3,2,11,8,3,12,Honduras - Liga Nacional - Apertura,0.38,0.75,3,1.5,1.38,1.0,2.63,1.33,6
Real Espana,8,3,3,2,8,8,0,12,Honduras - Liga Nacional - Apertura,0.38,0.75,0,1.5,1.0,1.0,2.63,1.33,6
Juticalpa,8,2,2,4,6,8,-2,8,Honduras - Liga Nacional - Apertura,0.25,0.5,-2,1.0,0.75,1.0,4.0,2.0,7
Real Sociedad,8,1,4,3,5,11,-6,7,Honduras - Liga Nacional - Apertura,0.12,0.62,-6,0.88,0.62,1.38,8.33,1.61,8
Real Espana,8,6,1,1,13,5,8,19,honduras2,0.75,0.88,8,2.38,1.62,0.62,1.33,1.14,1
Motagua,8,5,2,1,20,8,12,17,honduras2,0.62,0.88,12,2.12,2.5,1.0,1.61,1.14,2
Olimpia,8,4,3,1,13,6,7,15,honduras2,0.5,0.88,7,1.88,1.62,0.75,2.0,1.14,3
Marathon,8,3,4,1,13,7,6,13,honduras2,0.38,0.88,6,1.62,1.62,0.88,2.63,1.14,4
UPNFM,8,3,4,1,11,9,2,13,honduras2,0.38,0.88,2,1.62,1.38,1.12,2.63,1.14,4
Genesis,8,2,6,0,13,10,3,12,honduras2,0.25,1.0,3,1.5,1.62,1.25,4.0,1.0,5
Olancho,8,3,2,3,9,10,-1,11,honduras2,0.38,0.62,-1,1.38,1.12,1.25,2.63,1.61,6
Victoria,8,2,4,2,6,8,-2,10,honduras2,0.25,0.75,-2,1.25,0.75,1.0,4.0,1.33,7
Real Sociedad,8,1,5,2,6,10,-4,8,honduras2,0.12,0.75,-4,1.0,0.75,1.25,8.33,1.33,8
Juticalpa,8,2,0,6,4,10,-6,6,honduras2,0.25,0.25,-6,0.75,0.5,1.25,4.0,4.0,9
LM Warriors,8,6,1,1,23,15,8,19,Hong Kong - Premier League,0.75,0.88,8,2.38,2.88,1.88,1.33,1.14,1
Tai Po,8,5,1,2,16,11,5,16,Hong Kong - Premier League,0.62,0.75,5,2.0,2.0,1.38,1.61,1.33,2
Eastern,8,3,4,1,16,12,4,13,Hong Kong - Premier League,0.38,0.88,4,1.62,2.0,1.5,2.63,1.14,3
Southern D.,8,3,2,3,12,10,2,11,Hong Kong - Premier League,0.38,0.62,2,1.38,1.5,1.25,2.63,1.61,4
Kitchee,8,3,1,4,15,9,6,10,Hong Kong - Premier League,0.38,0.5,6,1.25,1.88,1.12,2.63,2.0,5
North District,8,3,1,4,15,16,-1,10,Hong Kong - Premier League,0.38,0.5,-1,1.25,1.88,2.0,2.63,2.0,5
HK Rangers,8,2,1,5,12,16,-4,7,Hong Kong - Premier League,0.25,0.38,-4,0.88,1.5,2.0,4.0,2.63,6
Hong Kong FC,8,2,1,5,5,16,-11,7,Hong Kong - Premier League,0.25,0.38,-11,0.88,0.62,2.0,4.0,2.63,6
Kowloon City,8,1,0,7,13,29,-16,3,Hong Kong - Premier League,0.12,0.12,-16,0.38,1.62,3.62,8.33,8.33,7
Puskas A.,8,7,1,0,22,11,11,22,Hungary - NB I,0.88,1.0,11,2.75,2.75,1.38,1.14,1.0,1
Gyor,8,6,1,1,13,3,10,19,Hungary - NB I,0.75,0.88,10,2.38,1.62,0.38,1.33,1.14,2
Ferencvaros,8,4,3,1,19,5,14,15,Hungary - NB I,0.5,0.88,14,1.88,2.38,0.62,2.0,1.14,3
Paks,8,4,3,1,20,11,9,15,Hungary - NB I,0.5,0.88,9,1.88,2.5,1.38,2.0,1.14,3
MTK Budapest,8,4,0,4,16,13,3,12,Hungary - NB I,0.5,0.5,3,1.5,2.0,1.62,2.0,2.0,4
Nyiregyhaza,8,3,3,2,3,3,0,12,Hungary - NB I,0.38,0.75,0,1.5,0.38,0.38,2.63,1.33,4
Debrecen,8,3,2,3,13,10,3,11,Hungary - NB I,0.38,0.62,3,1.38,1.62,1.25,2.63,1.61,5
DVTK,8,3,2,3,11,13,-2,11,Hungary - NB I,0.38,0.62,-2,1.38,1.38,1.62,2.63,1.61,5
Zalaegerszegi,8,1,6,1,4,5,-1,9,Hungary - NB I,0.12,0.88,-1,1.12,0.5,0.62,8.33,1.14,6
Kecskemeti TE,8,1,5,2,13,11,2,8,Hungary - NB I,0.12,0.75,2,1.0,1.62,1.38,8.33,1.33,7
Ujpest,8,1,4,3,12,17,-5,7,Hungary - NB I,0.12,0.62,-5,0.88,1.5,2.12,8.33,1.61,8
Fehervar,8,1,2,5,3,12,-9,5,Hungary - NB I,0.12,0.38,-9,0.62,0.38,1.5,8.33,2.63,9
Vasas,8,7,1,0,17,4,13,22,Hungary - NB II,0.88,1.0,13,2.75,2.12,0.5,1.14,1.0,1
Honved,8,6,0,2,19,7,12,18,Hungary - NB II,0.75,0.75,12,2.25,2.38,0.88,1.33,1.33,2
Mezokovesd,8,5,3,0,17,7,10,18,Hungary - NB II,0.62,1.0,10,2.25,2.12,0.88,1.61,1.0,2
Kisvarda,8,5,3,0,17,9,8,18,Hungary - NB II,0.62,1.0,8,2.25,2.12,1.12,1.61,1.0,2
Szentlorinc,8,4,4,0,13,5,8,16,Hungary - NB II,0.5,1.0,8,2.0,1.62,0.62,2.0,1.0,3
Kazincbarcika,8,4,4,0,12,6,6,16,Hungary - NB II,0.5,1.0,6,2.0,1.5,0.75,2.0,1.0,3
BVSC,8,3,4,1,8,5,3,13,Hungary - NB II,0.38,0.88,3,1.62,1.0,0.62,2.63,1.14,4
Kozarmisleny,8,4,1,3,11,9,2,13,Hungary - NB II,0.5,0.62,2,1.62,1.38,1.12,2.0,1.61,4
Soroksar,8,3,3,2,15,13,2,12,Hungary - NB II,0.38,0.75,2,1.5,1.88,1.62,2.63,1.33,5
Bekescsaba,8,3,3,2,13,12,1,12,Hungary - NB II,0.38,0.75,1,1.5,1.62,1.5,2.63,1.33,5
Szeged,8,3,2,3,10,9,1,11,Hungary - NB II,0.38,0.62,1,1.38,1.25,1.12,2.63,1.61,6
Tatabanya,8,2,4,2,7,10,-3,10,Hungary - NB II,0.25,0.75,-3,1.25,0.88,1.25,4.0,1.33,7
Ajka,8,2,2,4,7,7,0,8,Hungary - NB II,0.25,0.5,0,1.0,0.88,0.88,4.0,2.0,8
Csakvari,8,2,2,4,10,16,-6,8,Hungary - NB II,0.25,0.5,-6,1.0,1.25,2.0,4.0,2.0,8
Gyirmot,8,1,4,3,9,9,0,7,Hungary - NB II,0.12,0.62,0,0.88,1.12,1.12,8.33,1.61,9
Budafoki,8,2,1,5,14,16,-2,7,Hungary - NB II,0.25,0.38,-2,0.88,1.75,2.0,4.0,2.63,9
Vikingur R.,5,5,0,0,14,4,10,15,Iceland - Besta deild,1.0,1.0,10,3.0,2.8,0.8,1.0,1.0,1
Valur,6,4,2,0,16,5,11,14,Iceland - Besta deild,0.67,1.0,11,2.33,2.67,0.83,1.49,1.0,2
Stjarnan,6,4,1,1,14,9,5,13,Iceland - Besta deild,0.67,0.83,5,2.17,2.33,1.5,1.49,1.2,3
Breidablik,6,4,1,1,13,10,3,13,Iceland - Besta deild,0.67,0.83,3,2.17,2.17,1.67,1.49,1.2,3
KR Reykjavik,5,3,1,1,16,8,8,10,Iceland - Besta deild,0.6,0.8,8,2.0,3.2,1.6,1.67,1.25,4
Afturelding,5,3,1,1,8,5,3,10,Iceland - Besta deild,0.6,0.8,3,2.0,1.6,1.0,1.67,1.25,4
Fram,5,3,0,2,9,5,4,9,Iceland - Besta deild,0.6,0.6,4,1.8,1.8,1.0,1.67,1.67,5
Vestri,5,3,0,2,6,3,3,9,Iceland - Besta deild,0.6,0.6,3,1.8,1.2,0.6,1.67,1.67,5
Hafnarfjordur,4,2,2,0,7,2,5,8,Iceland - Besta deild,0.5,1.0,5,2.0,1.75,0.5,2.0,1.0,6
KA Akureyri,5,2,2,1,7,6,1,8,Iceland - Besta deild,0.4,0.8,1,1.6,1.4,1.2,2.5,1.25,6
IBV,4,2,1,1,5,4,1,7,Iceland - Besta deild,0.5,0.75,1,1.75,1.25,1.0,2.0,1.33,7
IA Akranes,4,1,0,3,4,8,-4,3,Iceland - Besta deild,0.25,0.25,-4,0.75,1.0,2.0,4.0,4.0,8
IR Reykjavik,3,3,0,0,5,1,4,9,Iceland - 1. Deild,1.0,1.0,4,3.0,1.67,0.33,1.0,1.0,1
Njardvik,4,1,3,0,8,4,4,6,Iceland - 1. Deild,0.25,1.0,4,1.5,2.0,1.0,4.0,1.0,2
Volsungur,2,2,0,0,5,2,3,6,Iceland - 1. Deild,1.0,1.0,3,3.0,2.5,1.0,1.0,1.0,2
Thor Akureyri,5,1,2,2,9,10,-1,5,Iceland - 1. Deild,0.2,0.6,-1,1.0,1.8,2.0,5.0,1.67,3
Throttur R.,3,1,1,1,7,6,1,4,Iceland - 1. Deild,0.33,0.67,1,1.33,2.33,2.0,3.03,1.49,4
HK Kopavogur,3,1,1,1,6,5,1,4,Iceland - 1. Deild,0.33,0.67,1,1.33,2.0,1.67,3.03,1.49,4
Grindavik,3,1,1,1,8,8,0,4,Iceland - 1. Deild,0.33,0.67,0,1.33,2.67,2.67,3.03,1.49,4
Keflavik,3,1,0,2,6,4,2,3,Iceland - 1. Deild,0.33,0.33,2,1.0,2.0,1.33,3.03,3.03,5
Fylkir,3,1,0,2,4,4,0,3,Iceland - 1. Deild,0.33,0.33,0,1.0,1.33,1.33,3.03,3.03,5
Selfoss,3,1,0,2,3,7,-4,3,Iceland - 1. Deild,0.33,0.33,-4,1.0,1.0,2.33,3.03,3.03,5
Leiknir R.,4,1,0,3,6,12,-6,3,Iceland - 1. Deild,0.25,0.25,-6,0.75,1.5,3.0,4.0,4.0,5
Fjolnir,4,0,1,3,2,9,-7,1,Iceland - 1. Deild,0.0,0.25,-7,0.25,0.5,2.25,0.0,4.0,6
Haukar,4,3,1,0,7,4,3,10,Iceland - 2. Deild,0.75,1.0,3,2.5,1.75,1.0,1.33,1.0,1
Aeggir,4,3,0,1,10,4,6,9,Iceland - 2. Deild,0.75,0.75,6,2.25,2.5,1.0,1.33,1.33,2
Dalvik/Reynir,3,2,1,0,7,1,6,7,Iceland - 2. Deild,0.67,1.0,6,2.33,2.33,0.33,1.49,1.0,3
Grotta,3,2,1,0,6,1,5,7,Iceland - 2. Deild,0.67,1.0,5,2.33,2.0,0.33,1.49,1.0,3
KFG,4,2,1,1,9,5,4,7,Iceland - 2. Deild,0.5,0.75,4,1.75,2.25,1.25,2.0,1.33,3
V. Olafsvik,4,2,0,2,9,6,3,6,Iceland - 2. Deild,0.5,0.5,3,1.5,2.25,1.5,2.0,2.0,4
Kormakur/Hvot,3,2,0,1,3,1,2,6,Iceland - 2. Deild,0.67,0.67,2,2.0,1.0,0.33,1.49,1.49,4
Throttur Vogar,3,2,0,1,4,3,1,6,Iceland - 2. Deild,0.67,0.67,1,2.0,1.33,1.0,1.49,1.49,4
Vidir,4,1,2,1,3,4,-1,5,Iceland - 2. Deild,0.25,0.75,-1,1.25,0.75,1.0,4.0,1.33,5
KFA,4,1,1,2,11,8,3,4,Iceland - 2. Deild,0.25,0.5,3,1.0,2.75,2.0,4.0,2.0,6
Kari,3,1,0,2,4,5,-1,3,Iceland - 2. Deild,0.33,0.33,-1,1.0,1.33,1.67,3.03,3.03,7
Hottur/Huginn,3,0,1,2,3,6,-3,1,Iceland - 2. Deild,0.0,0.33,-3,0.33,1.0,2.0,0.0,3.03,8
Mohun Bagan,8,8,0,0,15,2,13,24,India - Super League,1.0,1.0,13,3.0,1.88,0.25,1.0,1.0,1
Goa,8,7,1,0,14,4,10,22,India - Super League,0.88,1.0,10,2.75,1.75,0.5,1.14,1.0,2
Jamshedpur,8,5,1,2,14,10,4,16,India - Super League,0.62,0.75,4,2.0,1.75,1.25,1.61,1.33,3
Kerala Blasters,8,4,2,2,11,7,4,14,India - Super League,0.5,0.75,4,1.75,1.38,0.88,2.0,1.33,4
East Bengal,8,4,1,3,13,12,1,13,India - Super League,0.5,0.62,1,1.62,1.62,1.5,2.0,1.61,5
Bengaluru,8,3,2,3,14,12,2,11,India - Super League,0.38,0.62,2,1.38,1.75,1.5,2.63,1.61,6
Odisha FC,8,2,5,1,13,11,2,11,India - Super League,0.25,0.88,2,1.38,1.62,1.38,4.0,1.14,6
Chennaiyin,8,3,2,3,13,15,-2,11,India - Super League,0.38,0.62,-2,1.38,1.62,1.88,2.63,1.61,6
Mumbai City,8,3,2,3,8,11,-3,11,India - Super League,0.38,0.62,-3,1.38,1.0,1.38,2.63,1.61,6
Hyderabad,8,2,4,2,12,14,-2,10,India - Super League,0.25,0.75,-2,1.25,1.5,1.75,4.0,1.33,7
NorthEast Utd,8,2,3,3,10,9,1,9,India - Super League,0.25,0.62,1,1.12,1.25,1.12,4.0,1.61,8
Punjab,8,2,1,5,9,13,-4,7,India - Super League,0.25,0.38,-4,0.88,1.12,1.62,4.0,2.63,9
Mohammedan,8,0,3,5,6,16,-10,3,India - Super League,0.0,0.38,-10,0.38,0.75,2.0,0.0,2.63,10
Shillong Lajong,8,5,3,0,25,6,19,18,India - I-League,0.62,1.0,19,2.25,3.12,0.75,1.61,1.0,1
Real Kashmir,8,5,3,0,14,6,8,18,India - I-League,0.62,1.0,8,2.25,1.75,0.75,1.61,1.0,1
Inter Kashi,8,6,0,2,19,15,4,18,India - I-League,0.75,0.75,4,2.25,2.38,1.88,1.33,1.33,1
Namdhari,8,5,2,1,16,9,7,17,India - I-League,0.62,0.88,7,2.12,2.0,1.12,1.61,1.14,2
Churchill B.,8,4,4,0,20,10,10,16,India - I-League,0.5,1.0,10,2.0,2.5,1.25,2.0,1.0,3
Rajasthan,8,4,2,2,15,8,7,14,India - I-League,0.5,0.75,7,1.75,1.88,1.0,2.0,1.33,4
Gokulam,8,4,0,4,21,16,5,12,India - I-League,0.5,0.5,5,1.5,2.62,2.0,2.0,2.0,5
SC Bengaluru,8,3,3,2,10,8,2,12,India - I-League,0.38,0.75,2,1.5,1.25,1.0,2.63,1.33,5
Dempo,8,2,3,3,21,18,3,9,India - I-League,0.25,0.62,3,1.12,2.62,2.25,4.0,1.61,6
Aizawl,8,2,2,4,14,16,-2,8,India - I-League,0.25,0.5,-2,1.0,1.75,2.0,4.0,2.0,7
Sreenidi Deccan,8,1,4,3,13,13,0,7,India - I-League,0.12,0.62,0,0.88,1.62,1.62,8.33,1.61,8
Delhi FC,8,1,0,7,4,12,-8,3,India - I-League,0.12,0.12,-8,0.38,0.5,1.5,8.33,8.33,9
Malut United,8,7,1,0,17,5,12,22,Indonesia - Liga 1,0.88,1.0,12,2.75,2.12,0.62,1.14,1.0,1
Dewa Utd,8,6,0,2,21,6,15,18,Indonesia - Liga 1,0.75,0.75,15,2.25,2.62,0.75,1.33,1.33,2
Persib,8,5,2,1,14,7,7,17,Indonesia - Liga 1,0.62,0.88,7,2.12,1.75,0.88,1.61,1.14,3
PSM,8,5,1,2,11,7,4,16,Indonesia - Liga 1,0.62,0.75,4,2.0,1.38,0.88,1.61,1.33,4
Borneo,8,4,3,1,11,7,4,15,Indonesia - Liga 1,0.5,0.88,4,1.88,1.38,0.88,2.0,1.14,5
Madura Utd,8,4,1,3,11,11,0,13,Indonesia - Liga 1,0.5,0.62,0,1.62,1.38,1.38,2.0,1.61,6
Persebaya S.,8,3,3,2,10,9,1,12,Indonesia - Liga 1,0.38,0.75,1,1.5,1.25,1.12,2.63,1.33,7
PSBS Biak N.,8,3,3,2,10,11,-1,12,Indonesia - Liga 1,0.38,0.75,-1,1.5,1.25,1.38,2.63,1.33,7
Semen Padang,8,3,3,2,12,15,-3,12,Indonesia - Liga 1,0.38,0.75,-3,1.5,1.5,1.88,2.63,1.33,7
Barito Putera,8,3,2,3,13,12,1,11,Indonesia - Liga 1,0.38,0.62,1,1.38,1.62,1.5,2.63,1.61,8
Persita,8,3,2,3,11,12,-1,11,Indonesia - Liga 1,0.38,0.62,-1,1.38,1.38,1.5,2.63,1.61,8
Persija,8,2,4,2,11,10,1,10,Indonesia - Liga 1,0.25,0.75,1,1.25,1.38,1.25,4.0,1.33,9
Persis Solo,8,2,4,2,11,12,-1,10,Indonesia - Liga 1,0.25,0.75,-1,1.25,1.38,1.5,4.0,1.33,9
Arema,8,2,3,3,14,14,0,9,Indonesia - Liga 1,0.25,0.62,0,1.12,1.75,1.75,4.0,1.61,10
Bali Utd,8,2,3,3,10,11,-1,9,Indonesia - Liga 1,0.25,0.62,-1,1.12,1.25,1.38,4.0,1.61,10
PSS Sleman,8,3,0,5,13,16,-3,9,Indonesia - Liga 1,0.38,0.38,-3,1.12,1.62,2.0,2.63,2.63,10
Persik Kediri,8,0,5,3,8,11,-3,5,Indonesia - Liga 1,0.0,0.62,-3,0.62,1.0,1.38,0.0,1.61,11
PSIS Semarang,8,0,2,6,7,17,-10,2,Indonesia - Liga 1,0.0,0.25,-10,0.25,0.88,2.12,0.0,4.0,12
Tractor Sazi,8,6,2,0,20,6,14,20,Iran - Pro League,0.75,1.0,14,2.5,2.5,0.75,1.33,1.0,1
Sepahan,8,6,1,1,19,5,14,19,Iran - Pro League,0.75,0.88,14,2.38,2.38,0.62,1.33,1.14,2
Persepolis,8,6,1,1,11,4,7,19,Iran - Pro League,0.75,0.88,7,2.38,1.38,0.5,1.33,1.14,2
Foolad,8,5,2,1,12,5,7,17,Iran - Pro League,0.62,0.88,7,2.12,1.5,0.62,1.61,1.14,3
K. Khorramabad,8,5,1,2,10,4,6,16,Iran - Pro League,0.62,0.75,6,2.0,1.25,0.5,1.61,1.33,4
Gol Gohar,8,4,3,1,7,4,3,15,Iran - Pro League,0.5,0.88,3,1.88,0.88,0.5,2.0,1.14,5
Malavan,8,3,5,0,13,6,7,14,Iran - Pro League,0.38,1.0,7,1.75,1.62,0.75,2.63,1.0,6
Esteghlal,8,3,3,2,11,6,5,12,Iran - Pro League,0.38,0.75,5,1.5,1.38,0.75,2.63,1.33,7
Zob Ahan,8,3,3,2,9,6,3,12,Iran - Pro League,0.38,0.75,3,1.5,1.12,0.75,2.63,1.33,7
E. Khuzestan,8,2,4,2,7,7,0,10,Iran - Pro League,0.25,0.75,0,1.25,0.88,0.88,4.0,1.33,8
Aluminium Arak,8,1,6,1,6,5,1,9,Iran - Pro League,0.12,0.88,1,1.12,0.75,0.62,8.33,1.14,9
Shams A. Qazvin,8,2,3,3,10,14,-4,9,Iran - Pro League,0.25,0.62,-4,1.12,1.25,1.75,4.0,1.61,9
Chadormalu,8,2,2,4,9,9,0,8,Iran - Pro League,0.25,0.5,0,1.0,1.12,1.12,4.0,2.0,10
Havadar,8,2,2,4,7,15,-8,8,Iran - Pro League,0.25,0.5,-8,1.0,0.88,1.88,4.0,2.0,10
Mes Rafsanjan,8,1,4,3,4,8,-4,7,Iran - Pro League,0.12,0.62,-4,0.88,0.5,1.0,8.33,1.61,11
N. Mazandaran,8,1,4,3,4,8,-4,7,Iran - Pro League,0.12,0.62,-4,0.88,0.5,1.0,8.33,1.61,11
St. Patricks,8,5,3,0,18,9,9,18,Ireland - Premier Division,0.62,1.0,9,2.25,2.25,1.12,1.61,1.0,1
Shamrock Rovers,8,5,2,1,19,6,13,17,Ireland - Premier Division,0.62,0.88,13,2.12,2.38,0.75,1.61,1.14,2
Bohemians,8,5,0,3,10,8,2,15,Ireland - Premier Division,0.62,0.62,2,1.88,1.25,1.0,1.61,1.61,3
Derry City,8,4,1,3,12,9,3,13,Ireland - Premier Division,0.5,0.62,3,1.62,1.5,1.12,2.0,1.61,4
Drogheda Utd,8,3,4,1,11,8,3,13,Ireland - Premier Division,0.38,0.88,3,1.62,1.38,1.0,2.63,1.14,4
Shelbourne,8,3,3,2,9,8,1,12,Ireland - Premier Division,0.38,0.75,1,1.5,1.12,1.0,2.63,1.33,5
Cork City,8,2,4,2,9,10,-1,10,Ireland - Premier Division,0.25,0.75,-1,1.25,1.12,1.25,4.0,1.33,6
Galway Utd,8,3,1,4,9,10,-1,10,Ireland - Premier Division,0.38,0.5,-1,1.25,1.12,1.25,2.63,2.0,6
Waterford,8,3,1,4,9,16,-7,10,Ireland - Premier Division,0.38,0.5,-7,1.25,1.12,2.0,2.63,2.0,6
Sligo Rovers,8,1,2,5,7,11,-4,5,Ireland - Premier Division,0.12,0.38,-4,0.62,0.88,1.38,8.33,2.63,7
Bray Wanderers,8,7,0,1,21,8,13,21,Ireland - First Division,0.88,0.88,13,2.62,2.62,1.0,1.14,1.14,1
Cobh Ramblers,8,6,0,2,17,8,9,18,Ireland - First Division,0.75,0.75,9,2.25,2.12,1.0,1.33,1.33,2
Dundalk,8,5,3,0,14,6,8,18,Ireland - First Division,0.62,1.0,8,2.25,1.75,0.75,1.61,1.0,2
Treaty Utd,8,5,1,2,19,7,12,16,Ireland - First Division,0.62,0.75,12,2.0,2.38,0.88,1.61,1.33,3
Longford Town,8,3,2,3,8,9,-1,11,Ireland - First Division,0.38,0.62,-1,1.38,1.0,1.12,2.63,1.61,4
Kerry,8,3,1,4,7,6,1,10,Ireland - First Division,0.38,0.5,1,1.25,0.88,0.75,2.63,2.0,5
Finn Harps,8,2,1,5,12,12,0,7,Ireland - First Division,0.25,0.38,0,0.88,1.5,1.5,4.0,2.63,6
UC Dublin,8,1,4,3,5,6,-1,7,Ireland - First Division,0.12,0.62,-1,0.88,0.62,0.75,8.33,1.61,6
Wexford,8,2,1,5,10,12,-2,7,Ireland - First Division,0.25,0.38,-2,0.88,1.25,1.5,4.0,2.63,6
Athlone Town,8,1,3,4,6,13,-7,6,Ireland - First Division,0.12,0.5,-7,0.75,0.75,1.62,8.33,2.0,7
H. Beer Sheva,8,6,1,1,23,8,15,19,Israel - Ligat HaAl,0.75,0.88,15,2.38,2.88,1.0,1.33,1.14,1
M. Tel Aviv,8,5,2,1,19,5,14,17,Israel - Ligat HaAl,0.62,0.88,14,2.12,2.38,0.62,1.61,1.14,2
H. Jerusalem,8,5,2,1,14,4,10,17,Israel - Ligat HaAl,0.62,0.88,10,2.12,1.75,0.5,1.61,1.14,2
Hapoel Haifa,8,4,1,3,13,14,-1,13,Israel - Ligat HaAl,0.5,0.62,-1,1.62,1.62,1.75,2.0,1.61,3
Ironi Tiberias,8,3,3,2,9,8,1,12,Israel - Ligat HaAl,0.38,0.75,1,1.5,1.12,1.0,2.63,1.33,4
Ashdod,8,2,4,2,14,13,1,10,Israel - Ligat HaAl,0.25,0.75,1,1.25,1.75,1.62,4.0,1.33,5
M. Petah Tikva,8,2,3,3,11,9,2,9,Israel - Ligat HaAl,0.25,0.62,2,1.12,1.38,1.12,4.0,1.61,6
Maccabi Netanya,8,2,2,4,11,17,-6,8,Israel - Ligat HaAl,0.25,0.5,-6,1.0,1.38,2.12,4.0,2.0,7
Maccabi Haifa,8,2,2,4,10,19,-9,8,Israel - Ligat HaAl,0.25,0.5,-9,1.0,1.25,2.38,4.0,2.0,7
B. Jerusalem,8,1,4,3,7,10,-3,7,Israel - Ligat HaAl,0.12,0.62,-3,0.88,0.88,1.25,8.33,1.61,8
Sakhnin,8,2,1,5,4,9,-5,7,Israel - Ligat HaAl,0.25,0.38,-5,0.88,0.5,1.12,4.0,2.63,8
M. Bnei Raina,8,2,1,5,8,14,-6,7,Israel - Ligat HaAl,0.25,0.38,-6,0.88,1.0,1.75,4.0,2.63,8
Kiryat Shmona,8,2,1,5,5,12,-7,7,Israel - Ligat HaAl,0.25,0.38,-7,0.88,0.62,1.5,4.0,2.63,8
Hapoel Hadera,8,1,0,7,8,17,-9,3,Israel - Ligat HaAl,0.12,0.12,-9,0.38,1.0,2.12,8.33,8.33,9
H. Petah Tikva,8,7,1,0,18,1,17,22,Israel - Leumit League,0.88,1.0,17,2.75,2.25,0.12,1.14,1.0,1
Hapoel Tel Aviv,8,7,1,0,16,0,16,22,Israel - Leumit League,0.88,1.0,16,2.75,2.0,0.0,1.14,1.0,1
Hapoel Akko,8,5,3,0,10,4,6,18,Israel - Leumit League,0.62,1.0,6,2.25,1.25,0.5,1.61,1.0,2
H. Kfar Saba,8,5,1,2,9,5,4,16,Israel - Leumit League,0.62,0.75,4,2.0,1.12,0.62,1.61,1.33,3
H. Kfar Shalem,8,5,0,3,12,11,1,15,Israel - Leumit League,0.62,0.62,1,1.88,1.5,1.38,1.61,1.61,4
Kafr Qasim,8,4,2,2,11,9,2,14,Israel - Leumit League,0.5,0.75,2,1.75,1.38,1.12,2.0,1.33,5
Maccabi Jaffa,8,4,2,2,11,11,0,14,Israel - Leumit League,0.5,0.75,0,1.75,1.38,1.38,2.0,1.33,5
H. Umm al-Fahm,8,4,2,2,5,6,-1,14,Israel - Leumit League,0.5,0.75,-1,1.75,0.62,0.75,2.0,1.33,5
H. Ramat Gan,8,4,1,3,19,10,9,13,Israel - Leumit League,0.5,0.62,9,1.62,2.38,1.25,2.0,1.61,6
Hapoel Afula,8,3,3,2,9,6,3,12,Israel - Leumit League,0.38,0.75,3,1.5,1.12,0.75,2.63,1.33,7
H. Ironi Rishon,8,3,2,3,15,11,4,11,Israel - Leumit League,0.38,0.62,4,1.38,1.88,1.38,2.63,1.61,8
M. Herziliya,8,3,1,4,6,12,-6,10,Israel - Leumit League,0.38,0.5,-6,1.25,0.75,1.5,2.63,2.0,9
Ramat Hasharon,8,2,3,3,10,12,-2,9,Israel - Leumit League,0.25,0.62,-2,1.12,1.25,1.5,4.0,1.61,10
Hapoel Raanana,8,2,2,4,8,11,-3,8,Israel - Leumit League,0.25,0.5,-3,1.0,1.0,1.38,4.0,2.0,11
H. Nof Hagalil,8,2,1,5,5,9,-4,7,Israel - Leumit League,0.25,0.38,-4,0.88,0.62,1.12,4.0,2.63,12
Bnei Yehuda,8,2,1,5,9,15,-6,7,Israel - Leumit League,0.25,0.38,-6,0.88,1.12,1.88,4.0,2.63,12
Juventus,8,7,0,1,14,6,8,21,Italy - Serie A,0.88,0.88,8,2.62,1.75,0.75,1.14,1.14,1
AS Roma,8,6,2,0,14,4,10,20,Italy - Serie A,0.75,1.0,10,2.5,1.75,0.5,1.33,1.0,2
Fiorentina,8,6,1,1,13,5,8,19,Italy - Serie A,0.75,0.88,8,2.38,1.62,0.62,1.33,1.14,3
Inter Milan,8,6,1,1,14,8,6,19,Italy - Serie A,0.75,0.88,6,2.38,1.75,1.0,1.33,1.14,3
Napoli,8,5,3,0,15,6,9,18,Italy - Serie A,0.62,1.0,9,2.25,1.88,0.75,1.61,1.0,4
Bologna,8,5,2,1,16,9,7,17,Italy - Serie A,0.62,0.88,7,2.12,2.0,1.12,1.61,1.14,5
AC Milan,8,4,2,2,12,8,4,14,Italy - Serie A,0.5,0.75,4,1.75,1.5,1.0,2.0,1.33,6
Como,8,4,2,2,10,8,2,14,Italy - Serie A,0.5,0.75,2,1.75,1.25,1.0,2.0,1.33,6
Genoa,8,4,1,3,11,9,2,13,Italy - Serie A,0.5,0.62,2,1.62,1.38,1.12,2.0,1.61,7
Torino,8,3,3,2,8,8,0,12,Italy - Serie A,0.38,0.75,0,1.5,1.0,1.0,2.63,1.33,8
Cagliari,8,3,1,4,12,9,3,10,Italy - Serie A,0.38,0.5,3,1.25,1.5,1.12,2.63,2.0,9
Udinese,8,3,1,4,10,12,-2,10,Italy - Serie A,0.38,0.5,-2,1.25,1.25,1.5,2.63,2.0,9
Lazio,8,1,6,1,13,10,3,9,Italy - Serie A,0.12,0.88,3,1.12,1.62,1.25,8.33,1.14,10
Parma,8,2,3,3,8,9,-1,9,Italy - Serie A,0.25,0.62,-1,1.12,1.0,1.12,4.0,1.61,10
Atalanta,8,2,3,3,7,8,-1,9,Italy - Serie A,0.25,0.62,-1,1.12,0.88,1.0,4.0,1.61,10
Venezia,8,2,2,4,5,8,-3,8,Italy - Serie A,0.25,0.5,-3,1.0,0.62,1.0,4.0,2.0,11
Hellas Verona,8,1,4,3,4,11,-7,7,Italy - Serie A,0.12,0.62,-7,0.88,0.5,1.38,8.33,1.61,12
Lecce,8,1,2,5,4,10,-6,5,Italy - Serie A,0.12,0.38,-6,0.62,0.5,1.25,8.33,2.63,13
Empoli,8,1,2,5,5,14,-9,5,Italy - Serie A,0.12,0.38,-9,0.62,0.62,1.75,8.33,2.63,13
Monza,8,0,2,6,3,15,-12,2,Italy - Serie A,0.0,0.25,-12,0.25,0.38,1.88,0.0,4.0,14
Salernitana,8,6,1,1,13,6,7,19,Italy - Serie B,0.75,0.88,7,2.38,1.62,0.75,1.33,1.14,1
Sassuolo,8,5,1,2,13,5,8,16,Italy - Serie B,0.62,0.75,8,2.0,1.62,0.62,1.61,1.33,2
Juve Stabia,8,5,1,2,12,5,7,16,Italy - Serie B,0.62,0.75,7,2.0,1.5,0.62,1.61,1.33,2
Sudtirol,8,4,4,0,12,6,6,16,Italy - Serie B,0.5,1.0,6,2.0,1.5,0.75,2.0,1.0,2
Pisa,8,5,1,2,14,9,5,16,Italy - Serie B,0.62,0.75,5,2.0,1.75,1.12,1.61,1.33,2
Sampdoria,8,4,3,1,5,4,1,15,Italy - Serie B,0.5,0.88,1,1.88,0.62,0.5,2.0,1.14,3
Carrarese,8,4,2,2,13,11,2,14,Italy - Serie B,0.5,0.75,2,1.75,1.62,1.38,2.0,1.33,4
Cremonese,8,3,4,1,18,11,7,13,Italy - Serie B,0.38,0.88,7,1.62,2.25,1.38,2.63,1.14,5
Catanzaro,8,3,4,1,16,11,5,13,Italy - Serie B,0.38,0.88,5,1.62,2.0,1.38,2.63,1.14,5
Spezia,8,4,1,3,14,10,4,13,Italy - Serie B,0.5,0.62,4,1.62,1.75,1.25,2.0,1.61,5
Bari,8,3,4,1,10,8,2,13,Italy - Serie B,0.38,0.88,2,1.62,1.25,1.0,2.63,1.14,5
Mantova,8,3,3,2,10,8,2,12,Italy - Serie B,0.38,0.75,2,1.5,1.25,1.0,2.63,1.33,6
Palermo,8,3,2,3,15,13,2,11,Italy - Serie B,0.38,0.62,2,1.38,1.88,1.62,2.63,1.61,7
Frosinone,8,2,5,1,11,12,-1,11,Italy - Serie B,0.25,0.88,-1,1.38,1.38,1.5,4.0,1.14,7
Reggiana,8,3,2,3,11,12,-1,11,Italy - Serie B,0.38,0.62,-1,1.38,1.38,1.5,2.63,1.61,7
Cesena,8,2,4,2,8,8,0,10,Italy - Serie B,0.25,0.75,0,1.25,1.0,1.0,4.0,1.33,8
Cosenza,8,3,1,4,4,9,-5,10,Italy - Serie B,0.38,0.5,-5,1.25,0.5,1.12,2.63,2.0,8
Modena,8,2,3,3,12,13,-1,9,Italy - Serie B,0.25,0.62,-1,1.12,1.5,1.62,4.0,1.61,9
Brescia,8,1,4,3,7,9,-2,7,Italy - Serie B,0.12,0.62,-2,0.88,0.88,1.12,8.33,1.61,10
Cittadella,8,1,1,6,5,15,-10,4,Italy - Serie B,0.12,0.25,-10,0.5,0.62,1.88,8.33,4.0,11
Vicenza,8,7,1,0,17,4,13,22,Italy - Serie C - Group A,0.88,1.0,13,2.75,2.12,0.5,1.14,1.0,1
Giana Erminio,8,6,2,0,17,6,11,20,Italy - Serie C - Group A,0.75,1.0,11,2.5,2.12,0.75,1.33,1.0,2
Padova,8,6,2,0,17,6,11,20,Italy - Serie C - Group A,0.75,1.0,11,2.5,2.12,0.75,1.33,1.0,2
FeralpiSalo,8,6,1,1,13,4,9,19,Italy - Serie C - Group A,0.75,0.88,9,2.38,1.62,0.5,1.33,1.14,3
Novara,8,6,1,1,13,4,9,19,Italy - Serie C - Group A,0.75,0.88,9,2.38,1.62,0.5,1.33,1.14,3
AlbinoLeffe,8,5,2,1,10,5,5,17,Italy - Serie C - Group A,0.62,0.88,5,2.12,1.25,0.62,1.61,1.14,4
Trento,8,4,4,0,17,5,12,16,Italy - Serie C - Group A,0.5,1.0,12,2.0,2.12,0.62,2.0,1.0,5
Arzignano,8,5,1,2,11,7,4,16,Italy - Serie C - Group A,0.62,0.75,4,2.0,1.38,0.88,1.61,1.33,5
Lecco,8,4,3,1,9,6,3,15,Italy - Serie C - Group A,0.5,0.88,3,1.88,1.12,0.75,2.0,1.14,6
Renate,8,5,0,3,9,9,0,15,Italy - Serie C - Group A,0.62,0.62,0,1.88,1.12,1.12,1.61,1.61,6
Triestina,8,4,2,2,11,4,7,14,Italy - Serie C - Group A,0.5,0.75,7,1.75,1.38,0.5,2.0,1.33,7
Virtus Verona,8,3,3,2,13,10,3,12,Italy - Serie C - Group A,0.38,0.75,3,1.5,1.62,1.25,2.63,1.33,8
Caldiero Terme,8,3,2,3,10,9,1,11,Italy - Serie C - Group A,0.38,0.62,1,1.38,1.25,1.12,2.63,1.61,9
Pro Patria,8,3,2,3,10,9,1,11,Italy - Serie C - Group A,0.38,0.62,1,1.38,1.25,1.12,2.63,1.61,9
Pergolettese,8,3,1,4,8,9,-1,10,Italy - Serie C - Group A,0.38,0.5,-1,1.25,1.0,1.12,2.63,2.0,10
Atalanta B,8,2,3,3,12,13,-1,9,Italy - Serie C - Group A,0.25,0.62,-1,1.12,1.5,1.62,4.0,1.61,11
Alcione,8,2,3,3,8,10,-2,9,Italy - Serie C - Group A,0.25,0.62,-2,1.12,1.0,1.25,4.0,1.61,11
Pro Vercelli,8,1,4,3,4,6,-2,7,Italy - Serie C - Group A,0.12,0.62,-2,0.88,0.5,0.75,8.33,1.61,12
Clodiense,8,2,1,5,8,12,-4,7,Italy - Serie C - Group A,0.25,0.38,-4,0.88,1.0,1.5,4.0,2.63,12
Lumezzane,8,0,4,4,6,13,-7,4,Italy - Serie C - Group A,0.0,0.5,-7,0.5,0.75,1.62,0.0,2.0,13
Entella,8,6,2,0,15,4,11,20,Italy - Serie C - Group B,0.75,1.0,11,2.5,1.88,0.5,1.33,1.0,1
Lucchese,8,6,2,0,18,9,9,20,Italy - Serie C - Group B,0.75,1.0,9,2.5,2.25,1.12,1.33,1.0,1
Ternana,8,6,1,1,13,5,8,19,Italy - Serie C - Group B,0.75,0.88,8,2.38,1.62,0.62,1.33,1.14,2
Torres,8,5,3,0,11,4,7,18,Italy - Serie C - Group B,0.62,1.0,7,2.25,1.38,0.5,1.61,1.0,3
Pineto,8,5,3,0,11,6,5,18,Italy - Serie C - Group B,0.62,1.0,5,2.25,1.38,0.75,1.61,1.0,3
Perugia,8,5,2,1,13,5,8,17,Italy - Serie C - Group B,0.62,0.88,8,2.12,1.62,0.62,1.61,1.14,4
Gubbio,8,4,2,2,7,8,-1,14,Italy - Serie C - Group B,0.5,0.75,-1,1.75,0.88,1.0,2.0,1.33,5
Pontedera,8,4,1,3,13,11,2,13,Italy - Serie C - Group B,0.5,0.62,2,1.62,1.62,1.38,2.0,1.61,6
Campobasso,8,4,1,3,9,10,-1,13,Italy - Serie C - Group B,0.5,0.62,-1,1.62,1.12,1.25,2.0,1.61,6
Pescara,8,3,3,2,14,8,6,12,Italy - Serie C - Group B,0.38,0.75,6,1.5,1.75,1.0,2.63,1.33,7
Vis Pesaro,8,3,3,2,9,5,4,12,Italy - Serie C - Group B,0.38,0.75,4,1.5,1.12,0.62,2.63,1.33,7
Arezzo,8,4,0,4,11,9,2,12,Italy - Serie C - Group B,0.5,0.5,2,1.5,1.38,1.12,2.0,2.0,7
Pianese,8,4,0,4,11,9,2,12,Italy - Serie C - Group B,0.5,0.5,2,1.5,1.38,1.12,2.0,2.0,7
AC Milan B,8,2,4,2,8,9,-1,10,Italy - Serie C - Group B,0.25,0.75,-1,1.25,1.0,1.12,4.0,1.33,8
Sestri Levante,8,2,3,3,10,9,1,9,Italy - Serie C - Group B,0.25,0.62,1,1.12,1.25,1.12,4.0,1.61,9
Rimini,8,2,3,3,9,9,0,9,Italy - Serie C - Group B,0.25,0.62,0,1.12,1.12,1.12,4.0,1.61,9
Ascoli,8,2,2,4,7,11,-4,8,Italy - Serie C - Group B,0.25,0.5,-4,1.0,0.88,1.38,4.0,2.0,10
Athletic Carpi,8,2,2,4,5,9,-4,8,Italy - Serie C - Group B,0.25,0.5,-4,1.0,0.62,1.12,4.0,2.0,10
SPAL,8,1,2,5,7,14,-7,5,Italy - Serie C - Group B,0.12,0.38,-7,0.62,0.88,1.75,8.33,2.63,11
Legnago Salus,8,1,2,5,6,15,-9,5,Italy - Serie C - Group B,0.12,0.38,-9,0.62,0.75,1.88,8.33,2.63,11
Avellino,8,8,0,0,14,5,9,24,Italy - Serie C - Group C,1.0,1.0,9,3.0,1.75,0.62,1.0,1.0,1
Crotone,8,6,2,0,19,7,12,20,Italy - Serie C - Group C,0.75,1.0,12,2.5,2.38,0.88,1.33,1.0,2
Juventus U23,8,6,1,1,15,4,11,19,Italy - Serie C - Group C,0.75,0.88,11,2.38,1.88,0.5,1.33,1.14,3
Monopoli,8,5,2,1,13,7,6,17,Italy - Serie C - Group C,0.62,0.88,6,2.12,1.62,0.88,1.61,1.14,4
A. Cerignola,8,5,2,1,14,10,4,17,Italy - Serie C - Group C,0.62,0.88,4,2.12,1.75,1.25,1.61,1.14,4
Cavese,8,3,3,2,9,9,0,12,Italy - Serie C - Group C,0.38,0.75,0,1.5,1.12,1.12,2.63,1.33,5
Casertana,8,3,2,3,13,6,7,11,Italy - Serie C - Group C,0.38,0.62,7,1.38,1.62,0.75,2.63,1.61,6
Giugliano,8,3,1,4,17,14,3,10,Italy - Serie C - Group C,0.38,0.5,3,1.25,2.12,1.75,2.63,2.0,7
Potenza,8,2,4,2,16,15,1,10,Italy - Serie C - Group C,0.25,0.75,1,1.25,2.0,1.88,4.0,1.33,7
ACR Messina,8,3,1,4,7,8,-1,10,Italy - Serie C - Group C,0.38,0.5,-1,1.25,0.88,1.0,2.63,2.0,7
Foggia,8,3,1,4,10,12,-2,10,Italy - Serie C - Group C,0.38,0.5,-2,1.25,1.25,1.5,2.63,2.0,7
Latina,8,3,1,4,7,13,-6,10,Italy - Serie C - Group C,0.38,0.5,-6,1.25,0.88,1.62,2.63,2.0,7
Catania,8,2,3,3,11,9,2,9,Italy - Serie C - Group C,0.25,0.62,2,1.12,1.38,1.12,4.0,1.61,8
Picerno,8,1,6,1,7,6,1,9,Italy - Serie C - Group C,0.12,0.88,1,1.12,0.88,0.75,8.33,1.14,8
Benevento,8,1,6,1,6,6,0,9,Italy - Serie C - Group C,0.12,0.88,0,1.12,0.75,0.75,8.33,1.14,8
Altamura,8,2,3,3,8,9,-1,9,Italy - Serie C - Group C,0.25,0.62,-1,1.12,1.0,1.12,4.0,1.61,8
Sorrento,8,2,1,5,7,11,-4,7,Italy - Serie C - Group C,0.25,0.38,-4,0.88,0.88,1.38,4.0,2.63,9
Trapani,8,2,1,5,7,12,-5,7,Italy - Serie C - Group C,0.25,0.38,-5,0.88,0.88,1.5,4.0,2.63,9
Taranto,0,0,0,0,0,0,0,0,Italy - Serie C - Group C,0.0,0.0,0,0.0,0.0,0.0,0.0,0.0,10
Turris,0,0,0,0,0,0,0,0,Italy - Serie C - Group C,0.0,0.0,0,0.0,0.0,0.0,0.0,0.0,10
NovaRomentin,8,7,0,1,29,6,23,21,Italy - Serie D - Group A,0.88,0.88,23,2.62,3.62,0.75,1.14,1.14,1
Citta di Varese,8,5,2,1,11,4,7,17,Italy - Serie D - Group A,0.62,0.88,7,2.12,1.38,0.5,1.61,1.14,2
Gozzano,8,4,4,0,11,5,6,16,Italy - Serie D - Group A,0.5,1.0,6,2.0,1.38,0.62,2.0,1.0,3
Saluzzo,8,5,1,2,10,6,4,16,Italy - Serie D - Group A,0.62,0.75,4,2.0,1.25,0.75,1.61,1.33,3
Ligorna,8,4,3,1,18,9,9,15,Italy - Serie D - Group A,0.5,0.88,9,1.88,2.25,1.12,2.0,1.14,4
Lavagnese,8,4,3,1,10,5,5,15,Italy - Serie D - Group A,0.5,0.88,5,1.88,1.25,0.62,2.0,1.14,4
Bra,8,4,1,3,13,11,2,13,Italy - Serie D - Group A,0.5,0.62,2,1.62,1.62,1.38,2.0,1.61,5
Asti,8,3,2,3,8,5,3,11,Italy - Serie D - Group A,0.38,0.62,3,1.38,1.0,0.62,2.63,1.61,6
Vogherese,8,2,5,1,8,7,1,11,Italy - Serie D - Group A,0.25,0.88,1,1.38,1.0,0.88,4.0,1.14,6
Vado,8,3,1,4,9,9,0,10,Italy - Serie D - Group A,0.38,0.5,0,1.25,1.12,1.12,2.63,2.0,7
Fossano,8,3,0,5,7,11,-4,9,Italy - Serie D - Group A,0.38,0.38,-4,1.12,0.88,1.38,2.63,2.63,8
Cairese,8,2,2,4,8,9,-1,8,Italy - Serie D - Group A,0.25,0.5,-1,1.0,1.0,1.12,4.0,2.0,9
Derthona,8,2,2,4,6,8,-2,8,Italy - Serie D - Group A,0.25,0.5,-2,1.0,0.75,1.0,4.0,2.0,9
Oltrepo,8,2,2,4,6,10,-4,8,Italy - Serie D - Group A,0.25,0.5,-4,1.0,0.75,1.25,4.0,2.0,9
Pro Imperia,8,1,4,3,9,11,-2,7,Italy - Serie D - Group A,0.12,0.62,-2,0.88,1.12,1.38,8.33,1.61,10
Chieri,8,2,1,5,12,15,-3,7,Italy - Serie D - Group A,0.25,0.38,-3,0.88,1.5,1.88,4.0,2.63,10
Borgaro Nobis,8,2,1,5,6,10,-4,7,Italy - Serie D - Group A,0.25,0.38,-4,0.88,0.75,1.25,4.0,2.63,10
Chisola,8,1,3,4,10,10,0,6,Italy - Serie D - Group A,0.12,0.5,0,0.75,1.25,1.25,8.33,2.0,11
Sanremese,8,1,3,4,4,7,-3,6,Italy - Serie D - Group A,0.12,0.5,-3,0.75,0.5,0.88,8.33,2.0,11
Albenga,0,0,0,0,0,0,0,0,Italy - Serie D - Group A,0.0,0.0,0,0.0,0.0,0.0,0.0,0.0,12
Pro Palazzolo,8,6,1,1,20,4,16,19,Italy - Serie D - Group B,0.75,0.88,16,2.38,2.5,0.5,1.33,1.14,1
Club Milano,8,6,0,2,15,9,6,18,Italy - Serie D - Group B,0.75,0.75,6,2.25,1.88,1.12,1.33,1.33,2
USD Casatese,8,5,1,2,14,4,10,16,Italy - Serie D - Group B,0.62,0.75,10,2.0,1.75,0.5,1.61,1.33,3
Sangiuliano C.,8,4,3,1,10,5,5,15,Italy - Serie D - Group B,0.5,0.88,5,1.88,1.25,0.62,2.0,1.14,4
Ciliverghe,8,4,3,1,13,11,2,15,Italy - Serie D - Group B,0.5,0.88,2,1.88,1.62,1.38,2.0,1.14,4
F. Caratese,8,4,2,2,18,11,7,14,Italy - Serie D - Group B,0.5,0.75,7,1.75,2.25,1.38,2.0,1.33,5
Sondrio,8,4,2,2,13,7,6,14,Italy - Serie D - Group B,0.5,0.75,6,1.75,1.62,0.88,2.0,1.33,5
Varesina,8,4,2,2,15,11,4,14,Italy - Serie D - Group B,0.5,0.75,4,1.75,1.88,1.38,2.0,1.33,5
Desenxano,8,4,2,2,9,6,3,14,Italy - Serie D - Group B,0.5,0.75,3,1.75,1.12,0.75,2.0,1.33,5
Pro Sesto,8,4,2,2,9,8,1,14,Italy - Serie D - Group B,0.5,0.75,1,1.75,1.12,1.0,2.0,1.33,5
Vigasio,8,4,1,3,13,12,1,13,Italy - Serie D - Group B,0.5,0.62,1,1.62,1.62,1.5,2.0,1.61,6
Breno,8,3,3,2,14,10,4,12,Italy - Serie D - Group B,0.38,0.75,4,1.5,1.75,1.25,2.63,1.33,7
Ospitaletto,8,3,3,2,14,12,2,12,Italy - Serie D - Group B,0.38,0.75,2,1.5,1.75,1.5,2.63,1.33,7
Chievo,8,3,1,4,13,8,5,10,Italy - Serie D - Group B,0.38,0.5,5,1.25,1.62,1.0,2.63,2.0,8
Fanfulla,8,2,4,2,8,8,0,10,Italy - Serie D - Group B,0.25,0.75,0,1.25,1.0,1.0,4.0,1.33,8
Crema,8,2,3,3,14,12,2,9,Italy - Serie D - Group B,0.25,0.62,2,1.12,1.75,1.5,4.0,1.61,9
Castellanzese,8,1,6,1,11,12,-1,9,Italy - Serie D - Group B,0.12,0.88,-1,1.12,1.38,1.5,8.33,1.14,9
SantAngelo,8,2,3,3,9,11,-2,9,Italy - Serie D - Group B,0.25,0.62,-2,1.12,1.12,1.38,4.0,1.61,9
Arconatese,8,2,2,4,8,10,-2,8,Italy - Serie D - Group B,0.25,0.5,-2,1.0,1.0,1.25,4.0,2.0,10
Magenta,8,1,3,4,4,10,-6,6,Italy - Serie D - Group B,0.12,0.5,-6,0.75,0.5,1.25,8.33,2.0,11
Mestre,8,7,0,1,12,5,7,21,Italy - Serie D - Group C,0.88,0.88,7,2.62,1.5,0.62,1.14,1.14,1
D. Bellunesi,8,5,3,0,17,6,11,18,Italy - Serie D - Group C,0.62,1.0,11,2.25,2.12,0.75,1.61,1.0,2
Este,8,5,3,0,14,6,8,18,Italy - Serie D - Group C,0.62,1.0,8,2.25,1.75,0.75,1.61,1.0,2
Villa Alme,8,5,1,2,18,13,5,16,Italy - Serie D - Group C,0.62,0.75,5,2.0,2.25,1.62,1.61,1.33,3
Luparense,8,3,5,0,10,6,4,14,Italy - Serie D - Group C,0.38,1.0,4,1.75,1.25,0.75,2.63,1.0,4
Real Calepina,8,4,2,2,11,9,2,14,Italy - Serie D - Group C,0.5,0.75,2,1.75,1.38,1.12,2.0,1.33,4
Bassano Virtus,8,3,4,1,14,4,10,13,Italy - Serie D - Group C,0.38,0.88,10,1.62,1.75,0.5,2.63,1.14,5
Adriese,8,3,4,1,10,5,5,13,Italy - Serie D - Group C,0.38,0.88,5,1.62,1.25,0.62,2.63,1.14,5
Brusaporto,8,3,2,3,11,10,1,11,Italy - Serie D - Group C,0.38,0.62,1,1.38,1.38,1.25,2.63,1.61,6
Chions,8,2,4,2,7,7,0,10,Italy - Serie D - Group C,0.25,0.75,0,1.25,0.88,0.88,4.0,1.33,7
Portogruaro,8,2,4,2,4,4,0,10,Italy - Serie D - Group C,0.25,0.75,0,1.25,0.5,0.5,4.0,1.33,7
Cjarlins Muzane,8,2,4,2,13,14,-1,10,Italy - Serie D - Group C,0.25,0.75,-1,1.25,1.62,1.75,4.0,1.33,7
Treviso,8,3,1,4,7,9,-2,10,Italy - Serie D - Group C,0.38,0.5,-2,1.25,0.88,1.12,2.63,2.0,7
Campodarsego,8,3,1,4,13,16,-3,10,Italy - Serie D - Group C,0.38,0.5,-3,1.25,1.62,2.0,2.63,2.0,7
Brian Lignano,8,1,4,3,7,9,-2,7,Italy - Serie D - Group C,0.12,0.62,-2,0.88,0.88,1.12,8.33,1.61,8
Ciserano,8,1,4,3,10,14,-4,7,Italy - Serie D - Group C,0.12,0.62,-4,0.88,1.25,1.75,8.33,1.61,8
Calvi Noale,8,1,3,4,6,12,-6,6,Italy - Serie D - Group C,0.12,0.5,-6,0.75,0.75,1.5,8.33,2.0,9
Montecchio M.,8,1,2,5,7,13,-6,5,Italy - Serie D - Group C,0.12,0.38,-6,0.62,0.88,1.62,8.33,2.63,10
Lavis,8,1,1,6,4,15,-11,4,Italy - Serie D - Group C,0.12,0.25,-11,0.5,0.5,1.88,8.33,4.0,11
Caravaggio,8,0,2,6,4,14,-10,2,Italy - Serie D - Group C,0.0,0.25,-10,0.25,0.5,1.75,0.0,4.0,12
Ravenna,8,7,0,1,22,6,16,21,Italy - Serie D - Group D,0.88,0.88,16,2.62,2.75,0.75,1.14,1.14,1
Pistoiese,8,6,1,1,16,3,13,19,Italy - Serie D - Group D,0.75,0.88,13,2.38,2.0,0.38,1.33,1.14,2
Forli,8,6,0,2,15,10,5,18,Italy - Serie D - Group D,0.75,0.75,5,2.25,1.88,1.25,1.33,1.33,3
Lentigione,8,3,4,1,10,6,4,13,Italy - Serie D - Group D,0.38,0.88,4,1.62,1.25,0.75,2.63,1.14,4
Tau Altopascio,8,3,4,1,11,8,3,13,Italy - Serie D - Group D,0.38,0.88,3,1.62,1.38,1.0,2.63,1.14,4
Corticella,8,4,1,3,11,14,-3,13,Italy - Serie D - Group D,0.5,0.62,-3,1.62,1.38,1.75,2.0,1.61,4
Imolese,8,3,3,2,15,11,4,12,Italy - Serie D - Group D,0.38,0.75,4,1.5,1.88,1.38,2.63,1.33,5
Progresso,8,3,2,3,9,7,2,11,Italy - Serie D - Group D,0.38,0.62,2,1.38,1.12,0.88,2.63,1.61,6
Piacenza,8,3,2,3,7,6,1,11,Italy - Serie D - Group D,0.38,0.62,1,1.38,0.88,0.75,2.63,1.61,6
Sammaurese,8,2,2,4,9,7,2,8,Italy - Serie D - Group D,0.25,0.5,2,1.0,1.12,0.88,4.0,2.0,7
Cittadella Vis,8,2,2,4,11,11,0,8,Italy - Serie D - Group D,0.25,0.5,0,1.0,1.38,1.38,4.0,2.0,7
San Marino C.,8,2,2,4,9,13,-4,8,Italy - Serie D - Group D,0.25,0.5,-4,1.0,1.12,1.62,4.0,2.0,7
Zenith Prato,8,1,4,3,7,8,-1,7,Italy - Serie D - Group D,0.12,0.62,-1,0.88,0.88,1.0,8.33,1.61,8
Tuttocuoio,8,1,4,3,5,7,-2,7,Italy - Serie D - Group D,0.12,0.62,-2,0.88,0.62,0.88,8.33,1.61,8
Fiorenzuola,8,2,1,5,6,9,-3,7,Italy - Serie D - Group D,0.25,0.38,-3,0.88,0.75,1.12,4.0,2.63,8
Prato,8,2,1,5,4,13,-9,7,Italy - Serie D - Group D,0.25,0.38,-9,0.88,0.5,1.62,4.0,2.63,8
Sasso Marconi,8,1,1,6,8,16,-8,4,Italy - Serie D - Group D,0.12,0.25,-8,0.5,1.0,2.0,8.33,4.0,9
United Riccione,8,1,1,6,3,22,-19,4,Italy - Serie D - Group D,0.12,0.25,-19,0.5,0.38,2.75,8.33,4.0,9
Fulgens Foligno,8,7,0,1,19,8,11,21,Italy - Serie D - Group E,0.88,0.88,11,2.62,2.38,1.0,1.14,1.14,1
Livorno,8,6,1,1,22,10,12,19,Italy - Serie D - Group E,0.75,0.88,12,2.38,2.75,1.25,1.33,1.14,2
FC Siena,8,4,4,0,12,4,8,16,Italy - Serie D - Group E,0.5,1.0,8,2.0,1.5,0.5,2.0,1.0,3
Flaminia,8,4,2,2,11,7,4,14,Italy - Serie D - Group E,0.5,0.75,4,1.75,1.38,0.88,2.0,1.33,4
S. Trestina,8,4,2,2,6,9,-3,14,Italy - Serie D - Group E,0.5,0.75,-3,1.75,0.75,1.12,2.0,1.33,4
Ghiviborgo,8,4,1,3,19,15,4,13,Italy - Serie D - Group E,0.5,0.62,4,1.62,2.38,1.88,2.0,1.61,5
San Donato,8,4,1,3,10,7,3,13,Italy - Serie D - Group E,0.5,0.62,3,1.62,1.25,0.88,2.0,1.61,5
Ostia Mare,8,3,4,1,9,8,1,13,Italy - Serie D - Group E,0.38,0.88,1,1.62,1.12,1.0,2.63,1.14,5
Orvietana,8,3,3,2,10,7,3,12,Italy - Serie D - Group E,0.38,0.75,3,1.5,1.25,0.88,2.63,1.33,6
Grosseto,8,2,5,1,8,6,2,11,Italy - Serie D - Group E,0.25,0.88,2,1.38,1.0,0.75,4.0,1.14,7
Figline,8,3,2,3,8,8,0,11,Italy - Serie D - Group E,0.38,0.62,0,1.38,1.0,1.0,2.63,1.61,7
Seravezza,8,3,2,3,12,13,-1,11,Italy - Serie D - Group E,0.38,0.62,-1,1.38,1.5,1.62,2.63,1.61,7
Fezzanese,8,2,4,2,13,13,0,10,Italy - Serie D - Group E,0.25,0.75,0,1.25,1.62,1.62,4.0,1.33,8
Sangiovannese,8,2,2,4,6,8,-2,8,Italy - Serie D - Group E,0.25,0.5,-2,1.0,0.75,1.0,4.0,2.0,9
T. Traiana,8,1,5,2,6,8,-2,8,Italy - Serie D - Group E,0.12,0.75,-2,1.0,0.75,1.0,8.33,1.33,9
Gavorrano,8,1,3,4,7,14,-7,6,Italy - Serie D - Group E,0.12,0.5,-7,0.75,0.88,1.75,8.33,2.0,10
Montevarchi,8,0,5,3,3,7,-4,5,Italy - Serie D - Group E,0.0,0.62,-4,0.62,0.38,0.88,0.0,1.61,11
Poggibonsi,8,1,2,5,5,11,-6,5,Italy - Serie D - Group E,0.12,0.38,-6,0.62,0.62,1.38,8.33,2.63,11
Avezzano,8,5,3,0,16,4,12,18,Italy - Serie D - Group F,0.62,1.0,12,2.25,2.0,0.5,1.61,1.0,1
Chieti,8,5,2,1,12,8,4,17,Italy - Serie D - Group F,0.62,0.88,4,2.12,1.5,1.0,1.61,1.14,2
Teramo,8,5,0,3,18,9,9,15,Italy - Serie D - Group F,0.62,0.62,9,1.88,2.25,1.12,1.61,1.61,3
Castelfidardo,8,4,2,2,10,4,6,14,Italy - Serie D - Group F,0.5,0.75,6,1.75,1.25,0.5,2.0,1.33,4
San Nicolo,8,4,2,2,10,8,2,14,Italy - Serie D - Group F,0.5,0.75,2,1.75,1.25,1.0,2.0,1.33,4
Fossombrone,8,3,4,1,12,8,4,13,Italy - Serie D - Group F,0.38,0.88,4,1.62,1.5,1.0,2.63,1.14,5
Recanatese,8,4,1,3,11,11,0,13,Italy - Serie D - Group F,0.5,0.62,0,1.62,1.38,1.38,2.0,1.61,5
LAquila,8,3,3,2,12,9,3,12,Italy - Serie D - Group F,0.38,0.75,3,1.5,1.5,1.12,2.63,1.33,6
Sambenedettese,8,3,3,2,8,6,2,12,Italy - Serie D - Group F,0.38,0.75,2,1.5,1.0,0.75,2.63,1.33,6
Termoli Calcio,8,2,5,1,8,7,1,11,Italy - Serie D - Group F,0.25,0.88,1,1.38,1.0,0.88,4.0,1.14,7
Roma City,8,2,4,2,8,8,0,10,Italy - Serie D - Group F,0.25,0.75,0,1.25,1.0,1.0,4.0,1.33,8
Sora,8,2,3,3,9,9,0,9,Italy - Serie D - Group F,0.25,0.62,0,1.12,1.12,1.12,4.0,1.61,9
Isernia,8,2,2,4,7,13,-6,8,Italy - Serie D - Group F,0.25,0.5,-6,1.0,0.88,1.62,4.0,2.0,10
Atletico Ascoli,8,1,4,3,7,11,-4,7,Italy - Serie D - Group F,0.12,0.62,-4,0.88,0.88,1.38,8.33,1.61,11
Fermana,8,2,1,5,7,12,-5,7,Italy - Serie D - Group F,0.25,0.38,-5,0.88,0.88,1.5,4.0,2.63,11
V. Senigallia,8,1,4,3,7,12,-5,7,Italy - Serie D - Group F,0.12,0.62,-5,0.88,0.88,1.5,8.33,1.61,11
Ancona 1905,8,2,1,5,8,14,-6,7,Italy - Serie D - Group F,0.25,0.38,-6,0.88,1.0,1.75,4.0,2.63,11
Civitanovese,8,0,6,2,4,6,-2,6,Italy - Serie D - Group F,0.0,0.75,-2,0.75,0.5,0.75,0.0,1.33,12
CynthiAlbalonga,8,7,1,0,19,4,15,22,Italy - Serie D - Group G,0.88,1.0,15,2.75,2.38,0.5,1.14,1.0,1
Guidonia,8,7,1,0,18,5,13,22,Italy - Serie D - Group G,0.88,1.0,13,2.75,2.25,0.62,1.14,1.0,1
Gelbison,8,7,1,0,16,7,9,22,Italy - Serie D - Group G,0.88,1.0,9,2.75,2.0,0.88,1.14,1.0,1
Savoia,8,6,2,0,18,4,14,20,Italy - Serie D - Group G,0.75,1.0,14,2.5,2.25,0.5,1.33,1.0,2
Trastevere,8,6,1,1,19,7,12,19,Italy - Serie D - Group G,0.75,0.88,12,2.38,2.38,0.88,1.33,1.14,3
Cassino,8,5,2,1,10,3,7,17,Italy - Serie D - Group G,0.62,0.88,7,2.12,1.25,0.38,1.61,1.14,4
Latte Dolce,8,5,1,2,14,8,6,16,Italy - Serie D - Group G,0.62,0.75,6,2.0,1.75,1.0,1.61,1.33,5
S. Ogliastra,8,5,1,2,13,9,4,16,Italy - Serie D - Group G,0.62,0.75,4,2.0,1.62,1.12,1.61,1.33,5
Sarnese,8,5,1,2,15,13,2,16,Italy - Serie D - Group G,0.62,0.75,2,2.0,1.88,1.62,1.61,1.33,5
A. Lodigiani,8,4,3,1,17,11,6,15,Italy - Serie D - Group G,0.5,0.88,6,1.88,2.12,1.38,2.0,1.14,6
Paganese,8,4,3,1,10,5,5,15,Italy - Serie D - Group G,0.5,0.88,5,1.88,1.25,0.62,2.0,1.14,6
Olbia,8,4,2,2,15,10,5,14,Italy - Serie D - Group G,0.5,0.75,5,1.75,1.88,1.25,2.0,1.33,7
Ilvamaddalena,8,4,1,3,11,8,3,13,Italy - Serie D - Group G,0.5,0.62,3,1.62,1.38,1.0,2.0,1.61,8
Atletico Uri,8,3,1,4,13,11,2,10,Italy - Serie D - Group G,0.38,0.5,2,1.25,1.62,1.38,2.63,2.0,9
Puteolana,8,2,4,2,8,12,-4,10,Italy - Serie D - Group G,0.25,0.75,-4,1.25,1.0,1.5,4.0,1.33,9
R. Monterotondo,8,2,3,3,7,11,-4,9,Italy - Serie D - Group G,0.25,0.62,-4,1.12,0.88,1.38,4.0,1.61,10
Anzio,8,0,5,3,9,20,-11,5,Italy - Serie D - Group G,0.0,0.62,-11,0.62,1.12,2.5,0.0,1.61,11
Terracina,8,0,2,6,3,15,-12,2,Italy - Serie D - Group G,0.0,0.25,-12,0.25,0.38,1.88,0.0,4.0,12
Nocerina,8,6,2,0,18,2,16,20,Italy - Serie D - Group H,0.75,1.0,16,2.5,2.25,0.25,1.33,1.0,1
Citta di Fasano,8,6,1,1,20,8,12,19,Italy - Serie D - Group H,0.75,0.88,12,2.38,2.5,1.0,1.33,1.14,2
Casarano,8,5,3,0,18,5,13,18,Italy - Serie D - Group H,0.62,1.0,13,2.25,2.25,0.62,1.61,1.0,3
Nardo,8,5,2,1,15,5,10,17,Italy - Serie D - Group H,0.62,0.88,10,2.12,1.88,0.62,1.61,1.14,4
Martina Franca,8,5,2,1,13,5,8,17,Italy - Serie D - Group H,0.62,0.88,8,2.12,1.62,0.62,1.61,1.14,4
Brindisi,8,4,3,1,15,9,6,15,Italy - Serie D - Group H,0.5,0.88,6,1.88,1.88,1.12,2.0,1.14,5
Francavilla,8,5,0,3,13,7,6,15,Italy - Serie D - Group H,0.62,0.62,6,1.88,1.62,0.88,1.61,1.61,5
Manfredonia,8,4,3,1,12,7,5,15,Italy - Serie D - Group H,0.5,0.88,5,1.88,1.5,0.88,2.0,1.14,5
Fidelis Andria,8,4,3,1,7,4,3,15,Italy - Serie D - Group H,0.5,0.88,3,1.88,0.88,0.5,2.0,1.14,5
Matera,8,3,5,0,14,8,6,14,Italy - Serie D - Group H,0.38,1.0,6,1.75,1.75,1.0,2.63,1.0,6
Ischia,8,3,5,0,10,5,5,14,Italy - Serie D - Group H,0.38,1.0,5,1.75,1.25,0.62,2.63,1.0,6
Real Acerrana,8,4,1,3,11,11,0,13,Italy - Serie D - Group H,0.5,0.62,0,1.62,1.38,1.38,2.0,1.61,7
Ugento,8,4,0,4,15,12,3,12,Italy - Serie D - Group H,0.5,0.5,3,1.5,1.88,1.5,2.0,2.0,8
Gravina,8,3,3,2,12,9,3,12,Italy - Serie D - Group H,0.38,0.75,3,1.5,1.5,1.12,2.63,1.33,8
USD Palmese,8,3,3,2,8,8,0,12,Italy - Serie D - Group H,0.38,0.75,0,1.5,1.0,1.0,2.63,1.33,8
V. Francavilla,8,1,5,2,11,11,0,8,Italy - Serie D - Group H,0.12,0.75,0,1.0,1.38,1.38,8.33,1.33,9
Angri Calcio,8,2,2,4,9,12,-3,8,Italy - Serie D - Group H,0.25,0.5,-3,1.0,1.12,1.5,4.0,2.0,9
Costa DAmalfi,8,1,3,4,9,15,-6,6,Italy - Serie D - Group H,0.12,0.5,-6,0.75,1.12,1.88,8.33,2.0,10
Siracusa,8,8,0,0,28,4,24,24,Italy - Serie D - Group I,1.0,1.0,24,3.0,3.5,0.5,1.0,1.0,1
Reggina,8,7,0,1,21,6,15,21,Italy - Serie D - Group I,0.88,0.88,15,2.62,2.62,0.75,1.14,1.14,2
Scafatese,8,5,2,1,16,6,10,17,Italy - Serie D - Group I,0.62,0.88,10,2.12,2.0,0.75,1.61,1.14,3
Nissa,8,5,2,1,15,10,5,17,Italy - Serie D - Group I,0.62,0.88,5,2.12,1.88,1.25,1.61,1.14,3
Igea Virtus,8,5,0,3,13,7,6,15,Italy - Serie D - Group I,0.62,0.62,6,1.88,1.62,0.88,1.61,1.61,4
Sancataldese,8,4,2,2,8,6,2,14,Italy - Serie D - Group I,0.5,0.75,2,1.75,1.0,0.75,2.0,1.33,5
Acireale,8,4,2,2,10,10,0,14,Italy - Serie D - Group I,0.5,0.75,0,1.75,1.25,1.25,2.0,1.33,5
Ragusa,8,4,1,3,10,8,2,13,Italy - Serie D - Group I,0.5,0.62,2,1.62,1.25,1.0,2.0,1.61,6
Sambiase,8,4,1,3,7,5,2,13,Italy - Serie D - Group I,0.5,0.62,2,1.62,0.88,0.62,2.0,1.61,6
Vibonese,8,3,2,3,14,8,6,11,Italy - Serie D - Group I,0.38,0.62,6,1.38,1.75,1.0,2.63,1.61,7
Pompei,8,3,1,4,8,13,-5,10,Italy - Serie D - Group I,0.38,0.5,-5,1.25,1.0,1.62,2.63,2.0,8
Licata,8,3,0,5,9,14,-5,9,Italy - Serie D - Group I,0.38,0.38,-5,1.12,1.12,1.75,2.63,2.63,9
Paterno,8,1,5,2,3,5,-2,8,Italy - Serie D - Group I,0.12,0.75,-2,1.0,0.38,0.62,8.33,1.33,10
Locri 1909,8,1,3,4,9,12,-3,6,Italy - Serie D - Group I,0.12,0.5,-3,0.75,1.12,1.5,8.33,2.0,11
Enna,8,0,6,2,6,10,-4,6,Italy - Serie D - Group I,0.0,0.75,-4,0.75,0.75,1.25,0.0,1.33,11
CD S. Agata,8,0,5,3,9,13,-4,5,Italy - Serie D - Group I,0.0,0.62,-4,0.62,1.12,1.62,0.0,1.61,12
CastrumFavara,8,0,5,3,6,10,-4,5,Italy - Serie D - Group I,0.0,0.62,-4,0.62,0.75,1.25,0.0,1.61,12
Akragas,0,0,0,0,0,0,0,0,Italy - Serie D - Group I,0.0,0.0,0,0.0,0.0,0.0,0.0,0.0,13
Cagliari U20,8,5,3,0,13,5,8,18,Italy - Primavera 1,0.62,1.0,8,2.25,1.62,0.62,1.61,1.0,1
Roma U20,8,5,1,2,22,10,12,16,Italy - Primavera 1,0.62,0.75,12,2.0,2.75,1.25,1.61,1.33,2
Juventus U20,8,5,0,3,17,17,0,15,Italy - Primavera 1,0.62,0.62,0,1.88,2.12,2.12,1.61,1.61,3
Cesena U20,8,5,0,3,16,16,0,15,Italy - Primavera 1,0.62,0.62,0,1.88,2.0,2.0,1.61,1.61,3
Milan U20,8,4,2,2,15,8,7,14,Italy - Primavera 1,0.5,0.75,7,1.75,1.88,1.0,2.0,1.33,4
Inter Milan U20,8,4,2,2,11,5,6,14,Italy - Primavera 1,0.5,0.75,6,1.75,1.38,0.62,2.0,1.33,4
Fiorentina U20,8,4,1,3,21,13,8,13,Italy - Primavera 1,0.5,0.62,8,1.62,2.62,1.62,2.0,1.61,5
Atalanta U20,8,4,1,3,12,6,6,13,Italy - Primavera 1,0.5,0.62,6,1.62,1.5,0.75,2.0,1.61,5
H. Verona U20,8,3,3,2,10,6,4,12,Italy - Primavera 1,0.38,0.75,4,1.5,1.25,0.75,2.63,1.33,6
Lecce U20,8,3,3,2,9,8,1,12,Italy - Primavera 1,0.38,0.75,1,1.5,1.12,1.0,2.63,1.33,6
Torino U20,8,4,0,4,15,15,0,12,Italy - Primavera 1,0.5,0.5,0,1.5,1.88,1.88,2.0,2.0,6
Bologna U20,8,3,3,2,11,11,0,12,Italy - Primavera 1,0.38,0.75,0,1.5,1.38,1.38,2.63,1.33,6
Lazio U20,8,3,2,3,11,11,0,11,Italy - Primavera 1,0.38,0.62,0,1.38,1.38,1.38,2.63,1.61,7
Monza U20,8,3,1,4,14,14,0,10,Italy - Primavera 1,0.38,0.5,0,1.25,1.75,1.75,2.63,2.0,8
Cremonese U20,8,2,2,4,6,8,-2,8,Italy - Primavera 1,0.25,0.5,-2,1.0,0.75,1.0,4.0,2.0,9
Sassuolo U20,8,2,2,4,7,10,-3,8,Italy - Primavera 1,0.25,0.5,-3,1.0,0.88,1.25,4.0,2.0,9
Genoa U20,8,2,1,5,13,14,-1,7,Italy - Primavera 1,0.25,0.38,-1,0.88,1.62,1.75,4.0,2.63,10
Empoli U20,8,2,1,5,4,9,-5,7,Italy - Primavera 1,0.25,0.38,-5,0.88,0.5,1.12,4.0,2.63,10
Sampdoria U20,8,1,3,4,8,15,-7,6,Italy - Primavera 1,0.12,0.5,-7,0.75,1.0,1.88,8.33,2.0,11
Udinese U20,8,1,1,6,7,21,-14,4,Italy - Primavera 1,0.12,0.25,-14,0.5,0.88,2.62,8.33,4.0,12
Mount Pleasant,8,7,1,0,17,1,16,22,Jamaica - Premier League,0.88,1.0,16,2.75,2.12,0.12,1.14,1.0,1
Tivoli Gardens,8,6,2,0,15,7,8,20,Jamaica - Premier League,0.75,1.0,8,2.5,1.88,0.88,1.33,1.0,2
Cavalier,8,6,1,1,14,7,7,19,Jamaica - Premier League,0.75,0.88,7,2.38,1.75,0.88,1.33,1.14,3
Montego Bay,8,4,4,0,14,3,11,16,Jamaica - Premier League,0.5,1.0,11,2.0,1.75,0.38,2.0,1.0,4
Portmore Utd,8,5,1,2,8,5,3,16,Jamaica - Premier League,0.62,0.75,3,2.0,1.0,0.62,1.61,1.33,4
Racing United,8,5,1,2,12,10,2,16,Jamaica - Premier League,0.62,0.75,2,2.0,1.5,1.25,1.61,1.33,4
Waterhouse,8,4,2,2,10,8,2,14,Jamaica - Premier League,0.5,0.75,2,1.75,1.25,1.0,2.0,1.33,5
Humble Lions,8,4,2,2,11,10,1,14,Jamaica - Premier League,0.5,0.75,1,1.75,1.38,1.25,2.0,1.33,5
Arnett Gardens,8,3,4,1,16,9,7,13,Jamaica - Premier League,0.38,0.88,7,1.62,2.0,1.12,2.63,1.14,6
Harbour View,8,2,4,2,13,7,6,10,Jamaica - Premier League,0.25,0.75,6,1.25,1.62,0.88,4.0,1.33,7
Dunbeholden,8,3,0,5,7,13,-6,9,Jamaica - Premier League,0.38,0.38,-6,1.12,0.88,1.62,2.63,2.63,8
Molynes Utd,8,2,2,4,8,14,-6,8,Jamaica - Premier League,0.25,0.5,-6,1.0,1.0,1.75,4.0,2.0,9
Chapelton,8,1,3,4,7,15,-8,6,Jamaica - Premier League,0.12,0.5,-8,0.75,0.88,1.88,8.33,2.0,10
Vere Utd,8,1,2,5,6,13,-7,5,Jamaica - Premier League,0.12,0.38,-7,0.62,0.75,1.62,8.33,2.63,11
Urawa RD,8,6,1,1,13,6,7,19,Japan - J1 League,0.75,0.88,7,2.38,1.62,0.75,1.33,1.14,1
Kashima Antlers,8,6,1,1,12,6,6,19,Japan - J1 League,0.75,0.88,6,2.38,1.5,0.75,1.33,1.14,1
Cerezo Osaka,8,5,2,1,13,7,6,17,Japan - J1 League,0.62,0.88,6,2.12,1.62,0.88,1.61,1.14,2
Nagoya G.,8,5,1,2,13,7,6,16,Japan - J1 League,0.62,0.75,6,2.0,1.62,0.88,1.61,1.33,3
Gamba Osaka,8,5,0,3,11,5,6,15,Japan - J1 League,0.62,0.62,6,1.88,1.38,0.62,1.61,1.61,4
Kyoto Sanga,8,4,2,2,12,7,5,14,Japan - J1 League,0.5,0.75,5,1.75,1.5,0.88,2.0,1.33,5
Kashiwa Reysol,8,4,2,2,9,8,1,14,Japan - J1 League,0.5,0.75,1,1.75,1.12,1.0,2.0,1.33,5
K. Frontale,8,3,4,1,13,9,4,13,Japan - J1 League,0.38,0.88,4,1.62,1.62,1.12,2.63,1.14,6
Avispa Fukuoka,8,3,4,1,8,6,2,13,Japan - J1 League,0.38,0.88,2,1.62,1.0,0.75,2.63,1.14,6
Vissel Kobe,8,4,1,3,10,9,1,13,Japan - J1 League,0.5,0.62,1,1.62,1.25,1.12,2.0,1.61,6
S. Hiroshima,8,4,1,3,9,8,1,13,Japan - J1 League,0.5,0.62,1,1.62,1.12,1.0,2.0,1.61,6
Tokyo Verdy,8,4,1,3,8,7,1,13,Japan - J1 League,0.5,0.62,1,1.62,1.0,0.88,2.0,1.61,6
Shimizu S-Pulse,8,3,3,2,14,12,2,12,Japan - J1 League,0.38,0.75,2,1.5,1.75,1.5,2.63,1.33,7
Fagiano Okayama,8,3,3,2,8,7,1,12,Japan - J1 League,0.38,0.75,1,1.5,1.0,0.88,2.63,1.33,7
Yokohama FC,8,3,2,3,7,8,-1,11,Japan - J1 League,0.38,0.62,-1,1.38,0.88,1.0,2.63,1.61,8
FC Tokyo,8,3,2,3,8,10,-2,11,Japan - J1 League,0.38,0.62,-2,1.38,1.0,1.25,2.63,1.61,8
Shonan Bellmare,8,2,2,4,6,8,-2,8,Japan - J1 League,0.25,0.5,-2,1.0,0.75,1.0,4.0,2.0,9
Yokohama M.,8,2,2,4,9,12,-3,8,Japan - J1 League,0.25,0.5,-3,1.0,1.12,1.5,4.0,2.0,9
Albirex Niigata,8,1,4,3,11,13,-2,7,Japan - J1 League,0.12,0.62,-2,0.88,1.38,1.62,8.33,1.61,10
Machida Zelvia,8,2,1,5,7,11,-4,7,Japan - J1 League,0.25,0.38,-4,0.88,0.88,1.38,4.0,2.63,10
Mito Hollyhock,8,5,3,0,16,6,10,18,Japan - J2 League,0.62,1.0,10,2.25,2.0,0.75,1.61,1.0,1
JEF Utd Chiba,8,5,2,1,15,7,8,17,Japan - J2 League,0.62,0.88,8,2.12,1.88,0.88,1.61,1.14,2
Omiya Ardija,8,4,4,0,15,8,7,16,Japan - J2 League,0.5,1.0,7,2.0,1.88,1.0,2.0,1.0,3
Sagan Tosu,8,4,4,0,11,7,4,16,Japan - J2 League,0.5,1.0,4,2.0,1.38,0.88,2.0,1.0,3
Jubilo Iwata,8,5,1,2,8,6,2,16,Japan - J2 League,0.62,0.75,2,2.0,1.0,0.75,1.61,1.33,3
V-V. Nagasaki,8,4,2,2,13,9,4,14,Japan - J2 League,0.5,0.75,4,1.75,1.62,1.12,2.0,1.33,4
Tokushima V.,8,4,2,2,6,3,3,14,Japan - J2 League,0.5,0.75,3,1.75,0.75,0.38,2.0,1.33,4
Vegalta Sendai,8,3,4,1,11,8,3,13,Japan - J2 League,0.38,0.88,3,1.62,1.38,1.0,2.63,1.14,5
Oita Trinita,8,3,4,1,7,5,2,13,Japan - J2 League,0.38,0.88,2,1.62,0.88,0.62,2.63,1.14,5
Fujieda MYFC,8,4,0,4,11,12,-1,12,Japan - J2 League,0.5,0.5,-1,1.5,1.38,1.5,2.0,2.0,6
Ventforet Kofu,8,3,2,3,9,10,-1,11,Japan - J2 League,0.38,0.62,-1,1.38,1.12,1.25,2.63,1.61,7
C. Sapporo,7,3,1,3,10,12,-2,10,Japan - J2 League,0.43,0.57,-2,1.43,1.43,1.71,2.33,1.75,8
Iwaki,8,2,3,3,11,9,2,9,Japan - J2 League,0.25,0.62,2,1.12,1.38,1.12,4.0,1.61,9
R. Yamaguchi,8,2,3,3,7,7,0,9,Japan - J2 League,0.25,0.62,0,1.12,0.88,0.88,4.0,1.61,9
FC Imabari,8,1,5,2,10,9,1,8,Japan - J2 League,0.12,0.75,1,1.0,1.25,1.12,8.33,1.33,10
M. Yamagata,7,2,2,3,9,10,-1,8,Japan - J2 League,0.29,0.57,-1,1.14,1.29,1.43,3.45,1.75,10
Blaublitz Akita,8,2,1,5,8,13,-5,7,Japan - J2 League,0.25,0.38,-5,0.88,1.0,1.62,4.0,2.63,11
Kataller Toyama,8,1,3,4,8,10,-2,6,Japan - J2 League,0.12,0.5,-2,0.75,1.0,1.25,8.33,2.0,12
R. Kumamoto,8,1,3,4,7,10,-3,6,Japan - J2 League,0.12,0.5,-3,0.75,0.88,1.25,8.33,2.0,12
Ehime FC,8,0,2,6,7,15,-8,2,Japan - J2 League,0.0,0.25,-8,0.25,0.88,1.88,0.0,4.0,13
Osaka,8,7,1,0,15,5,10,22,Japan - J3 League,0.88,1.0,10,2.75,1.88,0.62,1.14,1.0,1
V. Hachinohe,8,5,2,1,11,5,6,17,Japan - J3 League,0.62,0.88,6,2.12,1.38,0.62,1.61,1.14,2
Tochigi City,7,5,2,0,11,6,5,17,Japan - J3 League,0.71,1.0,5,2.43,1.57,0.86,1.41,1.0,2
Gainare Tottori,7,4,3,0,10,2,8,15,Japan - J3 League,0.57,1.0,8,2.14,1.43,0.29,1.75,1.0,3
T. Miyazaki,8,4,3,1,14,9,5,15,Japan - J3 League,0.5,0.88,5,1.88,1.75,1.12,2.0,1.14,3
G. Kitakyushu,8,4,3,1,9,4,5,15,Japan - J3 League,0.5,0.88,5,1.88,1.12,0.5,2.0,1.14,3
Nara Club,8,4,3,1,11,7,4,15,Japan - J3 League,0.5,0.88,4,1.88,1.38,0.88,2.0,1.14,3
Kagoshima Utd,8,4,2,2,18,10,8,14,Japan - J3 League,0.5,0.75,8,1.75,2.25,1.25,2.0,1.33,4
Fukushima Utd,7,3,2,2,17,15,2,11,Japan - J3 League,0.43,0.71,2,1.57,2.43,2.14,2.33,1.41,5
Kusatsu,8,2,5,1,7,5,2,11,Japan - J3 League,0.25,0.88,2,1.38,0.88,0.62,4.0,1.14,5
Nagano Parceiro,7,3,2,2,10,9,1,11,Japan - J3 League,0.43,0.71,1,1.57,1.43,1.29,2.33,1.41,5
Gifu,8,3,2,3,9,9,0,11,Japan - J3 League,0.38,0.62,0,1.38,1.12,1.12,2.63,1.61,5
AC Numazu,8,2,4,2,8,5,3,10,Japan - J3 League,0.25,0.75,3,1.25,1.0,0.62,4.0,1.33,6
Tochigi SC,8,3,1,4,5,6,-1,10,Japan - J3 League,0.38,0.5,-1,1.25,0.62,0.75,2.63,2.0,6
Matsumoto Y.,7,3,1,3,8,11,-3,10,Japan - J3 League,0.43,0.57,-3,1.43,1.14,1.57,2.33,1.75,6
Kamatamare S.,8,3,1,4,7,10,-3,10,Japan - J3 League,0.38,0.5,-3,1.25,0.88,1.25,2.63,2.0,6
SC Sagamihara,7,2,3,2,6,7,-1,9,Japan - J3 League,0.29,0.71,-1,1.29,0.86,1.0,3.45,1.41,7
FC Ryukyu,7,2,1,4,6,7,-1,7,Japan - J3 League,0.29,0.43,-1,1.0,0.86,1.0,3.45,2.33,8
Z. Kanazawa,5,2,0,3,7,7,0,6,Japan - J3 League,0.4,0.4,0,1.2,1.4,1.4,2.5,2.5,9
Kochi United,7,1,3,3,7,14,-7,6,Japan - J3 League,0.14,0.57,-7,0.86,1.0,2.0,7.14,1.75,9
Al Hussein,8,6,2,0,22,4,18,20,Jordan - Premier League,0.75,1.0,18,2.5,2.75,0.5,1.33,1.0,1
Al Wihdat,8,6,2,0,17,8,9,20,Jordan - Premier League,0.75,1.0,9,2.5,2.12,1.0,1.33,1.0,1
Al Jazeera,8,5,1,2,17,10,7,16,Jordan - Premier League,0.62,0.75,7,2.0,2.12,1.25,1.61,1.33,2
Al Faysali,8,4,4,0,13,6,7,16,Jordan - Premier League,0.5,1.0,7,2.0,1.62,0.75,2.0,1.0,2
Al Salt,8,5,1,2,12,6,6,16,Jordan - Premier League,0.62,0.75,6,2.0,1.5,0.75,1.61,1.33,2
Shabab Al Ordon,8,3,1,4,13,16,-3,10,Jordan - Premier League,0.38,0.5,-3,1.25,1.62,2.0,2.63,2.0,3
Al Sareeh,8,2,3,3,7,11,-4,9,Jordan - Premier League,0.25,0.62,-4,1.12,0.88,1.38,4.0,1.61,4
Al Ramtha,8,2,2,4,5,10,-5,8,Jordan - Premier League,0.25,0.5,-5,1.0,0.62,1.25,4.0,2.0,5
Maan,8,2,2,4,7,13,-6,8,Jordan - Premier League,0.25,0.5,-6,1.0,0.88,1.62,4.0,2.0,5
Aqaba,8,1,3,4,6,15,-9,6,Jordan - Premier League,0.12,0.5,-9,0.75,0.75,1.88,8.33,2.0,6
Al Ahli,8,1,2,5,5,11,-6,5,Jordan - Premier League,0.12,0.38,-6,0.62,0.62,1.38,8.33,2.63,7
Moghayer Al S.,8,1,1,6,5,12,-7,4,Jordan - Premier League,0.12,0.25,-7,0.5,0.62,1.5,8.33,4.0,8
Tobol,5,4,1,0,12,2,10,13,Kazakhstan - Premier League,0.8,1.0,10,2.6,2.4,0.4,1.25,1.0,1
FC Astana,6,4,1,1,13,8,5,13,Kazakhstan - Premier League,0.67,0.83,5,2.17,2.17,1.33,1.49,1.2,1
Aktobe,5,4,0,1,9,4,5,12,Kazakhstan - Premier League,0.8,0.8,5,2.4,1.8,0.8,1.25,1.25,2
Ordabasy,6,3,2,1,7,1,6,11,Kazakhstan - Premier League,0.5,0.83,6,1.83,1.17,0.17,2.0,1.2,3
Kairat Almaty,4,3,0,1,11,3,8,9,Kazakhstan - Premier League,0.75,0.75,8,2.25,2.75,0.75,1.33,1.33,4
Yelimay Semey,5,3,0,2,6,4,2,9,Kazakhstan - Premier League,0.6,0.6,2,1.8,1.2,0.8,1.67,1.67,4
Turan,6,2,2,2,6,5,1,8,Kazakhstan - Premier League,0.33,0.67,1,1.33,1.0,0.83,3.03,1.49,5
Kaisar K.,7,1,5,1,7,7,0,8,Kazakhstan - Premier League,0.14,0.86,0,1.14,1.0,1.0,7.14,1.16,5
Kyzylzhar,6,2,2,2,8,9,-1,8,Kazakhstan - Premier League,0.33,0.67,-1,1.33,1.33,1.5,3.03,1.49,5
Okzhetpes,5,2,1,2,7,8,-1,7,Kazakhstan - Premier League,0.4,0.6,-1,1.4,1.4,1.6,2.5,1.67,6
Zhetysu,5,1,2,2,3,7,-4,5,Kazakhstan - Premier League,0.2,0.6,-4,1.0,0.6,1.4,5.0,1.67,7
Ulytau,5,1,1,3,4,9,-5,4,Kazakhstan - Premier League,0.2,0.4,-5,0.8,0.8,1.8,5.0,2.5,8
Atyrau,8,1,1,6,7,18,-11,4,Kazakhstan - Premier League,0.12,0.25,-11,0.5,0.88,2.25,8.33,4.0,8
Zhenys,6,0,3,3,3,6,-3,3,Kazakhstan - Premier League,0.0,0.5,-3,0.5,0.5,1.0,0.0,2.0,9
Drita,8,8,0,0,19,4,15,24,Kosovo - Superliga,1.0,1.0,15,3.0,2.38,0.5,1.0,1.0,1
Malisheva,8,5,2,1,15,8,7,17,Kosovo - Superliga,0.62,0.88,7,2.12,1.88,1.0,1.61,1.14,2
Ballkani,8,5,2,1,15,9,6,17,Kosovo - Superliga,0.62,0.88,6,2.12,1.88,1.12,1.61,1.14,2
Ferizaj,8,5,2,1,14,8,6,17,Kosovo - Superliga,0.62,0.88,6,2.12,1.75,1.0,1.61,1.14,2
Gjilani,8,4,2,2,9,7,2,14,Kosovo - Superliga,0.5,0.75,2,1.75,1.12,0.88,2.0,1.33,3
Dukagjini,8,3,4,1,7,5,2,13,Kosovo - Superliga,0.38,0.88,2,1.62,0.88,0.62,2.63,1.14,4
Llapi,8,2,5,1,7,5,2,11,Kosovo - Superliga,0.25,0.88,2,1.38,0.88,0.62,4.0,1.14,5
Suhareka,8,3,1,4,11,10,1,10,Kosovo - Superliga,0.38,0.5,1,1.25,1.38,1.25,2.63,2.0,6
Feronikeli,8,3,1,4,6,12,-6,10,Kosovo - Superliga,0.38,0.5,-6,1.25,0.75,1.5,2.63,2.0,6
Prishtina,8,0,7,1,9,10,-1,7,Kosovo - Superliga,0.0,0.88,-1,0.88,1.12,1.25,0.0,1.14,7
Al Kuwait,8,8,0,0,32,3,29,24,Kuwait - Premier League,1.0,1.0,29,3.0,4.0,0.38,1.0,1.0,1
Al Arabi SC,8,4,3,1,9,5,4,15,Kuwait - Premier League,0.5,0.88,4,1.88,1.12,0.62,2.0,1.14,2
Al Qadsia,8,5,0,3,19,19,0,15,Kuwait - Premier League,0.62,0.62,0,1.88,2.38,2.38,1.61,1.61,2
Kazma,8,3,4,1,11,6,5,13,Kuwait - Premier League,0.38,0.88,5,1.62,1.38,0.75,2.63,1.14,3
Al Fahaheel,8,3,4,1,13,9,4,13,Kuwait - Premier League,0.38,0.88,4,1.62,1.62,1.12,2.63,1.14,3
Al Salmiyah,8,4,0,4,16,15,1,12,Kuwait - Premier League,0.5,0.5,1,1.5,2.0,1.88,2.0,2.0,4
Al Nasar,8,3,1,4,13,14,-1,10,Kuwait - Premier League,0.38,0.5,-1,1.25,1.62,1.75,2.63,2.0,5
Al Tadhamon,8,2,1,5,8,22,-14,7,Kuwait - Premier League,0.25,0.38,-14,0.88,1.0,2.75,4.0,2.63,6
Khaitan,8,1,3,4,6,13,-7,6,Kuwait - Premier League,0.12,0.5,-7,0.75,0.75,1.62,8.33,2.0,7
Yarmouk,8,1,3,4,7,15,-8,6,Kuwait - Premier League,0.12,0.5,-8,0.75,0.88,1.88,8.33,2.0,7
RFS,8,7,0,1,21,3,18,21,Latvia - Virsliga,0.88,0.88,18,2.62,2.62,0.38,1.14,1.14,1
Auda,8,6,1,1,16,5,11,19,Latvia - Virsliga,0.75,0.88,11,2.38,2.0,0.62,1.33,1.14,2
Riga FC,8,5,2,1,16,5,11,17,Latvia - Virsliga,0.62,0.88,11,2.12,2.0,0.62,1.61,1.14,3
FS Jelgava,8,5,2,1,15,8,7,17,Latvia - Virsliga,0.62,0.88,7,2.12,1.88,1.0,1.61,1.14,3
Daugavpils,8,5,1,2,14,7,7,16,Latvia - Virsliga,0.62,0.75,7,2.0,1.75,0.88,1.61,1.33,4
Liepaja,8,4,3,1,15,9,6,15,Latvia - Virsliga,0.5,0.88,6,1.88,1.88,1.12,2.0,1.14,5
Grobina,8,4,2,2,13,12,1,14,Latvia - Virsliga,0.5,0.75,1,1.75,1.62,1.5,2.0,1.33,6
Super Nova,8,2,4,2,13,11,2,10,Latvia - Virsliga,0.25,0.75,2,1.25,1.62,1.38,4.0,1.33,7
Tukums,7,2,3,2,10,12,-2,9,Latvia - Virsliga,0.29,0.71,-2,1.29,1.43,1.71,3.45,1.41,8
Metta,8,2,2,4,7,13,-6,8,Latvia - Virsliga,0.25,0.5,-6,1.0,0.88,1.62,4.0,2.0,9
Hegelmann L.,7,7,0,0,13,5,8,21,Lithuania - A Lyga,1.0,1.0,8,3.0,1.86,0.71,1.0,1.0,1
Suduva,7,5,2,0,12,2,10,17,Lithuania - A Lyga,0.71,1.0,10,2.43,1.71,0.29,1.41,1.0,2
Kauno Zalgiris,8,5,1,2,17,5,12,16,Lithuania - A Lyga,0.62,0.75,12,2.0,2.12,0.62,1.61,1.33,3
Zalgiris,7,3,3,1,11,6,5,12,Lithuania - A Lyga,0.43,0.86,5,1.71,1.57,0.86,2.33,1.16,4
Siauliai,7,3,2,2,13,11,2,11,Lithuania - A Lyga,0.43,0.71,2,1.57,1.86,1.57,2.33,1.41,5
Panevezys,7,3,1,3,10,7,3,10,Lithuania - A Lyga,0.43,0.57,3,1.43,1.43,1.0,2.33,1.75,6
Banga,8,3,1,4,9,9,0,10,Lithuania - A Lyga,0.38,0.5,0,1.25,1.12,1.12,2.63,2.0,6
Riteriai,6,1,2,3,11,13,-2,5,Lithuania - A Lyga,0.17,0.5,-2,0.83,1.83,2.17,5.88,2.0,7
Dziugas Telsiai,6,1,2,3,4,6,-2,5,Lithuania - A Lyga,0.17,0.5,-2,0.83,0.67,1.0,5.88,2.0,7
Dainava,7,0,1,6,4,15,-11,1,Lithuania - A Lyga,0.0,0.14,-11,0.14,0.57,2.14,0.0,7.14,8
Tauras,7,6,1,0,17,2,15,19,Lithuania - 1st League,0.86,1.0,15,2.71,2.43,0.29,1.16,1.0,1
TransINVEST,6,6,0,0,16,1,15,18,Lithuania - 1st League,1.0,1.0,15,3.0,2.67,0.17,1.0,1.0,2
Neptuna K.,6,4,1,1,12,4,8,13,Lithuania - 1st League,0.67,0.83,8,2.17,2.0,0.67,1.49,1.2,3
BFA Vilnius,6,4,1,1,12,6,6,13,Lithuania - 1st League,0.67,0.83,6,2.17,2.0,1.0,1.49,1.2,3
Kauno Z. B,5,4,0,1,11,5,6,12,Lithuania - 1st League,0.8,0.8,6,2.4,2.2,1.0,1.25,1.25,4
Zalgiris B,5,3,1,1,12,9,3,10,Lithuania - 1st League,0.6,0.8,3,2.0,2.4,1.8,1.67,1.25,5
Babrungas,5,3,1,1,12,10,2,10,Lithuania - 1st League,0.6,0.8,2,2.0,2.4,2.0,1.67,1.25,5
Minija,5,3,0,2,7,8,-1,9,Lithuania - 1st League,0.6,0.6,-1,1.8,1.4,1.6,1.67,1.67,6
Jonava,5,2,1,2,6,5,1,7,Lithuania - 1st League,0.4,0.6,1,1.4,1.2,1.0,2.5,1.67,7
Panevezys B,5,2,0,3,6,12,-6,6,Lithuania - 1st League,0.4,0.4,-6,1.2,1.2,2.4,2.5,2.5,8
Siauliai B,5,1,2,2,6,7,-1,5,Lithuania - 1st League,0.2,0.6,-1,1.0,1.2,1.4,5.0,1.67,9
Atmosfera,7,1,2,4,7,13,-6,5,Lithuania - 1st League,0.14,0.43,-6,0.71,1.0,1.86,7.14,2.33,9
Ekranas,5,1,1,3,7,8,-1,4,Lithuania - 1st League,0.2,0.4,-1,0.8,1.4,1.6,5.0,2.5,10
Hegelmann B,5,1,1,3,4,10,-6,4,Lithuania - 1st League,0.2,0.4,-6,0.8,0.8,2.0,5.0,2.5,10
Nevezis,5,1,1,3,5,13,-8,4,Lithuania - 1st League,0.2,0.4,-8,0.8,1.0,2.6,5.0,2.5,10
Be1 NFA,6,0,3,3,4,8,-4,3,Lithuania - 1st League,0.0,0.5,-4,0.5,0.67,1.33,0.0,2.0,11
UNA Strassen,8,7,0,1,24,4,20,21,Luxembourg - National Division,0.88,0.88,20,2.62,3.0,0.5,1.14,1.14,1
Differdange,8,6,2,0,19,1,18,20,Luxembourg - National Division,0.75,1.0,18,2.5,2.38,0.12,1.33,1.0,2
Niedercorn,8,5,1,2,15,8,7,16,Luxembourg - National Division,0.62,0.75,7,2.0,1.88,1.0,1.61,1.33,3
Racing,8,5,1,2,12,6,6,16,Luxembourg - National Division,0.62,0.75,6,2.0,1.5,0.75,1.61,1.33,3
Jeunesse Esch,8,4,2,2,17,13,4,14,Luxembourg - National Division,0.5,0.75,4,1.75,2.12,1.62,2.0,1.33,4
Mondorf,8,4,1,3,15,9,6,13,Luxembourg - National Division,0.5,0.62,6,1.62,1.88,1.12,2.0,1.61,5
Hesperange,8,4,1,3,9,9,0,13,Luxembourg - National Division,0.5,0.62,0,1.62,1.12,1.12,2.0,1.61,5
Wiltz,8,4,1,3,12,14,-2,13,Luxembourg - National Division,0.5,0.62,-2,1.62,1.5,1.75,2.0,1.61,5
Dudelange,8,3,2,3,16,10,6,11,Luxembourg - National Division,0.38,0.62,6,1.38,2.0,1.25,2.63,1.61,6
Hostert,8,3,2,3,11,19,-8,11,Luxembourg - National Division,0.38,0.62,-8,1.38,1.38,2.38,2.63,1.61,6
Rodange,8,2,4,2,11,11,0,10,Luxembourg - National Division,0.25,0.75,0,1.25,1.38,1.38,4.0,1.33,7
Petange,8,2,2,4,7,11,-4,8,Luxembourg - National Division,0.25,0.5,-4,1.0,0.88,1.38,4.0,2.0,8
Bettembourg,8,2,1,5,8,14,-6,7,Luxembourg - National Division,0.25,0.38,-6,0.88,1.0,1.75,4.0,2.63,9
V. Rosport,8,0,4,4,4,13,-9,4,Luxembourg - National Division,0.0,0.5,-9,0.5,0.5,1.62,0.0,2.0,10
Mondercange,8,1,1,6,5,16,-11,4,Luxembourg - National Division,0.12,0.25,-11,0.5,0.62,2.0,8.33,4.0,10
Fola Esch,8,0,0,8,2,22,-20,0,Luxembourg - National Division,0.0,0.0,-20,0.0,0.25,2.75,0.0,0.0,11
Johor Darul,8,8,0,0,35,1,34,24,Malaysia - Super League,1.0,1.0,34,3.0,4.38,0.12,1.0,1.0,1
Selangor,8,6,1,1,12,3,9,19,Malaysia - Super League,0.75,0.88,9,2.38,1.5,0.38,1.33,1.14,2
Kuala Lumpur,8,6,0,2,22,10,12,18,Malaysia - Super League,0.75,0.75,12,2.25,2.75,1.25,1.33,1.33,3
Kuching,8,4,2,2,12,8,4,14,Malaysia - Super League,0.5,0.75,4,1.75,1.5,1.0,2.0,1.33,4
PDRM,8,4,2,2,12,8,4,14,Malaysia - Super League,0.5,0.75,4,1.75,1.5,1.0,2.0,1.33,4
Sabah,8,3,3,2,15,10,5,12,Malaysia - Super League,0.38,0.75,5,1.5,1.88,1.25,2.63,1.33,5
Pahang,8,3,1,4,17,17,0,10,Malaysia - Super League,0.38,0.5,0,1.25,2.12,2.12,2.63,2.0,6
Terengganu,8,2,3,3,10,9,1,9,Malaysia - Super League,0.25,0.62,1,1.12,1.25,1.12,4.0,1.61,7
Kedah,8,2,3,3,9,14,-5,9,Malaysia - Super League,0.25,0.62,-5,1.12,1.12,1.75,4.0,1.61,7
Pulau Pinang,8,2,3,3,8,13,-5,9,Malaysia - Super League,0.25,0.62,-5,1.12,1.0,1.62,4.0,1.61,7
Perak,8,1,3,4,13,15,-2,6,Malaysia - Super League,0.12,0.5,-2,0.75,1.62,1.88,8.33,2.0,8
Negeri Sembilan,8,2,0,6,6,18,-12,6,Malaysia - Super League,0.25,0.25,-12,0.75,0.75,2.25,4.0,4.0,8
Kelantan United,8,0,1,7,5,25,-20,1,Malaysia - Super League,0.0,0.12,-20,0.12,0.62,3.12,0.0,8.33,9
Mosta,8,6,1,1,13,6,7,19,Malta - Premier League,0.75,0.88,7,2.38,1.62,0.75,1.33,1.14,1
Floriana,8,4,3,1,11,6,5,15,Malta - Premier League,0.5,0.88,5,1.88,1.38,0.75,2.0,1.14,2
Marsaxlokk,8,3,4,1,13,14,-1,13,Malta - Premier League,0.38,0.88,-1,1.62,1.62,1.75,2.63,1.14,3
Birkirkara,8,3,3,2,13,9,4,12,Malta - Premier League,0.38,0.75,4,1.5,1.62,1.12,2.63,1.33,4
Sliema,8,3,1,4,13,10,3,10,Malta - Premier League,0.38,0.5,3,1.25,1.62,1.25,2.63,2.0,5
Hibernians,8,3,1,4,9,14,-5,10,Malta - Premier League,0.38,0.5,-5,1.25,1.12,1.75,2.63,2.0,5
Zabbar,8,3,0,5,10,12,-2,9,Malta - Premier League,0.38,0.38,-2,1.12,1.25,1.5,2.63,2.63,6
Naxxar Lions,8,2,3,3,5,12,-7,9,Malta - Premier League,0.25,0.62,-7,1.12,0.62,1.5,4.0,1.61,6
Balzan,8,2,2,4,9,13,-4,8,Malta - Premier League,0.25,0.5,-4,1.0,1.12,1.62,4.0,2.0,7
Gzira Utd,8,2,2,4,6,13,-7,8,Malta - Premier League,0.25,0.5,-7,1.0,0.75,1.62,4.0,2.0,7
Hamrun Spartans,8,2,1,5,9,9,0,7,Malta - Premier League,0.25,0.38,0,0.88,1.12,1.12,4.0,2.63,8
Melita,8,2,1,5,11,19,-8,7,Malta - Premier League,0.25,0.38,-8,0.88,1.38,2.38,4.0,2.63,8
A. San Luis,8,7,1,0,18,5,13,22,Mexico - Liga MX - Apertura,0.88,1.0,13,2.75,2.25,0.62,1.14,1.0,1
Toluca,8,6,2,0,25,5,20,20,Mexico - Liga MX - Apertura,0.75,1.0,20,2.5,3.12,0.62,1.33,1.0,2
Cruz Azul,8,6,2,0,19,3,16,20,Mexico - Liga MX - Apertura,0.75,1.0,16,2.5,2.38,0.38,1.33,1.0,2
Tigres,8,6,2,0,11,5,6,20,Mexico - Liga MX - Apertura,0.75,1.0,6,2.5,1.38,0.62,1.33,1.0,2
CF America,8,6,0,2,14,5,9,18,Mexico - Liga MX - Apertura,0.75,0.75,9,2.25,1.75,0.62,1.33,1.33,3
Pumas UNAM,8,6,0,2,14,6,8,18,Mexico - Liga MX - Apertura,0.75,0.75,8,2.25,1.75,0.75,1.33,1.33,3
Monterrey,8,5,2,1,16,8,8,17,Mexico - Liga MX - Apertura,0.62,0.88,8,2.12,2.0,1.0,1.61,1.14,4
Tijuana,8,5,2,1,14,11,3,17,Mexico - Liga MX - Apertura,0.62,0.88,3,2.12,1.75,1.38,1.61,1.14,4
Guadalajara,8,4,2,2,15,7,8,14,Mexico - Liga MX - Apertura,0.5,0.75,8,1.75,1.88,0.88,2.0,1.33,5
Atlas,8,3,4,1,8,5,3,13,Mexico - Liga MX - Apertura,0.38,0.88,3,1.62,1.0,0.62,2.63,1.14,6
Club Leon,8,2,5,1,9,5,4,11,Mexico - Liga MX - Apertura,0.25,0.88,4,1.38,1.12,0.62,4.0,1.14,7
Mazatlan,8,2,4,2,10,11,-1,10,Mexico - Liga MX - Apertura,0.25,0.75,-1,1.25,1.25,1.38,4.0,1.33,8
Necaxa,8,2,3,3,9,8,1,9,Mexico - Liga MX - Apertura,0.25,0.62,1,1.12,1.12,1.0,4.0,1.61,9
Pachuca,8,2,2,4,13,13,0,8,Mexico - Liga MX - Apertura,0.25,0.5,0,1.0,1.62,1.62,4.0,2.0,10
Santos Laguna,8,2,2,4,6,12,-6,8,Mexico - Liga MX - Apertura,0.25,0.5,-6,1.0,0.75,1.5,4.0,2.0,10
Puebla,8,2,1,5,12,15,-3,7,Mexico - Liga MX - Apertura,0.25,0.38,-3,0.88,1.5,1.88,4.0,2.63,11
Queretaro,8,2,1,5,6,11,-5,7,Mexico - Liga MX - Apertura,0.25,0.38,-5,0.88,0.75,1.38,4.0,2.63,11
Juarez,8,1,2,5,10,15,-5,5,Mexico - Liga MX - Apertura,0.12,0.38,-5,0.62,1.25,1.88,8.33,2.63,12
Tigres,8,7,0,1,16,5,11,21,Mexico - Liga MX - Clausura,0.88,0.88,11,2.62,2.0,0.62,1.14,1.14,1
Toluca,8,6,2,0,21,9,12,20,Mexico - Liga MX - Clausura,0.75,1.0,12,2.5,2.62,1.12,1.33,1.0,2
Cruz Azul,8,5,3,0,14,7,7,18,Mexico - Liga MX - Clausura,0.62,1.0,7,2.25,1.75,0.88,1.61,1.0,3
CF America,8,5,2,1,21,4,17,17,Mexico - Liga MX - Clausura,0.62,0.88,17,2.12,2.62,0.5,1.61,1.14,4
Monterrey,8,5,1,2,16,10,6,16,Mexico - Liga MX - Clausura,0.62,0.75,6,2.0,2.0,1.25,1.61,1.33,5
Club Leon,8,5,1,2,11,9,2,16,Mexico - Liga MX - Clausura,0.62,0.75,2,2.0,1.38,1.12,1.61,1.33,5
Pachuca,8,4,3,1,11,6,5,15,Mexico - Liga MX - Clausura,0.5,0.88,5,1.88,1.38,0.75,2.0,1.14,6
Guadalajara,8,4,3,1,8,5,3,15,Mexico - Liga MX - Clausura,0.5,0.88,3,1.88,1.0,0.62,2.0,1.14,6
Necaxa,8,5,0,3,18,16,2,15,Mexico - Liga MX - Clausura,0.62,0.62,2,1.88,2.25,2.0,1.61,1.61,6
Queretaro,8,4,1,3,11,10,1,13,Mexico - Liga MX - Clausura,0.5,0.62,1,1.62,1.38,1.25,2.0,1.61,7
Mazatlan,8,3,3,2,10,10,0,12,Mexico - Liga MX - Clausura,0.38,0.75,0,1.5,1.25,1.25,2.63,1.33,8
A. San Luis,8,4,0,4,11,12,-1,12,Mexico - Liga MX - Clausura,0.5,0.5,-1,1.5,1.38,1.5,2.0,2.0,8
Juarez,8,3,3,2,10,12,-2,12,Mexico - Liga MX - Clausura,0.38,0.75,-2,1.5,1.25,1.5,2.63,1.33,8
Tijuana,8,3,0,5,17,19,-2,9,Mexico - Liga MX - Clausura,0.38,0.38,-2,1.12,2.12,2.38,2.63,2.63,9
Pumas UNAM,8,2,3,3,5,7,-2,9,Mexico - Liga MX - Clausura,0.25,0.62,-2,1.12,0.62,0.88,4.0,1.61,9
Atlas,8,2,3,3,14,18,-4,9,Mexico - Liga MX - Clausura,0.25,0.62,-4,1.12,1.75,2.25,4.0,1.61,9
Santos Laguna,8,2,0,6,8,17,-9,6,Mexico - Liga MX - Clausura,0.25,0.25,-9,0.75,1.0,2.12,4.0,4.0,10
Puebla,8,1,1,6,5,12,-7,4,Mexico - Liga MX - Clausura,0.12,0.25,-7,0.5,0.62,1.5,8.33,4.0,11
Buducnost,8,7,0,1,28,8,20,21,Montenegro - First League,0.88,0.88,20,2.62,3.5,1.0,1.14,1.14,1
Jedinstvo,8,5,1,2,12,7,5,16,Montenegro - First League,0.62,0.75,5,2.0,1.5,0.88,1.61,1.33,2
Sutjeska,8,4,2,2,12,11,1,14,Montenegro - First League,0.5,0.75,1,1.75,1.5,1.38,2.0,1.33,3
Otrant,8,4,1,3,16,10,6,13,Montenegro - First League,0.5,0.62,6,1.62,2.0,1.25,2.0,1.61,4
Jezero,8,3,4,1,14,11,3,13,Montenegro - First League,0.38,0.88,3,1.62,1.75,1.38,2.63,1.14,4
Petrovac,8,3,3,2,8,7,1,12,Montenegro - First League,0.38,0.75,1,1.5,1.0,0.88,2.63,1.33,5
Arsenal Tivat,8,3,3,2,8,10,-2,12,Montenegro - First League,0.38,0.75,-2,1.5,1.0,1.25,2.63,1.33,5
Decic,8,2,4,2,10,9,1,10,Montenegro - First League,0.25,0.75,1,1.25,1.25,1.12,4.0,1.33,6
Mornar Bar,8,2,2,4,8,10,-2,8,Montenegro - First League,0.25,0.5,-2,1.0,1.0,1.25,4.0,2.0,7
Bokelj,8,0,2,6,4,20,-16,2,Montenegro - First League,0.0,0.25,-16,0.25,0.5,2.5,0.0,4.0,8
FUS Rabat,8,6,1,1,21,9,12,19,morocco,0.75,0.88,12,2.38,2.62,1.12,1.33,1.14,1
Berkane,8,5,3,0,13,3,10,18,morocco,0.62,1.0,10,2.25,1.62,0.38,1.61,1.0,2
FAR Rabat,8,5,3,0,14,7,7,18,morocco,0.62,1.0,7,2.25,1.75,0.88,1.61,1.0,2
Olympic Safi,8,4,4,0,8,3,5,16,morocco,0.5,1.0,5,2.0,1.0,0.38,2.0,1.0,3
Wydad,8,4,3,1,12,8,4,15,morocco,0.5,0.88,4,1.88,1.5,1.0,2.0,1.14,4
Ittihad Tanger,8,4,3,1,11,8,3,15,morocco,0.5,0.88,3,1.88,1.38,1.0,2.0,1.14,4
Meknes,8,4,3,1,8,5,3,15,morocco,0.5,0.88,3,1.88,1.0,0.62,2.0,1.14,4
Raja Casablanca,8,3,5,0,11,5,6,14,morocco,0.38,1.0,6,1.75,1.38,0.62,2.63,1.0,5
R. Zemamra,8,4,2,2,11,6,5,14,morocco,0.5,0.75,5,1.75,1.38,0.75,2.0,1.33,5
Difaa El Jadida,8,4,2,2,8,8,0,14,morocco,0.5,0.75,0,1.75,1.0,1.0,2.0,1.33,5
Union Touarga,8,4,1,3,10,9,1,13,morocco,0.5,0.62,1,1.62,1.25,1.12,2.0,1.61,6
Maghreb de Fes,8,4,1,3,7,7,0,13,morocco,0.5,0.62,0,1.62,0.88,0.88,2.0,1.61,6
Hassania Agadir,8,3,3,2,12,10,2,12,morocco,0.38,0.75,2,1.5,1.5,1.25,2.63,1.33,7
JS Sousalem,8,2,2,4,6,10,-4,8,morocco,0.25,0.5,-4,1.0,0.75,1.25,4.0,2.0,8
Moghreb Tetouan,8,1,2,5,6,13,-7,5,morocco,0.12,0.38,-7,0.62,0.75,1.62,8.33,2.63,9
C. Mohammedia,8,0,0,8,2,23,-21,0,morocco,0.0,0.0,-21,0.0,0.25,2.88,0.0,0.0,10
Shan Utd,8,8,0,0,23,1,22,24,myanmar,1.0,1.0,22,3.0,2.88,0.12,1.0,1.0,1
Yangon Utd,8,5,2,1,16,7,9,17,myanmar,0.62,0.88,9,2.12,2.0,0.88,1.61,1.14,2
Sagaing Utd,8,5,1,2,20,13,7,16,myanmar,0.62,0.75,7,2.0,2.5,1.62,1.61,1.33,3
Hantharwady,8,4,2,2,13,12,1,14,myanmar,0.5,0.75,1,1.75,1.62,1.5,2.0,1.33,4
Yadanarbon,8,3,3,2,16,14,2,12,myanmar,0.38,0.75,2,1.5,2.0,1.75,2.63,1.33,5
Dagon,8,3,3,2,7,7,0,12,myanmar,0.38,0.75,0,1.5,0.88,0.88,2.63,1.33,5
Ispe FC,8,3,2,3,12,15,-3,11,myanmar,0.38,0.62,-3,1.38,1.5,1.88,2.63,1.61,6
Thitsar Arman,8,2,2,4,14,19,-5,8,myanmar,0.25,0.5,-5,1.0,1.75,2.38,4.0,2.0,7
Rakhine Utd,8,1,3,4,7,21,-14,6,myanmar,0.12,0.5,-14,0.75,0.88,2.62,8.33,2.0,8
Myawady,8,1,1,6,12,22,-10,4,myanmar,0.12,0.25,-10,0.5,1.5,2.75,8.33,4.0,9
Dagon Port,8,1,1,6,9,21,-12,4,myanmar,0.12,0.25,-12,0.5,1.12,2.62,8.33,4.0,9
Ayeyawady,8,1,0,7,5,14,-9,3,myanmar,0.12,0.12,-9,0.38,0.62,1.75,8.33,8.33,10
Feyenoord,8,6,1,1,20,7,13,19,netherlands,0.75,0.88,13,2.38,2.5,0.88,1.33,1.14,1
Heerenveen,8,5,3,0,17,9,8,18,netherlands,0.62,1.0,8,2.25,2.12,1.12,1.61,1.0,2
PSV Eindhoven,8,5,2,1,21,10,11,17,netherlands,0.62,0.88,11,2.12,2.62,1.25,1.61,1.14,3
FC Groningen,8,5,2,1,18,9,9,17,netherlands,0.62,0.88,9,2.12,2.25,1.12,1.61,1.14,3
Ajax Amsterdam,8,5,2,1,16,8,8,17,netherlands,0.62,0.88,8,2.12,2.0,1.0,1.61,1.14,3
Go Ahead Eagles,8,5,2,1,12,10,2,17,netherlands,0.62,0.88,2,2.12,1.5,1.25,1.61,1.14,3
FC Utrecht,8,4,2,2,11,4,7,14,netherlands,0.5,0.75,7,1.75,1.38,0.5,2.0,1.33,4
Sparta,8,4,2,2,13,8,5,14,netherlands,0.5,0.75,5,1.75,1.62,1.0,2.0,1.33,4
Heracles Almelo,8,4,2,2,15,13,2,14,netherlands,0.5,0.75,2,1.75,1.88,1.62,2.0,1.33,4
NEC Nijmegen,8,3,4,1,20,14,6,13,netherlands,0.38,0.88,6,1.62,2.5,1.75,2.63,1.14,5
PEC Zwolle,8,3,4,1,13,8,5,13,netherlands,0.38,0.88,5,1.62,1.62,1.0,2.63,1.14,5
RKC Waalwijk,8,4,1,3,16,13,3,13,netherlands,0.5,0.62,3,1.62,2.0,1.62,2.0,1.61,5
FC Twente,8,4,1,3,13,13,0,13,netherlands,0.5,0.62,0,1.62,1.62,1.62,2.0,1.61,5
AZ Alkmaar,8,3,3,2,11,7,4,12,netherlands,0.38,0.75,4,1.5,1.38,0.88,2.63,1.33,6
Fortuna Sittard,8,3,1,4,4,11,-7,10,netherlands,0.38,0.5,-7,1.25,0.5,1.38,2.63,2.0,7
NAC Breda,8,1,6,1,8,9,-1,9,netherlands,0.12,0.88,-1,1.12,1.0,1.12,8.33,1.14,8
Almere City,8,0,4,4,5,14,-9,4,netherlands,0.0,0.5,-9,0.5,0.62,1.75,0.0,2.0,9
Willem II,8,0,1,7,7,17,-10,1,netherlands,0.0,0.12,-10,0.12,0.88,2.12,0.0,8.33,10
FC Dordrecht,8,7,1,0,24,3,21,22,netherlands2,0.88,1.0,21,2.75,3.0,0.38,1.14,1.0,1
Cambuur,8,7,1,0,18,6,12,22,netherlands2,0.88,1.0,12,2.75,2.25,0.75,1.14,1.0,1
Telstar,8,6,1,1,23,7,16,19,netherlands2,0.75,0.88,16,2.38,2.88,0.88,1.33,1.14,2
De Graafschap,8,6,1,1,15,5,10,19,netherlands2,0.75,0.88,10,2.38,1.88,0.62,1.33,1.14,2
FC Volendam,8,6,0,2,22,11,11,18,netherlands2,0.75,0.75,11,2.25,2.75,1.38,1.33,1.33,3
ADO Den Haag,8,6,0,2,16,13,3,18,netherlands2,0.75,0.75,3,2.25,2.0,1.62,1.33,1.33,3
Excelsior,8,5,2,1,18,6,12,17,netherlands2,0.62,0.88,12,2.12,2.25,0.75,1.61,1.14,4
Vitesse Arnhem,8,5,1,2,13,7,6,16,netherlands2,0.62,0.75,6,2.0,1.62,0.88,1.61,1.33,5
FC Den Bosch,8,4,2,2,11,6,5,14,netherlands2,0.5,0.75,5,1.75,1.38,0.75,2.0,1.33,6
VVV,8,4,2,2,14,14,0,14,netherlands2,0.5,0.75,0,1.75,1.75,1.75,2.0,1.33,6
Jong AZ,8,3,3,2,14,8,6,12,netherlands2,0.38,0.75,6,1.5,1.75,1.0,2.63,1.33,7
MVV Maastricht,8,4,0,4,14,11,3,12,netherlands2,0.5,0.5,3,1.5,1.75,1.38,2.0,2.0,7
FC Emmen,8,4,0,4,14,12,2,12,netherlands2,0.5,0.5,2,1.5,1.75,1.5,2.0,2.0,7
Roda JC,8,3,3,2,11,12,-1,12,netherlands2,0.38,0.75,-1,1.5,1.38,1.5,2.63,1.33,7
Helmond Sport,8,2,3,3,13,11,2,9,netherlands2,0.25,0.62,2,1.12,1.62,1.38,4.0,1.61,8
Jong Ajax,8,2,3,3,6,10,-4,9,netherlands2,0.25,0.62,-4,1.12,0.75,1.25,4.0,1.61,8
FC Eindhoven,8,2,2,4,13,17,-4,8,netherlands2,0.25,0.5,-4,1.0,1.62,2.12,4.0,2.0,9
TOP Oss,8,2,2,4,7,14,-7,8,netherlands2,0.25,0.5,-7,1.0,0.88,1.75,4.0,2.0,9
Jong Utrecht,8,1,4,3,7,10,-3,7,netherlands2,0.12,0.62,-3,0.88,0.88,1.25,8.33,1.61,10
Jong PSV,8,2,1,5,13,19,-6,7,netherlands2,0.25,0.38,-6,0.88,1.62,2.38,4.0,2.63,10
Diriangen,8,7,0,1,26,5,21,21,nicaragua,0.88,0.88,21,2.62,3.25,0.62,1.14,1.14,1
Matagalpa,8,5,3,0,20,8,12,18,nicaragua,0.62,1.0,12,2.25,2.5,1.0,1.61,1.0,2
Walter Ferreti,8,4,3,1,12,7,5,15,nicaragua,0.5,0.88,5,1.88,1.5,0.88,2.0,1.14,3
Real Esteli,8,3,5,0,15,4,11,14,nicaragua,0.38,1.0,11,1.75,1.88,0.5,2.63,1.0,4
Export Sebaco,8,4,2,2,15,7,8,14,nicaragua,0.5,0.75,8,1.75,1.88,0.88,2.0,1.33,4
Jalapa,8,3,3,2,8,5,3,12,nicaragua,0.38,0.75,3,1.5,1.0,0.62,2.63,1.33,5
Managua FC,8,4,0,4,13,11,2,12,nicaragua,0.5,0.5,2,1.5,1.62,1.38,2.0,2.0,5
UNAN Managua,8,3,3,2,9,12,-3,12,nicaragua,0.38,0.75,-3,1.5,1.12,1.5,2.63,1.33,5
D. Ocotal,8,3,0,5,9,14,-5,9,nicaragua,0.38,0.38,-5,1.12,1.12,1.75,2.63,2.63,6
Rancho Santana,8,2,2,4,9,17,-8,8,nicaragua,0.25,0.5,-8,1.0,1.12,2.12,4.0,2.0,7
Real Esteli,8,6,1,1,18,6,12,19,nicaragua2,0.75,0.88,12,2.38,2.25,0.75,1.33,1.14,1
Managua FC,8,6,1,1,15,4,11,19,nicaragua2,0.75,0.88,11,2.38,1.88,0.5,1.33,1.14,1
Diriangen,8,6,0,2,19,8,11,18,nicaragua2,0.75,0.75,11,2.25,2.38,1.0,1.33,1.33,2
CS Sebaco,8,4,3,1,10,7,3,15,nicaragua2,0.5,0.88,3,1.88,1.25,0.88,2.0,1.14,3
Matagalpa,8,4,2,2,20,14,6,14,nicaragua2,0.5,0.75,6,1.75,2.5,1.75,2.0,1.33,4
Walter Ferreti,8,4,2,2,12,7,5,14,nicaragua2,0.5,0.75,5,1.75,1.5,0.88,2.0,1.33,4
UNAN Managua,8,4,2,2,13,9,4,14,nicaragua2,0.5,0.75,4,1.75,1.62,1.12,2.0,1.33,4
Jalapa,8,3,3,2,10,5,5,12,nicaragua2,0.38,0.75,5,1.5,1.25,0.62,2.63,1.33,5
D. Ocotal,8,3,2,3,11,10,1,11,nicaragua2,0.38,0.62,1,1.38,1.38,1.25,2.63,1.61,6
Rancho Santana,8,2,4,2,10,9,1,10,nicaragua2,0.25,0.75,1,1.25,1.25,1.12,4.0,1.33,7
Linfield,8,7,0,1,13,5,8,21,northernireland,0.88,0.88,8,2.62,1.62,0.62,1.14,1.14,1
Cliftonville,8,6,1,1,19,4,15,19,northernireland,0.75,0.88,15,2.38,2.38,0.5,1.33,1.14,2
Portadown,8,5,2,1,13,7,6,17,northernireland,0.62,0.88,6,2.12,1.62,0.88,1.61,1.14,3
Glentoran,8,4,3,1,10,7,3,15,northernireland,0.5,0.88,3,1.88,1.25,0.88,2.0,1.14,4
Coleraine,8,4,2,2,11,8,3,14,northernireland,0.5,0.75,3,1.75,1.38,1.0,2.0,1.33,5
Ballymena Utd,8,3,3,2,13,10,3,12,northernireland,0.38,0.75,3,1.5,1.62,1.25,2.63,1.33,6
Glenavon,8,4,0,4,9,6,3,12,northernireland,0.5,0.5,3,1.5,1.12,0.75,2.0,2.0,6
Dungannon,8,3,2,3,11,14,-3,11,northernireland,0.38,0.62,-3,1.38,1.38,1.75,2.63,1.61,7
Crusaders,8,3,2,3,13,17,-4,11,northernireland,0.38,0.62,-4,1.38,1.62,2.12,2.63,1.61,7
Larne,8,2,4,2,7,7,0,10,northernireland,0.25,0.75,0,1.25,0.88,0.88,4.0,1.33,8
Carrick Rangers,8,2,2,4,7,11,-4,8,northernireland,0.25,0.5,-4,1.0,0.88,1.38,4.0,2.0,9
Loughgall,8,1,1,6,7,17,-10,4,northernireland,0.12,0.25,-10,0.5,0.88,2.12,8.33,4.0,10
Annagh Utd,8,6,1,1,19,9,10,19,northernireland2,0.75,0.88,10,2.38,2.38,1.12,1.33,1.14,1
Ballinamallard,8,5,2,1,15,7,8,17,northernireland2,0.62,0.88,8,2.12,1.88,0.88,1.61,1.14,2
Bangor,8,5,1,2,21,11,10,16,northernireland2,0.62,0.75,10,2.0,2.62,1.38,1.61,1.33,3
HW Welders,8,5,0,3,18,8,10,15,northernireland2,0.62,0.62,10,1.88,2.25,1.0,1.61,1.61,4
Newington,8,5,0,3,15,12,3,15,northernireland2,0.62,0.62,3,1.88,1.88,1.5,1.61,1.61,4
Limavady,8,4,2,2,13,8,5,14,northernireland2,0.5,0.75,5,1.75,1.62,1.0,2.0,1.33,5
Newry City,8,3,3,2,11,9,2,12,northernireland2,0.38,0.75,2,1.5,1.38,1.12,2.63,1.33,6
Ards,8,3,3,2,14,13,1,12,northernireland2,0.38,0.75,1,1.5,1.75,1.62,2.63,1.33,6
Institute,8,3,3,2,15,17,-2,12,northernireland2,0.38,0.75,-2,1.5,1.88,2.12,2.63,1.33,6
Ballyclare,8,1,4,3,11,16,-5,7,northernireland2,0.12,0.62,-5,0.88,1.38,2.0,8.33,1.61,7
Dundela,8,2,1,5,9,14,-5,7,northernireland2,0.25,0.38,-5,0.88,1.12,1.75,4.0,2.63,7
Armagh City,8,1,2,5,10,20,-10,5,northernireland2,0.12,0.38,-10,0.62,1.25,2.5,8.33,2.63,8
Shkendija,8,6,1,1,18,10,8,19,northmacedonia,0.75,0.88,8,2.38,2.25,1.25,1.33,1.14,1
Tikves,8,5,1,2,12,8,4,16,northmacedonia,0.62,0.75,4,2.0,1.5,1.0,1.61,1.33,2
Sileks,8,3,5,0,14,4,10,14,northmacedonia,0.38,1.0,10,1.75,1.75,0.5,2.63,1.0,3
Struga,8,3,4,1,11,6,5,13,northmacedonia,0.38,0.88,5,1.62,1.38,0.75,2.63,1.14,4
Pelister,8,4,1,3,9,9,0,13,northmacedonia,0.5,0.62,0,1.62,1.12,1.12,2.0,1.61,4
Rabotnicki,8,4,1,3,5,5,0,13,northmacedonia,0.5,0.62,0,1.62,0.62,0.62,2.0,1.61,4
Besa,8,4,1,3,12,13,-1,13,northmacedonia,0.5,0.62,-1,1.62,1.5,1.62,2.0,1.61,4
Vardar,8,2,5,1,11,7,4,11,northmacedonia,0.25,0.88,4,1.38,1.38,0.88,4.0,1.14,5
Brera Strumica,8,3,0,5,12,15,-3,9,northmacedonia,0.38,0.38,-3,1.12,1.5,1.88,2.63,2.63,6
Shkupi,8,2,2,4,9,10,-1,8,northmacedonia,0.25,0.5,-1,1.0,1.12,1.25,4.0,2.0,7
Gostivar,8,2,2,4,7,13,-6,8,northmacedonia,0.25,0.5,-6,1.0,0.88,1.62,4.0,2.0,7
Voska Sport,8,2,1,5,7,14,-7,7,northmacedonia,0.25,0.38,-7,0.88,0.88,1.75,4.0,2.63,8
Viking,6,4,2,0,18,8,10,14,norway,0.67,1.0,10,2.33,3.0,1.33,1.49,1.0,1
Brann,7,4,2,1,14,11,3,14,norway,0.57,0.86,3,2.0,2.0,1.57,1.75,1.16,1
Fredrikstad,6,4,1,1,10,4,6,13,norway,0.67,0.83,6,2.17,1.67,0.67,1.49,1.2,2
Sandefjord,4,4,0,0,10,3,7,12,norway,1.0,1.0,7,3.0,2.5,0.75,1.0,1.0,3
Rosenborg,6,3,3,0,7,2,5,12,norway,0.5,1.0,5,2.0,1.17,0.33,2.0,1.0,3
Bodo/Glimt,4,3,0,1,12,4,8,9,norway,0.75,0.75,8,2.25,3.0,1.0,1.33,1.33,4
Tromso,5,3,0,2,7,6,1,9,norway,0.6,0.6,1,1.8,1.4,1.2,1.67,1.67,4
Bryne,5,3,0,2,10,10,0,9,norway,0.6,0.6,0,1.8,2.0,2.0,1.67,1.67,4
HamKam,4,2,1,1,6,7,-1,7,norway,0.5,0.75,-1,1.75,1.5,1.75,2.0,1.33,5
Sarpsborg 08,4,1,1,2,7,5,2,4,norway,0.25,0.5,2,1.0,1.75,1.25,4.0,2.0,6
Valerenga,4,1,1,2,6,8,-2,4,norway,0.25,0.5,-2,1.0,1.5,2.0,4.0,2.0,6
Molde,5,1,1,3,4,7,-3,4,norway,0.2,0.4,-3,0.8,0.8,1.4,5.0,2.5,6
KFUM Oslo,4,1,0,3,5,8,-3,3,norway,0.25,0.25,-3,0.75,1.25,2.0,4.0,4.0,7
Kristiansund,4,1,0,3,2,5,-3,3,norway,0.25,0.25,-3,0.75,0.5,1.25,4.0,4.0,7
Haugesund,5,0,1,4,1,15,-14,1,norway,0.0,0.2,-14,0.2,0.2,3.0,0.0,5.0,8
Stromsgodset,5,0,0,5,3,11,-8,0,norway,0.0,0.0,-8,0.0,0.6,2.2,0.0,0.0,9
Odd,5,4,1,0,8,3,5,13,norway2,0.8,1.0,5,2.6,1.6,0.6,1.25,1.0,1
Lillestrom,4,4,0,0,7,0,7,12,norway2,1.0,1.0,7,3.0,1.75,0.0,1.0,1.0,2
Moss,5,4,0,1,10,6,4,12,norway2,0.8,0.8,4,2.4,2.0,1.2,1.25,1.25,2
Sogndal,5,3,1,1,11,8,3,10,norway2,0.6,0.8,3,2.0,2.2,1.6,1.67,1.25,3
Raufoss,5,3,1,1,7,5,2,10,norway2,0.6,0.8,2,2.0,1.4,1.0,1.67,1.25,3
Aalesund,5,2,3,0,8,4,4,9,norway2,0.4,1.0,4,1.8,1.6,0.8,2.5,1.0,4
Stabaek,5,2,2,1,8,6,2,8,norway2,0.4,0.8,2,1.6,1.6,1.2,2.5,1.25,5
Kongsvinger,4,2,1,1,10,5,5,7,norway2,0.5,0.75,5,1.75,2.5,1.25,2.0,1.33,6
Ranheim,5,2,1,2,6,8,-2,7,norway2,0.4,0.6,-2,1.4,1.2,1.6,2.5,1.67,6
Egersund,3,2,0,1,7,7,0,6,norway2,0.67,0.67,0,2.0,2.33,2.33,1.49,1.49,7
Start,4,2,0,2,7,7,0,6,norway2,0.5,0.5,0,1.5,1.75,1.75,2.0,2.0,7
Hodd,4,2,0,2,5,5,0,6,norway2,0.5,0.5,0,1.5,1.25,1.25,2.0,2.0,7
Asane,4,1,2,1,3,4,-1,5,norway2,0.25,0.75,-1,1.25,0.75,1.0,4.0,1.33,8
Skeid,4,0,2,2,4,9,-5,2,norway2,0.0,0.5,-5,0.5,1.0,2.25,0.0,2.0,9
Lyn,5,0,1,4,2,7,-5,1,norway2,0.0,0.2,-5,0.2,0.4,1.4,0.0,5.0,10
Mjondalen,4,0,1,3,4,14,-10,1,norway2,0.0,0.25,-10,0.25,1.0,3.5,0.0,4.0,10
Sotra,5,3,1,1,15,7,8,10,norway3,0.6,0.8,8,2.0,3.0,1.4,1.67,1.25,1
Notodden,5,3,1,1,10,6,4,10,norway3,0.6,0.8,4,2.0,2.0,1.2,1.67,1.25,1
Brann B,4,3,1,0,12,9,3,10,norway3,0.75,1.0,3,2.5,3.0,2.25,1.33,1.0,1
Arendal,5,2,3,0,14,8,6,9,norway3,0.4,1.0,6,1.8,2.8,1.6,2.5,1.0,2
Eik Tonsberg,5,2,3,0,11,6,5,9,norway3,0.4,1.0,5,1.8,2.2,1.2,2.5,1.0,2
Sandviken,4,2,2,0,10,7,3,8,norway3,0.5,1.0,3,2.0,2.5,1.75,2.0,1.0,3
Flekkeroy,5,2,2,1,8,5,3,8,norway3,0.4,0.8,3,1.6,1.6,1.0,2.5,1.25,3
Sandnes Ulf,4,2,2,0,6,3,3,8,norway3,0.5,1.0,3,2.0,1.5,0.75,2.0,1.0,3
Traef,4,2,0,2,7,7,0,6,norway3,0.5,0.5,0,1.5,1.75,1.75,2.0,2.0,4
Lysekloster,4,1,2,1,4,4,0,5,norway3,0.25,0.75,0,1.25,1.0,1.0,4.0,1.33,5
V. Haugesund,5,1,2,2,9,11,-2,5,norway3,0.2,0.6,-2,1.0,1.8,2.2,5.0,1.67,5
Pors Grenland,5,1,2,2,5,7,-2,5,norway3,0.2,0.6,-2,1.0,1.0,1.4,5.0,1.67,5
Brattvag,4,1,1,2,9,12,-3,4,norway3,0.25,0.5,-3,1.0,2.25,3.0,4.0,2.0,6
Jerv,4,0,2,2,4,7,-3,2,norway3,0.0,0.5,-3,0.5,1.0,1.75,0.0,2.0,7
Eidsvold,5,4,0,1,11,6,5,12,norway4,0.8,0.8,5,2.4,2.2,1.2,1.25,1.25,1
Tromsdalen,5,3,2,0,11,7,4,11,norway4,0.6,1.0,4,2.2,2.2,1.4,1.67,1.0,2
Strommen,5,3,0,2,12,7,5,9,norway4,0.6,0.6,5,1.8,2.4,1.4,1.67,1.67,3
Kjelsas,4,2,1,1,7,5,2,7,norway4,0.5,0.75,2,1.75,1.75,1.25,2.0,1.33,4
Alta,4,2,0,2,13,9,4,6,norway4,0.5,0.5,4,1.5,3.25,2.25,2.0,2.0,5
Honefoss,4,2,0,2,6,5,1,6,norway4,0.5,0.5,1,1.5,1.5,1.25,2.0,2.0,5
Grorud,5,2,0,3,8,10,-2,6,norway4,0.4,0.4,-2,1.2,1.6,2.0,2.5,2.5,5
Stjordals-Blink,5,2,0,3,8,10,-2,6,norway4,0.4,0.4,-2,1.2,1.6,2.0,2.5,2.5,5
Follo,4,2,0,2,6,8,-2,6,norway4,0.5,0.5,-2,1.5,1.5,2.0,2.0,2.0,5
Strindheim,6,2,0,4,7,10,-3,6,norway4,0.33,0.33,-3,1.0,1.17,1.67,3.03,3.03,5
Levanger,4,1,2,1,6,5,1,5,norway4,0.25,0.75,1,1.25,1.5,1.25,4.0,1.33,6
Asker,5,1,2,2,7,10,-3,5,norway4,0.2,0.6,-3,1.0,1.4,2.0,5.0,1.67,6
Ull/Kisa,4,1,1,2,9,9,0,4,norway4,0.25,0.5,0,1.0,2.25,2.25,4.0,2.0,7
Rana,4,1,1,2,3,3,0,4,norway4,0.25,0.5,0,1.0,0.75,0.75,4.0,2.0,7
Junkeren,5,5,0,0,26,7,19,15,norway5,1.0,1.0,19,3.0,5.2,1.4,1.0,1.0,1
Frigg,4,4,0,0,14,2,12,12,norway5,1.0,1.0,12,3.0,3.5,0.5,1.0,1.0,2
Baerum,5,3,0,2,18,8,10,9,norway5,0.6,0.6,10,1.8,3.6,1.6,1.67,1.67,3
Ullern,5,3,0,2,16,9,7,9,norway5,0.6,0.6,7,1.8,3.2,1.8,1.67,1.67,3
Floya,4,3,0,1,10,4,6,9,norway5,0.75,0.75,6,2.25,2.5,1.0,1.33,1.33,3
Ulfstind,4,3,0,1,6,4,2,9,norway5,0.75,0.75,2,2.25,1.5,1.0,1.33,1.33,3
Gamle Oslo,4,2,2,0,10,4,6,8,norway5,0.5,1.0,6,2.0,2.5,1.0,2.0,1.0,4
KFUM B,5,1,3,1,8,7,1,6,norway5,0.2,0.8,1,1.2,1.6,1.4,5.0,1.25,5
Tromso B,4,2,0,2,11,12,-1,6,norway5,0.5,0.5,-1,1.5,2.75,3.0,2.0,2.0,5
Skjervoy,5,2,0,3,8,13,-5,6,norway5,0.4,0.4,-5,1.2,1.6,2.6,2.5,2.5,5
Funnefoss/V,5,1,2,2,11,16,-5,5,norway5,0.2,0.6,-5,1.0,2.2,3.2,5.0,1.67,6
Sortland,5,1,1,3,5,12,-7,4,norway5,0.2,0.4,-7,0.8,1.0,2.4,5.0,2.5,7
Harstad,4,1,0,3,5,11,-6,3,norway5,0.25,0.25,-6,0.75,1.25,2.75,4.0,4.0,8
Alta B,4,0,1,3,4,13,-9,1,norway5,0.0,0.25,-9,0.25,1.0,3.25,0.0,4.0,9
Trygg/Lade,5,5,0,0,24,1,23,15,norway6,1.0,1.0,23,3.0,4.8,0.2,1.0,1.0,1
Spjelkavik,5,4,1,0,15,3,12,13,norway6,0.8,1.0,12,2.6,3.0,0.6,1.25,1.0,2
Melhus,4,4,0,0,13,2,11,12,norway6,1.0,1.0,11,3.0,3.25,0.5,1.0,1.0,3
Rosenborg B,4,3,1,0,8,3,5,10,norway6,0.75,1.0,5,2.5,2.0,0.75,1.33,1.0,4
Aalesund B,5,3,0,2,15,16,-1,9,norway6,0.6,0.6,-1,1.8,3.0,3.2,1.67,1.67,5
Volda,4,2,2,0,11,4,7,8,norway6,0.5,1.0,7,2.0,2.75,1.0,2.0,1.0,6
Nardo,4,2,1,1,9,6,3,7,norway6,0.5,0.75,3,1.75,2.25,1.5,2.0,1.33,7
Kvik Trondheim,4,2,1,1,7,5,2,7,norway6,0.5,0.75,2,1.75,1.75,1.25,2.0,1.33,7
Byasen,4,1,3,0,10,7,3,6,norway6,0.25,1.0,3,1.5,2.5,1.75,4.0,1.0,8
Molde B,4,1,0,3,8,13,-5,3,norway6,0.25,0.25,-5,0.75,2.0,3.25,4.0,4.0,9
Kristiansund B,5,0,3,2,3,11,-8,3,norway6,0.0,0.6,-8,0.6,0.6,2.2,0.0,1.67,9
Tiller,5,0,2,3,5,14,-9,2,norway6,0.0,0.4,-9,0.4,1.0,2.8,0.0,2.5,10
Ranheim B,4,0,0,4,2,13,-11,0,norway6,0.0,0.0,-11,0.0,0.5,3.25,0.0,0.0,11
Surnadal,5,0,0,5,6,19,-13,0,norway6,0.0,0.0,-13,0.0,1.2,3.8,0.0,0.0,11
Gjovik-Lyn,5,4,1,0,10,2,8,13,norway7,0.8,1.0,8,2.6,2.0,0.4,1.25,1.0,1
Kongsvinger B,4,3,1,0,14,6,8,10,norway7,0.75,1.0,8,2.5,3.5,1.5,1.33,1.0,2
Lillehammer,4,3,1,0,13,5,8,10,norway7,0.75,1.0,8,2.5,3.25,1.25,1.33,1.0,2
Lorenskog,4,3,0,1,18,3,15,9,norway7,0.75,0.75,15,2.25,4.5,0.75,1.33,1.33,3
Elverum,5,3,0,2,15,6,9,9,norway7,0.6,0.6,9,1.8,3.0,1.2,1.67,1.67,3
Skjetten,5,3,0,2,15,13,2,9,norway7,0.6,0.6,2,1.8,3.0,2.6,1.67,1.67,3
Skedsmo,4,3,0,1,10,10,0,9,norway7,0.75,0.75,0,2.25,2.5,2.5,1.33,1.33,3
Assiden IF,4,2,1,1,12,7,5,7,norway7,0.5,0.75,5,1.75,3.0,1.75,2.0,1.33,4
Lillestrom B,5,2,1,2,8,9,-1,7,norway7,0.4,0.6,-1,1.4,1.6,1.8,2.5,1.67,4
Nordstrand,5,2,1,2,5,8,-3,7,norway7,0.4,0.6,-3,1.4,1.0,1.6,2.5,1.67,4
Bjorkelangen,4,2,0,2,8,10,-2,6,norway7,0.5,0.5,-2,1.5,2.0,2.5,2.0,2.0,5
Stromsgodset B,5,2,0,3,12,18,-6,6,norway7,0.4,0.4,-6,1.2,2.4,3.6,2.5,2.5,5
Ull/Kisa B,5,1,0,4,7,22,-15,3,norway7,0.2,0.2,-15,0.6,1.4,4.4,5.0,5.0,6
HamKam B,4,0,0,4,2,11,-9,0,norway7,0.0,0.0,-9,0.0,0.5,2.75,0.0,0.0,7
Bjarg,4,4,0,0,19,2,17,12,norway8,1.0,1.0,17,3.0,4.75,0.5,1.0,1.0,1
Fana,4,3,1,0,17,2,15,10,norway8,0.75,1.0,15,2.5,4.25,0.5,1.33,1.0,2
Forde,5,3,1,1,13,8,5,10,norway8,0.6,0.8,5,2.0,2.6,1.6,1.67,1.25,2
OS,5,3,0,2,22,9,13,9,norway8,0.6,0.6,13,1.8,4.4,1.8,1.67,1.67,3
Lyn B,4,2,2,0,13,6,7,8,norway8,0.5,1.0,7,2.0,3.25,1.5,2.0,1.0,4
Gneist,5,2,2,1,9,8,1,8,norway8,0.4,0.8,1,1.6,1.8,1.6,2.5,1.25,4
Lyngbo,5,2,1,2,9,5,4,7,norway8,0.4,0.6,4,1.4,1.8,1.0,2.5,1.67,5
Sandefjord B,4,2,1,1,13,13,0,7,norway8,0.5,0.75,0,1.75,3.25,3.25,2.0,1.33,5
Asane B,4,2,0,2,9,12,-3,6,norway8,0.5,0.5,-3,1.5,2.25,3.0,2.0,2.0,6
Fjora,5,2,0,3,7,11,-4,6,norway8,0.4,0.4,-4,1.2,1.4,2.2,2.5,2.5,6
Valerenga B,4,1,0,3,8,9,-1,3,norway8,0.25,0.25,-1,0.75,2.0,2.25,4.0,4.0,7
Loddefjord,4,1,0,3,5,12,-7,3,norway8,0.25,0.25,-7,0.75,1.25,3.0,4.0,4.0,7
Askoy,5,1,0,4,5,14,-9,3,norway8,0.2,0.2,-9,0.6,1.0,2.8,5.0,5.0,7
Fyllingsdalen,5,1,0,4,9,19,-10,3,norway8,0.2,0.2,-10,0.6,1.8,3.8,5.0,5.0,7
Vidar,4,4,0,0,18,1,17,12,norway9,1.0,1.0,17,3.0,4.5,0.25,1.0,1.0,1
Viking B,4,4,0,0,14,4,10,12,norway9,1.0,1.0,10,3.0,3.5,1.0,1.0,1.0,1
Torvastad,5,4,0,1,9,6,3,12,norway9,0.8,0.8,3,2.4,1.8,1.2,1.25,1.25,1
Hinna,5,3,1,1,17,6,11,10,norway9,0.6,0.8,11,2.0,3.4,1.2,1.67,1.25,2
Vindbjart,4,3,1,0,12,6,6,10,norway9,0.75,1.0,6,2.5,3.0,1.5,1.33,1.0,2
Brodd,4,3,1,0,10,6,4,10,norway9,0.75,1.0,4,2.5,2.5,1.5,1.33,1.0,2
Madla,5,3,1,1,10,8,2,10,norway9,0.6,0.8,2,2.0,2.0,1.6,1.67,1.25,2
Vag,4,2,1,1,14,7,7,7,norway9,0.5,0.75,7,1.75,3.5,1.75,2.0,1.33,3
Stord,4,2,1,1,6,5,1,7,norway9,0.5,0.75,1,1.75,1.5,1.25,2.0,1.33,3
Djerv,5,2,0,3,11,8,3,6,norway9,0.4,0.4,3,1.2,2.2,1.6,2.5,2.5,4
Haugesund B,5,2,0,3,10,12,-2,6,norway9,0.4,0.4,-2,1.2,2.0,2.4,2.5,2.5,4
Sola,5,1,1,3,11,16,-5,4,norway9,0.2,0.4,-5,0.8,2.2,3.2,5.0,2.5,5
Sandnes Ulf B,5,1,0,4,8,14,-6,3,norway9,0.2,0.2,-6,0.6,1.6,2.8,5.0,5.0,6
Staal Jorpeland,4,0,1,3,5,15,-10,1,norway9,0.0,0.25,-10,0.25,1.25,3.75,0.0,4.0,7
Kvik Halden,5,5,0,0,14,6,8,15,norway10,1.0,1.0,8,3.0,2.8,1.2,1.0,1.0,1
Grei,5,3,1,1,14,6,8,10,norway10,0.6,0.8,8,2.0,2.8,1.2,1.67,1.25,2
Oppsal,5,3,1,1,11,8,3,10,norway10,0.6,0.8,3,2.0,2.2,1.6,1.67,1.25,2
Lokomotiv Oslo,4,3,0,1,9,5,4,9,norway10,0.75,0.75,4,2.25,2.25,1.25,1.33,1.33,3
Fram,4,2,2,0,9,4,5,8,norway10,0.5,1.0,5,2.0,2.25,1.0,2.0,1.0,4
Orn Horten,5,2,2,1,10,7,3,8,norway10,0.4,0.8,3,1.6,2.0,1.4,2.5,1.25,4
Sarpsborg 08 B,4,2,1,1,9,4,5,7,norway10,0.5,0.75,5,1.75,2.25,1.0,2.0,1.33,5
Pors Grenland B,5,2,1,2,7,9,-2,7,norway10,0.4,0.6,-2,1.4,1.4,1.8,2.5,1.67,5
Stabaek B,4,2,1,1,7,10,-3,7,norway10,0.5,0.75,-3,1.75,1.75,2.5,2.0,1.33,5
Flint,4,2,0,2,7,7,0,6,norway10,0.5,0.5,0,1.5,1.75,1.75,2.0,2.0,6
Odd B,5,2,0,3,13,14,-1,6,norway10,0.4,0.4,-1,1.2,2.6,2.8,2.5,2.5,6
Fredrikstad B,4,2,0,2,11,12,-1,6,norway10,0.5,0.5,-1,1.5,2.75,3.0,2.0,2.0,6
Drobak-Frogn,5,1,3,1,5,6,-1,6,norway10,0.2,0.8,-1,1.2,1.0,1.2,5.0,1.25,6
IF Ready,4,1,0,3,4,7,-3,3,norway10,0.25,0.25,-3,0.75,1.0,1.75,4.0,4.0,7
Universitario,8,4,4,0,12,5,7,16,panama,0.5,1.0,7,2.0,1.5,0.62,2.0,1.0,1
Independiente,8,4,3,1,13,7,6,15,panama,0.5,0.88,6,1.88,1.62,0.88,2.0,1.14,2
Plaza Amador,8,4,2,2,14,10,4,14,panama,0.5,0.75,4,1.75,1.75,1.25,2.0,1.33,3
San Miguelito,8,4,2,2,8,4,4,14,panama,0.5,0.75,4,1.75,1.0,0.5,2.0,1.33,3
UMECIT,8,3,3,2,7,6,1,12,panama,0.38,0.75,1,1.5,0.88,0.75,2.63,1.33,4
Tauro,7,3,2,2,13,8,5,11,panama,0.43,0.71,5,1.57,1.86,1.14,2.33,1.41,5
Herrera,8,3,2,3,10,9,1,11,panama,0.38,0.62,1,1.38,1.25,1.12,2.63,1.61,5
Arabe Unido,8,3,2,3,9,8,1,11,panama,0.38,0.62,1,1.38,1.12,1.0,2.63,1.61,5
Veraguas,8,3,2,3,9,9,0,11,panama,0.38,0.62,0,1.38,1.12,1.12,2.63,1.61,5
San Francisco,8,2,3,3,11,8,3,9,panama,0.25,0.62,3,1.12,1.38,1.0,4.0,1.61,6
Costa del Este,8,1,5,2,12,14,-2,8,panama,0.12,0.75,-2,1.0,1.5,1.75,8.33,1.33,7
Alianza,8,2,2,4,6,9,-3,8,panama,0.25,0.5,-3,1.0,0.75,1.12,4.0,2.0,7
Libertad,8,4,3,1,8,6,2,15,paraguay,0.5,0.88,2,1.88,1.0,0.75,2.0,1.14,1
S. Trinidense,8,3,5,0,10,6,4,14,paraguay,0.38,1.0,4,1.75,1.25,0.75,2.63,1.0,2
Cerro Porteno,8,4,2,2,8,5,3,14,paraguay,0.5,0.75,3,1.75,1.0,0.62,2.0,1.33,2
S. Luqueno,8,3,4,1,4,2,2,13,paraguay,0.38,0.88,2,1.62,0.5,0.25,2.63,1.14,3
Nacional,8,3,3,2,10,7,3,12,paraguay,0.38,0.75,3,1.5,1.25,0.88,2.63,1.33,4
Olimpia,8,3,3,2,8,8,0,12,paraguay,0.38,0.75,0,1.5,1.0,1.0,2.63,1.33,4
Guarani,8,3,1,4,8,12,-4,10,paraguay,0.38,0.5,-4,1.25,1.0,1.5,2.63,2.0,5
S. Ameliano,8,2,3,3,7,6,1,9,paraguay,0.25,0.62,1,1.12,0.88,0.75,4.0,1.61,6
D. Recoleta,8,1,3,4,8,13,-5,6,paraguay,0.12,0.5,-5,0.75,1.0,1.62,8.33,2.0,7
A. Tembetary,8,1,2,5,8,16,-8,5,paraguay,0.12,0.38,-8,0.62,1.0,2.0,8.33,2.63,8
G. Caballero,8,0,4,4,5,14,-9,4,paraguay,0.0,0.5,-9,0.5,0.62,1.75,0.0,2.0,9
2 de Mayo,8,0,4,4,4,13,-9,4,paraguay,0.0,0.5,-9,0.5,0.5,1.62,0.0,2.0,9
S. Carapegua,6,4,2,0,10,2,8,14,paraguay3,0.67,1.0,8,2.33,1.67,0.33,1.49,1.0,1
Resistencia,6,4,2,0,9,4,5,14,paraguay3,0.67,1.0,5,2.33,1.5,0.67,1.49,1.0,1
Tacuary,6,4,1,1,7,7,0,13,paraguay3,0.67,0.83,0,2.17,1.17,1.17,1.49,1.2,2
Rubio Nu,5,3,2,0,8,3,5,11,paraguay3,0.6,1.0,5,2.2,1.6,0.6,1.67,1.0,3
Independiente,6,3,2,1,6,2,4,11,paraguay3,0.5,0.83,4,1.83,1.0,0.33,2.0,1.2,3
Pastoreo,5,3,1,1,7,3,4,10,paraguay3,0.6,0.8,4,2.0,1.4,0.6,1.67,1.25,4
D. Capiata,5,3,1,1,7,5,2,10,paraguay3,0.6,0.8,2,2.0,1.4,1.0,1.67,1.25,4
Guairena,6,3,1,2,7,5,2,10,paraguay3,0.5,0.67,2,1.67,1.17,0.83,2.0,1.49,4
Sol de America,6,2,4,0,6,4,2,10,paraguay3,0.33,1.0,2,1.67,1.0,0.67,3.03,1.0,4
C. River Plate,5,2,3,0,10,3,7,9,paraguay3,0.4,1.0,7,1.8,2.0,0.6,2.5,1.0,5
Encarnacion,5,2,3,0,4,2,2,9,paraguay3,0.4,1.0,2,1.8,0.8,0.4,2.5,1.0,5
San Lorenzo,6,3,0,3,7,6,1,9,paraguay3,0.5,0.5,1,1.5,1.17,1.0,2.0,2.0,5
12 de Junio VH,5,2,2,1,7,6,1,8,paraguay3,0.4,0.8,1,1.6,1.4,1.2,2.5,1.25,6
D. Santani,6,2,2,2,5,5,0,8,paraguay3,0.33,0.67,0,1.33,0.83,0.83,3.03,1.49,6
F. de la Mora,5,2,1,2,6,6,0,7,paraguay3,0.4,0.6,0,1.4,1.2,1.2,2.5,1.67,7
Guarani de Fram,5,0,4,1,7,10,-3,4,paraguay3,0.0,0.8,-3,0.8,1.4,2.0,0.0,1.25,8
Universitario,7,6,0,1,22,5,17,18,peru,0.86,0.86,17,2.57,3.14,0.71,1.16,1.16,1
Alianza Lima,7,5,1,1,10,2,8,16,peru,0.71,0.86,8,2.29,1.43,0.29,1.41,1.16,2
S. Cristal,6,5,0,1,14,6,8,15,peru,0.83,0.83,8,2.5,2.33,1.0,1.2,1.2,3
Alianza A.,6,5,0,1,13,6,7,15,peru,0.83,0.83,7,2.5,2.17,1.0,1.2,1.2,3
Sport Huancayo,7,5,0,2,12,8,4,15,peru,0.71,0.71,4,2.14,1.71,1.14,1.41,1.41,3
FBC Melgar,7,4,2,1,13,5,8,14,peru,0.57,0.86,8,2.0,1.86,0.71,1.75,1.16,4
D. Garcilaso,7,4,0,3,13,6,7,12,peru,0.57,0.57,7,1.71,1.86,0.86,1.75,1.75,5
Atletico Grau,6,3,3,0,11,6,5,12,peru,0.5,1.0,5,2.0,1.83,1.0,2.0,1.0,5
ADT,7,3,3,1,14,10,4,12,peru,0.43,0.86,4,1.71,2.0,1.43,2.33,1.16,5
Cusco,6,3,2,1,13,7,6,11,peru,0.5,0.83,6,1.83,2.17,1.17,2.0,1.2,6
Sport Boys,7,3,2,2,10,9,1,11,peru,0.43,0.71,1,1.57,1.43,1.29,2.33,1.41,6
Cienciano,7,3,1,3,16,12,4,10,peru,0.43,0.57,4,1.43,2.29,1.71,2.33,1.75,7
Juan Pablo II C,5,3,1,1,7,3,4,10,peru,0.6,0.8,4,2.0,1.4,0.6,1.67,1.25,7
Cajamarca,6,3,1,2,8,7,1,10,peru,0.5,0.67,1,1.67,1.33,1.17,2.0,1.49,7
Los Chankas,7,2,3,2,10,10,0,9,peru,0.29,0.71,0,1.29,1.43,1.43,3.45,1.41,8
Binacional,6,1,2,3,7,9,-2,5,peru,0.17,0.5,-2,0.83,1.17,1.5,5.88,2.0,9
A. Huanuco,7,0,4,3,5,9,-4,4,peru,0.0,0.57,-4,0.57,0.71,1.29,0.0,1.75,10
Comerciantes U.,6,0,4,2,6,11,-5,4,peru,0.0,0.67,-5,0.67,1.0,1.83,0.0,1.49,10
Ayacucho,6,1,1,4,7,13,-6,4,peru,0.17,0.33,-6,0.67,1.17,2.17,5.88,3.03,10
Kaya FC,8,6,1,1,23,5,18,19,philippines,0.75,0.88,18,2.38,2.88,0.62,1.33,1.14,1
DH Cebu,8,6,1,1,17,5,12,19,philippines,0.75,0.88,12,2.38,2.12,0.62,1.33,1.14,1
Manila Digger,8,6,0,2,19,4,15,18,philippines,0.75,0.75,15,2.25,2.38,0.5,1.33,1.33,2
One Taguig,8,4,1,3,19,5,14,13,philippines,0.5,0.62,14,1.62,2.38,0.62,2.0,1.61,3
PFF Development,8,3,1,4,12,20,-8,10,philippines,0.38,0.5,-8,1.25,1.5,2.5,2.63,2.0,4
Stallion,8,2,1,5,13,16,-3,7,philippines,0.25,0.38,-3,0.88,1.62,2.0,4.0,2.63,5
Davao Aguilas,8,1,2,5,7,10,-3,5,philippines,0.12,0.38,-3,0.62,0.88,1.25,8.33,2.63,6
Loyola,8,1,2,5,7,17,-10,5,philippines,0.12,0.38,-10,0.62,0.88,2.12,8.33,2.63,6
Maharlika,8,0,2,6,6,24,-18,2,philippines,0.0,0.25,-18,0.25,0.75,3.0,0.0,4.0,7
Mendiola,8,0,1,7,6,40,-34,1,philippines,0.0,0.12,-34,0.12,0.75,5.0,0.0,8.33,8
Lech Poznan,8,7,0,1,23,6,17,21,poland,0.88,0.88,17,2.62,2.88,0.75,1.14,1.14,1
Pogon Szczecin,8,6,1,1,20,8,12,19,poland,0.75,0.88,12,2.38,2.5,1.0,1.33,1.14,2
Korona Kielce,8,6,1,1,14,8,6,19,poland,0.75,0.88,6,2.38,1.75,1.0,1.33,1.14,2
Rakow C.,8,6,0,2,16,9,7,18,poland,0.75,0.75,7,2.25,2.0,1.12,1.33,1.33,3
Katowice,8,5,2,1,12,8,4,17,poland,0.62,0.88,4,2.12,1.5,1.0,1.61,1.14,4
Jagiellonia,8,4,3,1,15,7,8,15,poland,0.5,0.88,8,1.88,1.88,0.88,2.0,1.14,5
Lechia Gdansk,8,5,0,3,14,12,2,15,poland,0.62,0.62,2,1.88,1.75,1.5,1.61,1.61,5
Gornik Zabrze,8,3,3,2,12,7,5,12,poland,0.38,0.75,5,1.5,1.5,0.88,2.63,1.33,6
Radomiak Radom,8,3,3,2,13,10,3,12,poland,0.38,0.75,3,1.5,1.62,1.25,2.63,1.33,6
Slask Wroclaw,8,3,3,2,13,10,3,12,poland,0.38,0.75,3,1.5,1.62,1.25,2.63,1.33,6
Legia Warsaw,8,3,3,2,10,7,3,12,poland,0.38,0.75,3,1.5,1.25,0.88,2.63,1.33,6
Piast Gliwice,8,3,3,2,8,9,-1,12,poland,0.38,0.75,-1,1.5,1.0,1.12,2.63,1.33,6
Motor Lublin,8,3,2,3,14,14,0,11,poland,0.38,0.62,0,1.38,1.75,1.75,2.63,1.61,7
Widzew Lodz,8,3,1,4,7,10,-3,10,poland,0.38,0.5,-3,1.25,0.88,1.25,2.63,2.0,8
Cracovia Krakow,8,2,3,3,12,13,-1,9,poland,0.25,0.62,-1,1.12,1.5,1.62,4.0,1.61,9
Zaglebie Lubin,8,2,2,4,9,13,-4,8,poland,0.25,0.5,-4,1.0,1.12,1.62,4.0,2.0,10
Puszcza Niepolo,8,1,3,4,13,16,-3,6,poland,0.12,0.5,-3,0.75,1.62,2.0,8.33,2.0,11
Stal Mielec,8,1,3,4,7,13,-6,6,poland,0.12,0.5,-6,0.75,0.88,1.62,8.33,2.0,11
Wisla Plock,8,7,0,1,19,6,13,21,poland2,0.88,0.88,13,2.62,2.38,0.75,1.14,1.14,1
Tychy,8,6,1,1,16,6,10,19,poland2,0.75,0.88,10,2.38,2.0,0.75,1.33,1.14,2
Arka Gdynia,8,5,3,0,14,6,8,18,poland2,0.62,1.0,8,2.25,1.75,0.75,1.61,1.0,3
T. Nieciecza,8,5,2,1,16,12,4,17,poland2,0.62,0.88,4,2.12,2.0,1.5,1.61,1.14,4
Wisla Krakow,8,5,1,2,13,7,6,16,poland2,0.62,0.75,6,2.0,1.62,0.88,1.61,1.33,5
Polonia Warszaw,8,4,2,2,14,10,4,14,poland2,0.5,0.75,4,1.75,1.75,1.25,2.0,1.33,6
Chrobry Glogow,8,3,4,1,13,10,3,13,poland2,0.38,0.88,3,1.62,1.62,1.25,2.63,1.14,7
Pogon Siedlce,8,3,4,1,11,8,3,13,poland2,0.38,0.88,3,1.62,1.38,1.0,2.63,1.14,7
Gornik Leczna,8,3,2,3,12,10,2,11,poland2,0.38,0.62,2,1.38,1.5,1.25,2.63,1.61,8
Znicz Pruszkow,8,3,2,3,10,9,1,11,poland2,0.38,0.62,1,1.38,1.25,1.12,2.63,1.61,8
Miedz Legnica,8,3,1,4,14,19,-5,10,poland2,0.38,0.5,-5,1.25,1.75,2.38,2.63,2.0,9
K. Kolobrzeg,8,1,5,2,7,8,-1,8,poland2,0.12,0.75,-1,1.0,0.88,1.0,8.33,1.33,10
Odra Opole,8,2,2,4,11,14,-3,8,poland2,0.25,0.5,-3,1.0,1.38,1.75,4.0,2.0,10
LKS Lodz,8,2,0,6,13,14,-1,6,poland2,0.25,0.25,-1,0.75,1.62,1.75,4.0,4.0,11
Ruch Chorzow,8,1,2,5,7,11,-4,5,poland2,0.12,0.38,-4,0.62,0.88,1.38,8.33,2.63,12
Stal Rzeszow,8,1,2,5,6,15,-9,5,poland2,0.12,0.38,-9,0.62,0.75,1.88,8.33,2.63,12
Warta Poznan,8,1,0,7,3,12,-9,3,poland2,0.12,0.12,-9,0.38,0.38,1.5,8.33,8.33,13
Stalowa Wola,8,0,3,5,3,15,-12,3,poland2,0.0,0.38,-12,0.38,0.38,1.88,0.0,2.63,13
Polonia Bytom,8,6,1,1,20,10,10,19,poland3,0.75,0.88,10,2.38,2.5,1.25,1.33,1.14,1
Chojniczanka,8,6,1,1,14,5,9,19,poland3,0.75,0.88,9,2.38,1.75,0.62,1.33,1.14,1
Podbeskidzie,8,5,2,1,13,7,6,17,poland3,0.62,0.88,6,2.12,1.62,0.88,1.61,1.14,2
O. Grudziadz,8,5,1,2,12,12,0,16,poland3,0.62,0.75,0,2.0,1.5,1.5,1.61,1.33,3
Pogon Grodzisk,8,4,2,2,15,12,3,14,poland3,0.5,0.75,3,1.75,1.88,1.5,2.0,1.33,4
LKS Lodz B,8,4,1,3,13,10,3,13,poland3,0.5,0.62,3,1.62,1.62,1.25,2.0,1.61,5
Jastrzebie,8,4,1,3,4,4,0,13,poland3,0.5,0.62,0,1.62,0.5,0.5,2.0,1.61,5
Hutnik Krakow,8,4,1,3,15,16,-1,13,poland3,0.5,0.62,-1,1.62,1.88,2.0,2.0,1.61,5
Swit Skolwin,8,3,3,2,14,11,3,12,poland3,0.38,0.75,3,1.5,1.75,1.38,2.63,1.33,6
Rekord Bielsko,8,3,3,2,10,7,3,12,poland3,0.38,0.75,3,1.5,1.25,0.88,2.63,1.33,6
Zaglebie L. B,8,4,0,4,13,12,1,12,poland3,0.5,0.5,1,1.5,1.62,1.5,2.0,2.0,6
Wieczysta K.,8,3,2,3,15,12,3,11,poland3,0.38,0.62,3,1.38,1.88,1.5,2.63,1.61,7
Z. Sosnowiec,8,3,2,3,11,13,-2,11,poland3,0.38,0.62,-2,1.38,1.38,1.62,2.63,1.61,7
Kalisz,8,3,1,4,10,12,-2,10,poland3,0.38,0.5,-2,1.25,1.25,1.5,2.63,2.0,8
SKRA Czestochow,8,3,1,4,7,9,-2,10,poland3,0.38,0.5,-2,1.25,0.88,1.12,2.63,2.0,8
Resovia Rzeszow,8,1,4,3,8,9,-1,7,poland3,0.12,0.62,-1,0.88,1.0,1.12,8.33,1.61,9
Olimpia Elblag,8,1,3,4,5,12,-7,6,poland3,0.12,0.5,-7,0.75,0.62,1.5,8.33,2.0,10
Wisla Pulawy,8,1,2,5,4,16,-12,5,poland3,0.12,0.38,-12,0.62,0.5,2.0,8.33,2.63,11
Benfica,8,6,2,0,25,7,18,20,portugal,0.75,1.0,18,2.5,3.12,0.88,1.33,1.0,1
Sporting CP,8,6,2,0,19,8,11,20,portugal,0.75,1.0,11,2.5,2.38,1.0,1.33,1.0,1
Sporting Braga,8,6,2,0,15,4,11,20,portugal,0.75,1.0,11,2.5,1.88,0.5,1.33,1.0,1
Famalicao,8,5,3,0,13,3,10,18,portugal,0.62,1.0,10,2.25,1.62,0.38,1.61,1.0,2
Guimaraes,8,5,1,2,11,5,6,16,portugal,0.62,0.75,6,2.0,1.38,0.62,1.61,1.33,3
FC Porto,8,4,3,1,14,9,5,15,portugal,0.5,0.88,5,1.88,1.75,1.12,2.0,1.14,4
Casa Pia,8,5,0,3,11,10,1,15,portugal,0.62,0.62,1,1.88,1.38,1.25,1.61,1.61,4
Estoril,8,4,1,3,13,10,3,13,portugal,0.5,0.62,3,1.62,1.62,1.25,2.0,1.61,5
Santa Clara,8,4,1,3,10,8,2,13,portugal,0.5,0.62,2,1.62,1.25,1.0,2.0,1.61,5
Arouca,8,2,4,2,10,9,1,10,portugal,0.25,0.75,1,1.25,1.25,1.12,4.0,1.33,6
Rio Ave,8,2,4,2,11,11,0,10,portugal,0.25,0.75,0,1.25,1.38,1.38,4.0,1.33,6
Moreirense,8,2,4,2,11,12,-1,10,portugal,0.25,0.75,-1,1.25,1.38,1.5,4.0,1.33,6
Nacional,8,2,2,4,12,15,-3,8,portugal,0.25,0.5,-3,1.0,1.5,1.88,4.0,2.0,7
Estrela Amadora,8,1,2,5,5,10,-5,5,portugal,0.12,0.38,-5,0.62,0.62,1.25,8.33,2.63,8
AVS,8,1,2,5,6,14,-8,5,portugal,0.12,0.38,-8,0.62,0.75,1.75,8.33,2.63,8
Farense,8,1,1,6,3,9,-6,4,portugal,0.12,0.25,-6,0.5,0.38,1.12,8.33,4.0,9
Gil Vicente,8,1,1,6,3,11,-8,4,portugal,0.12,0.25,-8,0.5,0.38,1.38,8.33,4.0,9
Boavista,8,1,0,7,4,16,-12,3,portugal,0.12,0.12,-12,0.38,0.5,2.0,8.33,8.33,10
Alverca,8,6,2,0,18,4,14,20,portugal2,0.75,1.0,14,2.5,2.25,0.5,1.33,1.0,1
Felgueiras,8,5,2,1,14,7,7,17,portugal2,0.62,0.88,7,2.12,1.75,0.88,1.61,1.14,2
Vizela,8,4,4,0,14,6,8,16,portugal2,0.5,1.0,8,2.0,1.75,0.75,2.0,1.0,3
Tondela,8,5,1,2,12,8,4,16,portugal2,0.62,0.75,4,2.0,1.5,1.0,1.61,1.33,3
Feirense,8,4,1,3,11,9,2,13,portugal2,0.5,0.62,2,1.62,1.38,1.12,2.0,1.61,4
Benfica B,8,3,3,2,12,4,8,12,portugal2,0.38,0.75,8,1.5,1.5,0.5,2.63,1.33,5
Academico Viseu,8,3,3,2,10,8,2,12,portugal2,0.38,0.75,2,1.5,1.25,1.0,2.63,1.33,5
Mafra,8,3,3,2,9,8,1,12,portugal2,0.38,0.75,1,1.5,1.12,1.0,2.63,1.33,5
Uniao de Leiria,8,3,2,3,12,10,2,11,portugal2,0.38,0.62,2,1.38,1.5,1.25,2.63,1.61,6
Chaves,8,3,1,4,11,9,2,10,portugal2,0.38,0.5,2,1.25,1.38,1.12,2.63,2.0,7
Maritimo,8,2,4,2,9,7,2,10,portugal2,0.25,0.75,2,1.25,1.12,0.88,4.0,1.33,7
Oliveirense,8,2,4,2,10,10,0,10,portugal2,0.25,0.75,0,1.25,1.25,1.25,4.0,1.33,7
Portimonense,8,3,1,4,12,13,-1,10,portugal2,0.38,0.5,-1,1.25,1.5,1.62,2.63,2.0,7
Leixoes,8,2,3,3,8,7,1,9,portugal2,0.25,0.62,1,1.12,1.0,0.88,4.0,1.61,8
Torreense,8,2,3,3,15,16,-1,9,portugal2,0.25,0.62,-1,1.12,1.88,2.0,4.0,1.61,8
FC Porto B,8,3,0,5,9,13,-4,9,portugal2,0.38,0.38,-4,1.12,1.12,1.62,2.63,2.63,8
Penafiel,8,2,2,4,9,9,0,8,portugal2,0.25,0.5,0,1.0,1.12,1.12,4.0,2.0,9
Pacos Ferreira,8,2,1,5,8,10,-2,7,portugal2,0.25,0.38,-2,0.88,1.0,1.25,4.0,2.63,10
Al Sadd,8,7,0,1,20,4,16,21,qatar,0.88,0.88,16,2.62,2.5,0.5,1.14,1.14,1
Al Duhail,8,5,1,2,15,11,4,16,qatar,0.62,0.75,4,2.0,1.88,1.38,1.61,1.33,2
Al Shamal,8,5,0,3,21,15,6,15,qatar,0.62,0.62,6,1.88,2.62,1.88,1.61,1.61,3
Al Gharafa,8,5,0,3,16,13,3,15,qatar,0.62,0.62,3,1.88,2.0,1.62,1.61,1.61,3
Al Shahaniya,8,4,1,3,14,17,-3,13,qatar,0.5,0.62,-3,1.62,1.75,2.12,2.0,1.61,4
Al Rayyan,8,3,3,2,15,10,5,12,qatar,0.38,0.75,5,1.5,1.88,1.25,2.63,1.33,5
Al Arabi,8,4,0,4,14,18,-4,12,qatar,0.5,0.5,-4,1.5,1.75,2.25,2.0,2.0,5
Al Ahli Doha,8,3,2,3,12,12,0,11,qatar,0.38,0.62,0,1.38,1.5,1.5,2.63,1.61,6
Qatar SC,8,2,2,4,9,13,-4,8,qatar,0.25,0.5,-4,1.0,1.12,1.62,4.0,2.0,7
Al Wakrah,8,2,2,4,9,16,-7,8,qatar,0.25,0.5,-7,1.0,1.12,2.0,4.0,2.0,7
Umm Salal,8,1,1,6,5,14,-9,4,qatar,0.12,0.25,-9,0.5,0.62,1.75,8.33,4.0,8
Al Khor,8,1,0,7,11,18,-7,3,qatar,0.12,0.12,-7,0.38,1.38,2.25,8.33,8.33,9
CFR Cluj,8,6,2,0,21,8,13,20,romania,0.75,1.0,13,2.5,2.62,1.0,1.33,1.0,1
Rapid Bucharest,8,6,2,0,11,3,8,20,romania,0.75,1.0,8,2.5,1.38,0.38,1.33,1.0,1
Univ. Craiova,8,6,1,1,14,7,7,19,romania,0.75,0.88,7,2.38,1.75,0.88,1.33,1.14,2
FCSB,8,5,3,0,13,4,9,18,romania,0.62,1.0,9,2.25,1.62,0.5,1.61,1.0,3
U. Cluj,8,5,1,2,16,11,5,16,romania,0.62,0.75,5,2.0,2.0,1.38,1.61,1.33,4
Sepsi OSK,8,4,3,1,11,5,6,15,romania,0.5,0.88,6,1.88,1.38,0.62,2.0,1.14,5
Hermannstadt,8,4,3,1,7,5,2,15,romania,0.5,0.88,2,1.88,0.88,0.62,2.0,1.14,5
Petrolul,8,4,2,2,10,6,4,14,romania,0.5,0.75,4,1.75,1.25,0.75,2.0,1.33,6
Din. Bucharest,8,3,4,1,7,4,3,13,romania,0.38,0.88,3,1.62,0.88,0.5,2.63,1.14,7
Farul Constanta,8,3,3,2,10,10,0,12,romania,0.38,0.75,0,1.5,1.25,1.25,2.63,1.33,8
Botosani,8,1,6,1,7,7,0,9,romania,0.12,0.88,0,1.12,0.88,0.88,8.33,1.14,9
P. Iasi,8,2,2,4,7,11,-4,8,romania,0.25,0.5,-4,1.0,0.88,1.38,4.0,2.0,10
FC Buzau,8,2,1,5,6,9,-3,7,romania,0.25,0.38,-3,0.88,0.75,1.12,4.0,2.63,11
Otelul,8,1,3,4,7,12,-5,6,romania,0.12,0.5,-5,0.75,0.88,1.5,8.33,2.0,12
UTA Arad,8,2,0,6,9,15,-6,6,romania,0.25,0.25,-6,0.75,1.12,1.88,4.0,4.0,12
Unirea Slobozia,8,1,2,5,6,11,-5,5,romania,0.12,0.38,-5,0.62,0.75,1.38,8.33,2.63,13
Dinamo Moscow,8,7,1,0,24,6,18,22,russia,0.88,1.0,18,2.75,3.0,0.75,1.14,1.0,1
Rubin Kazan,8,7,1,0,15,5,10,22,russia,0.88,1.0,10,2.75,1.88,0.62,1.14,1.0,1
Spartak Moscow,8,6,0,2,23,7,16,18,russia,0.75,0.75,16,2.25,2.88,0.88,1.33,1.33,2
FC Krasnodar,8,5,2,1,15,6,9,17,russia,0.62,0.88,9,2.12,1.88,0.75,1.61,1.14,3
CSKA Moscow,8,5,2,1,13,6,7,17,russia,0.62,0.88,7,2.12,1.62,0.75,1.61,1.14,3
Zenit,8,5,1,2,17,7,10,16,russia,0.62,0.75,10,2.0,2.12,0.88,1.61,1.33,4
Lokomotiv M.,8,3,4,1,13,10,3,13,russia,0.38,0.88,3,1.62,1.62,1.25,2.63,1.14,5
Khimki,8,3,4,1,13,11,2,13,russia,0.38,0.88,2,1.62,1.62,1.38,2.63,1.14,5
Akhmat Grozny,8,3,4,1,9,7,2,13,russia,0.38,0.88,2,1.62,1.12,0.88,2.63,1.14,5
Nizhny Novgorod,8,3,3,2,11,10,1,12,russia,0.38,0.75,1,1.5,1.38,1.25,2.63,1.33,6
Akron,8,4,0,4,12,14,-2,12,russia,0.5,0.5,-2,1.5,1.5,1.75,2.0,2.0,6
Rostov,8,3,2,3,12,9,3,11,russia,0.38,0.62,3,1.38,1.5,1.12,2.63,1.61,7
Krylya Sovetov,8,3,1,4,12,12,0,10,russia,0.38,0.5,0,1.25,1.5,1.5,2.63,2.0,8
Makhachkala,8,2,3,3,14,10,4,9,russia,0.25,0.62,4,1.12,1.75,1.25,4.0,1.61,9
Orenburg,8,2,1,5,7,11,-4,7,russia,0.25,0.38,-4,0.88,0.88,1.38,4.0,2.63,10
Fakel Voronezh,8,0,4,4,2,8,-6,4,russia,0.0,0.5,-6,0.5,0.25,1.0,0.0,2.0,11
Ural,8,6,1,1,18,14,4,19,russia2,0.75,0.88,4,2.38,2.25,1.75,1.33,1.14,1
Yenisey,8,5,2,1,11,7,4,17,russia2,0.62,0.88,4,2.12,1.38,0.88,1.61,1.14,2
PFC Sochi,8,5,1,2,15,5,10,16,russia2,0.62,0.75,10,2.0,1.88,0.62,1.61,1.33,3
Chernomorets,8,4,4,0,10,5,5,16,russia2,0.5,1.0,5,2.0,1.25,0.62,2.0,1.0,3
Rodina Moskva,8,5,0,3,18,10,8,15,russia2,0.62,0.62,8,1.88,2.25,1.25,1.61,1.61,4
Ufa,8,5,0,3,9,11,-2,15,russia2,0.62,0.62,-2,1.88,1.12,1.38,1.61,1.61,4
Kamaz,8,4,2,2,10,10,0,14,russia2,0.5,0.75,0,1.75,1.25,1.25,2.0,1.33,5
Baltika,8,3,4,1,10,2,8,13,russia2,0.38,0.88,8,1.62,1.25,0.25,2.63,1.14,6
Torpedo Moscow,8,3,4,1,6,3,3,13,russia2,0.38,0.88,3,1.62,0.75,0.38,2.63,1.14,6
SKA Khabarovsk,8,4,1,3,9,8,1,13,russia2,0.5,0.62,1,1.62,1.12,1.0,2.0,1.61,6
Rotor Volgograd,8,3,3,2,9,7,2,12,russia2,0.38,0.75,2,1.5,1.12,0.88,2.63,1.33,7
Chayka,8,2,3,3,5,10,-5,9,russia2,0.25,0.62,-5,1.12,0.62,1.25,4.0,1.61,8
Tyumen,8,2,2,4,6,8,-2,8,russia2,0.25,0.5,-2,1.0,0.75,1.0,4.0,2.0,9
Shinnik,8,2,2,4,4,11,-7,8,russia2,0.25,0.5,-7,1.0,0.5,1.38,4.0,2.0,9
Arsenal Tula,8,1,4,3,4,6,-2,7,russia2,0.12,0.62,-2,0.88,0.5,0.75,8.33,1.61,10
Sokol Saratov,8,2,1,5,6,10,-4,7,russia2,0.25,0.38,-4,0.88,0.75,1.25,4.0,2.63,10
Neftekhimik,8,1,3,4,6,10,-4,6,russia2,0.12,0.5,-4,0.75,0.75,1.25,8.33,2.0,11
A. Vladikavkaz,8,1,1,6,7,17,-10,4,russia2,0.12,0.25,-10,0.5,0.88,2.12,8.33,4.0,12
Al Ittihad,8,7,1,0,20,8,12,22,saudiarabia,0.88,1.0,12,2.75,2.5,1.0,1.14,1.0,1
Al Quadisiya,8,6,2,0,17,6,11,20,saudiarabia,0.75,1.0,11,2.5,2.12,0.75,1.33,1.0,2
Al Shabab,8,5,1,2,22,8,14,16,saudiarabia,0.62,0.75,14,2.0,2.75,1.0,1.61,1.33,3
Al Fateh,8,5,1,2,17,11,6,16,saudiarabia,0.62,0.75,6,2.0,2.12,1.38,1.61,1.33,3
Al Kholood,8,5,0,3,9,8,1,15,saudiarabia,0.62,0.62,1,1.88,1.12,1.0,1.61,1.61,4
Al Ahli Jeddah,8,4,2,2,22,12,10,14,saudiarabia,0.5,0.75,10,1.75,2.75,1.5,2.0,1.33,5
Al Hilal,8,4,2,2,20,10,10,14,saudiarabia,0.5,0.75,10,1.75,2.5,1.25,2.0,1.33,5
Al Nassr,8,4,2,2,17,11,6,14,saudiarabia,0.5,0.75,6,1.75,2.12,1.38,2.0,1.33,5
Al Ittifaq,8,4,2,2,8,7,1,14,saudiarabia,0.5,0.75,1,1.75,1.0,0.88,2.0,1.33,5
Al Feiha,8,3,3,2,7,7,0,12,saudiarabia,0.38,0.75,0,1.5,0.88,0.88,2.63,1.33,6
Al Taawon,8,3,1,4,13,14,-1,10,saudiarabia,0.38,0.5,-1,1.25,1.62,1.75,2.63,2.0,7
Al Wahda,8,2,2,4,11,16,-5,8,saudiarabia,0.25,0.5,-5,1.0,1.38,2.0,4.0,2.0,8
Al Akhdoud,8,2,2,4,6,18,-12,8,saudiarabia,0.25,0.5,-12,1.0,0.75,2.25,4.0,2.0,8
Damak,8,2,1,5,7,11,-4,7,saudiarabia,0.25,0.38,-4,0.88,0.88,1.38,4.0,2.63,9
Al Orubah,8,2,1,5,9,16,-7,7,saudiarabia,0.25,0.38,-7,0.88,1.12,2.0,4.0,2.63,9
Al Riyadh,8,1,3,4,7,13,-6,6,saudiarabia,0.12,0.5,-6,0.75,0.88,1.62,8.33,2.0,10
Al Khaleej,8,0,3,5,7,16,-9,3,saudiarabia,0.0,0.38,-9,0.38,0.88,2.0,0.0,2.63,11
Al Raed,8,0,1,7,8,19,-11,1,saudiarabia,0.0,0.12,-11,0.12,1.0,2.38,0.0,8.33,12
Neom SC,8,6,2,0,21,7,14,20,saudiarabia2,0.75,1.0,14,2.5,2.62,0.88,1.33,1.0,1
Al Bukayriyah,8,5,2,1,17,4,13,17,saudiarabia2,0.62,0.88,13,2.12,2.12,0.5,1.61,1.14,2
Al Jabalain,8,5,2,1,17,9,8,17,saudiarabia2,0.62,0.88,8,2.12,2.12,1.12,1.61,1.14,2
Al Najma,8,5,2,1,14,6,8,17,saudiarabia2,0.62,0.88,8,2.12,1.75,0.75,1.61,1.14,2
Al Hazm,8,4,2,2,14,10,4,14,saudiarabia2,0.5,0.75,4,1.75,1.75,1.25,2.0,1.33,3
Al Jubail,8,3,5,0,12,9,3,14,saudiarabia2,0.38,1.0,3,1.75,1.5,1.12,2.63,1.0,3
Al Tai,8,4,1,3,9,7,2,13,saudiarabia2,0.5,0.62,2,1.62,1.12,0.88,2.0,1.61,4
Al Zulfi,8,3,3,2,9,7,2,12,saudiarabia2,0.38,0.75,2,1.5,1.12,0.88,2.63,1.33,5
Al Batin,8,3,2,3,12,15,-3,11,saudiarabia2,0.38,0.62,-3,1.38,1.5,1.88,2.63,1.61,6
Abha,8,2,4,2,11,9,2,10,saudiarabia2,0.25,0.75,2,1.25,1.38,1.12,4.0,1.33,7
Al Adalha,8,2,3,3,11,13,-2,9,saudiarabia2,0.25,0.62,-2,1.12,1.38,1.62,4.0,1.61,8
Jeddah,8,2,3,3,5,12,-7,9,saudiarabia2,0.25,0.62,-7,1.12,0.62,1.5,4.0,1.61,8
Al Ain,8,2,2,4,6,11,-5,8,saudiarabia2,0.25,0.5,-5,1.0,0.75,1.38,4.0,2.0,9
Al Jandal,8,2,0,6,8,13,-5,6,saudiarabia2,0.25,0.25,-5,0.75,1.0,1.62,4.0,4.0,10
Ohod,8,2,0,6,8,13,-5,6,saudiarabia2,0.25,0.25,-5,0.75,1.0,1.62,4.0,4.0,10
Al Faisaly,8,0,4,4,7,12,-5,4,saudiarabia2,0.0,0.5,-5,0.5,0.88,1.5,0.0,2.0,11
Al Arabi,8,1,0,7,8,20,-12,3,saudiarabia2,0.12,0.12,-12,0.38,1.0,2.5,8.33,8.33,12
Al Safa,8,0,1,7,6,20,-14,1,saudiarabia2,0.0,0.12,-14,0.12,0.75,2.5,0.0,8.33,13
Hibernian,8,7,1,0,21,6,15,22,scotland,0.88,1.0,15,2.75,2.62,0.75,1.14,1.0,1
Celtic,8,6,1,1,28,7,21,19,scotland,0.75,0.88,21,2.38,3.5,0.88,1.33,1.14,2
Kilmarnock,8,5,1,2,14,9,5,16,scotland,0.62,0.75,5,2.0,1.75,1.12,1.61,1.33,3
Hearts,8,5,0,3,14,9,5,15,scotland,0.62,0.62,5,1.88,1.75,1.12,1.61,1.61,4
Motherwell,8,4,2,2,13,11,2,14,scotland,0.5,0.75,2,1.75,1.62,1.38,2.0,1.33,5
Rangers,8,4,1,3,16,8,8,13,scotland,0.5,0.62,8,1.62,2.0,1.0,2.0,1.61,6
St. Johnstone,8,4,1,3,7,8,-1,13,scotland,0.5,0.62,-1,1.62,0.88,1.0,2.0,1.61,6
St. Mirren,8,3,3,2,15,13,2,12,scotland,0.38,0.75,2,1.5,1.88,1.62,2.63,1.33,7
Aberdeen,8,3,3,2,11,13,-2,12,scotland,0.38,0.75,-2,1.5,1.38,1.62,2.63,1.33,7
Dundee Utd,8,3,0,5,8,18,-10,9,scotland,0.38,0.38,-10,1.12,1.0,2.25,2.63,2.63,8
Ross County,8,2,2,4,8,12,-4,8,scotland,0.25,0.5,-4,1.0,1.0,1.5,4.0,2.0,9
Dundee FC,8,1,3,4,12,19,-7,6,scotland,0.12,0.5,-7,0.75,1.5,2.38,8.33,2.0,10
Livingston,8,5,2,1,15,3,12,17,scotland2,0.62,0.88,12,2.12,1.88,0.38,1.61,1.14,1
Falkirk,8,5,1,2,20,10,10,16,scotland2,0.62,0.75,10,2.0,2.5,1.25,1.61,1.33,2
Ayr Utd,8,4,3,1,17,8,9,15,scotland2,0.5,0.88,9,1.88,2.12,1.0,2.0,1.14,3
Raith Rovers,8,4,2,2,10,8,2,14,scotland2,0.5,0.75,2,1.75,1.25,1.0,2.0,1.33,4
Greenock Morton,8,4,1,3,12,10,2,13,scotland2,0.5,0.62,2,1.62,1.5,1.25,2.0,1.61,5
Airdrieonians,8,4,1,3,10,11,-1,13,scotland2,0.5,0.62,-1,1.62,1.25,1.38,2.0,1.61,5
Dunfermline,8,3,3,2,6,5,1,12,scotland2,0.38,0.75,1,1.5,0.75,0.62,2.63,1.33,6
Partick Thistle,8,2,4,2,10,11,-1,10,scotland2,0.25,0.75,-1,1.25,1.25,1.38,4.0,1.33,7
Hamilton,8,1,2,5,3,15,-12,5,scotland2,0.12,0.38,-12,0.62,0.38,1.88,8.33,2.63,8
Queens Park,8,0,0,8,5,24,-19,0,scotland2,0.0,0.0,-19,0.0,0.62,3.0,0.0,0.0,9
Queen of South,8,6,0,2,17,11,6,18,scotland3,0.75,0.75,6,2.25,2.12,1.38,1.33,1.33,1
Arbroath,8,5,2,1,16,6,10,17,scotland3,0.62,0.88,10,2.12,2.0,0.75,1.61,1.14,2
Inverness,8,4,2,2,12,6,6,14,scotland3,0.5,0.75,6,1.75,1.5,0.75,2.0,1.33,3
Alloa Athletic,8,4,1,3,13,11,2,13,scotland3,0.5,0.62,2,1.62,1.62,1.38,2.0,1.61,4
Cove Rangers,8,3,4,1,12,10,2,13,scotland3,0.38,0.88,2,1.62,1.5,1.25,2.63,1.14,4
Stenhousemuir,8,3,2,3,10,14,-4,11,scotland3,0.38,0.62,-4,1.38,1.25,1.75,2.63,1.61,5
Annan Athletic,8,3,1,4,16,17,-1,10,scotland3,0.38,0.5,-1,1.25,2.0,2.12,2.63,2.0,6
Montrose,8,1,3,4,9,16,-7,6,scotland3,0.12,0.5,-7,0.75,1.12,2.0,8.33,2.0,7
Dumbarton,8,1,2,5,9,14,-5,5,scotland3,0.12,0.38,-5,0.62,1.12,1.75,8.33,2.63,8
Kelty Hearts,8,1,2,5,5,19,-14,5,scotland3,0.12,0.38,-14,0.62,0.62,2.38,8.33,2.63,8
Peterhead,8,6,2,0,18,6,12,20,scotland4,0.75,1.0,12,2.5,2.25,0.75,1.33,1.0,1
East Fife,8,5,2,1,16,7,9,17,scotland4,0.62,0.88,9,2.12,2.0,0.88,1.61,1.14,2
Edinburgh City,8,5,1,2,18,8,10,16,scotland4,0.62,0.75,10,2.0,2.25,1.0,1.61,1.33,3
Stirling Albion,8,5,0,3,15,13,2,15,scotland4,0.62,0.62,2,1.88,1.88,1.62,1.61,1.61,4
Spartans,8,4,2,2,12,7,5,14,scotland4,0.5,0.75,5,1.75,1.5,0.88,2.0,1.33,5
Elgin City,8,4,0,4,13,7,6,12,scotland4,0.5,0.5,6,1.5,1.62,0.88,2.0,2.0,6
Clyde,8,3,2,3,13,9,4,11,scotland4,0.38,0.62,4,1.38,1.62,1.12,2.63,1.61,7
Stranraer,8,3,1,4,8,6,2,10,scotland4,0.38,0.5,2,1.25,1.0,0.75,2.63,2.0,8
Bonnyrigg Rose,8,2,1,5,8,13,-5,7,scotland4,0.25,0.38,-5,0.88,1.0,1.62,4.0,2.63,9
Forfar Athletic,8,1,2,5,1,7,-6,5,scotland4,0.12,0.38,-6,0.62,0.12,0.88,8.33,2.63,10
Red Star,8,6,2,0,23,10,13,20,serbia,0.75,1.0,13,2.5,2.88,1.25,1.33,1.0,1
Partizan,8,5,2,1,18,10,8,17,serbia,0.62,0.88,8,2.12,2.25,1.25,1.61,1.14,2
OFK Beograd,8,5,0,3,16,8,8,15,serbia,0.62,0.62,8,1.88,2.0,1.0,1.61,1.61,3
Novi Pazar,8,4,2,2,17,13,4,14,serbia,0.5,0.75,4,1.75,2.12,1.62,2.0,1.33,4
Radnicki 1923,8,4,1,3,16,12,4,13,serbia,0.5,0.62,4,1.62,2.0,1.5,2.0,1.61,5
Napredak,8,4,1,3,7,9,-2,13,serbia,0.5,0.62,-2,1.62,0.88,1.12,2.0,1.61,5
Backa Topola,8,4,0,4,14,13,1,12,serbia,0.5,0.5,1,1.5,1.75,1.62,2.0,2.0,6
Mladost Lucani,8,3,3,2,11,11,0,12,serbia,0.38,0.75,0,1.5,1.38,1.38,2.63,1.33,6
S. Subotica,8,3,3,2,7,7,0,12,serbia,0.38,0.75,0,1.5,0.88,0.88,2.63,1.33,6
Z. Pancevo,8,3,2,3,14,10,4,11,serbia,0.38,0.62,4,1.38,1.75,1.25,2.63,1.61,7
IMT N. Beograd,8,3,2,3,12,10,2,11,serbia,0.38,0.62,2,1.38,1.5,1.25,2.63,1.61,7
Jedinstvo U.,8,3,2,3,11,9,2,11,serbia,0.38,0.62,2,1.38,1.38,1.12,2.63,1.61,7
Radnicki Nis,8,3,1,4,11,15,-4,10,serbia,0.38,0.5,-4,1.25,1.38,1.88,2.63,2.0,8
Vojvodina,8,2,2,4,8,13,-5,8,serbia,0.25,0.5,-5,1.0,1.0,1.62,4.0,2.0,9
Cukaricki,8,0,6,2,7,10,-3,6,serbia,0.0,0.75,-3,0.75,0.88,1.25,0.0,1.33,10
T. Odzaci,8,1,0,7,6,15,-9,3,serbia,0.12,0.12,-9,0.38,0.75,1.88,8.33,8.33,11
R. Surdulica,8,8,0,0,18,2,16,24,serbia2,1.0,1.0,16,3.0,2.25,0.25,1.0,1.0,1
Javor Ivanjica,8,5,2,1,12,7,5,17,serbia2,0.62,0.88,5,2.12,1.5,0.88,1.61,1.14,2
Vozdovac,8,3,5,0,10,6,4,14,serbia2,0.38,1.0,4,1.75,1.25,0.75,2.63,1.0,3
Mladost,8,4,2,2,13,12,1,14,serbia2,0.5,0.75,1,1.75,1.62,1.5,2.0,1.33,3
Dubocica,8,4,1,3,15,9,6,13,serbia2,0.5,0.62,6,1.62,1.88,1.12,2.0,1.61,4
Sloven Ruma,8,3,4,1,9,6,3,13,serbia2,0.38,0.88,3,1.62,1.12,0.75,2.63,1.14,4
Trajal Krusevac,8,3,4,1,7,4,3,13,serbia2,0.38,0.88,3,1.62,0.88,0.5,2.63,1.14,4
Graficar,8,2,6,0,11,7,4,12,serbia2,0.25,1.0,4,1.5,1.38,0.88,4.0,1.0,5
Zemun,8,3,3,2,13,13,0,12,serbia2,0.38,0.75,0,1.5,1.62,1.62,2.63,1.33,5
Sloboda Uzice,8,3,2,3,8,9,-1,11,serbia2,0.38,0.62,-1,1.38,1.0,1.12,2.63,1.61,6
Smederevo,8,2,4,2,6,8,-2,10,serbia2,0.25,0.75,-2,1.25,0.75,1.0,4.0,1.33,7
Macva Sabac,8,3,1,4,5,7,-2,10,serbia2,0.38,0.5,-2,1.25,0.62,0.88,2.63,2.0,7
S. Mitrovica,8,2,3,3,6,7,-1,9,serbia2,0.25,0.62,-1,1.12,0.75,0.88,4.0,1.61,8
Borac Cacak,8,3,0,5,8,11,-3,9,serbia2,0.38,0.38,-3,1.12,1.0,1.38,2.63,2.63,8
Indija,8,1,2,5,7,11,-4,5,serbia2,0.12,0.38,-4,0.62,0.88,1.38,8.33,2.63,9
Vrsac,8,0,1,7,4,12,-8,1,serbia2,0.0,0.12,-8,0.12,0.5,1.5,0.0,8.33,10
Lion City,8,5,1,2,19,7,12,16,singapore,0.62,0.75,12,2.0,2.38,0.88,1.61,1.33,1
Tampines Rovers,8,5,1,2,16,7,9,16,singapore,0.62,0.75,9,2.0,2.0,0.88,1.61,1.33,1
DPMM FC,8,4,0,4,13,15,-2,12,singapore,0.5,0.5,-2,1.5,1.62,1.88,2.0,2.0,2
Hougang,8,3,2,3,19,15,4,11,singapore,0.38,0.62,4,1.38,2.38,1.88,2.63,1.61,3
A. Niigata (S),8,3,2,3,14,12,2,11,singapore,0.38,0.62,2,1.38,1.75,1.5,2.63,1.61,3
Geylang,8,3,0,5,19,19,0,9,singapore,0.38,0.38,0,1.12,2.38,2.38,2.63,2.63,4
Khalsa,8,2,1,5,17,25,-8,7,singapore,0.25,0.38,-8,0.88,2.12,3.12,4.0,2.63,5
Tanjong Pagar,8,1,3,4,9,15,-6,6,singapore,0.12,0.5,-6,0.75,1.12,1.88,8.33,2.0,6
Young Lions,8,1,2,5,8,25,-17,5,singapore,0.12,0.38,-17,0.62,1.0,3.12,8.33,2.63,7
DAC Streda,8,6,2,0,19,9,10,20,slovakia,0.75,1.0,10,2.5,2.38,1.12,1.33,1.0,1
Skalica,8,5,2,1,7,2,5,17,slovakia,0.62,0.88,5,2.12,0.88,0.25,1.61,1.14,2
Trencin,8,4,4,0,12,7,5,16,slovakia,0.5,1.0,5,2.0,1.5,0.88,2.0,1.0,3
FC Kosice,8,4,3,1,18,12,6,15,slovakia,0.5,0.88,6,1.88,2.25,1.5,2.0,1.14,4
S. Bratislava,8,4,3,1,14,10,4,15,slovakia,0.5,0.88,4,1.88,1.75,1.25,2.0,1.14,4
Komarno,8,3,3,2,8,5,3,12,slovakia,0.38,0.75,3,1.5,1.0,0.62,2.63,1.33,5
Z. Michalovce,8,3,3,2,17,17,0,12,slovakia,0.38,0.75,0,1.5,2.12,2.12,2.63,1.33,5
Ruzomberok,8,4,0,4,9,13,-4,12,slovakia,0.5,0.5,-4,1.5,1.12,1.62,2.0,2.0,5
Podbrezova,8,3,2,3,11,10,1,11,slovakia,0.38,0.62,1,1.38,1.38,1.25,2.63,1.61,6
Spartak Trnava,8,2,3,3,10,12,-2,9,slovakia,0.25,0.62,-2,1.12,1.25,1.5,4.0,1.61,7
Zilina,8,2,3,3,5,11,-6,9,slovakia,0.25,0.62,-6,1.12,0.62,1.38,4.0,1.61,7
Banska Bystrica,8,0,0,8,6,19,-13,0,slovakia,0.0,0.0,-13,0.0,0.75,2.38,0.0,0.0,8
Presov,8,7,1,0,17,4,13,22,slovakia2,0.88,1.0,13,2.75,2.12,0.5,1.14,1.0,1
Puchov,8,6,1,1,20,8,12,19,slovakia2,0.75,0.88,12,2.38,2.5,1.0,1.33,1.14,2
Zlate Moravce,8,6,0,2,14,5,9,18,slovakia2,0.75,0.75,9,2.25,1.75,0.62,1.33,1.33,3
Malzenice,8,6,0,2,14,9,5,18,slovakia2,0.75,0.75,5,2.25,1.75,1.12,1.33,1.33,3
Petrzalka,8,5,2,1,11,3,8,17,slovakia2,0.62,0.88,8,2.12,1.38,0.38,1.61,1.14,4
P. Bystrica,8,5,1,2,16,12,4,16,slovakia2,0.62,0.75,4,2.0,2.0,1.5,1.61,1.33,5
L. Mikulas,8,4,2,2,15,9,6,14,slovakia2,0.5,0.75,6,1.75,1.88,1.12,2.0,1.33,6
S. Bratislava B,8,3,3,2,12,11,1,12,slovakia2,0.38,0.75,1,1.5,1.5,1.38,2.63,1.33,7
S. Lubovna,8,3,2,3,14,11,3,11,slovakia2,0.38,0.62,3,1.38,1.75,1.38,2.63,1.61,8
Humenne,8,3,2,3,8,7,1,11,slovakia2,0.38,0.62,1,1.38,1.0,0.88,2.63,1.61,8
Zilina B,8,3,2,3,12,12,0,11,slovakia2,0.38,0.62,0,1.38,1.5,1.5,2.63,1.61,8
Zvolen,8,3,1,4,7,9,-2,10,slovakia2,0.38,0.5,-2,1.25,0.88,1.12,2.63,2.0,9
Pohronie,8,2,2,4,14,19,-5,8,slovakia2,0.25,0.5,-5,1.0,1.75,2.38,4.0,2.0,10
Samorin,8,2,1,5,6,11,-5,7,slovakia2,0.25,0.38,-5,0.88,0.75,1.38,4.0,2.63,11
NK Olimpija,8,6,1,1,19,4,15,19,slovenia,0.75,0.88,15,2.38,2.38,0.5,1.33,1.14,1
Maribor,8,5,1,2,17,8,9,16,slovenia,0.62,0.75,9,2.0,2.12,1.0,1.61,1.33,2
Koper,8,4,4,0,11,4,7,16,slovenia,0.5,1.0,7,2.0,1.38,0.5,2.0,1.0,2
NK Celje,8,3,3,2,23,15,8,12,slovenia,0.38,0.75,8,1.5,2.88,1.88,2.63,1.33,3
Primorje,8,3,3,2,11,12,-1,12,slovenia,0.38,0.75,-1,1.5,1.38,1.5,2.63,1.33,3
Radomlje,8,4,0,4,10,12,-2,12,slovenia,0.5,0.5,-2,1.5,1.25,1.5,2.0,2.0,3
Bravo,8,2,5,1,13,9,4,11,slovenia,0.25,0.88,4,1.38,1.62,1.12,4.0,1.14,4
Domzale,8,3,2,3,12,10,2,11,slovenia,0.38,0.62,2,1.38,1.5,1.25,2.63,1.61,4
Mura,8,2,3,3,9,10,-1,9,slovenia,0.25,0.62,-1,1.12,1.12,1.25,4.0,1.61,5
Nafta,8,2,3,3,13,20,-7,9,slovenia,0.25,0.62,-7,1.12,1.62,2.5,4.0,1.61,5
Mamelodi S.,8,8,0,0,22,2,20,24,southafrica,1.0,1.0,20,3.0,2.75,0.25,1.0,1.0,1
Magesi,8,6,2,0,10,3,7,20,southafrica,0.75,1.0,7,2.5,1.25,0.38,1.33,1.0,2
Richards Bay,8,5,3,0,9,2,7,18,southafrica,0.62,1.0,7,2.25,1.12,0.25,1.61,1.0,3
Orlando Pirates,8,5,2,1,18,6,12,17,southafrica,0.62,0.88,12,2.12,2.25,0.75,1.61,1.14,4
AmaZulu,8,5,2,1,13,5,8,17,southafrica,0.62,0.88,8,2.12,1.62,0.62,1.61,1.14,4
Stellenbosch,8,4,3,1,8,5,3,15,southafrica,0.5,0.88,3,1.88,1.0,0.62,2.0,1.14,5
TS Galaxy,8,4,1,3,11,8,3,13,southafrica,0.5,0.62,3,1.62,1.38,1.0,2.0,1.61,6
Sekhukhune,8,3,2,3,13,12,1,11,southafrica,0.38,0.62,1,1.38,1.62,1.5,2.63,1.61,7
Golden Arrows,8,2,3,3,8,11,-3,9,southafrica,0.25,0.62,-3,1.12,1.0,1.38,4.0,1.61,8
Polokwane,8,2,2,4,6,8,-2,8,southafrica,0.25,0.5,-2,1.0,0.75,1.0,4.0,2.0,9
Chippa Utd,8,2,2,4,6,9,-3,8,southafrica,0.25,0.5,-3,1.0,0.75,1.12,4.0,2.0,9
Marumo G.,8,1,4,3,7,9,-2,7,southafrica,0.12,0.62,-2,0.88,0.88,1.12,8.33,1.61,10
Kaizer Chiefs,8,1,4,3,7,11,-4,7,southafrica,0.12,0.62,-4,0.88,0.88,1.38,8.33,1.61,10
Cape Town City,8,1,3,4,5,10,-5,6,southafrica,0.12,0.5,-5,0.75,0.62,1.25,8.33,2.0,11
SuperSport Utd,8,1,3,4,3,8,-5,6,southafrica,0.12,0.5,-5,0.75,0.38,1.0,8.33,2.0,11
Royal AM,0,0,0,0,0,0,0,0,southafrica,0.0,0.0,0,0.0,0.0,0.0,0.0,0.0,12
Durban City,8,6,1,1,14,6,8,19,southafrica2,0.75,0.88,8,2.38,1.75,0.75,1.33,1.14,1
Black Leopards,8,5,3,0,14,7,7,18,southafrica2,0.62,1.0,7,2.25,1.75,0.88,1.61,1.0,2
Kruger United,8,5,2,1,10,6,4,17,southafrica2,0.62,0.88,4,2.12,1.25,0.75,1.61,1.14,3
Venda FC,8,4,4,0,14,4,10,16,southafrica2,0.5,1.0,10,2.0,1.75,0.5,2.0,1.0,4
Highbury,8,4,3,1,11,4,7,15,southafrica2,0.5,0.88,7,1.88,1.38,0.5,2.0,1.14,5
Casric Stars,8,4,3,1,12,7,5,15,southafrica2,0.5,0.88,5,1.88,1.5,0.88,2.0,1.14,5
Orbit College,8,3,4,1,8,4,4,13,southafrica2,0.38,0.88,4,1.62,1.0,0.5,2.63,1.14,6
Baroka,8,3,3,2,12,11,1,12,southafrica2,0.38,0.75,1,1.5,1.5,1.38,2.63,1.33,7
Pretoria U.,8,3,3,2,9,9,0,12,southafrica2,0.38,0.75,0,1.5,1.12,1.12,2.63,1.33,7
Pretoria C.,8,4,0,4,10,12,-2,12,southafrica2,0.5,0.5,-2,1.5,1.25,1.5,2.0,2.0,7
Cape Town Spurs,8,2,4,2,10,7,3,10,southafrica2,0.25,0.75,3,1.25,1.25,0.88,4.0,1.33,8
JDR Stars,8,2,4,2,5,8,-3,10,southafrica2,0.25,0.75,-3,1.25,0.62,1.0,4.0,1.33,8
Hungry Lions,8,2,3,3,10,9,1,9,southafrica2,0.25,0.62,1,1.12,1.25,1.12,4.0,1.61,9
Milford,8,3,0,5,7,10,-3,9,southafrica2,0.38,0.38,-3,1.12,0.88,1.25,2.63,2.63,9
Leruma United,8,1,4,3,6,8,-2,7,southafrica2,0.12,0.62,-2,0.88,0.75,1.0,8.33,1.61,10
Upington City,8,1,3,4,3,6,-3,6,southafrica2,0.12,0.5,-3,0.75,0.38,0.75,8.33,2.0,11
Pohang Steelers,8,5,1,2,9,5,4,16,southkorea,0.62,0.75,4,2.0,1.12,0.62,1.61,1.33,1
Ulsan,8,4,2,2,13,8,5,14,southkorea,0.5,0.75,5,1.75,1.62,1.0,2.0,1.33,2
Daejeon Citizen,8,4,2,2,8,8,0,14,southkorea,0.5,0.75,0,1.75,1.0,1.0,2.0,1.33,2
Jeonbuk Motors,8,3,4,1,14,9,5,13,southkorea,0.38,0.88,5,1.62,1.75,1.12,2.63,1.14,3
Gwangju,8,4,1,3,9,8,1,13,southkorea,0.5,0.62,1,1.62,1.12,1.0,2.0,1.61,3
Suwon City,8,3,3,2,11,8,3,12,southkorea,0.38,0.75,3,1.5,1.38,1.0,2.63,1.33,4
Anyang,8,3,3,2,11,9,2,12,southkorea,0.38,0.75,2,1.5,1.38,1.12,2.63,1.33,4
Gimcheon Sangmu,8,3,3,2,7,5,2,12,southkorea,0.38,0.75,2,1.5,0.88,0.62,2.63,1.33,4
Jeju Utd,8,3,1,4,9,11,-2,10,southkorea,0.38,0.5,-2,1.25,1.12,1.38,2.63,2.0,5
Seoul,8,2,3,3,10,12,-2,9,southkorea,0.25,0.62,-2,1.12,1.25,1.5,4.0,1.61,6
Gangwon,8,2,3,3,5,10,-5,9,southkorea,0.25,0.62,-5,1.12,0.62,1.25,4.0,1.61,6
Daegu,8,2,1,5,8,12,-4,7,southkorea,0.25,0.38,-4,0.88,1.0,1.5,4.0,2.63,7
Incheon Utd,8,7,1,0,15,2,13,22,southkorea2,0.88,1.0,13,2.75,1.88,0.25,1.14,1.0,1
Suwon Bluewings,8,6,2,0,19,6,13,20,southkorea2,0.75,1.0,13,2.5,2.38,0.75,1.33,1.0,2
Seoul E-Land,8,4,2,2,15,13,2,14,southkorea2,0.5,0.75,2,1.75,1.88,1.62,2.0,1.33,3
Asan,7,3,3,1,11,7,4,12,southkorea2,0.43,0.86,4,1.71,1.57,1.0,2.33,1.16,4
Seongnam,8,3,3,2,8,6,2,12,southkorea2,0.38,0.75,2,1.5,1.0,0.75,2.63,1.33,4
Bucheon FC,7,3,2,2,11,10,1,11,southkorea2,0.43,0.71,1,1.57,1.57,1.43,2.33,1.41,5
Jeonnam,4,3,1,0,10,5,5,10,southkorea2,0.75,1.0,5,2.5,2.5,1.25,1.33,1.0,6
Gyeongnam,8,3,1,4,11,12,-1,10,southkorea2,0.38,0.5,-1,1.25,1.38,1.5,2.63,2.0,6
Busan IPark,8,3,1,4,10,13,-3,10,southkorea2,0.38,0.5,-3,1.25,1.25,1.62,2.63,2.0,6
Hwaseong,7,2,2,3,7,8,-1,8,southkorea2,0.29,0.57,-1,1.14,1.0,1.14,3.45,1.75,7
Gimpo,8,2,2,4,7,9,-2,8,southkorea2,0.25,0.5,-2,1.0,0.88,1.12,4.0,2.0,7
Ansan Greeners,8,2,1,5,6,12,-6,7,southkorea2,0.25,0.38,-6,0.88,0.75,1.5,4.0,2.63,8
Cheonan City,8,1,2,5,6,12,-6,5,southkorea2,0.12,0.38,-6,0.62,0.75,1.5,8.33,2.63,9
Cheongju,5,0,2,3,4,9,-5,2,southkorea2,0.0,0.4,-5,0.4,0.8,1.8,0.0,2.5,10
Real Madrid,8,7,0,1,16,8,8,21,spain,0.88,0.88,8,2.62,2.0,1.0,1.14,1.14,1
Atletico Madrid,8,6,1,1,21,8,13,19,spain,0.75,0.88,13,2.38,2.62,1.0,1.33,1.14,2
FC Barcelona,8,6,1,1,23,11,12,19,spain,0.75,0.88,12,2.38,2.88,1.38,1.33,1.14,2
Athletic Bilbao,8,5,2,1,16,6,10,17,spain,0.62,0.88,10,2.12,2.0,0.75,1.61,1.14,3
Real Betis,8,5,2,1,16,7,9,17,spain,0.62,0.88,9,2.12,2.0,0.88,1.61,1.14,3
Osasuna,8,5,2,1,14,8,6,17,spain,0.62,0.88,6,2.12,1.75,1.0,1.61,1.14,3
Celta Vigo,8,5,1,2,14,10,4,16,spain,0.62,0.75,4,2.0,1.75,1.25,1.61,1.33,4
Valencia,8,5,1,2,10,6,4,16,spain,0.62,0.75,4,2.0,1.25,0.75,1.61,1.33,4
Villarreal,8,4,3,1,16,9,7,15,spain,0.5,0.88,7,1.88,2.0,1.12,2.0,1.14,5
Real Sociedad,8,4,1,3,10,8,2,13,spain,0.5,0.62,2,1.62,1.25,1.0,2.0,1.61,6
Leganes,8,3,3,2,14,11,3,12,spain,0.38,0.75,3,1.5,1.75,1.38,2.63,1.33,7
Mallorca,8,3,3,2,11,9,2,12,spain,0.38,0.75,2,1.5,1.38,1.12,2.63,1.33,7
Espanyol,8,3,3,2,8,7,1,12,spain,0.38,0.75,1,1.5,1.0,0.88,2.63,1.33,7
Alaves,8,3,2,3,4,5,-1,11,spain,0.38,0.62,-1,1.38,0.5,0.62,2.63,1.61,8
Rayo Vallecano,8,1,5,2,7,11,-4,8,spain,0.12,0.75,-4,1.0,0.88,1.38,8.33,1.33,9
Sevilla FC,8,1,3,4,7,13,-6,6,spain,0.12,0.5,-6,0.75,0.88,1.62,8.33,2.0,10
Girona,8,1,2,5,6,14,-8,5,spain,0.12,0.38,-8,0.62,0.75,1.75,8.33,2.63,11
Las Palmas,8,1,1,6,7,14,-7,4,spain,0.12,0.25,-7,0.5,0.88,1.75,8.33,4.0,12
Getafe,8,1,1,6,6,13,-7,4,spain,0.12,0.25,-7,0.5,0.75,1.62,8.33,4.0,12
Valladolid,8,0,1,7,4,17,-13,1,spain,0.0,0.12,-13,0.12,0.5,2.12,0.0,8.33,13
Almeria,8,7,1,0,20,5,15,22,spain2,0.88,1.0,15,2.75,2.5,0.62,1.14,1.0,1
Levante,8,7,1,0,18,6,12,22,spain2,0.88,1.0,12,2.75,2.25,0.75,1.14,1.0,1
Mirandes,8,6,2,0,16,7,9,20,spain2,0.75,1.0,9,2.5,2.0,0.88,1.33,1.0,2
Elche,8,6,1,1,15,7,8,19,spain2,0.75,0.88,8,2.38,1.88,0.88,1.33,1.14,3
Real Oviedo,8,6,1,1,12,5,7,19,spain2,0.75,0.88,7,2.38,1.5,0.62,1.33,1.14,3
Castellon,8,5,3,0,21,11,10,18,spain2,0.62,1.0,10,2.25,2.62,1.38,1.61,1.0,4
Albacete,8,6,0,2,16,8,8,18,spain2,0.75,0.75,8,2.25,2.0,1.0,1.33,1.33,4
Cadiz,8,5,2,1,13,4,9,17,spain2,0.62,0.88,9,2.12,1.62,0.5,1.61,1.14,5
Racing,8,5,2,1,14,8,6,17,spain2,0.62,0.88,6,2.12,1.75,1.0,1.61,1.14,5
Malaga,8,5,1,2,9,6,3,16,spain2,0.62,0.75,3,2.0,1.12,0.75,1.61,1.33,6
Eibar,8,4,3,1,13,8,5,15,spain2,0.5,0.88,5,1.88,1.62,1.0,2.0,1.14,7
Granada,8,4,3,1,12,7,5,15,spain2,0.5,0.88,5,1.88,1.5,0.88,2.0,1.14,7
Huesca,8,5,0,3,15,13,2,15,spain2,0.62,0.62,2,1.88,1.88,1.62,1.61,1.61,7
Burgos,8,4,1,3,14,12,2,13,spain2,0.5,0.62,2,1.62,1.75,1.5,2.0,1.61,8
Real Zaragoza,8,3,4,1,12,11,1,13,spain2,0.38,0.88,1,1.62,1.5,1.38,2.63,1.14,8
Tenerife,8,3,3,2,9,7,2,12,spain2,0.38,0.75,2,1.5,1.12,0.88,2.63,1.33,9
Sporting Gijon,8,3,3,2,11,11,0,12,spain2,0.38,0.75,0,1.5,1.38,1.38,2.63,1.33,9
Cordoba,8,2,4,2,15,10,5,10,spain2,0.25,0.75,5,1.25,1.88,1.25,4.0,1.33,10
Eldense,8,2,4,2,11,10,1,10,spain2,0.25,0.75,1,1.25,1.38,1.25,4.0,1.33,10
Deportivo,8,2,4,2,11,11,0,10,spain2,0.25,0.75,0,1.25,1.38,1.38,4.0,1.33,10
Racing Ferrol,8,2,1,5,3,7,-4,7,spain2,0.25,0.38,-4,0.88,0.38,0.88,4.0,2.63,11
Cartagena,8,2,1,5,7,12,-5,7,spain2,0.25,0.38,-5,0.88,0.88,1.5,4.0,2.63,11
Gimnastic T.,8,6,1,1,21,8,13,19,spain3,0.75,0.88,13,2.38,2.62,1.0,1.33,1.14,1
FC Andorra,8,6,1,1,15,5,10,19,spain3,0.75,0.88,10,2.38,1.88,0.62,1.33,1.14,1
Ponferradina,8,6,0,2,16,6,10,18,spain3,0.75,0.75,10,2.25,2.0,0.75,1.33,1.33,2
Leonesa,8,5,3,0,12,6,6,18,spain3,0.62,1.0,6,2.25,1.5,0.75,1.61,1.0,2
Ourense CF,8,6,0,2,8,6,2,18,spain3,0.75,0.75,2,2.25,1.0,0.75,1.33,1.33,2
Celta Vigo B,8,4,3,1,14,8,6,15,spain3,0.5,0.88,6,1.88,1.75,1.0,2.0,1.14,3
Tarazona,8,4,3,1,9,3,6,15,spain3,0.5,0.88,6,1.88,1.12,0.38,2.0,1.14,3
Zamora,8,4,3,1,9,6,3,15,spain3,0.5,0.88,3,1.88,1.12,0.75,2.0,1.14,3
Athletic B. B,8,4,2,2,14,10,4,14,spain3,0.5,0.75,4,1.75,1.75,1.25,2.0,1.33,4
Real Sociedad B,8,4,2,2,13,10,3,14,spain3,0.5,0.75,3,1.75,1.62,1.25,2.0,1.33,4
Real Union,8,4,2,2,10,7,3,14,spain3,0.5,0.75,3,1.75,1.25,0.88,2.0,1.33,4
Amorebieta,8,4,2,2,11,9,2,14,spain3,0.5,0.75,2,1.75,1.38,1.12,2.0,1.33,4
Unionistas,8,3,4,1,7,5,2,13,spain3,0.38,0.88,2,1.62,0.88,0.62,2.63,1.14,5
Lugo,8,4,0,4,8,11,-3,12,spain3,0.5,0.5,-3,1.5,1.0,1.38,2.0,2.0,6
Barakaldo,8,3,1,4,13,12,1,10,spain3,0.38,0.5,1,1.25,1.62,1.5,2.63,2.0,7
Osasuna B,8,2,4,2,10,11,-1,10,spain3,0.25,0.75,-1,1.25,1.25,1.38,4.0,1.33,7
FC Barcelona B,8,3,1,4,10,12,-2,10,spain3,0.38,0.5,-2,1.25,1.25,1.5,2.63,2.0,7
Sestao River,8,2,3,3,8,11,-3,9,spain3,0.25,0.62,-3,1.12,1.0,1.38,4.0,1.61,8
Arenteiro,8,1,5,2,9,10,-1,8,spain3,0.12,0.75,-1,1.0,1.12,1.25,8.33,1.33,9
Gimnastica,8,0,5,3,8,14,-6,5,spain3,0.0,0.62,-6,0.62,1.0,1.75,0.0,1.61,10
Alcorcon,8,6,2,0,15,4,11,20,spain4,0.75,1.0,11,2.5,1.88,0.5,1.33,1.0,1
Atletico M. B,8,6,2,0,12,2,10,20,spain4,0.75,1.0,10,2.5,1.5,0.25,1.33,1.0,1
UD Ibiza,8,6,1,1,18,6,12,19,spain4,0.75,0.88,12,2.38,2.25,0.75,1.33,1.14,2
Ceuta,8,5,3,0,15,5,10,18,spain4,0.62,1.0,10,2.25,1.88,0.62,1.61,1.0,3
Sevilla FC B,8,5,2,1,9,2,7,17,spain4,0.62,0.88,7,2.12,1.12,0.25,1.61,1.14,4
Merida,8,5,2,1,14,10,4,17,spain4,0.62,0.88,4,2.12,1.75,1.25,1.61,1.14,4
Real Madrid B,8,4,3,1,12,5,7,15,spain4,0.5,0.88,7,1.88,1.5,0.62,2.0,1.14,5
Marbella,8,5,0,3,13,11,2,15,spain4,0.62,0.62,2,1.88,1.62,1.38,1.61,1.61,5
Villarreal B,8,4,2,2,12,6,6,14,spain4,0.5,0.75,6,1.75,1.5,0.75,2.0,1.33,6
Algeciras,8,3,5,0,9,5,4,14,spain4,0.38,1.0,4,1.75,1.12,0.62,2.63,1.0,6
Real Murcia,8,4,2,2,9,6,3,14,spain4,0.5,0.75,3,1.75,1.12,0.75,2.0,1.33,6
Sanluqueno,8,3,4,1,8,7,1,13,spain4,0.38,0.88,1,1.62,1.0,0.88,2.63,1.14,7
Antequera,8,3,3,2,14,12,2,12,spain4,0.38,0.75,2,1.5,1.75,1.5,2.63,1.33,8
Fuenlabrada,8,3,2,3,13,9,4,11,spain4,0.38,0.62,4,1.38,1.62,1.12,2.63,1.61,9
Yeclano,8,2,5,1,12,9,3,11,spain4,0.25,0.88,3,1.38,1.5,1.12,4.0,1.14,9
Hercules,8,3,2,3,11,10,1,11,spain4,0.38,0.62,1,1.38,1.38,1.25,2.63,1.61,9
Intercity,8,2,3,3,8,8,0,9,spain4,0.25,0.62,0,1.12,1.0,1.0,4.0,1.61,10
Alcoyano,8,1,4,3,7,10,-3,7,spain4,0.12,0.62,-3,0.88,0.88,1.25,8.33,1.61,11
Recreativo H.,8,1,4,3,5,10,-5,7,spain4,0.12,0.62,-5,0.88,0.62,1.25,8.33,1.61,11
Real Betis B,8,2,1,5,8,15,-7,7,spain4,0.25,0.38,-7,0.88,1.0,1.88,4.0,2.63,11
Pontevedra,8,8,0,0,16,5,11,24,spain5,1.0,1.0,11,3.0,2.0,0.62,1.0,1.0,1
Numancia,8,6,2,0,15,3,12,20,spain5,0.75,1.0,12,2.5,1.88,0.38,1.33,1.0,2
Real Aviles,8,6,2,0,17,6,11,20,spain5,0.75,1.0,11,2.5,2.12,0.75,1.33,1.0,2
Real Avila,8,5,1,2,11,5,6,16,spain5,0.62,0.75,6,2.0,1.38,0.62,1.61,1.33,3
Llanera,8,4,4,0,15,11,4,16,spain5,0.5,1.0,4,2.0,1.88,1.38,2.0,1.0,3
Escobedo,8,4,3,1,9,2,7,15,spain5,0.5,0.88,7,1.88,1.12,0.25,2.0,1.14,4
Coruxo,8,4,3,1,11,6,5,15,spain5,0.5,0.88,5,1.88,1.38,0.75,2.0,1.14,4
Langreo,8,4,3,1,10,7,3,15,spain5,0.5,0.88,3,1.88,1.25,0.88,2.0,1.14,4
Marino de L.,8,4,2,2,11,5,6,14,spain5,0.5,0.75,6,1.75,1.38,0.62,2.0,1.33,5
Rayo Cantabria,8,4,2,2,12,8,4,14,spain5,0.5,0.75,4,1.75,1.5,1.0,2.0,1.33,5
Torrelavega,8,3,3,2,12,3,9,12,spain5,0.38,0.75,9,1.5,1.5,0.38,2.63,1.33,6
Valladolid B,8,3,2,3,11,8,3,11,spain5,0.38,0.62,3,1.38,1.38,1.0,2.63,1.61,7
D. Fabril,8,3,2,3,8,5,3,11,spain5,0.38,0.62,3,1.38,1.0,0.62,2.63,1.61,7
Compostela,8,3,2,3,11,12,-1,11,spain5,0.38,0.62,-1,1.38,1.38,1.5,2.63,1.61,7
Bergantinos,8,3,1,4,12,14,-2,10,spain5,0.38,0.5,-2,1.25,1.5,1.75,2.63,2.0,8
Salamanca CF,8,2,2,4,10,12,-2,8,spain5,0.25,0.5,-2,1.0,1.25,1.5,4.0,2.0,9
Guijuelo,8,2,2,4,7,14,-7,8,spain5,0.25,0.5,-7,1.0,0.88,1.75,4.0,2.0,9
Laredo,8,2,2,4,8,16,-8,8,spain5,0.25,0.5,-8,1.0,1.0,2.0,4.0,2.0,9
Teruel,8,8,0,0,18,2,16,24,spain6,1.0,1.0,16,3.0,2.25,0.25,1.0,1.0,1
SD Logrones,8,6,1,1,15,4,11,19,spain6,0.75,0.88,11,2.38,1.88,0.5,1.33,1.14,2
Utebo,8,6,1,1,17,9,8,19,spain6,0.75,0.88,8,2.38,2.12,1.12,1.33,1.14,2
UD Logrones,8,4,4,0,13,2,11,16,spain6,0.5,1.0,11,2.0,1.62,0.25,2.0,1.0,3
Arenas Club,8,5,1,2,15,9,6,16,spain6,0.62,0.75,6,2.0,1.88,1.12,1.61,1.33,3
Barbastro,8,4,3,1,12,7,5,15,spain6,0.5,0.88,5,1.88,1.5,0.88,2.0,1.14,4
Eibar B,8,4,3,1,9,4,5,15,spain6,0.5,0.88,5,1.88,1.12,0.5,2.0,1.14,4
Real Zaragoza B,8,5,0,3,12,10,2,15,spain6,0.62,0.62,2,1.88,1.5,1.25,1.61,1.61,4
Ejea,8,3,4,1,8,4,4,13,spain6,0.38,0.88,4,1.62,1.0,0.5,2.63,1.14,5
Calahorra,8,4,1,3,7,9,-2,13,spain6,0.5,0.62,-2,1.62,0.88,1.12,2.0,1.61,5
Alfaro,8,3,3,2,6,6,0,12,spain6,0.38,0.75,0,1.5,0.75,0.75,2.63,1.33,6
Alaves B,8,3,2,3,9,9,0,11,spain6,0.38,0.62,0,1.38,1.12,1.12,2.63,1.61,7
Gernika,8,3,2,3,10,13,-3,11,spain6,0.38,0.62,-3,1.38,1.25,1.62,2.63,1.61,7
Real Sociedad C,8,3,1,4,11,12,-1,10,spain6,0.38,0.5,-1,1.25,1.38,1.5,2.63,2.0,8
Tudelano,8,2,2,4,8,9,-1,8,spain6,0.25,0.5,-1,1.0,1.0,1.12,4.0,2.0,9
Subiza,8,2,2,4,9,14,-5,8,spain6,0.25,0.5,-5,1.0,1.12,1.75,4.0,2.0,9
Anguiano,8,1,3,4,5,10,-5,6,spain6,0.12,0.5,-5,0.75,0.62,1.25,8.33,2.0,10
Izarra,8,0,1,7,3,14,-11,1,spain6,0.0,0.12,-11,0.12,0.38,1.75,0.0,8.33,11
Europa,8,7,1,0,17,3,14,22,spain7,0.88,1.0,14,2.75,2.12,0.38,1.14,1.0,1
Cornella,8,5,3,0,17,11,6,18,spain7,0.62,1.0,6,2.25,2.12,1.38,1.61,1.0,2
Torrent,8,5,2,1,10,4,6,17,spain7,0.62,0.88,6,2.12,1.25,0.5,1.61,1.14,3
Andratx,8,5,1,2,10,10,0,16,spain7,0.62,0.75,0,2.0,1.25,1.25,1.61,1.33,4
Espanyol B,8,4,3,1,13,7,6,15,spain7,0.5,0.88,6,1.88,1.62,0.88,2.0,1.14,5
Valencia B,8,5,0,3,12,8,4,15,spain7,0.62,0.62,4,1.88,1.5,1.0,1.61,1.61,5
Sabadell,8,4,2,2,16,7,9,14,spain7,0.5,0.75,9,1.75,2.0,0.88,2.0,1.33,6
A. Baleares,8,3,5,0,12,6,6,14,spain7,0.38,1.0,6,1.75,1.5,0.75,2.63,1.0,6
Terrassa,8,4,2,2,9,5,4,14,spain7,0.5,0.75,4,1.75,1.12,0.62,2.0,1.33,6
SD Ibiza,8,4,1,3,12,11,1,13,spain7,0.5,0.62,1,1.62,1.5,1.38,2.0,1.61,7
Sant Andreu,8,3,2,3,15,9,6,11,spain7,0.38,0.62,6,1.38,1.88,1.12,2.63,1.61,8
Olot,8,3,2,3,10,8,2,11,spain7,0.38,0.62,2,1.38,1.25,1.0,2.63,1.61,8
Ilicitano,8,3,1,4,9,9,0,10,spain7,0.38,0.5,0,1.25,1.12,1.12,2.63,2.0,9
Pena Deportiva,8,1,6,1,8,8,0,9,spain7,0.12,0.88,0,1.12,1.0,1.0,8.33,1.14,10
Lleida,8,0,6,2,6,10,-4,6,spain7,0.0,0.75,-4,0.75,0.75,1.25,0.0,1.33,11
Mallorca B,8,1,1,6,6,13,-7,4,spain7,0.12,0.25,-7,0.5,0.75,1.62,8.33,4.0,12
Alzira,8,0,1,7,4,16,-12,1,spain7,0.0,0.12,-12,0.12,0.5,2.0,0.0,8.33,13
Badalona,8,0,1,7,4,17,-13,1,spain7,0.0,0.12,-13,0.12,0.5,2.12,0.0,8.33,13
Torremolinos,8,6,1,1,15,5,10,19,spain8,0.75,0.88,10,2.38,1.88,0.62,1.33,1.14,1
La Union,8,6,1,1,11,4,7,19,spain8,0.75,0.88,7,2.38,1.38,0.5,1.33,1.14,1
Linares,8,5,2,1,14,5,9,17,spain8,0.62,0.88,9,2.12,1.75,0.62,1.61,1.14,2
CD Estepona,8,5,2,1,15,7,8,17,spain8,0.62,0.88,8,2.12,1.88,0.88,1.61,1.14,2
UCAM Murcia,8,4,3,1,12,4,8,15,spain8,0.5,0.88,8,1.88,1.5,0.5,2.0,1.14,3
Almeria B,8,5,0,3,12,9,3,15,spain8,0.62,0.62,3,1.88,1.5,1.12,1.61,1.61,3
Villanovense,8,4,2,2,11,6,5,14,spain8,0.5,0.75,5,1.75,1.38,0.75,2.0,1.33,4
Xerez CD,8,4,2,2,11,7,4,14,spain8,0.5,0.75,4,1.75,1.38,0.88,2.0,1.33,4
Antoniano,8,4,2,2,10,9,1,14,spain8,0.5,0.75,1,1.75,1.25,1.12,2.0,1.33,4
Orihuela,8,4,2,2,5,4,1,14,spain8,0.5,0.75,1,1.75,0.62,0.5,2.0,1.33,4
Xerez D. FC,8,4,1,3,8,6,2,13,spain8,0.5,0.62,2,1.62,1.0,0.75,2.0,1.61,5
Aguilas CF,8,4,1,3,8,8,0,13,spain8,0.5,0.62,0,1.62,1.0,1.0,2.0,1.61,5
San Fernando,8,3,3,2,11,8,3,12,spain8,0.38,0.75,3,1.5,1.38,1.0,2.63,1.33,6
Cadiz B,8,2,4,2,8,7,1,10,spain8,0.25,0.75,1,1.25,1.0,0.88,4.0,1.33,7
D. Minera,8,2,3,3,10,8,2,9,spain8,0.25,0.62,2,1.12,1.25,1.0,4.0,1.61,8
Linense,8,1,3,4,5,10,-5,6,spain8,0.12,0.5,-5,0.75,0.62,1.25,8.33,2.0,9
Granada B,8,1,2,5,3,9,-6,5,spain8,0.12,0.38,-6,0.62,0.38,1.12,8.33,2.63,10
Don Benito,8,0,2,6,4,13,-9,2,spain8,0.0,0.25,-9,0.25,0.5,1.62,0.0,4.0,11
Navalcarnero,8,6,1,1,15,7,8,19,spain9,0.75,0.88,8,2.38,1.88,0.88,1.33,1.14,1
Guadalajara,8,6,1,1,13,5,8,19,spain9,0.75,0.88,8,2.38,1.62,0.62,1.33,1.14,1
Cacereno,8,5,2,1,16,7,9,17,spain9,0.62,0.88,9,2.12,2.0,0.88,1.61,1.14,2
S. Sebastian R.,8,5,1,2,13,8,5,16,spain9,0.62,0.75,5,2.0,1.62,1.0,1.61,1.33,3
Talavera CF,8,4,3,1,12,5,7,15,spain9,0.5,0.88,7,1.88,1.5,0.62,2.0,1.14,4
CD Mostoles,8,5,0,3,16,11,5,15,spain9,0.62,0.62,5,1.88,2.0,1.38,1.61,1.61,4
CD Coria,8,4,3,1,15,12,3,15,spain9,0.5,0.88,3,1.88,1.88,1.5,2.0,1.14,4
Real Madrid C,8,4,2,2,11,8,3,14,spain9,0.5,0.75,3,1.75,1.38,1.0,2.0,1.33,5
Melilla,8,3,4,1,11,9,2,13,spain9,0.38,0.88,2,1.62,1.38,1.12,2.63,1.14,6
Conquense,8,4,1,3,10,8,2,13,spain9,0.5,0.62,2,1.62,1.25,1.0,2.0,1.61,6
Getafe B,8,3,3,2,10,6,4,12,spain9,0.38,0.75,4,1.5,1.25,0.75,2.63,1.33,7
Union Adarve,8,3,3,2,7,5,2,12,spain9,0.38,0.75,2,1.5,0.88,0.62,2.63,1.33,7
Atletico Paso,8,3,3,2,10,9,1,12,spain9,0.38,0.75,1,1.5,1.25,1.12,2.63,1.33,7
Tenerife B,8,3,2,3,12,13,-1,11,spain9,0.38,0.62,-1,1.38,1.5,1.62,2.63,1.61,8
Illescas,8,3,1,4,8,12,-4,10,spain9,0.38,0.5,-4,1.25,1.0,1.5,2.63,2.0,9
R. Majadahonda,8,1,5,2,3,5,-2,8,spain9,0.12,0.75,-2,1.0,0.38,0.62,8.33,1.33,10
Colonia M.,8,2,2,4,9,16,-7,8,spain9,0.25,0.5,-7,1.0,1.12,2.0,4.0,2.0,10
Yaiza,8,1,3,4,4,12,-8,6,spain9,0.12,0.5,-8,0.75,0.5,1.5,8.33,2.0,11
Hammarby,7,5,1,1,14,5,9,16,sweden,0.71,0.86,9,2.29,2.0,0.71,1.41,1.16,1
Mjallby,6,5,1,0,12,3,9,16,sweden,0.83,1.0,9,2.67,2.0,0.5,1.2,1.0,1
Elfsborg,7,5,1,1,18,10,8,16,sweden,0.71,0.86,8,2.29,2.57,1.43,1.41,1.16,1
Malmo FF,7,4,2,1,12,4,8,14,sweden,0.57,0.86,8,2.0,1.71,0.57,1.75,1.16,2
AIK,5,3,2,0,8,4,4,11,sweden,0.6,1.0,4,2.2,1.6,0.8,1.67,1.0,3
Halmstad,7,3,0,4,9,17,-8,9,sweden,0.43,0.43,-8,1.29,1.29,2.43,2.33,2.33,4
GAIS,5,2,2,1,6,4,2,8,sweden,0.4,0.8,2,1.6,1.2,0.8,2.5,1.25,5
Hacken,6,2,2,2,11,11,0,8,sweden,0.33,0.67,0,1.33,1.83,1.83,3.03,1.49,5
Sirius,6,2,1,3,7,8,-1,7,sweden,0.33,0.5,-1,1.17,1.17,1.33,3.03,2.0,6
IFK Goteborg,6,2,1,3,6,7,-1,7,sweden,0.33,0.5,-1,1.17,1.0,1.17,3.03,2.0,6
Norrkoping,7,2,1,4,11,14,-3,7,sweden,0.29,0.43,-3,1.0,1.57,2.0,3.45,2.33,6
Djurgarden,6,1,3,2,4,6,-2,6,sweden,0.17,0.67,-2,1.0,0.67,1.0,5.88,1.49,7
Oster,5,1,1,3,3,6,-3,4,sweden,0.2,0.4,-3,0.8,0.6,1.2,5.0,2.5,8
Degerfors,6,1,1,4,5,11,-6,4,sweden,0.17,0.33,-6,0.67,0.83,1.83,5.88,3.03,8
Brommapojkarna,6,1,0,5,4,10,-6,3,sweden,0.17,0.17,-6,0.5,0.67,1.67,5.88,5.88,9
Varnamo,6,0,2,4,6,11,-5,2,sweden,0.0,0.33,-5,0.33,1.0,1.83,0.0,3.03,10
Orgryte,7,6,1,0,20,4,16,19,sweden2,0.86,1.0,16,2.71,2.86,0.57,1.16,1.0,1
Varberg BoIS,5,4,1,0,11,3,8,13,sweden2,0.8,1.0,8,2.6,2.2,0.6,1.25,1.0,2
Kalmar,4,4,0,0,7,0,7,12,sweden2,1.0,1.0,7,3.0,1.75,0.0,1.0,1.0,3
Sandviken,6,3,1,2,6,5,1,10,sweden2,0.5,0.67,1,1.67,1.0,0.83,2.0,1.49,4
Falkenberg,5,2,3,0,10,5,5,9,sweden2,0.4,1.0,5,1.8,2.0,1.0,2.5,1.0,5
Vasteras,5,2,3,0,7,5,2,9,sweden2,0.4,1.0,2,1.8,1.4,1.0,2.5,1.0,5
Landskrona,6,2,3,1,9,10,-1,9,sweden2,0.33,0.83,-1,1.5,1.5,1.67,3.03,1.2,5
Ostersunds,5,2,2,1,10,8,2,8,sweden2,0.4,0.8,2,1.6,2.0,1.6,2.5,1.25,6
Utsikten,6,1,4,1,13,12,1,7,sweden2,0.17,0.83,1,1.17,2.17,2.0,5.88,1.2,7
Helsingborg,6,2,1,3,5,9,-4,7,sweden2,0.33,0.5,-4,1.17,0.83,1.5,3.03,2.0,7
Oddevold,6,2,0,4,7,13,-6,6,sweden2,0.33,0.33,-6,1.0,1.17,2.17,3.03,3.03,8
GIF Sundsvall,6,1,2,3,6,8,-2,5,sweden2,0.17,0.5,-2,0.83,1.0,1.33,5.88,2.0,9
Trelleborg,5,1,1,3,5,6,-1,4,sweden2,0.2,0.4,-1,0.8,1.0,1.2,5.0,2.5,10
Brage,5,0,2,3,4,9,-5,2,sweden2,0.0,0.4,-5,0.4,0.8,1.8,0.0,2.5,11
Orebro,5,0,2,3,4,9,-5,2,sweden2,0.0,0.4,-5,0.4,0.8,1.8,0.0,2.5,11
Umea,6,0,2,4,6,12,-6,2,sweden2,0.0,0.33,-6,0.33,1.0,2.0,0.0,3.03,11
BSC Young Boys,8,7,1,0,21,6,15,22,switzerland,0.88,1.0,15,2.75,2.62,0.75,1.14,1.0,1
FC Basel,8,6,1,1,22,5,17,19,switzerland,0.75,0.88,17,2.38,2.75,0.62,1.33,1.14,2
Winterthur,8,5,2,1,12,4,8,17,switzerland,0.62,0.88,8,2.12,1.5,0.5,1.61,1.14,3
St. Gallen,8,5,1,2,13,12,1,16,switzerland,0.62,0.75,1,2.0,1.62,1.5,1.61,1.33,4
Sion,8,4,3,1,12,9,3,15,switzerland,0.5,0.88,3,1.88,1.5,1.12,2.0,1.14,5
Servette,8,4,2,2,16,11,5,14,switzerland,0.5,0.75,5,1.75,2.0,1.38,2.0,1.33,6
Grasshopper,8,4,1,3,14,7,7,13,switzerland,0.5,0.62,7,1.62,1.75,0.88,2.0,1.61,7
FC Zurich,8,4,1,3,16,15,1,13,switzerland,0.5,0.62,1,1.62,2.0,1.88,2.0,1.61,7
Luzern,8,3,3,2,16,12,4,12,switzerland,0.38,0.75,4,1.5,2.0,1.5,2.63,1.33,8
Yverdon,8,3,3,2,11,11,0,12,switzerland,0.38,0.75,0,1.5,1.38,1.38,2.63,1.33,8
Lausanne Sport,8,3,2,3,13,13,0,11,switzerland,0.38,0.62,0,1.38,1.62,1.62,2.63,1.61,9
Lugano,8,2,3,3,9,14,-5,9,switzerland,0.25,0.62,-5,1.12,1.12,1.75,4.0,1.61,10
Thun,8,7,1,0,21,5,16,22,switzerland2,0.88,1.0,16,2.75,2.62,0.62,1.14,1.0,1
Vaduz,8,5,1,2,11,7,4,16,switzerland2,0.62,0.75,4,2.0,1.38,0.88,1.61,1.33,2
Bellinzona,8,4,2,2,12,9,3,14,switzerland2,0.5,0.75,3,1.75,1.5,1.12,2.0,1.33,3
Etoile Carouge,8,4,1,3,16,11,5,13,switzerland2,0.5,0.62,5,1.62,2.0,1.38,2.0,1.61,4
Aarau,8,3,4,1,15,11,4,13,switzerland2,0.38,0.88,4,1.62,1.88,1.38,2.63,1.14,4
Lausanne Ouchy,8,3,2,3,10,8,2,11,switzerland2,0.38,0.62,2,1.38,1.25,1.0,2.63,1.61,5
Neuchatel Xamax,8,2,3,3,15,11,4,9,switzerland2,0.25,0.62,4,1.12,1.88,1.38,4.0,1.61,6
Wil,8,2,3,3,13,16,-3,9,switzerland2,0.25,0.62,-3,1.12,1.62,2.0,4.0,1.61,6
Stade Nyonnais,8,3,0,5,8,11,-3,9,switzerland2,0.38,0.38,-3,1.12,1.0,1.38,2.63,2.63,6
Schaffhausen,8,0,3,5,10,18,-8,3,switzerland2,0.0,0.38,-8,0.38,1.25,2.25,0.0,2.63,7
Chiangrai Utd,8,7,0,1,12,3,9,21,thailand,0.88,0.88,9,2.62,1.5,0.38,1.14,1.14,1
Bangkok Utd,8,6,2,0,19,7,12,20,thailand,0.75,1.0,12,2.5,2.38,0.88,1.33,1.0,2
Pathum Utd,8,6,1,1,15,7,8,19,thailand,0.75,0.88,8,2.38,1.88,0.88,1.33,1.14,3
Buriram Utd,8,6,0,2,33,4,29,18,thailand,0.75,0.75,29,2.25,4.12,0.5,1.33,1.33,4
Muang Thong Utd,8,6,0,2,16,8,8,18,thailand,0.75,0.75,8,2.25,2.0,1.0,1.33,1.33,4
Ratchaburi,8,5,2,1,17,9,8,17,thailand,0.62,0.88,8,2.12,2.12,1.12,1.61,1.14,5
Uthai Thani,8,3,5,0,12,4,8,14,thailand,0.38,1.0,8,1.75,1.5,0.5,2.63,1.0,6
Prachuap,8,4,2,2,16,10,6,14,thailand,0.5,0.75,6,1.75,2.0,1.25,2.0,1.33,6
Lamphun Warrior,8,4,1,3,11,11,0,13,thailand,0.5,0.62,0,1.62,1.38,1.38,2.0,1.61,7
Port FC,8,3,3,2,15,12,3,12,thailand,0.38,0.75,3,1.5,1.88,1.5,2.63,1.33,8
Rayong,8,3,2,3,17,16,1,11,thailand,0.38,0.62,1,1.38,2.12,2.0,2.63,1.61,9
Sukhothai,8,3,2,3,12,14,-2,11,thailand,0.38,0.62,-2,1.38,1.5,1.75,2.63,1.61,9
N. Ratchasima,8,2,4,2,14,17,-3,10,thailand,0.25,0.75,-3,1.25,1.75,2.12,4.0,1.33,10
N. Bua Pitchaya,8,1,5,2,6,8,-2,8,thailand,0.12,0.75,-2,1.0,0.75,1.0,8.33,1.33,11
Khon Kaen Utd,8,2,1,5,12,18,-6,7,thailand,0.25,0.38,-6,0.88,1.5,2.25,4.0,2.63,12
Nakhon Pathom,8,2,1,5,11,22,-11,7,thailand,0.25,0.38,-11,0.88,1.38,2.75,4.0,2.63,12
Ayutthaya Utd,8,7,1,0,22,5,17,22,thailand2,0.88,1.0,17,2.75,2.75,0.62,1.14,1.0,1
Chonburi,8,7,1,0,24,8,16,22,thailand2,0.88,1.0,16,2.75,3.0,1.0,1.14,1.0,1
Kasetsart,8,5,3,0,8,2,6,18,thailand2,0.62,1.0,6,2.25,1.0,0.25,1.61,1.0,2
Lampang,8,5,2,1,16,9,7,17,thailand2,0.62,0.88,7,2.12,2.0,1.12,1.61,1.14,3
Police Tero,8,5,2,1,11,5,6,17,thailand2,0.62,0.88,6,2.12,1.38,0.62,1.61,1.14,3
Phrae Utd,8,4,3,1,16,5,11,15,thailand2,0.5,0.88,11,1.88,2.0,0.62,2.0,1.14,4
Trat FC,8,4,2,2,15,9,6,14,thailand2,0.5,0.75,6,1.75,1.88,1.12,2.0,1.33,5
Chainat,8,4,2,2,12,9,3,14,thailand2,0.5,0.75,3,1.75,1.5,1.12,2.0,1.33,5
Chanthaburi,8,4,2,2,11,8,3,14,thailand2,0.5,0.75,3,1.75,1.38,1.0,2.0,1.33,5
Sisaket Utd,8,4,2,2,8,6,2,14,thailand2,0.5,0.75,2,1.75,1.0,0.75,2.0,1.33,5
Nakhon Si,8,4,1,3,13,13,0,13,thailand2,0.5,0.62,0,1.62,1.62,1.62,2.0,1.61,6
Suphanburi,8,3,3,2,18,12,6,12,thailand2,0.38,0.75,6,1.5,2.25,1.5,2.63,1.33,7
Kanchanaburi,8,3,3,2,11,8,3,12,thailand2,0.38,0.75,3,1.5,1.38,1.0,2.63,1.33,7
Chiangmai Utd,8,3,3,2,13,13,0,12,thailand2,0.38,0.75,0,1.5,1.62,1.62,2.63,1.33,7
Bangkok FC,8,2,4,2,10,12,-2,10,thailand2,0.25,0.75,-2,1.25,1.25,1.5,4.0,1.33,8
Mahasarakham,8,2,3,3,11,13,-2,9,thailand2,0.25,0.62,-2,1.12,1.38,1.62,4.0,1.61,9
Pattaya United,8,2,1,5,4,12,-8,7,thailand2,0.25,0.38,-8,0.88,0.5,1.5,4.0,2.63,10
Samut Prakan,0,0,0,0,0,0,0,0,thailand2,0.0,0.0,0,0.0,0.0,0.0,0.0,0.0,11
Galatasaray,8,7,1,0,19,1,18,22,turkey,0.88,1.0,18,2.75,2.38,0.12,1.14,1.0,1
Kayserispor,8,7,1,0,18,5,13,22,turkey,0.88,1.0,13,2.75,2.25,0.62,1.14,1.0,1
Konyaspor,8,6,0,2,10,5,5,18,turkey,0.75,0.75,5,2.25,1.25,0.62,1.33,1.33,2
Fenerbahce,8,5,2,1,17,8,9,17,turkey,0.62,0.88,9,2.12,2.12,1.0,1.61,1.14,3
Antalyaspor,8,5,2,1,9,6,3,17,turkey,0.62,0.88,3,2.12,1.12,0.75,1.61,1.14,3
Rizespor,8,5,1,2,19,11,8,16,turkey,0.62,0.75,8,2.0,2.38,1.38,1.61,1.33,4
Besiktas,8,5,0,3,17,10,7,15,turkey,0.62,0.62,7,1.88,2.12,1.25,1.61,1.61,5
Samsunspor,8,5,0,3,13,10,3,15,turkey,0.62,0.62,3,1.88,1.62,1.25,1.61,1.61,5
Sivasspor,8,4,2,2,17,10,7,14,turkey,0.5,0.75,7,1.75,2.12,1.25,2.0,1.33,6
Trabzonspor,8,4,2,2,14,12,2,14,turkey,0.5,0.75,2,1.75,1.75,1.5,2.0,1.33,6
Gaziantep,8,4,1,3,11,10,1,13,turkey,0.5,0.62,1,1.62,1.38,1.25,2.0,1.61,7
Kasimpasa,8,3,3,2,16,14,2,12,turkey,0.38,0.75,2,1.5,2.0,1.75,2.63,1.33,8
Basaksehir,8,4,0,4,11,12,-1,12,turkey,0.5,0.5,-1,1.5,1.38,1.5,2.0,2.0,8
Alanyaspor,8,3,2,3,9,9,0,11,turkey,0.38,0.62,0,1.38,1.12,1.12,2.63,1.61,9
Hatayspor,8,3,1,4,15,16,-1,10,turkey,0.38,0.5,-1,1.25,1.88,2.0,2.63,2.0,10
Eyupspor,8,3,1,4,14,17,-3,10,turkey,0.38,0.5,-3,1.25,1.75,2.12,2.63,2.0,10
Bodrumspor,8,2,3,3,6,11,-5,9,turkey,0.25,0.62,-5,1.12,0.75,1.38,4.0,1.61,11
Goztepe,8,1,5,2,10,10,0,8,turkey,0.12,0.75,0,1.0,1.25,1.25,8.33,1.33,12
Adana Demirspor,8,0,3,5,7,18,-11,3,turkey,0.0,0.38,-11,0.38,0.88,2.25,0.0,2.63,13
Istanbulspor,8,7,0,1,24,4,20,21,turkey2,0.88,0.88,20,2.62,3.0,0.5,1.14,1.14,1
Igdir,8,6,2,0,18,2,16,20,turkey2,0.75,1.0,16,2.5,2.25,0.25,1.33,1.0,2
Bandirmaspor,8,6,2,0,13,6,7,20,turkey2,0.75,1.0,7,2.5,1.62,0.75,1.33,1.0,2
Kocaelispor,8,5,2,1,22,9,13,17,turkey2,0.62,0.88,13,2.12,2.75,1.12,1.61,1.14,3
Sakaryaspor,8,5,2,1,16,8,8,17,turkey2,0.62,0.88,8,2.12,2.0,1.0,1.61,1.14,3
Genclerbirligi,8,5,2,1,13,5,8,17,turkey2,0.62,0.88,8,2.12,1.62,0.62,1.61,1.14,3
Corum,8,5,2,1,18,11,7,17,turkey2,0.62,0.88,7,2.12,2.25,1.38,1.61,1.14,3
Boluspor,8,4,4,0,16,3,13,16,turkey2,0.5,1.0,13,2.0,2.0,0.38,2.0,1.0,4
Amed SK,8,4,3,1,15,6,9,15,turkey2,0.5,0.88,9,1.88,1.88,0.75,2.0,1.14,5
F. Karagumruk,8,4,3,1,8,5,3,15,turkey2,0.5,0.88,3,1.88,1.0,0.62,2.0,1.14,5
Erokspor,8,4,2,2,14,11,3,14,turkey2,0.5,0.75,3,1.75,1.75,1.38,2.0,1.33,6
Umraniyespor,8,3,4,1,8,4,4,13,turkey2,0.38,0.88,4,1.62,1.0,0.5,2.63,1.14,7
Ankaragucu,8,4,1,3,12,10,2,13,turkey2,0.5,0.62,2,1.62,1.5,1.25,2.0,1.61,7
Pendikspor,8,3,2,3,9,10,-1,11,turkey2,0.38,0.62,-1,1.38,1.12,1.25,2.63,1.61,8
Erzurum BB,8,2,3,3,9,10,-1,9,turkey2,0.25,0.62,-1,1.12,1.12,1.25,4.0,1.61,9
Keciorengucu,8,2,2,4,16,15,1,8,turkey2,0.25,0.5,1,1.0,2.0,1.88,4.0,2.0,10
Manisa BB,8,2,2,4,8,11,-3,8,turkey2,0.25,0.5,-3,1.0,1.0,1.38,4.0,2.0,10
Sanliurfaspor,8,1,1,6,5,12,-7,4,turkey2,0.12,0.25,-7,0.5,0.62,1.5,8.33,4.0,11
Adanaspor,8,1,1,6,5,24,-19,4,turkey2,0.12,0.25,-19,0.5,0.62,3.0,8.33,4.0,11
Y. Malatyaspor,8,0,0,8,2,38,-36,0,turkey2,0.0,0.0,-36,0.0,0.25,4.75,0.0,0.0,12
B. Petrolspor,8,8,0,0,19,2,17,24,turkey3,1.0,1.0,17,3.0,2.38,0.25,1.0,1.0,1
Sariyer,8,7,1,0,26,6,20,22,turkey3,0.88,1.0,20,2.75,3.25,0.75,1.14,1.0,2
Kastamonuspor,8,6,2,0,15,3,12,20,turkey3,0.75,1.0,12,2.5,1.88,0.38,1.33,1.0,3
Iskenderun,8,5,2,1,18,10,8,17,turkey3,0.62,0.88,8,2.12,2.25,1.25,1.61,1.14,4
Adana,8,5,2,1,16,8,8,17,turkey3,0.62,0.88,8,2.12,2.0,1.0,1.61,1.14,4
Inegolspor,8,4,4,0,13,6,7,16,turkey3,0.5,1.0,7,2.0,1.62,0.75,2.0,1.0,5
Trabzon FK,8,4,3,1,7,3,4,15,turkey3,0.5,0.88,4,1.88,0.88,0.38,2.0,1.14,6
Fethiyespor,8,4,2,2,6,7,-1,14,turkey3,0.5,0.75,-1,1.75,0.75,0.88,2.0,1.33,7
Altay,8,4,1,3,12,7,5,13,turkey3,0.5,0.62,5,1.62,1.5,0.88,2.0,1.61,8
Isparta Davrazs,8,4,1,3,15,11,4,13,turkey3,0.5,0.62,4,1.62,1.88,1.38,2.0,1.61,8
Altinordu,8,3,4,1,12,10,2,13,turkey3,0.38,0.88,2,1.62,1.5,1.25,2.63,1.14,8
B. Anadolu,8,4,1,3,11,13,-2,13,turkey3,0.5,0.62,-2,1.62,1.38,1.62,2.0,1.61,8
Ankaraspor,8,3,3,2,16,6,10,12,turkey3,0.38,0.75,10,1.5,2.0,0.75,2.63,1.33,9
24 Erzincanspor,8,3,2,3,13,13,0,11,turkey3,0.38,0.62,0,1.38,1.62,1.62,2.63,1.61,10
Karakopru,8,3,1,4,13,11,2,10,turkey3,0.38,0.5,2,1.25,1.62,1.38,2.63,2.0,11
Kirklarelispor,8,3,1,4,11,9,2,10,turkey3,0.38,0.5,2,1.25,1.38,1.12,2.63,2.0,11
Kepez Belediyes,8,2,1,5,7,12,-5,7,turkey3,0.25,0.38,-5,0.88,0.88,1.5,4.0,2.63,12
Afyonspor,8,0,0,8,0,24,-24,0,turkey3,0.0,0.0,-24,0.0,0.0,3.0,0.0,0.0,13
Elazigspor,8,8,0,0,20,4,16,24,turkey4,1.0,1.0,16,3.0,2.5,0.5,1.0,1.0,1
Menemen B.,8,7,1,0,21,9,12,22,turkey4,0.88,1.0,12,2.75,2.62,1.12,1.14,1.0,2
Karacabey,8,7,0,1,15,8,7,21,turkey4,0.88,0.88,7,2.62,1.88,1.0,1.14,1.14,3
Serik Belediyes,8,5,3,0,26,8,18,18,turkey4,0.62,1.0,18,2.25,3.25,1.0,1.61,1.0,4
Van Spor,8,5,3,0,16,5,11,18,turkey4,0.62,1.0,11,2.25,2.0,0.62,1.61,1.0,4
Diyarbekirspor,8,5,2,1,10,4,6,17,turkey4,0.62,0.88,6,2.12,1.25,0.5,1.61,1.14,5
Beyoglu Yeni C.,8,5,1,2,15,9,6,16,turkey4,0.62,0.75,6,2.0,1.88,1.12,1.61,1.33,6
A. Demirspor,8,4,3,1,14,6,8,15,turkey4,0.5,0.88,8,1.88,1.75,0.75,2.0,1.14,7
Erbaaspor,8,5,0,3,17,16,1,15,turkey4,0.62,0.62,1,1.88,2.12,2.0,1.61,1.61,7
Bucaspor,8,4,1,3,11,13,-2,13,turkey4,0.5,0.62,-2,1.62,1.38,1.62,2.0,1.61,8
Aksaray B.,8,3,3,2,14,12,2,12,turkey4,0.38,0.75,2,1.5,1.75,1.5,2.63,1.33,9
Karaman,8,2,5,1,9,7,2,11,turkey4,0.25,0.88,2,1.38,1.12,0.88,4.0,1.14,10
Yeni Mersin,8,3,2,3,7,10,-3,11,turkey4,0.38,0.62,-3,1.38,0.88,1.25,2.63,1.61,10
Derince,8,3,2,3,12,16,-4,11,turkey4,0.38,0.62,-4,1.38,1.5,2.0,2.63,1.61,10
Somaspor,8,3,1,4,9,10,-1,10,turkey4,0.38,0.5,-1,1.25,1.12,1.25,2.63,2.0,11
Arnavutkoy B.,8,3,1,4,16,18,-2,10,turkey4,0.38,0.5,-2,1.25,2.0,2.25,2.63,2.0,11
Giresunspor,8,0,1,7,5,20,-15,1,turkey4,0.0,0.12,-15,0.12,0.62,2.5,0.0,8.33,12
Nazillispor,8,0,1,7,5,31,-26,1,turkey4,0.0,0.12,-26,0.12,0.62,3.88,0.0,8.33,12
Anadolu U.,8,6,2,0,14,3,11,20,turkey5,0.75,1.0,11,2.5,1.75,0.38,1.33,1.0,1
Kutahyaspor,8,6,1,1,16,8,8,19,turkey5,0.75,0.88,8,2.38,2.0,1.0,1.33,1.14,2
Duzcespor,8,6,1,1,12,8,4,19,turkey5,0.75,0.88,4,2.38,1.5,1.0,1.33,1.14,2
Bursaspor,8,5,3,0,18,4,14,18,turkey5,0.62,1.0,14,2.25,2.25,0.5,1.61,1.0,3
Karsiyaka,8,6,0,2,18,7,11,18,turkey5,0.75,0.75,11,2.25,2.25,0.88,1.33,1.33,3
Musspor,8,5,3,0,18,8,10,18,turkey5,0.62,1.0,10,2.25,2.25,1.0,1.61,1.0,3
Artvin Hopaspor,8,4,3,1,14,6,8,15,turkey5,0.5,0.88,8,1.88,1.75,0.75,2.0,1.14,4
K. Bulvarspor,8,4,2,2,9,7,2,14,turkey5,0.5,0.75,2,1.75,1.12,0.88,2.0,1.33,5
Ergene Velimese,8,4,2,2,11,11,0,14,turkey5,0.5,0.75,0,1.75,1.38,1.38,2.0,1.33,5
Tokat,8,4,1,3,14,8,6,13,turkey5,0.5,0.62,6,1.62,1.75,1.0,2.0,1.61,6
Silifke,8,4,1,3,14,12,2,13,turkey5,0.5,0.62,2,1.62,1.75,1.5,2.0,1.61,6
Kirsehir B.,8,3,2,3,7,13,-6,11,turkey5,0.38,0.62,-6,1.38,0.88,1.62,2.63,1.61,7
Kusadasispor,8,3,1,4,5,10,-5,10,turkey5,0.38,0.5,-5,1.25,0.62,1.25,2.63,2.0,8
Elaziz K.,8,1,4,3,6,9,-3,7,turkey5,0.12,0.62,-3,0.88,0.75,1.12,8.33,1.61,9
Viven Bornova,8,1,2,5,8,18,-10,5,turkey5,0.12,0.38,-10,0.62,1.0,2.25,8.33,2.63,10
Kahramanmar.,8,1,1,6,6,12,-6,4,turkey5,0.12,0.25,-6,0.5,0.75,1.5,8.33,4.0,11
Beykoz Ishaklis,8,6,1,1,18,4,14,19,turkey6,0.75,0.88,14,2.38,2.25,0.5,1.33,1.14,1
Muglaspor,8,6,1,1,9,4,5,19,turkey6,0.75,0.88,5,2.38,1.12,0.5,1.33,1.14,1
Amasyaspor,8,6,0,2,15,7,8,18,turkey6,0.75,0.75,8,2.25,1.88,0.88,1.33,1.33,2
Usakspor,8,4,4,0,16,5,11,16,turkey6,0.5,1.0,11,2.0,2.0,0.62,2.0,1.0,3
Mazidagi,8,4,3,1,18,5,13,15,turkey6,0.5,0.88,13,1.88,2.25,0.62,2.0,1.14,4
Tire 2021 FK,8,4,2,2,18,8,10,14,turkey6,0.5,0.75,10,1.75,2.25,1.0,2.0,1.33,5
Balikesirspor,8,4,2,2,15,6,9,14,turkey6,0.5,0.75,9,1.75,1.88,0.75,2.0,1.33,5
Turk Metal 1963,8,4,2,2,17,11,6,14,turkey6,0.5,0.75,6,1.75,2.12,1.38,2.0,1.33,5
Inegol Kafkas,8,4,1,3,11,7,4,13,turkey6,0.5,0.62,4,1.62,1.38,0.88,2.0,1.61,6
Cayelispor,8,3,3,2,9,7,2,12,turkey6,0.38,0.75,2,1.5,1.12,0.88,2.63,1.33,7
Silivrispor,8,3,2,3,8,10,-2,11,turkey6,0.38,0.62,-2,1.38,1.0,1.25,2.63,1.61,8
Etimesgut,8,2,3,3,9,9,0,9,turkey6,0.25,0.62,0,1.12,1.12,1.12,4.0,1.61,9
Fatsa B.,8,2,2,4,5,11,-6,8,turkey6,0.25,0.5,-6,1.0,0.62,1.38,4.0,2.0,10
Kelkit,8,1,4,3,8,11,-3,7,turkey6,0.12,0.62,-3,0.88,1.0,1.38,8.33,1.61,11
Nevsehirspor,8,1,3,4,7,17,-10,6,turkey6,0.12,0.5,-10,0.75,0.88,2.12,8.33,2.0,12
Adiyaman,8,0,0,8,2,20,-18,0,turkey6,0.0,0.0,-18,0.0,0.25,2.5,0.0,0.0,13
Aliaga FAS,8,8,0,0,23,3,20,24,turkey7,1.0,1.0,20,3.0,2.88,0.38,1.0,1.0,1
Corluspor,8,7,1,0,22,9,13,22,turkey7,0.88,1.0,13,2.75,2.75,1.12,1.14,1.0,2
Ayvalikgucu,8,6,2,0,17,9,8,20,turkey7,0.75,1.0,8,2.5,2.12,1.12,1.33,1.0,3
Yozgat Bld Bozo,8,5,2,1,19,10,9,17,turkey7,0.62,0.88,9,2.12,2.38,1.25,1.61,1.14,4
Orduspor,8,5,1,2,18,8,10,16,turkey7,0.62,0.75,10,2.0,2.25,1.0,1.61,1.33,5
Kucukcekmece,8,4,4,0,15,6,9,16,turkey7,0.5,1.0,9,2.0,1.88,0.75,2.0,1.0,5
1923 M.,8,3,3,2,12,12,0,12,turkey7,0.38,0.75,0,1.5,1.5,1.5,2.63,1.33,6
Osmaniyespor,8,3,3,2,16,18,-2,12,turkey7,0.38,0.75,-2,1.5,2.0,2.25,2.63,1.33,6
Cankaya FK,8,3,3,2,12,14,-2,12,turkey7,0.38,0.75,-2,1.5,1.5,1.75,2.63,1.33,6
Efeler 09,8,3,2,3,8,7,1,11,turkey7,0.38,0.62,1,1.38,1.0,0.88,2.63,1.61,7
Pazarspor,8,3,2,3,8,7,1,11,turkey7,0.38,0.62,1,1.38,1.0,0.88,2.63,1.61,7
Alanya 1221,8,3,1,4,12,9,3,10,turkey7,0.38,0.5,3,1.25,1.5,1.12,2.63,2.0,8
Viransehir,8,3,1,4,9,10,-1,10,turkey7,0.38,0.5,-1,1.25,1.12,1.25,2.63,2.0,8
Bayburt,8,3,1,4,5,8,-3,10,turkey7,0.38,0.5,-3,1.25,0.62,1.0,2.63,2.0,8
K. Idmanyurdu,8,2,3,3,7,7,0,9,turkey7,0.25,0.62,0,1.12,0.88,0.88,4.0,1.61,9
1922 Konyaspor,8,1,3,4,3,8,-5,6,turkey7,0.12,0.5,-5,0.75,0.38,1.0,8.33,2.0,10
Mardin BB,8,7,1,0,26,6,20,22,turkey8,0.88,1.0,20,2.75,3.25,0.75,1.14,1.0,1
K. Istiklalspor,8,7,1,0,24,8,16,22,turkey8,0.88,1.0,16,2.75,3.0,1.0,1.14,1.0,1
Sebat G.,8,7,0,1,23,6,17,21,turkey8,0.88,0.88,17,2.62,2.88,0.75,1.14,1.14,2
Kirikkale B.,8,5,3,0,13,5,8,18,turkey8,0.62,1.0,8,2.25,1.62,0.62,1.61,1.0,3
Agri 1970,8,5,3,0,11,5,6,18,turkey8,0.62,1.0,6,2.25,1.38,0.62,1.61,1.0,3
Z. Komurspor,8,5,2,1,15,9,6,17,turkey8,0.62,0.88,6,2.12,1.88,1.12,1.61,1.14,4
Denizlispor,8,3,4,1,11,7,4,13,turkey8,0.38,0.88,4,1.62,1.38,0.88,2.63,1.14,5
Orduspor 1967,8,3,3,2,14,8,6,12,turkey8,0.38,0.75,6,1.5,1.75,1.0,2.63,1.33,6
Polatli B.,8,3,3,2,11,7,4,12,turkey8,0.38,0.75,4,1.5,1.38,0.88,2.63,1.33,6
Nigde Belediyes,8,3,3,2,11,9,2,12,turkey8,0.38,0.75,2,1.5,1.38,1.12,2.63,1.33,6
Nilufer B.,8,3,1,4,12,9,3,10,turkey8,0.38,0.5,3,1.25,1.5,1.12,2.63,2.0,7
Erciyes,8,3,1,4,7,11,-4,10,turkey8,0.38,0.5,-4,1.25,0.88,1.38,2.63,2.0,7
Turgutluspor,8,2,1,5,12,18,-6,7,turkey8,0.25,0.38,-6,0.88,1.5,2.25,4.0,2.63,8
Edirnespor,8,1,3,4,11,20,-9,6,turkey8,0.12,0.5,-9,0.75,1.38,2.5,8.33,2.0,9
Coruhlu,8,1,2,5,10,15,-5,5,turkey8,0.12,0.38,-5,0.62,1.25,1.88,8.33,2.63,10
Tepecik,8,1,2,5,5,12,-7,5,turkey8,0.12,0.38,-7,0.62,0.62,1.5,8.33,2.63,10
Shabab Al Ahli,8,7,1,0,18,4,14,22,uae,0.88,1.0,14,2.75,2.25,0.5,1.14,1.0,1
Al Wasl,8,5,2,1,17,6,11,17,uae,0.62,0.88,11,2.12,2.12,0.75,1.61,1.14,2
Al Ain,8,4,3,1,13,5,8,15,uae,0.5,0.88,8,1.88,1.62,0.62,2.0,1.14,3
Al Wahda,8,4,3,1,18,11,7,15,uae,0.5,0.88,7,1.88,2.25,1.38,2.0,1.14,3
Ajman,8,4,1,3,21,17,4,13,uae,0.5,0.62,4,1.62,2.62,2.12,2.0,1.61,4
Al Sharjah,8,4,1,3,11,7,4,13,uae,0.5,0.62,4,1.62,1.38,0.88,2.0,1.61,4
Khorfakkan,8,3,3,2,14,13,1,12,uae,0.38,0.75,1,1.5,1.75,1.62,2.63,1.33,5
Al Nasr,8,3,1,4,10,12,-2,10,uae,0.38,0.5,-2,1.25,1.25,1.5,2.63,2.0,6
Ittihad Kalba,8,3,0,5,10,12,-2,9,uae,0.38,0.38,-2,1.12,1.25,1.5,2.63,2.63,7
Al Bataeh,8,2,3,3,8,12,-4,9,uae,0.25,0.62,-4,1.12,1.0,1.5,4.0,1.61,7
Al Jazira,8,2,2,4,6,11,-5,8,uae,0.25,0.5,-5,1.0,0.75,1.38,4.0,2.0,8
Bani Yas,8,1,4,3,9,16,-7,7,uae,0.12,0.62,-7,0.88,1.12,2.0,8.33,1.61,9
Al Urooba,8,1,1,6,10,17,-7,4,uae,0.12,0.25,-7,0.5,1.25,2.12,8.33,4.0,10
Dibba Al Hisn,8,1,0,7,6,15,-9,3,uae,0.12,0.12,-9,0.38,0.75,1.88,8.33,8.33,11
Oleksandria,8,6,2,0,17,3,14,20,ukraine,0.75,1.0,14,2.5,2.12,0.38,1.33,1.0,1
Dynamo Kyiv,8,6,2,0,17,4,13,20,ukraine,0.75,1.0,13,2.5,2.12,0.5,1.33,1.0,1
Karpaty Lviv,8,6,1,1,17,5,12,19,ukraine,0.75,0.88,12,2.38,2.12,0.62,1.33,1.14,2
Shakhtar,8,4,3,1,16,9,7,15,ukraine,0.5,0.88,7,1.88,2.0,1.12,2.0,1.14,3
Veres,8,4,3,1,15,9,6,15,ukraine,0.5,0.88,6,1.88,1.88,1.12,2.0,1.14,3
Zorya Luhansk,8,4,1,3,9,9,0,13,ukraine,0.5,0.62,0,1.62,1.12,1.12,2.0,1.61,4
Kryvbas KR,8,4,0,4,11,8,3,12,ukraine,0.5,0.5,3,1.5,1.38,1.0,2.0,2.0,5
Obolon,8,3,3,2,5,5,0,12,ukraine,0.38,0.75,0,1.5,0.62,0.62,2.63,1.33,5
Livyi Bereh,8,3,2,3,10,9,1,11,ukraine,0.38,0.62,1,1.38,1.25,1.12,2.63,1.61,6
Polessya,8,2,4,2,8,7,1,10,ukraine,0.25,0.75,1,1.25,1.0,0.88,4.0,1.33,7
Inhulets,8,2,2,4,6,13,-7,8,ukraine,0.25,0.5,-7,1.0,0.75,1.62,4.0,2.0,8
Kolos Kovalivka,8,1,4,3,5,7,-2,7,ukraine,0.12,0.62,-2,0.88,0.62,0.88,8.33,1.61,9
LNZ Cherkasy,8,1,3,4,6,10,-4,6,ukraine,0.12,0.5,-4,0.75,0.75,1.25,8.33,2.0,10
Rukh Lviv,8,1,3,4,5,9,-4,6,ukraine,0.12,0.5,-4,0.75,0.62,1.12,8.33,2.0,10
Vorskla Poltava,8,1,2,5,7,11,-4,5,ukraine,0.12,0.38,-4,0.62,0.88,1.38,8.33,2.63,11
Chornomorets,8,1,2,5,4,11,-7,5,ukraine,0.12,0.38,-7,0.62,0.5,1.38,8.33,2.63,11
Dnipro-1,0,0,0,0,0,0,0,0,ukraine,0.0,0.0,0,0.0,0.0,0.0,0.0,0.0,12
Liverpool M.,7,5,2,0,12,5,7,17,uruguay,0.71,1.0,7,2.43,1.71,0.71,1.41,1.0,1
Juventud,7,5,1,1,11,6,5,16,uruguay,0.71,0.86,5,2.29,1.57,0.86,1.41,1.16,2
Nacional,8,4,3,1,17,9,8,15,uruguay,0.5,0.88,8,1.88,2.12,1.12,2.0,1.14,3
Cerro Largo,8,4,3,1,12,10,2,15,uruguay,0.5,0.88,2,1.88,1.5,1.25,2.0,1.14,3
Defensor S.,8,4,1,3,10,6,4,13,uruguay,0.5,0.62,4,1.62,1.25,0.75,2.0,1.61,4
Boston River,8,3,2,3,7,7,0,11,uruguay,0.38,0.62,0,1.38,0.88,0.88,2.63,1.61,5
Penarol,7,3,1,3,10,12,-2,10,uruguay,0.43,0.57,-2,1.43,1.43,1.71,2.33,1.75,6
Racing CM,7,2,3,2,7,6,1,9,uruguay,0.29,0.71,1,1.29,1.0,0.86,3.45,1.41,7
Cerro,7,2,3,2,7,7,0,9,uruguay,0.29,0.71,0,1.29,1.0,1.0,3.45,1.41,7
Wanderers,8,1,5,2,7,6,1,8,uruguay,0.12,0.75,1,1.0,0.88,0.75,8.33,1.33,8
Miramar Misione,8,2,2,4,8,9,-1,8,uruguay,0.25,0.5,-1,1.0,1.0,1.12,4.0,2.0,8
Montevideo City,7,2,2,3,9,11,-2,8,uruguay,0.29,0.57,-2,1.14,1.29,1.57,3.45,1.75,8
Plaza Colonia,7,2,1,4,5,6,-1,7,uruguay,0.29,0.43,-1,1.0,0.71,0.86,3.45,2.33,9
River Plate,7,2,1,4,4,7,-3,7,uruguay,0.29,0.43,-3,1.0,0.57,1.0,3.45,2.33,9
Danubio,8,0,6,2,6,8,-2,6,uruguay,0.0,0.75,-2,0.75,0.75,1.0,0.0,1.33,10
Progreso,8,1,2,5,8,17,-9,5,uruguay,0.12,0.38,-9,0.62,1.0,2.12,8.33,2.63,11
New York RB,8,6,1,1,21,8,13,19,usa,0.75,0.88,13,2.38,2.62,1.0,1.33,1.14,1
San Diego,8,6,1,1,18,6,12,19,usa,0.75,0.88,12,2.38,2.25,0.75,1.33,1.14,1
Los Angeles FC,8,6,1,1,15,5,10,19,usa,0.75,0.88,10,2.38,1.88,0.62,1.33,1.14,1
Charlotte,8,6,0,2,17,9,8,18,usa,0.75,0.75,8,2.25,2.12,1.12,1.33,1.33,2
Portland,8,5,3,0,14,8,6,18,usa,0.62,1.0,6,2.25,1.75,1.0,1.61,1.0,2
Nashville SC,8,5,2,1,19,9,10,17,usa,0.62,0.88,10,2.12,2.38,1.12,1.61,1.14,3
Seattle,8,5,2,1,18,8,10,17,usa,0.62,0.88,10,2.12,2.25,1.0,1.61,1.14,3
Vancouver,8,5,2,1,17,7,10,17,usa,0.62,0.88,10,2.12,2.12,0.88,1.61,1.14,3
Orlando City,8,5,2,1,19,10,9,17,usa,0.62,0.88,9,2.12,2.38,1.25,1.61,1.14,3
Cincinnati,8,5,2,1,14,9,5,17,usa,0.62,0.88,5,2.12,1.75,1.12,1.61,1.14,3
Inter Miami,8,5,1,2,20,13,7,16,usa,0.62,0.75,7,2.0,2.5,1.62,1.61,1.33,4
Minnesota Utd,8,4,3,1,14,7,7,15,usa,0.5,0.88,7,1.88,1.75,0.88,2.0,1.14,5
Philadelphia,8,4,3,1,16,10,6,15,usa,0.5,0.88,6,1.88,2.0,1.25,2.0,1.14,5
New York City,8,5,0,3,10,8,2,15,usa,0.62,0.62,2,1.88,1.25,1.0,1.61,1.61,5
Columbus Crew,8,3,4,1,11,8,3,13,usa,0.38,0.88,3,1.62,1.38,1.0,2.63,1.14,6
Colorado Rapids,8,4,1,3,8,10,-2,13,usa,0.5,0.62,-2,1.62,1.0,1.25,2.0,1.61,6
Atlanta Utd,8,3,2,3,14,13,1,11,usa,0.38,0.62,1,1.38,1.75,1.62,2.63,1.61,7
Austin,8,2,4,2,5,7,-2,10,usa,0.25,0.75,-2,1.25,0.62,0.88,4.0,1.33,8
Houston Dynamo,8,3,1,4,11,14,-3,10,usa,0.38,0.5,-3,1.25,1.38,1.75,2.63,2.0,8
SJ Earthquakes,8,2,3,3,21,17,4,9,usa,0.25,0.62,4,1.12,2.62,2.12,4.0,1.61,9
St. Louis City,8,2,3,3,7,8,-1,9,usa,0.25,0.62,-1,1.12,0.88,1.0,4.0,1.61,9
Sporting KC,7,2,2,3,12,14,-2,8,usa,0.29,0.57,-2,1.14,1.71,2.0,3.45,1.75,10
Chicago Fire,6,1,4,1,7,7,0,7,usa,0.17,0.83,0,1.17,1.17,1.17,5.88,1.2,11
New England,5,2,1,2,4,4,0,7,usa,0.4,0.6,0,1.4,0.8,0.8,2.5,1.67,11
Real Salt Lake,7,2,1,4,7,8,-1,7,usa,0.29,0.43,-1,1.0,1.0,1.14,3.45,2.33,11
DC United,8,1,3,4,5,14,-9,6,usa,0.12,0.5,-9,0.75,0.62,1.75,8.33,2.0,12
Dallas,7,1,2,4,4,9,-5,5,usa,0.14,0.43,-5,0.71,0.57,1.29,7.14,2.33,13
LA Galaxy,8,1,2,5,8,15,-7,5,usa,0.12,0.38,-7,0.62,1.0,1.88,8.33,2.63,13
Toronto,8,1,1,6,4,10,-6,4,usa,0.12,0.25,-6,0.5,0.5,1.25,8.33,4.0,14
Charleston,6,5,0,1,15,6,9,15,usa2,0.83,0.83,9,2.5,2.5,1.0,1.2,1.2,1
Loudoun Utd,5,4,1,0,12,3,9,13,usa2,0.8,1.0,9,2.6,2.4,0.6,1.25,1.0,2
Louisville City,5,4,1,0,8,1,7,13,usa2,0.8,1.0,7,2.6,1.6,0.2,1.25,1.0,2
San Antonio,8,4,1,3,13,9,4,13,usa2,0.5,0.62,4,1.62,1.62,1.12,2.0,1.61,2
Monterey Bay,6,4,1,1,11,8,3,13,usa2,0.67,0.83,3,2.17,1.83,1.33,1.49,1.2,2
Orange County,7,4,1,2,13,13,0,13,usa2,0.57,0.71,0,1.86,1.86,1.86,1.75,1.41,2
El Paso,5,3,2,0,14,8,6,11,usa2,0.6,1.0,6,2.2,2.8,1.6,1.67,1.0,3
North Carolina,5,3,1,1,9,6,3,10,usa2,0.6,0.8,3,2.0,1.8,1.2,1.67,1.25,4
New Mexico,5,3,1,1,5,3,2,10,usa2,0.6,0.8,2,2.0,1.0,0.6,1.67,1.25,4
Las Vegas L.,8,3,1,4,7,10,-3,10,usa2,0.38,0.5,-3,1.25,0.88,1.25,2.63,2.0,4
Sacramento R.,6,2,3,1,11,6,5,9,usa2,0.33,0.83,5,1.5,1.83,1.0,3.03,1.2,5
Pittsburgh,4,3,0,1,5,2,3,9,usa2,0.75,0.75,3,2.25,1.25,0.5,1.33,1.33,5
Phoenix Rising,6,2,2,2,11,9,2,8,usa2,0.33,0.67,2,1.33,1.83,1.5,3.03,1.49,6
FC Tulsa,5,2,1,2,4,4,0,7,usa2,0.4,0.6,0,1.4,0.8,0.8,2.5,1.67,7
Lexington,7,1,4,2,6,7,-1,7,usa2,0.14,0.71,-1,1.0,0.86,1.0,7.14,1.41,7
Miami FC,7,2,0,5,7,12,-5,6,usa2,0.29,0.29,-5,0.86,1.0,1.71,3.45,3.45,8
Detroit City,4,1,2,1,5,5,0,5,usa2,0.25,0.75,0,1.25,1.25,1.25,4.0,1.33,9
Colorado S.,4,1,2,1,4,4,0,5,usa2,0.25,0.75,0,1.25,1.0,1.0,4.0,1.33,9
Hartford A.,5,1,2,2,3,4,-1,5,usa2,0.2,0.6,-1,1.0,0.6,0.8,5.0,1.67,9
Birmingham L.,6,1,2,3,6,8,-2,5,usa2,0.17,0.5,-2,0.83,1.0,1.33,5.88,2.0,9
Oakland Roots,7,1,2,4,3,9,-6,5,usa2,0.14,0.43,-6,0.71,0.43,1.29,7.14,2.33,9
Indy Eleven,5,0,3,2,11,14,-3,3,usa2,0.0,0.6,-3,0.6,2.2,2.8,0.0,1.67,10
Rhode Island,4,0,2,2,1,3,-2,2,usa2,0.0,0.5,-2,0.5,0.25,0.75,0.0,2.0,11
Tampa Bay,5,0,1,4,5,12,-7,1,usa2,0.0,0.2,-7,0.2,1.0,2.4,0.0,5.0,12
Spokane V.,6,3,2,1,10,5,5,11,usa3,0.5,0.83,5,1.83,1.67,0.83,2.0,1.2,1
Charlotte I.,5,3,2,0,8,4,4,11,usa3,0.6,1.0,4,2.2,1.6,0.8,1.67,1.0,1
Chattanooga RW,5,3,2,0,8,4,4,11,usa3,0.6,1.0,4,2.2,1.6,0.8,1.67,1.0,1
Naples,6,3,2,1,8,4,4,11,usa3,0.5,0.83,4,1.83,1.33,0.67,2.0,1.2,1
Alta,6,3,2,1,8,5,3,11,usa3,0.5,0.83,3,1.83,1.33,0.83,2.0,1.2,1
Greenville,7,2,3,2,8,9,-1,9,usa3,0.29,0.71,-1,1.29,1.14,1.29,3.45,1.41,2
Richmond K.,6,2,2,2,13,12,1,8,usa3,0.33,0.67,1,1.33,2.17,2.0,3.03,1.49,3
Tormenta,7,2,0,5,8,13,-5,6,usa3,0.29,0.29,-5,0.86,1.14,1.86,3.45,3.45,4
Texoma,6,2,0,4,7,13,-6,6,usa3,0.33,0.33,-6,1.0,1.17,2.17,3.03,3.03,4
Portland Hearts,2,1,1,0,3,2,1,4,usa3,0.5,1.0,1,2.0,1.5,1.0,2.0,1.0,5
Westchester SC,4,0,3,1,6,7,-1,3,usa3,0.0,0.75,-1,0.75,1.5,1.75,0.0,1.33,6
Forward Madison,4,0,3,1,2,3,-1,3,usa3,0.0,0.75,-1,0.75,0.5,0.75,0.0,1.33,6
Union Omaha,1,0,1,0,2,2,0,1,usa3,0.0,1.0,0,1.0,2.0,2.0,0.0,1.0,7
One Knoxville,1,0,1,0,1,1,0,1,usa3,0.0,1.0,0,1.0,1.0,1.0,0.0,1.0,7
D. Tachira,7,4,3,0,10,3,7,15,venezuela,0.57,1.0,7,2.14,1.43,0.43,1.75,1.0,1
Rayo Zuliano,7,4,2,1,8,4,4,14,venezuela,0.57,0.86,4,2.0,1.14,0.57,1.75,1.16,2
Puerto Cabello,6,4,1,1,8,6,2,13,venezuela,0.67,0.83,2,2.17,1.33,1.0,1.49,1.2,3
A. Anzoategui,7,3,3,1,9,4,5,12,venezuela,0.43,0.86,5,1.71,1.29,0.57,2.33,1.16,4
D. La Guaira,6,3,3,0,9,4,5,12,venezuela,0.5,1.0,5,2.0,1.5,0.67,2.0,1.0,4
Carabobo,6,3,3,0,5,2,3,12,venezuela,0.5,1.0,3,2.0,0.83,0.33,2.0,1.0,4
Portuguesa,7,4,0,3,10,10,0,12,venezuela,0.57,0.57,0,1.71,1.43,1.43,1.75,1.75,4
Metropolitanos,6,3,2,1,11,6,5,11,venezuela,0.5,0.83,5,1.83,1.83,1.0,2.0,1.2,5
Monagas,7,3,1,3,11,14,-3,10,venezuela,0.43,0.57,-3,1.43,1.57,2.0,2.33,1.75,6
UCV,6,2,3,1,6,6,0,9,venezuela,0.33,0.83,0,1.5,1.0,1.0,3.03,1.2,7
E. Merida,7,3,0,4,10,11,-1,9,venezuela,0.43,0.43,-1,1.29,1.43,1.57,2.33,2.33,7
Caracas,6,2,2,2,3,5,-2,8,venezuela,0.33,0.67,-2,1.33,0.5,0.83,3.03,1.49,8
Zamora,6,2,0,4,6,7,-1,6,venezuela,0.33,0.33,-1,1.0,1.0,1.17,3.03,3.03,9
Yaracuyanos,7,1,3,3,8,12,-4,6,venezuela,0.14,0.57,-4,0.86,1.14,1.71,7.14,1.75,9
Navbahor,6,4,2,0,11,2,9,14,uzbekistan,0.67,1.0,9,2.33,1.83,0.33,1.49,1.0,1
Nasaf Qarshi,6,4,2,0,10,3,7,14,uzbekistan,0.67,1.0,7,2.33,1.67,0.5,1.49,1.0,1
AGMK,6,4,2,0,13,8,5,14,uzbekistan,0.67,1.0,5,2.33,2.17,1.33,1.49,1.0,1
Pakhtakor,6,4,0,2,16,5,11,12,uzbekistan,0.67,0.67,11,2.0,2.67,0.83,1.49,1.49,2
Termez Surkhon,5,4,0,1,8,5,3,12,uzbekistan,0.8,0.8,3,2.4,1.6,1.0,1.25,1.25,2
D. Samarqand,4,3,1,0,6,3,3,10,uzbekistan,0.75,1.0,3,2.5,1.5,0.75,1.33,1.0,3
Neftchi,5,3,1,1,9,7,2,10,uzbekistan,0.6,0.8,2,2.0,1.8,1.4,1.67,1.25,3
Qizilqum,6,3,0,3,7,11,-4,9,uzbekistan,0.5,0.5,-4,1.5,1.17,1.83,2.0,2.0,4
Sogdiana,5,2,2,1,7,5,2,8,uzbekistan,0.4,0.8,2,1.6,1.4,1.0,2.5,1.25,5
Bunyodkor,6,2,2,2,9,8,1,8,uzbekistan,0.33,0.67,1,1.33,1.5,1.33,3.03,1.49,5
Xorazm,6,2,2,2,7,6,1,8,uzbekistan,0.33,0.67,1,1.33,1.17,1.0,3.03,1.49,5
Kokand-1912,6,2,2,2,4,6,-2,8,uzbekistan,0.33,0.67,-2,1.33,0.67,1.0,3.03,1.49,5
Andijan,5,2,1,2,5,6,-1,7,uzbekistan,0.4,0.6,-1,1.4,1.0,1.2,2.5,1.67,6
Mashal,5,1,3,1,5,7,-2,6,uzbekistan,0.2,0.8,-2,1.2,1.0,1.4,5.0,1.25,7
Buxoro,5,1,1,3,6,9,-3,4,uzbekistan,0.2,0.4,-3,0.8,1.2,1.8,5.0,2.5,8
Shurtan,5,1,0,4,3,10,-7,3,uzbekistan,0.2,0.2,-7,0.6,0.6,2.0,5.0,5.0,9
Nam Dinh,8,6,1,1,19,7,12,19,vietnam,0.75,0.88,12,2.38,2.38,0.88,1.33,1.14,1
Ha Noi,8,6,0,2,17,9,8,18,vietnam,0.75,0.75,8,2.25,2.12,1.12,1.33,1.33,2
Hai Phong,8,5,2,1,8,2,6,17,vietnam,0.62,0.88,6,2.12,1.0,0.25,1.61,1.14,3
Viettel,8,4,2,2,16,10,6,14,vietnam,0.5,0.75,6,1.75,2.0,1.25,2.0,1.33,4
Gia Lai,8,3,3,2,12,10,2,12,vietnam,0.38,0.75,2,1.5,1.5,1.25,2.63,1.33,5
Da Nang,8,3,3,2,8,7,1,12,vietnam,0.38,0.75,1,1.5,1.0,0.88,2.63,1.33,5
Cong An Nhan,8,2,5,1,11,10,1,11,vietnam,0.25,0.88,1,1.38,1.38,1.25,4.0,1.14,6
Ho Chi Minh,8,3,2,3,7,9,-2,11,vietnam,0.38,0.62,-2,1.38,0.88,1.12,2.63,1.61,6
Song Lam Nghe,8,3,2,3,8,12,-4,11,vietnam,0.38,0.62,-4,1.38,1.0,1.5,2.63,1.61,6
Quang Nam,8,3,1,4,10,11,-1,10,vietnam,0.38,0.5,-1,1.25,1.25,1.38,2.63,2.0,7
Thanh Hoa,8,1,6,1,11,10,1,9,vietnam,0.12,0.88,1,1.12,1.38,1.25,8.33,1.14,8
Hong Linh Ha T.,8,1,6,1,8,7,1,9,vietnam,0.12,0.88,1,1.12,1.0,0.88,8.33,1.14,8
Binh Duong,8,2,3,3,9,13,-4,9,vietnam,0.25,0.62,-4,1.12,1.12,1.62,4.0,1.61,8
Binh Dinh,8,2,2,4,7,12,-5,8,vietnam,0.25,0.5,-5,1.0,0.88,1.5,4.0,2.0,9
Phu Dong,8,8,0,0,17,1,16,24,vietnam2,1.0,1.0,16,3.0,2.12,0.12,1.0,1.0,1
Binh Phuoc,8,5,2,1,14,8,6,17,vietnam2,0.62,0.88,6,2.12,1.75,1.0,1.61,1.14,2
PVF-CAND,8,5,1,2,11,6,5,16,vietnam2,0.62,0.75,5,2.0,1.38,0.75,1.61,1.33,3
Ho Chi Minh B,8,2,5,1,7,7,0,11,vietnam2,0.25,0.88,0,1.38,0.88,0.88,4.0,1.14,4
S. Khanh Hoa,8,3,2,3,7,8,-1,11,vietnam2,0.38,0.62,-1,1.38,0.88,1.0,2.63,1.61,4
Dong Thap,8,3,1,4,7,5,2,10,vietnam2,0.38,0.5,2,1.25,0.88,0.62,2.63,2.0,5
Dong Nai,8,2,3,3,6,4,2,9,vietnam2,0.25,0.62,2,1.12,0.75,0.5,4.0,1.61,6
Hoa Binh,8,1,6,1,7,8,-1,9,vietnam2,0.12,0.88,-1,1.12,0.88,1.0,8.33,1.14,6
Ba Ria Vung Tau,8,2,3,3,6,9,-3,9,vietnam2,0.25,0.62,-3,1.12,0.75,1.12,4.0,1.61,6
Long An,8,1,4,3,5,8,-3,7,vietnam2,0.12,0.62,-3,0.88,0.62,1.0,8.33,1.61,7
Hue,8,0,2,6,4,13,-9,2,vietnam2,0.0,0.25,-9,0.25,0.5,1.62,0.0,4.0,8
The New Saints,8,8,0,0,25,7,18,24,wales,1.0,1.0,18,3.0,3.12,0.88,1.0,1.0,1
Flint,8,8,0,0,21,5,16,24,wales,1.0,1.0,16,3.0,2.62,0.62,1.0,1.0,1
Penybont,8,5,3,0,11,5,6,18,wales,0.62,1.0,6,2.25,1.38,0.62,1.61,1.0,2
Caernarfon,8,5,1,2,19,12,7,16,wales,0.62,0.75,7,2.0,2.38,1.5,1.61,1.33,3
Barry,8,5,1,2,16,9,7,16,wales,0.62,0.75,7,2.0,2.0,1.12,1.61,1.33,3
Haverfordwest,8,4,2,2,13,9,4,14,wales,0.5,0.75,4,1.75,1.62,1.12,2.0,1.33,4
Connahs Quay,8,4,1,3,16,8,8,13,wales,0.5,0.62,8,1.62,2.0,1.0,2.0,1.61,5
Cardiff MU,8,4,1,3,12,16,-4,13,wales,0.5,0.62,-4,1.62,1.5,2.0,2.0,1.61,5
Briton Ferry,8,3,2,3,13,12,1,11,wales,0.38,0.62,1,1.38,1.62,1.5,2.63,1.61,6
Bala Town,8,3,2,3,8,10,-2,11,wales,0.38,0.62,-2,1.38,1.0,1.25,2.63,1.61,6
Aberystwyth,8,1,2,5,7,14,-7,5,wales,0.12,0.38,-7,0.62,0.88,1.75,8.33,2.63,7
Newtown,8,0,3,5,10,18,-8,3,wales,0.0,0.38,-8,0.38,1.25,2.25,0.0,2.63,8
