Team_Away,GP,W,D,L,GF,GA,GD,Pts_Away,Liga,PIA,PIA_HA,GD_Away,GF_AVG_Away,GA_AVG_Away,PPG_Away,Odd_Justa_MO,Odd_Justa_HA,Rank_Away
Skenderbeu K.,8,3,3,2,8,5,3,12,Albania - Abissnet Superiore,0.38,0.62,3,1.0,0.62,1.5,2.63,1.61,1
Vllaznia S.,8,2,5,1,12,7,5,11,Albania - Abissnet Superiore,0.25,0.75,5,1.5,0.88,1.38,4.0,1.33,2
Bylis,8,3,1,4,12,14,-2,10,Albania - Abissnet Superiore,0.38,0.62,-2,1.5,1.75,1.25,2.63,1.61,3
AF Elbasani,8,2,4,2,7,9,-2,10,Albania - Abissnet Superiore,0.25,0.75,-2,0.88,1.12,1.25,4.0,1.33,3
KF Tirana,8,2,3,3,11,9,2,9,Albania - Abissnet Superiore,0.25,0.75,2,1.38,1.12,1.12,4.0,1.33,4
Laci,8,2,2,4,6,10,-4,8,Albania - Abissnet Superiore,0.25,0.75,-4,0.75,1.25,1.0,4.0,1.33,5
Teuta Durres,8,1,4,3,4,8,-4,7,Albania - Abissnet Superiore,0.12,0.88,-4,0.5,1.0,0.88,8.33,1.14,6
Dinamo Tirana,8,1,3,4,7,13,-6,6,Albania - Abissnet Superiore,0.12,0.88,-6,0.88,1.62,0.75,8.33,1.14,7
Partizani T.,8,1,1,6,2,12,-10,4,Albania - Abissnet Superiore,0.12,0.88,-10,0.25,1.5,0.5,8.33,1.14,8
Tigre,8,4,1,3,10,7,3,13,Argentina - Liga Profesional,0.5,0.5,3,1.25,0.88,1.62,2.0,2.0,1
Argentinos Jrs,7,3,4,0,8,5,3,13,Argentina - Liga Profesional,0.43,0.57,3,1.14,0.71,1.86,2.33,1.75,1
San Lorenzo,8,3,4,1,5,3,2,13,Argentina - Liga Profesional,0.38,0.62,2,0.62,0.38,1.62,2.63,1.61,1
D. Riestra,8,3,3,2,8,6,2,12,Argentina - Liga Profesional,0.38,0.62,2,1.0,0.75,1.5,2.63,1.61,2
Huracan,8,3,3,2,8,7,1,12,Argentina - Liga Profesional,0.38,0.62,1,1.0,0.88,1.5,2.63,1.61,2
I. Rivadavia,8,3,3,2,8,7,1,12,Argentina - Liga Profesional,0.38,0.62,1,1.0,0.88,1.5,2.63,1.61,2
River Plate,7,2,5,0,7,2,5,11,Argentina - Liga Profesional,0.29,0.71,5,1.0,0.29,1.57,3.45,1.41,3
Boca Juniors,8,3,2,3,10,9,1,11,Argentina - Liga Profesional,0.38,0.62,1,1.25,1.12,1.38,2.63,1.61,3
Rosario Central,8,2,5,1,5,4,1,11,Argentina - Liga Profesional,0.25,0.75,1,0.62,0.5,1.38,4.0,1.33,3
Platense,8,3,1,4,6,6,0,10,Argentina - Liga Profesional,0.38,0.62,0,0.75,0.75,1.25,2.63,1.61,4
Racing Club,8,3,1,4,9,10,-1,10,Argentina - Liga Profesional,0.38,0.62,-1,1.12,1.25,1.25,2.63,1.61,4
Barracas C.,8,2,4,2,7,8,-1,10,Argentina - Liga Profesional,0.25,0.75,-1,0.88,1.0,1.25,4.0,1.33,4
Independiente,8,2,3,3,7,10,-3,9,Argentina - Liga Profesional,0.25,0.75,-3,0.88,1.25,1.12,4.0,1.33,5
T. de Cordoba,8,1,5,2,4,5,-1,8,Argentina - Liga Profesional,0.12,0.88,-1,0.5,0.62,1.0,8.33,1.14,6
Newells,8,2,2,4,6,11,-5,8,Argentina - Liga Profesional,0.25,0.75,-5,0.75,1.38,1.0,4.0,1.33,6
Defensa y J.,8,2,2,4,7,15,-8,8,Argentina - Liga Profesional,0.25,0.75,-8,0.88,1.88,1.0,4.0,1.33,6
Godoy Cruz,8,2,2,4,5,13,-8,8,Argentina - Liga Profesional,0.25,0.75,-8,0.62,1.62,1.0,4.0,1.33,6
Aldosivi,8,2,1,5,9,10,-1,7,Argentina - Liga Profesional,0.25,0.75,-1,1.12,1.25,0.88,4.0,1.33,7
Lanus,8,1,4,3,4,6,-2,7,Argentina - Liga Profesional,0.12,0.88,-2,0.5,0.75,0.88,8.33,1.14,7
Belgrano,8,1,4,3,4,13,-9,7,Argentina - Liga Profesional,0.12,0.88,-9,0.5,1.62,0.88,8.33,1.14,7
Velez Sarsfield,8,2,1,5,5,15,-10,7,Argentina - Liga Profesional,0.25,0.75,-10,0.62,1.88,0.88,4.0,1.33,7
Estudiantes,8,1,3,4,8,14,-6,6,Argentina - Liga Profesional,0.12,0.88,-6,1.0,1.75,0.75,8.33,1.14,8
Sarmiento,8,1,3,4,5,13,-8,6,Argentina - Liga Profesional,0.12,0.88,-8,0.62,1.62,0.75,8.33,1.14,8
Central Cordoba,7,1,1,5,9,14,-5,4,Argentina - Liga Profesional,0.14,0.86,-5,1.29,2.0,0.57,7.14,1.16,9
A. Tucuman,8,1,1,6,4,11,-7,4,Argentina - Liga Profesional,0.12,0.88,-7,0.5,1.38,0.5,8.33,1.14,9
Banfield,8,1,1,6,5,13,-8,4,Argentina - Liga Profesional,0.12,0.88,-8,0.62,1.62,0.5,8.33,1.14,9
Gimnasia,8,1,1,6,2,11,-9,4,Argentina - Liga Profesional,0.12,0.88,-9,0.25,1.38,0.5,8.33,1.14,9
Instituto,8,1,1,6,5,16,-11,4,Argentina - Liga Profesional,0.12,0.88,-11,0.62,2.0,0.5,8.33,1.14,9
SM San Juan,7,0,2,5,1,7,-6,2,Argentina - Liga Profesional,0.0,1.0,-6,0.14,1.0,0.29,0.0,1.0,10
Chacarita J.,8,5,2,1,12,3,9,17,Argentina - Primera Nacional,0.62,0.38,9,1.5,0.38,2.12,1.61,2.63,1
San Telmo,8,4,3,1,11,7,4,15,Argentina - Primera Nacional,0.5,0.5,4,1.38,0.88,1.88,2.0,2.0,2
SM Tucuman,8,4,3,1,7,4,3,15,Argentina - Primera Nacional,0.5,0.5,3,0.88,0.5,1.88,2.0,2.0,2
Gimnasia Jujuy,7,3,3,1,9,5,4,12,Argentina - Primera Nacional,0.43,0.57,4,1.29,0.71,1.71,2.33,1.75,3
D. de Belgrano,8,3,3,2,7,4,3,12,Argentina - Primera Nacional,0.38,0.62,3,0.88,0.5,1.5,2.63,1.61,3
E. Rio Cuarto,8,3,2,3,8,6,2,11,Argentina - Primera Nacional,0.38,0.62,2,1.0,0.75,1.38,2.63,1.61,4
CA Estudiantes,8,3,2,3,7,7,0,11,Argentina - Primera Nacional,0.38,0.62,0,0.88,0.88,1.38,2.63,1.61,4
Patronato,8,2,4,2,9,10,-1,10,Argentina - Primera Nacional,0.25,0.75,-1,1.12,1.25,1.25,4.0,1.33,5
G. Mendoza,6,2,3,1,5,4,1,9,Argentina - Primera Nacional,0.33,0.67,1,0.83,0.67,1.5,3.03,1.49,6
Deportivo Moron,8,2,3,3,6,7,-1,9,Argentina - Primera Nacional,0.25,0.75,-1,0.75,0.88,1.12,4.0,1.33,6
Tristan Suarez,8,2,3,3,5,6,-1,9,Argentina - Primera Nacional,0.25,0.75,-1,0.62,0.75,1.12,4.0,1.33,6
Chaco For Ever,7,2,2,3,6,6,0,8,Argentina - Primera Nacional,0.29,0.71,0,0.86,0.86,1.14,3.45,1.41,7
Atletico Mitre,6,2,2,2,3,3,0,8,Argentina - Primera Nacional,0.33,0.67,0,0.5,0.5,1.33,3.03,1.49,7
Atlanta,7,1,5,1,3,4,-1,8,Argentina - Primera Nacional,0.14,0.86,-1,0.43,0.57,1.14,7.14,1.16,7
Racing Cordoba,7,2,2,3,7,13,-6,8,Argentina - Primera Nacional,0.29,0.71,-6,1.0,1.86,1.14,3.45,1.41,7
D. Madryn,8,1,4,3,5,6,-1,7,Argentina - Primera Nacional,0.12,0.88,-1,0.62,0.75,0.88,8.33,1.14,8
Gimnasia y Tiro,8,1,4,3,3,5,-2,7,Argentina - Primera Nacional,0.12,0.88,-2,0.38,0.62,0.88,8.33,1.14,8
Deportivo Maipu,8,1,4,3,4,10,-6,7,Argentina - Primera Nacional,0.12,0.88,-6,0.5,1.25,0.88,8.33,1.14,8
Almagro,7,1,3,3,7,10,-3,6,Argentina - Primera Nacional,0.14,0.86,-3,1.0,1.43,0.86,7.14,1.16,9
Temperley,7,1,3,3,3,6,-3,6,Argentina - Primera Nacional,0.14,0.86,-3,0.43,0.86,0.86,7.14,1.16,9
Quilmes,7,1,3,3,3,7,-4,6,Argentina - Primera Nacional,0.14,0.86,-4,0.43,1.0,0.86,7.14,1.16,9
Ferro Carril,7,2,0,5,3,10,-7,6,Argentina - Primera Nacional,0.29,0.71,-7,0.43,1.43,0.86,3.45,1.41,9
Nueva Chicago,6,1,2,3,6,8,-2,5,Argentina - Primera Nacional,0.17,0.83,-2,1.0,1.33,0.83,5.88,1.2,10
Los Andes,7,1,2,4,4,8,-4,5,Argentina - Primera Nacional,0.14,0.86,-4,0.57,1.14,0.71,7.14,1.16,10
Colegiales,7,1,2,4,1,8,-7,5,Argentina - Primera Nacional,0.14,0.86,-7,0.14,1.14,0.71,7.14,1.16,10
Defensores U.,7,1,2,4,2,12,-10,5,Argentina - Primera Nacional,0.14,0.86,-10,0.29,1.71,0.71,7.14,1.16,10
Colon Santa Fe,6,1,1,4,6,10,-4,4,Argentina - Primera Nacional,0.17,0.83,-4,1.0,1.67,0.67,5.88,1.2,11
All Boys,8,0,4,4,4,10,-6,4,Argentina - Primera Nacional,0.0,1.0,-6,0.5,1.25,0.5,0.0,1.0,11
Almirante Brown,6,1,0,5,4,11,-7,3,Argentina - Primera Nacional,0.17,0.83,-7,0.67,1.83,0.5,5.88,1.2,12
Deportivo Merlo,8,5,2,1,7,2,5,17,Argentina - Primera B,0.62,0.38,5,0.88,0.25,2.12,1.61,2.63,1
A. Quilmes,8,4,3,1,8,3,5,15,Argentina - Primera B,0.5,0.5,5,1.0,0.38,1.88,2.0,2.0,2
Dock Sud,8,4,2,2,11,8,3,14,Argentina - Primera B,0.5,0.5,3,1.38,1.0,1.75,2.0,2.0,3
D. Armenio,8,4,2,2,10,7,3,14,Argentina - Primera B,0.5,0.5,3,1.25,0.88,1.75,2.0,2.0,3
Comunicaciones,8,4,2,2,7,4,3,14,Argentina - Primera B,0.5,0.5,3,0.88,0.5,1.75,2.0,2.0,3
Argentino Merlo,8,4,2,2,8,8,0,14,Argentina - Primera B,0.5,0.5,0,1.0,1.0,1.75,2.0,2.0,3
Colegiales,8,4,0,4,11,11,0,12,Argentina - Primera B,0.5,0.5,0,1.38,1.38,1.5,2.0,2.0,4
Villa Dalmine,8,3,2,3,4,4,0,11,Argentina - Primera B,0.38,0.62,0,0.5,0.5,1.38,2.63,1.61,5
Midland,8,2,4,2,9,7,2,10,Argentina - Primera B,0.25,0.75,2,1.12,0.88,1.25,4.0,1.33,6
Acassuso,8,2,4,2,6,7,-1,10,Argentina - Primera B,0.25,0.75,-1,0.75,0.88,1.25,4.0,1.33,6
UAI Urquiza,8,3,1,4,8,12,-4,10,Argentina - Primera B,0.38,0.62,-4,1.0,1.5,1.25,2.63,1.61,6
V. San Carlos,8,2,3,3,5,9,-4,9,Argentina - Primera B,0.25,0.75,-4,0.62,1.12,1.12,4.0,1.33,7
Sacachispas,8,2,2,4,4,8,-4,8,Argentina - Primera B,0.25,0.75,-4,0.5,1.0,1.0,4.0,1.33,8
Flandria,8,2,2,4,6,11,-5,8,Argentina - Primera B,0.25,0.75,-5,0.75,1.38,1.0,4.0,1.33,8
Excursionistas,8,1,4,3,8,12,-4,7,Argentina - Primera B,0.12,0.88,-4,1.0,1.5,0.88,8.33,1.14,9
Liniers,8,1,4,3,3,8,-5,7,Argentina - Primera B,0.12,0.88,-5,0.38,1.0,0.88,8.33,1.14,9
S. Italiano,8,1,3,4,7,13,-6,6,Argentina - Primera B,0.12,0.88,-6,0.88,1.62,0.75,8.33,1.14,10
Canuelas,8,1,2,5,6,10,-4,5,Argentina - Primera B,0.12,0.88,-4,0.75,1.25,0.62,8.33,1.14,11
D. Laferrere,8,0,4,4,1,12,-11,4,Argentina - Primera B,0.0,1.0,-11,0.12,1.5,0.5,0.0,1.0,12
Los Andes,8,0,2,6,4,13,-9,2,Argentina - Primera B,0.0,1.0,-9,0.5,1.62,0.25,0.0,1.0,13
SM Burzaco,8,0,1,7,2,14,-12,1,Argentina - Primera B,0.0,1.0,-12,0.25,1.75,0.12,0.0,1.0,14
Fenix,8,0,1,7,1,15,-14,1,Argentina - Primera B,0.0,1.0,-14,0.12,1.88,0.12,0.0,1.0,14
Circulo D.,5,3,0,2,7,5,2,9,Argentina - Torneo Federal,0.6,0.4,2,1.4,1.0,1.8,1.67,2.5,1
Kimberley,5,3,0,2,5,4,1,9,Argentina - Torneo Federal,0.6,0.4,1,1.0,0.8,1.8,1.67,2.5,1
Villa Mitre,5,2,2,1,6,2,4,8,Argentina - Torneo Federal,0.4,0.6,4,1.2,0.4,1.6,2.5,1.67,2
I. Chivilcoy,5,2,2,1,4,2,2,8,Argentina - Torneo Federal,0.4,0.6,2,0.8,0.4,1.6,2.5,1.67,2
Douglas Haig,5,2,2,1,6,5,1,8,Argentina - Torneo Federal,0.4,0.6,1,1.2,1.0,1.6,2.5,1.67,2
Olimpo Bahia B.,5,2,2,1,4,3,1,8,Argentina - Torneo Federal,0.4,0.6,1,0.8,0.6,1.6,2.5,1.67,2
Germinal,5,2,2,1,5,5,0,8,Argentina - Torneo Federal,0.4,0.6,0,1.0,1.0,1.6,2.5,1.67,2
SM Formosa,4,2,1,1,5,2,3,7,Argentina - Torneo Federal,0.5,0.5,3,1.25,0.5,1.75,2.0,2.0,3
S. Estudiantes,5,2,1,2,5,4,1,7,Argentina - Torneo Federal,0.4,0.6,1,1.0,0.8,1.4,2.5,1.67,3
S. Belgrano,5,2,1,2,6,6,0,7,Argentina - Torneo Federal,0.4,0.6,0,1.2,1.2,1.4,2.5,1.67,3
Guillermo Brown,5,2,1,2,8,11,-3,7,Argentina - Torneo Federal,0.4,0.6,-3,1.6,2.2,1.4,2.5,1.67,3
Bartolom√© Mitre,4,2,0,2,4,3,1,6,Argentina - Torneo Federal,0.5,0.5,1,1.0,0.75,1.5,2.0,2.0,4
SM Mendoza,4,2,0,2,7,7,0,6,Argentina - Torneo Federal,0.5,0.5,0,1.75,1.75,1.5,2.0,2.0,4
Cipolletti,5,2,0,3,5,5,0,6,Argentina - Torneo Federal,0.4,0.6,0,1.0,1.0,1.2,2.5,1.67,4
D. Rincon,5,2,0,3,5,6,-1,6,Argentina - Torneo Federal,0.4,0.6,-1,1.0,1.2,1.2,2.5,1.67,4
Costa Brava,5,1,3,1,3,4,-1,6,Argentina - Torneo Federal,0.2,0.8,-1,0.6,0.8,1.2,5.0,1.25,4
Huracan Las H.,4,2,0,2,4,8,-4,6,Argentina - Torneo Federal,0.5,0.5,-4,1.0,2.0,1.5,2.0,2.0,4
Ciudad Bolivar,5,1,2,2,4,4,0,5,Argentina - Torneo Federal,0.2,0.8,0,0.8,0.8,1.0,5.0,1.25,5
G. Chivilcoy,5,0,5,0,2,2,0,5,Argentina - Torneo Federal,0.0,1.0,0,0.4,0.4,1.0,0.0,1.0,5
Santamarina,5,1,2,2,7,10,-3,5,Argentina - Torneo Federal,0.2,0.8,-3,1.4,2.0,1.0,5.0,1.25,5
Juventud U. U.,4,0,4,0,4,4,0,4,Argentina - Torneo Federal,0.0,1.0,0,1.0,1.0,1.0,0.0,1.0,6
A. Rafaela,4,1,1,2,5,7,-2,4,Argentina - Torneo Federal,0.25,0.75,-2,1.25,1.75,1.0,4.0,1.33,6
El Linqueno,5,1,1,3,5,8,-3,4,Argentina - Torneo Federal,0.2,0.8,-3,1.0,1.6,0.8,5.0,1.25,6
9 Julio Rafaela,5,1,1,3,3,7,-4,4,Argentina - Torneo Federal,0.2,0.8,-4,0.6,1.4,0.8,5.0,1.25,6
Sol de Mayo,5,1,1,3,3,7,-4,4,Argentina - Torneo Federal,0.2,0.8,-4,0.6,1.4,0.8,5.0,1.25,6
Sarmiento DLB,4,1,0,3,5,6,-1,3,Argentina - Torneo Federal,0.25,0.75,-1,1.25,1.5,0.75,4.0,1.33,7
D. Belgrano VR,5,0,3,2,2,5,-3,3,Argentina - Torneo Federal,0.0,1.0,-3,0.4,1.0,0.6,0.0,1.0,7
Atenas,5,1,0,4,3,8,-5,3,Argentina - Torneo Federal,0.2,0.8,-5,0.6,1.6,0.6,5.0,1.25,7
Crucero del N.,5,0,3,2,3,10,-7,3,Argentina - Torneo Federal,0.0,1.0,-7,0.6,2.0,0.6,0.0,1.0,7
Noah,8,6,2,0,23,8,15,20,Armenia - Premier League,0.75,0.25,15,2.88,1.0,2.5,1.33,4.0,1
Ararat-Armenia,8,5,2,1,18,7,11,17,Armenia - Premier League,0.62,0.38,11,2.25,0.88,2.12,1.61,2.63,2
Urartu,8,5,2,1,17,7,10,17,Armenia - Premier League,0.62,0.38,10,2.12,0.88,2.12,1.61,2.63,2
Pyunik,8,5,0,3,16,7,9,15,Armenia - Premier League,0.62,0.38,9,2.0,0.88,1.88,1.61,2.63,3
Van,8,3,3,2,10,8,2,12,Armenia - Premier League,0.38,0.62,2,1.25,1.0,1.5,2.63,1.61,4
BKMA,8,2,2,4,8,16,-8,8,Armenia - Premier League,0.25,0.75,-8,1.0,2.0,1.0,4.0,1.33,5
Ararat Yerevan,8,2,1,5,8,20,-12,7,Armenia - Premier League,0.25,0.75,-12,1.0,2.5,0.88,4.0,1.33,6
Shirak,8,2,0,6,8,22,-14,6,Armenia - Premier League,0.25,0.75,-14,1.0,2.75,0.75,4.0,1.33,7
West Armenia,8,1,0,7,5,33,-28,3,Armenia - Premier League,0.12,0.88,-28,0.62,4.12,0.38,8.33,1.14,8
Alashkert,8,0,2,6,4,19,-15,2,Armenia - Premier League,0.0,1.0,-15,0.5,2.38,0.25,0.0,1.0,9
Gandzasar,8,0,1,7,3,17,-14,1,Armenia - Premier League,0.0,1.0,-14,0.38,2.12,0.12,0.0,1.0,10
WS Wanderers,8,5,3,0,17,8,9,18,Australia - A-League,0.62,0.38,9,2.12,1.0,2.25,1.61,2.63,1
Auckland,8,4,3,1,14,9,5,15,Australia - A-League,0.5,0.5,5,1.75,1.12,1.88,2.0,2.0,2
Macarthur FC,8,4,1,3,20,16,4,13,Australia - A-League,0.5,0.5,4,2.5,2.0,1.62,2.0,2.0,3
Western United,8,4,1,3,19,16,3,13,Australia - A-League,0.5,0.5,3,2.38,2.0,1.62,2.0,2.0,3
Newcastle Jets,8,3,3,2,13,13,0,12,Australia - A-League,0.38,0.62,0,1.62,1.62,1.5,2.63,1.61,4
Brisbane Roar,8,3,2,3,14,14,0,11,Australia - A-League,0.38,0.62,0,1.75,1.75,1.38,2.63,1.61,5
Melbourne V.,8,3,2,3,12,14,-2,11,Australia - A-League,0.38,0.62,-2,1.5,1.75,1.38,2.63,1.61,5
Melbourne City,8,2,3,3,9,12,-3,9,Australia - A-League,0.25,0.75,-3,1.12,1.5,1.12,4.0,1.33,6
Sydney FC,8,2,3,3,8,12,-4,9,Australia - A-League,0.25,0.75,-4,1.0,1.5,1.12,4.0,1.33,6
Central Coast,8,1,4,3,8,16,-8,7,Australia - A-League,0.12,0.88,-8,1.0,2.0,0.88,8.33,1.14,7
Wellington,8,2,1,5,9,18,-9,7,Australia - A-League,0.25,0.75,-9,1.12,2.25,0.88,4.0,1.33,7
Adelaide Utd,8,1,3,4,12,22,-10,6,Australia - A-League,0.12,0.88,-10,1.5,2.75,0.75,8.33,1.14,8
Perth Glory,8,1,1,6,7,17,-10,4,Australia - A-League,0.12,0.88,-10,0.88,2.12,0.5,8.33,1.14,9
Oakleigh C.,8,6,1,1,16,8,8,19,Australia - NPL Victoria,0.75,0.25,8,2.0,1.0,2.38,1.33,4.0,1
Dandenong City,7,4,2,1,15,7,8,14,Australia - NPL Victoria,0.57,0.43,8,2.14,1.0,2.0,1.75,2.33,2
Heidelberg Utd,6,4,0,2,13,8,5,12,Australia - NPL Victoria,0.67,0.33,5,2.17,1.33,2.0,1.49,3.03,3
Avondale,7,4,0,3,16,13,3,12,Australia - NPL Victoria,0.57,0.43,3,2.29,1.86,1.71,1.75,2.33,3
Hume City,7,3,1,3,12,14,-2,10,Australia - NPL Victoria,0.43,0.57,-2,1.71,2.0,1.43,2.33,1.75,4
Dandenong T.,6,3,0,3,11,11,0,9,Australia - NPL Victoria,0.5,0.5,0,1.83,1.83,1.5,2.0,2.0,5
Preston Lions,8,2,3,3,8,12,-4,9,Australia - NPL Victoria,0.25,0.75,-4,1.0,1.5,1.12,4.0,1.33,5
St. Albans,8,2,1,5,14,16,-2,7,Australia - NPL Victoria,0.25,0.75,-2,1.75,2.0,0.88,4.0,1.33,6
Green Gully,7,2,1,4,8,12,-4,7,Australia - NPL Victoria,0.29,0.71,-4,1.14,1.71,1.0,3.45,1.41,6
M. Victory B,6,2,0,4,7,10,-3,6,Australia - NPL Victoria,0.33,0.67,-3,1.17,1.67,1.0,3.03,1.49,7
South Melbourne,8,1,3,4,5,12,-7,6,Australia - NPL Victoria,0.12,0.88,-7,0.62,1.5,0.75,8.33,1.14,7
Port Melbourne,7,1,0,6,7,22,-15,3,Australia - NPL Victoria,0.14,0.86,-15,1.0,3.14,0.43,7.14,1.16,8
Altona Magic,6,0,2,4,5,14,-9,2,Australia - NPL Victoria,0.0,1.0,-9,0.83,2.33,0.33,0.0,1.0,9
Melbourne K.,6,0,0,6,3,17,-14,0,Australia - NPL Victoria,0.0,1.0,-14,0.5,2.83,0.0,0.0,1.0,10
Moreton City E.,4,3,0,1,7,4,3,9,Australia - NPL Queensland,0.75,0.25,3,1.75,1.0,2.25,1.33,4.0,1
Eastern Suburbs,3,2,1,0,9,4,5,7,Australia - NPL Queensland,0.67,0.33,5,3.0,1.33,2.33,1.49,3.03,2
Gold C. Knights,3,2,0,1,3,2,1,6,Australia - NPL Queensland,0.67,0.33,1,1.0,0.67,2.0,1.49,3.03,3
St George W.,6,1,3,2,7,9,-2,6,Australia - NPL Queensland,0.17,0.83,-2,1.17,1.5,1.0,5.88,1.2,3
Q. Lions,5,1,1,3,8,11,-3,4,Australia - NPL Queensland,0.2,0.8,-3,1.6,2.2,0.8,5.0,1.25,4
Wynnum Wolves,5,1,1,3,5,9,-4,4,Australia - NPL Queensland,0.2,0.8,-4,1.0,1.8,0.8,5.0,1.25,4
Brisbane City,2,1,0,1,4,4,0,3,Australia - NPL Queensland,0.5,0.5,0,2.0,2.0,1.5,2.0,2.0,5
Olympic FC,3,1,0,2,3,3,0,3,Australia - NPL Queensland,0.33,0.67,0,1.0,1.0,1.0,3.03,1.49,5
Brisbane Roar B,3,1,0,2,3,7,-4,3,Australia - NPL Queensland,0.33,0.67,-4,1.0,2.33,1.0,3.03,1.49,5
Peninsula,3,0,1,2,4,6,-2,1,Australia - NPL Queensland,0.0,1.0,-2,1.33,2.0,0.33,0.0,1.0,6
Gold C. Utd,3,0,1,2,2,9,-7,1,Australia - NPL Queensland,0.0,1.0,-7,0.67,3.0,0.33,0.0,1.0,6
SC Wanderers,2,0,0,2,3,9,-6,0,Australia - NPL Queensland,0.0,1.0,-6,1.5,4.5,0.0,0.0,1.0,7
Wolfsberger AC,8,5,1,2,18,10,8,16,Austria - Bundesliga,0.62,0.38,8,2.25,1.25,2.0,1.61,2.63,1
Austria Wien,8,5,1,2,12,8,4,16,Austria - Bundesliga,0.62,0.38,4,1.5,1.0,2.0,1.61,2.63,1
Sturm Graz,8,5,1,2,13,11,2,16,Austria - Bundesliga,0.62,0.38,2,1.62,1.38,2.0,1.61,2.63,1
LASK Linz,8,4,2,2,12,11,1,14,Austria - Bundesliga,0.5,0.5,1,1.5,1.38,1.75,2.0,2.0,2
BW Linz,8,3,2,3,8,8,0,11,Austria - Bundesliga,0.38,0.62,0,1.0,1.0,1.38,2.63,1.61,3
Salzburg,8,1,5,2,3,9,-6,8,Austria - Bundesliga,0.12,0.88,-6,0.38,1.12,1.0,8.33,1.14,4
Tirol,8,2,1,5,10,12,-2,7,Austria - Bundesliga,0.25,0.75,-2,1.25,1.5,0.88,4.0,1.33,5
Rapid Wien,8,1,4,3,8,10,-2,7,Austria - Bundesliga,0.12,0.88,-2,1.0,1.25,0.88,8.33,1.14,5
Grazer AK,8,2,1,5,11,20,-9,7,Austria - Bundesliga,0.25,0.75,-9,1.38,2.5,0.88,4.0,1.33,5
Hartberg,8,1,3,4,6,12,-6,6,Austria - Bundesliga,0.12,0.88,-6,0.75,1.5,0.75,8.33,1.14,6
Altach,8,1,1,6,6,18,-12,4,Austria - Bundesliga,0.12,0.88,-12,0.75,2.25,0.5,8.33,1.14,7
A. Klagenfurt,8,0,2,6,4,23,-19,2,Austria - Bundesliga,0.0,1.0,-19,0.5,2.88,0.25,0.0,1.0,8
Ried,8,6,0,2,16,7,9,18,Austria - 2. Liga,0.75,0.25,9,2.0,0.88,2.25,1.33,4.0,1
St. Polten,8,5,2,1,16,7,9,17,Austria - 2. Liga,0.62,0.38,9,2.0,0.88,2.12,1.61,2.63,2
Admira Wacker,8,4,1,3,13,11,2,13,Austria - 2. Liga,0.5,0.5,2,1.62,1.38,1.62,2.0,2.0,3
Voitsberg,8,4,0,4,13,11,2,12,Austria - 2. Liga,0.5,0.5,2,1.62,1.38,1.5,2.0,2.0,4
Sturm Graz B,8,3,2,3,15,11,4,11,Austria - 2. Liga,0.38,0.62,4,1.88,1.38,1.38,2.63,1.61,5
Kapfenberger,8,3,1,4,9,14,-5,10,Austria - 2. Liga,0.38,0.62,-5,1.12,1.75,1.25,2.63,1.61,6
A. Lustenau,8,2,3,3,5,8,-3,9,Austria - 2. Liga,0.25,0.75,-3,0.62,1.0,1.12,4.0,1.33,7
Floridsdorfer,8,2,3,3,7,11,-4,9,Austria - 2. Liga,0.25,0.75,-4,0.88,1.38,1.12,4.0,1.33,7
Liefering,8,3,0,5,9,14,-5,9,Austria - 2. Liga,0.38,0.62,-5,1.12,1.75,1.12,2.63,1.61,7
First Vienna,8,2,2,4,11,14,-3,8,Austria - 2. Liga,0.25,0.75,-3,1.38,1.75,1.0,4.0,1.33,8
Amstetten,8,2,1,5,13,13,0,7,Austria - 2. Liga,0.25,0.75,0,1.62,1.62,0.88,4.0,1.33,9
Stripfing,8,1,4,3,12,14,-2,7,Austria - 2. Liga,0.12,0.88,-2,1.5,1.75,0.88,8.33,1.14,9
Rapid Wien B,8,2,1,5,12,17,-5,7,Austria - 2. Liga,0.25,0.75,-5,1.5,2.12,0.88,4.0,1.33,9
SV Horn,8,1,2,5,6,15,-9,5,Austria - 2. Liga,0.12,0.88,-9,0.75,1.88,0.62,8.33,1.14,10
Bregenz,8,1,0,7,12,19,-7,3,Austria - 2. Liga,0.12,0.88,-7,1.5,2.38,0.38,8.33,1.14,11
Lafnitz,8,0,1,7,9,26,-17,1,Austria - 2. Liga,0.0,1.0,-17,1.12,3.25,0.12,0.0,1.0,12
Zira,8,6,1,1,14,5,9,19,Azerbaijan - Premier League,0.75,0.25,9,1.75,0.62,2.38,1.33,4.0,1
Qarabag,8,5,2,1,17,7,10,17,Azerbaijan - Premier League,0.62,0.38,10,2.12,0.88,2.12,1.61,2.63,2
Neftci,8,4,1,3,11,11,0,13,Azerbaijan - Premier League,0.5,0.5,0,1.38,1.38,1.62,2.0,2.0,3
Turan,8,3,3,2,7,6,1,12,Azerbaijan - Premier League,0.38,0.62,1,0.88,0.75,1.5,2.63,1.61,4
Shamakhi,8,2,3,3,8,11,-3,9,Azerbaijan - Premier League,0.25,0.75,-3,1.0,1.38,1.12,4.0,1.33,5
Araz,8,1,5,2,5,7,-2,8,Azerbaijan - Premier League,0.12,0.88,-2,0.62,0.88,1.0,8.33,1.14,6
Sabah,8,0,5,3,9,12,-3,5,Azerbaijan - Premier League,0.0,1.0,-3,1.12,1.5,0.62,0.0,1.0,7
Kapaz,8,1,2,5,4,13,-9,5,Azerbaijan - Premier League,0.12,0.88,-9,0.5,1.62,0.62,8.33,1.14,7
Sumqayit,8,1,1,6,3,11,-8,4,Azerbaijan - Premier League,0.12,0.88,-8,0.38,1.38,0.5,8.33,1.14,8
Sebail,8,0,4,4,5,15,-10,4,Azerbaijan - Premier League,0.0,1.0,-10,0.62,1.88,0.5,0.0,1.0,8
Al-Muharraq,8,6,0,2,19,8,11,18,Bahrain - Premier League,0.75,0.25,11,2.38,1.0,2.25,1.33,4.0,1
Al Riffa,8,5,2,1,14,8,6,17,Bahrain - Premier League,0.62,0.38,6,1.75,1.0,2.12,1.61,2.63,2
Al Shabbab,8,4,3,1,11,6,5,15,Bahrain - Premier League,0.5,0.5,5,1.38,0.75,1.88,2.0,2.0,3
Sitra,8,4,2,2,11,8,3,14,Bahrain - Premier League,0.5,0.5,3,1.38,1.0,1.75,2.0,2.0,4
Al-Najma,8,4,1,3,9,7,2,13,Bahrain - Premier League,0.5,0.5,2,1.12,0.88,1.62,2.0,2.0,5
Malkiya,8,4,1,3,10,13,-3,13,Bahrain - Premier League,0.5,0.5,-3,1.25,1.62,1.62,2.0,2.0,5
Khalidiya,8,3,3,2,14,12,2,12,Bahrain - Premier League,0.38,0.62,2,1.75,1.5,1.5,2.63,1.61,6
AAli FC,8,2,3,3,10,16,-6,9,Bahrain - Premier League,0.25,0.75,-6,1.25,2.0,1.12,4.0,1.33,7
Bahrain SC,8,2,2,4,5,11,-6,8,Bahrain - Premier League,0.25,0.75,-6,0.62,1.38,1.0,4.0,1.33,8
East Riffa,8,1,4,3,6,8,-2,7,Bahrain - Premier League,0.12,0.88,-2,0.75,1.0,0.88,8.33,1.14,9
Manama,8,1,4,3,9,15,-6,7,Bahrain - Premier League,0.12,0.88,-6,1.12,1.88,0.88,8.33,1.14,9
Al Ahli M.,8,1,1,6,7,13,-6,4,Bahrain - Premier League,0.12,0.88,-6,0.88,1.62,0.5,8.33,1.14,10
Mohammedan,8,6,2,0,21,5,16,20,Bangladesh - Premier League,0.75,0.25,16,2.62,0.62,2.5,1.33,4.0,1
Bashundhara K.,8,4,3,1,20,4,16,15,Bangladesh - Premier League,0.5,0.5,16,2.5,0.5,1.88,2.0,2.0,2
Abahani,8,3,3,2,9,4,5,12,Bangladesh - Premier League,0.38,0.62,5,1.12,0.5,1.5,2.63,1.61,3
Brothers Union,7,3,2,2,13,8,5,11,Bangladesh - Premier League,0.43,0.57,5,1.86,1.14,1.57,2.33,1.75,4
Rahmatgonj,7,3,1,3,14,11,3,10,Bangladesh - Premier League,0.43,0.57,3,2.0,1.57,1.43,2.33,1.75,5
B. Police,8,3,1,4,11,9,2,10,Bangladesh - Premier League,0.38,0.62,2,1.38,1.12,1.25,2.63,1.61,5
Fortis,7,3,1,3,9,7,2,10,Bangladesh - Premier League,0.43,0.57,2,1.29,1.0,1.43,2.33,1.75,5
Fakirerpool,8,3,1,4,9,19,-10,10,Bangladesh - Premier League,0.38,0.62,-10,1.12,2.38,1.25,2.63,1.61,5
Dhaka Wanderers,8,1,1,6,5,22,-17,4,Bangladesh - Premier League,0.12,0.88,-17,0.62,2.75,0.5,8.33,1.14,6
Chittagong,8,0,0,8,3,25,-22,0,Bangladesh - Premier League,0.0,1.0,-22,0.38,3.12,0.0,0.0,1.0,7
Maxline,5,4,1,0,9,1,8,13,Belarus - Vysshaya Liga,0.8,0.2,8,1.8,0.2,2.6,1.25,5.0,1
Slavia Mozyr,5,3,1,1,8,6,2,10,Belarus - Vysshaya Liga,0.6,0.4,2,1.6,1.2,2.0,1.67,2.5,2
Neman Grodno,4,3,0,1,7,2,5,9,Belarus - Vysshaya Liga,0.75,0.25,5,1.75,0.5,2.25,1.33,4.0,3
T. Zhodino,6,2,3,1,5,2,3,9,Belarus - Vysshaya Liga,0.33,0.67,3,0.83,0.33,1.5,3.03,1.49,3
BATE Borisov,5,3,0,2,5,4,1,9,Belarus - Vysshaya Liga,0.6,0.4,1,1.0,0.8,1.8,1.67,2.5,3
Dinamo Brest,4,2,2,0,8,5,3,8,Belarus - Vysshaya Liga,0.5,0.5,3,2.0,1.25,2.0,2.0,2.0,4
Gomel,5,2,1,2,2,3,-1,7,Belarus - Vysshaya Liga,0.4,0.6,-1,0.4,0.6,1.4,2.5,1.67,5
Isloch,4,1,3,0,5,4,1,6,Belarus - Vysshaya Liga,0.25,0.75,1,1.25,1.0,1.5,4.0,1.33,6
Naftan,5,2,0,3,4,8,-4,6,Belarus - Vysshaya Liga,0.4,0.6,-4,0.8,1.6,1.2,2.5,1.67,6
Vitebsk,4,1,1,2,7,5,2,4,Belarus - Vysshaya Liga,0.25,0.75,2,1.75,1.25,1.0,4.0,1.33,7
FC Minsk,4,1,1,2,4,11,-7,4,Belarus - Vysshaya Liga,0.25,0.75,-7,1.0,2.75,1.0,4.0,1.33,7
Smorgon,7,1,1,5,4,12,-8,4,Belarus - Vysshaya Liga,0.14,0.86,-8,0.57,1.71,0.57,7.14,1.16,7
Arsenal D.,4,0,3,1,6,7,-1,3,Belarus - Vysshaya Liga,0.0,1.0,-1,1.5,1.75,0.75,0.0,1.0,8
Dinamo Minsk,3,0,2,1,2,5,-3,2,Belarus - Vysshaya Liga,0.0,1.0,-3,0.67,1.67,0.67,0.0,1.0,9
Slutsk,3,0,0,3,2,8,-6,0,Belarus - Vysshaya Liga,0.0,1.0,-6,0.67,2.67,0.0,0.0,1.0,10
Molodechno,5,0,0,5,5,17,-12,0,Belarus - Vysshaya Liga,0.0,1.0,-12,1.0,3.4,0.0,0.0,1.0,10
Lida,5,3,1,1,9,6,3,10,Belarus - First League,0.6,0.4,3,1.8,1.2,2.0,1.67,2.5,1
Baranovichi,5,2,2,1,10,6,4,8,Belarus - First League,0.4,0.6,4,2.0,1.2,1.6,2.5,1.67,2
Bumprom,4,2,2,0,5,2,3,8,Belarus - First League,0.5,0.5,3,1.25,0.5,2.0,2.0,2.0,2
Lokomotiv Gomel,5,2,2,1,8,8,0,8,Belarus - First League,0.4,0.6,0,1.6,1.6,1.6,2.5,1.67,2
Belshina,4,2,1,1,7,5,2,7,Belarus - First League,0.5,0.5,2,1.75,1.25,1.75,2.0,2.0,3
Volna Pinsk,4,1,3,0,8,6,2,6,Belarus - First League,0.25,0.75,2,2.0,1.5,1.5,4.0,1.33,4
Ostrovets,4,2,0,2,5,7,-2,6,Belarus - First League,0.5,0.5,-2,1.25,1.75,1.5,2.0,2.0,4
Slonim,5,2,0,3,6,10,-4,6,Belarus - First League,0.4,0.6,-4,1.2,2.0,1.2,2.5,1.67,4
Orsha,5,2,0,3,7,13,-6,6,Belarus - First League,0.4,0.6,-6,1.4,2.6,1.2,2.5,1.67,4
ABFF U19,4,1,2,1,5,5,0,5,Belarus - First League,0.25,0.75,0,1.25,1.25,1.25,4.0,1.33,5
Dnepr Mogilev,4,1,2,1,5,7,-2,5,Belarus - First League,0.25,0.75,-2,1.25,1.75,1.25,4.0,1.33,5
Niva,3,1,1,1,6,4,2,4,Belarus - First League,0.33,0.67,2,2.0,1.33,1.33,3.03,1.49,6
Dinamo Minsk B,2,1,1,0,2,1,1,4,Belarus - First League,0.5,0.5,1,1.0,0.5,2.0,2.0,2.0,6
Uni X L. Minsk,4,1,1,2,5,9,-4,4,Belarus - First League,0.25,0.75,-4,1.25,2.25,1.0,4.0,1.33,6
BATE B,2,1,0,1,4,2,2,3,Belarus - First League,0.5,0.5,2,2.0,1.0,1.5,2.0,2.0,7
Minsk B,4,1,0,3,4,9,-5,3,Belarus - First League,0.25,0.75,-5,1.0,2.25,0.75,4.0,1.33,7
Osipovichy,4,0,1,3,7,11,-4,1,Belarus - First League,0.0,1.0,-4,1.75,2.75,0.25,0.0,1.0,8
Gomel B,4,0,0,4,0,6,-6,0,Belarus - First League,0.0,1.0,-6,0.0,1.5,0.0,0.0,1.0,9
Royale Union SG,8,5,2,1,15,6,9,17,Belgium - Pro League,0.62,0.38,9,1.88,0.75,2.12,1.61,2.63,1
KRC Genk,8,4,3,1,12,10,2,15,Belgium - Pro League,0.5,0.5,2,1.5,1.25,1.88,2.0,2.0,2
Club Brugge,8,3,4,1,16,11,5,13,Belgium - Pro League,0.38,0.62,5,2.0,1.38,1.62,2.63,1.61,3
Anderlecht,8,4,1,3,7,5,2,13,Belgium - Pro League,0.5,0.5,2,0.88,0.62,1.62,2.0,2.0,3
Charleroi,8,3,2,3,11,12,-1,11,Belgium - Pro League,0.38,0.62,-1,1.38,1.5,1.38,2.63,1.61,4
Gent,8,2,5,1,7,11,-4,11,Belgium - Pro League,0.25,0.75,-4,0.88,1.38,1.38,4.0,1.33,4
Standard Liege,8,2,4,2,8,11,-3,10,Belgium - Pro League,0.25,0.75,-3,1.0,1.38,1.25,4.0,1.33,5
Antwerp,8,1,5,2,7,8,-1,8,Belgium - Pro League,0.12,0.88,-1,0.88,1.0,1.0,8.33,1.14,6
Westerlo,8,2,2,4,11,14,-3,8,Belgium - Pro League,0.25,0.75,-3,1.38,1.75,1.0,4.0,1.33,6
Cercle Brugge,8,1,4,3,8,12,-4,7,Belgium - Pro League,0.12,0.88,-4,1.0,1.5,0.88,8.33,1.14,7
KV Mechelen,8,2,1,5,5,11,-6,7,Belgium - Pro League,0.25,0.75,-6,0.62,1.38,0.88,4.0,1.33,7
Dender,8,2,0,6,11,21,-10,6,Belgium - Pro League,0.25,0.75,-10,1.38,2.62,0.75,4.0,1.33,8
Kortrijk,8,1,2,5,10,18,-8,5,Belgium - Pro League,0.12,0.88,-8,1.25,2.25,0.62,8.33,1.14,9
Sint-Truiden,8,1,1,6,8,20,-12,4,Belgium - Pro League,0.12,0.88,-12,1.0,2.5,0.5,8.33,1.14,10
OH Leuven,8,0,3,5,4,11,-7,3,Belgium - Pro League,0.0,1.0,-7,0.5,1.38,0.38,0.0,1.0,11
Beerschot,8,0,1,7,5,17,-12,1,Belgium - Pro League,0.0,1.0,-12,0.62,2.12,0.12,0.0,1.0,12
Beveren,8,6,2,0,15,5,10,20,Belgium - Challenger Pro League,0.75,0.25,10,1.88,0.62,2.5,1.33,4.0,1
Lokeren-Temse,8,5,1,2,13,8,5,16,Belgium - Challenger Pro League,0.62,0.38,5,1.62,1.0,2.0,1.61,2.63,2
La Louviere,8,4,3,1,12,5,7,15,Belgium - Challenger Pro League,0.5,0.5,7,1.5,0.62,1.88,2.0,2.0,3
RWDM,8,4,3,1,10,4,6,15,Belgium - Challenger Pro League,0.5,0.5,6,1.25,0.5,1.88,2.0,2.0,3
Patro Eisden,8,4,2,2,13,9,4,14,Belgium - Challenger Pro League,0.5,0.5,4,1.62,1.12,1.75,2.0,2.0,4
Club Brugge B,8,4,1,3,14,11,3,13,Belgium - Challenger Pro League,0.5,0.5,3,1.75,1.38,1.62,2.0,2.0,5
Lierse K.,8,3,1,4,11,9,2,10,Belgium - Challenger Pro League,0.38,0.62,2,1.38,1.12,1.25,2.63,1.61,6
Zulte-Waregem,8,2,4,2,9,7,2,10,Belgium - Challenger Pro League,0.25,0.75,2,1.12,0.88,1.25,4.0,1.33,6
Francs Borains,8,3,1,4,7,10,-3,10,Belgium - Challenger Pro League,0.38,0.62,-3,0.88,1.25,1.25,2.63,1.61,6
RFC Liege,8,3,0,5,12,13,-1,9,Belgium - Challenger Pro League,0.38,0.62,-1,1.5,1.62,1.12,2.63,1.61,7
Seraing,8,1,3,4,11,18,-7,6,Belgium - Challenger Pro League,0.12,0.88,-7,1.38,2.25,0.75,8.33,1.14,8
Lommel SK,8,2,0,6,5,19,-14,6,Belgium - Challenger Pro League,0.25,0.75,-14,0.62,2.38,0.75,4.0,1.33,8
Eupen,8,1,2,5,8,12,-4,5,Belgium - Challenger Pro League,0.12,0.88,-4,1.0,1.5,0.62,8.33,1.14,9
Anderlecht B,8,1,2,5,9,17,-8,5,Belgium - Challenger Pro League,0.12,0.88,-8,1.12,2.12,0.62,8.33,1.14,9
KRC Genk B,8,0,1,7,5,19,-14,1,Belgium - Challenger Pro League,0.0,1.0,-14,0.62,2.38,0.12,0.0,1.0,10
Deinze,0,0,0,0,0,0,0,0,Belgium - Challenger Pro League,0.0,0.0,0,0.0,0.0,0.0,0.0,0.0,11
Always Ready,5,4,1,0,19,5,14,13,Bolivia - Primera Div. - Apertura,0.8,0.2,14,3.8,1.0,2.6,1.25,5.0,1
Bolivar,4,3,0,1,10,4,6,9,Bolivia - Primera Div. - Apertura,0.75,0.25,6,2.5,1.0,2.25,1.33,4.0,2
ABB,4,2,1,1,3,3,0,7,Bolivia - Primera Div. - Apertura,0.5,0.5,0,0.75,0.75,1.75,2.0,2.0,3
U. de Vinto,4,1,2,1,3,3,0,5,Bolivia - Primera Div. - Apertura,0.25,0.75,0,0.75,0.75,1.25,4.0,1.33,4
The Strongest,4,1,1,2,8,7,1,4,Bolivia - Primera Div. - Apertura,0.25,0.75,1,2.0,1.75,1.0,4.0,1.33,5
I. Petrolero,4,1,1,2,7,10,-3,4,Bolivia - Primera Div. - Apertura,0.25,0.75,-3,1.75,2.5,1.0,4.0,1.33,5
Blooming,4,1,1,2,6,10,-4,4,Bolivia - Primera Div. - Apertura,0.25,0.75,-4,1.5,2.5,1.0,4.0,1.33,5
GV San Jose,3,1,0,2,3,7,-4,3,Bolivia - Primera Div. - Apertura,0.33,0.67,-4,1.0,2.33,1.0,3.03,1.49,6
Wilstermann,4,1,0,3,4,11,-7,3,Bolivia - Primera Div. - Apertura,0.25,0.75,-7,1.0,2.75,0.75,4.0,1.33,6
Real Tomayapo,4,0,2,2,2,5,-3,2,Bolivia - Primera Div. - Apertura,0.0,1.0,-3,0.5,1.25,0.5,0.0,1.0,7
Real Oruro,4,0,2,2,4,8,-4,2,Bolivia - Primera Div. - Apertura,0.0,1.0,-4,1.0,2.0,0.5,0.0,1.0,7
Nacional Potosi,2,0,1,1,2,4,-2,1,Bolivia - Primera Div. - Apertura,0.0,1.0,-2,1.0,2.0,0.5,0.0,1.0,8
Aurora,4,0,1,3,5,11,-6,1,Bolivia - Primera Div. - Apertura,0.0,1.0,-6,1.25,2.75,0.25,0.0,1.0,8
Oriente P.,3,0,1,2,4,11,-7,1,Bolivia - Primera Div. - Apertura,0.0,1.0,-7,1.33,3.67,0.33,0.0,1.0,8
SA Bulo Bulo,4,0,1,3,4,11,-7,1,Bolivia - Primera Div. - Apertura,0.0,1.0,-7,1.0,2.75,0.25,0.0,1.0,8
Guabira,4,0,1,3,4,13,-9,1,Bolivia - Primera Div. - Apertura,0.0,1.0,-9,1.0,3.25,0.25,0.0,1.0,8
Palmeiras,5,5,0,0,8,3,5,15,Brazil - Serie A,1.0,0.0,5,1.6,0.6,3.0,1.0,0.0,1
Flamengo,4,2,1,1,5,3,2,7,Brazil - Serie A,0.5,0.5,2,1.25,0.75,1.75,2.0,2.0,2
Bragantino,4,2,1,1,5,4,1,7,Brazil - Serie A,0.5,0.5,1,1.25,1.0,1.75,2.0,2.0,2
Atletico MG,5,1,2,2,4,6,-2,5,Brazil - Serie A,0.2,0.8,-2,0.8,1.2,1.0,5.0,1.25,3
Cruzeiro,4,1,1,2,5,5,0,4,Brazil - Serie A,0.25,0.75,0,1.25,1.25,1.0,4.0,1.33,4
Fluminense,5,1,1,3,5,8,-3,4,Brazil - Serie A,0.2,0.8,-3,1.0,1.6,0.8,5.0,1.25,4
Bahia,4,1,1,2,3,6,-3,4,Brazil - Serie A,0.25,0.75,-3,0.75,1.5,1.0,4.0,1.33,4
Sao Paulo,4,0,3,1,3,4,-1,3,Brazil - Serie A,0.0,1.0,-1,0.75,1.0,0.75,0.0,1.0,5
Mirassol,5,0,3,2,5,7,-2,3,Brazil - Serie A,0.0,1.0,-2,1.0,1.4,0.6,0.0,1.0,5
Fortaleza,5,0,3,2,2,6,-4,3,Brazil - Serie A,0.0,1.0,-4,0.4,1.2,0.6,0.0,1.0,5
Internacional,5,0,3,2,4,10,-6,3,Brazil - Serie A,0.0,1.0,-6,0.8,2.0,0.6,0.0,1.0,5
Ceara,4,0,2,2,3,5,-2,2,Brazil - Serie A,0.0,1.0,-2,0.75,1.25,0.5,0.0,1.0,6
Botafogo,5,0,2,3,0,3,-3,2,Brazil - Serie A,0.0,1.0,-3,0.0,0.6,0.4,0.0,1.0,6
Vitoria,5,0,2,3,4,8,-4,2,Brazil - Serie A,0.0,1.0,-4,0.8,1.6,0.4,0.0,1.0,6
Gremio,4,0,1,3,3,9,-6,1,Brazil - Serie A,0.0,1.0,-6,0.75,2.25,0.25,0.0,1.0,7
Sport Recife,5,0,1,4,3,9,-6,1,Brazil - Serie A,0.0,1.0,-6,0.6,1.8,0.2,0.0,1.0,7
Corinthians,4,0,1,3,2,9,-7,1,Brazil - Serie A,0.0,1.0,-7,0.5,2.25,0.25,0.0,1.0,7
Santos,5,0,0,5,2,7,-5,0,Brazil - Serie A,0.0,1.0,-5,0.4,1.4,0.0,0.0,1.0,8
Vasco da Gama,4,0,0,4,2,8,-6,0,Brazil - Serie A,0.0,1.0,-6,0.5,2.0,0.0,0.0,1.0,8
Juventude,4,0,0,4,1,16,-15,0,Brazil - Serie A,0.0,1.0,-15,0.25,4.0,0.0,0.0,1.0,8
Goias,4,2,1,1,3,2,1,7,Brazil - Serie B,0.5,0.5,1,0.75,0.5,1.75,2.0,2.0,1
Operario PR,4,2,0,2,5,6,-1,6,Brazil - Serie B,0.5,0.5,-1,1.25,1.5,1.5,2.0,2.0,2
Avai,4,1,2,1,6,5,1,5,Brazil - Serie B,0.25,0.75,1,1.5,1.25,1.25,4.0,1.33,3
Novorizontino,4,1,2,1,3,2,1,5,Brazil - Serie B,0.25,0.75,1,0.75,0.5,1.25,4.0,1.33,3
Cuiaba,4,1,2,1,4,4,0,5,Brazil - Serie B,0.25,0.75,0,1.0,1.0,1.25,4.0,1.33,3
CRB,4,1,2,1,4,5,-1,5,Brazil - Serie B,0.25,0.75,-1,1.0,1.25,1.25,4.0,1.33,3
Remo,4,0,4,0,5,5,0,4,Brazil - Serie B,0.0,1.0,0,1.25,1.25,1.0,0.0,1.0,4
Chapecoense,4,1,1,2,3,3,0,4,Brazil - Serie B,0.25,0.75,0,0.75,0.75,1.0,4.0,1.33,4
Vila Nova,4,1,1,2,3,5,-2,4,Brazil - Serie B,0.25,0.75,-2,0.75,1.25,1.0,4.0,1.33,4
Ferroviaria,4,0,3,1,2,3,-1,3,Brazil - Serie B,0.0,1.0,-1,0.5,0.75,0.75,0.0,1.0,5
Athletico PR,4,1,0,3,5,7,-2,3,Brazil - Serie B,0.25,0.75,-2,1.25,1.75,0.75,4.0,1.33,5
Coritiba,4,1,0,3,3,5,-2,3,Brazil - Serie B,0.25,0.75,-2,0.75,1.25,0.75,4.0,1.33,5
Atletico GO,4,0,3,1,2,4,-2,3,Brazil - Serie B,0.0,1.0,-2,0.5,1.0,0.75,0.0,1.0,5
Botafogo SP,4,1,0,3,4,7,-3,3,Brazil - Serie B,0.25,0.75,-3,1.0,1.75,0.75,4.0,1.33,5
Athletic Club,4,1,0,3,5,9,-4,3,Brazil - Serie B,0.25,0.75,-4,1.25,2.25,0.75,4.0,1.33,5
Paysandu,4,0,2,2,2,4,-2,2,Brazil - Serie B,0.0,1.0,-2,0.5,1.0,0.5,0.0,1.0,6
Criciuma,4,0,1,3,3,6,-3,1,Brazil - Serie B,0.0,1.0,-3,0.75,1.5,0.25,0.0,1.0,7
Volta Redonda,4,0,1,3,1,4,-3,1,Brazil - Serie B,0.0,1.0,-3,0.25,1.0,0.25,0.0,1.0,7
Amazonas,4,0,1,3,2,6,-4,1,Brazil - Serie B,0.0,1.0,-4,0.5,1.5,0.25,0.0,1.0,7
America MG,4,0,0,4,0,7,-7,0,Brazil - Serie B,0.0,1.0,-7,0.0,1.75,0.0,0.0,1.0,8
Londrina,3,2,1,0,4,0,4,7,Brazil - Serie C,0.67,0.33,4,1.33,0.0,2.33,1.49,3.03,1
Ponte Preta,3,2,1,0,4,2,2,7,Brazil - Serie C,0.67,0.33,2,1.33,0.67,2.33,1.49,3.03,1
Sao Bernardo,3,2,0,1,2,1,1,6,Brazil - Serie C,0.67,0.33,1,0.67,0.33,2.0,1.49,3.03,2
Ituano,3,2,0,1,4,4,0,6,Brazil - Serie C,0.67,0.33,0,1.33,1.33,2.0,1.49,3.03,2
Brusque,3,1,2,0,4,1,3,5,Brazil - Serie C,0.33,0.67,3,1.33,0.33,1.67,3.03,1.49,3
ABC,3,1,2,0,2,1,1,5,Brazil - Serie C,0.33,0.67,1,0.67,0.33,1.67,3.03,1.49,3
Maringa,3,1,1,1,6,6,0,4,Brazil - Serie C,0.33,0.67,0,2.0,2.0,1.33,3.03,1.49,4
Floresta,3,1,1,1,3,3,0,4,Brazil - Serie C,0.33,0.67,0,1.0,1.0,1.33,3.03,1.49,4
Nautico,3,1,0,2,6,4,2,3,Brazil - Serie C,0.33,0.67,2,2.0,1.33,1.0,3.03,1.49,5
Caxias,3,1,0,2,4,5,-1,3,Brazil - Serie C,0.33,0.67,-1,1.33,1.67,1.0,3.03,1.49,5
Botafogo PB,3,0,2,1,2,3,-1,2,Brazil - Serie C,0.0,1.0,-1,0.67,1.0,0.67,0.0,1.0,6
CSA,3,0,2,1,1,2,-1,2,Brazil - Serie C,0.0,1.0,-1,0.33,0.67,0.67,0.0,1.0,6
Anapolis,3,0,2,1,4,6,-2,2,Brazil - Serie C,0.0,1.0,-2,1.33,2.0,0.67,0.0,1.0,6
Tombense,3,0,2,1,2,4,-2,2,Brazil - Serie C,0.0,1.0,-2,0.67,1.33,0.67,0.0,1.0,6
Figueirense,3,0,1,2,4,6,-2,1,Brazil - Serie C,0.0,1.0,-2,1.33,2.0,0.33,0.0,1.0,7
Ypiranga,3,0,1,2,1,4,-3,1,Brazil - Serie C,0.0,1.0,-3,0.33,1.33,0.33,0.0,1.0,7
Guarani,3,0,1,2,0,3,-3,1,Brazil - Serie C,0.0,1.0,-3,0.0,1.0,0.33,0.0,1.0,7
Retro,3,0,0,3,1,4,-3,0,Brazil - Serie C,0.0,1.0,-3,0.33,1.33,0.0,0.0,1.0,8
Itabaiana,3,0,0,3,2,6,-4,0,Brazil - Serie C,0.0,1.0,-4,0.67,2.0,0.0,0.0,1.0,8
Confianca,3,0,0,3,2,8,-6,0,Brazil - Serie C,0.0,1.0,-6,0.67,2.67,0.0,0.0,1.0,8
ASA,3,2,1,0,5,1,4,7,Brazil - Serie D,0.67,0.33,4,1.67,0.33,2.33,1.49,3.03,1
Altos,3,2,1,0,6,3,3,7,Brazil - Serie D,0.67,0.33,3,2.0,1.0,2.33,1.49,3.03,1
Santa Cruz,3,2,1,0,3,1,2,7,Brazil - Serie D,0.67,0.33,2,1.0,0.33,2.33,1.49,3.03,1
Sergipe,3,2,0,1,4,1,3,6,Brazil - Serie D,0.67,0.33,3,1.33,0.33,2.0,1.49,3.03,2
Aparecidense,3,2,0,1,5,3,2,6,Brazil - Serie D,0.67,0.33,2,1.67,1.0,2.0,1.49,3.03,2
Luverdense,3,2,0,1,2,2,0,6,Brazil - Serie D,0.67,0.33,0,0.67,0.67,2.0,1.49,3.03,2
Ceilandia,3,1,2,0,5,4,1,5,Brazil - Serie D,0.33,0.67,1,1.67,1.33,1.67,3.03,1.49,3
Itabirito,3,1,2,0,2,1,1,5,Brazil - Serie D,0.33,0.67,1,0.67,0.33,1.67,3.03,1.49,3
Independencia,2,1,1,0,4,2,2,4,Brazil - Serie D,0.5,0.5,2,2.0,1.0,2.0,2.0,2.0,4
Aguia de Maraba,2,1,1,0,2,0,2,4,Brazil - Serie D,0.5,0.5,2,1.0,0.0,2.0,2.0,2.0,4
Central,2,1,1,0,2,0,2,4,Brazil - Serie D,0.5,0.5,2,1.0,0.0,2.0,2.0,2.0,4
Portuguesa,3,1,1,1,6,5,1,4,Brazil - Serie D,0.33,0.67,1,2.0,1.67,1.33,3.03,1.49,4
Tocantinopolis,2,1,1,0,4,3,1,4,Brazil - Serie D,0.5,0.5,1,2.0,1.5,2.0,2.0,2.0,4
EC Sao Jose,3,1,1,1,3,2,1,4,Brazil - Serie D,0.33,0.67,1,1.0,0.67,1.33,3.03,1.49,4
Juazeirense,2,1,1,0,3,2,1,4,Brazil - Serie D,0.5,0.5,1,1.5,1.0,2.0,2.0,2.0,4
Lagarto,2,1,1,0,3,2,1,4,Brazil - Serie D,0.5,0.5,1,1.5,1.0,2.0,2.0,2.0,4
Manauara,2,1,1,0,3,2,1,4,Brazil - Serie D,0.5,0.5,1,1.5,1.0,2.0,2.0,2.0,4
America RN,3,1,1,1,3,3,0,4,Brazil - Serie D,0.33,0.67,0,1.0,1.0,1.33,3.03,1.49,4
Inter Limeira,3,1,1,1,3,3,0,4,Brazil - Serie D,0.33,0.67,0,1.0,1.0,1.33,3.03,1.49,4
Tuna Luso,3,1,1,1,3,3,0,4,Brazil - Serie D,0.33,0.67,0,1.0,1.0,1.33,3.03,1.49,4
Cascavel,3,1,1,1,2,4,-2,4,Brazil - Serie D,0.33,0.67,-2,0.67,1.33,1.33,3.03,1.49,4
Goiatuba EC,2,1,0,1,5,3,2,3,Brazil - Serie D,0.5,0.5,2,2.5,1.5,1.5,2.0,2.0,5
Uberlandia,2,1,0,1,3,2,1,3,Brazil - Serie D,0.5,0.5,1,1.5,1.0,1.5,2.0,2.0,5
Capital,2,1,0,1,1,1,0,3,Brazil - Serie D,0.5,0.5,0,0.5,0.5,1.5,2.0,2.0,5
Goianesia,2,1,0,1,1,1,0,3,Brazil - Serie D,0.5,0.5,0,0.5,0.5,1.5,2.0,2.0,5
Pouso Alegre,3,1,0,2,3,4,-1,3,Brazil - Serie D,0.33,0.67,-1,1.0,1.33,1.0,3.03,1.49,5
Agua Santa,2,1,0,1,2,3,-1,3,Brazil - Serie D,0.5,0.5,-1,1.0,1.5,1.5,2.0,2.0,5
Azuriz,3,1,0,2,2,3,-1,3,Brazil - Serie D,0.33,0.67,-1,0.67,1.0,1.0,3.03,1.49,5
Barra FC,3,1,0,2,2,3,-1,3,Brazil - Serie D,0.33,0.67,-1,0.67,1.0,1.0,3.03,1.49,5
Flamengo,5,3,2,0,13,1,12,11,Brazil - Carioca,0.6,0.4,12,2.6,0.2,2.2,1.67,2.5,1
Volta Redonda,6,3,1,2,8,8,0,10,Brazil - Carioca,0.5,0.5,0,1.33,1.33,1.67,2.0,2.0,2
Madureira,6,2,1,3,7,6,1,7,Brazil - Carioca,0.33,0.67,1,1.17,1.0,1.17,3.03,1.49,3
Fluminense,5,2,1,2,6,5,1,7,Brazil - Carioca,0.4,0.6,1,1.2,1.0,1.4,2.5,1.67,3
Nova Iguacu,5,2,1,2,3,5,-2,7,Brazil - Carioca,0.4,0.6,-2,0.6,1.0,1.4,2.5,1.67,3
Boavista,5,1,3,1,3,3,0,6,Brazil - Carioca,0.2,0.8,0,0.6,0.6,1.2,5.0,1.25,4
Vasco da Gama,5,1,3,1,3,4,-1,6,Brazil - Carioca,0.2,0.8,-1,0.6,0.8,1.2,5.0,1.25,4
Sampaio Correa,6,1,3,2,4,6,-2,6,Brazil - Carioca,0.17,0.83,-2,0.67,1.0,1.0,5.88,1.2,4
Botafogo,5,1,1,3,3,5,-2,4,Brazil - Carioca,0.2,0.8,-2,0.6,1.0,0.8,5.0,1.25,5
Portuguesa RJ,6,1,1,4,6,13,-7,4,Brazil - Carioca,0.17,0.83,-7,1.0,2.17,0.67,5.88,1.2,5
CFRJ . Marica,6,1,1,4,5,13,-8,4,Brazil - Carioca,0.17,0.83,-8,0.83,2.17,0.67,5.88,1.2,5
Bangu,6,0,3,3,4,10,-6,3,Brazil - Carioca,0.0,1.0,-6,0.67,1.67,0.5,0.0,1.0,6
Betim,4,3,1,0,8,2,6,10,Brazil - Mineiro,0.75,0.25,6,2.0,0.5,2.5,1.33,4.0,1
Atletico MG,4,2,2,0,3,0,3,8,Brazil - Mineiro,0.5,0.5,3,0.75,0.0,2.0,2.0,2.0,2
Democrata GV,4,2,2,0,4,2,2,8,Brazil - Mineiro,0.5,0.5,2,1.0,0.5,2.0,2.0,2.0,2
Tombense,4,2,0,2,4,4,0,6,Brazil - Mineiro,0.5,0.5,0,1.0,1.0,1.5,2.0,2.0,3
America MG,4,1,2,1,4,4,0,5,Brazil - Mineiro,0.25,0.75,0,1.0,1.0,1.25,4.0,1.33,4
Cruzeiro,4,1,1,2,6,5,1,4,Brazil - Mineiro,0.25,0.75,1,1.5,1.25,1.0,4.0,1.33,5
Itabirito,4,1,1,2,5,6,-1,4,Brazil - Mineiro,0.25,0.75,-1,1.25,1.5,1.0,4.0,1.33,5
Uberlandia,4,1,1,2,4,6,-2,4,Brazil - Mineiro,0.25,0.75,-2,1.0,1.5,1.0,4.0,1.33,5
Pouso Alegre,4,1,1,2,5,11,-6,4,Brazil - Mineiro,0.25,0.75,-6,1.25,2.75,1.0,4.0,1.33,5
Villa Nova,4,1,1,2,3,9,-6,4,Brazil - Mineiro,0.25,0.75,-6,0.75,2.25,1.0,4.0,1.33,5
Athletic Club,4,1,0,3,1,6,-5,3,Brazil - Mineiro,0.25,0.75,-5,0.25,1.5,0.75,4.0,1.33,6
Aymores,4,0,2,2,0,3,-3,2,Brazil - Mineiro,0.0,1.0,-3,0.0,0.75,0.5,0.0,1.0,7
Atletico GO,5,3,1,1,10,4,6,10,Brazil - Goiano,0.6,0.4,6,2.0,0.8,2.0,1.67,2.5,1
Anapolis,5,3,1,1,6,3,3,10,Brazil - Goiano,0.6,0.4,3,1.2,0.6,2.0,1.67,2.5,1
Vila Nova,5,3,1,1,7,5,2,10,Brazil - Goiano,0.6,0.4,2,1.4,1.0,2.0,1.67,2.5,1
CRAC,6,2,2,2,4,4,0,8,Brazil - Goiano,0.33,0.67,0,0.67,0.67,1.33,3.03,1.49,2
Goias,5,2,1,2,4,4,0,7,Brazil - Goiano,0.4,0.6,0,0.8,0.8,1.4,2.5,1.67,3
Goiatuba EC,6,1,4,1,4,4,0,7,Brazil - Goiano,0.17,0.83,0,0.67,0.67,1.17,5.88,1.2,3
Inhumas,6,1,2,3,3,6,-3,5,Brazil - Goiano,0.17,0.83,-3,0.5,1.0,0.83,5.88,1.2,4
Jataiense,6,1,1,4,4,8,-4,4,Brazil - Goiano,0.17,0.83,-4,0.67,1.33,0.67,5.88,1.2,5
Goianesia,6,1,1,4,4,9,-5,4,Brazil - Goiano,0.17,0.83,-5,0.67,1.5,0.67,5.88,1.2,5
ABECAT Ouvidore,6,1,1,4,3,8,-5,4,Brazil - Goiano,0.17,0.83,-5,0.5,1.33,0.67,5.88,1.2,5
Aparecidense,5,0,2,3,2,5,-3,2,Brazil - Goiano,0.0,1.0,-3,0.4,1.0,0.4,0.0,1.0,6
Goiania,5,0,0,5,2,12,-10,0,Brazil - Goiano,0.0,1.0,-10,0.4,2.4,0.0,0.0,1.0,7
Sport Recife,4,2,1,1,5,3,2,7,Brazil - Pernambucano,0.5,0.5,2,1.25,0.75,1.75,2.0,2.0,1
Maguary PE,5,2,1,2,5,9,-4,7,Brazil - Pernambucano,0.4,0.6,-4,1.0,1.8,1.4,2.5,1.67,1
Santa Cruz,4,1,2,1,6,3,3,5,Brazil - Pernambucano,0.25,0.75,3,1.5,0.75,1.25,4.0,1.33,2
Decisao,5,1,2,2,5,10,-5,5,Brazil - Pernambucano,0.2,0.8,-5,1.0,2.0,1.0,5.0,1.25,2
Retro,4,1,1,2,3,5,-2,4,Brazil - Pernambucano,0.25,0.75,-2,0.75,1.25,1.0,4.0,1.33,3
Nautico,4,1,0,3,3,5,-2,3,Brazil - Pernambucano,0.25,0.75,-2,0.75,1.25,0.75,4.0,1.33,4
Central,4,0,2,2,2,4,-2,2,Brazil - Pernambucano,0.0,1.0,-2,0.5,1.0,0.5,0.0,1.0,5
Jaguar,5,0,2,3,5,10,-5,2,Brazil - Pernambucano,0.0,1.0,-5,1.0,2.0,0.4,0.0,1.0,5
Petrolina,5,0,2,3,3,9,-6,2,Brazil - Pernambucano,0.0,1.0,-6,0.6,1.8,0.4,0.0,1.0,5
Afogados,5,0,1,4,1,9,-8,1,Brazil - Pernambucano,0.0,1.0,-8,0.2,1.8,0.2,0.0,1.0,6
Ponte Preta,6,5,1,0,9,4,5,16,Brazil - Paulista,0.83,0.17,5,1.5,0.67,2.67,1.2,5.88,1
Palmeiras,6,4,2,0,14,6,8,14,Brazil - Paulista,0.67,0.33,8,2.33,1.0,2.33,1.49,3.03,2
Sao Bernardo,6,4,1,1,9,7,2,13,Brazil - Paulista,0.67,0.33,2,1.5,1.17,2.17,1.49,3.03,3
Novorizontino,6,3,3,0,9,6,3,12,Brazil - Paulista,0.5,0.5,3,1.5,1.0,2.0,2.0,2.0,4
Corinthians,6,3,2,1,8,7,1,11,Brazil - Paulista,0.5,0.5,1,1.33,1.17,1.83,2.0,2.0,5
Sao Paulo,6,2,2,2,6,6,0,8,Brazil - Paulista,0.33,0.67,0,1.0,1.0,1.33,3.03,1.49,6
Mirassol,6,2,0,4,6,12,-6,6,Brazil - Paulista,0.33,0.67,-6,1.0,2.0,1.0,3.03,1.49,7
Santos,6,1,2,3,7,8,-1,5,Brazil - Paulista,0.17,0.83,-1,1.17,1.33,0.83,5.88,1.2,8
Bragantino,6,1,2,3,5,8,-3,5,Brazil - Paulista,0.17,0.83,-3,0.83,1.33,0.83,5.88,1.2,8
Inter Limeira,6,0,4,2,6,9,-3,4,Brazil - Paulista,0.0,1.0,-3,1.0,1.5,0.67,0.0,1.0,9
Portuguesa,6,0,4,2,4,7,-3,4,Brazil - Paulista,0.0,1.0,-3,0.67,1.17,0.67,0.0,1.0,9
Noroeste,6,1,1,4,5,10,-5,4,Brazil - Paulista,0.17,0.83,-5,0.83,1.67,0.67,5.88,1.2,9
Velo Clube,6,0,3,3,6,9,-3,3,Brazil - Paulista,0.0,1.0,-3,1.0,1.5,0.5,0.0,1.0,10
Botafogo SP,6,0,3,3,4,9,-5,3,Brazil - Paulista,0.0,1.0,-5,0.67,1.5,0.5,0.0,1.0,10
Guarani,6,0,2,4,4,9,-5,2,Brazil - Paulista,0.0,1.0,-5,0.67,1.5,0.33,0.0,1.0,11
Agua Santa,6,0,1,5,3,17,-14,1,Brazil - Paulista,0.0,1.0,-14,0.5,2.83,0.17,0.0,1.0,12
EC de Patos,5,3,0,2,11,8,3,9,Brazil - Paraibano,0.6,0.4,3,2.2,1.6,1.8,1.67,2.5,1
Sousa,4,2,2,0,5,1,4,8,Brazil - Paraibano,0.5,0.5,4,1.25,0.25,2.0,2.0,2.0,2
Treze,4,2,1,1,11,6,5,7,Brazil - Paraibano,0.5,0.5,5,2.75,1.5,1.75,2.0,2.0,3
Botafogo PB,4,2,0,2,4,4,0,6,Brazil - Paraibano,0.5,0.5,0,1.0,1.0,1.5,2.0,2.0,4
Auto Esporte,5,1,2,2,6,11,-5,5,Brazil - Paraibano,0.2,0.8,-5,1.2,2.2,1.0,5.0,1.25,5
Serra Branca,4,1,1,2,3,4,-1,4,Brazil - Paraibano,0.25,0.75,-1,0.75,1.0,1.0,4.0,1.33,6
Pombal,5,1,1,3,4,6,-2,4,Brazil - Paraibano,0.2,0.8,-2,0.8,1.2,0.8,5.0,1.25,6
Campinense,5,1,1,3,3,8,-5,4,Brazil - Paraibano,0.2,0.8,-5,0.6,1.6,0.8,5.0,1.25,6
Nacional Patos,5,0,2,3,7,13,-6,2,Brazil - Paraibano,0.0,1.0,-6,1.4,2.6,0.4,0.0,1.0,7
Picuiense,4,0,1,3,2,19,-17,1,Brazil - Paraibano,0.0,1.0,-17,0.5,4.75,0.25,0.0,1.0,8
Criciuma,5,3,2,0,8,3,5,11,Brazil - Catarinense,0.6,0.4,5,1.6,0.6,2.2,1.67,2.5,1
Chapecoense,6,2,3,1,11,9,2,9,Brazil - Catarinense,0.33,0.67,2,1.83,1.5,1.5,3.03,1.49,2
Avai,5,1,3,1,3,1,2,6,Brazil - Catarinense,0.2,0.8,2,0.6,0.2,1.2,5.0,1.25,3
Santa Catarina,6,1,3,2,8,9,-1,6,Brazil - Catarinense,0.17,0.83,-1,1.33,1.5,1.0,5.88,1.2,3
Brusque,5,1,2,2,5,4,1,5,Brazil - Catarinense,0.2,0.8,1,1.0,0.8,1.0,5.0,1.25,4
Figueirense,5,1,2,2,4,5,-1,5,Brazil - Catarinense,0.2,0.8,-1,0.8,1.0,1.0,5.0,1.25,4
Barra FC,5,1,2,2,2,5,-3,5,Brazil - Catarinense,0.2,0.8,-3,0.4,1.0,1.0,5.0,1.25,4
Joinville,6,1,2,3,3,9,-6,5,Brazil - Catarinense,0.17,0.83,-6,0.5,1.5,0.83,5.88,1.2,4
Caravaggio,6,1,1,4,5,13,-8,4,Brazil - Catarinense,0.17,0.83,-8,0.83,2.17,0.67,5.88,1.2,5
Hercilio Luz,6,0,2,4,3,8,-5,2,Brazil - Catarinense,0.0,1.0,-5,0.5,1.33,0.33,0.0,1.0,6
Marcilio Dias,5,0,2,3,2,7,-5,2,Brazil - Catarinense,0.0,1.0,-5,0.4,1.4,0.4,0.0,1.0,6
Concordia,6,0,1,5,3,14,-11,1,Brazil - Catarinense,0.0,1.0,-11,0.5,2.33,0.17,0.0,1.0,7
Internacional,4,2,2,0,8,4,4,8,Brazil - Gaucho,0.5,0.5,4,2.0,1.0,2.0,2.0,2.0,1
Gremio,4,2,1,1,4,2,2,7,Brazil - Gaucho,0.5,0.5,2,1.0,0.5,1.75,2.0,2.0,2
Juventude,4,2,1,1,6,5,1,7,Brazil - Gaucho,0.5,0.5,1,1.5,1.25,1.75,2.0,2.0,2
Caxias,4,2,1,1,2,4,-2,7,Brazil - Gaucho,0.5,0.5,-2,0.5,1.0,1.75,2.0,2.0,2
Ypiranga,4,1,2,1,2,3,-1,5,Brazil - Gaucho,0.25,0.75,-1,0.5,0.75,1.25,4.0,1.33,3
Guarany de Bage,4,1,1,2,3,3,0,4,Brazil - Gaucho,0.25,0.75,0,0.75,0.75,1.0,4.0,1.33,4
Monsoon,4,1,1,2,4,6,-2,4,Brazil - Gaucho,0.25,0.75,-2,1.0,1.5,1.0,4.0,1.33,4
Sao Luiz,4,1,1,2,2,7,-5,4,Brazil - Gaucho,0.25,0.75,-5,0.5,1.75,1.0,4.0,1.33,4
EC Sao Jose,4,0,2,2,3,6,-3,2,Brazil - Gaucho,0.0,1.0,-3,0.75,1.5,0.5,0.0,1.0,5
Brasil de P.,4,0,2,2,3,8,-5,2,Brazil - Gaucho,0.0,1.0,-5,0.75,2.0,0.5,0.0,1.0,5
Pelotas,4,0,2,2,2,8,-6,2,Brazil - Gaucho,0.0,1.0,-6,0.5,2.0,0.5,0.0,1.0,5
Avenida,4,0,0,4,2,6,-4,0,Brazil - Gaucho,0.0,1.0,-4,0.5,1.5,0.0,0.0,1.0,6
Levski Sofia,8,5,3,0,15,5,10,18,Bulgaria - Parva Liga,0.62,0.38,10,1.88,0.62,2.25,1.61,2.63,1
CSKA Sofia,8,5,1,2,11,3,8,16,Bulgaria - Parva Liga,0.62,0.38,8,1.38,0.38,2.0,1.61,2.63,2
Arda,8,3,3,2,14,9,5,12,Bulgaria - Parva Liga,0.38,0.62,5,1.75,1.12,1.5,2.63,1.61,3
Ludogorets,8,3,3,2,11,9,2,12,Bulgaria - Parva Liga,0.38,0.62,2,1.38,1.12,1.5,2.63,1.61,3
Slavia Sofia,8,3,3,2,13,12,1,12,Bulgaria - Parva Liga,0.38,0.62,1,1.62,1.5,1.5,2.63,1.61,3
Lok. Plovdiv,8,3,2,3,9,8,1,11,Bulgaria - Parva Liga,0.38,0.62,1,1.12,1.0,1.38,2.63,1.61,4
Lokomotiv Sofia,8,3,2,3,9,9,0,11,Bulgaria - Parva Liga,0.38,0.62,0,1.12,1.12,1.38,2.63,1.61,4
Septemvri Sofia,8,3,1,4,10,15,-5,10,Bulgaria - Parva Liga,0.38,0.62,-5,1.25,1.88,1.25,2.63,1.61,5
Beroe,8,2,3,3,10,9,1,9,Bulgaria - Parva Liga,0.25,0.75,1,1.25,1.12,1.12,4.0,1.33,6
Cherno More,8,2,3,3,5,11,-6,9,Bulgaria - Parva Liga,0.25,0.75,-6,0.62,1.38,1.12,4.0,1.33,6
CSKA 1948 Sofia,8,2,2,4,10,10,0,8,Bulgaria - Parva Liga,0.25,0.75,0,1.25,1.25,1.0,4.0,1.33,7
Botev Plovdiv,8,1,3,4,12,12,0,6,Bulgaria - Parva Liga,0.12,0.88,0,1.5,1.5,0.75,8.33,1.14,8
Botev Vratsa,8,2,0,6,6,14,-8,6,Bulgaria - Parva Liga,0.25,0.75,-8,0.75,1.75,0.75,4.0,1.33,8
Spartak Varna,8,1,2,5,9,18,-9,5,Bulgaria - Parva Liga,0.12,0.88,-9,1.12,2.25,0.62,8.33,1.14,9
Hebar,8,1,1,6,7,15,-8,4,Bulgaria - Parva Liga,0.12,0.88,-8,0.88,1.88,0.5,8.33,1.14,10
L. Krumovgrad,8,1,1,6,4,15,-11,4,Bulgaria - Parva Liga,0.12,0.88,-11,0.5,1.88,0.5,8.33,1.14,10
HFX Wanderers,4,3,1,0,7,3,4,10,Canada - Premier League,0.75,0.25,4,1.75,0.75,2.5,1.33,4.0,1
A. Ottawa,3,2,1,0,9,4,5,7,Canada - Premier League,0.67,0.33,5,3.0,1.33,2.33,1.49,3.03,2
Cavalry,3,2,0,1,5,2,3,6,Canada - Premier League,0.67,0.33,3,1.67,0.67,2.0,1.49,3.03,3
Forge,3,1,2,0,4,2,2,5,Canada - Premier League,0.33,0.67,2,1.33,0.67,1.67,3.03,1.49,4
Vancouver FC,2,1,1,0,4,2,2,4,Canada - Premier League,0.5,0.5,2,2.0,1.0,2.0,2.0,2.0,5
York Utd,4,1,0,3,6,7,-1,3,Canada - Premier League,0.25,0.75,-1,1.5,1.75,0.75,4.0,1.33,6
Valour,3,0,1,2,3,8,-5,1,Canada - Premier League,0.0,1.0,-5,1.0,2.67,0.33,0.0,1.0,7
Pacific,4,0,1,3,3,11,-8,1,Canada - Premier League,0.0,1.0,-8,0.75,2.75,0.25,0.0,1.0,7
Palestino,6,4,1,1,10,4,6,13,Chile - Primera Division,0.67,0.33,6,1.67,0.67,2.17,1.49,3.03,1
Coquimbo Unido,6,3,2,1,6,3,3,11,Chile - Primera Division,0.5,0.5,3,1.0,0.5,1.83,2.0,2.0,2
Cobresal,5,2,1,2,5,5,0,7,Chile - Primera Division,0.4,0.6,0,1.0,1.0,1.4,2.5,1.67,3
Audax Italiano,5,2,0,3,5,6,-1,6,Chile - Primera Division,0.4,0.6,-1,1.0,1.2,1.2,2.5,1.67,4
OHiggins,5,1,2,2,3,5,-2,5,Chile - Primera Division,0.2,0.8,-2,0.6,1.0,1.0,5.0,1.25,5
U. Catolica,6,1,2,3,4,7,-3,5,Chile - Primera Division,0.17,0.83,-3,0.67,1.17,0.83,5.88,1.2,5
Huachipato,6,1,2,3,4,11,-7,5,Chile - Primera Division,0.17,0.83,-7,0.67,1.83,0.83,5.88,1.2,5
U. de Chile,4,1,1,2,5,7,-2,4,Chile - Primera Division,0.25,0.75,-2,1.25,1.75,1.0,4.0,1.33,6
Nublense,5,1,1,3,4,13,-9,4,Chile - Primera Division,0.2,0.8,-9,0.8,2.6,0.8,5.0,1.25,6
Everton,6,1,1,4,5,15,-10,4,Chile - Primera Division,0.17,0.83,-10,0.83,2.5,0.67,5.88,1.2,6
Colo-Colo,3,1,0,2,4,4,0,3,Chile - Primera Division,0.33,0.67,0,1.33,1.33,1.0,3.03,1.49,7
Union Espanola,5,1,0,4,5,9,-4,3,Chile - Primera Division,0.2,0.8,-4,1.0,1.8,0.6,5.0,1.25,7
Union La Calera,5,0,2,3,2,5,-3,2,Chile - Primera Division,0.0,1.0,-3,0.4,1.0,0.4,0.0,1.0,8
D. Iquique,6,0,2,4,6,12,-6,2,Chile - Primera Division,0.0,1.0,-6,1.0,2.0,0.33,0.0,1.0,8
D. Limache,5,0,1,4,5,12,-7,1,Chile - Primera Division,0.0,1.0,-7,1.0,2.4,0.2,0.0,1.0,9
La Serena,6,0,1,5,5,14,-9,1,Chile - Primera Division,0.0,1.0,-9,0.83,2.33,0.17,0.0,1.0,9
San Marcos,5,4,0,1,8,4,4,12,Chile - Primera B,0.8,0.2,4,1.6,0.8,2.4,1.25,5.0,1
Rangers,6,3,2,1,7,4,3,11,Chile - Primera B,0.5,0.5,3,1.17,0.67,1.83,2.0,2.0,2
San Luis,5,3,1,1,6,4,2,10,Chile - Primera B,0.6,0.4,2,1.2,0.8,2.0,1.67,2.5,3
Concepcion,6,3,0,3,10,10,0,9,Chile - Primera B,0.5,0.5,0,1.67,1.67,1.5,2.0,2.0,4
Curico Unido,5,2,2,1,3,2,1,8,Chile - Primera B,0.4,0.6,1,0.6,0.4,1.6,2.5,1.67,5
S. Wanderers,5,2,2,1,8,9,-1,8,Chile - Primera B,0.4,0.6,-1,1.6,1.8,1.6,2.5,1.67,5
Cobreloa,5,1,4,0,5,4,1,7,Chile - Primera B,0.2,0.8,1,1.0,0.8,1.4,5.0,1.25,6
Copiapo,5,2,1,2,3,4,-1,7,Chile - Primera B,0.4,0.6,-1,0.6,0.8,1.4,2.5,1.67,6
Recoleta,5,1,2,2,3,6,-3,5,Chile - Primera B,0.2,0.8,-3,0.6,1.2,1.0,5.0,1.25,7
Antofagasta,5,1,2,2,5,10,-5,5,Chile - Primera B,0.2,0.8,-5,1.0,2.0,1.0,5.0,1.25,7
U. Concepcion,4,1,1,2,2,2,0,4,Chile - Primera B,0.25,0.75,0,0.5,0.5,1.0,4.0,1.33,8
S. Morning,4,1,1,2,5,8,-3,4,Chile - Primera B,0.25,0.75,-3,1.25,2.0,1.0,4.0,1.33,8
CD Santa Cruz,5,1,1,3,6,10,-4,4,Chile - Primera B,0.2,0.8,-4,1.2,2.0,0.8,5.0,1.25,8
U. San Felipe,5,0,2,3,5,10,-5,2,Chile - Primera B,0.0,1.0,-5,1.0,2.0,0.4,0.0,1.0,9
Deportes Temuco,5,0,2,3,4,9,-5,2,Chile - Primera B,0.0,1.0,-5,0.8,1.8,0.4,0.0,1.0,9
Magallanes,5,0,1,4,2,9,-7,1,Chile - Primera B,0.0,1.0,-7,0.4,1.8,0.2,0.0,1.0,10
Chengdu,6,5,1,0,14,3,11,16,China - Super League,0.83,0.17,11,2.33,0.5,2.67,1.2,5.88,1
S. Shenhua,6,4,1,1,11,4,7,13,China - Super League,0.67,0.33,7,1.83,0.67,2.17,1.49,3.03,2
Beijing Guoan,7,3,4,0,15,10,5,13,China - Super League,0.43,0.57,5,2.14,1.43,1.86,2.33,1.75,2
Tianjin T.,7,3,2,2,12,11,1,11,China - Super League,0.43,0.57,1,1.71,1.57,1.57,2.33,1.75,3
Shanghai Port,4,3,1,0,12,6,6,10,China - Super League,0.75,0.25,6,3.0,1.5,2.5,1.33,4.0,4
Shandong T.,6,3,1,2,15,15,0,10,China - Super League,0.5,0.5,0,2.5,2.5,1.67,2.0,2.0,4
Henan SL,7,2,2,3,7,7,0,8,China - Super League,0.29,0.71,0,1.0,1.0,1.14,3.45,1.41,5
Yunnan Yukun,7,2,2,3,10,13,-3,8,China - Super League,0.29,0.71,-3,1.43,1.86,1.14,3.45,1.41,5
Qingdao West C.,5,1,2,2,7,11,-4,5,China - Super League,0.2,0.8,-4,1.4,2.2,1.0,5.0,1.25,6
Zhejiang,7,1,1,5,10,14,-4,4,China - Super League,0.14,0.86,-4,1.43,2.0,0.57,7.14,1.16,7
Wuhan Three T.,6,1,1,4,4,10,-6,4,China - Super League,0.17,0.83,-6,0.67,1.67,0.67,5.88,1.2,7
Dalian Yingbo,7,0,4,3,6,13,-7,4,China - Super League,0.0,1.0,-7,0.86,1.86,0.57,0.0,1.0,7
Sichuan Jiuniu,7,1,1,5,3,16,-13,4,China - Super League,0.14,0.86,-13,0.43,2.29,0.57,7.14,1.16,7
Meizhou Hakka,6,0,3,3,7,12,-5,3,China - Super League,0.0,1.0,-5,1.17,2.0,0.5,0.0,1.0,8
Changchun Yatai,7,1,0,6,7,17,-10,3,China - Super League,0.14,0.86,-10,1.0,2.43,0.43,7.14,1.16,8
Qingdao Hainiu,6,0,1,5,5,12,-7,1,China - Super League,0.0,1.0,-7,0.83,2.0,0.17,0.0,1.0,9
S. Gongfu,5,4,1,0,11,3,8,13,China - League One,0.8,0.2,8,2.2,0.6,2.6,1.25,5.0,1
Chongqing T.,4,4,0,0,13,3,10,12,China - League One,1.0,0.0,10,3.25,0.75,3.0,1.0,0.0,2
Liaoning Tieren,5,3,1,1,12,6,6,10,China - League One,0.6,0.4,6,2.4,1.2,2.0,1.67,2.5,3
Guangdong GZP,4,3,1,0,8,3,5,10,China - League One,0.75,0.25,5,2.0,0.75,2.5,1.33,4.0,3
Suzhou Dongwu,5,2,2,1,5,3,2,8,China - League One,0.4,0.6,2,1.0,0.6,1.6,2.5,1.67,4
Nanjing City,4,2,1,1,8,6,2,7,China - League One,0.5,0.5,2,2.0,1.5,1.75,2.0,2.0,5
Qingdao RL,5,1,2,2,4,5,-1,5,China - League One,0.2,0.8,-1,0.8,1.0,1.0,5.0,1.25,6
Dalian Kuncheng,4,1,1,2,5,6,-1,4,China - League One,0.25,0.75,-1,1.25,1.5,1.0,4.0,1.33,7
Shanghai Jiadin,5,1,1,3,2,6,-4,4,China - League One,0.2,0.8,-4,0.4,1.2,0.8,5.0,1.25,7
Foshan Nanshi,4,1,0,3,2,6,-4,3,China - League One,0.25,0.75,-4,0.5,1.5,0.75,4.0,1.33,8
Guangxi Baoyun,4,0,2,2,3,6,-3,2,China - League One,0.0,1.0,-3,0.75,1.5,0.5,0.0,1.0,9
Nantong Zhiyun,4,0,2,2,3,6,-3,2,China - League One,0.0,1.0,-3,0.75,1.5,0.5,0.0,1.0,9
Yanbian Longdin,6,0,2,4,2,10,-8,2,China - League One,0.0,1.0,-8,0.33,1.67,0.33,0.0,1.0,9
Heilongjiang IC,3,0,1,2,2,5,-3,1,China - League One,0.0,1.0,-3,0.67,1.67,0.33,0.0,1.0,10
Shaanxi Union,5,0,1,4,3,8,-5,1,China - League One,0.0,1.0,-5,0.6,1.6,0.2,0.0,1.0,10
Shenzhen J.,5,0,0,5,3,17,-14,0,China - League One,0.0,1.0,-14,0.6,3.4,0.0,0.0,1.0,11
Changchun Xidu,6,4,2,0,7,2,5,14,China - League Two,0.67,0.33,5,1.17,0.33,2.33,1.49,3.03,1
Guangxi H.,5,4,1,0,9,1,8,13,China - League Two,0.8,0.2,8,1.8,0.2,2.6,1.25,5.0,2
Chengdu Rongche,5,4,0,1,14,3,11,12,China - League Two,0.8,0.2,11,2.8,0.6,2.4,1.25,5.0,3
Shandong T. B,5,3,1,1,5,3,2,10,China - League Two,0.6,0.4,2,1.0,0.6,2.0,1.67,2.5,4
Shenzhen 2028,5,3,1,1,4,3,1,10,China - League Two,0.6,0.4,1,0.8,0.6,2.0,1.67,2.5,4
Guangzhou Dande,5,3,0,2,9,5,4,9,China - League Two,0.6,0.4,4,1.8,1.0,1.8,1.67,2.5,5
Wuhan Three Tow,5,2,2,1,7,3,4,8,China - League Two,0.4,0.6,4,1.4,0.6,1.6,2.5,1.67,6
Haikou M.,5,2,2,1,6,5,1,8,China - League Two,0.4,0.6,1,1.2,1.0,1.6,2.5,1.67,6
Wenzhou Pro.,5,2,2,1,2,3,-1,8,China - League Two,0.4,0.6,-1,0.4,0.6,1.6,2.5,1.67,6
Nantong Haimen,6,2,2,2,7,10,-3,8,China - League Two,0.33,0.67,-3,1.17,1.67,1.33,3.03,1.49,6
Wuxi Wugou,4,2,1,1,5,3,2,7,China - League Two,0.5,0.5,2,1.25,0.75,1.75,2.0,2.0,7
Hubei Istar,5,2,1,2,7,6,1,7,China - League Two,0.4,0.6,1,1.4,1.2,1.4,2.5,1.67,7
Shanghai Port B,5,2,1,2,5,5,0,7,China - League Two,0.4,0.6,0,1.0,1.0,1.4,2.5,1.67,7
Jiangxi Lushan,5,2,1,2,5,6,-1,7,China - League Two,0.4,0.6,-1,1.0,1.2,1.4,2.5,1.67,7
Guizhou Zhuchen,5,2,0,3,5,8,-3,6,China - League Two,0.4,0.6,-3,1.0,1.6,1.2,2.5,1.67,8
Langfang Glory,5,1,2,2,4,6,-2,5,China - League Two,0.2,0.8,-2,0.8,1.2,1.0,5.0,1.25,9
Xian Ronghai,5,1,2,2,3,7,-4,5,China - League Two,0.2,0.8,-4,0.6,1.4,1.0,5.0,1.25,9
Quanzhou Yassin,5,1,1,3,3,5,-2,4,China - League Two,0.2,0.8,-2,0.6,1.0,0.8,5.0,1.25,10
Guangdong Mingt,5,0,4,1,1,3,-2,4,China - League Two,0.0,1.0,-2,0.2,0.6,0.8,0.0,1.0,10
Ganzhou Ruishi,6,0,3,3,3,8,-5,3,China - League Two,0.0,1.0,-5,0.5,1.33,0.5,0.0,1.0,11
Taian Tiankuang,5,0,2,3,3,7,-4,2,China - League Two,0.0,1.0,-4,0.6,1.4,0.4,0.0,1.0,12
Rizhao Yuqi,4,0,2,2,0,5,-5,2,China - League Two,0.0,1.0,-5,0.0,1.25,0.5,0.0,1.0,12
Beijing IT,5,0,1,4,3,9,-6,1,China - League Two,0.0,1.0,-6,0.6,1.8,0.2,0.0,1.0,13
Guangxi Lanhang,4,0,0,4,2,7,-5,0,China - League Two,0.0,1.0,-5,0.5,1.75,0.0,0.0,1.0,14
Santa Fe,8,5,0,3,13,7,6,15,Colombia - Primera A - Apertura,0.62,0.38,6,1.62,0.88,1.88,1.61,2.63,1
A. Bucaramanga,8,3,3,2,11,8,3,12,Colombia - Primera A - Apertura,0.38,0.62,3,1.38,1.0,1.5,2.63,1.61,2
Junior,8,3,3,2,9,7,2,12,Colombia - Primera A - Apertura,0.38,0.62,2,1.12,0.88,1.5,2.63,1.61,2
I. Medelin,8,3,3,2,5,5,0,12,Colombia - Primera A - Apertura,0.38,0.62,0,0.62,0.62,1.5,2.63,1.61,2
Millonarios,8,3,2,3,13,11,2,11,Colombia - Primera A - Apertura,0.38,0.62,2,1.62,1.38,1.38,2.63,1.61,3
Deportes Tolima,8,3,2,3,14,13,1,11,Colombia - Primera A - Apertura,0.38,0.62,1,1.75,1.62,1.38,2.63,1.61,3
Once Caldas,8,3,2,3,8,8,0,11,Colombia - Primera A - Apertura,0.38,0.62,0,1.0,1.0,1.38,2.63,1.61,3
A. Petrolera,8,3,1,4,6,10,-4,10,Colombia - Primera A - Apertura,0.38,0.62,-4,0.75,1.25,1.25,2.63,1.61,4
Envigado,8,3,0,5,7,10,-3,9,Colombia - Primera A - Apertura,0.38,0.62,-3,0.88,1.25,1.12,2.63,1.61,5
America de Cali,8,2,3,3,5,8,-3,9,Colombia - Primera A - Apertura,0.25,0.75,-3,0.62,1.0,1.12,4.0,1.33,5
R. Aguilas,8,1,4,3,4,5,-1,7,Colombia - Primera A - Apertura,0.12,0.88,-1,0.5,0.62,0.88,8.33,1.14,6
Boyaca Chico,8,1,4,3,4,12,-8,7,Colombia - Primera A - Apertura,0.12,0.88,-8,0.5,1.5,0.88,8.33,1.14,6
A. Nacional,8,1,3,4,9,10,-1,6,Colombia - Primera A - Apertura,0.12,0.88,-1,1.12,1.25,0.75,8.33,1.14,7
Deportivo Pasto,8,1,3,4,3,8,-5,6,Colombia - Primera A - Apertura,0.12,0.88,-5,0.38,1.0,0.75,8.33,1.14,7
D. Pereira,8,1,3,4,8,14,-6,6,Colombia - Primera A - Apertura,0.12,0.88,-6,1.0,1.75,0.75,8.33,1.14,7
Deportivo Cali,8,1,3,4,4,10,-6,6,Colombia - Primera A - Apertura,0.12,0.88,-6,0.5,1.25,0.75,8.33,1.14,7
Fortaleza CEIF,8,1,2,5,4,11,-7,5,Colombia - Primera A - Apertura,0.12,0.88,-7,0.5,1.38,0.62,8.33,1.14,8
Llaneros,8,1,1,6,5,12,-7,4,Colombia - Primera A - Apertura,0.12,0.88,-7,0.62,1.5,0.5,8.33,1.14,9
Union Magdalena,8,0,2,6,6,13,-7,2,Colombia - Primera A - Apertura,0.0,1.0,-7,0.75,1.62,0.25,0.0,1.0,10
La Equidad,8,0,1,7,4,17,-13,1,Colombia - Primera A - Apertura,0.0,1.0,-13,0.5,2.12,0.12,0.0,1.0,11
A. Bucaramanga,8,5,2,1,13,5,8,17,Colombia - Primera A - Clausura,0.62,0.38,8,1.62,0.62,2.12,1.61,2.63,1
Santa Fe,8,4,4,0,11,5,6,16,Colombia - Primera A - Clausura,0.5,0.5,6,1.38,0.62,2.0,2.0,2.0,2
Millonarios,8,4,2,2,13,7,6,14,Colombia - Primera A - Clausura,0.5,0.5,6,1.62,0.88,1.75,2.0,2.0,3
A. Nacional,8,4,1,3,8,7,1,13,Colombia - Primera A - Clausura,0.5,0.5,1,1.0,0.88,1.62,2.0,2.0,4
Deportes Tolima,8,4,0,4,7,5,2,12,Colombia - Primera A - Clausura,0.5,0.5,2,0.88,0.62,1.5,2.0,2.0,5
America de Cali,8,3,2,3,11,12,-1,11,Colombia - Primera A - Clausura,0.38,0.62,-1,1.38,1.5,1.38,2.63,1.61,6
Junior,8,2,4,2,5,3,2,10,Colombia - Primera A - Clausura,0.25,0.75,2,0.62,0.38,1.25,4.0,1.33,7
I. Medelin,8,2,4,2,10,9,1,10,Colombia - Primera A - Clausura,0.25,0.75,1,1.25,1.12,1.25,4.0,1.33,7
Fortaleza CEIF,8,2,3,3,9,9,0,9,Colombia - Primera A - Clausura,0.25,0.75,0,1.12,1.12,1.12,4.0,1.33,8
Deportivo Pasto,8,2,3,3,6,6,0,9,Colombia - Primera A - Clausura,0.25,0.75,0,0.75,0.75,1.12,4.0,1.33,8
R. Aguilas,8,2,3,3,7,13,-6,9,Colombia - Primera A - Clausura,0.25,0.75,-6,0.88,1.62,1.12,4.0,1.33,8
Once Caldas,8,2,2,4,6,11,-5,8,Colombia - Primera A - Clausura,0.25,0.75,-5,0.75,1.38,1.0,4.0,1.33,9
D. Pereira,8,1,4,3,6,9,-3,7,Colombia - Primera A - Clausura,0.12,0.88,-3,0.75,1.12,0.88,8.33,1.14,10
Deportivo Cali,8,1,4,3,7,13,-6,7,Colombia - Primera A - Clausura,0.12,0.88,-6,0.88,1.62,0.88,8.33,1.14,10
La Equidad,8,1,3,4,7,13,-6,6,Colombia - Primera A - Clausura,0.12,0.88,-6,0.88,1.62,0.75,8.33,1.14,11
Patriotas,8,1,1,6,8,18,-10,4,Colombia - Primera A - Clausura,0.12,0.88,-10,1.0,2.25,0.5,8.33,1.14,12
Jaguares de C.,8,1,1,6,4,15,-11,4,Colombia - Primera A - Clausura,0.12,0.88,-11,0.5,1.88,0.5,8.33,1.14,12
Boyaca Chico,8,1,0,7,5,20,-15,3,Colombia - Primera A - Clausura,0.12,0.88,-15,0.62,2.5,0.38,8.33,1.14,13
A. Petrolera,8,0,2,6,4,13,-9,2,Colombia - Primera A - Clausura,0.0,1.0,-9,0.5,1.62,0.25,0.0,1.0,14
Envigado,8,0,1,7,2,15,-13,1,Colombia - Primera A - Clausura,0.0,1.0,-13,0.25,1.88,0.12,0.0,1.0,15
San Carlos,8,5,1,2,19,17,2,16,Costa Rica - Primera Div. - Apertura,0.62,0.38,2,2.38,2.12,2.0,1.61,2.63,1
Saprissa,8,4,2,2,10,7,3,14,Costa Rica - Primera Div. - Apertura,0.5,0.5,3,1.25,0.88,1.75,2.0,2.0,2
Alajuelense,8,3,3,2,10,9,1,12,Costa Rica - Primera Div. - Apertura,0.38,0.62,1,1.25,1.12,1.5,2.63,1.61,3
Herediano,8,3,2,3,11,11,0,11,Costa Rica - Primera Div. - Apertura,0.38,0.62,0,1.38,1.38,1.38,2.63,1.61,4
Santos Guapiles,8,1,4,3,11,13,-2,7,Costa Rica - Primera Div. - Apertura,0.12,0.88,-2,1.38,1.62,0.88,8.33,1.14,5
M. Liberia,8,2,1,5,10,14,-4,7,Costa Rica - Primera Div. - Apertura,0.25,0.75,-4,1.25,1.75,0.88,4.0,1.33,5
Zeledon,8,1,4,3,6,11,-5,7,Costa Rica - Primera Div. - Apertura,0.12,0.88,-5,0.75,1.38,0.88,8.33,1.14,5
Santa Ana,8,2,0,6,8,12,-4,6,Costa Rica - Primera Div. - Apertura,0.25,0.75,-4,1.0,1.5,0.75,4.0,1.33,6
Guanacasteca,8,1,3,4,6,15,-9,6,Costa Rica - Primera Div. - Apertura,0.12,0.88,-9,0.75,1.88,0.75,8.33,1.14,6
Cartagines,8,1,1,6,8,17,-9,4,Costa Rica - Primera Div. - Apertura,0.12,0.88,-9,1.0,2.12,0.5,8.33,1.14,7
Puntarenas,8,1,1,6,8,17,-9,4,Costa Rica - Primera Div. - Apertura,0.12,0.88,-9,1.0,2.12,0.5,8.33,1.14,7
Sporting SJ,8,0,1,7,3,12,-9,1,Costa Rica - Primera Div. - Apertura,0.0,1.0,-9,0.38,1.5,0.12,0.0,1.0,8
Banik Ostrava,8,6,0,2,12,6,6,18,CzechRepublic - 1. Liga,0.75,0.25,6,1.5,0.75,2.25,1.33,4.0,1
Viktoria Plzen,8,5,1,2,16,10,6,16,CzechRepublic - 1. Liga,0.62,0.38,6,2.0,1.25,2.0,1.61,2.63,2
Jablonec,8,5,1,2,12,10,2,16,CzechRepublic - 1. Liga,0.62,0.38,2,1.5,1.25,2.0,1.61,2.63,2
Slavia Prague,8,4,1,3,16,7,9,13,CzechRepublic - 1. Liga,0.5,0.5,9,2.0,0.88,1.62,2.0,2.0,3
Hradec Kralove,8,4,0,4,14,10,4,12,CzechRepublic - 1. Liga,0.5,0.5,4,1.75,1.25,1.5,2.0,2.0,4
Dukla Praha,8,3,3,2,12,12,0,12,CzechRepublic - 1. Liga,0.38,0.62,0,1.5,1.5,1.5,2.63,1.61,4
Sigma Olomouc,8,3,3,2,9,9,0,12,CzechRepublic - 1. Liga,0.38,0.62,0,1.12,1.12,1.5,2.63,1.61,4
Karvina,8,3,3,2,12,15,-3,12,CzechRepublic - 1. Liga,0.38,0.62,-3,1.5,1.88,1.5,2.63,1.61,4
Sparta Prague,8,3,1,4,11,13,-2,10,CzechRepublic - 1. Liga,0.38,0.62,-2,1.38,1.62,1.25,2.63,1.61,5
Slovan Liberec,8,2,3,3,10,9,1,9,CzechRepublic - 1. Liga,0.25,0.75,1,1.25,1.12,1.12,4.0,1.33,6
Teplice,8,1,4,3,8,9,-1,7,CzechRepublic - 1. Liga,0.12,0.88,-1,1.0,1.12,0.88,8.33,1.14,7
Bohemians,8,2,1,5,5,10,-5,7,CzechRepublic - 1. Liga,0.25,0.75,-5,0.62,1.25,0.88,4.0,1.33,7
Mlada Boleslav,8,2,0,6,9,14,-5,6,CzechRepublic - 1. Liga,0.25,0.75,-5,1.12,1.75,0.75,4.0,1.33,8
Slovacko,8,1,0,7,5,16,-11,3,CzechRepublic - 1. Liga,0.12,0.88,-11,0.62,2.0,0.38,8.33,1.14,9
C. Budejovice,8,0,1,7,2,12,-10,1,CzechRepublic - 1. Liga,0.0,1.0,-10,0.25,1.5,0.12,0.0,1.0,10
Pardubice,8,0,1,7,3,19,-16,1,CzechRepublic - 1. Liga,0.0,1.0,-16,0.38,2.38,0.12,0.0,1.0,10
FC Kobenhavn,8,5,1,2,17,9,8,16,Denmark - Superligaen,0.62,0.38,8,2.12,1.12,2.0,1.61,2.63,1
Silkeborg,8,4,1,3,18,12,6,13,Denmark - Superligaen,0.5,0.5,6,2.25,1.5,1.62,2.0,2.0,2
Brondby IF,8,3,4,1,17,12,5,13,Denmark - Superligaen,0.38,0.62,5,2.12,1.5,1.62,2.63,1.61,2
Vejle BK,8,4,1,3,8,9,-1,13,Denmark - Superligaen,0.5,0.5,-1,1.0,1.12,1.62,2.0,2.0,2
FC Midtjylland,8,3,2,3,14,10,4,11,Denmark - Superligaen,0.38,0.62,4,1.75,1.25,1.38,2.63,1.61,3
SonderjyskE,8,3,2,3,12,10,2,11,Denmark - Superligaen,0.38,0.62,2,1.5,1.25,1.38,2.63,1.61,3
Viborg,8,1,5,2,12,12,0,8,Denmark - Superligaen,0.12,0.88,0,1.5,1.5,1.0,8.33,1.14,4
Randers FC,8,2,1,5,12,17,-5,7,Denmark - Superligaen,0.25,0.75,-5,1.5,2.12,0.88,4.0,1.33,5
Lyngby,8,1,3,4,7,14,-7,6,Denmark - Superligaen,0.12,0.88,-7,0.88,1.75,0.75,8.33,1.14,6
Aalborg BK,8,1,3,4,9,17,-8,6,Denmark - Superligaen,0.12,0.88,-8,1.12,2.12,0.75,8.33,1.14,6
AGF Aarhus,8,1,1,6,11,18,-7,4,Denmark - Superligaen,0.12,0.88,-7,1.38,2.25,0.5,8.33,1.14,7
Nordsjaelland,8,1,1,6,6,17,-11,4,Denmark - Superligaen,0.12,0.88,-11,0.75,2.12,0.5,8.33,1.14,7
Fredericia,8,5,2,1,10,2,8,17,Denmark - 1st Division,0.62,0.38,8,1.25,0.25,2.12,1.61,2.63,1
Kolding IF,8,5,1,2,12,9,3,16,Denmark - 1st Division,0.62,0.38,3,1.5,1.12,2.0,1.61,2.63,2
Hillerod,8,4,2,2,13,7,6,14,Denmark - 1st Division,0.5,0.5,6,1.62,0.88,1.75,2.0,2.0,3
AC Horsens,8,4,0,4,13,16,-3,12,Denmark - 1st Division,0.5,0.5,-3,1.62,2.0,1.5,2.0,2.0,4
HB Koge,8,2,5,1,8,9,-1,11,Denmark - 1st Division,0.25,0.75,-1,1.0,1.12,1.38,4.0,1.33,5
Esbjerg,8,3,1,4,12,11,1,10,Denmark - 1st Division,0.38,0.62,1,1.5,1.38,1.25,2.63,1.61,6
Odense BK,8,1,5,2,12,8,4,8,Denmark - 1st Division,0.12,0.88,4,1.5,1.0,1.0,8.33,1.14,7
Hvidovre,8,2,1,5,8,15,-7,7,Denmark - 1st Division,0.25,0.75,-7,1.0,1.88,0.88,4.0,1.33,8
B 93,8,1,3,4,11,19,-8,6,Denmark - 1st Division,0.12,0.88,-8,1.38,2.38,0.75,8.33,1.14,9
Roskilde,8,1,2,5,9,17,-8,5,Denmark - 1st Division,0.12,0.88,-8,1.12,2.12,0.62,8.33,1.14,10
Hobro,8,1,2,5,4,13,-9,5,Denmark - 1st Division,0.12,0.88,-9,0.5,1.62,0.62,8.33,1.14,10
Vendsyssel,8,0,3,5,6,14,-8,3,Denmark - 1st Division,0.0,1.0,-8,0.75,1.75,0.38,0.0,1.0,11
Middelfart,8,5,3,0,14,6,8,18,Denmark - 2nd Division,0.62,0.38,8,1.75,0.75,2.25,1.61,2.63,1
Ishoj,8,5,2,1,12,8,4,17,Denmark - 2nd Division,0.62,0.38,4,1.5,1.0,2.12,1.61,2.63,2
Aarhus Fremad,8,4,1,3,11,4,7,13,Denmark - 2nd Division,0.5,0.5,7,1.38,0.5,1.62,2.0,2.0,3
Helsingor,8,3,3,2,10,10,0,12,Denmark - 2nd Division,0.38,0.62,0,1.25,1.25,1.5,2.63,1.61,4
Naestved,8,3,2,3,8,7,1,11,Denmark - 2nd Division,0.38,0.62,1,1.0,0.88,1.38,2.63,1.61,5
BK Frem,8,3,2,3,9,9,0,11,Denmark - 2nd Division,0.38,0.62,0,1.12,1.12,1.38,2.63,1.61,5
Fremad Amager,8,3,2,3,9,10,-1,11,Denmark - 2nd Division,0.38,0.62,-1,1.12,1.25,1.38,2.63,1.61,5
Hellerup IK,8,3,2,3,8,10,-2,11,Denmark - 2nd Division,0.38,0.62,-2,1.0,1.25,1.38,2.63,1.61,5
Skive,8,3,2,3,10,14,-4,11,Denmark - 2nd Division,0.38,0.62,-4,1.25,1.75,1.38,2.63,1.61,5
AB Copenhagen,8,2,4,2,14,13,1,10,Denmark - 2nd Division,0.25,0.75,1,1.75,1.62,1.25,4.0,1.33,6
Thisted,8,1,2,5,7,14,-7,5,Denmark - 2nd Division,0.12,0.88,-7,0.88,1.75,0.62,8.33,1.14,7
Nykobing,8,1,0,7,5,16,-11,3,Denmark - 2nd Division,0.12,0.88,-11,0.62,2.0,0.38,8.33,1.14,8
I. del Valle,7,6,0,1,16,7,9,18,Ecuador - Liga Pro 1st Stage,0.86,0.14,9,2.29,1.0,2.57,1.16,7.14,1
Barcelona SC,6,4,1,1,12,8,4,13,Ecuador - Liga Pro 1st Stage,0.67,0.33,4,2.0,1.33,2.17,1.49,3.03,2
D. Cuenca,7,3,1,3,4,8,-4,10,Ecuador - Liga Pro 1st Stage,0.43,0.57,-4,0.57,1.14,1.43,2.33,1.75,3
Cuniburo,7,2,3,2,9,8,1,9,Ecuador - Liga Pro 1st Stage,0.29,0.71,1,1.29,1.14,1.29,3.45,1.41,4
LDU Quito,6,2,2,2,5,5,0,8,Ecuador - Liga Pro 1st Stage,0.33,0.67,0,0.83,0.83,1.33,3.03,1.49,5
Aucas,6,2,2,2,5,7,-2,8,Ecuador - Liga Pro 1st Stage,0.33,0.67,-2,0.83,1.17,1.33,3.03,1.49,5
Libertad,6,1,4,1,6,7,-1,7,Ecuador - Liga Pro 1st Stage,0.17,0.83,-1,1.0,1.17,1.17,5.88,1.2,6
Emelec,6,2,1,3,5,8,-3,7,Ecuador - Liga Pro 1st Stage,0.33,0.67,-3,0.83,1.33,1.17,3.03,1.49,6
Tecnico U.,7,2,1,4,5,10,-5,7,Ecuador - Liga Pro 1st Stage,0.29,0.71,-5,0.71,1.43,1.0,3.45,1.41,6
Orense,7,2,1,4,7,13,-6,7,Ecuador - Liga Pro 1st Stage,0.29,0.71,-6,1.0,1.86,1.0,3.45,1.41,6
El Nacional,6,1,3,2,10,10,0,6,Ecuador - Liga Pro 1st Stage,0.17,0.83,0,1.67,1.67,1.0,5.88,1.2,7
Macara,6,1,3,2,6,7,-1,6,Ecuador - Liga Pro 1st Stage,0.17,0.83,-1,1.0,1.17,1.0,5.88,1.2,7
U. Catolica,7,1,2,4,10,11,-1,5,Ecuador - Liga Pro 1st Stage,0.14,0.86,-1,1.43,1.57,0.71,7.14,1.16,8
Delfin,7,1,1,5,5,17,-12,4,Ecuador - Liga Pro 1st Stage,0.14,0.86,-12,0.71,2.43,0.57,7.14,1.16,9
Mushuc Runa,6,0,2,4,4,9,-5,2,Ecuador - Liga Pro 1st Stage,0.0,1.0,-5,0.67,1.5,0.33,0.0,1.0,10
Manta,6,0,2,4,3,11,-8,2,Ecuador - Liga Pro 1st Stage,0.0,1.0,-8,0.5,1.83,0.33,0.0,1.0,10
Leones Norte,5,2,2,1,6,4,2,8,Ecuador - Serie B,0.4,0.6,2,1.2,0.8,1.6,2.5,1.67,1
Nueve Octubre,5,2,2,1,5,4,1,8,Ecuador - Serie B,0.4,0.6,1,1.0,0.8,1.6,2.5,1.67,1
Cumbaya,4,2,1,1,5,6,-1,7,Ecuador - Serie B,0.5,0.5,-1,1.25,1.5,1.75,2.0,2.0,2
San Antonio,5,2,1,2,4,6,-2,7,Ecuador - Serie B,0.4,0.6,-2,0.8,1.2,1.4,2.5,1.67,2
Gualaceo,4,1,3,0,5,3,2,6,Ecuador - Serie B,0.25,0.75,2,1.25,0.75,1.5,4.0,1.33,3
22 de Julio,5,1,2,2,5,9,-4,5,Ecuador - Serie B,0.2,0.8,-4,1.0,1.8,1.0,5.0,1.25,4
Guayaquil City,4,0,3,1,2,3,-1,3,Ecuador - Serie B,0.0,1.0,-1,0.5,0.75,0.75,0.0,1.0,5
Vargas Torres,4,0,2,2,3,5,-2,2,Ecuador - Serie B,0.0,1.0,-2,0.75,1.25,0.5,0.0,1.0,6
Imbabura,5,0,2,3,6,10,-4,2,Ecuador - Serie B,0.0,1.0,-4,1.2,2.0,0.4,0.0,1.0,6
I. Juniors,4,0,1,3,2,7,-5,1,Ecuador - Serie B,0.0,1.0,-5,0.5,1.75,0.25,0.0,1.0,7
Vinotinto,5,0,1,4,2,7,-5,1,Ecuador - Serie B,0.0,1.0,-5,0.4,1.4,0.2,0.0,1.0,7
Chacaritas,6,0,1,5,3,13,-10,1,Ecuador - Serie B,0.0,1.0,-10,0.5,2.17,0.17,0.0,1.0,7
Pyramids FC,8,6,0,2,14,9,5,18,Egypt - Premier League,0.75,0.25,5,1.75,1.12,2.25,1.33,4.0,1
Al Ahly,8,5,2,1,14,8,6,17,Egypt - Premier League,0.62,0.38,6,1.75,1.0,2.12,1.61,2.63,2
Ceramica C.,8,5,1,2,12,5,7,16,Egypt - Premier League,0.62,0.38,7,1.5,0.62,2.0,1.61,2.63,3
ZED FC,8,4,2,2,11,6,5,14,Egypt - Premier League,0.5,0.5,5,1.38,0.75,1.75,2.0,2.0,4
El Gouna,8,4,2,2,11,8,3,14,Egypt - Premier League,0.5,0.5,3,1.38,1.0,1.75,2.0,2.0,4
Zamalek,8,3,4,1,11,8,3,13,Egypt - Premier League,0.38,0.62,3,1.38,1.0,1.62,2.63,1.61,5
National Bank,8,3,3,2,14,10,4,12,Egypt - Premier League,0.38,0.62,4,1.75,1.25,1.5,2.63,1.61,6
El Geish,8,3,3,2,5,5,0,12,Egypt - Premier League,0.38,0.62,0,0.62,0.62,1.5,2.63,1.61,6
Pharco,8,3,2,3,6,8,-2,11,Egypt - Premier League,0.38,0.62,-2,0.75,1.0,1.38,2.63,1.61,7
Smouha,8,3,1,4,4,6,-2,10,Egypt - Premier League,0.38,0.62,-2,0.5,0.75,1.25,2.63,1.61,8
Al Masry,8,2,3,3,10,10,0,9,Egypt - Premier League,0.25,0.75,0,1.25,1.25,1.12,4.0,1.33,9
ENPPI,8,2,3,3,6,9,-3,9,Egypt - Premier League,0.25,0.75,-3,0.75,1.12,1.12,4.0,1.33,9
Petrojet,8,2,3,3,10,15,-5,9,Egypt - Premier League,0.25,0.75,-5,1.25,1.88,1.12,4.0,1.33,9
Al Ittihad,8,1,5,2,5,7,-2,8,Egypt - Premier League,0.12,0.88,-2,0.62,0.88,1.0,8.33,1.14,10
Modern Sport,8,2,2,4,9,12,-3,8,Egypt - Premier League,0.25,0.75,-3,1.12,1.5,1.0,4.0,1.33,10
Haras El Hodood,8,2,2,4,7,15,-8,8,Egypt - Premier League,0.25,0.75,-8,0.88,1.88,1.0,4.0,1.33,10
Ismaily,8,1,3,4,4,9,-5,6,Egypt - Premier League,0.12,0.88,-5,0.5,1.12,0.75,8.33,1.14,11
Ghazl El M.,8,0,1,7,4,14,-10,1,Egypt - Premier League,0.0,1.0,-10,0.5,1.75,0.12,0.0,1.0,12
Brentford,8,6,1,1,14,5,9,19,Premier League,0.75,0.25,9,1.75,0.62,2.38,1.33,4.0,1
Arsenal,8,3,5,0,12,5,7,14,Premier League,0.38,0.62,7,1.5,0.62,1.75,2.63,1.61,5
Everton,8,4,2,2,9,6,3,14,Premier League,0.5,0.5,3,1.12,0.75,1.75,2.0,2.0,5
Crystal Palace,8,4,2,2,13,13,0,14,Premier League,0.5,0.5,0,1.62,1.62,1.75,2.0,2.0,5
Aston Villa,8,4,1,3,12,10,2,13,Premier League,0.5,0.5,2,1.5,1.25,1.62,2.0,2.0,6
Brighton,8,4,1,3,16,16,0,13,Premier League,0.5,0.5,0,2.0,2.0,1.62,2.0,2.0,6
Manchester City,8,3,3,2,12,8,4,12,Premier League,0.38,0.62,4,1.5,1.0,1.5,2.63,1.61,7
Bournemouth,8,3,3,2,15,12,3,12,Premier League,0.38,0.62,3,1.88,1.5,1.5,2.63,1.61,7
Fulham,8,4,0,4,11,11,0,12,Premier League,0.5,0.5,0,1.38,1.38,1.5,2.0,2.0,7
Wolverhampton,8,4,0,4,10,12,-2,12,Premier League,0.5,0.5,-2,1.25,1.5,1.5,2.0,2.0,7
Liverpool,8,3,2,3,14,13,1,11,Premier League,0.38,0.62,1,1.75,1.62,1.38,2.63,1.61,8
Nottm Forest,8,3,1,4,14,18,-4,10,Premier League,0.38,0.62,-4,1.75,2.25,1.25,2.63,1.61,9
Newcastle Utd,8,3,1,4,9,13,-4,10,Premier League,0.38,0.62,-4,1.12,1.62,1.25,2.63,1.61,9
West Ham Utd,8,2,2,4,9,10,-1,8,Premier League,0.25,0.75,-1,1.12,1.25,1.0,4.0,1.33,11
Tottenham,8,2,1,5,10,16,-6,7,Premier League,0.25,0.75,-6,1.25,2.0,0.88,4.0,1.33,12
Ipswich Town,8,1,3,4,9,15,-6,6,Premier League,0.12,0.88,-6,1.12,1.88,0.75,8.33,1.14,13
Manchester Utd,8,1,2,5,10,14,-4,5,Premier League,0.12,0.88,-4,1.25,1.75,0.62,8.33,1.14,14
Chelsea,8,1,2,5,5,13,-8,5,Premier League,0.12,0.88,-8,0.62,1.62,0.62,8.33,1.14,14
Leicester City,8,1,2,5,6,17,-11,5,Premier League,0.12,0.88,-11,0.75,2.12,0.62,8.33,1.14,14
Southampton,8,1,1,6,7,19,-12,4,Premier League,0.12,0.88,-12,0.88,2.38,0.5,8.33,1.14,15
Burnley,8,5,3,0,13,3,10,18,Premier League,0.62,0.38,10,1.62,0.38,2.25,1.61,2.63,2
Leeds Utd,8,5,2,1,14,6,8,17,Premier League,0.62,0.38,8,1.75,0.75,2.12,1.61,2.63,3
Sheffield Utd,8,5,0,3,9,6,3,15,Premier League,0.62,0.38,3,1.12,0.75,1.88,1.61,2.63,4
Sheffield Wed,8,3,3,2,11,12,-1,12,Premier League,0.38,0.62,-1,1.38,1.5,1.5,2.63,1.61,7
Swansea City,8,3,2,3,7,8,-1,11,Premier League,0.38,0.62,-1,0.88,1.0,1.38,2.63,1.61,8
Derby County,8,3,2,3,10,12,-2,11,Premier League,0.38,0.62,-2,1.25,1.5,1.38,2.63,1.61,8
Blackburn,8,3,1,4,6,8,-2,10,Premier League,0.38,0.62,-2,0.75,1.0,1.25,2.63,1.61,9
Coventry City,8,3,1,4,10,13,-3,10,Premier League,0.38,0.62,-3,1.25,1.62,1.25,2.63,1.61,9
Sunderland,8,3,1,4,8,12,-4,10,Premier League,0.38,0.62,-4,1.0,1.5,1.25,2.63,1.61,9
Millwall,8,3,1,4,7,12,-5,10,Premier League,0.38,0.62,-5,0.88,1.5,1.25,2.63,1.61,9
Luton Town,8,3,1,4,8,15,-7,10,Premier League,0.38,0.62,-7,1.0,1.88,1.25,2.63,1.61,9
Hull City,8,2,3,3,5,6,-1,9,Premier League,0.25,0.75,-1,0.62,0.75,1.12,4.0,1.33,10
QP Rangers,8,3,0,5,9,11,-2,9,Premier League,0.38,0.62,-2,1.12,1.38,1.12,2.63,1.61,10
Plymouth,8,2,2,4,6,12,-6,8,Premier League,0.25,0.75,-6,0.75,1.5,1.0,4.0,1.33,11
Portsmouth,8,2,1,5,11,12,-1,7,Premier League,0.25,0.75,-1,1.38,1.5,0.88,4.0,1.33,12
Middlesbrough,8,2,1,5,7,9,-2,7,Premier League,0.25,0.75,-2,0.88,1.12,0.88,4.0,1.33,12
Oxford Utd,8,1,4,3,8,11,-3,7,Premier League,0.12,0.88,-3,1.0,1.38,0.88,8.33,1.14,12
Bristol City,8,1,4,3,7,12,-5,7,Premier League,0.12,0.88,-5,0.88,1.5,0.88,8.33,1.14,12
Norwich City,8,1,3,4,7,11,-4,6,Premier League,0.12,0.88,-4,0.88,1.38,0.75,8.33,1.14,13
Cardiff City,8,1,3,4,9,14,-5,6,Premier League,0.12,0.88,-5,1.12,1.75,0.75,8.33,1.14,13
Watford,8,1,2,5,6,10,-4,5,Premier League,0.12,0.88,-4,0.75,1.25,0.62,8.33,1.14,14
Preston,8,1,2,5,7,12,-5,5,Premier League,0.12,0.88,-5,0.88,1.5,0.62,8.33,1.14,14
Stoke City,8,1,2,5,6,17,-11,5,Premier League,0.12,0.88,-11,0.75,2.12,0.62,8.33,1.14,14
West Brom,8,0,4,4,5,10,-5,4,Premier League,0.0,1.0,-5,0.62,1.25,0.5,0.0,1.0,15
Birmingham City,8,6,1,1,13,8,5,19,League One,0.75,0.25,5,1.62,1.0,2.38,1.33,4.0,1
Wrexham,8,5,2,1,10,5,5,17,League One,0.62,0.38,5,1.25,0.62,2.12,1.61,2.63,2
Charlton,8,5,1,2,10,8,2,16,League One,0.62,0.38,2,1.25,1.0,2.0,1.61,2.63,3
Reading,8,4,3,1,13,7,6,15,League One,0.5,0.5,6,1.62,0.88,1.88,2.0,2.0,4
Leyton Orient,8,5,0,3,15,11,4,15,League One,0.62,0.38,4,1.88,1.38,1.88,1.61,2.63,4
Blackpool,8,4,2,2,14,7,7,14,League One,0.5,0.5,7,1.75,0.88,1.75,2.0,2.0,5
Stockport,8,4,2,2,10,6,4,14,League One,0.5,0.5,4,1.25,0.75,1.75,2.0,2.0,5
Wycombe,8,3,2,3,8,7,1,11,League One,0.38,0.62,1,1.0,0.88,1.38,2.63,1.61,6
Northampton,8,3,2,3,11,11,0,11,League One,0.38,0.62,0,1.38,1.38,1.38,2.63,1.61,6
Peterborough,8,3,2,3,11,13,-2,11,League One,0.38,0.62,-2,1.38,1.62,1.38,2.63,1.61,6
Rotherham,8,3,1,4,9,10,-1,10,League One,0.38,0.62,-1,1.12,1.25,1.25,2.63,1.61,7
Barnsley,8,3,1,4,14,17,-3,10,League One,0.38,0.62,-3,1.75,2.12,1.25,2.63,1.61,7
Cambridge Utd,8,3,1,4,8,11,-3,10,League One,0.38,0.62,-3,1.0,1.38,1.25,2.63,1.61,7
Burton Albion,8,3,1,4,6,10,-4,10,League One,0.38,0.62,-4,0.75,1.25,1.25,2.63,1.61,7
Wigan Athletic,8,1,6,1,5,5,0,9,League One,0.12,0.88,0,0.62,0.62,1.12,8.33,1.14,8
Exeter City,8,2,3,3,6,12,-6,9,League One,0.25,0.75,-6,0.75,1.5,1.12,4.0,1.33,8
Stevenage,8,2,2,4,5,9,-4,8,League One,0.25,0.75,-4,0.62,1.12,1.0,4.0,1.33,9
Bolton,8,2,2,4,10,15,-5,8,League One,0.25,0.75,-5,1.25,1.88,1.0,4.0,1.33,9
Lincoln City,8,2,1,5,13,14,-1,7,League One,0.25,0.75,-1,1.62,1.75,0.88,4.0,1.33,10
Mansfield,8,1,4,3,11,17,-6,7,League One,0.12,0.88,-6,1.38,2.12,0.88,8.33,1.14,10
Crawley Town,8,2,1,5,13,20,-7,7,League One,0.25,0.75,-7,1.62,2.5,0.88,4.0,1.33,10
Shrewsbury,8,1,3,4,7,16,-9,6,League One,0.12,0.88,-9,0.88,2.0,0.75,8.33,1.14,11
Huddersfield,8,1,0,7,5,17,-12,3,League One,0.12,0.88,-12,0.62,2.12,0.38,8.33,1.14,12
Bristol Rovers,8,0,2,6,3,16,-13,2,League One,0.0,1.0,-13,0.38,2.0,0.25,0.0,1.0,13
Doncaster,8,5,2,1,12,5,7,17,League Two,0.62,0.38,7,1.5,0.62,2.12,1.61,2.63,1
Salford City,8,4,3,1,16,11,5,15,League Two,0.5,0.5,5,2.0,1.38,1.88,2.0,2.0,2
Swindon Town,8,4,2,2,17,6,11,14,League Two,0.5,0.5,11,2.12,0.75,1.75,2.0,2.0,3
Grimsby,8,3,4,1,12,10,2,13,League Two,0.38,0.62,2,1.5,1.25,1.62,2.63,1.61,4
Barrow,8,3,4,1,10,8,2,13,League Two,0.38,0.62,2,1.25,1.0,1.62,2.63,1.61,4
Chesterfield,8,4,1,3,8,7,1,13,League Two,0.5,0.5,1,1.0,0.88,1.62,2.0,2.0,4
Port Vale,8,3,3,2,14,12,2,12,League Two,0.38,0.62,2,1.75,1.5,1.5,2.63,1.61,5
Fleetwood,8,4,0,4,15,15,0,12,League Two,0.5,0.5,0,1.88,1.88,1.5,2.0,2.0,5
Notts County,8,3,2,3,10,8,2,11,League Two,0.38,0.62,2,1.25,1.0,1.38,2.63,1.61,6
Bromley,8,3,2,3,9,13,-4,11,League Two,0.38,0.62,-4,1.12,1.62,1.38,2.63,1.61,6
Colchester Utd,8,3,2,3,8,13,-5,11,League Two,0.38,0.62,-5,1.0,1.62,1.38,2.63,1.61,6
Tranmere,8,2,4,2,12,10,2,10,League Two,0.25,0.75,2,1.5,1.25,1.25,4.0,1.33,7
Accrington,8,3,1,4,5,11,-6,10,League Two,0.38,0.62,-6,0.62,1.38,1.25,2.63,1.61,7
Cheltenham,8,3,1,4,10,17,-7,10,League Two,0.38,0.62,-7,1.25,2.12,1.25,2.63,1.61,7
Gillingham,8,1,6,1,8,9,-1,9,League Two,0.12,0.88,-1,1.0,1.12,1.12,8.33,1.14,8
Walsall,8,1,6,1,8,9,-1,9,League Two,0.12,0.88,-1,1.0,1.12,1.12,8.33,1.14,8
AFC Wimbledon,8,2,3,3,7,8,-1,9,League Two,0.25,0.75,-1,0.88,1.0,1.12,4.0,1.33,8
Bradford,8,2,2,4,11,14,-3,8,League Two,0.25,0.75,-3,1.38,1.75,1.0,4.0,1.33,9
Milton Keynes,8,2,2,4,4,11,-7,8,League Two,0.25,0.75,-7,0.5,1.38,1.0,4.0,1.33,9
Carlisle Utd,8,2,1,5,7,11,-4,7,League Two,0.25,0.75,-4,0.88,1.38,0.88,4.0,1.33,10
Crewe Alexandra,8,1,4,3,4,9,-5,7,League Two,0.12,0.88,-5,0.5,1.12,0.88,8.33,1.14,10
Harrogate,8,1,3,4,4,10,-6,6,League Two,0.12,0.88,-6,0.5,1.25,0.75,8.33,1.14,11
Newport,8,1,1,6,6,16,-10,4,League Two,0.12,0.88,-10,0.75,2.0,0.5,8.33,1.14,12
Morecambe,8,0,0,8,4,16,-12,0,League Two,0.0,1.0,-12,0.5,2.0,0.0,0.0,1.0,13
York City,8,7,0,1,18,5,13,21,England - National League,0.88,0.12,13,2.25,0.62,2.62,1.14,8.33,1
Barnet,8,6,1,1,16,3,13,19,England - National League,0.75,0.25,13,2.0,0.38,2.38,1.33,4.0,2
Maidenhead Utd,8,4,2,2,8,4,4,14,England - National League,0.5,0.5,4,1.0,0.5,1.75,2.0,2.0,3
Boston Utd,8,4,0,4,12,14,-2,12,England - National League,0.5,0.5,-2,1.5,1.75,1.5,2.0,2.0,4
Southend Utd,8,2,5,1,12,10,2,11,England - National League,0.25,0.75,2,1.5,1.25,1.38,4.0,1.33,5
Woking,8,2,5,1,12,11,1,11,England - National League,0.25,0.75,1,1.5,1.38,1.38,4.0,1.33,5
Tamworth,8,3,2,3,12,13,-1,11,England - National League,0.38,0.62,-1,1.5,1.62,1.38,2.63,1.61,5
Sutton Utd,8,3,2,3,10,12,-2,11,England - National League,0.38,0.62,-2,1.25,1.5,1.38,2.63,1.61,5
Rochdale,8,2,4,2,7,8,-1,10,England - National League,0.25,0.75,-1,0.88,1.0,1.25,4.0,1.33,6
Altrincham,8,3,1,4,11,16,-5,10,England - National League,0.38,0.62,-5,1.38,2.0,1.25,2.63,1.61,6
Braintree Town,8,2,3,3,12,12,0,9,England - National League,0.25,0.75,0,1.5,1.5,1.12,4.0,1.33,7
Halifax Town,8,2,3,3,9,11,-2,9,England - National League,0.25,0.75,-2,1.12,1.38,1.12,4.0,1.33,7
Aldershot Town,8,3,0,5,9,22,-13,9,England - National League,0.38,0.62,-13,1.12,2.75,1.12,2.63,1.61,7
Solihull Moors,8,2,2,4,6,10,-4,8,England - National League,0.25,0.75,-4,0.75,1.25,1.0,4.0,1.33,8
Hartlepool,8,2,2,4,10,15,-5,8,England - National League,0.25,0.75,-5,1.25,1.88,1.0,4.0,1.33,8
Oldham,8,1,4,3,6,8,-2,7,England - National League,0.12,0.88,-2,0.75,1.0,0.88,8.33,1.14,9
Gateshead FC,8,2,1,5,12,16,-4,7,England - National League,0.25,0.75,-4,1.5,2.0,0.88,4.0,1.33,9
Yeovil Town,8,2,1,5,8,12,-4,7,England - National League,0.25,0.75,-4,1.0,1.5,0.88,4.0,1.33,9
Dagenham & R.,8,1,4,3,4,8,-4,7,England - National League,0.12,0.88,-4,0.5,1.0,0.88,8.33,1.14,9
Wealdstone,8,2,1,5,6,18,-12,7,England - National League,0.25,0.75,-12,0.75,2.25,0.88,4.0,1.33,9
Eastleigh,8,1,3,4,8,16,-8,6,England - National League,0.12,0.88,-8,1.0,2.0,0.75,8.33,1.14,10
AFC Fylde,8,1,2,5,6,11,-5,5,England - National League,0.12,0.88,-5,0.75,1.38,0.62,8.33,1.14,11
Forest Green,8,0,4,4,5,12,-7,4,England - National League,0.0,1.0,-7,0.62,1.5,0.5,0.0,1.0,12
Ebbsfleet Utd,8,0,2,6,8,17,-9,2,England - National League,0.0,1.0,-9,1.0,2.12,0.25,0.0,1.0,13
Brackley Town,8,6,1,1,14,9,5,19,England - National L. North,0.75,0.25,5,1.75,1.12,2.38,1.33,4.0,1
Kings Lynn,8,6,0,2,9,4,5,18,England - National L. North,0.75,0.25,5,1.12,0.5,2.25,1.33,4.0,2
Spennymoor,8,5,0,3,13,8,5,15,England - National L. North,0.62,0.38,5,1.62,1.0,1.88,1.61,2.63,3
Kidderminster,8,4,2,2,18,8,10,14,England - National L. North,0.5,0.5,10,2.25,1.0,1.75,2.0,2.0,4
Buxton,8,4,1,3,17,8,9,13,England - National L. North,0.5,0.5,9,2.12,1.0,1.62,2.0,2.0,5
Hereford Utd,8,4,1,3,13,10,3,13,England - National L. North,0.5,0.5,3,1.62,1.25,1.62,2.0,2.0,5
Marine,8,4,1,3,7,9,-2,13,England - National L. North,0.5,0.5,-2,0.88,1.12,1.62,2.0,2.0,5
Scunthorpe,8,3,2,3,6,4,2,11,England - National L. North,0.38,0.62,2,0.75,0.5,1.38,2.63,1.61,6
Chester,8,3,2,3,10,10,0,11,England - National L. North,0.38,0.62,0,1.25,1.25,1.38,2.63,1.61,6
Curzon,8,3,2,3,11,12,-1,11,England - National L. North,0.38,0.62,-1,1.38,1.5,1.38,2.63,1.61,6
Oxford City,8,2,3,3,9,9,0,9,England - National L. North,0.25,0.75,0,1.12,1.12,1.12,4.0,1.33,7
Southport,8,2,3,3,5,5,0,9,England - National L. North,0.25,0.75,0,0.62,0.62,1.12,4.0,1.33,7
Scarborough,8,2,2,4,7,11,-4,8,England - National L. North,0.25,0.75,-4,0.88,1.38,1.0,4.0,1.33,8
Radcliffe,8,2,2,4,7,13,-6,8,England - National L. North,0.25,0.75,-6,0.88,1.62,1.0,4.0,1.33,8
Darlington,8,2,1,5,9,14,-5,7,England - National L. North,0.25,0.75,-5,1.12,1.75,0.88,4.0,1.33,9
South Shields,8,2,1,5,10,17,-7,7,England - National L. North,0.25,0.75,-7,1.25,2.12,0.88,4.0,1.33,9
Peterborough S.,8,2,1,5,6,15,-9,7,England - National L. North,0.25,0.75,-9,0.75,1.88,0.88,4.0,1.33,9
Chorley,8,1,3,4,10,12,-2,6,England - National L. North,0.12,0.88,-2,1.25,1.5,0.75,8.33,1.14,10
Leamington,8,1,2,5,4,10,-6,5,England - National L. North,0.12,0.88,-6,0.5,1.25,0.62,8.33,1.14,11
Needham Market,8,1,1,6,9,18,-9,4,England - National L. North,0.12,0.88,-9,1.12,2.25,0.5,8.33,1.14,12
Alfreton Town,8,0,3,5,3,12,-9,3,England - National L. North,0.0,1.0,-9,0.38,1.5,0.38,0.0,1.0,13
Farsley Celtic,8,1,0,7,5,26,-21,3,England - National L. North,0.12,0.88,-21,0.62,3.25,0.38,8.33,1.14,13
Rushall,8,0,2,6,6,22,-16,2,England - National L. North,0.0,1.0,-16,0.75,2.75,0.25,0.0,1.0,14
Warrington,8,0,1,7,5,18,-13,1,England - National L. North,0.0,1.0,-13,0.62,2.25,0.12,0.0,1.0,15
Truro City,8,6,1,1,17,6,11,19,England - National L. South,0.75,0.25,11,2.12,0.75,2.38,1.33,4.0,1
Torquay Utd,8,6,1,1,14,6,8,19,England - National L. South,0.75,0.25,8,1.75,0.75,2.38,1.33,4.0,1
Dorking,8,4,4,0,11,5,6,16,England - National L. South,0.5,0.5,6,1.38,0.62,2.0,2.0,2.0,2
Weston-s.-Mare,8,5,0,3,11,10,1,15,England - National L. South,0.62,0.38,1,1.38,1.25,1.88,1.61,2.63,3
Enfield Town,8,4,2,2,12,12,0,14,England - National L. South,0.5,0.5,0,1.5,1.5,1.75,2.0,2.0,4
Chelmsford City,8,4,1,3,17,11,6,13,England - National L. South,0.5,0.5,6,2.12,1.38,1.62,2.0,2.0,5
Boreham Wood,8,4,1,3,16,14,2,13,England - National L. South,0.5,0.5,2,2.0,1.75,1.62,2.0,2.0,5
Eastbourne,8,4,1,3,10,8,2,13,England - National L. South,0.5,0.5,2,1.25,1.0,1.62,2.0,2.0,5
Worthing,8,4,1,3,12,12,0,13,England - National L. South,0.5,0.5,0,1.5,1.5,1.62,2.0,2.0,5
Hornchurch,8,3,3,2,12,9,3,12,England - National L. South,0.38,0.62,3,1.5,1.12,1.5,2.63,1.61,6
Farnborough,8,3,2,3,18,14,4,11,England - National L. South,0.38,0.62,4,2.25,1.75,1.38,2.63,1.61,7
Bath City,8,3,2,3,12,9,3,11,England - National L. South,0.38,0.62,3,1.5,1.12,1.38,2.63,1.61,7
Chippenham,8,3,1,4,9,17,-8,10,England - National L. South,0.38,0.62,-8,1.12,2.12,1.25,2.63,1.61,8
Maidstone Utd,8,2,3,3,9,7,2,9,England - National L. South,0.25,0.75,2,1.12,0.88,1.12,4.0,1.33,9
Hemel Hempstead,8,2,3,3,7,12,-5,9,England - National L. South,0.25,0.75,-5,0.88,1.5,1.12,4.0,1.33,9
Tonbridge,8,2,1,5,5,12,-7,7,England - National L. South,0.25,0.75,-7,0.62,1.5,0.88,4.0,1.33,10
Aveley,8,2,1,5,6,14,-8,7,England - National L. South,0.25,0.75,-8,0.75,1.75,0.88,4.0,1.33,10
Chesham Utd,8,2,1,5,5,13,-8,7,England - National L. South,0.25,0.75,-8,0.62,1.62,0.88,4.0,1.33,10
Slough Town,8,2,1,5,8,17,-9,7,England - National L. South,0.25,0.75,-9,1.0,2.12,0.88,4.0,1.33,10
St Albans,8,1,3,4,8,13,-5,6,England - National L. South,0.12,0.88,-5,1.0,1.62,0.75,8.33,1.14,11
Salisbury,8,0,4,4,11,17,-6,4,England - National L. South,0.0,1.0,-6,1.38,2.12,0.5,0.0,1.0,12
Hampton & R.,8,1,0,7,7,16,-9,3,England - National L. South,0.12,0.88,-9,0.88,2.0,0.38,8.33,1.14,13
Weymouth,8,0,3,5,4,16,-12,3,England - National L. South,0.0,1.0,-12,0.5,2.0,0.38,0.0,1.0,13
Welling Utd,8,0,1,7,6,24,-18,1,England - National L. South,0.0,1.0,-18,0.75,3.0,0.12,0.0,1.0,14
Billericay Town,8,6,0,2,21,8,13,18,England - Isthmian league,0.75,0.25,13,2.62,1.0,2.25,1.33,4.0,1
Horsham,8,6,0,2,14,8,6,18,England - Isthmian league,0.75,0.25,6,1.75,1.0,2.25,1.33,4.0,1
Chichester City,8,5,1,2,11,6,5,16,England - Isthmian league,0.62,0.38,5,1.38,0.75,2.0,1.61,2.63,2
Dartford,8,5,1,2,15,11,4,16,England - Isthmian league,0.62,0.38,4,1.88,1.38,2.0,1.61,2.63,2
Chatham Town,8,4,3,1,13,8,5,15,England - Isthmian league,0.5,0.5,5,1.62,1.0,1.88,2.0,2.0,3
Carshalton,8,5,0,3,14,11,3,15,England - Isthmian league,0.62,0.38,3,1.75,1.38,1.88,1.61,2.63,3
Wingate & F.,8,4,2,2,15,9,6,14,England - Isthmian league,0.5,0.5,6,1.88,1.12,1.75,2.0,2.0,4
Cray Valley PM,8,4,1,3,13,11,2,13,England - Isthmian league,0.5,0.5,2,1.62,1.38,1.62,2.0,2.0,5
Potters Bar,8,4,1,3,11,11,0,13,England - Isthmian league,0.5,0.5,0,1.38,1.38,1.62,2.0,2.0,5
Dover Athletic,8,3,1,4,11,12,-1,10,England - Isthmian league,0.38,0.62,-1,1.38,1.5,1.25,2.63,1.61,6
Lewes,8,3,1,4,9,15,-6,10,England - Isthmian league,0.38,0.62,-6,1.12,1.88,1.25,2.63,1.61,6
Whitehawk,8,3,0,5,11,13,-2,9,England - Isthmian league,0.38,0.62,-2,1.38,1.62,1.12,2.63,1.61,7
Hashtag United,8,1,4,3,12,15,-3,7,England - Isthmian league,0.12,0.88,-3,1.5,1.88,0.88,8.33,1.14,8
Folkestone,8,2,1,5,12,17,-5,7,England - Isthmian league,0.25,0.75,-5,1.5,2.12,0.88,4.0,1.33,8
Cray Wanderers,8,2,0,6,11,15,-4,6,England - Isthmian league,0.25,0.75,-4,1.38,1.88,0.75,4.0,1.33,9
Bognor Regis,8,1,3,4,14,22,-8,6,England - Isthmian league,0.12,0.88,-8,1.75,2.75,0.75,8.33,1.14,9
Cheshunt,8,2,0,6,7,17,-10,6,England - Isthmian league,0.25,0.75,-10,0.88,2.12,0.75,4.0,1.33,9
Hastings Utd,8,1,2,5,5,10,-5,5,England - Isthmian league,0.12,0.88,-5,0.62,1.25,0.62,8.33,1.14,10
Dulwich Hamlet,8,1,2,5,6,16,-10,5,England - Isthmian league,0.12,0.88,-10,0.75,2.0,0.62,8.33,1.14,10
Bowers & Pitsea,8,1,1,6,4,19,-15,4,England - Isthmian league,0.12,0.88,-15,0.5,2.38,0.5,8.33,1.14,11
Hendon,8,0,3,5,7,17,-10,3,England - Isthmian league,0.0,1.0,-10,0.88,2.12,0.38,0.0,1.0,12
Canvey Island,8,0,2,6,4,14,-10,2,England - Isthmian league,0.0,1.0,-10,0.5,1.75,0.25,0.0,1.0,13
Macclesfield,8,7,1,0,25,4,21,22,England - Northern league,0.88,0.12,21,3.12,0.5,2.75,1.14,8.33,1
Worksop Town,8,6,1,1,18,11,7,19,England - Northern league,0.75,0.25,7,2.25,1.38,2.38,1.33,4.0,2
Stockton Town,8,6,0,2,9,6,3,18,England - Northern league,0.75,0.25,3,1.12,0.75,2.25,1.33,4.0,3
Morpeth Town,8,4,4,0,9,4,5,16,England - Northern league,0.5,0.5,5,1.12,0.5,2.0,2.0,2.0,4
Rylands,8,4,1,3,13,9,4,13,England - Northern league,0.5,0.5,4,1.62,1.12,1.62,2.0,2.0,5
Gainsborough,8,3,3,2,9,7,2,12,England - Northern league,0.38,0.62,2,1.12,0.88,1.5,2.63,1.61,6
FC United,8,3,3,2,7,9,-2,12,England - Northern league,0.38,0.62,-2,0.88,1.12,1.5,2.63,1.61,6
Hyde Utd,8,3,2,3,9,9,0,11,England - Northern league,0.38,0.62,0,1.12,1.12,1.38,2.63,1.61,7
Guiseley,8,2,4,2,7,8,-1,10,England - Northern league,0.25,0.75,-1,0.88,1.0,1.25,4.0,1.33,8
Lancaster City,8,3,1,4,11,13,-2,10,England - Northern league,0.38,0.62,-2,1.38,1.62,1.25,2.63,1.61,8
Whitby Town,8,3,1,4,11,15,-4,10,England - Northern league,0.38,0.62,-4,1.38,1.88,1.25,2.63,1.61,8
Ilkeston Town,8,2,3,3,7,12,-5,9,England - Northern league,0.25,0.75,-5,0.88,1.5,1.12,4.0,1.33,9
Leek Town,8,2,2,4,9,10,-1,8,England - Northern league,0.25,0.75,-1,1.12,1.25,1.0,4.0,1.33,10
Bamber Bridge,8,2,1,5,11,12,-1,7,England - Northern league,0.25,0.75,-1,1.38,1.5,0.88,4.0,1.33,11
Hebburn Town,8,1,4,3,9,15,-6,7,England - Northern league,0.12,0.88,-6,1.12,1.88,0.88,8.33,1.14,11
Prescot Cables,8,2,1,5,7,13,-6,7,England - Northern league,0.25,0.75,-6,0.88,1.62,0.88,4.0,1.33,11
Matlock,8,1,3,4,9,11,-2,6,England - Northern league,0.12,0.88,-2,1.12,1.38,0.75,8.33,1.14,12
Workington,8,2,0,6,10,14,-4,6,England - Northern league,0.25,0.75,-4,1.25,1.75,0.75,4.0,1.33,12
Ashton Utd,8,1,2,5,8,17,-9,5,England - Northern league,0.12,0.88,-9,1.0,2.12,0.62,8.33,1.14,13
Basford Utd,8,0,2,6,3,12,-9,2,England - Northern league,0.0,1.0,-9,0.38,1.5,0.25,0.0,1.0,14
Mickleover,8,0,2,6,3,23,-20,2,England - Northern league,0.0,1.0,-20,0.38,2.88,0.25,0.0,1.0,14
Blyth Spartans,8,0,0,8,8,26,-18,0,England - Northern league,0.0,1.0,-18,1.0,3.25,0.0,0.0,1.0,15
Kettering Town,8,5,2,1,11,5,6,17,England - Southern Central,0.62,0.38,6,1.38,0.62,2.12,1.61,2.63,1
Harborough Town,8,4,4,0,16,5,11,16,England - Southern Central,0.5,0.5,11,2.0,0.62,2.0,2.0,2.0,2
Bedford Town,8,5,1,2,13,12,1,16,England - Southern Central,0.62,0.38,1,1.62,1.5,2.0,1.61,2.63,2
Spalding United,8,4,2,2,19,9,10,14,England - Southern Central,0.5,0.5,10,2.38,1.12,1.75,2.0,2.0,3
Halesowen Town,8,3,4,1,9,6,3,13,England - Southern Central,0.38,0.62,3,1.12,0.75,1.62,2.63,1.61,4
Stourbridge,8,4,1,3,12,11,1,13,England - Southern Central,0.5,0.5,1,1.5,1.38,1.62,2.0,2.0,4
Leiston,8,3,3,2,7,7,0,12,England - Southern Central,0.38,0.62,0,0.88,0.88,1.5,2.63,1.61,5
Stamford,8,3,3,2,7,12,-5,12,England - Southern Central,0.38,0.62,-5,0.88,1.5,1.5,2.63,1.61,5
AFC Sudbury,8,3,2,3,7,11,-4,11,England - Southern Central,0.38,0.62,-4,0.88,1.38,1.38,2.63,1.61,6
St. Ives Town,8,2,4,2,11,11,0,10,England - Southern Central,0.25,0.75,0,1.38,1.38,1.25,4.0,1.33,7
B. Stortford,8,2,3,3,9,12,-3,9,England - Southern Central,0.25,0.75,-3,1.12,1.5,1.12,4.0,1.33,8
Bromsgrove,8,3,0,5,12,17,-5,9,England - Southern Central,0.38,0.62,-5,1.5,2.12,1.12,2.63,1.61,8
Banbury Utd,8,2,2,4,9,12,-3,8,England - Southern Central,0.25,0.75,-3,1.12,1.5,1.0,4.0,1.33,9
Telford Utd,8,0,7,1,11,13,-2,7,England - Southern Central,0.0,1.0,-2,1.38,1.62,0.88,0.0,1.0,10
Stratford Town,8,1,4,3,9,12,-3,7,England - Southern Central,0.12,0.88,-3,1.12,1.5,0.88,8.33,1.14,10
Royston,8,1,4,3,5,8,-3,7,England - Southern Central,0.12,0.88,-3,0.62,1.0,0.88,8.33,1.14,10
Biggleswade,8,2,1,5,9,15,-6,7,England - Southern Central,0.25,0.75,-6,1.12,1.88,0.88,4.0,1.33,10
Barwell,8,1,2,5,9,17,-8,5,England - Southern Central,0.12,0.88,-8,1.12,2.12,0.62,8.33,1.14,11
Alvechurch,8,0,3,5,3,10,-7,3,England - Southern Central,0.0,1.0,-7,0.38,1.25,0.38,0.0,1.0,12
Hitchin Town,8,0,2,6,10,22,-12,2,England - Southern Central,0.0,1.0,-12,1.25,2.75,0.25,0.0,1.0,13
Lowestoft,8,0,2,6,9,22,-13,2,England - Southern Central,0.0,1.0,-13,1.12,2.75,0.25,0.0,1.0,13
Redditch Utd,8,0,1,7,3,14,-11,1,England - Southern Central,0.0,1.0,-11,0.38,1.75,0.12,0.0,1.0,14
Flora,6,5,1,0,14,2,12,16,Estonia - Meistriliiga,0.83,0.17,12,2.33,0.33,2.67,1.2,5.88,1
Nomme Kalju,7,5,0,2,12,9,3,15,Estonia - Meistriliiga,0.71,0.29,3,1.71,1.29,2.14,1.41,3.45,2
Narva Trans,6,4,1,1,15,8,7,13,Estonia - Meistriliiga,0.67,0.33,7,2.5,1.33,2.17,1.49,3.03,3
Levadia,7,4,0,3,16,8,8,12,Estonia - Meistriliiga,0.57,0.43,8,2.29,1.14,1.71,1.75,2.33,4
Vaprus,6,3,0,3,9,6,3,9,Estonia - Meistriliiga,0.5,0.5,3,1.5,1.0,1.5,2.0,2.0,5
Harju JK,7,2,2,3,9,17,-8,8,Estonia - Meistriliiga,0.29,0.71,-8,1.29,2.43,1.14,3.45,1.41,6
Paide,6,2,0,4,5,7,-2,6,Estonia - Meistriliiga,0.33,0.67,-2,0.83,1.17,1.0,3.03,1.49,7
Tammeka,7,1,1,5,6,18,-12,4,Estonia - Meistriliiga,0.14,0.86,-12,0.86,2.57,0.57,7.14,1.16,8
Kuressaare,7,1,1,5,5,17,-12,4,Estonia - Meistriliiga,0.14,0.86,-12,0.71,2.43,0.57,7.14,1.16,8
Tallinna Kalev,6,0,1,5,3,18,-15,1,Estonia - Meistriliiga,0.0,1.0,-15,0.5,3.0,0.17,0.0,1.0,9
Nomme Utd,6,5,1,0,12,4,8,16,Estonia - Esiliiga,0.83,0.17,8,2.0,0.67,2.67,1.2,5.88,1
Elva,6,3,2,1,14,9,5,11,Estonia - Esiliiga,0.5,0.5,5,2.33,1.5,1.83,2.0,2.0,2
Tartu Welco,5,3,1,1,10,6,4,10,Estonia - Esiliiga,0.6,0.4,4,2.0,1.2,2.0,1.67,2.5,3
Viimsi,5,3,0,2,8,5,3,9,Estonia - Esiliiga,0.6,0.4,3,1.6,1.0,1.8,1.67,2.5,4
Levadia B,7,2,2,3,5,8,-3,8,Estonia - Esiliiga,0.29,0.71,-3,0.71,1.14,1.14,3.45,1.41,5
Flora B,5,1,3,1,8,7,1,6,Estonia - Esiliiga,0.2,0.8,1,1.6,1.4,1.2,5.0,1.25,6
Nomme Kalju B,6,2,0,4,7,14,-7,6,Estonia - Esiliiga,0.33,0.67,-7,1.17,2.33,1.0,3.03,1.49,6
FC Tallinn,5,1,0,4,6,14,-8,3,Estonia - Esiliiga,0.2,0.8,-8,1.2,2.8,0.6,5.0,1.25,7
Tallinna K. B,5,0,2,3,4,15,-11,2,Estonia - Esiliiga,0.0,1.0,-11,0.8,3.0,0.4,0.0,1.0,8
Tammeka B,5,0,0,5,8,25,-17,0,Estonia - Esiliiga,0.0,1.0,-17,1.6,5.0,0.0,0.0,1.0,9
NSI Runavik,5,5,0,0,27,3,24,15,FaroeIslands - Premier League,1.0,0.0,24,5.4,0.6,3.0,1.0,0.0,1
Klaksvik,5,4,1,0,12,3,9,13,FaroeIslands - Premier League,0.8,0.2,9,2.4,0.6,2.6,1.25,5.0,2
Vikingur,6,3,1,2,6,5,1,10,FaroeIslands - Premier League,0.5,0.5,1,1.0,0.83,1.67,2.0,2.0,3
B36 Torshavn,5,3,0,2,11,9,2,9,FaroeIslands - Premier League,0.6,0.4,2,2.2,1.8,1.8,1.67,2.5,4
HB Torshavn,4,3,0,1,6,5,1,9,FaroeIslands - Premier League,0.75,0.25,1,1.5,1.25,2.25,1.33,4.0,4
Streymur,5,3,0,2,7,7,0,9,FaroeIslands - Premier League,0.6,0.4,0,1.4,1.4,1.8,1.67,2.5,4
Suduroy,5,1,0,4,2,9,-7,3,FaroeIslands - Premier League,0.2,0.8,-7,0.4,1.8,0.6,5.0,1.25,5
B68 Toftir,5,0,2,3,4,17,-13,2,FaroeIslands - Premier League,0.0,1.0,-13,0.8,3.4,0.4,0.0,1.0,6
07 Vestur,5,0,1,4,4,11,-7,1,FaroeIslands - Premier League,0.0,1.0,-7,0.8,2.2,0.2,0.0,1.0,7
TB Tvoroyri,5,0,1,4,4,21,-17,1,FaroeIslands - Premier League,0.0,1.0,-17,0.8,4.2,0.2,0.0,1.0,7
Skala,5,5,0,0,17,2,15,15,FaroeIslands - 1. Deild,1.0,0.0,15,3.4,0.4,3.0,1.0,0.0,1
B71 Sandur,6,4,0,2,9,10,-1,12,FaroeIslands - 1. Deild,0.67,0.33,-1,1.5,1.67,2.0,1.49,3.03,2
AB Argir,4,3,1,0,5,1,4,10,FaroeIslands - 1. Deild,0.75,0.25,4,1.25,0.25,2.5,1.33,4.0,3
Vikingur B,4,3,0,1,8,7,1,9,FaroeIslands - 1. Deild,0.75,0.25,1,2.0,1.75,2.25,1.33,4.0,4
IF Fuglafjordur,5,2,2,1,12,9,3,8,FaroeIslands - 1. Deild,0.4,0.6,3,2.4,1.8,1.6,2.5,1.67,5
NSI Runavik B,6,2,0,4,12,11,1,6,FaroeIslands - 1. Deild,0.33,0.67,1,2.0,1.83,1.0,3.03,1.49,6
Streymur B,4,2,0,2,5,11,-6,6,FaroeIslands - 1. Deild,0.5,0.5,-6,1.25,2.75,1.5,2.0,2.0,6
07 Vestur B,5,0,1,4,4,11,-7,1,FaroeIslands - 1. Deild,0.0,1.0,-7,0.8,2.2,0.2,0.0,1.0,7
Klaksvik B,5,0,1,4,6,17,-11,1,FaroeIslands - 1. Deild,0.0,1.0,-11,1.2,3.4,0.2,0.0,1.0,7
B36 Torshavn B,6,0,1,5,4,15,-11,1,FaroeIslands - 1. Deild,0.0,1.0,-11,0.67,2.5,0.17,0.0,1.0,7
Inter Turku,3,2,1,0,8,3,5,7,Finland - Veikkausliiga,0.67,0.33,5,2.67,1.0,2.33,1.49,3.03,1
KuPS,3,2,1,0,6,3,3,7,Finland - Veikkausliiga,0.67,0.33,3,2.0,1.0,2.33,1.49,3.03,1
Jaro,5,2,1,2,4,3,1,7,Finland - Veikkausliiga,0.4,0.6,1,0.8,0.6,1.4,2.5,1.67,1
SJK,5,2,1,2,7,8,-1,7,Finland - Veikkausliiga,0.4,0.6,-1,1.4,1.6,1.4,2.5,1.67,1
Gnistan,4,2,0,2,6,8,-2,6,Finland - Veikkausliiga,0.5,0.5,-2,1.5,2.0,1.5,2.0,2.0,2
Mariehamn,4,2,0,2,3,6,-3,6,Finland - Veikkausliiga,0.5,0.5,-3,0.75,1.5,1.5,2.0,2.0,2
HJK Helsinki,4,1,1,2,6,5,1,4,Finland - Veikkausliiga,0.25,0.75,1,1.5,1.25,1.0,4.0,1.33,3
VPS,3,1,1,1,6,7,-1,4,Finland - Veikkausliiga,0.33,0.67,-1,2.0,2.33,1.33,3.03,1.49,3
Ilves,4,1,0,3,8,7,1,3,Finland - Veikkausliiga,0.25,0.75,1,2.0,1.75,0.75,4.0,1.33,4
Oulu,5,1,0,4,8,11,-3,3,Finland - Veikkausliiga,0.2,0.8,-3,1.6,2.2,0.6,5.0,1.25,4
KTP,3,1,0,2,4,9,-5,3,Finland - Veikkausliiga,0.33,0.67,-5,1.33,3.0,1.0,3.03,1.49,4
Haka,2,0,1,1,4,5,-1,1,Finland - Veikkausliiga,0.0,1.0,-1,2.0,2.5,0.5,0.0,1.0,5
TPS,3,2,0,1,11,6,5,6,Finland - Ykkosliga,0.67,0.33,5,3.67,2.0,2.0,1.49,3.03,1
Klubi-04,2,2,0,0,6,4,2,6,Finland - Ykkosliga,1.0,0.0,2,3.0,2.0,3.0,1.0,0.0,1
Ekenas IF,2,2,0,0,3,1,2,6,Finland - Ykkosliga,1.0,0.0,2,1.5,0.5,3.0,1.0,0.0,1
PK-35,2,1,1,0,3,2,1,4,Finland - Ykkosliga,0.5,0.5,1,1.5,1.0,2.0,2.0,2.0,2
JaPS,3,1,1,1,9,9,0,4,Finland - Ykkosliga,0.33,0.67,0,3.0,3.0,1.33,3.03,1.49,2
Lahti,3,1,1,1,3,3,0,4,Finland - Ykkosliga,0.33,0.67,0,1.0,1.0,1.33,3.03,1.49,2
SJK Akatemia,2,1,0,1,3,1,2,3,Finland - Ykkosliga,0.5,0.5,2,1.5,0.5,1.5,2.0,2.0,3
JIPPO,3,0,2,1,3,4,-1,2,Finland - Ykkosliga,0.0,1.0,-1,1.0,1.33,0.67,0.0,1.0,4
SalPa,2,0,0,2,0,3,-3,0,Finland - Ykkosliga,0.0,1.0,-3,0.0,1.5,0.0,0.0,1.0,5
KaPa,3,0,0,3,4,12,-8,0,Finland - Ykkosliga,0.0,1.0,-8,1.33,4.0,0.0,0.0,1.0,5
Jazz Pori,4,2,1,1,4,3,1,7,Finland - Ykkonen,0.5,0.5,1,1.0,0.75,1.75,2.0,2.0,1
PKKU,4,2,0,2,9,6,3,6,Finland - Ykkonen,0.5,0.5,3,2.25,1.5,1.5,2.0,2.0,2
Tampere Utd,2,2,0,0,5,2,3,6,Finland - Ykkonen,1.0,0.0,3,2.5,1.0,3.0,1.0,0.0,2
Atlantis,4,2,0,2,7,8,-1,6,Finland - Ykkonen,0.5,0.5,-1,1.75,2.0,1.5,2.0,2.0,2
Inter Turku B,2,1,0,1,6,7,-1,3,Finland - Ykkonen,0.5,0.5,-1,3.0,3.5,1.5,2.0,2.0,3
EPS,3,1,0,2,2,5,-3,3,Finland - Ykkonen,0.33,0.67,-3,0.67,1.67,1.0,3.03,1.49,3
Rovaniemi,3,1,0,2,1,7,-6,3,Finland - Ykkonen,0.33,0.67,-6,0.33,2.33,1.0,3.03,1.49,3
JJK,3,0,1,2,3,5,-2,1,Finland - Ykkonen,0.0,1.0,-2,1.0,1.67,0.33,0.0,1.0,4
KPV Kokkola,2,0,1,1,1,3,-2,1,Finland - Ykkonen,0.0,1.0,-2,0.5,1.5,0.5,0.0,1.0,4
KuPS Ak.,3,0,1,2,2,6,-4,1,Finland - Ykkonen,0.0,1.0,-4,0.67,2.0,0.33,0.0,1.0,4
OLS Oulu,3,0,1,2,3,8,-5,1,Finland - Ykkonen,0.0,1.0,-5,1.0,2.67,0.33,0.0,1.0,4
Mikkelin,3,0,0,3,3,10,-7,0,Finland - Ykkonen,0.0,1.0,-7,1.0,3.33,0.0,0.0,1.0,5
Honka,3,3,0,0,18,2,16,9,Finland - Kakkonen Group A,1.0,0.0,16,6.0,0.67,3.0,1.0,0.0,1
VJS,3,3,0,0,10,1,9,9,Finland - Kakkonen Group A,1.0,0.0,9,3.33,0.33,3.0,1.0,0.0,1
PuiU Helsinki,3,2,0,1,5,4,1,6,Finland - Kakkonen Group A,0.67,0.33,1,1.67,1.33,2.0,1.49,3.03,2
HaPK,2,1,0,1,3,5,-2,3,Finland - Kakkonen Group A,0.5,0.5,-2,1.5,2.5,1.5,2.0,2.0,3
MYPA,2,0,1,1,3,5,-2,1,Finland - Kakkonen Group A,0.0,1.0,-2,1.5,2.5,0.5,0.0,1.0,4
PEPO,3,0,1,2,3,10,-7,1,Finland - Kakkonen Group A,0.0,1.0,-7,1.0,3.33,0.33,0.0,1.0,4
GrIFK,2,0,0,2,4,6,-2,0,Finland - Kakkonen Group A,0.0,1.0,-2,2.0,3.0,0.0,0.0,1.0,5
JPS,2,0,0,2,3,8,-5,0,Finland - Kakkonen Group A,0.0,1.0,-5,1.5,4.0,0.0,0.0,1.0,5
Reipas,2,0,0,2,2,7,-5,0,Finland - Kakkonen Group A,0.0,1.0,-5,1.0,3.5,0.0,0.0,1.0,5
Vaajakoski,3,0,0,3,2,12,-10,0,Finland - Kakkonen Group A,0.0,1.0,-10,0.67,4.0,0.0,0.0,1.0,5
HJS,3,2,1,0,7,1,6,7,Finland - Kakkonen Group B,0.67,0.33,6,2.33,0.33,2.33,1.49,3.03,1
Kiffen,2,2,0,0,7,3,4,6,Finland - Kakkonen Group B,1.0,0.0,4,3.5,1.5,3.0,1.0,0.0,2
TPV,3,2,0,1,6,8,-2,6,Finland - Kakkonen Group B,0.67,0.33,-2,2.0,2.67,2.0,1.49,3.03,2
MuSa,2,1,0,1,4,3,1,3,Finland - Kakkonen Group B,0.5,0.5,1,2.0,1.5,1.5,2.0,2.0,3
HPS,2,1,0,1,4,4,0,3,Finland - Kakkonen Group B,0.5,0.5,0,2.0,2.0,1.5,2.0,2.0,3
P-Iirot,2,1,0,1,4,4,0,3,Finland - Kakkonen Group B,0.5,0.5,0,2.0,2.0,1.5,2.0,2.0,3
Ilves B,2,1,0,1,3,4,-1,3,Finland - Kakkonen Group B,0.5,0.5,-1,1.5,2.0,1.5,2.0,2.0,3
NJS,3,1,0,2,5,13,-8,3,Finland - Kakkonen Group B,0.33,0.67,-8,1.67,4.33,1.0,3.03,1.49,3
PPJ,3,0,1,2,4,9,-5,1,Finland - Kakkonen Group B,0.0,1.0,-5,1.33,3.0,0.33,0.0,1.0,4
Atlantis B,2,0,0,2,0,5,-5,0,Finland - Kakkonen Group B,0.0,1.0,-5,0.0,2.5,0.0,0.0,1.0,5
VPS B,3,3,0,0,7,1,6,9,Finland - Kakkonen Group C,1.0,0.0,6,2.33,0.33,3.0,1.0,0.0,1
JS Hercules,3,3,0,0,10,5,5,9,Finland - Kakkonen Group C,1.0,0.0,5,3.33,1.67,3.0,1.0,0.0,1
SJK Akatemia B,2,2,0,0,9,5,4,6,Finland - Kakkonen Group C,1.0,0.0,4,4.5,2.5,3.0,1.0,0.0,2
TP-47,3,1,1,1,4,9,-5,4,Finland - Kakkonen Group C,0.33,0.67,-5,1.33,3.0,1.33,3.03,1.49,3
OsPa,2,1,0,1,6,5,1,3,Finland - Kakkonen Group C,0.5,0.5,1,3.0,2.5,1.5,2.0,2.0,4
GBK Kokkola,2,1,0,1,2,6,-4,3,Finland - Kakkonen Group C,0.5,0.5,-4,1.0,3.0,1.5,2.0,2.0,4
JBK,2,0,1,1,3,4,-1,1,Finland - Kakkonen Group C,0.0,1.0,-1,1.5,2.0,0.5,0.0,1.0,5
VIFK,3,0,1,2,6,9,-3,1,Finland - Kakkonen Group C,0.0,1.0,-3,2.0,3.0,0.33,0.0,1.0,5
Narpes Kraft,3,0,1,2,3,7,-4,1,Finland - Kakkonen Group C,0.0,1.0,-4,1.0,2.33,0.33,0.0,1.0,5
Kuopion Elo,2,0,1,1,3,12,-9,1,Finland - Kakkonen Group C,0.0,1.0,-9,1.5,6.0,0.5,0.0,1.0,5
Paris SG,8,6,1,1,25,10,15,19,France - Ligue 1,0.75,0.25,15,3.12,1.25,2.38,1.33,4.0,1
Le Havre,8,5,1,2,17,14,3,16,France - Ligue 1,0.62,0.38,3,2.12,1.75,2.0,1.61,2.63,2
Strasbourg,8,4,2,2,7,4,3,14,France - Ligue 1,0.5,0.5,3,0.88,0.5,1.75,2.0,2.0,3
Lens,8,4,1,3,10,9,1,13,France - Ligue 1,0.5,0.5,1,1.25,1.12,1.62,2.0,2.0,4
Rennes,8,4,0,4,18,12,6,12,France - Ligue 1,0.5,0.5,6,2.25,1.5,1.5,2.0,2.0,5
Toulouse,8,3,2,3,16,11,5,11,France - Ligue 1,0.38,0.62,5,2.0,1.38,1.38,2.63,1.61,6
Nice,8,3,2,3,14,12,2,11,France - Ligue 1,0.38,0.62,2,1.75,1.5,1.38,2.63,1.61,6
Auxerre,8,3,2,3,14,13,1,11,France - Ligue 1,0.38,0.62,1,1.75,1.62,1.38,2.63,1.61,6
Brest,8,3,2,3,12,17,-5,11,France - Ligue 1,0.38,0.62,-5,1.5,2.12,1.38,2.63,1.61,6
Lyon,8,3,1,4,15,14,1,10,France - Ligue 1,0.38,0.62,1,1.88,1.75,1.25,2.63,1.61,7
Lille,8,3,0,5,9,12,-3,9,France - Ligue 1,0.38,0.62,-3,1.12,1.5,1.12,2.63,1.61,8
Monaco,8,2,2,4,10,15,-5,8,France - Ligue 1,0.25,0.75,-5,1.25,1.88,1.0,4.0,1.33,9
Saint-Etienne,8,2,2,4,9,15,-6,8,France - Ligue 1,0.25,0.75,-6,1.12,1.88,1.0,4.0,1.33,9
Nantes,8,2,2,4,10,18,-8,8,France - Ligue 1,0.25,0.75,-8,1.25,2.25,1.0,4.0,1.33,9
Angers,8,2,1,5,6,11,-5,7,France - Ligue 1,0.25,0.75,-5,0.75,1.38,0.88,4.0,1.33,10
Marseille,8,2,1,5,8,16,-8,7,France - Ligue 1,0.25,0.75,-8,1.0,2.0,0.88,4.0,1.33,10
Reims,8,1,2,5,3,11,-8,5,France - Ligue 1,0.12,0.88,-8,0.38,1.38,0.62,8.33,1.14,11
Montpellier,8,0,0,8,1,17,-16,0,France - Ligue 1,0.0,1.0,-16,0.12,2.12,0.0,0.0,1.0,12
Metz,8,5,2,1,19,11,8,17,France - Ligue 2,0.62,0.38,8,2.38,1.38,2.12,1.61,2.63,1
Lorient,8,5,1,2,11,8,3,16,France - Ligue 2,0.62,0.38,3,1.38,1.0,2.0,1.61,2.63,2
Guingamp,8,4,1,3,13,11,2,13,France - Ligue 2,0.5,0.5,2,1.62,1.38,1.62,2.0,2.0,3
Paris FC,8,3,2,3,9,12,-3,11,France - Ligue 2,0.38,0.62,-3,1.12,1.5,1.38,2.63,1.61,4
AC Ajaccio,8,3,2,3,6,9,-3,11,France - Ligue 2,0.38,0.62,-3,0.75,1.12,1.38,2.63,1.61,4
Grenoble,8,3,1,4,10,13,-3,10,France - Ligue 2,0.38,0.62,-3,1.25,1.62,1.25,2.63,1.61,5
USL Dunkerque,8,3,1,4,8,11,-3,10,France - Ligue 2,0.38,0.62,-3,1.0,1.38,1.25,2.63,1.61,5
Troyes,8,3,0,5,9,10,-1,9,France - Ligue 2,0.38,0.62,-1,1.12,1.25,1.12,2.63,1.61,6
Martigues,8,3,0,5,7,10,-3,9,France - Ligue 2,0.38,0.62,-3,0.88,1.25,1.12,2.63,1.61,6
Annecy,8,3,0,5,6,12,-6,9,France - Ligue 2,0.38,0.62,-6,0.75,1.5,1.12,2.63,1.61,6
Laval,8,2,3,3,6,12,-6,9,France - Ligue 2,0.25,0.75,-6,0.75,1.5,1.12,4.0,1.33,6
Pau FC,8,1,4,3,12,19,-7,7,France - Ligue 2,0.12,0.88,-7,1.5,2.38,0.88,8.33,1.14,7
Rodez Aveyron,8,1,3,4,13,15,-2,6,France - Ligue 2,0.12,0.88,-2,1.62,1.88,0.75,8.33,1.14,8
SC Bastia,8,1,3,4,6,12,-6,6,France - Ligue 2,0.12,0.88,-6,0.75,1.5,0.75,8.33,1.14,8
Red Star,8,0,5,3,8,13,-5,5,France - Ligue 2,0.0,1.0,-5,1.0,1.62,0.62,0.0,1.0,9
Caen,8,1,1,6,7,18,-11,4,France - Ligue 2,0.12,0.88,-11,0.88,2.25,0.5,8.33,1.14,10
Clermont,8,0,3,5,8,18,-10,3,France - Ligue 2,0.0,1.0,-10,1.0,2.25,0.38,0.0,1.0,11
Amiens,8,0,2,6,4,14,-10,2,France - Ligue 2,0.0,1.0,-10,0.5,1.75,0.25,0.0,1.0,12
Le Mans,8,5,1,2,16,10,6,16,France - National,0.62,0.38,6,2.0,1.25,2.0,1.61,2.63,1
Boulogne,8,4,3,1,12,6,6,15,France - National,0.5,0.5,6,1.5,0.75,1.88,2.0,2.0,2
Nancy,8,4,1,3,15,11,4,13,France - National,0.5,0.5,4,1.88,1.38,1.62,2.0,2.0,3
Dijon,8,3,4,1,11,9,2,13,France - National,0.38,0.62,2,1.38,1.12,1.62,2.63,1.61,3
Valenciennes,8,3,3,2,10,6,4,12,France - National,0.38,0.62,4,1.25,0.75,1.5,2.63,1.61,4
Aubagne,8,3,2,3,8,9,-1,11,France - National,0.38,0.62,-1,1.0,1.12,1.38,2.63,1.61,5
Bourg-en-Bresse,8,3,2,3,8,9,-1,11,France - National,0.38,0.62,-1,1.0,1.12,1.38,2.63,1.61,5
Villefranche,8,2,3,3,9,10,-1,9,France - National,0.25,0.75,-1,1.12,1.25,1.12,4.0,1.33,6
Versailles,8,2,3,3,10,12,-2,9,France - National,0.25,0.75,-2,1.25,1.5,1.12,4.0,1.33,6
Concarneau,8,2,2,4,8,11,-3,8,France - National,0.25,0.75,-3,1.0,1.38,1.0,4.0,1.33,7
Orleans,8,2,2,4,5,9,-4,8,France - National,0.25,0.75,-4,0.62,1.12,1.0,4.0,1.33,7
Rouen,8,1,4,3,8,10,-2,7,France - National,0.12,0.88,-2,1.0,1.25,0.88,8.33,1.14,8
Sochaux,8,2,1,5,7,11,-4,7,France - National,0.25,0.75,-4,0.88,1.38,0.88,4.0,1.33,8
Quevilly Rouen,8,1,4,3,8,15,-7,7,France - National,0.12,0.88,-7,1.0,1.88,0.88,8.33,1.14,8
Chateauroux,8,1,3,4,8,15,-7,6,France - National,0.12,0.88,-7,1.0,1.88,0.75,8.33,1.14,9
Paris 13 A.,8,0,5,3,7,11,-4,5,France - National,0.0,1.0,-4,0.88,1.38,0.62,0.0,1.0,10
Nimes,8,1,1,6,4,14,-10,4,France - National,0.12,0.88,-10,0.5,1.75,0.5,8.33,1.14,11
Iberia,8,5,3,0,10,5,5,18,Georgia - Erovnuli Liga,0.62,0.38,5,1.25,0.62,2.25,1.61,2.63,1
Dila Gori,8,5,1,2,11,6,5,16,Georgia - Erovnuli Liga,0.62,0.38,5,1.38,0.75,2.0,1.61,2.63,2
Torpedo Kutaisi,8,4,2,2,10,8,2,14,Georgia - Erovnuli Liga,0.5,0.5,2,1.25,1.0,1.75,2.0,2.0,3
Gagra,7,4,0,3,8,6,2,12,Georgia - Erovnuli Liga,0.57,0.43,2,1.14,0.86,1.71,1.75,2.33,4
Dinamo Tbilisi,8,2,3,3,8,7,1,9,Georgia - Erovnuli Liga,0.25,0.75,1,1.0,0.88,1.12,4.0,1.33,5
Dinamo Batumi,7,1,5,1,6,5,1,8,Georgia - Erovnuli Liga,0.14,0.86,1,0.86,0.71,1.14,7.14,1.16,6
Samgurali,8,1,1,6,10,15,-5,4,Georgia - Erovnuli Liga,0.12,0.88,-5,1.25,1.88,0.5,8.33,1.14,7
Gareji Sagarejo,7,1,1,5,5,10,-5,4,Georgia - Erovnuli Liga,0.14,0.86,-5,0.71,1.43,0.57,7.14,1.16,7
Kolkheti Poti,8,1,1,6,4,17,-13,4,Georgia - Erovnuli Liga,0.12,0.88,-13,0.5,2.12,0.5,8.33,1.14,7
Telavi,8,1,1,6,4,21,-17,4,Georgia - Erovnuli Liga,0.12,0.88,-17,0.5,2.62,0.5,8.33,1.14,7
Spaeri,6,4,2,0,11,5,6,14,Georgia - Erovnuli Liga 2,0.67,0.33,6,1.83,0.83,2.33,1.49,3.03,1
Merani Martvili,7,4,1,2,10,10,0,13,Georgia - Erovnuli Liga 2,0.57,0.43,0,1.43,1.43,1.86,1.75,2.33,2
Meshakhte,7,3,3,1,7,4,3,12,Georgia - Erovnuli Liga 2,0.43,0.57,3,1.0,0.57,1.71,2.33,1.75,3
Gonio,6,2,3,1,8,7,1,9,Georgia - Erovnuli Liga 2,0.33,0.67,1,1.33,1.17,1.5,3.03,1.49,4
L. Tbilisi,6,2,2,2,6,5,1,8,Georgia - Erovnuli Liga 2,0.33,0.67,1,1.0,0.83,1.33,3.03,1.49,5
Iberia B,7,2,2,3,10,12,-2,8,Georgia - Erovnuli Liga 2,0.29,0.71,-2,1.43,1.71,1.14,3.45,1.41,5
Bolnisi,6,1,3,2,4,6,-2,6,Georgia - Erovnuli Liga 2,0.17,0.83,-2,0.67,1.0,1.0,5.88,1.2,6
Rustavi,7,0,5,2,6,9,-3,5,Georgia - Erovnuli Liga 2,0.0,1.0,-3,0.86,1.29,0.71,0.0,1.0,7
D. Tbilisi B,6,1,2,3,8,12,-4,5,Georgia - Erovnuli Liga 2,0.17,0.83,-4,1.33,2.0,0.83,5.88,1.2,7
Samtredia,7,1,1,5,6,10,-4,4,Georgia - Erovnuli Liga 2,0.14,0.86,-4,0.86,1.43,0.57,7.14,1.16,8
Bayern Munich,8,5,3,0,20,7,13,18,Germany - Bundesliga,0.62,0.38,13,2.5,0.88,2.25,1.61,2.63,1
Freiburg,8,5,2,1,9,8,1,17,Germany - Bundesliga,0.62,0.38,1,1.12,1.0,2.12,1.61,2.63,2
Leverkusen,8,4,4,0,16,9,7,16,Germany - Bundesliga,0.5,0.5,7,2.0,1.12,2.0,2.0,2.0,3
Dortmund,8,5,1,2,17,12,5,16,Germany - Bundesliga,0.62,0.38,5,2.12,1.5,2.0,1.61,2.63,3
Stuttgart,8,4,3,1,17,11,6,15,Germany - Bundesliga,0.5,0.5,6,2.12,1.38,1.88,2.0,2.0,4
Werder Bremen,8,4,2,2,15,14,1,14,Germany - Bundesliga,0.5,0.5,1,1.88,1.75,1.75,2.0,2.0,5
Union Berlin,8,4,2,2,11,13,-2,14,Germany - Bundesliga,0.5,0.5,-2,1.38,1.62,1.75,2.0,2.0,5
Monchengladbach,8,4,1,3,17,14,3,13,Germany - Bundesliga,0.5,0.5,3,2.12,1.75,1.62,2.0,2.0,6
FSV Mainz,8,4,0,4,12,12,0,12,Germany - Bundesliga,0.5,0.5,0,1.5,1.5,1.5,2.0,2.0,7
FC Augsburg,8,3,3,2,8,9,-1,12,Germany - Bundesliga,0.38,0.62,-1,1.0,1.12,1.5,2.63,1.61,7
Heidenheim,8,3,2,3,9,9,0,11,Germany - Bundesliga,0.38,0.62,0,1.12,1.12,1.38,2.63,1.61,8
Wolfsburg,8,3,2,3,8,11,-3,11,Germany - Bundesliga,0.38,0.62,-3,1.0,1.38,1.38,2.63,1.61,8
E. Frankfurt,8,2,4,2,10,12,-2,10,Germany - Bundesliga,0.25,0.75,-2,1.25,1.5,1.25,4.0,1.33,9
Sankt Pauli,8,2,3,3,9,11,-2,9,Germany - Bundesliga,0.25,0.75,-2,1.12,1.38,1.12,4.0,1.33,10
Bochum,8,2,3,3,9,12,-3,9,Germany - Bundesliga,0.25,0.75,-3,1.12,1.5,1.12,4.0,1.33,10
Hoffenheim,8,2,2,4,14,17,-3,8,Germany - Bundesliga,0.25,0.75,-3,1.75,2.12,1.0,4.0,1.33,11
RB Leipzig,8,1,5,2,6,10,-4,8,Germany - Bundesliga,0.12,0.88,-4,0.75,1.25,1.0,8.33,1.14,11
Holstein Kiel,8,2,2,4,11,16,-5,8,Germany - Bundesliga,0.25,0.75,-5,1.38,2.0,1.0,4.0,1.33,11
Elversberg,8,4,4,0,13,5,8,16,Germany - 2. Bundesliga,0.5,0.5,8,1.62,0.62,2.0,2.0,2.0,1
Hamburger SV,8,4,3,1,18,9,9,15,Germany - 2. Bundesliga,0.5,0.5,9,2.25,1.12,1.88,2.0,2.0,2
FC Nurnberg,8,4,2,2,16,13,3,14,Germany - 2. Bundesliga,0.5,0.5,3,2.0,1.62,1.75,2.0,2.0,3
Paderborn,8,4,2,2,11,9,2,14,Germany - 2. Bundesliga,0.5,0.5,2,1.38,1.12,1.75,2.0,2.0,3
FC Koln,8,4,1,3,8,9,-1,13,Germany - 2. Bundesliga,0.5,0.5,-1,1.0,1.12,1.62,2.0,2.0,4
Hannover 96,8,3,3,2,10,10,0,12,Germany - 2. Bundesliga,0.38,0.62,0,1.25,1.25,1.5,2.63,1.61,5
Hertha Berlin,8,4,0,4,12,14,-2,12,Germany - 2. Bundesliga,0.5,0.5,-2,1.5,1.75,1.5,2.0,2.0,5
Braunschweig,8,2,4,2,10,12,-2,10,Germany - 2. Bundesliga,0.25,0.75,-2,1.25,1.5,1.25,4.0,1.33,6
Magdeburg,8,2,3,3,14,12,2,9,Germany - 2. Bundesliga,0.25,0.75,2,1.75,1.5,1.12,4.0,1.33,7
Preuss. Munster,8,2,1,5,10,11,-1,7,Germany - 2. Bundesliga,0.25,0.75,-1,1.25,1.38,0.88,4.0,1.33,8
Dusseldorf,8,1,4,3,11,17,-6,7,Germany - 2. Bundesliga,0.12,0.88,-6,1.38,2.12,0.88,8.33,1.14,8
Greuther Furth,8,2,1,5,5,11,-6,7,Germany - 2. Bundesliga,0.25,0.75,-6,0.62,1.38,0.88,4.0,1.33,8
Kaiserslautern,8,2,1,5,10,20,-10,7,Germany - 2. Bundesliga,0.25,0.75,-10,1.25,2.5,0.88,4.0,1.33,8
Karlsruher SC,8,1,3,4,10,16,-6,6,Germany - 2. Bundesliga,0.12,0.88,-6,1.25,2.0,0.75,8.33,1.14,9
Schalke 04,8,1,2,5,6,13,-7,5,Germany - 2. Bundesliga,0.12,0.88,-7,0.75,1.62,0.62,8.33,1.14,10
Ulm,8,1,2,5,7,16,-9,5,Germany - 2. Bundesliga,0.12,0.88,-9,0.88,2.0,0.62,8.33,1.14,10
Darmstadt,8,0,2,6,6,14,-8,2,Germany - 2. Bundesliga,0.0,1.0,-8,0.75,1.75,0.25,0.0,1.0,11
Regensburg,8,0,1,7,3,21,-18,1,Germany - 2. Bundesliga,0.0,1.0,-18,0.38,2.62,0.12,0.0,1.0,12
Bielefeld,8,6,0,2,13,4,9,18,Germany - 3. Liga,0.75,0.25,9,1.62,0.5,2.25,1.33,4.0,1
Osnabruck,8,5,1,2,15,10,5,16,Germany - 3. Liga,0.62,0.38,5,1.88,1.25,2.0,1.61,2.63,2
RW Essen,8,5,1,2,11,7,4,16,Germany - 3. Liga,0.62,0.38,4,1.38,0.88,2.0,1.61,2.63,2
Dynamo Dresden,8,3,2,3,11,9,2,11,Germany - 3. Liga,0.38,0.62,2,1.38,1.12,1.38,2.63,1.61,3
1860 Munchen,8,3,2,3,12,11,1,11,Germany - 3. Liga,0.38,0.62,1,1.5,1.38,1.38,2.63,1.61,3
Verl,8,3,1,4,12,15,-3,10,Germany - 3. Liga,0.38,0.62,-3,1.5,1.88,1.25,2.63,1.61,4
Mannheim,8,2,3,3,10,10,0,9,Germany - 3. Liga,0.25,0.75,0,1.25,1.25,1.12,4.0,1.33,5
VfB Stuttgart B,8,2,3,3,8,11,-3,9,Germany - 3. Liga,0.25,0.75,-3,1.0,1.38,1.12,4.0,1.33,5
Wehen Wiesbaden,8,3,0,5,10,15,-5,9,Germany - 3. Liga,0.38,0.62,-5,1.25,1.88,1.12,2.63,1.61,5
Hansa Rostock,8,3,0,5,9,15,-6,9,Germany - 3. Liga,0.38,0.62,-6,1.12,1.88,1.12,2.63,1.61,5
FC Ingolstadt,8,2,2,4,13,13,0,8,Germany - 3. Liga,0.25,0.75,0,1.62,1.62,1.0,4.0,1.33,6
Viktoria Koln,8,2,2,4,10,11,-1,8,Germany - 3. Liga,0.25,0.75,-1,1.25,1.38,1.0,4.0,1.33,6
Saarbrucken,8,2,2,4,9,12,-3,8,Germany - 3. Liga,0.25,0.75,-3,1.12,1.5,1.0,4.0,1.33,6
Energie Cottbus,8,2,2,4,8,15,-7,8,Germany - 3. Liga,0.25,0.75,-7,1.0,1.88,1.0,4.0,1.33,6
Alemannia A.,8,2,1,5,11,12,-1,7,Germany - 3. Liga,0.25,0.75,-1,1.38,1.5,0.88,4.0,1.33,7
Hannover 96 B,8,1,3,4,13,16,-3,6,Germany - 3. Liga,0.12,0.88,-3,1.62,2.0,0.75,8.33,1.14,8
Dortmund B,8,1,3,4,7,11,-4,6,Germany - 3. Liga,0.12,0.88,-4,0.88,1.38,0.75,8.33,1.14,8
Unterhaching,8,1,2,5,6,14,-8,5,Germany - 3. Liga,0.12,0.88,-8,0.75,1.75,0.62,8.33,1.14,9
Erzgebirge Aue,8,1,1,6,8,19,-11,4,Germany - 3. Liga,0.12,0.88,-11,1.0,2.38,0.5,8.33,1.14,10
Sandhausen,8,1,0,7,9,16,-7,3,Germany - 3. Liga,0.12,0.88,-7,1.12,2.0,0.38,8.33,1.14,11
Nations,8,4,1,3,9,5,4,13,Ghana - Premier League,0.5,0.5,4,1.12,0.62,1.62,2.0,2.0,1
Bibiani GS,8,4,0,4,9,7,2,12,Ghana - Premier League,0.5,0.5,2,1.12,0.88,1.5,2.0,2.0,2
Samartex,8,3,3,2,8,6,2,12,Ghana - Premier League,0.38,0.62,2,1.0,0.75,1.5,2.63,1.61,2
Hearts of Oak,8,2,4,2,6,5,1,10,Ghana - Premier League,0.25,0.75,1,0.75,0.62,1.25,4.0,1.33,3
Dreams,8,3,1,4,7,15,-8,10,Ghana - Premier League,0.38,0.62,-8,0.88,1.88,1.25,2.63,1.61,3
Heart of Lions,8,2,2,4,6,8,-2,8,Ghana - Premier League,0.25,0.75,-2,0.75,1.0,1.0,4.0,1.33,4
Karela,8,1,2,5,1,6,-5,5,Ghana - Premier League,0.12,0.88,-5,0.12,0.75,0.62,8.33,1.14,5
Asante Kotoko,8,0,5,3,3,9,-6,5,Ghana - Premier League,0.0,1.0,-6,0.38,1.12,0.62,0.0,1.0,5
Aduana Stars,8,1,2,5,6,13,-7,5,Ghana - Premier League,0.12,0.88,-7,0.75,1.62,0.62,8.33,1.14,5
Young Apostles,8,1,1,6,4,13,-9,4,Ghana - Premier League,0.12,0.88,-9,0.5,1.62,0.5,8.33,1.14,6
Berekum Chelsea,8,1,0,7,8,15,-7,3,Ghana - Premier League,0.12,0.88,-7,1.0,1.88,0.38,8.33,1.14,7
Accra Lions,8,1,0,7,6,13,-7,3,Ghana - Premier League,0.12,0.88,-7,0.75,1.62,0.38,8.33,1.14,7
Bechem Utd,8,0,2,6,4,12,-8,2,Ghana - Premier League,0.0,1.0,-8,0.5,1.5,0.25,0.0,1.0,8
Vision,8,0,2,6,4,14,-10,2,Ghana - Premier League,0.0,1.0,-10,0.5,1.75,0.25,0.0,1.0,8
Legon Cities,8,0,1,7,1,10,-9,1,Ghana - Premier League,0.0,1.0,-9,0.12,1.25,0.12,0.0,1.0,9
Holy Stars,8,0,1,7,5,16,-11,1,Ghana - Premier League,0.0,1.0,-11,0.62,2.0,0.12,0.0,1.0,9
Medeama,8,0,0,8,4,13,-9,0,Ghana - Premier League,0.0,1.0,-9,0.5,1.62,0.0,0.0,1.0,10
Nsoatreman,8,0,0,8,0,20,-20,0,Ghana - Premier League,0.0,1.0,-20,0.0,2.5,0.0,0.0,1.0,10
St Josephs,8,8,0,0,30,5,25,24,Gibraltar - Premier Division,1.0,0.0,25,3.75,0.62,3.0,1.0,0.0,1
Lincoln RI,8,7,1,0,21,1,20,22,Gibraltar - Premier Division,0.88,0.12,20,2.62,0.12,2.75,1.14,8.33,2
Manchester 62,8,5,0,3,17,8,9,15,Gibraltar - Premier Division,0.62,0.38,9,2.12,1.0,1.88,1.61,2.63,3
Europa FC,8,4,1,3,17,12,5,13,Gibraltar - Premier Division,0.5,0.5,5,2.12,1.5,1.62,2.0,2.0,4
Magpies,8,3,0,5,17,12,5,9,Gibraltar - Premier Division,0.38,0.62,5,2.12,1.5,1.12,2.63,1.61,5
Lions FC,8,2,2,4,6,16,-10,8,Gibraltar - Premier Division,0.25,0.75,-10,0.75,2.0,1.0,4.0,1.33,6
College 1975,8,2,1,5,9,17,-8,7,Gibraltar - Premier Division,0.25,0.75,-8,1.12,2.12,0.88,4.0,1.33,7
Glacis Utd,8,2,0,6,11,26,-15,6,Gibraltar - Premier Division,0.25,0.75,-15,1.38,3.25,0.75,4.0,1.33,8
Lynx,8,1,1,6,7,19,-12,4,Gibraltar - Premier Division,0.12,0.88,-12,0.88,2.38,0.5,8.33,1.14,9
Mons Calpe,8,1,1,6,8,23,-15,4,Gibraltar - Premier Division,0.12,0.88,-15,1.0,2.88,0.5,8.33,1.14,9
Europa Point,8,0,1,7,5,23,-18,1,Gibraltar - Premier Division,0.0,1.0,-18,0.62,2.88,0.12,0.0,1.0,10
Olympiakos,8,7,0,1,14,3,11,21,Greece - Super League,0.88,0.12,11,1.75,0.38,2.62,1.14,8.33,1
Levadiakos,8,6,1,1,13,5,8,19,Greece - Super League,0.75,0.25,8,1.62,0.62,2.38,1.33,4.0,2
Atromitos,8,4,1,3,10,9,1,13,Greece - Super League,0.5,0.5,1,1.25,1.12,1.62,2.0,2.0,3
Panaitolikos,8,3,3,2,8,7,1,12,Greece - Super League,0.38,0.62,1,1.0,0.88,1.5,2.63,1.61,4
A. Kallithea,8,4,0,4,10,12,-2,12,Greece - Super League,0.5,0.5,-2,1.25,1.5,1.5,2.0,2.0,4
AEK Athens,8,3,1,4,10,9,1,10,Greece - Super League,0.38,0.62,1,1.25,1.12,1.25,2.63,1.61,5
Volos,8,2,2,4,9,11,-2,8,Greece - Super League,0.25,0.75,-2,1.12,1.38,1.0,4.0,1.33,6
OFI Crete,8,2,2,4,8,10,-2,8,Greece - Super League,0.25,0.75,-2,1.0,1.25,1.0,4.0,1.33,6
PAOK,8,2,1,5,14,15,-1,7,Greece - Super League,0.25,0.75,-1,1.75,1.88,0.88,4.0,1.33,7
Asteras T.,8,2,1,5,7,13,-6,7,Greece - Super League,0.25,0.75,-6,0.88,1.62,0.88,4.0,1.33,7
Aris,8,2,1,5,8,15,-7,7,Greece - Super League,0.25,0.75,-7,1.0,1.88,0.88,4.0,1.33,7
Panathinaikos,8,1,3,4,10,16,-6,6,Greece - Super League,0.12,0.88,-6,1.25,2.0,0.75,8.33,1.14,8
Panserraikos,8,1,1,6,6,19,-13,4,Greece - Super League,0.12,0.88,-13,0.75,2.38,0.5,8.33,1.14,9
Lamia,8,0,2,6,1,18,-17,2,Greece - Super League,0.0,1.0,-17,0.12,2.25,0.25,0.0,1.0,10
Municipal,8,3,2,3,8,6,2,11,guatemala2,0.38,0.62,2,1.0,0.75,1.38,2.63,1.61,1
Guastatoya,8,3,2,3,9,10,-1,11,guatemala2,0.38,0.62,-1,1.12,1.25,1.38,2.63,1.61,1
Comunicaciones,8,2,3,3,10,11,-1,9,guatemala2,0.25,0.75,-1,1.25,1.38,1.12,4.0,1.33,2
Antigua GFC,8,2,3,3,5,7,-2,9,guatemala2,0.25,0.75,-2,0.62,0.88,1.12,4.0,1.33,2
Mixco,8,1,5,2,7,8,-1,8,guatemala2,0.12,0.88,-1,0.88,1.0,1.0,8.33,1.14,3
Coban Imperial,8,2,0,6,10,16,-6,6,guatemala2,0.25,0.75,-6,1.25,2.0,0.75,4.0,1.33,4
Malacateco,8,1,2,5,10,16,-6,5,guatemala2,0.12,0.88,-6,1.25,2.0,0.62,8.33,1.14,5
Marquense,8,1,2,5,3,9,-6,5,guatemala2,0.12,0.88,-6,0.38,1.12,0.62,8.33,1.14,5
Xinabajul,8,1,1,6,6,18,-12,4,guatemala2,0.12,0.88,-12,0.75,2.25,0.5,8.33,1.14,6
Xelaju,8,0,3,5,5,10,-5,3,guatemala2,0.0,1.0,-5,0.62,1.25,0.38,0.0,1.0,7
Achuapa,8,1,0,7,6,12,-6,3,guatemala2,0.12,0.88,-6,0.75,1.5,0.38,8.33,1.14,7
Motagua,8,5,2,1,17,6,11,17,Honduras - Liga Nacional - Apertura,0.62,0.38,11,2.12,0.75,2.12,1.61,2.63,1
Olimpia,8,4,2,2,10,7,3,14,Honduras - Liga Nacional - Apertura,0.5,0.5,3,1.25,0.88,1.75,2.0,2.0,2
Real Espana,8,3,2,3,8,6,2,11,Honduras - Liga Nacional - Apertura,0.38,0.62,2,1.0,0.75,1.38,2.63,1.61,3
Marathon,8,3,2,3,8,10,-2,11,Honduras - Liga Nacional - Apertura,0.38,0.62,-2,1.0,1.25,1.38,2.63,1.61,3
Genesis,8,2,2,4,10,15,-5,8,Honduras - Liga Nacional - Apertura,0.25,0.75,-5,1.25,1.88,1.0,4.0,1.33,4
Olancho,8,1,4,3,6,12,-6,7,Honduras - Liga Nacional - Apertura,0.12,0.88,-6,0.75,1.5,0.88,8.33,1.14,5
Real Sociedad,8,1,3,4,11,19,-8,6,Honduras - Liga Nacional - Apertura,0.12,0.88,-8,1.38,2.38,0.75,8.33,1.14,6
UPNFM,8,1,2,5,4,16,-12,5,Honduras - Liga Nacional - Apertura,0.12,0.88,-12,0.5,2.0,0.62,8.33,1.14,7
Juticalpa,8,1,2,5,5,20,-15,5,Honduras - Liga Nacional - Apertura,0.12,0.88,-15,0.62,2.5,0.62,8.33,1.14,7
Victoria,8,0,2,6,8,18,-10,2,Honduras - Liga Nacional - Apertura,0.0,1.0,-10,1.0,2.25,0.25,0.0,1.0,8
Marathon,8,4,3,1,12,6,6,15,honduras2,0.5,0.5,6,1.5,0.75,1.88,2.0,2.0,1
Olimpia,8,4,2,2,12,7,5,14,honduras2,0.5,0.5,5,1.5,0.88,1.75,2.0,2.0,2
Real Espana,8,3,3,2,11,9,2,12,honduras2,0.38,0.62,2,1.38,1.12,1.5,2.63,1.61,3
Victoria,8,2,4,2,12,11,1,10,honduras2,0.25,0.75,1,1.5,1.38,1.25,4.0,1.33,4
Motagua,8,2,4,2,9,8,1,10,honduras2,0.25,0.75,1,1.12,1.0,1.25,4.0,1.33,4
Olancho,8,1,3,4,8,12,-4,6,honduras2,0.12,0.88,-4,1.0,1.5,0.75,8.33,1.14,5
Genesis,8,1,3,4,4,12,-8,6,honduras2,0.12,0.88,-8,0.5,1.5,0.75,8.33,1.14,5
Juticalpa,8,1,2,5,3,15,-12,5,honduras2,0.12,0.88,-12,0.38,1.88,0.62,8.33,1.14,6
Real Sociedad,8,0,4,4,5,11,-6,4,honduras2,0.0,1.0,-6,0.62,1.38,0.5,0.0,1.0,7
UPNFM,8,0,3,5,7,17,-10,3,honduras2,0.0,1.0,-10,0.88,2.12,0.38,0.0,1.0,8
Tai Po,8,7,1,0,28,12,16,22,Hong Kong - Premier League,0.88,0.12,16,3.5,1.5,2.75,1.14,8.33,1
LM Warriors,8,7,0,1,17,6,11,21,Hong Kong - Premier League,0.88,0.12,11,2.12,0.75,2.62,1.14,8.33,2
Eastern,8,6,0,2,19,8,11,18,Hong Kong - Premier League,0.75,0.25,11,2.38,1.0,2.25,1.33,4.0,3
Kitchee,8,5,2,1,13,10,3,17,Hong Kong - Premier League,0.62,0.38,3,1.62,1.25,2.12,1.61,2.63,4
HK Rangers,8,2,3,3,17,16,1,9,Hong Kong - Premier League,0.25,0.75,1,2.12,2.0,1.12,4.0,1.33,5
Southern D.,8,2,2,4,11,13,-2,8,Hong Kong - Premier League,0.25,0.75,-2,1.38,1.62,1.0,4.0,1.33,6
Kowloon City,8,2,2,4,11,16,-5,8,Hong Kong - Premier League,0.25,0.75,-5,1.38,2.0,1.0,4.0,1.33,6
North District,8,2,0,6,12,24,-12,6,Hong Kong - Premier League,0.25,0.75,-12,1.5,3.0,0.75,4.0,1.33,7
Hong Kong FC,8,0,1,7,6,18,-12,1,Hong Kong - Premier League,0.0,1.0,-12,0.75,2.25,0.12,0.0,1.0,8
Ferencvaros,8,5,2,1,15,9,6,17,Hungary - NB I,0.62,0.38,6,1.88,1.12,2.12,1.61,2.63,1
Gyor,8,4,4,0,13,8,5,16,Hungary - NB I,0.5,0.5,5,1.62,1.0,2.0,2.0,2.0,2
Paks,8,4,3,1,11,6,5,15,Hungary - NB I,0.5,0.5,5,1.38,0.75,1.88,2.0,2.0,3
Puskas A.,8,3,3,2,10,9,1,12,Hungary - NB I,0.38,0.62,1,1.25,1.12,1.5,2.63,1.61,4
Debrecen,8,2,1,5,12,14,-2,7,Hungary - NB I,0.25,0.75,-2,1.5,1.75,0.88,4.0,1.33,5
MTK Budapest,8,1,4,3,10,13,-3,7,Hungary - NB I,0.12,0.88,-3,1.25,1.62,0.88,8.33,1.14,5
Zalaegerszegi,8,2,1,5,9,12,-3,7,Hungary - NB I,0.25,0.75,-3,1.12,1.5,0.88,4.0,1.33,5
Ujpest,8,1,4,3,4,13,-9,7,Hungary - NB I,0.12,0.88,-9,0.5,1.62,0.88,8.33,1.14,5
Kecskemeti TE,8,1,3,4,7,14,-7,6,Hungary - NB I,0.12,0.88,-7,0.88,1.75,0.75,8.33,1.14,6
DVTK,8,1,3,4,7,15,-8,6,Hungary - NB I,0.12,0.88,-8,0.88,1.88,0.75,8.33,1.14,6
Nyiregyhaza,8,1,3,4,7,20,-13,6,Hungary - NB I,0.12,0.88,-13,0.88,2.5,0.75,8.33,1.14,6
Fehervar,8,1,2,5,7,15,-8,5,Hungary - NB I,0.12,0.88,-8,0.88,1.88,0.62,8.33,1.14,7
Kisvarda,8,4,3,1,14,12,2,15,Hungary - NB II,0.5,0.5,2,1.75,1.5,1.88,2.0,2.0,1
Csakvari,8,4,1,3,13,10,3,13,Hungary - NB II,0.5,0.5,3,1.62,1.25,1.62,2.0,2.0,2
Mezokovesd,8,3,2,3,9,8,1,11,Hungary - NB II,0.38,0.62,1,1.12,1.0,1.38,2.63,1.61,3
Kazincbarcika,8,2,4,2,8,10,-2,10,Hungary - NB II,0.25,0.75,-2,1.0,1.25,1.25,4.0,1.33,4
Szentlorinc,8,2,3,3,13,12,1,9,Hungary - NB II,0.25,0.75,1,1.62,1.5,1.12,4.0,1.33,5
Honved,8,2,3,3,7,9,-2,9,Hungary - NB II,0.25,0.75,-2,0.88,1.12,1.12,4.0,1.33,5
Ajka,8,2,3,3,6,10,-4,9,Hungary - NB II,0.25,0.75,-4,0.75,1.25,1.12,4.0,1.33,5
BVSC,8,2,2,4,10,12,-2,8,Hungary - NB II,0.25,0.75,-2,1.25,1.5,1.0,4.0,1.33,6
Vasas,8,2,2,4,6,10,-4,8,Hungary - NB II,0.25,0.75,-4,0.75,1.25,1.0,4.0,1.33,6
Szeged,8,1,4,3,7,10,-3,7,Hungary - NB II,0.12,0.88,-3,0.88,1.25,0.88,8.33,1.14,7
Budafoki,8,2,1,5,8,13,-5,7,Hungary - NB II,0.25,0.75,-5,1.0,1.62,0.88,4.0,1.33,7
Bekescsaba,8,2,1,5,4,10,-6,7,Hungary - NB II,0.25,0.75,-6,0.5,1.25,0.88,4.0,1.33,7
Kozarmisleny,8,2,1,5,10,19,-9,7,Hungary - NB II,0.25,0.75,-9,1.25,2.38,0.88,4.0,1.33,7
Soroksar,8,1,2,5,9,17,-8,5,Hungary - NB II,0.12,0.88,-8,1.12,2.12,0.62,8.33,1.14,8
Tatabanya,8,1,1,6,9,22,-13,4,Hungary - NB II,0.12,0.88,-13,1.12,2.75,0.5,8.33,1.14,9
Gyirmot,8,0,3,5,8,14,-6,3,Hungary - NB II,0.0,1.0,-6,1.0,1.75,0.38,0.0,1.0,10
Vestri,4,2,1,1,5,2,3,7,Iceland - Besta deild,0.5,0.5,3,1.25,0.5,1.75,2.0,2.0,1
Breidablik,3,2,0,1,4,4,0,6,Iceland - Besta deild,0.67,0.33,0,1.33,1.33,2.0,1.49,3.03,2
IBV,4,1,1,2,4,8,-4,4,Iceland - Besta deild,0.25,0.75,-4,1.0,2.0,1.0,4.0,1.33,3
KR Reykjavik,4,0,3,1,10,11,-1,3,Iceland - Besta deild,0.0,1.0,-1,2.5,2.75,0.75,0.0,1.0,4
Hafnarfjordur,5,1,0,4,7,10,-3,3,Iceland - Besta deild,0.2,0.8,-3,1.4,2.0,0.6,5.0,1.25,4
IA Akranes,4,1,0,3,3,13,-10,3,Iceland - Besta deild,0.25,0.75,-10,0.75,3.25,0.75,4.0,1.33,4
Vikingur R.,3,0,2,1,3,4,-1,2,Iceland - Besta deild,0.0,1.0,-1,1.0,1.33,0.67,0.0,1.0,5
Valur,3,0,1,2,4,8,-4,1,Iceland - Besta deild,0.0,1.0,-4,1.33,2.67,0.33,0.0,1.0,6
KA Akureyri,4,0,1,3,1,10,-9,1,Iceland - Besta deild,0.0,1.0,-9,0.25,2.5,0.25,0.0,1.0,6
Stjarnan,2,0,0,2,1,5,-4,0,Iceland - Besta deild,0.0,1.0,-4,0.5,2.5,0.0,0.0,1.0,7
Fram,3,0,0,3,3,8,-5,0,Iceland - Besta deild,0.0,1.0,-5,1.0,2.67,0.0,0.0,1.0,7
Afturelding,3,0,0,3,0,7,-7,0,Iceland - Besta deild,0.0,1.0,-7,0.0,2.33,0.0,0.0,1.0,7
Keflavik,2,2,0,0,7,3,4,6,Iceland - 1. Deild,1.0,0.0,4,3.5,1.5,3.0,1.0,0.0,1
HK Kopavogur,2,1,1,0,2,1,1,4,Iceland - 1. Deild,0.5,0.5,1,1.0,0.5,2.0,2.0,2.0,2
Thor Akureyri,1,1,0,0,4,1,3,3,Iceland - 1. Deild,1.0,0.0,3,4.0,1.0,3.0,1.0,0.0,3
Grindavik,2,1,0,1,5,4,1,3,Iceland - 1. Deild,0.5,0.5,1,2.5,2.0,1.5,2.0,2.0,3
Throttur R.,1,1,0,0,1,0,1,3,Iceland - 1. Deild,1.0,0.0,1,1.0,0.0,3.0,1.0,0.0,3
Volsungur,3,1,0,2,3,7,-4,3,Iceland - 1. Deild,0.33,0.67,-4,1.0,2.33,1.0,3.03,1.49,3
Fylkir,2,0,2,0,2,2,0,2,Iceland - 1. Deild,0.0,1.0,0,1.0,1.0,1.0,0.0,1.0,4
IR Reykjavik,2,0,2,0,2,2,0,2,Iceland - 1. Deild,0.0,1.0,0,1.0,1.0,1.0,0.0,1.0,4
Fjolnir,1,0,1,0,3,3,0,1,Iceland - 1. Deild,0.0,1.0,0,3.0,3.0,1.0,0.0,1.0,5
Leiknir R.,1,0,1,0,1,1,0,1,Iceland - 1. Deild,0.0,1.0,0,1.0,1.0,1.0,0.0,1.0,5
Njardvik,0,0,0,0,0,0,0,0,Iceland - 1. Deild,0.0,0.0,0,0.0,0.0,0.0,0.0,0.0,6
Selfoss,1,0,0,1,0,2,-2,0,Iceland - 1. Deild,0.0,1.0,-2,0.0,2.0,0.0,0.0,1.0,6
Throttur Vogar,2,2,0,0,4,1,3,6,Iceland - 2. Deild,1.0,0.0,3,2.0,0.5,3.0,1.0,0.0,1
Haukar,2,1,1,0,5,2,3,4,Iceland - 2. Deild,0.5,0.5,3,2.5,1.0,2.0,2.0,2.0,2
Kari,1,1,0,0,2,1,1,3,Iceland - 2. Deild,1.0,0.0,1,2.0,1.0,3.0,1.0,0.0,3
KFA,1,1,0,0,2,1,1,3,Iceland - 2. Deild,1.0,0.0,1,2.0,1.0,3.0,1.0,0.0,3
Grotta,2,1,0,1,2,3,-1,3,Iceland - 2. Deild,0.5,0.5,-1,1.0,1.5,1.5,2.0,2.0,3
V. Olafsvik,2,0,2,0,2,2,0,2,Iceland - 2. Deild,0.0,1.0,0,1.0,1.0,1.0,0.0,1.0,4
Aeggir,1,0,1,0,0,0,0,1,Iceland - 2. Deild,0.0,1.0,0,0.0,0.0,1.0,0.0,1.0,5
Hottur/Huginn,2,0,1,1,1,5,-4,1,Iceland - 2. Deild,0.0,1.0,-4,0.5,2.5,0.5,0.0,1.0,5
Vidir,1,0,0,1,1,2,-1,0,Iceland - 2. Deild,0.0,1.0,-1,1.0,2.0,0.0,0.0,1.0,6
Dalvik/Reynir,1,0,0,1,0,1,-1,0,Iceland - 2. Deild,0.0,1.0,-1,0.0,1.0,0.0,0.0,1.0,6
KFG,1,0,0,1,1,4,-3,0,Iceland - 2. Deild,0.0,1.0,-3,1.0,4.0,0.0,0.0,1.0,6
Kormakur/Hvot,2,0,0,2,2,11,-9,0,Iceland - 2. Deild,0.0,1.0,-9,1.0,5.5,0.0,0.0,1.0,6
NorthEast Utd,8,5,2,1,17,6,11,17,India - Super League,0.62,0.38,11,2.12,0.75,2.12,1.61,2.63,1
Mohun Bagan,8,4,3,1,16,6,10,15,India - Super League,0.5,0.5,10,2.0,0.75,1.88,2.0,2.0,2
Mumbai City,8,4,3,1,9,4,5,15,India - Super League,0.5,0.5,5,1.12,0.5,1.88,2.0,2.0,2
Goa,8,4,2,2,14,11,3,14,India - Super League,0.5,0.5,3,1.75,1.38,1.75,2.0,2.0,3
Odisha FC,8,3,2,3,13,13,0,11,India - Super League,0.38,0.62,0,1.62,1.62,1.38,2.63,1.61,4
East Bengal,8,3,2,3,9,9,0,11,India - Super League,0.38,0.62,0,1.12,1.12,1.38,2.63,1.61,4
Jamshedpur,8,3,1,4,12,14,-2,10,India - Super League,0.38,0.62,-2,1.5,1.75,1.25,2.63,1.61,5
Bengaluru,8,2,2,4,13,14,-1,8,India - Super League,0.25,0.75,-1,1.62,1.75,1.0,4.0,1.33,6
Chennaiyin,8,2,1,5,10,11,-1,7,India - Super League,0.25,0.75,-1,1.25,1.38,0.88,4.0,1.33,7
Kerala Blasters,8,2,1,5,10,14,-4,7,India - Super League,0.25,0.75,-4,1.25,1.75,0.88,4.0,1.33,7
Punjab,8,1,3,4,11,16,-5,6,India - Super League,0.12,0.88,-5,1.38,2.0,0.75,8.33,1.14,8
Mohammedan,8,1,2,5,2,13,-11,5,India - Super League,0.12,0.88,-11,0.25,1.62,0.62,8.33,1.14,9
Hyderabad,8,1,1,6,5,16,-11,4,India - Super League,0.12,0.88,-11,0.62,2.0,0.5,8.33,1.14,10
Gokulam,8,6,0,2,19,8,11,18,India - I-League,0.75,0.25,11,2.38,1.0,2.25,1.33,4.0,1
Churchill B.,8,4,3,1,12,7,5,15,India - I-League,0.5,0.5,5,1.5,0.88,1.88,2.0,2.0,2
Real Kashmir,8,3,2,3,11,14,-3,11,India - I-League,0.38,0.62,-3,1.38,1.75,1.38,2.63,1.61,3
Sreenidi Deccan,8,3,2,3,8,11,-3,11,India - I-League,0.38,0.62,-3,1.0,1.38,1.38,2.63,1.61,3
Inter Kashi,8,2,4,2,11,13,-2,10,India - I-League,0.25,0.75,-2,1.38,1.62,1.25,4.0,1.33,4
Dempo,8,3,1,4,10,13,-3,10,India - I-League,0.38,0.62,-3,1.25,1.62,1.25,2.63,1.61,4
Rajasthan,8,2,3,3,11,18,-7,9,India - I-League,0.25,0.75,-7,1.38,2.25,1.12,4.0,1.33,5
Aizawl,8,2,2,4,14,19,-5,8,India - I-League,0.25,0.75,-5,1.75,2.38,1.0,4.0,1.33,6
Namdhari,8,2,1,5,10,14,-4,7,India - I-League,0.25,0.75,-4,1.25,1.75,0.88,4.0,1.33,7
Shillong Lajong,8,2,1,5,11,22,-11,7,India - I-League,0.25,0.75,-11,1.38,2.75,0.88,4.0,1.33,7
Delhi FC,8,1,3,4,11,18,-7,6,India - I-League,0.12,0.88,-7,1.38,2.25,0.75,8.33,1.14,8
SC Bengaluru,8,1,2,5,7,23,-16,5,India - I-League,0.12,0.88,-16,0.88,2.88,0.62,8.33,1.14,9
Persis Solo,8,5,1,2,10,6,4,16,Indonesia - Liga 1,0.62,0.38,4,1.25,0.75,2.0,1.61,2.63,1
Malut United,8,4,3,1,15,9,6,15,Indonesia - Liga 1,0.5,0.5,6,1.88,1.12,1.88,2.0,2.0,2
Dewa Utd,8,4,3,1,12,7,5,15,Indonesia - Liga 1,0.5,0.5,5,1.5,0.88,1.88,2.0,2.0,2
Madura Utd,8,4,2,2,8,5,3,14,Indonesia - Liga 1,0.5,0.5,3,1.0,0.62,1.75,2.0,2.0,3
Persib,8,3,3,2,15,13,2,12,Indonesia - Liga 1,0.38,0.62,2,1.88,1.62,1.5,2.63,1.61,4
Borneo,8,4,0,4,14,14,0,12,Indonesia - Liga 1,0.5,0.5,0,1.75,1.75,1.5,2.0,2.0,4
PSBS Biak N.,8,2,5,1,9,6,3,11,Indonesia - Liga 1,0.25,0.75,3,1.12,0.75,1.38,4.0,1.33,5
Semen Padang,8,3,2,3,12,15,-3,11,Indonesia - Liga 1,0.38,0.62,-3,1.5,1.88,1.38,2.63,1.61,5
PSM,8,2,4,2,13,11,2,10,Indonesia - Liga 1,0.25,0.75,2,1.62,1.38,1.25,4.0,1.33,6
Bali Utd,8,3,1,4,12,13,-1,10,Indonesia - Liga 1,0.38,0.62,-1,1.5,1.62,1.25,2.63,1.61,6
Arema,8,3,1,4,12,14,-2,10,Indonesia - Liga 1,0.38,0.62,-2,1.5,1.75,1.25,2.63,1.61,6
Barito Putera,8,2,2,4,13,15,-2,8,Indonesia - Liga 1,0.25,0.75,-2,1.62,1.88,1.0,4.0,1.33,7
Persija,8,2,1,5,9,12,-3,7,Indonesia - Liga 1,0.25,0.75,-3,1.12,1.5,0.88,4.0,1.33,8
Persebaya S.,8,1,4,3,8,13,-5,7,Indonesia - Liga 1,0.12,0.88,-5,1.0,1.62,0.88,8.33,1.14,8
PSS Sleman,8,2,1,5,7,15,-8,7,Indonesia - Liga 1,0.25,0.75,-8,0.88,1.88,0.88,4.0,1.33,8
Persik Kediri,8,1,3,4,8,11,-3,6,Indonesia - Liga 1,0.12,0.88,-3,1.0,1.38,0.75,8.33,1.14,9
PSIS Semarang,8,1,2,5,10,20,-10,5,Indonesia - Liga 1,0.12,0.88,-10,1.25,2.5,0.62,8.33,1.14,10
Persita,8,0,2,6,4,15,-11,2,Indonesia - Liga 1,0.0,1.0,-11,0.5,1.88,0.25,0.0,1.0,11
Tractor Sazi,8,5,2,1,14,7,7,17,Iran - Pro League,0.62,0.38,7,1.75,0.88,2.12,1.61,2.63,1
Persepolis,8,4,3,1,11,6,5,15,Iran - Pro League,0.5,0.5,5,1.38,0.75,1.88,2.0,2.0,2
Gol Gohar,8,4,2,2,8,6,2,14,Iran - Pro League,0.5,0.5,2,1.0,0.75,1.75,2.0,2.0,3
Sepahan,8,2,6,0,9,6,3,12,Iran - Pro League,0.25,0.75,3,1.12,0.75,1.5,4.0,1.33,4
Zob Ahan,8,3,3,2,12,11,1,12,Iran - Pro League,0.38,0.62,1,1.5,1.38,1.5,2.63,1.61,4
Foolad,8,2,3,3,6,11,-5,9,Iran - Pro League,0.25,0.75,-5,0.75,1.38,1.12,4.0,1.33,5
Aluminium Arak,8,2,2,4,8,13,-5,8,Iran - Pro League,0.25,0.75,-5,1.0,1.62,1.0,4.0,1.33,6
Chadormalu,8,1,4,3,2,6,-4,7,Iran - Pro League,0.12,0.88,-4,0.25,0.75,0.88,8.33,1.14,7
Shams A. Qazvin,8,2,1,5,4,9,-5,7,Iran - Pro League,0.25,0.75,-5,0.5,1.12,0.88,4.0,1.33,7
Malavan,8,2,1,5,4,11,-7,7,Iran - Pro League,0.25,0.75,-7,0.5,1.38,0.88,4.0,1.33,7
Havadar,8,1,3,4,5,15,-10,6,Iran - Pro League,0.12,0.88,-10,0.62,1.88,0.75,8.33,1.14,8
Esteghlal,8,0,5,3,5,9,-4,5,Iran - Pro League,0.0,1.0,-4,0.62,1.12,0.62,0.0,1.0,9
Mes Rafsanjan,8,1,2,5,7,14,-7,5,Iran - Pro League,0.12,0.88,-7,0.88,1.75,0.62,8.33,1.14,9
E. Khuzestan,8,0,4,4,3,10,-7,4,Iran - Pro League,0.0,1.0,-7,0.38,1.25,0.5,0.0,1.0,10
K. Khorramabad,8,0,4,4,3,11,-8,4,Iran - Pro League,0.0,1.0,-8,0.38,1.38,0.5,0.0,1.0,10
N. Mazandaran,8,0,2,6,4,11,-7,2,Iran - Pro League,0.0,1.0,-7,0.5,1.38,0.25,0.0,1.0,11
Shamrock Rovers,8,3,3,2,11,9,2,12,Ireland - Premier Division,0.38,0.62,2,1.38,1.12,1.5,2.63,1.61,1
Bohemians,8,4,0,4,10,10,0,12,Ireland - Premier Division,0.5,0.5,0,1.25,1.25,1.5,2.0,2.0,1
Drogheda Utd,8,3,3,2,9,9,0,12,Ireland - Premier Division,0.38,0.62,0,1.12,1.12,1.5,2.63,1.61,1
Waterford,8,4,0,4,9,11,-2,12,Ireland - Premier Division,0.5,0.5,-2,1.12,1.38,1.5,2.0,2.0,1
Derry City,8,3,2,3,9,11,-2,11,Ireland - Premier Division,0.38,0.62,-2,1.12,1.38,1.38,2.63,1.61,2
Galway Utd,8,2,4,2,10,10,0,10,Ireland - Premier Division,0.25,0.75,0,1.25,1.25,1.25,4.0,1.33,3
Shelbourne,8,2,4,2,8,9,-1,10,Ireland - Premier Division,0.25,0.75,-1,1.0,1.12,1.25,4.0,1.33,3
St. Patricks,8,2,1,5,6,11,-5,7,Ireland - Premier Division,0.25,0.75,-5,0.75,1.38,0.88,4.0,1.33,4
Sligo Rovers,8,2,1,5,11,17,-6,7,Ireland - Premier Division,0.25,0.75,-6,1.38,2.12,0.88,4.0,1.33,4
Cork City,8,0,2,6,9,17,-8,2,Ireland - Premier Division,0.0,1.0,-8,1.12,2.12,0.25,0.0,1.0,5
Dundalk,8,6,2,0,12,3,9,20,Ireland - First Division,0.75,0.25,9,1.5,0.38,2.5,1.33,4.0,1
Cobh Ramblers,7,4,1,2,11,7,4,13,Ireland - First Division,0.57,0.43,4,1.57,1.0,1.86,1.75,2.33,2
Bray Wanderers,8,4,1,3,7,11,-4,13,Ireland - First Division,0.5,0.5,-4,0.88,1.38,1.62,2.0,2.0,2
Wexford,7,3,2,2,10,8,2,11,Ireland - First Division,0.43,0.57,2,1.43,1.14,1.57,2.33,1.75,3
UC Dublin,7,3,0,4,4,9,-5,9,Ireland - First Division,0.43,0.57,-5,0.57,1.29,1.29,2.33,1.75,4
Treaty Utd,8,2,2,4,10,9,1,8,Ireland - First Division,0.25,0.75,1,1.25,1.12,1.0,4.0,1.33,5
Finn Harps,8,1,4,3,7,12,-5,7,Ireland - First Division,0.12,0.88,-5,0.88,1.5,0.88,8.33,1.14,6
Kerry,7,2,1,4,9,15,-6,7,Ireland - First Division,0.29,0.71,-6,1.29,2.14,1.0,3.45,1.41,6
Athlone Town,8,2,1,5,5,11,-6,7,Ireland - First Division,0.25,0.75,-6,0.62,1.38,0.88,4.0,1.33,6
Longford Town,7,0,3,4,5,17,-12,3,Ireland - First Division,0.0,1.0,-12,0.71,2.43,0.43,0.0,1.0,7
M. Tel Aviv,8,7,0,1,24,9,15,21,Israel - Ligat HaAl,0.88,0.12,15,3.0,1.12,2.62,1.14,8.33,1
H. Beer Sheva,8,4,3,1,13,7,6,15,Israel - Ligat HaAl,0.5,0.5,6,1.62,0.88,1.88,2.0,2.0,2
Maccabi Haifa,8,4,3,1,15,10,5,15,Israel - Ligat HaAl,0.5,0.5,5,1.88,1.25,1.88,2.0,2.0,2
Ashdod,8,3,4,1,13,9,4,13,Israel - Ligat HaAl,0.38,0.62,4,1.62,1.12,1.62,2.63,1.61,3
M. Bnei Raina,8,4,1,3,10,6,4,13,Israel - Ligat HaAl,0.5,0.5,4,1.25,0.75,1.62,2.0,2.0,3
B. Jerusalem,8,3,2,3,13,12,1,11,Israel - Ligat HaAl,0.38,0.62,1,1.62,1.5,1.38,2.63,1.61,4
Maccabi Netanya,8,3,2,3,9,9,0,11,Israel - Ligat HaAl,0.38,0.62,0,1.12,1.12,1.38,2.63,1.61,4
Hapoel Hadera,8,3,2,3,9,13,-4,11,Israel - Ligat HaAl,0.38,0.62,-4,1.12,1.62,1.38,2.63,1.61,4
H. Jerusalem,8,2,4,2,14,12,2,10,Israel - Ligat HaAl,0.25,0.75,2,1.75,1.5,1.25,4.0,1.33,5
Hapoel Haifa,8,2,3,3,10,11,-1,9,Israel - Ligat HaAl,0.25,0.75,-1,1.25,1.38,1.12,4.0,1.33,6
Sakhnin,8,3,0,5,7,15,-8,9,Israel - Ligat HaAl,0.38,0.62,-8,0.88,1.88,1.12,2.63,1.61,6
M. Petah Tikva,8,2,2,4,5,7,-2,8,Israel - Ligat HaAl,0.25,0.75,-2,0.62,0.88,1.0,4.0,1.33,7
Ironi Tiberias,8,2,2,4,7,15,-8,8,Israel - Ligat HaAl,0.25,0.75,-8,0.88,1.88,1.0,4.0,1.33,7
Kiryat Shmona,8,2,1,5,9,15,-6,7,Israel - Ligat HaAl,0.25,0.75,-6,1.12,1.88,0.88,4.0,1.33,8
H. Petah Tikva,8,6,2,0,12,2,10,20,Israel - Leumit League,0.75,0.25,10,1.5,0.25,2.5,1.33,4.0,1
Hapoel Tel Aviv,8,6,1,1,18,6,12,19,Israel - Leumit League,0.75,0.25,12,2.25,0.75,2.38,1.33,4.0,2
Bnei Yehuda,8,4,0,4,12,9,3,12,Israel - Leumit League,0.5,0.5,3,1.5,1.12,1.5,2.0,2.0,3
Hapoel Raanana,8,3,3,2,6,4,2,12,Israel - Leumit League,0.38,0.62,2,0.75,0.5,1.5,2.63,1.61,3
M. Herziliya,8,4,0,4,11,13,-2,12,Israel - Leumit League,0.5,0.5,-2,1.38,1.62,1.5,2.0,2.0,3
Maccabi Jaffa,8,2,4,2,8,8,0,10,Israel - Leumit League,0.25,0.75,0,1.0,1.0,1.25,4.0,1.33,4
Kafr Qasim,8,3,1,4,5,6,-1,10,Israel - Leumit League,0.38,0.62,-1,0.62,0.75,1.25,2.63,1.61,4
H. Ironi Rishon,8,2,3,3,10,13,-3,9,Israel - Leumit League,0.25,0.75,-3,1.25,1.62,1.12,4.0,1.33,5
Hapoel Akko,8,3,0,5,11,17,-6,9,Israel - Leumit League,0.38,0.62,-6,1.38,2.12,1.12,2.63,1.61,5
H. Ramat Gan,8,2,2,4,5,5,0,8,Israel - Leumit League,0.25,0.75,0,0.62,0.62,1.0,4.0,1.33,6
Ramat Hasharon,8,2,1,5,8,21,-13,7,Israel - Leumit League,0.25,0.75,-13,1.0,2.62,0.88,4.0,1.33,7
H. Nof Hagalil,8,0,4,4,2,9,-7,4,Israel - Leumit League,0.0,1.0,-7,0.25,1.12,0.5,0.0,1.0,8
H. Kfar Saba,8,1,1,6,7,16,-9,4,Israel - Leumit League,0.12,0.88,-9,0.88,2.0,0.5,8.33,1.14,8
H. Umm al-Fahm,8,0,2,6,10,19,-9,2,Israel - Leumit League,0.0,1.0,-9,1.25,2.38,0.25,0.0,1.0,9
H. Kfar Shalem,8,0,2,6,5,15,-10,2,Israel - Leumit League,0.0,1.0,-10,0.62,1.88,0.25,0.0,1.0,9
Hapoel Afula,8,0,1,7,2,15,-13,1,Israel - Leumit League,0.0,1.0,-13,0.25,1.88,0.12,0.0,1.0,10
Atalanta,8,7,0,1,24,4,20,21,Italy - Serie A,0.88,0.12,20,3.0,0.5,2.62,1.14,8.33,1
AS Roma,8,6,1,1,9,4,5,19,Italy - Serie A,0.75,0.25,5,1.12,0.5,2.38,1.33,4.0,2
Lazio,8,5,2,1,10,9,1,17,Italy - Serie A,0.62,0.38,1,1.25,1.12,2.12,1.61,2.63,3
Como,8,4,1,3,12,8,4,13,Italy - Serie A,0.5,0.5,4,1.5,1.0,1.62,2.0,2.0,4
AC Milan,8,4,0,4,15,12,3,12,Italy - Serie A,0.5,0.5,3,1.88,1.5,1.5,2.0,2.0,5
Napoli,8,2,5,1,7,6,1,11,Italy - Serie A,0.25,0.75,1,0.88,0.75,1.38,4.0,1.33,6
Inter Milan,8,2,3,3,8,9,-1,9,Italy - Serie A,0.25,0.75,-1,1.0,1.12,1.12,4.0,1.33,7
Juventus,8,2,3,3,7,10,-3,9,Italy - Serie A,0.25,0.75,-3,0.88,1.25,1.12,4.0,1.33,7
Hellas Verona,8,2,2,4,4,7,-3,8,Italy - Serie A,0.25,0.75,-3,0.5,0.88,1.0,4.0,1.33,8
Udinese,8,2,2,4,6,10,-4,8,Italy - Serie A,0.25,0.75,-4,0.75,1.25,1.0,4.0,1.33,8
Bologna,8,2,2,4,6,11,-5,8,Italy - Serie A,0.25,0.75,-5,0.75,1.38,1.0,4.0,1.33,8
Fiorentina,8,2,1,5,9,12,-3,7,Italy - Serie A,0.25,0.75,-3,1.12,1.5,0.88,4.0,1.33,9
Torino,8,1,3,4,8,11,-3,6,Italy - Serie A,0.12,0.88,-3,1.0,1.38,0.75,8.33,1.14,10
Lecce,8,1,3,4,8,12,-4,6,Italy - Serie A,0.12,0.88,-4,1.0,1.5,0.75,8.33,1.14,10
Venezia,8,0,5,3,7,13,-6,5,Italy - Serie A,0.0,1.0,-6,0.88,1.62,0.62,0.0,1.0,11
Cagliari,8,1,2,5,5,11,-6,5,Italy - Serie A,0.12,0.88,-6,0.62,1.38,0.62,8.33,1.14,11
Empoli,8,1,2,5,7,16,-9,5,Italy - Serie A,0.12,0.88,-9,0.88,2.0,0.62,8.33,1.14,11
Parma,8,0,4,4,7,11,-4,4,Italy - Serie A,0.0,1.0,-4,0.88,1.38,0.5,0.0,1.0,12
Genoa,8,0,4,4,5,9,-4,4,Italy - Serie A,0.0,1.0,-4,0.62,1.12,0.5,0.0,1.0,12
Monza,8,1,0,7,5,21,-16,3,Italy - Serie A,0.12,0.88,-16,0.62,2.62,0.38,8.33,1.14,13
Sassuolo,8,4,2,2,15,10,5,14,Italy - Serie B,0.5,0.5,5,1.88,1.25,1.75,2.0,2.0,1
Cesena,8,4,2,2,9,10,-1,14,Italy - Serie B,0.5,0.5,-1,1.12,1.25,1.75,2.0,2.0,1
Pisa,8,4,1,3,12,8,4,13,Italy - Serie B,0.5,0.5,4,1.5,1.0,1.62,2.0,2.0,2
Cremonese,8,3,3,2,12,11,1,12,Italy - Serie B,0.38,0.62,1,1.5,1.38,1.5,2.63,1.61,3
Spezia,8,2,5,1,13,8,5,11,Italy - Serie B,0.25,0.75,5,1.62,1.0,1.38,4.0,1.33,4
Sudtirol,8,3,2,3,15,12,3,11,Italy - Serie B,0.38,0.62,3,1.88,1.5,1.38,2.63,1.61,4
Palermo,8,3,2,3,14,11,3,11,Italy - Serie B,0.38,0.62,3,1.75,1.38,1.38,2.63,1.61,4
Frosinone,8,3,2,3,8,7,1,11,Italy - Serie B,0.38,0.62,1,1.0,0.88,1.38,2.63,1.61,4
Cittadella,8,3,2,3,7,7,0,11,Italy - Serie B,0.38,0.62,0,0.88,0.88,1.38,2.63,1.61,4
Brescia,8,3,2,3,8,9,-1,11,Italy - Serie B,0.38,0.62,-1,1.0,1.12,1.38,2.63,1.61,4
Modena,8,3,1,4,10,10,0,10,Italy - Serie B,0.38,0.62,0,1.25,1.25,1.25,2.63,1.61,5
Catanzaro,8,2,3,3,7,11,-4,9,Italy - Serie B,0.25,0.75,-4,0.88,1.38,1.12,4.0,1.33,6
Reggiana,8,2,2,4,9,15,-6,8,Italy - Serie B,0.25,0.75,-6,1.12,1.88,1.0,4.0,1.33,7
Mantova,8,2,1,5,11,18,-7,7,Italy - Serie B,0.25,0.75,-7,1.38,2.25,0.88,4.0,1.33,8
Bari,8,1,3,4,8,13,-5,6,Italy - Serie B,0.12,0.88,-5,1.0,1.62,0.75,8.33,1.14,9
Juve Stabia,8,1,3,4,5,11,-6,6,Italy - Serie B,0.12,0.88,-6,0.62,1.38,0.75,8.33,1.14,9
Sampdoria,8,0,5,3,8,12,-4,5,Italy - Serie B,0.0,1.0,-4,1.0,1.5,0.62,0.0,1.0,10
Salernitana,8,1,2,5,4,9,-5,5,Italy - Serie B,0.12,0.88,-5,0.5,1.12,0.62,8.33,1.14,10
Carrarese,8,0,4,4,7,12,-5,4,Italy - Serie B,0.0,1.0,-5,0.88,1.5,0.5,0.0,1.0,11
Cosenza,8,0,2,6,6,19,-13,2,Italy - Serie B,0.0,1.0,-13,0.75,2.38,0.25,0.0,1.0,12
Virtus Verona,8,5,2,1,13,6,7,17,Italy - Serie C - Group A,0.62,0.38,7,1.62,0.75,2.12,1.61,2.63,1
Giana Erminio,8,4,1,3,8,7,1,13,Italy - Serie C - Group A,0.5,0.5,1,1.0,0.88,1.62,2.0,2.0,2
Renate,8,3,2,3,9,8,1,11,Italy - Serie C - Group A,0.38,0.62,1,1.12,1.0,1.38,2.63,1.61,3
Atalanta B,8,3,2,3,9,9,0,11,Italy - Serie C - Group A,0.38,0.62,0,1.12,1.12,1.38,2.63,1.61,3
Pergolettese,8,3,2,3,8,8,0,11,Italy - Serie C - Group A,0.38,0.62,0,1.0,1.0,1.38,2.63,1.61,3
FeralpiSalo,8,3,2,3,10,11,-1,11,Italy - Serie C - Group A,0.38,0.62,-1,1.25,1.38,1.38,2.63,1.61,3
Arzignano,8,3,2,3,8,9,-1,11,Italy - Serie C - Group A,0.38,0.62,-1,1.0,1.12,1.38,2.63,1.61,3
Vicenza,8,3,2,3,8,10,-2,11,Italy - Serie C - Group A,0.38,0.62,-2,1.0,1.25,1.38,2.63,1.61,3
AlbinoLeffe,8,3,2,3,11,15,-4,11,Italy - Serie C - Group A,0.38,0.62,-4,1.38,1.88,1.38,2.63,1.61,3
Triestina,8,3,1,4,8,12,-4,10,Italy - Serie C - Group A,0.38,0.62,-4,1.0,1.5,1.25,2.63,1.61,4
Lumezzane,8,1,4,3,7,12,-5,7,Italy - Serie C - Group A,0.12,0.88,-5,0.88,1.5,0.88,8.33,1.14,5
Pro Vercelli,8,2,1,5,8,15,-7,7,Italy - Serie C - Group A,0.25,0.75,-7,1.0,1.88,0.88,4.0,1.33,5
Trento,8,2,1,5,4,12,-8,7,Italy - Serie C - Group A,0.25,0.75,-8,0.5,1.5,0.88,4.0,1.33,5
Padova,8,1,3,4,6,9,-3,6,Italy - Serie C - Group A,0.12,0.88,-3,0.75,1.12,0.75,8.33,1.14,6
Alcione,8,1,3,4,4,9,-5,6,Italy - Serie C - Group A,0.12,0.88,-5,0.5,1.12,0.75,8.33,1.14,6
Caldiero Terme,8,1,3,4,9,15,-6,6,Italy - Serie C - Group A,0.12,0.88,-6,1.12,1.88,0.75,8.33,1.14,6
Pro Patria,8,1,2,5,7,12,-5,5,Italy - Serie C - Group A,0.12,0.88,-5,0.88,1.5,0.62,8.33,1.14,7
Novara,8,1,2,5,6,16,-10,5,Italy - Serie C - Group A,0.12,0.88,-10,0.75,2.0,0.62,8.33,1.14,7
Lecco,8,0,4,4,3,8,-5,4,Italy - Serie C - Group A,0.0,1.0,-5,0.38,1.0,0.5,0.0,1.0,8
Clodiense,8,1,0,7,7,19,-12,3,Italy - Serie C - Group A,0.12,0.88,-12,0.88,2.38,0.38,8.33,1.14,9
Entella,8,4,4,0,14,6,8,16,Italy - Serie C - Group B,0.5,0.5,8,1.75,0.75,2.0,2.0,2.0,1
Rimini,8,4,2,2,9,7,2,14,Italy - Serie C - Group B,0.5,0.5,2,1.12,0.88,1.75,2.0,2.0,2
Pescara,8,4,1,3,14,11,3,13,Italy - Serie C - Group B,0.5,0.5,3,1.75,1.38,1.62,2.0,2.0,3
Ternana,8,4,1,3,9,6,3,13,Italy - Serie C - Group B,0.5,0.5,3,1.12,0.75,1.62,2.0,2.0,3
Arezzo,8,4,1,3,10,8,2,13,Italy - Serie C - Group B,0.5,0.5,2,1.25,1.0,1.62,2.0,2.0,3
Pianese,8,4,0,4,8,9,-1,12,Italy - Serie C - Group B,0.5,0.5,-1,1.0,1.12,1.5,2.0,2.0,4
Pontedera,8,3,2,3,12,11,1,11,Italy - Serie C - Group B,0.38,0.62,1,1.5,1.38,1.38,2.63,1.61,5
Legnago Salus,8,2,4,2,8,6,2,10,Italy - Serie C - Group B,0.25,0.75,2,1.0,0.75,1.25,4.0,1.33,6
Athletic Carpi,8,3,1,4,10,11,-1,10,Italy - Serie C - Group B,0.38,0.62,-1,1.25,1.38,1.25,2.63,1.61,6
SPAL,8,2,3,3,9,10,-1,9,Italy - Serie C - Group B,0.25,0.75,-1,1.12,1.25,1.12,4.0,1.33,7
Gubbio,8,2,3,3,6,9,-3,9,Italy - Serie C - Group B,0.25,0.75,-3,0.75,1.12,1.12,4.0,1.33,7
Torres,8,2,2,4,8,11,-3,8,Italy - Serie C - Group B,0.25,0.75,-3,1.0,1.38,1.0,4.0,1.33,8
Pineto,8,2,2,4,9,15,-6,8,Italy - Serie C - Group B,0.25,0.75,-6,1.12,1.88,1.0,4.0,1.33,8
Vis Pesaro,8,1,4,3,7,9,-2,7,Italy - Serie C - Group B,0.12,0.88,-2,0.88,1.12,0.88,8.33,1.14,9
AC Milan B,8,2,1,5,10,13,-3,7,Italy - Serie C - Group B,0.25,0.75,-3,1.25,1.62,0.88,4.0,1.33,9
Ascoli,8,1,3,4,5,10,-5,6,Italy - Serie C - Group B,0.12,0.88,-5,0.62,1.25,0.75,8.33,1.14,10
Lucchese,8,1,3,4,7,16,-9,6,Italy - Serie C - Group B,0.12,0.88,-9,0.88,2.0,0.75,8.33,1.14,10
Sestri Levante,8,1,2,5,7,14,-7,5,Italy - Serie C - Group B,0.12,0.88,-7,0.88,1.75,0.62,8.33,1.14,11
Campobasso,8,1,1,6,6,15,-9,4,Italy - Serie C - Group B,0.12,0.88,-9,0.75,1.88,0.5,8.33,1.14,12
Perugia,8,0,3,5,3,9,-6,3,Italy - Serie C - Group B,0.0,1.0,-6,0.38,1.12,0.38,0.0,1.0,13
Catania,8,6,1,1,14,6,8,19,Italy - Serie C - Group C,0.75,0.25,8,1.75,0.75,2.38,1.33,4.0,1
Avellino,8,5,2,1,12,6,6,17,Italy - Serie C - Group C,0.62,0.38,6,1.5,0.75,2.12,1.61,2.63,2
A. Cerignola,8,5,1,2,10,5,5,16,Italy - Serie C - Group C,0.62,0.38,5,1.25,0.62,2.0,1.61,2.63,3
Picerno,8,3,5,0,8,4,4,14,Italy - Serie C - Group C,0.38,0.62,4,1.0,0.5,1.75,2.63,1.61,4
Potenza,8,3,1,4,11,13,-2,10,Italy - Serie C - Group C,0.38,0.62,-2,1.38,1.62,1.25,2.63,1.61,5
Trapani,8,3,1,4,5,7,-2,10,Italy - Serie C - Group C,0.38,0.62,-2,0.62,0.88,1.25,2.63,1.61,5
ACR Messina,8,2,3,3,12,13,-1,9,Italy - Serie C - Group C,0.25,0.75,-1,1.5,1.62,1.12,4.0,1.33,6
Juventus U23,8,2,3,3,12,13,-1,9,Italy - Serie C - Group C,0.25,0.75,-1,1.5,1.62,1.12,4.0,1.33,6
Benevento,8,2,3,3,11,14,-3,9,Italy - Serie C - Group C,0.25,0.75,-3,1.38,1.75,1.12,4.0,1.33,6
Crotone,8,2,2,4,9,11,-2,8,Italy - Serie C - Group C,0.25,0.75,-2,1.12,1.38,1.0,4.0,1.33,7
Giugliano,8,2,2,4,12,15,-3,8,Italy - Serie C - Group C,0.25,0.75,-3,1.5,1.88,1.0,4.0,1.33,7
Cavese,8,2,2,4,10,13,-3,8,Italy - Serie C - Group C,0.25,0.75,-3,1.25,1.62,1.0,4.0,1.33,7
Monopoli,8,2,2,4,5,8,-3,8,Italy - Serie C - Group C,0.25,0.75,-3,0.62,1.0,1.0,4.0,1.33,7
Altamura,8,1,3,4,8,14,-6,6,Italy - Serie C - Group C,0.12,0.88,-6,1.0,1.75,0.75,8.33,1.14,8
Casertana,8,1,2,5,4,9,-5,5,Italy - Serie C - Group C,0.12,0.88,-5,0.5,1.12,0.62,8.33,1.14,9
Latina,8,1,2,5,7,17,-10,5,Italy - Serie C - Group C,0.12,0.88,-10,0.88,2.12,0.62,8.33,1.14,9
Sorrento,8,0,3,5,3,16,-13,3,Italy - Serie C - Group C,0.0,1.0,-13,0.38,2.0,0.38,0.0,1.0,10
Foggia,8,0,2,6,6,16,-10,2,Italy - Serie C - Group C,0.0,1.0,-10,0.75,2.0,0.25,0.0,1.0,11
Taranto,0,0,0,0,0,0,0,0,Italy - Serie C - Group C,0.0,0.0,0,0.0,0.0,0.0,0.0,0.0,12
Turris,0,0,0,0,0,0,0,0,Italy - Serie C - Group C,0.0,0.0,0,0.0,0.0,0.0,0.0,0.0,12
Lavagnese,8,6,2,0,14,4,10,20,Italy - Serie D - Group A,0.75,0.25,10,1.75,0.5,2.5,1.33,4.0,1
Gozzano,8,6,1,1,13,6,7,19,Italy - Serie D - Group A,0.75,0.25,7,1.62,0.75,2.38,1.33,4.0,2
Bra,8,5,2,1,11,4,7,17,Italy - Serie D - Group A,0.62,0.38,7,1.38,0.5,2.12,1.61,2.63,3
NovaRomentin,8,4,2,2,10,6,4,14,Italy - Serie D - Group A,0.5,0.5,4,1.25,0.75,1.75,2.0,2.0,4
Sanremese,8,4,2,2,11,10,1,14,Italy - Serie D - Group A,0.5,0.5,1,1.38,1.25,1.75,2.0,2.0,4
Ligorna,8,4,1,3,9,12,-3,13,Italy - Serie D - Group A,0.5,0.5,-3,1.12,1.5,1.62,2.0,2.0,5
Vado,8,3,3,2,8,6,2,12,Italy - Serie D - Group A,0.38,0.62,2,1.0,0.75,1.5,2.63,1.61,6
Derthona,8,3,3,2,8,8,0,12,Italy - Serie D - Group A,0.38,0.62,0,1.0,1.0,1.5,2.63,1.61,6
Cairese,8,3,2,3,8,9,-1,11,Italy - Serie D - Group A,0.38,0.62,-1,1.0,1.12,1.38,2.63,1.61,7
Chieri,8,2,5,1,4,8,-4,11,Italy - Serie D - Group A,0.25,0.75,-4,0.5,1.0,1.38,4.0,1.33,7
Chisola,8,3,1,4,8,9,-1,10,Italy - Serie D - Group A,0.38,0.62,-1,1.0,1.12,1.25,2.63,1.61,8
Oltrepo,8,3,1,4,7,13,-6,10,Italy - Serie D - Group A,0.38,0.62,-6,0.88,1.62,1.25,2.63,1.61,8
Saluzzo,8,1,5,2,8,8,0,8,Italy - Serie D - Group A,0.12,0.88,0,1.0,1.0,1.0,8.33,1.14,9
Citta di Varese,8,2,2,4,6,9,-3,8,Italy - Serie D - Group A,0.25,0.75,-3,0.75,1.12,1.0,4.0,1.33,9
Borgaro Nobis,8,2,1,5,10,20,-10,7,Italy - Serie D - Group A,0.25,0.75,-10,1.25,2.5,0.88,4.0,1.33,10
Vogherese,8,1,3,4,5,11,-6,6,Italy - Serie D - Group A,0.12,0.88,-6,0.62,1.38,0.75,8.33,1.14,11
Pro Imperia,8,2,0,6,9,18,-9,6,Italy - Serie D - Group A,0.25,0.75,-9,1.12,2.25,0.75,4.0,1.33,11
Asti,8,1,3,4,5,15,-10,6,Italy - Serie D - Group A,0.12,0.88,-10,0.62,1.88,0.75,8.33,1.14,11
Fossano,8,1,1,6,6,18,-12,4,Italy - Serie D - Group A,0.12,0.88,-12,0.75,2.25,0.5,8.33,1.14,12
Albenga,0,0,0,0,0,0,0,0,Italy - Serie D - Group A,0.0,0.0,0,0.0,0.0,0.0,0.0,0.0,13
USD Casatese,8,5,2,1,15,7,8,17,Italy - Serie D - Group B,0.62,0.38,8,1.88,0.88,2.12,1.61,2.63,1
Pro Palazzolo,8,4,3,1,14,9,5,15,Italy - Serie D - Group B,0.5,0.5,5,1.75,1.12,1.88,2.0,2.0,2
Ospitaletto,8,4,3,1,12,7,5,15,Italy - Serie D - Group B,0.5,0.5,5,1.5,0.88,1.88,2.0,2.0,2
Chievo,8,4,2,2,13,8,5,14,Italy - Serie D - Group B,0.5,0.5,5,1.62,1.0,1.75,2.0,2.0,3
Sondrio,8,4,1,3,8,11,-3,13,Italy - Serie D - Group B,0.5,0.5,-3,1.0,1.38,1.62,2.0,2.0,4
Castellanzese,8,3,3,2,11,8,3,12,Italy - Serie D - Group B,0.38,0.62,3,1.38,1.0,1.5,2.63,1.61,5
Vigasio,8,3,3,2,5,3,2,12,Italy - Serie D - Group B,0.38,0.62,2,0.62,0.38,1.5,2.63,1.61,5
Varesina,8,3,3,2,12,11,1,12,Italy - Serie D - Group B,0.38,0.62,1,1.5,1.38,1.5,2.63,1.61,5
F. Caratese,8,3,3,2,10,9,1,12,Italy - Serie D - Group B,0.38,0.62,1,1.25,1.12,1.5,2.63,1.61,5
Crema,8,3,2,3,10,13,-3,11,Italy - Serie D - Group B,0.38,0.62,-3,1.25,1.62,1.38,2.63,1.61,6
Desenxano,8,3,1,4,6,7,-1,10,Italy - Serie D - Group B,0.38,0.62,-1,0.75,0.88,1.25,2.63,1.61,7
Magenta,8,2,1,5,10,15,-5,7,Italy - Serie D - Group B,0.25,0.75,-5,1.25,1.88,0.88,4.0,1.33,8
Pro Sesto,8,1,3,4,8,12,-4,6,Italy - Serie D - Group B,0.12,0.88,-4,1.0,1.5,0.75,8.33,1.14,9
Arconatese,8,1,3,4,8,17,-9,6,Italy - Serie D - Group B,0.12,0.88,-9,1.0,2.12,0.75,8.33,1.14,9
Club Milano,8,1,2,5,8,18,-10,5,Italy - Serie D - Group B,0.12,0.88,-10,1.0,2.25,0.62,8.33,1.14,10
Breno,8,1,2,5,8,24,-16,5,Italy - Serie D - Group B,0.12,0.88,-16,1.0,3.0,0.62,8.33,1.14,10
SantAngelo,8,0,4,4,8,13,-5,4,Italy - Serie D - Group B,0.0,1.0,-5,1.0,1.62,0.5,0.0,1.0,11
Sangiuliano C.,8,0,4,4,5,11,-6,4,Italy - Serie D - Group B,0.0,1.0,-6,0.62,1.38,0.5,0.0,1.0,11
Fanfulla,8,0,3,5,7,16,-9,3,Italy - Serie D - Group B,0.0,1.0,-9,0.88,2.0,0.38,0.0,1.0,12
Ciliverghe,8,0,0,8,4,23,-19,0,Italy - Serie D - Group B,0.0,1.0,-19,0.5,2.88,0.0,0.0,1.0,13
Villa Alme,8,4,2,2,12,8,4,14,Italy - Serie D - Group C,0.5,0.5,4,1.5,1.0,1.75,2.0,2.0,1
Treviso,8,4,2,2,11,7,4,14,Italy - Serie D - Group C,0.5,0.5,4,1.38,0.88,1.75,2.0,2.0,1
Luparense,8,4,1,3,13,10,3,13,Italy - Serie D - Group C,0.5,0.5,3,1.62,1.25,1.62,2.0,2.0,2
Brusaporto,8,3,4,1,8,5,3,13,Italy - Serie D - Group C,0.38,0.62,3,1.0,0.62,1.62,2.63,1.61,2
Brian Lignano,8,3,4,1,12,10,2,13,Italy - Serie D - Group C,0.38,0.62,2,1.5,1.25,1.62,2.63,1.61,2
Adriese,8,4,1,3,11,10,1,13,Italy - Serie D - Group C,0.5,0.5,1,1.38,1.25,1.62,2.0,2.0,2
Real Calepina,8,3,4,1,11,10,1,13,Italy - Serie D - Group C,0.38,0.62,1,1.38,1.25,1.62,2.63,1.61,2
Cjarlins Muzane,8,4,1,3,10,11,-1,13,Italy - Serie D - Group C,0.5,0.5,-1,1.25,1.38,1.62,2.0,2.0,2
Portogruaro,8,3,3,2,10,6,4,12,Italy - Serie D - Group C,0.38,0.62,4,1.25,0.75,1.5,2.63,1.61,3
D. Bellunesi,8,3,3,2,14,13,1,12,Italy - Serie D - Group C,0.38,0.62,1,1.75,1.62,1.5,2.63,1.61,3
Mestre,8,3,3,2,3,3,0,12,Italy - Serie D - Group C,0.38,0.62,0,0.38,0.38,1.5,2.63,1.61,3
Calvi Noale,8,3,2,3,13,10,3,11,Italy - Serie D - Group C,0.38,0.62,3,1.62,1.25,1.38,2.63,1.61,4
Ciserano,8,2,5,1,9,7,2,11,Italy - Serie D - Group C,0.25,0.75,2,1.12,0.88,1.38,4.0,1.33,4
Campodarsego,8,1,7,0,5,3,2,10,Italy - Serie D - Group C,0.12,0.88,2,0.62,0.38,1.25,8.33,1.14,5
Caravaggio,8,2,2,4,12,11,1,8,Italy - Serie D - Group C,0.25,0.75,1,1.5,1.38,1.0,4.0,1.33,6
Bassano Virtus,8,2,1,5,10,13,-3,7,Italy - Serie D - Group C,0.25,0.75,-3,1.25,1.62,0.88,4.0,1.33,7
Este,8,1,4,3,7,13,-6,7,Italy - Serie D - Group C,0.12,0.88,-6,0.88,1.62,0.88,8.33,1.14,7
Montecchio M.,8,1,3,4,5,10,-5,6,Italy - Serie D - Group C,0.12,0.88,-5,0.62,1.25,0.75,8.33,1.14,8
Chions,8,1,2,5,10,15,-5,5,Italy - Serie D - Group C,0.12,0.88,-5,1.25,1.88,0.62,8.33,1.14,9
Lavis,8,0,0,8,5,25,-20,0,Italy - Serie D - Group C,0.0,1.0,-20,0.62,3.12,0.0,0.0,1.0,10
Forli,8,8,0,0,19,2,17,24,Italy - Serie D - Group D,1.0,0.0,17,2.38,0.25,3.0,1.0,0.0,1
Lentigione,8,6,1,1,17,7,10,19,Italy - Serie D - Group D,0.75,0.25,10,2.12,0.88,2.38,1.33,4.0,2
San Marino C.,8,4,3,1,13,6,7,15,Italy - Serie D - Group D,0.5,0.5,7,1.62,0.75,1.88,2.0,2.0,3
Cittadella Vis,8,4,3,1,14,8,6,15,Italy - Serie D - Group D,0.5,0.5,6,1.75,1.0,1.88,2.0,2.0,3
Zenith Prato,8,5,0,3,13,11,2,15,Italy - Serie D - Group D,0.62,0.38,2,1.62,1.38,1.88,1.61,2.63,3
Prato,8,4,1,3,11,7,4,13,Italy - Serie D - Group D,0.5,0.5,4,1.38,0.88,1.62,2.0,2.0,4
Ravenna,8,3,3,2,11,10,1,12,Italy - Serie D - Group D,0.38,0.62,1,1.38,1.25,1.5,2.63,1.61,5
Sasso Marconi,8,3,3,2,10,10,0,12,Italy - Serie D - Group D,0.38,0.62,0,1.25,1.25,1.5,2.63,1.61,5
Tau Altopascio,8,3,2,3,10,6,4,11,Italy - Serie D - Group D,0.38,0.62,4,1.25,0.75,1.38,2.63,1.61,6
Sammaurese,8,3,2,3,4,4,0,11,Italy - Serie D - Group D,0.38,0.62,0,0.5,0.5,1.38,2.63,1.61,6
Imolese,8,3,2,3,10,14,-4,11,Italy - Serie D - Group D,0.38,0.62,-4,1.25,1.75,1.38,2.63,1.61,6
Progresso,8,3,2,3,6,10,-4,11,Italy - Serie D - Group D,0.38,0.62,-4,0.75,1.25,1.38,2.63,1.61,6
Piacenza,8,2,4,2,11,10,1,10,Italy - Serie D - Group D,0.25,0.75,1,1.38,1.25,1.25,4.0,1.33,7
Pistoiese,8,2,2,4,6,7,-1,8,Italy - Serie D - Group D,0.25,0.75,-1,0.75,0.88,1.0,4.0,1.33,8
Tuttocuoio,8,1,4,3,10,16,-6,7,Italy - Serie D - Group D,0.12,0.88,-6,1.25,2.0,0.88,8.33,1.14,9
Fiorenzuola,8,2,1,5,6,12,-6,7,Italy - Serie D - Group D,0.25,0.75,-6,0.75,1.5,0.88,4.0,1.33,9
Corticella,8,1,2,5,5,18,-13,5,Italy - Serie D - Group D,0.12,0.88,-13,0.62,2.25,0.62,8.33,1.14,10
United Riccione,8,0,0,8,1,22,-21,0,Italy - Serie D - Group D,0.0,1.0,-21,0.12,2.75,0.0,0.0,1.0,11
Orvietana,8,5,2,1,15,10,5,17,Italy - Serie D - Group E,0.62,0.38,5,1.88,1.25,2.12,1.61,2.63,1
Seravezza,8,4,3,1,10,4,6,15,Italy - Serie D - Group E,0.5,0.5,6,1.25,0.5,1.88,2.0,2.0,2
Flaminia,8,3,3,2,14,10,4,12,Italy - Serie D - Group E,0.38,0.62,4,1.75,1.25,1.5,2.63,1.61,3
Livorno,8,3,3,2,13,16,-3,12,Italy - Serie D - Group E,0.38,0.62,-3,1.62,2.0,1.5,2.63,1.61,3
Ghiviborgo,8,3,2,3,12,9,3,11,Italy - Serie D - Group E,0.38,0.62,3,1.5,1.12,1.38,2.63,1.61,4
Montevarchi,8,2,5,1,9,7,2,11,Italy - Serie D - Group E,0.25,0.75,2,1.12,0.88,1.38,4.0,1.33,4
Poggibonsi,8,3,2,3,3,3,0,11,Italy - Serie D - Group E,0.38,0.62,0,0.38,0.38,1.38,2.63,1.61,4
Ostia Mare,8,3,2,3,14,15,-1,11,Italy - Serie D - Group E,0.38,0.62,-1,1.75,1.88,1.38,2.63,1.61,4
T. Traiana,8,3,2,3,7,8,-1,11,Italy - Serie D - Group E,0.38,0.62,-1,0.88,1.0,1.38,2.63,1.61,4
Figline,8,2,3,3,9,6,3,9,Italy - Serie D - Group E,0.25,0.75,3,1.12,0.75,1.12,4.0,1.33,5
San Donato,8,2,3,3,4,5,-1,9,Italy - Serie D - Group E,0.25,0.75,-1,0.5,0.62,1.12,4.0,1.33,5
Gavorrano,8,2,3,3,6,12,-6,9,Italy - Serie D - Group E,0.25,0.75,-6,0.75,1.5,1.12,4.0,1.33,5
Sangiovannese,8,1,3,4,9,13,-4,6,Italy - Serie D - Group E,0.12,0.88,-4,1.12,1.62,0.75,8.33,1.14,6
FC Siena,8,1,3,4,7,13,-6,6,Italy - Serie D - Group E,0.12,0.88,-6,0.88,1.62,0.75,8.33,1.14,6
Fulgens Foligno,8,0,5,3,9,12,-3,5,Italy - Serie D - Group E,0.0,1.0,-3,1.12,1.5,0.62,0.0,1.0,7
S. Trestina,8,1,2,5,7,13,-6,5,Italy - Serie D - Group E,0.12,0.88,-6,0.88,1.62,0.62,8.33,1.14,7
Grosseto,8,1,2,5,6,12,-6,5,Italy - Serie D - Group E,0.12,0.88,-6,0.75,1.5,0.62,8.33,1.14,7
Fezzanese,8,1,2,5,7,18,-11,5,Italy - Serie D - Group E,0.12,0.88,-11,0.88,2.25,0.62,8.33,1.14,7
Sambenedettese,8,5,2,1,18,7,11,17,Italy - Serie D - Group F,0.62,0.38,11,2.25,0.88,2.12,1.61,2.63,1
Civitanovese,8,5,1,2,13,8,5,16,Italy - Serie D - Group F,0.62,0.38,5,1.62,1.0,2.0,1.61,2.63,2
Teramo,8,4,2,2,10,7,3,14,Italy - Serie D - Group F,0.5,0.5,3,1.25,0.88,1.75,2.0,2.0,3
LAquila,8,4,2,2,9,6,3,14,Italy - Serie D - Group F,0.5,0.5,3,1.12,0.75,1.75,2.0,2.0,3
Termoli Calcio,8,3,4,1,11,11,0,13,Italy - Serie D - Group F,0.38,0.62,0,1.38,1.38,1.62,2.63,1.61,4
San Nicolo,8,4,0,4,14,14,0,12,Italy - Serie D - Group F,0.5,0.5,0,1.75,1.75,1.5,2.0,2.0,5
Sora,8,3,2,3,7,6,1,11,Italy - Serie D - Group F,0.38,0.62,1,0.88,0.75,1.38,2.63,1.61,6
Chieti,8,3,2,3,11,11,0,11,Italy - Serie D - Group F,0.38,0.62,0,1.38,1.38,1.38,2.63,1.61,6
V. Senigallia,8,2,4,2,9,10,-1,10,Italy - Serie D - Group F,0.25,0.75,-1,1.12,1.25,1.25,4.0,1.33,7
Fossombrone,8,2,3,3,6,7,-1,9,Italy - Serie D - Group F,0.25,0.75,-1,0.75,0.88,1.12,4.0,1.33,8
Ancona 1905,8,1,5,2,9,13,-4,8,Italy - Serie D - Group F,0.12,0.88,-4,1.12,1.62,1.0,8.33,1.14,9
Isernia,8,2,2,4,8,12,-4,8,Italy - Serie D - Group F,0.25,0.75,-4,1.0,1.5,1.0,4.0,1.33,9
Roma City,8,1,4,3,5,7,-2,7,Italy - Serie D - Group F,0.12,0.88,-2,0.62,0.88,0.88,8.33,1.14,10
Atletico Ascoli,8,1,4,3,4,9,-5,7,Italy - Serie D - Group F,0.12,0.88,-5,0.5,1.12,0.88,8.33,1.14,10
Recanatese,8,1,4,3,7,13,-6,7,Italy - Serie D - Group F,0.12,0.88,-6,0.88,1.62,0.88,8.33,1.14,10
Fermana,8,1,3,4,6,9,-3,6,Italy - Serie D - Group F,0.12,0.88,-3,0.75,1.12,0.75,8.33,1.14,11
Castelfidardo,8,1,3,4,7,12,-5,6,Italy - Serie D - Group F,0.12,0.88,-5,0.88,1.5,0.75,8.33,1.14,11
Avezzano,8,1,3,4,8,15,-7,6,Italy - Serie D - Group F,0.12,0.88,-7,1.0,1.88,0.75,8.33,1.14,11
Guidonia,8,5,2,1,17,7,10,17,Italy - Serie D - Group G,0.62,0.38,10,2.12,0.88,2.12,1.61,2.63,1
Sarnese,8,5,2,1,17,10,7,17,Italy - Serie D - Group G,0.62,0.38,7,2.12,1.25,2.12,1.61,2.63,1
Savoia,8,4,2,2,10,10,0,14,Italy - Serie D - Group G,0.5,0.5,0,1.25,1.25,1.75,2.0,2.0,2
Ilvamaddalena,8,3,1,4,12,10,2,10,Italy - Serie D - Group G,0.38,0.62,2,1.5,1.25,1.25,2.63,1.61,3
Olbia,8,2,3,3,8,9,-1,9,Italy - Serie D - Group G,0.25,0.75,-1,1.0,1.12,1.12,4.0,1.33,4
Paganese,8,2,2,4,8,10,-2,8,Italy - Serie D - Group G,0.25,0.75,-2,1.0,1.25,1.0,4.0,1.33,5
Gelbison,8,1,4,3,13,14,-1,7,Italy - Serie D - Group G,0.12,0.88,-1,1.62,1.75,0.88,8.33,1.14,6
Puteolana,8,2,1,5,9,12,-3,7,Italy - Serie D - Group G,0.25,0.75,-3,1.12,1.5,0.88,4.0,1.33,6
R. Monterotondo,8,2,1,5,6,11,-5,7,Italy - Serie D - Group G,0.25,0.75,-5,0.75,1.38,0.88,4.0,1.33,6
Anzio,8,2,1,5,8,14,-6,7,Italy - Serie D - Group G,0.25,0.75,-6,1.0,1.75,0.88,4.0,1.33,6
CynthiAlbalonga,8,2,1,5,6,14,-8,7,Italy - Serie D - Group G,0.25,0.75,-8,0.75,1.75,0.88,4.0,1.33,6
Atletico Uri,8,1,2,5,6,13,-7,5,Italy - Serie D - Group G,0.12,0.88,-7,0.75,1.62,0.62,8.33,1.14,7
Cassino,8,0,4,4,5,10,-5,4,Italy - Serie D - Group G,0.0,1.0,-5,0.62,1.25,0.5,0.0,1.0,8
Terracina,8,1,1,6,9,22,-13,4,Italy - Serie D - Group G,0.12,0.88,-13,1.12,2.75,0.5,8.33,1.14,8
S. Ogliastra,8,0,3,5,7,17,-10,3,Italy - Serie D - Group G,0.0,1.0,-10,0.88,2.12,0.38,0.0,1.0,9
A. Lodigiani,8,0,2,6,6,13,-7,2,Italy - Serie D - Group G,0.0,1.0,-7,0.75,1.62,0.25,0.0,1.0,10
Trastevere,8,0,2,6,5,18,-13,2,Italy - Serie D - Group G,0.0,1.0,-13,0.62,2.25,0.25,0.0,1.0,10
Latte Dolce,8,0,2,6,6,20,-14,2,Italy - Serie D - Group G,0.0,1.0,-14,0.75,2.5,0.25,0.0,1.0,10
Casarano,8,6,1,1,22,8,14,19,Italy - Serie D - Group H,0.75,0.25,14,2.75,1.0,2.38,1.33,4.0,1
Nocerina,8,3,4,1,12,8,4,13,Italy - Serie D - Group H,0.38,0.62,4,1.5,1.0,1.62,2.63,1.61,2
Francavilla,8,3,2,3,5,8,-3,11,Italy - Serie D - Group H,0.38,0.62,-3,0.62,1.0,1.38,2.63,1.61,3
Martina Franca,8,2,4,2,5,7,-2,10,Italy - Serie D - Group H,0.25,0.75,-2,0.62,0.88,1.25,4.0,1.33,4
Citta di Fasano,8,2,2,4,6,9,-3,8,Italy - Serie D - Group H,0.25,0.75,-3,0.75,1.12,1.0,4.0,1.33,5
Fidelis Andria,8,2,2,4,7,12,-5,8,Italy - Serie D - Group H,0.25,0.75,-5,0.88,1.5,1.0,4.0,1.33,5
Brindisi,8,1,4,3,13,15,-2,7,Italy - Serie D - Group H,0.12,0.88,-2,1.62,1.88,0.88,8.33,1.14,6
V. Francavilla,8,1,4,3,6,8,-2,7,Italy - Serie D - Group H,0.12,0.88,-2,0.75,1.0,0.88,8.33,1.14,6
Manfredonia,8,1,4,3,7,11,-4,7,Italy - Serie D - Group H,0.12,0.88,-4,0.88,1.38,0.88,8.33,1.14,6
Ischia,8,1,4,3,4,8,-4,7,Italy - Serie D - Group H,0.12,0.88,-4,0.5,1.0,0.88,8.33,1.14,6
Gravina,8,1,3,4,8,11,-3,6,Italy - Serie D - Group H,0.12,0.88,-3,1.0,1.38,0.75,8.33,1.14,7
Nardo,8,2,0,6,8,15,-7,6,Italy - Serie D - Group H,0.25,0.75,-7,1.0,1.88,0.75,4.0,1.33,7
Ugento,8,1,3,4,5,15,-10,6,Italy - Serie D - Group H,0.12,0.88,-10,0.62,1.88,0.75,8.33,1.14,7
Real Acerrana,8,1,2,5,8,14,-6,5,Italy - Serie D - Group H,0.12,0.88,-6,1.0,1.75,0.62,8.33,1.14,8
Angri Calcio,8,1,2,5,9,22,-13,5,Italy - Serie D - Group H,0.12,0.88,-13,1.12,2.75,0.62,8.33,1.14,8
USD Palmese,8,0,4,4,8,13,-5,4,Italy - Serie D - Group H,0.0,1.0,-5,1.0,1.62,0.5,0.0,1.0,9
Matera,8,1,0,7,9,24,-15,3,Italy - Serie D - Group H,0.12,0.88,-15,1.12,3.0,0.38,8.33,1.14,10
Costa DAmalfi,8,0,2,6,4,17,-13,2,Italy - Serie D - Group H,0.0,1.0,-13,0.5,2.12,0.25,0.0,1.0,11
Reggina,8,8,0,0,17,3,14,24,Italy - Serie D - Group I,1.0,0.0,14,2.12,0.38,3.0,1.0,0.0,1
Siracusa,8,7,0,1,13,5,8,21,Italy - Serie D - Group I,0.88,0.12,8,1.62,0.62,2.62,1.14,8.33,2
Scafatese,8,5,1,2,11,7,4,16,Italy - Serie D - Group I,0.62,0.38,4,1.38,0.88,2.0,1.61,2.63,3
Paterno,8,3,4,1,12,12,0,13,Italy - Serie D - Group I,0.38,0.62,0,1.5,1.5,1.62,2.63,1.61,4
Vibonese,8,4,0,4,10,9,1,12,Italy - Serie D - Group I,0.5,0.5,1,1.25,1.12,1.5,2.0,2.0,5
Enna,8,3,2,3,6,6,0,11,Italy - Serie D - Group I,0.38,0.62,0,0.75,0.75,1.38,2.63,1.61,6
Pompei,8,3,2,3,5,8,-3,11,Italy - Serie D - Group I,0.38,0.62,-3,0.62,1.0,1.38,2.63,1.61,6
CD S. Agata,8,3,1,4,12,13,-1,10,Italy - Serie D - Group I,0.38,0.62,-1,1.5,1.62,1.25,2.63,1.61,7
Sambiase,8,2,3,3,9,10,-1,9,Italy - Serie D - Group I,0.25,0.75,-1,1.12,1.25,1.12,4.0,1.33,8
Licata,8,2,2,4,9,15,-6,8,Italy - Serie D - Group I,0.25,0.75,-6,1.12,1.88,1.0,4.0,1.33,9
Nissa,8,2,2,4,10,19,-9,8,Italy - Serie D - Group I,0.25,0.75,-9,1.25,2.38,1.0,4.0,1.33,9
Ragusa,8,2,1,5,11,11,0,7,Italy - Serie D - Group I,0.25,0.75,0,1.38,1.38,0.88,4.0,1.33,10
CastrumFavara,8,1,3,4,4,13,-9,6,Italy - Serie D - Group I,0.12,0.88,-9,0.5,1.62,0.75,8.33,1.14,11
Acireale,8,0,5,3,7,11,-4,5,Italy - Serie D - Group I,0.0,1.0,-4,0.88,1.38,0.62,0.0,1.0,12
Igea Virtus,8,1,2,5,9,20,-11,5,Italy - Serie D - Group I,0.12,0.88,-11,1.12,2.5,0.62,8.33,1.14,12
Sancataldese,8,0,3,5,3,12,-9,3,Italy - Serie D - Group I,0.0,1.0,-9,0.38,1.5,0.38,0.0,1.0,13
Locri 1909,8,0,1,7,6,21,-15,1,Italy - Serie D - Group I,0.0,1.0,-15,0.75,2.62,0.12,0.0,1.0,14
Akragas,0,0,0,0,0,0,0,0,Italy - Serie D - Group I,0.0,0.0,0,0.0,0.0,0.0,0.0,0.0,15
Roma U20,8,7,0,1,18,7,11,21,Italy - Primavera 1,0.88,0.12,11,2.25,0.88,2.62,1.14,8.33,1
Sassuolo U20,8,6,0,2,13,8,5,18,Italy - Primavera 1,0.75,0.25,5,1.62,1.0,2.25,1.33,4.0,2
Inter Milan U20,8,5,2,1,14,7,7,17,Italy - Primavera 1,0.62,0.38,7,1.75,0.88,2.12,1.61,2.63,3
H. Verona U20,8,5,1,2,17,4,13,16,Italy - Primavera 1,0.62,0.38,13,2.12,0.5,2.0,1.61,2.63,4
Cagliari U20,8,4,2,2,9,7,2,14,Italy - Primavera 1,0.5,0.5,2,1.12,0.88,1.75,2.0,2.0,5
Lazio U20,8,3,4,1,8,6,2,13,Italy - Primavera 1,0.38,0.62,2,1.0,0.75,1.62,2.63,1.61,6
Genoa U20,8,4,1,3,12,12,0,13,Italy - Primavera 1,0.5,0.5,0,1.5,1.5,1.62,2.0,2.0,6
Fiorentina U20,8,4,0,4,9,9,0,12,Italy - Primavera 1,0.5,0.5,0,1.12,1.12,1.5,2.0,2.0,7
Cremonese U20,8,2,5,1,13,8,5,11,Italy - Primavera 1,0.25,0.75,5,1.62,1.0,1.38,4.0,1.33,8
Cesena U20,8,3,2,3,15,15,0,11,Italy - Primavera 1,0.38,0.62,0,1.88,1.88,1.38,2.63,1.61,8
Juventus U20,8,3,2,3,13,13,0,11,Italy - Primavera 1,0.38,0.62,0,1.62,1.62,1.38,2.63,1.61,8
Torino U20,8,3,2,3,12,12,0,11,Italy - Primavera 1,0.38,0.62,0,1.5,1.5,1.38,2.63,1.61,8
Milan U20,8,3,1,4,10,11,-1,10,Italy - Primavera 1,0.38,0.62,-1,1.25,1.38,1.25,2.63,1.61,9
Monza U20,8,3,1,4,14,20,-6,10,Italy - Primavera 1,0.38,0.62,-6,1.75,2.5,1.25,2.63,1.61,9
Bologna U20,8,2,2,4,7,8,-1,8,Italy - Primavera 1,0.25,0.75,-1,0.88,1.0,1.0,4.0,1.33,10
Lecce U20,8,2,2,4,11,16,-5,8,Italy - Primavera 1,0.25,0.75,-5,1.38,2.0,1.0,4.0,1.33,10
Empoli U20,8,1,3,4,11,17,-6,6,Italy - Primavera 1,0.12,0.88,-6,1.38,2.12,0.75,8.33,1.14,11
Atalanta U20,8,2,0,6,10,16,-6,6,Italy - Primavera 1,0.25,0.75,-6,1.25,2.0,0.75,4.0,1.33,11
Sampdoria U20,8,1,1,6,7,16,-9,4,Italy - Primavera 1,0.12,0.88,-9,0.88,2.0,0.5,8.33,1.14,12
Udinese U20,8,0,0,8,1,32,-31,0,Italy - Primavera 1,0.0,1.0,-31,0.12,4.0,0.0,0.0,1.0,13
Mount Pleasant,8,5,1,2,16,4,12,16,Jamaica - Premier League,0.62,0.38,12,2.0,0.5,2.0,1.61,2.63,1
Arnett Gardens,8,5,1,2,18,7,11,16,Jamaica - Premier League,0.62,0.38,11,2.25,0.88,2.0,1.61,2.63,1
Montego Bay,8,3,3,2,9,7,2,12,Jamaica - Premier League,0.38,0.62,2,1.12,0.88,1.5,2.63,1.61,2
Tivoli Gardens,8,2,5,1,13,11,2,11,Jamaica - Premier League,0.25,0.75,2,1.62,1.38,1.38,4.0,1.33,3
Cavalier,8,2,4,2,12,11,1,10,Jamaica - Premier League,0.25,0.75,1,1.5,1.38,1.25,4.0,1.33,4
Chapelton,8,3,1,4,6,11,-5,10,Jamaica - Premier League,0.38,0.62,-5,0.75,1.38,1.25,2.63,1.61,4
Portmore Utd,8,2,3,3,4,4,0,9,Jamaica - Premier League,0.25,0.75,0,0.5,0.5,1.12,4.0,1.33,5
Waterhouse,8,2,1,5,9,11,-2,7,Jamaica - Premier League,0.25,0.75,-2,1.12,1.38,0.88,4.0,1.33,6
Racing United,8,1,3,4,7,10,-3,6,Jamaica - Premier League,0.12,0.88,-3,0.88,1.25,0.75,8.33,1.14,7
Harbour View,8,2,0,6,4,15,-11,6,Jamaica - Premier League,0.25,0.75,-11,0.5,1.88,0.75,4.0,1.33,7
Dunbeholden,8,1,2,5,3,13,-10,5,Jamaica - Premier League,0.12,0.88,-10,0.38,1.62,0.62,8.33,1.14,8
Molynes Utd,8,1,1,6,7,19,-12,4,Jamaica - Premier League,0.12,0.88,-12,0.88,2.38,0.5,8.33,1.14,9
Humble Lions,8,0,1,7,6,18,-12,1,Jamaica - Premier League,0.0,1.0,-12,0.75,2.25,0.12,0.0,1.0,10
Vere Utd,8,0,0,8,6,22,-16,0,Jamaica - Premier League,0.0,1.0,-16,0.75,2.75,0.0,0.0,1.0,11
Kyoto Sanga,8,6,0,2,16,10,6,18,Japan - J1 League,0.75,0.25,6,2.0,1.25,2.25,1.33,4.0,1
Kashiwa Reysol,8,4,3,1,10,7,3,15,Japan - J1 League,0.5,0.5,3,1.25,0.88,1.88,2.0,2.0,2
Machida Zelvia,8,4,2,2,11,8,3,14,Japan - J1 League,0.5,0.5,3,1.38,1.0,1.75,2.0,2.0,3
Vissel Kobe,7,4,1,2,8,6,2,13,Japan - J1 League,0.57,0.43,2,1.14,0.86,1.86,1.75,2.33,4
Kashima Antlers,7,4,0,3,9,5,4,12,Japan - J1 League,0.57,0.43,4,1.29,0.71,1.71,1.75,2.33,5
K. Frontale,8,2,4,2,11,9,2,10,Japan - J1 League,0.25,0.75,2,1.38,1.12,1.25,4.0,1.33,6
S. Hiroshima,7,3,1,3,6,6,0,10,Japan - J1 League,0.43,0.57,0,0.86,0.86,1.43,2.33,1.75,6
Tokyo Verdy,8,2,4,2,5,6,-1,10,Japan - J1 League,0.25,0.75,-1,0.62,0.75,1.25,4.0,1.33,6
Avispa Fukuoka,8,3,1,4,6,8,-2,10,Japan - J1 League,0.38,0.62,-2,0.75,1.0,1.25,2.63,1.61,6
Urawa RD,8,1,5,2,9,9,0,8,Japan - J1 League,0.12,0.88,0,1.12,1.12,1.0,8.33,1.14,7
FC Tokyo,8,2,2,4,9,12,-3,8,Japan - J1 League,0.25,0.75,-3,1.12,1.5,1.0,4.0,1.33,7
Albirex Niigata,8,2,2,4,6,9,-3,8,Japan - J1 League,0.25,0.75,-3,0.75,1.12,1.0,4.0,1.33,7
Gamba Osaka,8,2,2,4,8,13,-5,8,Japan - J1 League,0.25,0.75,-5,1.0,1.62,1.0,4.0,1.33,7
Shonan Bellmare,8,2,2,4,4,12,-8,8,Japan - J1 League,0.25,0.75,-8,0.5,1.5,1.0,4.0,1.33,7
Shimizu S-Pulse,8,2,1,5,7,10,-3,7,Japan - J1 League,0.25,0.75,-3,0.88,1.25,0.88,4.0,1.33,8
Cerezo Osaka,8,2,1,5,10,14,-4,7,Japan - J1 League,0.25,0.75,-4,1.25,1.75,0.88,4.0,1.33,8
Nagoya G.,8,1,3,4,8,10,-2,6,Japan - J1 League,0.12,0.88,-2,1.0,1.25,0.75,8.33,1.14,9
Yokohama FC,8,1,2,5,4,9,-5,5,Japan - J1 League,0.12,0.88,-5,0.5,1.12,0.62,8.33,1.14,10
Fagiano Okayama,8,1,2,5,3,9,-6,5,Japan - J1 League,0.12,0.88,-6,0.38,1.12,0.62,8.33,1.14,10
Yokohama M.,7,0,1,6,5,13,-8,1,Japan - J1 League,0.0,1.0,-8,0.71,1.86,0.14,0.0,1.0,11
JEF Utd Chiba,8,5,2,1,12,6,6,17,Japan - J2 League,0.62,0.38,6,1.5,0.75,2.12,1.61,2.63,1
FC Imabari,8,5,2,1,11,5,6,17,Japan - J2 League,0.62,0.38,6,1.38,0.62,2.12,1.61,2.63,1
Vegalta Sendai,8,4,2,2,7,7,0,14,Japan - J2 League,0.5,0.5,0,0.88,0.88,1.75,2.0,2.0,2
Omiya Ardija,8,4,1,3,10,6,4,13,Japan - J2 League,0.5,0.5,4,1.25,0.75,1.62,2.0,2.0,3
Tokushima V.,8,3,3,2,8,4,4,12,Japan - J2 League,0.38,0.62,4,1.0,0.5,1.5,2.63,1.61,4
Mito Hollyhock,7,3,1,3,8,8,0,10,Japan - J2 League,0.43,0.57,0,1.14,1.14,1.43,2.33,1.75,5
Sagan Tosu,7,3,1,3,7,7,0,10,Japan - J2 League,0.43,0.57,0,1.0,1.0,1.43,2.33,1.75,5
V-V. Nagasaki,8,2,4,2,13,15,-2,10,Japan - J2 League,0.25,0.75,-2,1.62,1.88,1.25,4.0,1.33,5
C. Sapporo,8,3,1,4,8,12,-4,10,Japan - J2 League,0.38,0.62,-4,1.0,1.5,1.25,2.63,1.61,5
M. Yamagata,8,2,3,3,10,10,0,9,Japan - J2 League,0.25,0.75,0,1.25,1.25,1.12,4.0,1.33,6
Oita Trinita,8,2,3,3,8,10,-2,9,Japan - J2 League,0.25,0.75,-2,1.0,1.25,1.12,4.0,1.33,6
Ventforet Kofu,8,2,3,3,3,5,-2,9,Japan - J2 League,0.25,0.75,-2,0.38,0.62,1.12,4.0,1.33,6
R. Kumamoto,7,2,2,3,7,7,0,8,Japan - J2 League,0.29,0.71,0,1.0,1.0,1.14,3.45,1.41,7
Jubilo Iwata,7,2,2,3,12,13,-1,8,Japan - J2 League,0.29,0.71,-1,1.71,1.86,1.14,3.45,1.41,7
Ehime FC,7,1,5,1,10,13,-3,8,Japan - J2 League,0.14,0.86,-3,1.43,1.86,1.14,7.14,1.16,7
Iwaki,8,2,2,4,8,14,-6,8,Japan - J2 League,0.25,0.75,-6,1.0,1.75,1.0,4.0,1.33,7
Fujieda MYFC,8,1,3,4,10,12,-2,6,Japan - J2 League,0.12,0.88,-2,1.25,1.5,0.75,8.33,1.14,8
Kataller Toyama,8,1,3,4,4,8,-4,6,Japan - J2 League,0.12,0.88,-4,0.5,1.0,0.75,8.33,1.14,8
R. Yamaguchi,8,1,2,5,7,13,-6,5,Japan - J2 League,0.12,0.88,-6,0.88,1.62,0.62,8.33,1.14,9
Blaublitz Akita,8,1,1,6,9,19,-10,4,Japan - J2 League,0.12,0.88,-10,1.12,2.38,0.5,8.33,1.14,10
Tochigi City,7,4,2,1,10,4,6,14,Japan - J3 League,0.57,0.43,6,1.43,0.57,2.0,1.75,2.33,1
Kagoshima Utd,6,3,3,0,10,5,5,12,Japan - J3 League,0.5,0.5,5,1.67,0.83,2.0,2.0,2.0,2
T. Miyazaki,6,3,2,1,7,5,2,11,Japan - J3 League,0.5,0.5,2,1.17,0.83,1.83,2.0,2.0,3
Kochi United,7,3,1,3,17,13,4,10,Japan - J3 League,0.43,0.57,4,2.43,1.86,1.43,2.33,1.75,4
V. Hachinohe,7,3,1,3,5,5,0,10,Japan - J3 League,0.43,0.57,0,0.71,0.71,1.43,2.33,1.75,4
Matsumoto Y.,7,2,3,2,7,6,1,9,Japan - J3 League,0.29,0.71,1,1.0,0.86,1.29,3.45,1.41,5
G. Kitakyushu,6,3,0,3,5,4,1,9,Japan - J3 League,0.5,0.5,1,0.83,0.67,1.5,2.0,2.0,5
Osaka,6,3,0,3,6,6,0,9,Japan - J3 League,0.5,0.5,0,1.0,1.0,1.5,2.0,2.0,5
Z. Kanazawa,8,2,3,3,7,9,-2,9,Japan - J3 League,0.25,0.75,-2,0.88,1.12,1.12,4.0,1.33,5
Fukushima Utd,7,2,2,3,8,15,-7,8,Japan - J3 League,0.29,0.71,-7,1.14,2.14,1.14,3.45,1.41,6
Kamatamare S.,6,1,3,2,5,6,-1,6,Japan - J3 League,0.17,0.83,-1,0.83,1.0,1.0,5.88,1.2,7
Tochigi SC,6,1,3,2,2,3,-1,6,Japan - J3 League,0.17,0.83,-1,0.33,0.5,1.0,5.88,1.2,7
Nara Club,5,1,2,2,5,7,-2,5,Japan - J3 League,0.2,0.8,-2,1.0,1.4,1.0,5.0,1.25,8
SC Sagamihara,6,1,2,3,5,9,-4,5,Japan - J3 League,0.17,0.83,-4,0.83,1.5,0.83,5.88,1.2,8
Nagano Parceiro,7,1,2,4,4,9,-5,5,Japan - J3 League,0.14,0.86,-5,0.57,1.29,0.71,7.14,1.16,8
Kusatsu,6,1,1,4,13,18,-5,4,Japan - J3 League,0.17,0.83,-5,2.17,3.0,0.67,5.88,1.2,9
AC Numazu,6,0,3,3,5,9,-4,3,Japan - J3 League,0.0,1.0,-4,0.83,1.5,0.5,0.0,1.0,10
FC Ryukyu,6,0,3,3,3,7,-4,3,Japan - J3 League,0.0,1.0,-4,0.5,1.17,0.5,0.0,1.0,10
Gifu,6,0,3,3,6,11,-5,3,Japan - J3 League,0.0,1.0,-5,1.0,1.83,0.5,0.0,1.0,10
Gainare Tottori,8,0,1,7,1,13,-12,1,Japan - J3 League,0.0,1.0,-12,0.12,1.62,0.12,0.0,1.0,11
Al Wihdat,8,7,0,1,19,3,16,21,Jordan - Premier League,0.88,0.12,16,2.38,0.38,2.62,1.14,8.33,1
Al Hussein,8,5,2,1,19,8,11,17,Jordan - Premier League,0.62,0.38,11,2.38,1.0,2.12,1.61,2.63,2
Al Faysali,8,3,4,1,8,4,4,13,Jordan - Premier League,0.38,0.62,4,1.0,0.5,1.62,2.63,1.61,3
Al Ramtha,8,3,3,2,11,7,4,12,Jordan - Premier League,0.38,0.62,4,1.38,0.88,1.5,2.63,1.61,4
Al Salt,8,3,3,2,9,6,3,12,Jordan - Premier League,0.38,0.62,3,1.12,0.75,1.5,2.63,1.61,4
Aqaba,8,3,2,3,11,18,-7,11,Jordan - Premier League,0.38,0.62,-7,1.38,2.25,1.38,2.63,1.61,5
Al Jazeera,8,2,3,3,8,9,-1,9,Jordan - Premier League,0.25,0.75,-1,1.0,1.12,1.12,4.0,1.33,6
Shabab Al Ordon,8,2,2,4,7,8,-1,8,Jordan - Premier League,0.25,0.75,-1,0.88,1.0,1.0,4.0,1.33,7
Al Ahli,8,2,2,4,7,14,-7,8,Jordan - Premier League,0.25,0.75,-7,0.88,1.75,1.0,4.0,1.33,7
Maan,8,2,0,6,8,18,-10,6,Jordan - Premier League,0.25,0.75,-10,1.0,2.25,0.75,4.0,1.33,8
Al Sareeh,8,1,2,5,7,11,-4,5,Jordan - Premier League,0.12,0.88,-4,0.88,1.38,0.62,8.33,1.14,9
Moghayer Al S.,8,1,2,5,8,19,-11,5,Jordan - Premier League,0.12,0.88,-11,1.0,2.38,0.62,8.33,1.14,9
Kairat Almaty,7,4,2,1,13,6,7,14,Kazakhstan - Premier League,0.57,0.43,7,1.86,0.86,2.0,1.75,2.33,1
Aktobe,6,4,1,1,10,4,6,13,Kazakhstan - Premier League,0.67,0.33,6,1.67,0.67,2.17,1.49,3.03,2
FC Astana,5,3,2,0,8,2,6,11,Kazakhstan - Premier League,0.6,0.4,6,1.6,0.4,2.2,1.67,2.5,3
Okzhetpes,5,3,1,1,8,5,3,10,Kazakhstan - Premier League,0.6,0.4,3,1.6,1.0,2.0,1.67,2.5,4
Yelimay Semey,5,2,1,2,6,4,2,7,Kazakhstan - Premier League,0.4,0.6,2,1.2,0.8,1.4,2.5,1.67,5
Tobol,4,2,1,1,5,3,2,7,Kazakhstan - Premier League,0.5,0.5,2,1.25,0.75,1.75,2.0,2.0,5
Kyzylzhar,4,1,2,1,3,3,0,5,Kazakhstan - Premier League,0.25,0.75,0,0.75,0.75,1.25,4.0,1.33,6
Zhenys,4,0,4,0,2,2,0,4,Kazakhstan - Premier League,0.0,1.0,0,0.5,0.5,1.0,0.0,1.0,7
Turan,4,1,0,3,4,6,-2,3,Kazakhstan - Premier League,0.25,0.75,-2,1.0,1.5,0.75,4.0,1.33,8
Ordabasy,3,1,0,2,3,7,-4,3,Kazakhstan - Premier League,0.33,0.67,-4,1.0,2.33,1.0,3.03,1.49,8
Zhetysu,5,0,3,2,2,6,-4,3,Kazakhstan - Premier League,0.0,1.0,-4,0.4,1.2,0.6,0.0,1.0,8
Ulytau,5,0,1,4,1,8,-7,1,Kazakhstan - Premier League,0.0,1.0,-7,0.2,1.6,0.2,0.0,1.0,9
Atyrau,4,0,0,4,2,9,-7,0,Kazakhstan - Premier League,0.0,1.0,-7,0.5,2.25,0.0,0.0,1.0,10
Kaisar K.,4,0,0,4,2,13,-11,0,Kazakhstan - Premier League,0.0,1.0,-11,0.5,3.25,0.0,0.0,1.0,10
Drita,8,3,3,2,12,11,1,12,Kosovo - Superliga,0.38,0.62,1,1.5,1.38,1.5,2.63,1.61,1
Gjilani,8,3,3,2,13,13,0,12,Kosovo - Superliga,0.38,0.62,0,1.62,1.62,1.5,2.63,1.61,1
Dukagjini,8,3,1,4,6,8,-2,10,Kosovo - Superliga,0.38,0.62,-2,0.75,1.0,1.25,2.63,1.61,2
Ballkani,8,2,3,3,10,10,0,9,Kosovo - Superliga,0.25,0.75,0,1.25,1.25,1.12,4.0,1.33,3
Malisheva,8,1,4,3,2,5,-3,7,Kosovo - Superliga,0.12,0.88,-3,0.25,0.62,0.88,8.33,1.14,4
Prishtina,8,1,3,4,5,10,-5,6,Kosovo - Superliga,0.12,0.88,-5,0.62,1.25,0.75,8.33,1.14,5
Ferizaj,8,1,2,5,5,10,-5,5,Kosovo - Superliga,0.12,0.88,-5,0.62,1.25,0.62,8.33,1.14,6
Suhareka,8,1,2,5,9,18,-9,5,Kosovo - Superliga,0.12,0.88,-9,1.12,2.25,0.62,8.33,1.14,6
Llapi,8,1,1,6,8,15,-7,4,Kosovo - Superliga,0.12,0.88,-7,1.0,1.88,0.5,8.33,1.14,7
Feronikeli,8,0,2,6,6,14,-8,2,Kosovo - Superliga,0.0,1.0,-8,0.75,1.75,0.25,0.0,1.0,8
Al Arabi SC,8,7,1,0,21,5,16,22,Kuwait - Premier League,0.88,0.12,16,2.62,0.62,2.75,1.14,8.33,1
Al Kuwait,8,4,3,1,15,10,5,15,Kuwait - Premier League,0.5,0.5,5,1.88,1.25,1.88,2.0,2.0,2
Al Qadsia,8,4,1,3,15,12,3,13,Kuwait - Premier League,0.5,0.5,3,1.88,1.5,1.62,2.0,2.0,3
Al Fahaheel,8,2,4,2,16,16,0,10,Kuwait - Premier League,0.25,0.75,0,2.0,2.0,1.25,4.0,1.33,4
Al Salmiyah,8,2,4,2,12,15,-3,10,Kuwait - Premier League,0.25,0.75,-3,1.5,1.88,1.25,4.0,1.33,4
Al Nasar,8,1,2,5,8,15,-7,5,Kuwait - Premier League,0.12,0.88,-7,1.0,1.88,0.62,8.33,1.14,5
Kazma,8,1,1,6,8,16,-8,4,Kuwait - Premier League,0.12,0.88,-8,1.0,2.0,0.5,8.33,1.14,6
Al Tadhamon,8,1,1,6,4,16,-12,4,Kuwait - Premier League,0.12,0.88,-12,0.5,2.0,0.5,8.33,1.14,6
Yarmouk,8,1,0,7,9,24,-15,3,Kuwait - Premier League,0.12,0.88,-15,1.12,3.0,0.38,8.33,1.14,7
Khaitan,8,0,2,6,3,11,-8,2,Kuwait - Premier League,0.0,1.0,-8,0.38,1.38,0.25,0.0,1.0,8
Riga FC,7,6,1,0,19,5,14,19,Latvia - Virsliga,0.86,0.14,14,2.71,0.71,2.71,1.16,7.14,1
RFS,7,4,1,2,13,9,4,13,Latvia - Virsliga,0.57,0.43,4,1.86,1.29,1.86,1.75,2.33,2
Super Nova,7,1,3,3,8,10,-2,6,Latvia - Virsliga,0.14,0.86,-2,1.14,1.43,0.86,7.14,1.16,3
Auda,6,1,2,3,6,9,-3,5,Latvia - Virsliga,0.17,0.83,-3,1.0,1.5,0.83,5.88,1.2,4
Daugavpils,7,1,2,4,7,15,-8,5,Latvia - Virsliga,0.14,0.86,-8,1.0,2.14,0.71,7.14,1.16,4
Liepaja,7,1,1,5,9,19,-10,4,Latvia - Virsliga,0.14,0.86,-10,1.29,2.71,0.57,7.14,1.16,5
Metta,7,1,1,5,5,17,-12,4,Latvia - Virsliga,0.14,0.86,-12,0.71,2.43,0.57,7.14,1.16,5
FS Jelgava,6,0,2,4,1,7,-6,2,Latvia - Virsliga,0.0,1.0,-6,0.17,1.17,0.33,0.0,1.0,6
Tukums,7,0,2,5,4,13,-9,2,Latvia - Virsliga,0.0,1.0,-9,0.57,1.86,0.29,0.0,1.0,6
Grobina,7,0,2,5,3,14,-11,2,Latvia - Virsliga,0.0,1.0,-11,0.43,2.0,0.29,0.0,1.0,6
Dziugas Telsiai,8,5,0,3,8,5,3,15,Lithuania - A Lyga,0.62,0.38,3,1.0,0.62,1.88,1.61,2.63,1
Kauno Zalgiris,6,4,2,0,9,3,6,14,Lithuania - A Lyga,0.67,0.33,6,1.5,0.5,2.33,1.49,3.03,2
Siauliai,6,4,1,1,9,5,4,13,Lithuania - A Lyga,0.67,0.33,4,1.5,0.83,2.17,1.49,3.03,3
Suduva,6,3,1,2,8,8,0,10,Lithuania - A Lyga,0.5,0.5,0,1.33,1.33,1.67,2.0,2.0,4
Panevezys,5,2,1,2,8,8,0,7,Lithuania - A Lyga,0.4,0.6,0,1.6,1.6,1.4,2.5,1.67,5
Hegelmann L.,6,2,0,4,6,12,-6,6,Lithuania - A Lyga,0.33,0.67,-6,1.0,2.0,1.0,3.03,1.49,6
Banga,5,1,2,2,3,6,-3,5,Lithuania - A Lyga,0.2,0.8,-3,0.6,1.2,1.0,5.0,1.25,7
Riteriai,7,1,2,4,8,14,-6,5,Lithuania - A Lyga,0.14,0.86,-6,1.14,2.0,0.71,7.14,1.16,7
Zalgiris,6,1,1,4,5,12,-7,4,Lithuania - A Lyga,0.17,0.83,-7,0.83,2.0,0.67,5.88,1.2,8
Dainava,5,0,1,4,5,10,-5,1,Lithuania - A Lyga,0.0,1.0,-5,1.0,2.0,0.2,0.0,1.0,9
BFA Vilnius,5,4,0,1,10,5,5,12,Lithuania - 1st League,0.8,0.2,5,2.0,1.0,2.4,1.25,5.0,1
TransINVEST,4,3,0,1,11,7,4,9,Lithuania - 1st League,0.75,0.25,4,2.75,1.75,2.25,1.33,4.0,2
Babrungas,5,2,3,0,7,5,2,9,Lithuania - 1st League,0.4,0.6,2,1.4,1.0,1.8,2.5,1.67,2
Zalgiris B,5,2,2,1,9,7,2,8,Lithuania - 1st League,0.4,0.6,2,1.8,1.4,1.6,2.5,1.67,3
Neptuna K.,4,2,1,1,9,4,5,7,Lithuania - 1st League,0.5,0.5,5,2.25,1.0,1.75,2.0,2.0,4
Nevezis,5,2,0,3,10,9,1,6,Lithuania - 1st League,0.4,0.6,1,2.0,1.8,1.2,2.5,1.67,5
Hegelmann B,5,1,3,1,5,6,-1,6,Lithuania - 1st League,0.2,0.8,-1,1.0,1.2,1.2,5.0,1.25,5
Ekranas,5,2,0,3,4,6,-2,6,Lithuania - 1st League,0.4,0.6,-2,0.8,1.2,1.2,2.5,1.67,5
Minija,5,2,0,3,2,5,-3,6,Lithuania - 1st League,0.4,0.6,-3,0.4,1.0,1.2,2.5,1.67,5
Siauliai B,5,2,0,3,12,16,-4,6,Lithuania - 1st League,0.4,0.6,-4,2.4,3.2,1.2,2.5,1.67,5
Tauras,3,1,2,0,3,1,2,5,Lithuania - 1st League,0.33,0.67,2,1.0,0.33,1.67,3.03,1.49,6
Atmosfera,3,1,1,1,4,4,0,4,Lithuania - 1st League,0.33,0.67,0,1.33,1.33,1.33,3.03,1.49,7
Jonava,5,1,1,3,2,4,-2,4,Lithuania - 1st League,0.2,0.8,-2,0.4,0.8,0.8,5.0,1.25,7
Panevezys B,5,1,1,3,7,12,-5,4,Lithuania - 1st League,0.2,0.8,-5,1.4,2.4,0.8,5.0,1.25,7
Be1 NFA,4,1,0,3,4,10,-6,3,Lithuania - 1st League,0.25,0.75,-6,1.0,2.5,0.75,4.0,1.33,8
Kauno Z. B,4,0,0,4,2,9,-7,0,Lithuania - 1st League,0.0,1.0,-7,0.5,2.25,0.0,0.0,1.0,9
Differdange,8,7,0,1,18,2,16,21,Luxembourg - National Division,0.88,0.12,16,2.25,0.25,2.62,1.14,8.33,1
Petange,8,5,1,2,18,9,9,16,Luxembourg - National Division,0.62,0.38,9,2.25,1.12,2.0,1.61,2.63,2
Mondorf,8,5,0,3,12,12,0,15,Luxembourg - National Division,0.62,0.38,0,1.5,1.5,1.88,1.61,2.63,3
Dudelange,8,4,2,2,15,7,8,14,Luxembourg - National Division,0.5,0.5,8,1.88,0.88,1.75,2.0,2.0,4
UNA Strassen,8,4,2,2,15,10,5,14,Luxembourg - National Division,0.5,0.5,5,1.88,1.25,1.75,2.0,2.0,4
Hostert,8,4,1,3,14,14,0,13,Luxembourg - National Division,0.5,0.5,0,1.75,1.75,1.62,2.0,2.0,5
Racing,8,3,2,3,9,4,5,11,Luxembourg - National Division,0.38,0.62,5,1.12,0.5,1.38,2.63,1.61,6
Niedercorn,8,3,2,3,11,9,2,11,Luxembourg - National Division,0.38,0.62,2,1.38,1.12,1.38,2.63,1.61,6
Rodange,8,3,2,3,14,13,1,11,Luxembourg - National Division,0.38,0.62,1,1.75,1.62,1.38,2.63,1.61,6
V. Rosport,8,2,4,2,8,11,-3,10,Luxembourg - National Division,0.25,0.75,-3,1.0,1.38,1.25,4.0,1.33,7
Hesperange,8,2,3,3,14,16,-2,9,Luxembourg - National Division,0.25,0.75,-2,1.75,2.0,1.12,4.0,1.33,8
Mondercange,8,2,1,5,6,16,-10,7,Luxembourg - National Division,0.25,0.75,-10,0.75,2.0,0.88,4.0,1.33,9
Bettembourg,8,2,0,6,8,15,-7,6,Luxembourg - National Division,0.25,0.75,-7,1.0,1.88,0.75,4.0,1.33,10
Jeunesse Esch,8,1,3,4,3,12,-9,6,Luxembourg - National Division,0.12,0.88,-9,0.38,1.5,0.75,8.33,1.14,10
Fola Esch,8,2,0,6,7,19,-12,6,Luxembourg - National Division,0.25,0.75,-12,0.88,2.38,0.75,4.0,1.33,10
Wiltz,8,0,2,6,8,22,-14,2,Luxembourg - National Division,0.0,1.0,-14,1.0,2.75,0.25,0.0,1.0,11
Johor Darul,8,8,0,0,27,2,25,24,Malaysia - Super League,1.0,0.0,25,3.38,0.25,3.0,1.0,0.0,1
Selangor,8,5,2,1,18,5,13,17,Malaysia - Super League,0.62,0.38,13,2.25,0.62,2.12,1.61,2.63,2
Sabah,8,4,3,1,15,11,4,15,Malaysia - Super League,0.5,0.5,4,1.88,1.38,1.88,2.0,2.0,3
Perak,8,4,3,1,12,8,4,15,Malaysia - Super League,0.5,0.5,4,1.5,1.0,1.88,2.0,2.0,3
Kuching,8,4,2,2,14,10,4,14,Malaysia - Super League,0.5,0.5,4,1.75,1.25,1.75,2.0,2.0,4
Pahang,8,3,3,2,11,10,1,12,Malaysia - Super League,0.38,0.62,1,1.38,1.25,1.5,2.63,1.61,5
Terengganu,8,3,2,3,12,8,4,11,Malaysia - Super League,0.38,0.62,4,1.5,1.0,1.38,2.63,1.61,6
Kuala Lumpur,8,2,2,4,8,13,-5,8,Malaysia - Super League,0.25,0.75,-5,1.0,1.62,1.0,4.0,1.33,7
Negeri Sembilan,8,1,4,3,11,13,-2,7,Malaysia - Super League,0.12,0.88,-2,1.38,1.62,0.88,8.33,1.14,8
Pulau Pinang,8,2,1,5,14,17,-3,7,Malaysia - Super League,0.25,0.75,-3,1.75,2.12,0.88,4.0,1.33,8
Kedah,8,1,1,6,4,25,-21,4,Malaysia - Super League,0.12,0.88,-21,0.5,3.12,0.5,8.33,1.14,9
Kelantan United,8,1,0,7,6,35,-29,3,Malaysia - Super League,0.12,0.88,-29,0.75,4.38,0.38,8.33,1.14,10
PDRM,8,0,2,6,4,18,-14,2,Malaysia - Super League,0.0,1.0,-14,0.5,2.25,0.25,0.0,1.0,11
Hamrun Spartans,8,5,2,1,15,6,9,17,Malta - Premier League,0.62,0.38,9,1.88,0.75,2.12,1.61,2.63,1
Floriana,8,5,2,1,12,5,7,17,Malta - Premier League,0.62,0.38,7,1.5,0.62,2.12,1.61,2.63,1
Birkirkara,8,5,1,2,12,4,8,16,Malta - Premier League,0.62,0.38,8,1.5,0.5,2.0,1.61,2.63,2
Sliema,8,5,1,2,13,7,6,16,Malta - Premier League,0.62,0.38,6,1.62,0.88,2.0,1.61,2.63,2
Marsaxlokk,8,4,1,3,13,6,7,13,Malta - Premier League,0.5,0.5,7,1.62,0.75,1.62,2.0,2.0,3
Hibernians,8,4,1,3,14,13,1,13,Malta - Premier League,0.5,0.5,1,1.75,1.62,1.62,2.0,2.0,3
Zabbar,8,3,3,2,13,8,5,12,Malta - Premier League,0.38,0.62,5,1.62,1.0,1.5,2.63,1.61,4
Melita,8,2,4,2,9,9,0,10,Malta - Premier League,0.25,0.75,0,1.12,1.12,1.25,4.0,1.33,5
Mosta,8,3,1,4,11,15,-4,10,Malta - Premier League,0.38,0.62,-4,1.38,1.88,1.25,2.63,1.61,5
Gzira Utd,8,2,2,4,7,11,-4,8,Malta - Premier League,0.25,0.75,-4,0.88,1.38,1.0,4.0,1.33,6
Balzan,8,1,2,5,6,12,-6,5,Malta - Premier League,0.12,0.88,-6,0.75,1.5,0.62,8.33,1.14,7
Naxxar Lions,8,1,0,7,8,21,-13,3,Malta - Premier League,0.12,0.88,-13,1.0,2.62,0.38,8.33,1.14,8
Cruz Azul,8,6,1,1,19,9,10,19,Mexico - Liga MX - Apertura,0.75,0.25,10,2.38,1.12,2.38,1.33,4.0,1
Monterrey,8,4,2,2,10,7,3,14,Mexico - Liga MX - Apertura,0.5,0.5,3,1.25,0.88,1.75,2.0,2.0,2
Tigres,8,4,1,3,13,9,4,13,Mexico - Liga MX - Apertura,0.5,0.5,4,1.62,1.12,1.62,2.0,2.0,3
Toluca,8,3,3,2,10,9,1,12,Mexico - Liga MX - Apertura,0.38,0.62,1,1.25,1.12,1.5,2.63,1.61,4
Pumas UNAM,8,3,3,2,6,6,0,12,Mexico - Liga MX - Apertura,0.38,0.62,0,0.75,0.75,1.5,2.63,1.61,4
Juarez,8,4,0,4,10,18,-8,12,Mexico - Liga MX - Apertura,0.5,0.5,-8,1.25,2.25,1.5,2.0,2.0,4
Guadalajara,8,3,1,4,9,8,1,10,Mexico - Liga MX - Apertura,0.38,0.62,1,1.12,1.0,1.25,2.63,1.61,5
CF America,8,2,3,3,12,14,-2,9,Mexico - Liga MX - Apertura,0.25,0.75,-2,1.5,1.75,1.12,4.0,1.33,6
Tijuana,8,2,3,3,6,12,-6,9,Mexico - Liga MX - Apertura,0.25,0.75,-6,0.75,1.5,1.12,4.0,1.33,6
Atlas,8,2,2,4,7,16,-9,8,Mexico - Liga MX - Apertura,0.25,0.75,-9,0.88,2.0,1.0,4.0,1.33,7
A. San Luis,8,2,1,5,7,12,-5,7,Mexico - Liga MX - Apertura,0.25,0.75,-5,0.88,1.5,0.88,4.0,1.33,8
Club Leon,8,1,3,4,12,18,-6,6,Mexico - Liga MX - Apertura,0.12,0.88,-6,1.5,2.25,0.75,8.33,1.14,9
Queretaro,8,1,2,5,6,17,-11,5,Mexico - Liga MX - Apertura,0.12,0.88,-11,0.75,2.12,0.62,8.33,1.14,10
Mazatlan,8,0,4,4,0,7,-7,4,Mexico - Liga MX - Apertura,0.0,1.0,-7,0.0,0.88,0.5,0.0,1.0,11
Pachuca,8,1,1,6,7,16,-9,4,Mexico - Liga MX - Apertura,0.12,0.88,-9,0.88,2.0,0.5,8.33,1.14,11
Puebla,8,1,1,6,4,16,-12,4,Mexico - Liga MX - Apertura,0.12,0.88,-12,0.5,2.0,0.5,8.33,1.14,11
Necaxa,8,0,3,5,7,17,-10,3,Mexico - Liga MX - Apertura,0.0,1.0,-10,0.88,2.12,0.38,0.0,1.0,12
Santos Laguna,8,0,1,7,5,17,-12,1,Mexico - Liga MX - Apertura,0.0,1.0,-12,0.62,2.12,0.12,0.0,1.0,13
CF America,8,5,1,2,12,5,7,16,Mexico - Liga MX - Clausura,0.62,0.38,7,1.5,0.62,2.0,1.61,2.63,1
Necaxa,8,5,1,2,17,11,6,16,Mexico - Liga MX - Clausura,0.62,0.38,6,2.12,1.38,2.0,1.61,2.63,1
Cruz Azul,8,4,3,1,12,8,4,15,Mexico - Liga MX - Clausura,0.5,0.5,4,1.5,1.0,1.88,2.0,2.0,2
Toluca,8,4,2,2,16,11,5,14,Mexico - Liga MX - Clausura,0.5,0.5,5,2.0,1.38,1.75,2.0,2.0,3
Monterrey,8,3,2,3,15,12,3,11,Mexico - Liga MX - Clausura,0.38,0.62,3,1.88,1.5,1.38,2.63,1.61,4
Club Leon,8,3,2,3,11,11,0,11,Mexico - Liga MX - Clausura,0.38,0.62,0,1.38,1.38,1.38,2.63,1.61,4
Pachuca,8,3,1,4,16,16,0,10,Mexico - Liga MX - Clausura,0.38,0.62,0,2.0,2.0,1.25,2.63,1.61,5
Pumas UNAM,8,3,0,5,16,18,-2,9,Mexico - Liga MX - Clausura,0.38,0.62,-2,2.0,2.25,1.12,2.63,1.61,6
Atlas,8,2,3,3,10,12,-2,9,Mexico - Liga MX - Clausura,0.25,0.75,-2,1.25,1.5,1.12,4.0,1.33,6
Tigres,8,2,3,3,6,8,-2,9,Mexico - Liga MX - Clausura,0.25,0.75,-2,0.75,1.0,1.12,4.0,1.33,6
Tijuana,8,3,0,5,11,15,-4,9,Mexico - Liga MX - Clausura,0.38,0.62,-4,1.38,1.88,1.12,2.63,1.61,6
Juarez,8,2,3,3,5,9,-4,9,Mexico - Liga MX - Clausura,0.25,0.75,-4,0.62,1.12,1.12,4.0,1.33,6
Queretaro,8,2,1,5,6,13,-7,7,Mexico - Liga MX - Clausura,0.25,0.75,-7,0.75,1.62,0.88,4.0,1.33,7
Guadalajara,8,1,3,4,8,13,-5,6,Mexico - Liga MX - Clausura,0.12,0.88,-5,1.0,1.62,0.75,8.33,1.14,8
A. San Luis,8,2,0,6,8,18,-10,6,Mexico - Liga MX - Clausura,0.25,0.75,-10,1.0,2.25,0.75,4.0,1.33,8
Puebla,8,1,1,6,6,12,-6,4,Mexico - Liga MX - Clausura,0.12,0.88,-6,0.75,1.5,0.5,8.33,1.14,9
Mazatlan,8,1,1,6,5,15,-10,4,Mexico - Liga MX - Clausura,0.12,0.88,-10,0.62,1.88,0.5,8.33,1.14,9
Santos Laguna,8,0,1,7,7,18,-11,1,Mexico - Liga MX - Clausura,0.0,1.0,-11,0.88,2.25,0.12,0.0,1.0,10
Buducnost,8,5,3,0,20,10,10,18,Montenegro - First League,0.62,0.38,10,2.5,1.25,2.25,1.61,2.63,1
Sutjeska,8,4,1,3,9,7,2,13,Montenegro - First League,0.5,0.5,2,1.12,0.88,1.62,2.0,2.0,2
Petrovac,8,3,3,2,14,8,6,12,Montenegro - First League,0.38,0.62,6,1.75,1.0,1.5,2.63,1.61,3
Decic,8,2,4,2,6,6,0,10,Montenegro - First League,0.25,0.75,0,0.75,0.75,1.25,4.0,1.33,4
Jezero,8,3,0,5,9,11,-2,9,Montenegro - First League,0.38,0.62,-2,1.12,1.38,1.12,2.63,1.61,5
Bokelj,8,3,0,5,6,10,-4,9,Montenegro - First League,0.38,0.62,-4,0.75,1.25,1.12,2.63,1.61,5
Mornar Bar,8,2,2,4,8,17,-9,8,Montenegro - First League,0.25,0.75,-9,1.0,2.12,1.0,4.0,1.33,6
Jedinstvo,8,0,6,2,11,15,-4,6,Montenegro - First League,0.0,1.0,-4,1.38,1.88,0.75,0.0,1.0,7
Arsenal Tivat,8,1,1,6,3,17,-14,4,Montenegro - First League,0.12,0.88,-14,0.38,2.12,0.5,8.33,1.14,8
Otrant,8,0,2,6,7,18,-11,2,Montenegro - First League,0.0,1.0,-11,0.88,2.25,0.25,0.0,1.0,9
Berkane,8,6,1,1,14,4,10,19,morocco,0.75,0.25,10,1.75,0.5,2.38,1.33,4.0,1
Wydad,8,3,5,0,13,6,7,14,morocco,0.38,0.62,7,1.62,0.75,1.75,2.63,1.61,2
FAR Rabat,8,4,2,2,12,9,3,14,morocco,0.5,0.5,3,1.5,1.12,1.75,2.0,2.0,2
R. Zemamra,8,4,1,3,6,6,0,13,morocco,0.5,0.5,0,0.75,0.75,1.62,2.0,2.0,3
Maghreb de Fes,8,3,3,2,13,9,4,12,morocco,0.38,0.62,4,1.62,1.12,1.5,2.63,1.61,4
FUS Rabat,8,3,3,2,8,5,3,12,morocco,0.38,0.62,3,1.0,0.62,1.5,2.63,1.61,4
Raja Casablanca,8,3,2,3,9,10,-1,11,morocco,0.38,0.62,-1,1.12,1.25,1.38,2.63,1.61,5
Difaa El Jadida,8,2,4,2,12,10,2,10,morocco,0.25,0.75,2,1.5,1.25,1.25,4.0,1.33,6
Olympic Safi,8,2,2,4,8,11,-3,8,morocco,0.25,0.75,-3,1.0,1.38,1.0,4.0,1.33,7
Moghreb Tetouan,8,1,2,5,5,10,-5,5,morocco,0.12,0.88,-5,0.62,1.25,0.62,8.33,1.14,8
Meknes,8,1,2,5,8,18,-10,5,morocco,0.12,0.88,-10,1.0,2.25,0.62,8.33,1.14,8
Hassania Agadir,8,1,1,6,6,10,-4,4,morocco,0.12,0.88,-4,0.75,1.25,0.5,8.33,1.14,9
Union Touarga,8,0,3,5,5,11,-6,3,morocco,0.0,1.0,-6,0.62,1.38,0.38,0.0,1.0,10
Ittihad Tanger,8,0,3,5,8,15,-7,3,morocco,0.0,1.0,-7,1.0,1.88,0.38,0.0,1.0,10
C. Mohammedia,8,0,2,6,4,13,-9,2,morocco,0.0,1.0,-9,0.5,1.62,0.25,0.0,1.0,11
JS Sousalem,8,0,1,7,4,17,-13,1,morocco,0.0,1.0,-13,0.5,2.12,0.12,0.0,1.0,12
Shan Utd,8,7,1,0,27,5,22,22,myanmar,0.88,0.12,22,3.38,0.62,2.75,1.14,8.33,1
Yangon Utd,8,6,2,0,28,7,21,20,myanmar,0.75,0.25,21,3.5,0.88,2.5,1.33,4.0,2
Dagon,8,5,1,2,16,8,8,16,myanmar,0.62,0.38,8,2.0,1.0,2.0,1.61,2.63,3
Hantharwady,8,4,2,2,10,8,2,14,myanmar,0.5,0.5,2,1.25,1.0,1.75,2.0,2.0,4
Thitsar Arman,8,4,1,3,16,14,2,13,myanmar,0.5,0.5,2,2.0,1.75,1.62,2.0,2.0,5
Ayeyawady,8,3,1,4,12,13,-1,10,myanmar,0.38,0.62,-1,1.5,1.62,1.25,2.63,1.61,6
Ispe FC,8,2,3,3,10,9,1,9,myanmar,0.25,0.75,1,1.25,1.12,1.12,4.0,1.33,7
Yadanarbon,8,2,3,3,10,13,-3,9,myanmar,0.25,0.75,-3,1.25,1.62,1.12,4.0,1.33,7
Sagaing Utd,8,2,1,5,10,16,-6,7,myanmar,0.25,0.75,-6,1.25,2.0,0.88,4.0,1.33,8
Rakhine Utd,8,2,1,5,13,20,-7,7,myanmar,0.25,0.75,-7,1.62,2.5,0.88,4.0,1.33,8
Dagon Port,8,0,4,4,13,29,-16,4,myanmar,0.0,1.0,-16,1.62,3.62,0.5,0.0,1.0,9
Myawady,8,0,1,7,6,18,-12,1,myanmar,0.0,1.0,-12,0.75,2.25,0.12,0.0,1.0,10
Ajax Amsterdam,8,6,1,1,12,7,5,19,netherlands,0.75,0.25,5,1.5,0.88,2.38,1.33,4.0,1
PSV Eindhoven,8,5,1,2,21,14,7,16,netherlands,0.62,0.38,7,2.62,1.75,2.0,1.61,2.63,2
Feyenoord,8,4,2,2,15,8,7,14,netherlands,0.5,0.5,7,1.88,1.0,1.75,2.0,2.0,3
AZ Alkmaar,8,3,3,2,14,11,3,12,netherlands,0.38,0.62,3,1.75,1.38,1.5,2.63,1.61,4
Sparta,8,3,3,2,11,8,3,12,netherlands,0.38,0.62,3,1.38,1.0,1.5,2.63,1.61,4
FC Utrecht,8,2,5,1,15,12,3,11,netherlands,0.25,0.75,3,1.88,1.5,1.38,4.0,1.33,5
PEC Zwolle,8,3,2,3,14,16,-2,11,netherlands,0.38,0.62,-2,1.75,2.0,1.38,2.63,1.61,5
NEC Nijmegen,8,3,1,4,7,8,-1,10,netherlands,0.38,0.62,-1,0.88,1.0,1.25,2.63,1.61,6
Almere City,8,2,2,4,8,13,-5,8,netherlands,0.25,0.75,-5,1.0,1.62,1.0,4.0,1.33,7
FC Twente,8,1,4,3,11,13,-2,7,netherlands,0.12,0.88,-2,1.38,1.62,0.88,8.33,1.14,8
Go Ahead Eagles,8,1,3,4,12,18,-6,6,netherlands,0.12,0.88,-6,1.5,2.25,0.75,8.33,1.14,9
Fortuna Sittard,8,1,3,4,8,15,-7,6,netherlands,0.12,0.88,-7,1.0,1.88,0.75,8.33,1.14,9
Heracles Almelo,8,1,3,4,6,16,-10,6,netherlands,0.12,0.88,-10,0.75,2.0,0.75,8.33,1.14,9
RKC Waalwijk,8,1,2,5,9,18,-9,5,netherlands,0.12,0.88,-9,1.12,2.25,0.62,8.33,1.14,10
FC Groningen,8,1,2,5,7,16,-9,5,netherlands,0.12,0.88,-9,0.88,2.0,0.62,8.33,1.14,10
Heerenveen,8,1,1,6,8,15,-7,4,netherlands,0.12,0.88,-7,1.0,1.88,0.5,8.33,1.14,11
Willem II,8,0,3,5,4,14,-10,3,netherlands,0.0,1.0,-10,0.5,1.75,0.38,0.0,1.0,12
NAC Breda,8,0,2,6,5,18,-13,2,netherlands,0.0,1.0,-13,0.62,2.25,0.25,0.0,1.0,13
ADO Den Haag,8,5,3,0,18,7,11,18,netherlands2,0.62,0.38,11,2.25,0.88,2.25,1.61,2.63,1
FC Volendam,8,6,0,2,14,11,3,18,netherlands2,0.75,0.25,3,1.75,1.38,2.25,1.33,4.0,1
Jong AZ,8,4,2,2,19,15,4,14,netherlands2,0.5,0.5,4,2.38,1.88,1.75,2.0,2.0,2
FC Eindhoven,8,4,2,2,12,9,3,14,netherlands2,0.5,0.5,3,1.5,1.12,1.75,2.0,2.0,2
Excelsior,8,4,0,4,15,12,3,12,netherlands2,0.5,0.5,3,1.88,1.5,1.5,2.0,2.0,3
FC Emmen,8,4,0,4,10,11,-1,12,netherlands2,0.5,0.5,-1,1.25,1.38,1.5,2.0,2.0,3
Cambuur,8,3,2,3,15,17,-2,11,netherlands2,0.38,0.62,-2,1.88,2.12,1.38,2.63,1.61,4
De Graafschap,8,3,1,4,12,12,0,10,netherlands2,0.38,0.62,0,1.5,1.5,1.25,2.63,1.61,5
Telstar,8,3,1,4,11,11,0,10,netherlands2,0.38,0.62,0,1.38,1.38,1.25,2.63,1.61,5
Vitesse Arnhem,8,2,3,3,12,13,-1,9,netherlands2,0.25,0.75,-1,1.5,1.62,1.12,4.0,1.33,6
FC Dordrecht,8,3,0,5,7,12,-5,9,netherlands2,0.38,0.62,-5,0.88,1.5,1.12,2.63,1.61,6
TOP Oss,8,0,5,3,7,13,-6,5,netherlands2,0.0,1.0,-6,0.88,1.62,0.62,0.0,1.0,7
FC Den Bosch,8,1,2,5,7,15,-8,5,netherlands2,0.12,0.88,-8,0.88,1.88,0.62,8.33,1.14,7
VVV,8,1,2,5,6,17,-11,5,netherlands2,0.12,0.88,-11,0.75,2.12,0.62,8.33,1.14,7
Roda JC,8,1,1,6,9,17,-8,4,netherlands2,0.12,0.88,-8,1.12,2.12,0.5,8.33,1.14,8
Helmond Sport,8,0,3,5,8,16,-8,3,netherlands2,0.0,1.0,-8,1.0,2.0,0.38,0.0,1.0,9
Jong Ajax,8,1,0,7,3,15,-12,3,netherlands2,0.12,0.88,-12,0.38,1.88,0.38,8.33,1.14,9
Jong Utrecht,8,1,0,7,5,28,-23,3,netherlands2,0.12,0.88,-23,0.62,3.5,0.38,8.33,1.14,9
MVV Maastricht,8,0,2,6,3,15,-12,2,netherlands2,0.0,1.0,-12,0.38,1.88,0.25,0.0,1.0,10
Jong PSV,8,0,2,6,8,25,-17,2,netherlands2,0.0,1.0,-17,1.0,3.12,0.25,0.0,1.0,10
Diriangen,8,4,4,0,21,7,14,16,nicaragua,0.5,0.5,14,2.62,0.88,2.0,2.0,2.0,1
Real Esteli,8,5,1,2,14,9,5,16,nicaragua,0.62,0.38,5,1.75,1.12,2.0,1.61,2.63,1
Walter Ferreti,8,4,2,2,8,5,3,14,nicaragua,0.5,0.5,3,1.0,0.62,1.75,2.0,2.0,2
Matagalpa,8,3,3,2,9,7,2,12,nicaragua,0.38,0.62,2,1.12,0.88,1.5,2.63,1.61,3
Export Sebaco,8,1,4,3,7,10,-3,7,nicaragua,0.12,0.88,-3,0.88,1.25,0.88,8.33,1.14,4
Managua FC,8,1,3,4,9,15,-6,6,nicaragua,0.12,0.88,-6,1.12,1.88,0.75,8.33,1.14,5
Jalapa,8,1,2,5,8,21,-13,5,nicaragua,0.12,0.88,-13,1.0,2.62,0.62,8.33,1.14,6
UNAN Managua,8,1,1,6,7,17,-10,4,nicaragua,0.12,0.88,-10,0.88,2.12,0.5,8.33,1.14,7
Rancho Santana,8,1,1,6,5,15,-10,4,nicaragua,0.12,0.88,-10,0.62,1.88,0.5,8.33,1.14,7
D. Ocotal,8,0,2,6,3,24,-21,2,nicaragua,0.0,1.0,-21,0.38,3.0,0.25,0.0,1.0,8
Real Esteli,8,8,0,0,20,8,12,24,nicaragua2,1.0,0.0,12,2.5,1.0,3.0,1.0,0.0,1
Diriangen,8,4,2,2,11,10,1,14,nicaragua2,0.5,0.5,1,1.38,1.25,1.75,2.0,2.0,2
Managua FC,8,3,2,3,13,10,3,11,nicaragua2,0.38,0.62,3,1.62,1.25,1.38,2.63,1.61,3
CS Sebaco,8,2,2,4,9,11,-2,8,nicaragua2,0.25,0.75,-2,1.12,1.38,1.0,4.0,1.33,4
Matagalpa,8,1,4,3,5,10,-5,7,nicaragua2,0.12,0.88,-5,0.62,1.25,0.88,8.33,1.14,5
Walter Ferreti,8,1,3,4,4,8,-4,6,nicaragua2,0.12,0.88,-4,0.5,1.0,0.75,8.33,1.14,6
Jalapa,8,1,2,5,8,16,-8,5,nicaragua2,0.12,0.88,-8,1.0,2.0,0.62,8.33,1.14,7
UNAN Managua,8,1,2,5,7,17,-10,5,nicaragua2,0.12,0.88,-10,0.88,2.12,0.62,8.33,1.14,7
Rancho Santana,8,0,2,6,2,14,-12,2,nicaragua2,0.0,1.0,-12,0.25,1.75,0.25,0.0,1.0,8
D. Ocotal,8,0,1,7,7,26,-19,1,nicaragua2,0.0,1.0,-19,0.88,3.25,0.12,0.0,1.0,9
Larne,8,4,3,1,11,8,3,15,northernireland,0.5,0.5,3,1.38,1.0,1.88,2.0,2.0,1
Linfield,8,4,2,2,12,6,6,14,northernireland,0.5,0.5,6,1.5,0.75,1.75,2.0,2.0,2
Coleraine,8,4,2,2,10,8,2,14,northernireland,0.5,0.5,2,1.25,1.0,1.75,2.0,2.0,2
Dungannon,8,4,1,3,12,8,4,13,northernireland,0.5,0.5,4,1.5,1.0,1.62,2.0,2.0,3
Crusaders,8,4,1,3,7,6,1,13,northernireland,0.5,0.5,1,0.88,0.75,1.62,2.0,2.0,3
Glenavon,8,3,3,2,14,11,3,12,northernireland,0.38,0.62,3,1.75,1.38,1.5,2.63,1.61,4
Glentoran,8,2,3,3,10,9,1,9,northernireland,0.25,0.75,1,1.25,1.12,1.12,4.0,1.33,5
Cliftonville,8,2,2,4,11,12,-1,8,northernireland,0.25,0.75,-1,1.38,1.5,1.0,4.0,1.33,6
Portadown,8,1,2,5,7,15,-8,5,northernireland,0.12,0.88,-8,0.88,1.88,0.62,8.33,1.14,7
Loughgall,8,1,2,5,6,14,-8,5,northernireland,0.12,0.88,-8,0.75,1.75,0.62,8.33,1.14,7
Ballymena Utd,8,1,0,7,7,17,-10,3,northernireland,0.12,0.88,-10,0.88,2.12,0.38,8.33,1.14,8
Carrick Rangers,8,0,2,6,5,18,-13,2,northernireland,0.0,1.0,-13,0.62,2.25,0.25,0.0,1.0,9
Annagh Utd,8,6,0,2,21,9,12,18,northernireland2,0.75,0.25,12,2.62,1.12,2.25,1.33,4.0,1
HW Welders,8,4,2,2,15,11,4,14,northernireland2,0.5,0.5,4,1.88,1.38,1.75,2.0,2.0,2
Limavady,8,3,4,1,12,9,3,13,northernireland2,0.38,0.62,3,1.5,1.12,1.62,2.63,1.61,3
Bangor,8,3,3,2,12,8,4,12,northernireland2,0.38,0.62,4,1.5,1.0,1.5,2.63,1.61,4
Newington,8,3,3,2,18,17,1,12,northernireland2,0.38,0.62,1,2.25,2.12,1.5,2.63,1.61,4
Ards,8,3,2,3,9,10,-1,11,northernireland2,0.38,0.62,-1,1.12,1.25,1.38,2.63,1.61,5
Institute,8,3,1,4,14,14,0,10,northernireland2,0.38,0.62,0,1.75,1.75,1.25,2.63,1.61,6
Armagh City,8,2,2,4,14,17,-3,8,northernireland2,0.25,0.75,-3,1.75,2.12,1.0,4.0,1.33,7
Ballyclare,8,2,1,5,10,18,-8,7,northernireland2,0.25,0.75,-8,1.25,2.25,0.88,4.0,1.33,8
Dundela,8,1,2,5,8,17,-9,5,northernireland2,0.12,0.88,-9,1.0,2.12,0.62,8.33,1.14,9
Ballinamallard,8,1,1,6,4,17,-13,4,northernireland2,0.12,0.88,-13,0.5,2.12,0.5,8.33,1.14,10
Newry City,8,0,2,6,8,23,-15,2,northernireland2,0.0,1.0,-15,1.0,2.88,0.25,0.0,1.0,11
Vardar,8,7,1,0,16,2,14,22,northmacedonia,0.88,0.12,14,2.0,0.25,2.75,1.14,8.33,1
Sileks,8,5,2,1,16,7,9,17,northmacedonia,0.62,0.38,9,2.0,0.88,2.12,1.61,2.63,2
Shkendija,8,5,2,1,12,8,4,17,northmacedonia,0.62,0.38,4,1.5,1.0,2.12,1.61,2.63,2
Shkupi,8,3,2,3,13,12,1,11,northmacedonia,0.38,0.62,1,1.62,1.5,1.38,2.63,1.61,3
Pelister,8,3,1,4,9,11,-2,10,northmacedonia,0.38,0.62,-2,1.12,1.38,1.25,2.63,1.61,4
Rabotnicki,8,2,3,3,9,10,-1,9,northmacedonia,0.25,0.75,-1,1.12,1.25,1.12,4.0,1.33,5
Tikves,8,1,4,3,8,8,0,7,northmacedonia,0.12,0.88,0,1.0,1.0,0.88,8.33,1.14,6
Besa,8,2,1,5,8,15,-7,7,northmacedonia,0.25,0.75,-7,1.0,1.88,0.88,4.0,1.33,6
Brera Strumica,8,1,3,4,9,13,-4,6,northmacedonia,0.12,0.88,-4,1.12,1.62,0.75,8.33,1.14,7
Struga,8,1,3,4,8,13,-5,6,northmacedonia,0.12,0.88,-5,1.0,1.62,0.75,8.33,1.14,7
Gostivar,8,1,3,4,4,11,-7,6,northmacedonia,0.12,0.88,-7,0.5,1.38,0.75,8.33,1.14,7
Voska Sport,8,1,0,7,2,16,-14,3,northmacedonia,0.12,0.88,-14,0.25,2.0,0.38,8.33,1.14,8
Kristiansund,6,3,1,2,9,9,0,10,norway,0.5,0.5,0,1.5,1.5,1.67,2.0,2.0,1
Sarpsborg 08,4,2,2,0,7,3,4,8,norway,0.5,0.5,4,1.75,0.75,2.0,2.0,2.0,2
Rosenborg,3,2,1,0,4,1,3,7,norway,0.67,0.33,3,1.33,0.33,2.33,1.49,3.03,3
Stromsgodset,3,2,0,1,9,4,5,6,norway,0.67,0.33,5,3.0,1.33,2.0,1.49,3.03,4
Viking,3,2,0,1,10,6,4,6,norway,0.67,0.33,4,3.33,2.0,2.0,1.49,3.03,4
Brann,3,2,0,1,6,6,0,6,norway,0.67,0.33,0,2.0,2.0,2.0,1.49,3.03,4
Tromso,3,1,1,1,8,8,0,4,norway,0.33,0.67,0,2.67,2.67,1.33,3.03,1.49,5
Bodo.Glimt,3,1,1,1,4,4,0,4,norway,0.33,0.67,0,1.33,1.33,1.33,3.03,1.49,5
Molde,3,1,1,1,3,3,0,4,norway,0.33,0.67,0,1.0,1.0,1.33,3.03,1.49,5
Fredrikstad,3,1,1,1,1,1,0,4,norway,0.33,0.67,0,0.33,0.33,1.33,3.03,1.49,5
Valerenga,4,1,1,2,4,5,-1,4,norway,0.25,0.75,-1,1.0,1.25,1.0,4.0,1.33,5
Bryne,4,1,0,3,5,8,-3,3,norway,0.25,0.75,-3,1.25,2.0,0.75,4.0,1.33,6
Sandefjord,4,1,0,3,4,9,-5,3,norway,0.25,0.75,-5,1.0,2.25,0.75,4.0,1.33,6
KFUM Oslo,4,0,1,3,1,7,-6,1,norway,0.0,1.0,-6,0.25,1.75,0.25,0.0,1.0,7
HamKam,4,0,1,3,1,10,-9,1,norway,0.0,1.0,-9,0.25,2.5,0.25,0.0,1.0,7
Haugesund,5,0,0,5,3,12,-9,0,norway,0.0,1.0,-9,0.6,2.4,0.0,0.0,1.0,8
Lillestrom,4,2,2,0,7,3,4,8,norway2,0.5,0.5,4,1.75,0.75,2.0,2.0,2.0,1
Start,3,2,1,0,6,3,3,7,norway2,0.67,0.33,3,2.0,1.0,2.33,1.49,3.03,2
Egersund,4,2,1,1,5,3,2,7,norway2,0.5,0.5,2,1.25,0.75,1.75,2.0,2.0,2
Hodd,4,2,1,1,4,4,0,7,norway2,0.5,0.5,0,1.0,1.0,1.75,2.0,2.0,2
Kongsvinger,4,2,0,2,7,5,2,6,norway2,0.5,0.5,2,1.75,1.25,1.5,2.0,2.0,3
Ranheim,3,2,0,1,5,3,2,6,norway2,0.67,0.33,2,1.67,1.0,2.0,1.49,3.03,3
Aalesund,2,1,1,0,4,3,1,4,norway2,0.5,0.5,1,2.0,1.5,2.0,2.0,2.0,4
Stabaek,3,1,1,1,4,5,-1,4,norway2,0.33,0.67,-1,1.33,1.67,1.33,3.03,1.49,4
Asane,4,1,1,2,6,8,-2,4,norway2,0.25,0.75,-2,1.5,2.0,1.0,4.0,1.33,4
Odd,3,1,0,2,5,5,0,3,norway2,0.33,0.67,0,1.67,1.67,1.0,3.03,1.49,5
Lyn,3,1,0,2,4,4,0,3,norway2,0.33,0.67,0,1.33,1.33,1.0,3.03,1.49,5
Sogndal,3,1,0,2,4,5,-1,3,norway2,0.33,0.67,-1,1.33,1.67,1.0,3.03,1.49,5
Raufoss,3,0,2,1,3,5,-2,2,norway2,0.0,1.0,-2,1.0,1.67,0.67,0.0,1.0,6
Skeid,4,0,1,3,5,8,-3,1,norway2,0.0,1.0,-3,1.25,2.0,0.25,0.0,1.0,7
Mjondalen,4,0,1,3,2,8,-6,1,norway2,0.0,1.0,-6,0.5,2.0,0.25,0.0,1.0,7
Moss,4,0,0,4,2,14,-12,0,norway2,0.0,1.0,-12,0.5,3.5,0.0,0.0,1.0,8
Jerv,3,2,1,0,6,4,2,7,norway3,0.67,0.33,2,2.0,1.33,2.33,1.49,3.03,1
Notodden,3,1,2,0,6,4,2,5,norway3,0.33,0.67,2,2.0,1.33,1.67,3.03,1.49,2
Sotra,3,1,2,0,3,1,2,5,norway3,0.33,0.67,2,1.0,0.33,1.67,3.03,1.49,2
Sandnes Ulf,3,1,1,1,9,7,2,4,norway3,0.33,0.67,2,3.0,2.33,1.33,3.03,1.49,3
V. Haugesund,3,1,1,1,4,4,0,4,norway3,0.33,0.67,0,1.33,1.33,1.33,3.03,1.49,3
Arendal,3,0,3,0,3,3,0,3,norway3,0.0,1.0,0,1.0,1.0,1.0,0.0,1.0,4
Brann B,3,1,0,2,7,8,-1,3,norway3,0.33,0.67,-1,2.33,2.67,1.0,3.03,1.49,4
Brattvag,3,1,0,2,5,6,-1,3,norway3,0.33,0.67,-1,1.67,2.0,1.0,3.03,1.49,4
Sandviken,3,1,0,2,3,6,-3,3,norway3,0.33,0.67,-3,1.0,2.0,1.0,3.03,1.49,4
Eik Tonsberg,3,1,0,2,3,7,-4,3,norway3,0.33,0.67,-4,1.0,2.33,1.0,3.03,1.49,4
Traef,3,0,2,1,2,3,-1,2,norway3,0.0,1.0,-1,0.67,1.0,0.67,0.0,1.0,5
Pors Grenland,3,0,1,2,3,5,-2,1,norway3,0.0,1.0,-2,1.0,1.67,0.33,0.0,1.0,6
Lysekloster,3,0,0,3,3,6,-3,0,norway3,0.0,1.0,-3,1.0,2.0,0.0,0.0,1.0,7
Flekkeroy,3,0,0,3,7,15,-8,0,norway3,0.0,1.0,-8,2.33,5.0,0.0,0.0,1.0,7
Honefoss,4,3,0,1,11,7,4,9,norway4,0.75,0.25,4,2.75,1.75,2.25,1.33,4.0,1
Kjelsas,3,3,0,0,6,2,4,9,norway4,1.0,0.0,4,2.0,0.67,3.0,1.0,0.0,1
Grorud,3,2,1,0,5,3,2,7,norway4,0.67,0.33,2,1.67,1.0,2.33,1.49,3.03,2
Ull/Kisa,3,2,1,0,4,2,2,7,norway4,0.67,0.33,2,1.33,0.67,2.33,1.49,3.03,2
Strommen,2,2,0,0,4,1,3,6,norway4,1.0,0.0,3,2.0,0.5,3.0,1.0,0.0,3
Tromsdalen,3,2,0,1,6,4,2,6,norway4,0.67,0.33,2,2.0,1.33,2.0,1.49,3.03,3
Levanger,3,1,1,1,8,8,0,4,norway4,0.33,0.67,0,2.67,2.67,1.33,3.03,1.49,4
Eidsvold,3,1,1,1,5,8,-3,4,norway4,0.33,0.67,-3,1.67,2.67,1.33,3.03,1.49,4
Stjordals-Blink,4,1,0,3,3,6,-3,3,norway4,0.25,0.75,-3,0.75,1.5,0.75,4.0,1.33,5
Follo,3,0,1,2,4,6,-2,1,norway4,0.0,1.0,-2,1.33,2.0,0.33,0.0,1.0,6
Asker,3,0,1,2,2,5,-3,1,norway4,0.0,1.0,-3,0.67,1.67,0.33,0.0,1.0,6
Alta,3,0,0,3,2,8,-6,0,norway4,0.0,1.0,-6,0.67,2.67,0.0,0.0,1.0,7
Rana,3,0,0,3,2,8,-6,0,norway4,0.0,1.0,-6,0.67,2.67,0.0,0.0,1.0,7
Strindheim,3,0,0,3,2,11,-9,0,norway4,0.0,1.0,-9,0.67,3.67,0.0,0.0,1.0,7
Junkeren,3,2,1,0,8,1,7,7,norway5,0.67,0.33,7,2.67,0.33,2.33,1.49,3.03,1
Frigg,3,2,1,0,11,6,5,7,norway5,0.67,0.33,5,3.67,2.0,2.33,1.49,3.03,1
Floya,3,2,1,0,10,5,5,7,norway5,0.67,0.33,5,3.33,1.67,2.33,1.49,3.03,1
Harstad,3,2,0,1,10,4,6,6,norway5,0.67,0.33,6,3.33,1.33,2.0,1.49,3.03,2
Baerum,3,2,0,1,9,3,6,6,norway5,0.67,0.33,6,3.0,1.0,2.0,1.49,3.03,2
Tromso B,3,2,0,1,7,2,5,6,norway5,0.67,0.33,5,2.33,0.67,2.0,1.49,3.03,2
Gamle Oslo,3,2,0,1,7,3,4,6,norway5,0.67,0.33,4,2.33,1.0,2.0,1.49,3.03,2
KFUM B,3,1,0,2,4,5,-1,3,norway5,0.33,0.67,-1,1.33,1.67,1.0,3.03,1.49,3
Ullern,3,1,0,2,4,5,-1,3,norway5,0.33,0.67,-1,1.33,1.67,1.0,3.03,1.49,3
Sortland,3,1,0,2,4,10,-6,3,norway5,0.33,0.67,-6,1.33,3.33,1.0,3.03,1.49,3
Alta B,3,0,2,1,4,7,-3,2,norway5,0.0,1.0,-3,1.33,2.33,0.67,0.0,1.0,4
Skjervoy,3,0,2,1,5,14,-9,2,norway5,0.0,1.0,-9,1.67,4.67,0.67,0.0,1.0,4
Ulfstind,3,0,1,2,4,10,-6,1,norway5,0.0,1.0,-6,1.33,3.33,0.33,0.0,1.0,5
Funnefoss/V,3,0,0,3,4,11,-7,0,norway5,0.0,1.0,-7,1.33,3.67,0.0,0.0,1.0,6
Melhus,3,2,1,0,11,2,9,7,norway6,0.67,0.33,9,3.67,0.67,2.33,1.49,3.03,1
Volda,3,2,0,1,7,4,3,6,norway6,0.67,0.33,3,2.33,1.33,2.0,1.49,3.03,2
Rosenborg B,3,2,0,1,5,4,1,6,norway6,0.67,0.33,1,1.67,1.33,2.0,1.49,3.03,2
Aalesund B,3,2,0,1,8,8,0,6,norway6,0.67,0.33,0,2.67,2.67,2.0,1.49,3.03,2
Nardo,3,1,1,1,7,4,3,4,norway6,0.33,0.67,3,2.33,1.33,1.33,3.03,1.49,3
Spjelkavik,3,1,1,1,6,5,1,4,norway6,0.33,0.67,1,2.0,1.67,1.33,3.03,1.49,3
Tiller,3,1,1,1,4,5,-1,4,norway6,0.33,0.67,-1,1.33,1.67,1.33,3.03,1.49,3
Byasen,3,1,1,1,2,3,-1,4,norway6,0.33,0.67,-1,0.67,1.0,1.33,3.03,1.49,3
Kvik Trondheim,3,1,1,1,5,7,-2,4,norway6,0.33,0.67,-2,1.67,2.33,1.33,3.03,1.49,3
Molde B,3,1,0,2,7,7,0,3,norway6,0.33,0.67,0,2.33,2.33,1.0,3.03,1.49,4
Ranheim B,3,1,0,2,6,6,0,3,norway6,0.33,0.67,0,2.0,2.0,1.0,3.03,1.49,4
Trygg/Lade,3,0,2,1,5,6,-1,2,norway6,0.0,1.0,-1,1.67,2.0,0.67,0.0,1.0,5
Surnadal,3,0,1,2,2,15,-13,1,norway6,0.0,1.0,-13,0.67,5.0,0.33,0.0,1.0,6
Kristiansund B,3,0,0,3,1,14,-13,0,norway6,0.0,1.0,-13,0.33,4.67,0.0,0.0,1.0,7
Lorenskog,3,3,0,0,9,2,7,9,norway7,1.0,0.0,7,3.0,0.67,3.0,1.0,0.0,1
Skjetten,3,2,1,0,9,3,6,7,norway7,0.67,0.33,6,3.0,1.0,2.33,1.49,3.03,2
Bjorkelangen,3,2,1,0,6,4,2,7,norway7,0.67,0.33,2,2.0,1.33,2.33,1.49,3.03,2
Skedsmo,3,2,0,1,10,1,9,6,norway7,0.67,0.33,9,3.33,0.33,2.0,1.49,3.03,3
Elverum,3,2,0,1,9,4,5,6,norway7,0.67,0.33,5,3.0,1.33,2.0,1.49,3.03,3
Nordstrand,3,2,0,1,8,8,0,6,norway7,0.67,0.33,0,2.67,2.67,2.0,1.49,3.03,3
Gjovik-Lyn,3,1,2,0,4,3,1,5,norway7,0.33,0.67,1,1.33,1.0,1.67,3.03,1.49,4
Lillehammer,3,1,1,1,4,5,-1,4,norway7,0.33,0.67,-1,1.33,1.67,1.33,3.03,1.49,5
Stromsgodset B,3,1,0,2,5,5,0,3,norway7,0.33,0.67,0,1.67,1.67,1.0,3.03,1.49,6
Kongsvinger B,3,1,0,2,3,7,-4,3,norway7,0.33,0.67,-4,1.0,2.33,1.0,3.03,1.49,6
Assiden IF,3,0,0,3,3,9,-6,0,norway7,0.0,1.0,-6,1.0,3.0,0.0,0.0,1.0,7
HamKam B,4,0,0,4,4,13,-9,0,norway7,0.0,1.0,-9,1.0,3.25,0.0,0.0,1.0,7
Lillestrom B,3,0,0,3,3,13,-10,0,norway7,0.0,1.0,-10,1.0,4.33,0.0,0.0,1.0,7
Ull/Kisa B,2,0,0,2,1,12,-11,0,norway7,0.0,1.0,-11,0.5,6.0,0.0,0.0,1.0,7
Bjarg,3,3,0,0,14,1,13,9,norway8,1.0,0.0,13,4.67,0.33,3.0,1.0,0.0,1
Forde,3,3,0,0,8,1,7,9,norway8,1.0,0.0,7,2.67,0.33,3.0,1.0,0.0,1
Gneist,3,2,1,0,13,6,7,7,norway8,0.67,0.33,7,4.33,2.0,2.33,1.49,3.03,2
Askoy,3,1,1,1,5,5,0,4,norway8,0.33,0.67,0,1.67,1.67,1.33,3.03,1.49,3
Fana,3,1,1,1,5,7,-2,4,norway8,0.33,0.67,-2,1.67,2.33,1.33,3.03,1.49,3
Lyn B,3,1,1,1,3,7,-4,4,norway8,0.33,0.67,-4,1.0,2.33,1.33,3.03,1.49,3
OS,3,1,0,2,6,6,0,3,norway8,0.33,0.67,0,2.0,2.0,1.0,3.03,1.49,4
Fyllingsdalen,3,1,0,2,5,6,-1,3,norway8,0.33,0.67,-1,1.67,2.0,1.0,3.03,1.49,4
Lyngbo,3,0,1,2,2,9,-7,1,norway8,0.0,1.0,-7,0.67,3.0,0.33,0.0,1.0,5
Valerenga B,3,0,0,3,3,8,-5,0,norway8,0.0,1.0,-5,1.0,2.67,0.0,0.0,1.0,6
Loddefjord,3,0,0,3,5,15,-10,0,norway8,0.0,1.0,-10,1.67,5.0,0.0,0.0,1.0,6
Fjora,2,0,0,2,3,13,-10,0,norway8,0.0,1.0,-10,1.5,6.5,0.0,0.0,1.0,6
Sandefjord B,3,0,0,3,2,12,-10,0,norway8,0.0,1.0,-10,0.67,4.0,0.0,0.0,1.0,6
Asane B,4,0,0,4,5,22,-17,0,norway8,0.0,1.0,-17,1.25,5.5,0.0,0.0,1.0,6
Madla,3,2,1,0,10,2,8,7,norway9,0.67,0.33,8,3.33,0.67,2.33,1.49,3.03,1
Vidar,3,2,0,1,8,4,4,6,norway9,0.67,0.33,4,2.67,1.33,2.0,1.49,3.03,2
Stord,3,1,1,1,5,5,0,4,norway9,0.33,0.67,0,1.67,1.67,1.33,3.03,1.49,3
Viking B,3,1,1,1,3,4,-1,4,norway9,0.33,0.67,-1,1.0,1.33,1.33,3.03,1.49,3
Torvastad,3,1,1,1,3,10,-7,4,norway9,0.33,0.67,-7,1.0,3.33,1.33,3.03,1.49,3
Staal Jorpeland,3,1,0,2,11,10,1,3,norway9,0.33,0.67,1,3.67,3.33,1.0,3.03,1.49,4
Djerv,2,1,0,1,7,6,1,3,norway9,0.5,0.5,1,3.5,3.0,1.5,2.0,2.0,4
Hinna,3,1,0,2,6,8,-2,3,norway9,0.33,0.67,-2,2.0,2.67,1.0,3.03,1.49,4
Vindbjart,3,1,0,2,3,5,-2,3,norway9,0.33,0.67,-2,1.0,1.67,1.0,3.03,1.49,4
Sandnes Ulf B,3,1,0,2,5,10,-5,3,norway9,0.33,0.67,-5,1.67,3.33,1.0,3.03,1.49,4
Sola,3,1,0,2,3,14,-11,3,norway9,0.33,0.67,-11,1.0,4.67,1.0,3.03,1.49,4
Vag,4,0,1,3,7,13,-6,1,norway9,0.0,1.0,-6,1.75,3.25,0.25,0.0,1.0,5
Haugesund B,3,0,0,3,2,8,-6,0,norway9,0.0,1.0,-6,0.67,2.67,0.0,0.0,1.0,6
Brodd,3,0,0,3,1,8,-7,0,norway9,0.0,1.0,-7,0.33,2.67,0.0,0.0,1.0,6
Sarpsborg 08 B,4,3,0,1,13,7,6,9,norway10,0.75,0.25,6,3.25,1.75,2.25,1.33,4.0,1
Stabaek B,3,2,0,1,5,2,3,6,norway10,0.67,0.33,3,1.67,0.67,2.0,1.49,3.03,2
Fram,3,1,1,1,8,4,4,4,norway10,0.33,0.67,4,2.67,1.33,1.33,3.03,1.49,3
Pors Grenland B,3,1,1,1,5,4,1,4,norway10,0.33,0.67,1,1.67,1.33,1.33,3.03,1.49,3
Grei,3,1,1,1,7,7,0,4,norway10,0.33,0.67,0,2.33,2.33,1.33,3.03,1.49,3
Kvik Halden,3,1,1,1,6,6,0,4,norway10,0.33,0.67,0,2.0,2.0,1.33,3.03,1.49,3
Lokomotiv Oslo,4,1,1,2,4,8,-4,4,norway10,0.25,0.75,-4,1.0,2.0,1.0,4.0,1.33,3
Orn Horten,2,1,0,1,4,3,1,3,norway10,0.5,0.5,1,2.0,1.5,1.5,2.0,2.0,4
Odd B,3,1,0,2,5,8,-3,3,norway10,0.33,0.67,-3,1.67,2.67,1.0,3.03,1.49,4
Oppsal,3,0,1,2,4,8,-4,1,norway10,0.0,1.0,-4,1.33,2.67,0.33,0.0,1.0,5
Fredrikstad B,3,0,1,2,4,9,-5,1,norway10,0.0,1.0,-5,1.33,3.0,0.33,0.0,1.0,5
IF Ready,3,0,1,2,3,8,-5,1,norway10,0.0,1.0,-5,1.0,2.67,0.33,0.0,1.0,5
Flint,3,0,0,3,4,10,-6,0,norway10,0.0,1.0,-6,1.33,3.33,0.0,0.0,1.0,6
Drobak-Frogn,2,0,0,2,3,11,-8,0,norway10,0.0,1.0,-8,1.5,5.5,0.0,0.0,1.0,6
Plaza Amador,8,5,2,1,9,6,3,17,panama,0.62,0.38,3,1.12,0.75,2.12,1.61,2.63,1
San Francisco,8,4,2,2,7,5,2,14,panama,0.5,0.5,2,0.88,0.62,1.75,2.0,2.0,2
Universitario,8,3,3,2,9,9,0,12,panama,0.38,0.62,0,1.12,1.12,1.5,2.63,1.61,3
San Miguelito,8,3,2,3,8,11,-3,11,panama,0.38,0.62,-3,1.0,1.38,1.38,2.63,1.61,4
Alianza,8,2,4,2,12,14,-2,10,panama,0.25,0.75,-2,1.5,1.75,1.25,4.0,1.33,5
Tauro,8,2,3,3,11,10,1,9,panama,0.25,0.75,1,1.38,1.25,1.12,4.0,1.33,6
Independiente,8,2,3,3,8,9,-1,9,panama,0.25,0.75,-1,1.0,1.12,1.12,4.0,1.33,6
Arabe Unido,8,2,2,4,8,9,-1,8,panama,0.25,0.75,-1,1.0,1.12,1.0,4.0,1.33,7
Costa del Este,8,2,2,4,5,10,-5,8,panama,0.25,0.75,-5,0.62,1.25,1.0,4.0,1.33,7
UMECIT,8,1,3,4,9,13,-4,6,panama,0.12,0.88,-4,1.12,1.62,0.75,8.33,1.14,8
Veraguas,7,1,2,4,6,18,-12,5,panama,0.14,0.86,-12,0.86,2.57,0.71,7.14,1.16,9
Herrera,8,0,4,4,6,11,-5,4,panama,0.0,1.0,-5,0.75,1.38,0.5,0.0,1.0,10
Guarani,8,6,1,1,12,4,8,19,paraguay,0.75,0.25,8,1.5,0.5,2.38,1.33,4.0,1
Libertad,8,4,3,1,13,4,9,15,paraguay,0.5,0.5,9,1.62,0.5,1.88,2.0,2.0,2
D. Recoleta,8,4,3,1,15,8,7,15,paraguay,0.5,0.5,7,1.88,1.0,1.88,2.0,2.0,2
Cerro Porteno,8,4,1,3,11,7,4,13,paraguay,0.5,0.5,4,1.38,0.88,1.62,2.0,2.0,3
S. Ameliano,8,3,2,3,9,8,1,11,paraguay,0.38,0.62,1,1.12,1.0,1.38,2.63,1.61,4
G. Caballero,8,3,2,3,7,6,1,11,paraguay,0.38,0.62,1,0.88,0.75,1.38,2.63,1.61,4
S. Trinidense,8,2,4,2,8,7,1,10,paraguay,0.25,0.75,1,1.0,0.88,1.25,4.0,1.33,5
Olimpia,8,2,4,2,8,8,0,10,paraguay,0.25,0.75,0,1.0,1.0,1.25,4.0,1.33,5
A. Tembetary,8,1,5,2,4,5,-1,8,paraguay,0.12,0.88,-1,0.5,0.62,1.0,8.33,1.14,6
2 de Mayo,8,1,4,3,6,8,-2,7,paraguay,0.12,0.88,-2,0.75,1.0,0.88,8.33,1.14,7
S. Luqueno,8,1,4,3,6,14,-8,7,paraguay,0.12,0.88,-8,0.75,1.75,0.88,8.33,1.14,7
Nacional,8,2,0,6,6,11,-5,6,paraguay,0.25,0.75,-5,0.75,1.38,0.75,4.0,1.33,8
D. Capiata,5,3,1,1,8,2,6,10,paraguay3,0.6,0.4,6,1.6,0.4,2.0,1.67,2.5,1
12 de Junio VH,5,2,2,1,7,4,3,8,paraguay3,0.4,0.6,3,1.4,0.8,1.6,2.5,1.67,2
Tacuary,4,2,1,1,6,4,2,7,paraguay3,0.5,0.5,2,1.5,1.0,1.75,2.0,2.0,3
Rubio Nu,5,1,3,1,2,2,0,6,paraguay3,0.2,0.8,0,0.4,0.4,1.2,5.0,1.25,4
San Lorenzo,4,1,2,1,4,4,0,5,paraguay3,0.25,0.75,0,1.0,1.0,1.25,4.0,1.33,5
D. Santani,4,1,1,2,3,4,-1,4,paraguay3,0.25,0.75,-1,0.75,1.0,1.0,4.0,1.33,6
Guairena,4,1,1,2,1,3,-2,4,paraguay3,0.25,0.75,-2,0.25,0.75,1.0,4.0,1.33,6
Guarani de Fram,5,0,3,2,6,8,-2,3,paraguay3,0.0,1.0,-2,1.2,1.6,0.6,0.0,1.0,7
Pastoreo,5,0,3,2,5,7,-2,3,paraguay3,0.0,1.0,-2,1.0,1.4,0.6,0.0,1.0,7
S. Carapegua,3,0,2,1,2,3,-1,2,paraguay3,0.0,1.0,-1,0.67,1.0,0.67,0.0,1.0,8
Resistencia,4,0,2,2,3,5,-2,2,paraguay3,0.0,1.0,-2,0.75,1.25,0.5,0.0,1.0,8
F. de la Mora,5,0,2,3,0,4,-4,2,paraguay3,0.0,1.0,-4,0.0,0.8,0.4,0.0,1.0,8
C. River Plate,5,0,2,3,4,10,-6,2,paraguay3,0.0,1.0,-6,0.8,2.0,0.4,0.0,1.0,8
Independiente,4,0,1,3,4,8,-4,1,paraguay3,0.0,1.0,-4,1.0,2.0,0.25,0.0,1.0,9
Sol de America,3,0,1,2,1,5,-4,1,paraguay3,0.0,1.0,-4,0.33,1.67,0.33,0.0,1.0,9
Encarnacion,5,0,1,4,3,10,-7,1,paraguay3,0.0,1.0,-7,0.6,2.0,0.2,0.0,1.0,9
D. Garcilaso,7,3,2,2,11,8,3,11,peru,0.43,0.57,3,1.57,1.14,1.57,2.33,1.75,1
Sport Huancayo,6,3,1,2,8,7,1,10,peru,0.5,0.5,1,1.33,1.17,1.67,2.0,2.0,2
FBC Melgar,5,3,1,1,8,8,0,10,peru,0.6,0.4,0,1.6,1.6,2.0,1.67,2.5,2
Cusco,6,3,0,3,10,10,0,9,peru,0.5,0.5,0,1.67,1.67,1.5,2.0,2.0,3
Universitario,6,2,2,2,7,7,0,8,peru,0.33,0.67,0,1.17,1.17,1.33,3.03,1.49,4
Binacional,6,2,2,2,8,11,-3,8,peru,0.33,0.67,-3,1.33,1.83,1.33,3.03,1.49,4
Cienciano,6,1,4,1,7,7,0,7,peru,0.17,0.83,0,1.17,1.17,1.17,5.88,1.2,5
Alianza A.,6,2,1,3,5,5,0,7,peru,0.33,0.67,0,0.83,0.83,1.17,3.03,1.49,5
S. Cristal,6,2,1,3,8,9,-1,7,peru,0.33,0.67,-1,1.33,1.5,1.17,3.03,1.49,5
Alianza Lima,5,2,1,2,5,8,-3,7,peru,0.4,0.6,-3,1.0,1.6,1.4,2.5,1.67,5
ADT,7,2,1,4,8,14,-6,7,peru,0.29,0.71,-6,1.14,2.0,1.0,3.45,1.41,5
Los Chankas,6,1,3,2,8,9,-1,6,peru,0.17,0.83,-1,1.33,1.5,1.0,5.88,1.2,6
Sport Boys,6,1,2,3,10,12,-2,5,peru,0.17,0.83,-2,1.67,2.0,0.83,5.88,1.2,7
Comerciantes U.,6,1,1,4,8,12,-4,4,peru,0.17,0.83,-4,1.33,2.0,0.67,5.88,1.2,8
Cajamarca,6,1,1,4,5,16,-11,4,peru,0.17,0.83,-11,0.83,2.67,0.67,5.88,1.2,8
Atletico Grau,6,0,3,3,6,12,-6,3,peru,0.0,1.0,-6,1.0,2.0,0.5,0.0,1.0,9
A. Huanuco,6,1,0,5,6,16,-10,3,peru,0.17,0.83,-10,1.0,2.67,0.5,5.88,1.2,9
Ayacucho,6,0,2,4,2,9,-7,2,peru,0.0,1.0,-7,0.33,1.5,0.33,0.0,1.0,10
Juan Pablo II C,6,0,1,5,6,13,-7,1,peru,0.0,1.0,-7,1.0,2.17,0.17,0.0,1.0,11
Manila Digger,8,7,1,0,35,3,32,22,philippines,0.88,0.12,32,4.38,0.38,2.75,1.14,8.33,1
Kaya FC,8,6,1,1,18,7,11,19,philippines,0.75,0.25,11,2.25,0.88,2.38,1.33,4.0,2
One Taguig,8,5,2,1,17,5,12,17,philippines,0.62,0.38,12,2.12,0.62,2.12,1.61,2.63,3
Davao Aguilas,8,5,1,2,13,5,8,16,philippines,0.62,0.38,8,1.62,0.62,2.0,1.61,2.63,4
Stallion,8,4,2,2,15,8,7,14,philippines,0.5,0.5,7,1.88,1.0,1.75,2.0,2.0,5
Maharlika,8,4,1,3,10,8,2,13,philippines,0.5,0.5,2,1.25,1.0,1.62,2.0,2.0,6
DH Cebu,8,3,2,3,16,12,4,11,philippines,0.38,0.62,4,2.0,1.5,1.38,2.63,1.61,7
Loyola,8,3,0,5,10,17,-7,9,philippines,0.38,0.62,-7,1.25,2.12,1.12,2.63,1.61,8
Mendiola,8,1,1,6,8,35,-27,4,philippines,0.12,0.88,-27,1.0,4.38,0.5,8.33,1.14,9
PFF Development,8,0,2,6,4,25,-21,2,philippines,0.0,1.0,-21,0.5,3.12,0.25,0.0,1.0,10
Rakow C.,8,4,3,1,10,3,7,15,poland,0.5,0.5,7,1.25,0.38,1.88,2.0,2.0,1
Pogon Szczecin,8,3,3,2,13,10,3,12,poland,0.38,0.62,3,1.62,1.25,1.5,2.63,1.61,2
Piast Gliwice,8,3,2,3,11,9,2,11,poland,0.38,0.62,2,1.38,1.12,1.38,2.63,1.61,3
Lech Poznan,8,3,2,3,12,11,1,11,poland,0.38,0.62,1,1.5,1.38,1.38,2.63,1.61,3
Jagiellonia,8,3,2,3,9,10,-1,11,poland,0.38,0.62,-1,1.12,1.25,1.38,2.63,1.61,3
Legia Warsaw,8,3,1,4,14,15,-1,10,poland,0.38,0.62,-1,1.75,1.88,1.25,2.63,1.61,4
Cracovia Krakow,8,2,3,3,8,11,-3,9,poland,0.25,0.75,-3,1.0,1.38,1.12,4.0,1.33,5
Zaglebie Lubin,8,3,0,5,8,11,-3,9,poland,0.38,0.62,-3,1.0,1.38,1.12,2.63,1.61,5
Radomiak Radom,8,2,3,3,12,16,-4,9,poland,0.25,0.75,-4,1.5,2.0,1.12,4.0,1.33,5
Lechia Gdansk,8,2,2,4,12,14,-2,8,poland,0.25,0.75,-2,1.5,1.75,1.0,4.0,1.33,6
Korona Kielce,8,1,5,2,8,10,-2,8,poland,0.12,0.88,-2,1.0,1.25,1.0,8.33,1.14,6
Motor Lublin,8,2,2,4,6,15,-9,8,poland,0.25,0.75,-9,0.75,1.88,1.0,4.0,1.33,6
Slask Wroclaw,8,2,1,5,10,15,-5,7,poland,0.25,0.75,-5,1.25,1.88,0.88,4.0,1.33,7
Katowice,8,2,1,5,8,13,-5,7,poland,0.25,0.75,-5,1.0,1.62,0.88,4.0,1.33,7
Stal Mielec,8,1,2,5,12,19,-7,5,poland,0.12,0.88,-7,1.5,2.38,0.62,8.33,1.14,8
Gornik Zabrze,8,1,2,5,5,12,-7,5,poland,0.12,0.88,-7,0.62,1.5,0.62,8.33,1.14,8
Widzew Lodz,8,1,2,5,6,14,-8,5,poland,0.12,0.88,-8,0.75,1.75,0.62,8.33,1.14,8
Puszcza Niepolo,8,1,1,6,7,21,-14,4,poland,0.12,0.88,-14,0.88,2.62,0.5,8.33,1.14,9
Tychy,8,5,2,1,18,9,9,17,poland2,0.62,0.38,9,2.25,1.12,2.12,1.61,2.63,1
Polonia Warszaw,8,5,2,1,13,7,6,17,poland2,0.62,0.38,6,1.62,0.88,2.12,1.61,2.63,1
Arka Gdynia,8,5,2,1,9,4,5,17,poland2,0.62,0.38,5,1.12,0.5,2.12,1.61,2.63,1
LKS Lodz,8,4,3,1,10,8,2,15,poland2,0.5,0.5,2,1.25,1.0,1.88,2.0,2.0,2
Wisla Krakow,8,4,2,2,15,9,6,14,poland2,0.5,0.5,6,1.88,1.12,1.75,2.0,2.0,3
Ruch Chorzow,8,4,2,2,13,11,2,14,poland2,0.5,0.5,2,1.62,1.38,1.75,2.0,2.0,3
Znicz Pruszkow,8,4,1,3,15,10,5,13,poland2,0.5,0.5,5,1.88,1.25,1.62,2.0,2.0,4
Wisla Plock,8,3,4,1,10,6,4,13,poland2,0.38,0.62,4,1.25,0.75,1.62,2.63,1.61,4
T. Nieciecza,8,3,3,2,15,14,1,12,poland2,0.38,0.62,1,1.88,1.75,1.5,2.63,1.61,5
Gornik Leczna,8,3,2,3,11,8,3,11,poland2,0.38,0.62,3,1.38,1.0,1.38,2.63,1.61,6
Miedz Legnica,8,2,3,3,6,10,-4,9,poland2,0.25,0.75,-4,0.75,1.25,1.12,4.0,1.33,7
Stalowa Wola,8,2,3,3,10,15,-5,9,poland2,0.25,0.75,-5,1.25,1.88,1.12,4.0,1.33,7
Pogon Siedlce,8,2,2,4,10,11,-1,8,poland2,0.25,0.75,-1,1.25,1.38,1.0,4.0,1.33,8
Odra Opole,8,2,1,5,6,9,-3,7,poland2,0.25,0.75,-3,0.75,1.12,0.88,4.0,1.33,9
K. Kolobrzeg,8,1,2,5,7,15,-8,5,poland2,0.12,0.88,-8,0.88,1.88,0.62,8.33,1.14,10
Stal Rzeszow,8,1,1,6,5,20,-15,4,poland2,0.12,0.88,-15,0.62,2.5,0.5,8.33,1.14,11
Warta Poznan,8,0,3,5,4,15,-11,3,poland2,0.0,1.0,-11,0.5,1.88,0.38,0.0,1.0,12
Chrobry Glogow,8,0,1,7,7,20,-13,1,poland2,0.0,1.0,-13,0.88,2.5,0.12,0.0,1.0,13
Chojniczanka,8,5,2,1,12,6,6,17,poland3,0.62,0.38,6,1.5,0.75,2.12,1.61,2.63,1
LKS Lodz B,8,4,2,2,12,7,5,14,poland3,0.5,0.5,5,1.5,0.88,1.75,2.0,2.0,2
Polonia Bytom,8,3,4,1,12,9,3,13,poland3,0.38,0.62,3,1.5,1.12,1.62,2.63,1.61,3
Kalisz,8,4,1,3,8,7,1,13,poland3,0.5,0.5,1,1.0,0.88,1.62,2.0,2.0,3
Podbeskidzie,8,3,3,2,10,6,4,12,poland3,0.38,0.62,4,1.25,0.75,1.5,2.63,1.61,4
Pogon Grodzisk,8,4,0,4,9,11,-2,12,poland3,0.5,0.5,-2,1.12,1.38,1.5,2.0,2.0,4
Wisla Pulawy,8,4,0,4,14,19,-5,12,poland3,0.5,0.5,-5,1.75,2.38,1.5,2.0,2.0,4
Resovia Rzeszow,8,3,2,3,11,10,1,11,poland3,0.38,0.62,1,1.38,1.25,1.38,2.63,1.61,5
Swit Skolwin,8,3,2,3,16,16,0,11,poland3,0.38,0.62,0,2.0,2.0,1.38,2.63,1.61,5
Wieczysta K.,8,3,1,4,9,7,2,10,poland3,0.38,0.62,2,1.12,0.88,1.25,2.63,1.61,6
Z. Sosnowiec,8,2,3,3,13,12,1,9,poland3,0.25,0.75,1,1.62,1.5,1.12,4.0,1.33,7
Jastrzebie,8,3,0,5,9,9,0,9,poland3,0.38,0.62,0,1.12,1.12,1.12,2.63,1.61,7
Rekord Bielsko,8,2,3,3,12,13,-1,9,poland3,0.25,0.75,-1,1.5,1.62,1.12,4.0,1.33,7
O. Grudziadz,8,1,3,4,7,11,-4,6,poland3,0.12,0.88,-4,0.88,1.38,0.75,8.33,1.14,8
Zaglebie L. B,8,1,2,5,10,16,-6,5,poland3,0.12,0.88,-6,1.25,2.0,0.62,8.33,1.14,9
Hutnik Krakow,8,1,2,5,6,14,-8,5,poland3,0.12,0.88,-8,0.75,1.75,0.62,8.33,1.14,9
Olimpia Elblag,8,1,0,7,6,19,-13,3,poland3,0.12,0.88,-13,0.75,2.38,0.38,8.33,1.14,10
SKRA Czestochow,8,0,0,8,5,18,-13,0,poland3,0.0,1.0,-13,0.62,2.25,0.0,0.0,1.0,11
Benfica,8,7,1,0,20,7,13,22,portugal,0.88,0.12,13,2.5,0.88,2.75,1.14,8.33,1
Sporting CP,8,5,3,0,19,5,14,18,portugal,0.62,0.38,14,2.38,0.62,2.25,1.61,2.63,2
FC Porto,8,5,1,2,10,7,3,16,portugal,0.62,0.38,3,1.25,0.88,2.0,1.61,2.63,3
Sporting Braga,8,3,3,2,9,7,2,12,portugal,0.38,0.62,2,1.12,0.88,1.5,2.63,1.61,4
Estoril,8,3,3,2,14,13,1,12,portugal,0.38,0.62,1,1.75,1.62,1.5,2.63,1.61,4
Guimaraes,8,3,3,2,8,8,0,12,portugal,0.38,0.62,0,1.0,1.0,1.5,2.63,1.61,4
Santa Clara,8,3,3,2,7,7,0,12,portugal,0.38,0.62,0,0.88,0.88,1.5,2.63,1.61,4
Arouca,8,2,4,2,11,12,-1,10,portugal,0.25,0.75,-1,1.38,1.5,1.25,4.0,1.33,5
Famalicao,8,3,0,5,11,12,-1,9,portugal,0.38,0.62,-1,1.38,1.5,1.12,2.63,1.61,6
Farense,8,2,3,3,10,12,-2,9,portugal,0.25,0.75,-2,1.25,1.5,1.12,4.0,1.33,6
Boavista,8,3,0,5,7,14,-7,9,portugal,0.38,0.62,-7,0.88,1.75,1.12,2.63,1.61,6
Gil Vicente,8,2,2,4,9,9,0,8,portugal,0.25,0.75,0,1.12,1.12,1.0,4.0,1.33,7
Rio Ave,8,2,2,4,10,13,-3,8,portugal,0.25,0.75,-3,1.25,1.62,1.0,4.0,1.33,7
Moreirense,8,2,1,5,9,13,-4,7,portugal,0.25,0.75,-4,1.12,1.62,0.88,4.0,1.33,8
Nacional,8,2,1,5,4,11,-7,7,portugal,0.25,0.75,-7,0.5,1.38,0.88,4.0,1.33,8
Estrela Amadora,8,2,1,5,3,11,-8,7,portugal,0.25,0.75,-8,0.38,1.38,0.88,4.0,1.33,8
AVS,8,2,1,5,5,19,-14,7,portugal,0.25,0.75,-14,0.62,2.38,0.88,4.0,1.33,8
Casa Pia,8,0,3,5,6,12,-6,3,portugal,0.0,1.0,-6,0.75,1.5,0.38,0.0,1.0,9
Vizela,8,7,1,0,16,6,10,22,portugal2,0.88,0.12,10,2.0,0.75,2.75,1.14,8.33,1
Tondela,8,4,3,1,12,7,5,15,portugal2,0.5,0.5,5,1.5,0.88,1.88,2.0,2.0,2
Alverca,8,4,3,1,12,8,4,15,portugal2,0.5,0.5,4,1.5,1.0,1.88,2.0,2.0,2
Torreense,8,4,3,1,12,9,3,15,portugal2,0.5,0.5,3,1.5,1.12,1.88,2.0,2.0,2
Uniao de Leiria,8,4,1,3,12,10,2,13,portugal2,0.5,0.5,2,1.5,1.25,1.62,2.0,2.0,3
Maritimo,8,3,4,1,8,10,-2,13,portugal2,0.38,0.62,-2,1.0,1.25,1.62,2.63,1.61,3
Feirense,8,4,1,3,9,13,-4,13,portugal2,0.5,0.5,-4,1.12,1.62,1.62,2.0,2.0,3
FC Porto B,8,3,3,2,9,6,3,12,portugal2,0.38,0.62,3,1.12,0.75,1.5,2.63,1.61,4
Chaves,8,3,3,2,6,6,0,12,portugal2,0.38,0.62,0,0.75,0.75,1.5,2.63,1.61,4
Benfica B,8,3,2,3,15,12,3,11,portugal2,0.38,0.62,3,1.88,1.5,1.38,2.63,1.61,5
Leixoes,8,2,3,3,7,11,-4,9,portugal2,0.25,0.75,-4,0.88,1.38,1.12,4.0,1.33,6
Oliveirense,8,3,0,5,8,21,-13,9,portugal2,0.38,0.62,-13,1.0,2.62,1.12,2.63,1.61,6
Felgueiras,8,1,4,3,6,9,-3,7,portugal2,0.12,0.88,-3,0.75,1.12,0.88,8.33,1.14,7
Pacos Ferreira,8,2,1,5,4,10,-6,7,portugal2,0.25,0.75,-6,0.5,1.25,0.88,4.0,1.33,7
Academico Viseu,8,0,4,4,6,13,-7,4,portugal2,0.0,1.0,-7,0.75,1.62,0.5,0.0,1.0,8
Penafiel,8,0,1,7,6,16,-10,1,portugal2,0.0,1.0,-10,0.75,2.0,0.12,0.0,1.0,9
Portimonense,8,0,1,7,4,15,-11,1,portugal2,0.0,1.0,-11,0.5,1.88,0.12,0.0,1.0,9
Mafra,8,0,0,8,3,20,-17,0,portugal2,0.0,1.0,-17,0.38,2.5,0.0,0.0,1.0,10
Al Sadd,8,7,1,0,25,6,19,22,qatar,0.88,0.12,19,3.12,0.75,2.75,1.14,8.33,1
Al Duhail,8,6,1,1,17,5,12,19,qatar,0.75,0.25,12,2.12,0.62,2.38,1.33,4.0,2
Al Rayyan,8,5,0,3,21,12,9,15,qatar,0.62,0.38,9,2.62,1.5,1.88,1.61,2.63,3
Al Gharafa,8,4,3,1,16,12,4,15,qatar,0.5,0.5,4,2.0,1.5,1.88,2.0,2.0,3
Qatar SC,8,3,2,3,11,13,-2,11,qatar,0.38,0.62,-2,1.38,1.62,1.38,2.63,1.61,4
Al Shamal,8,3,1,4,11,8,3,10,qatar,0.38,0.62,3,1.38,1.0,1.25,2.63,1.61,5
Al Ahli Doha,8,3,1,4,13,19,-6,10,qatar,0.38,0.62,-6,1.62,2.38,1.25,2.63,1.61,5
Al Shahaniya,8,3,0,5,11,16,-5,9,qatar,0.38,0.62,-5,1.38,2.0,1.12,2.63,1.61,6
Umm Salal,8,2,1,5,9,18,-9,7,qatar,0.25,0.75,-9,1.12,2.25,0.88,4.0,1.33,7
Al Khor,8,2,1,5,6,16,-10,7,qatar,0.25,0.75,-10,0.75,2.0,0.88,4.0,1.33,7
Al Wakrah,8,2,0,6,9,18,-9,6,qatar,0.25,0.75,-9,1.12,2.25,0.75,4.0,1.33,8
Al Arabi,8,1,1,6,11,20,-9,4,qatar,0.12,0.88,-9,1.38,2.5,0.5,8.33,1.14,9
Din. Bucharest,8,5,2,1,12,5,7,17,romania,0.62,0.38,7,1.5,0.62,2.12,1.61,2.63,1
FCSB,8,4,3,1,10,3,7,15,romania,0.5,0.5,7,1.25,0.38,1.88,2.0,2.0,2
UTA Arad,8,3,4,1,6,5,1,13,romania,0.38,0.62,1,0.75,0.62,1.62,2.63,1.61,3
Hermannstadt,8,4,1,3,11,11,0,13,romania,0.5,0.5,0,1.38,1.38,1.62,2.0,2.0,3
CFR Cluj,8,2,5,1,13,9,4,11,romania,0.25,0.75,4,1.62,1.12,1.38,4.0,1.33,4
Univ. Craiova,8,3,2,3,10,9,1,11,romania,0.38,0.62,1,1.25,1.12,1.38,2.63,1.61,4
U. Cluj,8,2,4,2,7,7,0,10,romania,0.25,0.75,0,0.88,0.88,1.25,4.0,1.33,5
Farul Constanta,8,2,3,3,6,7,-1,9,romania,0.25,0.75,-1,0.75,0.88,1.12,4.0,1.33,6
Sepsi OSK,8,2,2,4,8,12,-4,8,romania,0.25,0.75,-4,1.0,1.5,1.0,4.0,1.33,7
Rapid Bucharest,8,1,4,3,6,8,-2,7,romania,0.12,0.88,-2,0.75,1.0,0.88,8.33,1.14,8
Botosani,8,2,1,5,5,9,-4,7,romania,0.25,0.75,-4,0.62,1.12,0.88,4.0,1.33,8
Otelul,8,2,0,6,6,11,-5,6,romania,0.25,0.75,-5,0.75,1.38,0.75,4.0,1.33,9
Petrolul,8,1,3,4,5,11,-6,6,romania,0.12,0.88,-6,0.62,1.38,0.75,8.33,1.14,9
Unirea Slobozia,8,2,0,6,10,17,-7,6,romania,0.25,0.75,-7,1.25,2.12,0.75,4.0,1.33,9
P. Iasi,8,1,3,4,8,15,-7,6,romania,0.12,0.88,-7,1.0,1.88,0.75,8.33,1.14,9
FC Buzau,8,0,0,8,3,18,-15,0,romania,0.0,1.0,-15,0.38,2.25,0.0,0.0,1.0,10
CSKA Moscow,8,5,3,0,12,6,6,18,russia,0.62,0.38,6,1.5,0.75,2.25,1.61,2.63,1
Zenit,8,5,2,1,10,5,5,17,russia,0.62,0.38,5,1.25,0.62,2.12,1.61,2.63,2
Spartak Moscow,8,4,2,2,12,6,6,14,russia,0.5,0.5,6,1.5,0.75,1.75,2.0,2.0,3
Rostov,8,4,2,2,12,9,3,14,russia,0.5,0.5,3,1.5,1.12,1.75,2.0,2.0,3
FC Krasnodar,8,4,2,2,13,11,2,14,russia,0.5,0.5,2,1.62,1.38,1.75,2.0,2.0,3
Dinamo Moscow,8,2,4,2,13,13,0,10,russia,0.25,0.75,0,1.62,1.62,1.25,4.0,1.33,4
Krylya Sovetov,8,2,2,4,11,19,-8,8,russia,0.25,0.75,-8,1.38,2.38,1.0,4.0,1.33,5
Akron,8,2,1,5,8,15,-7,7,russia,0.25,0.75,-7,1.0,1.88,0.88,4.0,1.33,6
Lokomotiv M.,8,1,4,3,7,14,-7,7,russia,0.12,0.88,-7,0.88,1.75,0.88,8.33,1.14,6
Akhmat Grozny,8,1,3,4,9,13,-4,6,russia,0.12,0.88,-4,1.12,1.62,0.75,8.33,1.14,7
Rubin Kazan,8,1,2,5,11,19,-8,5,russia,0.12,0.88,-8,1.38,2.38,0.62,8.33,1.14,8
Khimki,8,1,2,5,8,16,-8,5,russia,0.12,0.88,-8,1.0,2.0,0.62,8.33,1.14,8
Makhachkala,8,1,2,5,5,13,-8,5,russia,0.12,0.88,-8,0.62,1.62,0.62,8.33,1.14,8
Orenburg,8,1,1,6,5,15,-10,4,russia,0.12,0.88,-10,0.62,1.88,0.5,8.33,1.14,9
Nizhny Novgorod,8,1,0,7,4,18,-14,3,russia,0.12,0.88,-14,0.5,2.25,0.38,8.33,1.14,10
Fakel Voronezh,8,0,2,6,3,13,-10,2,russia,0.0,1.0,-10,0.38,1.62,0.25,0.0,1.0,11
Baltika,8,7,1,0,20,5,15,22,russia2,0.88,0.12,15,2.5,0.62,2.75,1.14,8.33,1
Chernomorets,8,7,0,1,17,4,13,21,russia2,0.88,0.12,13,2.12,0.5,2.62,1.14,8.33,2
Torpedo Moscow,8,6,0,2,11,7,4,18,russia2,0.75,0.25,4,1.38,0.88,2.25,1.33,4.0,3
SKA Khabarovsk,8,5,1,2,9,4,5,16,russia2,0.62,0.38,5,1.12,0.5,2.0,1.61,2.63,4
Rotor Volgograd,8,3,3,2,10,5,5,12,russia2,0.38,0.62,5,1.25,0.62,1.5,2.63,1.61,5
Rodina Moskva,8,3,2,3,5,5,0,11,russia2,0.38,0.62,0,0.62,0.62,1.38,2.63,1.61,6
PFC Sochi,8,3,2,3,7,8,-1,11,russia2,0.38,0.62,-1,0.88,1.0,1.38,2.63,1.61,6
Ural,8,2,4,2,7,7,0,10,russia2,0.25,0.75,0,0.88,0.88,1.25,4.0,1.33,7
Tyumen,8,3,1,4,7,10,-3,10,russia2,0.38,0.62,-3,0.88,1.25,1.25,2.63,1.61,7
Shinnik,8,2,3,3,6,7,-1,9,russia2,0.25,0.75,-1,0.75,0.88,1.12,4.0,1.33,8
Yenisey,8,2,2,4,7,12,-5,8,russia2,0.25,0.75,-5,0.88,1.5,1.0,4.0,1.33,9
Neftekhimik,8,2,1,5,9,10,-1,7,russia2,0.25,0.75,-1,1.12,1.25,0.88,4.0,1.33,10
Sokol Saratov,8,1,3,4,9,10,-1,6,russia2,0.12,0.88,-1,1.12,1.25,0.75,8.33,1.14,11
Arsenal Tula,8,1,2,5,5,13,-8,5,russia2,0.12,0.88,-8,0.62,1.62,0.62,8.33,1.14,12
A. Vladikavkaz,8,1,2,5,6,16,-10,5,russia2,0.12,0.88,-10,0.75,2.0,0.62,8.33,1.14,12
Chayka,8,0,4,4,3,12,-9,4,russia2,0.0,1.0,-9,0.38,1.5,0.5,0.0,1.0,13
Ufa,8,0,3,5,6,14,-8,3,russia2,0.0,1.0,-8,0.75,1.75,0.38,0.0,1.0,14
Kamaz,8,0,1,7,4,12,-8,1,russia2,0.0,1.0,-8,0.5,1.5,0.12,0.0,1.0,15
Al Nassr,8,6,0,2,24,10,14,18,saudiarabia,0.75,0.25,14,3.0,1.25,2.25,1.33,4.0,1
Al Ahli Jeddah,8,6,0,2,16,10,6,18,saudiarabia,0.75,0.25,6,2.0,1.25,2.25,1.33,4.0,1
Al Ittihad,8,4,3,1,17,12,5,15,saudiarabia,0.5,0.5,5,2.12,1.5,1.88,2.0,2.0,2
Al Hilal,8,4,2,2,18,15,3,14,saudiarabia,0.5,0.5,3,2.25,1.88,1.75,2.0,2.0,3
Al Wahda,8,4,1,3,10,9,1,13,saudiarabia,0.5,0.5,1,1.25,1.12,1.62,2.0,2.0,4
Al Ittifaq,8,3,3,2,13,11,2,12,saudiarabia,0.38,0.62,2,1.62,1.38,1.5,2.63,1.61,5
Al Shabab,8,3,3,2,16,15,1,12,saudiarabia,0.38,0.62,1,2.0,1.88,1.5,2.63,1.61,5
Al Taawon,8,3,3,2,7,6,1,12,saudiarabia,0.38,0.62,1,0.88,0.75,1.5,2.63,1.61,5
Al Fateh,8,3,2,3,14,11,3,11,saudiarabia,0.38,0.62,3,1.75,1.38,1.38,2.63,1.61,6
Al Quadisiya,8,3,2,3,10,11,-1,11,saudiarabia,0.38,0.62,-1,1.25,1.38,1.38,2.63,1.61,6
Al Khaleej,8,2,2,4,9,16,-7,8,saudiarabia,0.25,0.75,-7,1.12,2.0,1.0,4.0,1.33,7
Al Akhdoud,8,2,2,4,3,10,-7,8,saudiarabia,0.25,0.75,-7,0.38,1.25,1.0,4.0,1.33,7
Al Feiha,8,2,2,4,7,15,-8,8,saudiarabia,0.25,0.75,-8,0.88,1.88,1.0,4.0,1.33,7
Damak,8,1,4,3,5,9,-4,7,saudiarabia,0.12,0.88,-4,0.62,1.12,0.88,8.33,1.14,8
Al Orubah,8,2,1,5,7,19,-12,7,saudiarabia,0.25,0.75,-12,0.88,2.38,0.88,4.0,1.33,8
Al Raed,8,2,0,6,13,16,-3,6,saudiarabia,0.25,0.75,-3,1.62,2.0,0.75,4.0,1.33,9
Al Riyadh,8,1,1,6,9,14,-5,4,saudiarabia,0.12,0.88,-5,1.12,1.75,0.5,8.33,1.14,10
Al Kholood,8,0,0,8,7,25,-18,0,saudiarabia,0.0,1.0,-18,0.88,3.12,0.0,0.0,1.0,11
Neom SC,8,8,0,0,24,2,22,24,saudiarabia2,1.0,0.0,22,3.0,0.25,3.0,1.0,0.0,1
Al Adalha,8,6,1,1,15,9,6,19,saudiarabia2,0.75,0.25,6,1.88,1.12,2.38,1.33,4.0,2
Al Najma,8,6,0,2,13,8,5,18,saudiarabia2,0.75,0.25,5,1.62,1.0,2.25,1.33,4.0,3
Al Bukayriyah,8,5,2,1,11,5,6,17,saudiarabia2,0.62,0.38,6,1.38,0.62,2.12,1.61,2.63,4
Al Tai,8,4,2,2,15,9,6,14,saudiarabia2,0.5,0.5,6,1.88,1.12,1.75,2.0,2.0,5
Al Jabalain,8,4,2,2,10,8,2,14,saudiarabia2,0.5,0.5,2,1.25,1.0,1.75,2.0,2.0,5
Abha,8,3,4,1,14,11,3,13,saudiarabia2,0.38,0.62,3,1.75,1.38,1.62,2.63,1.61,6
Al Hazm,8,3,2,3,10,10,0,11,saudiarabia2,0.38,0.62,0,1.25,1.25,1.38,2.63,1.61,7
Al Zulfi,8,2,5,1,10,10,0,11,saudiarabia2,0.25,0.75,0,1.25,1.25,1.38,4.0,1.33,7
Al Faisaly,8,3,2,3,10,13,-3,11,saudiarabia2,0.38,0.62,-3,1.25,1.62,1.38,2.63,1.61,7
Jeddah,8,2,2,4,8,10,-2,8,saudiarabia2,0.25,0.75,-2,1.0,1.25,1.0,4.0,1.33,8
Al Batin,8,2,2,4,8,12,-4,8,saudiarabia2,0.25,0.75,-4,1.0,1.5,1.0,4.0,1.33,8
Al Arabi,8,1,3,4,12,14,-2,6,saudiarabia2,0.12,0.88,-2,1.5,1.75,0.75,8.33,1.14,9
Ohod,8,1,3,4,8,14,-6,6,saudiarabia2,0.12,0.88,-6,1.0,1.75,0.75,8.33,1.14,9
Al Jubail,8,1,3,4,6,13,-7,6,saudiarabia2,0.12,0.88,-7,0.75,1.62,0.75,8.33,1.14,9
Al Jandal,8,0,4,4,6,11,-5,4,saudiarabia2,0.0,1.0,-5,0.75,1.38,0.5,0.0,1.0,10
Al Ain,8,0,3,5,8,19,-11,3,saudiarabia2,0.0,1.0,-11,1.0,2.38,0.38,0.0,1.0,11
Al Safa,8,0,2,6,7,22,-15,2,saudiarabia2,0.0,1.0,-15,0.88,2.75,0.25,0.0,1.0,12
Rangers,8,5,3,0,23,15,8,18,scotland,0.62,0.38,8,2.88,1.88,2.25,1.61,2.63,1
Celtic,8,4,2,2,23,11,12,14,scotland,0.5,0.5,12,2.88,1.38,1.75,2.0,2.0,2
Hearts,8,4,2,2,13,7,6,14,scotland,0.5,0.5,6,1.62,0.88,1.75,2.0,2.0,2
St. Mirren,8,3,2,3,11,11,0,11,scotland,0.38,0.62,0,1.38,1.38,1.38,2.63,1.61,3
Hibernian,8,2,4,2,10,9,1,10,scotland,0.25,0.75,1,1.25,1.12,1.25,4.0,1.33,4
Dundee Utd,8,3,1,4,7,12,-5,10,scotland,0.38,0.62,-5,0.88,1.5,1.25,2.63,1.61,4
Dundee FC,8,3,0,5,11,20,-9,9,scotland,0.38,0.62,-9,1.38,2.5,1.12,2.63,1.61,5
Motherwell,8,2,1,5,7,15,-8,7,scotland,0.25,0.75,-8,0.88,1.88,0.88,4.0,1.33,6
Aberdeen,8,2,1,5,5,15,-10,7,scotland,0.25,0.75,-10,0.62,1.88,0.88,4.0,1.33,6
Ross County,8,1,1,6,7,15,-8,4,scotland,0.12,0.88,-8,0.88,1.88,0.5,8.33,1.14,7
St. Johnstone,8,1,1,6,7,16,-9,4,scotland,0.12,0.88,-9,0.88,2.0,0.5,8.33,1.14,7
Kilmarnock,8,1,0,7,6,19,-13,3,scotland,0.12,0.88,-13,0.75,2.38,0.38,8.33,1.14,8
Falkirk,8,4,2,2,15,6,9,14,scotland2,0.5,0.5,9,1.88,0.75,1.75,2.0,2.0,1
Livingston,8,4,2,2,13,10,3,14,scotland2,0.5,0.5,3,1.62,1.25,1.75,2.0,2.0,1
Raith Rovers,8,3,3,2,15,9,6,12,scotland2,0.38,0.62,6,1.88,1.12,1.5,2.63,1.61,2
Greenock Morton,8,3,2,3,11,14,-3,11,scotland2,0.38,0.62,-3,1.38,1.75,1.38,2.63,1.61,3
Hamilton,8,3,1,4,8,12,-4,10,scotland2,0.38,0.62,-4,1.0,1.5,1.25,2.63,1.61,4
Partick Thistle,8,3,1,4,8,12,-4,10,scotland2,0.38,0.62,-4,1.0,1.5,1.25,2.63,1.61,4
Ayr Utd,8,3,1,4,9,14,-5,10,scotland2,0.38,0.62,-5,1.12,1.75,1.25,2.63,1.61,4
Airdrieonians,8,1,4,3,11,12,-1,7,scotland2,0.12,0.88,-1,1.38,1.5,0.88,8.33,1.14,5
Queens Park,8,1,4,3,8,9,-1,7,scotland2,0.12,0.88,-1,1.0,1.12,0.88,8.33,1.14,5
Dunfermline,8,1,1,6,1,12,-11,4,scotland2,0.12,0.88,-11,0.12,1.5,0.5,8.33,1.14,6
Inverness,8,5,1,2,11,9,2,16,scotland3,0.62,0.38,2,1.38,1.12,2.0,1.61,2.63,1
Cove Rangers,8,4,1,3,18,9,9,13,scotland3,0.5,0.5,9,2.25,1.12,1.62,2.0,2.0,2
Arbroath,8,4,1,3,11,14,-3,13,scotland3,0.5,0.5,-3,1.38,1.75,1.62,2.0,2.0,2
Queen of South,8,3,2,3,11,8,3,11,scotland3,0.38,0.62,3,1.38,1.0,1.38,2.63,1.61,3
Stenhousemuir,8,3,2,3,9,11,-2,11,scotland3,0.38,0.62,-2,1.12,1.38,1.38,2.63,1.61,3
Alloa Athletic,8,2,4,2,16,14,2,10,scotland3,0.25,0.75,2,2.0,1.75,1.25,4.0,1.33,4
Montrose,8,2,4,2,12,12,0,10,scotland3,0.25,0.75,0,1.5,1.5,1.25,4.0,1.33,4
Kelty Hearts,8,2,3,3,7,8,-1,9,scotland3,0.25,0.75,-1,0.88,1.0,1.12,4.0,1.33,5
Dumbarton,8,2,2,4,16,14,2,8,scotland3,0.25,0.75,2,2.0,1.75,1.0,4.0,1.33,6
Annan Athletic,8,2,1,5,8,15,-7,7,scotland3,0.25,0.75,-7,1.0,1.88,0.88,4.0,1.33,7
Forfar Athletic,8,4,3,1,9,6,3,15,scotland4,0.5,0.5,3,1.12,0.75,1.88,2.0,2.0,1
Spartans,8,4,0,4,12,13,-1,12,scotland4,0.5,0.5,-1,1.5,1.62,1.5,2.0,2.0,2
Clyde,8,3,1,4,11,12,-1,10,scotland4,0.38,0.62,-1,1.38,1.5,1.25,2.63,1.61,3
East Fife,8,3,0,5,7,10,-3,9,scotland4,0.38,0.62,-3,0.88,1.25,1.12,2.63,1.61,4
Stranraer,8,3,0,5,8,13,-5,9,scotland4,0.38,0.62,-5,1.0,1.62,1.12,2.63,1.61,4
Edinburgh City,8,3,0,5,7,14,-7,9,scotland4,0.38,0.62,-7,0.88,1.75,1.12,2.63,1.61,4
Peterhead,8,2,3,3,7,15,-8,9,scotland4,0.25,0.75,-8,0.88,1.88,1.12,4.0,1.33,4
Elgin City,8,2,1,5,4,11,-7,7,scotland4,0.25,0.75,-7,0.5,1.38,0.88,4.0,1.33,5
Bonnyrigg Rose,8,2,1,5,6,18,-12,7,scotland4,0.25,0.75,-12,0.75,2.25,0.88,4.0,1.33,5
Stirling Albion,8,1,3,4,8,13,-5,6,scotland4,0.12,0.88,-5,1.0,1.62,0.75,8.33,1.14,6
Red Star,8,6,1,1,23,13,10,19,serbia,0.75,0.25,10,2.88,1.62,2.38,1.33,4.0,1
Vojvodina,8,4,3,1,14,9,5,15,serbia,0.5,0.5,5,1.75,1.12,1.88,2.0,2.0,2
Cukaricki,8,5,0,3,11,9,2,15,serbia,0.62,0.38,2,1.38,1.12,1.88,1.61,2.63,2
Partizan,8,4,2,2,16,8,8,14,serbia,0.5,0.5,8,2.0,1.0,1.75,2.0,2.0,3
IMT N. Beograd,8,4,2,2,10,10,0,14,serbia,0.5,0.5,0,1.25,1.25,1.75,2.0,2.0,3
T. Odzaci,8,4,1,3,10,12,-2,13,serbia,0.5,0.5,-2,1.25,1.5,1.62,2.0,2.0,4
Novi Pazar,8,3,3,2,10,10,0,12,serbia,0.38,0.62,0,1.25,1.25,1.5,2.63,1.61,5
Z. Pancevo,8,3,3,2,7,7,0,12,serbia,0.38,0.62,0,0.88,0.88,1.5,2.63,1.61,5
S. Subotica,8,3,1,4,10,12,-2,10,serbia,0.38,0.62,-2,1.25,1.5,1.25,2.63,1.61,6
Backa Topola,8,3,1,4,11,14,-3,10,serbia,0.38,0.62,-3,1.38,1.75,1.25,2.63,1.61,6
Napredak,8,2,2,4,8,10,-2,8,serbia,0.25,0.75,-2,1.0,1.25,1.0,4.0,1.33,7
Radnicki Nis,8,1,4,3,10,13,-3,7,serbia,0.12,0.88,-3,1.25,1.62,0.88,8.33,1.14,8
Jedinstvo U.,8,2,0,6,8,14,-6,6,serbia,0.25,0.75,-6,1.0,1.75,0.75,4.0,1.33,9
Radnicki 1923,8,1,3,4,5,16,-11,6,serbia,0.12,0.88,-11,0.62,2.0,0.75,8.33,1.14,9
OFK Beograd,8,1,2,5,10,20,-10,5,serbia,0.12,0.88,-10,1.25,2.5,0.62,8.33,1.14,10
Mladost Lucani,8,0,3,5,2,11,-9,3,serbia,0.0,1.0,-9,0.25,1.38,0.38,0.0,1.0,11
R. Surdulica,8,5,1,2,17,8,9,16,serbia2,0.62,0.38,9,2.12,1.0,2.0,1.61,2.63,1
Zemun,8,4,2,2,13,8,5,14,serbia2,0.5,0.5,5,1.62,1.0,1.75,2.0,2.0,2
Trajal Krusevac,8,3,3,2,13,9,4,12,serbia2,0.38,0.62,4,1.62,1.12,1.5,2.63,1.61,3
Graficar,8,3,2,3,10,15,-5,11,serbia2,0.38,0.62,-5,1.25,1.88,1.38,2.63,1.61,4
Sloven Ruma,8,2,4,2,8,8,0,10,serbia2,0.25,0.75,0,1.0,1.0,1.25,4.0,1.33,5
Dubocica,8,3,1,4,7,9,-2,10,serbia2,0.38,0.62,-2,0.88,1.12,1.25,2.63,1.61,5
Javor Ivanjica,8,2,3,3,8,9,-1,9,serbia2,0.25,0.75,-1,1.0,1.12,1.12,4.0,1.33,6
Vozdovac,8,2,3,3,5,7,-2,9,serbia2,0.25,0.75,-2,0.62,0.88,1.12,4.0,1.33,6
Mladost,8,2,3,3,6,9,-3,9,serbia2,0.25,0.75,-3,0.75,1.12,1.12,4.0,1.33,6
Vrsac,8,2,3,3,4,9,-5,9,serbia2,0.25,0.75,-5,0.5,1.12,1.12,4.0,1.33,6
S. Mitrovica,8,2,2,4,8,10,-2,8,serbia2,0.25,0.75,-2,1.0,1.25,1.0,4.0,1.33,7
Borac Cacak,8,2,2,4,9,13,-4,8,serbia2,0.25,0.75,-4,1.12,1.62,1.0,4.0,1.33,7
Macva Sabac,8,0,6,2,5,10,-5,6,serbia2,0.0,1.0,-5,0.62,1.25,0.75,0.0,1.0,8
Indija,8,1,3,4,6,12,-6,6,serbia2,0.12,0.88,-6,0.75,1.5,0.75,8.33,1.14,8
Sloboda Uzice,8,1,2,5,2,8,-6,5,serbia2,0.12,0.88,-6,0.25,1.0,0.62,8.33,1.14,9
Smederevo,8,1,2,5,9,16,-7,5,serbia2,0.12,0.88,-7,1.12,2.0,0.62,8.33,1.14,9
Lion City,8,6,2,0,25,7,18,20,singapore,0.75,0.25,18,3.12,0.88,2.5,1.33,4.0,1
Geylang,8,6,1,1,23,12,11,19,singapore,0.75,0.25,11,2.88,1.5,2.38,1.33,4.0,2
Tampines Rovers,8,5,0,3,21,8,13,15,singapore,0.62,0.38,13,2.62,1.0,1.88,1.61,2.63,3
Khalsa,8,5,0,3,15,15,0,15,singapore,0.62,0.38,0,1.88,1.88,1.88,1.61,2.63,3
A. Niigata (S),8,5,0,3,13,16,-3,15,singapore,0.62,0.38,-3,1.62,2.0,1.88,1.61,2.63,3
DPMM FC,8,3,3,2,13,13,0,12,singapore,0.38,0.62,0,1.62,1.62,1.5,2.63,1.61,4
Young Lions,8,2,3,3,11,15,-4,9,singapore,0.25,0.75,-4,1.38,1.88,1.12,4.0,1.33,5
Hougang,8,1,1,6,15,20,-5,4,singapore,0.12,0.88,-5,1.88,2.5,0.5,8.33,1.14,6
Tanjong Pagar,8,0,2,6,7,31,-24,2,singapore,0.0,1.0,-24,0.88,3.88,0.25,0.0,1.0,7
S. Bratislava,8,5,1,2,22,11,11,16,slovakia,0.62,0.38,11,2.75,1.38,2.0,1.61,2.63,1
Komarno,8,4,2,2,10,8,2,14,slovakia,0.5,0.5,2,1.25,1.0,1.75,2.0,2.0,2
Spartak Trnava,8,4,1,3,12,8,4,13,slovakia,0.5,0.5,4,1.5,1.0,1.62,2.0,2.0,3
FC Kosice,8,3,1,4,7,7,0,10,slovakia,0.38,0.62,0,0.88,0.88,1.25,2.63,1.61,4
Skalica,8,2,3,3,11,12,-1,9,slovakia,0.25,0.75,-1,1.38,1.5,1.12,4.0,1.33,5
Podbrezova,8,1,5,2,9,10,-1,8,slovakia,0.12,0.88,-1,1.12,1.25,1.0,8.33,1.14,6
Zilina,8,2,2,4,13,15,-2,8,slovakia,0.25,0.75,-2,1.62,1.88,1.0,4.0,1.33,6
DAC Streda,8,1,5,2,9,11,-2,8,slovakia,0.12,0.88,-2,1.12,1.38,1.0,8.33,1.14,6
Z. Michalovce,8,2,2,4,9,11,-2,8,slovakia,0.25,0.75,-2,1.12,1.38,1.0,4.0,1.33,6
Ruzomberok,8,2,1,5,7,12,-5,7,slovakia,0.25,0.75,-5,0.88,1.5,0.88,4.0,1.33,7
Trencin,8,1,3,4,9,12,-3,6,slovakia,0.12,0.88,-3,1.12,1.5,0.75,8.33,1.14,8
Banska Bystrica,8,1,2,5,9,19,-10,5,slovakia,0.12,0.88,-10,1.12,2.38,0.62,8.33,1.14,9
Presov,8,6,0,2,11,5,6,18,slovakia2,0.75,0.25,6,1.38,0.62,2.25,1.33,4.0,1
Zlate Moravce,8,5,2,1,12,4,8,17,slovakia2,0.62,0.38,8,1.5,0.5,2.12,1.61,2.63,2
P. Bystrica,8,4,2,2,9,7,2,14,slovakia2,0.5,0.5,2,1.12,0.88,1.75,2.0,2.0,3
Zvolen,8,4,1,3,12,11,1,13,slovakia2,0.5,0.5,1,1.5,1.38,1.62,2.0,2.0,4
Puchov,8,3,1,4,11,15,-4,10,slovakia2,0.38,0.62,-4,1.38,1.88,1.25,2.63,1.61,5
L. Mikulas,8,2,3,3,12,13,-1,9,slovakia2,0.25,0.75,-1,1.5,1.62,1.12,4.0,1.33,6
Zilina B,8,3,0,5,12,13,-1,9,slovakia2,0.38,0.62,-1,1.5,1.62,1.12,2.63,1.61,6
Petrzalka,8,2,3,3,11,12,-1,9,slovakia2,0.25,0.75,-1,1.38,1.5,1.12,4.0,1.33,6
S. Lubovna,8,2,1,5,5,7,-2,7,slovakia2,0.25,0.75,-2,0.62,0.88,0.88,4.0,1.33,7
S. Bratislava B,8,2,1,5,9,16,-7,7,slovakia2,0.25,0.75,-7,1.12,2.0,0.88,4.0,1.33,7
Samorin,8,2,1,5,9,16,-7,7,slovakia2,0.25,0.75,-7,1.12,2.0,0.88,4.0,1.33,7
Humenne,8,1,3,4,4,18,-14,6,slovakia2,0.12,0.88,-14,0.5,2.25,0.75,8.33,1.14,8
Pohronie,8,1,0,7,6,19,-13,3,slovakia2,0.12,0.88,-13,0.75,2.38,0.38,8.33,1.14,9
Malzenice,8,0,2,6,4,15,-11,2,slovakia2,0.0,1.0,-11,0.5,1.88,0.25,0.0,1.0,10
NK Celje,8,5,2,1,19,7,12,17,slovenia,0.62,0.38,12,2.38,0.88,2.12,1.61,2.63,1
Koper,8,4,2,2,18,14,4,14,slovenia,0.5,0.5,4,2.25,1.75,1.75,2.0,2.0,2
Maribor,8,3,3,2,12,8,4,12,slovenia,0.38,0.62,4,1.5,1.0,1.5,2.63,1.61,3
NK Olimpija,8,3,3,2,13,10,3,12,slovenia,0.38,0.62,3,1.62,1.25,1.5,2.63,1.61,3
Bravo,8,2,2,4,7,14,-7,8,slovenia,0.25,0.75,-7,0.88,1.75,1.0,4.0,1.33,4
Domzale,8,2,1,5,9,14,-5,7,slovenia,0.25,0.75,-5,1.12,1.75,0.88,4.0,1.33,5
Nafta,8,0,4,4,6,15,-9,4,slovenia,0.0,1.0,-9,0.75,1.88,0.5,0.0,1.0,6
Primorje,8,0,4,4,9,20,-11,4,slovenia,0.0,1.0,-11,1.12,2.5,0.5,0.0,1.0,6
Radomlje,8,1,1,6,5,29,-24,4,slovenia,0.12,0.88,-24,0.62,3.62,0.5,8.33,1.14,6
Mura,8,0,1,7,5,16,-11,1,slovenia,0.0,1.0,-11,0.62,2.0,0.12,0.0,1.0,7
Mamelodi S.,8,5,1,2,17,7,10,16,southafrica,0.62,0.38,10,2.12,0.88,2.0,1.61,2.63,1
Orlando Pirates,8,5,1,2,9,9,0,16,southafrica,0.62,0.38,0,1.12,1.12,2.0,1.61,2.63,1
Stellenbosch,8,5,0,3,15,9,6,15,southafrica,0.62,0.38,6,1.88,1.12,1.88,1.61,2.63,2
Sekhukhune,8,4,3,1,10,7,3,15,southafrica,0.5,0.5,3,1.25,0.88,1.88,2.0,2.0,2
TS Galaxy,8,2,4,2,11,12,-1,10,southafrica,0.25,0.75,-1,1.38,1.5,1.25,4.0,1.33,3
Marumo G.,8,3,1,4,9,17,-8,10,southafrica,0.38,0.62,-8,1.12,2.12,1.25,2.63,1.61,3
AmaZulu,8,2,2,4,7,11,-4,8,southafrica,0.25,0.75,-4,0.88,1.38,1.0,4.0,1.33,4
Polokwane,8,1,4,3,3,8,-5,7,southafrica,0.12,0.88,-5,0.38,1.0,0.88,8.33,1.14,5
SuperSport Utd,8,1,3,4,10,12,-2,6,southafrica,0.12,0.88,-2,1.25,1.5,0.75,8.33,1.14,6
Chippa Utd,8,1,3,4,3,8,-5,6,southafrica,0.12,0.88,-5,0.38,1.0,0.75,8.33,1.14,6
Golden Arrows,8,1,3,4,3,12,-9,6,southafrica,0.12,0.88,-9,0.38,1.5,0.75,8.33,1.14,6
Kaizer Chiefs,8,1,2,5,3,8,-5,5,southafrica,0.12,0.88,-5,0.38,1.0,0.62,8.33,1.14,7
Cape Town City,8,1,2,5,3,9,-6,5,southafrica,0.12,0.88,-6,0.38,1.12,0.62,8.33,1.14,7
Richards Bay,8,1,2,5,4,11,-7,5,southafrica,0.12,0.88,-7,0.5,1.38,0.62,8.33,1.14,7
Magesi,8,1,2,5,2,9,-7,5,southafrica,0.12,0.88,-7,0.25,1.12,0.62,8.33,1.14,7
Royal AM,5,0,3,2,4,6,-2,3,southafrica,0.0,1.0,-2,0.8,1.2,0.6,0.0,1.0,8
Orbit College,8,4,3,1,8,4,4,15,southafrica2,0.5,0.5,4,1.0,0.5,1.88,2.0,2.0,1
Casric Stars,8,3,3,2,10,7,3,12,southafrica2,0.38,0.62,3,1.25,0.88,1.5,2.63,1.61,2
Upington City,8,3,3,2,8,7,1,12,southafrica2,0.38,0.62,1,1.0,0.88,1.5,2.63,1.61,2
Durban City,8,3,2,3,8,6,2,11,southafrica2,0.38,0.62,2,1.0,0.75,1.38,2.63,1.61,3
Black Leopards,8,3,1,4,11,10,1,10,southafrica2,0.38,0.62,1,1.38,1.25,1.25,2.63,1.61,4
Leruma United,8,2,4,2,7,8,-1,10,southafrica2,0.25,0.75,-1,0.88,1.0,1.25,4.0,1.33,4
Milford,8,2,4,2,10,14,-4,10,southafrica2,0.25,0.75,-4,1.25,1.75,1.25,4.0,1.33,4
Pretoria U.,8,2,3,3,6,7,-1,9,southafrica2,0.25,0.75,-1,0.75,0.88,1.12,4.0,1.33,5
Kruger United,8,2,2,4,7,12,-5,8,southafrica2,0.25,0.75,-5,0.88,1.5,1.0,4.0,1.33,6
Pretoria C.,8,2,2,4,4,10,-6,8,southafrica2,0.25,0.75,-6,0.5,1.25,1.0,4.0,1.33,6
Cape Town Spurs,8,1,4,3,7,10,-3,7,southafrica2,0.12,0.88,-3,0.88,1.25,0.88,8.33,1.14,7
JDR Stars,8,1,4,3,7,11,-4,7,southafrica2,0.12,0.88,-4,0.88,1.38,0.88,8.33,1.14,7
Baroka,8,1,4,3,9,15,-6,7,southafrica2,0.12,0.88,-6,1.12,1.88,0.88,8.33,1.14,7
Venda FC,8,1,3,4,5,8,-3,6,southafrica2,0.12,0.88,-3,0.62,1.0,0.75,8.33,1.14,8
Hungry Lions,8,1,2,5,6,11,-5,5,southafrica2,0.12,0.88,-5,0.75,1.38,0.62,8.33,1.14,9
Highbury,8,1,1,6,5,12,-7,4,southafrica2,0.12,0.88,-7,0.62,1.5,0.5,8.33,1.14,10
Daejeon Citizen,8,5,2,1,16,10,6,17,southkorea,0.62,0.38,6,2.0,1.25,2.12,1.61,2.63,1
Jeonbuk Motors,6,5,0,1,7,2,5,15,southkorea,0.83,0.17,5,1.17,0.33,2.5,1.2,5.88,2
Ulsan,8,4,2,2,8,6,2,14,southkorea,0.5,0.5,2,1.0,0.75,1.75,2.0,2.0,3
Gimcheon Sangmu,8,4,1,3,15,10,5,13,southkorea,0.5,0.5,5,1.88,1.25,1.62,2.0,2.0,4
Seoul,8,2,4,2,3,4,-1,10,southkorea,0.25,0.75,-1,0.38,0.5,1.25,4.0,1.33,5
Gangwon,7,3,0,4,7,7,0,9,southkorea,0.43,0.57,0,1.0,1.0,1.29,2.33,1.75,6
Gwangju,7,2,3,2,6,8,-2,9,southkorea,0.29,0.71,-2,0.86,1.14,1.29,3.45,1.41,6
Pohang Steelers,6,1,3,2,8,10,-2,6,southkorea,0.17,0.83,-2,1.33,1.67,1.0,5.88,1.2,7
Anyang,7,2,0,5,6,10,-4,6,southkorea,0.29,0.71,-4,0.86,1.43,0.86,3.45,1.41,7
Jeju Utd,7,0,3,4,4,10,-6,3,southkorea,0.0,1.0,-6,0.57,1.43,0.43,0.0,1.0,8
Daegu,7,0,2,5,7,14,-7,2,southkorea,0.0,1.0,-7,1.0,2.0,0.29,0.0,1.0,9
Suwon City,7,0,2,5,2,10,-8,2,southkorea,0.0,1.0,-8,0.29,1.43,0.29,0.0,1.0,9
Jeonnam,8,4,3,1,10,7,3,15,southkorea2,0.5,0.5,3,1.25,0.88,1.88,2.0,2.0,1
Incheon Utd,5,4,0,1,10,3,7,12,southkorea2,0.8,0.2,7,2.0,0.6,2.4,1.25,5.0,2
Busan IPark,4,3,1,0,8,2,6,10,southkorea2,0.75,0.25,6,2.0,0.5,2.5,1.33,4.0,3
Bucheon FC,5,3,1,1,9,5,4,10,southkorea2,0.6,0.4,4,1.8,1.0,2.0,1.67,2.5,3
Cheongju,8,3,0,5,10,16,-6,9,southkorea2,0.38,0.62,-6,1.25,2.0,1.12,2.63,1.61,4
Suwon Bluewings,6,2,2,2,11,11,0,8,southkorea2,0.33,0.67,0,1.83,1.83,1.33,3.03,1.49,5
Seoul E-Land,4,2,1,1,6,5,1,7,southkorea2,0.5,0.5,1,1.5,1.25,1.75,2.0,2.0,6
Gimpo,5,2,1,2,5,5,0,7,southkorea2,0.4,0.6,0,1.0,1.0,1.4,2.5,1.67,6
Seongnam,6,1,3,2,6,7,-1,6,southkorea2,0.17,0.83,-1,1.0,1.17,1.0,5.88,1.2,7
Asan,7,1,3,3,6,8,-2,6,southkorea2,0.14,0.86,-2,0.86,1.14,0.86,7.14,1.16,7
Ansan Greeners,5,1,1,3,3,8,-5,4,southkorea2,0.2,0.8,-5,0.6,1.6,0.8,5.0,1.25,8
Gyeongnam,6,1,1,4,3,10,-7,4,southkorea2,0.17,0.83,-7,0.5,1.67,0.67,5.88,1.2,8
Hwaseong,6,0,1,5,6,13,-7,1,southkorea2,0.0,1.0,-7,1.0,2.17,0.17,0.0,1.0,9
Cheonan City,5,0,0,5,2,12,-10,0,southkorea2,0.0,1.0,-10,0.4,2.4,0.0,0.0,1.0,10
FC Barcelona,8,6,2,0,18,7,11,20,spain,0.75,0.25,11,2.25,0.88,2.5,1.33,4.0,1
Villarreal,8,6,0,2,11,9,2,18,spain,0.75,0.25,2,1.38,1.12,2.25,1.33,4.0,2
Real Betis,8,4,2,2,16,15,1,14,spain,0.5,0.5,1,2.0,1.88,1.75,2.0,2.0,3
Real Madrid,8,4,1,3,11,9,2,13,spain,0.5,0.5,2,1.38,1.12,1.62,2.0,2.0,4
Athletic Bilbao,8,3,3,2,5,3,2,12,spain,0.38,0.62,2,0.62,0.38,1.5,2.63,1.61,5
Getafe,8,4,0,4,10,9,1,12,spain,0.5,0.5,1,1.25,1.12,1.5,2.0,2.0,5
Rayo Vallecano,8,4,0,4,8,10,-2,12,spain,0.5,0.5,-2,1.0,1.25,1.5,2.0,2.0,5
Celta Vigo,8,3,2,3,13,13,0,11,spain,0.38,0.62,0,1.62,1.62,1.38,2.63,1.61,6
Espanyol,8,3,1,4,11,9,2,10,spain,0.38,0.62,2,1.38,1.12,1.25,2.63,1.61,7
Alaves,8,2,4,2,9,9,0,10,spain,0.25,0.75,0,1.12,1.12,1.25,4.0,1.33,7
Valencia,8,2,4,2,12,17,-5,10,spain,0.25,0.75,-5,1.5,2.12,1.25,4.0,1.33,7
Atletico Madrid,8,2,3,3,8,8,0,9,spain,0.25,0.75,0,1.0,1.0,1.12,4.0,1.33,8
Sevilla FC,8,2,2,4,9,8,1,8,spain,0.25,0.75,1,1.12,1.0,1.0,4.0,1.33,9
Osasuna,8,1,4,3,8,13,-5,7,spain,0.12,0.88,-5,1.0,1.62,0.88,8.33,1.14,10
Las Palmas,8,1,2,5,7,11,-4,5,spain,0.12,0.88,-4,0.88,1.38,0.62,8.33,1.14,11
Mallorca,8,1,2,5,5,9,-4,5,spain,0.12,0.88,-4,0.62,1.12,0.62,8.33,1.14,11
Girona,8,1,2,5,7,16,-9,5,spain,0.12,0.88,-9,0.88,2.0,0.62,8.33,1.14,11
Leganes,8,1,2,5,6,15,-9,5,spain,0.12,0.88,-9,0.75,1.88,0.62,8.33,1.14,11
Real Sociedad,8,1,2,5,8,19,-11,5,spain,0.12,0.88,-11,1.0,2.38,0.62,8.33,1.14,11
Valladolid,8,0,0,8,8,28,-20,0,spain,0.0,1.0,-20,1.0,3.5,0.0,0.0,1.0,12
Cordoba,8,4,3,1,11,8,3,15,spain2,0.5,0.5,3,1.38,1.0,1.88,2.0,2.0,1
Levante,8,4,2,2,12,9,3,14,spain2,0.5,0.5,3,1.5,1.12,1.75,2.0,2.0,2
Elche,8,3,3,2,8,8,0,12,spain2,0.38,0.62,0,1.0,1.0,1.5,2.63,1.61,3
Eibar,8,2,5,1,7,5,2,11,spain2,0.25,0.75,2,0.88,0.62,1.38,4.0,1.33,4
Burgos,8,3,2,3,5,5,0,11,spain2,0.38,0.62,0,0.62,0.62,1.38,2.63,1.61,4
Deportivo,8,3,2,3,10,11,-1,11,spain2,0.38,0.62,-1,1.25,1.38,1.38,2.63,1.61,4
Eldense,8,3,2,3,7,11,-4,11,spain2,0.38,0.62,-4,0.88,1.38,1.38,2.63,1.61,4
Real Oviedo,8,2,4,2,7,7,0,10,spain2,0.25,0.75,0,0.88,0.88,1.25,4.0,1.33,5
Granada,8,3,1,4,10,14,-4,10,spain2,0.38,0.62,-4,1.25,1.75,1.25,2.63,1.61,5
Huesca,8,2,2,4,8,11,-3,8,spain2,0.25,0.75,-3,1.0,1.38,1.0,4.0,1.33,6
Mirandes,8,2,2,4,8,11,-3,8,spain2,0.25,0.75,-3,1.0,1.38,1.0,4.0,1.33,6
Cadiz,8,2,1,5,10,15,-5,7,spain2,0.25,0.75,-5,1.25,1.88,0.88,4.0,1.33,7
Real Zaragoza,8,2,1,5,10,18,-8,7,spain2,0.25,0.75,-8,1.25,2.25,0.88,4.0,1.33,7
Castellon,8,1,3,4,11,14,-3,6,spain2,0.12,0.88,-3,1.38,1.75,0.75,8.33,1.14,8
Sporting Gijon,8,1,3,4,10,13,-3,6,spain2,0.12,0.88,-3,1.25,1.62,0.75,8.33,1.14,8
Racing,8,1,2,5,9,14,-5,5,spain2,0.12,0.88,-5,1.12,1.75,0.62,8.33,1.14,9
Malaga,8,1,2,5,7,12,-5,5,spain2,0.12,0.88,-5,0.88,1.5,0.62,8.33,1.14,9
Tenerife,8,1,2,5,5,10,-5,5,spain2,0.12,0.88,-5,0.62,1.25,0.62,8.33,1.14,9
Albacete,8,1,2,5,8,15,-7,5,spain2,0.12,0.88,-7,1.0,1.88,0.62,8.33,1.14,9
Almeria,8,0,1,7,7,19,-12,1,spain2,0.0,1.0,-12,0.88,2.38,0.12,0.0,1.0,10
Cartagena,8,0,1,7,9,24,-15,1,spain2,0.0,1.0,-15,1.12,3.0,0.12,0.0,1.0,10
Racing Ferrol,8,0,1,7,3,18,-15,1,spain2,0.0,1.0,-15,0.38,2.25,0.12,0.0,1.0,10
Sestao River,8,3,3,2,14,11,3,12,spain3,0.38,0.62,3,1.75,1.38,1.5,2.63,1.61,1
Osasuna B,8,3,3,2,14,12,2,12,spain3,0.38,0.62,2,1.75,1.5,1.5,2.63,1.61,1
Athletic B. B,8,3,3,2,9,8,1,12,spain3,0.38,0.62,1,1.12,1.0,1.5,2.63,1.61,1
Real Sociedad B,8,3,3,2,4,3,1,12,spain3,0.38,0.62,1,0.5,0.38,1.5,2.63,1.61,1
FC Andorra,8,3,2,3,10,10,0,11,spain3,0.38,0.62,0,1.25,1.25,1.38,2.63,1.61,2
Gimnastica,8,3,2,3,8,18,-10,11,spain3,0.38,0.62,-10,1.0,2.25,1.38,2.63,1.61,2
FC Barcelona B,8,3,1,4,14,14,0,10,spain3,0.38,0.62,0,1.75,1.75,1.25,2.63,1.61,3
Celta Vigo B,8,3,1,4,10,12,-2,10,spain3,0.38,0.62,-2,1.25,1.5,1.25,2.63,1.61,3
Tarazona,8,2,3,3,7,7,0,9,spain3,0.25,0.75,0,0.88,0.88,1.12,4.0,1.33,4
Zamora,8,2,3,3,7,8,-1,9,spain3,0.25,0.75,-1,0.88,1.0,1.12,4.0,1.33,4
Ourense CF,8,2,3,3,8,11,-3,9,spain3,0.25,0.75,-3,1.0,1.38,1.12,4.0,1.33,4
Lugo,8,2,2,4,10,15,-5,8,spain3,0.25,0.75,-5,1.25,1.88,1.0,4.0,1.33,5
Ponferradina,8,2,2,4,9,15,-6,8,spain3,0.25,0.75,-6,1.12,1.88,1.0,4.0,1.33,5
Amorebieta,8,2,1,5,8,9,-1,7,spain3,0.25,0.75,-1,1.0,1.12,0.88,4.0,1.33,6
Barakaldo,8,1,3,4,8,11,-3,6,spain3,0.12,0.88,-3,1.0,1.38,0.75,8.33,1.14,7
Arenteiro,8,1,2,5,4,12,-8,5,spain3,0.12,0.88,-8,0.5,1.5,0.62,8.33,1.14,8
Gimnastic T.,8,0,4,4,8,12,-4,4,spain3,0.0,1.0,-4,1.0,1.5,0.5,0.0,1.0,9
Real Union,8,1,1,6,6,13,-7,4,spain3,0.12,0.88,-7,0.75,1.62,0.5,8.33,1.14,9
Leonesa,8,0,3,5,5,12,-7,3,spain3,0.0,1.0,-7,0.62,1.5,0.38,0.0,1.0,10
Unionistas,8,1,0,7,8,18,-10,3,spain3,0.12,0.88,-10,1.0,2.25,0.38,8.33,1.14,10
Ceuta,8,4,4,0,8,4,4,16,spain4,0.5,0.5,4,1.0,0.5,2.0,2.0,2.0,1
Real Murcia,8,4,2,2,13,7,6,14,spain4,0.5,0.5,6,1.62,0.88,1.75,2.0,2.0,2
Real Madrid B,8,2,6,0,12,6,6,12,spain4,0.25,0.75,6,1.5,0.75,1.5,4.0,1.33,3
UD Ibiza,8,3,3,2,10,7,3,12,spain4,0.38,0.62,3,1.25,0.88,1.5,2.63,1.61,3
Algeciras,8,3,1,4,11,13,-2,10,spain4,0.38,0.62,-2,1.38,1.62,1.25,2.63,1.61,4
Merida,8,2,3,3,7,11,-4,9,spain4,0.25,0.75,-4,0.88,1.38,1.12,4.0,1.33,5
Real Betis B,8,1,5,2,7,12,-5,8,spain4,0.12,0.88,-5,0.88,1.5,1.0,8.33,1.14,6
Sevilla FC B,8,2,2,4,6,12,-6,8,spain4,0.25,0.75,-6,0.75,1.5,1.0,4.0,1.33,6
Alcoyano,8,2,1,5,6,11,-5,7,spain4,0.25,0.75,-5,0.75,1.38,0.88,4.0,1.33,7
Antequera,8,1,4,3,9,15,-6,7,spain4,0.12,0.88,-6,1.12,1.88,0.88,8.33,1.14,7
Intercity,8,2,1,5,6,12,-6,7,spain4,0.25,0.75,-6,0.75,1.5,0.88,4.0,1.33,7
Villarreal B,8,1,3,4,10,13,-3,6,spain4,0.12,0.88,-3,1.25,1.62,0.75,8.33,1.14,8
Sanluqueno,8,1,3,4,10,15,-5,6,spain4,0.12,0.88,-5,1.25,1.88,0.75,8.33,1.14,8
Marbella,8,1,3,4,9,14,-5,6,spain4,0.12,0.88,-5,1.12,1.75,0.75,8.33,1.14,8
Recreativo H.,8,1,3,4,4,11,-7,6,spain4,0.12,0.88,-7,0.5,1.38,0.75,8.33,1.14,8
Yeclano,8,1,2,5,3,8,-5,5,spain4,0.12,0.88,-5,0.38,1.0,0.62,8.33,1.14,9
Fuenlabrada,8,1,2,5,7,15,-8,5,spain4,0.12,0.88,-8,0.88,1.88,0.62,8.33,1.14,9
Hercules,8,1,1,6,8,13,-5,4,spain4,0.12,0.88,-5,1.0,1.62,0.5,8.33,1.14,10
Atletico M. B,8,0,3,5,5,11,-6,3,spain4,0.0,1.0,-6,0.62,1.38,0.38,0.0,1.0,11
Alcorcon,8,1,0,7,5,14,-9,3,spain4,0.12,0.88,-9,0.62,1.75,0.38,8.33,1.14,11
D. Fabril,8,5,1,2,16,7,9,16,spain5,0.62,0.38,9,2.0,0.88,2.0,1.61,2.63,1
Bergantinos,8,4,1,3,8,6,2,13,spain5,0.5,0.5,2,1.0,0.75,1.62,2.0,2.0,2
Escobedo,8,3,2,3,9,8,1,11,spain5,0.38,0.62,1,1.12,1.0,1.38,2.63,1.61,3
Langreo,8,3,2,3,6,7,-1,11,spain5,0.38,0.62,-1,0.75,0.88,1.38,2.63,1.61,3
Numancia,8,3,1,4,11,8,3,10,spain5,0.38,0.62,3,1.38,1.0,1.25,2.63,1.61,4
Rayo Cantabria,8,3,0,5,12,15,-3,9,spain5,0.38,0.62,-3,1.5,1.88,1.12,2.63,1.61,5
Salamanca CF,8,3,0,5,7,10,-3,9,spain5,0.38,0.62,-3,0.88,1.25,1.12,2.63,1.61,5
Coruxo,8,2,3,3,5,8,-3,9,spain5,0.25,0.75,-3,0.62,1.0,1.12,4.0,1.33,5
Llanera,8,2,2,4,7,11,-4,8,spain5,0.25,0.75,-4,0.88,1.38,1.0,4.0,1.33,6
Real Aviles,8,1,5,2,7,11,-4,8,spain5,0.12,0.88,-4,0.88,1.38,1.0,8.33,1.14,6
Laredo,8,1,4,3,8,13,-5,7,spain5,0.12,0.88,-5,1.0,1.62,0.88,8.33,1.14,7
Real Avila,8,1,3,4,6,10,-4,6,spain5,0.12,0.88,-4,0.75,1.25,0.75,8.33,1.14,8
Pontevedra,8,1,3,4,6,13,-7,6,spain5,0.12,0.88,-7,0.75,1.62,0.75,8.33,1.14,8
Valladolid B,8,1,3,4,7,17,-10,6,spain5,0.12,0.88,-10,0.88,2.12,0.75,8.33,1.14,8
Compostela,8,1,2,5,7,12,-5,5,spain5,0.12,0.88,-5,0.88,1.5,0.62,8.33,1.14,9
Torrelavega,8,1,2,5,7,17,-10,5,spain5,0.12,0.88,-10,0.88,2.12,0.62,8.33,1.14,9
Guijuelo,8,1,2,5,5,17,-12,5,spain5,0.12,0.88,-12,0.62,2.12,0.62,8.33,1.14,9
Marino de L.,8,0,3,5,7,14,-7,3,spain5,0.0,1.0,-7,0.88,1.75,0.38,0.0,1.0,10
SD Logrones,8,6,1,1,14,9,5,19,spain6,0.75,0.25,5,1.75,1.12,2.38,1.33,4.0,1
Alaves B,8,5,3,0,12,5,7,18,spain6,0.62,0.38,7,1.5,0.62,2.25,1.61,2.63,2
Eibar B,8,4,1,3,12,6,6,13,spain6,0.5,0.5,6,1.5,0.75,1.62,2.0,2.0,3
Tudelano,8,3,3,2,14,11,3,12,spain6,0.38,0.62,3,1.75,1.38,1.5,2.63,1.61,4
Arenas Club,8,3,3,2,6,3,3,12,spain6,0.38,0.62,3,0.75,0.38,1.5,2.63,1.61,4
Teruel,8,3,3,2,7,6,1,12,spain6,0.38,0.62,1,0.88,0.75,1.5,2.63,1.61,4
Utebo,8,2,5,1,5,3,2,11,spain6,0.25,0.75,2,0.62,0.38,1.38,4.0,1.33,5
Gernika,8,3,2,3,9,10,-1,11,spain6,0.38,0.62,-1,1.12,1.25,1.38,2.63,1.61,5
Ejea,8,2,4,2,13,9,4,10,spain6,0.25,0.75,4,1.62,1.12,1.25,4.0,1.33,6
Anguiano,8,3,0,5,6,16,-10,9,spain6,0.38,0.62,-10,0.75,2.0,1.12,2.63,1.61,7
Real Zaragoza B,8,2,2,4,9,10,-1,8,spain6,0.25,0.75,-1,1.12,1.25,1.0,4.0,1.33,8
UD Logrones,8,2,1,5,7,9,-2,7,spain6,0.25,0.75,-2,0.88,1.12,0.88,4.0,1.33,9
Subiza,8,2,0,6,11,17,-6,6,spain6,0.25,0.75,-6,1.38,2.12,0.75,4.0,1.33,10
Barbastro,8,1,2,5,6,11,-5,5,spain6,0.12,0.88,-5,0.75,1.38,0.62,8.33,1.14,11
Calahorra,8,0,4,4,4,10,-6,4,spain6,0.0,1.0,-6,0.5,1.25,0.5,0.0,1.0,12
Alfaro,8,1,1,6,6,18,-12,4,spain6,0.12,0.88,-12,0.75,2.25,0.5,8.33,1.14,12
Real Sociedad C,8,1,0,7,4,15,-11,3,spain6,0.12,0.88,-11,0.5,1.88,0.38,8.33,1.14,13
Izarra,8,1,0,7,7,20,-13,3,spain6,0.12,0.88,-13,0.88,2.5,0.38,8.33,1.14,13
A. Baleares,8,5,3,0,11,3,8,18,spain7,0.62,0.38,8,1.38,0.38,2.25,1.61,2.63,1
Europa,8,5,2,1,10,5,5,17,spain7,0.62,0.38,5,1.25,0.62,2.12,1.61,2.63,2
Andratx,8,5,1,2,13,8,5,16,spain7,0.62,0.38,5,1.62,1.0,2.0,1.61,2.63,3
Sant Andreu,8,4,3,1,19,9,10,15,spain7,0.5,0.5,10,2.38,1.12,1.88,2.0,2.0,4
Olot,8,4,3,1,9,8,1,15,spain7,0.5,0.5,1,1.12,1.0,1.88,2.0,2.0,4
Torrent,8,4,2,2,13,10,3,14,spain7,0.5,0.5,3,1.62,1.25,1.75,2.0,2.0,5
SD Ibiza,8,3,3,2,7,6,1,12,spain7,0.38,0.62,1,0.88,0.75,1.5,2.63,1.61,6
Valencia B,8,3,3,2,8,8,0,12,spain7,0.38,0.62,0,1.0,1.0,1.5,2.63,1.61,6
Lleida,8,2,4,2,9,8,1,10,spain7,0.25,0.75,1,1.12,1.0,1.25,4.0,1.33,7
Sabadell,8,3,1,4,10,10,0,10,spain7,0.38,0.62,0,1.25,1.25,1.25,2.63,1.61,7
Ilicitano,8,2,3,3,9,8,1,9,spain7,0.25,0.75,1,1.12,1.0,1.12,4.0,1.33,8
Terrassa,8,3,0,5,8,11,-3,9,spain7,0.38,0.62,-3,1.0,1.38,1.12,2.63,1.61,8
Espanyol B,8,1,4,3,6,8,-2,7,spain7,0.12,0.88,-2,0.75,1.0,0.88,8.33,1.14,9
Pena Deportiva,8,1,1,6,6,12,-6,4,spain7,0.12,0.88,-6,0.75,1.5,0.5,8.33,1.14,10
Badalona,8,1,1,6,5,19,-14,4,spain7,0.12,0.88,-14,0.62,2.38,0.5,8.33,1.14,10
Mallorca B,8,1,0,7,7,20,-13,3,spain7,0.12,0.88,-13,0.88,2.5,0.38,8.33,1.14,11
Cornella,8,0,2,6,5,15,-10,2,spain7,0.0,1.0,-10,0.62,1.88,0.25,0.0,1.0,12
Alzira,8,0,2,6,5,23,-18,2,spain7,0.0,1.0,-18,0.62,2.88,0.25,0.0,1.0,12
La Union,8,6,1,1,12,3,9,19,spain8,0.75,0.25,9,1.5,0.38,2.38,1.33,4.0,1
Torremolinos,8,5,2,1,12,4,8,17,spain8,0.62,0.38,8,1.5,0.5,2.12,1.61,2.63,2
Antoniano,8,5,1,2,11,8,3,16,spain8,0.62,0.38,3,1.38,1.0,2.0,1.61,2.63,3
Aguilas CF,8,4,2,2,8,7,1,14,spain8,0.5,0.5,1,1.0,0.88,1.75,2.0,2.0,4
CD Estepona,8,3,4,1,7,5,2,13,spain8,0.38,0.62,2,0.88,0.62,1.62,2.63,1.61,5
UCAM Murcia,8,2,4,2,10,9,1,10,spain8,0.25,0.75,1,1.25,1.12,1.25,4.0,1.33,6
Don Benito,8,2,3,3,9,11,-2,9,spain8,0.25,0.75,-2,1.12,1.38,1.12,4.0,1.33,7
Linense,8,3,0,5,6,8,-2,9,spain8,0.38,0.62,-2,0.75,1.0,1.12,2.63,1.61,7
Xerez CD,8,2,2,4,7,7,0,8,spain8,0.25,0.75,0,0.88,0.88,1.0,4.0,1.33,8
Villanovense,8,2,2,4,5,7,-2,8,spain8,0.25,0.75,-2,0.62,0.88,1.0,4.0,1.33,8
Cadiz B,8,2,2,4,8,13,-5,8,spain8,0.25,0.75,-5,1.0,1.62,1.0,4.0,1.33,8
Linares,8,1,4,3,6,10,-4,7,spain8,0.12,0.88,-4,0.75,1.25,0.88,8.33,1.14,9
Orihuela,8,1,3,4,5,9,-4,6,spain8,0.12,0.88,-4,0.62,1.12,0.75,8.33,1.14,10
Almeria B,8,1,3,4,4,11,-7,6,spain8,0.12,0.88,-7,0.5,1.38,0.75,8.33,1.14,10
D. Minera,8,2,0,6,9,19,-10,6,spain8,0.25,0.75,-10,1.12,2.38,0.75,4.0,1.33,10
San Fernando,8,0,4,4,2,10,-8,4,spain8,0.0,1.0,-8,0.25,1.25,0.5,0.0,1.0,11
Xerez D. FC,8,1,1,6,4,16,-12,4,spain8,0.12,0.88,-12,0.5,2.0,0.5,8.33,1.14,11
Granada B,8,1,0,7,5,17,-12,3,spain8,0.12,0.88,-12,0.62,2.12,0.38,8.33,1.14,12
R. Majadahonda,8,5,2,1,15,7,8,17,spain9,0.62,0.38,8,1.88,0.88,2.12,1.61,2.63,1
Cacereno,8,5,2,1,12,6,6,17,spain9,0.62,0.38,6,1.5,0.75,2.12,1.61,2.63,1
Talavera CF,8,4,3,1,13,7,6,15,spain9,0.5,0.5,6,1.62,0.88,1.88,2.0,2.0,2
S. Sebastian R.,8,3,4,1,9,8,1,13,spain9,0.38,0.62,1,1.12,1.0,1.62,2.63,1.61,3
Guadalajara,8,3,3,2,9,9,0,12,spain9,0.38,0.62,0,1.12,1.12,1.5,2.63,1.61,4
Navalcarnero,8,4,0,4,8,8,0,12,spain9,0.5,0.5,0,1.0,1.0,1.5,2.0,2.0,4
CD Coria,8,3,2,3,8,10,-2,11,spain9,0.38,0.62,-2,1.0,1.25,1.38,2.63,1.61,5
Colonia M.,8,2,4,2,8,9,-1,10,spain9,0.25,0.75,-1,1.0,1.12,1.25,4.0,1.33,6
CD Mostoles,8,3,0,5,12,13,-1,9,spain9,0.38,0.62,-1,1.5,1.62,1.12,2.63,1.61,7
Real Madrid C,8,2,2,4,6,9,-3,8,spain9,0.25,0.75,-3,0.75,1.12,1.0,4.0,1.33,8
Conquense,8,2,2,4,7,11,-4,8,spain9,0.25,0.75,-4,0.88,1.38,1.0,4.0,1.33,8
Getafe B,8,2,1,5,7,15,-8,7,spain9,0.25,0.75,-8,0.88,1.88,0.88,4.0,1.33,9
Melilla,8,1,2,5,8,13,-5,5,spain9,0.12,0.88,-5,1.0,1.62,0.62,8.33,1.14,10
Yaiza,8,0,3,5,7,12,-5,3,spain9,0.0,1.0,-5,0.88,1.5,0.38,0.0,1.0,11
Atletico Paso,8,0,3,5,7,17,-10,3,spain9,0.0,1.0,-10,0.88,2.12,0.38,0.0,1.0,11
Illescas,8,0,2,6,9,15,-6,2,spain9,0.0,1.0,-6,1.12,1.88,0.25,0.0,1.0,12
Union Adarve,8,0,2,6,3,11,-8,2,spain9,0.0,1.0,-8,0.38,1.38,0.25,0.0,1.0,12
Tenerife B,8,0,2,6,8,17,-9,2,spain9,0.0,1.0,-9,1.0,2.12,0.25,0.0,1.0,12
AIK,5,3,2,0,8,5,3,11,sweden,0.6,0.4,3,1.6,1.0,2.2,1.67,2.5,1
Mjallby,5,3,1,1,12,6,6,10,sweden,0.6,0.4,6,2.4,1.2,2.0,1.67,2.5,2
Degerfors,5,3,0,2,12,10,2,9,sweden,0.6,0.4,2,2.4,2.0,1.8,1.67,2.5,3
IFK Goteborg,5,3,0,2,7,8,-1,9,sweden,0.6,0.4,-1,1.4,1.6,1.8,1.67,2.5,3
Hammarby,5,2,2,1,7,4,3,8,sweden,0.4,0.6,3,1.4,0.8,1.6,2.5,1.67,4
Malmo FF,5,2,2,1,7,5,2,8,sweden,0.4,0.6,2,1.4,1.0,1.6,2.5,1.67,4
Brommapojkarna,6,2,1,3,9,9,0,7,sweden,0.33,0.67,0,1.5,1.5,1.17,3.03,1.49,5
Norrkoping,5,2,1,2,9,9,0,7,sweden,0.4,0.6,0,1.8,1.8,1.4,2.5,1.67,5
GAIS,6,1,4,1,6,6,0,7,sweden,0.17,0.83,0,1.0,1.0,1.17,5.88,1.2,5
Hacken,4,2,0,2,5,6,-1,6,sweden,0.5,0.5,-1,1.25,1.5,1.5,2.0,2.0,6
Elfsborg,4,2,0,2,3,4,-1,6,sweden,0.5,0.5,-1,0.75,1.0,1.5,2.0,2.0,6
Djurgarden,4,2,0,2,3,7,-4,6,sweden,0.5,0.5,-4,0.75,1.75,1.5,2.0,2.0,6
Sirius,5,1,2,2,9,10,-1,5,sweden,0.2,0.8,-1,1.8,2.0,1.0,5.0,1.25,7
Halmstad,5,1,1,3,2,8,-6,4,sweden,0.2,0.8,-6,0.4,1.6,0.8,5.0,1.25,8
Oster,5,1,0,4,4,8,-4,3,sweden,0.2,0.8,-4,0.8,1.6,0.6,5.0,1.25,9
Varnamo,5,0,1,4,5,11,-6,1,sweden,0.0,1.0,-6,1.0,2.2,0.2,0.0,1.0,10
Oddevold,4,3,1,0,8,3,5,10,sweden2,0.75,0.25,5,2.0,0.75,2.5,1.33,4.0,1
Kalmar,5,2,3,0,10,4,6,9,sweden2,0.4,0.6,6,2.0,0.8,1.8,2.5,1.67,2
Varberg BoIS,5,2,2,1,9,8,1,8,sweden2,0.4,0.6,1,1.8,1.6,1.6,2.5,1.67,3
Landskrona,3,2,1,0,7,4,3,7,sweden2,0.67,0.33,3,2.33,1.33,2.33,1.49,3.03,4
Ostersunds,4,2,1,1,5,4,1,7,sweden2,0.5,0.5,1,1.25,1.0,1.75,2.0,2.0,4
Brage,4,2,1,1,4,3,1,7,sweden2,0.5,0.5,1,1.0,0.75,1.75,2.0,2.0,4
GIF Sundsvall,4,2,1,1,4,3,1,7,sweden2,0.5,0.5,1,1.0,0.75,1.75,2.0,2.0,4
Vasteras,5,2,1,2,6,10,-4,7,sweden2,0.4,0.6,-4,1.2,2.0,1.4,2.5,1.67,4
Utsikten,4,1,1,2,7,7,0,4,sweden2,0.25,0.75,0,1.75,1.75,1.0,4.0,1.33,5
Falkenberg,4,1,1,2,6,7,-1,4,sweden2,0.25,0.75,-1,1.5,1.75,1.0,4.0,1.33,5
Helsingborg,4,1,1,2,5,6,-1,4,sweden2,0.25,0.75,-1,1.25,1.5,1.0,4.0,1.33,5
Sandviken,4,1,1,2,5,8,-3,4,sweden2,0.25,0.75,-3,1.25,2.0,1.0,4.0,1.33,5
Trelleborg,4,1,1,2,1,4,-3,4,sweden2,0.25,0.75,-3,0.25,1.0,1.0,4.0,1.33,5
Orgryte,3,0,2,1,3,4,-1,2,sweden2,0.0,1.0,-1,1.0,1.33,0.67,0.0,1.0,6
Orebro,4,0,0,4,3,9,-6,0,sweden2,0.0,1.0,-6,0.75,2.25,0.0,0.0,1.0,7
Umea,3,0,0,3,1,7,-6,0,sweden2,0.0,1.0,-6,0.33,2.33,0.0,0.0,1.0,7
Servette,8,5,1,2,14,12,2,16,switzerland,0.62,0.38,2,1.75,1.5,2.0,1.61,2.63,1
FC Basel,8,4,2,2,20,15,5,14,switzerland,0.5,0.5,5,2.5,1.88,1.75,2.0,2.0,2
FC Zurich,8,3,1,4,12,10,2,10,switzerland,0.38,0.62,2,1.5,1.25,1.25,2.63,1.61,3
BSC Young Boys,8,3,1,4,7,12,-5,10,switzerland,0.38,0.62,-5,0.88,1.5,1.25,2.63,1.61,3
Winterthur,8,3,0,5,13,16,-3,9,switzerland,0.38,0.62,-3,1.62,2.0,1.12,2.63,1.61,4
Lausanne Sport,8,1,4,3,10,13,-3,7,switzerland,0.12,0.88,-3,1.25,1.62,0.88,8.33,1.14,5
Lugano,8,2,1,5,7,12,-5,7,switzerland,0.25,0.75,-5,0.88,1.5,0.88,4.0,1.33,5
St. Gallen,8,1,4,3,6,11,-5,7,switzerland,0.12,0.88,-5,0.75,1.38,0.88,8.33,1.14,5
Yverdon,8,1,3,4,9,22,-13,6,switzerland,0.12,0.88,-13,1.12,2.75,0.75,8.33,1.14,6
Grasshopper,8,1,2,5,8,16,-8,5,switzerland,0.12,0.88,-8,1.0,2.0,0.62,8.33,1.14,7
Luzern,8,1,1,6,12,17,-5,4,switzerland,0.12,0.88,-5,1.5,2.12,0.5,8.33,1.14,8
Sion,8,0,2,6,6,17,-11,2,switzerland,0.0,1.0,-11,0.75,2.12,0.25,0.0,1.0,9
Lausanne Ouchy,8,5,1,2,12,10,2,16,switzerland2,0.62,0.38,2,1.5,1.25,2.0,1.61,2.63,1
Aarau,8,3,4,1,14,10,4,13,switzerland2,0.38,0.62,4,1.75,1.25,1.62,2.63,1.61,2
Wil,8,4,1,3,14,14,0,13,switzerland2,0.5,0.5,0,1.75,1.75,1.62,2.0,2.0,2
Thun,8,3,2,3,11,12,-1,11,switzerland2,0.38,0.62,-1,1.38,1.5,1.38,2.63,1.61,3
Etoile Carouge,8,2,4,2,9,7,2,10,switzerland2,0.25,0.75,2,1.12,0.88,1.25,4.0,1.33,4
Schaffhausen,8,3,0,5,7,16,-9,9,switzerland2,0.38,0.62,-9,0.88,2.0,1.12,2.63,1.61,5
Stade Nyonnais,8,2,2,4,10,15,-5,8,switzerland2,0.25,0.75,-5,1.25,1.88,1.0,4.0,1.33,6
Neuchatel Xamax,8,2,1,5,11,14,-3,7,switzerland2,0.25,0.75,-3,1.38,1.75,0.88,4.0,1.33,7
Vaduz,8,1,3,4,10,13,-3,6,switzerland2,0.12,0.88,-3,1.25,1.62,0.75,8.33,1.14,8
Bellinzona,8,0,3,5,6,21,-15,3,switzerland2,0.0,1.0,-15,0.75,2.62,0.38,0.0,1.0,9
Ratchaburi,8,5,2,1,25,13,12,17,thailand,0.62,0.38,12,3.12,1.62,2.12,1.61,2.63,1
Bangkok Utd,8,5,1,2,13,7,6,16,thailand,0.62,0.38,6,1.62,0.88,2.0,1.61,2.63,2
Buriram Utd,8,5,1,2,16,11,5,16,thailand,0.62,0.38,5,2.0,1.38,2.0,1.61,2.63,2
Port FC,8,3,1,4,11,12,-1,10,thailand,0.38,0.62,-1,1.38,1.5,1.25,2.63,1.61,3
Pathum Utd,8,2,3,3,9,10,-1,9,thailand,0.25,0.75,-1,1.12,1.25,1.12,4.0,1.33,4
Prachuap,8,2,1,5,12,13,-1,7,thailand,0.25,0.75,-1,1.5,1.62,0.88,4.0,1.33,5
Lamphun Warrior,8,1,4,3,7,9,-2,7,thailand,0.12,0.88,-2,0.88,1.12,0.88,8.33,1.14,5
Nakhon Pathom,8,1,4,3,8,11,-3,7,thailand,0.12,0.88,-3,1.0,1.38,0.88,8.33,1.14,5
Muang Thong Utd,8,2,1,5,10,16,-6,7,thailand,0.25,0.75,-6,1.25,2.0,0.88,4.0,1.33,5
Rayong,8,1,3,4,10,18,-8,6,thailand,0.12,0.88,-8,1.25,2.25,0.75,8.33,1.14,6
Sukhothai,8,0,5,3,9,14,-5,5,thailand,0.0,1.0,-5,1.12,1.75,0.62,0.0,1.0,7
Uthai Thani,8,1,1,6,7,15,-8,4,thailand,0.12,0.88,-8,0.88,1.88,0.5,8.33,1.14,8
Chiangrai Utd,8,1,1,6,11,23,-12,4,thailand,0.12,0.88,-12,1.38,2.88,0.5,8.33,1.14,8
N. Bua Pitchaya,8,1,1,6,4,20,-16,4,thailand,0.12,0.88,-16,0.5,2.5,0.5,8.33,1.14,8
Khon Kaen Utd,8,1,1,6,5,28,-23,4,thailand,0.12,0.88,-23,0.62,3.5,0.5,8.33,1.14,8
N. Ratchasima,8,0,2,6,6,20,-14,2,thailand,0.0,1.0,-14,0.75,2.5,0.25,0.0,1.0,9
Kanchanaburi,8,4,4,0,16,8,8,16,thailand2,0.5,0.5,8,2.0,1.0,2.0,2.0,2.0,1
Chonburi,8,4,2,2,8,6,2,14,thailand2,0.5,0.5,2,1.0,0.75,1.75,2.0,2.0,2
Mahasarakham,8,2,5,1,8,6,2,11,thailand2,0.25,0.75,2,1.0,0.75,1.38,4.0,1.33,3
Pattaya United,8,3,2,3,8,12,-4,11,thailand2,0.38,0.62,-4,1.0,1.5,1.38,2.63,1.61,3
Ayutthaya Utd,8,2,3,3,9,9,0,9,thailand2,0.25,0.75,0,1.12,1.12,1.12,4.0,1.33,4
Chanthaburi,8,2,3,3,12,17,-5,9,thailand2,0.25,0.75,-5,1.5,2.12,1.12,4.0,1.33,4
Phrae Utd,8,2,2,4,13,16,-3,8,thailand2,0.25,0.75,-3,1.62,2.0,1.0,4.0,1.33,5
Nakhon Si,8,2,2,4,10,13,-3,8,thailand2,0.25,0.75,-3,1.25,1.62,1.0,4.0,1.33,5
Lampang,8,2,2,4,7,10,-3,8,thailand2,0.25,0.75,-3,0.88,1.25,1.0,4.0,1.33,5
Sisaket Utd,8,2,2,4,6,12,-6,8,thailand2,0.25,0.75,-6,0.75,1.5,1.0,4.0,1.33,5
Police Tero,8,2,1,5,9,15,-6,7,thailand2,0.25,0.75,-6,1.12,1.88,0.88,4.0,1.33,6
Bangkok FC,8,2,0,6,10,18,-8,6,thailand2,0.25,0.75,-8,1.25,2.25,0.75,4.0,1.33,7
Kasetsart,8,1,2,5,7,12,-5,5,thailand2,0.12,0.88,-5,0.88,1.5,0.62,8.33,1.14,8
Suphanburi,8,1,2,5,12,22,-10,5,thailand2,0.12,0.88,-10,1.5,2.75,0.62,8.33,1.14,8
Chainat,8,1,1,6,4,9,-5,4,thailand2,0.12,0.88,-5,0.5,1.12,0.5,8.33,1.14,9
Chiangmai Utd,8,1,1,6,7,16,-9,4,thailand2,0.12,0.88,-9,0.88,2.0,0.5,8.33,1.14,9
Trat FC,8,0,2,6,5,14,-9,2,thailand2,0.0,1.0,-9,0.62,1.75,0.25,0.0,1.0,10
Samut Prakan,0,0,0,0,0,0,0,0,thailand2,0.0,0.0,0,0.0,0.0,0.0,0.0,0.0,11
Fenerbahce,8,7,1,0,23,7,16,22,turkey,0.88,0.12,16,2.88,0.88,2.75,1.14,8.33,1
Galatasaray,8,6,1,1,18,8,10,19,turkey,0.75,0.25,10,2.25,1.0,2.38,1.33,4.0,2
Besiktas,8,3,4,1,10,6,4,13,turkey,0.38,0.62,4,1.25,0.75,1.62,2.63,1.61,3
Basaksehir,8,4,1,3,18,17,1,13,turkey,0.5,0.5,1,2.25,2.12,1.62,2.0,2.0,3
Bodrumspor,8,3,3,2,5,5,0,12,turkey,0.38,0.62,0,0.62,0.62,1.5,2.63,1.61,4
Kasimpasa,8,3,1,4,15,13,2,10,turkey,0.38,0.62,2,1.88,1.62,1.25,2.63,1.61,5
Trabzonspor,8,2,3,3,8,9,-1,9,turkey,0.25,0.75,-1,1.0,1.12,1.12,4.0,1.33,6
Samsunspor,8,2,3,3,6,10,-4,9,turkey,0.25,0.75,-4,0.75,1.25,1.12,4.0,1.33,6
Eyupspor,8,2,1,5,5,11,-6,7,turkey,0.25,0.75,-6,0.62,1.38,0.88,4.0,1.33,7
Hatayspor,8,2,1,5,10,17,-7,7,turkey,0.25,0.75,-7,1.25,2.12,0.88,4.0,1.33,7
Kayserispor,8,1,3,4,9,16,-7,6,turkey,0.12,0.88,-7,1.12,2.0,0.75,8.33,1.14,8
Alanyaspor,8,2,0,6,8,15,-7,6,turkey,0.25,0.75,-7,1.0,1.88,0.75,4.0,1.33,8
Gaziantep,8,1,2,5,7,12,-5,5,turkey,0.12,0.88,-5,0.88,1.5,0.62,8.33,1.14,9
Goztepe,8,1,2,5,9,16,-7,5,turkey,0.12,0.88,-7,1.12,2.0,0.62,8.33,1.14,9
Antalyaspor,8,1,2,5,5,16,-11,5,turkey,0.12,0.88,-11,0.62,2.0,0.62,8.33,1.14,9
Konyaspor,8,1,1,6,8,13,-5,4,turkey,0.12,0.88,-5,1.0,1.62,0.5,8.33,1.14,10
Rizespor,8,1,0,7,9,17,-8,3,turkey,0.12,0.88,-8,1.12,2.12,0.38,8.33,1.14,11
Sivasspor,8,0,1,7,6,16,-10,1,turkey,0.0,1.0,-10,0.75,2.0,0.12,0.0,1.0,12
Adana Demirspor,8,0,0,8,9,30,-21,0,turkey,0.0,1.0,-21,1.12,3.75,0.0,0.0,1.0,13
Erzurum BB,8,5,1,2,11,5,6,16,turkey2,0.62,0.38,6,1.38,0.62,2.0,1.61,2.63,1
Genclerbirligi,8,4,3,1,19,10,9,15,turkey2,0.5,0.5,9,2.38,1.25,1.88,2.0,2.0,2
Boluspor,8,4,1,3,19,10,9,13,turkey2,0.5,0.5,9,2.38,1.25,1.62,2.0,2.0,3
Igdir,8,3,3,2,17,6,11,12,turkey2,0.38,0.62,11,2.12,0.75,1.5,2.63,1.61,4
F. Karagumruk,8,4,0,4,9,9,0,12,turkey2,0.5,0.5,0,1.12,1.12,1.5,2.0,2.0,4
Amed SK,8,3,3,2,7,9,-2,12,turkey2,0.38,0.62,-2,0.88,1.12,1.5,2.63,1.61,4
Manisa BB,8,3,1,4,14,11,3,10,turkey2,0.38,0.62,3,1.75,1.38,1.25,2.63,1.61,5
Istanbulspor,8,3,1,4,9,9,0,10,turkey2,0.38,0.62,0,1.12,1.12,1.25,2.63,1.61,5
Kocaelispor,8,2,4,2,11,12,-1,10,turkey2,0.25,0.75,-1,1.38,1.5,1.25,4.0,1.33,5
Bandirmaspor,8,2,4,2,10,12,-2,10,turkey2,0.25,0.75,-2,1.25,1.5,1.25,4.0,1.33,5
Keciorengucu,8,3,1,4,10,13,-3,10,turkey2,0.38,0.62,-3,1.25,1.62,1.25,2.63,1.61,5
Umraniyespor,8,2,2,4,8,8,0,8,turkey2,0.25,0.75,0,1.0,1.0,1.0,4.0,1.33,6
Sanliurfaspor,8,2,2,4,13,14,-1,8,turkey2,0.25,0.75,-1,1.62,1.75,1.0,4.0,1.33,6
Erokspor,8,1,5,2,11,12,-1,8,turkey2,0.12,0.88,-1,1.38,1.5,1.0,8.33,1.14,6
Adanaspor,8,2,1,5,8,13,-5,7,turkey2,0.25,0.75,-5,1.0,1.62,0.88,4.0,1.33,7
Ankaragucu,8,1,2,5,9,15,-6,5,turkey2,0.12,0.88,-6,1.12,1.88,0.62,8.33,1.14,8
Corum,8,1,2,5,5,12,-7,5,turkey2,0.12,0.88,-7,0.62,1.5,0.62,8.33,1.14,8
Sakaryaspor,8,1,2,5,5,16,-11,5,turkey2,0.12,0.88,-11,0.62,2.0,0.62,8.33,1.14,8
Pendikspor,8,1,1,6,7,16,-9,4,turkey2,0.12,0.88,-9,0.88,2.0,0.5,8.33,1.14,9
Y. Malatyaspor,8,0,0,8,2,43,-41,0,turkey2,0.0,1.0,-41,0.25,5.38,0.0,0.0,1.0,10
Adana,8,5,2,1,11,2,9,17,turkey3,0.62,0.38,9,1.38,0.25,2.12,1.61,2.63,1
Sariyer,8,5,1,2,14,9,5,16,turkey3,0.62,0.38,5,1.75,1.12,2.0,1.61,2.63,2
B. Petrolspor,8,5,1,2,10,7,3,16,turkey3,0.62,0.38,3,1.25,0.88,2.0,1.61,2.63,2
Trabzon FK,8,4,1,3,16,9,7,13,turkey3,0.5,0.5,7,2.0,1.12,1.62,2.0,2.0,3
Kastamonuspor,8,3,4,1,11,10,1,13,turkey3,0.38,0.62,1,1.38,1.25,1.62,2.63,1.61,3
Ankaraspor,8,4,0,4,15,8,7,12,turkey3,0.5,0.5,7,1.88,1.0,1.5,2.0,2.0,4
B. Anadolu,8,2,4,2,9,10,-1,10,turkey3,0.25,0.75,-1,1.12,1.25,1.25,4.0,1.33,5
Kepez Belediyes,8,2,3,3,9,9,0,9,turkey3,0.25,0.75,0,1.12,1.12,1.12,4.0,1.33,6
Altinordu,8,2,2,4,9,12,-3,8,turkey3,0.25,0.75,-3,1.12,1.5,1.0,4.0,1.33,7
Kirklarelispor,8,2,2,4,11,15,-4,8,turkey3,0.25,0.75,-4,1.38,1.88,1.0,4.0,1.33,7
Karakopru,8,2,1,5,8,9,-1,7,turkey3,0.25,0.75,-1,1.0,1.12,0.88,4.0,1.33,8
Altay,8,2,1,5,6,18,-12,7,turkey3,0.25,0.75,-12,0.75,2.25,0.88,4.0,1.33,8
Inegolspor,8,2,0,6,11,20,-9,6,turkey3,0.25,0.75,-9,1.38,2.5,0.75,4.0,1.33,9
Iskenderun,8,0,2,6,3,13,-10,2,turkey3,0.0,1.0,-10,0.38,1.62,0.25,0.0,1.0,10
Fethiyespor,8,0,2,6,2,13,-11,2,turkey3,0.0,1.0,-11,0.25,1.62,0.25,0.0,1.0,10
Isparta Davrazs,8,0,2,6,4,22,-18,2,turkey3,0.0,1.0,-18,0.5,2.75,0.25,0.0,1.0,10
24 Erzincanspor,8,0,1,7,7,23,-16,1,turkey3,0.0,1.0,-16,0.88,2.88,0.12,0.0,1.0,11
Afyonspor,8,0,0,8,0,24,-24,0,turkey3,0.0,1.0,-24,0.0,3.0,0.0,0.0,1.0,12
Aksaray B.,8,4,2,2,12,8,4,14,turkey4,0.5,0.5,4,1.5,1.0,1.75,2.0,2.0,1
Elazigspor,8,4,1,3,17,7,10,13,turkey4,0.5,0.5,10,2.12,0.88,1.62,2.0,2.0,2
Serik Belediyes,8,3,2,3,18,10,8,11,turkey4,0.38,0.62,8,2.25,1.25,1.38,2.63,1.61,3
Yeni Mersin,8,3,2,3,15,8,7,11,turkey4,0.38,0.62,7,1.88,1.0,1.38,2.63,1.61,3
Karacabey,8,3,2,3,11,8,3,11,turkey4,0.38,0.62,3,1.38,1.0,1.38,2.63,1.61,3
Van Spor,8,3,2,3,14,13,1,11,turkey4,0.38,0.62,1,1.75,1.62,1.38,2.63,1.61,3
Beyoglu Yeni C.,8,3,1,4,11,9,2,10,turkey4,0.38,0.62,2,1.38,1.12,1.25,2.63,1.61,4
Erbaaspor,8,3,1,4,15,17,-2,10,turkey4,0.38,0.62,-2,1.88,2.12,1.25,2.63,1.61,4
Bucaspor,8,3,1,4,9,14,-5,10,turkey4,0.38,0.62,-5,1.12,1.75,1.25,2.63,1.61,4
A. Demirspor,8,2,3,3,14,14,0,9,turkey4,0.25,0.75,0,1.75,1.75,1.12,4.0,1.33,5
Karaman,8,2,3,3,12,14,-2,9,turkey4,0.25,0.75,-2,1.5,1.75,1.12,4.0,1.33,5
Menemen B.,8,2,2,4,13,13,0,8,turkey4,0.25,0.75,0,1.62,1.62,1.0,4.0,1.33,6
Arnavutkoy B.,8,2,2,4,13,18,-5,8,turkey4,0.25,0.75,-5,1.62,2.25,1.0,4.0,1.33,6
Somaspor,8,1,3,4,7,10,-3,6,turkey4,0.12,0.88,-3,0.88,1.25,0.75,8.33,1.14,7
Derince,8,2,0,6,10,18,-8,6,turkey4,0.25,0.75,-8,1.25,2.25,0.75,4.0,1.33,7
Diyarbekirspor,8,1,1,6,4,16,-12,4,turkey4,0.12,0.88,-12,0.5,2.0,0.5,8.33,1.14,8
Nazillispor,8,0,0,8,7,26,-19,0,turkey4,0.0,1.0,-19,0.88,3.25,0.0,0.0,1.0,9
Giresunspor,8,0,0,8,5,26,-21,0,turkey4,0.0,1.0,-21,0.62,3.25,0.0,0.0,1.0,9
Musspor,8,6,0,2,16,6,10,18,turkey5,0.75,0.25,10,2.0,0.75,2.25,1.33,4.0,1
Karsiyaka,8,4,3,1,16,7,9,15,turkey5,0.5,0.5,9,2.0,0.88,1.88,2.0,2.0,2
Kutahyaspor,8,4,3,1,19,14,5,15,turkey5,0.5,0.5,5,2.38,1.75,1.88,2.0,2.0,2
Bursaspor,8,4,2,2,12,9,3,14,turkey5,0.5,0.5,3,1.5,1.12,1.75,2.0,2.0,3
Artvin Hopaspor,8,4,0,4,5,5,0,12,turkey5,0.5,0.5,0,0.62,0.62,1.5,2.0,2.0,4
Silifke,8,3,2,3,12,11,1,11,turkey5,0.38,0.62,1,1.5,1.38,1.38,2.63,1.61,5
Duzcespor,8,2,3,3,6,10,-4,9,turkey5,0.25,0.75,-4,0.75,1.25,1.12,4.0,1.33,6
Anadolu U.,8,2,2,4,10,17,-7,8,turkey5,0.25,0.75,-7,1.25,2.12,1.0,4.0,1.33,7
Kahramanmar.,8,2,1,5,8,12,-4,7,turkey5,0.25,0.75,-4,1.0,1.5,0.88,4.0,1.33,8
K. Bulvarspor,8,2,1,5,13,22,-9,7,turkey5,0.25,0.75,-9,1.62,2.75,0.88,4.0,1.33,8
Elaziz K.,8,1,2,5,3,8,-5,5,turkey5,0.12,0.88,-5,0.38,1.0,0.62,8.33,1.14,9
Viven Bornova,8,1,2,5,5,12,-7,5,turkey5,0.12,0.88,-7,0.62,1.5,0.62,8.33,1.14,9
Tokat,8,0,4,4,5,10,-5,4,turkey5,0.0,1.0,-5,0.62,1.25,0.5,0.0,1.0,10
Kusadasispor,8,1,1,6,7,15,-8,4,turkey5,0.12,0.88,-8,0.88,1.88,0.5,8.33,1.14,10
Ergene Velimese,8,1,0,7,3,17,-14,3,turkey5,0.12,0.88,-14,0.38,2.12,0.38,8.33,1.14,11
Kirsehir B.,8,0,2,6,4,14,-10,2,turkey5,0.0,1.0,-10,0.5,1.75,0.25,0.0,1.0,12
Muglaspor,8,5,2,1,18,4,14,17,turkey6,0.62,0.38,14,2.25,0.5,2.12,1.61,2.63,1
Tire 2021 FK,8,5,2,1,11,4,7,17,turkey6,0.62,0.38,7,1.38,0.5,2.12,1.61,2.63,1
Balikesirspor,8,5,1,2,13,8,5,16,turkey6,0.62,0.38,5,1.62,1.0,2.0,1.61,2.63,2
Etimesgut,8,4,2,2,10,11,-1,14,turkey6,0.5,0.5,-1,1.25,1.38,1.75,2.0,2.0,3
Silivrispor,8,4,1,3,14,10,4,13,turkey6,0.5,0.5,4,1.75,1.25,1.62,2.0,2.0,4
Inegol Kafkas,8,3,2,3,9,8,1,11,turkey6,0.38,0.62,1,1.12,1.0,1.38,2.63,1.61,5
Mazidagi,8,2,4,2,6,5,1,10,turkey6,0.25,0.75,1,0.75,0.62,1.25,4.0,1.33,6
Cayelispor,8,2,3,3,6,7,-1,9,turkey6,0.25,0.75,-1,0.75,0.88,1.12,4.0,1.33,7
Turk Metal 1963,8,2,3,3,8,13,-5,9,turkey6,0.25,0.75,-5,1.0,1.62,1.12,4.0,1.33,7
Fatsa B.,8,3,0,5,5,15,-10,9,turkey6,0.38,0.62,-10,0.62,1.88,1.12,2.63,1.61,7
Beykoz Ishaklis,8,2,2,4,10,13,-3,8,turkey6,0.25,0.75,-3,1.25,1.62,1.0,4.0,1.33,8
Amasyaspor,8,1,4,3,10,12,-2,7,turkey6,0.12,0.88,-2,1.25,1.5,0.88,8.33,1.14,9
Usakspor,8,1,4,3,6,11,-5,7,turkey6,0.12,0.88,-5,0.75,1.38,0.88,8.33,1.14,9
Kelkit,8,1,1,6,8,14,-6,4,turkey6,0.12,0.88,-6,1.0,1.75,0.5,8.33,1.14,10
Nevsehirspor,8,0,2,6,3,23,-20,2,turkey6,0.0,1.0,-20,0.38,2.88,0.25,0.0,1.0,11
Adiyaman,8,0,1,7,3,26,-23,1,turkey6,0.0,1.0,-23,0.38,3.25,0.12,0.0,1.0,12
Aliaga FAS,8,5,3,0,15,5,10,18,turkey7,0.62,0.38,10,1.88,0.62,2.25,1.61,2.63,1
Orduspor,8,5,2,1,14,4,10,17,turkey7,0.62,0.38,10,1.75,0.5,2.12,1.61,2.63,2
Ayvalikgucu,8,4,3,1,6,3,3,15,turkey7,0.5,0.5,3,0.75,0.38,1.88,2.0,2.0,3
Kucukcekmece,8,3,2,3,11,10,1,11,turkey7,0.38,0.62,1,1.38,1.25,1.38,2.63,1.61,4
Alanya 1221,8,3,1,4,9,10,-1,10,turkey7,0.38,0.62,-1,1.12,1.25,1.25,2.63,1.61,5
Pazarspor,8,2,3,3,13,13,0,9,turkey7,0.25,0.75,0,1.62,1.62,1.12,4.0,1.33,6
Corluspor,8,2,2,4,10,11,-1,8,turkey7,0.25,0.75,-1,1.25,1.38,1.0,4.0,1.33,7
Yozgat Bld Bozo,8,2,1,5,10,16,-6,7,turkey7,0.25,0.75,-6,1.25,2.0,0.88,4.0,1.33,8
Efeler 09,8,1,4,3,5,12,-7,7,turkey7,0.12,0.88,-7,0.62,1.5,0.88,8.33,1.14,8
Cankaya FK,8,2,1,5,10,20,-10,7,turkey7,0.25,0.75,-10,1.25,2.5,0.88,4.0,1.33,8
1922 Konyaspor,8,1,3,4,11,16,-5,6,turkey7,0.12,0.88,-5,1.38,2.0,0.75,8.33,1.14,9
K. Idmanyurdu,8,1,2,5,8,15,-7,5,turkey7,0.12,0.88,-7,1.0,1.88,0.62,8.33,1.14,10
1923 M.,8,1,1,6,7,18,-11,4,turkey7,0.12,0.88,-11,0.88,2.25,0.5,8.33,1.14,11
Viransehir,8,1,1,6,2,15,-13,4,turkey7,0.12,0.88,-13,0.25,1.88,0.5,8.33,1.14,11
Osmaniyespor,8,1,1,6,7,21,-14,4,turkey7,0.12,0.88,-14,0.88,2.62,0.5,8.33,1.14,11
Bayburt,8,0,2,6,6,19,-13,2,turkey7,0.0,1.0,-13,0.75,2.38,0.25,0.0,1.0,12
Mardin BB,8,5,2,1,17,8,9,17,turkey8,0.62,0.38,9,2.12,1.0,2.12,1.61,2.63,1
Sebat G.,8,5,2,1,16,9,7,17,turkey8,0.62,0.38,7,2.0,1.12,2.12,1.61,2.63,1
Kirikkale B.,8,5,0,3,14,13,1,15,turkey8,0.62,0.38,1,1.75,1.62,1.88,1.61,2.63,2
Agri 1970,8,4,3,1,9,8,1,15,turkey8,0.5,0.5,1,1.12,1.0,1.88,2.0,2.0,2
Orduspor 1967,8,4,0,4,15,13,2,12,turkey8,0.5,0.5,2,1.88,1.62,1.5,2.0,2.0,3
Z. Komurspor,8,3,2,3,7,11,-4,11,turkey8,0.38,0.62,-4,0.88,1.38,1.38,2.63,1.61,4
K. Istiklalspor,8,2,3,3,11,9,2,9,turkey8,0.25,0.75,2,1.38,1.12,1.12,4.0,1.33,5
Nilufer B.,8,2,2,4,4,7,-3,8,turkey8,0.25,0.75,-3,0.5,0.88,1.0,4.0,1.33,6
Tepecik,8,2,2,4,10,17,-7,8,turkey8,0.25,0.75,-7,1.25,2.12,1.0,4.0,1.33,6
Turgutluspor,8,1,3,4,8,13,-5,6,turkey8,0.12,0.88,-5,1.0,1.62,0.75,8.33,1.14,7
Coruhlu,8,1,3,4,12,19,-7,6,turkey8,0.12,0.88,-7,1.5,2.38,0.75,8.33,1.14,7
Erciyes,8,1,2,5,10,16,-6,5,turkey8,0.12,0.88,-6,1.25,2.0,0.62,8.33,1.14,8
Edirnespor,8,1,2,5,6,21,-15,5,turkey8,0.12,0.88,-15,0.75,2.62,0.62,8.33,1.14,8
Denizlispor,8,0,4,4,6,13,-7,4,turkey8,0.0,1.0,-7,0.75,1.62,0.5,0.0,1.0,9
Polatli B.,8,1,1,6,8,21,-13,4,turkey8,0.12,0.88,-13,1.0,2.62,0.5,8.33,1.14,9
Nigde Belediyes,8,0,2,6,4,15,-11,2,turkey8,0.0,1.0,-11,0.5,1.88,0.25,0.0,1.0,10
Al Wasl,8,5,1,2,15,9,6,16,uae,0.62,0.38,6,1.88,1.12,2.0,1.61,2.63,1
Shabab Al Ahli,8,4,3,1,13,7,6,15,uae,0.5,0.5,6,1.62,0.88,1.88,2.0,2.0,2
Al Bataeh,8,4,2,2,10,7,3,14,uae,0.5,0.5,3,1.25,0.88,1.75,2.0,2.0,3
Al Jazira,8,3,3,2,16,13,3,12,uae,0.38,0.62,3,2.0,1.62,1.5,2.63,1.61,4
Al Wahda,8,3,3,2,12,9,3,12,uae,0.38,0.62,3,1.5,1.12,1.5,2.63,1.61,4
Bani Yas,8,4,0,4,10,14,-4,12,uae,0.5,0.5,-4,1.25,1.75,1.5,2.0,2.0,4
Al Sharjah,8,3,2,3,6,8,-2,11,uae,0.38,0.62,-2,0.75,1.0,1.38,2.63,1.61,5
Khorfakkan,8,3,1,4,10,15,-5,10,uae,0.38,0.62,-5,1.25,1.88,1.25,2.63,1.61,6
Ittihad Kalba,8,2,3,3,12,14,-2,9,uae,0.25,0.75,-2,1.5,1.75,1.12,4.0,1.33,7
Al Nasr,8,2,3,3,11,15,-4,9,uae,0.25,0.75,-4,1.38,1.88,1.12,4.0,1.33,7
Al Ain,8,2,2,4,13,12,1,8,uae,0.25,0.75,1,1.62,1.5,1.0,4.0,1.33,8
Ajman,8,2,2,4,7,13,-6,8,uae,0.25,0.75,-6,0.88,1.62,1.0,4.0,1.33,8
Dibba Al Hisn,8,2,1,5,12,16,-4,7,uae,0.25,0.75,-4,1.5,2.0,0.88,4.0,1.33,9
Al Urooba,8,1,0,7,5,21,-16,3,uae,0.12,0.88,-16,0.62,2.62,0.38,8.33,1.14,10
Shakhtar,8,5,2,1,15,4,11,17,ukraine,0.62,0.38,11,1.88,0.5,2.12,1.61,2.63,1
Dynamo Kyiv,8,4,4,0,14,5,9,16,ukraine,0.5,0.5,9,1.75,0.62,2.0,2.0,2.0,2
Oleksandria,8,5,1,2,10,8,2,16,ukraine,0.62,0.38,2,1.25,1.0,2.0,1.61,2.63,2
Kolos Kovalivka,8,5,0,3,13,7,6,15,ukraine,0.62,0.38,6,1.62,0.88,1.88,1.61,2.63,3
Polessya,8,4,3,1,8,7,1,15,ukraine,0.5,0.5,1,1.0,0.88,1.88,2.0,2.0,3
Rukh Lviv,8,4,1,3,7,8,-1,13,ukraine,0.5,0.5,-1,0.88,1.0,1.62,2.0,2.0,4
Kryvbas KR,8,3,3,2,6,5,1,12,ukraine,0.38,0.62,1,0.75,0.62,1.5,2.63,1.61,5
Obolon,8,3,1,4,7,11,-4,10,ukraine,0.38,0.62,-4,0.88,1.38,1.25,2.63,1.61,6
Vorskla Poltava,8,2,3,3,5,7,-2,9,ukraine,0.25,0.75,-2,0.62,0.88,1.12,4.0,1.33,7
Karpaty Lviv,8,2,3,3,9,12,-3,9,ukraine,0.25,0.75,-3,1.12,1.5,1.12,4.0,1.33,7
Veres,8,2,1,5,6,14,-8,7,ukraine,0.25,0.75,-8,0.75,1.75,0.88,4.0,1.33,8
LNZ Cherkasy,8,1,3,4,3,8,-5,6,ukraine,0.12,0.88,-5,0.38,1.0,0.75,8.33,1.14,9
Zorya Luhansk,8,1,3,4,8,14,-6,6,ukraine,0.12,0.88,-6,1.0,1.75,0.75,8.33,1.14,9
Chornomorets,8,2,0,6,7,15,-8,6,ukraine,0.25,0.75,-8,0.88,1.88,0.75,4.0,1.33,9
Livyi Bereh,8,2,0,6,4,12,-8,6,ukraine,0.25,0.75,-8,0.5,1.5,0.75,4.0,1.33,9
Inhulets,8,1,2,5,7,17,-10,5,ukraine,0.12,0.88,-10,0.88,2.12,0.62,8.33,1.14,10
Dnipro-1,0,0,0,0,0,0,0,0,ukraine,0.0,0.0,0,0.0,0.0,0.0,0.0,0.0,11
Penarol,8,5,2,1,11,5,6,17,uruguay,0.62,0.38,6,1.38,0.62,2.12,1.61,2.63,1
Nacional,7,5,1,1,18,7,11,16,uruguay,0.71,0.29,11,2.57,1.0,2.29,1.41,3.45,2
Liverpool M.,8,4,3,1,10,4,6,15,uruguay,0.5,0.5,6,1.25,0.5,1.88,2.0,2.0,3
Juventud,8,4,2,2,12,9,3,14,uruguay,0.5,0.5,3,1.5,1.12,1.75,2.0,2.0,4
Racing CM,8,4,2,2,7,4,3,14,uruguay,0.5,0.5,3,0.88,0.5,1.75,2.0,2.0,4
Plaza Colonia,8,3,3,2,8,7,1,12,uruguay,0.38,0.62,1,1.0,0.88,1.5,2.63,1.61,5
Defensor S.,7,3,2,2,7,6,1,11,uruguay,0.43,0.57,1,1.0,0.86,1.57,2.33,1.75,6
Boston River,7,3,2,2,9,10,-1,11,uruguay,0.43,0.57,-1,1.29,1.43,1.57,2.33,1.75,6
Progreso,7,2,4,1,9,10,-1,10,uruguay,0.29,0.71,-1,1.29,1.43,1.43,3.45,1.41,7
Montevideo City,8,2,3,3,7,11,-4,9,uruguay,0.25,0.75,-4,0.88,1.38,1.12,4.0,1.33,8
Danubio,7,1,3,3,6,9,-3,6,uruguay,0.14,0.86,-3,0.86,1.29,0.86,7.14,1.16,9
Cerro Largo,7,1,3,3,3,6,-3,6,uruguay,0.14,0.86,-3,0.43,0.86,0.86,7.14,1.16,9
Cerro,8,1,3,4,6,13,-7,6,uruguay,0.12,0.88,-7,0.75,1.62,0.75,8.33,1.14,9
Wanderers,7,1,1,5,5,11,-6,4,uruguay,0.14,0.86,-6,0.71,1.57,0.57,7.14,1.16,10
Miramar Misione,7,1,1,5,8,15,-7,4,uruguay,0.14,0.86,-7,1.14,2.14,0.57,7.14,1.16,10
River Plate,8,0,3,5,6,13,-7,3,uruguay,0.0,1.0,-7,0.75,1.62,0.38,0.0,1.0,11
Defensor S.,4,3,0,1,5,2,3,9,uruguay2,0.75,0.25,3,1.25,0.5,2.25,1.33,4.0,1
Danubio,4,2,2,0,7,5,2,8,uruguay2,0.5,0.5,2,1.75,1.25,2.0,2.0,2.0,2
Cerro Largo,3,2,1,0,3,0,3,7,uruguay2,0.67,0.33,3,1.0,0.0,2.33,1.49,3.03,3
Nacional,3,2,0,1,10,3,7,6,uruguay2,0.67,0.33,7,3.33,1.0,2.0,1.49,3.03,4
Penarol,3,2,0,1,5,3,2,6,uruguay2,0.67,0.33,2,1.67,1.0,2.0,1.49,3.03,4
River Plate,4,2,0,2,4,3,1,6,uruguay2,0.5,0.5,1,1.0,0.75,1.5,2.0,2.0,4
Miramar Misione,4,2,0,2,4,7,-3,6,uruguay2,0.5,0.5,-3,1.0,1.75,1.5,2.0,2.0,4
D. Maldonado,4,1,2,1,3,3,0,5,uruguay2,0.25,0.75,0,0.75,0.75,1.25,4.0,1.33,5
Wanderers,3,1,1,1,3,4,-1,4,uruguay2,0.33,0.67,-1,1.0,1.33,1.33,3.03,1.49,6
Rampla Juniors,4,1,1,2,3,7,-4,4,uruguay2,0.25,0.75,-4,0.75,1.75,1.0,4.0,1.33,6
Racing CM,4,0,3,1,6,7,-1,3,uruguay2,0.0,1.0,-1,1.5,1.75,0.75,0.0,1.0,7
Fenix,3,1,0,2,4,5,-1,3,uruguay2,0.33,0.67,-1,1.33,1.67,1.0,3.03,1.49,7
Cerro,3,1,0,2,1,3,-2,3,uruguay2,0.33,0.67,-2,0.33,1.0,1.0,3.03,1.49,7
Progreso,3,0,2,1,4,6,-2,2,uruguay2,0.0,1.0,-2,1.33,2.0,0.67,0.0,1.0,8
Boston River,3,0,1,2,1,3,-2,1,uruguay2,0.0,1.0,-2,0.33,1.0,0.33,0.0,1.0,9
Liverpool M.,4,0,0,4,3,8,-5,0,uruguay2,0.0,1.0,-5,0.75,2.0,0.0,0.0,1.0,10
Cincinnati,8,4,1,3,9,11,-2,13,usa,0.5,0.5,-2,1.12,1.38,1.62,2.0,2.0,1
Vancouver,6,3,3,0,8,2,6,12,usa,0.5,0.5,6,1.33,0.33,2.0,2.0,2.0,2
Philadelphia,6,4,0,2,10,6,4,12,usa,0.67,0.33,4,1.67,1.0,2.0,1.49,3.03,2
Columbus Crew,6,3,3,0,9,6,3,12,usa,0.5,0.5,3,1.5,1.0,2.0,2.0,2.0,2
Chicago Fire,7,4,0,3,17,17,0,12,usa,0.57,0.43,0,2.43,2.43,1.71,1.75,2.33,2
Dallas,7,3,3,1,11,13,-2,12,usa,0.43,0.57,-2,1.57,1.86,1.71,2.33,1.75,2
Portland,7,3,2,2,12,10,2,11,usa,0.43,0.57,2,1.71,1.43,1.57,2.33,1.75,3
Inter Miami,6,3,2,1,11,9,2,11,usa,0.5,0.5,2,1.83,1.5,1.83,2.0,2.0,3
Minnesota Utd,7,3,2,2,9,7,2,11,usa,0.43,0.57,2,1.29,1.0,1.57,2.33,1.75,3
New England,7,3,2,2,8,6,2,11,usa,0.43,0.57,2,1.14,0.86,1.57,2.33,1.75,3
Orlando City,7,2,4,1,8,5,3,10,usa,0.29,0.71,3,1.14,0.71,1.43,3.45,1.41,4
San Diego,6,3,0,3,10,10,0,9,usa,0.5,0.5,0,1.67,1.67,1.5,2.0,2.0,5
Seattle,8,2,3,3,7,12,-5,9,usa,0.25,0.75,-5,0.88,1.5,1.12,4.0,1.33,5
Toronto,7,2,2,3,13,12,1,8,usa,0.29,0.71,1,1.86,1.71,1.14,3.45,1.41,6
Colorado Rapids,7,2,2,3,6,9,-3,8,usa,0.29,0.71,-3,0.86,1.29,1.14,3.45,1.41,6
SJ Earthquakes,6,2,1,3,7,9,-2,7,usa,0.33,0.67,-2,1.17,1.5,1.17,3.03,1.49,7
Real Salt Lake,8,2,1,5,8,14,-6,7,usa,0.25,0.75,-6,1.0,1.75,0.88,4.0,1.33,7
Houston Dynamo,6,1,3,2,4,6,-2,6,usa,0.17,0.83,-2,0.67,1.0,1.0,5.88,1.2,8
Los Angeles FC,7,1,3,3,13,16,-3,6,usa,0.14,0.86,-3,1.86,2.29,0.86,7.14,1.16,8
New York City,7,1,3,3,6,9,-3,6,usa,0.14,0.86,-3,0.86,1.29,0.86,7.14,1.16,8
Austin,6,2,0,4,4,10,-6,6,usa,0.33,0.67,-6,0.67,1.67,1.0,3.03,1.49,8
Sporting KC,8,1,2,5,10,13,-3,5,usa,0.12,0.88,-3,1.25,1.62,0.62,8.33,1.14,9
St. Louis City,7,1,2,4,6,12,-6,5,usa,0.14,0.86,-6,0.86,1.71,0.71,7.14,1.16,9
CF Montreal,8,1,2,5,3,10,-7,5,usa,0.12,0.88,-7,0.38,1.25,0.62,8.33,1.14,9
DC United,7,1,2,4,6,18,-12,5,usa,0.14,0.86,-12,0.86,2.57,0.71,7.14,1.16,9
Nashville SC,5,1,1,3,5,9,-4,4,usa,0.2,0.8,-4,1.0,1.8,0.8,5.0,1.25,10
Charlotte,7,1,1,5,7,14,-7,4,usa,0.14,0.86,-7,1.0,2.0,0.57,7.14,1.16,10
New York RB,7,0,2,5,3,11,-8,2,usa,0.0,1.0,-8,0.43,1.57,0.29,0.0,1.0,11
Atlanta Utd,6,0,2,4,4,13,-9,2,usa,0.0,1.0,-9,0.67,2.17,0.33,0.0,1.0,11
Detroit City,7,3,3,1,10,8,2,12,usa2,0.43,0.57,2,1.43,1.14,1.71,2.33,1.75,1
Rhode Island,7,3,1,3,9,8,1,10,usa2,0.43,0.57,1,1.29,1.14,1.43,2.33,1.75,2
FC Tulsa,4,3,0,1,8,3,5,9,usa2,0.75,0.25,5,2.0,0.75,2.25,1.33,4.0,3
Louisville City,5,2,3,0,7,5,2,9,usa2,0.4,0.6,2,1.4,1.0,1.8,2.5,1.67,3
New Mexico,5,3,0,2,8,7,1,9,usa2,0.6,0.4,1,1.6,1.4,1.8,1.67,2.5,3
Loudoun Utd,6,3,0,3,8,8,0,9,usa2,0.5,0.5,0,1.33,1.33,1.5,2.0,2.0,3
Phoenix Rising,5,2,2,1,10,10,0,8,usa2,0.4,0.6,0,2.0,2.0,1.6,2.5,1.67,4
North Carolina,5,2,1,2,6,5,1,7,usa2,0.4,0.6,1,1.2,1.0,1.4,2.5,1.67,5
San Antonio,4,2,1,1,5,7,-2,7,usa2,0.5,0.5,-2,1.25,1.75,1.75,2.0,2.0,5
Charleston,3,2,0,1,7,4,3,6,usa2,0.67,0.33,3,2.33,1.33,2.0,1.49,3.03,6
Colorado S.,6,1,3,2,10,11,-1,6,usa2,0.17,0.83,-1,1.67,1.83,1.0,5.88,1.2,6
Monterey Bay,7,1,3,3,4,5,-1,6,usa2,0.14,0.86,-1,0.57,0.71,0.86,7.14,1.16,6
Oakland Roots,5,2,0,3,10,13,-3,6,usa2,0.4,0.6,-3,2.0,2.6,1.2,2.5,1.67,6
Indy Eleven,4,1,2,1,6,6,0,5,usa2,0.25,0.75,0,1.5,1.5,1.25,4.0,1.33,7
El Paso,5,1,2,2,5,7,-2,5,usa2,0.2,0.8,-2,1.0,1.4,1.0,5.0,1.25,7
Miami FC,2,1,1,0,3,2,1,4,usa2,0.5,0.5,1,1.5,1.0,2.0,2.0,2.0,8
Sacramento R.,4,1,1,2,4,5,-1,4,usa2,0.25,0.75,-1,1.0,1.25,1.0,4.0,1.33,8
Tampa Bay,4,1,0,3,3,5,-2,3,usa2,0.25,0.75,-2,0.75,1.25,0.75,4.0,1.33,9
Birmingham L.,4,0,2,2,4,7,-3,2,usa2,0.0,1.0,-3,1.0,1.75,0.5,0.0,1.0,10
Pittsburgh,6,0,2,4,3,8,-5,2,usa2,0.0,1.0,-5,0.5,1.33,0.33,0.0,1.0,10
Las Vegas L.,3,0,2,1,0,5,-5,2,usa2,0.0,1.0,-5,0.0,1.67,0.67,0.0,1.0,10
Lexington,4,0,1,3,4,11,-7,1,usa2,0.0,1.0,-7,1.0,2.75,0.25,0.0,1.0,11
Orange County,3,0,0,3,0,4,-4,0,usa2,0.0,1.0,-4,0.0,1.33,0.0,0.0,1.0,12
Hartford A.,4,0,0,4,2,9,-7,0,usa2,0.0,1.0,-7,0.5,2.25,0.0,0.0,1.0,12
One Knoxville,6,3,2,1,8,6,2,11,usa3,0.5,0.5,2,1.33,1.0,1.83,2.0,2.0,1
Spokane V.,3,3,0,0,7,1,6,9,usa3,1.0,0.0,6,2.33,0.33,3.0,1.0,0.0,2
Charlotte I.,3,2,0,1,7,6,1,6,usa3,0.67,0.33,1,2.33,2.0,2.0,1.49,3.03,3
Naples,4,2,0,2,6,5,1,6,usa3,0.5,0.5,1,1.5,1.25,1.5,2.0,2.0,3
Forward Madison,5,1,3,1,5,6,-1,6,usa3,0.2,0.8,-1,1.0,1.2,1.2,5.0,1.25,3
Westchester SC,5,1,2,2,9,11,-2,5,usa3,0.2,0.8,-2,1.8,2.2,1.0,5.0,1.25,4
Richmond K.,5,1,1,3,5,6,-1,4,usa3,0.2,0.8,-1,1.0,1.2,0.8,5.0,1.25,5
Union Omaha,5,1,1,3,4,7,-3,4,usa3,0.2,0.8,-3,0.8,1.4,0.8,5.0,1.25,5
Portland Hearts,4,0,3,1,3,4,-1,3,usa3,0.0,1.0,-1,0.75,1.0,0.75,0.0,1.0,6
Chattanooga RW,3,0,2,1,3,4,-1,2,usa3,0.0,1.0,-1,1.0,1.33,0.67,0.0,1.0,7
Texoma,3,0,2,1,2,5,-3,2,usa3,0.0,1.0,-3,0.67,1.67,0.67,0.0,1.0,7
Tormenta,2,0,1,1,4,5,-1,1,usa3,0.0,1.0,-1,2.0,2.5,0.5,0.0,1.0,8
Greenville,2,0,1,1,3,4,-1,1,usa3,0.0,1.0,-1,1.5,2.0,0.5,0.0,1.0,8
Alta,3,0,1,2,3,7,-4,1,usa3,0.0,1.0,-4,1.0,2.33,0.33,0.0,1.0,8
UCV,7,5,1,1,9,3,6,16,venezuela,0.71,0.29,6,1.29,0.43,2.29,1.41,3.45,1
D. La Guaira,7,4,2,1,11,7,4,14,venezuela,0.57,0.43,4,1.57,1.0,2.0,1.75,2.33,2
Carabobo,7,4,2,1,8,5,3,14,venezuela,0.57,0.43,3,1.14,0.71,2.0,1.75,2.33,2
D. Tachira,6,2,2,2,9,7,2,8,venezuela,0.33,0.67,2,1.5,1.17,1.33,3.03,1.49,3
Puerto Cabello,7,2,2,3,6,4,2,8,venezuela,0.29,0.71,2,0.86,0.57,1.14,3.45,1.41,3
A. Anzoategui,6,2,2,2,8,8,0,8,venezuela,0.33,0.67,0,1.33,1.33,1.33,3.03,1.49,3
Caracas,7,2,2,3,9,10,-1,8,venezuela,0.29,0.71,-1,1.29,1.43,1.14,3.45,1.41,3
Portuguesa,6,1,3,2,4,4,0,6,venezuela,0.17,0.83,0,0.67,0.67,1.0,5.88,1.2,4
Monagas,6,1,2,3,6,7,-1,5,venezuela,0.17,0.83,-1,1.0,1.17,0.83,5.88,1.2,5
Metropolitanos,7,1,2,4,6,12,-6,5,venezuela,0.14,0.86,-6,0.86,1.71,0.71,7.14,1.16,5
Zamora,7,0,3,4,4,10,-6,3,venezuela,0.0,1.0,-6,0.57,1.43,0.43,0.0,1.0,6
Yaracuyanos,6,0,2,4,4,12,-8,2,venezuela,0.0,1.0,-8,0.67,2.0,0.33,0.0,1.0,7
E. Merida,6,0,1,5,5,12,-7,1,venezuela,0.0,1.0,-7,0.83,2.0,0.17,0.0,1.0,8
Rayo Zuliano,6,0,0,6,5,13,-8,0,venezuela,0.0,1.0,-8,0.83,2.17,0.0,0.0,1.0,9
D. Samarqand,6,3,3,0,8,4,4,12,uzbekistan,0.5,0.5,4,1.33,0.67,2.0,2.0,2.0,1
Nasaf Qarshi,5,3,2,0,11,4,7,11,uzbekistan,0.6,0.4,7,2.2,0.8,2.2,1.67,2.5,2
Neftchi,5,2,3,0,10,5,5,9,uzbekistan,0.4,0.6,5,2.0,1.0,1.8,2.5,1.67,3
AGMK,4,3,0,1,7,3,4,9,uzbekistan,0.75,0.25,4,1.75,0.75,2.25,1.33,4.0,3
Bunyodkor,4,2,2,0,6,2,4,8,uzbekistan,0.5,0.5,4,1.5,0.5,2.0,2.0,2.0,4
Pakhtakor,5,2,0,3,8,6,2,6,uzbekistan,0.4,0.6,2,1.6,1.2,1.2,2.5,1.67,5
Navbahor,5,2,0,3,10,11,-1,6,uzbekistan,0.4,0.6,-1,2.0,2.2,1.2,2.5,1.67,5
Mashal,6,2,0,4,3,11,-8,6,uzbekistan,0.33,0.67,-8,0.5,1.83,1.0,3.03,1.49,5
Andijan,6,1,2,3,9,11,-2,5,uzbekistan,0.17,0.83,-2,1.5,1.83,0.83,5.88,1.2,6
Kokand-1912,4,1,1,2,3,5,-2,4,uzbekistan,0.25,0.75,-2,0.75,1.25,1.0,4.0,1.33,7
Xorazm,3,1,0,2,2,2,0,3,uzbekistan,0.33,0.67,0,0.67,0.67,1.0,3.03,1.49,8
Buxoro,5,1,0,4,5,13,-8,3,uzbekistan,0.2,0.8,-8,1.0,2.6,0.6,5.0,1.25,8
Shurtan,5,0,2,3,1,6,-5,2,uzbekistan,0.0,1.0,-5,0.2,1.2,0.4,0.0,1.0,9
Qizilqum,4,0,2,2,2,8,-6,2,uzbekistan,0.0,1.0,-6,0.5,2.0,0.5,0.0,1.0,9
Sogdiana,6,0,1,5,5,10,-5,1,uzbekistan,0.0,1.0,-5,0.83,1.67,0.17,0.0,1.0,10
Termez Surkhon,5,0,1,4,1,7,-6,1,uzbekistan,0.0,1.0,-6,0.2,1.4,0.2,0.0,1.0,10
Nam Dinh,8,4,4,0,14,3,11,16,vietnam,0.5,0.5,11,1.75,0.38,2.0,2.0,2.0,1
Ha Noi,8,4,3,1,13,5,8,15,vietnam,0.5,0.5,8,1.62,0.62,1.88,2.0,2.0,2
Hong Linh Ha T.,8,3,4,1,7,5,2,13,vietnam,0.38,0.62,2,0.88,0.62,1.62,2.63,1.61,3
Cong An Nhan,8,3,2,3,11,7,4,11,vietnam,0.38,0.62,4,1.38,0.88,1.38,2.63,1.61,4
Viettel,8,2,3,3,11,13,-2,9,vietnam,0.25,0.75,-2,1.38,1.62,1.12,4.0,1.33,5
Quang Nam,8,1,5,2,10,11,-1,8,vietnam,0.12,0.88,-1,1.25,1.38,1.0,8.33,1.14,6
Hai Phong,8,2,2,4,7,9,-2,8,vietnam,0.25,0.75,-2,0.88,1.12,1.0,4.0,1.33,6
Song Lam Nghe,8,1,4,3,5,9,-4,7,vietnam,0.12,0.88,-4,0.62,1.12,0.88,8.33,1.14,7
Ho Chi Minh,8,1,4,3,8,15,-7,7,vietnam,0.12,0.88,-7,1.0,1.88,0.88,8.33,1.14,7
Binh Duong,8,2,1,5,6,14,-8,7,vietnam,0.25,0.75,-8,0.75,1.75,0.88,4.0,1.33,7
Thanh Hoa,8,1,2,5,7,12,-5,5,vietnam,0.12,0.88,-5,0.88,1.5,0.62,8.33,1.14,8
Binh Dinh,8,1,1,6,6,16,-10,4,vietnam,0.12,0.88,-10,0.75,2.0,0.5,8.33,1.14,9
Gia Lai,8,1,1,6,7,18,-11,4,vietnam,0.12,0.88,-11,0.88,2.25,0.5,8.33,1.14,9
Da Nang,8,1,1,6,5,19,-14,4,vietnam,0.12,0.88,-14,0.62,2.38,0.5,8.33,1.14,9
Phu Dong,8,7,1,0,15,1,14,22,vietnam2,0.88,0.12,14,1.88,0.12,2.75,1.14,8.33,1
Binh Phuoc,8,6,2,0,11,2,9,20,vietnam2,0.75,0.25,9,1.38,0.25,2.5,1.33,4.0,2
PVF-CAND,8,4,3,1,11,5,6,15,vietnam2,0.5,0.5,6,1.38,0.62,1.88,2.0,2.0,3
S. Khanh Hoa,8,2,4,2,8,10,-2,10,vietnam2,0.25,0.75,-2,1.0,1.25,1.25,4.0,1.33,4
Dong Nai,8,1,5,2,5,6,-1,8,vietnam2,0.12,0.88,-1,0.62,0.75,1.0,8.33,1.14,5
Long An,8,1,4,3,2,8,-6,7,vietnam2,0.12,0.88,-6,0.25,1.0,0.88,8.33,1.14,6
Hue,8,2,1,5,6,13,-7,7,vietnam2,0.25,0.75,-7,0.75,1.62,0.88,4.0,1.33,6
Ho Chi Minh B,8,1,3,4,4,11,-7,6,vietnam2,0.12,0.88,-7,0.5,1.38,0.75,8.33,1.14,7
Ba Ria Vung Tau,8,2,0,6,6,17,-11,6,vietnam2,0.25,0.75,-11,0.75,2.12,0.75,4.0,1.33,7
Hoa Binh,8,1,2,5,4,9,-5,5,vietnam2,0.12,0.88,-5,0.5,1.12,0.62,8.33,1.14,8
Dong Thap,8,0,4,4,3,8,-5,4,vietnam2,0.0,1.0,-5,0.38,1.0,0.5,0.0,1.0,9
The New Saints,8,6,0,2,19,5,14,18,wales,0.75,0.25,14,2.38,0.62,2.25,1.33,4.0,1
Briton Ferry,8,4,1,3,15,17,-2,13,wales,0.5,0.5,-2,1.88,2.12,1.62,2.0,2.0,2
Barry,8,3,2,3,14,14,0,11,wales,0.38,0.62,0,1.75,1.75,1.38,2.63,1.61,3
Connahs Quay,8,3,1,4,11,9,2,10,wales,0.38,0.62,2,1.38,1.12,1.25,2.63,1.61,4
Penybont,8,3,0,5,13,18,-5,9,wales,0.38,0.62,-5,1.62,2.25,1.12,2.63,1.61,5
Haverfordwest,8,1,5,2,6,9,-3,8,wales,0.12,0.88,-3,0.75,1.12,1.0,8.33,1.14,6
Caernarfon,8,2,2,4,11,15,-4,8,wales,0.25,0.75,-4,1.38,1.88,1.0,4.0,1.33,6
Flint,8,2,1,5,9,23,-14,7,wales,0.25,0.75,-14,1.12,2.88,0.88,4.0,1.33,7
Aberystwyth,8,2,0,6,7,18,-11,6,wales,0.25,0.75,-11,0.88,2.25,0.75,4.0,1.33,8
Bala Town,8,1,2,5,8,15,-7,5,wales,0.12,0.88,-7,1.0,1.88,0.62,8.33,1.14,9
Newtown,8,1,1,6,5,14,-9,4,wales,0.12,0.88,-9,0.62,1.75,0.5,8.33,1.14,10
Cardiff MU,8,0,3,5,5,11,-6,3,wales,0.0,1.0,-6,0.62,1.38,0.38,0.0,1.0,11
