Equipe_Fora,GP,W,D,L,GF,GA,GD,Pts_Away,Liga,PIA,PIA_HA,GD_Away,GF_AVG_Away,Odd_Justa_MO,Odd_Justa_HA,Rank_Away
Vllaznia S.,8,3,3,2,12,8,4,12,Albania - Abissnet Superiore,0.38,0.75,4,1.5,2.63,1.33,1
Dinamo Tirana,8,2,4,2,11,10,1,10,Albania - Abissnet Superiore,0.25,0.75,1,1.38,4.0,1.33,2
AF Elbasani,8,1,5,2,10,12,-2,8,Albania - Abissnet Superiore,0.12,0.75,-2,1.25,8.33,1.33,3
Partizani T.,8,2,2,4,5,9,-4,8,Albania - Abissnet Superiore,0.25,0.5,-4,0.62,4.0,2.0,3
Bylis,8,2,2,4,10,16,-6,8,Albania - Abissnet Superiore,0.25,0.5,-6,1.25,4.0,2.0,3
Skenderbeu K.,8,1,4,3,6,6,0,7,Albania - Abissnet Superiore,0.12,0.62,0,0.75,8.33,1.61,4
Laci,8,2,1,5,7,12,-5,7,Albania - Abissnet Superiore,0.25,0.38,-5,0.88,4.0,2.63,4
KF Tirana,8,1,3,4,9,11,-2,6,Albania - Abissnet Superiore,0.12,0.5,-2,1.12,8.33,2.0,5
Teuta Durres,8,0,2,6,4,14,-10,2,Albania - Abissnet Superiore,0.0,0.25,-10,0.5,0.0,4.0,6
MC Alger,8,6,2,0,13,3,10,20,Algeria - Ligue 1,0.75,1.0,10,1.62,1.33,1.0,1
CR Belouizdad,8,4,2,2,9,5,4,14,Algeria - Ligue 1,0.5,0.75,4,1.12,2.0,1.33,2
Paradou AC,8,3,3,2,10,9,1,12,Algeria - Ligue 1,0.38,0.75,1,1.25,2.63,1.33,3
El Bayadh,8,3,1,4,5,9,-4,10,Algeria - Ligue 1,0.38,0.5,-4,0.62,2.63,2.0,4
O. Akbou,8,2,2,4,7,8,-1,8,Algeria - Ligue 1,0.25,0.5,-1,0.88,4.0,2.0,5
USM Alger,8,1,5,2,3,4,-1,8,Algeria - Ligue 1,0.12,0.75,-1,0.38,8.33,1.33,5
CS Constantine,8,2,2,4,7,9,-2,8,Algeria - Ligue 1,0.25,0.5,-2,0.88,4.0,2.0,5
ES Setif,8,2,2,4,7,9,-2,8,Algeria - Ligue 1,0.25,0.5,-2,0.88,4.0,2.0,5
ASO Chlef,8,1,4,3,7,10,-3,7,Algeria - Ligue 1,0.12,0.62,-3,0.88,8.33,1.61,6
JS Kabylie,8,1,4,3,7,10,-3,7,Algeria - Ligue 1,0.12,0.62,-3,0.88,8.33,1.61,6
Khenchela,8,1,2,5,3,15,-12,5,Algeria - Ligue 1,0.12,0.38,-12,0.38,8.33,2.63,7
Mostaganem,8,1,1,6,4,10,-6,4,Algeria - Ligue 1,0.12,0.25,-6,0.5,8.33,4.0,8
JS Saoura,8,1,1,6,5,13,-8,4,Algeria - Ligue 1,0.12,0.25,-8,0.62,8.33,4.0,8
Biskra,8,0,3,5,4,10,-6,3,Algeria - Ligue 1,0.0,0.38,-6,0.5,0.0,2.63,9
NC Magra,8,0,2,6,3,13,-10,2,Algeria - Ligue 1,0.0,0.25,-10,0.38,0.0,4.0,10
MC Oran,8,0,1,7,4,15,-11,1,Algeria - Ligue 1,0.0,0.12,-11,0.5,0.0,8.33,11
Defensa y J.,5,3,1,1,8,3,5,10,Argentina - Liga Profesional,0.6,0.8,5,1.6,1.67,1.25,1
Argentinos Jrs,4,3,1,0,6,3,3,10,Argentina - Liga Profesional,0.75,1.0,3,1.5,1.33,1.0,1
Rosario Central,5,2,2,1,5,2,3,8,Argentina - Liga Profesional,0.4,0.8,3,1.0,2.5,1.25,2
D. Riestra,4,2,1,1,6,2,4,7,Argentina - Liga Profesional,0.5,0.75,4,1.5,2.0,1.33,3
Boca Juniors,4,2,1,1,5,3,2,7,Argentina - Liga Profesional,0.5,0.75,2,1.25,2.0,1.33,3
I. Rivadavia,4,2,1,1,4,2,2,7,Argentina - Liga Profesional,0.5,0.75,2,1.0,2.0,1.33,3
San Lorenzo,4,2,1,1,3,2,1,7,Argentina - Liga Profesional,0.5,0.75,1,0.75,2.0,1.33,3
Godoy Cruz,4,2,1,1,4,4,0,7,Argentina - Liga Profesional,0.5,0.75,0,1.0,2.0,1.33,3
Estudiantes,4,1,3,0,6,4,2,6,Argentina - Liga Profesional,0.25,1.0,2,1.5,4.0,1.0,4
River Plate,4,1,3,0,3,1,2,6,Argentina - Liga Profesional,0.25,1.0,2,0.75,4.0,1.0,4
Tigre,4,2,0,2,6,5,1,6,Argentina - Liga Profesional,0.5,0.5,1,1.5,2.0,2.0,4
Barracas C.,3,1,2,0,4,2,2,5,Argentina - Liga Profesional,0.33,1.0,2,1.33,3.03,1.0,5
Huracan,4,1,2,1,5,4,1,5,Argentina - Liga Profesional,0.25,0.75,1,1.25,4.0,1.33,5
Independiente,4,1,2,1,4,5,-1,5,Argentina - Liga Profesional,0.25,0.75,-1,1.0,4.0,1.33,5
T. de Cordoba,3,1,1,1,1,1,0,4,Argentina - Liga Profesional,0.33,0.67,0,0.33,3.03,1.49,6
Lanus,4,1,1,2,3,4,-1,4,Argentina - Liga Profesional,0.25,0.5,-1,0.75,4.0,2.0,6
Platense,4,1,1,2,3,4,-1,4,Argentina - Liga Profesional,0.25,0.5,-1,0.75,4.0,2.0,6
A. Tucuman,4,1,1,2,3,6,-3,4,Argentina - Liga Profesional,0.25,0.5,-3,0.75,4.0,2.0,6
Gimnasia,5,1,1,3,1,6,-5,4,Argentina - Liga Profesional,0.2,0.4,-5,0.2,5.0,2.5,6
Racing Club,4,1,0,3,5,7,-2,3,Argentina - Liga Profesional,0.25,0.25,-2,1.25,4.0,4.0,7
Banfield,4,1,0,3,1,3,-2,3,Argentina - Liga Profesional,0.25,0.25,-2,0.25,4.0,4.0,7
Newells,4,1,0,3,2,8,-6,3,Argentina - Liga Profesional,0.25,0.25,-6,0.5,4.0,4.0,7
SM San Juan,4,0,2,2,1,3,-2,2,Argentina - Liga Profesional,0.0,0.5,-2,0.25,0.0,2.0,8
Central Cordoba,3,0,1,2,6,8,-2,1,Argentina - Liga Profesional,0.0,0.33,-2,2.0,0.0,3.03,9
Instituto,5,0,1,4,0,6,-6,1,Argentina - Liga Profesional,0.0,0.2,-6,0.0,0.0,5.0,9
Velez Sarsfield,4,0,1,3,0,8,-8,1,Argentina - Liga Profesional,0.0,0.25,-8,0.0,0.0,4.0,9
Sarmiento,5,0,1,4,3,12,-9,1,Argentina - Liga Profesional,0.0,0.2,-9,0.6,0.0,5.0,9
Belgrano,4,0,1,3,2,12,-10,1,Argentina - Liga Profesional,0.0,0.25,-10,0.5,0.0,4.0,9
Union Santa Fe,3,0,0,3,1,5,-4,0,Argentina - Liga Profesional,0.0,0.0,-4,0.33,0.0,0.0,10
D. de Belgrano,2,1,1,0,3,0,3,4,Argentina - Primera Nacional,0.5,1.0,3,1.5,2.0,1.0,1
San Telmo,3,1,1,1,3,2,1,4,Argentina - Primera Nacional,0.33,0.67,1,1.0,3.03,1.49,1
CA Estudiantes,2,1,1,0,2,1,1,4,Argentina - Primera Nacional,0.5,1.0,1,1.0,2.0,1.0,1
Defensores U.,2,1,1,0,2,1,1,4,Argentina - Primera Nacional,0.5,1.0,1,1.0,2.0,1.0,1
Gimnasia y Tiro,2,1,1,0,2,1,1,4,Argentina - Primera Nacional,0.5,1.0,1,1.0,2.0,1.0,1
Los Andes,2,1,1,0,2,1,1,4,Argentina - Primera Nacional,0.5,1.0,1,1.0,2.0,1.0,1
G. Mendoza,2,1,1,0,1,0,1,4,Argentina - Primera Nacional,0.5,1.0,1,0.5,2.0,1.0,1
SM Tucuman,2,1,1,0,1,0,1,4,Argentina - Primera Nacional,0.5,1.0,1,0.5,2.0,1.0,1
Patronato,3,1,1,1,4,4,0,4,Argentina - Primera Nacional,0.33,0.67,0,1.33,3.03,1.49,1
Chacarita J.,3,1,1,1,2,2,0,4,Argentina - Primera Nacional,0.33,0.67,0,0.67,3.03,1.49,1
Chaco For Ever,2,1,0,1,3,2,1,3,Argentina - Primera Nacional,0.5,0.5,1,1.5,2.0,2.0,2
Colon Santa Fe,1,1,0,0,1,0,1,3,Argentina - Primera Nacional,1.0,1.0,1,1.0,1.0,1.0,2
Ferro Carril,2,1,0,1,2,2,0,3,Argentina - Primera Nacional,0.5,0.5,0,1.0,2.0,2.0,2
Nueva Chicago,2,1,0,1,2,2,0,3,Argentina - Primera Nacional,0.5,0.5,0,1.0,2.0,2.0,2
Deportivo Maipu,2,1,0,1,1,2,-1,3,Argentina - Primera Nacional,0.5,0.5,-1,0.5,2.0,2.0,2
Racing Cordoba,2,1,0,1,2,5,-3,3,Argentina - Primera Nacional,0.5,0.5,-3,1.0,2.0,2.0,2
Atlanta,2,0,2,0,1,1,0,2,Argentina - Primera Nacional,0.0,1.0,0,0.5,0.0,1.0,3
Gimnasia Jujuy,2,0,2,0,1,1,0,2,Argentina - Primera Nacional,0.0,1.0,0,0.5,0.0,1.0,3
All Boys,2,0,2,0,0,0,0,2,Argentina - Primera Nacional,0.0,1.0,0,0.0,0.0,1.0,3
CA Guemes,3,0,2,1,1,3,-2,2,Argentina - Primera Nacional,0.0,0.67,-2,0.33,0.0,1.49,3
Arsenal Sarandi,1,0,1,0,1,1,0,1,Argentina - Primera Nacional,0.0,1.0,0,1.0,0.0,1.0,4
Colegiales,1,0,1,0,0,0,0,1,Argentina - Primera Nacional,0.0,1.0,0,0.0,0.0,1.0,4
E. Rio Cuarto,2,0,1,1,2,3,-1,1,Argentina - Primera Nacional,0.0,0.5,-1,1.0,0.0,2.0,4
Alvarado,2,0,1,1,1,2,-1,1,Argentina - Primera Nacional,0.0,0.5,-1,0.5,0.0,2.0,4
D. Madryn,2,0,1,1,1,2,-1,1,Argentina - Primera Nacional,0.0,0.5,-1,0.5,0.0,2.0,4
Deportivo Moron,2,0,1,1,1,2,-1,1,Argentina - Primera Nacional,0.0,0.5,-1,0.5,0.0,2.0,4
Tristan Suarez,2,0,1,1,1,2,-1,1,Argentina - Primera Nacional,0.0,0.5,-1,0.5,0.0,2.0,4
Agropecuario,2,0,1,1,1,3,-2,1,Argentina - Primera Nacional,0.0,0.5,-2,0.5,0.0,2.0,4
Central Norte,2,0,1,1,1,3,-2,1,Argentina - Primera Nacional,0.0,0.5,-2,0.5,0.0,2.0,4
Deportivo Merlo,8,5,2,1,7,2,5,17,Argentina - Primera B,0.62,0.88,5,0.88,1.61,1.14,1
A. Quilmes,8,4,3,1,8,3,5,15,Argentina - Primera B,0.5,0.88,5,1.0,2.0,1.14,2
Dock Sud,8,4,2,2,11,8,3,14,Argentina - Primera B,0.5,0.75,3,1.38,2.0,1.33,3
D. Armenio,8,4,2,2,10,7,3,14,Argentina - Primera B,0.5,0.75,3,1.25,2.0,1.33,3
Comunicaciones,8,4,2,2,7,4,3,14,Argentina - Primera B,0.5,0.75,3,0.88,2.0,1.33,3
Argentino Merlo,8,4,2,2,8,8,0,14,Argentina - Primera B,0.5,0.75,0,1.0,2.0,1.33,3
Colegiales,8,4,0,4,11,11,0,12,Argentina - Primera B,0.5,0.5,0,1.38,2.0,2.0,4
Villa Dalmine,8,3,2,3,4,4,0,11,Argentina - Primera B,0.38,0.62,0,0.5,2.63,1.61,5
Midland,8,2,4,2,9,7,2,10,Argentina - Primera B,0.25,0.75,2,1.12,4.0,1.33,6
Acassuso,8,2,4,2,6,7,-1,10,Argentina - Primera B,0.25,0.75,-1,0.75,4.0,1.33,6
UAI Urquiza,8,3,1,4,8,12,-4,10,Argentina - Primera B,0.38,0.5,-4,1.0,2.63,2.0,6
V. San Carlos,8,2,3,3,5,9,-4,9,Argentina - Primera B,0.25,0.62,-4,0.62,4.0,1.61,7
Sacachispas,8,2,2,4,4,8,-4,8,Argentina - Primera B,0.25,0.5,-4,0.5,4.0,2.0,8
Flandria,8,2,2,4,6,11,-5,8,Argentina - Primera B,0.25,0.5,-5,0.75,4.0,2.0,8
Excursionistas,8,1,4,3,8,12,-4,7,Argentina - Primera B,0.12,0.62,-4,1.0,8.33,1.61,9
Liniers,8,1,4,3,3,8,-5,7,Argentina - Primera B,0.12,0.62,-5,0.38,8.33,1.61,9
S. Italiano,8,1,3,4,7,13,-6,6,Argentina - Primera B,0.12,0.5,-6,0.88,8.33,2.0,10
Canuelas,8,1,2,5,6,10,-4,5,Argentina - Primera B,0.12,0.38,-4,0.75,8.33,2.63,11
D. Laferrere,8,0,4,4,1,12,-11,4,Argentina - Primera B,0.0,0.5,-11,0.12,0.0,2.0,12
Los Andes,8,0,2,6,4,13,-9,2,Argentina - Primera B,0.0,0.25,-9,0.5,0.0,4.0,13
SM Burzaco,8,0,1,7,2,14,-12,1,Argentina - Primera B,0.0,0.12,-12,0.25,0.0,8.33,14
Fenix,8,0,1,7,1,15,-14,1,Argentina - Primera B,0.0,0.12,-14,0.12,0.0,8.33,14
Olimpo Bahia B.,8,4,3,1,11,6,5,15,Argentina - Torneo Federal,0.5,0.88,5,1.38,2.0,1.14,1
Gutierrez,8,4,3,1,7,4,3,15,Argentina - Torneo Federal,0.5,0.88,3,0.88,2.0,1.14,1
Camioneros,8,3,5,0,10,5,5,14,Argentina - Torneo Federal,0.38,1.0,5,1.25,2.63,1.0,2
Central Norte,8,4,2,2,10,6,4,14,Argentina - Torneo Federal,0.5,0.75,4,1.25,2.0,1.33,2
D. Belgrano VR,8,3,4,1,7,4,3,13,Argentina - Torneo Federal,0.38,0.88,3,0.88,2.63,1.14,3
Villa Mitre,8,3,3,2,7,5,2,12,Argentina - Torneo Federal,0.38,0.75,2,0.88,2.63,1.33,4
S. Belgrano,8,3,2,3,6,3,3,11,Argentina - Torneo Federal,0.38,0.62,3,0.75,2.63,1.61,5
S. Las Parejas,8,3,2,3,7,6,1,11,Argentina - Torneo Federal,0.38,0.62,1,0.88,2.63,1.61,5
Germinal,8,2,5,1,7,7,0,11,Argentina - Torneo Federal,0.25,0.88,0,0.88,4.0,1.14,5
Argentino MM,8,3,2,3,5,5,0,11,Argentina - Torneo Federal,0.38,0.62,0,0.62,2.63,1.61,5
Kimberley,8,2,4,2,7,7,0,10,Argentina - Torneo Federal,0.25,0.75,0,0.88,4.0,1.33,6
9 Julio Rafaela,8,2,4,2,8,9,-1,10,Argentina - Torneo Federal,0.25,0.75,-1,1.0,4.0,1.33,6
El Linqueno,8,3,1,4,5,7,-2,10,Argentina - Torneo Federal,0.38,0.5,-2,0.62,2.63,2.0,6
Juventud U. U.,8,3,1,4,7,11,-4,10,Argentina - Torneo Federal,0.38,0.5,-4,0.88,2.63,2.0,6
Douglas Haig,8,2,3,3,9,10,-1,9,Argentina - Torneo Federal,0.25,0.62,-1,1.12,4.0,1.61,7
Sarmiento DLB,8,2,3,3,7,8,-1,9,Argentina - Torneo Federal,0.25,0.62,-1,0.88,4.0,1.61,7
I. Chivilcoy,8,1,5,2,3,4,-1,8,Argentina - Torneo Federal,0.12,0.75,-1,0.38,8.33,1.33,8
SM Formosa,8,2,2,4,6,8,-2,8,Argentina - Torneo Federal,0.25,0.5,-2,0.75,4.0,2.0,8
Santamarina,8,2,2,4,5,8,-3,8,Argentina - Torneo Federal,0.25,0.5,-3,0.62,4.0,2.0,8
Ciudad Bolivar,8,2,1,5,8,7,1,7,Argentina - Torneo Federal,0.25,0.38,1,1.0,4.0,2.63,9
Sol de America,8,1,4,3,5,9,-4,7,Argentina - Torneo Federal,0.12,0.62,-4,0.62,8.33,1.61,9
Atenas,8,2,0,6,7,12,-5,6,Argentina - Torneo Federal,0.25,0.25,-5,0.88,4.0,4.0,10
SM Mendoza,8,2,0,6,4,9,-5,6,Argentina - Torneo Federal,0.25,0.25,-5,0.5,4.0,4.0,10
Huracan Las H.,8,0,5,3,5,9,-4,5,Argentina - Torneo Federal,0.0,0.62,-4,0.62,0.0,1.61,11
Crucero del N.,8,1,2,5,6,12,-6,5,Argentina - Torneo Federal,0.12,0.38,-6,0.75,8.33,2.63,11
Gimnasia E.,8,1,2,5,5,16,-11,5,Argentina - Torneo Federal,0.12,0.38,-11,0.62,8.33,2.63,11
Cipolletti,8,0,4,4,4,10,-6,4,Argentina - Torneo Federal,0.0,0.5,-6,0.5,0.0,2.0,12
Boca Unidos,8,1,1,6,7,14,-7,4,Argentina - Torneo Federal,0.12,0.25,-7,0.88,8.33,4.0,12
S. Estudiantes,8,1,1,6,6,15,-9,4,Argentina - Torneo Federal,0.12,0.25,-9,0.75,8.33,4.0,12
Pyunik,8,6,0,2,17,6,11,18,Armenia - Premier League,0.75,0.75,11,2.12,1.33,1.33,1
Ararat-Armenia,8,5,2,1,17,8,9,17,Armenia - Premier League,0.62,0.88,9,2.12,1.61,1.14,2
Noah,8,5,1,2,19,7,12,16,Armenia - Premier League,0.62,0.75,12,2.38,1.61,1.33,3
Urartu,8,4,1,3,14,10,4,13,Armenia - Premier League,0.5,0.62,4,1.75,2.0,1.61,4
Van,8,4,1,3,10,10,0,13,Armenia - Premier League,0.5,0.62,0,1.25,2.0,1.61,4
Shirak,8,3,1,4,7,14,-7,10,Armenia - Premier League,0.38,0.5,-7,0.88,2.63,2.0,5
West Armenia,8,3,0,5,7,20,-13,9,Armenia - Premier League,0.38,0.38,-13,0.88,2.63,2.63,6
BKMA,8,2,1,5,14,18,-4,7,Armenia - Premier League,0.25,0.38,-4,1.75,4.0,2.63,7
Ararat Yerevan,8,2,1,5,7,17,-10,7,Armenia - Premier League,0.25,0.38,-10,0.88,4.0,2.63,7
Alashkert,8,1,2,5,3,12,-9,5,Armenia - Premier League,0.12,0.38,-9,0.38,8.33,2.63,8
Gandzasar,8,0,2,6,3,19,-16,2,Armenia - Premier League,0.0,0.25,-16,0.38,0.0,4.0,9
Western United,8,6,1,1,23,14,9,19,Australia - A-League,0.75,0.88,9,2.88,1.33,1.14,1
Auckland,8,5,2,1,14,6,8,17,Australia - A-League,0.62,0.88,8,1.75,1.61,1.14,2
WS Wanderers,8,5,2,1,19,12,7,17,Australia - A-League,0.62,0.88,7,2.38,1.61,1.14,2
Adelaide Utd,8,5,1,2,17,15,2,16,Australia - A-League,0.62,0.75,2,2.12,1.61,1.33,3
Macarthur FC,8,4,1,3,13,10,3,13,Australia - A-League,0.5,0.62,3,1.62,2.0,1.61,4
Central Coast,8,3,4,1,13,11,2,13,Australia - A-League,0.38,0.88,2,1.62,2.63,1.14,4
Sydney FC,8,2,4,2,11,11,0,10,Australia - A-League,0.25,0.75,0,1.38,4.0,1.33,5
Newcastle Jets,8,3,1,4,12,14,-2,10,Australia - A-League,0.38,0.5,-2,1.5,2.63,2.0,5
Melbourne City,8,2,3,3,9,10,-1,9,Australia - A-League,0.25,0.62,-1,1.12,4.0,1.61,6
Wellington,8,3,0,5,10,16,-6,9,Australia - A-League,0.38,0.38,-6,1.25,2.63,2.63,6
Melbourne V.,8,2,2,4,8,12,-4,8,Australia - A-League,0.25,0.5,-4,1.0,4.0,2.0,7
Brisbane Roar,8,1,4,3,13,16,-3,7,Australia - A-League,0.12,0.62,-3,1.62,8.33,1.61,8
Perth Glory,8,1,3,4,6,14,-8,6,Australia - A-League,0.12,0.5,-8,0.75,8.33,2.0,9
Avondale,2,2,0,0,5,2,3,6,Australia - NPL Victoria,1.0,1.0,3,2.5,1.0,1.0,1
Dandenong City,2,1,1,0,7,2,5,4,Australia - NPL Victoria,0.5,1.0,5,3.5,2.0,1.0,2
St. Albans,3,1,1,1,7,5,2,4,Australia - NPL Victoria,0.33,0.67,2,2.33,3.03,1.49,2
Oakleigh C.,2,1,1,0,3,1,2,4,Australia - NPL Victoria,0.5,1.0,2,1.5,2.0,1.0,2
Hume City,3,1,1,1,5,4,1,4,Australia - NPL Victoria,0.33,0.67,1,1.67,3.03,1.49,2
South Melbourne,3,1,1,1,4,5,-1,4,Australia - NPL Victoria,0.33,0.67,-1,1.33,3.03,1.49,2
Heidelberg Utd,2,1,0,1,4,4,0,3,Australia - NPL Victoria,0.5,0.5,0,2.0,2.0,2.0,3
Dandenong T.,2,1,0,1,2,2,0,3,Australia - NPL Victoria,0.5,0.5,0,1.0,2.0,2.0,3
Preston Lions,2,0,2,0,3,3,0,2,Australia - NPL Victoria,0.0,1.0,0,1.5,0.0,1.0,4
Altona Magic,3,0,1,2,1,4,-3,1,Australia - NPL Victoria,0.0,0.33,-3,0.33,0.0,3.03,5
Green Gully,2,0,0,2,1,3,-2,0,Australia - NPL Victoria,0.0,0.0,-2,0.5,0.0,0.0,6
Port Melbourne,1,0,0,1,1,4,-3,0,Australia - NPL Victoria,0.0,0.0,-3,1.0,0.0,0.0,6
M. Victory B,2,0,0,2,1,5,-4,0,Australia - NPL Victoria,0.0,0.0,-4,0.5,0.0,0.0,6
Melbourne K.,2,0,0,2,1,6,-5,0,Australia - NPL Victoria,0.0,0.0,-5,0.5,0.0,0.0,6
Moreton City E.,2,2,0,0,5,2,3,6,Australia - NPL Queensland,1.0,1.0,3,2.5,1.0,1.0,1
Eastern Suburbs,1,1,0,0,4,2,2,3,Australia - NPL Queensland,1.0,1.0,2,4.0,1.0,1.0,2
Gold C. Knights,1,1,0,0,2,0,2,3,Australia - NPL Queensland,1.0,1.0,2,2.0,1.0,1.0,2
Olympic FC,1,1,0,0,2,0,2,3,Australia - NPL Queensland,1.0,1.0,2,2.0,1.0,1.0,2
St George W.,2,0,1,1,1,3,-2,1,Australia - NPL Queensland,0.0,0.5,-2,0.5,0.0,2.0,3
Brisbane City,0,0,0,0,0,0,0,0,Australia - NPL Queensland,0.0,0.0,0,0.0,0.0,0.0,4
Gold C. Utd,0,0,0,0,0,0,0,0,Australia - NPL Queensland,0.0,0.0,0,0.0,0.0,0.0,4
Peninsula,0,0,0,0,0,0,0,0,Australia - NPL Queensland,0.0,0.0,0,0.0,0.0,0.0,4
Q. Lions,1,0,0,1,1,3,-2,0,Australia - NPL Queensland,0.0,0.0,-2,1.0,0.0,0.0,4
SC Wanderers,1,0,0,1,1,3,-2,0,Australia - NPL Queensland,0.0,0.0,-2,1.0,0.0,0.0,4
Wynnum Wolves,1,0,0,1,1,3,-2,0,Australia - NPL Queensland,0.0,0.0,-2,1.0,0.0,0.0,4
Brisbane Roar B,2,0,0,2,0,7,-7,0,Australia - NPL Queensland,0.0,0.0,-7,0.0,0.0,0.0,4
Wolfsberger AC,8,6,1,1,23,10,13,19,Austria - Bundesliga,0.75,0.88,13,2.88,1.33,1.14,1
Austria Wien,8,4,2,2,11,9,2,14,Austria - Bundesliga,0.5,0.75,2,1.38,2.0,1.33,2
LASK Linz,8,4,2,2,10,8,2,14,Austria - Bundesliga,0.5,0.75,2,1.25,2.0,1.33,2
Sturm Graz,8,4,2,2,13,12,1,14,Austria - Bundesliga,0.5,0.75,1,1.62,2.0,1.33,2
Hartberg,8,2,3,3,8,10,-2,9,Austria - Bundesliga,0.25,0.62,-2,1.0,4.0,1.61,3
Rapid Wien,8,1,5,2,8,9,-1,8,Austria - Bundesliga,0.12,0.75,-1,1.0,8.33,1.33,4
BW Linz,8,2,2,4,7,10,-3,8,Austria - Bundesliga,0.25,0.5,-3,0.88,4.0,2.0,4
Grazer AK,8,2,2,4,12,18,-6,8,Austria - Bundesliga,0.25,0.5,-6,1.5,4.0,2.0,4
Tirol,8,2,1,5,11,14,-3,7,Austria - Bundesliga,0.25,0.38,-3,1.38,4.0,2.63,5
Salzburg,8,1,4,3,4,11,-7,7,Austria - Bundesliga,0.12,0.62,-7,0.5,8.33,1.61,5
A. Klagenfurt,8,1,2,5,5,21,-16,5,Austria - Bundesliga,0.12,0.38,-16,0.62,8.33,2.63,6
Altach,8,1,1,6,5,17,-12,4,Austria - Bundesliga,0.12,0.25,-12,0.62,8.33,4.0,7
St. Polten,8,6,1,1,17,6,11,19,Austria - 2. Liga,0.75,0.88,11,2.12,1.33,1.14,1
Ried,8,6,1,1,13,4,9,19,Austria - 2. Liga,0.75,0.88,9,1.62,1.33,1.14,1
Admira Wacker,8,5,2,1,13,9,4,17,Austria - 2. Liga,0.62,0.88,4,1.62,1.61,1.14,2
First Vienna,8,5,1,2,18,13,5,16,Austria - 2. Liga,0.62,0.75,5,2.25,1.61,1.33,3
Sturm Graz B,8,3,4,1,17,10,7,13,Austria - 2. Liga,0.38,0.88,7,2.12,2.63,1.14,4
Voitsberg,8,3,2,3,11,9,2,11,Austria - 2. Liga,0.38,0.62,2,1.38,2.63,1.61,5
Amstetten,8,3,2,3,10,10,0,11,Austria - 2. Liga,0.38,0.62,0,1.25,2.63,1.61,5
Liefering,8,3,1,4,5,11,-6,10,Austria - 2. Liga,0.38,0.5,-6,0.62,2.63,2.0,6
Bregenz,8,2,3,3,11,13,-2,9,Austria - 2. Liga,0.25,0.62,-2,1.38,4.0,1.61,7
A. Lustenau,8,2,3,3,6,9,-3,9,Austria - 2. Liga,0.25,0.62,-3,0.75,4.0,1.61,7
Kapfenberger,8,2,2,4,7,17,-10,8,Austria - 2. Liga,0.25,0.5,-10,0.88,4.0,2.0,8
Rapid Wien B,8,2,1,5,10,17,-7,7,Austria - 2. Liga,0.25,0.38,-7,1.25,4.0,2.63,9
SV Horn,8,2,0,6,6,19,-13,6,Austria - 2. Liga,0.25,0.25,-13,0.75,4.0,4.0,10
Floridsdorfer,8,1,2,5,7,12,-5,5,Austria - 2. Liga,0.12,0.38,-5,0.88,8.33,2.63,11
Stripfing,8,0,4,4,6,13,-7,4,Austria - 2. Liga,0.0,0.5,-7,0.75,0.0,2.0,12
Lafnitz,8,1,1,6,8,24,-16,4,Austria - 2. Liga,0.12,0.25,-16,1.0,8.33,4.0,12
Zira,8,6,0,2,15,7,8,18,Azerbaijan - Premier League,0.75,0.75,8,1.88,1.33,1.33,1
Qarabag,8,5,2,1,13,4,9,17,Azerbaijan - Premier League,0.62,0.88,9,1.62,1.61,1.14,2
Araz,8,3,2,3,7,6,1,11,Azerbaijan - Premier League,0.38,0.62,1,0.88,2.63,1.61,3
Turan,8,3,2,3,11,12,-1,11,Azerbaijan - Premier League,0.38,0.62,-1,1.38,2.63,1.61,3
Sabah,8,1,4,3,7,10,-3,7,Azerbaijan - Premier League,0.12,0.62,-3,0.88,8.33,1.61,4
Sebail,8,1,3,4,4,11,-7,6,Azerbaijan - Premier League,0.12,0.5,-7,0.5,8.33,2.0,5
Shamakhi,8,1,2,5,10,15,-5,5,Azerbaijan - Premier League,0.12,0.38,-5,1.25,8.33,2.63,6
Kapaz,8,1,2,5,5,12,-7,5,Azerbaijan - Premier League,0.12,0.38,-7,0.62,8.33,2.63,6
Neftci,8,1,2,5,7,15,-8,5,Azerbaijan - Premier League,0.12,0.38,-8,0.88,8.33,2.63,6
Sumqayit,8,1,2,5,2,12,-10,5,Azerbaijan - Premier League,0.12,0.38,-10,0.25,8.33,2.63,6
Al-Najma,6,4,1,1,11,7,4,13,Bahrain - Premier League,0.67,0.83,4,1.83,1.49,1.2,1
Al Shabbab,6,4,0,2,9,8,1,12,Bahrain - Premier League,0.67,0.67,1,1.5,1.49,1.49,2
Al-Muharraq,6,3,2,1,8,4,4,11,Bahrain - Premier League,0.5,0.83,4,1.33,2.0,1.2,3
Malkiya,6,3,1,2,7,8,-1,10,Bahrain - Premier League,0.5,0.67,-1,1.17,2.0,1.49,4
Khalidiya,5,3,0,2,12,7,5,9,Bahrain - Premier League,0.6,0.6,5,2.4,1.67,1.67,5
Al Riffa,6,2,2,2,5,4,1,8,Bahrain - Premier League,0.33,0.67,1,0.83,3.03,1.49,6
Bahrain SC,6,2,2,2,6,11,-5,8,Bahrain - Premier League,0.33,0.67,-5,1.0,3.03,1.49,6
Sitra,5,1,3,1,6,6,0,6,Bahrain - Premier League,0.2,0.8,0,1.2,5.0,1.25,7
Al Ahli M.,6,1,1,4,9,13,-4,4,Bahrain - Premier League,0.17,0.33,-4,1.5,5.88,3.03,8
Manama,6,1,1,4,5,13,-8,4,Bahrain - Premier League,0.17,0.33,-8,0.83,5.88,3.03,8
East Riffa,6,0,2,4,5,9,-4,2,Bahrain - Premier League,0.0,0.33,-4,0.83,0.0,3.03,9
AAli FC,6,0,2,4,5,16,-11,2,Bahrain - Premier League,0.0,0.33,-11,0.83,0.0,3.03,9
Mohammedan,5,5,0,0,18,3,15,15,Bangladesh - Premier League,1.0,1.0,15,3.6,1.0,1.0,1
Abahani,6,3,2,1,7,1,6,11,Bangladesh - Premier League,0.5,0.83,6,1.17,2.0,1.2,2
Bashundhara K.,6,3,1,2,13,3,10,10,Bangladesh - Premier League,0.5,0.67,10,2.17,2.0,1.49,3
Rahmatgonj,5,2,0,3,11,10,1,6,Bangladesh - Premier League,0.4,0.4,1,2.2,2.5,2.5,4
Fakirerpool,6,2,0,4,6,17,-11,6,Bangladesh - Premier League,0.33,0.33,-11,1.0,3.03,3.03,4
Brothers Union,5,1,2,2,7,7,0,5,Bangladesh - Premier League,0.2,0.6,0,1.4,5.0,1.67,5
Fortis,4,1,1,2,5,5,0,4,Bangladesh - Premier League,0.25,0.5,0,1.25,4.0,2.0,6
B. Police,4,1,0,3,5,5,0,3,Bangladesh - Premier League,0.25,0.25,0,1.25,4.0,4.0,7
Dhaka Wanderers,5,0,1,4,3,15,-12,1,Bangladesh - Premier League,0.0,0.2,-12,0.6,0.0,5.0,8
Chittagong,4,0,0,4,0,11,-11,0,Bangladesh - Premier League,0.0,0.0,-11,0.0,0.0,0.0,9
Arsenal D.,0,0,0,0,0,0,0,0,Belarus - Vysshaya Liga,0.0,0.0,0,0.0,0.0,0.0,1
BATE Borisov,0,0,0,0,0,0,0,0,Belarus - Vysshaya Liga,0.0,0.0,0,0.0,0.0,0.0,1
Dinamo Brest,0,0,0,0,0,0,0,0,Belarus - Vysshaya Liga,0.0,0.0,0,0.0,0.0,0.0,1
Dinamo Minsk,0,0,0,0,0,0,0,0,Belarus - Vysshaya Liga,0.0,0.0,0,0.0,0.0,0.0,1
FC Minsk,0,0,0,0,0,0,0,0,Belarus - Vysshaya Liga,0.0,0.0,0,0.0,0.0,0.0,1
Gomel,0,0,0,0,0,0,0,0,Belarus - Vysshaya Liga,0.0,0.0,0,0.0,0.0,0.0,1
Isloch,0,0,0,0,0,0,0,0,Belarus - Vysshaya Liga,0.0,0.0,0,0.0,0.0,0.0,1
Maxline,0,0,0,0,0,0,0,0,Belarus - Vysshaya Liga,0.0,0.0,0,0.0,0.0,0.0,1
Molodechno,0,0,0,0,0,0,0,0,Belarus - Vysshaya Liga,0.0,0.0,0,0.0,0.0,0.0,1
Naftan,0,0,0,0,0,0,0,0,Belarus - Vysshaya Liga,0.0,0.0,0,0.0,0.0,0.0,1
Neman Grodno,0,0,0,0,0,0,0,0,Belarus - Vysshaya Liga,0.0,0.0,0,0.0,0.0,0.0,1
Slavia Mozyr,0,0,0,0,0,0,0,0,Belarus - Vysshaya Liga,0.0,0.0,0,0.0,0.0,0.0,1
Slutsk,0,0,0,0,0,0,0,0,Belarus - Vysshaya Liga,0.0,0.0,0,0.0,0.0,0.0,1
Smorgon,0,0,0,0,0,0,0,0,Belarus - Vysshaya Liga,0.0,0.0,0,0.0,0.0,0.0,1
T. Zhodino,0,0,0,0,0,0,0,0,Belarus - Vysshaya Liga,0.0,0.0,0,0.0,0.0,0.0,1
Vitebsk,0,0,0,0,0,0,0,0,Belarus - Vysshaya Liga,0.0,0.0,0,0.0,0.0,0.0,1
Maxline,8,8,0,0,24,6,18,24,Belarus - First League,1.0,1.0,18,3.0,1.0,1.0,1
Dinamo Minsk B,8,5,1,2,17,6,11,16,Belarus - First League,0.62,0.75,11,2.12,1.61,1.33,2
Niva,8,5,1,2,11,5,6,16,Belarus - First League,0.62,0.75,6,1.38,1.61,1.33,2
Belshina,8,4,2,2,26,16,10,14,Belarus - First League,0.5,0.75,10,3.25,2.0,1.33,3
Molodechno,8,4,1,3,11,11,0,13,Belarus - First League,0.5,0.62,0,1.38,2.0,1.61,4
ABFF U17,8,4,1,3,9,9,0,13,Belarus - First League,0.5,0.62,0,1.12,2.0,1.61,4
Orsha,8,3,3,2,15,13,2,12,Belarus - First League,0.38,0.75,2,1.88,2.63,1.33,5
Volna Pinsk,8,4,0,4,13,13,0,12,Belarus - First League,0.5,0.5,0,1.62,2.0,2.0,5
Lida,8,3,2,3,12,10,2,11,Belarus - First League,0.38,0.62,2,1.5,2.63,1.61,6
BATE B,8,3,1,4,9,17,-8,10,Belarus - First League,0.38,0.5,-8,1.12,2.63,2.0,7
Baranovichi,8,2,3,3,9,12,-3,9,Belarus - First League,0.25,0.62,-3,1.12,4.0,1.61,8
Ostrovets,8,3,0,5,11,16,-5,9,Belarus - First League,0.38,0.38,-5,1.38,2.63,2.63,8
S. Soligorsk B,8,2,1,5,5,14,-9,7,Belarus - First League,0.25,0.38,-9,0.62,4.0,2.63,9
Bumprom,8,0,4,4,1,9,-8,4,Belarus - First League,0.0,0.5,-8,0.12,0.0,2.0,10
Energetik-BGU,8,1,1,6,6,15,-9,4,Belarus - First League,0.12,0.25,-9,0.75,8.33,4.0,10
Lokomotiv Gomel,8,0,3,5,4,13,-9,3,Belarus - First League,0.0,0.38,-9,0.5,0.0,2.63,11
T. Zhodhino B,8,1,0,7,3,23,-20,3,Belarus - First League,0.12,0.12,-20,0.38,8.33,8.33,11
Slonim,8,1,0,7,3,25,-22,3,Belarus - First League,0.12,0.12,-22,0.38,8.33,8.33,11
Royale Union SG,8,5,3,0,15,5,10,18,Belgium - Pro League,0.62,1.0,10,1.88,1.61,1.0,1
Anderlecht,8,5,1,2,12,3,9,16,Belgium - Pro League,0.62,0.75,9,1.5,1.61,1.33,2
Club Brugge,8,3,4,1,14,10,4,13,Belgium - Pro League,0.38,0.88,4,1.75,2.63,1.14,3
KRC Genk,8,3,3,2,11,14,-3,12,Belgium - Pro League,0.38,0.75,-3,1.38,2.63,1.33,4
Charleroi,8,3,2,3,9,10,-1,11,Belgium - Pro League,0.38,0.62,-1,1.12,2.63,1.61,5
Antwerp,8,2,4,2,9,9,0,10,Belgium - Pro League,0.25,0.75,0,1.12,4.0,1.33,6
Standard Liege,8,2,4,2,8,13,-5,10,Belgium - Pro League,0.25,0.75,-5,1.0,4.0,1.33,6
Gent,8,1,6,1,6,11,-5,9,Belgium - Pro League,0.12,0.88,-5,0.75,8.33,1.14,7
Cercle Brugge,8,1,4,3,8,10,-2,7,Belgium - Pro League,0.12,0.62,-2,1.0,8.33,1.61,8
Dender,8,2,1,5,11,20,-9,7,Belgium - Pro League,0.25,0.38,-9,1.38,4.0,2.63,8
OH Leuven,8,1,3,4,6,9,-3,6,Belgium - Pro League,0.12,0.5,-3,0.75,8.33,2.0,9
Westerlo,8,1,2,5,9,14,-5,5,Belgium - Pro League,0.12,0.38,-5,1.12,8.33,2.63,10
KV Mechelen,8,1,1,6,5,13,-8,4,Belgium - Pro League,0.12,0.25,-8,0.62,8.33,4.0,11
Sint-Truiden,8,1,1,6,7,19,-12,4,Belgium - Pro League,0.12,0.25,-12,0.88,8.33,4.0,11
Kortrijk,8,0,2,6,8,21,-13,2,Belgium - Pro League,0.0,0.25,-13,1.0,0.0,4.0,12
Beerschot,8,0,1,7,5,17,-12,1,Belgium - Pro League,0.0,0.12,-12,0.62,0.0,8.33,13
Club Brugge B,8,6,0,2,16,10,6,18,Belgium - Challenger Pro League,0.75,0.75,6,2.0,1.33,1.33,1
Lokeren-Temse,8,5,2,1,11,9,2,17,Belgium - Challenger Pro League,0.62,0.88,2,1.38,1.61,1.14,2
Patro Eisden,8,4,3,1,14,6,8,15,Belgium - Challenger Pro League,0.5,0.88,8,1.75,2.0,1.14,3
La Louviere,8,4,2,2,15,9,6,14,Belgium - Challenger Pro League,0.5,0.75,6,1.88,2.0,1.33,4
Beveren,8,4,2,2,10,10,0,14,Belgium - Challenger Pro League,0.5,0.75,0,1.25,2.0,1.33,4
RWDM,8,3,3,2,12,9,3,12,Belgium - Challenger Pro League,0.38,0.75,3,1.5,2.63,1.33,5
Zulte-Waregem,8,3,3,2,12,9,3,12,Belgium - Challenger Pro League,0.38,0.75,3,1.5,2.63,1.33,5
Seraing,8,3,2,3,12,17,-5,11,Belgium - Challenger Pro League,0.38,0.62,-5,1.5,2.63,1.61,6
Francs Borains,8,3,2,3,7,13,-6,11,Belgium - Challenger Pro League,0.38,0.62,-6,0.88,2.63,1.61,6
RFC Liege,8,3,0,5,11,14,-3,9,Belgium - Challenger Pro League,0.38,0.38,-3,1.38,2.63,2.63,7
Lierse K.,8,2,2,4,10,11,-1,8,Belgium - Challenger Pro League,0.25,0.5,-1,1.25,4.0,2.0,8
Eupen,8,1,4,3,11,11,0,7,Belgium - Challenger Pro League,0.12,0.62,0,1.38,8.33,1.61,9
Anderlecht B,8,1,4,3,8,12,-4,7,Belgium - Challenger Pro League,0.12,0.62,-4,1.0,8.33,1.61,9
Lommel SK,8,2,1,5,11,20,-9,7,Belgium - Challenger Pro League,0.25,0.38,-9,1.38,4.0,2.63,9
KRC Genk B,8,0,2,6,7,19,-12,2,Belgium - Challenger Pro League,0.0,0.25,-12,0.88,0.0,4.0,10
Deinze,0,0,0,0,0,0,0,0,Belgium - Challenger Pro League,0.0,0.0,0,0.0,0.0,0.0,11
Bolivar,4,2,0,2,6,5,1,6,Bolivia - Primera Div. - Apertura,0.5,0.5,1,1.5,2.0,2.0,1
Royal Pari,4,2,0,2,5,6,-1,6,Bolivia - Primera Div. - Apertura,0.5,0.5,-1,1.25,2.0,2.0,1
Blooming,4,1,2,1,7,8,-1,5,Bolivia - Primera Div. - Apertura,0.25,0.75,-1,1.75,4.0,1.33,2
SA Bulo Bulo,4,1,1,2,5,5,0,4,Bolivia - Primera Div. - Apertura,0.25,0.5,0,1.25,4.0,2.0,3
Gualberto V. SJ,4,1,1,2,6,8,-2,4,Bolivia - Primera Div. - Apertura,0.25,0.5,-2,1.5,4.0,2.0,3
Nacional Potosi,4,1,1,2,4,7,-3,4,Bolivia - Primera Div. - Apertura,0.25,0.5,-3,1.0,4.0,2.0,3
Real Tomayapo,4,1,1,2,4,7,-3,4,Bolivia - Primera Div. - Apertura,0.25,0.5,-3,1.0,4.0,2.0,3
The Strongest,4,1,1,2,8,13,-5,4,Bolivia - Primera Div. - Apertura,0.25,0.5,-5,2.0,4.0,2.0,3
I. Petrolero,4,1,0,3,4,7,-3,3,Bolivia - Primera Div. - Apertura,0.25,0.25,-3,1.0,4.0,4.0,4
Oriente P.,4,1,0,3,6,10,-4,3,Bolivia - Primera Div. - Apertura,0.25,0.25,-4,1.5,4.0,4.0,4
Santa Cruz,4,1,0,3,4,8,-4,3,Bolivia - Primera Div. - Apertura,0.25,0.25,-4,1.0,4.0,4.0,4
Aurora,4,0,2,2,1,3,-2,2,Bolivia - Primera Div. - Apertura,0.0,0.5,-2,0.25,0.0,2.0,5
U. de Vinto,4,0,2,2,2,5,-3,2,Bolivia - Primera Div. - Apertura,0.0,0.5,-3,0.5,0.0,2.0,5
Wilstermann,4,0,1,3,4,7,-3,1,Bolivia - Primera Div. - Apertura,0.0,0.25,-3,1.0,0.0,4.0,6
Guabira,4,0,1,3,3,6,-3,1,Bolivia - Primera Div. - Apertura,0.0,0.25,-3,0.75,0.0,4.0,6
Always Ready,4,0,1,3,3,7,-4,1,Bolivia - Primera Div. - Apertura,0.0,0.25,-4,0.75,0.0,4.0,6
Bolivar,8,5,2,1,24,12,12,17,Bolivia - Primera Div. - Clausura,0.62,0.88,12,3.0,1.61,1.14,1
Always Ready,8,4,1,3,16,12,4,13,Bolivia - Primera Div. - Clausura,0.5,0.62,4,2.0,2.0,1.61,2
Aurora,8,3,3,2,14,16,-2,12,Bolivia - Primera Div. - Clausura,0.38,0.75,-2,1.75,2.63,1.33,3
Nacional Potosi,8,3,2,3,15,16,-1,11,Bolivia - Primera Div. - Clausura,0.38,0.62,-1,1.88,2.63,1.61,4
Wilstermann,8,3,2,3,9,10,-1,11,Bolivia - Primera Div. - Clausura,0.38,0.62,-1,1.12,2.63,1.61,4
The Strongest,8,3,1,4,11,14,-3,10,Bolivia - Primera Div. - Clausura,0.38,0.5,-3,1.38,2.63,2.0,5
SA Bulo Bulo,8,3,1,4,7,13,-6,10,Bolivia - Primera Div. - Clausura,0.38,0.5,-6,0.88,2.63,2.0,5
Blooming,8,3,1,4,6,18,-12,10,Bolivia - Primera Div. - Clausura,0.38,0.5,-12,0.75,2.63,2.0,5
Santa Cruz,8,3,0,5,11,25,-14,9,Bolivia - Primera Div. - Clausura,0.38,0.38,-14,1.38,2.63,2.63,6
Gualberto V. SJ,8,2,2,4,11,15,-4,8,Bolivia - Primera Div. - Clausura,0.25,0.5,-4,1.38,4.0,2.0,7
U. de Vinto,8,2,2,4,9,16,-7,8,Bolivia - Primera Div. - Clausura,0.25,0.5,-7,1.12,4.0,2.0,7
I. Petrolero,8,2,1,5,8,15,-7,7,Bolivia - Primera Div. - Clausura,0.25,0.38,-7,1.0,4.0,2.63,8
Guabira,8,1,2,5,8,18,-10,5,Bolivia - Primera Div. - Clausura,0.12,0.38,-10,1.0,8.33,2.63,9
Royal Pari,8,1,2,5,6,17,-11,5,Bolivia - Primera Div. - Clausura,0.12,0.38,-11,0.75,8.33,2.63,9
Real Tomayapo,8,1,0,7,10,19,-9,3,Bolivia - Primera Div. - Clausura,0.12,0.12,-9,1.25,8.33,8.33,10
Oriente P.,8,0,2,6,10,24,-14,2,Bolivia - Primera Div. - Clausura,0.0,0.25,-14,1.25,0.0,4.0,11
Palmeiras,8,6,1,1,13,7,6,19,Brazil - Serie A,0.75,0.88,6,1.62,1.33,1.14,1
Botafogo,8,5,2,1,9,4,5,17,Brazil - Serie A,0.62,0.88,5,1.12,1.61,1.14,2
Flamengo,8,4,2,2,12,7,5,14,Brazil - Serie A,0.5,0.75,5,1.5,2.0,1.33,3
Internacional,8,4,2,2,16,13,3,14,Brazil - Serie A,0.5,0.75,3,2.0,2.0,1.33,3
Corinthians,8,4,1,3,12,9,3,13,Brazil - Serie A,0.5,0.62,3,1.5,2.0,1.61,4
Vitoria,8,3,3,2,12,11,1,12,Brazil - Serie A,0.38,0.75,1,1.5,2.63,1.33,5
Fluminense,8,3,1,4,8,8,0,10,Brazil - Serie A,0.38,0.5,0,1.0,2.63,2.0,6
Juventude,8,2,3,3,11,13,-2,9,Brazil - Serie A,0.25,0.62,-2,1.38,4.0,1.61,7
Sao Paulo,8,2,2,4,8,10,-2,8,Brazil - Serie A,0.25,0.5,-2,1.0,4.0,2.0,8
Vasco da Gama,8,2,2,4,6,15,-9,8,Brazil - Serie A,0.25,0.5,-9,0.75,4.0,2.0,8
Bahia,8,2,1,5,10,16,-6,7,Brazil - Serie A,0.25,0.38,-6,1.25,4.0,2.63,9
Fortaleza,8,1,3,4,11,15,-4,6,Brazil - Serie A,0.12,0.5,-4,1.38,8.33,2.0,10
Cruzeiro,8,1,3,4,5,10,-5,6,Brazil - Serie A,0.12,0.5,-5,0.62,8.33,2.0,10
Gremio,8,0,5,3,7,10,-3,5,Brazil - Serie A,0.0,0.62,-3,0.88,0.0,1.61,11
Bragantino,8,1,2,5,5,13,-8,5,Brazil - Serie A,0.12,0.38,-8,0.62,8.33,2.63,11
Criciuma,8,1,2,5,5,17,-12,5,Brazil - Serie A,0.12,0.38,-12,0.62,8.33,2.63,11
Cuiaba,8,0,4,4,1,7,-6,4,Brazil - Serie A,0.0,0.5,-6,0.12,0.0,2.0,12
Atletico MG,8,0,3,5,4,12,-8,3,Brazil - Serie A,0.0,0.38,-8,0.5,0.0,2.63,13
Athletico PR,8,0,2,6,5,13,-8,2,Brazil - Serie A,0.0,0.25,-8,0.62,0.0,4.0,14
Atletico GO,8,0,1,7,4,18,-14,1,Brazil - Serie A,0.0,0.12,-14,0.5,0.0,8.33,15
Sport Recife,8,4,2,2,13,6,7,14,Brazil - Serie B,0.5,0.75,7,1.62,2.0,1.33,1
Santos,8,4,1,3,11,9,2,13,Brazil - Serie B,0.5,0.62,2,1.38,2.0,1.61,2
Goias,8,3,3,2,12,5,7,12,Brazil - Serie B,0.38,0.75,7,1.5,2.63,1.33,3
Botafogo SP,8,3,2,3,8,9,-1,11,Brazil - Serie B,0.38,0.62,-1,1.0,2.63,1.61,4
CRB,8,3,1,4,8,9,-1,10,Brazil - Serie B,0.38,0.5,-1,1.0,2.63,2.0,5
Ituano,8,3,0,5,13,14,-1,9,Brazil - Serie B,0.38,0.38,-1,1.62,2.63,2.63,6
Mirassol,8,2,3,3,7,8,-1,9,Brazil - Serie B,0.25,0.62,-1,0.88,4.0,1.61,6
Novorizontino,8,2,2,4,7,7,0,8,Brazil - Serie B,0.25,0.5,0,0.88,4.0,2.0,7
Ceara,8,2,2,4,10,11,-1,8,Brazil - Serie B,0.25,0.5,-1,1.25,4.0,2.0,7
Chapecoense,8,2,2,4,8,10,-2,8,Brazil - Serie B,0.25,0.5,-2,1.0,4.0,2.0,7
Operario PR,8,2,2,4,6,10,-4,8,Brazil - Serie B,0.25,0.5,-4,0.75,4.0,2.0,7
Avai,8,2,1,5,7,11,-4,7,Brazil - Serie B,0.25,0.38,-4,0.88,4.0,2.63,8
Coritiba,8,2,0,6,10,14,-4,6,Brazil - Serie B,0.25,0.25,-4,1.25,4.0,4.0,9
Paysandu,8,1,3,4,8,12,-4,6,Brazil - Serie B,0.12,0.5,-4,1.0,8.33,2.0,9
Amazonas,8,1,2,5,2,8,-6,5,Brazil - Serie B,0.12,0.38,-6,0.25,8.33,2.63,10
America MG,8,1,1,6,6,10,-4,4,Brazil - Serie B,0.12,0.25,-4,0.75,8.33,4.0,11
Ponte Preta,8,1,1,6,7,14,-7,4,Brazil - Serie B,0.12,0.25,-7,0.88,8.33,4.0,11
Guarani,8,1,0,7,5,14,-9,3,Brazil - Serie B,0.12,0.12,-9,0.62,8.33,8.33,12
Vila Nova,8,1,0,7,3,18,-15,3,Brazil - Serie B,0.12,0.12,-15,0.38,8.33,8.33,12
Brusque,8,0,2,6,1,12,-11,2,Brazil - Serie B,0.0,0.25,-11,0.12,0.0,4.0,13
Ferroviaria,8,3,4,1,4,2,2,13,Brazil - Serie C,0.38,0.88,2,0.5,2.63,1.14,1
CSA,8,4,1,3,8,7,1,13,Brazil - Serie C,0.5,0.62,1,1.0,2.0,1.61,1
Botafogo PB,8,3,3,2,10,9,1,12,Brazil - Serie C,0.38,0.75,1,1.25,2.63,1.33,2
Londrina,8,3,2,3,7,7,0,11,Brazil - Serie C,0.38,0.62,0,0.88,2.63,1.61,3
Sao Bernardo,8,3,2,3,10,11,-1,11,Brazil - Serie C,0.38,0.62,-1,1.25,2.63,1.61,3
Volta Redonda,8,3,2,3,12,15,-3,11,Brazil - Serie C,0.38,0.62,-3,1.5,2.63,1.61,3
Athletic Club,8,2,4,2,10,11,-1,10,Brazil - Serie C,0.25,0.75,-1,1.25,4.0,1.33,4
Floresta,8,2,3,3,4,8,-4,9,Brazil - Serie C,0.25,0.62,-4,0.5,4.0,1.61,5
Ypiranga,8,2,2,4,6,12,-6,8,Brazil - Serie C,0.25,0.5,-6,0.75,4.0,2.0,6
ABC,8,1,4,3,8,8,0,7,Brazil - Serie C,0.12,0.62,0,1.0,8.33,1.61,7
Tombense,8,1,4,3,10,11,-1,7,Brazil - Serie C,0.12,0.62,-1,1.25,8.33,1.61,7
Remo,8,2,1,5,9,14,-5,7,Brazil - Serie C,0.25,0.38,-5,1.12,4.0,2.63,7
Nautico,8,0,4,4,9,14,-5,4,Brazil - Serie C,0.0,0.5,-5,1.12,0.0,2.0,8
Sampaio Correa,8,0,4,4,3,8,-5,4,Brazil - Serie C,0.0,0.5,-5,0.38,0.0,2.0,8
Ferroviario,8,1,1,6,7,16,-9,4,Brazil - Serie C,0.12,0.25,-9,0.88,8.33,4.0,8
Figueirense,8,1,1,6,7,16,-9,4,Brazil - Serie C,0.12,0.25,-9,0.88,8.33,4.0,8
Aparecidense,8,1,1,6,6,15,-9,4,Brazil - Serie C,0.12,0.25,-9,0.75,8.33,4.0,8
EC Sao Jose,8,0,3,5,5,11,-6,3,Brazil - Serie C,0.0,0.38,-6,0.62,0.0,2.63,9
Confianca,8,0,1,7,4,14,-10,1,Brazil - Serie C,0.0,0.12,-10,0.5,0.0,8.33,10
Caxias,8,0,0,8,4,14,-10,0,Brazil - Serie C,0.0,0.0,-10,0.5,0.0,0.0,11
Manauara,7,4,3,0,14,3,11,15,Brazil - Serie D,0.57,1.0,11,2.0,1.75,1.0,1
Treze,7,4,2,1,15,6,9,14,Brazil - Serie D,0.57,0.86,9,2.14,1.75,1.16,2
Brasiliense,7,4,1,2,13,7,6,13,Brazil - Serie D,0.57,0.71,6,1.86,1.75,1.41,3
Itabuna,7,4,1,2,11,7,4,13,Brazil - Serie D,0.57,0.71,4,1.57,1.75,1.41,3
Anapolis,7,4,1,2,8,5,3,13,Brazil - Serie D,0.57,0.71,3,1.14,1.75,1.41,3
Maranhao,7,3,3,1,8,5,3,12,Brazil - Serie D,0.43,0.86,3,1.14,2.33,1.16,4
Nova Iguacu,7,3,3,1,6,4,2,12,Brazil - Serie D,0.43,0.86,2,0.86,2.33,1.16,4
Cianorte,7,4,0,3,6,6,0,12,Brazil - Serie D,0.57,0.57,0,0.86,1.75,1.75,4
Altos,7,3,2,2,10,9,1,11,Brazil - Serie D,0.43,0.71,1,1.43,2.33,1.41,5
Maringa,7,3,2,2,10,9,1,11,Brazil - Serie D,0.43,0.71,1,1.43,2.33,1.41,5
P. do Solimoes,7,3,2,2,9,10,-1,11,Brazil - Serie D,0.43,0.71,-1,1.29,2.33,1.41,5
Portuguesa RJ,7,2,4,1,6,4,2,10,Brazil - Serie D,0.29,0.86,2,0.86,3.45,1.16,6
Itabaiana,7,3,1,3,8,7,1,10,Brazil - Serie D,0.43,0.57,1,1.14,2.33,1.75,6
CSE,7,3,1,3,9,10,-1,10,Brazil - Serie D,0.43,0.57,-1,1.29,2.33,1.75,6
Juazeirense,7,3,1,3,5,6,-1,10,Brazil - Serie D,0.43,0.57,-1,0.71,2.33,1.75,6
Manaus,7,2,3,2,11,10,1,9,Brazil - Serie D,0.29,0.71,1,1.57,3.45,1.41,7
Hercilio Luz,7,1,6,0,5,4,1,9,Brazil - Serie D,0.14,1.0,1,0.71,7.14,1.0,7
Serra,7,2,3,2,9,10,-1,9,Brazil - Serie D,0.29,0.71,-1,1.29,3.45,1.41,7
Novo Hamburgo,7,2,3,2,8,9,-1,9,Brazil - Serie D,0.29,0.71,-1,1.14,3.45,1.41,7
Atletico CE,7,2,3,2,7,9,-2,9,Brazil - Serie D,0.29,0.71,-2,1.0,3.45,1.41,7
Porto Velho,7,3,0,4,8,11,-3,9,Brazil - Serie D,0.43,0.43,-3,1.14,2.33,2.33,7
Trem,7,3,0,4,11,15,-4,9,Brazil - Serie D,0.43,0.43,-4,1.57,2.33,2.33,7
Barra FC,7,2,2,3,6,5,1,8,Brazil - Serie D,0.29,0.57,1,0.86,3.45,1.75,8
Inter Limeira,7,2,2,3,4,3,1,8,Brazil - Serie D,0.29,0.57,1,0.57,3.45,1.75,8
River,7,2,2,3,8,8,0,8,Brazil - Serie D,0.29,0.57,0,1.14,3.45,1.75,8
ASA,7,2,2,3,8,9,-1,8,Brazil - Serie D,0.29,0.57,-1,1.14,3.45,1.75,8
Retro,7,2,2,3,7,8,-1,8,Brazil - Serie D,0.29,0.57,-1,1.0,3.45,1.75,8
Costa Rica MS,7,2,2,3,5,6,-1,8,Brazil - Serie D,0.29,0.57,-1,0.71,3.45,1.75,8
CRAC,7,1,5,1,4,5,-1,8,Brazil - Serie D,0.14,0.86,-1,0.57,7.14,1.16,8
Flamengo,5,3,2,0,13,1,12,11,Brazil - Carioca,0.6,1.0,12,2.6,1.67,1.0,1
Volta Redonda,6,3,1,2,8,8,0,10,Brazil - Carioca,0.5,0.67,0,1.33,2.0,1.49,2
Madureira,6,2,1,3,7,6,1,7,Brazil - Carioca,0.33,0.5,1,1.17,3.03,2.0,3
Fluminense,5,2,1,2,6,5,1,7,Brazil - Carioca,0.4,0.6,1,1.2,2.5,1.67,3
Nova Iguacu,5,2,1,2,3,5,-2,7,Brazil - Carioca,0.4,0.6,-2,0.6,2.5,1.67,3
Boavista,5,1,3,1,3,3,0,6,Brazil - Carioca,0.2,0.8,0,0.6,5.0,1.25,4
Vasco da Gama,5,1,3,1,3,4,-1,6,Brazil - Carioca,0.2,0.8,-1,0.6,5.0,1.25,4
Sampaio Correa,6,1,3,2,4,6,-2,6,Brazil - Carioca,0.17,0.67,-2,0.67,5.88,1.49,4
Botafogo,5,1,1,3,3,5,-2,4,Brazil - Carioca,0.2,0.4,-2,0.6,5.0,2.5,5
Portuguesa RJ,6,1,1,4,6,13,-7,4,Brazil - Carioca,0.17,0.33,-7,1.0,5.88,3.03,5
CFRJ . Marica,6,1,1,4,5,13,-8,4,Brazil - Carioca,0.17,0.33,-8,0.83,5.88,3.03,5
Bangu,6,0,3,3,4,10,-6,3,Brazil - Carioca,0.0,0.5,-6,0.67,0.0,2.0,6
Betim,4,3,1,0,8,2,6,10,Brazil - Mineiro,0.75,1.0,6,2.0,1.33,1.0,1
Atletico MG,4,2,2,0,3,0,3,8,Brazil - Mineiro,0.5,1.0,3,0.75,2.0,1.0,2
Democrata GV,4,2,2,0,4,2,2,8,Brazil - Mineiro,0.5,1.0,2,1.0,2.0,1.0,2
Tombense,4,2,0,2,4,4,0,6,Brazil - Mineiro,0.5,0.5,0,1.0,2.0,2.0,3
America MG,4,1,2,1,4,4,0,5,Brazil - Mineiro,0.25,0.75,0,1.0,4.0,1.33,4
Cruzeiro,4,1,1,2,6,5,1,4,Brazil - Mineiro,0.25,0.5,1,1.5,4.0,2.0,5
Itabirito,4,1,1,2,5,6,-1,4,Brazil - Mineiro,0.25,0.5,-1,1.25,4.0,2.0,5
Uberlandia,4,1,1,2,4,6,-2,4,Brazil - Mineiro,0.25,0.5,-2,1.0,4.0,2.0,5
Pouso Alegre,4,1,1,2,5,11,-6,4,Brazil - Mineiro,0.25,0.5,-6,1.25,4.0,2.0,5
Villa Nova,4,1,1,2,3,9,-6,4,Brazil - Mineiro,0.25,0.5,-6,0.75,4.0,2.0,5
Athletic Club,4,1,0,3,1,6,-5,3,Brazil - Mineiro,0.25,0.25,-5,0.25,4.0,4.0,6
Aymores,4,0,2,2,0,3,-3,2,Brazil - Mineiro,0.0,0.5,-3,0.0,0.0,2.0,7
Atletico GO,5,3,1,1,10,4,6,10,Brazil - Goiano,0.6,0.8,6,2.0,1.67,1.25,1
Anapolis,5,3,1,1,6,3,3,10,Brazil - Goiano,0.6,0.8,3,1.2,1.67,1.25,1
Vila Nova,5,3,1,1,7,5,2,10,Brazil - Goiano,0.6,0.8,2,1.4,1.67,1.25,1
CRAC,6,2,2,2,4,4,0,8,Brazil - Goiano,0.33,0.67,0,0.67,3.03,1.49,2
Goias,5,2,1,2,4,4,0,7,Brazil - Goiano,0.4,0.6,0,0.8,2.5,1.67,3
Goiatuba EC,6,1,4,1,4,4,0,7,Brazil - Goiano,0.17,0.83,0,0.67,5.88,1.2,3
Inhumas,6,1,2,3,3,6,-3,5,Brazil - Goiano,0.17,0.5,-3,0.5,5.88,2.0,4
Jataiense,6,1,1,4,4,8,-4,4,Brazil - Goiano,0.17,0.33,-4,0.67,5.88,3.03,5
Goianesia,6,1,1,4,4,9,-5,4,Brazil - Goiano,0.17,0.33,-5,0.67,5.88,3.03,5
ABECAT Ouvidore,6,1,1,4,3,8,-5,4,Brazil - Goiano,0.17,0.33,-5,0.5,5.88,3.03,5
Aparecidense,5,0,2,3,2,5,-3,2,Brazil - Goiano,0.0,0.4,-3,0.4,0.0,2.5,6
Goiania,5,0,0,5,2,12,-10,0,Brazil - Goiano,0.0,0.0,-10,0.4,0.0,0.0,7
Sport Recife,4,2,1,1,5,3,2,7,Brazil - Pernambucano,0.5,0.75,2,1.25,2.0,1.33,1
Maguary PE,5,2,1,2,5,9,-4,7,Brazil - Pernambucano,0.4,0.6,-4,1.0,2.5,1.67,1
Santa Cruz,4,1,2,1,6,3,3,5,Brazil - Pernambucano,0.25,0.75,3,1.5,4.0,1.33,2
Decisao,5,1,2,2,5,10,-5,5,Brazil - Pernambucano,0.2,0.6,-5,1.0,5.0,1.67,2
Retro,4,1,1,2,3,5,-2,4,Brazil - Pernambucano,0.25,0.5,-2,0.75,4.0,2.0,3
Nautico,4,1,0,3,3,5,-2,3,Brazil - Pernambucano,0.25,0.25,-2,0.75,4.0,4.0,4
Central,4,0,2,2,2,4,-2,2,Brazil - Pernambucano,0.0,0.5,-2,0.5,0.0,2.0,5
Jaguar,5,0,2,3,5,10,-5,2,Brazil - Pernambucano,0.0,0.4,-5,1.0,0.0,2.5,5
Petrolina,5,0,2,3,3,9,-6,2,Brazil - Pernambucano,0.0,0.4,-6,0.6,0.0,2.5,5
Afogados,5,0,1,4,1,9,-8,1,Brazil - Pernambucano,0.0,0.2,-8,0.2,0.0,5.0,6
Ponte Preta,6,5,1,0,9,4,5,16,Brazil - Paulista,0.83,1.0,5,1.5,1.2,1.0,1
Palmeiras,6,4,2,0,14,6,8,14,Brazil - Paulista,0.67,1.0,8,2.33,1.49,1.0,2
Sao Bernardo,6,4,1,1,9,7,2,13,Brazil - Paulista,0.67,0.83,2,1.5,1.49,1.2,3
Novorizontino,6,3,3,0,9,6,3,12,Brazil - Paulista,0.5,1.0,3,1.5,2.0,1.0,4
Corinthians,6,3,2,1,8,7,1,11,Brazil - Paulista,0.5,0.83,1,1.33,2.0,1.2,5
Sao Paulo,6,2,2,2,6,6,0,8,Brazil - Paulista,0.33,0.67,0,1.0,3.03,1.49,6
Mirassol,6,2,0,4,6,12,-6,6,Brazil - Paulista,0.33,0.33,-6,1.0,3.03,3.03,7
Santos,6,1,2,3,7,8,-1,5,Brazil - Paulista,0.17,0.5,-1,1.17,5.88,2.0,8
Bragantino,6,1,2,3,5,8,-3,5,Brazil - Paulista,0.17,0.5,-3,0.83,5.88,2.0,8
Inter Limeira,6,0,4,2,6,9,-3,4,Brazil - Paulista,0.0,0.67,-3,1.0,0.0,1.49,9
Portuguesa,6,0,4,2,4,7,-3,4,Brazil - Paulista,0.0,0.67,-3,0.67,0.0,1.49,9
Noroeste,6,1,1,4,5,10,-5,4,Brazil - Paulista,0.17,0.33,-5,0.83,5.88,3.03,9
Velo Clube,6,0,3,3,6,9,-3,3,Brazil - Paulista,0.0,0.5,-3,1.0,0.0,2.0,10
Botafogo SP,6,0,3,3,4,9,-5,3,Brazil - Paulista,0.0,0.5,-5,0.67,0.0,2.0,10
Guarani,6,0,2,4,4,9,-5,2,Brazil - Paulista,0.0,0.33,-5,0.67,0.0,3.03,11
Agua Santa,6,0,1,5,3,17,-14,1,Brazil - Paulista,0.0,0.17,-14,0.5,0.0,5.88,12
EC de Patos,5,3,0,2,11,8,3,9,Brazil - Paraibano,0.6,0.6,3,2.2,1.67,1.67,1
Sousa,4,2,2,0,5,1,4,8,Brazil - Paraibano,0.5,1.0,4,1.25,2.0,1.0,2
Treze,4,2,1,1,11,6,5,7,Brazil - Paraibano,0.5,0.75,5,2.75,2.0,1.33,3
Botafogo PB,4,2,0,2,4,4,0,6,Brazil - Paraibano,0.5,0.5,0,1.0,2.0,2.0,4
Auto Esporte,5,1,2,2,6,11,-5,5,Brazil - Paraibano,0.2,0.6,-5,1.2,5.0,1.67,5
Serra Branca,4,1,1,2,3,4,-1,4,Brazil - Paraibano,0.25,0.5,-1,0.75,4.0,2.0,6
Pombal,5,1,1,3,4,6,-2,4,Brazil - Paraibano,0.2,0.4,-2,0.8,5.0,2.5,6
Campinense,5,1,1,3,3,8,-5,4,Brazil - Paraibano,0.2,0.4,-5,0.6,5.0,2.5,6
Nacional Patos,5,0,2,3,7,13,-6,2,Brazil - Paraibano,0.0,0.4,-6,1.4,0.0,2.5,7
Picuiense,4,0,1,3,2,19,-17,1,Brazil - Paraibano,0.0,0.25,-17,0.5,0.0,4.0,8
Criciuma,5,3,2,0,8,3,5,11,Brazil - Catarinense,0.6,1.0,5,1.6,1.67,1.0,1
Chapecoense,6,2,3,1,11,9,2,9,Brazil - Catarinense,0.33,0.83,2,1.83,3.03,1.2,2
Avai,5,1,3,1,3,1,2,6,Brazil - Catarinense,0.2,0.8,2,0.6,5.0,1.25,3
Santa Catarina,6,1,3,2,8,9,-1,6,Brazil - Catarinense,0.17,0.67,-1,1.33,5.88,1.49,3
Brusque,5,1,2,2,5,4,1,5,Brazil - Catarinense,0.2,0.6,1,1.0,5.0,1.67,4
Figueirense,5,1,2,2,4,5,-1,5,Brazil - Catarinense,0.2,0.6,-1,0.8,5.0,1.67,4
Barra FC,5,1,2,2,2,5,-3,5,Brazil - Catarinense,0.2,0.6,-3,0.4,5.0,1.67,4
Joinville,6,1,2,3,3,9,-6,5,Brazil - Catarinense,0.17,0.5,-6,0.5,5.88,2.0,4
Caravaggio,6,1,1,4,5,13,-8,4,Brazil - Catarinense,0.17,0.33,-8,0.83,5.88,3.03,5
Hercilio Luz,6,0,2,4,3,8,-5,2,Brazil - Catarinense,0.0,0.33,-5,0.5,0.0,3.03,6
Marcilio Dias,5,0,2,3,2,7,-5,2,Brazil - Catarinense,0.0,0.4,-5,0.4,0.0,2.5,6
Concordia,6,0,1,5,3,14,-11,1,Brazil - Catarinense,0.0,0.17,-11,0.5,0.0,5.88,7
Internacional,4,2,2,0,8,4,4,8,Brazil - Gaucho,0.5,1.0,4,2.0,2.0,1.0,1
Gremio,4,2,1,1,4,2,2,7,Brazil - Gaucho,0.5,0.75,2,1.0,2.0,1.33,2
Juventude,4,2,1,1,6,5,1,7,Brazil - Gaucho,0.5,0.75,1,1.5,2.0,1.33,2
Caxias,4,2,1,1,2,4,-2,7,Brazil - Gaucho,0.5,0.75,-2,0.5,2.0,1.33,2
Ypiranga,4,1,2,1,2,3,-1,5,Brazil - Gaucho,0.25,0.75,-1,0.5,4.0,1.33,3
Guarany de Bage,4,1,1,2,3,3,0,4,Brazil - Gaucho,0.25,0.5,0,0.75,4.0,2.0,4
Monsoon,4,1,1,2,4,6,-2,4,Brazil - Gaucho,0.25,0.5,-2,1.0,4.0,2.0,4
Sao Luiz,4,1,1,2,2,7,-5,4,Brazil - Gaucho,0.25,0.5,-5,0.5,4.0,2.0,4
EC Sao Jose,4,0,2,2,3,6,-3,2,Brazil - Gaucho,0.0,0.5,-3,0.75,0.0,2.0,5
Brasil de P.,4,0,2,2,3,8,-5,2,Brazil - Gaucho,0.0,0.5,-5,0.75,0.0,2.0,5
Pelotas,4,0,2,2,2,8,-6,2,Brazil - Gaucho,0.0,0.5,-6,0.5,0.0,2.0,5
Avenida,4,0,0,4,2,6,-4,0,Brazil - Gaucho,0.0,0.0,-4,0.5,0.0,0.0,6
Ludogorets,8,5,2,1,19,8,11,17,Bulgaria - Parva Liga,0.62,0.88,11,2.38,1.61,1.14,1
Levski Sofia,8,5,1,2,16,8,8,16,Bulgaria - Parva Liga,0.62,0.75,8,2.0,1.61,1.33,2
Cherno More,8,5,1,2,12,6,6,16,Bulgaria - Parva Liga,0.62,0.75,6,1.5,1.61,1.33,2
CSKA Sofia,8,4,2,2,12,5,7,14,Bulgaria - Parva Liga,0.5,0.75,7,1.5,2.0,1.33,3
Septemvri Sofia,8,4,1,3,8,9,-1,13,Bulgaria - Parva Liga,0.5,0.62,-1,1.0,2.0,1.61,4
Arda,8,3,3,2,9,7,2,12,Bulgaria - Parva Liga,0.38,0.75,2,1.12,2.63,1.33,5
Beroe,8,3,2,3,11,8,3,11,Bulgaria - Parva Liga,0.38,0.62,3,1.38,2.63,1.61,6
Spartak Varna,8,3,2,3,7,11,-4,11,Bulgaria - Parva Liga,0.38,0.62,-4,0.88,2.63,1.61,6
Lokomotiv Sofia,8,3,0,5,13,15,-2,9,Bulgaria - Parva Liga,0.38,0.38,-2,1.62,2.63,2.63,7
Botev Plovdiv,8,3,0,5,5,9,-4,9,Bulgaria - Parva Liga,0.38,0.38,-4,0.62,2.63,2.63,7
L. Krumovgrad,8,1,5,2,3,4,-1,8,Bulgaria - Parva Liga,0.12,0.75,-1,0.38,8.33,1.33,8
Lok. Plovdiv,8,2,1,5,7,11,-4,7,Bulgaria - Parva Liga,0.25,0.38,-4,0.88,4.0,2.63,9
CSKA 1948 Sofia,8,0,6,2,7,11,-4,6,Bulgaria - Parva Liga,0.0,0.75,-4,0.88,0.0,1.33,10
Slavia Sofia,8,1,1,6,8,14,-6,4,Bulgaria - Parva Liga,0.12,0.25,-6,1.0,8.33,4.0,11
Hebar,8,0,3,5,7,17,-10,3,Bulgaria - Parva Liga,0.0,0.38,-10,0.88,0.0,2.63,12
Botev Vratsa,8,0,2,6,5,17,-12,2,Bulgaria - Parva Liga,0.0,0.25,-12,0.62,0.0,4.0,13
Coquimbo Unido,2,2,0,0,5,1,4,6,Chile - Primera Division,1.0,1.0,4,2.5,1.0,1.0,1
OHiggins,2,1,1,0,3,2,1,4,Chile - Primera Division,0.5,1.0,1,1.5,2.0,1.0,2
Palestino,1,1,0,0,3,0,3,3,Chile - Primera Division,1.0,1.0,3,3.0,1.0,1.0,3
Colo-Colo,2,1,0,1,4,3,1,3,Chile - Primera Division,0.5,0.5,1,2.0,2.0,2.0,3
Audax Italiano,2,1,0,1,3,3,0,3,Chile - Primera Division,0.5,0.5,0,1.5,2.0,2.0,3
Nublense,2,1,0,1,2,6,-4,3,Chile - Primera Division,0.5,0.5,-4,1.0,2.0,2.0,3
D. Limache,1,0,1,0,1,1,0,1,Chile - Primera Division,0.0,1.0,0,1.0,0.0,1.0,4
Huachipato,2,0,1,1,0,1,-1,1,Chile - Primera Division,0.0,0.5,-1,0.0,0.0,2.0,4
Everton,2,0,1,1,1,5,-4,1,Chile - Primera Division,0.0,0.5,-4,0.5,0.0,2.0,4
Cobresal,1,0,0,1,1,2,-1,0,Chile - Primera Division,0.0,0.0,-1,1.0,0.0,0.0,5
U. de Chile,1,0,0,1,1,2,-1,0,Chile - Primera Division,0.0,0.0,-1,1.0,0.0,0.0,5
U. Catolica,1,0,0,1,0,1,-1,0,Chile - Primera Division,0.0,0.0,-1,0.0,0.0,0.0,5
Union La Calera,1,0,0,1,0,1,-1,0,Chile - Primera Division,0.0,0.0,-1,0.0,0.0,0.0,5
La Serena,1,0,0,1,1,3,-2,0,Chile - Primera Division,0.0,0.0,-2,1.0,0.0,0.0,5
D. Iquique,2,0,0,2,2,5,-3,0,Chile - Primera Division,0.0,0.0,-3,1.0,0.0,0.0,5
Union Espanola,2,0,0,2,0,5,-5,0,Chile - Primera Division,0.0,0.0,-5,0.0,0.0,0.0,5
U. Concepcion,2,1,1,0,2,0,2,4,Chile - Primera B,0.5,1.0,2,1.0,2.0,1.0,1
Rangers,1,1,0,0,3,0,3,3,Chile - Primera B,1.0,1.0,3,3.0,1.0,1.0,2
Curico Unido,1,1,0,0,2,1,1,3,Chile - Primera B,1.0,1.0,1,2.0,1.0,1.0,2
S. Wanderers,1,1,0,0,1,0,1,3,Chile - Primera B,1.0,1.0,1,1.0,1.0,1.0,2
San Marcos,1,1,0,0,1,0,1,3,Chile - Primera B,1.0,1.0,1,1.0,1.0,1.0,2
S. Morning,1,0,1,0,2,2,0,1,Chile - Primera B,0.0,1.0,0,2.0,0.0,1.0,3
San Luis,1,0,1,0,2,2,0,1,Chile - Primera B,0.0,1.0,0,2.0,0.0,1.0,3
Cobreloa,1,0,1,0,1,1,0,1,Chile - Primera B,0.0,1.0,0,1.0,0.0,1.0,3
Copiapo,1,0,1,0,1,1,0,1,Chile - Primera B,0.0,1.0,0,1.0,0.0,1.0,3
U. San Felipe,1,0,1,0,1,1,0,1,Chile - Primera B,0.0,1.0,0,1.0,0.0,1.0,3
Antofagasta,1,0,1,0,0,0,0,1,Chile - Primera B,0.0,1.0,0,0.0,0.0,1.0,3
Deportes Temuco,2,0,1,1,3,4,-1,1,Chile - Primera B,0.0,0.5,-1,1.5,0.0,2.0,3
CD Santa Cruz,1,0,0,1,2,3,-1,0,Chile - Primera B,0.0,0.0,-1,2.0,0.0,0.0,4
Magallanes,1,0,0,1,1,2,-1,0,Chile - Primera B,0.0,0.0,-1,1.0,0.0,0.0,4
Concepcion,1,0,0,1,1,3,-2,0,Chile - Primera B,0.0,0.0,-2,1.0,0.0,0.0,4
Recoleta,1,0,0,1,0,3,-3,0,Chile - Primera B,0.0,0.0,-3,0.0,0.0,0.0,4
Beijing Guoan,2,1,1,0,4,2,2,4,China - Super League,0.5,1.0,2,2.0,2.0,1.0,1
Tianjin T.,1,1,0,0,2,1,1,3,China - Super League,1.0,1.0,1,2.0,1.0,1.0,2
Sichuan Jiuniu,2,1,0,1,2,3,-1,3,China - Super League,0.5,0.5,-1,1.0,2.0,2.0,2
Meizhou Hakka,1,0,1,0,2,2,0,1,China - Super League,0.0,1.0,0,2.0,0.0,1.0,3
Qingdao West C.,1,0,1,0,2,2,0,1,China - Super League,0.0,1.0,0,2.0,0.0,1.0,3
Zhejiang,1,0,1,0,1,1,0,1,China - Super League,0.0,1.0,0,1.0,0.0,1.0,3
Henan SL,2,0,1,1,1,2,-1,1,China - Super League,0.0,0.5,-1,0.5,0.0,2.0,3
Dalian Yingbo,2,0,1,1,2,5,-3,1,China - Super League,0.0,0.5,-3,1.0,0.0,2.0,3
Chengdu,0,0,0,0,0,0,0,0,China - Super League,0.0,0.0,0,0.0,0.0,0.0,4
Qingdao Hainiu,0,0,0,0,0,0,0,0,China - Super League,0.0,0.0,0,0.0,0.0,0.0,4
S. Shenhua,0,0,0,0,0,0,0,0,China - Super League,0.0,0.0,0,0.0,0.0,0.0,4
Shandong T.,0,0,0,0,0,0,0,0,China - Super League,0.0,0.0,0,0.0,0.0,0.0,4
Shanghai Port,0,0,0,0,0,0,0,0,China - Super League,0.0,0.0,0,0.0,0.0,0.0,4
Yunnan Yukun,0,0,0,0,0,0,0,0,China - Super League,0.0,0.0,0,0.0,0.0,0.0,4
Changchun Yatai,2,0,0,2,1,4,-3,0,China - Super League,0.0,0.0,-3,0.5,0.0,0.0,4
Wuhan Three T.,2,0,0,2,0,3,-3,0,China - Super League,0.0,0.0,-3,0.0,0.0,0.0,4
Liaoning Tieren,8,5,2,1,12,10,2,17,China - League One,0.62,0.88,2,1.5,1.61,1.14,1
Guangzhou FC,8,4,2,2,14,7,7,14,China - League One,0.5,0.75,7,1.75,2.0,1.33,2
Yunnan Yukun,8,4,1,3,17,9,8,13,China - League One,0.5,0.62,8,2.12,2.0,1.61,3
S. Gongfu,8,2,5,1,6,5,1,11,China - League One,0.25,0.88,1,0.75,4.0,1.14,4
Wuxi Wugou,8,3,2,3,9,11,-2,11,China - League One,0.38,0.62,-2,1.12,2.63,1.61,4
Yanbian Longdin,8,3,1,4,8,11,-3,10,China - League One,0.38,0.5,-3,1.0,2.63,2.0,5
Dalian Yingbo,8,3,1,4,9,13,-4,10,China - League One,0.38,0.5,-4,1.12,2.63,2.0,5
Heilongjiang IC,8,2,3,3,3,9,-6,9,China - League One,0.25,0.62,-6,0.38,4.0,1.61,6
Guangxi Baoyun,8,1,5,2,6,9,-3,8,China - League One,0.12,0.75,-3,0.75,8.33,1.33,7
Foshan Nanshi,8,2,2,4,5,13,-8,8,China - League One,0.25,0.5,-8,0.62,4.0,2.0,7
Suzhou Dongwu,8,1,4,3,9,11,-2,7,China - League One,0.12,0.62,-2,1.12,8.33,1.61,8
Shanghai Jiadin,8,0,6,2,6,9,-3,6,China - League One,0.0,0.75,-3,0.75,0.0,1.33,9
Chongqing T.,8,1,2,5,2,8,-6,5,China - League One,0.12,0.38,-6,0.25,8.33,2.63,10
Jiangxi Lushan,8,1,2,5,7,18,-11,5,China - League One,0.12,0.38,-11,0.88,8.33,2.63,10
Qingdao RL,8,0,3,5,6,18,-12,3,China - League One,0.0,0.38,-12,0.75,0.0,2.63,11
Nanjing City,8,0,1,7,5,16,-11,1,China - League One,0.0,0.12,-11,0.62,0.0,8.33,12
Ganzhou Ruishi,8,4,1,3,11,10,1,13,China - League Two,0.5,0.62,1,1.38,2.0,1.61,1
Shaanxi Union,8,3,2,3,13,12,1,11,China - League Two,0.38,0.62,1,1.62,2.63,1.61,2
Guangxi Lanhang,8,3,2,3,11,10,1,11,China - League Two,0.38,0.62,1,1.38,2.63,1.61,2
Guangdong GZP,8,3,2,3,8,7,1,11,China - League Two,0.38,0.62,1,1.0,2.63,1.61,2
Dalian Kuncheng,8,3,1,4,7,7,0,10,China - League Two,0.38,0.5,0,0.88,2.63,2.0,3
Guangxi H.,8,3,1,4,8,9,-1,10,China - League Two,0.38,0.5,-1,1.0,2.63,2.0,3
Shanghai Port B,8,3,1,4,10,12,-2,10,China - League Two,0.38,0.5,-2,1.25,2.63,2.0,3
Shenzhen J.,8,2,3,3,10,8,2,9,China - League Two,0.25,0.62,2,1.25,4.0,1.61,4
Shandong T. B,8,3,0,5,8,11,-3,9,China - League Two,0.38,0.38,-3,1.0,2.63,2.63,4
Haikou M.,8,2,3,3,10,14,-4,9,China - League Two,0.25,0.62,-4,1.25,4.0,1.61,4
Langfang Glory,8,2,2,4,6,8,-2,8,China - League Two,0.25,0.5,-2,0.75,4.0,2.0,5
Xian Ronghai,8,2,2,4,9,12,-3,8,China - League Two,0.25,0.5,-3,1.12,4.0,2.0,5
Taian Tiankuang,8,2,2,4,8,16,-8,8,China - League Two,0.25,0.5,-8,1.0,4.0,2.0,5
Hubei Istar,8,2,1,5,9,12,-3,7,China - League Two,0.25,0.38,-3,1.12,4.0,2.63,6
Hunan Billows,8,1,4,3,7,15,-8,7,China - League Two,0.12,0.62,-8,0.88,8.33,1.61,6
Jiangxi DH,8,1,3,4,6,7,-1,6,China - League Two,0.12,0.5,-1,0.75,8.33,2.0,7
Beijing IT,8,1,3,4,7,12,-5,6,China - League Two,0.12,0.5,-5,0.88,8.33,2.0,7
Rizhao Yuqi,8,0,5,3,6,12,-6,5,China - League Two,0.0,0.62,-6,0.75,0.0,1.61,8
Nantong Haimen,8,1,2,5,7,19,-12,5,China - League Two,0.12,0.38,-12,0.88,8.33,2.63,8
Quanzhou Yassin,8,0,0,8,5,24,-19,0,China - League Two,0.0,0.0,-19,0.62,0.0,0.0,9
A. Nacional,4,2,1,1,10,6,4,7,Colombia - Primera A - Apertura,0.5,0.75,4,2.5,2.0,1.33,1
I. Medelin,3,2,1,0,3,1,2,7,Colombia - Primera A - Apertura,0.67,1.0,2,1.0,1.49,1.0,1
Millonarios,4,2,1,1,7,6,1,7,Colombia - Primera A - Apertura,0.5,0.75,1,1.75,2.0,1.33,1
Envigado,4,2,1,1,5,4,1,7,Colombia - Primera A - Apertura,0.5,0.75,1,1.25,2.0,1.33,1
Junior,3,1,2,0,3,1,2,5,Colombia - Primera A - Apertura,0.33,1.0,2,1.0,3.03,1.0,2
Deportivo Cali,4,1,2,1,3,3,0,5,Colombia - Primera A - Apertura,0.25,0.75,0,0.75,4.0,1.33,2
A. Petrolera,4,1,2,1,3,4,-1,5,Colombia - Primera A - Apertura,0.25,0.75,-1,0.75,4.0,1.33,2
Santa Fe,3,1,1,1,7,3,4,4,Colombia - Primera A - Apertura,0.33,0.67,4,2.33,3.03,1.49,3
America de Cali,2,1,1,0,4,0,4,4,Colombia - Primera A - Apertura,0.5,1.0,4,2.0,2.0,1.0,3
A. Bucaramanga,4,1,1,2,2,3,-1,4,Colombia - Primera A - Apertura,0.25,0.5,-1,0.5,4.0,2.0,3
Deportivo Pasto,4,1,1,2,2,4,-2,4,Colombia - Primera A - Apertura,0.25,0.5,-2,0.5,4.0,2.0,3
Boyaca Chico,3,1,0,2,1,6,-5,3,Colombia - Primera A - Apertura,0.33,0.33,-5,0.33,3.03,3.03,4
Once Caldas,3,1,0,2,1,6,-5,3,Colombia - Primera A - Apertura,0.33,0.33,-5,0.33,3.03,3.03,4
R. Aguilas,3,0,2,1,4,5,-1,2,Colombia - Primera A - Apertura,0.0,0.67,-1,1.33,0.0,1.49,5
La Equidad,4,0,2,2,2,4,-2,2,Colombia - Primera A - Apertura,0.0,0.5,-2,0.5,0.0,2.0,5
Deportes Tolima,3,0,2,1,0,2,-2,2,Colombia - Primera A - Apertura,0.0,0.67,-2,0.0,0.0,1.49,5
Union Magdalena,3,0,1,2,2,5,-3,1,Colombia - Primera A - Apertura,0.0,0.33,-3,0.67,0.0,3.03,6
Llaneros,3,0,1,2,5,9,-4,1,Colombia - Primera A - Apertura,0.0,0.33,-4,1.67,0.0,3.03,6
Fortaleza CEIF,2,0,0,2,1,4,-3,0,Colombia - Primera A - Apertura,0.0,0.0,-3,0.5,0.0,0.0,7
D. Pereira,4,0,0,4,2,10,-8,0,Colombia - Primera A - Apertura,0.0,0.0,-8,0.5,0.0,0.0,7
A. Bucaramanga,8,5,2,1,13,5,8,17,Colombia - Primera A - Clausura,0.62,0.88,8,1.62,1.61,1.14,1
Santa Fe,8,4,4,0,11,5,6,16,Colombia - Primera A - Clausura,0.5,1.0,6,1.38,2.0,1.0,2
Millonarios,8,4,2,2,13,7,6,14,Colombia - Primera A - Clausura,0.5,0.75,6,1.62,2.0,1.33,3
A. Nacional,8,4,1,3,8,7,1,13,Colombia - Primera A - Clausura,0.5,0.62,1,1.0,2.0,1.61,4
Deportes Tolima,8,4,0,4,7,5,2,12,Colombia - Primera A - Clausura,0.5,0.5,2,0.88,2.0,2.0,5
America de Cali,8,3,2,3,11,12,-1,11,Colombia - Primera A - Clausura,0.38,0.62,-1,1.38,2.63,1.61,6
Junior,8,2,4,2,5,3,2,10,Colombia - Primera A - Clausura,0.25,0.75,2,0.62,4.0,1.33,7
I. Medelin,8,2,4,2,10,9,1,10,Colombia - Primera A - Clausura,0.25,0.75,1,1.25,4.0,1.33,7
Fortaleza CEIF,8,2,3,3,9,9,0,9,Colombia - Primera A - Clausura,0.25,0.62,0,1.12,4.0,1.61,8
Deportivo Pasto,8,2,3,3,6,6,0,9,Colombia - Primera A - Clausura,0.25,0.62,0,0.75,4.0,1.61,8
R. Aguilas,8,2,3,3,7,13,-6,9,Colombia - Primera A - Clausura,0.25,0.62,-6,0.88,4.0,1.61,8
Once Caldas,8,2,2,4,6,11,-5,8,Colombia - Primera A - Clausura,0.25,0.5,-5,0.75,4.0,2.0,9
D. Pereira,8,1,4,3,6,9,-3,7,Colombia - Primera A - Clausura,0.12,0.62,-3,0.75,8.33,1.61,10
Deportivo Cali,8,1,4,3,7,13,-6,7,Colombia - Primera A - Clausura,0.12,0.62,-6,0.88,8.33,1.61,10
La Equidad,8,1,3,4,7,13,-6,6,Colombia - Primera A - Clausura,0.12,0.5,-6,0.88,8.33,2.0,11
Patriotas,8,1,1,6,8,18,-10,4,Colombia - Primera A - Clausura,0.12,0.25,-10,1.0,8.33,4.0,12
Jaguares de C.,8,1,1,6,4,15,-11,4,Colombia - Primera A - Clausura,0.12,0.25,-11,0.5,8.33,4.0,12
Boyaca Chico,8,1,0,7,5,20,-15,3,Colombia - Primera A - Clausura,0.12,0.12,-15,0.62,8.33,8.33,13
A. Petrolera,8,0,2,6,4,13,-9,2,Colombia - Primera A - Clausura,0.0,0.25,-9,0.5,0.0,4.0,14
Envigado,8,0,1,7,2,15,-13,1,Colombia - Primera A - Clausura,0.0,0.12,-13,0.25,0.0,8.33,15
San Carlos,8,5,1,2,19,17,2,16,Costa Rica - Primera Div. - Apertura,0.62,0.75,2,2.38,1.61,1.33,1
Saprissa,8,4,2,2,10,7,3,14,Costa Rica - Primera Div. - Apertura,0.5,0.75,3,1.25,2.0,1.33,2
Alajuelense,8,3,3,2,10,9,1,12,Costa Rica - Primera Div. - Apertura,0.38,0.75,1,1.25,2.63,1.33,3
Herediano,8,3,2,3,11,11,0,11,Costa Rica - Primera Div. - Apertura,0.38,0.62,0,1.38,2.63,1.61,4
Santos Guapiles,8,1,4,3,11,13,-2,7,Costa Rica - Primera Div. - Apertura,0.12,0.62,-2,1.38,8.33,1.61,5
M. Liberia,8,2,1,5,10,14,-4,7,Costa Rica - Primera Div. - Apertura,0.25,0.38,-4,1.25,4.0,2.63,5
Zeledon,8,1,4,3,6,11,-5,7,Costa Rica - Primera Div. - Apertura,0.12,0.62,-5,0.75,8.33,1.61,5
Santa Ana,8,2,0,6,8,12,-4,6,Costa Rica - Primera Div. - Apertura,0.25,0.25,-4,1.0,4.0,4.0,6
Guanacasteca,8,1,3,4,6,15,-9,6,Costa Rica - Primera Div. - Apertura,0.12,0.5,-9,0.75,8.33,2.0,6
Cartagines,8,1,1,6,8,17,-9,4,Costa Rica - Primera Div. - Apertura,0.12,0.25,-9,1.0,8.33,4.0,7
Puntarenas,8,1,1,6,8,17,-9,4,Costa Rica - Primera Div. - Apertura,0.12,0.25,-9,1.0,8.33,4.0,7
Sporting SJ,8,0,1,7,3,12,-9,1,Costa Rica - Primera Div. - Apertura,0.0,0.12,-9,0.38,0.0,8.33,8
Slavia Prague,8,6,1,1,15,5,10,19,CzechRepublic - 1. Liga,0.75,0.88,10,1.88,1.33,1.14,1
Banik Ostrava,8,5,1,2,13,7,6,16,CzechRepublic - 1. Liga,0.62,0.75,6,1.62,1.61,1.33,2
Viktoria Plzen,8,5,0,3,11,8,3,15,CzechRepublic - 1. Liga,0.62,0.62,3,1.38,1.61,1.61,3
Sparta Prague,8,4,2,2,13,9,4,14,CzechRepublic - 1. Liga,0.5,0.75,4,1.62,2.0,1.33,4
Mlada Boleslav,8,3,3,2,13,8,5,12,CzechRepublic - 1. Liga,0.38,0.75,5,1.62,2.63,1.33,5
Sigma Olomouc,8,3,2,3,13,11,2,11,CzechRepublic - 1. Liga,0.38,0.62,2,1.62,2.63,1.61,6
Bohemians,8,3,2,3,10,11,-1,11,CzechRepublic - 1. Liga,0.38,0.62,-1,1.25,2.63,1.61,6
Hradec Kralove,8,3,2,3,7,9,-2,11,CzechRepublic - 1. Liga,0.38,0.62,-2,0.88,2.63,1.61,6
Jablonec,8,2,2,4,12,11,1,8,CzechRepublic - 1. Liga,0.25,0.5,1,1.5,4.0,2.0,7
Slovacko,8,2,1,5,11,19,-8,7,CzechRepublic - 1. Liga,0.25,0.38,-8,1.38,4.0,2.63,8
Slovan Liberec,8,1,3,4,8,9,-1,6,CzechRepublic - 1. Liga,0.12,0.5,-1,1.0,8.33,2.0,9
Teplice,8,1,3,4,6,13,-7,6,CzechRepublic - 1. Liga,0.12,0.5,-7,0.75,8.33,2.0,9
Karvina,8,1,2,5,11,23,-12,5,CzechRepublic - 1. Liga,0.12,0.38,-12,1.38,8.33,2.63,10
Dukla Praha,8,0,4,4,4,16,-12,4,CzechRepublic - 1. Liga,0.0,0.5,-12,0.5,0.0,2.0,11
Pardubice,8,0,2,6,2,15,-13,2,CzechRepublic - 1. Liga,0.0,0.25,-13,0.25,0.0,4.0,12
C. Budejovice,8,0,1,7,7,26,-19,1,CzechRepublic - 1. Liga,0.0,0.12,-19,0.88,0.0,8.33,13
Silkeborg,8,3,4,1,16,10,6,13,Denmark - Superligaen,0.38,0.88,6,2.0,2.63,1.14,1
Randers FC,8,3,4,1,13,8,5,13,Denmark - Superligaen,0.38,0.88,5,1.62,2.63,1.14,1
AGF Aarhus,8,2,4,2,11,7,4,10,Denmark - Superligaen,0.25,0.75,4,1.38,4.0,1.33,2
FC Midtjylland,8,3,1,4,12,11,1,10,Denmark - Superligaen,0.38,0.5,1,1.5,2.63,2.0,2
FC Kobenhavn,8,2,4,2,10,10,0,10,Denmark - Superligaen,0.25,0.75,0,1.25,4.0,1.33,2
Brondby IF,8,2,3,3,18,16,2,9,Denmark - Superligaen,0.25,0.62,2,2.25,4.0,1.61,3
Viborg,8,1,4,3,11,12,-1,7,Denmark - Superligaen,0.12,0.62,-1,1.38,8.33,1.61,4
Nordsjaelland,8,2,1,5,13,19,-6,7,Denmark - Superligaen,0.25,0.38,-6,1.62,4.0,2.63,4
SonderjyskE,8,2,1,5,11,17,-6,7,Denmark - Superligaen,0.25,0.38,-6,1.38,4.0,2.63,4
Aalborg BK,8,1,3,4,8,15,-7,6,Denmark - Superligaen,0.12,0.5,-7,1.0,8.33,2.0,5
Vejle BK,8,1,1,6,8,17,-9,4,Denmark - Superligaen,0.12,0.25,-9,1.0,8.33,4.0,6
Lyngby,8,0,2,6,5,12,-7,2,Denmark - Superligaen,0.0,0.25,-7,0.62,0.0,4.0,7
Fredericia,8,6,0,2,21,8,13,18,Denmark - 1st Division,0.75,0.75,13,2.62,1.33,1.33,1
Odense BK,8,5,3,0,21,8,13,18,Denmark - 1st Division,0.62,1.0,13,2.62,1.61,1.0,1
Kolding IF,8,5,1,2,7,2,5,16,Denmark - 1st Division,0.62,0.75,5,0.88,1.61,1.33,2
Hillerod,8,4,3,1,16,8,8,15,Denmark - 1st Division,0.5,0.88,8,2.0,2.0,1.14,3
Esbjerg,8,5,0,3,15,10,5,15,Denmark - 1st Division,0.62,0.62,5,1.88,1.61,1.61,3
HB Koge,8,3,4,1,11,8,3,13,Denmark - 1st Division,0.38,0.88,3,1.38,2.63,1.14,4
AC Horsens,8,4,1,3,15,15,0,13,Denmark - 1st Division,0.5,0.62,0,1.88,2.0,1.61,4
B 93,8,3,1,4,13,17,-4,10,Denmark - 1st Division,0.38,0.5,-4,1.62,2.63,2.0,5
Hobro,8,2,2,4,10,13,-3,8,Denmark - 1st Division,0.25,0.5,-3,1.25,4.0,2.0,6
Hvidovre,8,2,1,5,6,11,-5,7,Denmark - 1st Division,0.25,0.38,-5,0.75,4.0,2.63,7
Roskilde,8,2,1,5,8,15,-7,7,Denmark - 1st Division,0.25,0.38,-7,1.0,4.0,2.63,7
Vendsyssel,8,1,3,4,7,12,-5,6,Denmark - 1st Division,0.12,0.5,-5,0.88,8.33,2.0,8
Fremad Amager,8,6,1,1,15,8,7,19,Denmark - 2nd Division,0.75,0.88,7,1.88,1.33,1.14,1
Middelfart,8,4,2,2,14,7,7,14,Denmark - 2nd Division,0.5,0.75,7,1.75,2.0,1.33,2
Ishoj,8,4,2,2,10,8,2,14,Denmark - 2nd Division,0.5,0.75,2,1.25,2.0,1.33,2
Helsingor,8,3,3,2,9,10,-1,12,Denmark - 2nd Division,0.38,0.75,-1,1.12,2.63,1.33,3
Hellerup IK,8,3,2,3,7,7,0,11,Denmark - 2nd Division,0.38,0.62,0,0.88,2.63,1.61,4
Naestved,8,3,2,3,6,7,-1,11,Denmark - 2nd Division,0.38,0.62,-1,0.75,2.63,1.61,4
Aarhus Fremad,8,3,1,4,10,9,1,10,Denmark - 2nd Division,0.38,0.5,1,1.25,2.63,2.0,5
Skive,8,3,1,4,10,14,-4,10,Denmark - 2nd Division,0.38,0.5,-4,1.25,2.63,2.0,5
AB Copenhagen,8,2,3,3,8,10,-2,9,Denmark - 2nd Division,0.25,0.62,-2,1.0,4.0,1.61,6
BK Frem,6,2,2,2,7,7,0,8,Denmark - 2nd Division,0.33,0.67,0,1.17,3.03,1.49,7
Thisted,7,0,4,3,6,10,-4,4,Denmark - 2nd Division,0.0,0.57,-4,0.86,0.0,1.75,8
Nykobing,8,1,0,7,4,15,-11,3,Denmark - 2nd Division,0.12,0.12,-11,0.5,8.33,8.33,9
Barcelona SC,2,2,0,0,7,3,4,6,Ecuador - Liga Pro 1st Stage,1.0,1.0,4,3.5,1.0,1.0,1
U. Catolica,2,1,1,0,5,1,4,4,Ecuador - Liga Pro 1st Stage,0.5,1.0,4,2.5,2.0,1.0,2
Libertad,2,1,1,0,3,2,1,4,Ecuador - Liga Pro 1st Stage,0.5,1.0,1,1.5,2.0,1.0,2
Macara,2,1,1,0,2,1,1,4,Ecuador - Liga Pro 1st Stage,0.5,1.0,1,1.0,2.0,1.0,2
D. Cuenca,2,1,0,1,2,3,-1,3,Ecuador - Liga Pro 1st Stage,0.5,0.5,-1,1.0,2.0,2.0,3
Cuniburo,2,0,2,0,2,2,0,2,Ecuador - Liga Pro 1st Stage,0.0,1.0,0,1.0,0.0,1.0,4
El Nacional,1,0,1,0,1,1,0,1,Ecuador - Liga Pro 1st Stage,0.0,1.0,0,1.0,0.0,1.0,5
LDU Quito,1,0,1,0,1,1,0,1,Ecuador - Liga Pro 1st Stage,0.0,1.0,0,1.0,0.0,1.0,5
Delfin,2,0,1,1,2,4,-2,1,Ecuador - Liga Pro 1st Stage,0.0,0.5,-2,1.0,0.0,2.0,5
Tecnico U.,2,0,1,1,1,4,-3,1,Ecuador - Liga Pro 1st Stage,0.0,0.5,-3,0.5,0.0,2.0,5
Manta,1,0,0,1,1,2,-1,0,Ecuador - Liga Pro 1st Stage,0.0,0.0,-1,1.0,0.0,0.0,6
Mushuc Runa,1,0,0,1,0,1,-1,0,Ecuador - Liga Pro 1st Stage,0.0,0.0,-1,0.0,0.0,0.0,6
Aucas,1,0,0,1,0,2,-2,0,Ecuador - Liga Pro 1st Stage,0.0,0.0,-2,0.0,0.0,0.0,6
Emelec,1,0,0,1,0,2,-2,0,Ecuador - Liga Pro 1st Stage,0.0,0.0,-2,0.0,0.0,0.0,6
I. del Valle,1,0,0,1,0,2,-2,0,Ecuador - Liga Pro 1st Stage,0.0,0.0,-2,0.0,0.0,0.0,6
Orense,2,0,0,2,0,5,-5,0,Ecuador - Liga Pro 1st Stage,0.0,0.0,-5,0.0,0.0,0.0,6
Guayaquil City,8,3,3,2,7,6,1,12,Ecuador - Serie B,0.38,0.75,1,0.88,2.63,1.33,1
Manta,8,3,3,2,7,8,-1,12,Ecuador - Serie B,0.38,0.75,-1,0.88,2.63,1.33,1
San Antonio,8,2,5,1,4,3,1,11,Ecuador - Serie B,0.25,0.88,1,0.5,4.0,1.14,2
I. Juniors,8,2,4,2,9,8,1,10,Ecuador - Serie B,0.25,0.75,1,1.12,4.0,1.33,3
Cuniburo,8,2,3,3,17,12,5,9,Ecuador - Serie B,0.25,0.62,5,2.12,4.0,1.61,4
Leones Norte,8,2,2,4,5,7,-2,8,Ecuador - Serie B,0.25,0.5,-2,0.62,4.0,2.0,5
Gualaceo,8,2,1,5,5,12,-7,7,Ecuador - Serie B,0.25,0.38,-7,0.62,4.0,2.63,6
Nueve Octubre,8,1,2,5,6,12,-6,5,Ecuador - Serie B,0.12,0.38,-6,0.75,8.33,2.63,7
Vargas Torres,8,0,3,5,3,16,-13,3,Ecuador - Serie B,0.0,0.38,-13,0.38,0.0,2.63,8
Chacaritas,8,0,2,6,5,18,-13,2,Ecuador - Serie B,0.0,0.25,-13,0.62,0.0,4.0,9
Al Ahly,8,5,3,0,12,2,10,18,Egypt - Premier League,0.62,1.0,10,1.5,1.61,1.0,1
National Bank,8,5,2,1,12,7,5,17,Egypt - Premier League,0.62,0.88,5,1.5,1.61,1.14,2
Pyramids FC,8,5,2,1,10,5,5,17,Egypt - Premier League,0.62,0.88,5,1.25,1.61,1.14,2
Zamalek,8,4,2,2,13,7,6,14,Egypt - Premier League,0.5,0.75,6,1.62,2.0,1.33,3
El Geish,8,4,1,3,8,10,-2,13,Egypt - Premier League,0.5,0.62,-2,1.0,2.0,1.61,4
Al Masry,8,3,3,2,9,6,3,12,Egypt - Premier League,0.38,0.75,3,1.12,2.63,1.33,5
Ceramica C.,8,3,3,2,7,7,0,12,Egypt - Premier League,0.38,0.75,0,0.88,2.63,1.33,5
Pharco,8,3,2,3,6,8,-2,11,Egypt - Premier League,0.38,0.62,-2,0.75,2.63,1.61,6
ZED FC,8,2,4,2,6,6,0,10,Egypt - Premier League,0.25,0.75,0,0.75,4.0,1.33,7
Smouha,8,3,1,4,4,6,-2,10,Egypt - Premier League,0.38,0.5,-2,0.5,2.63,2.0,7
Petrojet,8,2,3,3,8,10,-2,9,Egypt - Premier League,0.25,0.62,-2,1.0,4.0,1.61,8
Al Ittihad,8,1,5,2,6,8,-2,8,Egypt - Premier League,0.12,0.75,-2,0.75,8.33,1.33,9
Haras El Hodood,8,2,2,4,9,14,-5,8,Egypt - Premier League,0.25,0.5,-5,1.12,4.0,2.0,9
Ghazl El M.,8,2,1,5,8,13,-5,7,Egypt - Premier League,0.25,0.38,-5,1.0,4.0,2.63,10
El Gouna,8,1,3,4,4,10,-6,6,Egypt - Premier League,0.12,0.5,-6,0.5,8.33,2.0,11
Ismaily,8,1,2,5,5,9,-4,5,Egypt - Premier League,0.12,0.38,-4,0.62,8.33,2.63,12
ENPPI,8,0,3,5,6,13,-7,3,Egypt - Premier League,0.0,0.38,-7,0.75,0.0,2.63,13
Modern Sport,8,0,3,5,5,13,-8,3,Egypt - Premier League,0.0,0.38,-8,0.62,0.0,2.63,13
Crystal Palace,8,6,2,0,14,3,11,20,Premier League,0.75,1.0,11,1.75,1.33,1.0,2
Liverpool,8,5,3,0,22,8,14,18,Premier League,0.62,1.0,14,2.75,1.61,1.0,3
Arsenal,8,5,3,0,18,6,12,18,Premier League,0.62,1.0,12,2.25,1.61,1.0,3
Bournemouth,8,5,2,1,21,11,10,17,Premier League,0.62,0.88,10,2.62,1.61,1.14,4
Fulham,8,5,2,1,15,9,6,17,Premier League,0.62,0.88,6,1.88,1.61,1.14,4
Brentford,8,4,2,2,14,6,8,14,Premier League,0.5,0.75,8,1.75,2.0,1.33,5
Newcastle Utd,8,4,1,3,14,13,1,13,Premier League,0.5,0.62,1,1.75,2.0,1.61,6
Tottenham,8,4,0,4,18,8,10,12,Premier League,0.5,0.5,10,2.25,2.0,2.0,7
Brighton,8,3,3,2,15,16,-1,12,Premier League,0.38,0.75,-1,1.88,2.63,1.33,7
Nottm Forest,8,4,0,4,14,16,-2,12,Premier League,0.5,0.5,-2,1.75,2.0,2.0,7
Manchester City,8,3,2,3,15,13,2,11,Premier League,0.38,0.62,2,1.88,2.63,1.61,8
West Ham Utd,8,3,2,3,9,11,-2,11,Premier League,0.38,0.62,-2,1.12,2.63,1.61,8
Everton,8,2,4,2,5,8,-3,10,Premier League,0.25,0.75,-3,0.62,4.0,1.33,9
Manchester Utd,8,2,3,3,8,11,-3,9,Premier League,0.25,0.62,-3,1.0,4.0,1.61,10
Chelsea,8,2,2,4,12,15,-3,8,Premier League,0.25,0.5,-3,1.5,4.0,2.0,11
Ipswich Town,8,2,2,4,10,14,-4,8,Premier League,0.25,0.5,-4,1.25,4.0,2.0,11
Wolverhampton,8,2,1,5,9,16,-7,7,Premier League,0.25,0.38,-7,1.12,4.0,2.63,12
Southampton,8,1,2,5,7,15,-8,5,Premier League,0.12,0.38,-8,0.88,8.33,2.63,13
Aston Villa,8,1,1,6,5,18,-13,4,Premier League,0.12,0.25,-13,0.62,8.33,4.0,14
Leicester City,8,1,0,7,5,23,-18,3,Premier League,0.12,0.12,-18,0.62,8.33,8.33,15
Sheffield Utd,8,7,0,1,12,5,7,21,Premier League,0.88,0.88,7,1.5,1.14,1.14,1
Leeds Utd,8,5,3,0,16,5,11,18,Premier League,0.62,1.0,11,2.0,1.61,1.0,3
Burnley,8,5,3,0,12,2,10,18,Premier League,0.62,1.0,10,1.5,1.61,1.0,3
Sunderland,8,4,2,2,12,10,2,14,Premier League,0.5,0.75,2,1.5,2.0,1.33,5
Coventry City,8,4,1,3,12,12,0,13,Premier League,0.5,0.62,0,1.5,2.0,1.61,6
Hull City,8,4,0,4,7,6,1,12,Premier League,0.5,0.5,1,0.88,2.0,2.0,7
Millwall,8,3,3,2,8,10,-2,12,Premier League,0.38,0.75,-2,1.0,2.63,1.33,7
Preston,8,3,1,4,9,10,-1,10,Premier League,0.38,0.5,-1,1.12,2.63,2.0,9
Sheffield Wed,8,3,1,4,11,16,-5,10,Premier League,0.38,0.5,-5,1.38,2.63,2.0,9
Watford,8,2,3,3,9,10,-1,9,Premier League,0.25,0.62,-1,1.12,4.0,1.61,10
Norwich City,8,2,3,3,5,8,-3,9,Premier League,0.25,0.62,-3,0.62,4.0,1.61,10
Bristol City,8,1,5,2,9,10,-1,8,Premier League,0.12,0.75,-1,1.12,8.33,1.33,11
Oxford Utd,8,1,5,2,4,6,-2,8,Premier League,0.12,0.75,-2,0.5,8.33,1.33,11
QP Rangers,8,2,2,4,7,11,-4,8,Premier League,0.25,0.5,-4,0.88,4.0,2.0,11
Middlesbrough,8,2,1,5,12,16,-4,7,Premier League,0.25,0.38,-4,1.5,4.0,2.63,12
Blackburn,8,2,1,5,6,10,-4,7,Premier League,0.25,0.38,-4,0.75,4.0,2.63,12
Cardiff City,8,1,4,3,11,19,-8,7,Premier League,0.12,0.62,-8,1.38,8.33,1.61,12
Swansea City,8,2,1,5,6,18,-12,7,Premier League,0.25,0.38,-12,0.75,4.0,2.63,12
Stoke City,8,1,2,5,7,15,-8,5,Premier League,0.12,0.38,-8,0.88,8.33,2.63,13
West Brom,8,0,4,4,7,12,-5,4,Premier League,0.0,0.5,-5,0.88,0.0,2.0,14
Portsmouth,8,1,0,7,5,17,-12,3,Premier League,0.12,0.12,-12,0.62,8.33,8.33,15
Plymouth,8,0,3,5,3,15,-12,3,Premier League,0.0,0.38,-12,0.38,0.0,2.63,15
Derby County,8,0,2,6,5,15,-10,2,Premier League,0.0,0.25,-10,0.62,0.0,4.0,16
Luton Town,8,0,1,7,5,15,-10,1,Premier League,0.0,0.12,-10,0.62,0.0,8.33,17
Huddersfield,8,5,1,2,15,9,6,16,League One,0.62,0.75,6,1.88,1.61,1.33,1
Wrexham,8,5,1,2,11,7,4,16,League One,0.62,0.75,4,1.38,1.61,1.33,1
Birmingham City,8,4,3,1,10,6,4,15,League One,0.5,0.88,4,1.25,2.0,1.14,2
Charlton,8,4,2,2,14,9,5,14,League One,0.5,0.75,5,1.75,2.0,1.33,3
Stevenage,8,4,2,2,7,7,0,14,League One,0.5,0.75,0,0.88,2.0,1.33,3
Leyton Orient,8,4,1,3,16,10,6,13,League One,0.5,0.62,6,2.0,2.0,1.61,4
Wycombe,8,3,3,2,14,9,5,12,League One,0.38,0.75,5,1.75,2.63,1.33,5
Blackpool,8,3,3,2,12,7,5,12,League One,0.38,0.75,5,1.5,2.63,1.33,5
Stockport,8,3,3,2,9,7,2,12,League One,0.38,0.75,2,1.12,2.63,1.33,5
Wigan Athletic,8,3,3,2,7,5,2,12,League One,0.38,0.75,2,0.88,2.63,1.33,5
Barnsley,8,4,0,4,11,11,0,12,League One,0.5,0.5,0,1.38,2.0,2.0,5
Burton Albion,8,3,3,2,7,8,-1,12,League One,0.38,0.75,-1,0.88,2.63,1.33,5
Bolton,8,3,2,3,8,9,-1,11,League One,0.38,0.62,-1,1.0,2.63,1.61,6
Reading,8,2,3,3,8,10,-2,9,League One,0.25,0.62,-2,1.0,4.0,1.61,7
Northampton,8,2,3,3,6,12,-6,9,League One,0.25,0.62,-6,0.75,4.0,1.61,7
Mansfield,8,2,2,4,13,15,-2,8,League One,0.25,0.5,-2,1.62,4.0,2.0,8
Lincoln City,8,2,2,4,12,14,-2,8,League One,0.25,0.5,-2,1.5,4.0,2.0,8
Rotherham,8,2,2,4,8,11,-3,8,League One,0.25,0.5,-3,1.0,4.0,2.0,8
Exeter City,8,2,2,4,6,12,-6,8,League One,0.25,0.5,-6,0.75,4.0,2.0,8
Shrewsbury,8,1,3,4,7,11,-4,6,League One,0.12,0.5,-4,0.88,8.33,2.0,9
Cambridge Utd,8,1,3,4,9,15,-6,6,League One,0.12,0.5,-6,1.12,8.33,2.0,9
Peterborough,8,1,3,4,7,14,-7,6,League One,0.12,0.5,-7,0.88,8.33,2.0,9
Bristol Rovers,8,1,1,6,3,14,-11,4,League One,0.12,0.25,-11,0.38,8.33,4.0,10
Crawley Town,8,1,1,6,10,23,-13,4,League One,0.12,0.25,-13,1.25,8.33,4.0,10
Bromley,8,4,2,2,12,11,1,14,League Two,0.5,0.75,1,1.5,2.0,1.33,1
Notts County,8,4,1,3,16,13,3,13,League Two,0.5,0.62,3,2.0,2.0,1.61,2
Colchester Utd,8,3,4,1,8,5,3,13,League Two,0.38,0.88,3,1.0,2.63,1.14,2
Doncaster,8,4,1,3,10,11,-1,13,League Two,0.5,0.62,-1,1.25,2.0,1.61,2
Bradford,8,3,3,2,7,8,-1,12,League Two,0.38,0.75,-1,0.88,2.63,1.33,3
Salford City,8,3,2,3,11,9,2,11,League Two,0.38,0.62,2,1.38,2.63,1.61,4
Swindon Town,8,3,2,3,10,8,2,11,League Two,0.38,0.62,2,1.25,2.63,1.61,4
Walsall,8,3,2,3,10,11,-1,11,League Two,0.38,0.62,-1,1.25,2.63,1.61,4
Fleetwood,8,3,1,4,12,11,1,10,League Two,0.38,0.5,1,1.5,2.63,2.0,5
Crewe Alexandra,8,2,4,2,7,8,-1,10,League Two,0.25,0.75,-1,0.88,4.0,1.33,5
Grimsby,8,3,1,4,12,14,-2,10,League Two,0.38,0.5,-2,1.5,2.63,2.0,5
Accrington,8,3,0,5,7,9,-2,9,League Two,0.38,0.38,-2,0.88,2.63,2.63,6
AFC Wimbledon,8,1,5,2,4,5,-1,8,League Two,0.12,0.75,-1,0.5,8.33,1.33,7
Port Vale,8,1,5,2,9,12,-3,8,League Two,0.12,0.75,-3,1.12,8.33,1.33,7
Carlisle Utd,8,2,1,5,6,9,-3,7,League Two,0.25,0.38,-3,0.75,4.0,2.63,8
Cheltenham,8,1,4,3,7,11,-4,7,League Two,0.12,0.62,-4,0.88,8.33,1.61,8
Newport,8,1,3,4,10,16,-6,6,League Two,0.12,0.5,-6,1.25,8.33,2.0,9
Harrogate,8,1,2,5,5,9,-4,5,League Two,0.12,0.38,-4,0.62,8.33,2.63,10
Chesterfield,8,1,1,6,5,11,-6,4,League Two,0.12,0.25,-6,0.62,8.33,4.0,11
Milton Keynes,8,1,1,6,8,16,-8,4,League Two,0.12,0.25,-8,1.0,8.33,4.0,11
Gillingham,8,0,4,4,4,12,-8,4,League Two,0.0,0.5,-8,0.5,0.0,2.0,11
Barrow,8,1,1,6,5,15,-10,4,League Two,0.12,0.25,-10,0.62,8.33,4.0,11
Morecambe,8,1,0,7,2,10,-8,3,League Two,0.12,0.12,-8,0.25,8.33,8.33,12
Tranmere,8,0,1,7,5,20,-15,1,League Two,0.0,0.12,-15,0.62,0.0,8.33,13
Barnet,8,4,4,0,12,1,11,16,England - National League,0.5,1.0,11,1.5,2.0,1.0,1
Halifax Town,8,4,3,1,15,11,4,15,England - National League,0.5,0.88,4,1.88,2.0,1.14,2
Altrincham,8,4,2,2,14,12,2,14,England - National League,0.5,0.75,2,1.75,2.0,1.33,3
Oldham,8,3,4,1,10,8,2,13,England - National League,0.38,0.88,2,1.25,2.63,1.14,4
York City,8,4,1,3,11,11,0,13,England - National League,0.5,0.62,0,1.38,2.0,1.61,4
Gateshead FC,8,3,3,2,14,7,7,12,England - National League,0.38,0.75,7,1.75,2.63,1.33,5
Southend Utd,8,3,3,2,8,7,1,12,England - National League,0.38,0.75,1,1.0,2.63,1.33,5
Tamworth,8,3,3,2,12,12,0,12,England - National League,0.38,0.75,0,1.5,2.63,1.33,5
Eastleigh,8,3,2,3,9,9,0,11,England - National League,0.38,0.62,0,1.12,2.63,1.61,6
Forest Green,8,2,4,2,11,9,2,10,England - National League,0.25,0.75,2,1.38,4.0,1.33,7
Rochdale,8,2,3,3,6,7,-1,9,England - National League,0.25,0.62,-1,0.75,4.0,1.61,8
Braintree Town,8,2,3,3,14,17,-3,9,England - National League,0.25,0.62,-3,1.75,4.0,1.61,8
Wealdstone,8,2,2,4,11,17,-6,8,England - National League,0.25,0.5,-6,1.38,4.0,2.0,9
Woking,8,1,5,2,9,15,-6,8,England - National League,0.12,0.75,-6,1.12,8.33,1.33,9
Yeovil Town,8,2,2,4,8,15,-7,8,England - National League,0.25,0.5,-7,1.0,4.0,2.0,9
Sutton Utd,8,1,4,3,10,12,-2,7,England - National League,0.12,0.62,-2,1.25,8.33,1.61,10
Boston Utd,8,2,1,5,5,12,-7,7,England - National League,0.25,0.38,-7,0.62,4.0,2.63,10
AFC Fylde,8,2,1,5,7,17,-10,7,England - National League,0.25,0.38,-10,0.88,4.0,2.63,10
Aldershot Town,8,1,3,4,11,14,-3,6,England - National League,0.12,0.5,-3,1.38,8.33,2.0,11
Hartlepool,8,1,3,4,10,14,-4,6,England - National League,0.12,0.5,-4,1.25,8.33,2.0,11
Dagenham & R.,8,1,3,4,6,12,-6,6,England - National League,0.12,0.5,-6,0.75,8.33,2.0,11
Solihull Moors,8,1,2,5,5,11,-6,5,England - National League,0.12,0.38,-6,0.62,8.33,2.63,12
Maidenhead Utd,8,1,1,6,4,19,-15,4,England - National League,0.12,0.25,-15,0.5,8.33,4.0,13
Ebbsfleet Utd,8,0,3,5,6,19,-13,3,England - National League,0.0,0.38,-13,0.75,0.0,2.63,14
Chester,8,6,1,1,17,7,10,19,England - National L. North,0.75,0.88,10,2.12,1.33,1.14,1
Kidderminster,8,5,2,1,21,7,14,17,England - National L. North,0.62,0.88,14,2.62,1.61,1.14,2
Peterborough S.,8,4,3,1,12,7,5,15,England - National L. North,0.5,0.88,5,1.5,2.0,1.14,3
Brackley Town,8,5,0,3,18,16,2,15,England - National L. North,0.62,0.62,2,2.25,1.61,1.61,3
Hereford Utd,8,4,2,2,11,7,4,14,England - National L. North,0.5,0.75,4,1.38,2.0,1.33,4
Scunthorpe,8,3,4,1,9,6,3,13,England - National L. North,0.38,0.88,3,1.12,2.63,1.14,5
Darlington,8,4,1,3,9,7,2,13,England - National L. North,0.5,0.62,2,1.12,2.0,1.61,5
Marine,8,4,1,3,9,8,1,13,England - National L. North,0.5,0.62,1,1.12,2.0,1.61,5
Curzon,8,3,3,2,10,7,3,12,England - National L. North,0.38,0.75,3,1.25,2.63,1.33,6
Spennymoor,8,3,2,3,13,13,0,11,England - National L. North,0.38,0.62,0,1.62,2.63,1.61,7
Chorley,8,3,2,3,9,10,-1,11,England - National L. North,0.38,0.62,-1,1.12,2.63,1.61,7
Scarborough,8,3,1,4,15,11,4,10,England - National L. North,0.38,0.5,4,1.88,2.63,2.0,8
Buxton,8,3,1,4,12,10,2,10,England - National L. North,0.38,0.5,2,1.5,2.63,2.0,8
Needham Market,8,2,3,3,13,11,2,9,England - National L. North,0.25,0.62,2,1.62,4.0,1.61,9
Southport,8,2,3,3,8,9,-1,9,England - National L. North,0.25,0.62,-1,1.0,4.0,1.61,9
Radcliffe,8,1,5,2,6,8,-2,8,England - National L. North,0.12,0.75,-2,0.75,8.33,1.33,10
Kings Lynn,8,2,2,4,5,11,-6,8,England - National L. North,0.25,0.5,-6,0.62,4.0,2.0,10
Alfreton Town,8,2,1,5,10,13,-3,7,England - National L. North,0.25,0.38,-3,1.25,4.0,2.63,11
Leamington,8,2,1,5,8,12,-4,7,England - National L. North,0.25,0.38,-4,1.0,4.0,2.63,11
Rushall,8,2,1,5,8,24,-16,7,England - National L. North,0.25,0.38,-16,1.0,4.0,2.63,11
Oxford City,8,1,2,5,7,15,-8,5,England - National L. North,0.12,0.38,-8,0.88,8.33,2.63,12
South Shields,8,1,1,6,10,19,-9,4,England - National L. North,0.12,0.25,-9,1.25,8.33,4.0,13
Farsley Celtic,8,1,0,7,5,23,-18,3,England - National L. North,0.12,0.12,-18,0.62,8.33,8.33,14
Warrington,8,0,2,6,6,16,-10,2,England - National L. North,0.0,0.25,-10,0.75,0.0,4.0,15
Dorking,8,7,1,0,18,5,13,22,England - National L. South,0.88,1.0,13,2.25,1.14,1.0,1
Worthing,8,6,0,2,13,11,2,18,England - National L. South,0.75,0.75,2,1.62,1.33,1.33,2
Chippenham,8,5,1,2,17,13,4,16,England - National L. South,0.62,0.75,4,2.12,1.61,1.33,3
Weston-s.-Mare,8,4,2,2,11,8,3,14,England - National L. South,0.5,0.75,3,1.38,2.0,1.33,4
Truro City,8,4,2,2,10,7,3,14,England - National L. South,0.5,0.75,3,1.25,2.0,1.33,4
Boreham Wood,8,4,1,3,15,12,3,13,England - National L. South,0.5,0.62,3,1.88,2.0,1.61,5
Eastbourne,8,3,3,2,8,5,3,12,England - National L. South,0.38,0.75,3,1.0,2.63,1.33,6
Bath City,8,3,2,3,10,8,2,11,England - National L. South,0.38,0.62,2,1.25,2.63,1.61,7
Maidstone Utd,8,3,2,3,6,5,1,11,England - National L. South,0.38,0.62,1,0.75,2.63,1.61,7
Hampton & R.,8,3,2,3,10,13,-3,11,England - National L. South,0.38,0.62,-3,1.25,2.63,1.61,7
Chelmsford City,8,3,1,4,13,13,0,10,England - National L. South,0.38,0.5,0,1.62,2.63,2.0,8
Salisbury,8,2,4,2,12,12,0,10,England - National L. South,0.25,0.75,0,1.5,4.0,1.33,8
Hornchurch,8,2,3,3,11,11,0,9,England - National L. South,0.25,0.62,0,1.38,4.0,1.61,9
Torquay Utd,8,1,5,2,13,13,0,8,England - National L. South,0.12,0.75,0,1.62,8.33,1.33,10
St Albans,8,1,5,2,6,7,-1,8,England - National L. South,0.12,0.75,-1,0.75,8.33,1.33,10
Enfield Town,8,2,2,4,8,13,-5,8,England - National L. South,0.25,0.5,-5,1.0,4.0,2.0,10
Chesham Utd,8,1,4,3,7,10,-3,7,England - National L. South,0.12,0.62,-3,0.88,8.33,1.61,11
Tonbridge,8,1,3,4,8,12,-4,6,England - National L. South,0.12,0.5,-4,1.0,8.33,2.0,12
Farnborough,8,1,3,4,6,12,-6,6,England - National L. South,0.12,0.5,-6,0.75,8.33,2.0,12
Hemel Hempstead,8,1,3,4,5,13,-8,6,England - National L. South,0.12,0.5,-8,0.62,8.33,2.0,12
Welling Utd,8,1,1,6,8,18,-10,4,England - National L. South,0.12,0.25,-10,1.0,8.33,4.0,13
Weymouth,8,0,3,5,3,12,-9,3,England - National L. South,0.0,0.38,-9,0.38,0.0,2.63,14
Aveley,8,1,0,7,5,18,-13,3,England - National L. South,0.12,0.12,-13,0.62,8.33,8.33,14
Slough Town,8,0,2,6,8,22,-14,2,England - National L. South,0.0,0.25,-14,1.0,0.0,4.0,15
Dartford,8,7,0,1,15,8,7,21,England - Isthmian league,0.88,0.88,7,1.88,1.14,1.14,1
Horsham,8,6,0,2,18,7,11,18,England - Isthmian league,0.75,0.75,11,2.25,1.33,1.33,2
Dover Athletic,8,5,1,2,15,7,8,16,England - Isthmian league,0.62,0.75,8,1.88,1.61,1.33,3
Billericay Town,8,5,1,2,12,8,4,16,England - Isthmian league,0.62,0.75,4,1.5,1.61,1.33,3
Carshalton,8,4,1,3,13,9,4,13,England - Isthmian league,0.5,0.62,4,1.62,2.0,1.61,4
Chichester City,8,4,1,3,15,12,3,13,England - Isthmian league,0.5,0.62,3,1.88,2.0,1.61,4
Cheshunt,8,4,1,3,12,10,2,13,England - Isthmian league,0.5,0.62,2,1.5,2.0,1.61,4
Cray Valley PM,8,3,3,2,18,16,2,12,England - Isthmian league,0.38,0.75,2,2.25,2.63,1.33,5
Cray Wanderers,8,4,0,4,10,9,1,12,England - Isthmian league,0.5,0.5,1,1.25,2.0,2.0,5
Potters Bar,8,3,2,3,13,12,1,11,England - Isthmian league,0.38,0.62,1,1.62,2.63,1.61,6
Whitehawk,8,3,2,3,16,16,0,11,England - Isthmian league,0.38,0.62,0,2.0,2.63,1.61,6
Hashtag United,8,2,4,2,14,12,2,10,England - Isthmian league,0.25,0.75,2,1.75,4.0,1.33,7
Lewes,8,2,3,3,11,12,-1,9,England - Isthmian league,0.25,0.62,-1,1.38,4.0,1.61,8
Bognor Regis,8,2,3,3,17,19,-2,9,England - Isthmian league,0.25,0.62,-2,2.12,4.0,1.61,8
Chatham Town,8,2,2,4,12,11,1,8,England - Isthmian league,0.25,0.5,1,1.5,4.0,2.0,9
Wingate & F.,8,2,1,5,16,17,-1,7,England - Isthmian league,0.25,0.38,-1,2.0,4.0,2.63,10
Canvey Island,8,2,0,6,8,18,-10,6,England - Isthmian league,0.25,0.25,-10,1.0,4.0,4.0,11
Folkestone,8,1,2,5,13,19,-6,5,England - Isthmian league,0.12,0.38,-6,1.62,8.33,2.63,12
Hastings Utd,8,1,2,5,6,12,-6,5,England - Isthmian league,0.12,0.38,-6,0.75,8.33,2.63,12
Hendon,8,0,4,4,10,14,-4,4,England - Isthmian league,0.0,0.5,-4,1.25,0.0,2.0,13
Dulwich Hamlet,8,0,4,4,6,13,-7,4,England - Isthmian league,0.0,0.5,-7,0.75,0.0,2.0,13
Bowers & Pitsea,8,1,1,6,6,14,-8,4,England - Isthmian league,0.12,0.25,-8,0.75,8.33,4.0,13
Macclesfield,8,5,2,1,20,8,12,17,England - Northern league,0.62,0.88,12,2.5,1.61,1.14,1
Stockton Town,8,5,1,2,13,10,3,16,England - Northern league,0.62,0.75,3,1.62,1.61,1.33,2
Rylands,8,4,3,1,16,9,7,15,England - Northern league,0.5,0.88,7,2.0,2.0,1.14,3
Guiseley,8,4,2,2,15,10,5,14,England - Northern league,0.5,0.75,5,1.88,2.0,1.33,4
Worksop Town,8,4,2,2,14,12,2,14,England - Northern league,0.5,0.75,2,1.75,2.0,1.33,4
Ashton Utd,8,4,1,3,14,9,5,13,England - Northern league,0.5,0.62,5,1.75,2.0,1.61,5
FC United,8,3,3,2,9,10,-1,12,England - Northern league,0.38,0.75,-1,1.12,2.63,1.33,6
Whitby Town,8,4,0,4,13,19,-6,12,England - Northern league,0.5,0.5,-6,1.62,2.0,2.0,6
Leek Town,8,3,2,3,7,8,-1,11,England - Northern league,0.38,0.62,-1,0.88,2.63,1.61,7
Morpeth Town,8,3,2,3,12,15,-3,11,England - Northern league,0.38,0.62,-3,1.5,2.63,1.61,7
Workington,8,3,1,4,13,14,-1,10,England - Northern league,0.38,0.5,-1,1.62,2.63,2.0,8
Hyde Utd,8,2,3,3,7,8,-1,9,England - Northern league,0.25,0.62,-1,0.88,4.0,1.61,9
Lancaster City,8,3,0,5,9,12,-3,9,England - Northern league,0.38,0.38,-3,1.12,2.63,2.63,9
Hebburn Town,8,1,5,2,10,11,-1,8,England - Northern league,0.12,0.75,-1,1.25,8.33,1.33,10
Bamber Bridge,8,1,4,3,10,13,-3,7,England - Northern league,0.12,0.62,-3,1.25,8.33,1.61,11
Gainsborough,8,1,4,3,8,13,-5,7,England - Northern league,0.12,0.62,-5,1.0,8.33,1.61,11
Ilkeston Town,8,1,4,3,5,11,-6,7,England - Northern league,0.12,0.62,-6,0.62,8.33,1.61,11
Matlock,8,1,3,4,15,16,-1,6,England - Northern league,0.12,0.5,-1,1.88,8.33,2.0,12
Prescot Cables,8,0,3,5,7,16,-9,3,England - Northern league,0.0,0.38,-9,0.88,0.0,2.63,13
Mickleover,8,0,2,6,4,17,-13,2,England - Northern league,0.0,0.25,-13,0.5,0.0,4.0,14
Basford Utd,8,0,1,7,5,18,-13,1,England - Northern league,0.0,0.12,-13,0.62,0.0,8.33,15
Blyth Spartans,8,0,1,7,6,26,-20,1,England - Northern league,0.0,0.12,-20,0.75,0.0,8.33,15
Bromsgrove,8,5,1,2,13,10,3,16,England - Southern Central,0.62,0.75,3,1.62,1.61,1.33,1
Bedford Town,8,5,0,3,10,11,-1,15,England - Southern Central,0.62,0.62,-1,1.25,1.61,1.61,2
Stamford,8,4,2,2,10,6,4,14,England - Southern Central,0.5,0.75,4,1.25,2.0,1.33,3
Stratford Town,8,4,1,3,9,9,0,13,England - Southern Central,0.5,0.62,0,1.12,2.0,1.61,4
Leiston,8,4,1,3,11,12,-1,13,England - Southern Central,0.5,0.62,-1,1.38,2.0,1.61,4
Stourbridge,8,4,0,4,13,12,1,12,England - Southern Central,0.5,0.5,1,1.62,2.0,2.0,5
Harborough Town,8,3,3,2,12,14,-2,12,England - Southern Central,0.38,0.75,-2,1.5,2.63,1.33,5
Spalding United,8,3,2,3,11,9,2,11,England - Southern Central,0.38,0.62,2,1.38,2.63,1.61,6
Kettering Town,8,3,1,4,13,13,0,10,England - Southern Central,0.38,0.5,0,1.62,2.63,2.0,7
Banbury Utd,8,2,4,2,9,10,-1,10,England - Southern Central,0.25,0.75,-1,1.12,4.0,1.33,7
Alvechurch,8,2,3,3,10,8,2,9,England - Southern Central,0.25,0.62,2,1.25,4.0,1.61,8
Halesowen Town,8,2,2,4,7,9,-2,8,England - Southern Central,0.25,0.5,-2,0.88,4.0,2.0,9
Royston,8,2,2,4,7,10,-3,8,England - Southern Central,0.25,0.5,-3,0.88,4.0,2.0,9
Telford Utd,8,1,5,2,15,20,-5,8,England - Southern Central,0.12,0.75,-5,1.88,8.33,1.33,9
Lowestoft,8,2,1,5,13,26,-13,7,England - Southern Central,0.25,0.38,-13,1.62,4.0,2.63,10
Biggleswade,8,1,3,4,10,15,-5,6,England - Southern Central,0.12,0.5,-5,1.25,8.33,2.0,11
B. Stortford,8,1,2,5,4,13,-9,5,England - Southern Central,0.12,0.38,-9,0.5,8.33,2.63,12
St. Ives Town,8,0,4,4,6,12,-6,4,England - Southern Central,0.0,0.5,-6,0.75,0.0,2.0,13
Barwell,8,1,1,6,8,16,-8,4,England - Southern Central,0.12,0.25,-8,1.0,8.33,4.0,13
AFC Sudbury,8,1,1,6,5,16,-11,4,England - Southern Central,0.12,0.25,-11,0.62,8.33,4.0,13
Hitchin Town,8,0,3,5,6,13,-7,3,England - Southern Central,0.0,0.38,-7,0.75,0.0,2.63,14
Redditch Utd,8,0,1,7,5,14,-9,1,England - Southern Central,0.0,0.12,-9,0.62,0.0,8.33,15
Nomme Kalju,1,1,0,0,3,0,3,3,Estonia - Meistriliiga,1.0,1.0,3,3.0,1.0,1.0,1
Paide,1,1,0,0,2,1,1,3,Estonia - Meistriliiga,1.0,1.0,1,2.0,1.0,1.0,1
Tammeka,1,1,0,0,2,1,1,3,Estonia - Meistriliiga,1.0,1.0,1,2.0,1.0,1.0,1
Narva Trans,1,0,1,0,2,2,0,1,Estonia - Meistriliiga,0.0,1.0,0,2.0,0.0,1.0,2
Flora,0,0,0,0,0,0,0,0,Estonia - Meistriliiga,0.0,0.0,0,0.0,0.0,0.0,3
Kuressaare,0,0,0,0,0,0,0,0,Estonia - Meistriliiga,0.0,0.0,0,0.0,0.0,0.0,3
Levadia,0,0,0,0,0,0,0,0,Estonia - Meistriliiga,0.0,0.0,0,0.0,0.0,0.0,3
Tallinna Kalev,0,0,0,0,0,0,0,0,Estonia - Meistriliiga,0.0,0.0,0,0.0,0.0,0.0,3
Vaprus,0,0,0,0,0,0,0,0,Estonia - Meistriliiga,0.0,0.0,0,0.0,0.0,0.0,3
Harju JK,1,0,0,1,0,5,-5,0,Estonia - Meistriliiga,0.0,0.0,-5,0.0,0.0,0.0,3
Nomme Kalju B,1,1,0,0,2,1,1,3,Estonia - Esiliiga,1.0,1.0,1,2.0,1.0,1.0,1
Nomme Utd,1,1,0,0,2,1,1,3,Estonia - Esiliiga,1.0,1.0,1,2.0,1.0,1.0,1
Elva,1,0,1,0,3,3,0,1,Estonia - Esiliiga,0.0,1.0,0,3.0,0.0,1.0,2
Tallinna K. B,1,0,1,0,1,1,0,1,Estonia - Esiliiga,0.0,1.0,0,1.0,0.0,1.0,2
FC Tallinn,0,0,0,0,0,0,0,0,Estonia - Esiliiga,0.0,0.0,0,0.0,0.0,0.0,3
Flora B,0,0,0,0,0,0,0,0,Estonia - Esiliiga,0.0,0.0,0,0.0,0.0,0.0,3
Tartu Welco,0,0,0,0,0,0,0,0,Estonia - Esiliiga,0.0,0.0,0,0.0,0.0,0.0,3
Viimsi,0,0,0,0,0,0,0,0,Estonia - Esiliiga,0.0,0.0,0,0.0,0.0,0.0,3
Tammeka B,1,0,0,1,2,3,-1,0,Estonia - Esiliiga,0.0,0.0,-1,2.0,0.0,0.0,3
Levadia B,1,0,0,1,0,2,-2,0,Estonia - Esiliiga,0.0,0.0,-2,0.0,0.0,0.0,3
07 Vestur,0,0,0,0,0,0,0,0,FaroeIslands - Premier League,0.0,0.0,0,0.0,0.0,0.0,1
B36 Torshavn,0,0,0,0,0,0,0,0,FaroeIslands - Premier League,0.0,0.0,0,0.0,0.0,0.0,1
HB Torshavn,0,0,0,0,0,0,0,0,FaroeIslands - Premier League,0.0,0.0,0,0.0,0.0,0.0,1
Klaksvik,0,0,0,0,0,0,0,0,FaroeIslands - Premier League,0.0,0.0,0,0.0,0.0,0.0,1
NSI Runavik,0,0,0,0,0,0,0,0,FaroeIslands - Premier League,0.0,0.0,0,0.0,0.0,0.0,1
Streymur,0,0,0,0,0,0,0,0,FaroeIslands - Premier League,0.0,0.0,0,0.0,0.0,0.0,1
Suduroy,0,0,0,0,0,0,0,0,FaroeIslands - Premier League,0.0,0.0,0,0.0,0.0,0.0,1
TB Tvoroyri,0,0,0,0,0,0,0,0,FaroeIslands - Premier League,0.0,0.0,0,0.0,0.0,0.0,1
Vikingur,0,0,0,0,0,0,0,0,FaroeIslands - Premier League,0.0,0.0,0,0.0,0.0,0.0,1
B68 Toftir,1,0,0,1,2,3,-1,0,FaroeIslands - Premier League,0.0,0.0,-1,2.0,0.0,0.0,1
Skala,1,1,0,0,4,0,4,3,FaroeIslands - 1. Deild,1.0,1.0,4,4.0,1.0,1.0,1
07 Vestur B,0,0,0,0,0,0,0,0,FaroeIslands - 1. Deild,0.0,0.0,0,0.0,0.0,0.0,2
AB Argir,0,0,0,0,0,0,0,0,FaroeIslands - 1. Deild,0.0,0.0,0,0.0,0.0,0.0,2
B36 Torshavn B,0,0,0,0,0,0,0,0,FaroeIslands - 1. Deild,0.0,0.0,0,0.0,0.0,0.0,2
B71 Sandur,0,0,0,0,0,0,0,0,FaroeIslands - 1. Deild,0.0,0.0,0,0.0,0.0,0.0,2
IF Fuglafjordur,0,0,0,0,0,0,0,0,FaroeIslands - 1. Deild,0.0,0.0,0,0.0,0.0,0.0,2
Klaksvik B,0,0,0,0,0,0,0,0,FaroeIslands - 1. Deild,0.0,0.0,0,0.0,0.0,0.0,2
NSI Runavik B,0,0,0,0,0,0,0,0,FaroeIslands - 1. Deild,0.0,0.0,0,0.0,0.0,0.0,2
Streymur B,0,0,0,0,0,0,0,0,FaroeIslands - 1. Deild,0.0,0.0,0,0.0,0.0,0.0,2
Vikingur B,0,0,0,0,0,0,0,0,FaroeIslands - 1. Deild,0.0,0.0,0,0.0,0.0,0.0,2
Ilves,8,4,2,2,12,8,4,14,Finland - Veikkausliiga,0.5,0.75,4,1.5,2.0,1.33,1
Inter Turku,8,4,1,3,12,4,8,13,Finland - Veikkausliiga,0.5,0.62,8,1.5,2.0,1.61,2
HJK Helsinki,8,4,1,3,14,9,5,13,Finland - Veikkausliiga,0.5,0.62,5,1.75,2.0,1.61,2
KuPS,8,4,1,3,11,10,1,13,Finland - Veikkausliiga,0.5,0.62,1,1.38,2.0,1.61,2
Haka,8,4,0,4,11,11,0,12,Finland - Veikkausliiga,0.5,0.5,0,1.38,2.0,2.0,3
SJK,8,3,2,3,13,13,0,11,Finland - Veikkausliiga,0.38,0.62,0,1.62,2.63,1.61,4
Gnistan,8,2,2,4,12,16,-4,8,Finland - Veikkausliiga,0.25,0.5,-4,1.5,4.0,2.0,5
Ekenas IF,8,2,2,4,6,18,-12,8,Finland - Veikkausliiga,0.25,0.5,-12,0.75,4.0,2.0,5
VPS,8,2,1,5,12,18,-6,7,Finland - Veikkausliiga,0.25,0.38,-6,1.5,4.0,2.63,6
Oulu,8,1,2,5,6,15,-9,5,Finland - Veikkausliiga,0.12,0.38,-9,0.75,8.33,2.63,7
Lahti,8,0,4,4,9,18,-9,4,Finland - Veikkausliiga,0.0,0.5,-9,1.12,0.0,2.0,8
Mariehamn,8,1,0,7,6,17,-11,3,Finland - Veikkausliiga,0.12,0.12,-11,0.75,8.33,8.33,9
KTP,8,5,1,2,24,12,12,16,Finland - Ykkosliga,0.62,0.75,12,3.0,1.61,1.33,1
JIPPO,8,5,0,3,15,8,7,15,Finland - Ykkosliga,0.62,0.62,7,1.88,1.61,1.61,2
Jaro,8,4,1,3,13,13,0,13,Finland - Ykkosliga,0.5,0.62,0,1.62,2.0,1.61,3
JaPS,8,4,1,3,15,19,-4,13,Finland - Ykkosliga,0.5,0.62,-4,1.88,2.0,1.61,3
SalPa,8,4,0,4,8,16,-8,12,Finland - Ykkosliga,0.5,0.5,-8,1.0,2.0,2.0,4
TPS,8,2,5,1,7,5,2,11,Finland - Ykkosliga,0.25,0.88,2,0.88,4.0,1.14,5
PK-35,8,2,3,3,8,11,-3,9,Finland - Ykkosliga,0.25,0.62,-3,1.0,4.0,1.61,6
Mikkelin,8,2,2,4,11,16,-5,8,Finland - Ykkosliga,0.25,0.5,-5,1.38,4.0,2.0,7
KaPa,8,2,1,5,19,26,-7,7,Finland - Ykkosliga,0.25,0.38,-7,2.38,4.0,2.63,8
SJK Akatemia,8,1,3,4,10,15,-5,6,Finland - Ykkosliga,0.12,0.5,-5,1.25,8.33,2.0,9
PKKU,8,6,2,0,24,16,8,20,Finland - Ykkonen,0.75,1.0,8,3.0,1.33,1.0,1
KPV Kokkola,8,6,1,1,20,12,8,19,Finland - Ykkonen,0.75,0.88,8,2.5,1.33,1.14,2
JJK,8,4,2,2,14,13,1,14,Finland - Ykkonen,0.5,0.75,1,1.75,2.0,1.33,3
Klubi-04,8,4,1,3,13,10,3,13,Finland - Ykkonen,0.5,0.62,3,1.62,2.0,1.61,4
Atlantis,8,3,2,3,17,16,1,11,Finland - Ykkonen,0.38,0.62,1,2.12,2.63,1.61,5
VIFK,8,2,3,3,18,21,-3,9,Finland - Ykkonen,0.25,0.62,-3,2.25,4.0,1.61,6
Jazz Pori,8,3,0,5,16,20,-4,9,Finland - Ykkonen,0.38,0.38,-4,2.0,2.63,2.63,6
OLS Oulu,8,2,3,3,12,17,-5,9,Finland - Ykkonen,0.25,0.62,-5,1.5,4.0,1.61,6
EPS,8,1,4,3,8,10,-2,7,Finland - Ykkonen,0.12,0.62,-2,1.0,8.33,1.61,7
Rovaniemi,8,2,1,5,10,13,-3,7,Finland - Ykkonen,0.25,0.38,-3,1.25,4.0,2.63,7
KuPS Ak.,8,1,1,6,9,19,-10,4,Finland - Ykkonen,0.12,0.25,-10,1.12,8.33,4.0,8
Vaajakoski,8,0,1,7,8,23,-15,1,Finland - Ykkonen,0.0,0.12,-15,1.0,0.0,8.33,9
NJS,8,4,2,2,14,10,4,14,Finland - Kakkonen Group A,0.5,0.75,4,1.75,2.0,1.33,1
Reipas,8,3,2,3,12,11,1,11,Finland - Kakkonen Group A,0.38,0.62,1,1.5,2.63,1.61,2
PEPO,8,2,4,2,17,15,2,10,Finland - Kakkonen Group A,0.25,0.75,2,2.12,4.0,1.33,3
PPJ,8,3,1,4,13,12,1,10,Finland - Kakkonen Group A,0.38,0.5,1,1.62,2.63,2.0,3
Kiffen,8,3,1,4,9,12,-3,10,Finland - Kakkonen Group A,0.38,0.5,-3,1.12,2.63,2.0,3
GrIFK,8,2,3,3,8,11,-3,9,Finland - Kakkonen Group A,0.25,0.62,-3,1.0,4.0,1.61,4
Atlantis B,8,2,2,4,8,10,-2,8,Finland - Kakkonen Group A,0.25,0.5,-2,1.0,4.0,2.0,5
Futura,8,2,0,6,10,21,-11,6,Finland - Kakkonen Group A,0.25,0.25,-11,1.25,4.0,4.0,6
MYPA,8,1,2,5,12,24,-12,5,Finland - Kakkonen Group A,0.12,0.38,-12,1.5,8.33,2.63,7
JaPS B,8,1,1,6,8,25,-17,4,Finland - Kakkonen Group A,0.12,0.25,-17,1.0,8.33,4.0,8
Inter Turku B,8,5,1,2,18,10,8,16,Finland - Kakkonen Group B,0.62,0.75,8,2.25,1.61,1.33,1
Tampere Utd,8,4,2,2,18,10,8,14,Finland - Kakkonen Group B,0.5,0.75,8,2.25,2.0,1.33,2
HJS Akatemia,8,4,2,2,16,10,6,14,Finland - Kakkonen Group B,0.5,0.75,6,2.0,2.0,1.33,2
VJS,8,3,3,2,16,13,3,12,Finland - Kakkonen Group B,0.38,0.75,3,2.0,2.63,1.33,3
TPV,8,3,2,3,15,18,-3,11,Finland - Kakkonen Group B,0.38,0.62,-3,1.88,2.63,1.61,4
Honka,8,2,3,3,14,14,0,9,Finland - Kakkonen Group B,0.25,0.62,0,1.75,4.0,1.61,5
Ilves B,8,3,0,5,16,21,-5,9,Finland - Kakkonen Group B,0.38,0.38,-5,2.0,2.63,2.63,5
Poxyt,8,3,0,5,17,25,-8,9,Finland - Kakkonen Group B,0.38,0.38,-8,2.12,2.63,2.63,5
Ilves-Kissat,8,2,1,5,14,24,-10,7,Finland - Kakkonen Group B,0.25,0.38,-10,1.75,4.0,2.63,6
P-Iirot,8,2,0,6,8,16,-8,6,Finland - Kakkonen Group B,0.25,0.25,-8,1.0,4.0,4.0,7
EBK,8,1,0,7,6,41,-35,3,Finland - Kakkonen Group B,0.12,0.12,-35,0.75,8.33,8.33,8
JBK,8,6,2,0,19,7,12,20,Finland - Kakkonen Group C,0.75,1.0,12,2.38,1.33,1.0,1
GBK,8,6,0,2,22,13,9,18,Finland - Kakkonen Group C,0.75,0.75,9,2.75,1.33,1.33,2
Narpes Kraft,8,4,1,3,17,18,-1,13,Finland - Kakkonen Group C,0.5,0.62,-1,2.12,2.0,1.61,3
SJK Akatemia B,8,4,0,4,21,17,4,12,Finland - Kakkonen Group C,0.5,0.5,4,2.62,2.0,2.0,4
TP-47,8,3,2,3,20,13,7,11,Finland - Kakkonen Group C,0.38,0.62,7,2.5,2.63,1.61,5
JS Hercules,8,2,1,5,15,24,-9,7,Finland - Kakkonen Group C,0.25,0.38,-9,1.88,4.0,2.63,6
JPS,8,1,3,4,10,14,-4,6,Finland - Kakkonen Group C,0.12,0.5,-4,1.25,8.33,2.0,7
Kuopion Elo,8,0,4,4,13,21,-8,4,Finland - Kakkonen Group C,0.0,0.5,-8,1.62,0.0,2.0,8
OTP,8,1,1,6,6,23,-17,4,Finland - Kakkonen Group C,0.12,0.25,-17,0.75,8.33,4.0,8
OPS,8,1,0,7,10,31,-21,3,Finland - Kakkonen Group C,0.12,0.12,-21,1.25,8.33,8.33,9
Paris SG,8,7,1,0,22,9,13,22,France - Ligue 1,0.88,1.0,13,2.75,1.14,1.0,1
Marseille,8,6,0,2,16,8,8,18,France - Ligue 1,0.75,0.75,8,2.0,1.33,1.33,2
Toulouse,8,4,2,2,13,8,5,14,France - Ligue 1,0.5,0.75,5,1.62,2.0,1.33,3
Nice,8,4,2,2,16,13,3,14,France - Ligue 1,0.5,0.75,3,2.0,2.0,1.33,3
Strasbourg,8,4,1,3,11,8,3,13,France - Ligue 1,0.5,0.62,3,1.38,2.0,1.61,4
Lens,8,4,1,3,11,9,2,13,France - Ligue 1,0.5,0.62,2,1.38,2.0,1.61,4
Angers,8,4,1,3,9,8,1,13,France - Ligue 1,0.5,0.62,1,1.12,2.0,1.61,4
Le Havre,8,3,2,3,12,14,-2,11,France - Ligue 1,0.38,0.62,-2,1.5,2.63,1.61,5
Lille,8,2,4,2,11,11,0,10,France - Ligue 1,0.25,0.75,0,1.38,4.0,1.33,6
Brest,8,3,1,4,9,11,-2,10,France - Ligue 1,0.38,0.5,-2,1.12,2.63,2.0,6
Lyon,8,2,3,3,14,12,2,9,France - Ligue 1,0.25,0.62,2,1.75,4.0,1.61,7
Rennes,8,2,1,5,11,13,-2,7,France - Ligue 1,0.25,0.38,-2,1.38,4.0,2.63,8
Monaco,8,1,3,4,10,14,-4,6,France - Ligue 1,0.12,0.5,-4,1.25,8.33,2.0,9
Nantes,8,1,3,4,9,20,-11,6,France - Ligue 1,0.12,0.5,-11,1.12,8.33,2.0,9
Auxerre,8,1,2,5,11,19,-8,5,France - Ligue 1,0.12,0.38,-8,1.38,8.33,2.63,10
Reims,8,1,2,5,5,13,-8,5,France - Ligue 1,0.12,0.38,-8,0.62,8.33,2.63,10
Montpellier,8,1,0,7,4,14,-10,3,France - Ligue 1,0.12,0.12,-10,0.5,8.33,8.33,11
Saint-Etienne,8,0,1,7,7,24,-17,1,France - Ligue 1,0.0,0.12,-17,0.88,0.0,8.33,12
Laval,8,4,3,1,10,6,4,15,France - Ligue 2,0.5,0.88,4,1.25,2.0,1.14,1
USL Dunkerque,8,4,2,2,11,9,2,14,France - Ligue 2,0.5,0.75,2,1.38,2.0,1.33,2
Lorient,8,4,2,2,10,9,1,14,France - Ligue 2,0.5,0.75,1,1.25,2.0,1.33,2
Metz,8,3,4,1,8,4,4,13,France - Ligue 2,0.38,0.88,4,1.0,2.63,1.14,3
Guingamp,8,4,1,3,13,11,2,13,France - Ligue 2,0.5,0.62,2,1.62,2.0,1.61,3
Troyes,8,4,0,4,11,7,4,12,France - Ligue 2,0.5,0.5,4,1.38,2.0,2.0,4
Paris FC,8,3,2,3,7,8,-1,11,France - Ligue 2,0.38,0.62,-1,0.88,2.63,1.61,5
Annecy,8,3,2,3,5,9,-4,11,France - Ligue 2,0.38,0.62,-4,0.62,2.63,1.61,5
AC Ajaccio,8,3,1,4,6,10,-4,10,France - Ligue 2,0.38,0.5,-4,0.75,2.63,2.0,6
Martigues,8,3,1,4,5,9,-4,10,France - Ligue 2,0.38,0.5,-4,0.62,2.63,2.0,6
Red Star,8,2,2,4,6,12,-6,8,France - Ligue 2,0.25,0.5,-6,0.75,4.0,2.0,7
Rodez Aveyron,8,1,4,3,16,17,-1,7,France - Ligue 2,0.12,0.62,-1,2.0,8.33,1.61,8
SC Bastia,8,1,4,3,7,9,-2,7,France - Ligue 2,0.12,0.62,-2,0.88,8.33,1.61,8
Grenoble,8,2,1,5,7,13,-6,7,France - Ligue 2,0.25,0.38,-6,0.88,4.0,2.63,8
Caen,8,2,0,6,6,11,-5,6,France - Ligue 2,0.25,0.25,-5,0.75,4.0,4.0,9
Pau FC,8,1,3,4,7,13,-6,6,France - Ligue 2,0.12,0.5,-6,0.88,8.33,2.0,9
Clermont,8,2,0,6,6,16,-10,6,France - Ligue 2,0.25,0.25,-10,0.75,4.0,4.0,9
Amiens,8,1,1,6,5,16,-11,4,France - Ligue 2,0.12,0.25,-11,0.62,8.33,4.0,10
Le Mans,8,5,2,1,16,6,10,17,France - National,0.62,0.88,10,2.0,1.61,1.14,1
Nancy,8,5,0,3,12,6,6,15,France - National,0.62,0.62,6,1.5,1.61,1.61,2
Quevilly Rouen,8,3,3,2,10,9,1,12,France - National,0.38,0.75,1,1.25,2.63,1.33,3
Valenciennes,8,3,3,2,8,7,1,12,France - National,0.38,0.75,1,1.0,2.63,1.33,3
Dijon,8,3,3,2,8,8,0,12,France - National,0.38,0.75,0,1.0,2.63,1.33,3
Bourg-en-Bresse,8,3,2,3,8,8,0,11,France - National,0.38,0.62,0,1.0,2.63,1.61,4
Aubagne,8,3,1,4,12,10,2,10,France - National,0.38,0.5,2,1.5,2.63,2.0,5
Boulogne,8,3,1,4,8,12,-4,10,France - National,0.38,0.5,-4,1.0,2.63,2.0,5
Rouen,8,2,2,4,6,7,-1,8,France - National,0.25,0.5,-1,0.75,4.0,2.0,6
Versailles,8,2,2,4,8,10,-2,8,France - National,0.25,0.5,-2,1.0,4.0,2.0,6
Villefranche,8,2,2,4,7,9,-2,8,France - National,0.25,0.5,-2,0.88,4.0,2.0,6
Orleans,8,2,2,4,7,11,-4,8,France - National,0.25,0.5,-4,0.88,4.0,2.0,6
Paris 13 A.,8,1,4,3,9,13,-4,7,France - National,0.12,0.62,-4,1.12,8.33,1.61,7
Chateauroux,8,1,4,3,8,14,-6,7,France - National,0.12,0.62,-6,1.0,8.33,1.61,7
Sochaux,8,0,6,2,6,9,-3,6,France - National,0.0,0.75,-3,0.75,0.0,1.33,8
Nimes,8,0,3,5,6,12,-6,3,France - National,0.0,0.38,-6,0.75,0.0,2.63,9
Concarneau,8,1,0,7,8,16,-8,3,France - National,0.12,0.12,-8,1.0,8.33,8.33,9
Torpedo Kutaisi,2,1,0,1,2,3,-1,3,georgia,0.5,0.5,-1,1.0,2.0,2.0,1
Dila Gori,1,0,1,0,0,0,0,1,georgia,0.0,1.0,0,0.0,0.0,1.0,2
Dinamo Batumi,1,0,1,0,0,0,0,1,georgia,0.0,1.0,0,0.0,0.0,1.0,2
Dinamo Tbilisi,0,0,0,0,0,0,0,0,georgia,0.0,0.0,0,0.0,0.0,0.0,3
Gagra,0,0,0,0,0,0,0,0,georgia,0.0,0.0,0,0.0,0.0,0.0,3
Gareji Sagarejo,0,0,0,0,0,0,0,0,georgia,0.0,0.0,0,0.0,0.0,0.0,3
Iberia,0,0,0,0,0,0,0,0,georgia,0.0,0.0,0,0.0,0.0,0.0,3
Samgurali,1,0,0,1,1,2,-1,0,georgia,0.0,0.0,-1,1.0,0.0,0.0,3
Kolkheti Poti,1,0,0,1,0,1,-1,0,georgia,0.0,0.0,-1,0.0,0.0,0.0,3
Telavi,1,0,0,1,0,2,-2,0,georgia,0.0,0.0,-2,0.0,0.0,0.0,3
Bolnisi,0,0,0,0,0,0,0,0,georgia2,0.0,0.0,0,0.0,0.0,0.0,1
D. Tbilisi B,0,0,0,0,0,0,0,0,georgia2,0.0,0.0,0,0.0,0.0,0.0,1
Gonio,0,0,0,0,0,0,0,0,georgia2,0.0,0.0,0,0.0,0.0,0.0,1
Iberia B,0,0,0,0,0,0,0,0,georgia2,0.0,0.0,0,0.0,0.0,0.0,1
L. Tbilisi,0,0,0,0,0,0,0,0,georgia2,0.0,0.0,0,0.0,0.0,0.0,1
Merani Martvili,0,0,0,0,0,0,0,0,georgia2,0.0,0.0,0,0.0,0.0,0.0,1
Meshakhte,0,0,0,0,0,0,0,0,georgia2,0.0,0.0,0,0.0,0.0,0.0,1
Rustavi,0,0,0,0,0,0,0,0,georgia2,0.0,0.0,0,0.0,0.0,0.0,1
Samtredia,0,0,0,0,0,0,0,0,georgia2,0.0,0.0,0,0.0,0.0,0.0,1
Spaeri,0,0,0,0,0,0,0,0,georgia2,0.0,0.0,0,0.0,0.0,0.0,1
Leverkusen,8,5,3,0,16,7,9,18,germany,0.62,1.0,9,2.0,1.61,1.0,1
Bayern Munich,8,5,2,1,14,5,9,17,germany,0.62,0.88,9,1.75,1.61,1.14,2
Wolfsburg,8,5,1,2,18,11,7,16,germany,0.62,0.75,7,2.25,1.61,1.33,3
Monchengladbach,8,4,1,3,12,14,-2,13,germany,0.5,0.62,-2,1.5,2.0,1.61,4
FSV Mainz,8,4,0,4,14,11,3,12,germany,0.5,0.5,3,1.75,2.0,2.0,5
E. Frankfurt,8,3,3,2,13,12,1,12,germany,0.38,0.75,1,1.62,2.63,1.33,5
FC Augsburg,8,3,3,2,11,11,0,12,germany,0.38,0.75,0,1.38,2.63,1.33,5
Stuttgart,8,3,3,2,9,11,-2,12,germany,0.38,0.75,-2,1.12,2.63,1.33,5
Hoffenheim,8,3,2,3,9,13,-4,11,germany,0.38,0.62,-4,1.12,2.63,1.61,6
Dortmund,8,3,1,4,11,14,-3,10,germany,0.38,0.5,-3,1.38,2.63,2.0,7
Sankt Pauli,8,3,0,5,6,9,-3,9,germany,0.38,0.38,-3,0.75,2.63,2.63,8
Freiburg,8,2,2,4,5,18,-13,8,germany,0.25,0.5,-13,0.62,4.0,2.0,9
Werder Bremen,8,2,1,5,8,19,-11,7,germany,0.25,0.38,-11,1.0,4.0,2.63,10
RB Leipzig,8,1,3,4,11,16,-5,6,germany,0.12,0.5,-5,1.38,8.33,2.0,11
Holstein Kiel,8,1,1,6,12,21,-9,4,germany,0.12,0.25,-9,1.5,8.33,4.0,12
Bochum,8,0,3,5,6,19,-13,3,germany,0.0,0.38,-13,0.75,0.0,2.63,13
Union Berlin,8,1,0,7,7,22,-15,3,germany,0.12,0.12,-15,0.88,8.33,8.33,13
Heidenheim,8,0,2,6,10,20,-10,2,germany,0.0,0.25,-10,1.25,0.0,4.0,14
Magdeburg,8,5,1,2,22,15,7,16,germany2,0.62,0.75,7,2.75,1.61,1.33,1
Paderborn,8,4,3,1,11,8,3,15,germany2,0.5,0.88,3,1.38,2.0,1.14,2
FC Koln,8,5,0,3,6,6,0,15,germany2,0.62,0.62,0,0.75,1.61,1.61,2
Dusseldorf,8,3,4,1,13,9,4,13,germany2,0.38,0.88,4,1.62,2.63,1.14,3
Kaiserslautern,8,4,1,3,13,14,-1,13,germany2,0.5,0.62,-1,1.62,2.0,1.61,3
Elversberg,8,3,3,2,10,4,6,12,germany2,0.38,0.75,6,1.25,2.63,1.33,4
Hannover 96,8,3,3,2,11,9,2,12,germany2,0.38,0.75,2,1.38,2.63,1.33,4
Hamburger SV,8,3,2,3,13,15,-2,11,germany2,0.38,0.62,-2,1.62,2.63,1.61,5
Greuther Furth,8,3,1,4,10,16,-6,10,germany2,0.38,0.5,-6,1.25,2.63,2.0,6
Schalke 04,8,2,3,3,10,9,1,9,germany2,0.25,0.62,1,1.25,4.0,1.61,7
FC Nurnberg,8,2,2,4,14,15,-1,8,germany2,0.25,0.5,-1,1.75,4.0,2.0,8
Darmstadt,8,2,2,4,13,14,-1,8,germany2,0.25,0.5,-1,1.62,4.0,2.0,8
Preuss. Munster,8,1,4,3,7,10,-3,7,germany2,0.12,0.62,-3,0.88,8.33,1.61,9
Karlsruher SC,8,2,1,5,11,17,-6,7,germany2,0.25,0.38,-6,1.38,4.0,2.63,9
Hertha Berlin,8,2,1,5,8,15,-7,7,germany2,0.25,0.38,-7,1.0,4.0,2.63,9
Braunschweig,8,1,2,5,6,16,-10,5,germany2,0.12,0.38,-10,0.75,8.33,2.63,10
Ulm,8,0,4,4,8,13,-5,4,germany2,0.0,0.5,-5,1.0,0.0,2.0,11
Regensburg,8,0,1,7,7,26,-19,1,germany2,0.0,0.12,-19,0.88,0.0,8.33,12
Energie Cottbus,8,4,2,2,8,8,0,14,germany3,0.5,0.75,0,1.0,2.0,1.33,1
Verl,8,4,1,3,16,12,4,13,germany3,0.5,0.62,4,2.0,2.0,1.61,2
1860 Munchen,8,4,1,3,15,15,0,13,germany3,0.5,0.62,0,1.88,2.0,1.61,2
Wehen Wiesbaden,8,3,3,2,11,9,2,12,germany3,0.38,0.75,2,1.38,2.63,1.33,3
Hansa Rostock,8,4,0,4,10,13,-3,12,germany3,0.5,0.5,-3,1.25,2.0,2.0,3
Bielefeld,8,3,2,3,13,8,5,11,germany3,0.38,0.62,5,1.62,2.63,1.61,4
Dynamo Dresden,8,3,2,3,13,8,5,11,germany3,0.38,0.62,5,1.62,2.63,1.61,4
Dortmund B,8,3,2,3,18,17,1,11,germany3,0.38,0.62,1,2.25,2.63,1.61,4
Osnabruck,8,3,2,3,13,13,0,11,germany3,0.38,0.62,0,1.62,2.63,1.61,4
FC Ingolstadt,8,2,4,2,15,11,4,10,germany3,0.25,0.75,4,1.88,4.0,1.33,5
Saarbrucken,8,2,4,2,9,10,-1,10,germany3,0.25,0.75,-1,1.12,4.0,1.33,5
Erzgebirge Aue,8,3,0,5,13,14,-1,9,germany3,0.38,0.38,-1,1.62,2.63,2.63,6
Viktoria Koln,8,2,3,3,10,13,-3,9,germany3,0.25,0.62,-3,1.25,4.0,1.61,6
RW Essen,8,3,0,5,7,13,-6,9,germany3,0.38,0.38,-6,0.88,2.63,2.63,6
Mannheim,8,1,2,5,5,12,-7,5,germany3,0.12,0.38,-7,0.62,8.33,2.63,7
VfB Stuttgart B,8,0,4,4,8,16,-8,4,germany3,0.0,0.5,-8,1.0,0.0,2.0,8
Alemannia A.,8,0,4,4,7,15,-8,4,germany3,0.0,0.5,-8,0.88,0.0,2.0,8
Hannover 96 B,8,1,1,6,6,16,-10,4,germany3,0.12,0.25,-10,0.75,8.33,4.0,8
Sandhausen,8,0,3,5,7,13,-6,3,germany3,0.0,0.38,-6,0.88,0.0,2.63,9
Unterhaching,8,0,2,6,8,18,-10,2,germany3,0.0,0.25,-10,1.0,0.0,4.0,10
Hearts of Oak,8,4,3,1,8,4,4,15,ghana,0.5,0.88,4,1.0,2.0,1.14,1
Nations,8,4,1,3,6,5,1,13,ghana,0.5,0.62,1,0.75,2.0,1.61,2
Asante Kotoko,8,2,3,3,8,8,0,9,ghana,0.25,0.62,0,1.0,4.0,1.61,3
Bibiani GS,8,2,3,3,6,7,-1,9,ghana,0.25,0.62,-1,0.75,4.0,1.61,3
Bechem Utd,8,2,3,3,7,9,-2,9,ghana,0.25,0.62,-2,0.88,4.0,1.61,3
Heart of Lions,8,2,3,3,4,7,-3,9,ghana,0.25,0.62,-3,0.5,4.0,1.61,3
Aduana Stars,8,1,5,2,4,6,-2,8,ghana,0.12,0.75,-2,0.5,8.33,1.33,4
Young Apostles,8,2,2,4,4,9,-5,8,ghana,0.25,0.5,-5,0.5,4.0,2.0,4
Samartex,8,1,4,3,3,5,-2,7,ghana,0.12,0.62,-2,0.38,8.33,1.61,5
Dreams,8,1,4,3,3,8,-5,7,ghana,0.12,0.62,-5,0.38,8.33,1.61,5
Medeama,8,1,2,5,8,12,-4,5,ghana,0.12,0.38,-4,1.0,8.33,2.63,6
Berekum Chelsea,8,1,2,5,4,10,-6,5,ghana,0.12,0.38,-6,0.5,8.33,2.63,6
Karela,8,1,1,6,1,7,-6,4,ghana,0.12,0.25,-6,0.12,8.33,4.0,7
Accra Lions,8,0,3,5,3,8,-5,3,ghana,0.0,0.38,-5,0.38,0.0,2.63,8
Vision,8,0,3,5,3,13,-10,3,ghana,0.0,0.38,-10,0.38,0.0,2.63,8
Holy Stars,8,0,1,7,6,16,-10,1,ghana,0.0,0.12,-10,0.75,0.0,8.33,9
Nsoatreman,8,0,1,7,2,12,-10,1,ghana,0.0,0.12,-10,0.25,0.0,8.33,9
Legon Cities,8,0,1,7,3,16,-13,1,ghana,0.0,0.12,-13,0.38,0.0,8.33,9
Lincoln RI,8,6,2,0,25,1,24,20,gibraltar,0.75,1.0,24,3.12,1.33,1.0,1
St Josephs,8,6,2,0,27,6,21,20,gibraltar,0.75,1.0,21,3.38,1.33,1.0,1
Europa FC,8,4,2,2,19,11,8,14,gibraltar,0.5,0.75,8,2.38,2.0,1.33,2
Manchester 62,8,4,1,3,15,10,5,13,gibraltar,0.5,0.62,5,1.88,2.0,1.61,3
Magpies,8,4,0,4,22,10,12,12,gibraltar,0.5,0.5,12,2.75,2.0,2.0,4
Lions FC,8,3,3,2,13,9,4,12,gibraltar,0.38,0.75,4,1.62,2.63,1.33,4
College 1975,8,2,1,5,8,15,-7,7,gibraltar,0.25,0.38,-7,1.0,4.0,2.63,5
Glacis Utd,8,2,0,6,10,23,-13,6,gibraltar,0.25,0.25,-13,1.25,4.0,4.0,6
Mons Calpe,8,1,1,6,9,23,-14,4,gibraltar,0.12,0.25,-14,1.12,8.33,4.0,7
Europa Point,8,0,1,7,5,20,-15,1,gibraltar,0.0,0.12,-15,0.62,0.0,8.33,8
Lynx,8,0,1,7,7,23,-16,1,gibraltar,0.0,0.12,-16,0.88,0.0,8.33,8
Olympiakos,8,7,1,0,16,4,12,22,greece,0.88,1.0,12,2.0,1.14,1.0,1
AEK Athens,8,6,0,2,14,9,5,18,greece,0.75,0.75,5,1.75,1.33,1.33,2
PAOK,8,5,1,2,16,7,9,16,greece,0.62,0.75,9,2.0,1.61,1.33,3
Panathinaikos,8,4,2,2,9,9,0,14,greece,0.5,0.75,0,1.12,2.0,1.33,4
Atromitos,8,4,1,3,10,9,1,13,greece,0.5,0.62,1,1.25,2.0,1.61,5
Levadiakos,8,3,2,3,11,10,1,11,greece,0.38,0.62,1,1.38,2.63,1.61,6
OFI Crete,8,3,2,3,10,10,0,11,greece,0.38,0.62,0,1.25,2.63,1.61,6
Panaitolikos,8,2,2,4,4,8,-4,8,greece,0.25,0.5,-4,0.5,4.0,2.0,7
Asteras T.,8,2,1,5,7,13,-6,7,greece,0.25,0.38,-6,0.88,4.0,2.63,8
Aris,8,2,1,5,8,15,-7,7,greece,0.25,0.38,-7,1.0,4.0,2.63,8
Volos,8,2,1,5,7,16,-9,7,greece,0.25,0.38,-9,0.88,4.0,2.63,8
Panserraikos,8,2,0,6,6,14,-8,6,greece,0.25,0.25,-8,0.75,4.0,4.0,9
A. Kallithea,8,1,2,5,7,13,-6,5,greece,0.12,0.38,-6,0.88,8.33,2.63,10
Lamia,8,0,1,7,1,17,-16,1,greece,0.0,0.12,-16,0.12,0.0,8.33,11
Comunicaciones,8,3,2,3,11,12,-1,11,guatemala,0.38,0.62,-1,1.38,2.63,1.61,1
Xelaju,8,2,4,2,8,5,3,10,guatemala,0.25,0.75,3,1.0,4.0,1.33,2
Coban Imperial,8,3,1,4,8,8,0,10,guatemala,0.38,0.5,0,1.0,2.63,2.0,2
Municipal,8,2,4,2,5,10,-5,10,guatemala,0.25,0.75,-5,0.62,4.0,1.33,2
Malacateco,8,2,3,3,7,10,-3,9,guatemala,0.25,0.62,-3,0.88,4.0,1.61,3
Xinabajul,8,2,3,3,11,15,-4,9,guatemala,0.25,0.62,-4,1.38,4.0,1.61,3
Achuapa,8,2,2,4,5,10,-5,8,guatemala,0.25,0.5,-5,0.62,4.0,2.0,4
Mixco,8,2,1,5,8,16,-8,7,guatemala,0.25,0.38,-8,1.0,4.0,2.63,5
Antigua GFC,8,1,3,4,9,15,-6,6,guatemala,0.12,0.5,-6,1.12,8.33,2.0,6
Guastatoya,8,0,4,4,3,11,-8,4,guatemala,0.0,0.5,-8,0.38,0.0,2.0,7
Marquense,8,0,2,6,3,19,-16,2,guatemala,0.0,0.25,-16,0.38,0.0,4.0,8
Zacapa Tellioz,8,0,2,6,3,21,-18,2,guatemala,0.0,0.25,-18,0.38,0.0,4.0,8
Municipal,5,2,2,1,6,3,3,8,guatemala2,0.4,0.8,3,1.2,2.5,1.25,1
Antigua GFC,6,2,1,3,5,10,-5,7,guatemala2,0.33,0.5,-5,0.83,3.03,2.0,2
Comunicaciones,6,1,3,2,3,4,-1,6,guatemala2,0.17,0.67,-1,0.5,5.88,1.49,3
Coban Imperial,6,2,0,4,6,13,-7,6,guatemala2,0.33,0.33,-7,1.0,3.03,3.03,3
Marquense,5,1,2,2,4,6,-2,5,guatemala2,0.2,0.6,-2,0.8,5.0,1.67,4
Mixco,5,1,2,2,4,6,-2,5,guatemala2,0.2,0.6,-2,0.8,5.0,1.67,4
Malacateco,6,1,1,4,7,11,-4,4,guatemala2,0.17,0.33,-4,1.17,5.88,3.03,5
Achuapa,5,1,0,4,6,7,-1,3,guatemala2,0.2,0.2,-1,1.2,5.0,5.0,6
Guastatoya,5,1,0,4,3,11,-8,3,guatemala2,0.2,0.2,-8,0.6,5.0,5.0,6
Xinabajul,5,1,0,4,4,17,-13,3,guatemala2,0.2,0.2,-13,0.8,5.0,5.0,6
Xelaju,5,0,1,4,2,7,-5,1,guatemala2,0.0,0.2,-5,0.4,0.0,5.0,7
Motagua,8,5,2,1,17,6,11,17,honduras,0.62,0.88,11,2.12,1.61,1.14,1
Olimpia,8,4,2,2,10,7,3,14,honduras,0.5,0.75,3,1.25,2.0,1.33,2
Real Espana,8,3,2,3,8,6,2,11,honduras,0.38,0.62,2,1.0,2.63,1.61,3
Marathon,8,3,2,3,8,10,-2,11,honduras,0.38,0.62,-2,1.0,2.63,1.61,3
Genesis,8,2,2,4,10,15,-5,8,honduras,0.25,0.5,-5,1.25,4.0,2.0,4
Olancho,8,1,4,3,6,12,-6,7,honduras,0.12,0.62,-6,0.75,8.33,1.61,5
Real Sociedad,8,1,3,4,11,19,-8,6,honduras,0.12,0.5,-8,1.38,8.33,2.0,6
UPNFM,8,1,2,5,4,16,-12,5,honduras,0.12,0.38,-12,0.5,8.33,2.63,7
Juticalpa,8,1,2,5,5,20,-15,5,honduras,0.12,0.38,-15,0.62,8.33,2.63,7
Victoria,8,0,2,6,8,18,-10,2,honduras,0.0,0.25,-10,1.0,0.0,4.0,8
Real Espana,5,4,0,1,10,5,5,12,honduras2,0.8,0.8,5,2.0,1.25,1.25,1
Olimpia,5,3,1,1,8,3,5,10,honduras2,0.6,0.8,5,1.6,1.67,1.25,2
Victoria,6,2,2,2,7,6,1,8,honduras2,0.33,0.67,1,1.17,3.03,1.49,3
Marathon,5,1,3,1,5,5,0,6,honduras2,0.2,0.8,0,1.0,5.0,1.25,4
Motagua,5,1,2,2,5,5,0,5,honduras2,0.2,0.6,0,1.0,5.0,1.67,5
Genesis,4,1,2,1,3,3,0,5,honduras2,0.25,0.75,0,0.75,4.0,1.33,5
Juticalpa,5,1,2,2,2,8,-6,5,honduras2,0.2,0.6,-6,0.4,5.0,1.67,5
Olancho,5,0,3,2,5,8,-3,3,honduras2,0.0,0.6,-3,1.0,0.0,1.67,6
Real Sociedad,4,0,2,2,2,6,-4,2,honduras2,0.0,0.5,-4,0.5,0.0,2.0,7
UPNFM,6,0,2,4,4,16,-12,2,honduras2,0.0,0.33,-12,0.67,0.0,3.03,7
Kitchee,8,4,3,1,16,8,8,15,hongkong,0.5,0.88,8,2.0,2.0,1.14,1
Eastern,7,4,2,1,13,7,6,14,hongkong,0.57,0.86,6,1.86,1.75,1.16,2
Tai Po,6,4,1,1,15,6,9,13,hongkong,0.67,0.83,9,2.5,1.49,1.2,3
Kowloon City,8,3,2,3,12,13,-1,11,hongkong,0.38,0.62,-1,1.5,2.63,1.61,4
LM Warriors,6,3,1,2,10,9,1,10,hongkong,0.5,0.67,1,1.67,2.0,1.49,5
Southern D.,8,1,2,5,10,15,-5,5,hongkong,0.12,0.38,-5,1.25,8.33,2.63,6
HK Rangers,8,1,2,5,11,25,-14,5,hongkong,0.12,0.38,-14,1.38,8.33,2.63,6
Hong Kong FC,6,0,0,6,2,17,-15,0,hongkong,0.0,0.0,-15,0.33,0.0,0.0,7
North District,8,0,0,8,8,26,-18,0,hongkong,0.0,0.0,-18,1.0,0.0,0.0,7
Puskas A.,8,5,0,3,14,8,6,15,hungary,0.62,0.62,6,1.75,1.61,1.61,1
Gyor,8,3,5,0,13,8,5,14,hungary,0.38,1.0,5,1.62,2.63,1.0,2
Ferencvaros,8,3,3,2,12,10,2,12,hungary,0.38,0.75,2,1.5,2.63,1.33,3
DVTK,8,3,3,2,15,16,-1,12,hungary,0.38,0.75,-1,1.88,2.63,1.33,3
Ujpest,8,3,3,2,8,10,-2,12,hungary,0.38,0.75,-2,1.0,2.63,1.33,3
Paks,8,3,2,3,15,13,2,11,hungary,0.38,0.62,2,1.88,2.63,1.61,4
MTK Budapest,8,3,1,4,12,15,-3,10,hungary,0.38,0.5,-3,1.5,2.63,2.0,5
Nyiregyhaza,8,2,2,4,7,10,-3,8,hungary,0.25,0.5,-3,0.88,4.0,2.0,6
Fehervar,8,2,1,5,8,14,-6,7,hungary,0.25,0.38,-6,1.0,4.0,2.63,7
Zalaegerszegi,8,1,3,4,7,11,-4,6,hungary,0.12,0.5,-4,0.88,8.33,2.0,8
Kecskemeti TE,8,1,3,4,9,18,-9,6,hungary,0.12,0.5,-9,1.12,8.33,2.0,8
Debrecen,8,1,1,6,11,17,-6,4,hungary,0.12,0.25,-6,1.38,8.33,4.0,9
Mezokovesd,8,4,2,2,12,8,4,14,hungary2,0.5,0.75,4,1.5,2.0,1.33,1
BVSC,8,4,2,2,10,8,2,14,hungary2,0.5,0.75,2,1.25,2.0,1.33,1
Kazincbarcika,8,3,4,1,20,8,12,13,hungary2,0.38,0.88,12,2.5,2.63,1.14,2
Kisvarda,8,4,1,3,16,15,1,13,hungary2,0.5,0.62,1,2.0,2.0,1.61,2
Kozarmisleny,8,3,3,2,9,12,-3,12,hungary2,0.38,0.75,-3,1.12,2.63,1.33,3
Ajka,8,3,1,4,11,15,-4,10,hungary2,0.38,0.5,-4,1.38,2.63,2.0,4
Szentlorinc,8,2,3,3,9,9,0,9,hungary2,0.25,0.62,0,1.12,4.0,1.61,5
Budafoki,8,2,3,3,11,13,-2,9,hungary2,0.25,0.62,-2,1.38,4.0,1.61,5
Vasas,8,2,2,4,7,8,-1,8,hungary2,0.25,0.5,-1,0.88,4.0,2.0,6
Szeged,8,1,5,2,5,6,-1,8,hungary2,0.12,0.75,-1,0.62,8.33,1.33,6
Csakvari,8,2,1,5,10,14,-4,7,hungary2,0.25,0.38,-4,1.25,4.0,2.63,7
Bekescsaba,8,2,0,6,3,8,-5,6,hungary2,0.25,0.25,-5,0.38,4.0,4.0,8
Honved,8,1,2,5,9,16,-7,5,hungary2,0.12,0.38,-7,1.12,8.33,2.63,9
Soroksar,8,1,2,5,7,15,-8,5,hungary2,0.12,0.38,-8,0.88,8.33,2.63,9
Gyirmot,8,0,4,4,12,18,-6,4,hungary2,0.0,0.5,-6,1.5,0.0,2.0,10
Tatabanya,8,1,1,6,6,13,-7,4,hungary2,0.12,0.25,-7,0.75,8.33,4.0,10
Vikingur R.,8,6,1,1,25,10,15,19,iceland,0.75,0.88,15,3.12,1.33,1.14,1
Breidablik,8,5,2,1,15,8,7,17,iceland,0.62,0.88,7,1.88,1.61,1.14,2
KA Akureyri,8,4,3,1,15,8,7,15,iceland,0.5,0.88,7,1.88,2.0,1.14,3
Stjarnan,8,2,4,2,14,11,3,10,iceland,0.25,0.75,3,1.75,4.0,1.33,4
Fylkir,8,2,2,4,7,14,-7,8,iceland,0.25,0.5,-7,0.88,4.0,2.0,5
KR Reykjavik,8,2,1,5,11,15,-4,7,iceland,0.25,0.38,-4,1.38,4.0,2.63,6
Hafnarfjordur,8,2,1,5,13,20,-7,7,iceland,0.25,0.38,-7,1.62,4.0,2.63,6
Valur,8,1,3,4,15,17,-2,6,iceland,0.12,0.5,-2,1.88,8.33,2.0,7
Vestri,8,1,3,4,12,15,-3,6,iceland,0.12,0.5,-3,1.5,8.33,2.0,7
IA Akranes,8,1,2,5,6,20,-14,5,iceland,0.12,0.38,-14,0.75,8.33,2.63,8
Fram,8,1,1,6,7,17,-10,4,iceland,0.12,0.25,-10,0.88,8.33,4.0,9
HK Kopavogur,8,0,1,7,10,32,-22,1,iceland,0.0,0.12,-22,1.25,0.0,8.33,10
Afturelding,8,6,0,2,20,12,8,18,iceland2,0.75,0.75,8,2.5,1.33,1.33,1
IBV,8,4,1,3,19,10,9,13,iceland2,0.5,0.62,9,2.38,2.0,1.61,2
Leiknir R.,8,3,2,3,12,12,0,11,iceland2,0.38,0.62,0,1.5,2.63,1.61,3
Thor Akureyri,8,3,1,4,12,15,-3,10,iceland2,0.38,0.5,-3,1.5,2.63,2.0,4
Keflavik,8,2,4,2,6,9,-3,10,iceland2,0.25,0.75,-3,0.75,4.0,1.33,4
Throttur R.,8,2,3,3,11,11,0,9,iceland2,0.25,0.62,0,1.38,4.0,1.61,5
Fjolnir,8,2,3,3,5,10,-5,9,iceland2,0.25,0.62,-5,0.62,4.0,1.61,5
IR Reykjavik,8,2,3,3,9,17,-8,9,iceland2,0.25,0.62,-8,1.12,4.0,1.61,5
Njardvik,8,1,5,2,11,14,-3,8,iceland2,0.12,0.75,-3,1.38,8.33,1.33,6
Grindavik,8,2,1,5,13,22,-9,7,iceland2,0.25,0.38,-9,1.62,4.0,2.63,7
Dalvik / Reynir,8,1,1,6,8,18,-10,4,iceland2,0.12,0.25,-10,1.0,8.33,4.0,8
Grotta,8,0,0,8,8,21,-13,0,iceland2,0.0,0.0,-13,1.0,0.0,0.0,9
Selfoss,8,7,0,1,16,8,8,21,iceland3,0.88,0.88,8,2.0,1.14,1.14,1
Throttur Vogar,8,5,2,1,26,14,12,17,iceland3,0.62,0.88,12,3.25,1.61,1.14,2
Volsungur,8,5,2,1,19,14,5,17,iceland3,0.62,0.88,5,2.38,1.61,1.14,2
Hottur/Huginn,8,4,1,3,19,24,-5,13,iceland3,0.5,0.62,-5,2.38,2.0,1.61,3
Fjardabyggd/L.,8,4,0,4,12,15,-3,12,iceland3,0.5,0.5,-3,1.5,2.0,2.0,4
KFG,8,3,2,3,12,12,0,11,iceland3,0.38,0.62,0,1.5,2.63,1.61,5
Haukar,8,3,1,4,11,15,-4,10,iceland3,0.38,0.5,-4,1.38,2.63,2.0,6
AEggir,8,2,2,4,9,16,-7,8,iceland3,0.25,0.5,-7,1.12,4.0,2.0,7
Kormakur/Hvot,8,2,2,4,5,16,-11,8,iceland3,0.25,0.5,-11,0.62,4.0,2.0,7
V. Olafsvik,8,1,3,4,14,18,-4,6,iceland3,0.12,0.5,-4,1.75,8.33,2.0,8
Reynir,8,2,0,6,14,22,-8,6,iceland3,0.25,0.25,-8,1.75,4.0,4.0,8
Fjallabyggd,8,0,1,7,5,23,-18,1,iceland3,0.0,0.12,-18,0.62,0.0,8.33,9
NorthEast Utd,8,5,2,1,17,6,11,17,india,0.62,0.88,11,2.12,1.61,1.14,1
Goa,8,5,2,1,15,9,6,17,india,0.62,0.88,6,1.88,1.61,1.14,1
Mohun Bagan,8,4,3,1,16,6,10,15,india,0.5,0.88,10,2.0,2.0,1.14,2
Mumbai City,8,3,4,1,8,5,3,13,india,0.38,0.88,3,1.0,2.63,1.14,3
East Bengal,8,3,2,3,10,7,3,11,india,0.38,0.62,3,1.25,2.63,1.61,4
Odisha FC,8,3,2,3,13,13,0,11,india,0.38,0.62,0,1.62,2.63,1.61,4
Jamshedpur,8,3,1,4,10,12,-2,10,india,0.38,0.5,-2,1.25,2.63,2.0,5
Bengaluru,8,2,2,4,13,14,-1,8,india,0.25,0.5,-1,1.62,4.0,2.0,6
Punjab,8,2,2,4,12,14,-2,8,india,0.25,0.5,-2,1.5,4.0,2.0,6
Chennaiyin,8,2,1,5,10,11,-1,7,india,0.25,0.38,-1,1.25,4.0,2.63,7
Kerala Blasters,8,2,0,6,11,17,-6,6,india,0.25,0.25,-6,1.38,4.0,4.0,8
Mohammedan,8,1,2,5,2,13,-11,5,india,0.12,0.38,-11,0.25,8.33,2.63,9
Hyderabad,8,1,1,6,5,16,-11,4,india,0.12,0.25,-11,0.62,8.33,4.0,10
Gokulam,8,4,2,2,15,9,6,14,india2,0.5,0.75,6,1.88,2.0,1.33,1
Churchill B.,8,4,2,2,12,8,4,14,india2,0.5,0.75,4,1.5,2.0,1.33,1
Namdhari,8,4,1,3,12,9,3,13,india2,0.5,0.62,3,1.5,2.0,1.61,2
Inter Kashi,8,3,3,2,9,10,-1,12,india2,0.38,0.75,-1,1.12,2.63,1.33,3
Sreenidi Deccan,8,3,2,3,13,17,-4,11,india2,0.38,0.62,-4,1.62,2.63,1.61,4
Dempo,8,3,1,4,7,10,-3,10,india2,0.38,0.5,-3,0.88,2.63,2.0,5
Rajasthan,8,2,3,3,11,17,-6,9,india2,0.25,0.62,-6,1.38,4.0,1.61,6
Real Kashmir,8,2,2,4,7,12,-5,8,india2,0.25,0.5,-5,0.88,4.0,2.0,7
Shillong Lajong,8,2,2,4,17,26,-9,8,india2,0.25,0.5,-9,2.12,4.0,2.0,7
Delhi FC,8,1,2,5,12,22,-10,5,india2,0.12,0.38,-10,1.5,8.33,2.63,8
Aizawl,7,1,2,4,7,18,-11,5,india2,0.14,0.43,-11,1.0,7.14,2.33,8
SC Bengaluru,8,1,1,6,4,16,-12,4,india2,0.12,0.25,-12,0.5,8.33,4.0,9
Persib,8,4,3,1,12,10,2,15,indonesia,0.5,0.88,2,1.5,2.0,1.14,1
Dewa Utd,8,4,1,3,15,10,5,13,indonesia,0.5,0.62,5,1.88,2.0,1.61,2
Malut United,8,3,3,2,12,10,2,12,indonesia,0.38,0.75,2,1.5,2.63,1.33,3
Barito Putera,8,2,4,2,11,10,1,10,indonesia,0.25,0.75,1,1.38,4.0,1.33,4
Persija,8,3,1,4,11,13,-2,10,indonesia,0.38,0.5,-2,1.38,2.63,2.0,4
Semen Padang,8,3,1,4,11,16,-5,10,indonesia,0.38,0.5,-5,1.38,2.63,2.0,4
PSM,8,2,3,3,11,11,0,9,indonesia,0.25,0.62,0,1.38,4.0,1.61,5
PSIS Semarang,8,2,3,3,8,9,-1,9,indonesia,0.25,0.62,-1,1.0,4.0,1.61,5
Arema,8,3,0,5,13,15,-2,9,indonesia,0.38,0.38,-2,1.62,2.63,2.63,5
PSBS Biak N.,8,1,5,2,10,9,1,8,indonesia,0.12,0.75,1,1.25,8.33,1.33,6
Persita,8,2,2,4,8,13,-5,8,indonesia,0.25,0.5,-5,1.0,4.0,2.0,6
Persis Solo,8,2,2,4,4,11,-7,8,indonesia,0.25,0.5,-7,0.5,4.0,2.0,6
Bali Utd,8,2,1,5,12,13,-1,7,indonesia,0.25,0.38,-1,1.5,4.0,2.63,7
Persik Kediri,8,2,1,5,11,15,-4,7,indonesia,0.25,0.38,-4,1.38,4.0,2.63,7
Persebaya S.,8,2,1,5,5,13,-8,7,indonesia,0.25,0.38,-8,0.62,4.0,2.63,7
PSS Sleman,8,1,2,5,7,15,-8,5,indonesia,0.12,0.38,-8,0.88,8.33,2.63,8
Madura Utd,8,1,2,5,3,17,-14,5,indonesia,0.12,0.38,-14,0.38,8.33,2.63,8
Borneo,8,1,1,6,6,13,-7,4,indonesia,0.12,0.25,-7,0.75,8.33,4.0,9
Tractor Sazi,8,6,1,1,11,4,7,19,iran,0.75,0.88,7,1.38,1.33,1.14,1
Persepolis,8,4,3,1,12,5,7,15,iran,0.5,0.88,7,1.5,2.0,1.14,2
Gol Gohar,8,3,4,1,5,2,3,13,iran,0.38,0.88,3,0.62,2.63,1.14,3
Foolad,8,4,1,3,11,12,-1,13,iran,0.5,0.62,-1,1.38,2.0,1.61,3
Sepahan,8,2,6,0,11,7,4,12,iran,0.25,1.0,4,1.38,4.0,1.0,4
Mes Rafsanjan,8,3,2,3,8,11,-3,11,iran,0.38,0.62,-3,1.0,2.63,1.61,5
Malavan,8,3,1,4,8,8,0,10,iran,0.38,0.5,0,1.0,2.63,2.0,6
Esteghlal,8,2,4,2,7,7,0,10,iran,0.25,0.75,0,0.88,4.0,1.33,6
Shams A. Qazvin,8,3,0,5,3,10,-7,9,iran,0.38,0.38,-7,0.38,2.63,2.63,7
Aluminium Arak,8,2,2,4,9,9,0,8,iran,0.25,0.5,0,1.12,4.0,2.0,8
N. Mazandaran,8,2,2,4,4,6,-2,8,iran,0.25,0.5,-2,0.5,4.0,2.0,8
Zob Ahan,8,2,2,4,6,9,-3,8,iran,0.25,0.5,-3,0.75,4.0,2.0,8
E. Khuzestan,8,1,3,4,3,11,-8,6,iran,0.12,0.5,-8,0.38,8.33,2.0,9
Havadar,8,1,3,4,4,16,-12,6,iran,0.12,0.5,-12,0.5,8.33,2.0,9
Chadormalu,8,1,2,5,3,8,-5,5,iran,0.12,0.38,-5,0.38,8.33,2.63,10
K. Khorramabad,8,0,2,6,3,12,-9,2,iran,0.0,0.25,-9,0.38,0.0,4.0,11
Drogheda Utd,3,2,1,0,2,0,2,7,ireland,0.67,1.0,2,0.67,1.49,1.0,1
Waterford,2,2,0,0,5,3,2,6,ireland,1.0,1.0,2,2.5,1.0,1.0,2
Shelbourne,2,1,1,0,2,1,1,4,ireland,0.5,1.0,1,1.0,2.0,1.0,3
Bohemians,3,1,0,2,4,3,1,3,ireland,0.33,0.33,1,1.33,3.03,3.03,4
Galway Utd,3,0,3,0,4,4,0,3,ireland,0.0,1.0,0,1.33,0.0,1.0,4
Shamrock Rovers,3,0,1,2,2,4,-2,1,ireland,0.0,0.33,-2,0.67,0.0,3.03,5
Sligo Rovers,3,0,1,2,4,8,-4,1,ireland,0.0,0.33,-4,1.33,0.0,3.03,5
Cork City,1,0,0,1,1,2,-1,0,ireland,0.0,0.0,-1,1.0,0.0,0.0,6
St. Patricks,2,0,0,2,1,3,-2,0,ireland,0.0,0.0,-2,0.5,0.0,0.0,6
Derry City,2,0,0,2,1,5,-4,0,ireland,0.0,0.0,-4,0.5,0.0,0.0,6
Dundalk,2,2,0,0,2,0,2,6,ireland2,1.0,1.0,2,1.0,1.0,1.0,1
Bray Wanderers,3,2,0,1,2,2,0,6,ireland2,0.67,0.67,0,0.67,1.49,1.49,1
Treaty Utd,2,1,1,0,7,2,5,4,ireland2,0.5,1.0,5,3.5,2.0,1.0,2
Cobh Ramblers,2,1,1,0,4,3,1,4,ireland2,0.5,1.0,1,2.0,2.0,1.0,2
Athlone Town,3,1,1,1,2,2,0,4,ireland2,0.33,0.67,0,0.67,3.03,1.49,2
Wexford,1,1,0,0,3,0,3,3,ireland2,1.0,1.0,3,3.0,1.0,1.0,3
Kerry,1,0,1,0,0,0,0,1,ireland2,0.0,1.0,0,0.0,0.0,1.0,4
Finn Harps,3,0,1,2,2,6,-4,1,ireland2,0.0,0.33,-4,0.67,0.0,3.03,4
UC Dublin,0,0,0,0,0,0,0,0,ireland2,0.0,0.0,0,0.0,0.0,0.0,5
Longford Town,1,0,0,1,0,5,-5,0,ireland2,0.0,0.0,-5,0.0,0.0,0.0,5
H. Beer Sheva,8,6,1,1,11,3,8,19,israel,0.75,0.88,8,1.38,1.33,1.14,1
Maccabi Haifa,8,5,3,0,18,7,11,18,israel,0.62,1.0,11,2.25,1.61,1.0,2
M. Tel Aviv,8,5,3,0,18,11,7,18,israel,0.62,1.0,7,2.25,1.61,1.0,2
B. Jerusalem,8,4,1,3,15,15,0,13,israel,0.5,0.62,0,1.88,2.0,1.61,3
Maccabi Netanya,8,4,1,3,10,10,0,13,israel,0.5,0.62,0,1.25,2.0,1.61,3
Hapoel Haifa,8,3,2,3,10,6,4,11,israel,0.38,0.62,4,1.25,2.63,1.61,4
Kiryat Shmona,8,3,1,4,10,16,-6,10,israel,0.38,0.5,-6,1.25,2.63,2.0,5
M. Petah Tikva,8,3,0,5,9,18,-9,9,israel,0.38,0.38,-9,1.12,2.63,2.63,6
Hapoel Hadera,8,1,5,2,6,9,-3,8,israel,0.12,0.75,-3,0.75,8.33,1.33,7
M. Bnei Raina,8,2,1,5,6,10,-4,7,israel,0.25,0.38,-4,0.75,4.0,2.63,8
Ironi Tiberias,8,1,3,4,3,12,-9,6,israel,0.12,0.5,-9,0.38,8.33,2.0,9
H. Jerusalem,8,0,5,3,7,12,-5,5,israel,0.0,0.62,-5,0.88,0.0,1.61,10
Ashdod,8,1,2,5,14,20,-6,5,israel,0.12,0.38,-6,1.75,8.33,2.63,10
Sakhnin,8,1,2,5,8,15,-7,5,israel,0.12,0.38,-7,1.0,8.33,2.63,10
H. Petah Tikva,8,6,1,1,12,5,7,19,israel2,0.75,0.88,7,1.5,1.33,1.14,1
Hapoel Tel Aviv,8,5,3,0,12,5,7,18,israel2,0.62,1.0,7,1.5,1.61,1.0,2
H. Kfar Shalem,8,3,3,2,17,12,5,12,israel2,0.38,0.75,5,2.12,2.63,1.33,3
Bnei Yehuda,8,4,0,4,11,11,0,12,israel2,0.5,0.5,0,1.38,2.0,2.0,3
Hapoel Raanana,8,3,3,2,7,8,-1,12,israel2,0.38,0.75,-1,0.88,2.63,1.33,3
H. Ramat Gan,8,3,2,3,9,5,4,11,israel2,0.38,0.62,4,1.12,2.63,1.61,4
H. Ironi Rishon,8,3,2,3,8,12,-4,11,israel2,0.38,0.62,-4,1.0,2.63,1.61,4
Kafr Qasim,8,3,1,4,5,7,-2,10,israel2,0.38,0.5,-2,0.62,2.63,2.0,5
M. Herziliya,8,3,1,4,9,17,-8,10,israel2,0.38,0.5,-8,1.12,2.63,2.0,5
Hapoel Akko,8,3,0,5,6,17,-11,9,israel2,0.38,0.38,-11,0.75,2.63,2.63,6
Maccabi Jaffa,8,1,4,3,7,9,-2,7,israel2,0.12,0.62,-2,0.88,8.33,1.61,7
H. Kfar Saba,8,2,1,5,5,10,-5,7,israel2,0.25,0.38,-5,0.62,4.0,2.63,7
Ramat Hasharon,8,2,0,6,12,21,-9,6,israel2,0.25,0.25,-9,1.5,4.0,4.0,8
H. Nof Hagalil,8,1,1,6,7,17,-10,4,israel2,0.12,0.25,-10,0.88,8.33,4.0,9
Hapoel Afula,8,1,1,6,3,15,-12,4,israel2,0.12,0.25,-12,0.38,8.33,4.0,9
H. Umm al-Fahm,8,0,1,7,5,18,-13,1,israel2,0.0,0.12,-13,0.62,0.0,8.33,10
Atalanta,8,6,2,0,19,3,16,20,italy,0.75,1.0,16,2.38,1.33,1.0,1
Napoli,8,5,2,1,16,9,7,17,italy,0.62,0.88,7,2.0,1.61,1.14,2
Lazio,8,5,1,2,11,8,3,16,italy,0.62,0.75,3,1.38,1.61,1.33,3
Inter Milan,8,4,2,2,16,6,10,14,italy,0.5,0.75,10,2.0,2.0,1.33,4
Juventus,8,3,4,1,9,7,2,13,italy,0.38,0.88,2,1.12,2.63,1.14,5
Udinese,8,3,3,2,9,10,-1,12,italy,0.38,0.75,-1,1.12,2.63,1.33,6
AS Roma,8,3,2,3,9,10,-1,11,italy,0.38,0.62,-1,1.12,2.63,1.61,7
Fiorentina,8,3,1,4,9,9,0,10,italy,0.38,0.5,0,1.12,2.63,2.0,8
Torino,8,2,4,2,9,9,0,10,italy,0.25,0.75,0,1.12,4.0,1.33,8
AC Milan,8,3,1,4,11,12,-1,10,italy,0.38,0.5,-1,1.38,2.63,2.0,8
Bologna,8,2,4,2,10,12,-2,10,italy,0.25,0.75,-2,1.25,4.0,1.33,8
Hellas Verona,8,3,1,4,8,11,-3,10,italy,0.38,0.5,-3,1.0,2.63,2.0,8
Lecce,8,3,1,4,9,13,-4,10,italy,0.38,0.5,-4,1.12,2.63,2.0,8
Genoa,8,1,4,3,6,9,-3,7,italy,0.12,0.62,-3,0.75,8.33,1.61,9
Cagliari,8,1,3,4,7,11,-4,6,italy,0.12,0.5,-4,0.88,8.33,2.0,10
Como,8,1,3,4,7,11,-4,6,italy,0.12,0.5,-4,0.88,8.33,2.0,10
Empoli,8,1,2,5,10,19,-9,5,italy,0.12,0.38,-9,1.25,8.33,2.63,11
Parma,8,1,1,6,6,16,-10,4,italy,0.12,0.25,-10,0.75,8.33,4.0,12
Venezia,8,0,3,5,5,13,-8,3,italy,0.0,0.38,-8,0.62,0.0,2.63,13
Monza,8,0,2,6,6,20,-14,2,italy,0.0,0.25,-14,0.75,0.0,4.0,14
Sassuolo,8,5,1,2,12,7,5,16,italy2,0.62,0.75,5,1.5,1.61,1.33,1
Catanzaro,8,3,5,0,14,11,3,14,italy2,0.38,1.0,3,1.75,2.63,1.0,2
Cittadella,8,4,1,3,7,10,-3,13,italy2,0.5,0.62,-3,0.88,2.0,1.61,3
Cremonese,8,3,3,2,11,5,6,12,italy2,0.38,0.75,6,1.38,2.63,1.33,4
Spezia,8,3,3,2,9,6,3,12,italy2,0.38,0.75,3,1.12,2.63,1.33,4
Pisa,8,3,2,3,7,7,0,11,italy2,0.38,0.62,0,0.88,2.63,1.61,5
Modena,8,2,4,2,9,9,0,10,italy2,0.25,0.75,0,1.12,4.0,1.33,6
Bari,8,2,3,3,6,8,-2,9,italy2,0.25,0.62,-2,0.75,4.0,1.61,7
Cesena,8,3,0,5,9,13,-4,9,italy2,0.38,0.38,-4,1.12,2.63,2.63,7
Mantova,8,1,5,2,13,15,-2,8,italy2,0.12,0.75,-2,1.62,8.33,1.33,8
Reggiana,8,2,2,4,8,10,-2,8,italy2,0.25,0.5,-2,1.0,4.0,2.0,8
Sudtirol,8,2,2,4,9,13,-4,8,italy2,0.25,0.5,-4,1.12,4.0,2.0,8
Brescia,8,1,4,3,6,9,-3,7,italy2,0.12,0.62,-3,0.75,8.33,1.61,9
Frosinone,8,1,4,3,6,9,-3,7,italy2,0.12,0.62,-3,0.75,8.33,1.61,9
Palermo,8,1,3,4,9,10,-1,6,italy2,0.12,0.5,-1,1.12,8.33,2.0,10
Juve Stabia,8,1,3,4,7,12,-5,6,italy2,0.12,0.5,-5,0.88,8.33,2.0,10
Sampdoria,8,0,5,3,8,16,-8,5,italy2,0.0,0.62,-8,1.0,0.0,1.61,11
Carrarese,8,0,3,5,6,14,-8,3,italy2,0.0,0.38,-8,0.75,0.0,2.63,12
Cosenza,8,0,2,6,6,15,-9,2,italy2,0.0,0.25,-9,0.75,0.0,4.0,13
Salernitana,8,0,2,6,3,14,-11,2,italy2,0.0,0.25,-11,0.38,0.0,4.0,13
Padova,8,5,1,2,11,5,6,16,italy3,0.62,0.75,6,1.38,1.61,1.33,1
AlbinoLeffe,8,5,1,2,11,6,5,16,italy3,0.62,0.75,5,1.38,1.61,1.33,1
Vicenza,8,5,1,2,9,5,4,16,italy3,0.62,0.75,4,1.12,1.61,1.33,1
Pergolettese,8,4,3,1,8,6,2,15,italy3,0.5,0.88,2,1.0,2.0,1.14,2
Triestina,8,4,2,2,13,12,1,14,italy3,0.5,0.75,1,1.62,2.0,1.33,3
Virtus Verona,8,4,1,3,13,10,3,13,italy3,0.5,0.62,3,1.62,2.0,1.61,4
FeralpiSalo,8,4,1,3,13,11,2,13,italy3,0.5,0.62,2,1.62,2.0,1.61,4
Giana Erminio,8,4,1,3,8,8,0,13,italy3,0.5,0.62,0,1.0,2.0,1.61,4
Novara,8,3,3,2,10,7,3,12,italy3,0.38,0.75,3,1.25,2.63,1.33,5
Alcione,8,3,2,3,8,9,-1,11,italy3,0.38,0.62,-1,1.0,2.63,1.61,6
Arzignano,8,2,5,1,7,9,-2,11,italy3,0.25,0.88,-2,0.88,4.0,1.14,6
Lumezzane,8,1,6,1,10,11,-1,9,italy3,0.12,0.88,-1,1.25,8.33,1.14,7
Trento,8,2,3,3,5,9,-4,9,italy3,0.25,0.62,-4,0.62,4.0,1.61,7
Renate,8,2,1,5,6,10,-4,7,italy3,0.25,0.38,-4,0.75,4.0,2.63,8
Pro Vercelli,8,1,2,5,5,11,-6,5,italy3,0.12,0.38,-6,0.62,8.33,2.63,9
Clodiense,8,1,2,5,6,17,-11,5,italy3,0.12,0.38,-11,0.75,8.33,2.63,9
Atalanta B,8,1,1,6,8,17,-9,4,italy3,0.12,0.25,-9,1.0,8.33,4.0,10
Lecco,8,0,4,4,4,14,-10,4,italy3,0.0,0.5,-10,0.5,0.0,2.0,10
Caldiero Terme,8,0,2,6,6,19,-13,2,italy3,0.0,0.25,-13,0.75,0.0,4.0,11
Pro Patria,8,0,1,7,5,14,-9,1,italy3,0.0,0.12,-9,0.62,0.0,8.33,12
Entella,8,4,4,0,11,5,6,16,italy4,0.5,1.0,6,1.38,2.0,1.0,1
Arezzo,8,5,1,2,10,5,5,16,italy4,0.62,0.75,5,1.25,1.61,1.33,1
Rimini,8,4,3,1,11,4,7,15,italy4,0.5,0.88,7,1.38,2.0,1.14,2
Torres,8,4,2,2,13,8,5,14,italy4,0.5,0.75,5,1.62,2.0,1.33,3
Ternana,8,4,2,2,9,4,5,14,italy4,0.5,0.75,5,1.12,2.0,1.33,3
Vis Pesaro,8,4,2,2,7,5,2,14,italy4,0.5,0.75,2,0.88,2.0,1.33,3
Pescara,8,3,3,2,11,10,1,12,italy4,0.38,0.75,1,1.38,2.63,1.33,4
Athletic Carpi,8,3,2,3,11,8,3,11,italy4,0.38,0.62,3,1.38,2.63,1.61,5
Ascoli,8,3,2,3,9,10,-1,11,italy4,0.38,0.62,-1,1.12,2.63,1.61,5
Legnago Salus,8,2,4,2,7,7,0,10,italy4,0.25,0.75,0,0.88,4.0,1.33,6
Pineto,8,3,1,4,14,16,-2,10,italy4,0.38,0.5,-2,1.75,2.63,2.0,6
Pianese,8,3,1,4,9,11,-2,10,italy4,0.38,0.5,-2,1.12,2.63,2.0,6
Pontedera,8,3,1,4,10,13,-3,10,italy4,0.38,0.5,-3,1.25,2.63,2.0,6
SPAL,8,2,3,3,11,13,-2,9,italy4,0.25,0.62,-2,1.38,4.0,1.61,7
AC Milan B,8,1,3,4,7,12,-5,6,italy4,0.12,0.5,-5,0.88,8.33,2.0,8
Campobasso,8,1,3,4,5,10,-5,6,italy4,0.12,0.5,-5,0.62,8.33,2.0,8
Lucchese,8,1,3,4,6,12,-6,6,italy4,0.12,0.5,-6,0.75,8.33,2.0,8
Perugia,8,0,3,5,7,13,-6,3,italy4,0.0,0.38,-6,0.88,0.0,2.63,9
Sestri Levante,8,0,3,5,5,12,-7,3,italy4,0.0,0.38,-7,0.62,0.0,2.63,9
Gubbio,8,0,2,6,5,11,-6,2,italy4,0.0,0.25,-6,0.62,0.0,4.0,10
A. Cerignola,8,6,2,0,13,5,8,20,italy5,0.75,1.0,8,1.62,1.33,1.0,1
Crotone,8,5,1,2,20,6,14,16,italy5,0.62,0.75,14,2.5,1.61,1.33,2
Potenza,8,4,2,2,13,12,1,14,italy5,0.5,0.75,1,1.62,2.0,1.33,3
Monopoli,8,4,2,2,6,5,1,14,italy5,0.5,0.75,1,0.75,2.0,1.33,3
Avellino,8,3,4,1,13,8,5,13,italy5,0.38,0.88,5,1.62,2.63,1.14,4
Casertana,8,3,3,2,13,7,6,12,italy5,0.38,0.75,6,1.62,2.63,1.33,5
Foggia,8,3,2,3,11,7,4,11,italy5,0.38,0.62,4,1.38,2.63,1.61,6
Benevento,8,3,2,3,9,11,-2,11,italy5,0.38,0.62,-2,1.12,2.63,1.61,6
Giugliano,8,3,2,3,6,8,-2,11,italy5,0.38,0.62,-2,0.75,2.63,1.61,6
Trapani,8,3,1,4,8,7,1,10,italy5,0.38,0.5,1,1.0,2.63,2.0,7
Catania,8,2,3,3,15,14,1,9,italy5,0.25,0.62,1,1.88,4.0,1.61,8
Altamura,8,1,6,1,8,8,0,9,italy5,0.12,0.88,0,1.0,8.33,1.14,8
Juventus U23,8,2,3,3,10,11,-1,9,italy5,0.25,0.62,-1,1.25,4.0,1.61,8
Sorrento,8,2,3,3,5,9,-4,9,italy5,0.25,0.62,-4,0.62,4.0,1.61,8
Cavese,8,2,2,4,10,13,-3,8,italy5,0.25,0.5,-3,1.25,4.0,2.0,9
ACR Messina,8,2,2,4,7,10,-3,8,italy5,0.25,0.5,-3,0.88,4.0,2.0,9
Picerno,8,1,4,3,4,7,-3,7,italy5,0.12,0.62,-3,0.5,8.33,1.61,10
Latina,8,1,2,5,7,18,-11,5,italy5,0.12,0.38,-11,0.88,8.33,2.63,11
Turris,8,0,1,7,5,22,-17,1,italy5,0.0,0.12,-17,0.62,0.0,8.33,12
Taranto,8,0,0,8,3,33,-30,0,italy5,0.0,0.0,-30,0.38,0.0,0.0,13
NovaRomentin,8,8,0,0,24,4,20,24,italy6,1.0,1.0,20,3.0,1.0,1.0,1
Bra,8,6,2,0,10,2,8,20,italy6,0.75,1.0,8,1.25,1.33,1.0,2
Vado,8,5,3,0,12,6,6,18,italy6,0.62,1.0,6,1.5,1.61,1.0,3
Gozzano,8,5,1,2,14,8,6,16,italy6,0.62,0.75,6,1.75,1.61,1.33,4
Ligorna,8,5,1,2,10,6,4,16,italy6,0.62,0.75,4,1.25,1.61,1.33,4
Chisola,8,4,2,2,10,5,5,14,italy6,0.5,0.75,5,1.25,2.0,1.33,5
Lavagnese,8,3,4,1,12,7,5,13,italy6,0.38,0.88,5,1.5,2.63,1.14,6
Citta di Varese,8,4,1,3,5,5,0,13,italy6,0.5,0.62,0,0.62,2.0,1.61,6
Cairese,8,3,2,3,7,10,-3,11,italy6,0.38,0.62,-3,0.88,2.63,1.61,7
Derthona,8,2,2,4,7,8,-1,8,italy6,0.25,0.5,-1,0.88,4.0,2.0,8
Sanremese,8,1,5,2,7,10,-3,8,italy6,0.12,0.75,-3,0.88,8.33,1.33,8
Oltrepo,8,2,2,4,5,13,-8,8,italy6,0.25,0.5,-8,0.62,4.0,2.0,8
Pro Imperia,8,2,1,5,10,17,-7,7,italy6,0.25,0.38,-7,1.25,4.0,2.63,9
Fossano,8,1,3,4,8,15,-7,6,italy6,0.12,0.5,-7,1.0,8.33,2.0,10
Chieri,8,1,3,4,5,13,-8,6,italy6,0.12,0.5,-8,0.62,8.33,2.0,10
Saluzzo,8,0,5,3,4,9,-5,5,italy6,0.0,0.62,-5,0.5,0.0,1.61,11
Asti,8,1,2,5,10,18,-8,5,italy6,0.12,0.38,-8,1.25,8.33,2.63,11
Vogherese,8,0,3,5,5,14,-9,3,italy6,0.0,0.38,-9,0.62,0.0,2.63,12
Borgaro Nobis,8,0,1,7,6,22,-16,1,italy6,0.0,0.12,-16,0.75,0.0,8.33,13
Albenga,0,0,0,0,0,0,0,0,italy6,0.0,0.0,0,0.0,0.0,0.0,14
Ospitaletto,8,6,1,1,14,4,10,19,italy7,0.75,0.88,10,1.75,1.33,1.14,1
F. Caratese,8,5,3,0,12,4,8,18,italy7,0.62,1.0,8,1.5,1.61,1.0,2
Chievo,8,4,3,1,10,6,4,15,italy7,0.5,0.88,4,1.25,2.0,1.14,3
Crema,8,4,2,2,9,7,2,14,italy7,0.5,0.75,2,1.12,2.0,1.33,4
Pro Palazzolo,8,3,3,2,12,8,4,12,italy7,0.38,0.75,4,1.5,2.63,1.33,5
USD Casatese,8,2,5,1,13,9,4,11,italy7,0.25,0.88,4,1.62,4.0,1.14,6
Club Milano,8,3,2,3,7,9,-2,11,italy7,0.38,0.62,-2,0.88,2.63,1.61,6
Desenxano,8,2,3,3,11,10,1,9,italy7,0.25,0.62,1,1.38,4.0,1.61,7
SantAngelo,8,2,3,3,9,9,0,9,italy7,0.25,0.62,0,1.12,4.0,1.61,7
Pro Sesto,8,2,3,3,8,10,-2,9,italy7,0.25,0.62,-2,1.0,4.0,1.61,7
Varesina,8,1,5,2,7,9,-2,8,italy7,0.12,0.75,-2,0.88,8.33,1.33,8
Arconatese,8,2,2,4,8,11,-3,8,italy7,0.25,0.5,-3,1.0,4.0,2.0,8
Castellanzese,8,2,2,4,9,14,-5,8,italy7,0.25,0.5,-5,1.12,4.0,2.0,8
Sondrio,8,2,2,4,7,16,-9,8,italy7,0.25,0.5,-9,0.88,4.0,2.0,8
Vigasio,8,1,4,3,3,6,-3,7,italy7,0.12,0.62,-3,0.38,8.33,1.61,9
Sangiuliano C.,8,2,1,5,5,9,-4,7,italy7,0.25,0.38,-4,0.62,4.0,2.63,9
Magenta,8,1,2,5,11,14,-3,5,italy7,0.12,0.38,-3,1.38,8.33,2.63,10
Breno,8,0,5,3,6,11,-5,5,italy7,0.0,0.62,-5,0.75,0.0,1.61,10
Fanfulla,8,1,2,5,5,16,-11,5,italy7,0.12,0.38,-11,0.62,8.33,2.63,10
Ciliverghe,8,0,2,6,4,19,-15,2,italy7,0.0,0.25,-15,0.5,0.0,4.0,11
Cjarlins Muzane,8,5,2,1,11,5,6,17,italy8,0.62,0.88,6,1.38,1.61,1.14,1
Mestre,8,5,1,2,8,4,4,16,italy8,0.62,0.75,4,1.0,1.61,1.33,2
Real Calepina,8,4,3,1,10,8,2,15,italy8,0.5,0.88,2,1.25,2.0,1.14,3
Treviso,8,4,2,2,13,7,6,14,italy8,0.5,0.75,6,1.62,2.0,1.33,4
Adriese,8,4,2,2,10,9,1,14,italy8,0.5,0.75,1,1.25,2.0,1.33,4
Brusaporto,8,3,4,1,7,5,2,13,italy8,0.38,0.88,2,0.88,2.63,1.14,5
Villa Alme,8,2,5,1,11,9,2,11,italy8,0.25,0.88,2,1.38,4.0,1.14,6
Luparense,8,3,2,3,10,8,2,11,italy8,0.38,0.62,2,1.25,2.63,1.61,6
Campodarsego,8,2,5,1,6,4,2,11,italy8,0.25,0.88,2,0.75,4.0,1.14,6
Portogruaro,8,2,4,2,12,10,2,10,italy8,0.25,0.75,2,1.5,4.0,1.33,7
Este,8,2,2,4,9,11,-2,8,italy8,0.25,0.5,-2,1.12,4.0,2.0,8
Bassano Virtus,8,2,2,4,11,16,-5,8,italy8,0.25,0.5,-5,1.38,4.0,2.0,8
D. Bellunesi,8,2,2,4,10,16,-6,8,italy8,0.25,0.5,-6,1.25,4.0,2.0,8
Calvi Noale,8,1,3,4,7,10,-3,6,italy8,0.12,0.5,-3,0.88,8.33,2.0,9
Caravaggio,8,1,2,5,12,15,-3,5,italy8,0.12,0.38,-3,1.5,8.33,2.63,10
Ciserano,8,1,2,5,7,14,-7,5,italy8,0.12,0.38,-7,0.88,8.33,2.63,10
Montecchio M.,8,1,2,5,5,13,-8,5,italy8,0.12,0.38,-8,0.62,8.33,2.63,10
Chions,8,1,2,5,7,16,-9,5,italy8,0.12,0.38,-9,0.88,8.33,2.63,10
Brian Lignano,8,0,4,4,8,15,-7,4,italy8,0.0,0.5,-7,1.0,0.0,2.0,11
Lavis,8,0,0,8,3,21,-18,0,italy8,0.0,0.0,-18,0.38,0.0,0.0,12
Forli,8,7,0,1,14,3,11,21,italy9,0.88,0.88,11,1.75,1.14,1.14,1
Ravenna,8,6,2,0,12,4,8,20,italy9,0.75,1.0,8,1.5,1.33,1.0,2
Zenith Prato,8,5,1,2,15,7,8,16,italy9,0.62,0.75,8,1.88,1.61,1.33,3
Lentigione,8,4,2,2,11,9,2,14,italy9,0.5,0.75,2,1.38,2.0,1.33,4
Progresso,8,4,1,3,6,8,-2,13,italy9,0.5,0.62,-2,0.75,2.0,1.61,5
Tau Altopascio,8,3,3,2,13,4,9,12,italy9,0.38,0.75,9,1.62,2.63,1.33,6
Pistoiese,8,3,3,2,9,6,3,12,italy9,0.38,0.75,3,1.12,2.63,1.33,6
Sasso Marconi,8,3,1,4,9,12,-3,10,italy9,0.38,0.5,-3,1.12,2.63,2.0,7
Tuttocuoio,8,3,1,4,8,17,-9,10,italy9,0.38,0.5,-9,1.0,2.63,2.0,7
San Marino C.,8,2,3,3,8,8,0,9,italy9,0.25,0.62,0,1.0,4.0,1.61,8
Imolese,8,2,3,3,6,12,-6,9,italy9,0.25,0.62,-6,0.75,4.0,1.61,8
Prato,8,2,2,4,4,7,-3,8,italy9,0.25,0.5,-3,0.5,4.0,2.0,9
Sammaurese,8,1,3,4,3,7,-4,6,italy9,0.12,0.5,-4,0.38,8.33,2.0,10
Cittadella Vis,8,1,3,4,7,12,-5,6,italy9,0.12,0.5,-5,0.88,8.33,2.0,10
Corticella,8,1,3,4,5,10,-5,6,italy9,0.12,0.5,-5,0.62,8.33,2.0,10
Piacenza,8,1,1,6,6,17,-11,4,italy9,0.12,0.25,-11,0.75,8.33,4.0,11
United Riccione,8,1,1,6,3,19,-16,4,italy9,0.12,0.25,-16,0.38,8.33,4.0,11
Fiorenzuola,8,1,0,7,4,16,-12,3,italy9,0.12,0.12,-12,0.5,8.33,8.33,12
Livorno,8,6,2,0,15,5,10,20,italy10,0.75,1.0,10,1.88,1.33,1.0,1
FC Siena,8,5,2,1,8,5,3,17,italy10,0.62,0.88,3,1.0,1.61,1.14,2
Seravezza,8,4,4,0,9,3,6,16,italy10,0.5,1.0,6,1.12,2.0,1.0,3
Fulgens Foligno,8,4,2,2,11,8,3,14,italy10,0.5,0.75,3,1.38,2.0,1.33,4
Grosseto,8,4,1,3,8,9,-1,13,italy10,0.5,0.62,-1,1.0,2.0,1.61,5
San Donato,8,4,0,4,9,9,0,12,italy10,0.5,0.5,0,1.12,2.0,2.0,6
Poggibonsi,8,3,2,3,7,7,0,11,italy10,0.38,0.62,0,0.88,2.63,1.61,7
Orvietana,8,3,2,3,11,13,-2,11,italy10,0.38,0.62,-2,1.38,2.63,1.61,7
Sangiovannese,8,2,4,2,8,8,0,10,italy10,0.25,0.75,0,1.0,4.0,1.33,8
Montevarchi,8,2,4,2,8,9,-1,10,italy10,0.25,0.75,-1,1.0,4.0,1.33,8
Gavorrano,8,3,1,4,8,11,-3,10,italy10,0.38,0.5,-3,1.0,2.63,2.0,8
Ghiviborgo,8,3,1,4,10,15,-5,10,italy10,0.38,0.5,-5,1.25,2.63,2.0,8
Flaminia,8,2,3,3,9,8,1,9,italy10,0.25,0.62,1,1.12,4.0,1.61,9
Ostia Mare,8,2,3,3,12,12,0,9,italy10,0.25,0.62,0,1.5,4.0,1.61,9
S. Trestina,8,3,0,5,10,12,-2,9,italy10,0.38,0.38,-2,1.25,2.63,2.63,9
Fezzanese,8,2,3,3,9,13,-4,9,italy10,0.25,0.62,-4,1.12,4.0,1.61,9
Figline,8,2,1,5,8,11,-3,7,italy10,0.25,0.38,-3,1.0,4.0,2.63,10
T. Traiana,8,2,1,5,9,20,-11,7,italy10,0.25,0.38,-11,1.12,4.0,2.63,10
Chieti,8,5,3,0,16,9,7,18,italy11,0.62,1.0,7,2.0,1.61,1.0,1
Sambenedettese,8,5,2,1,15,5,10,17,italy11,0.62,0.88,10,1.88,1.61,1.14,2
Teramo,8,5,1,2,11,7,4,16,italy11,0.62,0.75,4,1.38,1.61,1.33,3
LAquila,8,4,3,1,8,3,5,15,italy11,0.5,0.88,5,1.0,2.0,1.14,4
Ancona 1905,8,4,3,1,13,9,4,15,italy11,0.5,0.88,4,1.62,2.0,1.14,4
Recanatese,8,2,5,1,5,6,-1,11,italy11,0.25,0.88,-1,0.62,4.0,1.14,5
Roma City,8,2,4,2,8,6,2,10,italy11,0.25,0.75,2,1.0,4.0,1.33,6
Termoli Calcio,8,2,4,2,8,11,-3,10,italy11,0.25,0.75,-3,1.0,4.0,1.33,6
Fossombrone,8,2,3,3,6,7,-1,9,italy11,0.25,0.62,-1,0.75,4.0,1.61,7
Castelfidardo,8,2,3,3,7,9,-2,9,italy11,0.25,0.62,-2,0.88,4.0,1.61,7
Civitanovese,8,2,3,3,8,11,-3,9,italy11,0.25,0.62,-3,1.0,4.0,1.61,7
Avezzano,8,2,2,4,8,12,-4,8,italy11,0.25,0.5,-4,1.0,4.0,2.0,8
Fermana,8,2,2,4,4,9,-5,8,italy11,0.25,0.5,-5,0.5,4.0,2.0,8
San Nicolo,8,2,1,5,13,14,-1,7,italy11,0.25,0.38,-1,1.62,4.0,2.63,9
V. Senigallia,8,1,4,3,8,11,-3,7,italy11,0.12,0.62,-3,1.0,8.33,1.61,9
Atletico Ascoli,8,1,3,4,4,12,-8,6,italy11,0.12,0.5,-8,0.5,8.33,2.0,10
Sora,8,1,3,4,2,10,-8,6,italy11,0.12,0.5,-8,0.25,8.33,2.0,10
Isernia,8,0,4,4,7,17,-10,4,italy11,0.0,0.5,-10,0.88,0.0,2.0,11
Sarnese,8,4,1,3,13,8,5,13,italy12,0.5,0.62,5,1.62,2.0,1.61,1
Guidonia,8,4,1,3,12,11,1,13,italy12,0.5,0.62,1,1.5,2.0,1.61,1
CynthiAlbalonga,8,4,0,4,11,11,0,12,italy12,0.5,0.5,0,1.38,2.0,2.0,2
Gelbison,8,3,3,2,10,10,0,12,italy12,0.38,0.75,0,1.25,2.63,1.33,2
Cassino,8,2,5,1,5,4,1,11,italy12,0.25,0.88,1,0.62,4.0,1.14,3
S. Ogliastra,8,3,1,4,7,12,-5,10,italy12,0.38,0.5,-5,0.88,2.63,2.0,4
Savoia,8,2,3,3,8,12,-4,9,italy12,0.25,0.62,-4,1.0,4.0,1.61,5
Puteolana,8,2,1,5,9,11,-2,7,italy12,0.25,0.38,-2,1.12,4.0,2.63,6
Paganese,8,1,4,3,9,13,-4,7,italy12,0.12,0.62,-4,1.12,8.33,1.61,6
Olbia,8,2,1,5,10,15,-5,7,italy12,0.25,0.38,-5,1.25,4.0,2.63,6
Atletico Uri,8,1,4,3,7,15,-8,7,italy12,0.12,0.62,-8,0.88,8.33,1.61,6
Terracina,8,2,1,5,7,15,-8,7,italy12,0.25,0.38,-8,0.88,4.0,2.63,6
R. Monterotondo,8,1,2,5,5,10,-5,5,italy12,0.12,0.38,-5,0.62,8.33,2.63,7
Ilvamaddalena,8,1,2,5,6,13,-7,5,italy12,0.12,0.38,-7,0.75,8.33,2.63,7
A. Lodigiani,8,1,2,5,7,16,-9,5,italy12,0.12,0.38,-9,0.88,8.33,2.63,7
Anzio,8,0,4,4,7,14,-7,4,italy12,0.0,0.5,-7,0.88,0.0,2.0,8
Trastevere,8,0,1,7,6,21,-15,1,italy12,0.0,0.12,-15,0.75,0.0,8.33,9
Latte Dolce,8,0,0,8,6,22,-16,0,italy12,0.0,0.0,-16,0.75,0.0,0.0,10
Martina Franca,8,5,2,1,11,7,4,17,italy13,0.62,0.88,4,1.38,1.61,1.14,1
Casarano,8,4,3,1,23,9,14,15,italy13,0.5,0.88,14,2.88,2.0,1.14,2
Nocerina,8,4,2,2,14,9,5,14,italy13,0.5,0.75,5,1.75,2.0,1.33,3
Fidelis Andria,8,4,1,3,14,9,5,13,italy13,0.5,0.62,5,1.75,2.0,1.61,4
Ischia,8,3,1,4,7,8,-1,10,italy13,0.38,0.5,-1,0.88,2.63,2.0,5
Citta di Fasano,8,2,3,3,6,6,0,9,italy13,0.25,0.62,0,0.75,4.0,1.61,6
Francavilla,8,2,3,3,5,6,-1,9,italy13,0.25,0.62,-1,0.62,4.0,1.61,6
Nardo,8,2,2,4,7,11,-4,8,italy13,0.25,0.5,-4,0.88,4.0,2.0,7
Manfredonia,8,2,2,4,5,14,-9,8,italy13,0.25,0.5,-9,0.62,4.0,2.0,7
Matera,8,2,1,5,8,16,-8,7,italy13,0.25,0.38,-8,1.0,4.0,2.63,8
Real Acerrana,8,2,1,5,4,13,-9,7,italy13,0.25,0.38,-9,0.5,4.0,2.63,8
Brindisi,8,1,3,4,10,13,-3,6,italy13,0.12,0.5,-3,1.25,8.33,2.0,9
V. Francavilla,8,1,3,4,4,8,-4,6,italy13,0.12,0.5,-4,0.5,8.33,2.0,9
USD Palmese,8,1,3,4,8,13,-5,6,italy13,0.12,0.5,-5,1.0,8.33,2.0,9
Gravina,8,1,3,4,9,17,-8,6,italy13,0.12,0.5,-8,1.12,8.33,2.0,9
Ugento,8,1,2,5,5,16,-11,5,italy13,0.12,0.38,-11,0.62,8.33,2.63,10
Angri Calcio,8,1,2,5,8,20,-12,5,italy13,0.12,0.38,-12,1.0,8.33,2.63,10
Costa DAmalfi,8,0,1,7,6,19,-13,1,italy13,0.0,0.12,-13,0.75,0.0,8.33,11
Reggina,8,6,2,0,16,3,13,20,italy14,0.75,1.0,13,2.0,1.33,1.0,1
Sambiase,8,5,2,1,13,6,7,17,italy14,0.62,0.88,7,1.62,1.61,1.14,2
Scafatese,8,5,2,1,9,3,6,17,italy14,0.62,0.88,6,1.12,1.61,1.14,2
Siracusa,8,5,2,1,10,6,4,17,italy14,0.62,0.88,4,1.25,1.61,1.14,2
Vibonese,8,4,1,3,10,6,4,13,italy14,0.5,0.62,4,1.25,2.0,1.61,3
Ragusa,8,3,3,2,15,11,4,12,italy14,0.38,0.75,4,1.88,2.63,1.33,4
CastrumFavara,8,2,5,1,5,7,-2,11,italy14,0.25,0.88,-2,0.62,4.0,1.14,5
Nissa,8,2,3,3,11,18,-7,9,italy14,0.25,0.62,-7,1.38,4.0,1.61,6
Enna,8,2,2,4,2,7,-5,8,italy14,0.25,0.5,-5,0.25,4.0,2.0,7
Igea Virtus,8,2,2,4,8,15,-7,8,italy14,0.25,0.5,-7,1.0,4.0,2.0,7
Pompei,8,1,4,3,4,9,-5,7,italy14,0.12,0.62,-5,0.5,8.33,1.61,8
CD S. Agata,8,2,1,5,10,17,-7,7,italy14,0.25,0.38,-7,1.25,4.0,2.63,8
Paterno,8,1,3,4,7,15,-8,6,italy14,0.12,0.5,-8,0.88,8.33,2.0,9
Licata,8,1,2,5,7,14,-7,5,italy14,0.12,0.38,-7,0.88,8.33,2.63,10
Acireale,8,0,4,4,6,12,-6,4,italy14,0.0,0.5,-6,0.75,0.0,2.0,11
Locri 1909,8,1,1,6,9,21,-12,4,italy14,0.12,0.25,-12,1.12,8.33,4.0,11
Akragas,8,1,1,6,4,18,-14,4,italy14,0.12,0.25,-14,0.5,8.33,4.0,11
Sancataldese,8,0,2,6,5,15,-10,2,italy14,0.0,0.25,-10,0.62,0.0,4.0,12
Roma U20,8,8,0,0,28,9,19,24,italy15,1.0,1.0,19,3.5,1.0,1.0,1
H. Verona U20,8,7,1,0,17,4,13,22,italy15,0.88,1.0,13,2.12,1.14,1.0,2
Genoa U20,8,5,1,2,15,11,4,16,italy15,0.62,0.75,4,1.88,1.61,1.33,3
Inter Milan U20,8,5,0,3,18,11,7,15,italy15,0.62,0.62,7,2.25,1.61,1.61,4
Fiorentina U20,8,5,0,3,14,8,6,15,italy15,0.62,0.62,6,1.75,1.61,1.61,4
Milan U20,8,4,3,1,15,11,4,15,italy15,0.5,0.88,4,1.88,2.0,1.14,4
Sassuolo U20,8,5,0,3,11,10,1,15,italy15,0.62,0.62,1,1.38,1.61,1.61,4
Juventus U20,8,3,2,3,15,16,-1,11,italy15,0.38,0.62,-1,1.88,2.63,1.61,5
Monza U20,8,3,1,4,14,17,-3,10,italy15,0.38,0.5,-3,1.75,2.63,2.0,6
Atalanta U20,8,2,2,4,8,11,-3,8,italy15,0.25,0.5,-3,1.0,4.0,2.0,7
Cremonese U20,8,1,4,3,4,9,-5,7,italy15,0.12,0.62,-5,0.5,8.33,1.61,8
Lazio U20,8,1,4,3,4,10,-6,7,italy15,0.12,0.62,-6,0.5,8.33,1.61,8
Cagliari U20,8,2,1,5,5,12,-7,7,italy15,0.25,0.38,-7,0.62,4.0,2.63,8
Lecce U20,8,2,1,5,8,16,-8,7,italy15,0.25,0.38,-8,1.0,4.0,2.63,8
Cesena U20,8,1,3,4,12,14,-2,6,italy15,0.12,0.5,-2,1.5,8.33,2.0,9
Empoli U20,8,1,3,4,11,16,-5,6,italy15,0.12,0.5,-5,1.38,8.33,2.0,9
Sampdoria U20,8,1,2,5,7,15,-8,5,italy15,0.12,0.38,-8,0.88,8.33,2.63,10
Bologna U20,8,1,2,5,5,15,-10,5,italy15,0.12,0.38,-10,0.62,8.33,2.63,10
Torino U20,8,1,1,6,10,15,-5,4,italy15,0.12,0.25,-5,1.25,8.33,4.0,11
Udinese U20,8,0,1,7,6,19,-13,1,italy15,0.0,0.12,-13,0.75,0.0,8.33,12
Mount Pleasant,8,6,1,1,25,8,17,19,jamaica,0.75,0.88,17,3.12,1.33,1.14,1
Arnett Gardens,8,6,1,1,18,7,11,19,jamaica,0.75,0.88,11,2.25,1.33,1.14,1
Cavalier,8,5,2,1,13,8,5,17,jamaica,0.62,0.88,5,1.62,1.61,1.14,2
Montego Bay,8,3,3,2,9,7,2,12,jamaica,0.38,0.75,2,1.12,2.63,1.33,3
Racing United,8,2,5,1,11,8,3,11,jamaica,0.25,0.88,3,1.38,4.0,1.14,4
Tivoli Gardens,8,3,2,3,11,12,-1,11,jamaica,0.38,0.62,-1,1.38,2.63,1.61,4
Portmore Utd,8,2,4,2,5,4,1,10,jamaica,0.25,0.75,1,0.62,4.0,1.33,5
Molynes Utd,8,2,3,3,11,14,-3,9,jamaica,0.25,0.62,-3,1.38,4.0,1.61,6
Chapelton,8,2,2,4,10,9,1,8,jamaica,0.25,0.5,1,1.25,4.0,2.0,7
Waterhouse,8,2,1,5,10,12,-2,7,jamaica,0.25,0.38,-2,1.25,4.0,2.63,8
Dunbeholden,8,2,1,5,7,15,-8,7,jamaica,0.25,0.38,-8,0.88,4.0,2.63,8
Vere Utd,8,1,3,4,7,13,-6,6,jamaica,0.12,0.5,-6,0.88,8.33,2.0,9
Harbour View,8,1,1,6,4,13,-9,4,jamaica,0.12,0.25,-9,0.5,8.33,4.0,10
Humble Lions,8,0,1,7,8,27,-19,1,jamaica,0.0,0.12,-19,1.0,0.0,8.33,11
Kashiwa Reysol,2,2,0,0,3,0,3,6,japan,1.0,1.0,3,1.5,1.0,1.0,1
Machida Zelvia,2,2,0,0,3,1,2,6,japan,1.0,1.0,2,1.5,1.0,1.0,1
Cerezo Osaka,3,1,1,1,8,6,2,4,japan,0.33,0.67,2,2.67,3.03,1.49,2
K. Frontale,2,1,1,0,3,2,1,4,japan,0.5,1.0,1,1.5,2.0,1.0,2
S. Hiroshima,2,1,1,0,3,2,1,4,japan,0.5,1.0,1,1.5,2.0,1.0,2
Shonan Bellmare,2,1,1,0,3,2,1,4,japan,0.5,1.0,1,1.5,2.0,1.0,2
Shimizu S-Pulse,3,1,1,1,2,2,0,4,japan,0.33,0.67,0,0.67,3.03,1.49,2
Kyoto Sanga,3,1,1,1,2,3,-1,4,japan,0.33,0.67,-1,0.67,3.03,1.49,2
Tokyo Verdy,3,1,1,1,3,6,-3,4,japan,0.33,0.67,-3,1.0,3.03,1.49,2
Avispa Fukuoka,2,1,0,1,2,2,0,3,japan,0.5,0.5,0,1.0,2.0,2.0,3
FC Tokyo,2,1,0,1,1,2,-1,3,japan,0.5,0.5,-1,0.5,2.0,2.0,3
Gamba Osaka,2,1,0,1,1,2,-1,3,japan,0.5,0.5,-1,0.5,2.0,2.0,3
Urawa RD,3,0,2,1,2,3,-1,2,japan,0.0,0.67,-1,0.67,0.0,1.49,4
Vissel Kobe,1,0,1,0,2,2,0,1,japan,0.0,1.0,0,2.0,0.0,1.0,5
Yokohama FC,2,0,1,1,0,1,-1,1,japan,0.0,0.5,-1,0.0,0.0,2.0,5
Albirex Niigata,3,0,1,2,2,5,-3,1,japan,0.0,0.33,-3,0.67,0.0,3.03,5
Kashima Antlers,1,0,0,1,0,1,-1,0,japan,0.0,0.0,-1,0.0,0.0,0.0,6
Yokohama M.,1,0,0,1,0,1,-1,0,japan,0.0,0.0,-1,0.0,0.0,0.0,6
Fagiano Okayama,2,0,0,2,0,2,-2,0,japan,0.0,0.0,-2,0.0,0.0,0.0,6
Nagoya G.,2,0,0,2,1,7,-6,0,japan,0.0,0.0,-6,0.5,0.0,0.0,6
Blaublitz Akita,3,2,0,1,4,3,1,6,japan2,0.67,0.67,1,1.33,1.49,1.49,1
Tokushima V.,2,1,1,0,3,1,2,4,japan2,0.5,1.0,2,1.5,2.0,1.0,2
Omiya Ardija,1,1,0,0,4,0,4,3,japan2,1.0,1.0,4,4.0,1.0,1.0,3
FC Imabari,1,1,0,0,4,1,3,3,japan2,1.0,1.0,3,4.0,1.0,1.0,3
JEF Utd Chiba,1,1,0,0,2,0,2,3,japan2,1.0,1.0,2,2.0,1.0,1.0,3
Vegalta Sendai,2,1,0,1,1,1,0,3,japan2,0.5,0.5,0,0.5,2.0,2.0,3
Kataller Toyama,2,1,0,1,1,2,-1,3,japan2,0.5,0.5,-1,0.5,2.0,2.0,3
V-V. Nagasaki,2,0,2,0,3,3,0,2,japan2,0.0,1.0,0,1.5,0.0,1.0,4
Ehime FC,1,0,1,0,1,1,0,1,japan2,0.0,1.0,0,1.0,0.0,1.0,5
Fujieda MYFC,1,0,1,0,0,0,0,1,japan2,0.0,1.0,0,0.0,0.0,1.0,5
Iwaki,1,0,1,0,0,0,0,1,japan2,0.0,1.0,0,0.0,0.0,1.0,5
Mito Hollyhock,1,0,0,1,2,3,-1,0,japan2,0.0,0.0,-1,2.0,0.0,0.0,6
R. Kumamoto,1,0,0,1,2,3,-1,0,japan2,0.0,0.0,-1,2.0,0.0,0.0,6
Jubilo Iwata,1,0,0,1,0,1,-1,0,japan2,0.0,0.0,-1,0.0,0.0,0.0,6
Sagan Tosu,1,0,0,1,0,1,-1,0,japan2,0.0,0.0,-1,0.0,0.0,0.0,6
R. Yamaguchi,2,0,0,2,1,3,-2,0,japan2,0.0,0.0,-2,0.5,0.0,0.0,6
Oita Trinita,1,0,0,1,0,2,-2,0,japan2,0.0,0.0,-2,0.0,0.0,0.0,6
M. Yamagata,3,0,0,3,3,6,-3,0,japan2,0.0,0.0,-3,1.0,0.0,0.0,6
Ventforet Kofu,2,0,0,2,0,3,-3,0,japan2,0.0,0.0,-3,0.0,0.0,0.0,6
C. Sapporo,3,0,0,3,0,7,-7,0,japan2,0.0,0.0,-7,0.0,0.0,0.0,6
Osaka,2,2,0,0,3,1,2,6,japan3,1.0,1.0,2,1.5,1.0,1.0,1
Z. Kanazawa,2,1,1,0,3,2,1,4,japan3,0.5,1.0,1,1.5,2.0,1.0,2
V. Hachinohe,2,1,1,0,2,1,1,4,japan3,0.5,1.0,1,1.0,2.0,1.0,2
Fukushima Utd,3,1,1,1,4,5,-1,4,japan3,0.33,0.67,-1,1.33,3.03,1.49,2
Kagoshima Utd,1,1,0,0,2,0,2,3,japan3,1.0,1.0,2,2.0,1.0,1.0,3
T. Miyazaki,1,1,0,0,2,1,1,3,japan3,1.0,1.0,1,2.0,1.0,1.0,3
Tochigi City,2,1,0,1,2,3,-1,3,japan3,0.5,0.5,-1,1.0,2.0,2.0,3
Nagano Parceiro,2,1,0,1,1,2,-1,3,japan3,0.5,0.5,-1,0.5,2.0,2.0,3
AC Numazu,1,0,1,0,0,0,0,1,japan3,0.0,1.0,0,0.0,0.0,1.0,4
Gifu,2,0,1,1,4,5,-1,1,japan3,0.0,0.5,-1,2.0,0.0,2.0,4
Matsumoto Y.,2,0,1,1,2,3,-1,1,japan3,0.0,0.5,-1,1.0,0.0,2.0,4
FC Ryukyu,2,0,1,1,1,2,-1,1,japan3,0.0,0.5,-1,0.5,0.0,2.0,4
Kamatamare S.,2,0,1,1,1,3,-2,1,japan3,0.0,0.5,-2,0.5,0.0,2.0,4
Gainare Tottori,3,0,1,2,0,4,-4,1,japan3,0.0,0.33,-4,0.0,0.0,3.03,4
G. Kitakyushu,1,0,0,1,1,2,-1,0,japan3,0.0,0.0,-1,1.0,0.0,0.0,5
SC Sagamihara,1,0,0,1,1,2,-1,0,japan3,0.0,0.0,-1,1.0,0.0,0.0,5
Kochi United,1,0,0,1,0,1,-1,0,japan3,0.0,0.0,-1,0.0,0.0,0.0,5
Tochigi SC,1,0,0,1,0,1,-1,0,japan3,0.0,0.0,-1,0.0,0.0,0.0,5
Nara Club,1,0,0,1,0,2,-2,0,japan3,0.0,0.0,-2,0.0,0.0,0.0,5
Kusatsu,2,0,0,2,4,8,-4,0,japan3,0.0,0.0,-4,2.0,0.0,0.0,5
Al Hussein,7,7,0,0,20,5,15,21,jordan,1.0,1.0,15,2.86,1.0,1.0,1
Al Ramtha,7,5,1,1,14,6,8,16,jordan,0.71,0.86,8,2.0,1.41,1.16,2
Al Wihdat,7,4,1,2,12,5,7,13,jordan,0.57,0.71,7,1.71,1.75,1.41,3
Al Faysali,8,2,5,1,9,6,3,11,jordan,0.25,0.88,3,1.12,4.0,1.14,4
Al Jazeera,8,2,3,3,8,10,-2,9,jordan,0.25,0.62,-2,1.0,4.0,1.61,5
Moghayer Al S.,6,2,2,2,8,10,-2,8,jordan,0.33,0.67,-2,1.33,3.03,1.49,6
Al Salt,8,2,2,4,7,9,-2,8,jordan,0.25,0.5,-2,0.88,4.0,2.0,6
Al Ahli,8,1,3,4,7,11,-4,6,jordan,0.12,0.5,-4,0.88,8.33,2.0,7
Maan,8,2,0,6,6,14,-8,6,jordan,0.25,0.25,-8,0.75,4.0,4.0,7
Shabab Al Ordon,8,1,1,6,10,14,-4,4,jordan,0.12,0.25,-4,1.25,8.33,4.0,8
Aqaba,7,1,1,5,10,21,-11,4,jordan,0.14,0.29,-11,1.43,7.14,3.45,8
Al Sareeh,8,0,2,6,8,16,-8,2,jordan,0.0,0.25,-8,1.0,0.0,4.0,9
Kairat Almaty,1,0,1,0,1,1,0,1,kazakhstan,0.0,1.0,0,1.0,0.0,1.0,1
Zhetysu,1,0,1,0,1,1,0,1,kazakhstan,0.0,1.0,0,1.0,0.0,1.0,1
Aktobe,1,0,1,0,0,0,0,1,kazakhstan,0.0,1.0,0,0.0,0.0,1.0,1
Zhenys,1,0,1,0,0,0,0,1,kazakhstan,0.0,1.0,0,0.0,0.0,1.0,1
Atyrau,0,0,0,0,0,0,0,0,kazakhstan,0.0,0.0,0,0.0,0.0,0.0,2
FC Astana,0,0,0,0,0,0,0,0,kazakhstan,0.0,0.0,0,0.0,0.0,0.0,2
Kaisar K.,0,0,0,0,0,0,0,0,kazakhstan,0.0,0.0,0,0.0,0.0,0.0,2
Kyzylzhar,0,0,0,0,0,0,0,0,kazakhstan,0.0,0.0,0,0.0,0.0,0.0,2
Ordabasy,0,0,0,0,0,0,0,0,kazakhstan,0.0,0.0,0,0.0,0.0,0.0,2
Tobol,0,0,0,0,0,0,0,0,kazakhstan,0.0,0.0,0,0.0,0.0,0.0,2
Turan,0,0,0,0,0,0,0,0,kazakhstan,0.0,0.0,0,0.0,0.0,0.0,2
Yelimay Semey,1,0,0,1,1,2,-1,0,kazakhstan,0.0,0.0,-1,1.0,0.0,0.0,2
Okzhetpes,1,0,0,1,0,2,-2,0,kazakhstan,0.0,0.0,-2,0.0,0.0,0.0,2
Ulytau,1,0,0,1,0,2,-2,0,kazakhstan,0.0,0.0,-2,0.0,0.0,0.0,2
Drita,8,3,4,1,11,9,2,13,kosovo,0.38,0.88,2,1.38,2.63,1.14,1
Ballkani,8,2,4,2,9,6,3,10,kosovo,0.25,0.75,3,1.12,4.0,1.33,2
Gjilani,8,2,3,3,14,14,0,9,kosovo,0.25,0.62,0,1.75,4.0,1.61,3
Malisheva,8,2,3,3,7,8,-1,9,kosovo,0.25,0.62,-1,0.88,4.0,1.61,3
Ferizaj,8,2,2,4,6,11,-5,8,kosovo,0.25,0.5,-5,0.75,4.0,2.0,4
Prishtina,8,2,1,5,7,11,-4,7,kosovo,0.25,0.38,-4,0.88,4.0,2.63,5
Dukagjini,8,2,1,5,6,12,-6,7,kosovo,0.25,0.38,-6,0.75,4.0,2.63,5
Llapi,8,2,0,6,8,14,-6,6,kosovo,0.25,0.25,-6,1.0,4.0,4.0,6
Suhareka,8,1,3,4,10,17,-7,6,kosovo,0.12,0.5,-7,1.25,8.33,2.0,6
Feronikeli,8,0,2,6,5,14,-9,2,kosovo,0.0,0.25,-9,0.62,0.0,4.0,7
Al Arabi SC,8,6,1,1,17,6,11,19,kuwait,0.75,0.88,11,2.12,1.33,1.14,1
Al Kuwait,8,5,2,1,19,9,10,17,kuwait,0.62,0.88,10,2.38,1.61,1.14,2
Al Salmiyah,8,3,3,2,13,12,1,12,kuwait,0.38,0.75,1,1.62,2.63,1.33,3
Al Qadsia,8,3,2,3,10,10,0,11,kuwait,0.38,0.62,0,1.25,2.63,1.61,4
Al Fahaheel,7,2,3,2,13,13,0,9,kuwait,0.29,0.71,0,1.86,3.45,1.41,5
Al Tadhamon,8,2,1,5,12,17,-5,7,kuwait,0.25,0.38,-5,1.5,4.0,2.63,6
Al Nasar,8,2,1,5,9,15,-6,7,kuwait,0.25,0.38,-6,1.12,4.0,2.63,6
Kazma,8,1,1,6,7,15,-8,4,kuwait,0.12,0.25,-8,0.88,8.33,4.0,7
Yarmouk,8,0,2,6,7,21,-14,2,kuwait,0.0,0.25,-14,0.88,0.0,4.0,8
Khaitan,8,0,1,7,2,15,-13,1,kuwait,0.0,0.12,-13,0.25,0.0,8.33,9
RFS,1,1,0,0,2,1,1,3,latvia,1.0,1.0,1,2.0,1.0,1.0,1
FS Jelgava,1,0,1,0,1,1,0,1,latvia,0.0,1.0,0,1.0,0.0,1.0,2
Auda,0,0,0,0,0,0,0,0,latvia,0.0,0.0,0,0.0,0.0,0.0,3
Daugavpils,0,0,0,0,0,0,0,0,latvia,0.0,0.0,0,0.0,0.0,0.0,3
Grobina,0,0,0,0,0,0,0,0,latvia,0.0,0.0,0,0.0,0.0,0.0,3
Liepaja,0,0,0,0,0,0,0,0,latvia,0.0,0.0,0,0.0,0.0,0.0,3
Riga FC,0,0,0,0,0,0,0,0,latvia,0.0,0.0,0,0.0,0.0,0.0,3
Super Nova,1,0,0,1,0,2,-2,0,latvia,0.0,0.0,-2,0.0,0.0,0.0,3
Tukums,1,0,0,1,0,3,-3,0,latvia,0.0,0.0,-3,0.0,0.0,0.0,3
Metta,1,0,0,1,0,4,-4,0,latvia,0.0,0.0,-4,0.0,0.0,0.0,3
Kauno Zalgiris,1,1,0,0,3,1,2,3,lithuania,1.0,1.0,2,3.0,1.0,1.0,1
Siauliai,1,1,0,0,3,1,2,3,lithuania,1.0,1.0,2,3.0,1.0,1.0,1
Suduva,1,1,0,0,4,3,1,3,lithuania,1.0,1.0,1,4.0,1.0,1.0,1
Zalgiris,1,0,1,0,3,3,0,1,lithuania,0.0,1.0,0,3.0,0.0,1.0,2
Banga,0,0,0,0,0,0,0,0,lithuania,0.0,0.0,0,0.0,0.0,0.0,3
Dainava,0,0,0,0,0,0,0,0,lithuania,0.0,0.0,0,0.0,0.0,0.0,3
Panevezys,0,0,0,0,0,0,0,0,lithuania,0.0,0.0,0,0.0,0.0,0.0,3
Riteriai,0,0,0,0,0,0,0,0,lithuania,0.0,0.0,0,0.0,0.0,0.0,3
Dziugas Telsiai,1,0,0,1,1,2,-1,0,lithuania,0.0,0.0,-1,1.0,0.0,0.0,3
Hegelmann L.,1,0,0,1,0,2,-2,0,lithuania,0.0,0.0,-2,0.0,0.0,0.0,3
Riteriai,8,7,0,1,14,4,10,21,lithuania2,0.88,0.88,10,1.75,1.14,1.14,1
Siauliai B,8,5,0,3,21,15,6,15,lithuania2,0.62,0.62,6,2.62,1.61,1.61,2
Babrungas,8,4,2,2,17,8,9,14,lithuania2,0.5,0.75,9,2.12,2.0,1.33,3
Tauras,8,4,2,2,16,11,5,14,lithuania2,0.5,0.75,5,2.0,2.0,1.33,3
Nevezis,8,4,2,2,11,7,4,14,lithuania2,0.5,0.75,4,1.38,2.0,1.33,3
Atmosfera,8,3,4,1,6,5,1,13,lithuania2,0.38,0.88,1,0.75,2.63,1.14,4
Ekranas,8,3,3,2,11,13,-2,12,lithuania2,0.38,0.75,-2,1.38,2.63,1.33,5
Neptuna K.,8,3,1,4,12,13,-1,10,lithuania2,0.38,0.5,-1,1.5,2.63,2.0,6
Panevezys B,8,3,1,4,10,15,-5,10,lithuania2,0.38,0.5,-5,1.25,2.63,2.0,6
BFA Vilnius,8,2,3,3,11,13,-2,9,lithuania2,0.25,0.62,-2,1.38,4.0,1.61,7
Be1 NFA,8,2,3,3,8,11,-3,9,lithuania2,0.25,0.62,-3,1.0,4.0,1.61,7
Kauno Z. B,8,3,0,5,10,20,-10,9,lithuania2,0.38,0.38,-10,1.25,2.63,2.63,7
Garliava,8,2,1,5,8,18,-10,7,lithuania2,0.25,0.38,-10,1.0,4.0,2.63,8
Hegelmann B,8,1,0,7,6,18,-12,3,lithuania2,0.12,0.12,-12,0.75,8.33,8.33,9
Minija,8,0,2,6,6,18,-12,2,lithuania2,0.0,0.25,-12,0.75,0.0,4.0,10
Banga B,8,0,0,8,2,23,-21,0,lithuania2,0.0,0.0,-21,0.25,0.0,0.0,11
Differdange,8,7,0,1,17,4,13,21,luxembourg,0.88,0.88,13,2.12,1.14,1.14,1
Dudelange,8,5,2,1,17,8,9,17,luxembourg,0.62,0.88,9,2.12,1.61,1.14,2
UNA Strassen,8,4,4,0,13,6,7,16,luxembourg,0.5,1.0,7,1.62,2.0,1.0,3
Petange,8,3,3,2,8,5,3,12,luxembourg,0.38,0.75,3,1.0,2.63,1.33,4
Hostert,8,4,0,4,17,16,1,12,luxembourg,0.5,0.5,1,2.12,2.0,2.0,4
Mondorf,8,3,2,3,12,10,2,11,luxembourg,0.38,0.62,2,1.5,2.63,1.61,5
Racing,8,3,1,4,11,8,3,10,luxembourg,0.38,0.5,3,1.38,2.63,2.0,6
Hesperange,8,2,4,2,11,12,-1,10,luxembourg,0.25,0.75,-1,1.38,4.0,1.33,6
Bettembourg,8,3,1,4,7,9,-2,10,luxembourg,0.38,0.5,-2,0.88,2.63,2.0,6
Niedercorn,8,2,3,3,7,8,-1,9,luxembourg,0.25,0.62,-1,0.88,4.0,1.61,7
Jeunesse Esch,8,2,3,3,6,11,-5,9,luxembourg,0.25,0.62,-5,0.75,4.0,1.61,7
V. Rosport,8,2,3,3,10,17,-7,9,luxembourg,0.25,0.62,-7,1.25,4.0,1.61,7
Wiltz,8,2,0,6,8,15,-7,6,luxembourg,0.25,0.25,-7,1.0,4.0,4.0,8
Rodange,8,1,1,6,13,22,-9,4,luxembourg,0.12,0.25,-9,1.62,8.33,4.0,9
Mondercange,8,1,1,6,7,16,-9,4,luxembourg,0.12,0.25,-9,0.88,8.33,4.0,9
Fola Esch,8,0,0,8,8,30,-22,0,luxembourg,0.0,0.0,-22,1.0,0.0,0.0,10
Johor Darul,8,7,1,0,26,4,22,22,malaysia,0.88,1.0,22,3.25,1.14,1.0,1
Selangor,8,5,3,0,13,5,8,18,malaysia,0.62,1.0,8,1.62,1.61,1.0,2
Terengganu,8,4,2,2,14,10,4,14,malaysia,0.5,0.75,4,1.75,2.0,1.33,3
Sabah,8,4,2,2,14,11,3,14,malaysia,0.5,0.75,3,1.75,2.0,1.33,3
Kuching,8,4,2,2,13,10,3,14,malaysia,0.5,0.75,3,1.62,2.0,1.33,3
Perak,8,3,3,2,13,10,3,12,malaysia,0.38,0.75,3,1.62,2.63,1.33,4
Kuala Lumpur,8,3,2,3,11,13,-2,11,malaysia,0.38,0.62,-2,1.38,2.63,1.61,5
Pahang,8,1,5,2,8,10,-2,8,malaysia,0.12,0.75,-2,1.0,8.33,1.33,6
Pulau Pinang,8,2,1,5,13,18,-5,7,malaysia,0.25,0.38,-5,1.62,4.0,2.63,7
Kedah,8,2,1,5,5,20,-15,7,malaysia,0.25,0.38,-15,0.62,4.0,2.63,7
Negeri Sembilan,8,1,3,4,10,16,-6,6,malaysia,0.12,0.5,-6,1.25,8.33,2.0,8
PDRM,8,1,2,5,6,18,-12,5,malaysia,0.12,0.38,-12,0.75,8.33,2.63,9
Kelantan United,8,1,0,7,4,27,-23,3,malaysia,0.12,0.12,-23,0.5,8.33,8.33,10
Birkirkara,8,6,1,1,13,2,11,19,malta,0.75,0.88,11,1.62,1.33,1.14,1
Hamrun Spartans,8,5,2,1,15,6,9,17,malta,0.62,0.88,9,1.88,1.61,1.14,2
Floriana,8,5,2,1,11,5,6,17,malta,0.62,0.88,6,1.38,1.61,1.14,2
Marsaxlokk,8,5,1,2,11,5,6,16,malta,0.62,0.75,6,1.38,1.61,1.33,3
Zabbar,8,4,2,2,14,8,6,14,malta,0.5,0.75,6,1.75,2.0,1.33,4
Hibernians,8,4,1,3,14,13,1,13,malta,0.5,0.62,1,1.75,2.0,1.61,5
Sliema,8,3,2,3,9,6,3,11,malta,0.38,0.62,3,1.12,2.63,1.61,6
Melita,8,2,5,1,11,9,2,11,malta,0.25,0.88,2,1.38,4.0,1.14,6
Gzira Utd,8,3,2,3,10,10,0,11,malta,0.38,0.62,0,1.25,2.63,1.61,6
Naxxar Lions,8,1,2,5,8,16,-8,5,malta,0.12,0.38,-8,1.0,8.33,2.63,7
Balzan,8,1,1,6,9,16,-7,4,malta,0.12,0.25,-7,1.12,8.33,4.0,8
Mosta,8,1,1,6,9,18,-9,4,malta,0.12,0.25,-9,1.12,8.33,4.0,8
Cruz Azul,8,6,1,1,19,9,10,19,mexico,0.75,0.88,10,2.38,1.33,1.14,1
Monterrey,8,4,2,2,10,7,3,14,mexico,0.5,0.75,3,1.25,2.0,1.33,2
Tigres,8,4,1,3,13,9,4,13,mexico,0.5,0.62,4,1.62,2.0,1.61,3
Toluca,8,3,3,2,10,9,1,12,mexico,0.38,0.75,1,1.25,2.63,1.33,4
Pumas UNAM,8,3,3,2,6,6,0,12,mexico,0.38,0.75,0,0.75,2.63,1.33,4
Juarez,8,4,0,4,10,18,-8,12,mexico,0.5,0.5,-8,1.25,2.0,2.0,4
Guadalajara,8,3,1,4,9,8,1,10,mexico,0.38,0.5,1,1.12,2.63,2.0,5
CF America,8,2,3,3,12,14,-2,9,mexico,0.25,0.62,-2,1.5,4.0,1.61,6
Tijuana,8,2,3,3,6,12,-6,9,mexico,0.25,0.62,-6,0.75,4.0,1.61,6
Atlas,8,2,2,4,7,16,-9,8,mexico,0.25,0.5,-9,0.88,4.0,2.0,7
A. San Luis,8,2,1,5,7,12,-5,7,mexico,0.25,0.38,-5,0.88,4.0,2.63,8
Club Leon,8,1,3,4,12,18,-6,6,mexico,0.12,0.5,-6,1.5,8.33,2.0,9
Queretaro,8,1,2,5,6,17,-11,5,mexico,0.12,0.38,-11,0.75,8.33,2.63,10
Mazatlan,8,0,4,4,0,7,-7,4,mexico,0.0,0.5,-7,0.0,0.0,2.0,11
Pachuca,8,1,1,6,7,16,-9,4,mexico,0.12,0.25,-9,0.88,8.33,4.0,11
Puebla,8,1,1,6,4,16,-12,4,mexico,0.12,0.25,-12,0.5,8.33,4.0,11
Necaxa,8,0,3,5,7,17,-10,3,mexico,0.0,0.38,-10,0.88,0.0,2.63,12
Santos Laguna,8,0,1,7,5,17,-12,1,mexico,0.0,0.12,-12,0.62,0.0,8.33,13
Club Leon,5,4,1,0,9,5,4,13,mexico2,0.8,1.0,4,1.8,1.25,1.0,1
CF America,4,4,0,0,9,2,7,12,mexico2,1.0,1.0,7,2.25,1.0,1.0,2
Cruz Azul,6,3,1,2,9,7,2,10,mexico2,0.5,0.67,2,1.5,2.0,1.49,3
Necaxa,5,3,0,2,11,5,6,9,mexico2,0.6,0.6,6,2.2,1.67,1.67,4
Toluca,6,2,2,2,13,11,2,8,mexico2,0.33,0.67,2,2.17,3.03,1.49,5
Tigres,5,2,1,2,6,5,1,7,mexico2,0.4,0.6,1,1.2,2.5,1.67,6
Pachuca,5,2,1,2,8,8,0,7,mexico2,0.4,0.6,0,1.6,2.5,1.67,6
Juarez,6,2,1,3,4,8,-4,7,mexico2,0.33,0.5,-4,0.67,3.03,2.0,6
Pumas UNAM,5,2,0,3,11,12,-1,6,mexico2,0.4,0.4,-1,2.2,2.5,2.5,7
Monterrey,5,1,2,2,9,9,0,5,mexico2,0.2,0.6,0,1.8,5.0,1.67,8
Puebla,6,1,2,3,7,9,-2,5,mexico2,0.17,0.5,-2,1.17,5.88,2.0,8
Mazatlan,4,1,0,3,3,6,-3,3,mexico2,0.25,0.25,-3,0.75,4.0,4.0,9
Atlas,5,0,3,2,2,5,-3,3,mexico2,0.0,0.6,-3,0.4,0.0,1.67,9
Guadalajara,5,1,0,4,6,10,-4,3,mexico2,0.2,0.2,-4,1.2,5.0,5.0,9
A. San Luis,5,1,0,4,4,11,-7,3,mexico2,0.2,0.2,-7,0.8,5.0,5.0,9
Santos Laguna,6,0,1,5,6,12,-6,1,mexico2,0.0,0.17,-6,1.0,0.0,5.88,10
Tijuana,5,0,1,4,3,11,-8,1,mexico2,0.0,0.2,-8,0.6,0.0,5.0,10
Queretaro,5,0,1,4,2,10,-8,1,mexico2,0.0,0.2,-8,0.4,0.0,5.0,10
Buducnost,8,7,0,1,20,4,16,21,montenegro,0.88,0.88,16,2.5,1.14,1.14,1
Petrovac,8,5,0,3,11,7,4,15,montenegro,0.62,0.62,4,1.38,1.61,1.61,2
Bokelj,8,4,2,2,9,7,2,14,montenegro,0.5,0.75,2,1.12,2.0,1.33,3
Mornar Bar,8,4,0,4,9,15,-6,12,montenegro,0.5,0.5,-6,1.12,2.0,2.0,4
Sutjeska,8,3,1,4,6,8,-2,10,montenegro,0.38,0.5,-2,0.75,2.63,2.0,5
Decic,8,1,6,1,8,9,-1,9,montenegro,0.12,0.88,-1,1.0,8.33,1.14,6
Arsenal Tivat,8,2,3,3,7,8,-1,9,montenegro,0.25,0.62,-1,0.88,4.0,1.61,6
Jezero,8,1,2,5,6,11,-5,5,montenegro,0.12,0.38,-5,0.75,8.33,2.63,7
Jedinstvo,8,1,2,5,6,19,-13,5,montenegro,0.12,0.38,-13,0.75,8.33,2.63,7
Otrant,8,0,3,5,1,7,-6,3,montenegro,0.0,0.38,-6,0.12,0.0,2.63,8
Berkane,8,7,1,0,16,3,13,22,morocco,0.88,1.0,13,2.0,1.14,1.0,1
Wydad,8,4,4,0,13,5,8,16,morocco,0.5,1.0,8,1.62,2.0,1.0,2
Maghreb de Fes,8,3,4,1,13,7,6,13,morocco,0.38,0.88,6,1.62,2.63,1.14,3
R. Zemamra,8,4,1,3,6,5,1,13,morocco,0.5,0.62,1,0.75,2.0,1.61,3
FUS Rabat,8,3,2,3,7,6,1,11,morocco,0.38,0.62,1,0.88,2.63,1.61,4
FAR Rabat,8,2,3,3,9,9,0,9,morocco,0.25,0.62,0,1.12,4.0,1.61,5
Difaa El Jadida,8,2,3,3,11,12,-1,9,morocco,0.25,0.62,-1,1.38,4.0,1.61,5
Olympic Safi,8,2,3,3,9,11,-2,9,morocco,0.25,0.62,-2,1.12,4.0,1.61,5
Raja Casablanca,8,2,3,3,6,8,-2,9,morocco,0.25,0.62,-2,0.75,4.0,1.61,5
Moghreb Tetouan,8,2,1,5,6,10,-4,7,morocco,0.25,0.38,-4,0.75,4.0,2.63,6
Meknes,8,1,3,4,7,16,-9,6,morocco,0.12,0.5,-9,0.88,8.33,2.0,7
Ittihad Tanger,8,1,2,5,10,16,-6,5,morocco,0.12,0.38,-6,1.25,8.33,2.63,8
Union Touarga,8,0,3,5,5,11,-6,3,morocco,0.0,0.38,-6,0.62,0.0,2.63,9
C. Mohammedia,8,0,3,5,5,13,-8,3,morocco,0.0,0.38,-8,0.62,0.0,2.63,9
Hassania Agadir,8,0,1,7,3,12,-9,1,morocco,0.0,0.12,-9,0.38,0.0,8.33,10
JS Sousalem,8,0,1,7,2,14,-12,1,morocco,0.0,0.12,-12,0.25,0.0,8.33,10
Shan Utd,8,7,1,0,27,5,22,22,myanmar,0.88,1.0,22,3.38,1.14,1.0,1
Yangon Utd,8,6,2,0,28,7,21,20,myanmar,0.75,1.0,21,3.5,1.33,1.0,2
Dagon,8,5,1,2,16,8,8,16,myanmar,0.62,0.75,8,2.0,1.61,1.33,3
Hantharwady,8,4,2,2,10,8,2,14,myanmar,0.5,0.75,2,1.25,2.0,1.33,4
Thitsar Arman,8,4,1,3,16,14,2,13,myanmar,0.5,0.62,2,2.0,2.0,1.61,5
Ayeyawady,8,3,1,4,12,13,-1,10,myanmar,0.38,0.5,-1,1.5,2.63,2.0,6
Ispe FC,8,2,3,3,10,9,1,9,myanmar,0.25,0.62,1,1.25,4.0,1.61,7
Yadanarbon,8,2,3,3,10,13,-3,9,myanmar,0.25,0.62,-3,1.25,4.0,1.61,7
Sagaing Utd,8,2,1,5,10,16,-6,7,myanmar,0.25,0.38,-6,1.25,4.0,2.63,8
Rakhine Utd,8,2,1,5,13,20,-7,7,myanmar,0.25,0.38,-7,1.62,4.0,2.63,8
Dagon Port,8,0,4,4,13,29,-16,4,myanmar,0.0,0.5,-16,1.62,0.0,2.0,9
Myawady,8,0,1,7,6,18,-12,1,myanmar,0.0,0.12,-12,0.75,0.0,8.33,10
Ajax Amsterdam,8,6,1,1,14,5,9,19,netherlands,0.75,0.88,9,1.75,1.33,1.14,1
FC Utrecht,8,4,4,0,19,12,7,16,netherlands,0.5,1.0,7,2.38,2.0,1.0,2
Feyenoord,8,4,2,2,16,10,6,14,netherlands,0.5,0.75,6,2.0,2.0,1.33,3
AZ Alkmaar,8,3,2,3,11,11,0,11,netherlands,0.38,0.62,0,1.38,2.63,1.61,4
PSV Eindhoven,8,3,1,4,18,16,2,10,netherlands,0.38,0.5,2,2.25,2.63,2.0,5
Fortuna Sittard,8,2,3,3,14,16,-2,9,netherlands,0.25,0.62,-2,1.75,4.0,1.61,6
FC Twente,8,2,3,3,11,16,-5,9,netherlands,0.25,0.62,-5,1.38,4.0,1.61,6
Go Ahead Eagles,8,2,2,4,13,15,-2,8,netherlands,0.25,0.5,-2,1.62,4.0,2.0,7
NAC Breda,8,2,1,5,9,16,-7,7,netherlands,0.25,0.38,-7,1.12,4.0,2.63,8
NEC Nijmegen,8,2,1,5,6,14,-8,7,netherlands,0.25,0.38,-8,0.75,4.0,2.63,8
Heerenveen,8,2,1,5,7,17,-10,7,netherlands,0.25,0.38,-10,0.88,4.0,2.63,8
Willem II,8,2,1,5,6,17,-11,7,netherlands,0.25,0.38,-11,0.75,4.0,2.63,8
RKC Waalwijk,8,1,3,4,12,16,-4,6,netherlands,0.12,0.5,-4,1.5,8.33,2.0,9
Sparta,8,1,3,4,5,10,-5,6,netherlands,0.12,0.5,-5,0.62,8.33,2.0,9
PEC Zwolle,8,1,3,4,9,18,-9,6,netherlands,0.12,0.5,-9,1.12,8.33,2.0,9
Almere City,8,1,2,5,4,13,-9,5,netherlands,0.12,0.38,-9,0.5,8.33,2.63,10
FC Groningen,8,1,1,6,5,19,-14,4,netherlands,0.12,0.25,-14,0.62,8.33,4.0,11
Heracles Almelo,8,1,1,6,6,21,-15,4,netherlands,0.12,0.25,-15,0.75,8.33,4.0,11
Cambuur,8,5,2,1,20,8,12,17,netherlands2,0.62,0.88,12,2.5,1.61,1.14,1
FC Volendam,8,5,2,1,15,8,7,17,netherlands2,0.62,0.88,7,1.88,1.61,1.14,1
FC Dordrecht,8,5,0,3,11,11,0,15,netherlands2,0.62,0.62,0,1.38,1.61,1.61,2
FC Eindhoven,8,4,1,3,16,13,3,13,netherlands2,0.5,0.62,3,2.0,2.0,1.61,3
ADO Den Haag,8,4,1,3,14,11,3,13,netherlands2,0.5,0.62,3,1.75,2.0,1.61,3
VVV,8,4,0,4,11,18,-7,12,netherlands2,0.5,0.5,-7,1.38,2.0,2.0,4
Roda JC,8,3,2,3,14,13,1,11,netherlands2,0.38,0.62,1,1.75,2.63,1.61,5
FC Emmen,8,3,1,4,10,13,-3,10,netherlands2,0.38,0.5,-3,1.25,2.63,2.0,6
Excelsior,8,2,3,3,11,9,2,9,netherlands2,0.25,0.62,2,1.38,4.0,1.61,7
FC Den Bosch,8,2,2,4,6,10,-4,8,netherlands2,0.25,0.5,-4,0.75,4.0,2.0,8
Jong AZ,8,2,2,4,10,15,-5,8,netherlands2,0.25,0.5,-5,1.25,4.0,2.0,8
De Graafschap,8,1,3,4,5,12,-7,6,netherlands2,0.12,0.5,-7,0.62,8.33,2.0,9
Telstar,8,2,0,6,7,16,-9,6,netherlands2,0.25,0.25,-9,0.88,4.0,4.0,9
MVV Maastricht,8,1,2,5,5,14,-9,5,netherlands2,0.12,0.38,-9,0.62,8.33,2.63,10
Vitesse Arnhem,8,1,2,5,12,24,-12,5,netherlands2,0.12,0.38,-12,1.5,8.33,2.63,10
Jong PSV,8,1,1,6,7,15,-8,4,netherlands2,0.12,0.25,-8,0.88,8.33,4.0,11
TOP Oss,8,0,4,4,4,13,-9,4,netherlands2,0.0,0.5,-9,0.5,0.0,2.0,11
Jong Utrecht,8,1,1,6,5,22,-17,4,netherlands2,0.12,0.25,-17,0.62,8.33,4.0,11
Jong Ajax,8,1,0,7,4,15,-11,3,netherlands2,0.12,0.12,-11,0.5,8.33,8.33,12
Helmond Sport,8,0,2,6,6,20,-14,2,netherlands2,0.0,0.25,-14,0.75,0.0,4.0,13
Diriangen,8,4,4,0,21,7,14,16,nicaragua,0.5,1.0,14,2.62,2.0,1.0,1
Real Esteli,8,5,1,2,14,9,5,16,nicaragua,0.62,0.75,5,1.75,1.61,1.33,1
Walter Ferreti,8,4,2,2,8,5,3,14,nicaragua,0.5,0.75,3,1.0,2.0,1.33,2
Matagalpa,8,3,3,2,9,7,2,12,nicaragua,0.38,0.75,2,1.12,2.63,1.33,3
Export Sebaco,8,1,4,3,7,10,-3,7,nicaragua,0.12,0.62,-3,0.88,8.33,1.61,4
Managua FC,8,1,3,4,9,15,-6,6,nicaragua,0.12,0.5,-6,1.12,8.33,2.0,5
Jalapa,8,1,2,5,8,21,-13,5,nicaragua,0.12,0.38,-13,1.0,8.33,2.63,6
UNAN Managua,8,1,1,6,7,17,-10,4,nicaragua,0.12,0.25,-10,0.88,8.33,4.0,7
Rancho Santana,8,1,1,6,5,15,-10,4,nicaragua,0.12,0.25,-10,0.62,8.33,4.0,7
D. Ocotal,8,0,2,6,3,24,-21,2,nicaragua,0.0,0.25,-21,0.38,0.0,4.0,8
Diriangen,4,4,0,0,9,0,9,12,nicaragua2,1.0,1.0,9,2.25,1.0,1.0,1
Managua FC,5,2,2,1,6,4,2,8,nicaragua2,0.4,0.8,2,1.2,2.5,1.25,2
CS Sebaco,5,2,1,2,6,6,0,7,nicaragua2,0.4,0.6,0,1.2,2.5,1.67,3
Real Esteli,3,2,0,1,7,4,3,6,nicaragua2,0.67,0.67,3,2.33,1.49,1.49,4
Matagalpa,5,1,1,3,3,7,-4,4,nicaragua2,0.2,0.4,-4,0.6,5.0,2.5,5
Walter Ferreti,6,1,1,4,1,6,-5,4,nicaragua2,0.17,0.33,-5,0.17,5.88,3.03,5
Jalapa,5,1,1,3,6,13,-7,4,nicaragua2,0.2,0.4,-7,1.2,5.0,2.5,5
UNAN Managua,6,0,3,3,4,11,-7,3,nicaragua2,0.0,0.5,-7,0.67,0.0,2.0,6
Rancho Santana,5,0,1,4,1,7,-6,1,nicaragua2,0.0,0.2,-6,0.2,0.0,5.0,7
D. Ocotal,5,0,1,4,4,16,-12,1,nicaragua2,0.0,0.2,-12,0.8,0.0,5.0,7
Larne,8,6,0,2,14,7,7,18,northernireland,0.75,0.75,7,1.75,1.33,1.33,1
Linfield,8,5,2,1,12,5,7,17,northernireland,0.62,0.88,7,1.5,1.61,1.14,2
Glentoran,8,5,2,1,14,9,5,17,northernireland,0.62,0.88,5,1.75,1.61,1.14,2
Coleraine,8,4,2,2,15,10,5,14,northernireland,0.5,0.75,5,1.88,2.0,1.33,3
Dungannon,8,4,1,3,11,10,1,13,northernireland,0.5,0.62,1,1.38,2.0,1.61,4
Crusaders,8,4,1,3,8,7,1,13,northernireland,0.5,0.62,1,1.0,2.0,1.61,4
Glenavon,8,3,1,4,8,10,-2,10,northernireland,0.38,0.5,-2,1.0,2.63,2.0,5
Ballymena Utd,8,2,2,4,8,12,-4,8,northernireland,0.25,0.5,-4,1.0,4.0,2.0,6
Carrick Rangers,8,1,3,4,6,14,-8,6,northernireland,0.12,0.5,-8,0.75,8.33,2.0,7
Cliftonville,8,1,2,5,7,13,-6,5,northernireland,0.12,0.38,-6,0.88,8.33,2.63,8
Portadown,8,1,2,5,7,14,-7,5,northernireland,0.12,0.38,-7,0.88,8.33,2.63,8
Loughgall,8,1,2,5,5,13,-8,5,northernireland,0.12,0.38,-8,0.62,8.33,2.63,8
Annagh Utd,8,4,1,3,16,8,8,13,northernireland2,0.5,0.62,8,2.0,2.0,1.61,1
Bangor,8,4,1,3,14,9,5,13,northernireland2,0.5,0.62,5,1.75,2.0,1.61,1
Dundela,8,4,1,3,15,16,-1,13,northernireland2,0.5,0.62,-1,1.88,2.0,1.61,1
Limavady,8,3,3,2,12,9,3,12,northernireland2,0.38,0.75,3,1.5,2.63,1.33,2
Ards,8,3,3,2,10,12,-2,12,northernireland2,0.38,0.75,-2,1.25,2.63,1.33,2
Armagh City,8,2,5,1,11,9,2,11,northernireland2,0.25,0.88,2,1.38,4.0,1.14,3
HW Welders,8,2,4,2,10,13,-3,10,northernireland2,0.25,0.75,-3,1.25,4.0,1.33,4
Ballyclare,8,3,0,5,9,19,-10,9,northernireland2,0.38,0.38,-10,1.12,2.63,2.63,5
Institute,8,2,2,4,15,17,-2,8,northernireland2,0.25,0.5,-2,1.88,4.0,2.0,6
Ballinamallard,8,2,0,6,8,16,-8,6,northernireland2,0.25,0.25,-8,1.0,4.0,4.0,7
Newington,8,1,2,5,7,15,-8,5,northernireland2,0.12,0.38,-8,0.88,8.33,2.63,8
Newry City,8,1,1,6,5,20,-15,4,northernireland2,0.12,0.25,-15,0.62,8.33,4.0,9
Sileks,8,5,2,1,15,5,10,17,northmacedonia,0.62,0.88,10,1.88,1.61,1.14,1
Gostivar,8,4,3,1,8,4,4,15,northmacedonia,0.5,0.88,4,1.0,2.0,1.14,2
Rabotnicki,8,3,3,2,8,5,3,12,northmacedonia,0.38,0.75,3,1.0,2.63,1.33,3
Shkendija,8,3,3,2,5,7,-2,12,northmacedonia,0.38,0.75,-2,0.62,2.63,1.33,3
Struga,8,3,2,3,11,11,0,11,northmacedonia,0.38,0.62,0,1.38,2.63,1.61,4
Vardar,8,3,1,4,6,8,-2,10,northmacedonia,0.38,0.5,-2,0.75,2.63,2.0,5
Shkupi,8,2,1,5,7,12,-5,7,northmacedonia,0.25,0.38,-5,0.88,4.0,2.63,6
Brera Strumica,8,2,1,5,8,16,-8,7,northmacedonia,0.25,0.38,-8,1.0,4.0,2.63,6
Tikves,8,0,5,3,3,7,-4,5,northmacedonia,0.0,0.62,-4,0.38,0.0,1.61,7
Pelister,8,1,2,5,4,14,-10,5,northmacedonia,0.12,0.38,-10,0.5,8.33,2.63,7
Besa,8,0,3,5,3,12,-9,3,northmacedonia,0.0,0.38,-9,0.38,0.0,2.63,8
Voska Sport,8,0,1,7,4,19,-15,1,northmacedonia,0.0,0.12,-15,0.5,0.0,8.33,9
Bodo.Glimt,0,0,0,0,0,0,0,0,norway,0.0,0.0,0,0.0,0.0,0.0,1
Brann,0,0,0,0,0,0,0,0,norway,0.0,0.0,0,0.0,0.0,0.0,1
Bryne,0,0,0,0,0,0,0,0,norway,0.0,0.0,0,0.0,0.0,0.0,1
Fredrikstad,0,0,0,0,0,0,0,0,norway,0.0,0.0,0,0.0,0.0,0.0,1
HamKam,0,0,0,0,0,0,0,0,norway,0.0,0.0,0,0.0,0.0,0.0,1
Haugesund,0,0,0,0,0,0,0,0,norway,0.0,0.0,0,0.0,0.0,0.0,1
KFUM Oslo,0,0,0,0,0,0,0,0,norway,0.0,0.0,0,0.0,0.0,0.0,1
Kristiansund,0,0,0,0,0,0,0,0,norway,0.0,0.0,0,0.0,0.0,0.0,1
Molde,0,0,0,0,0,0,0,0,norway,0.0,0.0,0,0.0,0.0,0.0,1
Rosenborg,0,0,0,0,0,0,0,0,norway,0.0,0.0,0,0.0,0.0,0.0,1
Sandefjord,0,0,0,0,0,0,0,0,norway,0.0,0.0,0,0.0,0.0,0.0,1
Sarpsborg 08,0,0,0,0,0,0,0,0,norway,0.0,0.0,0,0.0,0.0,0.0,1
Stromsgodset,0,0,0,0,0,0,0,0,norway,0.0,0.0,0,0.0,0.0,0.0,1
Tromso,0,0,0,0,0,0,0,0,norway,0.0,0.0,0,0.0,0.0,0.0,1
Valerenga,0,0,0,0,0,0,0,0,norway,0.0,0.0,0,0.0,0.0,0.0,1
Viking,0,0,0,0,0,0,0,0,norway,0.0,0.0,0,0.0,0.0,0.0,1
Aalesund,0,0,0,0,0,0,0,0,norway2,0.0,0.0,0,0.0,0.0,0.0,1
Asane,0,0,0,0,0,0,0,0,norway2,0.0,0.0,0,0.0,0.0,0.0,1
Egersund,0,0,0,0,0,0,0,0,norway2,0.0,0.0,0,0.0,0.0,0.0,1
Hodd,0,0,0,0,0,0,0,0,norway2,0.0,0.0,0,0.0,0.0,0.0,1
Kongsvinger,0,0,0,0,0,0,0,0,norway2,0.0,0.0,0,0.0,0.0,0.0,1
Lillestrom,0,0,0,0,0,0,0,0,norway2,0.0,0.0,0,0.0,0.0,0.0,1
Lyn,0,0,0,0,0,0,0,0,norway2,0.0,0.0,0,0.0,0.0,0.0,1
Mjondalen,0,0,0,0,0,0,0,0,norway2,0.0,0.0,0,0.0,0.0,0.0,1
Moss,0,0,0,0,0,0,0,0,norway2,0.0,0.0,0,0.0,0.0,0.0,1
Odd,0,0,0,0,0,0,0,0,norway2,0.0,0.0,0,0.0,0.0,0.0,1
Ranheim,0,0,0,0,0,0,0,0,norway2,0.0,0.0,0,0.0,0.0,0.0,1
Raufoss,0,0,0,0,0,0,0,0,norway2,0.0,0.0,0,0.0,0.0,0.0,1
Skeid,0,0,0,0,0,0,0,0,norway2,0.0,0.0,0,0.0,0.0,0.0,1
Sogndal,0,0,0,0,0,0,0,0,norway2,0.0,0.0,0,0.0,0.0,0.0,1
Stabaek,0,0,0,0,0,0,0,0,norway2,0.0,0.0,0,0.0,0.0,0.0,1
Start,0,0,0,0,0,0,0,0,norway2,0.0,0.0,0,0.0,0.0,0.0,1
Arendal,0,0,0,0,0,0,0,0,norway3,0.0,0.0,0,0.0,0.0,0.0,1
Brann B,0,0,0,0,0,0,0,0,norway3,0.0,0.0,0,0.0,0.0,0.0,1
Brattvag,0,0,0,0,0,0,0,0,norway3,0.0,0.0,0,0.0,0.0,0.0,1
Eik Tonsberg,0,0,0,0,0,0,0,0,norway3,0.0,0.0,0,0.0,0.0,0.0,1
Flekkeroy,0,0,0,0,0,0,0,0,norway3,0.0,0.0,0,0.0,0.0,0.0,1
Jerv,0,0,0,0,0,0,0,0,norway3,0.0,0.0,0,0.0,0.0,0.0,1
Lysekloster,0,0,0,0,0,0,0,0,norway3,0.0,0.0,0,0.0,0.0,0.0,1
Notodden,0,0,0,0,0,0,0,0,norway3,0.0,0.0,0,0.0,0.0,0.0,1
Pors Grenland,0,0,0,0,0,0,0,0,norway3,0.0,0.0,0,0.0,0.0,0.0,1
Sandnes Ulf,0,0,0,0,0,0,0,0,norway3,0.0,0.0,0,0.0,0.0,0.0,1
Sandviken,0,0,0,0,0,0,0,0,norway3,0.0,0.0,0,0.0,0.0,0.0,1
Sotra,0,0,0,0,0,0,0,0,norway3,0.0,0.0,0,0.0,0.0,0.0,1
Traef,0,0,0,0,0,0,0,0,norway3,0.0,0.0,0,0.0,0.0,0.0,1
V. Haugesund,0,0,0,0,0,0,0,0,norway3,0.0,0.0,0,0.0,0.0,0.0,1
Alta,0,0,0,0,0,0,0,0,norway4,0.0,0.0,0,0.0,0.0,0.0,1
Asker,0,0,0,0,0,0,0,0,norway4,0.0,0.0,0,0.0,0.0,0.0,1
Eidsvold,0,0,0,0,0,0,0,0,norway4,0.0,0.0,0,0.0,0.0,0.0,1
Follo,0,0,0,0,0,0,0,0,norway4,0.0,0.0,0,0.0,0.0,0.0,1
Grorud,0,0,0,0,0,0,0,0,norway4,0.0,0.0,0,0.0,0.0,0.0,1
Honefoss,0,0,0,0,0,0,0,0,norway4,0.0,0.0,0,0.0,0.0,0.0,1
Kjelsas,0,0,0,0,0,0,0,0,norway4,0.0,0.0,0,0.0,0.0,0.0,1
Levanger,0,0,0,0,0,0,0,0,norway4,0.0,0.0,0,0.0,0.0,0.0,1
Rana,0,0,0,0,0,0,0,0,norway4,0.0,0.0,0,0.0,0.0,0.0,1
Stjordals-Blink,0,0,0,0,0,0,0,0,norway4,0.0,0.0,0,0.0,0.0,0.0,1
Strindheim,0,0,0,0,0,0,0,0,norway4,0.0,0.0,0,0.0,0.0,0.0,1
Strommen,0,0,0,0,0,0,0,0,norway4,0.0,0.0,0,0.0,0.0,0.0,1
Tromsdalen,0,0,0,0,0,0,0,0,norway4,0.0,0.0,0,0.0,0.0,0.0,1
Ull/Kisa,0,0,0,0,0,0,0,0,norway4,0.0,0.0,0,0.0,0.0,0.0,1
Alta B,0,0,0,0,0,0,0,0,norway5,0.0,0.0,0,0.0,0.0,0.0,1
Baerum,0,0,0,0,0,0,0,0,norway5,0.0,0.0,0,0.0,0.0,0.0,1
Floya,0,0,0,0,0,0,0,0,norway5,0.0,0.0,0,0.0,0.0,0.0,1
Frigg,0,0,0,0,0,0,0,0,norway5,0.0,0.0,0,0.0,0.0,0.0,1
Funnefoss/V.,0,0,0,0,0,0,0,0,norway5,0.0,0.0,0,0.0,0.0,0.0,1
Gamle Oslo,0,0,0,0,0,0,0,0,norway5,0.0,0.0,0,0.0,0.0,0.0,1
Harstad,0,0,0,0,0,0,0,0,norway5,0.0,0.0,0,0.0,0.0,0.0,1
Junkeren,0,0,0,0,0,0,0,0,norway5,0.0,0.0,0,0.0,0.0,0.0,1
KFUM B,0,0,0,0,0,0,0,0,norway5,0.0,0.0,0,0.0,0.0,0.0,1
Skjervoy,0,0,0,0,0,0,0,0,norway5,0.0,0.0,0,0.0,0.0,0.0,1
Sortland,0,0,0,0,0,0,0,0,norway5,0.0,0.0,0,0.0,0.0,0.0,1
Tromso B,0,0,0,0,0,0,0,0,norway5,0.0,0.0,0,0.0,0.0,0.0,1
Ulfstind,0,0,0,0,0,0,0,0,norway5,0.0,0.0,0,0.0,0.0,0.0,1
Ullern,0,0,0,0,0,0,0,0,norway5,0.0,0.0,0,0.0,0.0,0.0,1
Aalesund B,0,0,0,0,0,0,0,0,norway6,0.0,0.0,0,0.0,0.0,0.0,1
Byasen,0,0,0,0,0,0,0,0,norway6,0.0,0.0,0,0.0,0.0,0.0,1
Kristiansund B,0,0,0,0,0,0,0,0,norway6,0.0,0.0,0,0.0,0.0,0.0,1
Kvik Trondheim,0,0,0,0,0,0,0,0,norway6,0.0,0.0,0,0.0,0.0,0.0,1
Melhus,0,0,0,0,0,0,0,0,norway6,0.0,0.0,0,0.0,0.0,0.0,1
Molde B,0,0,0,0,0,0,0,0,norway6,0.0,0.0,0,0.0,0.0,0.0,1
Nardo,0,0,0,0,0,0,0,0,norway6,0.0,0.0,0,0.0,0.0,0.0,1
Ranheim B,0,0,0,0,0,0,0,0,norway6,0.0,0.0,0,0.0,0.0,0.0,1
Rosenborg B,0,0,0,0,0,0,0,0,norway6,0.0,0.0,0,0.0,0.0,0.0,1
Spjelkavik,0,0,0,0,0,0,0,0,norway6,0.0,0.0,0,0.0,0.0,0.0,1
Surnadal,0,0,0,0,0,0,0,0,norway6,0.0,0.0,0,0.0,0.0,0.0,1
Tiller,0,0,0,0,0,0,0,0,norway6,0.0,0.0,0,0.0,0.0,0.0,1
Trygg.Lade,0,0,0,0,0,0,0,0,norway6,0.0,0.0,0,0.0,0.0,0.0,1
Volda,0,0,0,0,0,0,0,0,norway6,0.0,0.0,0,0.0,0.0,0.0,1
Assiden IF,0,0,0,0,0,0,0,0,norway7,0.0,0.0,0,0.0,0.0,0.0,1
Bjorkelangen,0,0,0,0,0,0,0,0,norway7,0.0,0.0,0,0.0,0.0,0.0,1
Elverum,0,0,0,0,0,0,0,0,norway7,0.0,0.0,0,0.0,0.0,0.0,1
Gjovik-Lyn,0,0,0,0,0,0,0,0,norway7,0.0,0.0,0,0.0,0.0,0.0,1
HamKam B,0,0,0,0,0,0,0,0,norway7,0.0,0.0,0,0.0,0.0,0.0,1
Kongsvinger B,0,0,0,0,0,0,0,0,norway7,0.0,0.0,0,0.0,0.0,0.0,1
Lillehammer,0,0,0,0,0,0,0,0,norway7,0.0,0.0,0,0.0,0.0,0.0,1
Lillestrom B,0,0,0,0,0,0,0,0,norway7,0.0,0.0,0,0.0,0.0,0.0,1
Lorenskog,0,0,0,0,0,0,0,0,norway7,0.0,0.0,0,0.0,0.0,0.0,1
Nordstrand,0,0,0,0,0,0,0,0,norway7,0.0,0.0,0,0.0,0.0,0.0,1
Skedsmo,0,0,0,0,0,0,0,0,norway7,0.0,0.0,0,0.0,0.0,0.0,1
Skjetten,0,0,0,0,0,0,0,0,norway7,0.0,0.0,0,0.0,0.0,0.0,1
Stromsgodset B,0,0,0,0,0,0,0,0,norway7,0.0,0.0,0,0.0,0.0,0.0,1
Ull/Kisa B,0,0,0,0,0,0,0,0,norway7,0.0,0.0,0,0.0,0.0,0.0,1
Asane B,0,0,0,0,0,0,0,0,norway8,0.0,0.0,0,0.0,0.0,0.0,1
Askoy,0,0,0,0,0,0,0,0,norway8,0.0,0.0,0,0.0,0.0,0.0,1
Bjarg,0,0,0,0,0,0,0,0,norway8,0.0,0.0,0,0.0,0.0,0.0,1
Fana,0,0,0,0,0,0,0,0,norway8,0.0,0.0,0,0.0,0.0,0.0,1
Fjora,0,0,0,0,0,0,0,0,norway8,0.0,0.0,0,0.0,0.0,0.0,1
Forde,0,0,0,0,0,0,0,0,norway8,0.0,0.0,0,0.0,0.0,0.0,1
Fyllingsdalen,0,0,0,0,0,0,0,0,norway8,0.0,0.0,0,0.0,0.0,0.0,1
Gneist,0,0,0,0,0,0,0,0,norway8,0.0,0.0,0,0.0,0.0,0.0,1
Loddefjord,0,0,0,0,0,0,0,0,norway8,0.0,0.0,0,0.0,0.0,0.0,1
Lyn B,0,0,0,0,0,0,0,0,norway8,0.0,0.0,0,0.0,0.0,0.0,1
Lyngbo,0,0,0,0,0,0,0,0,norway8,0.0,0.0,0,0.0,0.0,0.0,1
OS,0,0,0,0,0,0,0,0,norway8,0.0,0.0,0,0.0,0.0,0.0,1
Sandefjord B,0,0,0,0,0,0,0,0,norway8,0.0,0.0,0,0.0,0.0,0.0,1
Valerenga B,0,0,0,0,0,0,0,0,norway8,0.0,0.0,0,0.0,0.0,0.0,1
Brodd,0,0,0,0,0,0,0,0,norway9,0.0,0.0,0,0.0,0.0,0.0,1
Djerv,0,0,0,0,0,0,0,0,norway9,0.0,0.0,0,0.0,0.0,0.0,1
Haugesund B,0,0,0,0,0,0,0,0,norway9,0.0,0.0,0,0.0,0.0,0.0,1
Hinna,0,0,0,0,0,0,0,0,norway9,0.0,0.0,0,0.0,0.0,0.0,1
Madla,0,0,0,0,0,0,0,0,norway9,0.0,0.0,0,0.0,0.0,0.0,1
Sandnes Ulf B,0,0,0,0,0,0,0,0,norway9,0.0,0.0,0,0.0,0.0,0.0,1
Sola,0,0,0,0,0,0,0,0,norway9,0.0,0.0,0,0.0,0.0,0.0,1
Staal Jorpeland,0,0,0,0,0,0,0,0,norway9,0.0,0.0,0,0.0,0.0,0.0,1
Stord,0,0,0,0,0,0,0,0,norway9,0.0,0.0,0,0.0,0.0,0.0,1
Torvastad,0,0,0,0,0,0,0,0,norway9,0.0,0.0,0,0.0,0.0,0.0,1
Vag,0,0,0,0,0,0,0,0,norway9,0.0,0.0,0,0.0,0.0,0.0,1
Vidar,0,0,0,0,0,0,0,0,norway9,0.0,0.0,0,0.0,0.0,0.0,1
Viking B,0,0,0,0,0,0,0,0,norway9,0.0,0.0,0,0.0,0.0,0.0,1
Vindbjart,0,0,0,0,0,0,0,0,norway9,0.0,0.0,0,0.0,0.0,0.0,1
Drobak-Frogn,0,0,0,0,0,0,0,0,norway10,0.0,0.0,0,0.0,0.0,0.0,1
Flint,0,0,0,0,0,0,0,0,norway10,0.0,0.0,0,0.0,0.0,0.0,1
Fram,0,0,0,0,0,0,0,0,norway10,0.0,0.0,0,0.0,0.0,0.0,1
Fredrikstad B,0,0,0,0,0,0,0,0,norway10,0.0,0.0,0,0.0,0.0,0.0,1
Grei,0,0,0,0,0,0,0,0,norway10,0.0,0.0,0,0.0,0.0,0.0,1
IF Ready,0,0,0,0,0,0,0,0,norway10,0.0,0.0,0,0.0,0.0,0.0,1
Kvik Halden,0,0,0,0,0,0,0,0,norway10,0.0,0.0,0,0.0,0.0,0.0,1
Lokomotiv Oslo,0,0,0,0,0,0,0,0,norway10,0.0,0.0,0,0.0,0.0,0.0,1
Odd B,0,0,0,0,0,0,0,0,norway10,0.0,0.0,0,0.0,0.0,0.0,1
Oppsal,0,0,0,0,0,0,0,0,norway10,0.0,0.0,0,0.0,0.0,0.0,1
Orn Horten,0,0,0,0,0,0,0,0,norway10,0.0,0.0,0,0.0,0.0,0.0,1
Pors Grenland B,0,0,0,0,0,0,0,0,norway10,0.0,0.0,0,0.0,0.0,0.0,1
Sarpsborg 08 B,0,0,0,0,0,0,0,0,norway10,0.0,0.0,0,0.0,0.0,0.0,1
Stabaek B,0,0,0,0,0,0,0,0,norway10,0.0,0.0,0,0.0,0.0,0.0,1
Plaza Amador,4,2,1,1,5,6,-1,7,panama,0.5,0.75,-1,1.25,2.0,1.33,1
San Miguelito,3,2,0,1,4,3,1,6,panama,0.67,0.67,1,1.33,1.49,1.49,2
UMECIT,4,1,2,1,5,4,1,5,panama,0.25,0.75,1,1.25,4.0,1.33,3
San Francisco,4,1,2,1,2,2,0,5,panama,0.25,0.75,0,0.5,4.0,1.33,3
Alianza,4,1,2,1,5,6,-1,5,panama,0.25,0.75,-1,1.25,4.0,1.33,3
Independiente,4,1,1,2,5,6,-1,4,panama,0.25,0.5,-1,1.25,4.0,2.0,4
Universitario,2,0,2,0,0,0,0,2,panama,0.0,1.0,0,0.0,0.0,1.0,5
Costa del Este,3,0,2,1,3,4,-1,2,panama,0.0,0.67,-1,1.0,0.0,1.49,5
Arabe Unido,3,0,2,1,2,3,-1,2,panama,0.0,0.67,-1,0.67,0.0,1.49,5
Veraguas,4,0,2,2,3,9,-6,2,panama,0.0,0.5,-6,0.75,0.0,2.0,5
Tauro,4,0,1,3,2,5,-3,1,panama,0.0,0.25,-3,0.5,0.0,4.0,6
Herrera,4,0,1,3,2,6,-4,1,panama,0.0,0.25,-4,0.5,0.0,4.0,6
Independiente,8,4,2,2,12,9,3,14,panama2,0.5,0.75,3,1.5,2.0,1.33,1
San Miguelito,8,3,3,2,5,4,1,12,panama2,0.38,0.75,1,0.62,2.63,1.33,2
Plaza Amador,8,2,5,1,8,7,1,11,panama2,0.25,0.88,1,1.0,4.0,1.14,3
Veraguas,7,3,1,3,11,12,-1,10,panama2,0.43,0.57,-1,1.57,2.33,1.75,4
Tauro,8,3,1,4,7,10,-3,10,panama2,0.38,0.5,-3,0.88,2.63,2.0,4
Universitario,8,3,1,4,6,9,-3,10,panama2,0.38,0.5,-3,0.75,2.63,2.0,4
Arabe Unido,8,2,3,3,6,5,1,9,panama2,0.25,0.62,1,0.75,4.0,1.61,5
UMECIT,8,2,3,3,6,7,-1,9,panama2,0.25,0.62,-1,0.75,4.0,1.61,5
Alianza,7,2,1,4,7,10,-3,7,panama2,0.29,0.43,-3,1.0,3.45,2.33,6
San Francisco,8,1,3,4,8,11,-3,6,panama2,0.12,0.5,-3,1.0,8.33,2.0,7
Costa del Este,8,0,4,4,3,11,-8,4,panama2,0.0,0.5,-8,0.38,0.0,2.0,8
Herrera,8,0,2,6,5,12,-7,2,panama2,0.0,0.25,-7,0.62,0.0,4.0,9
Guarani,4,4,0,0,6,1,5,12,paraguay,1.0,1.0,5,1.5,1.0,1.0,1
Libertad,4,3,1,0,8,3,5,10,paraguay,0.75,1.0,5,2.0,1.33,1.0,2
2 de Mayo,3,1,2,0,3,1,2,5,paraguay,0.33,1.0,2,1.0,3.03,1.0,3
Olimpia,3,1,2,0,4,3,1,5,paraguay,0.33,1.0,1,1.33,3.03,1.0,3
D. Recoleta,4,1,1,2,8,10,-2,4,paraguay,0.25,0.5,-2,2.0,4.0,2.0,4
S. Ameliano,4,1,1,2,3,5,-2,4,paraguay,0.25,0.5,-2,0.75,4.0,2.0,4
S. Trinidense,3,0,2,1,5,7,-2,2,paraguay,0.0,0.67,-2,1.67,0.0,1.49,5
A. Tembetary,4,0,2,2,2,6,-4,2,paraguay,0.0,0.5,-4,0.5,0.0,2.0,5
Cerro Porteno,3,0,1,2,2,4,-2,1,paraguay,0.0,0.33,-2,0.67,0.0,3.03,6
G. Caballero,3,0,1,2,1,3,-2,1,paraguay,0.0,0.33,-2,0.33,0.0,3.03,6
Nacional,4,0,1,3,2,6,-4,1,paraguay,0.0,0.25,-4,0.5,0.0,4.0,6
S. Luqueno,3,0,0,3,0,7,-7,0,paraguay,0.0,0.0,-7,0.0,0.0,0.0,7
Guarani,8,4,3,1,9,5,4,15,paraguay2,0.5,0.88,4,1.12,2.0,1.14,1
S. Ameliano,8,4,2,2,12,5,7,14,paraguay2,0.5,0.75,7,1.5,2.0,1.33,2
Olimpia,8,4,2,2,5,4,1,14,paraguay2,0.5,0.75,1,0.62,2.0,1.33,2
2 de Mayo,8,3,3,2,10,7,3,12,paraguay2,0.38,0.75,3,1.25,2.63,1.33,3
G. Caballero,8,3,2,3,7,6,1,11,paraguay2,0.38,0.62,1,0.88,2.63,1.61,4
Sol de America,8,2,3,3,9,8,1,9,paraguay2,0.25,0.62,1,1.12,4.0,1.61,5
S. Luqueno,8,2,3,3,14,14,0,9,paraguay2,0.25,0.62,0,1.75,4.0,1.61,5
Libertad,8,2,2,4,8,12,-4,8,paraguay2,0.25,0.5,-4,1.0,4.0,2.0,6
Cerro Porteno,8,2,1,5,7,12,-5,7,paraguay2,0.25,0.38,-5,0.88,4.0,2.63,7
Nacional,8,1,3,4,8,10,-2,6,paraguay2,0.12,0.5,-2,1.0,8.33,2.0,8
Tacuary,8,1,2,5,7,12,-5,5,paraguay2,0.12,0.38,-5,0.88,8.33,2.63,9
S. Trinidense,8,0,4,4,5,9,-4,4,paraguay2,0.0,0.5,-4,0.62,0.0,2.0,10
D. Garcilaso,3,1,2,0,5,4,1,5,peru,0.33,1.0,1,1.67,3.03,1.0,1
ADT,2,1,1,0,5,4,1,4,peru,0.5,1.0,1,2.5,2.0,1.0,2
S. Cristal,2,1,1,0,3,2,1,4,peru,0.5,1.0,1,1.5,2.0,1.0,2
Sport Huancayo,2,1,1,0,2,1,1,4,peru,0.5,1.0,1,1.0,2.0,1.0,2
Binacional,2,1,0,1,5,4,1,3,peru,0.5,0.5,1,2.5,2.0,2.0,3
FBC Melgar,1,1,0,0,1,0,1,3,peru,1.0,1.0,1,1.0,1.0,1.0,3
Alianza Lima,2,1,0,1,3,4,-1,3,peru,0.5,0.5,-1,1.5,2.0,2.0,3
Cusco,2,1,0,1,2,4,-2,3,peru,0.5,0.5,-2,1.0,2.0,2.0,3
Los Chankas,1,0,1,0,1,1,0,1,peru,0.0,1.0,0,1.0,0.0,1.0,4
Universitario,1,0,1,0,1,1,0,1,peru,0.0,1.0,0,1.0,0.0,1.0,4
Sport Boys,2,0,1,1,3,4,-1,1,peru,0.0,0.5,-1,1.5,0.0,2.0,4
Cajamarca,2,0,1,1,1,4,-3,1,peru,0.0,0.5,-3,0.5,0.0,2.0,4
Cienciano,1,0,0,1,2,3,-1,0,peru,0.0,0.0,-1,2.0,0.0,0.0,5
Comerciantes U.,1,0,0,1,1,2,-1,0,peru,0.0,0.0,-1,1.0,0.0,0.0,5
Alianza A.,2,0,0,2,2,4,-2,0,peru,0.0,0.0,-2,1.0,0.0,0.0,5
Juan Pablo II C,2,0,0,2,0,2,-2,0,peru,0.0,0.0,-2,0.0,0.0,0.0,5
Atletico Grau,2,0,0,2,3,6,-3,0,peru,0.0,0.0,-3,1.5,0.0,0.0,5
Ayacucho,3,0,0,3,1,5,-4,0,peru,0.0,0.0,-4,0.33,0.0,0.0,5
A. Huanuco,2,0,0,2,2,7,-5,0,peru,0.0,0.0,-5,1.0,0.0,0.0,5
Manila Digger,6,6,0,0,27,2,25,18,philippines,1.0,1.0,25,4.5,1.0,1.0,1
Davao Aguilas,7,6,0,1,15,3,12,18,philippines,0.86,0.86,12,2.14,1.16,1.16,1
One Taguig,6,5,1,0,14,3,11,16,philippines,0.83,1.0,11,2.33,1.2,1.0,2
Stallion,5,5,0,0,16,3,13,15,philippines,1.0,1.0,13,3.2,1.0,1.0,3
Kaya FC,5,4,1,0,11,4,7,13,philippines,0.8,1.0,7,2.2,1.25,1.0,4
Loyola,6,4,0,2,10,9,1,12,philippines,0.67,0.67,1,1.67,1.49,1.49,5
DH Cebu,6,3,1,2,15,9,6,10,philippines,0.5,0.67,6,2.5,2.0,1.49,6
Maharlika,5,2,1,2,7,6,1,7,philippines,0.4,0.6,1,1.4,2.5,1.67,7
Mendiola,8,1,1,6,8,36,-28,4,philippines,0.12,0.25,-28,1.0,8.33,4.0,8
PFF Development,8,0,1,7,2,27,-25,1,philippines,0.0,0.12,-25,0.25,0.0,8.33,9
Rakow C.,8,5,3,0,11,5,6,18,poland,0.62,1.0,6,1.38,1.61,1.0,1
Jagiellonia,8,4,3,1,13,7,6,15,poland,0.5,0.88,6,1.62,2.0,1.14,2
Cracovia Krakow,8,4,2,2,13,10,3,14,poland,0.5,0.75,3,1.62,2.0,1.33,3
Lech Poznan,8,4,1,3,11,7,4,13,poland,0.5,0.62,4,1.38,2.0,1.61,4
Motor Lublin,8,4,1,3,12,16,-4,13,poland,0.5,0.62,-4,1.5,2.0,1.61,4
Korona Kielce,8,3,3,2,8,11,-3,12,poland,0.38,0.75,-3,1.0,2.63,1.33,5
Pogon Szczecin,8,3,2,3,13,10,3,11,poland,0.38,0.62,3,1.62,2.63,1.61,6
Piast Gliwice,8,3,2,3,7,5,2,11,poland,0.38,0.62,2,0.88,2.63,1.61,6
Katowice,8,3,1,4,16,15,1,10,poland,0.38,0.5,1,2.0,2.63,2.0,7
Gornik Zabrze,8,3,1,4,10,11,-1,10,poland,0.38,0.5,-1,1.25,2.63,2.0,7
Legia Warsaw,8,2,2,4,11,13,-2,8,poland,0.25,0.5,-2,1.38,4.0,2.0,8
Zaglebie Lubin,8,2,2,4,8,15,-7,8,poland,0.25,0.5,-7,1.0,4.0,2.0,8
Puszcza Niepolo,8,2,1,5,6,11,-5,7,poland,0.25,0.38,-5,0.75,4.0,2.63,9
Lechia Gdansk,8,1,3,4,11,15,-4,6,poland,0.12,0.5,-4,1.38,8.33,2.0,10
Widzew Lodz,8,1,3,4,10,18,-8,6,poland,0.12,0.5,-8,1.25,8.33,2.0,10
Radomiak Radom,8,2,0,6,6,14,-8,6,poland,0.25,0.25,-8,0.75,4.0,4.0,10
Stal Mielec,8,1,2,5,8,13,-5,5,poland,0.12,0.38,-5,1.0,8.33,2.63,11
Slask Wroclaw,8,0,3,5,5,14,-9,3,poland,0.0,0.38,-9,0.62,0.0,2.63,12
Miedz Legnica,8,6,2,0,14,4,10,20,poland2,0.75,1.0,10,1.75,1.33,1.0,1
Arka Gdynia,8,5,2,1,16,6,10,17,poland2,0.62,0.88,10,2.0,1.61,1.14,2
T. Nieciecza,8,5,2,1,15,7,8,17,poland2,0.62,0.88,8,1.88,1.61,1.14,2
Wisla Krakow,8,5,1,2,21,8,13,16,poland2,0.62,0.75,13,2.62,1.61,1.33,3
LKS Lodz,8,3,4,1,15,10,5,13,poland2,0.38,0.88,5,1.88,2.63,1.14,4
Ruch Chorzow,8,4,1,3,8,9,-1,13,poland2,0.5,0.62,-1,1.0,2.0,1.61,4
Tychy,8,3,3,2,15,12,3,12,poland2,0.38,0.75,3,1.88,2.63,1.33,5
Wisla Plock,8,3,3,2,11,10,1,12,poland2,0.38,0.75,1,1.38,2.63,1.33,5
Polonia Warszaw,8,3,3,2,12,12,0,12,poland2,0.38,0.75,0,1.5,2.63,1.33,5
Znicz Pruszkow,8,3,3,2,9,11,-2,12,poland2,0.38,0.75,-2,1.12,2.63,1.33,5
Gornik Leczna,8,2,4,2,13,11,2,10,poland2,0.25,0.75,2,1.62,4.0,1.33,6
Warta Poznan,8,2,3,3,5,10,-5,9,poland2,0.25,0.62,-5,0.62,4.0,1.61,7
Stal Rzeszow,8,1,5,2,10,11,-1,8,poland2,0.12,0.75,-1,1.25,8.33,1.33,8
Odra Opole,8,2,2,4,6,19,-13,8,poland2,0.25,0.5,-13,0.75,4.0,2.0,8
Stalowa Wola,8,1,3,4,3,13,-10,6,poland2,0.12,0.5,-10,0.38,8.33,2.0,9
Chrobry Glogow,8,1,0,7,6,20,-14,3,poland2,0.12,0.12,-14,0.75,8.33,8.33,10
Pogon Siedlce,8,0,1,7,4,15,-11,1,poland2,0.0,0.12,-11,0.5,0.0,8.33,11
K. Kolobrzeg,8,0,1,7,4,21,-17,1,poland2,0.0,0.12,-17,0.5,0.0,8.33,11
Pogon Grodzisk,8,6,2,0,18,5,13,20,poland3,0.75,1.0,13,2.25,1.33,1.0,1
Wieczysta K.,8,6,1,1,20,5,15,19,poland3,0.75,0.88,15,2.5,1.33,1.14,2
Polonia Bytom,8,4,2,2,13,10,3,14,poland3,0.5,0.75,3,1.62,2.0,1.33,3
LKS Lodz B,8,4,1,3,9,11,-2,13,poland3,0.5,0.62,-2,1.12,2.0,1.61,4
Rekord Bielsko,8,3,2,3,18,18,0,11,poland3,0.38,0.62,0,2.25,2.63,1.61,5
Chojniczanka,8,3,2,3,7,8,-1,11,poland3,0.38,0.62,-1,0.88,2.63,1.61,5
Kalisz,8,3,2,3,5,7,-2,11,poland3,0.38,0.62,-2,0.62,2.63,1.61,5
Jastrzebie,8,3,1,4,9,7,2,10,poland3,0.38,0.5,2,1.12,2.63,2.0,6
Podbeskidzie,8,3,1,4,11,10,1,10,poland3,0.38,0.5,1,1.38,2.63,2.0,6
O. Grudziadz,8,2,3,3,11,11,0,9,poland3,0.25,0.62,0,1.38,4.0,1.61,7
Z. Sosnowiec,8,2,3,3,8,10,-2,9,poland3,0.25,0.62,-2,1.0,4.0,1.61,7
Swit Skolwin,8,2,3,3,8,11,-3,9,poland3,0.25,0.62,-3,1.0,4.0,1.61,7
Hutnik Krakow,8,2,3,3,9,17,-8,9,poland3,0.25,0.62,-8,1.12,4.0,1.61,7
Resovia Rzeszow,8,2,1,5,10,15,-5,7,poland3,0.25,0.38,-5,1.25,4.0,2.63,8
Wisla Pulawy,8,2,0,6,10,21,-11,6,poland3,0.25,0.25,-11,1.25,4.0,4.0,9
SKRA Czestochow,8,1,1,6,6,20,-14,4,poland3,0.12,0.25,-14,0.75,8.33,4.0,10
Zaglebie L. B,8,0,3,5,11,19,-8,3,poland3,0.0,0.38,-8,1.38,0.0,2.63,11
Olimpia Elblag,8,0,1,7,6,22,-16,1,poland3,0.0,0.12,-16,0.75,0.0,8.33,12
Sporting Braga,8,6,1,1,11,5,6,19,portugal,0.75,0.88,6,1.38,1.33,1.14,1
Benfica,8,5,1,2,12,8,4,16,portugal,0.62,0.75,4,1.5,1.61,1.33,2
Sporting CP,8,3,4,1,18,11,7,13,portugal,0.38,0.88,7,2.25,2.63,1.14,3
Famalicao,8,3,2,3,13,14,-1,11,portugal,0.38,0.62,-1,1.62,2.63,1.61,4
FC Porto,8,3,2,3,11,12,-1,11,portugal,0.38,0.62,-1,1.38,2.63,1.61,4
Santa Clara,8,3,2,3,6,7,-1,11,portugal,0.38,0.62,-1,0.75,2.63,1.61,4
Estoril,8,3,2,3,14,19,-5,11,portugal,0.38,0.62,-5,1.75,2.63,1.61,4
Casa Pia,8,3,1,4,12,13,-1,10,portugal,0.38,0.5,-1,1.5,2.63,2.0,5
Arouca,8,2,3,3,12,15,-3,9,portugal,0.25,0.62,-3,1.5,4.0,1.61,6
Farense,8,1,5,2,7,10,-3,8,portugal,0.12,0.75,-3,0.88,8.33,1.33,7
AVS,8,1,5,2,5,8,-3,8,portugal,0.12,0.75,-3,0.62,8.33,1.33,7
Rio Ave,8,2,2,4,7,12,-5,8,portugal,0.25,0.5,-5,0.88,4.0,2.0,7
Estrela Amadora,8,1,3,4,4,11,-7,6,portugal,0.12,0.5,-7,0.5,8.33,2.0,8
Guimaraes,8,0,5,3,7,10,-3,5,portugal,0.0,0.62,-3,0.88,0.0,1.61,9
Gil Vicente,8,1,2,5,5,13,-8,5,portugal,0.12,0.38,-8,0.62,8.33,2.63,9
Boavista,8,1,2,5,7,18,-11,5,portugal,0.12,0.38,-11,0.88,8.33,2.63,9
Moreirense,8,1,1,6,8,13,-5,4,portugal,0.12,0.25,-5,1.0,8.33,4.0,10
Nacional,8,1,1,6,6,12,-6,4,portugal,0.12,0.25,-6,0.75,8.33,4.0,10
Chaves,8,4,3,1,8,6,2,15,portugal2,0.5,0.88,2,1.0,2.0,1.14,1
Torreense,8,3,5,0,12,7,5,14,portugal2,0.38,1.0,5,1.5,2.63,1.0,2
Uniao de Leiria,8,4,0,4,16,10,6,12,portugal2,0.5,0.5,6,2.0,2.0,2.0,3
Alverca,8,3,2,3,12,9,3,11,portugal2,0.38,0.62,3,1.5,2.63,1.61,4
Pacos Ferreira,8,3,2,3,9,8,1,11,portugal2,0.38,0.62,1,1.12,2.63,1.61,4
Oliveirense,8,3,2,3,8,9,-1,11,portugal2,0.38,0.62,-1,1.0,2.63,1.61,4
Vizela,8,2,4,2,14,12,2,10,portugal2,0.25,0.75,2,1.75,4.0,1.33,5
Penafiel,8,3,1,4,8,12,-4,10,portugal2,0.38,0.5,-4,1.0,2.63,2.0,5
Portimonense,8,3,1,4,6,10,-4,10,portugal2,0.38,0.5,-4,0.75,2.63,2.0,5
Tondela,8,1,6,1,11,10,1,9,portugal2,0.12,0.88,1,1.38,8.33,1.14,6
Benfica B,8,2,3,3,9,10,-1,9,portugal2,0.25,0.62,-1,1.12,4.0,1.61,6
Academico Viseu,8,2,2,4,11,13,-2,8,portugal2,0.25,0.5,-2,1.38,4.0,2.0,7
Maritimo,8,2,2,4,8,14,-6,8,portugal2,0.25,0.5,-6,1.0,4.0,2.0,7
Feirense,8,2,2,4,4,10,-6,8,portugal2,0.25,0.5,-6,0.5,4.0,2.0,7
Felgueiras,8,1,2,5,10,14,-4,5,portugal2,0.12,0.38,-4,1.25,8.33,2.63,8
Mafra,8,0,2,6,4,12,-8,2,portugal2,0.0,0.25,-8,0.5,0.0,4.0,9
FC Porto B,8,0,2,6,5,14,-9,2,portugal2,0.0,0.25,-9,0.62,0.0,4.0,9
Leixoes,8,0,2,6,2,13,-11,2,portugal2,0.0,0.25,-11,0.25,0.0,4.0,9
Al Sadd,8,6,1,1,24,10,14,19,qatar,0.75,0.88,14,3.0,1.33,1.14,1
Al Duhail,8,5,1,2,17,7,10,16,qatar,0.62,0.75,10,2.12,1.61,1.33,2
Al Ahli Doha,8,4,2,2,15,12,3,14,qatar,0.5,0.75,3,1.88,2.0,1.33,3
Al Gharafa,8,4,2,2,15,12,3,14,qatar,0.5,0.75,3,1.88,2.0,1.33,3
Qatar SC,8,4,1,3,13,15,-2,13,qatar,0.5,0.62,-2,1.62,2.0,1.61,4
Al Rayyan,8,4,0,4,18,12,6,12,qatar,0.5,0.5,6,2.25,2.0,2.0,5
Al Shamal,8,3,2,3,10,9,1,11,qatar,0.38,0.62,1,1.25,2.63,1.61,6
Al Wakrah,8,3,1,4,12,15,-3,10,qatar,0.38,0.5,-3,1.5,2.63,2.0,7
Umm Salal,8,2,1,5,11,17,-6,7,qatar,0.25,0.38,-6,1.38,4.0,2.63,8
Al Shahaniya,8,2,0,6,13,20,-7,6,qatar,0.25,0.25,-7,1.62,4.0,4.0,9
Al Khor,8,1,2,5,7,17,-10,5,qatar,0.12,0.38,-10,0.88,8.33,2.63,10
Al Arabi,8,1,2,5,14,25,-11,5,qatar,0.12,0.38,-11,1.75,8.33,2.63,10
FCSB,8,4,3,1,10,3,7,15,romania,0.5,0.88,7,1.25,2.0,1.14,1
Din. Bucharest,8,4,3,1,11,6,5,15,romania,0.5,0.88,5,1.38,2.0,1.14,1
UTA Arad,8,3,4,1,6,5,1,13,romania,0.38,0.88,1,0.75,2.63,1.14,2
Hermannstadt,8,4,1,3,11,11,0,13,romania,0.5,0.62,0,1.38,2.0,1.61,2
Univ. Craiova,8,3,3,2,11,9,2,12,romania,0.38,0.75,2,1.38,2.63,1.33,3
CFR Cluj,8,2,5,1,13,9,4,11,romania,0.25,0.88,4,1.62,4.0,1.14,4
U. Cluj,8,2,4,2,7,7,0,10,romania,0.25,0.75,0,0.88,4.0,1.33,5
Farul Constanta,8,2,3,3,6,7,-1,9,romania,0.25,0.62,-1,0.75,4.0,1.61,6
Sepsi OSK,8,2,3,3,11,14,-3,9,romania,0.25,0.62,-3,1.38,4.0,1.61,6
Rapid Bucharest,8,1,4,3,6,9,-3,7,romania,0.12,0.62,-3,0.75,8.33,1.61,7
Botosani,8,2,1,5,5,9,-4,7,romania,0.25,0.38,-4,0.62,4.0,2.63,7
Otelul,8,2,0,6,6,11,-5,6,romania,0.25,0.25,-5,0.75,4.0,4.0,8
Petrolul,8,1,3,4,5,11,-6,6,romania,0.12,0.5,-6,0.62,8.33,2.0,8
Unirea Slobozia,8,2,0,6,10,17,-7,6,romania,0.25,0.25,-7,1.25,4.0,4.0,8
P. Iasi,8,1,3,4,8,15,-7,6,romania,0.12,0.5,-7,1.0,8.33,2.0,8
FC Buzau,8,0,0,8,5,15,-10,0,romania,0.0,0.0,-10,0.62,0.0,0.0,9
FC Krasnodar,8,6,2,0,20,6,14,20,russia,0.75,1.0,14,2.5,1.33,1.0,1
Zenit,8,6,1,1,17,4,13,19,russia,0.75,0.88,13,2.12,1.33,1.14,2
CSKA Moscow,8,5,2,1,10,5,5,17,russia,0.62,0.88,5,1.25,1.61,1.14,3
Dinamo Moscow,8,3,5,0,16,10,6,14,russia,0.38,1.0,6,2.0,2.63,1.0,4
Spartak Moscow,8,4,2,2,12,7,5,14,russia,0.5,0.75,5,1.5,2.0,1.33,4
Lokomotiv M.,8,3,3,2,12,12,0,12,russia,0.38,0.75,0,1.5,2.63,1.33,5
Rubin Kazan,8,3,2,3,10,10,0,11,russia,0.38,0.62,0,1.25,2.63,1.61,6
Krylya Sovetov,8,2,3,3,10,12,-2,9,russia,0.25,0.62,-2,1.25,4.0,1.61,7
Rostov,8,2,2,4,9,17,-8,8,russia,0.25,0.5,-8,1.12,4.0,2.0,8
Nizhny Novgorod,8,2,2,4,8,16,-8,8,russia,0.25,0.5,-8,1.0,4.0,2.0,8
Akron,8,2,2,4,6,15,-9,8,russia,0.25,0.5,-9,0.75,4.0,2.0,8
Makhachkala,8,1,4,3,3,7,-4,7,russia,0.12,0.62,-4,0.38,8.33,1.61,9
Khimki,8,1,3,4,9,19,-10,6,russia,0.12,0.5,-10,1.12,8.33,2.0,10
Akhmat Grozny,8,1,2,5,7,15,-8,5,russia,0.12,0.38,-8,0.88,8.33,2.63,11
Fakel Voronezh,8,1,2,5,6,15,-9,5,russia,0.12,0.38,-9,0.75,8.33,2.63,11
Orenburg,8,0,1,7,1,12,-11,1,russia,0.0,0.12,-11,0.12,0.0,8.33,12
Baltika,8,6,0,2,12,7,5,18,russia2,0.75,0.75,5,1.5,1.33,1.33,1
Chernomorets,8,5,1,2,13,11,2,16,russia2,0.62,0.75,2,1.62,1.61,1.33,2
Torpedo Moscow,8,3,4,1,11,8,3,13,russia2,0.38,0.88,3,1.38,2.63,1.14,3
Ural,8,3,3,2,10,9,1,12,russia2,0.38,0.75,1,1.25,2.63,1.33,4
Rotor Volgograd,8,3,3,2,8,8,0,12,russia2,0.38,0.75,0,1.0,2.63,1.33,4
PFC Sochi,8,2,5,1,11,10,1,11,russia2,0.25,0.88,1,1.38,4.0,1.14,5
SKA Khabarovsk,8,2,4,2,8,9,-1,10,russia2,0.25,0.75,-1,1.0,4.0,1.33,6
Shinnik,8,1,5,2,5,8,-3,8,russia2,0.12,0.75,-3,0.62,8.33,1.33,7
Chayka,8,2,2,4,4,12,-8,8,russia2,0.25,0.5,-8,0.5,4.0,2.0,7
Neftekhimik,8,1,3,4,6,8,-2,6,russia2,0.12,0.5,-2,0.75,8.33,2.0,8
Rodina Moskva,8,1,3,4,6,10,-4,6,russia2,0.12,0.5,-4,0.75,8.33,2.0,8
Tyumen,8,2,0,6,5,13,-8,6,russia2,0.25,0.25,-8,0.62,4.0,4.0,8
Arsenal Tula,8,0,5,3,6,10,-4,5,russia2,0.0,0.62,-4,0.75,0.0,1.61,9
Kamaz,8,1,2,5,5,9,-4,5,russia2,0.12,0.38,-4,0.62,8.33,2.63,9
Ufa,8,1,2,5,5,12,-7,5,russia2,0.12,0.38,-7,0.62,8.33,2.63,9
A. Vladikavkaz,8,1,2,5,2,11,-9,5,russia2,0.12,0.38,-9,0.25,8.33,2.63,9
Sokol Saratov,8,1,2,5,2,15,-13,5,russia2,0.12,0.38,-13,0.25,8.33,2.63,9
Yenisey,8,1,1,6,7,17,-10,4,russia2,0.12,0.25,-10,0.88,8.33,4.0,10
Al Quadisiya,8,6,1,1,17,8,9,19,saudiarabia,0.75,0.88,9,2.12,1.33,1.14,1
Al Ahli Jeddah,8,6,0,2,14,7,7,18,saudiarabia,0.75,0.75,7,1.75,1.33,1.33,2
Al Nassr,8,5,1,2,14,9,5,16,saudiarabia,0.62,0.75,5,1.75,1.61,1.33,3
Al Ittihad,8,4,3,1,16,7,9,15,saudiarabia,0.5,0.88,9,2.0,2.0,1.14,4
Al Ittifaq,8,4,3,1,14,9,5,15,saudiarabia,0.5,0.88,5,1.75,2.0,1.14,4
Al Taawon,8,4,1,3,7,4,3,13,saudiarabia,0.5,0.62,3,0.88,2.0,1.61,5
Al Hilal,8,3,2,3,16,13,3,11,saudiarabia,0.38,0.62,3,2.0,2.63,1.61,6
Al Orubah,8,3,1,4,7,14,-7,10,saudiarabia,0.38,0.5,-7,0.88,2.63,2.0,7
Al Shabab,8,2,3,3,13,14,-1,9,saudiarabia,0.25,0.62,-1,1.62,4.0,1.61,8
Al Feiha,8,2,3,3,8,11,-3,9,saudiarabia,0.25,0.62,-3,1.0,4.0,1.61,8
Al Khaleej,8,2,3,3,10,14,-4,9,saudiarabia,0.25,0.62,-4,1.25,4.0,1.61,8
Damak,8,2,2,4,8,11,-3,8,saudiarabia,0.25,0.5,-3,1.0,4.0,2.0,9
Al Riyadh,8,2,2,4,9,15,-6,8,saudiarabia,0.25,0.5,-6,1.12,4.0,2.0,9
Al Akhdoud,8,2,2,4,8,14,-6,8,saudiarabia,0.25,0.5,-6,1.0,4.0,2.0,9
Al Kholood,8,2,1,5,11,18,-7,7,saudiarabia,0.25,0.38,-7,1.38,4.0,2.63,10
Al Fateh,8,2,1,5,9,22,-13,7,saudiarabia,0.25,0.38,-13,1.12,4.0,2.63,10
Al Wahda,8,1,1,6,6,15,-9,4,saudiarabia,0.12,0.25,-9,0.75,8.33,4.0,11
Al Raed,8,1,0,7,8,21,-13,3,saudiarabia,0.12,0.12,-13,1.0,8.33,8.33,12
Al Bukayriyah,8,5,1,2,14,5,9,16,saudiarabia2,0.62,0.75,9,1.75,1.61,1.33,1
Al Adalha,8,4,3,1,14,10,4,15,saudiarabia2,0.5,0.88,4,1.75,2.0,1.14,2
Neom SC,8,5,0,3,10,7,3,15,saudiarabia2,0.62,0.62,3,1.25,1.61,1.61,2
Al Tai,8,3,4,1,12,10,2,13,saudiarabia2,0.38,0.88,2,1.5,2.63,1.14,3
Al Jabalain,8,3,3,2,7,6,1,12,saudiarabia2,0.38,0.75,1,0.88,2.63,1.33,4
Al Arabi,8,3,2,3,13,12,1,11,saudiarabia2,0.38,0.62,1,1.62,2.63,1.61,5
Al Hazm,8,3,2,3,12,13,-1,11,saudiarabia2,0.38,0.62,-1,1.5,2.63,1.61,5
Al Najma,8,3,1,4,9,11,-2,10,saudiarabia2,0.38,0.5,-2,1.12,2.63,2.0,6
Al Faisaly,8,2,3,3,11,15,-4,9,saudiarabia2,0.25,0.62,-4,1.38,4.0,1.61,7
Abha,8,2,2,4,7,14,-7,8,saudiarabia2,0.25,0.5,-7,0.88,4.0,2.0,8
Al Jandal,8,1,4,3,8,9,-1,7,saudiarabia2,0.12,0.62,-1,1.0,8.33,1.61,9
Jeddah,8,2,1,5,5,9,-4,7,saudiarabia2,0.25,0.38,-4,0.62,4.0,2.63,9
Al Jubail,8,1,3,4,8,13,-5,6,saudiarabia2,0.12,0.5,-5,1.0,8.33,2.0,10
Al Zulfi,8,0,5,3,7,11,-4,5,saudiarabia2,0.0,0.62,-4,0.88,0.0,1.61,11
Ohod,8,1,2,5,3,10,-7,5,saudiarabia2,0.12,0.38,-7,0.38,8.33,2.63,11
Al Ain,8,1,2,5,6,14,-8,5,saudiarabia2,0.12,0.38,-8,0.75,8.33,2.63,11
Al Batin,8,0,2,6,4,19,-15,2,saudiarabia2,0.0,0.25,-15,0.5,0.0,4.0,12
Al Safa,8,0,1,7,6,21,-15,1,saudiarabia2,0.0,0.12,-15,0.75,0.0,8.33,13
Rangers,8,4,3,1,20,12,8,15,scotland,0.5,0.88,8,2.5,2.0,1.14,1
Hibernian,8,4,3,1,13,8,5,15,scotland,0.5,0.88,5,1.62,2.0,1.14,1
Celtic,8,4,2,2,17,12,5,14,scotland,0.5,0.75,5,2.12,2.0,1.33,2
St. Mirren,8,4,0,4,11,13,-2,12,scotland,0.5,0.5,-2,1.38,2.0,2.0,3
Ross County,8,4,0,4,10,14,-4,12,scotland,0.5,0.5,-4,1.25,2.0,2.0,3
Hearts,8,3,2,3,12,7,5,11,scotland,0.38,0.62,5,1.5,2.63,1.61,4
Dundee Utd,8,3,1,4,10,14,-4,10,scotland,0.38,0.5,-4,1.25,2.63,2.0,5
Motherwell,8,2,1,5,5,12,-7,7,scotland,0.25,0.38,-7,0.62,4.0,2.63,6
Dundee FC,8,2,1,5,8,17,-9,7,scotland,0.25,0.38,-9,1.0,4.0,2.63,6
St. Johnstone,8,1,2,5,7,16,-9,5,scotland,0.12,0.38,-9,0.88,8.33,2.63,7
Aberdeen,8,1,1,6,4,19,-15,4,scotland,0.12,0.25,-15,0.5,8.33,4.0,8
Kilmarnock,8,0,2,6,4,15,-11,2,scotland,0.0,0.25,-11,0.5,0.0,4.0,9
Falkirk,8,4,2,2,15,11,4,14,scotland2,0.5,0.75,4,1.88,2.0,1.33,1
Livingston,8,4,2,2,12,8,4,14,scotland2,0.5,0.75,4,1.5,2.0,1.33,1
Ayr Utd,8,4,2,2,11,8,3,14,scotland2,0.5,0.75,3,1.38,2.0,1.33,1
Greenock Morton,8,2,3,3,12,18,-6,9,scotland2,0.25,0.62,-6,1.5,4.0,1.61,2
Partick Thistle,8,3,0,5,9,15,-6,9,scotland2,0.38,0.38,-6,1.12,2.63,2.63,2
Raith Rovers,8,2,2,4,7,12,-5,8,scotland2,0.25,0.5,-5,0.88,4.0,2.0,3
Queens Park,8,1,3,4,10,10,0,6,scotland2,0.12,0.5,0,1.25,8.33,2.0,4
Hamilton,8,2,0,6,9,17,-8,6,scotland2,0.25,0.25,-8,1.12,4.0,4.0,4
Dunfermline,8,1,1,6,5,12,-7,4,scotland2,0.12,0.25,-7,0.62,8.33,4.0,5
Airdrieonians,8,0,2,6,7,17,-10,2,scotland2,0.0,0.25,-10,0.88,0.0,4.0,6
Inverness,8,6,0,2,14,10,4,18,scotland3,0.75,0.75,4,1.75,1.33,1.33,1
Stenhousemuir,8,4,2,2,14,6,8,14,scotland3,0.5,0.75,8,1.75,2.0,1.33,2
Cove Rangers,8,4,1,3,16,7,9,13,scotland3,0.5,0.62,9,2.0,2.0,1.61,3
Arbroath,8,4,1,3,15,9,6,13,scotland3,0.5,0.62,6,1.88,2.0,1.61,3
Alloa Athletic,8,3,3,2,13,11,2,12,scotland3,0.38,0.75,2,1.62,2.63,1.33,4
Kelty Hearts,8,2,3,3,5,7,-2,9,scotland3,0.25,0.62,-2,0.62,4.0,1.61,5
Montrose,8,2,3,3,9,12,-3,9,scotland3,0.25,0.62,-3,1.12,4.0,1.61,5
Annan Athletic,8,2,2,4,12,17,-5,8,scotland3,0.25,0.5,-5,1.5,4.0,2.0,6
Queen of South,8,1,1,6,7,11,-4,4,scotland3,0.12,0.25,-4,0.88,8.33,4.0,7
Dumbarton,8,1,1,6,7,18,-11,4,scotland3,0.12,0.25,-11,0.88,8.33,4.0,7
Edinburgh City,8,5,1,2,12,8,4,16,scotland4,0.62,0.75,4,1.5,1.61,1.33,1
Stranraer,8,4,1,3,9,9,0,13,scotland4,0.5,0.62,0,1.12,2.0,1.61,2
Peterhead,8,3,2,3,11,12,-1,11,scotland4,0.38,0.62,-1,1.38,2.63,1.61,3
East Fife,8,3,1,4,9,9,0,10,scotland4,0.38,0.5,0,1.12,2.63,2.0,4
Spartans,8,3,1,4,12,17,-5,10,scotland4,0.38,0.5,-5,1.5,2.63,2.0,4
Forfar Athletic,8,2,2,4,9,12,-3,8,scotland4,0.25,0.5,-3,1.12,4.0,2.0,5
Clyde,8,1,2,5,9,16,-7,5,scotland4,0.12,0.38,-7,1.12,8.33,2.63,6
Stirling Albion,8,1,1,6,12,21,-9,4,scotland4,0.12,0.25,-9,1.5,8.33,4.0,7
Bonnyrigg Rose,8,1,1,6,5,20,-15,4,scotland4,0.12,0.25,-15,0.62,8.33,4.0,7
Elgin City,8,0,2,6,3,12,-9,2,scotland4,0.0,0.25,-9,0.38,0.0,4.0,8
Red Star,8,8,0,0,28,4,24,24,serbia,1.0,1.0,24,3.5,1.0,1.0,1
Partizan,8,5,2,1,16,10,6,17,serbia,0.62,0.88,6,2.0,1.61,1.14,2
Vojvodina,8,4,3,1,18,8,10,15,serbia,0.5,0.88,10,2.25,2.0,1.14,3
Novi Pazar,8,3,3,2,9,8,1,12,serbia,0.38,0.75,1,1.12,2.63,1.33,4
S. Subotica,8,3,3,2,10,10,0,12,serbia,0.38,0.75,0,1.25,2.63,1.33,4
Radnicki 1923,8,3,3,2,11,14,-3,12,serbia,0.38,0.75,-3,1.38,2.63,1.33,4
Cukaricki,8,3,2,3,10,13,-3,11,serbia,0.38,0.62,-3,1.25,2.63,1.61,5
OFK Beograd,8,3,1,4,6,11,-5,10,serbia,0.38,0.5,-5,0.75,2.63,2.0,6
Z. Pancevo,8,2,3,3,7,9,-2,9,serbia,0.25,0.62,-2,0.88,4.0,1.61,7
Napredak,8,2,2,4,6,7,-1,8,serbia,0.25,0.5,-1,0.75,4.0,2.0,8
Tekstilac Odzac,8,2,2,4,6,15,-9,8,serbia,0.25,0.5,-9,0.75,4.0,2.0,8
Mladost Lucani,8,1,4,3,3,6,-3,7,serbia,0.12,0.62,-3,0.38,8.33,1.61,9
IMT N. Beograd,8,2,1,5,9,17,-8,7,serbia,0.25,0.38,-8,1.12,4.0,2.63,9
Backa Topola,8,1,3,4,11,18,-7,6,serbia,0.12,0.5,-7,1.38,8.33,2.0,10
Radnicki Nis,8,1,2,5,8,18,-10,5,serbia,0.12,0.38,-10,1.0,8.33,2.63,11
Jedinstvo U.,8,1,0,7,5,21,-16,3,serbia,0.12,0.12,-16,0.62,8.33,8.33,12
R. Surdulica,8,4,3,1,9,2,7,15,serbia2,0.5,0.88,7,1.12,2.0,1.14,1
Javor Ivanjica,8,3,5,0,8,4,4,14,serbia2,0.38,1.0,4,1.0,2.63,1.0,2
Vrsac,8,4,2,2,8,6,2,14,serbia2,0.5,0.75,2,1.0,2.0,1.33,2
Mladost,8,2,5,1,4,3,1,11,serbia2,0.25,0.88,1,0.5,4.0,1.14,3
Zemun,8,2,4,2,13,8,5,10,serbia2,0.25,0.75,5,1.62,4.0,1.33,4
Trajal Krusevac,8,3,1,4,10,10,0,10,serbia2,0.38,0.5,0,1.25,2.63,2.0,4
Vozdovac,8,3,1,4,4,7,-3,10,serbia2,0.38,0.5,-3,0.5,2.63,2.0,4
Borac Cacak,8,2,2,4,7,14,-7,8,serbia2,0.25,0.5,-7,0.88,4.0,2.0,5
Smederevo,8,2,2,4,7,15,-8,8,serbia2,0.25,0.5,-8,0.88,4.0,2.0,5
Dubocica,8,1,3,4,6,10,-4,6,serbia2,0.12,0.5,-4,0.75,8.33,2.0,6
Macva Sabac,8,1,3,4,4,9,-5,6,serbia2,0.12,0.5,-5,0.5,8.33,2.0,6
Sloboda Uzice,8,1,2,5,5,10,-5,5,serbia2,0.12,0.38,-5,0.62,8.33,2.63,7
Graficar,8,1,2,5,6,16,-10,5,serbia2,0.12,0.38,-10,0.75,8.33,2.63,7
S. Mitrovica,8,0,4,4,3,10,-7,4,serbia2,0.0,0.5,-7,0.38,0.0,2.0,8
Indija,8,0,4,4,4,14,-10,4,serbia2,0.0,0.5,-10,0.5,0.0,2.0,8
Sloven Ruma,8,0,3,5,4,12,-8,3,serbia2,0.0,0.38,-8,0.5,0.0,2.63,9
Lion City,8,6,1,1,30,11,19,19,singapore,0.75,0.88,19,3.75,1.33,1.14,1
Geylang,8,5,3,0,24,10,14,18,singapore,0.62,1.0,14,3.0,1.61,1.0,2
Tampines Rovers,8,4,2,2,20,10,10,14,singapore,0.5,0.75,10,2.5,2.0,1.33,3
Young Lions,8,4,2,2,18,15,3,14,singapore,0.5,0.75,3,2.25,2.0,1.33,3
A. Niigata (S),8,4,1,3,10,17,-7,13,singapore,0.5,0.62,-7,1.25,2.0,1.61,4
Khalsa,8,3,1,4,17,20,-3,10,singapore,0.38,0.5,-3,2.12,2.63,2.0,5
Hougang,8,2,1,5,14,23,-9,7,singapore,0.25,0.38,-9,1.75,4.0,2.63,6
DPMM FC,8,2,1,5,11,20,-9,7,singapore,0.25,0.38,-9,1.38,4.0,2.63,6
Tanjong Pagar,8,0,2,6,5,31,-26,2,singapore,0.0,0.25,-26,0.62,0.0,4.0,7
Spartak Trnava,8,6,1,1,17,7,10,19,slovakia,0.75,0.88,10,2.12,1.33,1.14,1
S. Bratislava,8,5,2,1,19,10,9,17,slovakia,0.62,0.88,9,2.38,1.61,1.14,2
Zilina,8,4,2,2,12,7,5,14,slovakia,0.5,0.75,5,1.5,2.0,1.33,3
DAC Streda,8,3,4,1,11,6,5,13,slovakia,0.38,0.88,5,1.38,2.63,1.14,4
Podbrezova,8,3,4,1,12,11,1,13,slovakia,0.38,0.88,1,1.5,2.63,1.14,4
FC Kosice,8,3,2,3,12,10,2,11,slovakia,0.38,0.62,2,1.5,2.63,1.61,5
Z. Michalovce,8,2,2,4,9,13,-4,8,slovakia,0.25,0.5,-4,1.12,4.0,2.0,6
Trencin,8,0,5,3,8,15,-7,5,slovakia,0.0,0.62,-7,1.0,0.0,1.61,7
Skalica,8,1,2,5,7,14,-7,5,slovakia,0.12,0.38,-7,0.88,8.33,2.63,7
Komarno,8,1,2,5,8,18,-10,5,slovakia,0.12,0.38,-10,1.0,8.33,2.63,7
Ruzomberok,8,0,1,7,5,17,-12,1,slovakia,0.0,0.12,-12,0.62,0.0,8.33,8
Banska Bystrica,8,0,1,7,1,15,-14,1,slovakia,0.0,0.12,-14,0.12,0.0,8.33,8
Presov,8,6,1,1,14,8,6,19,slovakia2,0.75,0.88,6,1.75,1.33,1.14,1
L. Mikulas,8,4,3,1,14,10,4,15,slovakia2,0.5,0.88,4,1.75,2.0,1.14,2
Zlate Moravce,7,5,0,2,6,3,3,15,slovakia2,0.71,0.71,3,0.86,1.41,1.41,2
Petrzalka,8,3,2,3,8,8,0,11,slovakia2,0.38,0.62,0,1.0,2.63,1.61,3
P. Bystrica,8,2,2,4,8,12,-4,8,slovakia2,0.25,0.5,-4,1.0,4.0,2.0,4
Pohronie,8,2,2,4,10,17,-7,8,slovakia2,0.25,0.5,-7,1.25,4.0,2.0,4
Malzenice,5,2,1,2,8,7,1,7,slovakia2,0.4,0.6,1,1.6,2.5,1.67,5
S. Bratislava B,8,2,0,6,9,14,-5,6,slovakia2,0.25,0.25,-5,1.12,4.0,4.0,6
Puchov,7,1,3,3,7,12,-5,6,slovakia2,0.14,0.57,-5,1.0,7.14,1.75,6
Samorin,8,2,0,6,11,19,-8,6,slovakia2,0.25,0.25,-8,1.38,4.0,4.0,6
Zilina B,8,2,0,6,8,17,-9,6,slovakia2,0.25,0.25,-9,1.0,4.0,4.0,6
Humenne,8,1,2,5,6,15,-9,5,slovakia2,0.12,0.38,-9,0.75,8.33,2.63,7
Zvolen,7,1,1,5,3,15,-12,4,slovakia2,0.14,0.29,-12,0.43,7.14,3.45,8
S. Lubovna,7,1,0,6,5,9,-4,3,slovakia2,0.14,0.14,-4,0.71,7.14,7.14,9
NK Olimpija,8,6,1,1,11,5,6,19,slovenia,0.75,0.88,6,1.38,1.33,1.14,1
Maribor,8,4,3,1,12,5,7,15,slovenia,0.5,0.88,7,1.5,2.0,1.14,2
Bravo,8,4,2,2,14,12,2,14,slovenia,0.5,0.75,2,1.75,2.0,1.33,3
Koper,8,4,1,3,10,9,1,13,slovenia,0.5,0.62,1,1.25,2.0,1.61,4
NK Celje,8,3,2,3,12,11,1,11,slovenia,0.38,0.62,1,1.5,2.63,1.61,5
Mura,8,2,2,4,9,11,-2,8,slovenia,0.25,0.5,-2,1.12,4.0,2.0,6
Domzale,8,2,2,4,5,12,-7,8,slovenia,0.25,0.5,-7,0.62,4.0,2.0,6
Radomlje,8,2,1,5,7,16,-9,7,slovenia,0.25,0.38,-9,0.88,4.0,2.63,7
Primorje,8,1,3,4,9,22,-13,6,slovenia,0.12,0.5,-13,1.12,8.33,2.0,8
Nafta,8,0,3,5,3,15,-12,3,slovenia,0.0,0.38,-12,0.38,0.0,2.63,9
