Team_Away,GP,W,D,L,GF,GA,GD,Pts_Away,Liga,PIA,PIA_HA,GD_Away,GF_AVG_Away,PPG_Away,Odd_Justa_MO,Odd_Justa_HA,Rank_Away
AF Elbasani,8,3,4,1,9,7,2,13,Albania - Abissnet Superiore,0.38,0.62,2,1.12,1.62,2.63,1.61,1
Skenderbeu K.,8,3,3,2,8,5,3,12,Albania - Abissnet Superiore,0.38,0.62,3,1.0,1.5,2.63,1.61,2
Vllaznia S.,8,2,5,1,12,7,5,11,Albania - Abissnet Superiore,0.25,0.75,5,1.5,1.38,4.0,1.33,3
Bylis,8,2,2,4,10,13,-3,8,Albania - Abissnet Superiore,0.25,0.75,-3,1.25,1.0,4.0,1.33,4
Teuta Durres,8,1,4,3,4,8,-4,7,Albania - Abissnet Superiore,0.12,0.88,-4,0.5,0.88,8.33,1.14,5
Laci,8,2,1,5,5,10,-5,7,Albania - Abissnet Superiore,0.25,0.75,-5,0.62,0.88,4.0,1.33,5
KF Tirana,8,1,3,4,10,12,-2,6,Albania - Abissnet Superiore,0.12,0.88,-2,1.25,0.75,8.33,1.14,6
Dinamo Tirana,8,1,3,4,7,13,-6,6,Albania - Abissnet Superiore,0.12,0.88,-6,0.88,0.75,8.33,1.14,6
Partizani T.,8,1,1,6,2,12,-10,4,Albania - Abissnet Superiore,0.12,0.88,-10,0.25,0.5,8.33,1.14,7
Tigre,7,4,0,3,10,7,3,12,Argentina - Liga Profesional,0.57,0.43,3,1.43,1.71,1.75,2.33,1
Huracan,7,3,3,1,8,5,3,12,Argentina - Liga Profesional,0.43,0.57,3,1.14,1.71,2.33,1.75,1
Argentinos Jrs,6,3,3,0,7,4,3,12,Argentina - Liga Profesional,0.5,0.5,3,1.17,2.0,2.0,2.0,1
San Lorenzo,7,3,3,1,4,2,2,12,Argentina - Liga Profesional,0.43,0.57,2,0.57,1.71,2.33,1.75,1
River Plate,7,2,5,0,7,2,5,11,Argentina - Liga Profesional,0.29,0.71,5,1.0,1.57,3.45,1.41,2
Rosario Central,8,2,5,1,7,4,3,11,Argentina - Liga Profesional,0.25,0.75,3,0.88,1.38,4.0,1.33,2
D. Riestra,7,3,2,2,8,6,2,11,Argentina - Liga Profesional,0.43,0.57,2,1.14,1.57,2.33,1.75,2
Defensa y J.,8,3,2,3,10,12,-2,11,Argentina - Liga Profesional,0.38,0.62,-2,1.25,1.38,2.63,1.61,2
Boca Juniors,6,3,1,2,8,6,2,10,Argentina - Liga Profesional,0.5,0.5,2,1.33,1.67,2.0,2.0,3
Platense,7,3,1,3,6,5,1,10,Argentina - Liga Profesional,0.43,0.57,1,0.86,1.43,2.33,1.75,3
Racing Club,8,3,1,4,10,10,0,10,Argentina - Liga Profesional,0.38,0.62,0,1.25,1.25,2.63,1.61,3
Independiente,6,2,3,1,7,7,0,9,Argentina - Liga Profesional,0.33,0.67,0,1.17,1.5,3.03,1.49,4
I. Rivadavia,7,2,3,2,6,6,0,9,Argentina - Liga Profesional,0.29,0.71,0,0.86,1.29,3.45,1.41,4
T. de Cordoba,7,1,5,1,3,3,0,8,Argentina - Liga Profesional,0.14,0.86,0,0.43,1.14,7.14,1.16,5
Newells,7,2,2,3,6,10,-4,8,Argentina - Liga Profesional,0.29,0.71,-4,0.86,1.14,3.45,1.41,5
Godoy Cruz,7,2,2,3,5,10,-5,8,Argentina - Liga Profesional,0.29,0.71,-5,0.71,1.14,3.45,1.41,5
Barracas C.,6,1,4,1,6,5,1,7,Argentina - Liga Profesional,0.17,0.83,1,1.0,1.17,5.88,1.2,6
Lanus,7,1,4,2,4,5,-1,7,Argentina - Liga Profesional,0.14,0.86,-1,0.57,1.0,7.14,1.16,6
Estudiantes,8,1,4,3,8,10,-2,7,Argentina - Liga Profesional,0.12,0.88,-2,1.0,0.88,8.33,1.14,6
Velez Sarsfield,7,2,1,4,4,11,-7,7,Argentina - Liga Profesional,0.29,0.71,-7,0.57,1.0,3.45,1.41,6
Sarmiento,7,1,2,4,4,12,-8,5,Argentina - Liga Profesional,0.14,0.86,-8,0.57,0.71,7.14,1.16,7
Belgrano,6,1,2,3,3,12,-9,5,Argentina - Liga Profesional,0.17,0.83,-9,0.5,0.83,5.88,1.2,7
Central Cordoba,6,1,1,4,8,11,-3,4,Argentina - Liga Profesional,0.17,0.83,-3,1.33,0.67,5.88,1.2,8
Aldosivi,6,1,1,4,6,9,-3,4,Argentina - Liga Profesional,0.17,0.83,-3,1.0,0.67,5.88,1.2,8
A. Tucuman,7,1,1,5,4,10,-6,4,Argentina - Liga Profesional,0.14,0.86,-6,0.57,0.57,7.14,1.16,8
Banfield,7,1,1,5,4,11,-7,4,Argentina - Liga Profesional,0.14,0.86,-7,0.57,0.57,7.14,1.16,8
Gimnasia,7,1,1,5,2,10,-8,4,Argentina - Liga Profesional,0.14,0.86,-8,0.29,0.57,7.14,1.16,8
SM San Juan,6,0,2,4,1,6,-5,2,Argentina - Liga Profesional,0.0,1.0,-5,0.17,0.33,0.0,1.0,9
Union Santa Fe,6,0,1,5,2,9,-7,1,Argentina - Liga Profesional,0.0,1.0,-7,0.33,0.17,0.0,1.0,10
Chacarita J.,6,4,1,1,9,2,7,13,Argentina - Primera Nacional,0.67,0.33,7,1.5,2.17,1.49,3.03,1
SM Tucuman,6,3,3,0,5,1,4,12,Argentina - Primera Nacional,0.5,0.5,4,0.83,2.0,2.0,2.0,2
E. Rio Cuarto,6,3,1,2,8,5,3,10,Argentina - Primera Nacional,0.5,0.5,3,1.33,1.67,2.0,2.0,3
CA Estudiantes,6,3,1,2,5,4,1,10,Argentina - Primera Nacional,0.5,0.5,1,0.83,1.67,2.0,2.0,3
D. de Belgrano,6,2,3,1,6,3,3,9,Argentina - Primera Nacional,0.33,0.67,3,1.0,1.5,3.03,1.49,4
G. Mendoza,5,2,3,0,5,2,3,9,Argentina - Primera Nacional,0.4,0.6,3,1.0,1.8,2.5,1.67,4
San Telmo,6,2,3,1,7,5,2,9,Argentina - Primera Nacional,0.33,0.67,2,1.17,1.5,3.03,1.49,4
Gimnasia Jujuy,5,2,2,1,6,3,3,8,Argentina - Primera Nacional,0.4,0.6,3,1.2,1.6,2.5,1.67,5
Atletico Mitre,5,2,2,1,3,2,1,8,Argentina - Primera Nacional,0.4,0.6,1,0.6,1.6,2.5,1.67,5
Patronato,6,2,2,2,7,8,-1,8,Argentina - Primera Nacional,0.33,0.67,-1,1.17,1.33,3.03,1.49,5
Racing Cordoba,5,2,1,2,4,9,-5,7,Argentina - Primera Nacional,0.4,0.6,-5,0.8,1.4,2.5,1.67,6
Ferro Carril,5,2,0,3,3,4,-1,6,Argentina - Primera Nacional,0.4,0.6,-1,0.6,1.2,2.5,1.67,7
Gimnasia y Tiro,6,1,3,2,2,3,-1,6,Argentina - Primera Nacional,0.17,0.83,-1,0.33,1.0,5.88,1.2,7
Tristan Suarez,6,1,3,2,3,5,-2,6,Argentina - Primera Nacional,0.17,0.83,-2,0.5,1.0,5.88,1.2,7
Colegiales,5,1,2,2,1,2,-1,5,Argentina - Primera Nacional,0.2,0.8,-1,0.2,1.0,5.0,1.25,8
Deportivo Moron,6,1,2,3,4,6,-2,5,Argentina - Primera Nacional,0.17,0.83,-2,0.67,0.83,5.88,1.2,8
Los Andes,5,1,2,2,4,6,-2,5,Argentina - Primera Nacional,0.2,0.8,-2,0.8,1.0,5.0,1.25,8
Quilmes,5,1,2,2,3,6,-3,5,Argentina - Primera Nacional,0.2,0.8,-3,0.6,1.0,5.0,1.25,8
Deportivo Maipu,6,1,2,3,3,9,-6,5,Argentina - Primera Nacional,0.17,0.83,-6,0.5,0.83,5.88,1.2,8
Defensores U.,6,1,2,3,2,8,-6,5,Argentina - Primera Nacional,0.17,0.83,-6,0.33,0.83,5.88,1.2,8
Atlanta,4,0,4,0,2,2,0,4,Argentina - Primera Nacional,0.0,1.0,0,0.5,1.0,0.0,1.0,9
Nueva Chicago,4,1,1,2,4,5,-1,4,Argentina - Primera Nacional,0.25,0.75,-1,1.0,1.0,4.0,1.33,9
D. Madryn,6,0,4,2,2,4,-2,4,Argentina - Primera Nacional,0.0,1.0,-2,0.33,0.67,0.0,1.0,9
Colon Santa Fe,5,1,1,3,5,8,-3,4,Argentina - Primera Nacional,0.2,0.8,-3,1.0,0.8,5.0,1.25,9
Chaco For Ever,5,1,1,3,3,6,-3,4,Argentina - Primera Nacional,0.2,0.8,-3,0.6,0.8,5.0,1.25,9
Temperley,5,1,1,3,3,6,-3,4,Argentina - Primera Nacional,0.2,0.8,-3,0.6,0.8,5.0,1.25,9
Alvarado,6,0,3,3,3,7,-4,3,Argentina - Primera Nacional,0.0,1.0,-4,0.5,0.5,0.0,1.0,10
All Boys,6,0,3,3,3,8,-5,3,Argentina - Primera Nacional,0.0,1.0,-5,0.5,0.5,0.0,1.0,10
San Miguel,5,0,2,3,3,6,-3,2,Argentina - Primera Nacional,0.0,1.0,-3,0.6,0.4,0.0,1.0,11
Deportivo Merlo,8,5,2,1,7,2,5,17,Argentina - Primera B,0.62,0.38,5,0.88,2.12,1.61,2.63,1
A. Quilmes,8,4,3,1,8,3,5,15,Argentina - Primera B,0.5,0.5,5,1.0,1.88,2.0,2.0,2
Dock Sud,8,4,2,2,11,8,3,14,Argentina - Primera B,0.5,0.5,3,1.38,1.75,2.0,2.0,3
D. Armenio,8,4,2,2,10,7,3,14,Argentina - Primera B,0.5,0.5,3,1.25,1.75,2.0,2.0,3
Comunicaciones,8,4,2,2,7,4,3,14,Argentina - Primera B,0.5,0.5,3,0.88,1.75,2.0,2.0,3
Argentino Merlo,8,4,2,2,8,8,0,14,Argentina - Primera B,0.5,0.5,0,1.0,1.75,2.0,2.0,3
Colegiales,8,4,0,4,11,11,0,12,Argentina - Primera B,0.5,0.5,0,1.38,1.5,2.0,2.0,4
Villa Dalmine,8,3,2,3,4,4,0,11,Argentina - Primera B,0.38,0.62,0,0.5,1.38,2.63,1.61,5
Midland,8,2,4,2,9,7,2,10,Argentina - Primera B,0.25,0.75,2,1.12,1.25,4.0,1.33,6
Acassuso,8,2,4,2,6,7,-1,10,Argentina - Primera B,0.25,0.75,-1,0.75,1.25,4.0,1.33,6
UAI Urquiza,8,3,1,4,8,12,-4,10,Argentina - Primera B,0.38,0.62,-4,1.0,1.25,2.63,1.61,6
V. San Carlos,8,2,3,3,5,9,-4,9,Argentina - Primera B,0.25,0.75,-4,0.62,1.12,4.0,1.33,7
Sacachispas,8,2,2,4,4,8,-4,8,Argentina - Primera B,0.25,0.75,-4,0.5,1.0,4.0,1.33,8
Flandria,8,2,2,4,6,11,-5,8,Argentina - Primera B,0.25,0.75,-5,0.75,1.0,4.0,1.33,8
Excursionistas,8,1,4,3,8,12,-4,7,Argentina - Primera B,0.12,0.88,-4,1.0,0.88,8.33,1.14,9
Liniers,8,1,4,3,3,8,-5,7,Argentina - Primera B,0.12,0.88,-5,0.38,0.88,8.33,1.14,9
S. Italiano,8,1,3,4,7,13,-6,6,Argentina - Primera B,0.12,0.88,-6,0.88,0.75,8.33,1.14,10
Canuelas,8,1,2,5,6,10,-4,5,Argentina - Primera B,0.12,0.88,-4,0.75,0.62,8.33,1.14,11
D. Laferrere,8,0,4,4,1,12,-11,4,Argentina - Primera B,0.0,1.0,-11,0.12,0.5,0.0,1.0,12
Los Andes,8,0,2,6,4,13,-9,2,Argentina - Primera B,0.0,1.0,-9,0.5,0.25,0.0,1.0,13
SM Burzaco,8,0,1,7,2,14,-12,1,Argentina - Primera B,0.0,1.0,-12,0.25,0.12,0.0,1.0,14
Fenix,8,0,1,7,1,15,-14,1,Argentina - Primera B,0.0,1.0,-14,0.12,0.12,0.0,1.0,14
Olimpo Bahia B.,3,2,1,0,3,1,2,7,Argentina - Torneo Federal,0.67,0.33,2,1.0,2.33,1.49,3.03,1
D. Rincon,3,2,0,1,4,1,3,6,Argentina - Torneo Federal,0.67,0.33,3,1.33,2.0,1.49,3.03,2
Circulo D.,3,2,0,1,6,4,2,6,Argentina - Torneo Federal,0.67,0.33,2,2.0,2.0,1.49,3.03,2
SM Mendoza,3,2,0,1,6,5,1,6,Argentina - Torneo Federal,0.67,0.33,1,2.0,2.0,1.49,3.03,2
Huracan Las H.,3,2,0,1,4,4,0,6,Argentina - Torneo Federal,0.67,0.33,0,1.33,2.0,1.49,3.03,2
Guillermo Brown,4,2,0,2,7,10,-3,6,Argentina - Torneo Federal,0.5,0.5,-3,1.75,1.5,2.0,2.0,2
Villa Mitre,3,1,2,0,4,1,3,5,Argentina - Torneo Federal,0.33,0.67,3,1.33,1.67,3.03,1.49,3
Douglas Haig,3,1,2,0,3,2,1,5,Argentina - Torneo Federal,0.33,0.67,1,1.0,1.67,3.03,1.49,3
I. Chivilcoy,4,1,2,1,3,2,1,5,Argentina - Torneo Federal,0.25,0.75,1,0.75,1.25,4.0,1.33,3
SM Formosa,3,1,1,1,4,2,2,4,Argentina - Torneo Federal,0.33,0.67,2,1.33,1.33,3.03,1.49,4
Sarmiento DLB,3,1,0,2,4,4,0,3,Argentina - Torneo Federal,0.33,0.67,0,1.33,1.0,3.03,1.49,5
Bartolom√© Mitre,3,1,0,2,3,3,0,3,Argentina - Torneo Federal,0.33,0.67,0,1.0,1.0,3.03,1.49,5
Juventud U. U.,3,0,3,0,3,3,0,3,Argentina - Torneo Federal,0.0,1.0,0,1.0,1.0,0.0,1.0,5
Kimberley,2,1,0,1,2,2,0,3,Argentina - Torneo Federal,0.5,0.5,0,1.0,1.5,2.0,2.0,5
Cipolletti,4,1,0,3,4,5,-1,3,Argentina - Torneo Federal,0.25,0.75,-1,1.0,0.75,4.0,1.33,5
D. Belgrano VR,4,0,3,1,1,3,-2,3,Argentina - Torneo Federal,0.0,1.0,-2,0.25,0.75,0.0,1.0,5
Gimnasia E.,4,1,0,3,1,7,-6,3,Argentina - Torneo Federal,0.25,0.75,-6,0.25,0.75,4.0,1.33,5
Santamarina,2,0,2,0,3,3,0,2,Argentina - Torneo Federal,0.0,1.0,0,1.5,1.0,0.0,1.0,6
Ciudad Bolivar,2,0,2,0,1,1,0,2,Argentina - Torneo Federal,0.0,1.0,0,0.5,1.0,0.0,1.0,6
G. Chivilcoy,2,0,2,0,0,0,0,2,Argentina - Torneo Federal,0.0,1.0,0,0.0,1.0,0.0,1.0,6
Costa Brava,3,0,2,1,1,3,-2,2,Argentina - Torneo Federal,0.0,1.0,-2,0.33,0.67,0.0,1.0,6
Argentino MM,3,0,2,1,1,4,-3,2,Argentina - Torneo Federal,0.0,1.0,-3,0.33,0.67,0.0,1.0,6
S. Belgrano,2,0,1,1,2,3,-1,1,Argentina - Torneo Federal,0.0,1.0,-1,1.0,0.5,0.0,1.0,7
Sol de America,2,0,1,1,2,3,-1,1,Argentina - Torneo Federal,0.0,1.0,-1,1.0,0.5,0.0,1.0,7
Germinal,2,0,1,1,0,2,-2,1,Argentina - Torneo Federal,0.0,1.0,-2,0.0,0.5,0.0,1.0,7
A. Rafaela,3,0,1,2,4,7,-3,1,Argentina - Torneo Federal,0.0,1.0,-3,1.33,0.33,0.0,1.0,7
Boca Unidos,3,0,1,2,2,5,-3,1,Argentina - Torneo Federal,0.0,1.0,-3,0.67,0.33,0.0,1.0,7
S. Las Parejas,2,0,1,1,0,3,-3,1,Argentina - Torneo Federal,0.0,1.0,-3,0.0,0.5,0.0,1.0,7
El Linqueno,3,0,1,2,3,7,-4,1,Argentina - Torneo Federal,0.0,1.0,-4,1.0,0.33,0.0,1.0,7
Noah,8,7,0,1,25,5,20,21,Armenia - Premier League,0.88,0.12,20,3.12,2.62,1.14,8.33,1
Pyunik,8,6,0,2,19,7,12,18,Armenia - Premier League,0.75,0.25,12,2.38,2.25,1.33,4.0,2
Ararat-Armenia,8,5,2,1,18,9,9,17,Armenia - Premier League,0.62,0.38,9,2.25,2.12,1.61,2.63,3
Urartu,8,4,2,2,18,10,8,14,Armenia - Premier League,0.5,0.5,8,2.25,1.75,2.0,2.0,4
Van,8,3,2,3,10,12,-2,11,Armenia - Premier League,0.38,0.62,-2,1.25,1.38,2.63,1.61,5
Shirak,8,3,1,4,10,17,-7,10,Armenia - Premier League,0.38,0.62,-7,1.25,1.25,2.63,1.61,6
BKMA,8,2,2,4,12,14,-2,8,Armenia - Premier League,0.25,0.75,-2,1.5,1.0,4.0,1.33,7
Ararat Yerevan,8,2,1,5,8,16,-8,7,Armenia - Premier League,0.25,0.75,-8,1.0,0.88,4.0,1.33,8
West Armenia,8,2,0,6,6,25,-19,6,Armenia - Premier League,0.25,0.75,-19,0.75,0.75,4.0,1.33,9
Alashkert,8,1,2,5,5,15,-10,5,Armenia - Premier League,0.12,0.88,-10,0.62,0.62,8.33,1.14,10
Gandzasar,8,0,1,7,3,19,-16,1,Armenia - Premier League,0.0,1.0,-16,0.38,0.12,0.0,1.0,11
WS Wanderers,8,4,4,0,18,11,7,16,Australia - A-League,0.5,0.5,7,2.25,2.0,2.0,2.0,1
Auckland,8,4,3,1,12,6,6,15,Australia - A-League,0.5,0.5,6,1.5,1.88,2.0,2.0,2
Macarthur FC,8,4,1,3,20,16,4,13,Australia - A-League,0.5,0.5,4,2.5,1.62,2.0,2.0,3
Western United,8,4,1,3,19,16,3,13,Australia - A-League,0.5,0.5,3,2.38,1.62,2.0,2.0,3
Newcastle Jets,8,3,2,3,13,14,-1,11,Australia - A-League,0.38,0.62,-1,1.62,1.38,2.63,1.61,4
Sydney FC,8,2,4,2,11,11,0,10,Australia - A-League,0.25,0.75,0,1.38,1.25,4.0,1.33,5
Melbourne City,8,2,3,3,9,12,-3,9,Australia - A-League,0.25,0.75,-3,1.12,1.12,4.0,1.33,6
Brisbane Roar,8,2,2,4,12,14,-2,8,Australia - A-League,0.25,0.75,-2,1.5,1.0,4.0,1.33,7
Melbourne V.,8,2,2,4,10,16,-6,8,Australia - A-League,0.25,0.75,-6,1.25,1.0,4.0,1.33,7
Adelaide Utd,8,2,2,4,14,23,-9,8,Australia - A-League,0.25,0.75,-9,1.75,1.0,4.0,1.33,7
Central Coast,8,1,4,3,8,16,-8,7,Australia - A-League,0.12,0.88,-8,1.0,0.88,8.33,1.14,8
Wellington,8,2,1,5,9,19,-10,7,Australia - A-League,0.25,0.75,-10,1.12,0.88,4.0,1.33,8
Perth Glory,8,1,1,6,6,18,-12,4,Australia - A-League,0.12,0.88,-12,0.75,0.5,8.33,1.14,9
Oakleigh C.,5,4,1,0,12,3,9,13,Australia - NPL Victoria,0.8,0.2,9,2.4,2.6,1.25,5.0,1
Avondale,5,4,0,1,13,5,8,12,Australia - NPL Victoria,0.8,0.2,8,2.6,2.4,1.25,5.0,2
Heidelberg Utd,5,3,0,2,11,7,4,9,Australia - NPL Victoria,0.6,0.4,4,2.2,1.8,1.67,2.5,3
Dandenong City,5,2,2,1,10,6,4,8,Australia - NPL Victoria,0.4,0.6,4,2.0,1.6,2.5,1.67,4
St. Albans,6,2,1,3,12,12,0,7,Australia - NPL Victoria,0.33,0.67,0,2.0,1.17,3.03,1.49,5
Hume City,6,2,1,3,9,12,-3,7,Australia - NPL Victoria,0.33,0.67,-3,1.5,1.17,3.03,1.49,5
Green Gully,6,2,1,3,6,9,-3,7,Australia - NPL Victoria,0.33,0.67,-3,1.0,1.17,3.03,1.49,5
Dandenong T.,4,2,0,2,6,5,1,6,Australia - NPL Victoria,0.5,0.5,1,1.5,1.5,2.0,2.0,6
M. Victory B,4,2,0,2,6,6,0,6,Australia - NPL Victoria,0.5,0.5,0,1.5,1.5,2.0,2.0,6
Preston Lions,6,1,3,2,7,9,-2,6,Australia - NPL Victoria,0.17,0.83,-2,1.17,1.0,5.88,1.2,6
South Melbourne,6,1,3,2,5,7,-2,6,Australia - NPL Victoria,0.17,0.83,-2,0.83,1.0,5.88,1.2,6
Altona Magic,5,0,1,4,2,11,-9,1,Australia - NPL Victoria,0.0,1.0,-9,0.4,0.2,0.0,1.0,7
Melbourne K.,3,0,0,3,1,9,-8,0,Australia - NPL Victoria,0.0,1.0,-8,0.33,0.0,0.0,1.0,8
Port Melbourne,4,0,0,4,2,15,-13,0,Australia - NPL Victoria,0.0,1.0,-13,0.5,0.0,0.0,1.0,8
Moreton City E.,3,3,0,0,7,3,4,9,Australia - NPL Queensland,1.0,0.0,4,2.33,3.0,1.0,0.0,1
Gold C. Knights,2,2,0,0,3,0,3,6,Australia - NPL Queensland,1.0,0.0,3,1.5,3.0,1.0,0.0,2
Eastern Suburbs,2,1,1,0,5,3,2,4,Australia - NPL Queensland,0.5,0.5,2,2.5,2.0,2.0,2.0,3
Q. Lions,4,1,1,2,6,7,-1,4,Australia - NPL Queensland,0.25,0.75,-1,1.5,1.0,4.0,1.33,3
Olympic FC,1,1,0,0,2,0,2,3,Australia - NPL Queensland,1.0,0.0,2,2.0,3.0,1.0,0.0,4
St George W.,4,0,2,2,4,7,-3,2,Australia - NPL Queensland,0.0,1.0,-3,1.0,0.5,0.0,1.0,5
Brisbane City,0,0,0,0,0,0,0,0,Australia - NPL Queensland,0.0,0.0,0,0.0,0.0,0.0,0.0,6
Peninsula,1,0,0,1,0,1,-1,0,Australia - NPL Queensland,0.0,1.0,-1,0.0,0.0,0.0,1.0,6
SC Wanderers,1,0,0,1,1,3,-2,0,Australia - NPL Queensland,0.0,1.0,-2,1.0,0.0,0.0,1.0,6
Wynnum Wolves,1,0,0,1,1,3,-2,0,Australia - NPL Queensland,0.0,1.0,-2,1.0,0.0,0.0,1.0,6
Gold C. Utd,1,0,0,1,0,3,-3,0,Australia - NPL Queensland,0.0,1.0,-3,0.0,0.0,0.0,1.0,6
Brisbane Roar B,2,0,0,2,0,7,-7,0,Australia - NPL Queensland,0.0,1.0,-7,0.0,0.0,0.0,1.0,6
Wolfsberger AC,8,5,1,2,18,10,8,16,Austria - Bundesliga,0.62,0.38,8,2.25,2.0,1.61,2.63,1
Austria Wien,8,5,1,2,12,8,4,16,Austria - Bundesliga,0.62,0.38,4,1.5,2.0,1.61,2.63,1
Sturm Graz,8,5,1,2,13,11,2,16,Austria - Bundesliga,0.62,0.38,2,1.62,2.0,1.61,2.63,1
LASK Linz,8,4,2,2,12,11,1,14,Austria - Bundesliga,0.5,0.5,1,1.5,1.75,2.0,2.0,2
BW Linz,8,3,2,3,8,8,0,11,Austria - Bundesliga,0.38,0.62,0,1.0,1.38,2.63,1.61,3
Salzburg,8,1,5,2,3,9,-6,8,Austria - Bundesliga,0.12,0.88,-6,0.38,1.0,8.33,1.14,4
Tirol,8,2,1,5,10,12,-2,7,Austria - Bundesliga,0.25,0.75,-2,1.25,0.88,4.0,1.33,5
Rapid Wien,8,1,4,3,8,10,-2,7,Austria - Bundesliga,0.12,0.88,-2,1.0,0.88,8.33,1.14,5
Grazer AK,8,2,1,5,11,20,-9,7,Austria - Bundesliga,0.25,0.75,-9,1.38,0.88,4.0,1.33,5
Hartberg,8,1,3,4,6,12,-6,6,Austria - Bundesliga,0.12,0.88,-6,0.75,0.75,8.33,1.14,6
Altach,8,1,1,6,6,18,-12,4,Austria - Bundesliga,0.12,0.88,-12,0.75,0.5,8.33,1.14,7
A. Klagenfurt,8,0,2,6,4,23,-19,2,Austria - Bundesliga,0.0,1.0,-19,0.5,0.25,0.0,1.0,8
Ried,8,6,0,2,14,5,9,18,Austria - 2. Liga,0.75,0.25,9,1.75,2.25,1.33,4.0,1
St. Polten,8,5,2,1,16,7,9,17,Austria - 2. Liga,0.62,0.38,9,2.0,2.12,1.61,2.63,2
Admira Wacker,8,5,2,1,15,9,6,17,Austria - 2. Liga,0.62,0.38,6,1.88,2.12,1.61,2.63,2
First Vienna,8,4,1,3,17,14,3,13,Austria - 2. Liga,0.5,0.5,3,2.12,1.62,2.0,2.0,3
Sturm Graz B,8,3,3,2,17,11,6,12,Austria - 2. Liga,0.38,0.62,6,2.12,1.5,2.63,1.61,4
Voitsberg,8,4,0,4,13,11,2,12,Austria - 2. Liga,0.5,0.5,2,1.62,1.5,2.0,2.0,4
Liefering,8,4,0,4,6,11,-5,12,Austria - 2. Liga,0.5,0.5,-5,0.75,1.5,2.0,2.0,4
Stripfing,8,1,5,2,10,11,-1,8,Austria - 2. Liga,0.12,0.88,-1,1.25,1.0,8.33,1.14,5
Floridsdorfer,8,2,2,4,8,12,-4,8,Austria - 2. Liga,0.25,0.75,-4,1.0,1.0,4.0,1.33,5
Rapid Wien B,8,2,2,4,10,15,-5,8,Austria - 2. Liga,0.25,0.75,-5,1.25,1.0,4.0,1.33,5
Kapfenberger,8,2,2,4,7,15,-8,8,Austria - 2. Liga,0.25,0.75,-8,0.88,1.0,4.0,1.33,5
Amstetten,8,2,1,5,9,12,-3,7,Austria - 2. Liga,0.25,0.75,-3,1.12,0.88,4.0,1.33,6
A. Lustenau,8,1,4,3,5,10,-5,7,Austria - 2. Liga,0.12,0.88,-5,0.62,0.88,8.33,1.14,6
Bregenz,8,1,2,5,12,16,-4,5,Austria - 2. Liga,0.12,0.88,-4,1.5,0.62,8.33,1.14,7
SV Horn,8,1,1,6,6,18,-12,4,Austria - 2. Liga,0.12,0.88,-12,0.75,0.5,8.33,1.14,8
Lafnitz,8,1,1,6,10,27,-17,4,Austria - 2. Liga,0.12,0.88,-17,1.25,0.5,8.33,1.14,8
Zira,8,6,1,1,17,5,12,19,Azerbaijan - Premier League,0.75,0.25,12,2.12,2.38,1.33,4.0,1
Qarabag,8,6,1,1,17,6,11,19,Azerbaijan - Premier League,0.75,0.25,11,2.12,2.38,1.33,4.0,1
Turan,8,2,4,2,8,10,-2,10,Azerbaijan - Premier League,0.25,0.75,-2,1.0,1.25,4.0,1.33,2
Neftci,8,3,1,4,8,11,-3,10,Azerbaijan - Premier League,0.38,0.62,-3,1.0,1.25,2.63,1.61,2
Shamakhi,8,2,2,4,10,13,-3,8,Azerbaijan - Premier League,0.25,0.75,-3,1.25,1.0,4.0,1.33,3
Araz,8,1,4,3,5,7,-2,7,Azerbaijan - Premier League,0.12,0.88,-2,0.62,0.88,8.33,1.14,4
Sebail,8,1,4,3,6,11,-5,7,Azerbaijan - Premier League,0.12,0.88,-5,0.75,0.88,8.33,1.14,4
Kapaz,8,2,1,5,4,10,-6,7,Azerbaijan - Premier League,0.25,0.75,-6,0.5,0.88,4.0,1.33,4
Sumqayit,8,1,2,5,3,13,-10,5,Azerbaijan - Premier League,0.12,0.88,-10,0.38,0.62,8.33,1.14,5
Sabah,8,0,4,4,9,14,-5,4,Azerbaijan - Premier League,0.0,1.0,-5,1.12,0.5,0.0,1.0,6
Al-Muharraq,7,4,2,1,11,5,6,14,Bahrain - Premier League,0.57,0.43,6,1.57,2.0,1.75,2.33,1
Al-Najma,8,4,1,3,11,10,1,13,Bahrain - Premier League,0.5,0.5,1,1.38,1.62,2.0,2.0,2
Al Shabbab,7,4,1,2,9,8,1,13,Bahrain - Premier League,0.57,0.43,1,1.29,1.86,1.75,2.33,2
Sitra,7,3,3,1,12,7,5,12,Bahrain - Premier League,0.43,0.57,5,1.71,1.71,2.33,1.75,3
Khalidiya,7,3,2,2,15,10,5,11,Bahrain - Premier League,0.43,0.57,5,2.14,1.57,2.33,1.75,4
Bahrain SC,8,3,2,3,8,14,-6,11,Bahrain - Premier League,0.38,0.62,-6,1.0,1.38,2.63,1.61,4
Malkiya,7,3,1,3,7,11,-4,10,Bahrain - Premier League,0.43,0.57,-4,1.0,1.43,2.33,1.75,5
Al Riffa,7,2,3,2,6,5,1,9,Bahrain - Premier League,0.29,0.71,1,0.86,1.29,3.45,1.41,6
AAli FC,8,1,3,4,10,18,-8,6,Bahrain - Premier League,0.12,0.88,-8,1.25,0.75,8.33,1.14,7
Manama,7,1,2,4,6,14,-8,5,Bahrain - Premier League,0.14,0.86,-8,0.86,0.71,7.14,1.16,8
Al Ahli M.,7,1,1,5,10,15,-5,4,Bahrain - Premier League,0.14,0.86,-5,1.43,0.57,7.14,1.16,9
East Riffa,7,0,3,4,6,10,-4,3,Bahrain - Premier League,0.0,1.0,-4,0.86,0.43,0.0,1.0,10
Mohammedan,6,6,0,0,20,4,16,18,Bangladesh - Premier League,1.0,0.0,16,3.33,3.0,1.0,0.0,1
Abahani,7,4,2,1,11,2,9,14,Bangladesh - Premier League,0.57,0.43,9,1.57,2.0,1.75,2.33,2
Bashundhara K.,6,3,1,2,13,3,10,10,Bangladesh - Premier League,0.5,0.5,10,2.17,1.67,2.0,2.0,3
Fortis,5,2,1,2,7,5,2,7,Bangladesh - Premier League,0.4,0.6,2,1.4,1.4,2.5,1.67,4
B. Police,5,2,0,3,8,5,3,6,Bangladesh - Premier League,0.4,0.6,3,1.6,1.2,2.5,1.67,5
Rahmatgonj,5,2,0,3,11,10,1,6,Bangladesh - Premier League,0.4,0.6,1,2.2,1.2,2.5,1.67,5
Fakirerpool,6,2,0,4,6,17,-11,6,Bangladesh - Premier League,0.33,0.67,-11,1.0,1.0,3.03,1.49,5
Brothers Union,5,1,2,2,7,7,0,5,Bangladesh - Premier League,0.2,0.8,0,1.4,1.0,5.0,1.25,6
Dhaka Wanderers,5,0,1,4,3,15,-12,1,Bangladesh - Premier League,0.0,1.0,-12,0.6,0.2,0.0,1.0,7
Chittagong,5,0,0,5,0,13,-13,0,Bangladesh - Premier League,0.0,1.0,-13,0.0,0.0,0.0,1.0,8
Maxline,3,3,0,0,6,0,6,9,Belarus - Vysshaya Liga,1.0,0.0,6,2.0,3.0,1.0,0.0,1
Slavia Mozyr,3,2,1,0,5,3,2,7,Belarus - Vysshaya Liga,0.67,0.33,2,1.67,2.33,1.49,3.03,2
BATE Borisov,3,2,0,1,3,2,1,6,Belarus - Vysshaya Liga,0.67,0.33,1,1.0,2.0,1.49,3.03,3
Isloch,2,1,1,0,4,3,1,4,Belarus - Vysshaya Liga,0.5,0.5,1,2.0,2.0,2.0,2.0,4
Gomel,3,1,1,1,1,1,0,4,Belarus - Vysshaya Liga,0.33,0.67,0,0.33,1.33,3.03,1.49,4
Vitebsk,2,1,0,1,5,2,3,3,Belarus - Vysshaya Liga,0.5,0.5,3,2.5,1.5,2.0,2.0,5
Neman Grodno,1,1,0,0,3,0,3,3,Belarus - Vysshaya Liga,1.0,0.0,3,3.0,3.0,1.0,0.0,5
T. Zhodino,3,0,3,0,1,1,0,3,Belarus - Vysshaya Liga,0.0,1.0,0,0.33,1.0,0.0,1.0,5
Naftan,3,1,0,2,2,6,-4,3,Belarus - Vysshaya Liga,0.33,0.67,-4,0.67,1.0,3.03,1.49,5
Dinamo Brest,2,0,2,0,3,3,0,2,Belarus - Vysshaya Liga,0.0,1.0,0,1.5,1.0,0.0,1.0,6
FC Minsk,1,0,1,0,1,1,0,1,Belarus - Vysshaya Liga,0.0,1.0,0,1.0,1.0,0.0,1.0,7
Arsenal D.,2,0,1,1,3,4,-1,1,Belarus - Vysshaya Liga,0.0,1.0,-1,1.5,0.5,0.0,1.0,7
Dinamo Minsk,2,0,1,1,0,3,-3,1,Belarus - Vysshaya Liga,0.0,1.0,-3,0.0,0.5,0.0,1.0,7
Smorgon,5,0,1,4,2,9,-7,1,Belarus - Vysshaya Liga,0.0,1.0,-7,0.4,0.2,0.0,1.0,7
Slutsk,1,0,0,1,1,2,-1,0,Belarus - Vysshaya Liga,0.0,1.0,-1,1.0,0.0,0.0,1.0,8
Molodechno,3,0,0,3,3,10,-7,0,Belarus - Vysshaya Liga,0.0,1.0,-7,1.0,0.0,0.0,1.0,8
Lida,3,2,0,1,8,6,2,6,Belarus - First League,0.67,0.33,2,2.67,2.0,1.49,3.03,1
Bumprom,2,1,1,0,3,1,2,4,Belarus - First League,0.5,0.5,2,1.5,2.0,2.0,2.0,2
Baranovichi,2,1,1,0,4,3,1,4,Belarus - First League,0.5,0.5,1,2.0,2.0,2.0,2.0,2
Ostrovets,2,1,0,1,4,5,-1,3,Belarus - First League,0.5,0.5,-1,2.0,1.5,2.0,2.0,3
Slonim,2,1,0,1,3,4,-1,3,Belarus - First League,0.5,0.5,-1,1.5,1.5,2.0,2.0,3
Orsha,3,1,0,2,4,9,-5,3,Belarus - First League,0.33,0.67,-5,1.33,1.0,3.03,1.49,3
Volna Pinsk,2,0,2,0,5,5,0,2,Belarus - First League,0.0,1.0,0,2.5,1.0,0.0,1.0,4
Niva,1,0,1,0,1,1,0,1,Belarus - First League,0.0,1.0,0,1.0,1.0,0.0,1.0,5
ABFF U19,2,0,1,1,1,2,-1,1,Belarus - First League,0.0,1.0,-1,0.5,0.5,0.0,1.0,5
Belshina,2,0,1,1,2,4,-2,1,Belarus - First League,0.0,1.0,-2,1.0,0.5,0.0,1.0,5
Lokomotiv Gomel,2,0,1,1,2,4,-2,1,Belarus - First League,0.0,1.0,-2,1.0,0.5,0.0,1.0,5
Osipovichy,3,0,1,2,5,8,-3,1,Belarus - First League,0.0,1.0,-3,1.67,0.33,0.0,1.0,5
Dnepr Mogilev,2,0,1,1,2,5,-3,1,Belarus - First League,0.0,1.0,-3,1.0,0.5,0.0,1.0,5
Uni X L. Minsk,3,0,1,2,3,9,-6,1,Belarus - First League,0.0,1.0,-6,1.0,0.33,0.0,1.0,5
BATE B,0,0,0,0,0,0,0,0,Belarus - First League,0.0,0.0,0,0.0,0.0,0.0,0.0,6
Dinamo Minsk B,0,0,0,0,0,0,0,0,Belarus - First League,0.0,0.0,0,0.0,0.0,0.0,0.0,6
Gomel B,2,0,0,2,0,2,-2,0,Belarus - First League,0.0,1.0,-2,0.0,0.0,0.0,1.0,6
Minsk B,2,0,0,2,1,5,-4,0,Belarus - First League,0.0,1.0,-4,0.5,0.0,0.0,1.0,6
Royale Union SG,8,5,2,1,15,6,9,17,Belgium - Pro League,0.62,0.38,9,1.88,2.12,1.61,2.63,1
KRC Genk,8,4,3,1,12,10,2,15,Belgium - Pro League,0.5,0.5,2,1.5,1.88,2.0,2.0,2
Club Brugge,8,3,4,1,16,11,5,13,Belgium - Pro League,0.38,0.62,5,2.0,1.62,2.63,1.61,3
Anderlecht,8,4,1,3,7,5,2,13,Belgium - Pro League,0.5,0.5,2,0.88,1.62,2.0,2.0,3
Charleroi,8,3,2,3,11,12,-1,11,Belgium - Pro League,0.38,0.62,-1,1.38,1.38,2.63,1.61,4
Gent,8,2,5,1,7,11,-4,11,Belgium - Pro League,0.25,0.75,-4,0.88,1.38,4.0,1.33,4
Standard Liege,8,2,4,2,8,11,-3,10,Belgium - Pro League,0.25,0.75,-3,1.0,1.25,4.0,1.33,5
Antwerp,8,1,5,2,7,8,-1,8,Belgium - Pro League,0.12,0.88,-1,0.88,1.0,8.33,1.14,6
Westerlo,8,2,2,4,11,14,-3,8,Belgium - Pro League,0.25,0.75,-3,1.38,1.0,4.0,1.33,6
Cercle Brugge,8,1,4,3,8,12,-4,7,Belgium - Pro League,0.12,0.88,-4,1.0,0.88,8.33,1.14,7
KV Mechelen,8,2,1,5,5,11,-6,7,Belgium - Pro League,0.25,0.75,-6,0.62,0.88,4.0,1.33,7
Dender,8,2,0,6,11,21,-10,6,Belgium - Pro League,0.25,0.75,-10,1.38,0.75,4.0,1.33,8
Kortrijk,8,1,2,5,10,18,-8,5,Belgium - Pro League,0.12,0.88,-8,1.25,0.62,8.33,1.14,9
Sint-Truiden,8,1,1,6,8,20,-12,4,Belgium - Pro League,0.12,0.88,-12,1.0,0.5,8.33,1.14,10
OH Leuven,8,0,3,5,4,11,-7,3,Belgium - Pro League,0.0,1.0,-7,0.5,0.38,0.0,1.0,11
Beerschot,8,0,1,7,5,17,-12,1,Belgium - Pro League,0.0,1.0,-12,0.62,0.12,0.0,1.0,12
Beveren,8,6,2,0,15,5,10,20,Belgium - Challenger Pro League,0.75,0.25,10,1.88,2.5,1.33,4.0,1
Lokeren-Temse,8,5,1,2,13,8,5,16,Belgium - Challenger Pro League,0.62,0.38,5,1.62,2.0,1.61,2.63,2
La Louviere,8,4,3,1,12,5,7,15,Belgium - Challenger Pro League,0.5,0.5,7,1.5,1.88,2.0,2.0,3
RWDM,8,4,3,1,10,4,6,15,Belgium - Challenger Pro League,0.5,0.5,6,1.25,1.88,2.0,2.0,3
Patro Eisden,8,4,2,2,13,9,4,14,Belgium - Challenger Pro League,0.5,0.5,4,1.62,1.75,2.0,2.0,4
Club Brugge B,8,4,1,3,14,11,3,13,Belgium - Challenger Pro League,0.5,0.5,3,1.75,1.62,2.0,2.0,5
Lierse K.,8,3,1,4,11,9,2,10,Belgium - Challenger Pro League,0.38,0.62,2,1.38,1.25,2.63,1.61,6
Zulte-Waregem,8,2,4,2,9,7,2,10,Belgium - Challenger Pro League,0.25,0.75,2,1.12,1.25,4.0,1.33,6
Francs Borains,8,3,1,4,7,10,-3,10,Belgium - Challenger Pro League,0.38,0.62,-3,0.88,1.25,2.63,1.61,6
RFC Liege,8,3,0,5,12,13,-1,9,Belgium - Challenger Pro League,0.38,0.62,-1,1.5,1.12,2.63,1.61,7
Seraing,8,1,3,4,11,18,-7,6,Belgium - Challenger Pro League,0.12,0.88,-7,1.38,0.75,8.33,1.14,8
Lommel SK,8,2,0,6,5,19,-14,6,Belgium - Challenger Pro League,0.25,0.75,-14,0.62,0.75,4.0,1.33,8
Eupen,8,1,2,5,8,12,-4,5,Belgium - Challenger Pro League,0.12,0.88,-4,1.0,0.62,8.33,1.14,9
Anderlecht B,8,1,2,5,9,17,-8,5,Belgium - Challenger Pro League,0.12,0.88,-8,1.12,0.62,8.33,1.14,9
KRC Genk B,8,0,1,7,5,19,-14,1,Belgium - Challenger Pro League,0.0,1.0,-14,0.62,0.12,0.0,1.0,10
Deinze,0,0,0,0,0,0,0,0,Belgium - Challenger Pro League,0.0,0.0,0,0.0,0.0,0.0,0.0,11
Always Ready,2,2,0,0,3,1,2,6,Bolivia - Primera Div. - Apertura,1.0,0.0,2,1.5,3.0,1.0,0.0,1
ABB,2,2,0,0,2,0,2,6,Bolivia - Primera Div. - Apertura,1.0,0.0,2,1.0,3.0,1.0,0.0,1
The Strongest,2,1,0,1,5,3,2,3,Bolivia - Primera Div. - Apertura,0.5,0.5,2,2.5,1.5,2.0,2.0,2
Bolivar,2,1,0,1,5,4,1,3,Bolivia - Primera Div. - Apertura,0.5,0.5,1,2.5,1.5,2.0,2.0,2
Blooming,2,1,0,1,3,3,0,3,Bolivia - Primera Div. - Apertura,0.5,0.5,0,1.5,1.5,2.0,2.0,2
Gualberto V. SJ,2,1,0,1,2,2,0,3,Bolivia - Primera Div. - Apertura,0.5,0.5,0,1.0,1.5,2.0,2.0,2
I. Petrolero,2,1,0,1,2,3,-1,3,Bolivia - Primera Div. - Apertura,0.5,0.5,-1,1.0,1.5,2.0,2.0,2
U. de Vinto,2,0,2,0,1,1,0,2,Bolivia - Primera Div. - Apertura,0.0,1.0,0,0.5,1.0,0.0,1.0,3
Nacional Potosi,2,0,1,1,2,4,-2,1,Bolivia - Primera Div. - Apertura,0.0,1.0,-2,1.0,0.5,0.0,1.0,4
Real Oruro,2,0,1,1,1,3,-2,1,Bolivia - Primera Div. - Apertura,0.0,1.0,-2,0.5,0.5,0.0,1.0,4
Real Tomayapo,2,0,1,1,1,3,-2,1,Bolivia - Primera Div. - Apertura,0.0,1.0,-2,0.5,0.5,0.0,1.0,4
Oriente P.,2,0,1,1,2,6,-4,1,Bolivia - Primera Div. - Apertura,0.0,1.0,-4,1.0,0.5,0.0,1.0,4
Aurora,2,0,0,2,4,8,-4,0,Bolivia - Primera Div. - Apertura,0.0,1.0,-4,2.0,0.0,0.0,1.0,5
SA Bulo Bulo,2,0,0,2,0,4,-4,0,Bolivia - Primera Div. - Apertura,0.0,1.0,-4,0.0,0.0,0.0,1.0,5
Guabira,2,0,0,2,2,7,-5,0,Bolivia - Primera Div. - Apertura,0.0,1.0,-5,1.0,0.0,0.0,1.0,5
Wilstermann,2,0,0,2,1,7,-6,0,Bolivia - Primera Div. - Apertura,0.0,1.0,-6,0.5,0.0,0.0,1.0,5
Bolivar,8,5,2,1,24,12,12,17,Bolivia - Primera Div. - Clausura,0.62,0.38,12,3.0,2.12,1.61,2.63,1
Always Ready,8,4,1,3,16,12,4,13,Bolivia - Primera Div. - Clausura,0.5,0.5,4,2.0,1.62,2.0,2.0,2
Aurora,8,3,3,2,14,16,-2,12,Bolivia - Primera Div. - Clausura,0.38,0.62,-2,1.75,1.5,2.63,1.61,3
Nacional Potosi,8,3,2,3,15,16,-1,11,Bolivia - Primera Div. - Clausura,0.38,0.62,-1,1.88,1.38,2.63,1.61,4
Wilstermann,8,3,2,3,9,10,-1,11,Bolivia - Primera Div. - Clausura,0.38,0.62,-1,1.12,1.38,2.63,1.61,4
The Strongest,8,3,1,4,11,14,-3,10,Bolivia - Primera Div. - Clausura,0.38,0.62,-3,1.38,1.25,2.63,1.61,5
SA Bulo Bulo,8,3,1,4,7,13,-6,10,Bolivia - Primera Div. - Clausura,0.38,0.62,-6,0.88,1.25,2.63,1.61,5
Blooming,8,3,1,4,6,18,-12,10,Bolivia - Primera Div. - Clausura,0.38,0.62,-12,0.75,1.25,2.63,1.61,5
Santa Cruz,8,3,0,5,11,25,-14,9,Bolivia - Primera Div. - Clausura,0.38,0.62,-14,1.38,1.12,2.63,1.61,6
Gualberto V. SJ,8,2,2,4,11,15,-4,8,Bolivia - Primera Div. - Clausura,0.25,0.75,-4,1.38,1.0,4.0,1.33,7
U. de Vinto,8,2,2,4,9,16,-7,8,Bolivia - Primera Div. - Clausura,0.25,0.75,-7,1.12,1.0,4.0,1.33,7
I. Petrolero,8,2,1,5,8,15,-7,7,Bolivia - Primera Div. - Clausura,0.25,0.75,-7,1.0,0.88,4.0,1.33,8
Guabira,8,1,2,5,8,18,-10,5,Bolivia - Primera Div. - Clausura,0.12,0.88,-10,1.0,0.62,8.33,1.14,9
Royal Pari,8,1,2,5,6,17,-11,5,Bolivia - Primera Div. - Clausura,0.12,0.88,-11,0.75,0.62,8.33,1.14,9
Real Tomayapo,8,1,0,7,10,19,-9,3,Bolivia - Primera Div. - Clausura,0.12,0.88,-9,1.25,0.38,8.33,1.14,10
Oriente P.,8,0,2,6,10,24,-14,2,Bolivia - Primera Div. - Clausura,0.0,1.0,-14,1.25,0.25,0.0,1.0,11
Palmeiras,3,3,0,0,5,2,3,9,Brazil - Serie A,1.0,0.0,3,1.67,3.0,1.0,0.0,1
Flamengo,3,2,1,0,4,1,3,7,Brazil - Serie A,0.67,0.33,3,1.33,2.33,1.49,3.03,2
Bragantino,2,1,0,1,2,2,0,3,Brazil - Serie A,0.5,0.5,0,1.0,1.5,2.0,2.0,3
Fluminense,2,1,0,1,2,2,0,3,Brazil - Serie A,0.5,0.5,0,1.0,1.5,2.0,2.0,3
Internacional,3,0,3,0,2,2,0,3,Brazil - Serie A,0.0,1.0,0,0.67,1.0,0.0,1.0,3
Sao Paulo,2,0,2,0,2,2,0,2,Brazil - Serie A,0.0,1.0,0,1.0,1.0,0.0,1.0,4
Mirassol,3,0,2,1,4,5,-1,2,Brazil - Serie A,0.0,1.0,-1,1.33,0.67,0.0,1.0,4
Vitoria,3,0,2,1,3,5,-2,2,Brazil - Serie A,0.0,1.0,-2,1.0,0.67,0.0,1.0,4
Fortaleza,2,0,1,1,2,3,-1,1,Brazil - Serie A,0.0,1.0,-1,1.0,0.5,0.0,1.0,5
Ceara,3,0,1,2,3,5,-2,1,Brazil - Serie A,0.0,1.0,-2,1.0,0.33,0.0,1.0,5
Corinthians,2,0,1,1,1,3,-2,1,Brazil - Serie A,0.0,1.0,-2,0.5,0.5,0.0,1.0,5
Botafogo,3,0,1,2,0,2,-2,1,Brazil - Serie A,0.0,1.0,-2,0.0,0.33,0.0,1.0,5
Bahia,2,0,1,1,2,5,-3,1,Brazil - Serie A,0.0,1.0,-3,1.0,0.5,0.0,1.0,5
Sport Recife,3,0,1,2,2,5,-3,1,Brazil - Serie A,0.0,1.0,-3,0.67,0.33,0.0,1.0,5
Cruzeiro,3,0,1,2,1,5,-4,1,Brazil - Serie A,0.0,1.0,-4,0.33,0.33,0.0,1.0,5
Santos,3,0,0,3,2,5,-3,0,Brazil - Serie A,0.0,1.0,-3,0.67,0.0,0.0,1.0,6
Atletico MG,2,0,0,2,1,4,-3,0,Brazil - Serie A,0.0,1.0,-3,0.5,0.0,0.0,1.0,6
Vasco da Gama,2,0,0,2,1,5,-4,0,Brazil - Serie A,0.0,1.0,-4,0.5,0.0,0.0,1.0,6
Gremio,2,0,0,2,1,6,-5,0,Brazil - Serie A,0.0,1.0,-5,0.5,0.0,0.0,1.0,6
Juventude,2,0,0,2,0,8,-8,0,Brazil - Serie A,0.0,1.0,-8,0.0,0.0,0.0,1.0,6
Avai,2,1,1,0,4,2,2,4,Brazil - Serie B,0.5,0.5,2,2.0,2.0,2.0,2.0,1
Chapecoense,2,1,0,1,2,1,1,3,Brazil - Serie B,0.5,0.5,1,1.0,1.5,2.0,2.0,2
Cuiaba,1,1,0,0,1,0,1,3,Brazil - Serie B,1.0,0.0,1,1.0,3.0,1.0,0.0,2
Athletico PR,2,1,0,1,3,3,0,3,Brazil - Serie B,0.5,0.5,0,1.5,1.5,2.0,2.0,2
Coritiba,2,1,0,1,2,2,0,3,Brazil - Serie B,0.5,0.5,0,1.0,1.5,2.0,2.0,2
Goias,2,1,0,1,2,2,0,3,Brazil - Serie B,0.5,0.5,0,1.0,1.5,2.0,2.0,2
Operario PR,2,1,0,1,2,2,0,3,Brazil - Serie B,0.5,0.5,0,1.0,1.5,2.0,2.0,2
CRB,2,1,0,1,2,3,-1,3,Brazil - Serie B,0.5,0.5,-1,1.0,1.5,2.0,2.0,2
Remo,2,0,2,0,3,3,0,2,Brazil - Serie B,0.0,1.0,0,1.5,1.0,0.0,1.0,3
Novorizontino,2,0,2,0,1,1,0,2,Brazil - Serie B,0.0,1.0,0,0.5,1.0,0.0,1.0,3
Ferroviaria,1,0,1,0,0,0,0,1,Brazil - Serie B,0.0,1.0,0,0.0,1.0,0.0,1.0,4
Criciuma,2,0,1,1,2,3,-1,1,Brazil - Serie B,0.0,1.0,-1,1.0,0.5,0.0,1.0,4
Vila Nova,2,0,1,1,2,3,-1,1,Brazil - Serie B,0.0,1.0,-1,1.0,0.5,0.0,1.0,4
Paysandu,2,0,1,1,0,1,-1,1,Brazil - Serie B,0.0,1.0,-1,0.0,0.5,0.0,1.0,4
Atletico GO,2,0,1,1,1,3,-2,1,Brazil - Serie B,0.0,1.0,-2,0.5,0.5,0.0,1.0,4
America MG,1,0,0,1,0,2,-2,0,Brazil - Serie B,0.0,1.0,-2,0.0,0.0,0.0,1.0,5
Volta Redonda,2,0,0,2,0,2,-2,0,Brazil - Serie B,0.0,1.0,-2,0.0,0.0,0.0,1.0,5
Amazonas,2,0,0,2,1,4,-3,0,Brazil - Serie B,0.0,1.0,-3,0.5,0.0,0.0,1.0,5
Botafogo SP,2,0,0,2,0,3,-3,0,Brazil - Serie B,0.0,1.0,-3,0.0,0.0,0.0,1.0,5
Athletic Club,3,0,0,3,2,9,-7,0,Brazil - Serie B,0.0,1.0,-7,0.67,0.0,0.0,1.0,5
Londrina,1,1,0,0,2,0,2,3,Brazil - Serie C,1.0,0.0,2,2.0,3.0,1.0,0.0,1
Maringa,1,1,0,0,3,2,1,3,Brazil - Serie C,1.0,0.0,1,3.0,3.0,1.0,0.0,1
Ituano,1,1,0,0,1,0,1,3,Brazil - Serie C,1.0,0.0,1,1.0,3.0,1.0,0.0,1
ABC,1,0,1,0,1,1,0,1,Brazil - Serie C,0.0,1.0,0,1.0,1.0,0.0,1.0,2
Anapolis,1,0,1,0,1,1,0,1,Brazil - Serie C,0.0,1.0,0,1.0,1.0,0.0,1.0,2
CSA,1,0,1,0,1,1,0,1,Brazil - Serie C,0.0,1.0,0,1.0,1.0,0.0,1.0,2
Ponte Preta,1,0,1,0,1,1,0,1,Brazil - Serie C,0.0,1.0,0,1.0,1.0,0.0,1.0,2
Botafogo PB,1,0,1,0,0,0,0,1,Brazil - Serie C,0.0,1.0,0,0.0,1.0,0.0,1.0,2
Brusque,1,0,1,0,0,0,0,1,Brazil - Serie C,0.0,1.0,0,0.0,1.0,0.0,1.0,2
Tombense,1,0,1,0,0,0,0,1,Brazil - Serie C,0.0,1.0,0,0.0,1.0,0.0,1.0,2
Figueirense,1,0,0,1,2,3,-1,0,Brazil - Serie C,0.0,1.0,-1,2.0,0.0,0.0,1.0,3
Itabaiana,1,0,0,1,2,3,-1,0,Brazil - Serie C,0.0,1.0,-1,2.0,0.0,0.0,1.0,3
Caxias,1,0,0,1,1,2,-1,0,Brazil - Serie C,0.0,1.0,-1,1.0,0.0,0.0,1.0,3
Nautico,1,0,0,1,1,2,-1,0,Brazil - Serie C,0.0,1.0,-1,1.0,0.0,0.0,1.0,3
Floresta,1,0,0,1,0,1,-1,0,Brazil - Serie C,0.0,1.0,-1,0.0,0.0,0.0,1.0,3
Guarani,1,0,0,1,0,1,-1,0,Brazil - Serie C,0.0,1.0,-1,0.0,0.0,0.0,1.0,3
Retro,1,0,0,1,0,1,-1,0,Brazil - Serie C,0.0,1.0,-1,0.0,0.0,0.0,1.0,3
Sao Bernardo,1,0,0,1,0,1,-1,0,Brazil - Serie C,0.0,1.0,-1,0.0,0.0,0.0,1.0,3
Ypiranga,1,0,0,1,1,3,-2,0,Brazil - Serie C,0.0,1.0,-2,1.0,0.0,0.0,1.0,3
Confianca,1,0,0,1,0,3,-3,0,Brazil - Serie C,0.0,1.0,-3,0.0,0.0,0.0,1.0,3
ASA,1,1,0,0,3,0,3,3,Brazil - Serie D,1.0,0.0,3,3.0,3.0,1.0,0.0,1
Tuna Luso,1,1,0,0,3,0,3,3,Brazil - Serie D,1.0,0.0,3,3.0,3.0,1.0,0.0,1
Inter Limeira,1,1,0,0,3,1,2,3,Brazil - Serie D,1.0,0.0,2,3.0,3.0,1.0,0.0,1
Pouso Alegre,1,1,0,0,3,2,1,3,Brazil - Serie D,1.0,0.0,1,3.0,3.0,1.0,0.0,1
Azuriz,1,1,0,0,2,1,1,3,Brazil - Serie D,1.0,0.0,1,2.0,3.0,1.0,0.0,1
Ceilandia,1,1,0,0,2,1,1,3,Brazil - Serie D,1.0,0.0,1,2.0,3.0,1.0,0.0,1
Aparecidense,1,1,0,0,1,0,1,3,Brazil - Serie D,1.0,0.0,1,1.0,3.0,1.0,0.0,1
Itabirito,1,1,0,0,1,0,1,3,Brazil - Serie D,1.0,0.0,1,1.0,3.0,1.0,0.0,1
Luverdense,1,1,0,0,1,0,1,3,Brazil - Serie D,1.0,0.0,1,1.0,3.0,1.0,0.0,1
Santa Cruz,1,1,0,0,1,0,1,3,Brazil - Serie D,1.0,0.0,1,1.0,3.0,1.0,0.0,1
Maracana,1,0,1,0,2,2,0,1,Brazil - Serie D,0.0,1.0,0,2.0,1.0,0.0,1.0,2
Portuguesa,1,0,1,0,2,2,0,1,Brazil - Serie D,0.0,1.0,0,2.0,1.0,0.0,1.0,2
Altos,1,0,1,0,1,1,0,1,Brazil - Serie D,0.0,1.0,0,1.0,1.0,0.0,1.0,2
Cascavel,1,0,1,0,1,1,0,1,Brazil - Serie D,0.0,1.0,0,1.0,1.0,0.0,1.0,2
Independencia,1,0,1,0,1,1,0,1,Brazil - Serie D,0.0,1.0,0,1.0,1.0,0.0,1.0,2
Manaus,1,0,1,0,1,1,0,1,Brazil - Serie D,0.0,1.0,0,1.0,1.0,0.0,1.0,2
Nova Iguacu,1,0,1,0,1,1,0,1,Brazil - Serie D,0.0,1.0,0,1.0,1.0,0.0,1.0,2
America RN,1,0,1,0,0,0,0,1,Brazil - Serie D,0.0,1.0,0,0.0,1.0,0.0,1.0,2
Barcelona BA,1,0,1,0,0,0,0,1,Brazil - Serie D,0.0,1.0,0,0.0,1.0,0.0,1.0,2
EC Sao Jose,1,0,1,0,0,0,0,1,Brazil - Serie D,0.0,1.0,0,0.0,1.0,0.0,1.0,2
Imperatriz,1,0,1,0,0,0,0,1,Brazil - Serie D,0.0,1.0,0,0.0,1.0,0.0,1.0,2
Agua Santa,0,0,0,0,0,0,0,0,Brazil - Serie D,0.0,0.0,0,0.0,0.0,0.0,0.0,3
Aguia de Maraba,0,0,0,0,0,0,0,0,Brazil - Serie D,0.0,0.0,0,0.0,0.0,0.0,0.0,3
Boavista,0,0,0,0,0,0,0,0,Brazil - Serie D,0.0,0.0,0,0.0,0.0,0.0,0.0,3
Brasil de P.,0,0,0,0,0,0,0,0,Brazil - Serie D,0.0,0.0,0,0.0,0.0,0.0,0.0,3
Capital,0,0,0,0,0,0,0,0,Brazil - Serie D,0.0,0.0,0,0.0,0.0,0.0,0.0,3
Central,0,0,0,0,0,0,0,0,Brazil - Serie D,0.0,0.0,0,0.0,0.0,0.0,0.0,3
CFRJ . Marica,0,0,0,0,0,0,0,0,Brazil - Serie D,0.0,0.0,0,0.0,0.0,0.0,0.0,3
Cianorte,0,0,0,0,0,0,0,0,Brazil - Serie D,0.0,0.0,0,0.0,0.0,0.0,0.0,3
Flamengo,5,3,2,0,13,1,12,11,Brazil - Carioca,0.6,0.4,12,2.6,2.2,1.67,2.5,1
Volta Redonda,6,3,1,2,8,8,0,10,Brazil - Carioca,0.5,0.5,0,1.33,1.67,2.0,2.0,2
Madureira,6,2,1,3,7,6,1,7,Brazil - Carioca,0.33,0.67,1,1.17,1.17,3.03,1.49,3
Fluminense,5,2,1,2,6,5,1,7,Brazil - Carioca,0.4,0.6,1,1.2,1.4,2.5,1.67,3
Nova Iguacu,5,2,1,2,3,5,-2,7,Brazil - Carioca,0.4,0.6,-2,0.6,1.4,2.5,1.67,3
Boavista,5,1,3,1,3,3,0,6,Brazil - Carioca,0.2,0.8,0,0.6,1.2,5.0,1.25,4
Vasco da Gama,5,1,3,1,3,4,-1,6,Brazil - Carioca,0.2,0.8,-1,0.6,1.2,5.0,1.25,4
Sampaio Correa,6,1,3,2,4,6,-2,6,Brazil - Carioca,0.17,0.83,-2,0.67,1.0,5.88,1.2,4
Botafogo,5,1,1,3,3,5,-2,4,Brazil - Carioca,0.2,0.8,-2,0.6,0.8,5.0,1.25,5
Portuguesa RJ,6,1,1,4,6,13,-7,4,Brazil - Carioca,0.17,0.83,-7,1.0,0.67,5.88,1.2,5
CFRJ . Marica,6,1,1,4,5,13,-8,4,Brazil - Carioca,0.17,0.83,-8,0.83,0.67,5.88,1.2,5
Bangu,6,0,3,3,4,10,-6,3,Brazil - Carioca,0.0,1.0,-6,0.67,0.5,0.0,1.0,6
Betim,4,3,1,0,8,2,6,10,Brazil - Mineiro,0.75,0.25,6,2.0,2.5,1.33,4.0,1
Atletico MG,4,2,2,0,3,0,3,8,Brazil - Mineiro,0.5,0.5,3,0.75,2.0,2.0,2.0,2
Democrata GV,4,2,2,0,4,2,2,8,Brazil - Mineiro,0.5,0.5,2,1.0,2.0,2.0,2.0,2
Tombense,4,2,0,2,4,4,0,6,Brazil - Mineiro,0.5,0.5,0,1.0,1.5,2.0,2.0,3
America MG,4,1,2,1,4,4,0,5,Brazil - Mineiro,0.25,0.75,0,1.0,1.25,4.0,1.33,4
Cruzeiro,4,1,1,2,6,5,1,4,Brazil - Mineiro,0.25,0.75,1,1.5,1.0,4.0,1.33,5
Itabirito,4,1,1,2,5,6,-1,4,Brazil - Mineiro,0.25,0.75,-1,1.25,1.0,4.0,1.33,5
Uberlandia,4,1,1,2,4,6,-2,4,Brazil - Mineiro,0.25,0.75,-2,1.0,1.0,4.0,1.33,5
Pouso Alegre,4,1,1,2,5,11,-6,4,Brazil - Mineiro,0.25,0.75,-6,1.25,1.0,4.0,1.33,5
Villa Nova,4,1,1,2,3,9,-6,4,Brazil - Mineiro,0.25,0.75,-6,0.75,1.0,4.0,1.33,5
Athletic Club,4,1,0,3,1,6,-5,3,Brazil - Mineiro,0.25,0.75,-5,0.25,0.75,4.0,1.33,6
Aymores,4,0,2,2,0,3,-3,2,Brazil - Mineiro,0.0,1.0,-3,0.0,0.5,0.0,1.0,7
Atletico GO,5,3,1,1,10,4,6,10,Brazil - Goiano,0.6,0.4,6,2.0,2.0,1.67,2.5,1
Anapolis,5,3,1,1,6,3,3,10,Brazil - Goiano,0.6,0.4,3,1.2,2.0,1.67,2.5,1
Vila Nova,5,3,1,1,7,5,2,10,Brazil - Goiano,0.6,0.4,2,1.4,2.0,1.67,2.5,1
CRAC,6,2,2,2,4,4,0,8,Brazil - Goiano,0.33,0.67,0,0.67,1.33,3.03,1.49,2
Goias,5,2,1,2,4,4,0,7,Brazil - Goiano,0.4,0.6,0,0.8,1.4,2.5,1.67,3
Goiatuba EC,6,1,4,1,4,4,0,7,Brazil - Goiano,0.17,0.83,0,0.67,1.17,5.88,1.2,3
Inhumas,6,1,2,3,3,6,-3,5,Brazil - Goiano,0.17,0.83,-3,0.5,0.83,5.88,1.2,4
Jataiense,6,1,1,4,4,8,-4,4,Brazil - Goiano,0.17,0.83,-4,0.67,0.67,5.88,1.2,5
Goianesia,6,1,1,4,4,9,-5,4,Brazil - Goiano,0.17,0.83,-5,0.67,0.67,5.88,1.2,5
ABECAT Ouvidore,6,1,1,4,3,8,-5,4,Brazil - Goiano,0.17,0.83,-5,0.5,0.67,5.88,1.2,5
Aparecidense,5,0,2,3,2,5,-3,2,Brazil - Goiano,0.0,1.0,-3,0.4,0.4,0.0,1.0,6
Goiania,5,0,0,5,2,12,-10,0,Brazil - Goiano,0.0,1.0,-10,0.4,0.0,0.0,1.0,7
Sport Recife,4,2,1,1,5,3,2,7,Brazil - Pernambucano,0.5,0.5,2,1.25,1.75,2.0,2.0,1
Maguary PE,5,2,1,2,5,9,-4,7,Brazil - Pernambucano,0.4,0.6,-4,1.0,1.4,2.5,1.67,1
Santa Cruz,4,1,2,1,6,3,3,5,Brazil - Pernambucano,0.25,0.75,3,1.5,1.25,4.0,1.33,2
Decisao,5,1,2,2,5,10,-5,5,Brazil - Pernambucano,0.2,0.8,-5,1.0,1.0,5.0,1.25,2
Retro,4,1,1,2,3,5,-2,4,Brazil - Pernambucano,0.25,0.75,-2,0.75,1.0,4.0,1.33,3
Nautico,4,1,0,3,3,5,-2,3,Brazil - Pernambucano,0.25,0.75,-2,0.75,0.75,4.0,1.33,4
Central,4,0,2,2,2,4,-2,2,Brazil - Pernambucano,0.0,1.0,-2,0.5,0.5,0.0,1.0,5
Jaguar,5,0,2,3,5,10,-5,2,Brazil - Pernambucano,0.0,1.0,-5,1.0,0.4,0.0,1.0,5
Petrolina,5,0,2,3,3,9,-6,2,Brazil - Pernambucano,0.0,1.0,-6,0.6,0.4,0.0,1.0,5
Afogados,5,0,1,4,1,9,-8,1,Brazil - Pernambucano,0.0,1.0,-8,0.2,0.2,0.0,1.0,6
Ponte Preta,6,5,1,0,9,4,5,16,Brazil - Paulista,0.83,0.17,5,1.5,2.67,1.2,5.88,1
Palmeiras,6,4,2,0,14,6,8,14,Brazil - Paulista,0.67,0.33,8,2.33,2.33,1.49,3.03,2
Sao Bernardo,6,4,1,1,9,7,2,13,Brazil - Paulista,0.67,0.33,2,1.5,2.17,1.49,3.03,3
Novorizontino,6,3,3,0,9,6,3,12,Brazil - Paulista,0.5,0.5,3,1.5,2.0,2.0,2.0,4
Corinthians,6,3,2,1,8,7,1,11,Brazil - Paulista,0.5,0.5,1,1.33,1.83,2.0,2.0,5
Sao Paulo,6,2,2,2,6,6,0,8,Brazil - Paulista,0.33,0.67,0,1.0,1.33,3.03,1.49,6
Mirassol,6,2,0,4,6,12,-6,6,Brazil - Paulista,0.33,0.67,-6,1.0,1.0,3.03,1.49,7
Santos,6,1,2,3,7,8,-1,5,Brazil - Paulista,0.17,0.83,-1,1.17,0.83,5.88,1.2,8
Bragantino,6,1,2,3,5,8,-3,5,Brazil - Paulista,0.17,0.83,-3,0.83,0.83,5.88,1.2,8
Inter Limeira,6,0,4,2,6,9,-3,4,Brazil - Paulista,0.0,1.0,-3,1.0,0.67,0.0,1.0,9
Portuguesa,6,0,4,2,4,7,-3,4,Brazil - Paulista,0.0,1.0,-3,0.67,0.67,0.0,1.0,9
Noroeste,6,1,1,4,5,10,-5,4,Brazil - Paulista,0.17,0.83,-5,0.83,0.67,5.88,1.2,9
Velo Clube,6,0,3,3,6,9,-3,3,Brazil - Paulista,0.0,1.0,-3,1.0,0.5,0.0,1.0,10
Botafogo SP,6,0,3,3,4,9,-5,3,Brazil - Paulista,0.0,1.0,-5,0.67,0.5,0.0,1.0,10
Guarani,6,0,2,4,4,9,-5,2,Brazil - Paulista,0.0,1.0,-5,0.67,0.33,0.0,1.0,11
Agua Santa,6,0,1,5,3,17,-14,1,Brazil - Paulista,0.0,1.0,-14,0.5,0.17,0.0,1.0,12
EC de Patos,5,3,0,2,11,8,3,9,Brazil - Paraibano,0.6,0.4,3,2.2,1.8,1.67,2.5,1
Sousa,4,2,2,0,5,1,4,8,Brazil - Paraibano,0.5,0.5,4,1.25,2.0,2.0,2.0,2
Treze,4,2,1,1,11,6,5,7,Brazil - Paraibano,0.5,0.5,5,2.75,1.75,2.0,2.0,3
Botafogo PB,4,2,0,2,4,4,0,6,Brazil - Paraibano,0.5,0.5,0,1.0,1.5,2.0,2.0,4
Auto Esporte,5,1,2,2,6,11,-5,5,Brazil - Paraibano,0.2,0.8,-5,1.2,1.0,5.0,1.25,5
Serra Branca,4,1,1,2,3,4,-1,4,Brazil - Paraibano,0.25,0.75,-1,0.75,1.0,4.0,1.33,6
Pombal,5,1,1,3,4,6,-2,4,Brazil - Paraibano,0.2,0.8,-2,0.8,0.8,5.0,1.25,6
Campinense,5,1,1,3,3,8,-5,4,Brazil - Paraibano,0.2,0.8,-5,0.6,0.8,5.0,1.25,6
Nacional Patos,5,0,2,3,7,13,-6,2,Brazil - Paraibano,0.0,1.0,-6,1.4,0.4,0.0,1.0,7
Picuiense,4,0,1,3,2,19,-17,1,Brazil - Paraibano,0.0,1.0,-17,0.5,0.25,0.0,1.0,8
Criciuma,5,3,2,0,8,3,5,11,Brazil - Catarinense,0.6,0.4,5,1.6,2.2,1.67,2.5,1
Chapecoense,6,2,3,1,11,9,2,9,Brazil - Catarinense,0.33,0.67,2,1.83,1.5,3.03,1.49,2
Avai,5,1,3,1,3,1,2,6,Brazil - Catarinense,0.2,0.8,2,0.6,1.2,5.0,1.25,3
Santa Catarina,6,1,3,2,8,9,-1,6,Brazil - Catarinense,0.17,0.83,-1,1.33,1.0,5.88,1.2,3
Brusque,5,1,2,2,5,4,1,5,Brazil - Catarinense,0.2,0.8,1,1.0,1.0,5.0,1.25,4
Figueirense,5,1,2,2,4,5,-1,5,Brazil - Catarinense,0.2,0.8,-1,0.8,1.0,5.0,1.25,4
Barra FC,5,1,2,2,2,5,-3,5,Brazil - Catarinense,0.2,0.8,-3,0.4,1.0,5.0,1.25,4
Joinville,6,1,2,3,3,9,-6,5,Brazil - Catarinense,0.17,0.83,-6,0.5,0.83,5.88,1.2,4
Caravaggio,6,1,1,4,5,13,-8,4,Brazil - Catarinense,0.17,0.83,-8,0.83,0.67,5.88,1.2,5
Hercilio Luz,6,0,2,4,3,8,-5,2,Brazil - Catarinense,0.0,1.0,-5,0.5,0.33,0.0,1.0,6
Marcilio Dias,5,0,2,3,2,7,-5,2,Brazil - Catarinense,0.0,1.0,-5,0.4,0.4,0.0,1.0,6
Concordia,6,0,1,5,3,14,-11,1,Brazil - Catarinense,0.0,1.0,-11,0.5,0.17,0.0,1.0,7
Internacional,4,2,2,0,8,4,4,8,Brazil - Gaucho,0.5,0.5,4,2.0,2.0,2.0,2.0,1
Gremio,4,2,1,1,4,2,2,7,Brazil - Gaucho,0.5,0.5,2,1.0,1.75,2.0,2.0,2
Juventude,4,2,1,1,6,5,1,7,Brazil - Gaucho,0.5,0.5,1,1.5,1.75,2.0,2.0,2
Caxias,4,2,1,1,2,4,-2,7,Brazil - Gaucho,0.5,0.5,-2,0.5,1.75,2.0,2.0,2
Ypiranga,4,1,2,1,2,3,-1,5,Brazil - Gaucho,0.25,0.75,-1,0.5,1.25,4.0,1.33,3
Guarany de Bage,4,1,1,2,3,3,0,4,Brazil - Gaucho,0.25,0.75,0,0.75,1.0,4.0,1.33,4
Monsoon,4,1,1,2,4,6,-2,4,Brazil - Gaucho,0.25,0.75,-2,1.0,1.0,4.0,1.33,4
Sao Luiz,4,1,1,2,2,7,-5,4,Brazil - Gaucho,0.25,0.75,-5,0.5,1.0,4.0,1.33,4
EC Sao Jose,4,0,2,2,3,6,-3,2,Brazil - Gaucho,0.0,1.0,-3,0.75,0.5,0.0,1.0,5
Brasil de P.,4,0,2,2,3,8,-5,2,Brazil - Gaucho,0.0,1.0,-5,0.75,0.5,0.0,1.0,5
Pelotas,4,0,2,2,2,8,-6,2,Brazil - Gaucho,0.0,1.0,-6,0.5,0.5,0.0,1.0,5
Avenida,4,0,0,4,2,6,-4,0,Brazil - Gaucho,0.0,1.0,-4,0.5,0.0,0.0,1.0,6
Levski Sofia,8,5,2,1,14,6,8,17,Bulgaria - Parva Liga,0.62,0.38,8,1.75,2.12,1.61,2.63,1
Cherno More,8,5,2,1,14,10,4,17,Bulgaria - Parva Liga,0.62,0.38,4,1.75,2.12,1.61,2.63,1
Ludogorets,8,5,1,2,17,8,9,16,Bulgaria - Parva Liga,0.62,0.38,9,2.12,2.0,1.61,2.63,2
CSKA Sofia,8,5,1,2,11,4,7,16,Bulgaria - Parva Liga,0.62,0.38,7,1.38,2.0,1.61,2.63,2
Arda,8,4,2,2,14,7,7,14,Bulgaria - Parva Liga,0.5,0.5,7,1.75,1.75,2.0,2.0,3
Septemvri Sofia,8,3,1,4,8,14,-6,10,Bulgaria - Parva Liga,0.38,0.62,-6,1.0,1.25,2.63,1.61,4
Beroe,8,2,3,3,10,9,1,9,Bulgaria - Parva Liga,0.25,0.75,1,1.25,1.12,4.0,1.33,5
Slavia Sofia,8,2,3,3,13,14,-1,9,Bulgaria - Parva Liga,0.25,0.75,-1,1.62,1.12,4.0,1.33,5
Lokomotiv Sofia,8,3,0,5,10,15,-5,9,Bulgaria - Parva Liga,0.38,0.62,-5,1.25,1.12,2.63,1.61,5
Spartak Varna,8,2,2,4,9,13,-4,8,Bulgaria - Parva Liga,0.25,0.75,-4,1.12,1.0,4.0,1.33,6
Lok. Plovdiv,8,2,2,4,7,11,-4,8,Bulgaria - Parva Liga,0.25,0.75,-4,0.88,1.0,4.0,1.33,6
CSKA 1948 Sofia,8,1,4,3,10,10,0,7,Bulgaria - Parva Liga,0.12,0.88,0,1.25,0.88,8.33,1.14,7
Botev Plovdiv,8,1,3,4,6,11,-5,6,Bulgaria - Parva Liga,0.12,0.88,-5,0.75,0.75,8.33,1.14,8
L. Krumovgrad,8,1,2,5,2,10,-8,5,Bulgaria - Parva Liga,0.12,0.88,-8,0.25,0.62,8.33,1.14,9
Hebar,8,1,1,6,8,19,-11,4,Bulgaria - Parva Liga,0.12,0.88,-11,1.0,0.5,8.33,1.14,10
Botev Vratsa,8,0,1,7,6,20,-14,1,Bulgaria - Parva Liga,0.0,1.0,-14,0.75,0.12,0.0,1.0,11
HFX Wanderers,2,1,1,0,4,3,1,4,Canada - Premier League,0.5,0.5,1,2.0,2.0,2.0,2.0,1
A. Ottawa,1,1,0,0,4,1,3,3,Canada - Premier League,1.0,0.0,3,4.0,3.0,1.0,0.0,2
Forge,1,1,0,0,2,0,2,3,Canada - Premier League,1.0,0.0,2,2.0,3.0,1.0,0.0,2
York Utd,2,1,0,1,4,3,1,3,Canada - Premier League,0.5,0.5,1,2.0,1.5,2.0,2.0,2
Vancouver FC,1,0,1,0,1,1,0,1,Canada - Premier League,0.0,1.0,0,1.0,1.0,0.0,1.0,3
Valour,2,0,1,1,1,3,-2,1,Canada - Premier League,0.0,1.0,-2,0.5,0.5,0.0,1.0,3
Cavalry,1,0,0,1,0,1,-1,0,Canada - Premier League,0.0,1.0,-1,0.0,0.0,0.0,1.0,4
Pacific,1,0,0,1,1,3,-2,0,Canada - Premier League,0.0,1.0,-2,1.0,0.0,0.0,1.0,4
Coquimbo Unido,4,2,2,0,5,1,4,8,Chile - Primera Division,0.5,0.5,4,1.25,2.0,2.0,2.0,1
Palestino,4,2,1,1,7,3,4,7,Chile - Primera Division,0.5,0.5,4,1.75,1.75,2.0,2.0,2
U. Catolica,4,1,2,1,4,4,0,5,Chile - Primera Division,0.25,0.75,0,1.0,1.25,4.0,1.33,3
Huachipato,4,1,2,1,3,3,0,5,Chile - Primera Division,0.25,0.75,0,0.75,1.25,4.0,1.33,3
OHiggins,4,1,2,1,3,3,0,5,Chile - Primera Division,0.25,0.75,0,0.75,1.25,4.0,1.33,3
Cobresal,4,1,1,2,4,5,-1,4,Chile - Primera Division,0.25,0.75,-1,1.0,1.0,4.0,1.33,4
Colo-Colo,2,1,0,1,4,3,1,3,Chile - Primera Division,0.5,0.5,1,2.0,1.5,2.0,2.0,5
Audax Italiano,3,1,0,2,4,5,-1,3,Chile - Primera Division,0.33,0.67,-1,1.33,1.0,3.03,1.49,5
Union Espanola,4,1,0,3,4,7,-3,3,Chile - Primera Division,0.25,0.75,-3,1.0,0.75,4.0,1.33,5
Nublense,4,1,0,3,2,11,-9,3,Chile - Primera Division,0.25,0.75,-9,0.5,0.75,4.0,1.33,5
U. de Chile,3,0,1,2,2,5,-3,1,Chile - Primera Division,0.0,1.0,-3,0.67,0.33,0.0,1.0,6
Union La Calera,4,0,1,3,1,4,-3,1,Chile - Primera Division,0.0,1.0,-3,0.25,0.25,0.0,1.0,6
D. Limache,4,0,1,3,4,9,-5,1,Chile - Primera Division,0.0,1.0,-5,1.0,0.25,0.0,1.0,6
D. Iquique,4,0,1,3,3,8,-5,1,Chile - Primera Division,0.0,1.0,-5,0.75,0.25,0.0,1.0,6
La Serena,4,0,1,3,4,10,-6,1,Chile - Primera Division,0.0,1.0,-6,1.0,0.25,0.0,1.0,6
Everton,4,0,1,3,2,9,-7,1,Chile - Primera Division,0.0,1.0,-7,0.5,0.25,0.0,1.0,6
San Marcos,3,3,0,0,5,1,4,9,Chile - Primera B,1.0,0.0,4,1.67,3.0,1.0,0.0,1
Curico Unido,3,2,1,0,3,1,2,7,Chile - Primera B,0.67,0.33,2,1.0,2.33,1.49,3.03,2
Rangers,4,2,1,1,5,4,1,7,Chile - Primera B,0.5,0.5,1,1.25,1.75,2.0,2.0,2
San Luis,4,2,1,1,5,4,1,7,Chile - Primera B,0.5,0.5,1,1.25,1.75,2.0,2.0,2
S. Wanderers,3,2,0,1,3,4,-1,6,Chile - Primera B,0.67,0.33,-1,1.0,2.0,1.49,3.03,3
Concepcion,4,2,0,2,6,8,-2,6,Chile - Primera B,0.5,0.5,-2,1.5,1.5,2.0,2.0,3
Recoleta,4,1,2,1,2,4,-2,5,Chile - Primera B,0.25,0.75,-2,0.5,1.25,4.0,1.33,4
S. Morning,3,1,1,1,4,3,1,4,Chile - Primera B,0.33,0.67,1,1.33,1.33,3.03,1.49,5
U. Concepcion,3,1,1,1,2,1,1,4,Chile - Primera B,0.33,0.67,1,0.67,1.33,3.03,1.49,5
CD Santa Cruz,4,1,1,2,6,7,-1,4,Chile - Primera B,0.25,0.75,-1,1.5,1.0,4.0,1.33,5
Copiapo,3,1,1,1,2,3,-1,4,Chile - Primera B,0.33,0.67,-1,0.67,1.33,3.03,1.49,5
Antofagasta,4,1,1,2,4,9,-5,4,Chile - Primera B,0.25,0.75,-5,1.0,1.0,4.0,1.33,5
Cobreloa,3,0,3,0,3,3,0,3,Chile - Primera B,0.0,1.0,0,1.0,1.0,0.0,1.0,6
U. San Felipe,4,0,2,2,5,7,-2,2,Chile - Primera B,0.0,1.0,-2,1.25,0.5,0.0,1.0,7
Deportes Temuco,4,0,2,2,4,6,-2,2,Chile - Primera B,0.0,1.0,-2,1.0,0.5,0.0,1.0,7
Magallanes,3,0,1,2,2,5,-3,1,Chile - Primera B,0.0,1.0,-3,0.67,0.33,0.0,1.0,8
Chengdu,4,3,1,0,8,2,6,10,China - Super League,0.75,0.25,6,2.0,2.5,1.33,4.0,1
Shandong T.,4,3,0,1,12,11,1,9,China - Super League,0.75,0.25,1,3.0,2.25,1.33,4.0,2
Beijing Guoan,4,1,3,0,10,8,2,6,China - Super League,0.25,0.75,2,2.5,1.5,4.0,1.33,3
Tianjin T.,3,1,2,0,5,4,1,5,China - Super League,0.33,0.67,1,1.67,1.67,3.03,1.49,4
Yunnan Yukun,5,1,2,2,7,10,-3,5,China - Super League,0.2,0.8,-3,1.4,1.0,5.0,1.25,4
Shanghai Port,2,1,1,0,7,4,3,4,China - Super League,0.5,0.5,3,3.5,2.0,2.0,2.0,5
S. Shenhua,2,1,1,0,4,2,2,4,China - Super League,0.5,0.5,2,2.0,2.0,2.0,2.0,5
Qingdao West C.,2,1,1,0,5,4,1,4,China - Super League,0.5,0.5,1,2.5,2.0,2.0,2.0,5
Henan SL,4,1,1,2,4,4,0,4,China - Super League,0.25,0.75,0,1.0,1.0,4.0,1.33,5
Zhejiang,5,1,1,3,7,8,-1,4,China - Super League,0.2,0.8,-1,1.4,0.8,5.0,1.25,5
Changchun Yatai,5,1,0,4,5,10,-5,3,China - Super League,0.2,0.8,-5,1.0,0.6,5.0,1.25,6
Sichuan Jiuniu,5,1,0,4,2,13,-11,3,China - Super League,0.2,0.8,-11,0.4,0.6,5.0,1.25,6
Meizhou Hakka,3,0,2,1,5,6,-1,2,China - Super League,0.0,1.0,-1,1.67,0.67,0.0,1.0,7
Dalian Yingbo,5,0,2,3,3,10,-7,2,China - Super League,0.0,1.0,-7,0.6,0.4,0.0,1.0,7
Wuhan Three T.,5,0,1,4,2,9,-7,1,China - Super League,0.0,1.0,-7,0.4,0.2,0.0,1.0,8
Qingdao Hainiu,4,0,0,4,3,8,-5,0,China - Super League,0.0,1.0,-5,0.75,0.0,0.0,1.0,9
S. Gongfu,3,2,1,0,6,2,4,7,China - League One,0.67,0.33,4,2.0,2.33,1.49,3.03,1
Liaoning Tieren,3,2,0,1,6,2,4,6,China - League One,0.67,0.33,4,2.0,2.0,1.49,3.03,2
Guangdong GZP,2,1,1,0,3,1,2,4,China - League One,0.5,0.5,2,1.5,2.0,2.0,2.0,3
Suzhou Dongwu,2,1,1,0,2,0,2,4,China - League One,0.5,0.5,2,1.0,2.0,2.0,2.0,3
Nanjing City,2,1,1,0,2,1,1,4,China - League One,0.5,0.5,1,1.0,2.0,2.0,2.0,3
Dalian Kuncheng,3,1,1,1,4,4,0,4,China - League One,0.33,0.67,0,1.33,1.33,3.03,1.49,3
Chongqing T.,1,1,0,0,3,0,3,3,China - League One,1.0,0.0,3,3.0,3.0,1.0,0.0,4
Nantong Zhiyun,1,0,1,0,0,0,0,1,China - League One,0.0,1.0,0,0.0,1.0,0.0,1.0,5
Qingdao RL,2,0,1,1,1,2,-1,1,China - League One,0.0,1.0,-1,0.5,0.5,0.0,1.0,5
Shanghai Jiadin,2,0,1,1,1,2,-1,1,China - League One,0.0,1.0,-1,0.5,0.5,0.0,1.0,5
Shaanxi Union,3,0,1,2,2,4,-2,1,China - League One,0.0,1.0,-2,0.67,0.33,0.0,1.0,5
Guangxi Baoyun,2,0,1,1,0,2,-2,1,China - League One,0.0,1.0,-2,0.0,0.5,0.0,1.0,5
Yanbian Longdin,4,0,1,3,2,9,-7,1,China - League One,0.0,1.0,-7,0.5,0.25,0.0,1.0,5
Shenzhen J.,1,0,0,1,1,2,-1,0,China - League One,0.0,1.0,-1,1.0,0.0,0.0,1.0,6
Heilongjiang IC,1,0,0,1,1,3,-2,0,China - League One,0.0,1.0,-2,1.0,0.0,0.0,1.0,6
Foshan Nanshi,2,0,0,2,1,4,-3,0,China - League One,0.0,1.0,-3,0.5,0.0,0.0,1.0,6
Changchun Xidu,4,3,1,0,6,2,4,10,China - League Two,0.75,0.25,4,1.5,2.5,1.33,4.0,1
Wenzhou Pro.,3,2,1,0,2,0,2,7,China - League Two,0.67,0.33,2,0.67,2.33,1.49,3.03,2
Guangzhou Dande,3,2,0,1,7,3,4,6,China - League Two,0.67,0.33,4,2.33,2.0,1.49,3.03,3
Shandong T. B,2,2,0,0,3,0,3,6,China - League Two,1.0,0.0,3,1.5,3.0,1.0,0.0,3
Haikou M.,3,1,2,0,4,2,2,5,China - League Two,0.33,0.67,2,1.33,1.67,3.03,1.49,4
Langfang Glory,3,1,2,0,3,2,1,5,China - League Two,0.33,0.67,1,1.0,1.67,3.03,1.49,4
Guangxi H.,2,1,1,0,2,0,2,4,China - League Two,0.5,0.5,2,1.0,2.0,2.0,2.0,5
Jiangxi Lushan,2,1,1,0,2,1,1,4,China - League Two,0.5,0.5,1,1.0,2.0,2.0,2.0,5
Wuxi Wugou,2,1,1,0,2,1,1,4,China - League Two,0.5,0.5,1,1.0,2.0,2.0,2.0,5
Shenzhen 2028,3,1,1,1,2,3,-1,4,China - League Two,0.33,0.67,-1,0.67,1.33,3.03,1.49,5
Chengdu Rongche,2,1,0,1,3,2,1,3,China - League Two,0.5,0.5,1,1.5,1.5,2.0,2.0,6
Ganzhou Ruishi,3,0,3,0,2,2,0,3,China - League Two,0.0,1.0,0,0.67,1.0,0.0,1.0,6
Guizhou Zhuchen,2,1,0,1,2,3,-1,3,China - League Two,0.5,0.5,-1,1.0,1.5,2.0,2.0,6
Rizhao Yuqi,2,0,2,0,0,0,0,2,China - League Two,0.0,1.0,0,0.0,1.0,0.0,1.0,7
Wuhan Three Tow,3,0,2,1,1,2,-1,2,China - League Two,0.0,1.0,-1,0.33,0.67,0.0,1.0,7
Nantong Haimen,3,0,2,1,3,7,-4,2,China - League Two,0.0,1.0,-4,1.0,0.67,0.0,1.0,7
Xian Ronghai,3,0,2,1,1,6,-5,2,China - League Two,0.0,1.0,-5,0.33,0.67,0.0,1.0,7
Beijing IT,2,0,1,1,2,3,-1,1,China - League Two,0.0,1.0,-1,1.0,0.5,0.0,1.0,8
Quanzhou Yassin,2,0,1,1,1,2,-1,1,China - League Two,0.0,1.0,-1,0.5,0.5,0.0,1.0,8
Taian Tiankuang,3,0,1,2,1,3,-2,1,China - League Two,0.0,1.0,-2,0.33,0.33,0.0,1.0,8
Guangdong Mingt,2,0,1,1,0,2,-2,1,China - League Two,0.0,1.0,-2,0.0,0.5,0.0,1.0,8
Hubei Istar,2,0,1,1,0,2,-2,1,China - League Two,0.0,1.0,-2,0.0,0.5,0.0,1.0,8
Guangxi Lanhang,2,0,0,2,1,3,-2,0,China - League Two,0.0,1.0,-2,0.5,0.0,0.0,1.0,9
Shanghai Port B,2,0,0,2,0,3,-3,0,China - League Two,0.0,1.0,-3,0.0,0.0,0.0,1.0,9
Junior,7,3,4,0,8,4,4,13,Colombia - Primera A - Apertura,0.43,0.57,4,1.14,1.86,2.33,1.75,1
I. Medelin,7,3,3,1,6,4,2,12,Colombia - Primera A - Apertura,0.43,0.57,2,0.86,1.71,2.33,1.75,2
Millonarios,8,3,2,3,12,11,1,11,Colombia - Primera A - Apertura,0.38,0.62,1,1.5,1.38,2.63,1.61,3
Santa Fe,7,3,1,3,10,7,3,10,Colombia - Primera A - Apertura,0.43,0.57,3,1.43,1.43,2.33,1.75,4
Envigado,8,3,1,4,7,9,-2,10,Colombia - Primera A - Apertura,0.38,0.62,-2,0.88,1.25,2.63,1.61,4
A. Nacional,8,2,3,3,10,9,1,9,Colombia - Primera A - Apertura,0.25,0.75,1,1.25,1.12,4.0,1.33,5
A. Bucaramanga,8,2,3,3,7,8,-1,9,Colombia - Primera A - Apertura,0.25,0.75,-1,0.88,1.12,4.0,1.33,5
A. Petrolera,8,2,2,4,4,11,-7,8,Colombia - Primera A - Apertura,0.25,0.75,-7,0.5,1.0,4.0,1.33,6
Deportivo Cali,7,1,4,2,4,6,-2,7,Colombia - Primera A - Apertura,0.14,0.86,-2,0.57,1.0,7.14,1.16,7
Deportes Tolima,7,1,3,3,9,11,-2,6,Colombia - Primera A - Apertura,0.14,0.86,-2,1.29,0.86,7.14,1.16,8
America de Cali,7,1,3,3,6,8,-2,6,Colombia - Primera A - Apertura,0.14,0.86,-2,0.86,0.86,7.14,1.16,8
Deportivo Pasto,7,1,3,3,3,6,-3,6,Colombia - Primera A - Apertura,0.14,0.86,-3,0.43,0.86,7.14,1.16,8
Boyaca Chico,8,1,3,4,4,15,-11,6,Colombia - Primera A - Apertura,0.12,0.88,-11,0.5,0.75,8.33,1.14,8
Fortaleza CEIF,8,1,2,5,4,12,-8,5,Colombia - Primera A - Apertura,0.12,0.88,-8,0.5,0.62,8.33,1.14,9
Once Caldas,7,1,2,4,2,11,-9,5,Colombia - Primera A - Apertura,0.14,0.86,-9,0.29,0.71,7.14,1.16,9
R. Aguilas,7,0,4,3,4,7,-3,4,Colombia - Primera A - Apertura,0.0,1.0,-3,0.57,0.57,0.0,1.0,10
Llaneros,8,1,1,6,7,14,-7,4,Colombia - Primera A - Apertura,0.12,0.88,-7,0.88,0.5,8.33,1.14,10
D. Pereira,7,1,1,5,6,14,-8,4,Colombia - Primera A - Apertura,0.14,0.86,-8,0.86,0.57,7.14,1.16,10
Union Magdalena,7,0,2,5,4,10,-6,2,Colombia - Primera A - Apertura,0.0,1.0,-6,0.57,0.29,0.0,1.0,11
La Equidad,7,0,2,5,4,12,-8,2,Colombia - Primera A - Apertura,0.0,1.0,-8,0.57,0.29,0.0,1.0,11
A. Bucaramanga,8,5,2,1,13,5,8,17,Colombia - Primera A - Clausura,0.62,0.38,8,1.62,2.12,1.61,2.63,1
Santa Fe,8,4,4,0,11,5,6,16,Colombia - Primera A - Clausura,0.5,0.5,6,1.38,2.0,2.0,2.0,2
Millonarios,8,4,2,2,13,7,6,14,Colombia - Primera A - Clausura,0.5,0.5,6,1.62,1.75,2.0,2.0,3
A. Nacional,8,4,1,3,8,7,1,13,Colombia - Primera A - Clausura,0.5,0.5,1,1.0,1.62,2.0,2.0,4
Deportes Tolima,8,4,0,4,7,5,2,12,Colombia - Primera A - Clausura,0.5,0.5,2,0.88,1.5,2.0,2.0,5
America de Cali,8,3,2,3,11,12,-1,11,Colombia - Primera A - Clausura,0.38,0.62,-1,1.38,1.38,2.63,1.61,6
Junior,8,2,4,2,5,3,2,10,Colombia - Primera A - Clausura,0.25,0.75,2,0.62,1.25,4.0,1.33,7
I. Medelin,8,2,4,2,10,9,1,10,Colombia - Primera A - Clausura,0.25,0.75,1,1.25,1.25,4.0,1.33,7
Fortaleza CEIF,8,2,3,3,9,9,0,9,Colombia - Primera A - Clausura,0.25,0.75,0,1.12,1.12,4.0,1.33,8
Deportivo Pasto,8,2,3,3,6,6,0,9,Colombia - Primera A - Clausura,0.25,0.75,0,0.75,1.12,4.0,1.33,8
R. Aguilas,8,2,3,3,7,13,-6,9,Colombia - Primera A - Clausura,0.25,0.75,-6,0.88,1.12,4.0,1.33,8
Once Caldas,8,2,2,4,6,11,-5,8,Colombia - Primera A - Clausura,0.25,0.75,-5,0.75,1.0,4.0,1.33,9
D. Pereira,8,1,4,3,6,9,-3,7,Colombia - Primera A - Clausura,0.12,0.88,-3,0.75,0.88,8.33,1.14,10
Deportivo Cali,8,1,4,3,7,13,-6,7,Colombia - Primera A - Clausura,0.12,0.88,-6,0.88,0.88,8.33,1.14,10
La Equidad,8,1,3,4,7,13,-6,6,Colombia - Primera A - Clausura,0.12,0.88,-6,0.88,0.75,8.33,1.14,11
Patriotas,8,1,1,6,8,18,-10,4,Colombia - Primera A - Clausura,0.12,0.88,-10,1.0,0.5,8.33,1.14,12
Jaguares de C.,8,1,1,6,4,15,-11,4,Colombia - Primera A - Clausura,0.12,0.88,-11,0.5,0.5,8.33,1.14,12
Boyaca Chico,8,1,0,7,5,20,-15,3,Colombia - Primera A - Clausura,0.12,0.88,-15,0.62,0.38,8.33,1.14,13
A. Petrolera,8,0,2,6,4,13,-9,2,Colombia - Primera A - Clausura,0.0,1.0,-9,0.5,0.25,0.0,1.0,14
Envigado,8,0,1,7,2,15,-13,1,Colombia - Primera A - Clausura,0.0,1.0,-13,0.25,0.12,0.0,1.0,15
San Carlos,8,5,1,2,19,17,2,16,Costa Rica - Primera Div. - Apertura,0.62,0.38,2,2.38,2.0,1.61,2.63,1
Saprissa,8,4,2,2,10,7,3,14,Costa Rica - Primera Div. - Apertura,0.5,0.5,3,1.25,1.75,2.0,2.0,2
Alajuelense,8,3,3,2,10,9,1,12,Costa Rica - Primera Div. - Apertura,0.38,0.62,1,1.25,1.5,2.63,1.61,3
Herediano,8,3,2,3,11,11,0,11,Costa Rica - Primera Div. - Apertura,0.38,0.62,0,1.38,1.38,2.63,1.61,4
Santos Guapiles,8,1,4,3,11,13,-2,7,Costa Rica - Primera Div. - Apertura,0.12,0.88,-2,1.38,0.88,8.33,1.14,5
M. Liberia,8,2,1,5,10,14,-4,7,Costa Rica - Primera Div. - Apertura,0.25,0.75,-4,1.25,0.88,4.0,1.33,5
Zeledon,8,1,4,3,6,11,-5,7,Costa Rica - Primera Div. - Apertura,0.12,0.88,-5,0.75,0.88,8.33,1.14,5
Santa Ana,8,2,0,6,8,12,-4,6,Costa Rica - Primera Div. - Apertura,0.25,0.75,-4,1.0,0.75,4.0,1.33,6
Guanacasteca,8,1,3,4,6,15,-9,6,Costa Rica - Primera Div. - Apertura,0.12,0.88,-9,0.75,0.75,8.33,1.14,6
Cartagines,8,1,1,6,8,17,-9,4,Costa Rica - Primera Div. - Apertura,0.12,0.88,-9,1.0,0.5,8.33,1.14,7
Puntarenas,8,1,1,6,8,17,-9,4,Costa Rica - Primera Div. - Apertura,0.12,0.88,-9,1.0,0.5,8.33,1.14,7
Sporting SJ,8,0,1,7,3,12,-9,1,Costa Rica - Primera Div. - Apertura,0.0,1.0,-9,0.38,0.12,0.0,1.0,8
Viktoria Plzen,8,6,1,1,14,6,8,19,CzechRepublic - 1. Liga,0.75,0.25,8,1.75,2.38,1.33,4.0,1
Banik Ostrava,8,6,0,2,13,6,7,18,CzechRepublic - 1. Liga,0.75,0.25,7,1.62,2.25,1.33,4.0,2
Slavia Prague,8,5,1,2,12,5,7,16,CzechRepublic - 1. Liga,0.62,0.38,7,1.5,2.0,1.61,2.63,3
Sparta Prague,8,4,3,1,13,9,4,15,CzechRepublic - 1. Liga,0.5,0.5,4,1.62,1.88,2.0,2.0,4
Sigma Olomouc,8,3,3,2,11,8,3,12,CzechRepublic - 1. Liga,0.38,0.62,3,1.38,1.5,2.63,1.61,5
Hradec Kralove,8,4,0,4,13,12,1,12,CzechRepublic - 1. Liga,0.5,0.5,1,1.62,1.5,2.0,2.0,5
Karvina,8,3,3,2,13,18,-5,12,CzechRepublic - 1. Liga,0.38,0.62,-5,1.62,1.5,2.63,1.61,5
Jablonec,8,3,1,4,9,13,-4,10,CzechRepublic - 1. Liga,0.38,0.62,-4,1.12,1.25,2.63,1.61,6
Slovan Liberec,8,2,3,3,9,6,3,9,CzechRepublic - 1. Liga,0.25,0.75,3,1.12,1.12,4.0,1.33,7
Dukla Praha,8,2,3,3,7,10,-3,9,CzechRepublic - 1. Liga,0.25,0.75,-3,0.88,1.12,4.0,1.33,7
Mlada Boleslav,8,2,1,5,11,12,-1,7,CzechRepublic - 1. Liga,0.25,0.75,-1,1.38,0.88,4.0,1.33,8
Bohemians,8,2,1,5,5,11,-6,7,CzechRepublic - 1. Liga,0.25,0.75,-6,0.62,0.88,4.0,1.33,8
Teplice,8,0,5,3,6,12,-6,5,CzechRepublic - 1. Liga,0.0,1.0,-6,0.75,0.62,0.0,1.0,9
Slovacko,8,1,1,6,8,18,-10,4,CzechRepublic - 1. Liga,0.12,0.88,-10,1.0,0.5,8.33,1.14,10
Pardubice,8,0,2,6,3,17,-14,2,CzechRepublic - 1. Liga,0.0,1.0,-14,0.38,0.25,0.0,1.0,11
C. Budejovice,8,0,0,8,4,23,-19,0,CzechRepublic - 1. Liga,0.0,1.0,-19,0.5,0.0,0.0,1.0,12
Silkeborg,8,3,2,3,17,11,6,11,Denmark - Superligaen,0.38,0.62,6,2.12,1.38,2.63,1.61,1
Brondby IF,8,3,2,3,16,15,1,11,Denmark - Superligaen,0.38,0.62,1,2.0,1.38,2.63,1.61,1
SonderjyskE,8,3,2,3,14,13,1,11,Denmark - Superligaen,0.38,0.62,1,1.75,1.38,2.63,1.61,1
FC Kobenhavn,8,2,4,2,10,11,-1,10,Denmark - Superligaen,0.25,0.75,-1,1.25,1.25,4.0,1.33,2
FC Midtjylland,8,2,1,5,11,11,0,7,Denmark - Superligaen,0.25,0.75,0,1.38,0.88,4.0,1.33,3
Viborg,8,1,4,3,11,13,-2,7,Denmark - Superligaen,0.12,0.88,-2,1.38,0.88,8.33,1.14,3
Randers FC,8,2,1,5,13,17,-4,7,Denmark - Superligaen,0.25,0.75,-4,1.62,0.88,4.0,1.33,3
Aalborg BK,8,1,4,3,9,15,-6,7,Denmark - Superligaen,0.12,0.88,-6,1.12,0.88,8.33,1.14,3
Vejle BK,8,2,1,5,9,16,-7,7,Denmark - Superligaen,0.25,0.75,-7,1.12,0.88,4.0,1.33,3
Lyngby,8,1,3,4,8,11,-3,6,Denmark - Superligaen,0.12,0.88,-3,1.0,0.75,8.33,1.14,4
AGF Aarhus,8,1,2,5,11,15,-4,5,Denmark - Superligaen,0.12,0.88,-4,1.38,0.62,8.33,1.14,5
Nordsjaelland,8,1,2,5,5,14,-9,5,Denmark - Superligaen,0.12,0.88,-9,0.62,0.62,8.33,1.14,5
Fredericia,8,6,1,1,16,2,14,19,Denmark - 1st Division,0.75,0.25,14,2.0,2.38,1.33,4.0,1
Hillerod,8,4,2,2,14,8,6,14,Denmark - 1st Division,0.5,0.5,6,1.75,1.75,2.0,2.0,2
HB Koge,8,3,5,0,12,6,6,14,Denmark - 1st Division,0.38,0.62,6,1.5,1.75,2.63,1.61,2
Kolding IF,8,4,2,2,9,7,2,14,Denmark - 1st Division,0.5,0.5,2,1.12,1.75,2.0,2.0,2
Odense BK,8,3,3,2,18,7,11,12,Denmark - 1st Division,0.38,0.62,11,2.25,1.5,2.63,1.61,3
Esbjerg,8,4,0,4,15,10,5,12,Denmark - 1st Division,0.5,0.5,5,1.88,1.5,2.0,2.0,3
Hvidovre,8,3,0,5,8,10,-2,9,Denmark - 1st Division,0.38,0.62,-2,1.0,1.12,2.63,1.61,4
AC Horsens,8,3,0,5,12,18,-6,9,Denmark - 1st Division,0.38,0.62,-6,1.5,1.12,2.63,1.61,4
B 93,8,2,3,3,10,16,-6,9,Denmark - 1st Division,0.25,0.75,-6,1.25,1.12,4.0,1.33,4
Roskilde,8,2,2,4,7,13,-6,8,Denmark - 1st Division,0.25,0.75,-6,0.88,1.0,4.0,1.33,5
Hobro,8,2,1,5,8,13,-5,7,Denmark - 1st Division,0.25,0.75,-5,1.0,0.88,4.0,1.33,6
Vendsyssel,8,1,3,4,7,12,-5,6,Denmark - 1st Division,0.12,0.88,-5,0.88,0.75,8.33,1.14,7
Middelfart,8,5,3,0,14,6,8,18,Denmark - 2nd Division,0.62,0.38,8,1.75,2.25,1.61,2.63,1
Ishoj,8,5,2,1,12,8,4,17,Denmark - 2nd Division,0.62,0.38,4,1.5,2.12,1.61,2.63,2
Aarhus Fremad,8,4,1,3,11,4,7,13,Denmark - 2nd Division,0.5,0.5,7,1.38,1.62,2.0,2.0,3
Helsingor,8,3,3,2,10,10,0,12,Denmark - 2nd Division,0.38,0.62,0,1.25,1.5,2.63,1.61,4
Naestved,8,3,2,3,8,7,1,11,Denmark - 2nd Division,0.38,0.62,1,1.0,1.38,2.63,1.61,5
BK Frem,8,3,2,3,9,9,0,11,Denmark - 2nd Division,0.38,0.62,0,1.12,1.38,2.63,1.61,5
Fremad Amager,8,3,2,3,9,10,-1,11,Denmark - 2nd Division,0.38,0.62,-1,1.12,1.38,2.63,1.61,5
Hellerup IK,8,3,2,3,8,10,-2,11,Denmark - 2nd Division,0.38,0.62,-2,1.0,1.38,2.63,1.61,5
Skive,8,3,2,3,10,14,-4,11,Denmark - 2nd Division,0.38,0.62,-4,1.25,1.38,2.63,1.61,5
AB Copenhagen,8,2,4,2,14,13,1,10,Denmark - 2nd Division,0.25,0.75,1,1.75,1.25,4.0,1.33,6
Thisted,8,1,2,5,7,14,-7,5,Denmark - 2nd Division,0.12,0.88,-7,0.88,0.62,8.33,1.14,7
Nykobing,8,1,0,7,5,16,-11,3,Denmark - 2nd Division,0.12,0.88,-11,0.62,0.38,8.33,1.14,8
I. del Valle,4,3,0,1,9,4,5,9,Ecuador - Liga Pro 1st Stage,0.75,0.25,5,2.25,2.25,1.33,4.0,1
Barcelona SC,4,3,0,1,9,6,3,9,Ecuador - Liga Pro 1st Stage,0.75,0.25,3,2.25,2.25,1.33,4.0,1
Cuniburo,5,2,3,0,7,4,3,9,Ecuador - Liga Pro 1st Stage,0.4,0.6,3,1.4,1.8,2.5,1.67,1
D. Cuenca,5,2,1,2,3,7,-4,7,Ecuador - Liga Pro 1st Stage,0.4,0.6,-4,0.6,1.4,2.5,1.67,2
Libertad,4,1,3,0,5,4,1,6,Ecuador - Liga Pro 1st Stage,0.25,0.75,1,1.25,1.5,4.0,1.33,3
Macara,5,1,3,1,3,3,0,6,Ecuador - Liga Pro 1st Stage,0.2,0.8,0,0.6,1.2,5.0,1.25,3
Aucas,5,1,2,2,4,7,-3,5,Ecuador - Liga Pro 1st Stage,0.2,0.8,-3,0.8,1.0,5.0,1.25,4
U. Catolica,4,1,1,2,8,6,2,4,Ecuador - Liga Pro 1st Stage,0.25,0.75,2,2.0,1.0,4.0,1.33,5
El Nacional,4,1,1,2,7,7,0,4,Ecuador - Liga Pro 1st Stage,0.25,0.75,0,1.75,1.0,4.0,1.33,5
LDU Quito,4,1,1,2,3,4,-1,4,Ecuador - Liga Pro 1st Stage,0.25,0.75,-1,0.75,1.0,4.0,1.33,5
Emelec,4,1,1,2,3,5,-2,4,Ecuador - Liga Pro 1st Stage,0.25,0.75,-2,0.75,1.0,4.0,1.33,5
Tecnico U.,5,1,1,3,4,8,-4,4,Ecuador - Liga Pro 1st Stage,0.2,0.8,-4,0.8,0.8,5.0,1.25,5
Orense,5,1,0,4,2,11,-9,3,Ecuador - Liga Pro 1st Stage,0.2,0.8,-9,0.4,0.6,5.0,1.25,6
Mushuc Runa,4,0,2,2,3,5,-2,2,Ecuador - Liga Pro 1st Stage,0.0,1.0,-2,0.75,0.5,0.0,1.0,7
Manta,4,0,1,3,2,8,-6,1,Ecuador - Liga Pro 1st Stage,0.0,1.0,-6,0.5,0.25,0.0,1.0,8
Delfin,5,0,1,4,2,14,-12,1,Ecuador - Liga Pro 1st Stage,0.0,1.0,-12,0.4,0.2,0.0,1.0,8
Leones Norte,3,1,2,0,5,3,2,5,Ecuador - Serie B,0.33,0.67,2,1.67,1.67,3.03,1.49,1
Cumbaya,2,1,1,0,3,1,2,4,Ecuador - Serie B,0.5,0.5,2,1.5,2.0,2.0,2.0,2
Nueve Octubre,3,1,1,1,2,2,0,4,Ecuador - Serie B,0.33,0.67,0,0.67,1.33,3.03,1.49,2
22 de Julio,3,1,1,1,1,4,-3,4,Ecuador - Serie B,0.33,0.67,-3,0.33,1.33,3.03,1.49,2
Gualaceo,2,0,2,0,2,2,0,2,Ecuador - Serie B,0.0,1.0,0,1.0,1.0,0.0,1.0,3
Imbabura,3,0,2,1,4,5,-1,2,Ecuador - Serie B,0.0,1.0,-1,1.33,0.67,0.0,1.0,3
Vargas Torres,2,0,1,1,2,3,-1,1,Ecuador - Serie B,0.0,1.0,-1,1.0,0.5,0.0,1.0,4
Guayaquil City,2,0,1,1,1,2,-1,1,Ecuador - Serie B,0.0,1.0,-1,0.5,0.5,0.0,1.0,4
Chacaritas,3,0,1,2,3,6,-3,1,Ecuador - Serie B,0.0,1.0,-3,1.0,0.33,0.0,1.0,4
San Antonio,2,0,1,1,1,4,-3,1,Ecuador - Serie B,0.0,1.0,-3,0.5,0.5,0.0,1.0,4
I. Juniors,2,0,0,2,2,5,-3,0,Ecuador - Serie B,0.0,1.0,-3,1.0,0.0,0.0,1.0,5
Vinotinto,3,0,0,3,2,5,-3,0,Ecuador - Serie B,0.0,1.0,-3,0.67,0.0,0.0,1.0,5
National Bank,8,5,2,1,12,6,6,17,Egypt - Premier League,0.62,0.38,6,1.5,2.12,1.61,2.63,1
Pyramids FC,8,5,2,1,10,5,5,17,Egypt - Premier League,0.62,0.38,5,1.25,2.12,1.61,2.63,1
Al Ahly,8,4,3,1,12,6,6,15,Egypt - Premier League,0.5,0.5,6,1.5,1.88,2.0,2.0,2
Zamalek,8,4,2,2,13,7,6,14,Egypt - Premier League,0.5,0.5,6,1.62,1.75,2.0,2.0,3
Ceramica C.,8,4,2,2,9,7,2,14,Egypt - Premier League,0.5,0.5,2,1.12,1.75,2.0,2.0,3
El Geish,8,4,1,3,8,10,-2,13,Egypt - Premier League,0.5,0.5,-2,1.0,1.62,2.0,2.0,4
ZED FC,8,3,3,2,9,6,3,12,Egypt - Premier League,0.38,0.62,3,1.12,1.5,2.63,1.61,5
Pharco,8,3,2,3,6,8,-2,11,Egypt - Premier League,0.38,0.62,-2,0.75,1.38,2.63,1.61,6
Petrojet,8,3,2,3,9,13,-4,11,Egypt - Premier League,0.38,0.62,-4,1.12,1.38,2.63,1.61,6
Al Masry,8,2,4,2,8,6,2,10,Egypt - Premier League,0.25,0.75,2,1.0,1.25,4.0,1.33,7
Smouha,8,3,0,5,3,7,-4,9,Egypt - Premier League,0.38,0.62,-4,0.38,1.12,2.63,1.61,8
Ismaily,8,2,2,4,6,8,-2,8,Egypt - Premier League,0.25,0.75,-2,0.75,1.0,4.0,1.33,9
Haras El Hodood,8,2,2,4,9,14,-5,8,Egypt - Premier League,0.25,0.75,-5,1.12,1.0,4.0,1.33,9
El Gouna,8,2,2,4,6,11,-5,8,Egypt - Premier League,0.25,0.75,-5,0.75,1.0,4.0,1.33,9
Ghazl El M.,8,2,1,5,8,13,-5,7,Egypt - Premier League,0.25,0.75,-5,1.0,0.88,4.0,1.33,10
Al Ittihad,8,0,5,3,4,9,-5,5,Egypt - Premier League,0.0,1.0,-5,0.5,0.62,0.0,1.0,11
ENPPI,8,0,3,5,6,13,-7,3,Egypt - Premier League,0.0,1.0,-7,0.75,0.38,0.0,1.0,12
Modern Sport,8,0,2,6,5,14,-9,2,Egypt - Premier League,0.0,1.0,-9,0.62,0.25,0.0,1.0,13
Brentford,8,5,2,1,16,5,11,17,Premier League,0.62,0.38,11,2.0,2.12,1.61,2.63,2
Arsenal,8,4,4,0,13,4,9,16,Premier League,0.5,0.5,9,1.62,2.0,2.0,2.0,3
Liverpool,8,4,3,1,14,8,6,15,Premier League,0.5,0.5,6,1.75,1.88,2.0,2.0,4
Newcastle Utd,8,5,0,3,12,12,0,15,Premier League,0.62,0.38,0,1.5,1.88,1.61,2.63,4
Manchester City,8,4,2,2,14,8,6,14,Premier League,0.5,0.5,6,1.75,1.75,2.0,2.0,5
Crystal Palace,8,4,2,2,11,11,0,14,Premier League,0.5,0.5,0,1.38,1.75,2.0,2.0,5
Aston Villa,8,4,1,3,11,11,0,13,Premier League,0.5,0.5,0,1.38,1.62,2.0,2.0,6
Wolverhampton,8,4,1,3,10,12,-2,13,Premier League,0.5,0.5,-2,1.25,1.62,2.0,2.0,6
Fulham,8,4,0,4,12,11,1,12,Premier League,0.5,0.5,1,1.5,1.5,2.0,2.0,7
Everton,8,3,3,2,7,6,1,12,Premier League,0.38,0.62,1,0.88,1.5,2.63,1.61,7
Nottm Forest,8,4,0,4,16,16,0,12,Premier League,0.5,0.5,0,2.0,1.5,2.0,2.0,7
Bournemouth,8,2,5,1,16,12,4,11,Premier League,0.25,0.75,4,2.0,1.38,4.0,1.33,8
Brighton,8,3,2,3,16,18,-2,11,Premier League,0.38,0.62,-2,2.0,1.38,2.63,1.61,8
Manchester Utd,8,2,2,4,9,12,-3,8,Premier League,0.25,0.75,-3,1.12,1.0,4.0,1.33,11
West Ham Utd,8,2,2,4,7,11,-4,8,Premier League,0.25,0.75,-4,0.88,1.0,4.0,1.33,11
Tottenham,8,2,0,6,11,14,-3,6,Premier League,0.25,0.75,-3,1.38,0.75,4.0,1.33,13
Ipswich Town,8,1,3,4,10,15,-5,6,Premier League,0.12,0.88,-5,1.25,0.75,8.33,1.14,13
Chelsea,8,1,2,5,5,13,-8,5,Premier League,0.12,0.88,-8,0.62,0.62,8.33,1.14,14
Southampton,8,1,1,6,9,20,-11,4,Premier League,0.12,0.88,-11,1.12,0.5,8.33,1.14,15
Leicester City,8,1,1,6,6,17,-11,4,Premier League,0.12,0.88,-11,0.75,0.5,8.33,1.14,15
Burnley,8,5,3,0,13,3,10,18,Premier League,0.62,0.38,10,1.62,2.25,1.61,2.63,1
Leeds Utd,8,5,2,1,14,5,9,17,Premier League,0.62,0.38,9,1.75,2.12,1.61,2.63,2
Sheffield Utd,8,5,0,3,9,7,2,15,Premier League,0.62,0.38,2,1.12,1.88,1.61,2.63,4
Coventry City,8,4,1,3,12,12,0,13,Premier League,0.5,0.5,0,1.5,1.62,2.0,2.0,6
Sunderland,8,4,1,3,9,10,-1,13,Premier League,0.5,0.5,-1,1.12,1.62,2.0,2.0,6
Sheffield Wed,8,3,2,3,11,13,-2,11,Premier League,0.38,0.62,-2,1.38,1.38,2.63,1.61,8
Swansea City,8,3,2,3,8,12,-4,11,Premier League,0.38,0.62,-4,1.0,1.38,2.63,1.61,8
Luton Town,8,3,2,3,6,11,-5,11,Premier League,0.38,0.62,-5,0.75,1.38,2.63,1.61,8
Millwall,8,3,1,4,7,14,-7,10,Premier League,0.38,0.62,-7,0.88,1.25,2.63,1.61,9
Blackburn,8,3,0,5,6,9,-3,9,Premier League,0.38,0.62,-3,0.75,1.12,2.63,1.61,10
Bristol City,8,1,5,2,9,10,-1,8,Premier League,0.12,0.88,-1,1.12,1.0,8.33,1.14,11
Hull City,8,2,2,4,4,7,-3,8,Premier League,0.25,0.75,-3,0.5,1.0,4.0,1.33,11
Derby County,8,2,2,4,10,14,-4,8,Premier League,0.25,0.75,-4,1.25,1.0,4.0,1.33,11
Middlesbrough,8,2,1,5,8,10,-2,7,Premier League,0.25,0.75,-2,1.0,0.88,4.0,1.33,12
Stoke City,8,2,1,5,8,18,-10,7,Premier League,0.25,0.75,-10,1.0,0.88,4.0,1.33,12
QP Rangers,8,2,0,6,9,13,-4,6,Premier League,0.25,0.75,-4,1.12,0.75,4.0,1.33,13
Oxford Utd,8,1,3,4,5,9,-4,6,Premier League,0.12,0.88,-4,0.62,0.75,8.33,1.14,13
Portsmouth,8,2,0,6,11,16,-5,6,Premier League,0.25,0.75,-5,1.38,0.75,4.0,1.33,13
Plymouth,8,1,3,4,6,13,-7,6,Premier League,0.12,0.88,-7,0.75,0.75,8.33,1.14,13
Cardiff City,8,1,3,4,7,17,-10,6,Premier League,0.12,0.88,-10,0.88,0.75,8.33,1.14,13
Watford,8,1,2,5,6,10,-4,5,Premier League,0.12,0.88,-4,0.75,0.62,8.33,1.14,14
Norwich City,8,1,2,5,7,13,-6,5,Premier League,0.12,0.88,-6,0.88,0.62,8.33,1.14,14
Preston,8,1,1,6,6,12,-6,4,Premier League,0.12,0.88,-6,0.75,0.5,8.33,1.14,15
West Brom,8,0,3,5,5,12,-7,3,Premier League,0.0,1.0,-7,0.62,0.38,0.0,1.0,16
Wrexham,8,5,2,1,10,6,4,17,League One,0.62,0.38,4,1.25,2.12,1.61,2.63,1
Blackpool,8,5,1,2,16,7,9,16,League One,0.62,0.38,9,2.0,2.0,1.61,2.63,2
Charlton,8,5,1,2,10,6,4,16,League One,0.62,0.38,4,1.25,2.0,1.61,2.63,2
Birmingham City,8,4,3,1,10,8,2,15,League One,0.5,0.5,2,1.25,1.88,2.0,2.0,3
Reading,8,3,3,2,13,10,3,12,League One,0.38,0.62,3,1.62,1.5,2.63,1.61,4
Northampton,8,3,3,2,11,8,3,12,League One,0.38,0.62,3,1.38,1.5,2.63,1.61,4
Wycombe,8,3,3,2,9,7,2,12,League One,0.38,0.62,2,1.12,1.5,2.63,1.61,4
Stockport,8,3,3,2,8,6,2,12,League One,0.38,0.62,2,1.0,1.5,2.63,1.61,4
Leyton Orient,8,4,0,4,12,12,0,12,League One,0.5,0.5,0,1.5,1.5,2.0,2.0,4
Peterborough,8,3,3,2,10,10,0,12,League One,0.38,0.62,0,1.25,1.5,2.63,1.61,4
Exeter City,8,3,3,2,7,9,-2,12,League One,0.38,0.62,-2,0.88,1.5,2.63,1.61,4
Cambridge Utd,8,3,2,3,8,10,-2,11,League One,0.38,0.62,-2,1.0,1.38,2.63,1.61,5
Rotherham,8,3,1,4,8,9,-1,10,League One,0.38,0.62,-1,1.0,1.25,2.63,1.61,6
Stevenage,8,3,1,4,5,8,-3,10,League One,0.38,0.62,-3,0.62,1.25,2.63,1.61,6
Bolton,8,3,1,4,12,16,-4,10,League One,0.38,0.62,-4,1.5,1.25,2.63,1.61,6
Burton Albion,8,3,1,4,6,10,-4,10,League One,0.38,0.62,-4,0.75,1.25,2.63,1.61,6
Lincoln City,8,2,2,4,12,12,0,8,League One,0.25,0.75,0,1.5,1.0,4.0,1.33,7
Wigan Athletic,8,1,5,2,4,5,-1,8,League One,0.12,0.88,-1,0.5,1.0,8.33,1.14,7
Mansfield,8,1,4,3,11,16,-5,7,League One,0.12,0.88,-5,1.38,0.88,8.33,1.14,8
Barnsley,8,2,1,5,11,17,-6,7,League One,0.25,0.75,-6,1.38,0.88,4.0,1.33,8
Crawley Town,8,2,1,5,12,19,-7,7,League One,0.25,0.75,-7,1.5,0.88,4.0,1.33,8
Shrewsbury,8,1,3,4,7,16,-9,6,League One,0.12,0.88,-9,0.88,0.75,8.33,1.14,9
Huddersfield,8,2,0,6,5,14,-9,6,League One,0.25,0.75,-9,0.62,0.75,4.0,1.33,9
Bristol Rovers,8,0,2,6,2,14,-12,2,League One,0.0,1.0,-12,0.25,0.25,0.0,1.0,10
Swindon Town,8,5,1,2,18,6,12,16,League Two,0.62,0.38,12,2.25,2.0,1.61,2.63,1
Grimsby,8,4,3,1,14,10,4,15,League Two,0.5,0.5,4,1.75,1.88,2.0,2.0,2
Salford City,8,4,2,2,14,10,4,14,League Two,0.5,0.5,4,1.75,1.75,2.0,2.0,3
Doncaster,8,4,2,2,12,9,3,14,League Two,0.5,0.5,3,1.5,1.75,2.0,2.0,3
Cheltenham,8,4,1,3,13,14,-1,13,League Two,0.5,0.5,-1,1.62,1.62,2.0,2.0,4
Barrow,8,3,3,2,12,11,1,12,League Two,0.38,0.62,1,1.5,1.5,2.63,1.61,5
Fleetwood,8,4,0,4,16,16,0,12,League Two,0.5,0.5,0,2.0,1.5,2.0,2.0,5
Colchester Utd,8,3,3,2,7,9,-2,12,League Two,0.38,0.62,-2,0.88,1.5,2.63,1.61,5
Notts County,8,3,2,3,9,8,1,11,League Two,0.38,0.62,1,1.12,1.38,2.63,1.61,6
Bromley,8,3,2,3,9,13,-4,11,League Two,0.38,0.62,-4,1.12,1.38,2.63,1.61,6
Port Vale,8,2,4,2,13,13,0,10,League Two,0.25,0.75,0,1.62,1.25,4.0,1.33,7
Chesterfield,8,3,1,4,8,10,-2,10,League Two,0.38,0.62,-2,1.0,1.25,2.63,1.61,7
Walsall,8,1,6,1,9,9,0,9,League Two,0.12,0.88,0,1.12,1.12,8.33,1.14,8
Bradford,8,2,3,3,10,12,-2,9,League Two,0.25,0.75,-2,1.25,1.12,4.0,1.33,8
Crewe Alexandra,8,1,5,2,5,8,-3,8,League Two,0.12,0.88,-3,0.62,1.0,8.33,1.14,9
Gillingham,8,0,7,1,8,10,-2,7,League Two,0.0,1.0,-2,1.0,0.88,0.0,1.0,10
AFC Wimbledon,8,1,4,3,6,8,-2,7,League Two,0.12,0.88,-2,0.75,0.88,8.33,1.14,10
Tranmere,8,1,4,3,8,11,-3,7,League Two,0.12,0.88,-3,1.0,0.88,8.33,1.14,10
Carlisle Utd,8,2,1,5,6,10,-4,7,League Two,0.25,0.75,-4,0.75,0.88,4.0,1.33,10
Accrington,8,2,1,5,4,12,-8,7,League Two,0.25,0.75,-8,0.5,0.88,4.0,1.33,10
Milton Keynes,8,2,1,5,4,13,-9,7,League Two,0.25,0.75,-9,0.5,0.88,4.0,1.33,10
Newport,8,1,2,5,7,15,-8,5,League Two,0.12,0.88,-8,0.88,0.62,8.33,1.14,11
Harrogate,8,0,3,5,3,11,-8,3,League Two,0.0,1.0,-8,0.38,0.38,0.0,1.0,12
Morecambe,8,0,0,8,3,13,-10,0,League Two,0.0,1.0,-10,0.38,0.0,0.0,1.0,13
Barnet,8,6,1,1,14,3,11,19,England - National League,0.75,0.25,11,1.75,2.38,1.33,4.0,1
York City,8,6,0,2,17,8,9,18,England - National League,0.75,0.25,9,2.12,2.25,1.33,4.0,2
Boston Utd,8,5,0,3,15,12,3,15,England - National League,0.62,0.38,3,1.88,1.88,1.61,2.63,3
Altrincham,8,4,1,3,11,10,1,13,England - National League,0.5,0.5,1,1.38,1.62,2.0,2.0,4
Halifax Town,8,3,3,2,10,9,1,12,England - National League,0.38,0.62,1,1.25,1.5,2.63,1.61,5
Tamworth,8,3,2,3,13,14,-1,11,England - National League,0.38,0.62,-1,1.62,1.38,2.63,1.61,6
Maidenhead Utd,8,3,2,3,6,7,-1,11,England - National League,0.38,0.62,-1,0.75,1.38,2.63,1.61,6
Gateshead FC,8,3,1,4,15,14,1,10,England - National League,0.38,0.62,1,1.88,1.25,2.63,1.61,7
Southend Utd,8,2,4,2,12,11,1,10,England - National League,0.25,0.75,1,1.5,1.25,4.0,1.33,7
Oldham,8,2,4,2,7,7,0,10,England - National League,0.25,0.75,0,0.88,1.25,4.0,1.33,7
Woking,8,2,4,2,11,13,-2,10,England - National League,0.25,0.75,-2,1.38,1.25,4.0,1.33,7
Wealdstone,8,3,1,4,8,16,-8,10,England - National League,0.38,0.62,-8,1.0,1.25,2.63,1.61,7
Rochdale,8,1,6,1,7,7,0,9,England - National League,0.12,0.88,0,0.88,1.12,8.33,1.14,8
Braintree Town,8,2,3,3,13,14,-1,9,England - National League,0.25,0.75,-1,1.62,1.12,4.0,1.33,8
Hartlepool,8,2,3,3,10,11,-1,9,England - National League,0.25,0.75,-1,1.25,1.12,4.0,1.33,8
Aldershot Town,8,3,0,5,9,20,-11,9,England - National League,0.38,0.62,-11,1.12,1.12,2.63,1.61,8
AFC Fylde,8,2,2,4,5,8,-3,8,England - National League,0.25,0.75,-3,0.62,1.0,4.0,1.33,9
Sutton Utd,8,2,2,4,11,15,-4,8,England - National League,0.25,0.75,-4,1.38,1.0,4.0,1.33,9
Solihull Moors,8,2,2,4,7,11,-4,8,England - National League,0.25,0.75,-4,0.88,1.0,4.0,1.33,9
Dagenham & R.,8,1,4,3,4,8,-4,7,England - National League,0.12,0.88,-4,0.5,0.88,8.33,1.14,10
Yeovil Town,8,2,1,5,7,14,-7,7,England - National League,0.25,0.75,-7,0.88,0.88,4.0,1.33,10
Forest Green,8,1,3,4,6,11,-5,6,England - National League,0.12,0.88,-5,0.75,0.75,8.33,1.14,11
Eastleigh,8,1,2,5,7,16,-9,5,England - National League,0.12,0.88,-9,0.88,0.62,8.33,1.14,12
Ebbsfleet Utd,8,0,2,6,8,17,-9,2,England - National League,0.0,1.0,-9,1.0,0.25,0.0,1.0,13
Brackley Town,8,6,1,1,14,9,5,19,England - National L. North,0.75,0.25,5,1.75,2.38,1.33,4.0,1
Kings Lynn,8,6,0,2,9,4,5,18,England - National L. North,0.75,0.25,5,1.12,2.25,1.33,4.0,2
Kidderminster,8,5,2,1,19,6,13,17,England - National L. North,0.62,0.38,13,2.38,2.12,1.61,2.63,3
Spennymoor,8,5,0,3,13,8,5,15,England - National L. North,0.62,0.38,5,1.62,1.88,1.61,2.63,4
Buxton,8,4,1,3,17,8,9,13,England - National L. North,0.5,0.5,9,2.12,1.62,2.0,2.0,5
Hereford Utd,8,4,1,3,13,10,3,13,England - National L. North,0.5,0.5,3,1.62,1.62,2.0,2.0,5
Marine,8,4,1,3,7,9,-2,13,England - National L. North,0.5,0.5,-2,0.88,1.62,2.0,2.0,5
Scunthorpe,8,3,2,3,7,4,3,11,England - National L. North,0.38,0.62,3,0.88,1.38,2.63,1.61,6
Curzon,8,3,2,3,11,12,-1,11,England - National L. North,0.38,0.62,-1,1.38,1.38,2.63,1.61,6
Chester,8,3,2,3,8,10,-2,11,England - National L. North,0.38,0.62,-2,1.0,1.38,2.63,1.61,6
Southport,8,2,3,3,5,5,0,9,England - National L. North,0.25,0.75,0,0.62,1.12,4.0,1.33,7
Oxford City,8,2,3,3,9,12,-3,9,England - National L. North,0.25,0.75,-3,1.12,1.12,4.0,1.33,7
Scarborough,8,2,2,4,7,11,-4,8,England - National L. North,0.25,0.75,-4,0.88,1.0,4.0,1.33,8
Radcliffe,8,2,2,4,7,13,-6,8,England - National L. North,0.25,0.75,-6,0.88,1.0,4.0,1.33,8
South Shields,8,2,1,5,10,15,-5,7,England - National L. North,0.25,0.75,-5,1.25,0.88,4.0,1.33,9
Darlington,8,2,1,5,9,14,-5,7,England - National L. North,0.25,0.75,-5,1.12,0.88,4.0,1.33,9
Peterborough S.,8,2,1,5,6,15,-9,7,England - National L. North,0.25,0.75,-9,0.75,0.88,4.0,1.33,9
Alfreton Town,8,1,2,5,4,11,-7,5,England - National L. North,0.12,0.88,-7,0.5,0.62,8.33,1.14,10
Needham Market,8,1,1,6,9,17,-8,4,England - National L. North,0.12,0.88,-8,1.12,0.5,8.33,1.14,11
Leamington,8,1,1,6,3,12,-9,4,England - National L. North,0.12,0.88,-9,0.38,0.5,8.33,1.14,11
Chorley,8,0,3,5,5,13,-8,3,England - National L. North,0.0,1.0,-8,0.62,0.38,0.0,1.0,12
Farsley Celtic,8,1,0,7,6,25,-19,3,England - National L. North,0.12,0.88,-19,0.75,0.38,8.33,1.14,12
Rushall,8,0,2,6,6,22,-16,2,England - National L. North,0.0,1.0,-16,0.75,0.25,0.0,1.0,13
Warrington,8,0,1,7,5,18,-13,1,England - National L. North,0.0,1.0,-13,0.62,0.12,0.0,1.0,14
Truro City,8,6,1,1,17,6,11,19,England - National L. South,0.75,0.25,11,2.12,2.38,1.33,4.0,1
Weston-s.-Mare,8,6,0,2,14,8,6,18,England - National L. South,0.75,0.25,6,1.75,2.25,1.33,4.0,2
Torquay Utd,8,5,2,1,12,7,5,17,England - National L. South,0.62,0.38,5,1.5,2.12,1.61,2.63,3
Dorking,8,4,4,0,11,5,6,16,England - National L. South,0.5,0.5,6,1.38,2.0,2.0,2.0,4
Enfield Town,8,4,2,2,12,12,0,14,England - National L. South,0.5,0.5,0,1.5,1.75,2.0,2.0,5
Bath City,8,4,1,3,13,7,6,13,England - National L. South,0.5,0.5,6,1.62,1.62,2.0,2.0,6
Eastbourne,8,4,1,3,10,8,2,13,England - National L. South,0.5,0.5,2,1.25,1.62,2.0,2.0,6
Worthing,8,4,1,3,9,12,-3,13,England - National L. South,0.5,0.5,-3,1.12,1.62,2.0,2.0,6
Hornchurch,8,3,3,2,10,9,1,12,England - National L. South,0.38,0.62,1,1.25,1.5,2.63,1.61,7
Farnborough,8,3,2,3,18,14,4,11,England - National L. South,0.38,0.62,4,2.25,1.38,2.63,1.61,8
Chelmsford City,8,3,1,4,12,12,0,10,England - National L. South,0.38,0.62,0,1.5,1.25,2.63,1.61,9
Boreham Wood,8,3,1,4,14,15,-1,10,England - National L. South,0.38,0.62,-1,1.75,1.25,2.63,1.61,9
Chippenham,8,3,1,4,9,17,-8,10,England - National L. South,0.38,0.62,-8,1.12,1.25,2.63,1.61,9
Maidstone Utd,8,2,3,3,7,5,2,9,England - National L. South,0.25,0.75,2,0.88,1.12,4.0,1.33,10
Hemel Hempstead,8,2,3,3,7,12,-5,9,England - National L. South,0.25,0.75,-5,0.88,1.12,4.0,1.33,10
St Albans,8,1,4,3,7,9,-2,7,England - National L. South,0.12,0.88,-2,0.88,0.88,8.33,1.14,11
Chesham Utd,8,2,1,5,6,13,-7,7,England - National L. South,0.25,0.75,-7,0.75,0.88,4.0,1.33,11
Tonbridge,8,2,1,5,5,12,-7,7,England - National L. South,0.25,0.75,-7,0.62,0.88,4.0,1.33,11
Aveley,8,2,1,5,6,14,-8,7,England - National L. South,0.25,0.75,-8,0.75,0.88,4.0,1.33,11
Slough Town,8,2,1,5,8,17,-9,7,England - National L. South,0.25,0.75,-9,1.0,0.88,4.0,1.33,11
Salisbury,8,0,4,4,12,18,-6,4,England - National L. South,0.0,1.0,-6,1.5,0.5,0.0,1.0,12
Hampton & R.,8,1,0,7,8,18,-10,3,England - National L. South,0.12,0.88,-10,1.0,0.38,8.33,1.14,13
Weymouth,8,0,3,5,4,16,-12,3,England - National L. South,0.0,1.0,-12,0.5,0.38,0.0,1.0,13
Welling Utd,8,0,1,7,6,24,-18,1,England - National L. South,0.0,1.0,-18,0.75,0.12,0.0,1.0,14
Billericay Town,8,6,0,2,21,8,13,18,England - Isthmian league,0.75,0.25,13,2.62,2.25,1.33,4.0,1
Horsham,8,6,0,2,14,8,6,18,England - Isthmian league,0.75,0.25,6,1.75,2.25,1.33,4.0,1
Chichester City,8,5,1,2,11,6,5,16,England - Isthmian league,0.62,0.38,5,1.38,2.0,1.61,2.63,2
Dartford,8,5,1,2,15,11,4,16,England - Isthmian league,0.62,0.38,4,1.88,2.0,1.61,2.63,2
Carshalton,8,5,0,3,13,10,3,15,England - Isthmian league,0.62,0.38,3,1.62,1.88,1.61,2.63,3
Wingate & F.,8,4,2,2,15,9,6,14,England - Isthmian league,0.5,0.5,6,1.88,1.75,2.0,2.0,4
Chatham Town,8,4,2,2,11,7,4,14,England - Isthmian league,0.5,0.5,4,1.38,1.75,2.0,2.0,4
Cray Valley PM,8,4,1,3,13,11,2,13,England - Isthmian league,0.5,0.5,2,1.62,1.62,2.0,2.0,5
Hashtag United,8,2,4,2,12,10,2,10,England - Isthmian league,0.25,0.75,2,1.5,1.25,4.0,1.33,6
Dover Athletic,8,3,1,4,11,11,0,10,England - Isthmian league,0.38,0.62,0,1.38,1.25,2.63,1.61,6
Potters Bar,8,3,1,4,8,10,-2,10,England - Isthmian league,0.38,0.62,-2,1.0,1.25,2.63,1.61,6
Lewes,8,3,1,4,9,15,-6,10,England - Isthmian league,0.38,0.62,-6,1.12,1.25,2.63,1.61,6
Cray Wanderers,8,3,0,5,10,12,-2,9,England - Isthmian league,0.38,0.62,-2,1.25,1.12,2.63,1.61,7
Cheshunt,8,3,0,5,7,14,-7,9,England - Isthmian league,0.38,0.62,-7,0.88,1.12,2.63,1.61,7
Whitehawk,8,2,1,5,12,15,-3,7,England - Isthmian league,0.25,0.75,-3,1.5,0.88,4.0,1.33,8
Folkestone,8,2,1,5,12,16,-4,7,England - Isthmian league,0.25,0.75,-4,1.5,0.88,4.0,1.33,8
Bognor Regis,8,1,3,4,13,21,-8,6,England - Isthmian league,0.12,0.88,-8,1.62,0.75,8.33,1.14,9
Hastings Utd,8,1,2,5,5,10,-5,5,England - Isthmian league,0.12,0.88,-5,0.62,0.62,8.33,1.14,10
Dulwich Hamlet,8,1,2,5,6,16,-10,5,England - Isthmian league,0.12,0.88,-10,0.75,0.62,8.33,1.14,10
Bowers & Pitsea,8,1,1,6,4,19,-15,4,England - Isthmian league,0.12,0.88,-15,0.5,0.5,8.33,1.14,11
Hendon,8,0,3,5,7,17,-10,3,England - Isthmian league,0.0,1.0,-10,0.88,0.38,0.0,1.0,12
Canvey Island,8,0,1,7,4,16,-12,1,England - Isthmian league,0.0,1.0,-12,0.5,0.12,0.0,1.0,13
Macclesfield,8,7,1,0,25,4,21,22,England - Northern league,0.88,0.12,21,3.12,2.75,1.14,8.33,1
Stockton Town,8,6,0,2,9,6,3,18,England - Northern league,0.75,0.25,3,1.12,2.25,1.33,4.0,2
Worksop Town,8,5,1,2,16,12,4,16,England - Northern league,0.62,0.38,4,2.0,2.0,1.61,2.63,3
Morpeth Town,8,4,3,1,10,7,3,15,England - Northern league,0.5,0.5,3,1.25,1.88,2.0,2.0,4
Rylands,8,4,1,3,13,9,4,13,England - Northern league,0.5,0.5,4,1.62,1.62,2.0,2.0,5
Guiseley,8,3,3,2,10,8,2,12,England - Northern league,0.38,0.62,2,1.25,1.5,2.63,1.61,6
Gainsborough,8,3,3,2,9,7,2,12,England - Northern league,0.38,0.62,2,1.12,1.5,2.63,1.61,6
FC United,8,3,3,2,7,9,-2,12,England - Northern league,0.38,0.62,-2,0.88,1.5,2.63,1.61,6
Leek Town,8,3,2,3,10,8,2,11,England - Northern league,0.38,0.62,2,1.25,1.38,2.63,1.61,7
Hyde Utd,8,3,2,3,9,10,-1,11,England - Northern league,0.38,0.62,-1,1.12,1.38,2.63,1.61,7
Whitby Town,8,3,1,4,11,16,-5,10,England - Northern league,0.38,0.62,-5,1.38,1.25,2.63,1.61,8
Lancaster City,8,3,0,5,11,14,-3,9,England - Northern league,0.38,0.62,-3,1.38,1.12,2.63,1.61,9
Ashton Utd,8,2,2,4,10,13,-3,8,England - Northern league,0.25,0.75,-3,1.25,1.0,4.0,1.33,10
Bamber Bridge,8,2,1,5,11,12,-1,7,England - Northern league,0.25,0.75,-1,1.38,0.88,4.0,1.33,11
Prescot Cables,8,2,1,5,8,13,-5,7,England - Northern league,0.25,0.75,-5,1.0,0.88,4.0,1.33,11
Hebburn Town,8,1,4,3,9,15,-6,7,England - Northern league,0.12,0.88,-6,1.12,0.88,8.33,1.14,11
Matlock,8,1,3,4,9,11,-2,6,England - Northern league,0.12,0.88,-2,1.12,0.75,8.33,1.14,12
Workington,8,2,0,6,10,14,-4,6,England - Northern league,0.25,0.75,-4,1.25,0.75,4.0,1.33,12
Ilkeston Town,8,1,3,4,6,13,-7,6,England - Northern league,0.12,0.88,-7,0.75,0.75,8.33,1.14,12
Basford Utd,8,0,2,6,3,12,-9,2,England - Northern league,0.0,1.0,-9,0.38,0.25,0.0,1.0,13
Mickleover,8,0,2,6,3,23,-20,2,England - Northern league,0.0,1.0,-20,0.38,0.25,0.0,1.0,13
Blyth Spartans,8,0,0,8,8,26,-18,0,England - Northern league,0.0,1.0,-18,1.0,0.0,0.0,1.0,14
Kettering Town,8,5,2,1,11,5,6,17,England - Southern Central,0.62,0.38,6,1.38,2.12,1.61,2.63,1
Harborough Town,8,4,4,0,13,4,9,16,England - Southern Central,0.5,0.5,9,1.62,2.0,2.0,2.0,2
Stourbridge,8,5,1,2,14,10,4,16,England - Southern Central,0.62,0.38,4,1.75,2.0,1.61,2.63,2
Bedford Town,8,5,1,2,13,12,1,16,England - Southern Central,0.62,0.38,1,1.62,2.0,1.61,2.63,2
Halesowen Town,8,3,3,2,7,6,1,12,England - Southern Central,0.38,0.62,1,0.88,1.5,2.63,1.61,3
Leiston,8,3,3,2,7,7,0,12,England - Southern Central,0.38,0.62,0,0.88,1.5,2.63,1.61,3
Stamford,8,3,3,2,7,12,-5,12,England - Southern Central,0.38,0.62,-5,0.88,1.5,2.63,1.61,3
Spalding United,8,3,2,3,13,10,3,11,England - Southern Central,0.38,0.62,3,1.62,1.38,2.63,1.61,4
AFC Sudbury,8,3,2,3,7,11,-4,11,England - Southern Central,0.38,0.62,-4,0.88,1.38,2.63,1.61,4
St. Ives Town,8,2,4,2,11,11,0,10,England - Southern Central,0.25,0.75,0,1.38,1.25,4.0,1.33,5
Bromsgrove,8,3,0,5,12,17,-5,9,England - Southern Central,0.38,0.62,-5,1.5,1.12,2.63,1.61,6
Banbury Utd,8,2,2,4,9,12,-3,8,England - Southern Central,0.25,0.75,-3,1.12,1.0,4.0,1.33,7
Telford Utd,8,0,7,1,11,13,-2,7,England - Southern Central,0.0,1.0,-2,1.38,0.88,0.0,1.0,8
Royston,8,1,3,4,5,9,-4,6,England - Southern Central,0.12,0.88,-4,0.62,0.75,8.33,1.14,9
Stratford Town,8,1,3,4,7,13,-6,6,England - Southern Central,0.12,0.88,-6,0.88,0.75,8.33,1.14,9
B. Stortford,8,1,3,4,6,14,-8,6,England - Southern Central,0.12,0.88,-8,0.75,0.75,8.33,1.14,9
Barwell,8,1,2,5,9,17,-8,5,England - Southern Central,0.12,0.88,-8,1.12,0.62,8.33,1.14,10
Biggleswade,8,1,1,6,7,16,-9,4,England - Southern Central,0.12,0.88,-9,0.88,0.5,8.33,1.14,11
Alvechurch,8,0,3,5,3,10,-7,3,England - Southern Central,0.0,1.0,-7,0.38,0.38,0.0,1.0,12
Hitchin Town,8,0,2,6,10,20,-10,2,England - Southern Central,0.0,1.0,-10,1.25,0.25,0.0,1.0,13
Lowestoft,8,0,2,6,7,23,-16,2,England - Southern Central,0.0,1.0,-16,0.88,0.25,0.0,1.0,13
Redditch Utd,8,0,1,7,3,14,-11,1,England - Southern Central,0.0,1.0,-11,0.38,0.12,0.0,1.0,14
Levadia,4,4,0,0,15,3,12,12,Estonia - Meistriliiga,1.0,0.0,12,3.75,3.0,1.0,0.0,1
Flora,4,3,1,0,8,2,6,10,Estonia - Meistriliiga,0.75,0.25,6,2.0,2.5,1.33,4.0,2
Nomme Kalju,5,3,0,2,8,7,1,9,Estonia - Meistriliiga,0.6,0.4,1,1.6,1.8,1.67,2.5,3
Narva Trans,3,2,1,0,7,3,4,7,Estonia - Meistriliiga,0.67,0.33,4,2.33,2.33,1.49,3.03,4
Vaprus,4,2,0,2,6,2,4,6,Estonia - Meistriliiga,0.5,0.5,4,1.5,1.5,2.0,2.0,5
Paide,4,2,0,2,4,4,0,6,Estonia - Meistriliiga,0.5,0.5,0,1.0,1.5,2.0,2.0,5
Tammeka,4,1,1,2,5,8,-3,4,Estonia - Meistriliiga,0.25,0.75,-3,1.25,1.0,4.0,1.33,6
Harju JK,4,1,1,2,3,10,-7,4,Estonia - Meistriliiga,0.25,0.75,-7,0.75,1.0,4.0,1.33,6
Kuressaare,4,1,0,3,4,11,-7,3,Estonia - Meistriliiga,0.25,0.75,-7,1.0,0.75,4.0,1.33,7
Tallinna Kalev,4,0,1,3,2,10,-8,1,Estonia - Meistriliiga,0.0,1.0,-8,0.5,0.25,0.0,1.0,8
Nomme Utd,4,4,0,0,8,2,6,12,Estonia - Esiliiga,1.0,0.0,6,2.0,3.0,1.0,0.0,1
Elva,4,2,1,1,8,6,2,7,Estonia - Esiliiga,0.5,0.5,2,2.0,1.75,2.0,2.0,2
Viimsi,3,2,0,1,5,2,3,6,Estonia - Esiliiga,0.67,0.33,3,1.67,2.0,1.49,3.03,3
Nomme Kalju B,4,2,0,2,6,9,-3,6,Estonia - Esiliiga,0.5,0.5,-3,1.5,1.5,2.0,2.0,3
Tartu Welco,3,1,1,1,5,6,-1,4,Estonia - Esiliiga,0.33,0.67,-1,1.67,1.33,3.03,1.49,4
Levadia B,4,1,1,2,2,4,-2,4,Estonia - Esiliiga,0.25,0.75,-2,0.5,1.0,4.0,1.33,4
FC Tallinn,4,1,0,3,6,10,-4,3,Estonia - Esiliiga,0.25,0.75,-4,1.5,0.75,4.0,1.33,5
Flora B,3,0,2,1,4,5,-1,2,Estonia - Esiliiga,0.0,1.0,-1,1.33,0.67,0.0,1.0,6
Tallinna K. B,3,0,1,2,3,10,-7,1,Estonia - Esiliiga,0.0,1.0,-7,1.0,0.33,0.0,1.0,7
Tammeka B,3,0,0,3,6,10,-4,0,Estonia - Esiliiga,0.0,1.0,-4,2.0,0.0,0.0,1.0,8
NSI Runavik,2,2,0,0,8,1,7,6,FaroeIslands - Premier League,1.0,0.0,7,4.0,3.0,1.0,0.0,1
Klaksvik,2,2,0,0,5,1,4,6,FaroeIslands - Premier League,1.0,0.0,4,2.5,3.0,1.0,0.0,1
B36 Torshavn,3,2,0,1,7,6,1,6,FaroeIslands - Premier League,0.67,0.33,1,2.33,2.0,1.49,3.03,1
HB Torshavn,3,2,0,1,5,5,0,6,FaroeIslands - Premier League,0.67,0.33,0,1.67,2.0,1.49,3.03,1
Streymur,3,1,0,2,4,6,-2,3,FaroeIslands - Premier League,0.33,0.67,-2,1.33,1.0,3.03,1.49,2
Suduroy,4,1,0,3,2,8,-6,3,FaroeIslands - Premier League,0.25,0.75,-6,0.5,0.75,4.0,1.33,2
TB Tvoroyri,2,0,1,1,2,3,-1,1,FaroeIslands - Premier League,0.0,1.0,-1,1.0,0.5,0.0,1.0,3
Vikingur,3,0,1,2,1,4,-3,1,FaroeIslands - Premier League,0.0,1.0,-3,0.33,0.33,0.0,1.0,3
07 Vestur,4,0,1,3,3,9,-6,1,FaroeIslands - Premier League,0.0,1.0,-6,0.75,0.25,0.0,1.0,3
B68 Toftir,4,0,1,3,3,16,-13,1,FaroeIslands - Premier League,0.0,1.0,-13,0.75,0.25,0.0,1.0,3
Skala,3,3,0,0,10,1,9,9,FaroeIslands - 1. Deild,1.0,0.0,9,3.33,3.0,1.0,0.0,1
NSI Runavik B,3,2,0,1,9,4,5,6,FaroeIslands - 1. Deild,0.67,0.33,5,3.0,2.0,1.49,3.03,2
Vikingur B,3,2,0,1,6,6,0,6,FaroeIslands - 1. Deild,0.67,0.33,0,2.0,2.0,1.49,3.03,2
B71 Sandur,4,2,0,2,3,7,-4,6,FaroeIslands - 1. Deild,0.5,0.5,-4,0.75,1.5,2.0,2.0,2
AB Argir,2,1,1,0,2,1,1,4,FaroeIslands - 1. Deild,0.5,0.5,1,1.0,2.0,2.0,2.0,3
Streymur B,2,1,0,1,2,2,0,3,FaroeIslands - 1. Deild,0.5,0.5,0,1.0,1.5,2.0,2.0,4
IF Fuglafjordur,3,0,2,1,4,5,-1,2,FaroeIslands - 1. Deild,0.0,1.0,-1,1.33,0.67,0.0,1.0,5
Klaksvik B,2,0,1,1,3,5,-2,1,FaroeIslands - 1. Deild,0.0,1.0,-2,1.5,0.5,0.0,1.0,6
07 Vestur B,3,0,0,3,2,8,-6,0,FaroeIslands - 1. Deild,0.0,1.0,-6,0.67,0.0,0.0,1.0,7
B36 Torshavn B,4,0,0,4,2,12,-10,0,FaroeIslands - 1. Deild,0.0,1.0,-10,0.5,0.0,0.0,1.0,7
SJK,2,2,0,0,3,1,2,6,Finland - Veikkausliiga,1.0,0.0,2,1.5,3.0,1.0,0.0,1
Ilves,1,1,0,0,5,0,5,3,Finland - Veikkausliiga,1.0,0.0,5,5.0,3.0,1.0,0.0,2
Inter Turku,1,1,0,0,2,0,2,3,Finland - Veikkausliiga,1.0,0.0,2,2.0,3.0,1.0,0.0,2
Mariehamn,1,1,0,0,1,0,1,3,Finland - Veikkausliiga,1.0,0.0,1,1.0,3.0,1.0,0.0,2
Jaro,3,1,0,2,3,3,0,3,Finland - Veikkausliiga,0.33,0.67,0,1.0,1.0,3.03,1.49,2
VPS,1,0,1,0,2,2,0,1,Finland - Veikkausliiga,0.0,1.0,0,2.0,1.0,0.0,1.0,3
KuPS,1,0,1,0,1,1,0,1,Finland - Veikkausliiga,0.0,1.0,0,1.0,1.0,0.0,1.0,3
Haka,0,0,0,0,0,0,0,0,Finland - Veikkausliiga,0.0,0.0,0,0.0,0.0,0.0,0.0,4
KTP,0,0,0,0,0,0,0,0,Finland - Veikkausliiga,0.0,0.0,0,0.0,0.0,0.0,0.0,4
HJK Helsinki,2,0,0,2,2,4,-2,0,Finland - Veikkausliiga,0.0,1.0,-2,1.0,0.0,0.0,1.0,4
Oulu,3,0,0,3,4,7,-3,0,Finland - Veikkausliiga,0.0,1.0,-3,1.33,0.0,0.0,1.0,4
Gnistan,2,0,0,2,2,6,-4,0,Finland - Veikkausliiga,0.0,1.0,-4,1.0,0.0,0.0,1.0,4
Ekenas IF,0,0,0,0,0,0,0,0,Finland - Ykkosliga,0.0,0.0,0,0.0,0.0,0.0,0.0,1
JaPS,0,0,0,0,0,0,0,0,Finland - Ykkosliga,0.0,0.0,0,0.0,0.0,0.0,0.0,1
JIPPO,0,0,0,0,0,0,0,0,Finland - Ykkosliga,0.0,0.0,0,0.0,0.0,0.0,0.0,1
KaPa,0,0,0,0,0,0,0,0,Finland - Ykkosliga,0.0,0.0,0,0.0,0.0,0.0,0.0,1
Klubi-04,0,0,0,0,0,0,0,0,Finland - Ykkosliga,0.0,0.0,0,0.0,0.0,0.0,0.0,1
Lahti,0,0,0,0,0,0,0,0,Finland - Ykkosliga,0.0,0.0,0,0.0,0.0,0.0,0.0,1
PK-35,0,0,0,0,0,0,0,0,Finland - Ykkosliga,0.0,0.0,0,0.0,0.0,0.0,0.0,1
SJK Akatemia,0,0,0,0,0,0,0,0,Finland - Ykkosliga,0.0,0.0,0,0.0,0.0,0.0,0.0,1
TPS,0,0,0,0,0,0,0,0,Finland - Ykkosliga,0.0,0.0,0,0.0,0.0,0.0,0.0,1
SalPa,1,0,0,1,0,2,-2,0,Finland - Ykkosliga,0.0,1.0,-2,0.0,0.0,0.0,1.0,1
PKKU,2,1,0,1,5,1,4,3,Finland - Ykkonen,0.5,0.5,4,2.5,1.5,2.0,2.0,1
Atlantis,1,1,0,0,2,0,2,3,Finland - Ykkonen,1.0,0.0,2,2.0,3.0,1.0,0.0,1
EPS,1,1,0,0,2,0,2,3,Finland - Ykkonen,1.0,0.0,2,2.0,3.0,1.0,0.0,1
Tampere Utd,1,1,0,0,3,2,1,3,Finland - Ykkonen,1.0,0.0,1,3.0,3.0,1.0,0.0,1
Rovaniemi,1,1,0,0,1,0,1,3,Finland - Ykkonen,1.0,0.0,1,1.0,3.0,1.0,0.0,1
Jazz Pori,2,1,0,1,2,2,0,3,Finland - Ykkonen,0.5,0.5,0,1.0,1.5,2.0,2.0,1
OLS Oulu,1,0,1,0,2,2,0,1,Finland - Ykkonen,0.0,1.0,0,2.0,1.0,0.0,1.0,2
JJK,2,0,1,1,3,4,-1,1,Finland - Ykkonen,0.0,1.0,-1,1.5,0.5,0.0,1.0,2
Inter Turku B,0,0,0,0,0,0,0,0,Finland - Ykkonen,0.0,0.0,0,0.0,0.0,0.0,0.0,3
KPV Kokkola,0,0,0,0,0,0,0,0,Finland - Ykkonen,0.0,0.0,0,0.0,0.0,0.0,0.0,3
KuPS Ak.,0,0,0,0,0,0,0,0,Finland - Ykkonen,0.0,0.0,0,0.0,0.0,0.0,0.0,3
Mikkelin,1,0,0,1,0,4,-4,0,Finland - Ykkonen,0.0,1.0,-4,0.0,0.0,0.0,1.0,3
VJS,1,1,0,0,6,0,6,3,Finland - Kakkonen Group A,1.0,0.0,6,6.0,3.0,1.0,0.0,1
PuiU Helsinki,1,1,0,0,3,0,3,3,Finland - Kakkonen Group A,1.0,0.0,3,3.0,3.0,1.0,0.0,1
Honka,1,1,0,0,3,1,2,3,Finland - Kakkonen Group A,1.0,0.0,2,3.0,3.0,1.0,0.0,1
MYPA,1,0,1,0,3,3,0,1,Finland - Kakkonen Group A,0.0,1.0,0,3.0,1.0,0.0,1.0,2
GrIFK,0,0,0,0,0,0,0,0,Finland - Kakkonen Group A,0.0,0.0,0,0.0,0.0,0.0,0.0,3
HaPK,0,0,0,0,0,0,0,0,Finland - Kakkonen Group A,0.0,0.0,0,0.0,0.0,0.0,0.0,3
JPS,0,0,0,0,0,0,0,0,Finland - Kakkonen Group A,0.0,0.0,0,0.0,0.0,0.0,0.0,3
Reipas,0,0,0,0,0,0,0,0,Finland - Kakkonen Group A,0.0,0.0,0,0.0,0.0,0.0,0.0,3
Vaajakoski,0,0,0,0,0,0,0,0,Finland - Kakkonen Group A,0.0,0.0,0,0.0,0.0,0.0,0.0,3
PEPO,1,0,0,1,1,4,-3,0,Finland - Kakkonen Group A,0.0,1.0,-3,1.0,0.0,0.0,1.0,3
TPV,1,1,0,0,3,2,1,3,Finland - Kakkonen Group B,1.0,0.0,1,3.0,3.0,1.0,0.0,1
HJS,1,1,0,0,1,0,1,3,Finland - Kakkonen Group B,1.0,0.0,1,1.0,3.0,1.0,0.0,1
Atlantis B,0,0,0,0,0,0,0,0,Finland - Kakkonen Group B,0.0,0.0,0,0.0,0.0,0.0,0.0,2
HPS,0,0,0,0,0,0,0,0,Finland - Kakkonen Group B,0.0,0.0,0,0.0,0.0,0.0,0.0,2
Ilves B,0,0,0,0,0,0,0,0,Finland - Kakkonen Group B,0.0,0.0,0,0.0,0.0,0.0,0.0,2
Kiffen,0,0,0,0,0,0,0,0,Finland - Kakkonen Group B,0.0,0.0,0,0.0,0.0,0.0,0.0,2
NJS,0,0,0,0,0,0,0,0,Finland - Kakkonen Group B,0.0,0.0,0,0.0,0.0,0.0,0.0,2
PPJ,0,0,0,0,0,0,0,0,Finland - Kakkonen Group B,0.0,0.0,0,0.0,0.0,0.0,0.0,2
P-Iirot,1,0,0,1,2,3,-1,0,Finland - Kakkonen Group B,0.0,1.0,-1,2.0,0.0,0.0,1.0,2
MuSa,1,0,0,1,1,2,-1,0,Finland - Kakkonen Group B,0.0,1.0,-1,1.0,0.0,0.0,1.0,2
VPS B,1,1,0,0,3,0,3,3,Finland - Kakkonen Group C,1.0,0.0,3,3.0,3.0,1.0,0.0,1
JS Hercules,1,1,0,0,3,1,2,3,Finland - Kakkonen Group C,1.0,0.0,2,3.0,3.0,1.0,0.0,1
JBK,1,0,1,0,1,1,0,1,Finland - Kakkonen Group C,0.0,1.0,0,1.0,1.0,0.0,1.0,2
TP-47,1,0,1,0,1,1,0,1,Finland - Kakkonen Group C,0.0,1.0,0,1.0,1.0,0.0,1.0,2
GBK Kokkola,0,0,0,0,0,0,0,0,Finland - Kakkonen Group C,0.0,0.0,0,0.0,0.0,0.0,0.0,3
Kuopion Elo,0,0,0,0,0,0,0,0,Finland - Kakkonen Group C,0.0,0.0,0,0.0,0.0,0.0,0.0,3
OsPa,0,0,0,0,0,0,0,0,Finland - Kakkonen Group C,0.0,0.0,0,0.0,0.0,0.0,0.0,3
SJK Akatemia B,0,0,0,0,0,0,0,0,Finland - Kakkonen Group C,0.0,0.0,0,0.0,0.0,0.0,0.0,3
VIFK,0,0,0,0,0,0,0,0,Finland - Kakkonen Group C,0.0,0.0,0,0.0,0.0,0.0,0.0,3
Narpes Kraft,1,0,0,1,1,2,-1,0,Finland - Kakkonen Group C,0.0,1.0,-1,1.0,0.0,0.0,1.0,3
Paris SG,8,7,1,0,25,9,16,22,France - Ligue 1,0.88,0.12,16,3.12,2.75,1.14,8.33,1
Strasbourg,8,5,2,1,8,3,5,17,France - Ligue 1,0.62,0.38,5,1.0,2.12,1.61,2.63,2
Brest,8,4,2,2,13,10,3,14,France - Ligue 1,0.5,0.5,3,1.62,1.75,2.0,2.0,3
Lens,8,4,1,3,11,10,1,13,France - Ligue 1,0.5,0.5,1,1.38,1.62,2.0,2.0,4
Rennes,8,4,0,4,18,9,9,12,France - Ligue 1,0.5,0.5,9,2.25,1.5,2.0,2.0,5
Nice,8,3,3,2,17,13,4,12,France - Ligue 1,0.38,0.62,4,2.12,1.5,2.63,1.61,5
Toulouse,8,3,2,3,14,9,5,11,France - Ligue 1,0.38,0.62,5,1.75,1.38,2.63,1.61,6
Le Havre,8,3,2,3,14,17,-3,11,France - Ligue 1,0.38,0.62,-3,1.75,1.38,2.63,1.61,6
Lyon,8,3,1,4,16,14,2,10,France - Ligue 1,0.38,0.62,2,2.0,1.25,2.63,1.61,7
Marseille,8,3,0,5,8,15,-7,9,France - Ligue 1,0.38,0.62,-7,1.0,1.12,2.63,1.61,8
Lille,8,2,2,4,8,11,-3,8,France - Ligue 1,0.25,0.75,-3,1.0,1.0,4.0,1.33,9
Auxerre,8,2,2,4,10,15,-5,8,France - Ligue 1,0.25,0.75,-5,1.25,1.0,4.0,1.33,9
Nantes,8,2,2,4,10,18,-8,8,France - Ligue 1,0.25,0.75,-8,1.25,1.0,4.0,1.33,9
Angers,8,2,1,5,8,12,-4,7,France - Ligue 1,0.25,0.75,-4,1.0,0.88,4.0,1.33,10
Monaco,8,1,3,4,9,13,-4,6,France - Ligue 1,0.12,0.88,-4,1.12,0.75,8.33,1.14,11
Reims,8,1,3,4,4,12,-8,6,France - Ligue 1,0.12,0.88,-8,0.5,0.75,8.33,1.14,11
Saint-Etienne,8,1,2,5,8,16,-8,5,France - Ligue 1,0.12,0.88,-8,1.0,0.62,8.33,1.14,12
Montpellier,8,1,0,7,3,15,-12,3,France - Ligue 1,0.12,0.88,-12,0.38,0.38,8.33,1.14,13
Metz,8,4,4,0,15,7,8,16,France - Ligue 2,0.5,0.5,8,1.88,2.0,2.0,2.0,1
Lorient,8,5,1,2,10,8,2,16,France - Ligue 2,0.62,0.38,2,1.25,2.0,1.61,2.63,1
Guingamp,8,4,1,3,14,11,3,13,France - Ligue 2,0.5,0.5,3,1.75,1.62,2.0,2.0,2
Troyes,8,4,0,4,11,7,4,12,France - Ligue 2,0.5,0.5,4,1.38,1.5,2.0,2.0,3
Martigues,8,4,0,4,7,5,2,12,France - Ligue 2,0.5,0.5,2,0.88,1.5,2.0,2.0,3
Paris FC,8,4,0,4,9,12,-3,12,France - Ligue 2,0.5,0.5,-3,1.12,1.5,2.0,2.0,3
Annecy,8,4,0,4,6,10,-4,12,France - Ligue 2,0.5,0.5,-4,0.75,1.5,2.0,2.0,3
USL Dunkerque,8,3,2,3,9,11,-2,11,France - Ligue 2,0.38,0.62,-2,1.12,1.38,2.63,1.61,4
Laval,8,3,2,3,9,13,-4,11,France - Ligue 2,0.38,0.62,-4,1.12,1.38,2.63,1.61,4
AC Ajaccio,8,3,2,3,6,10,-4,11,France - Ligue 2,0.38,0.62,-4,0.75,1.38,2.63,1.61,4
Grenoble,8,3,1,4,8,11,-3,10,France - Ligue 2,0.38,0.62,-3,1.0,1.25,2.63,1.61,5
Pau FC,8,1,5,2,10,15,-5,8,France - Ligue 2,0.12,0.88,-5,1.25,1.0,8.33,1.14,6
Red Star,8,1,4,3,9,12,-3,7,France - Ligue 2,0.12,0.88,-3,1.12,0.88,8.33,1.14,7
Clermont,8,2,1,5,8,16,-8,7,France - Ligue 2,0.25,0.75,-8,1.0,0.88,4.0,1.33,7
Rodez Aveyron,8,1,3,4,11,13,-2,6,France - Ligue 2,0.12,0.88,-2,1.38,0.75,8.33,1.14,8
Amiens,8,1,2,5,6,13,-7,5,France - Ligue 2,0.12,0.88,-7,0.75,0.62,8.33,1.14,9
SC Bastia,8,1,2,5,6,13,-7,5,France - Ligue 2,0.12,0.88,-7,0.75,0.62,8.33,1.14,9
Caen,8,1,1,6,8,17,-9,4,France - Ligue 2,0.12,0.88,-9,1.0,0.5,8.33,1.14,10
Boulogne,8,4,3,1,12,8,4,15,France - National,0.5,0.5,4,1.5,1.88,2.0,2.0,1
Le Mans,8,4,2,2,13,6,7,14,France - National,0.5,0.5,7,1.62,1.75,2.0,2.0,2
Nancy,8,4,1,3,10,8,2,13,France - National,0.5,0.5,2,1.25,1.62,2.0,2.0,3
Dijon,8,3,4,1,9,7,2,13,France - National,0.38,0.62,2,1.12,1.62,2.63,1.61,3
Bourg-en-Bresse,8,3,2,3,10,9,1,11,France - National,0.38,0.62,1,1.25,1.38,2.63,1.61,4
Valenciennes,8,3,2,3,9,8,1,11,France - National,0.38,0.62,1,1.12,1.38,2.63,1.61,4
Villefranche,8,3,2,3,10,10,0,11,France - National,0.38,0.62,0,1.25,1.38,2.63,1.61,4
Orleans,8,3,2,3,7,7,0,11,France - National,0.38,0.62,0,0.88,1.38,2.63,1.61,4
Rouen,8,2,2,4,8,9,-1,8,France - National,0.25,0.75,-1,1.0,1.0,4.0,1.33,5
Concarneau,8,2,2,4,8,12,-4,8,France - National,0.25,0.75,-4,1.0,1.0,4.0,1.33,5
Aubagne,8,2,2,4,5,9,-4,8,France - National,0.25,0.75,-4,0.62,1.0,4.0,1.33,5
Quevilly Rouen,8,1,4,3,7,12,-5,7,France - National,0.12,0.88,-5,0.88,0.88,8.33,1.14,6
Versailles,8,1,3,4,9,13,-4,6,France - National,0.12,0.88,-4,1.12,0.75,8.33,1.14,7
Sochaux,8,1,3,4,6,10,-4,6,France - National,0.12,0.88,-4,0.75,0.75,8.33,1.14,7
Chateauroux,8,1,3,4,7,14,-7,6,France - National,0.12,0.88,-7,0.88,0.75,8.33,1.14,7
Paris 13 A.,8,0,4,4,7,13,-6,4,France - National,0.0,1.0,-6,0.88,0.5,0.0,1.0,8
Nimes,8,1,1,6,6,15,-9,4,France - National,0.12,0.88,-9,0.75,0.5,8.33,1.14,8
Iberia,4,3,1,0,4,1,3,10,Georgia - Erovnuli Liga,0.75,0.25,3,1.0,2.5,1.33,4.0,1
Gagra,4,3,0,1,5,2,3,9,Georgia - Erovnuli Liga,0.75,0.25,3,1.25,2.25,1.33,4.0,2
Dila Gori,4,2,1,1,4,3,1,7,Georgia - Erovnuli Liga,0.5,0.5,1,1.0,1.75,2.0,2.0,3
Dinamo Batumi,4,1,3,0,4,2,2,6,Georgia - Erovnuli Liga,0.25,0.75,2,1.0,1.5,4.0,1.33,4
Dinamo Tbilisi,5,1,2,2,5,4,1,5,Georgia - Erovnuli Liga,0.2,0.8,1,1.0,1.0,5.0,1.25,5
Torpedo Kutaisi,5,1,2,2,5,7,-2,5,Georgia - Erovnuli Liga,0.2,0.8,-2,1.0,1.0,5.0,1.25,5
Samgurali,4,1,1,2,4,5,-1,4,Georgia - Erovnuli Liga,0.25,0.75,-1,1.0,1.0,4.0,1.33,6
Gareji Sagarejo,6,1,0,5,4,9,-5,3,Georgia - Erovnuli Liga,0.17,0.83,-5,0.67,0.5,5.88,1.2,7
Kolkheti Poti,4,1,0,3,1,7,-6,3,Georgia - Erovnuli Liga,0.25,0.75,-6,0.25,0.75,4.0,1.33,7
Telavi,5,1,0,4,3,18,-15,3,Georgia - Erovnuli Liga,0.2,0.8,-15,0.6,0.6,5.0,1.25,7
Spaeri,3,3,0,0,9,4,5,9,Georgia - Erovnuli Liga 2,1.0,0.0,5,3.0,3.0,1.0,0.0,1
Merani Martvili,4,3,0,1,7,5,2,9,Georgia - Erovnuli Liga 2,0.75,0.25,2,1.75,2.25,1.33,4.0,1
Gonio,4,2,2,0,6,3,3,8,Georgia - Erovnuli Liga 2,0.5,0.5,3,1.5,2.0,2.0,2.0,2
D. Tbilisi B,4,1,2,1,6,7,-1,5,Georgia - Erovnuli Liga 2,0.25,0.75,-1,1.5,1.25,4.0,1.33,3
Meshakhte,4,1,2,1,2,4,-2,5,Georgia - Erovnuli Liga 2,0.25,0.75,-2,0.5,1.25,4.0,1.33,3
Samtredia,3,1,1,1,4,4,0,4,Georgia - Erovnuli Liga 2,0.33,0.67,0,1.33,1.33,3.03,1.49,4
Rustavi,3,0,3,0,4,4,0,3,Georgia - Erovnuli Liga 2,0.0,1.0,0,1.33,1.0,0.0,1.0,5
L. Tbilisi,3,0,2,1,2,3,-1,2,Georgia - Erovnuli Liga 2,0.0,1.0,-1,0.67,0.67,0.0,1.0,6
Iberia B,4,0,2,2,4,8,-4,2,Georgia - Erovnuli Liga 2,0.0,1.0,-4,1.0,0.5,0.0,1.0,6
Bolnisi,3,0,1,2,1,5,-4,1,Georgia - Erovnuli Liga 2,0.0,1.0,-4,0.33,0.33,0.0,1.0,7
FC Augsburg,8,5,3,0,12,3,9,18,Germany - Bundesliga,0.62,0.38,9,1.5,2.25,1.61,2.63,1
Leverkusen,8,5,3,0,17,9,8,18,Germany - Bundesliga,0.62,0.38,8,2.12,2.25,1.61,2.63,1
Bayern Munich,8,5,2,1,15,6,9,17,Germany - Bundesliga,0.62,0.38,9,1.88,2.12,1.61,2.63,2
Monchengladbach,8,4,1,3,16,16,0,13,Germany - Bundesliga,0.5,0.5,0,2.0,1.62,2.0,2.0,3
Werder Bremen,8,4,1,3,13,15,-2,13,Germany - Bundesliga,0.5,0.5,-2,1.62,1.62,2.0,2.0,3
Stuttgart,8,3,3,2,14,11,3,12,Germany - Bundesliga,0.38,0.62,3,1.75,1.5,2.63,1.61,4
Wolfsburg,8,3,2,3,10,10,0,11,Germany - Bundesliga,0.38,0.62,0,1.25,1.38,2.63,1.61,5
Freiburg,8,3,2,3,8,16,-8,11,Germany - Bundesliga,0.38,0.62,-8,1.0,1.38,2.63,1.61,5
Dortmund,8,3,1,4,12,14,-2,10,Germany - Bundesliga,0.38,0.62,-2,1.5,1.25,2.63,1.61,6
Sankt Pauli,8,3,1,4,8,10,-2,10,Germany - Bundesliga,0.38,0.62,-2,1.0,1.25,2.63,1.61,6
Union Berlin,8,3,1,4,9,17,-8,10,Germany - Bundesliga,0.38,0.62,-8,1.12,1.25,2.63,1.61,6
FSV Mainz,8,3,0,5,9,11,-2,9,Germany - Bundesliga,0.38,0.62,-2,1.12,1.12,2.63,1.61,7
E. Frankfurt,8,2,3,3,8,12,-4,9,Germany - Bundesliga,0.25,0.75,-4,1.0,1.12,4.0,1.33,7
Hoffenheim,8,3,0,5,11,17,-6,9,Germany - Bundesliga,0.38,0.62,-6,1.38,1.12,2.63,1.61,7
Bochum,8,2,2,4,9,14,-5,8,Germany - Bundesliga,0.25,0.75,-5,1.12,1.0,4.0,1.33,8
RB Leipzig,8,1,4,3,8,13,-5,7,Germany - Bundesliga,0.12,0.88,-5,1.0,0.88,8.33,1.14,9
Holstein Kiel,8,1,3,4,12,17,-5,6,Germany - Bundesliga,0.12,0.88,-5,1.5,0.75,8.33,1.14,10
Heidenheim,8,1,3,4,8,14,-6,6,Germany - Bundesliga,0.12,0.88,-6,1.0,0.75,8.33,1.14,10
Elversberg,8,4,3,1,12,3,9,15,Germany - 2. Bundesliga,0.5,0.5,9,1.5,1.88,2.0,2.0,1
Hamburger SV,8,4,3,1,15,9,6,15,Germany - 2. Bundesliga,0.5,0.5,6,1.88,1.88,2.0,2.0,1
Paderborn,8,4,3,1,13,8,5,15,Germany - 2. Bundesliga,0.5,0.5,5,1.62,1.88,2.0,2.0,1
Magdeburg,8,4,2,2,19,12,7,14,Germany - 2. Bundesliga,0.5,0.5,7,2.38,1.75,2.0,2.0,2
Hertha Berlin,8,4,1,3,12,12,0,13,Germany - 2. Bundesliga,0.5,0.5,0,1.5,1.62,2.0,2.0,3
FC Koln,8,4,1,3,7,8,-1,13,Germany - 2. Bundesliga,0.5,0.5,-1,0.88,1.62,2.0,2.0,3
Schalke 04,8,3,2,3,13,12,1,11,Germany - 2. Bundesliga,0.38,0.62,1,1.62,1.38,2.63,1.61,4
Hannover 96,8,3,2,3,8,9,-1,11,Germany - 2. Bundesliga,0.38,0.62,-1,1.0,1.38,2.63,1.61,4
Dusseldorf,8,2,4,2,11,14,-3,10,Germany - 2. Bundesliga,0.25,0.75,-3,1.38,1.25,4.0,1.33,5
FC Nurnberg,8,3,1,4,11,14,-3,10,Germany - 2. Bundesliga,0.38,0.62,-3,1.38,1.25,2.63,1.61,5
Braunschweig,8,2,3,3,9,14,-5,9,Germany - 2. Bundesliga,0.25,0.75,-5,1.12,1.12,4.0,1.33,6
Kaiserslautern,8,3,0,5,12,19,-7,9,Germany - 2. Bundesliga,0.38,0.62,-7,1.5,1.12,2.63,1.61,6
Preuss. Munster,8,2,1,5,7,12,-5,7,Germany - 2. Bundesliga,0.25,0.75,-5,0.88,0.88,4.0,1.33,7
Greuther Furth,8,2,0,6,5,16,-11,6,Germany - 2. Bundesliga,0.25,0.75,-11,0.62,0.75,4.0,1.33,8
Karlsruher SC,8,1,2,5,9,17,-8,5,Germany - 2. Bundesliga,0.12,0.88,-8,1.12,0.62,8.33,1.14,9
Ulm,8,0,3,5,7,13,-6,3,Germany - 2. Bundesliga,0.0,1.0,-6,0.88,0.38,0.0,1.0,10
Darmstadt,8,0,2,6,7,15,-8,2,Germany - 2. Bundesliga,0.0,1.0,-8,0.88,0.25,0.0,1.0,11
Regensburg,8,0,0,8,4,26,-22,0,Germany - 2. Bundesliga,0.0,1.0,-22,0.5,0.0,0.0,1.0,12
Osnabruck,8,5,3,0,15,7,8,18,Germany - 3. Liga,0.62,0.38,8,1.88,2.25,1.61,2.63,1
Bielefeld,8,5,1,2,13,4,9,16,Germany - 3. Liga,0.62,0.38,9,1.62,2.0,1.61,2.63,2
RW Essen,8,5,0,3,9,8,1,15,Germany - 3. Liga,0.62,0.38,1,1.12,1.88,1.61,2.63,3
Dynamo Dresden,8,4,2,2,14,8,6,14,Germany - 3. Liga,0.5,0.5,6,1.75,1.75,2.0,2.0,4
Verl,8,3,2,3,9,13,-4,11,Germany - 3. Liga,0.38,0.62,-4,1.12,1.38,2.63,1.61,5
Wehen Wiesbaden,8,3,1,4,11,12,-1,10,Germany - 3. Liga,0.38,0.62,-1,1.38,1.25,2.63,1.61,6
1860 Munchen,8,3,1,4,11,15,-4,10,Germany - 3. Liga,0.38,0.62,-4,1.38,1.25,2.63,1.61,6
Dortmund B,8,2,3,3,6,7,-1,9,Germany - 3. Liga,0.25,0.75,-1,0.75,1.12,4.0,1.33,7
Viktoria Koln,8,2,3,3,10,12,-2,9,Germany - 3. Liga,0.25,0.75,-2,1.25,1.12,4.0,1.33,7
Saarbrucken,8,2,3,3,8,11,-3,9,Germany - 3. Liga,0.25,0.75,-3,1.0,1.12,4.0,1.33,7
Hansa Rostock,8,3,0,5,9,16,-7,9,Germany - 3. Liga,0.38,0.62,-7,1.12,1.12,2.63,1.61,7
Alemannia A.,8,2,2,4,11,11,0,8,Germany - 3. Liga,0.25,0.75,0,1.38,1.0,4.0,1.33,8
Energie Cottbus,8,2,2,4,7,14,-7,8,Germany - 3. Liga,0.25,0.75,-7,0.88,1.0,4.0,1.33,8
FC Ingolstadt,8,1,4,3,10,12,-2,7,Germany - 3. Liga,0.12,0.88,-2,1.25,0.88,8.33,1.14,9
VfB Stuttgart B,8,1,4,3,10,14,-4,7,Germany - 3. Liga,0.12,0.88,-4,1.25,0.88,8.33,1.14,9
Mannheim,8,1,3,4,7,10,-3,6,Germany - 3. Liga,0.12,0.88,-3,0.88,0.75,8.33,1.14,10
Unterhaching,8,1,2,5,8,15,-7,5,Germany - 3. Liga,0.12,0.88,-7,1.0,0.62,8.33,1.14,11
Erzgebirge Aue,8,1,0,7,8,17,-9,3,Germany - 3. Liga,0.12,0.88,-9,1.0,0.38,8.33,1.14,12
Hannover 96 B,8,0,3,5,10,20,-10,3,Germany - 3. Liga,0.0,1.0,-10,1.25,0.38,0.0,1.0,12
Sandhausen,8,0,1,7,9,17,-8,1,Germany - 3. Liga,0.0,1.0,-8,1.12,0.12,0.0,1.0,13
Samartex,8,3,3,2,7,5,2,12,Ghana - Premier League,0.38,0.62,2,0.88,1.5,2.63,1.61,1
Nations,8,3,2,3,6,5,1,11,Ghana - Premier League,0.38,0.62,1,0.75,1.38,2.63,1.61,2
Bibiani GS,8,3,1,4,7,8,-1,10,Ghana - Premier League,0.38,0.62,-1,0.88,1.25,2.63,1.61,3
Aduana Stars,8,2,3,3,4,7,-3,9,Ghana - Premier League,0.25,0.75,-3,0.5,1.12,4.0,1.33,4
Dreams,8,2,3,3,5,11,-6,9,Ghana - Premier League,0.25,0.75,-6,0.62,1.12,4.0,1.33,4
Heart of Lions,8,2,2,4,6,8,-2,8,Ghana - Premier League,0.25,0.75,-2,0.75,1.0,4.0,1.33,5
Hearts of Oak,8,1,4,3,5,8,-3,7,Ghana - Premier League,0.12,0.88,-3,0.62,0.88,8.33,1.14,6
Asante Kotoko,8,1,4,3,5,10,-5,7,Ghana - Premier League,0.12,0.88,-5,0.62,0.88,8.33,1.14,6
Young Apostles,8,2,1,5,5,11,-6,7,Ghana - Premier League,0.25,0.75,-6,0.62,0.88,4.0,1.33,6
Bechem Utd,8,1,2,5,5,11,-6,5,Ghana - Premier League,0.12,0.88,-6,0.62,0.62,8.33,1.14,7
Accra Lions,8,1,1,6,6,12,-6,4,Ghana - Premier League,0.12,0.88,-6,0.75,0.5,8.33,1.14,8
Berekum Chelsea,8,1,0,7,7,15,-8,3,Ghana - Premier League,0.12,0.88,-8,0.88,0.38,8.33,1.14,9
Vision,8,0,3,5,4,12,-8,3,Ghana - Premier League,0.0,1.0,-8,0.5,0.38,0.0,1.0,9
Karela,8,0,2,6,0,8,-8,2,Ghana - Premier League,0.0,1.0,-8,0.0,0.25,0.0,1.0,10
Medeama,8,0,1,7,4,11,-7,1,Ghana - Premier League,0.0,1.0,-7,0.5,0.12,0.0,1.0,11
Holy Stars,8,0,1,7,7,16,-9,1,Ghana - Premier League,0.0,1.0,-9,0.88,0.12,0.0,1.0,11
Legon Cities,8,0,1,7,1,12,-11,1,Ghana - Premier League,0.0,1.0,-11,0.12,0.12,0.0,1.0,11
Nsoatreman,8,0,0,8,1,19,-18,0,Ghana - Premier League,0.0,1.0,-18,0.12,0.0,0.0,1.0,12
Lincoln RI,8,7,1,0,25,1,24,22,Gibraltar - Premier Division,0.88,0.12,24,3.12,2.75,1.14,8.33,1
St Josephs,8,7,1,0,28,5,23,22,Gibraltar - Premier Division,0.88,0.12,23,3.5,2.75,1.14,8.33,1
Magpies,8,5,0,3,25,9,16,15,Gibraltar - Premier Division,0.62,0.38,16,3.12,1.88,1.61,2.63,2
Manchester 62,8,5,0,3,17,8,9,15,Gibraltar - Premier Division,0.62,0.38,9,2.12,1.88,1.61,2.63,2
Europa FC,8,4,1,3,17,13,4,13,Gibraltar - Premier Division,0.5,0.5,4,2.12,1.62,2.0,2.0,3
Lions FC,8,2,2,4,7,12,-5,8,Gibraltar - Premier Division,0.25,0.75,-5,0.88,1.0,4.0,1.33,4
College 1975,8,2,1,5,9,17,-8,7,Gibraltar - Premier Division,0.25,0.75,-8,1.12,0.88,4.0,1.33,5
Glacis Utd,8,2,0,6,11,26,-15,6,Gibraltar - Premier Division,0.25,0.75,-15,1.38,0.75,4.0,1.33,6
Lynx,8,1,1,6,7,19,-12,4,Gibraltar - Premier Division,0.12,0.88,-12,0.88,0.5,8.33,1.14,7
Mons Calpe,8,1,1,6,8,23,-15,4,Gibraltar - Premier Division,0.12,0.88,-15,1.0,0.5,8.33,1.14,7
Europa Point,8,0,1,7,5,23,-18,1,Gibraltar - Premier Division,0.0,1.0,-18,0.62,0.12,0.0,1.0,8
Olympiakos,8,6,1,1,14,4,10,19,Greece - Super League,0.75,0.25,10,1.75,2.38,1.33,4.0,1
AEK Athens,8,4,1,3,11,8,3,13,Greece - Super League,0.5,0.5,3,1.38,1.62,2.0,2.0,2
Atromitos,8,4,1,3,10,9,1,13,Greece - Super League,0.5,0.5,1,1.25,1.62,2.0,2.0,2
Levadiakos,8,3,3,2,7,5,2,12,Greece - Super League,0.38,0.62,2,0.88,1.5,2.63,1.61,3
PAOK,8,3,1,4,13,11,2,10,Greece - Super League,0.38,0.62,2,1.62,1.25,2.63,1.61,4
Panathinaikos,8,2,3,3,9,13,-4,9,Greece - Super League,0.25,0.75,-4,1.12,1.12,4.0,1.33,5
OFI Crete,8,2,2,4,8,10,-2,8,Greece - Super League,0.25,0.75,-2,1.0,1.0,4.0,1.33,6
Panaitolikos,8,2,2,4,3,7,-4,8,Greece - Super League,0.25,0.75,-4,0.38,1.0,4.0,1.33,6
Asteras T.,8,2,1,5,7,13,-6,7,Greece - Super League,0.25,0.75,-6,0.88,0.88,4.0,1.33,7
Aris,8,2,1,5,8,15,-7,7,Greece - Super League,0.25,0.75,-7,1.0,0.88,4.0,1.33,7
A. Kallithea,8,2,0,6,6,12,-6,6,Greece - Super League,0.25,0.75,-6,0.75,0.75,4.0,1.33,8
Panserraikos,8,2,0,6,6,16,-10,6,Greece - Super League,0.25,0.75,-10,0.75,0.75,4.0,1.33,8
Volos,8,1,2,5,5,15,-10,5,Greece - Super League,0.12,0.88,-10,0.62,0.62,8.33,1.14,9
Lamia,8,0,1,7,2,18,-16,1,Greece - Super League,0.0,1.0,-16,0.25,0.12,0.0,1.0,10
Comunicaciones,8,3,2,3,11,12,-1,11,Guatemala - Liga Nacional - Apertura,0.38,0.62,-1,1.38,1.38,2.63,1.61,1
Xelaju,8,2,4,2,8,5,3,10,Guatemala - Liga Nacional - Apertura,0.25,0.75,3,1.0,1.25,4.0,1.33,2
Coban Imperial,8,3,1,4,8,8,0,10,Guatemala - Liga Nacional - Apertura,0.38,0.62,0,1.0,1.25,2.63,1.61,2
Municipal,8,2,4,2,5,10,-5,10,Guatemala - Liga Nacional - Apertura,0.25,0.75,-5,0.62,1.25,4.0,1.33,2
Malacateco,8,2,3,3,7,10,-3,9,Guatemala - Liga Nacional - Apertura,0.25,0.75,-3,0.88,1.12,4.0,1.33,3
Xinabajul,8,2,3,3,11,15,-4,9,Guatemala - Liga Nacional - Apertura,0.25,0.75,-4,1.38,1.12,4.0,1.33,3
Achuapa,8,2,2,4,5,10,-5,8,Guatemala - Liga Nacional - Apertura,0.25,0.75,-5,0.62,1.0,4.0,1.33,4
Mixco,8,2,1,5,8,16,-8,7,Guatemala - Liga Nacional - Apertura,0.25,0.75,-8,1.0,0.88,4.0,1.33,5
Antigua GFC,8,1,3,4,9,15,-6,6,Guatemala - Liga Nacional - Apertura,0.12,0.88,-6,1.12,0.75,8.33,1.14,6
Guastatoya,8,0,4,4,3,11,-8,4,Guatemala - Liga Nacional - Apertura,0.0,1.0,-8,0.38,0.5,0.0,1.0,7
Marquense,8,0,2,6,3,19,-16,2,Guatemala - Liga Nacional - Apertura,0.0,1.0,-16,0.38,0.25,0.0,1.0,8
Zacapa Tellioz,8,0,2,6,3,21,-18,2,Guatemala - Liga Nacional - Apertura,0.0,1.0,-18,0.38,0.25,0.0,1.0,8
Antigua GFC,8,3,3,2,7,7,0,12,guatemala2,0.38,0.62,0,0.88,1.5,2.63,1.61,1
Municipal,8,3,2,3,8,6,2,11,guatemala2,0.38,0.62,2,1.0,1.38,2.63,1.61,2
Guastatoya,8,3,1,4,8,11,-3,10,guatemala2,0.38,0.62,-3,1.0,1.25,2.63,1.61,3
Comunicaciones,8,2,3,3,8,9,-1,9,guatemala2,0.25,0.75,-1,1.0,1.12,4.0,1.33,4
Mixco,8,1,5,2,7,9,-2,8,guatemala2,0.12,0.88,-2,0.88,1.0,8.33,1.14,5
Malacateco,8,1,3,4,10,14,-4,6,guatemala2,0.12,0.88,-4,1.25,0.75,8.33,1.14,6
Coban Imperial,8,2,0,6,10,18,-8,6,guatemala2,0.25,0.75,-8,1.25,0.75,4.0,1.33,6
Marquense,8,1,2,5,4,10,-6,5,guatemala2,0.12,0.88,-6,0.5,0.62,8.33,1.14,7
Xinabajul,8,1,1,6,7,23,-16,4,guatemala2,0.12,0.88,-16,0.88,0.5,8.33,1.14,8
Achuapa,8,1,0,7,7,12,-5,3,guatemala2,0.12,0.88,-5,0.88,0.38,8.33,1.14,9
Xelaju,8,0,3,5,5,10,-5,3,guatemala2,0.0,1.0,-5,0.62,0.38,0.0,1.0,9
Motagua,8,5,2,1,17,6,11,17,Honduras - Liga Nacional - Apertura,0.62,0.38,11,2.12,2.12,1.61,2.63,1
Olimpia,8,4,2,2,10,7,3,14,Honduras - Liga Nacional - Apertura,0.5,0.5,3,1.25,1.75,2.0,2.0,2
Real Espana,8,3,2,3,8,6,2,11,Honduras - Liga Nacional - Apertura,0.38,0.62,2,1.0,1.38,2.63,1.61,3
Marathon,8,3,2,3,8,10,-2,11,Honduras - Liga Nacional - Apertura,0.38,0.62,-2,1.0,1.38,2.63,1.61,3
Genesis,8,2,2,4,10,15,-5,8,Honduras - Liga Nacional - Apertura,0.25,0.75,-5,1.25,1.0,4.0,1.33,4
Olancho,8,1,4,3,6,12,-6,7,Honduras - Liga Nacional - Apertura,0.12,0.88,-6,0.75,0.88,8.33,1.14,5
Real Sociedad,8,1,3,4,11,19,-8,6,Honduras - Liga Nacional - Apertura,0.12,0.88,-8,1.38,0.75,8.33,1.14,6
UPNFM,8,1,2,5,4,16,-12,5,Honduras - Liga Nacional - Apertura,0.12,0.88,-12,0.5,0.62,8.33,1.14,7
Juticalpa,8,1,2,5,5,20,-15,5,Honduras - Liga Nacional - Apertura,0.12,0.88,-15,0.62,0.62,8.33,1.14,7
Victoria,8,0,2,6,8,18,-10,2,Honduras - Liga Nacional - Apertura,0.0,1.0,-10,1.0,0.25,0.0,1.0,8
Marathon,8,4,3,1,12,6,6,15,honduras2,0.5,0.5,6,1.5,1.88,2.0,2.0,1
Olimpia,8,4,2,2,11,6,5,14,honduras2,0.5,0.5,5,1.38,1.75,2.0,2.0,2
Real Espana,8,4,2,2,12,8,4,14,honduras2,0.5,0.5,4,1.5,1.75,2.0,2.0,2
Victoria,8,3,3,2,12,10,2,12,honduras2,0.38,0.62,2,1.5,1.5,2.63,1.61,3
Motagua,8,2,3,3,9,9,0,9,honduras2,0.25,0.75,0,1.12,1.12,4.0,1.33,4
Olancho,8,1,4,3,9,12,-3,7,honduras2,0.12,0.88,-3,1.12,0.88,8.33,1.14,5
Genesis,8,1,4,3,5,9,-4,7,honduras2,0.12,0.88,-4,0.62,0.88,8.33,1.14,5
Juticalpa,8,1,2,5,3,17,-14,5,honduras2,0.12,0.88,-14,0.38,0.62,8.33,1.14,6
Real Sociedad,8,0,4,4,5,13,-8,4,honduras2,0.0,1.0,-8,0.62,0.5,0.0,1.0,7
UPNFM,8,0,3,5,5,18,-13,3,honduras2,0.0,1.0,-13,0.62,0.38,0.0,1.0,8
Tai Po,8,6,1,1,29,14,15,19,Hong Kong - Premier League,0.75,0.25,15,3.62,2.38,1.33,4.0,1
Eastern,8,6,1,1,18,8,10,19,Hong Kong - Premier League,0.75,0.25,10,2.25,2.38,1.33,4.0,1
Kitchee,8,5,2,1,17,10,7,17,Hong Kong - Premier League,0.62,0.38,7,2.12,2.12,1.61,2.63,2
LM Warriors,8,5,1,2,12,9,3,16,Hong Kong - Premier League,0.62,0.38,3,1.5,2.0,1.61,2.63,3
Kowloon City,8,3,2,3,12,13,-1,11,Hong Kong - Premier League,0.38,0.62,-1,1.5,1.38,2.63,1.61,4
HK Rangers,8,1,3,4,13,18,-5,6,Hong Kong - Premier League,0.12,0.88,-5,1.62,0.75,8.33,1.14,5
North District,8,2,0,6,12,24,-12,6,Hong Kong - Premier League,0.25,0.75,-12,1.5,0.75,4.0,1.33,5
Southern D.,8,1,2,5,10,15,-5,5,Hong Kong - Premier League,0.12,0.88,-5,1.25,0.62,8.33,1.14,6
Hong Kong FC,8,0,1,7,4,20,-16,1,Hong Kong - Premier League,0.0,1.0,-16,0.5,0.12,0.0,1.0,7
Gyor,8,4,4,0,15,8,7,16,Hungary - NB I,0.5,0.5,7,1.88,2.0,2.0,2.0,1
Ferencvaros,8,4,2,2,14,10,4,14,Hungary - NB I,0.5,0.5,4,1.75,1.75,2.0,2.0,2
Puskas A.,8,3,2,3,10,9,1,11,Hungary - NB I,0.38,0.62,1,1.25,1.38,2.63,1.61,3
Paks,8,3,2,3,13,14,-1,11,Hungary - NB I,0.38,0.62,-1,1.62,1.38,2.63,1.61,3
DVTK,8,2,3,3,13,19,-6,9,Hungary - NB I,0.25,0.75,-6,1.62,1.12,4.0,1.33,4
Ujpest,8,2,3,3,5,13,-8,9,Hungary - NB I,0.25,0.75,-8,0.62,1.12,4.0,1.33,4
Debrecen,8,2,2,4,13,14,-1,8,Hungary - NB I,0.25,0.75,-1,1.62,1.0,4.0,1.33,5
Fehervar,8,2,2,4,9,12,-3,8,Hungary - NB I,0.25,0.75,-3,1.12,1.0,4.0,1.33,5
Zalaegerszegi,8,2,1,5,10,13,-3,7,Hungary - NB I,0.25,0.75,-3,1.25,0.88,4.0,1.33,6
MTK Budapest,8,1,4,3,11,15,-4,7,Hungary - NB I,0.12,0.88,-4,1.38,0.88,8.33,1.14,6
Kecskemeti TE,8,1,3,4,9,20,-11,6,Hungary - NB I,0.12,0.88,-11,1.12,0.75,8.33,1.14,7
Nyiregyhaza,8,1,2,5,4,19,-15,5,Hungary - NB I,0.12,0.88,-15,0.5,0.62,8.33,1.14,8
Kisvarda,8,5,2,1,15,10,5,17,Hungary - NB II,0.62,0.38,5,1.88,2.12,1.61,2.63,1
Szentlorinc,8,3,3,2,12,8,4,12,Hungary - NB II,0.38,0.62,4,1.5,1.5,2.63,1.61,2
Kazincbarcika,8,2,5,1,8,7,1,11,Hungary - NB II,0.25,0.75,1,1.0,1.38,4.0,1.33,3
BVSC,8,3,1,4,9,10,-1,10,Hungary - NB II,0.38,0.62,-1,1.12,1.25,2.63,1.61,4
Kozarmisleny,8,3,1,4,8,14,-6,10,Hungary - NB II,0.38,0.62,-6,1.0,1.25,2.63,1.61,4
Csakvari,8,3,0,5,11,13,-2,9,Hungary - NB II,0.38,0.62,-2,1.38,1.12,2.63,1.61,5
Honved,8,2,3,3,8,10,-2,9,Hungary - NB II,0.25,0.75,-2,1.0,1.12,4.0,1.33,5
Budafoki,8,3,0,5,10,14,-4,9,Hungary - NB II,0.38,0.62,-4,1.25,1.12,2.63,1.61,5
Mezokovesd,8,2,2,4,9,10,-1,8,Hungary - NB II,0.25,0.75,-1,1.12,1.0,4.0,1.33,6
Vasas,8,2,2,4,6,9,-3,8,Hungary - NB II,0.25,0.75,-3,0.75,1.0,4.0,1.33,6
Ajka,8,2,2,4,8,14,-6,8,Hungary - NB II,0.25,0.75,-6,1.0,1.0,4.0,1.33,6
Szeged,8,1,4,3,6,9,-3,7,Hungary - NB II,0.12,0.88,-3,0.75,0.88,8.33,1.14,7
Bekescsaba,8,2,1,5,4,8,-4,7,Hungary - NB II,0.25,0.75,-4,0.5,0.88,4.0,1.33,7
Soroksar,8,1,3,4,6,14,-8,6,Hungary - NB II,0.12,0.88,-8,0.75,0.75,8.33,1.14,8
Tatabanya,8,1,2,5,9,16,-7,5,Hungary - NB II,0.12,0.88,-7,1.12,0.62,8.33,1.14,9
Gyirmot,8,0,4,4,9,14,-5,4,Hungary - NB II,0.0,1.0,-5,1.12,0.5,0.0,1.0,10
IA Akranes,2,1,0,1,2,2,0,3,Iceland - Besta deild,0.5,0.5,0,1.0,1.5,2.0,2.0,1
Valur,1,0,1,0,3,3,0,1,Iceland - Besta deild,0.0,1.0,0,3.0,1.0,0.0,1.0,2
KR Reykjavik,1,0,1,0,2,2,0,1,Iceland - Besta deild,0.0,1.0,0,2.0,1.0,0.0,1.0,2
Vestri,1,0,1,0,1,1,0,1,Iceland - Besta deild,0.0,1.0,0,1.0,1.0,0.0,1.0,2
IBV,2,0,1,1,0,2,-2,1,Iceland - Besta deild,0.0,1.0,-2,0.0,0.5,0.0,1.0,2
Fram,0,0,0,0,0,0,0,0,Iceland - Besta deild,0.0,0.0,0,0.0,0.0,0.0,0.0,3
Stjarnan,0,0,0,0,0,0,0,0,Iceland - Besta deild,0.0,0.0,0,0.0,0.0,0.0,0.0,3
Vikingur R.,0,0,0,0,0,0,0,0,Iceland - Besta deild,0.0,0.0,0,0.0,0.0,0.0,0.0,3
Breidablik,1,0,0,1,2,4,-2,0,Iceland - Besta deild,0.0,1.0,-2,2.0,0.0,0.0,1.0,3
Hafnarfjordur,2,0,0,2,1,3,-2,0,Iceland - Besta deild,0.0,1.0,-2,0.5,0.0,0.0,1.0,3
Afturelding,1,0,0,1,0,2,-2,0,Iceland - Besta deild,0.0,1.0,-2,0.0,0.0,0.0,1.0,3
KA Akureyri,1,0,0,1,0,4,-4,0,Iceland - Besta deild,0.0,1.0,-4,0.0,0.0,0.0,1.0,3
Afturelding,8,6,0,2,20,12,8,18,Iceland - 1. Deild,0.75,0.25,8,2.5,2.25,1.33,4.0,1
IBV,8,4,1,3,19,10,9,13,Iceland - 1. Deild,0.5,0.5,9,2.38,1.62,2.0,2.0,2
Leiknir R.,8,3,2,3,12,12,0,11,Iceland - 1. Deild,0.38,0.62,0,1.5,1.38,2.63,1.61,3
Thor Akureyri,8,3,1,4,12,15,-3,10,Iceland - 1. Deild,0.38,0.62,-3,1.5,1.25,2.63,1.61,4
Keflavik,8,2,4,2,6,9,-3,10,Iceland - 1. Deild,0.25,0.75,-3,0.75,1.25,4.0,1.33,4
Throttur R.,8,2,3,3,11,11,0,9,Iceland - 1. Deild,0.25,0.75,0,1.38,1.12,4.0,1.33,5
Fjolnir,8,2,3,3,5,10,-5,9,Iceland - 1. Deild,0.25,0.75,-5,0.62,1.12,4.0,1.33,5
IR Reykjavik,8,2,3,3,9,17,-8,9,Iceland - 1. Deild,0.25,0.75,-8,1.12,1.12,4.0,1.33,5
Njardvik,8,1,5,2,11,14,-3,8,Iceland - 1. Deild,0.12,0.88,-3,1.38,1.0,8.33,1.14,6
Grindavik,8,2,1,5,13,22,-9,7,Iceland - 1. Deild,0.25,0.75,-9,1.62,0.88,4.0,1.33,7
Dalvik / Reynir,8,1,1,6,8,18,-10,4,Iceland - 1. Deild,0.12,0.88,-10,1.0,0.5,8.33,1.14,8
Grotta,8,0,0,8,8,21,-13,0,Iceland - 1. Deild,0.0,1.0,-13,1.0,0.0,0.0,1.0,9
Selfoss,8,7,0,1,16,8,8,21,Iceland - 2. Deild,0.88,0.12,8,2.0,2.62,1.14,8.33,1
Throttur Vogar,8,5,2,1,26,14,12,17,Iceland - 2. Deild,0.62,0.38,12,3.25,2.12,1.61,2.63,2
Volsungur,8,5,2,1,19,14,5,17,Iceland - 2. Deild,0.62,0.38,5,2.38,2.12,1.61,2.63,2
Hottur/Huginn,8,4,1,3,19,24,-5,13,Iceland - 2. Deild,0.5,0.5,-5,2.38,1.62,2.0,2.0,3
Fjardabyggd/L.,8,4,0,4,12,15,-3,12,Iceland - 2. Deild,0.5,0.5,-3,1.5,1.5,2.0,2.0,4
KFG,8,3,2,3,12,12,0,11,Iceland - 2. Deild,0.38,0.62,0,1.5,1.38,2.63,1.61,5
Haukar,8,3,1,4,11,15,-4,10,Iceland - 2. Deild,0.38,0.62,-4,1.38,1.25,2.63,1.61,6
AEggir,8,2,2,4,9,16,-7,8,Iceland - 2. Deild,0.25,0.75,-7,1.12,1.0,4.0,1.33,7
Kormakur/Hvot,8,2,2,4,5,16,-11,8,Iceland - 2. Deild,0.25,0.75,-11,0.62,1.0,4.0,1.33,7
V. Olafsvik,8,1,3,4,14,18,-4,6,Iceland - 2. Deild,0.12,0.88,-4,1.75,0.75,8.33,1.14,8
Reynir,8,2,0,6,14,22,-8,6,Iceland - 2. Deild,0.25,0.75,-8,1.75,0.75,4.0,1.33,8
Fjallabyggd,8,0,1,7,5,23,-18,1,Iceland - 2. Deild,0.0,1.0,-18,0.62,0.12,0.0,1.0,9
NorthEast Utd,8,5,2,1,17,6,11,17,India - Super League,0.62,0.38,11,2.12,2.12,1.61,2.63,1
Mohun Bagan,8,4,3,1,16,6,10,15,India - Super League,0.5,0.5,10,2.0,1.88,2.0,2.0,2
Mumbai City,8,4,3,1,9,4,5,15,India - Super League,0.5,0.5,5,1.12,1.88,2.0,2.0,2
Goa,8,4,2,2,14,11,3,14,India - Super League,0.5,0.5,3,1.75,1.75,2.0,2.0,3
Odisha FC,8,3,2,3,13,13,0,11,India - Super League,0.38,0.62,0,1.62,1.38,2.63,1.61,4
East Bengal,8,3,2,3,9,9,0,11,India - Super League,0.38,0.62,0,1.12,1.38,2.63,1.61,4
Jamshedpur,8,3,1,4,12,14,-2,10,India - Super League,0.38,0.62,-2,1.5,1.25,2.63,1.61,5
Bengaluru,8,2,2,4,13,14,-1,8,India - Super League,0.25,0.75,-1,1.62,1.0,4.0,1.33,6
Chennaiyin,8,2,1,5,10,11,-1,7,India - Super League,0.25,0.75,-1,1.25,0.88,4.0,1.33,7
Kerala Blasters,8,2,1,5,10,14,-4,7,India - Super League,0.25,0.75,-4,1.25,0.88,4.0,1.33,7
Punjab,8,1,3,4,11,16,-5,6,India - Super League,0.12,0.88,-5,1.38,0.75,8.33,1.14,8
Mohammedan,8,1,2,5,2,13,-11,5,India - Super League,0.12,0.88,-11,0.25,0.62,8.33,1.14,9
Hyderabad,8,1,1,6,5,16,-11,4,India - Super League,0.12,0.88,-11,0.62,0.5,8.33,1.14,10
Gokulam,8,6,0,2,19,8,11,18,India - I-League,0.75,0.25,11,2.38,2.25,1.33,4.0,1
Churchill B.,8,4,3,1,12,7,5,15,India - I-League,0.5,0.5,5,1.5,1.88,2.0,2.0,2
Real Kashmir,8,3,2,3,11,14,-3,11,India - I-League,0.38,0.62,-3,1.38,1.38,2.63,1.61,3
Sreenidi Deccan,8,3,2,3,8,11,-3,11,India - I-League,0.38,0.62,-3,1.0,1.38,2.63,1.61,3
Inter Kashi,8,2,4,2,11,13,-2,10,India - I-League,0.25,0.75,-2,1.38,1.25,4.0,1.33,4
Dempo,8,3,1,4,10,13,-3,10,India - I-League,0.38,0.62,-3,1.25,1.25,2.63,1.61,4
Rajasthan,8,2,3,3,11,18,-7,9,India - I-League,0.25,0.75,-7,1.38,1.12,4.0,1.33,5
Aizawl,8,2,2,4,14,19,-5,8,India - I-League,0.25,0.75,-5,1.75,1.0,4.0,1.33,6
Namdhari,8,2,1,5,10,14,-4,7,India - I-League,0.25,0.75,-4,1.25,0.88,4.0,1.33,7
Shillong Lajong,8,2,1,5,11,22,-11,7,India - I-League,0.25,0.75,-11,1.38,0.88,4.0,1.33,7
Delhi FC,8,1,3,4,11,18,-7,6,India - I-League,0.12,0.88,-7,1.38,0.75,8.33,1.14,8
SC Bengaluru,8,1,2,5,7,23,-16,5,India - I-League,0.12,0.88,-16,0.88,0.62,8.33,1.14,9
Dewa Utd,8,5,1,2,15,8,7,16,Indonesia - Liga 1,0.62,0.38,7,1.88,2.0,1.61,2.63,1
Malut United,8,4,3,1,14,8,6,15,Indonesia - Liga 1,0.5,0.5,6,1.75,1.88,2.0,2.0,2
Persis Solo,8,4,2,2,9,7,2,14,Indonesia - Liga 1,0.5,0.5,2,1.12,1.75,2.0,2.0,3
Persib,8,3,4,1,15,12,3,13,Indonesia - Liga 1,0.38,0.62,3,1.88,1.62,2.63,1.61,4
PSM,8,2,4,2,11,10,1,10,Indonesia - Liga 1,0.25,0.75,1,1.38,1.25,4.0,1.33,5
Persija,8,3,1,4,10,12,-2,10,Indonesia - Liga 1,0.38,0.62,-2,1.25,1.25,2.63,1.61,5
Semen Padang,8,3,1,4,11,17,-6,10,Indonesia - Liga 1,0.38,0.62,-6,1.38,1.25,2.63,1.61,5
PSBS Biak N.,8,1,5,2,9,9,0,8,Indonesia - Liga 1,0.12,0.88,0,1.12,1.0,8.33,1.14,6
Barito Putera,8,2,2,4,14,16,-2,8,Indonesia - Liga 1,0.25,0.75,-2,1.75,1.0,4.0,1.33,6
Persik Kediri,8,2,2,4,11,13,-2,8,Indonesia - Liga 1,0.25,0.75,-2,1.38,1.0,4.0,1.33,6
Madura Utd,8,2,2,4,4,13,-9,8,Indonesia - Liga 1,0.25,0.75,-9,0.5,1.0,4.0,1.33,6
Bali Utd,8,2,1,5,13,14,-1,7,Indonesia - Liga 1,0.25,0.75,-1,1.62,0.88,4.0,1.33,7
Borneo,8,2,1,5,7,12,-5,7,Indonesia - Liga 1,0.25,0.75,-5,0.88,0.88,4.0,1.33,7
PSIS Semarang,8,1,3,4,10,13,-3,6,Indonesia - Liga 1,0.12,0.88,-3,1.25,0.75,8.33,1.14,8
Arema,8,2,0,6,11,16,-5,6,Indonesia - Liga 1,0.25,0.75,-5,1.38,0.75,4.0,1.33,8
Persita,8,1,2,5,7,15,-8,5,Indonesia - Liga 1,0.12,0.88,-8,0.88,0.62,8.33,1.14,9
PSS Sleman,8,1,2,5,7,15,-8,5,Indonesia - Liga 1,0.12,0.88,-8,0.88,0.62,8.33,1.14,9
Persebaya S.,8,1,2,5,4,13,-9,5,Indonesia - Liga 1,0.12,0.88,-9,0.5,0.62,8.33,1.14,9
Tractor Sazi,8,5,2,1,11,5,6,17,Iran - Pro League,0.62,0.38,6,1.38,2.12,1.61,2.63,1
Foolad,8,4,1,3,8,9,-1,13,Iran - Pro League,0.5,0.5,-1,1.0,1.62,2.0,2.0,2
Persepolis,8,3,3,2,12,7,5,12,Iran - Pro League,0.38,0.62,5,1.5,1.5,2.63,1.61,3
Sepahan,8,2,6,0,9,6,3,12,Iran - Pro League,0.25,0.75,3,1.12,1.5,4.0,1.33,3
Gol Gohar,8,2,4,2,5,5,0,10,Iran - Pro League,0.25,0.75,0,0.62,1.25,4.0,1.33,4
Shams A. Qazvin,8,3,1,4,5,8,-3,10,Iran - Pro League,0.38,0.62,-3,0.62,1.25,2.63,1.61,4
Zob Ahan,8,2,3,3,6,9,-3,9,Iran - Pro League,0.25,0.75,-3,0.75,1.12,4.0,1.33,5
Mes Rafsanjan,8,2,2,4,8,13,-5,8,Iran - Pro League,0.25,0.75,-5,1.0,1.0,4.0,1.33,6
Esteghlal,8,0,6,2,5,7,-2,6,Iran - Pro League,0.0,1.0,-2,0.62,0.75,0.0,1.0,7
Aluminium Arak,8,1,3,4,5,9,-4,6,Iran - Pro League,0.12,0.88,-4,0.62,0.75,8.33,1.14,7
Chadormalu,8,1,3,4,3,8,-5,6,Iran - Pro League,0.12,0.88,-5,0.38,0.75,8.33,1.14,7
Malavan,8,2,0,6,4,12,-8,6,Iran - Pro League,0.25,0.75,-8,0.5,0.75,4.0,1.33,7
Havadar,8,1,3,4,6,19,-13,6,Iran - Pro League,0.12,0.88,-13,0.75,0.75,8.33,1.14,7
E. Khuzestan,8,0,4,4,2,11,-9,4,Iran - Pro League,0.0,1.0,-9,0.25,0.5,0.0,1.0,8
K. Khorramabad,8,0,3,5,4,13,-9,3,Iran - Pro League,0.0,1.0,-9,0.5,0.38,0.0,1.0,9
N. Mazandaran,8,0,2,6,1,8,-7,2,Iran - Pro League,0.0,1.0,-7,0.12,0.25,0.0,1.0,10
Drogheda Utd,5,3,2,0,6,2,4,11,Ireland - Premier Division,0.6,0.4,4,1.2,2.2,1.67,2.5,1
Galway Utd,6,2,4,0,10,7,3,10,Ireland - Premier Division,0.33,0.67,3,1.67,1.67,3.03,1.49,2
Shelbourne,5,2,3,0,6,4,2,9,Ireland - Premier Division,0.4,0.6,2,1.2,1.8,2.5,1.67,3
Shamrock Rovers,6,2,2,2,7,7,0,8,Ireland - Premier Division,0.33,0.67,0,1.17,1.33,3.03,1.49,4
St. Patricks,5,2,1,2,5,4,1,7,Ireland - Premier Division,0.4,0.6,1,1.0,1.4,2.5,1.67,5
Derry City,5,2,1,2,5,7,-2,7,Ireland - Premier Division,0.4,0.6,-2,1.0,1.4,2.5,1.67,5
Bohemians,6,2,0,4,7,9,-2,6,Ireland - Premier Division,0.33,0.67,-2,1.17,1.0,3.03,1.49,6
Waterford,6,2,0,4,6,10,-4,6,Ireland - Premier Division,0.33,0.67,-4,1.0,1.0,3.03,1.49,6
Sligo Rovers,5,1,1,3,10,12,-2,4,Ireland - Premier Division,0.2,0.8,-2,2.0,0.8,5.0,1.25,7
Cork City,5,0,1,4,4,10,-6,1,Ireland - Premier Division,0.0,1.0,-6,0.8,0.2,0.0,1.0,8
Dundalk,5,4,1,0,7,2,5,13,Ireland - First Division,0.8,0.2,5,1.4,2.6,1.25,5.0,1
Bray Wanderers,6,4,0,2,4,7,-3,12,Ireland - First Division,0.67,0.33,-3,0.67,2.0,1.49,3.03,2
Wexford,5,3,1,1,8,5,3,10,Ireland - First Division,0.6,0.4,3,1.6,2.0,1.67,2.5,3
Cobh Ramblers,6,3,1,2,9,7,2,10,Ireland - First Division,0.5,0.5,2,1.5,1.67,2.0,2.0,3
UC Dublin,5,2,0,3,3,5,-2,6,Ireland - First Division,0.4,0.6,-2,0.6,1.2,2.5,1.67,4
Finn Harps,6,1,3,2,6,9,-3,6,Ireland - First Division,0.17,0.83,-3,1.0,1.0,5.88,1.2,4
Treaty Utd,6,1,2,3,8,8,0,5,Ireland - First Division,0.17,0.83,0,1.33,0.83,5.88,1.2,5
Kerry,5,1,1,3,6,11,-5,4,Ireland - First Division,0.2,0.8,-5,1.2,0.8,5.0,1.25,6
Athlone Town,5,1,1,3,2,7,-5,4,Ireland - First Division,0.2,0.8,-5,0.4,0.8,5.0,1.25,6
Longford Town,6,0,2,4,4,16,-12,2,Ireland - First Division,0.0,1.0,-12,0.67,0.33,0.0,1.0,7
H. Beer Sheva,8,6,1,1,13,4,9,19,Israel - Ligat HaAl,0.75,0.25,9,1.62,2.38,1.33,4.0,1
Maccabi Haifa,8,5,3,0,17,7,10,18,Israel - Ligat HaAl,0.62,0.38,10,2.12,2.25,1.61,2.63,2
M. Tel Aviv,8,5,2,1,19,13,6,17,Israel - Ligat HaAl,0.62,0.38,6,2.38,2.12,1.61,2.63,3
B. Jerusalem,8,4,2,2,16,12,4,14,Israel - Ligat HaAl,0.5,0.5,4,2.0,1.75,2.0,2.0,4
Ashdod,8,3,2,3,14,15,-1,11,Israel - Ligat HaAl,0.38,0.62,-1,1.75,1.38,2.63,1.61,5
M. Bnei Raina,8,3,1,4,8,8,0,10,Israel - Ligat HaAl,0.38,0.62,0,1.0,1.25,2.63,1.61,6
Maccabi Netanya,8,3,1,4,7,12,-5,10,Israel - Ligat HaAl,0.38,0.62,-5,0.88,1.25,2.63,1.61,6
Hapoel Haifa,8,2,3,3,7,10,-3,9,Israel - Ligat HaAl,0.25,0.75,-3,0.88,1.12,4.0,1.33,7
Hapoel Hadera,8,2,3,3,8,13,-5,9,Israel - Ligat HaAl,0.25,0.75,-5,1.0,1.12,4.0,1.33,7
M. Petah Tikva,8,3,0,5,8,13,-5,9,Israel - Ligat HaAl,0.38,0.62,-5,1.0,1.12,2.63,1.61,7
Ironi Tiberias,8,2,3,3,7,13,-6,9,Israel - Ligat HaAl,0.25,0.75,-6,0.88,1.12,4.0,1.33,7
Sakhnin,8,3,0,5,11,18,-7,9,Israel - Ligat HaAl,0.38,0.62,-7,1.38,1.12,2.63,1.61,7
H. Jerusalem,8,1,4,3,10,12,-2,7,Israel - Ligat HaAl,0.12,0.88,-2,1.25,0.88,8.33,1.14,8
Kiryat Shmona,8,2,1,5,9,18,-9,7,Israel - Ligat HaAl,0.25,0.75,-9,1.12,0.88,4.0,1.33,8
H. Petah Tikva,8,6,2,0,12,3,9,20,Israel - Leumit League,0.75,0.25,9,1.5,2.5,1.33,4.0,1
Hapoel Tel Aviv,8,6,1,1,15,5,10,19,Israel - Leumit League,0.75,0.25,10,1.88,2.38,1.33,4.0,2
M. Herziliya,8,4,1,3,11,10,1,13,Israel - Leumit League,0.5,0.5,1,1.38,1.62,2.0,2.0,3
Hapoel Raanana,8,3,3,2,5,3,2,12,Israel - Leumit League,0.38,0.62,2,0.62,1.5,2.63,1.61,4
Bnei Yehuda,8,4,0,4,8,9,-1,12,Israel - Leumit League,0.5,0.5,-1,1.0,1.5,2.0,2.0,4
H. Ironi Rishon,8,3,2,3,11,13,-2,11,Israel - Leumit League,0.38,0.62,-2,1.38,1.38,2.63,1.61,5
Kafr Qasim,8,3,1,4,5,6,-1,10,Israel - Leumit League,0.38,0.62,-1,0.62,1.25,2.63,1.61,6
H. Ramat Gan,8,2,3,3,7,6,1,9,Israel - Leumit League,0.25,0.75,1,0.88,1.12,4.0,1.33,7
Maccabi Jaffa,8,1,6,1,6,6,0,9,Israel - Leumit League,0.12,0.88,0,0.75,1.12,8.33,1.14,7
Hapoel Akko,8,3,0,5,9,15,-6,9,Israel - Leumit League,0.38,0.62,-6,1.12,1.12,2.63,1.61,7
H. Kfar Shalem,8,1,2,5,8,11,-3,5,Israel - Leumit League,0.12,0.88,-3,1.0,0.62,8.33,1.14,8
Hapoel Afula,8,1,1,6,3,14,-11,4,Israel - Leumit League,0.12,0.88,-11,0.38,0.5,8.33,1.14,9
H. Nof Hagalil,8,0,3,5,4,12,-8,3,Israel - Leumit League,0.0,1.0,-8,0.5,0.38,0.0,1.0,10
H. Kfar Saba,8,0,2,6,6,15,-9,2,Israel - Leumit League,0.0,1.0,-9,0.75,0.25,0.0,1.0,11
H. Umm al-Fahm,8,0,2,6,7,19,-12,2,Israel - Leumit League,0.0,1.0,-12,0.88,0.25,0.0,1.0,11
Ramat Hasharon,8,0,1,7,4,26,-22,1,Israel - Leumit League,0.0,1.0,-22,0.5,0.12,0.0,1.0,12
AS Roma,8,5,3,0,10,5,5,18,Italy - Serie A,0.62,0.38,5,1.25,2.25,1.61,2.63,1
Atalanta,8,5,2,1,18,3,15,17,Italy - Serie A,0.62,0.38,15,2.25,2.12,1.61,2.63,2
Lazio,8,5,1,2,10,10,0,16,Italy - Serie A,0.62,0.38,0,1.25,2.0,1.61,2.63,3
Napoli,8,3,4,1,12,8,4,13,Italy - Serie A,0.38,0.62,4,1.5,1.62,2.63,1.61,4
AC Milan,8,4,0,4,14,11,3,12,Italy - Serie A,0.5,0.5,3,1.75,1.5,2.0,2.0,5
Bologna,8,3,3,2,8,8,0,12,Italy - Serie A,0.38,0.62,0,1.0,1.5,2.63,1.61,5
Juventus,8,3,3,2,9,10,-1,12,Italy - Serie A,0.38,0.62,-1,1.12,1.5,2.63,1.61,5
Como,8,3,1,4,11,10,1,10,Italy - Serie A,0.38,0.62,1,1.38,1.25,2.63,1.61,6
Inter Milan,8,2,3,3,10,9,1,9,Italy - Serie A,0.25,0.75,1,1.25,1.12,4.0,1.33,7
Udinese,8,2,3,3,7,10,-3,9,Italy - Serie A,0.25,0.75,-3,0.88,1.12,4.0,1.33,7
Torino,8,1,5,2,11,11,0,8,Italy - Serie A,0.12,0.88,0,1.38,1.0,8.33,1.14,8
Hellas Verona,8,2,2,4,4,8,-4,8,Italy - Serie A,0.25,0.75,-4,0.5,1.0,4.0,1.33,8
Lecce,8,2,1,5,9,13,-4,7,Italy - Serie A,0.25,0.75,-4,1.12,0.88,4.0,1.33,9
Cagliari,8,1,3,4,5,10,-5,6,Italy - Serie A,0.12,0.88,-5,0.62,0.75,8.33,1.14,10
Fiorentina,8,1,2,5,9,13,-4,5,Italy - Serie A,0.12,0.88,-4,1.12,0.62,8.33,1.14,11
Venezia,8,0,5,3,7,11,-4,5,Italy - Serie A,0.0,1.0,-4,0.88,0.62,0.0,1.0,11
Parma,8,0,4,4,4,8,-4,4,Italy - Serie A,0.0,1.0,-4,0.5,0.5,0.0,1.0,12
Genoa,8,0,4,4,4,9,-5,4,Italy - Serie A,0.0,1.0,-5,0.5,0.5,0.0,1.0,12
Empoli,8,0,3,5,5,17,-12,3,Italy - Serie A,0.0,1.0,-12,0.62,0.38,0.0,1.0,13
Monza,8,0,0,8,5,23,-18,0,Italy - Serie A,0.0,1.0,-18,0.62,0.0,0.0,1.0,14
Cremonese,8,4,3,1,12,7,5,15,Italy - Serie B,0.5,0.5,5,1.5,1.88,2.0,2.0,1
Pisa,8,4,2,2,11,6,5,14,Italy - Serie B,0.5,0.5,5,1.38,1.75,2.0,2.0,2
Cittadella,8,4,2,2,7,5,2,14,Italy - Serie B,0.5,0.5,2,0.88,1.75,2.0,2.0,2
Spezia,8,3,4,1,11,6,5,13,Italy - Serie B,0.38,0.62,5,1.38,1.62,2.63,1.61,3
Sassuolo,8,4,1,3,15,13,2,13,Italy - Serie B,0.5,0.5,2,1.88,1.62,2.0,2.0,3
Cesena,8,3,2,3,9,11,-2,11,Italy - Serie B,0.38,0.62,-2,1.12,1.38,2.63,1.61,4
Frosinone,8,2,4,2,10,9,1,10,Italy - Serie B,0.25,0.75,1,1.25,1.25,4.0,1.33,5
Catanzaro,8,2,4,2,10,13,-3,10,Italy - Serie B,0.25,0.75,-3,1.25,1.25,4.0,1.33,5
Brescia,8,2,3,3,8,10,-2,9,Italy - Serie B,0.25,0.75,-2,1.0,1.12,4.0,1.33,6
Mantova,8,2,3,3,12,15,-3,9,Italy - Serie B,0.25,0.75,-3,1.5,1.12,4.0,1.33,6
Sudtirol,8,2,2,4,13,13,0,8,Italy - Serie B,0.25,0.75,0,1.62,1.0,4.0,1.33,7
Palermo,8,2,2,4,12,12,0,8,Italy - Serie B,0.25,0.75,0,1.5,1.0,4.0,1.33,7
Modena,8,2,2,4,10,12,-2,8,Italy - Serie B,0.25,0.75,-2,1.25,1.0,4.0,1.33,7
Bari,8,1,4,3,8,11,-3,7,Italy - Serie B,0.12,0.88,-3,1.0,0.88,8.33,1.14,8
Juve Stabia,8,1,3,4,7,12,-5,6,Italy - Serie B,0.12,0.88,-5,0.88,0.75,8.33,1.14,9
Carrarese,8,0,5,3,7,10,-3,5,Italy - Serie B,0.0,1.0,-3,0.88,0.62,0.0,1.0,10
Sampdoria,8,0,5,3,9,16,-7,5,Italy - Serie B,0.0,1.0,-7,1.12,0.62,0.0,1.0,10
Reggiana,8,1,2,5,7,15,-8,5,Italy - Serie B,0.12,0.88,-8,0.88,0.62,8.33,1.14,10
Salernitana,8,0,2,6,2,10,-8,2,Italy - Serie B,0.0,1.0,-8,0.25,0.25,0.0,1.0,11
Cosenza,8,0,2,6,5,17,-12,2,Italy - Serie B,0.0,1.0,-12,0.62,0.25,0.0,1.0,11
Virtus Verona,8,5,2,1,13,6,7,17,Italy - Serie C - Group A,0.62,0.38,7,1.62,2.12,1.61,2.63,1
Giana Erminio,8,5,0,3,8,6,2,15,Italy - Serie C - Group A,0.62,0.38,2,1.0,1.88,1.61,2.63,2
Vicenza,8,4,2,2,10,7,3,14,Italy - Serie C - Group A,0.5,0.5,3,1.25,1.75,2.0,2.0,3
FeralpiSalo,8,4,2,2,13,11,2,14,Italy - Serie C - Group A,0.5,0.5,2,1.62,1.75,2.0,2.0,3
Pergolettese,8,3,2,3,8,8,0,11,Italy - Serie C - Group A,0.38,0.62,0,1.0,1.38,2.63,1.61,4
Arzignano,8,3,2,3,8,9,-1,11,Italy - Serie C - Group A,0.38,0.62,-1,1.0,1.38,2.63,1.61,4
Triestina,8,3,1,4,8,12,-4,10,Italy - Serie C - Group A,0.38,0.62,-4,1.0,1.25,2.63,1.61,5
AlbinoLeffe,8,3,1,4,10,16,-6,10,Italy - Serie C - Group A,0.38,0.62,-6,1.25,1.25,2.63,1.61,5
Atalanta B,8,2,3,3,10,11,-1,9,Italy - Serie C - Group A,0.25,0.75,-1,1.25,1.12,4.0,1.33,6
Padova,8,2,2,4,8,9,-1,8,Italy - Serie C - Group A,0.25,0.75,-1,1.0,1.0,4.0,1.33,7
Renate,8,2,2,4,8,10,-2,8,Italy - Serie C - Group A,0.25,0.75,-2,1.0,1.0,4.0,1.33,7
Lumezzane,8,1,4,3,7,12,-5,7,Italy - Serie C - Group A,0.12,0.88,-5,0.88,0.88,8.33,1.14,8
Pro Vercelli,8,2,1,5,8,15,-7,7,Italy - Serie C - Group A,0.25,0.75,-7,1.0,0.88,4.0,1.33,8
Trento,8,2,1,5,4,12,-8,7,Italy - Serie C - Group A,0.25,0.75,-8,0.5,0.88,4.0,1.33,8
Novara,8,1,3,4,7,11,-4,6,Italy - Serie C - Group A,0.12,0.88,-4,0.88,0.75,8.33,1.14,9
Alcione,8,1,3,4,4,9,-5,6,Italy - Serie C - Group A,0.12,0.88,-5,0.5,0.75,8.33,1.14,9
Pro Patria,8,1,2,5,6,11,-5,5,Italy - Serie C - Group A,0.12,0.88,-5,0.75,0.62,8.33,1.14,10
Lecco,8,0,4,4,3,8,-5,4,Italy - Serie C - Group A,0.0,1.0,-5,0.38,0.5,0.0,1.0,11
Caldiero Terme,8,0,3,5,9,17,-8,3,Italy - Serie C - Group A,0.0,1.0,-8,1.12,0.38,0.0,1.0,12
Clodiense,8,1,0,7,7,19,-12,3,Italy - Serie C - Group A,0.12,0.88,-12,0.88,0.38,8.33,1.14,12
Entella,8,5,3,0,13,4,9,18,Italy - Serie C - Group B,0.62,0.38,9,1.62,2.25,1.61,2.63,1
Pontedera,8,4,2,2,13,8,5,14,Italy - Serie C - Group B,0.5,0.5,5,1.62,1.75,2.0,2.0,2
Rimini,8,4,2,2,10,6,4,14,Italy - Serie C - Group B,0.5,0.5,4,1.25,1.75,2.0,2.0,2
Arezzo,8,4,1,3,10,6,4,13,Italy - Serie C - Group B,0.5,0.5,4,1.25,1.62,2.0,2.0,3
Pianese,8,4,1,3,9,8,1,13,Italy - Serie C - Group B,0.5,0.5,1,1.12,1.62,2.0,2.0,3
Ternana,8,4,0,4,9,7,2,12,Italy - Serie C - Group B,0.5,0.5,2,1.12,1.5,2.0,2.0,4
Torres,8,3,2,3,11,9,2,11,Italy - Serie C - Group B,0.38,0.62,2,1.38,1.38,2.63,1.61,5
Athletic Carpi,8,3,2,3,8,7,1,11,Italy - Serie C - Group B,0.38,0.62,1,1.0,1.38,2.63,1.61,5
Pescara,8,3,1,4,11,11,0,10,Italy - Serie C - Group B,0.38,0.62,0,1.38,1.25,2.63,1.61,6
Pineto,8,3,1,4,10,15,-5,10,Italy - Serie C - Group B,0.38,0.62,-5,1.25,1.25,2.63,1.61,6
SPAL,8,2,3,3,9,10,-1,9,Italy - Serie C - Group B,0.25,0.75,-1,1.12,1.12,4.0,1.33,7
Gubbio,8,2,3,3,7,8,-1,9,Italy - Serie C - Group B,0.25,0.75,-1,0.88,1.12,4.0,1.33,7
Vis Pesaro,8,2,3,3,7,8,-1,9,Italy - Serie C - Group B,0.25,0.75,-1,0.88,1.12,4.0,1.33,7
AC Milan B,8,2,2,4,8,10,-2,8,Italy - Serie C - Group B,0.25,0.75,-2,1.0,1.0,4.0,1.33,8
Legnago Salus,8,1,4,3,6,8,-2,7,Italy - Serie C - Group B,0.12,0.88,-2,0.75,0.88,8.33,1.14,9
Ascoli,8,1,3,4,6,11,-5,6,Italy - Serie C - Group B,0.12,0.88,-5,0.75,0.75,8.33,1.14,10
Lucchese,8,1,3,4,7,15,-8,6,Italy - Serie C - Group B,0.12,0.88,-8,0.88,0.75,8.33,1.14,10
Campobasso,8,1,2,5,6,12,-6,5,Italy - Serie C - Group B,0.12,0.88,-6,0.75,0.62,8.33,1.14,11
Perugia,8,0,4,4,3,8,-5,4,Italy - Serie C - Group B,0.0,1.0,-5,0.38,0.5,0.0,1.0,12
Sestri Levante,8,0,3,5,6,15,-9,3,Italy - Serie C - Group B,0.0,1.0,-9,0.75,0.38,0.0,1.0,13
Catania,8,5,2,1,13,6,7,17,Italy - Serie C - Group C,0.62,0.38,7,1.62,2.12,1.61,2.63,1
Avellino,8,5,2,1,12,6,6,17,Italy - Serie C - Group C,0.62,0.38,6,1.5,2.12,1.61,2.63,1
A. Cerignola,8,5,1,2,10,5,5,16,Italy - Serie C - Group C,0.62,0.38,5,1.25,2.0,1.61,2.63,2
Picerno,8,3,5,0,8,4,4,14,Italy - Serie C - Group C,0.38,0.62,4,1.0,1.75,2.63,1.61,3
Juventus U23,8,3,3,2,12,11,1,12,Italy - Serie C - Group C,0.38,0.62,1,1.5,1.5,2.63,1.61,4
Potenza,8,3,1,4,11,13,-2,10,Italy - Serie C - Group C,0.38,0.62,-2,1.38,1.25,2.63,1.61,5
Trapani,8,3,1,4,5,7,-2,10,Italy - Serie C - Group C,0.38,0.62,-2,0.62,1.25,2.63,1.61,5
ACR Messina,8,2,3,3,12,13,-1,9,Italy - Serie C - Group C,0.25,0.75,-1,1.5,1.12,4.0,1.33,6
Benevento,8,2,3,3,11,14,-3,9,Italy - Serie C - Group C,0.25,0.75,-3,1.38,1.12,4.0,1.33,6
Altamura,8,2,3,3,9,12,-3,9,Italy - Serie C - Group C,0.25,0.75,-3,1.12,1.12,4.0,1.33,6
Crotone,8,2,2,4,9,11,-2,8,Italy - Serie C - Group C,0.25,0.75,-2,1.12,1.0,4.0,1.33,7
Giugliano,8,2,2,4,12,15,-3,8,Italy - Serie C - Group C,0.25,0.75,-3,1.5,1.0,4.0,1.33,7
Cavese,8,2,2,4,10,13,-3,8,Italy - Serie C - Group C,0.25,0.75,-3,1.25,1.0,4.0,1.33,7
Monopoli,8,2,2,4,5,8,-3,8,Italy - Serie C - Group C,0.25,0.75,-3,0.62,1.0,4.0,1.33,7
Casertana,8,1,2,5,6,11,-5,5,Italy - Serie C - Group C,0.12,0.88,-5,0.75,0.62,8.33,1.14,8
Latina,8,1,2,5,7,17,-10,5,Italy - Serie C - Group C,0.12,0.88,-10,0.88,0.62,8.33,1.14,8
Sorrento,8,0,3,5,3,19,-16,3,Italy - Serie C - Group C,0.0,1.0,-16,0.38,0.38,0.0,1.0,9
Foggia,8,0,2,6,6,16,-10,2,Italy - Serie C - Group C,0.0,1.0,-10,0.75,0.25,0.0,1.0,10
Taranto,0,0,0,0,0,0,0,0,Italy - Serie C - Group C,0.0,0.0,0,0.0,0.0,0.0,0.0,11
Turris,0,0,0,0,0,0,0,0,Italy - Serie C - Group C,0.0,0.0,0,0.0,0.0,0.0,0.0,11
Bra,8,6,2,0,12,3,9,20,Italy - Serie D - Group A,0.75,0.25,9,1.5,2.5,1.33,4.0,1
Gozzano,8,6,1,1,14,7,7,19,Italy - Serie D - Group A,0.75,0.25,7,1.75,2.38,1.33,4.0,2
Lavagnese,8,5,3,0,14,5,9,18,Italy - Serie D - Group A,0.62,0.38,9,1.75,2.25,1.61,2.63,3
NovaRomentin,8,5,2,1,16,6,10,17,Italy - Serie D - Group A,0.62,0.38,10,2.0,2.12,1.61,2.63,4
Derthona,8,4,2,2,10,7,3,14,Italy - Serie D - Group A,0.5,0.5,3,1.25,1.75,2.0,2.0,5
Chisola,8,4,1,3,9,8,1,13,Italy - Serie D - Group A,0.5,0.5,1,1.12,1.62,2.0,2.0,6
Ligorna,8,4,1,3,8,9,-1,13,Italy - Serie D - Group A,0.5,0.5,-1,1.0,1.62,2.0,2.0,6
Vado,8,3,3,2,9,7,2,12,Italy - Serie D - Group A,0.38,0.62,2,1.12,1.5,2.63,1.61,7
Sanremese,8,3,3,2,9,10,-1,12,Italy - Serie D - Group A,0.38,0.62,-1,1.12,1.5,2.63,1.61,7
Cairese,8,3,2,3,8,9,-1,11,Italy - Serie D - Group A,0.38,0.62,-1,1.0,1.38,2.63,1.61,8
Oltrepo,8,3,1,4,6,11,-5,10,Italy - Serie D - Group A,0.38,0.62,-5,0.75,1.25,2.63,1.61,9
Citta di Varese,8,2,2,4,6,9,-3,8,Italy - Serie D - Group A,0.25,0.75,-3,0.75,1.0,4.0,1.33,10
Chieri,8,1,5,2,4,10,-6,8,Italy - Serie D - Group A,0.12,0.88,-6,0.5,1.0,8.33,1.14,10
Saluzzo,8,1,4,3,8,10,-2,7,Italy - Serie D - Group A,0.12,0.88,-2,1.0,0.88,8.33,1.14,11
Borgaro Nobis,8,2,1,5,11,20,-9,7,Italy - Serie D - Group A,0.25,0.75,-9,1.38,0.88,4.0,1.33,11
Asti,8,1,3,4,6,12,-6,6,Italy - Serie D - Group A,0.12,0.88,-6,0.75,0.75,8.33,1.14,12
Pro Imperia,8,2,0,6,9,18,-9,6,Italy - Serie D - Group A,0.25,0.75,-9,1.12,0.75,4.0,1.33,12
Vogherese,8,1,2,5,5,13,-8,5,Italy - Serie D - Group A,0.12,0.88,-8,0.62,0.62,8.33,1.14,13
Fossano,8,1,1,6,7,15,-8,4,Italy - Serie D - Group A,0.12,0.88,-8,0.88,0.5,8.33,1.14,14
Albenga,0,0,0,0,0,0,0,0,Italy - Serie D - Group A,0.0,0.0,0,0.0,0.0,0.0,0.0,15
USD Casatese,8,5,3,0,15,6,9,18,Italy - Serie D - Group B,0.62,0.38,9,1.88,2.25,1.61,2.63,1
Ospitaletto,8,5,2,1,14,6,8,17,Italy - Serie D - Group B,0.62,0.38,8,1.75,2.12,1.61,2.63,2
Chievo,8,5,2,1,14,7,7,17,Italy - Serie D - Group B,0.62,0.38,7,1.75,2.12,1.61,2.63,2
F. Caratese,8,4,3,1,12,6,6,15,Italy - Serie D - Group B,0.5,0.5,6,1.5,1.88,2.0,2.0,3
Pro Palazzolo,8,4,3,1,13,8,5,15,Italy - Serie D - Group B,0.5,0.5,5,1.62,1.88,2.0,2.0,3
Varesina,8,3,4,1,13,10,3,13,Italy - Serie D - Group B,0.38,0.62,3,1.62,1.62,2.63,1.61,4
Sondrio,8,4,1,3,8,9,-1,13,Italy - Serie D - Group B,0.5,0.5,-1,1.0,1.62,2.0,2.0,4
Castellanzese,8,3,3,2,10,8,2,12,Italy - Serie D - Group B,0.38,0.62,2,1.25,1.5,2.63,1.61,5
Vigasio,8,3,2,3,6,5,1,11,Italy - Serie D - Group B,0.38,0.62,1,0.75,1.38,2.63,1.61,6
Crema,8,3,2,3,8,11,-3,11,Italy - Serie D - Group B,0.38,0.62,-3,1.0,1.38,2.63,1.61,6
Desenxano,8,3,1,4,9,8,1,10,Italy - Serie D - Group B,0.38,0.62,1,1.12,1.25,2.63,1.61,7
SantAngelo,8,1,4,3,9,11,-2,7,Italy - Serie D - Group B,0.12,0.88,-2,1.12,0.88,8.33,1.14,8
Magenta,8,2,1,5,10,15,-5,7,Italy - Serie D - Group B,0.25,0.75,-5,1.25,0.88,4.0,1.33,8
Arconatese,8,1,4,3,7,13,-6,7,Italy - Serie D - Group B,0.12,0.88,-6,0.88,0.88,8.33,1.14,8
Pro Sesto,8,1,3,4,7,11,-4,6,Italy - Serie D - Group B,0.12,0.88,-4,0.88,0.75,8.33,1.14,9
Sangiuliano C.,8,1,3,4,5,10,-5,6,Italy - Serie D - Group B,0.12,0.88,-5,0.62,0.75,8.33,1.14,9
Club Milano,8,1,2,5,6,16,-10,5,Italy - Serie D - Group B,0.12,0.88,-10,0.75,0.62,8.33,1.14,10
Breno,8,1,2,5,8,22,-14,5,Italy - Serie D - Group B,0.12,0.88,-14,1.0,0.62,8.33,1.14,10
Fanfulla,8,0,3,5,6,16,-10,3,Italy - Serie D - Group B,0.0,1.0,-10,0.75,0.38,0.0,1.0,11
Ciliverghe,8,0,0,8,4,24,-20,0,Italy - Serie D - Group B,0.0,1.0,-20,0.5,0.0,0.0,1.0,12
Treviso,8,4,2,2,12,8,4,14,Italy - Serie D - Group C,0.5,0.5,4,1.5,1.75,2.0,2.0,1
Mestre,8,4,2,2,5,4,1,14,Italy - Serie D - Group C,0.5,0.5,1,0.62,1.75,2.0,2.0,1
Brian Lignano,8,3,4,1,12,8,4,13,Italy - Serie D - Group C,0.38,0.62,4,1.5,1.62,2.63,1.61,2
Brusaporto,8,3,4,1,6,4,2,13,Italy - Serie D - Group C,0.38,0.62,2,0.75,1.62,2.63,1.61,2
Real Calepina,8,3,4,1,12,11,1,13,Italy - Serie D - Group C,0.38,0.62,1,1.5,1.62,2.63,1.61,2
Adriese,8,4,1,3,10,9,1,13,Italy - Serie D - Group C,0.5,0.5,1,1.25,1.62,2.0,2.0,2
Cjarlins Muzane,8,4,1,3,10,11,-1,13,Italy - Serie D - Group C,0.5,0.5,-1,1.25,1.62,2.0,2.0,2
Portogruaro,8,3,3,2,12,8,4,12,Italy - Serie D - Group C,0.38,0.62,4,1.5,1.5,2.63,1.61,3
Villa Alme,8,3,3,2,10,8,2,12,Italy - Serie D - Group C,0.38,0.62,2,1.25,1.5,2.63,1.61,3
D. Bellunesi,8,3,3,2,13,12,1,12,Italy - Serie D - Group C,0.38,0.62,1,1.62,1.5,2.63,1.61,3
Calvi Noale,8,3,2,3,13,10,3,11,Italy - Serie D - Group C,0.38,0.62,3,1.62,1.38,2.63,1.61,4
Campodarsego,8,1,7,0,4,2,2,10,Italy - Serie D - Group C,0.12,0.88,2,0.5,1.25,8.33,1.14,5
Ciserano,8,2,4,2,8,7,1,10,Italy - Serie D - Group C,0.25,0.75,1,1.0,1.25,4.0,1.33,5
Luparense,8,3,1,4,11,12,-1,10,Italy - Serie D - Group C,0.38,0.62,-1,1.38,1.25,2.63,1.61,5
Bassano Virtus,8,3,1,4,9,10,-1,10,Italy - Serie D - Group C,0.38,0.62,-1,1.12,1.25,2.63,1.61,5
Este,8,1,3,4,6,13,-7,6,Italy - Serie D - Group C,0.12,0.88,-7,0.75,0.75,8.33,1.14,6
Caravaggio,8,1,2,5,11,12,-1,5,Italy - Serie D - Group C,0.12,0.88,-1,1.38,0.62,8.33,1.14,7
Montecchio M.,8,1,2,5,4,12,-8,5,Italy - Serie D - Group C,0.12,0.88,-8,0.5,0.62,8.33,1.14,7
Chions,8,1,2,5,8,17,-9,5,Italy - Serie D - Group C,0.12,0.88,-9,1.0,0.62,8.33,1.14,7
Lavis,8,0,0,8,5,26,-21,0,Italy - Serie D - Group C,0.0,1.0,-21,0.62,0.0,0.0,1.0,8
Forli,8,8,0,0,18,2,16,24,Italy - Serie D - Group D,1.0,0.0,16,2.25,3.0,1.0,0.0,1
Zenith Prato,8,6,0,2,15,7,8,18,Italy - Serie D - Group D,0.75,0.25,8,1.88,2.25,1.33,4.0,2
Lentigione,8,5,2,1,16,7,9,17,Italy - Serie D - Group D,0.62,0.38,9,2.0,2.12,1.61,2.63,3
Ravenna,8,4,3,1,13,8,5,15,Italy - Serie D - Group D,0.5,0.5,5,1.62,1.88,2.0,2.0,4
Tau Altopascio,8,4,2,2,15,4,11,14,Italy - Serie D - Group D,0.5,0.5,11,1.88,1.75,2.0,2.0,5
Prato,8,4,2,2,11,4,7,14,Italy - Serie D - Group D,0.5,0.5,7,1.38,1.75,2.0,2.0,5
San Marino C.,8,3,3,2,11,9,2,12,Italy - Serie D - Group D,0.38,0.62,2,1.38,1.5,2.63,1.61,6
Sasso Marconi,8,3,3,2,10,8,2,12,Italy - Serie D - Group D,0.38,0.62,2,1.25,1.5,2.63,1.61,6
Cittadella Vis,8,3,3,2,13,12,1,12,Italy - Serie D - Group D,0.38,0.62,1,1.62,1.5,2.63,1.61,6
Pistoiese,8,3,2,3,6,5,1,11,Italy - Serie D - Group D,0.38,0.62,1,0.75,1.38,2.63,1.61,7
Sammaurese,8,3,1,4,4,5,-1,10,Italy - Serie D - Group D,0.38,0.62,-1,0.5,1.25,2.63,1.61,8
Piacenza,8,2,3,3,10,11,-1,9,Italy - Serie D - Group D,0.25,0.75,-1,1.25,1.12,4.0,1.33,9
Tuttocuoio,8,2,3,3,11,16,-5,9,Italy - Serie D - Group D,0.25,0.75,-5,1.38,1.12,4.0,1.33,9
Imolese,8,2,3,3,6,12,-6,9,Italy - Serie D - Group D,0.25,0.75,-6,0.75,1.12,4.0,1.33,9
Progresso,8,2,3,3,5,11,-6,9,Italy - Serie D - Group D,0.25,0.75,-6,0.62,1.12,4.0,1.33,9
Corticella,8,1,3,4,7,15,-8,6,Italy - Serie D - Group D,0.12,0.88,-8,0.88,0.75,8.33,1.14,10
Fiorenzuola,8,2,0,6,6,14,-8,6,Italy - Serie D - Group D,0.25,0.75,-8,0.75,0.75,4.0,1.33,10
United Riccione,8,0,0,8,1,23,-22,0,Italy - Serie D - Group D,0.0,1.0,-22,0.12,0.0,0.0,1.0,11
Orvietana,8,5,1,2,16,12,4,16,Italy - Serie D - Group E,0.62,0.38,4,2.0,2.0,1.61,2.63,1
Livorno,8,4,3,1,13,12,1,15,Italy - Serie D - Group E,0.5,0.5,1,1.62,1.88,2.0,2.0,2
Poggibonsi,8,4,2,2,6,3,3,14,Italy - Serie D - Group E,0.5,0.5,3,0.75,1.75,2.0,2.0,3
Ghiviborgo,8,4,1,3,10,6,4,13,Italy - Serie D - Group E,0.5,0.5,4,1.25,1.62,2.0,2.0,4
Seravezza,8,3,4,1,8,4,4,13,Italy - Serie D - Group E,0.38,0.62,4,1.0,1.62,2.63,1.61,4
Flaminia,8,3,3,2,14,9,5,12,Italy - Serie D - Group E,0.38,0.62,5,1.75,1.5,2.63,1.61,5
Ostia Mare,8,3,2,3,15,14,1,11,Italy - Serie D - Group E,0.38,0.62,1,1.88,1.38,2.63,1.61,6
Montevarchi,8,2,4,2,8,8,0,10,Italy - Serie D - Group E,0.25,0.75,0,1.0,1.25,4.0,1.33,7
T. Traiana,8,2,3,3,8,10,-2,9,Italy - Serie D - Group E,0.25,0.75,-2,1.0,1.12,4.0,1.33,8
Figline,8,2,2,4,9,8,1,8,Italy - Serie D - Group E,0.25,0.75,1,1.12,1.0,4.0,1.33,9
Fulgens Foligno,8,1,5,2,9,10,-1,8,Italy - Serie D - Group E,0.12,0.88,-1,1.12,1.0,8.33,1.14,9
San Donato,8,2,2,4,4,7,-3,8,Italy - Serie D - Group E,0.25,0.75,-3,0.5,1.0,4.0,1.33,9
Grosseto,8,2,2,4,5,9,-4,8,Italy - Serie D - Group E,0.25,0.75,-4,0.62,1.0,4.0,1.33,9
FC Siena,8,2,2,4,7,12,-5,8,Italy - Serie D - Group E,0.25,0.75,-5,0.88,1.0,4.0,1.33,9
Gavorrano,8,2,2,4,6,13,-7,8,Italy - Serie D - Group E,0.25,0.75,-7,0.75,1.0,4.0,1.33,9
Sangiovannese,8,1,4,3,9,12,-3,7,Italy - Serie D - Group E,0.12,0.88,-3,1.12,0.88,8.33,1.14,10
S. Trestina,8,1,2,5,6,12,-6,5,Italy - Serie D - Group E,0.12,0.88,-6,0.75,0.62,8.33,1.14,11
Fezzanese,8,1,2,5,9,19,-10,5,Italy - Serie D - Group E,0.12,0.88,-10,1.12,0.62,8.33,1.14,11
Sambenedettese,8,5,2,1,18,8,10,17,Italy - Serie D - Group F,0.62,0.38,10,2.25,2.12,1.61,2.63,1
Teramo,8,5,2,1,10,5,5,17,Italy - Serie D - Group F,0.62,0.38,5,1.25,2.12,1.61,2.63,1
LAquila,8,4,2,2,9,6,3,14,Italy - Serie D - Group F,0.5,0.5,3,1.12,1.75,2.0,2.0,2
Civitanovese,8,4,1,3,11,9,2,13,Italy - Serie D - Group F,0.5,0.5,2,1.38,1.62,2.0,2.0,3
Chieti,8,3,3,2,11,10,1,12,Italy - Serie D - Group F,0.38,0.62,1,1.38,1.5,2.63,1.61,4
Ancona 1905,8,2,5,1,11,9,2,11,Italy - Serie D - Group F,0.25,0.75,2,1.38,1.38,4.0,1.33,5
Fossombrone,8,3,2,3,6,5,1,11,Italy - Serie D - Group F,0.38,0.62,1,0.75,1.38,2.63,1.61,5
Termoli Calcio,8,2,4,2,9,12,-3,10,Italy - Serie D - Group F,0.25,0.75,-3,1.12,1.25,4.0,1.33,6
Sora,8,2,3,3,5,6,-1,9,Italy - Serie D - Group F,0.25,0.75,-1,0.62,1.12,4.0,1.33,7
San Nicolo,8,3,0,5,14,16,-2,9,Italy - Serie D - Group F,0.38,0.62,-2,1.75,1.12,2.63,1.61,7
V. Senigallia,8,2,3,3,8,10,-2,9,Italy - Serie D - Group F,0.25,0.75,-2,1.0,1.12,4.0,1.33,7
Recanatese,8,2,3,3,7,12,-5,9,Italy - Serie D - Group F,0.25,0.75,-5,0.88,1.12,4.0,1.33,7
Roma City,8,1,5,2,6,7,-1,8,Italy - Serie D - Group F,0.12,0.88,-1,0.75,1.0,8.33,1.14,8
Isernia,8,2,2,4,8,14,-6,8,Italy - Serie D - Group F,0.25,0.75,-6,1.0,1.0,4.0,1.33,8
Fermana,8,1,3,4,6,11,-5,6,Italy - Serie D - Group F,0.12,0.88,-5,0.75,0.75,8.33,1.14,9
Avezzano,8,1,3,4,6,13,-7,6,Italy - Serie D - Group F,0.12,0.88,-7,0.75,0.75,8.33,1.14,9
Castelfidardo,8,1,3,4,5,12,-7,6,Italy - Serie D - Group F,0.12,0.88,-7,0.62,0.75,8.33,1.14,9
Atletico Ascoli,8,1,3,4,4,11,-7,6,Italy - Serie D - Group F,0.12,0.88,-7,0.5,0.75,8.33,1.14,9
Guidonia,8,5,2,1,18,8,10,17,Italy - Serie D - Group G,0.62,0.38,10,2.25,2.12,1.61,2.63,1
Sarnese,8,5,2,1,17,9,8,17,Italy - Serie D - Group G,0.62,0.38,8,2.12,2.12,1.61,2.63,1
Savoia,8,3,3,2,8,10,-2,12,Italy - Serie D - Group G,0.38,0.62,-2,1.0,1.5,2.63,1.61,2
Ilvamaddalena,8,3,2,3,12,7,5,11,Italy - Serie D - Group G,0.38,0.62,5,1.5,1.38,2.63,1.61,3
Gelbison,8,2,3,3,11,11,0,9,Italy - Serie D - Group G,0.25,0.75,0,1.38,1.12,4.0,1.33,4
Paganese,8,2,2,4,9,12,-3,8,Italy - Serie D - Group G,0.25,0.75,-3,1.12,1.0,4.0,1.33,5
R. Monterotondo,8,2,1,5,7,12,-5,7,Italy - Serie D - Group G,0.25,0.75,-5,0.88,0.88,4.0,1.33,6
Olbia,8,1,3,4,8,11,-3,6,Italy - Serie D - Group G,0.12,0.88,-3,1.0,0.75,8.33,1.14,7
Cassino,8,1,3,4,5,9,-4,6,Italy - Serie D - Group G,0.12,0.88,-4,0.62,0.75,8.33,1.14,7
Atletico Uri,8,1,3,4,7,12,-5,6,Italy - Serie D - Group G,0.12,0.88,-5,0.88,0.75,8.33,1.14,7
S. Ogliastra,8,1,3,4,9,16,-7,6,Italy - Serie D - Group G,0.12,0.88,-7,1.12,0.75,8.33,1.14,7
CynthiAlbalonga,8,2,0,6,8,17,-9,6,Italy - Serie D - Group G,0.25,0.75,-9,1.0,0.75,4.0,1.33,7
A. Lodigiani,8,1,2,5,7,11,-4,5,Italy - Serie D - Group G,0.12,0.88,-4,0.88,0.62,8.33,1.14,8
Anzio,8,1,2,5,6,13,-7,5,Italy - Serie D - Group G,0.12,0.88,-7,0.75,0.62,8.33,1.14,8
Puteolana,8,1,1,6,6,12,-6,4,Italy - Serie D - Group G,0.12,0.88,-6,0.75,0.5,8.33,1.14,9
Terracina,8,1,1,6,9,20,-11,4,Italy - Serie D - Group G,0.12,0.88,-11,1.12,0.5,8.33,1.14,9
Trastevere,8,0,1,7,5,19,-14,1,Italy - Serie D - Group G,0.0,1.0,-14,0.62,0.12,0.0,1.0,10
Latte Dolce,8,0,1,7,7,22,-15,1,Italy - Serie D - Group G,0.0,1.0,-15,0.88,0.12,0.0,1.0,10
Casarano,8,7,1,0,28,7,21,22,Italy - Serie D - Group H,0.88,0.12,21,3.5,2.75,1.14,8.33,1
Nocerina,8,4,3,1,12,7,5,15,Italy - Serie D - Group H,0.5,0.5,5,1.5,1.88,2.0,2.0,2
Citta di Fasano,8,3,2,3,8,7,1,11,Italy - Serie D - Group H,0.38,0.62,1,1.0,1.38,2.63,1.61,3
Francavilla,8,3,2,3,7,10,-3,11,Italy - Serie D - Group H,0.38,0.62,-3,0.88,1.38,2.63,1.61,3
Martina Franca,8,2,4,2,6,8,-2,10,Italy - Serie D - Group H,0.25,0.75,-2,0.75,1.25,4.0,1.33,4
Ugento,8,2,2,4,6,15,-9,8,Italy - Serie D - Group H,0.25,0.75,-9,0.75,1.0,4.0,1.33,5
V. Francavilla,8,1,4,3,6,8,-2,7,Italy - Serie D - Group H,0.12,0.88,-2,0.75,0.88,8.33,1.14,6
Nardo,8,2,1,5,7,12,-5,7,Italy - Serie D - Group H,0.25,0.75,-5,0.88,0.88,4.0,1.33,6
Fidelis Andria,8,2,1,5,7,13,-6,7,Italy - Serie D - Group H,0.25,0.75,-6,0.88,0.88,4.0,1.33,6
Manfredonia,8,1,4,3,7,13,-6,7,Italy - Serie D - Group H,0.12,0.88,-6,0.88,0.88,8.33,1.14,6
Brindisi,8,1,3,4,11,14,-3,6,Italy - Serie D - Group H,0.12,0.88,-3,1.38,0.75,8.33,1.14,7
Gravina,8,1,3,4,8,11,-3,6,Italy - Serie D - Group H,0.12,0.88,-3,1.0,0.75,8.33,1.14,7
Ischia,8,1,3,4,3,9,-6,6,Italy - Serie D - Group H,0.12,0.88,-6,0.38,0.75,8.33,1.14,7
Real Acerrana,8,1,2,5,5,13,-8,5,Italy - Serie D - Group H,0.12,0.88,-8,0.62,0.62,8.33,1.14,8
Angri Calcio,8,1,2,5,9,20,-11,5,Italy - Serie D - Group H,0.12,0.88,-11,1.12,0.62,8.33,1.14,8
USD Palmese,8,0,4,4,8,13,-5,4,Italy - Serie D - Group H,0.0,1.0,-5,1.0,0.5,0.0,1.0,9
Costa DAmalfi,8,0,2,6,3,15,-12,2,Italy - Serie D - Group H,0.0,1.0,-12,0.38,0.25,0.0,1.0,10
Matera,8,0,1,7,7,25,-18,1,Italy - Serie D - Group H,0.0,1.0,-18,0.88,0.12,0.0,1.0,11
Reggina,8,8,0,0,19,4,15,24,Italy - Serie D - Group I,1.0,0.0,15,2.38,3.0,1.0,0.0,1
Siracusa,8,6,1,1,11,5,6,19,Italy - Serie D - Group I,0.75,0.25,6,1.38,2.38,1.33,4.0,2
Scafatese,8,4,2,2,8,6,2,14,Italy - Serie D - Group I,0.5,0.5,2,1.0,1.75,2.0,2.0,3
Vibonese,8,4,1,3,10,6,4,13,Italy - Serie D - Group I,0.5,0.5,4,1.25,1.62,2.0,2.0,4
Pompei,8,3,3,2,5,5,0,12,Italy - Serie D - Group I,0.38,0.62,0,0.62,1.5,2.63,1.61,5
Paterno,8,3,3,2,12,15,-3,12,Italy - Serie D - Group I,0.38,0.62,-3,1.5,1.5,2.63,1.61,5
Sambiase,8,3,2,3,9,9,0,11,Italy - Serie D - Group I,0.38,0.62,0,1.12,1.38,2.63,1.61,6
Enna,8,2,3,3,3,5,-2,9,Italy - Serie D - Group I,0.25,0.75,-2,0.38,1.12,4.0,1.33,7
Ragusa,8,2,2,4,12,11,1,8,Italy - Serie D - Group I,0.25,0.75,1,1.5,1.0,4.0,1.33,8
Licata,8,2,2,4,8,14,-6,8,Italy - Serie D - Group I,0.25,0.75,-6,1.0,1.0,4.0,1.33,8
Nissa,8,2,2,4,10,19,-9,8,Italy - Serie D - Group I,0.25,0.75,-9,1.25,1.0,4.0,1.33,8
CD S. Agata,8,2,1,5,11,16,-5,7,Italy - Serie D - Group I,0.25,0.75,-5,1.38,0.88,4.0,1.33,9
CastrumFavara,8,1,4,3,4,11,-7,7,Italy - Serie D - Group I,0.12,0.88,-7,0.5,0.88,8.33,1.14,9
Acireale,8,0,5,3,8,12,-4,5,Italy - Serie D - Group I,0.0,1.0,-4,1.0,0.62,0.0,1.0,10
Igea Virtus,8,1,2,5,7,20,-13,5,Italy - Serie D - Group I,0.12,0.88,-13,0.88,0.62,8.33,1.14,10
Sancataldese,8,0,2,6,3,14,-11,2,Italy - Serie D - Group I,0.0,1.0,-11,0.38,0.25,0.0,1.0,11
Akragas,0,0,0,0,0,0,0,0,Italy - Serie D - Group I,0.0,0.0,0,0.0,0.0,0.0,0.0,12
Locri 1909,8,0,0,8,7,23,-16,0,Italy - Serie D - Group I,0.0,1.0,-16,0.88,0.0,0.0,1.0,12
Roma U20,8,7,0,1,23,12,11,21,Italy - Primavera 1,0.88,0.12,11,2.88,2.62,1.14,8.33,1
Inter Milan U20,8,6,1,1,15,6,9,19,Italy - Primavera 1,0.75,0.25,9,1.88,2.38,1.33,4.0,2
Sassuolo U20,8,6,0,2,13,9,4,18,Italy - Primavera 1,0.75,0.25,4,1.62,2.25,1.33,4.0,3
H. Verona U20,8,5,2,1,13,4,9,17,Italy - Primavera 1,0.62,0.38,9,1.62,2.12,1.61,2.63,4
Genoa U20,8,4,1,3,10,10,0,13,Italy - Primavera 1,0.5,0.5,0,1.25,1.62,2.0,2.0,5
Fiorentina U20,8,4,0,4,9,9,0,12,Italy - Primavera 1,0.5,0.5,0,1.12,1.5,2.0,2.0,6
Juventus U20,8,3,2,3,15,15,0,11,Italy - Primavera 1,0.38,0.62,0,1.88,1.38,2.63,1.61,7
Lazio U20,8,3,2,3,7,9,-2,11,Italy - Primavera 1,0.38,0.62,-2,0.88,1.38,2.63,1.61,7
Monza U20,8,3,2,3,12,17,-5,11,Italy - Primavera 1,0.38,0.62,-5,1.5,1.38,2.63,1.61,7
Atalanta U20,8,3,1,4,10,11,-1,10,Italy - Primavera 1,0.38,0.62,-1,1.25,1.25,2.63,1.61,8
Milan U20,8,2,3,3,9,11,-2,9,Italy - Primavera 1,0.25,0.75,-2,1.12,1.12,4.0,1.33,9
Cremonese U20,8,1,5,2,9,10,-1,8,Italy - Primavera 1,0.12,0.88,-1,1.12,1.0,8.33,1.14,10
Bologna U20,8,2,2,4,7,11,-4,8,Italy - Primavera 1,0.25,0.75,-4,0.88,1.0,4.0,1.33,10
Cagliari U20,8,2,2,4,7,11,-4,8,Italy - Primavera 1,0.25,0.75,-4,0.88,1.0,4.0,1.33,10
Lecce U20,8,2,2,4,8,14,-6,8,Italy - Primavera 1,0.25,0.75,-6,1.0,1.0,4.0,1.33,10
Sampdoria U20,8,2,1,5,8,14,-6,7,Italy - Primavera 1,0.25,0.75,-6,1.0,0.88,4.0,1.33,11
Torino U20,8,1,2,5,9,13,-4,5,Italy - Primavera 1,0.12,0.88,-4,1.12,0.62,8.33,1.14,12
Cesena U20,8,1,2,5,12,17,-5,5,Italy - Primavera 1,0.12,0.88,-5,1.5,0.62,8.33,1.14,12
Empoli U20,8,0,5,3,12,18,-6,5,Italy - Primavera 1,0.0,1.0,-6,1.5,0.62,0.0,1.0,12
Udinese U20,8,0,0,8,4,24,-20,0,Italy - Primavera 1,0.0,1.0,-20,0.5,0.0,0.0,1.0,13
Mount Pleasant,8,5,1,2,18,6,12,16,Jamaica - Premier League,0.62,0.38,12,2.25,2.0,1.61,2.63,1
Arnett Gardens,8,5,1,2,21,10,11,16,Jamaica - Premier League,0.62,0.38,11,2.62,2.0,1.61,2.63,1
Cavalier,8,3,4,1,15,10,5,13,Jamaica - Premier League,0.38,0.62,5,1.88,1.62,2.63,1.61,2
Montego Bay,8,3,3,2,8,7,1,12,Jamaica - Premier League,0.38,0.62,1,1.0,1.5,2.63,1.61,3
Portmore Utd,8,2,4,2,4,3,1,10,Jamaica - Premier League,0.25,0.75,1,0.5,1.25,4.0,1.33,4
Tivoli Gardens,8,2,4,2,12,12,0,10,Jamaica - Premier League,0.25,0.75,0,1.5,1.25,4.0,1.33,4
Molynes Utd,8,2,2,4,7,14,-7,8,Jamaica - Premier League,0.25,0.75,-7,0.88,1.0,4.0,1.33,5
Chapelton,8,2,2,4,4,11,-7,8,Jamaica - Premier League,0.25,0.75,-7,0.5,1.0,4.0,1.33,5
Racing United,8,1,4,3,8,9,-1,7,Jamaica - Premier League,0.12,0.88,-1,1.0,0.88,8.33,1.14,6
Waterhouse,8,2,1,5,9,11,-2,7,Jamaica - Premier League,0.25,0.75,-2,1.12,0.88,4.0,1.33,6
Harbour View,8,2,1,5,4,11,-7,7,Jamaica - Premier League,0.25,0.75,-7,0.5,0.88,4.0,1.33,6
Dunbeholden,8,1,3,4,3,11,-8,6,Jamaica - Premier League,0.12,0.88,-8,0.38,0.75,8.33,1.14,7
Vere Utd,8,0,1,7,7,17,-10,1,Jamaica - Premier League,0.0,1.0,-10,0.88,0.12,0.0,1.0,8
Humble Lions,8,0,1,7,6,21,-15,1,Jamaica - Premier League,0.0,1.0,-15,0.75,0.12,0.0,1.0,8
Machida Zelvia,6,4,1,1,8,4,4,13,Japan - J1 League,0.67,0.33,4,1.33,2.17,1.49,3.03,1
Kyoto Sanga,7,4,1,2,11,10,1,13,Japan - J1 League,0.57,0.43,1,1.57,1.86,1.75,2.33,1
Kashiwa Reysol,6,3,3,0,7,3,4,12,Japan - J1 League,0.5,0.5,4,1.17,2.0,2.0,2.0,2
K. Frontale,7,2,4,1,10,7,3,10,Japan - J1 League,0.29,0.71,3,1.43,1.43,3.45,1.41,3
Vissel Kobe,5,3,1,1,6,4,2,10,Japan - J1 League,0.6,0.4,2,1.2,2.0,1.67,2.5,3
Avispa Fukuoka,5,3,0,2,5,5,0,9,Japan - J1 League,0.6,0.4,0,1.0,1.8,1.67,2.5,4
Urawa RD,7,1,4,2,6,6,0,7,Japan - J1 League,0.14,0.86,0,0.86,1.0,7.14,1.16,5
Shimizu S-Pulse,6,2,1,3,6,8,-2,7,Japan - J1 League,0.33,0.67,-2,1.0,1.17,3.03,1.49,5
Tokyo Verdy,6,1,4,1,3,6,-3,7,Japan - J1 League,0.17,0.83,-3,0.5,1.17,5.88,1.2,5
Kashima Antlers,5,2,0,3,5,5,0,6,Japan - J1 League,0.4,0.6,0,1.0,1.2,2.5,1.67,6
FC Tokyo,6,1,2,3,4,7,-3,5,Japan - J1 League,0.17,0.83,-3,0.67,0.83,5.88,1.2,7
Gamba Osaka,6,1,2,3,5,9,-4,5,Japan - J1 League,0.17,0.83,-4,0.83,0.83,5.88,1.2,7
Shonan Bellmare,6,1,2,3,3,9,-6,5,Japan - J1 League,0.17,0.83,-6,0.5,0.83,5.88,1.2,7
Cerezo Osaka,5,1,1,3,9,10,-1,4,Japan - J1 League,0.2,0.8,-1,1.8,0.8,5.0,1.25,8
S. Hiroshima,4,1,1,2,4,5,-1,4,Japan - J1 League,0.25,0.75,-1,1.0,1.0,4.0,1.33,8
Albirex Niigata,5,1,1,3,3,6,-3,4,Japan - J1 League,0.2,0.8,-3,0.6,0.8,5.0,1.25,8
Fagiano Okayama,4,1,0,3,2,4,-2,3,Japan - J1 League,0.25,0.75,-2,0.5,0.75,4.0,1.33,9
Yokohama FC,4,0,2,2,1,3,-2,2,Japan - J1 League,0.0,1.0,-2,0.25,0.5,0.0,1.0,10
Yokohama M.,6,0,1,5,5,12,-7,1,Japan - J1 League,0.0,1.0,-7,0.83,0.17,0.0,1.0,11
Nagoya G.,6,0,1,5,4,14,-10,1,Japan - J1 League,0.0,1.0,-10,0.67,0.17,0.0,1.0,11
JEF Utd Chiba,5,4,0,1,10,5,5,12,Japan - J2 League,0.8,0.2,5,2.0,2.4,1.25,5.0,1
FC Imabari,4,3,1,0,8,3,5,10,Japan - J2 League,0.75,0.25,5,2.0,2.5,1.33,4.0,2
Vegalta Sendai,5,3,1,1,5,3,2,10,Japan - J2 League,0.6,0.4,2,1.0,2.0,1.67,2.5,2
Omiya Ardija,5,2,1,2,6,3,3,7,Japan - J2 League,0.4,0.6,3,1.2,1.4,2.5,1.67,3
M. Yamagata,6,2,1,3,9,9,0,7,Japan - J2 League,0.33,0.67,0,1.5,1.17,3.03,1.49,3
Tokushima V.,6,1,3,2,4,4,0,6,Japan - J2 League,0.17,0.83,0,0.67,1.0,5.88,1.2,4
Blaublitz Akita,6,2,0,4,7,13,-6,6,Japan - J2 League,0.33,0.67,-6,1.17,1.0,3.03,1.49,4
C. Sapporo,6,2,0,4,6,12,-6,6,Japan - J2 League,0.33,0.67,-6,1.0,1.0,3.03,1.49,4
R. Kumamoto,4,1,2,1,4,4,0,5,Japan - J2 League,0.25,0.75,0,1.0,1.25,4.0,1.33,5
Oita Trinita,5,1,2,2,4,6,-2,5,Japan - J2 League,0.2,0.8,-2,0.8,1.0,5.0,1.25,5
Kataller Toyama,5,1,2,2,1,3,-2,5,Japan - J2 League,0.2,0.8,-2,0.2,1.0,5.0,1.25,5
Ehime FC,4,1,2,1,6,9,-3,5,Japan - J2 League,0.25,0.75,-3,1.5,1.25,4.0,1.33,5
Sagan Tosu,4,1,1,2,4,5,-1,4,Japan - J2 League,0.25,0.75,-1,1.0,1.0,4.0,1.33,6
Jubilo Iwata,5,1,1,3,5,8,-3,4,Japan - J2 League,0.2,0.8,-3,1.0,0.8,5.0,1.25,6
Mito Hollyhock,5,1,1,3,4,7,-3,4,Japan - J2 League,0.2,0.8,-3,0.8,0.8,5.0,1.25,6
Ventforet Kofu,5,1,1,3,2,5,-3,4,Japan - J2 League,0.2,0.8,-3,0.4,0.8,5.0,1.25,6
Iwaki,5,1,1,3,3,8,-5,4,Japan - J2 League,0.2,0.8,-5,0.6,0.8,5.0,1.25,6
Fujieda MYFC,5,0,3,2,5,7,-2,3,Japan - J2 League,0.0,1.0,-2,1.0,0.6,0.0,1.0,7
V-V. Nagasaki,5,0,3,2,7,11,-4,3,Japan - J2 League,0.0,1.0,-4,1.4,0.6,0.0,1.0,7
R. Yamaguchi,5,0,2,3,5,8,-3,2,Japan - J2 League,0.0,1.0,-3,1.0,0.4,0.0,1.0,8
Tochigi City,6,4,1,1,10,4,6,13,Japan - J3 League,0.67,0.33,6,1.67,2.17,1.49,3.03,1
Z. Kanazawa,6,3,2,1,7,5,2,11,Japan - J3 League,0.5,0.5,2,1.17,1.83,2.0,2.0,2
Kochi United,5,3,0,2,13,8,5,9,Japan - J3 League,0.6,0.4,5,2.6,1.8,1.67,2.5,3
Kagoshima Utd,5,2,3,0,8,4,4,9,Japan - J3 League,0.4,0.6,4,1.6,1.8,2.5,1.67,3
T. Miyazaki,5,2,2,1,6,5,1,8,Japan - J3 League,0.4,0.6,1,1.2,1.6,2.5,1.67,4
V. Hachinohe,5,2,1,2,3,3,0,7,Japan - J3 League,0.4,0.6,0,0.6,1.4,2.5,1.67,5
Matsumoto Y.,5,1,3,1,5,4,1,6,Japan - J3 League,0.2,0.8,1,1.0,1.2,5.0,1.25,6
Osaka,4,2,0,2,3,3,0,6,Japan - J3 League,0.5,0.5,0,0.75,1.5,2.0,2.0,6
Fukushima Utd,5,1,2,2,6,9,-3,5,Japan - J3 League,0.2,0.8,-3,1.2,1.0,5.0,1.25,7
Tochigi SC,4,1,1,2,2,3,-1,4,Japan - J3 League,0.25,0.75,-1,0.5,1.0,4.0,1.33,8
SC Sagamihara,5,1,1,3,4,8,-4,4,Japan - J3 League,0.2,0.8,-4,0.8,0.8,5.0,1.25,8
G. Kitakyushu,4,1,0,3,3,4,-1,3,Japan - J3 League,0.25,0.75,-1,0.75,0.75,4.0,1.33,9
FC Ryukyu,5,0,3,2,3,5,-2,3,Japan - J3 League,0.0,1.0,-2,0.6,0.6,0.0,1.0,9
Kamatamare S.,5,0,3,2,3,6,-3,3,Japan - J3 League,0.0,1.0,-3,0.6,0.6,0.0,1.0,9
Nagano Parceiro,4,1,0,3,2,6,-4,3,Japan - J3 League,0.25,0.75,-4,0.5,0.75,4.0,1.33,9
Nara Club,4,0,2,2,3,6,-3,2,Japan - J3 League,0.0,1.0,-3,0.75,0.5,0.0,1.0,10
AC Numazu,4,0,2,2,2,5,-3,2,Japan - J3 League,0.0,1.0,-3,0.5,0.5,0.0,1.0,10
Gifu,4,0,2,2,5,9,-4,2,Japan - J3 League,0.0,1.0,-4,1.25,0.5,0.0,1.0,10
Kusatsu,5,0,1,4,9,16,-7,1,Japan - J3 League,0.0,1.0,-7,1.8,0.2,0.0,1.0,11
Gainare Tottori,6,0,1,5,1,11,-10,1,Japan - J3 League,0.0,1.0,-10,0.17,0.17,0.0,1.0,11
Al Wihdat,8,6,0,2,18,5,13,18,Jordan - Premier League,0.75,0.25,13,2.25,2.25,1.33,4.0,1
Al Hussein,8,5,2,1,19,8,11,17,Jordan - Premier League,0.62,0.38,11,2.38,2.12,1.61,2.63,2
Al Ramtha,8,4,2,2,13,8,5,14,Jordan - Premier League,0.5,0.5,5,1.62,1.75,2.0,2.0,3
Al Faysali,8,3,4,1,9,5,4,13,Jordan - Premier League,0.38,0.62,4,1.12,1.62,2.63,1.61,4
Al Salt,8,3,3,2,9,6,3,12,Jordan - Premier League,0.38,0.62,3,1.12,1.5,2.63,1.61,5
Aqaba,8,3,2,3,12,15,-3,11,Jordan - Premier League,0.38,0.62,-3,1.5,1.38,2.63,1.61,6
Al Jazeera,8,2,3,3,8,9,-1,9,Jordan - Premier League,0.25,0.75,-1,1.0,1.12,4.0,1.33,7
Moghayer Al S.,8,2,2,4,9,18,-9,8,Jordan - Premier League,0.25,0.75,-9,1.12,1.0,4.0,1.33,8
Maan,8,2,0,6,8,18,-10,6,Jordan - Premier League,0.25,0.75,-10,1.0,0.75,4.0,1.33,9
Shabab Al Ordon,8,1,2,5,8,11,-3,5,Jordan - Premier League,0.12,0.88,-3,1.0,0.62,8.33,1.14,10
Al Sareeh,8,1,2,5,7,11,-4,5,Jordan - Premier League,0.12,0.88,-4,0.88,0.62,8.33,1.14,10
Al Ahli,8,1,2,5,6,15,-9,5,Jordan - Premier League,0.12,0.88,-9,0.75,0.62,8.33,1.14,10
Kairat Almaty,4,2,2,0,7,3,4,8,Kazakhstan - Premier League,0.5,0.5,4,1.75,2.0,2.0,2.0,1
Aktobe,3,1,1,1,4,2,2,4,Kazakhstan - Premier League,0.33,0.67,2,1.33,1.33,3.03,1.49,2
FC Astana,2,1,1,0,3,1,2,4,Kazakhstan - Premier League,0.5,0.5,2,1.5,2.0,2.0,2.0,2
Kyzylzhar,2,1,1,0,2,1,1,4,Kazakhstan - Premier League,0.5,0.5,1,1.0,2.0,2.0,2.0,2
Tobol,2,1,1,0,1,0,1,4,Kazakhstan - Premier League,0.5,0.5,1,0.5,2.0,2.0,2.0,2
Yelimay Semey,3,1,1,1,3,3,0,4,Kazakhstan - Premier League,0.33,0.67,0,1.0,1.33,3.03,1.49,2
Okzhetpes,3,1,1,1,3,4,-1,4,Kazakhstan - Premier League,0.33,0.67,-1,1.0,1.33,3.03,1.49,2
Turan,2,1,0,1,4,4,0,3,Kazakhstan - Premier League,0.5,0.5,0,2.0,1.5,2.0,2.0,3
Zhenys,3,0,3,0,1,1,0,3,Kazakhstan - Premier League,0.0,1.0,0,0.33,1.0,0.0,1.0,3
Zhetysu,3,0,1,2,1,5,-4,1,Kazakhstan - Premier League,0.0,1.0,-4,0.33,0.33,0.0,1.0,4
Ulytau,3,0,1,2,0,5,-5,1,Kazakhstan - Premier League,0.0,1.0,-5,0.0,0.33,0.0,1.0,4
Atyrau,2,0,0,2,1,6,-5,0,Kazakhstan - Premier League,0.0,1.0,-5,0.5,0.0,0.0,1.0,5
Kaisar K.,2,0,0,2,1,6,-5,0,Kazakhstan - Premier League,0.0,1.0,-5,0.5,0.0,0.0,1.0,5
Ordabasy,2,0,0,2,1,6,-5,0,Kazakhstan - Premier League,0.0,1.0,-5,0.5,0.0,0.0,1.0,5
Drita,8,3,3,2,12,11,1,12,Kosovo - Superliga,0.38,0.62,1,1.5,1.5,2.63,1.61,1
Gjilani,8,3,3,2,13,13,0,12,Kosovo - Superliga,0.38,0.62,0,1.62,1.5,2.63,1.61,1
Dukagjini,8,3,1,4,6,8,-2,10,Kosovo - Superliga,0.38,0.62,-2,0.75,1.25,2.63,1.61,2
Ballkani,8,2,3,3,10,10,0,9,Kosovo - Superliga,0.25,0.75,0,1.25,1.12,4.0,1.33,3
Malisheva,8,1,4,3,2,5,-3,7,Kosovo - Superliga,0.12,0.88,-3,0.25,0.88,8.33,1.14,4
Prishtina,8,1,3,4,5,10,-5,6,Kosovo - Superliga,0.12,0.88,-5,0.62,0.75,8.33,1.14,5
Ferizaj,8,1,2,5,5,10,-5,5,Kosovo - Superliga,0.12,0.88,-5,0.62,0.62,8.33,1.14,6
Suhareka,8,1,2,5,9,18,-9,5,Kosovo - Superliga,0.12,0.88,-9,1.12,0.62,8.33,1.14,6
Llapi,8,1,1,6,8,15,-7,4,Kosovo - Superliga,0.12,0.88,-7,1.0,0.5,8.33,1.14,7
Feronikeli,8,0,2,6,6,14,-8,2,Kosovo - Superliga,0.0,1.0,-8,0.75,0.25,0.0,1.0,8
Al Arabi SC,8,7,1,0,20,6,14,22,Kuwait - Premier League,0.88,0.12,14,2.5,2.75,1.14,8.33,1
Al Qadsia,8,5,2,1,16,9,7,17,Kuwait - Premier League,0.62,0.38,7,2.0,2.12,1.61,2.63,2
Al Kuwait,8,4,3,1,16,10,6,15,Kuwait - Premier League,0.5,0.5,6,2.0,1.88,2.0,2.0,3
Al Salmiyah,8,3,4,1,14,11,3,13,Kuwait - Premier League,0.38,0.62,3,1.75,1.62,2.63,1.61,4
Al Fahaheel,8,2,4,2,13,14,-1,10,Kuwait - Premier League,0.25,0.75,-1,1.62,1.25,4.0,1.33,5
Al Nasar,8,2,1,5,9,15,-6,7,Kuwait - Premier League,0.25,0.75,-6,1.12,0.88,4.0,1.33,6
Al Tadhamon,8,2,0,6,8,17,-9,6,Kuwait - Premier League,0.25,0.75,-9,1.0,0.75,4.0,1.33,7
Kazma,8,1,1,6,8,16,-8,4,Kuwait - Premier League,0.12,0.88,-8,1.0,0.5,8.33,1.14,8
Yarmouk,8,0,2,6,7,22,-15,2,Kuwait - Premier League,0.0,1.0,-15,0.88,0.25,0.0,1.0,9
Khaitan,8,0,1,7,3,12,-9,1,Kuwait - Premier League,0.0,1.0,-9,0.38,0.12,0.0,1.0,10
RFS,5,4,0,1,10,5,5,12,Latvia - Virsliga,0.8,0.2,5,2.0,2.4,1.25,5.0,1
Riga FC,3,2,1,0,9,3,6,7,Latvia - Virsliga,0.67,0.33,6,3.0,2.33,1.49,3.03,2
Auda,3,1,1,1,4,4,0,4,Latvia - Virsliga,0.33,0.67,0,1.33,1.33,3.03,1.49,3
Metta,4,1,1,2,5,11,-6,4,Latvia - Virsliga,0.25,0.75,-6,1.25,1.0,4.0,1.33,3
Daugavpils,3,1,0,2,5,8,-3,3,Latvia - Virsliga,0.33,0.67,-3,1.67,1.0,3.03,1.49,4
Super Nova,5,0,2,3,4,8,-4,2,Latvia - Virsliga,0.0,1.0,-4,0.8,0.4,0.0,1.0,5
FS Jelgava,5,0,2,3,1,5,-4,2,Latvia - Virsliga,0.0,1.0,-4,0.2,0.4,0.0,1.0,5
Grobina,4,0,1,3,2,10,-8,1,Latvia - Virsliga,0.0,1.0,-8,0.5,0.25,0.0,1.0,6
Tukums,5,0,1,4,2,10,-8,1,Latvia - Virsliga,0.0,1.0,-8,0.4,0.2,0.0,1.0,6
Liepaja,3,0,0,3,3,11,-8,0,Latvia - Virsliga,0.0,1.0,-8,1.0,0.0,0.0,1.0,7
Dziugas Telsiai,7,5,0,2,8,4,4,15,Lithuania - A Lyga,0.71,0.29,4,1.14,2.14,1.41,3.45,1
Kauno Zalgiris,5,3,2,0,8,3,5,11,Lithuania - A Lyga,0.6,0.4,5,1.6,2.2,1.67,2.5,2
Siauliai,4,2,1,1,6,4,2,7,Lithuania - A Lyga,0.5,0.5,2,1.5,1.75,2.0,2.0,3
Riteriai,3,1,1,1,6,5,1,4,Lithuania - A Lyga,0.33,0.67,1,2.0,1.33,3.03,1.49,4
Zalgiris,4,1,1,2,5,7,-2,4,Lithuania - A Lyga,0.25,0.75,-2,1.25,1.0,4.0,1.33,4
Suduva,4,1,1,2,4,8,-4,4,Lithuania - A Lyga,0.25,0.75,-4,1.0,1.0,4.0,1.33,4
Panevezys,3,1,0,2,5,6,-1,3,Lithuania - A Lyga,0.33,0.67,-1,1.67,1.0,3.03,1.49,5
Hegelmann L.,3,1,0,2,3,5,-2,3,Lithuania - A Lyga,0.33,0.67,-2,1.0,1.0,3.03,1.49,5
Banga,3,0,2,1,2,3,-1,2,Lithuania - A Lyga,0.0,1.0,-1,0.67,0.67,0.0,1.0,6
Dainava,4,0,1,3,5,8,-3,1,Lithuania - A Lyga,0.0,1.0,-3,1.25,0.25,0.0,1.0,7
BFA Vilnius,3,3,0,0,5,1,4,9,Lithuania - 1st League,1.0,0.0,4,1.67,3.0,1.0,0.0,1
Babrungas,3,2,1,0,6,4,2,7,Lithuania - 1st League,0.67,0.33,2,2.0,2.33,1.49,3.03,2
Tauras,2,1,1,0,2,0,2,4,Lithuania - 1st League,0.5,0.5,2,1.0,2.0,2.0,2.0,3
Zalgiris B,3,1,1,1,5,4,1,4,Lithuania - 1st League,0.33,0.67,1,1.67,1.33,3.03,1.49,3
Atmosfera,2,1,1,0,3,2,1,4,Lithuania - 1st League,0.5,0.5,1,1.5,2.0,2.0,2.0,3
Hegelmann B,3,1,1,1,3,4,-1,4,Lithuania - 1st League,0.33,0.67,-1,1.0,1.33,3.03,1.49,3
Panevezys B,3,1,1,1,6,9,-3,4,Lithuania - 1st League,0.33,0.67,-3,2.0,1.33,3.03,1.49,3
TransINVEST,2,1,0,1,7,5,2,3,Lithuania - 1st League,0.5,0.5,2,3.5,1.5,2.0,2.0,4
Nevezis,2,1,0,1,4,2,2,3,Lithuania - 1st League,0.5,0.5,2,2.0,1.5,2.0,2.0,4
Neptuna K.,2,1,0,1,4,3,1,3,Lithuania - 1st League,0.5,0.5,1,2.0,1.5,2.0,2.0,4
Minija,3,1,0,2,1,4,-3,3,Lithuania - 1st League,0.33,0.67,-3,0.33,1.0,3.03,1.49,4
Siauliai B,3,1,0,2,6,11,-5,3,Lithuania - 1st League,0.33,0.67,-5,2.0,1.0,3.03,1.49,4
Jonava,3,0,1,2,0,2,-2,1,Lithuania - 1st League,0.0,1.0,-2,0.0,0.33,0.0,1.0,5
Ekranas,2,0,0,2,0,3,-3,0,Lithuania - 1st League,0.0,1.0,-3,0.0,0.0,0.0,1.0,6
Kauno Z. B,2,0,0,2,0,3,-3,0,Lithuania - 1st League,0.0,1.0,-3,0.0,0.0,0.0,1.0,6
Be1 NFA,2,0,0,2,0,7,-7,0,Lithuania - 1st League,0.0,1.0,-7,0.0,0.0,0.0,1.0,6
Differdange,8,7,0,1,17,3,14,21,Luxembourg - National Division,0.88,0.12,14,2.12,2.62,1.14,8.33,1
Dudelange,8,4,3,1,15,7,8,15,Luxembourg - National Division,0.5,0.5,8,1.88,1.88,2.0,2.0,2
UNA Strassen,8,4,3,1,15,8,7,15,Luxembourg - National Division,0.5,0.5,7,1.88,1.88,2.0,2.0,2
Racing,8,4,0,4,11,5,6,12,Luxembourg - National Division,0.5,0.5,6,1.38,1.5,2.0,2.0,3
Hostert,8,4,0,4,14,15,-1,12,Luxembourg - National Division,0.5,0.5,-1,1.75,1.5,2.0,2.0,3
V. Rosport,8,3,3,2,12,13,-1,12,Luxembourg - National Division,0.38,0.62,-1,1.5,1.5,2.63,1.61,3
Mondorf,8,3,2,3,9,11,-2,11,Luxembourg - National Division,0.38,0.62,-2,1.12,1.38,2.63,1.61,4
Hesperange,8,2,4,2,13,12,1,10,Luxembourg - National Division,0.25,0.75,1,1.62,1.25,4.0,1.33,5
Niedercorn,8,2,4,2,8,7,1,10,Luxembourg - National Division,0.25,0.75,1,1.0,1.25,4.0,1.33,5
Rodange,8,3,1,4,14,14,0,10,Luxembourg - National Division,0.38,0.62,0,1.75,1.25,2.63,1.61,5
Petange,8,3,1,4,9,10,-1,10,Luxembourg - National Division,0.38,0.62,-1,1.12,1.25,2.63,1.61,5
Bettembourg,8,3,0,5,8,11,-3,9,Luxembourg - National Division,0.38,0.62,-3,1.0,1.12,2.63,1.61,6
Wiltz,8,2,1,5,9,17,-8,7,Luxembourg - National Division,0.25,0.75,-8,1.12,0.88,4.0,1.33,7
Jeunesse Esch,8,1,3,4,5,13,-8,6,Luxembourg - National Division,0.12,0.88,-8,0.62,0.75,8.33,1.14,8
Mondercange,8,1,1,6,7,17,-10,4,Luxembourg - National Division,0.12,0.88,-10,0.88,0.5,8.33,1.14,9
Fola Esch,8,1,0,7,8,23,-15,3,Luxembourg - National Division,0.12,0.88,-15,1.0,0.38,8.33,1.14,10
Johor Darul,8,8,0,0,27,2,25,24,Malaysia - Super League,1.0,0.0,25,3.38,3.0,1.0,0.0,1
Selangor,8,5,2,1,18,5,13,17,Malaysia - Super League,0.62,0.38,13,2.25,2.12,1.61,2.63,2
Sabah,8,4,3,1,15,11,4,15,Malaysia - Super League,0.5,0.5,4,1.88,1.88,2.0,2.0,3
Perak,8,4,3,1,12,8,4,15,Malaysia - Super League,0.5,0.5,4,1.5,1.88,2.0,2.0,3
Kuching,8,4,2,2,14,10,4,14,Malaysia - Super League,0.5,0.5,4,1.75,1.75,2.0,2.0,4
Pahang,8,3,3,2,11,10,1,12,Malaysia - Super League,0.38,0.62,1,1.38,1.5,2.63,1.61,5
Terengganu,8,3,2,3,12,8,4,11,Malaysia - Super League,0.38,0.62,4,1.5,1.38,2.63,1.61,6
Kuala Lumpur,8,2,2,4,8,13,-5,8,Malaysia - Super League,0.25,0.75,-5,1.0,1.0,4.0,1.33,7
Negeri Sembilan,8,1,4,3,11,13,-2,7,Malaysia - Super League,0.12,0.88,-2,1.38,0.88,8.33,1.14,8
Pulau Pinang,8,2,1,5,14,17,-3,7,Malaysia - Super League,0.25,0.75,-3,1.75,0.88,4.0,1.33,8
Kedah,8,1,1,6,4,25,-21,4,Malaysia - Super League,0.12,0.88,-21,0.5,0.5,8.33,1.14,9
Kelantan United,8,1,0,7,6,35,-29,3,Malaysia - Super League,0.12,0.88,-29,0.75,0.38,8.33,1.14,10
PDRM,8,0,2,6,4,18,-14,2,Malaysia - Super League,0.0,1.0,-14,0.5,0.25,0.0,1.0,11
Hamrun Spartans,8,5,2,1,15,6,9,17,Malta - Premier League,0.62,0.38,9,1.88,2.12,1.61,2.63,1
Floriana,8,5,2,1,12,5,7,17,Malta - Premier League,0.62,0.38,7,1.5,2.12,1.61,2.63,1
Birkirkara,8,5,1,2,12,4,8,16,Malta - Premier League,0.62,0.38,8,1.5,2.0,1.61,2.63,2
Sliema,8,5,1,2,13,7,6,16,Malta - Premier League,0.62,0.38,6,1.62,2.0,1.61,2.63,2
Marsaxlokk,8,4,1,3,13,6,7,13,Malta - Premier League,0.5,0.5,7,1.62,1.62,2.0,2.0,3
Hibernians,8,4,1,3,14,13,1,13,Malta - Premier League,0.5,0.5,1,1.75,1.62,2.0,2.0,3
Zabbar,8,3,3,2,13,8,5,12,Malta - Premier League,0.38,0.62,5,1.62,1.5,2.63,1.61,4
Melita,8,2,4,2,9,9,0,10,Malta - Premier League,0.25,0.75,0,1.12,1.25,4.0,1.33,5
Mosta,8,3,1,4,11,15,-4,10,Malta - Premier League,0.38,0.62,-4,1.38,1.25,2.63,1.61,5
Gzira Utd,8,2,2,4,7,11,-4,8,Malta - Premier League,0.25,0.75,-4,0.88,1.0,4.0,1.33,6
Balzan,8,1,2,5,6,12,-6,5,Malta - Premier League,0.12,0.88,-6,0.75,0.62,8.33,1.14,7
Naxxar Lions,8,1,0,7,8,21,-13,3,Malta - Premier League,0.12,0.88,-13,1.0,0.38,8.33,1.14,8
Cruz Azul,8,6,1,1,19,9,10,19,Mexico - Liga MX - Apertura,0.75,0.25,10,2.38,2.38,1.33,4.0,1
Monterrey,8,4,2,2,10,7,3,14,Mexico - Liga MX - Apertura,0.5,0.5,3,1.25,1.75,2.0,2.0,2
Tigres,8,4,1,3,13,9,4,13,Mexico - Liga MX - Apertura,0.5,0.5,4,1.62,1.62,2.0,2.0,3
Toluca,8,3,3,2,10,9,1,12,Mexico - Liga MX - Apertura,0.38,0.62,1,1.25,1.5,2.63,1.61,4
Pumas UNAM,8,3,3,2,6,6,0,12,Mexico - Liga MX - Apertura,0.38,0.62,0,0.75,1.5,2.63,1.61,4
Juarez,8,4,0,4,10,18,-8,12,Mexico - Liga MX - Apertura,0.5,0.5,-8,1.25,1.5,2.0,2.0,4
Guadalajara,8,3,1,4,9,8,1,10,Mexico - Liga MX - Apertura,0.38,0.62,1,1.12,1.25,2.63,1.61,5
CF America,8,2,3,3,12,14,-2,9,Mexico - Liga MX - Apertura,0.25,0.75,-2,1.5,1.12,4.0,1.33,6
Tijuana,8,2,3,3,6,12,-6,9,Mexico - Liga MX - Apertura,0.25,0.75,-6,0.75,1.12,4.0,1.33,6
Atlas,8,2,2,4,7,16,-9,8,Mexico - Liga MX - Apertura,0.25,0.75,-9,0.88,1.0,4.0,1.33,7
A. San Luis,8,2,1,5,7,12,-5,7,Mexico - Liga MX - Apertura,0.25,0.75,-5,0.88,0.88,4.0,1.33,8
Club Leon,8,1,3,4,12,18,-6,6,Mexico - Liga MX - Apertura,0.12,0.88,-6,1.5,0.75,8.33,1.14,9
Queretaro,8,1,2,5,6,17,-11,5,Mexico - Liga MX - Apertura,0.12,0.88,-11,0.75,0.62,8.33,1.14,10
Mazatlan,8,0,4,4,0,7,-7,4,Mexico - Liga MX - Apertura,0.0,1.0,-7,0.0,0.5,0.0,1.0,11
Pachuca,8,1,1,6,7,16,-9,4,Mexico - Liga MX - Apertura,0.12,0.88,-9,0.88,0.5,8.33,1.14,11
Puebla,8,1,1,6,4,16,-12,4,Mexico - Liga MX - Apertura,0.12,0.88,-12,0.5,0.5,8.33,1.14,11
Necaxa,8,0,3,5,7,17,-10,3,Mexico - Liga MX - Apertura,0.0,1.0,-10,0.88,0.38,0.0,1.0,12
Santos Laguna,8,0,1,7,5,17,-12,1,Mexico - Liga MX - Apertura,0.0,1.0,-12,0.62,0.12,0.0,1.0,13
CF America,8,5,1,2,12,5,7,16,Mexico - Liga MX - Clausura,0.62,0.38,7,1.5,2.0,1.61,2.63,1
Necaxa,8,5,1,2,17,11,6,16,Mexico - Liga MX - Clausura,0.62,0.38,6,2.12,2.0,1.61,2.63,1
Cruz Azul,8,4,3,1,12,8,4,15,Mexico - Liga MX - Clausura,0.5,0.5,4,1.5,1.88,2.0,2.0,2
Toluca,8,4,2,2,16,11,5,14,Mexico - Liga MX - Clausura,0.5,0.5,5,2.0,1.75,2.0,2.0,3
Monterrey,8,3,2,3,15,12,3,11,Mexico - Liga MX - Clausura,0.38,0.62,3,1.88,1.38,2.63,1.61,4
Club Leon,8,3,2,3,11,11,0,11,Mexico - Liga MX - Clausura,0.38,0.62,0,1.38,1.38,2.63,1.61,4
Pachuca,8,3,1,4,16,16,0,10,Mexico - Liga MX - Clausura,0.38,0.62,0,2.0,1.25,2.63,1.61,5
Pumas UNAM,8,3,0,5,16,18,-2,9,Mexico - Liga MX - Clausura,0.38,0.62,-2,2.0,1.12,2.63,1.61,6
Atlas,8,2,3,3,10,12,-2,9,Mexico - Liga MX - Clausura,0.25,0.75,-2,1.25,1.12,4.0,1.33,6
Tigres,8,2,3,3,6,8,-2,9,Mexico - Liga MX - Clausura,0.25,0.75,-2,0.75,1.12,4.0,1.33,6
Tijuana,8,3,0,5,11,15,-4,9,Mexico - Liga MX - Clausura,0.38,0.62,-4,1.38,1.12,2.63,1.61,6
Juarez,8,2,3,3,5,9,-4,9,Mexico - Liga MX - Clausura,0.25,0.75,-4,0.62,1.12,4.0,1.33,6
Queretaro,8,2,1,5,6,13,-7,7,Mexico - Liga MX - Clausura,0.25,0.75,-7,0.75,0.88,4.0,1.33,7
Guadalajara,8,1,3,4,8,13,-5,6,Mexico - Liga MX - Clausura,0.12,0.88,-5,1.0,0.75,8.33,1.14,8
A. San Luis,8,2,0,6,8,18,-10,6,Mexico - Liga MX - Clausura,0.25,0.75,-10,1.0,0.75,4.0,1.33,8
Puebla,8,1,1,6,6,12,-6,4,Mexico - Liga MX - Clausura,0.12,0.88,-6,0.75,0.5,8.33,1.14,9
Mazatlan,8,1,1,6,5,15,-10,4,Mexico - Liga MX - Clausura,0.12,0.88,-10,0.62,0.5,8.33,1.14,9
Santos Laguna,8,0,1,7,7,18,-11,1,Mexico - Liga MX - Clausura,0.0,1.0,-11,0.88,0.12,0.0,1.0,10
Buducnost,8,5,3,0,23,11,12,18,Montenegro - First League,0.62,0.38,12,2.88,2.25,1.61,2.63,1
Sutjeska,8,4,0,4,8,8,0,12,Montenegro - First League,0.5,0.5,0,1.0,1.5,2.0,2.0,2
Petrovac,8,3,1,4,14,11,3,10,Montenegro - First League,0.38,0.62,3,1.75,1.25,2.63,1.61,3
Jezero,8,3,1,4,8,9,-1,10,Montenegro - First League,0.38,0.62,-1,1.0,1.25,2.63,1.61,3
Bokelj,8,3,1,4,6,7,-1,10,Montenegro - First League,0.38,0.62,-1,0.75,1.25,2.63,1.61,3
Arsenal Tivat,8,3,1,4,5,11,-6,10,Montenegro - First League,0.38,0.62,-6,0.62,1.25,2.63,1.61,3
Decic,8,1,4,3,5,9,-4,7,Montenegro - First League,0.12,0.88,-4,0.62,0.88,8.33,1.14,4
Mornar Bar,8,2,1,5,9,21,-12,7,Montenegro - First League,0.25,0.75,-12,1.12,0.88,4.0,1.33,4
Jedinstvo,8,0,4,4,7,18,-11,4,Montenegro - First League,0.0,1.0,-11,0.88,0.5,0.0,1.0,5
Otrant,8,0,2,6,5,15,-10,2,Montenegro - First League,0.0,1.0,-10,0.62,0.25,0.0,1.0,6
Berkane,8,6,1,1,14,4,10,19,morocco,0.75,0.25,10,1.75,2.38,1.33,4.0,1
Wydad,8,3,5,0,13,6,7,14,morocco,0.38,0.62,7,1.62,1.75,2.63,1.61,2
FAR Rabat,8,4,2,2,12,9,3,14,morocco,0.5,0.5,3,1.5,1.75,2.0,2.0,2
R. Zemamra,8,4,1,3,6,6,0,13,morocco,0.5,0.5,0,0.75,1.62,2.0,2.0,3
Maghreb de Fes,8,3,3,2,13,9,4,12,morocco,0.38,0.62,4,1.62,1.5,2.63,1.61,4
FUS Rabat,8,3,3,2,8,5,3,12,morocco,0.38,0.62,3,1.0,1.5,2.63,1.61,4
Raja Casablanca,8,3,2,3,9,10,-1,11,morocco,0.38,0.62,-1,1.12,1.38,2.63,1.61,5
Difaa El Jadida,8,2,4,2,12,10,2,10,morocco,0.25,0.75,2,1.5,1.25,4.0,1.33,6
Olympic Safi,8,2,2,4,8,11,-3,8,morocco,0.25,0.75,-3,1.0,1.0,4.0,1.33,7
Moghreb Tetouan,8,1,2,5,5,10,-5,5,morocco,0.12,0.88,-5,0.62,0.62,8.33,1.14,8
Meknes,8,1,2,5,8,18,-10,5,morocco,0.12,0.88,-10,1.0,0.62,8.33,1.14,8
Hassania Agadir,8,1,1,6,6,10,-4,4,morocco,0.12,0.88,-4,0.75,0.5,8.33,1.14,9
Union Touarga,8,0,3,5,5,11,-6,3,morocco,0.0,1.0,-6,0.62,0.38,0.0,1.0,10
Ittihad Tanger,8,0,3,5,8,15,-7,3,morocco,0.0,1.0,-7,1.0,0.38,0.0,1.0,10
C. Mohammedia,8,0,2,6,4,13,-9,2,morocco,0.0,1.0,-9,0.5,0.25,0.0,1.0,11
JS Sousalem,8,0,1,7,4,17,-13,1,morocco,0.0,1.0,-13,0.5,0.12,0.0,1.0,12
Shan Utd,8,7,1,0,27,5,22,22,myanmar,0.88,0.12,22,3.38,2.75,1.14,8.33,1
Yangon Utd,8,6,2,0,28,7,21,20,myanmar,0.75,0.25,21,3.5,2.5,1.33,4.0,2
Dagon,8,5,1,2,16,8,8,16,myanmar,0.62,0.38,8,2.0,2.0,1.61,2.63,3
Hantharwady,8,4,2,2,10,8,2,14,myanmar,0.5,0.5,2,1.25,1.75,2.0,2.0,4
Thitsar Arman,8,4,1,3,16,14,2,13,myanmar,0.5,0.5,2,2.0,1.62,2.0,2.0,5
Ayeyawady,8,3,1,4,12,13,-1,10,myanmar,0.38,0.62,-1,1.5,1.25,2.63,1.61,6
Ispe FC,8,2,3,3,10,9,1,9,myanmar,0.25,0.75,1,1.25,1.12,4.0,1.33,7
Yadanarbon,8,2,3,3,10,13,-3,9,myanmar,0.25,0.75,-3,1.25,1.12,4.0,1.33,7
Sagaing Utd,8,2,1,5,10,16,-6,7,myanmar,0.25,0.75,-6,1.25,0.88,4.0,1.33,8
Rakhine Utd,8,2,1,5,13,20,-7,7,myanmar,0.25,0.75,-7,1.62,0.88,4.0,1.33,8
Dagon Port,8,0,4,4,13,29,-16,4,myanmar,0.0,1.0,-16,1.62,0.5,0.0,1.0,9
Myawady,8,0,1,7,6,18,-12,1,myanmar,0.0,1.0,-12,0.75,0.12,0.0,1.0,10
Ajax Amsterdam,8,7,0,1,12,5,7,21,netherlands,0.88,0.12,7,1.5,2.62,1.14,8.33,1
FC Utrecht,8,3,5,0,18,14,4,14,netherlands,0.38,0.62,4,2.25,1.75,2.63,1.61,2
Feyenoord,8,4,2,2,14,10,4,14,netherlands,0.5,0.5,4,1.75,1.75,2.0,2.0,2
PSV Eindhoven,8,4,1,3,20,13,7,13,netherlands,0.5,0.5,7,2.5,1.62,2.0,2.0,3
AZ Alkmaar,8,2,4,2,12,12,0,10,netherlands,0.25,0.75,0,1.5,1.25,4.0,1.33,4
Fortuna Sittard,8,2,3,3,13,14,-1,9,netherlands,0.25,0.75,-1,1.62,1.12,4.0,1.33,5
Sparta,8,2,3,3,8,9,-1,9,netherlands,0.25,0.75,-1,1.0,1.12,4.0,1.33,5
Go Ahead Eagles,8,2,2,4,16,18,-2,8,netherlands,0.25,0.75,-2,2.0,1.0,4.0,1.33,6
Almere City,8,2,2,4,7,12,-5,8,netherlands,0.25,0.75,-5,0.88,1.0,4.0,1.33,6
PEC Zwolle,8,1,4,3,10,13,-3,7,netherlands,0.12,0.88,-3,1.25,0.88,8.33,1.14,7
Heerenveen,8,2,1,5,9,15,-6,7,netherlands,0.25,0.75,-6,1.12,0.88,4.0,1.33,7
NEC Nijmegen,8,2,1,5,4,15,-11,7,netherlands,0.25,0.75,-11,0.5,0.88,4.0,1.33,7
Heracles Almelo,8,1,3,4,6,13,-7,6,netherlands,0.12,0.88,-7,0.75,0.75,8.33,1.14,8
RKC Waalwijk,8,1,2,5,11,15,-4,5,netherlands,0.12,0.88,-4,1.38,0.62,8.33,1.14,9
FC Groningen,8,1,2,5,8,15,-7,5,netherlands,0.12,0.88,-7,1.0,0.62,8.33,1.14,9
NAC Breda,8,1,2,5,9,17,-8,5,netherlands,0.12,0.88,-8,1.12,0.62,8.33,1.14,9
FC Twente,8,0,4,4,10,18,-8,4,netherlands,0.0,1.0,-8,1.25,0.5,0.0,1.0,10
Willem II,8,1,1,6,5,19,-14,4,netherlands,0.12,0.88,-14,0.62,0.5,8.33,1.14,10
FC Volendam,8,6,1,1,13,6,7,19,netherlands2,0.75,0.25,7,1.62,2.38,1.33,4.0,1
ADO Den Haag,8,5,2,1,12,6,6,17,netherlands2,0.62,0.38,6,1.5,2.12,1.61,2.63,2
Excelsior,8,4,1,3,15,11,4,13,netherlands2,0.5,0.5,4,1.88,1.62,2.0,2.0,3
FC Eindhoven,8,3,3,2,16,12,4,12,netherlands2,0.38,0.62,4,2.0,1.5,2.63,1.61,4
Jong AZ,8,3,3,2,16,14,2,12,netherlands2,0.38,0.62,2,2.0,1.5,2.63,1.61,4
FC Emmen,8,4,0,4,10,12,-2,12,netherlands2,0.5,0.5,-2,1.25,1.5,2.0,2.0,4
Cambuur,8,3,2,3,12,14,-2,11,netherlands2,0.38,0.62,-2,1.5,1.38,2.63,1.61,5
Telstar,8,3,1,4,11,14,-3,10,netherlands2,0.38,0.62,-3,1.38,1.25,2.63,1.61,6
FC Dordrecht,8,3,0,5,7,12,-5,9,netherlands2,0.38,0.62,-5,0.88,1.12,2.63,1.61,7
De Graafschap,8,2,2,4,9,11,-2,8,netherlands2,0.25,0.75,-2,1.12,1.0,4.0,1.33,8
Vitesse Arnhem,8,2,2,4,13,19,-6,8,netherlands2,0.25,0.75,-6,1.62,1.0,4.0,1.33,8
VVV,8,2,2,4,7,16,-9,8,netherlands2,0.25,0.75,-9,0.88,1.0,4.0,1.33,8
FC Den Bosch,8,2,1,5,9,17,-8,7,netherlands2,0.25,0.75,-8,1.12,0.88,4.0,1.33,9
TOP Oss,8,0,4,4,5,12,-7,4,netherlands2,0.0,1.0,-7,0.62,0.5,0.0,1.0,10
Roda JC,8,1,1,6,8,17,-9,4,netherlands2,0.12,0.88,-9,1.0,0.5,8.33,1.14,10
Helmond Sport,8,0,3,5,10,20,-10,3,netherlands2,0.0,1.0,-10,1.25,0.38,0.0,1.0,11
Jong Ajax,8,1,0,7,4,16,-12,3,netherlands2,0.12,0.88,-12,0.5,0.38,8.33,1.14,11
Jong Utrecht,8,1,0,7,4,27,-23,3,netherlands2,0.12,0.88,-23,0.5,0.38,8.33,1.14,11
MVV Maastricht,8,0,2,6,3,14,-11,2,netherlands2,0.0,1.0,-11,0.38,0.25,0.0,1.0,12
Jong PSV,8,0,2,6,8,21,-13,2,netherlands2,0.0,1.0,-13,1.0,0.25,0.0,1.0,12
Diriangen,8,4,4,0,21,7,14,16,nicaragua,0.5,0.5,14,2.62,2.0,2.0,2.0,1
Real Esteli,8,5,1,2,14,9,5,16,nicaragua,0.62,0.38,5,1.75,2.0,1.61,2.63,1
Walter Ferreti,8,4,2,2,8,5,3,14,nicaragua,0.5,0.5,3,1.0,1.75,2.0,2.0,2
Matagalpa,8,3,3,2,9,7,2,12,nicaragua,0.38,0.62,2,1.12,1.5,2.63,1.61,3
Export Sebaco,8,1,4,3,7,10,-3,7,nicaragua,0.12,0.88,-3,0.88,0.88,8.33,1.14,4
Managua FC,8,1,3,4,9,15,-6,6,nicaragua,0.12,0.88,-6,1.12,0.75,8.33,1.14,5
Jalapa,8,1,2,5,8,21,-13,5,nicaragua,0.12,0.88,-13,1.0,0.62,8.33,1.14,6
UNAN Managua,8,1,1,6,7,17,-10,4,nicaragua,0.12,0.88,-10,0.88,0.5,8.33,1.14,7
Rancho Santana,8,1,1,6,5,15,-10,4,nicaragua,0.12,0.88,-10,0.62,0.5,8.33,1.14,7
D. Ocotal,8,0,2,6,3,24,-21,2,nicaragua,0.0,1.0,-21,0.38,0.25,0.0,1.0,8
Real Esteli,7,6,0,1,18,9,9,18,nicaragua2,0.86,0.14,9,2.57,2.57,1.16,7.14,1
Managua FC,8,4,2,2,14,8,6,14,nicaragua2,0.5,0.5,6,1.75,1.75,2.0,2.0,2
Diriangen,7,4,2,1,12,8,4,14,nicaragua2,0.57,0.43,4,1.71,2.0,1.75,2.33,2
CS Sebaco,8,2,1,5,8,13,-5,7,nicaragua2,0.25,0.75,-5,1.0,0.88,4.0,1.33,3
Matagalpa,7,1,3,3,4,8,-4,6,nicaragua2,0.14,0.86,-4,0.57,0.86,7.14,1.16,4
Walter Ferreti,8,1,3,4,4,8,-4,6,nicaragua2,0.12,0.88,-4,0.5,0.75,8.33,1.14,4
UNAN Managua,8,1,2,5,7,17,-10,5,nicaragua2,0.12,0.88,-10,0.88,0.62,8.33,1.14,5
Jalapa,8,1,2,5,7,18,-11,5,nicaragua2,0.12,0.88,-11,0.88,0.62,8.33,1.14,5
Rancho Santana,8,0,2,6,2,12,-10,2,nicaragua2,0.0,1.0,-10,0.25,0.25,0.0,1.0,6
D. Ocotal,8,0,1,7,6,26,-20,1,nicaragua2,0.0,1.0,-20,0.75,0.12,0.0,1.0,7
Larne,8,4,3,1,11,8,3,15,northernireland,0.5,0.5,3,1.38,1.88,2.0,2.0,1
Linfield,8,4,2,2,12,6,6,14,northernireland,0.5,0.5,6,1.5,1.75,2.0,2.0,2
Coleraine,8,4,2,2,10,8,2,14,northernireland,0.5,0.5,2,1.25,1.75,2.0,2.0,2
Dungannon,8,4,1,3,12,8,4,13,northernireland,0.5,0.5,4,1.5,1.62,2.0,2.0,3
Crusaders,8,4,1,3,7,6,1,13,northernireland,0.5,0.5,1,0.88,1.62,2.0,2.0,3
Glenavon,8,3,3,2,12,11,1,12,northernireland,0.38,0.62,1,1.5,1.5,2.63,1.61,4
Glentoran,8,3,2,3,12,10,2,11,northernireland,0.38,0.62,2,1.5,1.38,2.63,1.61,5
Cliftonville,8,1,2,5,7,13,-6,5,northernireland,0.12,0.88,-6,0.88,0.62,8.33,1.14,6
Portadown,8,1,2,5,7,15,-8,5,northernireland,0.12,0.88,-8,0.88,0.62,8.33,1.14,6
Loughgall,8,1,2,5,6,14,-8,5,northernireland,0.12,0.88,-8,0.75,0.62,8.33,1.14,6
Ballymena Utd,8,1,1,6,6,15,-9,4,northernireland,0.12,0.88,-9,0.75,0.5,8.33,1.14,7
Carrick Rangers,8,0,2,6,5,18,-13,2,northernireland,0.0,1.0,-13,0.62,0.25,0.0,1.0,8
Annagh Utd,8,6,0,2,21,9,12,18,northernireland2,0.75,0.25,12,2.62,2.25,1.33,4.0,1
HW Welders,8,4,2,2,15,11,4,14,northernireland2,0.5,0.5,4,1.88,1.75,2.0,2.0,2
Bangor,8,3,3,2,12,8,4,12,northernireland2,0.38,0.62,4,1.5,1.5,2.63,1.61,3
Ards,8,3,3,2,9,9,0,12,northernireland2,0.38,0.62,0,1.12,1.5,2.63,1.61,3
Limavady,8,2,5,1,10,8,2,11,northernireland2,0.25,0.75,2,1.25,1.38,4.0,1.33,4
Newington,8,2,4,2,15,16,-1,10,northernireland2,0.25,0.75,-1,1.88,1.25,4.0,1.33,5
Institute,8,3,1,4,13,14,-1,10,northernireland2,0.38,0.62,-1,1.62,1.25,2.63,1.61,5
Armagh City,8,2,2,4,14,17,-3,8,northernireland2,0.25,0.75,-3,1.75,1.0,4.0,1.33,6
Dundela,8,2,2,4,11,17,-6,8,northernireland2,0.25,0.75,-6,1.38,1.0,4.0,1.33,6
Ballyclare,8,2,1,5,10,18,-8,7,northernireland2,0.25,0.75,-8,1.25,0.88,4.0,1.33,7
Newry City,8,0,2,6,8,23,-15,2,northernireland2,0.0,1.0,-15,1.0,0.25,0.0,1.0,8
Ballinamallard,8,0,1,7,4,19,-15,1,northernireland2,0.0,1.0,-15,0.5,0.12,0.0,1.0,9
Sileks,8,6,1,1,16,6,10,19,northmacedonia,0.75,0.25,10,2.0,2.38,1.33,4.0,1
Shkendija,8,5,2,1,9,7,2,17,northmacedonia,0.62,0.38,2,1.12,2.12,1.61,2.63,2
Vardar,8,4,3,1,11,4,7,15,northmacedonia,0.5,0.5,7,1.38,1.88,2.0,2.0,3
Gostivar,8,3,3,2,7,5,2,12,northmacedonia,0.38,0.62,2,0.88,1.5,2.63,1.61,4
Rabotnicki,8,2,4,2,7,6,1,10,northmacedonia,0.25,0.75,1,0.88,1.25,4.0,1.33,5
Struga,8,3,1,4,9,12,-3,10,northmacedonia,0.38,0.62,-3,1.12,1.25,2.63,1.61,5
Brera Strumica,8,2,2,4,8,12,-4,8,northmacedonia,0.25,0.75,-4,1.0,1.0,4.0,1.33,6
Shkupi,8,2,1,5,7,13,-6,7,northmacedonia,0.25,0.75,-6,0.88,0.88,4.0,1.33,7
Pelister,8,2,0,6,6,15,-9,6,northmacedonia,0.25,0.75,-9,0.75,0.75,4.0,1.33,8
Tikves,8,0,5,3,5,8,-3,5,northmacedonia,0.0,1.0,-3,0.62,0.62,0.0,1.0,9
Besa,8,1,2,5,4,15,-11,5,northmacedonia,0.12,0.88,-11,0.5,0.62,8.33,1.14,9
Voska Sport,8,1,0,7,4,17,-13,3,northmacedonia,0.12,0.88,-13,0.5,0.38,8.33,1.14,10
Sarpsborg 08,2,2,0,0,5,1,4,6,norway,1.0,0.0,4,2.5,3.0,1.0,0.0,1
Rosenborg,2,2,0,0,4,1,3,6,norway,1.0,0.0,3,2.0,3.0,1.0,0.0,1
Bodo.Glimt,2,1,1,0,3,2,1,4,norway,0.5,0.5,1,1.5,2.0,2.0,2.0,2
Stromsgodset,2,1,0,1,6,2,4,3,norway,0.5,0.5,4,3.0,1.5,2.0,2.0,3
Viking,2,1,0,1,6,5,1,3,norway,0.5,0.5,1,3.0,1.5,2.0,2.0,3
Kristiansund,3,1,0,2,5,7,-2,3,norway,0.33,0.67,-2,1.67,1.0,3.03,1.49,3
Brann,2,1,0,1,2,4,-2,3,norway,0.5,0.5,-2,1.0,1.5,2.0,2.0,3
Valerenga,2,0,1,1,1,3,-2,1,norway,0.0,1.0,-2,0.5,0.5,0.0,1.0,4
Bryne,1,0,0,1,1,2,-1,0,norway,0.0,1.0,-1,1.0,0.0,0.0,1.0,5
Fredrikstad,1,0,0,1,0,1,-1,0,norway,0.0,1.0,-1,0.0,0.0,0.0,1.0,5
KFUM Oslo,1,0,0,1,1,3,-2,0,norway,0.0,1.0,-2,1.0,0.0,0.0,1.0,5
Tromso,1,0,0,1,1,3,-2,0,norway,0.0,1.0,-2,1.0,0.0,0.0,1.0,5
Haugesund,2,0,0,2,1,4,-3,0,norway,0.0,1.0,-3,0.5,0.0,0.0,1.0,5
HamKam,1,0,0,1,0,3,-3,0,norway,0.0,1.0,-3,0.0,0.0,0.0,1.0,5
Molde,1,0,0,1,0,3,-3,0,norway,0.0,1.0,-3,0.0,0.0,0.0,1.0,5
Sandefjord,2,0,0,2,2,6,-4,0,norway,0.0,1.0,-4,1.0,0.0,0.0,1.0,5
Lillestrom,2,1,1,0,5,2,3,4,norway2,0.5,0.5,3,2.5,2.0,2.0,2.0,1
Hodd,2,1,1,0,3,2,1,4,norway2,0.5,0.5,1,1.5,2.0,2.0,2.0,1
Lyn,2,1,0,1,4,2,2,3,norway2,0.5,0.5,2,2.0,1.5,2.0,2.0,2
Start,1,1,0,0,3,1,2,3,norway2,1.0,0.0,2,3.0,3.0,1.0,0.0,2
Egersund,1,1,0,0,2,0,2,3,norway2,1.0,0.0,2,2.0,3.0,1.0,0.0,2
Kongsvinger,1,1,0,0,2,0,2,3,norway2,1.0,0.0,2,2.0,3.0,1.0,0.0,2
Aalesund,1,1,0,0,4,3,1,3,norway2,1.0,0.0,1,4.0,3.0,1.0,0.0,2
Stabaek,1,1,0,0,1,0,1,3,norway2,1.0,0.0,1,1.0,3.0,1.0,0.0,2
Sogndal,2,1,0,1,3,3,0,3,norway2,0.5,0.5,0,1.5,1.5,2.0,2.0,2
Raufoss,1,0,1,0,1,1,0,1,norway2,0.0,1.0,0,1.0,1.0,0.0,1.0,3
Asane,2,0,1,1,3,4,-1,1,norway2,0.0,1.0,-1,1.5,0.5,0.0,1.0,3
Mjondalen,2,0,1,1,2,3,-1,1,norway2,0.0,1.0,-1,1.0,0.5,0.0,1.0,3
Odd,1,0,0,1,0,1,-1,0,norway2,0.0,1.0,-1,0.0,0.0,0.0,1.0,4
Skeid,2,0,0,2,4,6,-2,0,norway2,0.0,1.0,-2,2.0,0.0,0.0,1.0,4
Ranheim,1,0,0,1,0,2,-2,0,norway2,0.0,1.0,-2,0.0,0.0,0.0,1.0,4
Moss,2,0,0,2,2,9,-7,0,norway2,0.0,1.0,-7,1.0,0.0,0.0,1.0,4
Sotra,2,1,1,0,2,0,2,4,norway3,0.5,0.5,2,1.0,2.0,2.0,2.0,1
Jerv,1,1,0,0,2,1,1,3,norway3,1.0,0.0,1,2.0,3.0,1.0,0.0,2
Brann B,2,1,0,1,6,6,0,3,norway3,0.5,0.5,0,3.0,1.5,2.0,2.0,2
Eik Tonsberg,2,1,0,1,3,3,0,3,norway3,0.5,0.5,0,1.5,1.5,2.0,2.0,2
Sandviken,2,1,0,1,3,3,0,3,norway3,0.5,0.5,0,1.5,1.5,2.0,2.0,2
Arendal,2,0,2,0,2,2,0,2,norway3,0.0,1.0,0,1.0,1.0,0.0,1.0,3
Sandnes Ulf,1,0,1,0,3,3,0,1,norway3,0.0,1.0,0,3.0,1.0,0.0,1.0,4
Notodden,1,0,1,0,1,1,0,1,norway3,0.0,1.0,0,1.0,1.0,0.0,1.0,4
Traef,1,0,1,0,1,1,0,1,norway3,0.0,1.0,0,1.0,1.0,0.0,1.0,4
Pors Grenland,2,0,1,1,2,3,-1,1,norway3,0.0,1.0,-1,1.0,0.5,0.0,1.0,4
Lysekloster,1,0,0,1,1,2,-1,0,norway3,0.0,1.0,-1,1.0,0.0,0.0,1.0,5
V. Haugesund,1,0,0,1,1,2,-1,0,norway3,0.0,1.0,-1,1.0,0.0,0.0,1.0,5
Brattvag,2,0,0,2,3,5,-2,0,norway3,0.0,1.0,-2,1.5,0.0,0.0,1.0,5
Flekkeroy,1,0,0,1,1,6,-5,0,norway3,0.0,1.0,-5,1.0,0.0,0.0,1.0,5
Kjelsas,2,2,0,0,4,2,2,6,norway4,1.0,0.0,2,2.0,3.0,1.0,0.0,1
Eidsvold,2,1,1,0,4,3,1,4,norway4,0.5,0.5,1,2.0,2.0,2.0,2.0,2
Tromsdalen,1,1,0,0,3,0,3,3,norway4,1.0,0.0,3,3.0,3.0,1.0,0.0,3
Grorud,1,1,0,0,2,1,1,3,norway4,1.0,0.0,1,2.0,3.0,1.0,0.0,3
Stjordals-Blink,1,1,0,0,2,1,1,3,norway4,1.0,0.0,1,2.0,3.0,1.0,0.0,3
Strommen,1,1,0,0,2,1,1,3,norway4,1.0,0.0,1,2.0,3.0,1.0,0.0,3
Ull/Kisa,1,1,0,0,1,0,1,3,norway4,1.0,0.0,1,1.0,3.0,1.0,0.0,3
Levanger,2,1,0,1,5,5,0,3,norway4,0.5,0.5,0,2.5,1.5,2.0,2.0,3
Honefoss,2,1,0,1,4,5,-1,3,norway4,0.5,0.5,-1,2.0,1.5,2.0,2.0,3
Asker,1,0,1,0,1,1,0,1,norway4,0.0,1.0,0,1.0,1.0,0.0,1.0,4
Follo,2,0,1,1,3,4,-1,1,norway4,0.0,1.0,-1,1.5,0.5,0.0,1.0,4
Strindheim,1,0,0,1,1,2,-1,0,norway4,0.0,1.0,-1,1.0,0.0,0.0,1.0,5
Alta,2,0,0,2,2,5,-3,0,norway4,0.0,1.0,-3,1.0,0.0,0.0,1.0,5
Rana,2,0,0,2,2,6,-4,0,norway4,0.0,1.0,-4,1.0,0.0,0.0,1.0,5
Junkeren,2,2,0,0,8,1,7,6,norway5,1.0,0.0,7,4.0,3.0,1.0,0.0,1
Floya,2,1,1,0,7,5,2,4,norway5,0.5,0.5,2,3.5,2.0,2.0,2.0,2
Frigg,2,1,1,0,7,5,2,4,norway5,0.5,0.5,2,3.5,2.0,2.0,2.0,2
Gamle Oslo,1,1,0,0,5,0,5,3,norway5,1.0,0.0,5,5.0,3.0,1.0,0.0,3
Tromso B,1,1,0,0,4,0,4,3,norway5,1.0,0.0,4,4.0,3.0,1.0,0.0,3
Ullern,1,1,0,0,4,1,3,3,norway5,1.0,0.0,3,4.0,3.0,1.0,0.0,3
Harstad,2,1,0,1,6,4,2,3,norway5,0.5,0.5,2,3.0,1.5,2.0,2.0,3
Sortland,1,1,0,0,2,1,1,3,norway5,1.0,0.0,1,2.0,3.0,1.0,0.0,3
Baerum,2,1,0,1,2,2,0,3,norway5,0.5,0.5,0,1.0,1.5,2.0,2.0,3
Skjervoy,2,0,2,0,4,4,0,2,norway5,0.0,1.0,0,2.0,1.0,0.0,1.0,4
Alta B,1,0,1,0,2,2,0,1,norway5,0.0,1.0,0,2.0,1.0,0.0,1.0,5
KFUM B,1,0,0,1,1,2,-1,0,norway5,0.0,1.0,-1,1.0,0.0,0.0,1.0,6
Funnefoss/V,1,0,0,1,2,4,-2,0,norway5,0.0,1.0,-2,2.0,0.0,0.0,1.0,6
Ulfstind,1,0,0,1,0,2,-2,0,norway5,0.0,1.0,-2,0.0,0.0,0.0,1.0,6
Nardo,2,1,1,0,5,1,4,4,norway6,0.5,0.5,4,2.5,2.0,2.0,2.0,1
Melhus,1,1,0,0,7,0,7,3,norway6,1.0,0.0,7,7.0,3.0,1.0,0.0,2
Ranheim B,1,1,0,0,3,1,2,3,norway6,1.0,0.0,2,3.0,3.0,1.0,0.0,2
Rosenborg B,1,1,0,0,2,0,2,3,norway6,1.0,0.0,2,2.0,3.0,1.0,0.0,2
Volda,1,1,0,0,2,0,2,3,norway6,1.0,0.0,2,2.0,3.0,1.0,0.0,2
Kvik Trondheim,2,1,0,1,4,6,-2,3,norway6,0.5,0.5,-2,2.0,1.5,2.0,2.0,2
Tiller,1,0,1,0,1,1,0,1,norway6,0.0,1.0,0,1.0,1.0,0.0,1.0,3
Byasen,2,0,1,1,0,2,-2,1,norway6,0.0,1.0,-2,0.0,0.5,0.0,1.0,3
Trygg/Lade,1,0,0,1,0,1,-1,0,norway6,0.0,1.0,-1,0.0,0.0,0.0,1.0,4
Aalesund B,1,0,0,1,0,3,-3,0,norway6,0.0,1.0,-3,0.0,0.0,0.0,1.0,4
Spjelkavik,1,0,0,1,0,4,-4,0,norway6,0.0,1.0,-4,0.0,0.0,0.0,1.0,4
Molde B,2,0,0,2,2,7,-5,0,norway6,0.0,1.0,-5,1.0,0.0,0.0,1.0,4
Kristiansund B,2,0,0,2,0,8,-8,0,norway6,0.0,1.0,-8,0.0,0.0,0.0,1.0,4
Surnadal,2,0,0,2,1,14,-13,0,norway6,0.0,1.0,-13,0.5,0.0,0.0,1.0,4
Elverum,2,2,0,0,8,2,6,6,norway7,1.0,0.0,6,4.0,3.0,1.0,0.0,1
Skjetten,2,1,1,0,6,1,5,4,norway7,0.5,0.5,5,3.0,2.0,2.0,2.0,2
Bjorkelangen,2,1,1,0,4,3,1,4,norway7,0.5,0.5,1,2.0,2.0,2.0,2.0,2
Lorenskog,1,1,0,0,6,2,4,3,norway7,1.0,0.0,4,6.0,3.0,1.0,0.0,3
Skedsmo,1,1,0,0,4,0,4,3,norway7,1.0,0.0,4,4.0,3.0,1.0,0.0,3
Kongsvinger B,1,1,0,0,2,1,1,3,norway7,1.0,0.0,1,2.0,3.0,1.0,0.0,3
Gjovik-Lyn,1,0,1,0,1,1,0,1,norway7,0.0,1.0,0,1.0,1.0,0.0,1.0,4
Lillehammer,2,0,1,1,3,5,-2,1,norway7,0.0,1.0,-2,1.5,0.5,0.0,1.0,4
Stromsgodset B,1,0,0,1,0,1,-1,0,norway7,0.0,1.0,-1,0.0,0.0,0.0,1.0,5
Assiden IF,2,0,0,2,3,6,-3,0,norway7,0.0,1.0,-3,1.5,0.0,0.0,1.0,5
HamKam B,2,0,0,2,3,6,-3,0,norway7,0.0,1.0,-3,1.5,0.0,0.0,1.0,5
Nordstrand,1,0,0,1,1,4,-3,0,norway7,0.0,1.0,-3,1.0,0.0,0.0,1.0,5
Ull/Kisa B,1,0,0,1,1,6,-5,0,norway7,0.0,1.0,-5,1.0,0.0,0.0,1.0,5
Lillestrom B,2,0,0,2,2,9,-7,0,norway7,0.0,1.0,-7,1.0,0.0,0.0,1.0,5
Bjarg,2,2,0,0,10,1,9,6,norway8,1.0,0.0,9,5.0,3.0,1.0,0.0,1
Forde,2,2,0,0,6,1,5,6,norway8,1.0,0.0,5,3.0,3.0,1.0,0.0,1
Gneist,2,1,1,0,6,5,1,4,norway8,0.5,0.5,1,3.0,2.0,2.0,2.0,2
Askoy,1,1,0,0,1,0,1,3,norway8,1.0,0.0,1,1.0,3.0,1.0,0.0,3
Lyn B,2,1,0,1,3,7,-4,3,norway8,0.5,0.5,-4,1.5,1.5,2.0,2.0,3
Fana,1,0,1,0,1,1,0,1,norway8,0.0,1.0,0,1.0,1.0,0.0,1.0,4
Fyllingsdalen,1,0,0,1,2,3,-1,0,norway8,0.0,1.0,-1,2.0,0.0,0.0,1.0,5
Valerenga B,1,0,0,1,2,3,-1,0,norway8,0.0,1.0,-1,2.0,0.0,0.0,1.0,5
Lyngbo,1,0,0,1,1,3,-2,0,norway8,0.0,1.0,-2,1.0,0.0,0.0,1.0,5
OS,2,0,0,2,2,5,-3,0,norway8,0.0,1.0,-3,1.0,0.0,0.0,1.0,5
Sandefjord B,1,0,0,1,1,4,-3,0,norway8,0.0,1.0,-3,1.0,0.0,0.0,1.0,5
Fjora,1,0,0,1,2,7,-5,0,norway8,0.0,1.0,-5,2.0,0.0,0.0,1.0,5
Asane B,2,0,0,2,3,9,-6,0,norway8,0.0,1.0,-6,1.5,0.0,0.0,1.0,5
Loddefjord,2,0,0,2,2,11,-9,0,norway8,0.0,1.0,-9,1.0,0.0,0.0,1.0,5
Vidar,2,2,0,0,7,2,5,6,norway9,1.0,0.0,5,3.5,3.0,1.0,0.0,1
Staal Jorpeland,2,1,0,1,10,6,4,3,norway9,0.5,0.5,4,5.0,1.5,2.0,2.0,2
Vindbjart,1,1,0,0,2,1,1,3,norway9,1.0,0.0,1,2.0,3.0,1.0,0.0,2
Torvastad,1,0,1,0,2,2,0,1,norway9,0.0,1.0,0,2.0,1.0,0.0,1.0,3
Madla,1,0,1,0,1,1,0,1,norway9,0.0,1.0,0,1.0,1.0,0.0,1.0,3
Stord,1,0,1,0,1,1,0,1,norway9,0.0,1.0,0,1.0,1.0,0.0,1.0,3
Viking B,2,0,1,1,2,4,-2,1,norway9,0.0,1.0,-2,1.0,0.5,0.0,1.0,3
Djerv,1,0,0,1,2,5,-3,0,norway9,0.0,1.0,-3,2.0,0.0,0.0,1.0,4
Haugesund B,1,0,0,1,1,4,-3,0,norway9,0.0,1.0,-3,1.0,0.0,0.0,1.0,4
Hinna,2,0,0,2,4,8,-4,0,norway9,0.0,1.0,-4,2.0,0.0,0.0,1.0,4
Vag,2,0,0,2,3,8,-5,0,norway9,0.0,1.0,-5,1.5,0.0,0.0,1.0,4
Sandnes Ulf B,1,0,0,1,2,8,-6,0,norway9,0.0,1.0,-6,2.0,0.0,0.0,1.0,4
Brodd,2,0,0,2,1,7,-6,0,norway9,0.0,1.0,-6,0.5,0.0,0.0,1.0,4
Sola,1,0,0,1,0,7,-7,0,norway9,0.0,1.0,-7,0.0,0.0,0.0,1.0,4
Sarpsborg 08 B,2,2,0,0,5,2,3,6,norway10,1.0,0.0,3,2.5,3.0,1.0,0.0,1
Stabaek B,2,1,0,1,3,1,2,3,norway10,0.5,0.5,2,1.5,1.5,2.0,2.0,2
Odd B,1,1,0,0,1,0,1,3,norway10,1.0,0.0,1,1.0,3.0,1.0,0.0,2
Kvik Halden,2,1,0,1,4,4,0,3,norway10,0.5,0.5,0,2.0,1.5,2.0,2.0,2
Grei,1,0,1,0,1,1,0,1,norway10,0.0,1.0,0,1.0,1.0,0.0,1.0,3
IF Ready,2,0,1,1,1,4,-3,1,norway10,0.0,1.0,-3,0.5,0.5,0.0,1.0,3
Flint,1,0,0,1,2,3,-1,0,norway10,0.0,1.0,-1,2.0,0.0,0.0,1.0,4
Fram,1,0,0,1,2,3,-1,0,norway10,0.0,1.0,-1,2.0,0.0,0.0,1.0,4
Oppsal,1,0,0,1,1,2,-1,0,norway10,0.0,1.0,-1,1.0,0.0,0.0,1.0,4
Orn Horten,1,0,0,1,1,2,-1,0,norway10,0.0,1.0,-1,1.0,0.0,0.0,1.0,4
Pors Grenland B,1,0,0,1,1,2,-1,0,norway10,0.0,1.0,-1,1.0,0.0,0.0,1.0,4
Drobak-Frogn,1,0,0,1,1,5,-4,0,norway10,0.0,1.0,-4,1.0,0.0,0.0,1.0,4
Fredrikstad B,2,0,0,2,3,8,-5,0,norway10,0.0,1.0,-5,1.5,0.0,0.0,1.0,4
Lokomotiv Oslo,2,0,0,2,1,6,-5,0,norway10,0.0,1.0,-5,0.5,0.0,0.0,1.0,4
San Francisco,7,4,2,1,7,3,4,14,panama,0.57,0.43,4,1.0,2.0,1.75,2.33,1
Universitario,6,3,2,1,7,4,3,11,panama,0.5,0.5,3,1.17,1.83,2.0,2.0,2
Plaza Amador,6,3,2,1,7,6,1,11,panama,0.5,0.5,1,1.17,1.83,2.0,2.0,2
Alianza,7,2,4,1,12,12,0,10,panama,0.29,0.71,0,1.71,1.43,3.45,1.41,3
San Miguelito,7,3,1,3,5,8,-3,10,panama,0.43,0.57,-3,0.71,1.43,2.33,1.75,3
Tauro,7,2,2,3,9,8,1,8,panama,0.29,0.71,1,1.29,1.14,3.45,1.41,4
Arabe Unido,6,2,2,2,5,4,1,8,panama,0.33,0.67,1,0.83,1.33,3.03,1.49,4
Costa del Este,7,2,2,3,5,8,-3,8,panama,0.29,0.71,-3,0.71,1.14,3.45,1.41,4
Independiente,6,2,1,3,6,7,-1,7,panama,0.33,0.67,-1,1.0,1.17,3.03,1.49,5
UMECIT,7,1,3,3,9,11,-2,6,panama,0.14,0.86,-2,1.29,0.86,7.14,1.16,6
Veraguas,6,1,2,3,6,15,-9,5,panama,0.17,0.83,-9,1.0,0.83,5.88,1.2,7
Herrera,6,0,3,3,3,7,-4,3,panama,0.0,1.0,-4,0.5,0.5,0.0,1.0,8
Independiente,8,4,2,2,12,9,3,14,panama2,0.5,0.5,3,1.5,1.75,2.0,2.0,1
San Miguelito,8,3,3,2,5,4,1,12,panama2,0.38,0.62,1,0.62,1.5,2.63,1.61,2
Plaza Amador,8,2,5,1,8,7,1,11,panama2,0.25,0.75,1,1.0,1.38,4.0,1.33,3
Veraguas,7,3,1,3,11,12,-1,10,panama2,0.43,0.57,-1,1.57,1.43,2.33,1.75,4
Tauro,8,3,1,4,7,10,-3,10,panama2,0.38,0.62,-3,0.88,1.25,2.63,1.61,4
Universitario,8,3,1,4,6,9,-3,10,panama2,0.38,0.62,-3,0.75,1.25,2.63,1.61,4
Arabe Unido,8,2,3,3,6,5,1,9,panama2,0.25,0.75,1,0.75,1.12,4.0,1.33,5
UMECIT,8,2,3,3,6,7,-1,9,panama2,0.25,0.75,-1,0.75,1.12,4.0,1.33,5
Alianza,7,2,1,4,7,10,-3,7,panama2,0.29,0.71,-3,1.0,1.0,3.45,1.41,6
San Francisco,8,1,3,4,8,11,-3,6,panama2,0.12,0.88,-3,1.0,0.75,8.33,1.14,7
Costa del Este,8,0,4,4,3,11,-8,4,panama2,0.0,1.0,-8,0.38,0.5,0.0,1.0,8
Herrera,8,0,2,6,5,12,-7,2,panama2,0.0,1.0,-7,0.62,0.25,0.0,1.0,9
Guarani,8,6,1,1,10,4,6,19,paraguay,0.75,0.25,6,1.25,2.38,1.33,4.0,1
Libertad,7,4,3,0,15,5,10,15,paraguay,0.57,0.43,10,2.14,2.14,1.75,2.33,2
D. Recoleta,8,3,3,2,17,14,3,12,paraguay,0.38,0.62,3,2.12,1.5,2.63,1.61,3
2 de Mayo,7,2,3,2,6,5,1,9,paraguay,0.29,0.71,1,0.86,1.29,3.45,1.41,4
Olimpia,7,2,3,2,8,8,0,9,paraguay,0.29,0.71,0,1.14,1.29,3.45,1.41,4
S. Trinidense,8,2,3,3,10,11,-1,9,paraguay,0.25,0.75,-1,1.25,1.12,4.0,1.33,4
Cerro Porteno,7,2,2,3,7,7,0,8,paraguay,0.29,0.71,0,1.0,1.14,3.45,1.41,5
S. Ameliano,8,2,2,4,7,9,-2,8,paraguay,0.25,0.75,-2,0.88,1.0,4.0,1.33,5
G. Caballero,7,2,1,4,4,7,-3,7,paraguay,0.29,0.71,-3,0.57,1.0,3.45,1.41,6
A. Tembetary,8,1,4,3,4,8,-4,7,paraguay,0.12,0.88,-4,0.5,0.88,8.33,1.14,6
S. Luqueno,8,1,3,4,5,13,-8,6,paraguay,0.12,0.88,-8,0.62,0.75,8.33,1.14,7
Nacional,7,1,1,5,4,9,-5,4,paraguay,0.14,0.86,-5,0.57,0.57,7.14,1.16,8
Guarani,8,4,3,1,9,5,4,15,paraguay2,0.5,0.5,4,1.12,1.88,2.0,2.0,1
S. Ameliano,8,4,2,2,12,5,7,14,paraguay2,0.5,0.5,7,1.5,1.75,2.0,2.0,2
Olimpia,8,4,2,2,5,4,1,14,paraguay2,0.5,0.5,1,0.62,1.75,2.0,2.0,2
2 de Mayo,8,3,3,2,10,7,3,12,paraguay2,0.38,0.62,3,1.25,1.5,2.63,1.61,3
G. Caballero,8,3,2,3,7,6,1,11,paraguay2,0.38,0.62,1,0.88,1.38,2.63,1.61,4
Sol de America,8,2,3,3,9,8,1,9,paraguay2,0.25,0.75,1,1.12,1.12,4.0,1.33,5
S. Luqueno,8,2,3,3,14,14,0,9,paraguay2,0.25,0.75,0,1.75,1.12,4.0,1.33,5
Libertad,8,2,2,4,8,12,-4,8,paraguay2,0.25,0.75,-4,1.0,1.0,4.0,1.33,6
Cerro Porteno,8,2,1,5,7,12,-5,7,paraguay2,0.25,0.75,-5,0.88,0.88,4.0,1.33,7
Nacional,8,1,3,4,8,10,-2,6,paraguay2,0.12,0.88,-2,1.0,0.75,8.33,1.14,8
Tacuary,8,1,2,5,7,12,-5,5,paraguay2,0.12,0.88,-5,0.88,0.62,8.33,1.14,9
S. Trinidense,8,0,4,4,5,9,-4,4,paraguay2,0.0,1.0,-4,0.62,0.5,0.0,1.0,10
D. Garcilaso,5,3,2,0,10,5,5,11,peru,0.6,0.4,5,2.0,2.2,1.67,2.5,1
Universitario,4,2,2,0,7,3,4,8,peru,0.5,0.5,4,1.75,2.0,2.0,2.0,2
Sport Huancayo,4,2,1,1,6,5,1,7,peru,0.5,0.5,1,1.5,1.75,2.0,2.0,3
ADT,5,2,1,2,7,10,-3,7,peru,0.4,0.6,-3,1.4,1.4,2.5,1.67,3
Cusco,4,2,0,2,6,7,-1,6,peru,0.5,0.5,-1,1.5,1.5,2.0,2.0,4
FBC Melgar,3,2,0,1,5,6,-1,6,peru,0.67,0.33,-1,1.67,2.0,1.49,3.03,4
Alianza Lima,4,2,0,2,4,7,-3,6,peru,0.5,0.5,-3,1.0,1.5,2.0,2.0,4
Sport Boys,4,1,1,2,7,8,-1,4,peru,0.25,0.75,-1,1.75,1.0,4.0,1.33,5
Binacional,4,1,1,2,6,10,-4,4,peru,0.25,0.75,-4,1.5,1.0,4.0,1.33,5
Cajamarca,4,1,1,2,4,8,-4,4,peru,0.25,0.75,-4,1.0,1.0,4.0,1.33,5
S. Cristal,5,1,1,3,4,8,-4,4,peru,0.2,0.8,-4,0.8,0.8,5.0,1.25,5
Cienciano,4,0,3,1,5,6,-1,3,peru,0.0,1.0,-1,1.25,0.75,0.0,1.0,6
Comerciantes U.,4,1,0,3,7,9,-2,3,peru,0.25,0.75,-2,1.75,0.75,4.0,1.33,6
A. Huanuco,4,1,0,3,4,10,-6,3,peru,0.25,0.75,-6,1.0,0.75,4.0,1.33,6
Los Chankas,4,0,2,2,3,5,-2,2,peru,0.0,1.0,-2,0.75,0.5,0.0,1.0,7
Atletico Grau,4,0,2,2,5,8,-3,2,peru,0.0,1.0,-3,1.25,0.5,0.0,1.0,7
Alianza A.,4,0,1,3,2,5,-3,1,peru,0.0,1.0,-3,0.5,0.25,0.0,1.0,8
Ayacucho,5,0,1,4,2,9,-7,1,peru,0.0,1.0,-7,0.4,0.2,0.0,1.0,8
Juan Pablo II C,4,0,0,4,2,8,-6,0,peru,0.0,1.0,-6,0.5,0.0,0.0,1.0,9
Manila Digger,8,7,1,0,35,3,32,22,philippines,0.88,0.12,32,4.38,2.75,1.14,8.33,1
Kaya FC,8,6,1,1,18,7,11,19,philippines,0.75,0.25,11,2.25,2.38,1.33,4.0,2
One Taguig,8,5,2,1,17,5,12,17,philippines,0.62,0.38,12,2.12,2.12,1.61,2.63,3
Davao Aguilas,8,5,1,2,13,5,8,16,philippines,0.62,0.38,8,1.62,2.0,1.61,2.63,4
Stallion,8,4,2,2,15,8,7,14,philippines,0.5,0.5,7,1.88,1.75,2.0,2.0,5
Maharlika,8,4,1,3,10,8,2,13,philippines,0.5,0.5,2,1.25,1.62,2.0,2.0,6
DH Cebu,8,3,2,3,16,12,4,11,philippines,0.38,0.62,4,2.0,1.38,2.63,1.61,7
Loyola,8,3,0,5,10,17,-7,9,philippines,0.38,0.62,-7,1.25,1.12,2.63,1.61,8
Mendiola,8,1,1,6,8,35,-27,4,philippines,0.12,0.88,-27,1.0,0.5,8.33,1.14,9
PFF Development,8,0,2,6,4,25,-21,2,philippines,0.0,1.0,-21,0.5,0.25,0.0,1.0,10
Rakow C.,8,4,3,1,12,6,6,15,poland,0.5,0.5,6,1.5,1.88,2.0,2.0,1
Pogon Szczecin,8,3,3,2,13,8,5,12,poland,0.38,0.62,5,1.62,1.5,2.63,1.61,2
Piast Gliwice,8,3,3,2,9,6,3,12,poland,0.38,0.62,3,1.12,1.5,2.63,1.61,2
Jagiellonia,8,3,3,2,9,7,2,12,poland,0.38,0.62,2,1.12,1.5,2.63,1.61,2
Gornik Zabrze,8,4,0,4,11,11,0,12,poland,0.5,0.5,0,1.38,1.5,2.0,2.0,2
Korona Kielce,8,2,5,1,8,8,0,11,poland,0.25,0.75,0,1.0,1.38,4.0,1.33,3
Motor Lublin,8,3,2,3,8,13,-5,11,poland,0.38,0.62,-5,1.0,1.38,2.63,1.61,3
Zaglebie Lubin,8,3,1,4,8,10,-2,10,poland,0.38,0.62,-2,1.0,1.25,2.63,1.61,4
Radomiak Radom,8,3,1,4,12,16,-4,10,poland,0.38,0.62,-4,1.5,1.25,2.63,1.61,4
Cracovia Krakow,8,2,3,3,10,13,-3,9,poland,0.25,0.75,-3,1.25,1.12,4.0,1.33,5
Legia Warsaw,8,2,2,4,15,18,-3,8,poland,0.25,0.75,-3,1.88,1.0,4.0,1.33,6
Slask Wroclaw,8,2,2,4,12,15,-3,8,poland,0.25,0.75,-3,1.5,1.0,4.0,1.33,6
Lech Poznan,8,2,1,5,8,11,-3,7,poland,0.25,0.75,-3,1.0,0.88,4.0,1.33,7
Katowice,8,2,1,5,7,13,-6,7,poland,0.25,0.75,-6,0.88,0.88,4.0,1.33,7
Puszcza Niepolo,8,2,1,5,7,13,-6,7,poland,0.25,0.75,-6,0.88,0.88,4.0,1.33,7
Widzew Lodz,8,2,1,5,10,17,-7,7,poland,0.25,0.75,-7,1.25,0.88,4.0,1.33,7
Lechia Gdansk,8,1,2,5,7,13,-6,5,poland,0.12,0.88,-6,0.88,0.62,8.33,1.14,8
Stal Mielec,8,1,1,6,9,17,-8,4,poland,0.12,0.88,-8,1.12,0.5,8.33,1.14,9
Tychy,8,6,1,1,19,8,11,19,poland2,0.75,0.25,11,2.38,2.38,1.33,4.0,1
Arka Gdynia,8,5,2,1,10,5,5,17,poland2,0.62,0.38,5,1.25,2.12,1.61,2.63,2
Wisla Krakow,8,5,1,2,19,8,11,16,poland2,0.62,0.38,11,2.38,2.0,1.61,2.63,3
T. Nieciecza,8,4,3,1,16,11,5,15,poland2,0.5,0.5,5,2.0,1.88,2.0,2.0,4
Polonia Warszaw,8,4,3,1,11,6,5,15,poland2,0.5,0.5,5,1.38,1.88,2.0,2.0,4
Gornik Leczna,8,3,3,2,12,7,5,12,poland2,0.38,0.62,5,1.5,1.5,2.63,1.61,5
Miedz Legnica,8,3,3,2,8,7,1,12,poland2,0.38,0.62,1,1.0,1.5,2.63,1.61,5
Znicz Pruszkow,8,3,2,3,10,10,0,11,poland2,0.38,0.62,0,1.25,1.38,2.63,1.61,6
Wisla Plock,8,2,4,2,7,7,0,10,poland2,0.25,0.75,0,0.88,1.25,4.0,1.33,7
LKS Lodz,8,2,4,2,12,13,-1,10,poland2,0.25,0.75,-1,1.5,1.25,4.0,1.33,7
Ruch Chorzow,8,3,1,4,7,11,-4,10,poland2,0.38,0.62,-4,0.88,1.25,2.63,1.61,7
Odra Opole,8,2,2,4,6,13,-7,8,poland2,0.25,0.75,-7,0.75,1.0,4.0,1.33,8
Stal Rzeszow,8,1,3,4,9,13,-4,6,poland2,0.12,0.88,-4,1.12,0.75,8.33,1.14,9
Stalowa Wola,8,1,3,4,8,15,-7,6,poland2,0.12,0.88,-7,1.0,0.75,8.33,1.14,9
Pogon Siedlce,8,1,1,6,8,15,-7,4,poland2,0.12,0.88,-7,1.0,0.5,8.33,1.14,10
Warta Poznan,8,0,3,5,4,15,-11,3,poland2,0.0,1.0,-11,0.5,0.38,0.0,1.0,11
K. Kolobrzeg,8,0,2,6,6,15,-9,2,poland2,0.0,1.0,-9,0.75,0.25,0.0,1.0,12
Chrobry Glogow,8,0,1,7,6,19,-13,1,poland2,0.0,1.0,-13,0.75,0.12,0.0,1.0,13
Pogon Grodzisk,8,6,0,2,14,6,8,18,poland3,0.75,0.25,8,1.75,2.25,1.33,4.0,1
Wieczysta K.,8,5,1,2,16,7,9,16,poland3,0.62,0.38,9,2.0,2.0,1.61,2.63,2
Rekord Bielsko,8,4,2,2,17,12,5,14,poland3,0.5,0.5,5,2.12,1.75,2.0,2.0,3
LKS Lodz B,8,4,2,2,11,7,4,14,poland3,0.5,0.5,4,1.38,1.75,2.0,2.0,3
Chojniczanka,8,4,1,3,7,7,0,13,poland3,0.5,0.5,0,0.88,1.62,2.0,2.0,4
Jastrzebie,8,4,0,4,12,9,3,12,poland3,0.5,0.5,3,1.5,1.5,2.0,2.0,5
Podbeskidzie,8,3,3,2,8,5,3,12,poland3,0.38,0.62,3,1.0,1.5,2.63,1.61,5
Swit Skolwin,8,3,2,3,14,15,-1,11,poland3,0.38,0.62,-1,1.75,1.38,2.63,1.61,6
Kalisz,8,3,1,4,6,8,-2,10,poland3,0.38,0.62,-2,0.75,1.25,2.63,1.61,7
O. Grudziadz,8,2,3,3,8,9,-1,9,poland3,0.25,0.75,-1,1.0,1.12,4.0,1.33,8
Wisla Pulawy,8,3,0,5,12,22,-10,9,poland3,0.38,0.62,-10,1.5,1.12,2.63,1.61,8
Z. Sosnowiec,8,2,2,4,12,12,0,8,poland3,0.25,0.75,0,1.5,1.0,4.0,1.33,9
Resovia Rzeszow,8,2,1,5,11,14,-3,7,poland3,0.25,0.75,-3,1.38,0.88,4.0,1.33,10
Polonia Bytom,8,1,4,3,4,8,-4,7,poland3,0.12,0.88,-4,0.5,0.88,8.33,1.14,10
Zaglebie L. B,8,1,3,4,10,14,-4,6,poland3,0.12,0.88,-4,1.25,0.75,8.33,1.14,11
Hutnik Krakow,8,1,3,4,7,14,-7,6,poland3,0.12,0.88,-7,0.88,0.75,8.33,1.14,11
Olimpia Elblag,8,1,0,7,6,18,-12,3,poland3,0.12,0.88,-12,0.75,0.38,8.33,1.14,12
SKRA Czestochow,8,0,1,7,7,21,-14,1,poland3,0.0,1.0,-14,0.88,0.12,0.0,1.0,13
Benfica,8,6,0,2,18,9,9,18,portugal,0.75,0.25,9,2.25,2.25,1.33,4.0,1
Sporting Braga,8,5,2,1,10,5,5,17,portugal,0.62,0.38,5,1.25,2.12,1.61,2.63,2
Sporting CP,8,4,4,0,17,8,9,16,portugal,0.5,0.5,9,2.12,2.0,2.0,2.0,3
Estoril,8,4,2,2,16,14,2,14,portugal,0.5,0.5,2,2.0,1.75,2.0,2.0,4
FC Porto,8,4,1,3,9,9,0,13,portugal,0.5,0.5,0,1.12,1.62,2.0,2.0,5
Arouca,8,3,3,2,14,13,1,12,portugal,0.38,0.62,1,1.75,1.5,2.63,1.61,6
Santa Clara,8,3,3,2,7,7,0,12,portugal,0.38,0.62,0,0.88,1.5,2.63,1.61,6
Gil Vicente,8,3,2,3,9,7,2,11,portugal,0.38,0.62,2,1.12,1.38,2.63,1.61,7
Guimaraes,8,2,5,1,10,9,1,11,portugal,0.25,0.75,1,1.25,1.38,4.0,1.33,7
Farense,8,2,4,2,10,11,-1,10,portugal,0.25,0.75,-1,1.25,1.25,4.0,1.33,8
Famalicao,8,3,1,4,10,13,-3,10,portugal,0.38,0.62,-3,1.25,1.25,2.63,1.61,8
Estrela Amadora,8,2,3,3,4,6,-2,9,portugal,0.25,0.75,-2,0.5,1.12,4.0,1.33,9
Rio Ave,8,2,2,4,8,9,-1,8,portugal,0.25,0.75,-1,1.0,1.0,4.0,1.33,10
Casa Pia,8,2,2,4,10,13,-3,8,portugal,0.25,0.75,-3,1.25,1.0,4.0,1.33,10
Nacional,8,2,1,5,6,11,-5,7,portugal,0.25,0.75,-5,0.75,0.88,4.0,1.33,11
Boavista,8,2,0,6,6,16,-10,6,portugal,0.25,0.75,-10,0.75,0.75,4.0,1.33,12
Moreirense,8,1,2,5,7,13,-6,5,portugal,0.12,0.88,-6,0.88,0.62,8.33,1.14,13
AVS,8,1,2,5,6,17,-11,5,portugal,0.12,0.88,-11,0.75,0.62,8.33,1.14,13
Vizela,8,5,2,1,14,7,7,17,portugal2,0.62,0.38,7,1.75,2.12,1.61,2.63,1
Torreense,8,3,5,0,13,9,4,14,portugal2,0.38,0.62,4,1.62,1.75,2.63,1.61,2
Maritimo,8,4,2,2,10,12,-2,14,portugal2,0.5,0.5,-2,1.25,1.75,2.0,2.0,2
Uniao de Leiria,8,4,1,3,13,10,3,13,portugal2,0.5,0.5,3,1.62,1.62,2.0,2.0,3
Tondela,8,3,4,1,11,8,3,13,portugal2,0.38,0.62,3,1.38,1.62,2.63,1.61,3
Feirense,8,4,1,3,9,12,-3,13,portugal2,0.5,0.5,-3,1.12,1.62,2.0,2.0,3
Oliveirense,8,4,1,3,9,15,-6,13,portugal2,0.5,0.5,-6,1.12,1.62,2.0,2.0,3
Alverca,8,3,3,2,11,9,2,12,portugal2,0.38,0.62,2,1.38,1.5,2.63,1.61,4
Chaves,8,3,3,2,7,8,-1,12,portugal2,0.38,0.62,-1,0.88,1.5,2.63,1.61,4
Benfica B,8,2,3,3,10,10,0,9,portugal2,0.25,0.75,0,1.25,1.12,4.0,1.33,5
Felgueiras,8,1,3,4,8,10,-2,6,portugal2,0.12,0.88,-2,1.0,0.75,8.33,1.14,6
FC Porto B,8,1,3,4,7,10,-3,6,portugal2,0.12,0.88,-3,0.88,0.75,8.33,1.14,6
Leixoes,8,1,3,4,3,12,-9,6,portugal2,0.12,0.88,-9,0.38,0.75,8.33,1.14,6
Pacos Ferreira,8,1,2,5,5,12,-7,5,portugal2,0.12,0.88,-7,0.62,0.62,8.33,1.14,7
Academico Viseu,8,0,4,4,9,15,-6,4,portugal2,0.0,1.0,-6,1.12,0.5,0.0,1.0,8
Penafiel,8,1,1,6,7,14,-7,4,portugal2,0.12,0.88,-7,0.88,0.5,8.33,1.14,8
Portimonense,8,1,1,6,4,14,-10,4,portugal2,0.12,0.88,-10,0.5,0.5,8.33,1.14,8
Mafra,8,0,0,8,3,16,-13,0,portugal2,0.0,1.0,-13,0.38,0.0,0.0,1.0,9
Al Sadd,8,7,1,0,25,6,19,22,qatar,0.88,0.12,19,3.12,2.75,1.14,8.33,1
Al Duhail,8,6,1,1,17,5,12,19,qatar,0.75,0.25,12,2.12,2.38,1.33,4.0,2
Al Rayyan,8,5,0,3,21,12,9,15,qatar,0.62,0.38,9,2.62,1.88,1.61,2.63,3
Al Gharafa,8,4,3,1,16,12,4,15,qatar,0.5,0.5,4,2.0,1.88,2.0,2.0,3
Qatar SC,8,3,2,3,11,13,-2,11,qatar,0.38,0.62,-2,1.38,1.38,2.63,1.61,4
Al Shamal,8,3,1,4,11,8,3,10,qatar,0.38,0.62,3,1.38,1.25,2.63,1.61,5
Al Ahli Doha,8,3,1,4,13,19,-6,10,qatar,0.38,0.62,-6,1.62,1.25,2.63,1.61,5
Al Shahaniya,8,3,0,5,11,16,-5,9,qatar,0.38,0.62,-5,1.38,1.12,2.63,1.61,6
Umm Salal,8,2,1,5,9,18,-9,7,qatar,0.25,0.75,-9,1.12,0.88,4.0,1.33,7
Al Khor,8,2,1,5,6,16,-10,7,qatar,0.25,0.75,-10,0.75,0.88,4.0,1.33,7
Al Wakrah,8,2,0,6,9,18,-9,6,qatar,0.25,0.75,-9,1.12,0.75,4.0,1.33,8
Al Arabi,8,1,1,6,11,20,-9,4,qatar,0.12,0.88,-9,1.38,0.5,8.33,1.14,9
Din. Bucharest,8,5,2,1,12,5,7,17,romania,0.62,0.38,7,1.5,2.12,1.61,2.63,1
FCSB,8,4,3,1,10,3,7,15,romania,0.5,0.5,7,1.25,1.88,2.0,2.0,2
UTA Arad,8,3,4,1,6,5,1,13,romania,0.38,0.62,1,0.75,1.62,2.63,1.61,3
Hermannstadt,8,4,1,3,11,11,0,13,romania,0.5,0.5,0,1.38,1.62,2.0,2.0,3
CFR Cluj,8,2,5,1,13,9,4,11,romania,0.25,0.75,4,1.62,1.38,4.0,1.33,4
Univ. Craiova,8,3,2,3,10,9,1,11,romania,0.38,0.62,1,1.25,1.38,2.63,1.61,4
U. Cluj,8,2,4,2,7,7,0,10,romania,0.25,0.75,0,0.88,1.25,4.0,1.33,5
Farul Constanta,8,2,3,3,6,7,-1,9,romania,0.25,0.75,-1,0.75,1.12,4.0,1.33,6
Sepsi OSK,8,2,2,4,8,12,-4,8,romania,0.25,0.75,-4,1.0,1.0,4.0,1.33,7
Rapid Bucharest,8,1,4,3,6,8,-2,7,romania,0.12,0.88,-2,0.75,0.88,8.33,1.14,8
Botosani,8,2,1,5,5,9,-4,7,romania,0.25,0.75,-4,0.62,0.88,4.0,1.33,8
Otelul,8,2,0,6,6,11,-5,6,romania,0.25,0.75,-5,0.75,0.75,4.0,1.33,9
Petrolul,8,1,3,4,5,11,-6,6,romania,0.12,0.88,-6,0.62,0.75,8.33,1.14,9
Unirea Slobozia,8,2,0,6,10,17,-7,6,romania,0.25,0.75,-7,1.25,0.75,4.0,1.33,9
P. Iasi,8,1,3,4,8,15,-7,6,romania,0.12,0.88,-7,1.0,0.75,8.33,1.14,9
FC Buzau,8,0,0,8,3,18,-15,0,romania,0.0,1.0,-15,0.38,0.0,0.0,1.0,10
CSKA Moscow,8,6,2,0,11,4,7,20,russia,0.75,0.25,7,1.38,2.5,1.33,4.0,1
FC Krasnodar,8,5,2,1,18,10,8,17,russia,0.62,0.38,8,2.25,2.12,1.61,2.63,2
Spartak Moscow,8,5,1,2,15,7,8,16,russia,0.62,0.38,8,1.88,2.0,1.61,2.63,3
Zenit,8,5,1,2,13,6,7,16,russia,0.62,0.38,7,1.62,2.0,1.61,2.63,3
Rostov,8,4,2,2,12,11,1,14,russia,0.5,0.5,1,1.5,1.75,2.0,2.0,4
Dinamo Moscow,8,2,4,2,14,12,2,10,russia,0.25,0.75,2,1.75,1.25,4.0,1.33,5
Akron,8,3,1,4,8,12,-4,10,russia,0.38,0.62,-4,1.0,1.25,2.63,1.61,5
Krylya Sovetov,8,2,3,3,11,16,-5,9,russia,0.25,0.75,-5,1.38,1.12,4.0,1.33,6
Rubin Kazan,8,2,2,4,10,16,-6,8,russia,0.25,0.75,-6,1.25,1.0,4.0,1.33,7
Akhmat Grozny,8,1,3,4,7,14,-7,6,russia,0.12,0.88,-7,0.88,0.75,8.33,1.14,8
Makhachkala,8,1,3,4,5,12,-7,6,russia,0.12,0.88,-7,0.62,0.75,8.33,1.14,8
Lokomotiv M.,8,1,3,4,8,16,-8,6,russia,0.12,0.88,-8,1.0,0.75,8.33,1.14,8
Fakel Voronezh,8,1,2,5,4,12,-8,5,russia,0.12,0.88,-8,0.5,0.62,8.33,1.14,9
Khimki,8,1,1,6,7,19,-12,4,russia,0.12,0.88,-12,0.88,0.5,8.33,1.14,10
Nizhny Novgorod,8,1,1,6,5,18,-13,4,russia,0.12,0.88,-13,0.62,0.5,8.33,1.14,10
Orenburg,8,1,0,7,4,17,-13,3,russia,0.12,0.88,-13,0.5,0.38,8.33,1.14,11
Baltika,8,8,0,0,18,3,15,24,russia2,1.0,0.0,15,2.25,3.0,1.0,0.0,1
Chernomorets,8,5,0,3,15,11,4,15,russia2,0.62,0.38,4,1.88,1.88,1.61,2.63,2
Torpedo Moscow,8,4,2,2,11,8,3,14,russia2,0.5,0.5,3,1.38,1.75,2.0,2.0,3
SKA Khabarovsk,8,4,2,2,6,5,1,14,russia2,0.5,0.5,1,0.75,1.75,2.0,2.0,3
Shinnik,8,3,4,1,8,6,2,13,russia2,0.38,0.62,2,1.0,1.62,2.63,1.61,4
Rotor Volgograd,8,3,2,3,6,7,-1,11,russia2,0.38,0.62,-1,0.75,1.38,2.63,1.61,5
Ural,8,2,4,2,6,5,1,10,russia2,0.25,0.75,1,0.75,1.25,4.0,1.33,6
Tyumen,8,3,1,4,7,10,-3,10,russia2,0.38,0.62,-3,0.88,1.25,2.63,1.61,6
Rodina Moskva,8,2,3,3,5,6,-1,9,russia2,0.25,0.75,-1,0.62,1.12,4.0,1.33,7
PFC Sochi,8,2,3,3,7,10,-3,9,russia2,0.25,0.75,-3,0.88,1.12,4.0,1.33,7
Neftekhimik,8,2,2,4,11,11,0,8,russia2,0.25,0.75,0,1.38,1.0,4.0,1.33,8
Chayka,8,1,3,4,5,13,-8,6,russia2,0.12,0.88,-8,0.62,0.75,8.33,1.14,9
Yenisey,8,1,2,5,7,15,-8,5,russia2,0.12,0.88,-8,0.88,0.62,8.33,1.14,10
Arsenal Tula,8,0,4,4,4,9,-5,4,russia2,0.0,1.0,-5,0.5,0.5,0.0,1.0,11
Sokol Saratov,8,0,4,4,5,11,-6,4,russia2,0.0,1.0,-6,0.62,0.5,0.0,1.0,11
A. Vladikavkaz,8,1,1,6,3,18,-15,4,russia2,0.12,0.88,-15,0.38,0.5,8.33,1.14,11
Ufa,8,0,3,5,5,13,-8,3,russia2,0.0,1.0,-8,0.62,0.38,0.0,1.0,12
Kamaz,8,0,2,6,3,10,-7,2,russia2,0.0,1.0,-7,0.38,0.25,0.0,1.0,13
Al Ahli Jeddah,8,6,0,2,16,8,8,18,saudiarabia,0.75,0.25,8,2.0,2.25,1.33,4.0,1
Al Nassr,8,5,1,2,16,10,6,16,saudiarabia,0.62,0.38,6,2.0,2.0,1.61,2.63,2
Al Ittifaq,8,4,3,1,16,10,6,15,saudiarabia,0.5,0.5,6,2.0,1.88,2.0,2.0,3
Al Hilal,8,4,2,2,16,10,6,14,saudiarabia,0.5,0.5,6,2.0,1.75,2.0,2.0,4
Al Taawon,8,4,2,2,9,4,5,14,saudiarabia,0.5,0.5,5,1.12,1.75,2.0,2.0,4
Al Quadisiya,8,4,1,3,14,10,4,13,saudiarabia,0.5,0.5,4,1.75,1.62,2.0,2.0,5
Al Feiha,8,3,2,3,9,13,-4,11,saudiarabia,0.38,0.62,-4,1.12,1.38,2.63,1.61,6
Al Ittihad,8,2,4,2,12,11,1,10,saudiarabia,0.25,0.75,1,1.5,1.25,4.0,1.33,7
Al Wahda,8,3,1,4,8,10,-2,10,saudiarabia,0.38,0.62,-2,1.0,1.25,2.63,1.61,7
Al Fateh,8,3,1,4,13,20,-7,10,saudiarabia,0.38,0.62,-7,1.62,1.25,2.63,1.61,7
Al Shabab,8,2,3,3,15,16,-1,9,saudiarabia,0.25,0.75,-1,1.88,1.12,4.0,1.33,8
Damak,8,2,3,3,7,9,-2,9,saudiarabia,0.25,0.75,-2,0.88,1.12,4.0,1.33,8
Al Khaleej,8,2,3,3,10,16,-6,9,saudiarabia,0.25,0.75,-6,1.25,1.12,4.0,1.33,8
Al Akhdoud,8,2,2,4,5,11,-6,8,saudiarabia,0.25,0.75,-6,0.62,1.0,4.0,1.33,9
Al Orubah,8,2,1,5,4,16,-12,7,saudiarabia,0.25,0.75,-12,0.5,0.88,4.0,1.33,10
Al Raed,8,2,0,6,13,18,-5,6,saudiarabia,0.25,0.75,-5,1.62,0.75,4.0,1.33,11
Al Kholood,8,2,0,6,10,20,-10,6,saudiarabia,0.25,0.75,-10,1.25,0.75,4.0,1.33,11
Al Riyadh,8,0,1,7,6,17,-11,1,saudiarabia,0.0,1.0,-11,0.75,0.12,0.0,1.0,12
Al Adalha,8,6,2,0,17,9,8,20,saudiarabia2,0.75,0.25,8,2.12,2.5,1.33,4.0,1
Al Najma,8,6,1,1,14,6,8,19,saudiarabia2,0.75,0.25,8,1.75,2.38,1.33,4.0,2
Neom SC,8,6,0,2,16,7,9,18,saudiarabia2,0.75,0.25,9,2.0,2.25,1.33,4.0,3
Al Bukayriyah,8,5,1,2,12,5,7,16,saudiarabia2,0.62,0.38,7,1.5,2.0,1.61,2.63,4
Al Hazm,8,4,2,2,11,9,2,14,saudiarabia2,0.5,0.5,2,1.38,1.75,2.0,2.0,5
Al Faisaly,8,3,4,1,11,10,1,13,saudiarabia2,0.38,0.62,1,1.38,1.62,2.63,1.61,6
Al Tai,8,3,3,2,15,13,2,12,saudiarabia2,0.38,0.62,2,1.88,1.5,2.63,1.61,7
Al Zulfi,8,2,5,1,9,7,2,11,saudiarabia2,0.25,0.75,2,1.12,1.38,4.0,1.33,8
Jeddah,8,3,2,3,8,7,1,11,saudiarabia2,0.38,0.62,1,1.0,1.38,2.63,1.61,8
Al Jabalain,8,3,2,3,10,10,0,11,saudiarabia2,0.38,0.62,0,1.25,1.38,2.63,1.61,8
Abha,8,2,4,2,11,13,-2,10,saudiarabia2,0.25,0.75,-2,1.38,1.25,4.0,1.33,9
Ohod,8,2,2,4,8,12,-4,8,saudiarabia2,0.25,0.75,-4,1.0,1.0,4.0,1.33,10
Al Jandal,8,1,4,3,5,6,-1,7,saudiarabia2,0.12,0.88,-1,0.62,0.88,8.33,1.14,11
Al Arabi,8,1,3,4,11,14,-3,6,saudiarabia2,0.12,0.88,-3,1.38,0.75,8.33,1.14,12
Al Jubail,8,1,3,4,5,12,-7,6,saudiarabia2,0.12,0.88,-7,0.62,0.75,8.33,1.14,12
Al Ain,8,0,3,5,6,17,-11,3,saudiarabia2,0.0,1.0,-11,0.75,0.38,0.0,1.0,13
Al Safa,8,0,2,6,6,19,-13,2,saudiarabia2,0.0,1.0,-13,0.75,0.25,0.0,1.0,14
Al Batin,8,0,1,7,4,21,-17,1,saudiarabia2,0.0,1.0,-17,0.5,0.12,0.0,1.0,15
Rangers,8,5,3,0,23,15,8,18,scotland,0.62,0.38,8,2.88,2.25,1.61,2.63,1
Hibernian,8,4,4,0,13,6,7,16,scotland,0.5,0.5,7,1.62,2.0,2.0,2.0,2
Dundee Utd,8,4,1,3,7,9,-2,13,scotland,0.5,0.5,-2,0.88,1.62,2.0,2.0,3
Hearts,8,3,3,2,12,8,4,12,scotland,0.38,0.62,4,1.5,1.5,2.63,1.61,4
Ross County,8,4,0,4,11,11,0,12,scotland,0.5,0.5,0,1.38,1.5,2.0,2.0,4
Celtic,8,3,2,3,16,13,3,11,scotland,0.38,0.62,3,2.0,1.38,2.63,1.61,5
St. Mirren,8,3,1,4,10,13,-3,10,scotland,0.38,0.62,-3,1.25,1.25,2.63,1.61,6
Dundee FC,8,3,0,5,11,20,-9,9,scotland,0.38,0.62,-9,1.38,1.12,2.63,1.61,7
Aberdeen,8,2,1,5,4,14,-10,7,scotland,0.25,0.75,-10,0.5,0.88,4.0,1.33,8
Motherwell,8,1,1,6,5,14,-9,4,scotland,0.12,0.88,-9,0.62,0.5,8.33,1.14,9
St. Johnstone,8,1,1,6,5,17,-12,4,scotland,0.12,0.88,-12,0.62,0.5,8.33,1.14,9
Kilmarnock,8,0,2,6,6,18,-12,2,scotland,0.0,1.0,-12,0.75,0.25,0.0,1.0,10
Falkirk,8,4,3,1,17,7,10,15,scotland2,0.5,0.5,10,2.12,1.88,2.0,2.0,1
Raith Rovers,8,3,3,2,13,8,5,12,scotland2,0.38,0.62,5,1.62,1.5,2.63,1.61,2
Livingston,8,3,2,3,11,12,-1,11,scotland2,0.38,0.62,-1,1.38,1.38,2.63,1.61,3
Greenock Morton,8,3,2,3,10,13,-3,11,scotland2,0.38,0.62,-3,1.25,1.38,2.63,1.61,3
Ayr Utd,8,3,1,4,10,14,-4,10,scotland2,0.38,0.62,-4,1.25,1.25,2.63,1.61,4
Partick Thistle,8,3,1,4,9,13,-4,10,scotland2,0.38,0.62,-4,1.12,1.25,2.63,1.61,4
Hamilton,8,3,1,4,7,12,-5,10,scotland2,0.38,0.62,-5,0.88,1.25,2.63,1.61,4
Dunfermline,8,2,1,5,5,11,-6,7,scotland2,0.25,0.75,-6,0.62,0.88,4.0,1.33,5
Airdrieonians,8,1,3,4,13,15,-2,6,scotland2,0.12,0.88,-2,1.62,0.75,8.33,1.14,6
Queens Park,8,1,3,4,7,9,-2,6,scotland2,0.12,0.88,-2,0.88,0.75,8.33,1.14,6
Stenhousemuir,8,4,2,2,12,10,2,14,scotland3,0.5,0.5,2,1.5,1.75,2.0,2.0,1
Cove Rangers,8,4,1,3,18,8,10,13,scotland3,0.5,0.5,10,2.25,1.62,2.0,2.0,2
Alloa Athletic,8,3,4,1,18,13,5,13,scotland3,0.38,0.62,5,2.25,1.62,2.63,1.61,2
Arbroath,8,4,1,3,12,13,-1,13,scotland3,0.5,0.5,-1,1.5,1.62,2.0,2.0,2
Inverness,8,4,1,3,11,12,-1,13,scotland3,0.5,0.5,-1,1.38,1.62,2.0,2.0,2
Queen of South,8,3,2,3,11,8,3,11,scotland3,0.38,0.62,3,1.38,1.38,2.63,1.61,3
Montrose,8,2,4,2,11,13,-2,10,scotland3,0.25,0.75,-2,1.38,1.25,4.0,1.33,4
Dumbarton,8,2,2,4,15,14,1,8,scotland3,0.25,0.75,1,1.88,1.0,4.0,1.33,5
Kelty Hearts,8,2,2,4,5,8,-3,8,scotland3,0.25,0.75,-3,0.62,1.0,4.0,1.33,5
Annan Athletic,8,2,2,4,8,13,-5,8,scotland3,0.25,0.75,-5,1.0,1.0,4.0,1.33,5
Forfar Athletic,8,4,3,1,11,8,3,15,scotland4,0.5,0.5,3,1.38,1.88,2.0,2.0,1
East Fife,8,4,0,4,9,9,0,12,scotland4,0.5,0.5,0,1.12,1.5,2.0,2.0,2
Spartans,8,4,0,4,11,13,-2,12,scotland4,0.5,0.5,-2,1.38,1.5,2.0,2.0,2
Peterhead,8,3,3,2,7,9,-2,12,scotland4,0.38,0.62,-2,0.88,1.5,2.63,1.61,2
Edinburgh City,8,4,0,4,8,11,-3,12,scotland4,0.5,0.5,-3,1.0,1.5,2.0,2.0,2
Stranraer,8,3,0,5,8,11,-3,9,scotland4,0.38,0.62,-3,1.0,1.12,2.63,1.61,3
Elgin City,8,2,2,4,5,10,-5,8,scotland4,0.25,0.75,-5,0.62,1.0,4.0,1.33,4
Clyde,8,2,1,5,7,14,-7,7,scotland4,0.25,0.75,-7,0.88,0.88,4.0,1.33,5
Stirling Albion,8,1,2,5,8,15,-7,5,scotland4,0.12,0.88,-7,1.0,0.62,8.33,1.14,6
Bonnyrigg Rose,8,1,1,6,5,20,-15,4,scotland4,0.12,0.88,-15,0.62,0.5,8.33,1.14,7
Red Star,8,8,0,0,30,6,24,24,serbia,1.0,0.0,24,3.75,3.0,1.0,0.0,1
Partizan,8,5,2,1,13,6,7,17,serbia,0.62,0.38,7,1.62,2.12,1.61,2.63,2
Vojvodina,8,4,2,2,17,11,6,14,serbia,0.5,0.5,6,2.12,1.75,2.0,2.0,3
Cukaricki,8,4,1,3,11,12,-1,13,serbia,0.5,0.5,-1,1.38,1.62,2.0,2.0,4
IMT N. Beograd,8,4,1,3,10,13,-3,13,serbia,0.5,0.5,-3,1.25,1.62,2.0,2.0,4
S. Subotica,8,3,2,3,10,11,-1,11,serbia,0.38,0.62,-1,1.25,1.38,2.63,1.61,5
Tekstilac Odzac,8,3,2,3,8,15,-7,11,serbia,0.38,0.62,-7,1.0,1.38,2.63,1.61,5
Novi Pazar,8,2,4,2,9,9,0,10,serbia,0.25,0.75,0,1.12,1.25,4.0,1.33,6
OFK Beograd,8,3,1,4,6,12,-6,10,serbia,0.38,0.62,-6,0.75,1.25,2.63,1.61,6
Backa Topola,8,2,3,3,10,13,-3,9,serbia,0.25,0.75,-3,1.25,1.12,4.0,1.33,7
Z. Pancevo,8,2,3,3,7,10,-3,9,serbia,0.25,0.75,-3,0.88,1.12,4.0,1.33,7
Radnicki 1923,8,2,3,3,9,15,-6,9,serbia,0.25,0.75,-6,1.12,1.12,4.0,1.33,7
Napredak,8,2,2,4,8,10,-2,8,serbia,0.25,0.75,-2,1.0,1.0,4.0,1.33,8
Mladost Lucani,8,1,3,4,2,8,-6,6,serbia,0.12,0.88,-6,0.25,0.75,8.33,1.14,9
Radnicki Nis,8,0,4,4,8,16,-8,4,serbia,0.0,1.0,-8,1.0,0.5,0.0,1.0,10
Jedinstvo U.,8,1,0,7,5,19,-14,3,serbia,0.12,0.88,-14,0.62,0.38,8.33,1.14,11
R. Surdulica,8,5,1,2,13,3,10,16,serbia2,0.62,0.38,10,1.62,2.0,1.61,2.63,1
Zemun,8,4,2,2,13,5,8,14,serbia2,0.5,0.5,8,1.62,1.75,2.0,2.0,2
Vozdovac,8,3,3,2,7,8,-1,12,serbia2,0.38,0.62,-1,0.88,1.5,2.63,1.61,3
Vrsac,8,3,3,2,5,6,-1,12,serbia2,0.38,0.62,-1,0.62,1.5,2.63,1.61,3
Trajal Krusevac,8,3,1,4,12,12,0,10,serbia2,0.38,0.62,0,1.5,1.25,2.63,1.61,4
S. Mitrovica,8,2,3,3,7,8,-1,9,serbia2,0.25,0.75,-1,0.88,1.12,4.0,1.33,5
Javor Ivanjica,8,2,3,3,6,8,-2,9,serbia2,0.25,0.75,-2,0.75,1.12,4.0,1.33,5
Mladost,8,2,3,3,4,7,-3,9,serbia2,0.25,0.75,-3,0.5,1.12,4.0,1.33,5
Graficar,8,2,3,3,7,13,-6,9,serbia2,0.25,0.75,-6,0.88,1.12,4.0,1.33,5
Borac Cacak,8,2,2,4,7,10,-3,8,serbia2,0.25,0.75,-3,0.88,1.0,4.0,1.33,6
Sloven Ruma,8,1,4,3,9,13,-4,7,serbia2,0.12,0.88,-4,1.12,0.88,8.33,1.14,7
Dubocica,8,2,1,5,5,10,-5,7,serbia2,0.25,0.75,-5,0.62,0.88,4.0,1.33,7
Indija,8,1,3,4,6,10,-4,6,serbia2,0.12,0.88,-4,0.75,0.75,8.33,1.14,8
Macva Sabac,8,0,6,2,5,9,-4,6,serbia2,0.0,1.0,-4,0.62,0.75,0.0,1.0,8
Smederevo,8,1,2,5,8,16,-8,5,serbia2,0.12,0.88,-8,1.0,0.62,8.33,1.14,9
Sloboda Uzice,8,0,3,5,2,10,-8,3,serbia2,0.0,1.0,-8,0.25,0.38,0.0,1.0,10
Lion City,8,5,2,1,29,10,19,17,singapore,0.62,0.38,19,3.62,2.12,1.61,2.63,1
Geylang,8,5,2,1,23,11,12,17,singapore,0.62,0.38,12,2.88,2.12,1.61,2.63,1
Tampines Rovers,8,4,2,2,19,8,11,14,singapore,0.5,0.5,11,2.38,1.75,2.0,2.0,2
Young Lions,8,3,3,2,15,14,1,12,singapore,0.38,0.62,1,1.88,1.5,2.63,1.61,3
A. Niigata (S),8,4,0,4,10,20,-10,12,singapore,0.5,0.5,-10,1.25,1.5,2.0,2.0,3
Khalsa,8,3,1,4,17,20,-3,10,singapore,0.38,0.62,-3,2.12,1.25,2.63,1.61,4
DPMM FC,8,2,3,3,10,14,-4,9,singapore,0.25,0.75,-4,1.25,1.12,4.0,1.33,5
Hougang,8,2,1,5,16,20,-4,7,singapore,0.25,0.75,-4,2.0,0.88,4.0,1.33,6
Tanjong Pagar,8,0,3,5,7,29,-22,3,singapore,0.0,1.0,-22,0.88,0.38,0.0,1.0,7
S. Bratislava,8,5,2,1,22,10,12,17,slovakia,0.62,0.38,12,2.75,2.12,1.61,2.63,1
Spartak Trnava,8,5,1,2,14,9,5,16,slovakia,0.62,0.38,5,1.75,2.0,1.61,2.63,2
Zilina,8,3,3,2,13,11,2,12,slovakia,0.38,0.62,2,1.62,1.5,2.63,1.61,3
FC Kosice,8,3,2,3,10,8,2,11,slovakia,0.38,0.62,2,1.25,1.38,2.63,1.61,4
Komarno,8,3,2,3,7,11,-4,11,slovakia,0.38,0.62,-4,0.88,1.38,2.63,1.61,4
Podbrezova,8,2,4,2,9,11,-2,10,slovakia,0.25,0.75,-2,1.12,1.25,4.0,1.33,5
DAC Streda,8,1,6,1,9,9,0,9,slovakia,0.12,0.88,0,1.12,1.12,8.33,1.14,6
Z. Michalovce,8,2,2,4,8,11,-3,8,slovakia,0.25,0.75,-3,1.0,1.0,4.0,1.33,7
Skalica,8,1,3,4,8,13,-5,6,slovakia,0.12,0.88,-5,1.0,0.75,8.33,1.14,8
Trencin,8,1,3,4,10,17,-7,6,slovakia,0.12,0.88,-7,1.25,0.75,8.33,1.14,8
Banska Bystrica,8,1,2,5,7,17,-10,5,slovakia,0.12,0.88,-10,0.88,0.62,8.33,1.14,9
Ruzomberok,8,0,2,6,5,15,-10,2,slovakia,0.0,1.0,-10,0.62,0.25,0.0,1.0,10
Presov,8,7,0,1,15,6,9,21,slovakia2,0.88,0.12,9,1.88,2.62,1.14,8.33,1
Zlate Moravce,8,4,2,2,7,5,2,14,slovakia2,0.5,0.5,2,0.88,1.75,2.0,2.0,2
Zvolen,8,4,1,3,11,12,-1,13,slovakia2,0.5,0.5,-1,1.38,1.62,2.0,2.0,3
L. Mikulas,8,3,3,2,11,10,1,12,slovakia2,0.38,0.62,1,1.38,1.5,2.63,1.61,4
Petrzalka,8,3,2,3,11,11,0,11,slovakia2,0.38,0.62,0,1.38,1.38,2.63,1.61,5
P. Bystrica,8,3,2,3,7,7,0,11,slovakia2,0.38,0.62,0,0.88,1.38,2.63,1.61,5
S. Bratislava B,8,2,1,5,9,13,-4,7,slovakia2,0.25,0.75,-4,1.12,0.88,4.0,1.33,6
S. Lubovna,8,2,0,6,5,8,-3,6,slovakia2,0.25,0.75,-3,0.62,0.75,4.0,1.33,7
Samorin,8,2,0,6,9,18,-9,6,slovakia2,0.25,0.75,-9,1.12,0.75,4.0,1.33,7
Zilina B,8,2,0,6,9,18,-9,6,slovakia2,0.25,0.75,-9,1.12,0.75,4.0,1.33,7
Pohronie,8,2,0,6,6,15,-9,6,slovakia2,0.25,0.75,-9,0.75,0.75,4.0,1.33,7
Puchov,8,1,2,5,9,18,-9,5,slovakia2,0.12,0.88,-9,1.12,0.62,8.33,1.14,8
Humenne,8,1,2,5,3,19,-16,5,slovakia2,0.12,0.88,-16,0.38,0.62,8.33,1.14,8
Malzenice,8,1,1,6,6,14,-8,4,slovakia2,0.12,0.88,-8,0.75,0.5,8.33,1.14,9
NK Olimpija,8,4,2,2,11,7,4,14,slovenia,0.5,0.5,4,1.38,1.75,2.0,2.0,1
NK Celje,8,4,2,2,11,9,2,14,slovenia,0.5,0.5,2,1.38,1.75,2.0,2.0,1
Maribor,8,3,3,2,12,8,4,12,slovenia,0.38,0.62,4,1.5,1.5,2.63,1.61,2
Koper,8,3,2,3,13,13,0,11,slovenia,0.38,0.62,0,1.62,1.38,2.63,1.61,3
Bravo,8,3,1,4,10,16,-6,10,slovenia,0.38,0.62,-6,1.25,1.25,2.63,1.61,4
Domzale,8,2,2,4,11,13,-2,8,slovenia,0.25,0.75,-2,1.38,1.0,4.0,1.33,5
Mura,8,2,0,6,9,14,-5,6,slovenia,0.25,0.75,-5,1.12,0.75,4.0,1.33,6
Primorje,8,0,5,3,8,17,-9,5,slovenia,0.0,1.0,-9,1.0,0.62,0.0,1.0,7
Radomlje,8,1,2,5,6,20,-14,5,slovenia,0.12,0.88,-14,0.75,0.62,8.33,1.14,7
Nafta,8,0,4,4,6,17,-11,4,slovenia,0.0,1.0,-11,0.75,0.5,0.0,1.0,8
Mamelodi S.,8,5,1,2,16,8,8,16,southafrica,0.62,0.38,8,2.0,2.0,1.61,2.63,1
Stellenbosch,8,5,1,2,14,7,7,16,southafrica,0.62,0.38,7,1.75,2.0,1.61,2.63,1
Sekhukhune,8,5,1,2,12,6,6,16,southafrica,0.62,0.38,6,1.5,2.0,1.61,2.63,1
Orlando Pirates,8,4,1,3,6,8,-2,13,southafrica,0.5,0.5,-2,0.75,1.62,2.0,2.0,2
TS Galaxy,8,2,4,2,11,12,-1,10,southafrica,0.25,0.75,-1,1.38,1.25,4.0,1.33,3
SuperSport Utd,8,2,3,3,9,9,0,9,southafrica,0.25,0.75,0,1.12,1.12,4.0,1.33,4
Golden Arrows,8,2,3,3,4,9,-5,9,southafrica,0.25,0.75,-5,0.5,1.12,4.0,1.33,4
Chippa Utd,8,2,2,4,6,6,0,8,southafrica,0.25,0.75,0,0.75,1.0,4.0,1.33,5
AmaZulu,8,2,2,4,7,11,-4,8,southafrica,0.25,0.75,-4,0.88,1.0,4.0,1.33,5
Polokwane,8,1,4,3,2,7,-5,7,southafrica,0.12,0.88,-5,0.25,0.88,8.33,1.14,6
Marumo G.,8,2,1,5,7,17,-10,7,southafrica,0.25,0.75,-10,0.88,0.88,4.0,1.33,6
Richards Bay,8,1,2,5,5,10,-5,5,southafrica,0.12,0.88,-5,0.62,0.62,8.33,1.14,7
Kaizer Chiefs,8,1,2,5,3,8,-5,5,southafrica,0.12,0.88,-5,0.38,0.62,8.33,1.14,7
Magesi,8,1,2,5,3,10,-7,5,southafrica,0.12,0.88,-7,0.38,0.62,8.33,1.14,7
Royal AM,5,0,3,2,4,6,-2,3,southafrica,0.0,1.0,-2,0.8,0.6,0.0,1.0,8
Cape Town City,8,0,2,6,1,10,-9,2,southafrica,0.0,1.0,-9,0.12,0.25,0.0,1.0,9
Orbit College,8,3,4,1,8,6,2,13,southafrica2,0.38,0.62,2,1.0,1.62,2.63,1.61,1
Kruger United,8,3,3,2,12,11,1,12,southafrica2,0.38,0.62,1,1.5,1.5,2.63,1.61,2
Casric Stars,8,3,3,2,10,9,1,12,southafrica2,0.38,0.62,1,1.25,1.5,2.63,1.61,2
Durban City,8,3,2,3,9,8,1,11,southafrica2,0.38,0.62,1,1.12,1.38,2.63,1.61,3
Highbury,8,3,2,3,8,7,1,11,southafrica2,0.38,0.62,1,1.0,1.38,2.63,1.61,3
Leruma United,8,2,3,3,8,10,-2,9,southafrica2,0.25,0.75,-2,1.0,1.12,4.0,1.33,4
Upington City,8,2,3,3,6,8,-2,9,southafrica2,0.25,0.75,-2,0.75,1.12,4.0,1.33,4
Hungry Lions,8,2,2,4,7,10,-3,8,southafrica2,0.25,0.75,-3,0.88,1.0,4.0,1.33,5
Baroka,8,1,5,2,9,14,-5,8,southafrica2,0.12,0.88,-5,1.12,1.0,8.33,1.14,5
Pretoria C.,8,1,4,3,3,5,-2,7,southafrica2,0.12,0.88,-2,0.38,0.88,8.33,1.14,6
Black Leopards,8,2,1,5,12,15,-3,7,southafrica2,0.25,0.75,-3,1.5,0.88,4.0,1.33,6
Milford,8,1,4,3,11,17,-6,7,southafrica2,0.12,0.88,-6,1.38,0.88,8.33,1.14,6
JDR Stars,8,1,3,4,8,16,-8,6,southafrica2,0.12,0.88,-8,1.0,0.75,8.33,1.14,7
Cape Town Spurs,8,1,2,5,6,12,-6,5,southafrica2,0.12,0.88,-6,0.75,0.62,8.33,1.14,8
Pretoria U.,8,1,2,5,3,9,-6,5,southafrica2,0.12,0.88,-6,0.38,0.62,8.33,1.14,8
Venda FC,8,0,2,6,4,11,-7,2,southafrica2,0.0,1.0,-7,0.5,0.25,0.0,1.0,9
Daejeon Citizen,6,5,1,0,15,6,9,16,southkorea,0.83,0.17,9,2.5,2.67,1.2,5.88,1
Ulsan,4,2,1,1,4,2,2,7,southkorea,0.5,0.5,2,1.0,1.75,2.0,2.0,2
Gimcheon Sangmu,5,2,1,2,9,8,1,7,southkorea,0.4,0.6,1,1.8,1.4,2.5,1.67,2
Jeonbuk Motors,3,2,0,1,3,1,2,6,southkorea,0.67,0.33,2,1.0,2.0,1.49,3.03,3
Gwangju,5,1,3,1,5,5,0,6,southkorea,0.2,0.8,0,1.0,1.2,5.0,1.25,3
Anyang,5,2,0,3,5,6,-1,6,southkorea,0.4,0.6,-1,1.0,1.2,2.5,1.67,3
Gangwon,5,2,0,3,4,6,-2,6,southkorea,0.4,0.6,-2,0.8,1.2,2.5,1.67,3
Seoul,4,1,2,1,1,2,-1,5,southkorea,0.25,0.75,-1,0.25,1.25,4.0,1.33,4
Pohang Steelers,5,1,2,2,7,9,-2,5,southkorea,0.2,0.8,-2,1.4,1.0,5.0,1.25,4
Jeju Utd,4,0,2,2,1,4,-3,2,southkorea,0.0,1.0,-3,0.25,0.5,0.0,1.0,5
Daegu,5,0,1,4,4,10,-6,1,southkorea,0.0,1.0,-6,0.8,0.2,0.0,1.0,6
Suwon City,5,0,1,4,2,8,-6,1,southkorea,0.0,1.0,-6,0.4,0.2,0.0,1.0,6
Jeonnam,8,4,3,1,10,6,4,15,southkorea2,0.5,0.5,4,1.25,1.88,2.0,2.0,1
Busan IPark,3,2,1,0,6,2,4,7,southkorea2,0.67,0.33,4,2.0,2.33,1.49,3.03,2
Gimpo,4,2,1,1,5,2,3,7,southkorea2,0.5,0.5,3,1.25,1.75,2.0,2.0,2
Bucheon FC,4,2,1,1,6,5,1,7,southkorea2,0.5,0.5,1,1.5,1.75,2.0,2.0,2
Cheongju,8,2,1,5,10,16,-6,7,southkorea2,0.25,0.75,-6,1.25,0.88,4.0,1.33,2
Seongnam,3,1,2,0,2,1,1,5,southkorea2,0.33,0.67,1,0.67,1.67,3.03,1.49,3
Suwon Bluewings,4,1,1,2,4,7,-3,4,southkorea2,0.25,0.75,-3,1.0,1.0,4.0,1.33,4
Gyeongnam,4,1,1,2,2,7,-5,4,southkorea2,0.25,0.75,-5,0.5,1.0,4.0,1.33,4
Incheon Utd,2,1,0,1,2,2,0,3,southkorea2,0.5,0.5,0,1.0,1.5,2.0,2.0,5
Asan,5,0,3,2,3,5,-2,3,southkorea2,0.0,1.0,-2,0.6,0.6,0.0,1.0,5
Ansan Greeners,3,1,0,2,2,4,-2,3,southkorea2,0.33,0.67,-2,0.67,1.0,3.03,1.49,5
Seoul E-Land,2,0,1,1,2,3,-1,1,southkorea2,0.0,1.0,-1,1.0,0.5,0.0,1.0,6
Hwaseong,3,0,1,2,4,8,-4,1,southkorea2,0.0,1.0,-4,1.33,0.33,0.0,1.0,6
Cheonan City,3,0,0,3,1,8,-7,0,southkorea2,0.0,1.0,-7,0.33,0.0,0.0,1.0,7
FC Barcelona,8,5,3,0,21,9,12,18,spain,0.62,0.38,12,2.62,2.25,1.61,2.63,1
Getafe,8,6,0,2,14,5,9,18,spain,0.75,0.25,9,1.75,2.25,1.33,4.0,1
Villarreal,8,5,1,2,13,8,5,16,spain,0.62,0.38,5,1.62,2.0,1.61,2.63,2
Real Betis,8,5,1,2,14,10,4,16,spain,0.62,0.38,4,1.75,2.0,1.61,2.63,2
Real Madrid,8,4,2,2,13,9,4,14,spain,0.5,0.5,4,1.62,1.75,2.0,2.0,3
Athletic Bilbao,8,3,3,2,8,7,1,12,spain,0.38,0.62,1,1.0,1.5,2.63,1.61,4
Alaves,8,2,5,1,13,11,2,11,spain,0.25,0.75,2,1.62,1.38,4.0,1.33,5
Sevilla FC,8,3,2,3,11,9,2,11,spain,0.38,0.62,2,1.38,1.38,2.63,1.61,5
Atletico Madrid,8,3,2,3,10,8,2,11,spain,0.38,0.62,2,1.25,1.38,2.63,1.61,5
Espanyol,8,3,1,4,10,7,3,10,spain,0.38,0.62,3,1.25,1.25,2.63,1.61,6
Celta Vigo,8,2,3,3,12,13,-1,9,spain,0.25,0.75,-1,1.5,1.12,4.0,1.33,7
Rayo Vallecano,8,2,3,3,8,9,-1,9,spain,0.25,0.75,-1,1.0,1.12,4.0,1.33,7
Valencia,8,1,6,1,11,16,-5,9,spain,0.12,0.88,-5,1.38,1.12,8.33,1.14,7
Mallorca,8,2,2,4,5,11,-6,8,spain,0.25,0.75,-6,0.62,1.0,4.0,1.33,8
Osasuna,8,1,4,3,6,10,-4,7,spain,0.12,0.88,-4,0.75,0.88,8.33,1.14,9
Las Palmas,8,1,3,4,8,13,-5,6,spain,0.12,0.88,-5,1.0,0.75,8.33,1.14,10
Leganes,8,1,3,4,5,11,-6,6,spain,0.12,0.88,-6,0.62,0.75,8.33,1.14,10
Real Sociedad,8,1,2,5,8,17,-9,5,spain,0.12,0.88,-9,1.0,0.62,8.33,1.14,11
Girona,8,1,1,6,6,16,-10,4,spain,0.12,0.88,-10,0.75,0.5,8.33,1.14,12
Valladolid,8,0,0,8,7,26,-19,0,spain,0.0,1.0,-19,0.88,0.0,0.0,1.0,13
Cordoba,8,6,2,0,13,7,6,20,spain2,0.75,0.25,6,1.62,2.5,1.33,4.0,1
Levante,8,4,3,1,12,7,5,15,spain2,0.5,0.5,5,1.5,1.88,2.0,2.0,2
Deportivo,8,4,3,1,9,7,2,15,spain2,0.5,0.5,2,1.12,1.88,2.0,2.0,2
Eldense,8,4,2,2,9,7,2,14,spain2,0.5,0.5,2,1.12,1.75,2.0,2.0,3
Real Oviedo,8,3,3,2,8,7,1,12,spain2,0.38,0.62,1,1.0,1.5,2.63,1.61,4
Burgos,8,3,3,2,4,4,0,12,spain2,0.38,0.62,0,0.5,1.5,2.63,1.61,4
Elche,8,3,3,2,8,9,-1,12,spain2,0.38,0.62,-1,1.0,1.5,2.63,1.61,4
Cadiz,8,3,2,3,12,11,1,11,spain2,0.38,0.62,1,1.5,1.38,2.63,1.61,5
Eibar,8,2,4,2,7,7,0,10,spain2,0.25,0.75,0,0.88,1.25,4.0,1.33,6
Granada,8,3,1,4,11,14,-3,10,spain2,0.38,0.62,-3,1.38,1.25,2.63,1.61,6
Racing,8,2,3,3,13,14,-1,9,spain2,0.25,0.75,-1,1.62,1.12,4.0,1.33,7
Huesca,8,2,3,3,6,8,-2,9,spain2,0.25,0.75,-2,0.75,1.12,4.0,1.33,7
Sporting Gijon,8,1,5,2,9,11,-2,8,spain2,0.12,0.88,-2,1.12,1.0,8.33,1.14,8
Albacete,8,1,4,3,8,10,-2,7,spain2,0.12,0.88,-2,1.0,0.88,8.33,1.14,9
Castellon,8,1,3,4,9,13,-4,6,spain2,0.12,0.88,-4,1.12,0.75,8.33,1.14,10
Malaga,8,1,2,5,9,14,-5,5,spain2,0.12,0.88,-5,1.12,0.62,8.33,1.14,11
Tenerife,8,1,2,5,6,11,-5,5,spain2,0.12,0.88,-5,0.75,0.62,8.33,1.14,11
Almeria,8,1,1,6,9,17,-8,4,spain2,0.12,0.88,-8,1.12,0.5,8.33,1.14,12
Real Zaragoza,8,1,1,6,9,19,-10,4,spain2,0.12,0.88,-10,1.12,0.5,8.33,1.14,12
Racing Ferrol,8,1,0,7,3,22,-19,3,spain2,0.12,0.88,-19,0.38,0.38,8.33,1.14,13
Mirandes,8,0,2,6,6,14,-8,2,spain2,0.0,1.0,-8,0.75,0.25,0.0,1.0,14
Cartagena,8,0,2,6,7,22,-15,2,spain2,0.0,1.0,-15,0.88,0.25,0.0,1.0,14
Athletic B. B,8,5,3,0,12,4,8,18,spain3,0.62,0.38,8,1.5,2.25,1.61,2.63,1
Ponferradina,8,4,2,2,11,11,0,14,spain3,0.5,0.5,0,1.38,1.75,2.0,2.0,2
Tarazona,8,3,3,2,10,8,2,12,spain3,0.38,0.62,2,1.25,1.5,2.63,1.61,3
Osasuna B,8,3,2,3,14,12,2,11,spain3,0.38,0.62,2,1.75,1.38,2.63,1.61,4
Sestao River,8,3,2,3,14,13,1,11,spain3,0.38,0.62,1,1.75,1.38,2.63,1.61,4
Zamora,8,3,2,3,8,7,1,11,spain3,0.38,0.62,1,1.0,1.38,2.63,1.61,4
Real Sociedad B,8,3,2,3,5,5,0,11,spain3,0.38,0.62,0,0.62,1.38,2.63,1.61,4
Leonesa,8,2,4,2,10,9,1,10,spain3,0.25,0.75,1,1.25,1.25,4.0,1.33,5
Barakaldo,8,2,3,3,10,10,0,9,spain3,0.25,0.75,0,1.25,1.12,4.0,1.33,6
Ourense CF,8,2,3,3,8,8,0,9,spain3,0.25,0.75,0,1.0,1.12,4.0,1.33,6
Celta Vigo B,8,3,0,5,7,11,-4,9,spain3,0.38,0.62,-4,0.88,1.12,2.63,1.61,6
Arenteiro,8,2,2,4,6,10,-4,8,spain3,0.25,0.75,-4,0.75,1.0,4.0,1.33,7
Gimnastica,8,2,2,4,6,22,-16,8,spain3,0.25,0.75,-16,0.75,1.0,4.0,1.33,7
Gimnastic T.,8,1,4,3,8,10,-2,7,spain3,0.12,0.88,-2,1.0,0.88,8.33,1.14,8
Real Union,8,2,1,5,6,11,-5,7,spain3,0.25,0.75,-5,0.75,0.88,4.0,1.33,8
Lugo,8,2,1,5,8,14,-6,7,spain3,0.25,0.75,-6,1.0,0.88,4.0,1.33,8
FC Barcelona B,8,1,3,4,10,15,-5,6,spain3,0.12,0.88,-5,1.25,0.75,8.33,1.14,9
FC Andorra,8,1,2,5,6,15,-9,5,spain3,0.12,0.88,-9,0.75,0.62,8.33,1.14,10
Amorebieta,8,0,2,6,4,13,-9,2,spain3,0.0,1.0,-9,0.5,0.25,0.0,1.0,11
Unionistas,8,0,1,7,8,19,-11,1,spain3,0.0,1.0,-11,1.0,0.12,0.0,1.0,12
Real Madrid B,8,3,5,0,15,7,8,14,spain4,0.38,0.62,8,1.88,1.75,2.63,1.61,1
Real Murcia,8,4,1,3,14,9,5,13,spain4,0.5,0.5,5,1.75,1.62,2.0,2.0,2
UD Ibiza,8,4,1,3,12,9,3,13,spain4,0.5,0.5,3,1.5,1.62,2.0,2.0,2
Ceuta,8,2,6,0,7,5,2,12,spain4,0.25,0.75,2,0.88,1.5,4.0,1.33,3
Antequera,8,2,4,2,12,14,-2,10,spain4,0.25,0.75,-2,1.5,1.25,4.0,1.33,4
Algeciras,8,3,1,4,9,11,-2,10,spain4,0.38,0.62,-2,1.12,1.25,2.63,1.61,4
Sevilla FC B,8,3,1,4,5,8,-3,10,spain4,0.38,0.62,-3,0.62,1.25,2.63,1.61,4
Merida,8,2,3,3,10,13,-3,9,spain4,0.25,0.75,-3,1.25,1.12,4.0,1.33,5
Villarreal B,8,1,5,2,11,11,0,8,spain4,0.12,0.88,0,1.38,1.0,8.33,1.14,6
Fuenlabrada,8,2,2,4,12,14,-2,8,spain4,0.25,0.75,-2,1.5,1.0,4.0,1.33,6
Intercity,8,2,2,4,6,11,-5,8,spain4,0.25,0.75,-5,0.75,1.0,4.0,1.33,6
Real Betis B,8,1,5,2,8,14,-6,8,spain4,0.12,0.88,-6,1.0,1.0,8.33,1.14,6
Hercules,8,2,1,5,9,12,-3,7,spain4,0.25,0.75,-3,1.12,0.88,4.0,1.33,7
Alcorcon,8,2,1,5,10,14,-4,7,spain4,0.25,0.75,-4,1.25,0.88,4.0,1.33,7
Marbella,8,1,4,3,8,12,-4,7,spain4,0.12,0.88,-4,1.0,0.88,8.33,1.14,7
Alcoyano,8,2,1,5,3,10,-7,7,spain4,0.25,0.75,-7,0.38,0.88,4.0,1.33,7
Sanluqueno,8,1,3,4,10,16,-6,6,spain4,0.12,0.88,-6,1.25,0.75,8.33,1.14,8
Recreativo H.,8,1,3,4,4,10,-6,6,spain4,0.12,0.88,-6,0.5,0.75,8.33,1.14,8
Yeclano,8,1,2,5,5,9,-4,5,spain4,0.12,0.88,-4,0.62,0.62,8.33,1.14,9
Atletico M. B,8,0,4,4,6,10,-4,4,spain4,0.0,1.0,-4,0.75,0.5,0.0,1.0,10
D. Fabril,8,4,2,2,12,7,5,14,spain5,0.5,0.5,5,1.5,1.75,2.0,2.0,1
Langreo,8,3,3,2,5,4,1,12,spain5,0.38,0.62,1,0.62,1.5,2.63,1.61,2
Llanera,8,3,2,3,8,7,1,11,spain5,0.38,0.62,1,1.0,1.38,2.63,1.61,3
Escobedo,8,3,2,3,6,7,-1,11,spain5,0.38,0.62,-1,0.75,1.38,2.63,1.61,3
Rayo Cantabria,8,3,1,4,15,17,-2,10,spain5,0.38,0.62,-2,1.88,1.25,2.63,1.61,4
Bergantinos,8,3,1,4,6,8,-2,10,spain5,0.38,0.62,-2,0.75,1.25,2.63,1.61,4
Real Aviles,8,1,6,1,9,10,-1,9,spain5,0.12,0.88,-1,1.12,1.12,8.33,1.14,5
Salamanca CF,8,3,0,5,9,11,-2,9,spain5,0.38,0.62,-2,1.12,1.12,2.63,1.61,5
Pontevedra,8,2,3,3,7,9,-2,9,spain5,0.25,0.75,-2,0.88,1.12,4.0,1.33,5
Real Avila,8,2,3,3,5,7,-2,9,spain5,0.25,0.75,-2,0.62,1.12,4.0,1.33,5
Numancia,8,2,2,4,10,9,1,8,spain5,0.25,0.75,1,1.25,1.0,4.0,1.33,6
Guijuelo,8,2,2,4,6,14,-8,8,spain5,0.25,0.75,-8,0.75,1.0,4.0,1.33,6
Laredo,8,1,4,3,7,12,-5,7,spain5,0.12,0.88,-5,0.88,0.88,8.33,1.14,7
Coruxo,8,1,3,4,3,9,-6,6,spain5,0.12,0.88,-6,0.38,0.75,8.33,1.14,8
Compostela,8,1,2,5,6,11,-5,5,spain5,0.12,0.88,-5,0.75,0.62,8.33,1.14,9
Torrelavega,8,1,2,5,7,16,-9,5,spain5,0.12,0.88,-9,0.88,0.62,8.33,1.14,9
Valladolid B,8,1,2,5,7,19,-12,5,spain5,0.12,0.88,-12,0.88,0.62,8.33,1.14,9
Marino de L.,8,0,4,4,5,11,-6,4,spain5,0.0,1.0,-6,0.62,0.5,0.0,1.0,10
SD Logrones,8,6,1,1,14,9,5,19,spain6,0.75,0.25,5,1.75,2.38,1.33,4.0,1
Alaves B,8,4,4,0,9,4,5,16,spain6,0.5,0.5,5,1.12,2.0,2.0,2.0,2
Tudelano,8,4,3,1,16,10,6,15,spain6,0.5,0.5,6,2.0,1.88,2.0,2.0,3
Teruel,8,4,3,1,8,5,3,15,spain6,0.5,0.5,3,1.0,1.88,2.0,2.0,3
Eibar B,8,4,2,2,13,5,8,14,spain6,0.5,0.5,8,1.62,1.75,2.0,2.0,4
Arenas Club,8,4,2,2,7,3,4,14,spain6,0.5,0.5,4,0.88,1.75,2.0,2.0,4
Utebo,8,3,5,0,6,2,4,14,spain6,0.38,0.62,4,0.75,1.75,2.63,1.61,4
Anguiano,8,4,0,4,9,15,-6,12,spain6,0.5,0.5,-6,1.12,1.5,2.0,2.0,5
Real Zaragoza B,8,3,1,4,8,8,0,10,spain6,0.38,0.62,0,1.0,1.25,2.63,1.61,6
Gernika,8,3,1,4,7,10,-3,10,spain6,0.38,0.62,-3,0.88,1.25,2.63,1.61,6
Ejea,8,2,3,3,13,11,2,9,spain6,0.25,0.75,2,1.62,1.12,4.0,1.33,7
Barbastro,8,2,1,5,7,11,-4,7,spain6,0.25,0.75,-4,0.88,0.88,4.0,1.33,8
Alfaro,8,2,1,5,10,18,-8,7,spain6,0.25,0.75,-8,1.25,0.88,4.0,1.33,8
Subiza,8,2,0,6,9,17,-8,6,spain6,0.25,0.75,-8,1.12,0.75,4.0,1.33,9
Izarra,8,2,0,6,8,18,-10,6,spain6,0.25,0.75,-10,1.0,0.75,4.0,1.33,9
UD Logrones,8,1,2,5,6,9,-3,5,spain6,0.12,0.88,-3,0.75,0.62,8.33,1.14,10
Calahorra,8,0,4,4,4,10,-6,4,spain6,0.0,1.0,-6,0.5,0.5,0.0,1.0,11
Real Sociedad C,8,1,0,7,4,13,-9,3,spain6,0.12,0.88,-9,0.5,0.38,8.33,1.14,12
Europa,8,5,2,1,11,5,6,17,spain7,0.62,0.38,6,1.38,2.12,1.61,2.63,1
Sant Andreu,8,4,4,0,19,8,11,16,spain7,0.5,0.5,11,2.38,2.0,2.0,2.0,2
A. Baleares,8,4,3,1,9,6,3,15,spain7,0.5,0.5,3,1.12,1.88,2.0,2.0,3
Torrent,8,4,2,2,12,12,0,14,spain7,0.5,0.5,0,1.5,1.75,2.0,2.0,4
SD Ibiza,8,3,4,1,9,6,3,13,spain7,0.38,0.62,3,1.12,1.62,2.63,1.61,5
Andratx,8,4,1,3,11,11,0,13,spain7,0.5,0.5,0,1.38,1.62,2.0,2.0,5
Terrassa,8,4,0,4,8,6,2,12,spain7,0.5,0.5,2,1.0,1.5,2.0,2.0,6
Olot,8,3,3,2,7,8,-1,12,spain7,0.38,0.62,-1,0.88,1.5,2.63,1.61,6
Lleida,8,2,5,1,9,6,3,11,spain7,0.25,0.75,3,1.12,1.38,4.0,1.33,7
Ilicitano,8,3,2,3,9,7,2,11,spain7,0.38,0.62,2,1.12,1.38,2.63,1.61,7
Valencia B,8,2,4,2,6,7,-1,10,spain7,0.25,0.75,-1,0.75,1.25,4.0,1.33,8
Sabadell,8,3,1,4,9,11,-2,10,spain7,0.38,0.62,-2,1.12,1.25,2.63,1.61,8
Espanyol B,8,2,3,3,7,8,-1,9,spain7,0.25,0.75,-1,0.88,1.12,4.0,1.33,9
Badalona,8,1,2,5,7,16,-9,5,spain7,0.12,0.88,-9,0.88,0.62,8.33,1.14,10
Cornella,8,1,1,6,6,15,-9,4,spain7,0.12,0.88,-9,0.75,0.5,8.33,1.14,11
Mallorca B,8,1,0,7,7,18,-11,3,spain7,0.12,0.88,-11,0.88,0.38,8.33,1.14,12
Alzira,8,0,2,6,7,24,-17,2,spain7,0.0,1.0,-17,0.88,0.25,0.0,1.0,13
Pena Deportiva,8,0,1,7,5,14,-9,1,spain7,0.0,1.0,-9,0.62,0.12,0.0,1.0,14
La Union,8,6,1,1,11,2,9,19,spain8,0.75,0.25,9,1.38,2.38,1.33,4.0,1
Torremolinos,8,5,2,1,12,4,8,17,spain8,0.62,0.38,8,1.5,2.12,1.61,2.63,2
Antoniano,8,5,1,2,13,9,4,16,spain8,0.62,0.38,4,1.62,2.0,1.61,2.63,3
CD Estepona,8,3,4,1,8,6,2,13,spain8,0.38,0.62,2,1.0,1.62,2.63,1.61,4
Aguilas CF,8,3,3,2,7,7,0,12,spain8,0.38,0.62,0,0.88,1.5,2.63,1.61,5
Xerez CD,8,3,2,3,7,5,2,11,spain8,0.38,0.62,2,0.88,1.38,2.63,1.61,6
Cadiz B,8,3,2,3,8,11,-3,11,spain8,0.38,0.62,-3,1.0,1.38,2.63,1.61,6
UCAM Murcia,8,2,4,2,8,7,1,10,spain8,0.25,0.75,1,1.0,1.25,4.0,1.33,7
Linares,8,2,4,2,7,8,-1,10,spain8,0.25,0.75,-1,0.88,1.25,4.0,1.33,7
Linense,8,3,0,5,5,8,-3,9,spain8,0.38,0.62,-3,0.62,1.12,2.63,1.61,8
D. Minera,8,3,0,5,10,14,-4,9,spain8,0.38,0.62,-4,1.25,1.12,2.63,1.61,8
Villanovense,8,2,2,4,6,8,-2,8,spain8,0.25,0.75,-2,0.75,1.0,4.0,1.33,9
Don Benito,8,2,2,4,9,12,-3,8,spain8,0.25,0.75,-3,1.12,1.0,4.0,1.33,9
Almeria B,8,2,2,4,4,10,-6,8,spain8,0.25,0.75,-6,0.5,1.0,4.0,1.33,9
Orihuela,8,1,3,4,5,8,-3,6,spain8,0.12,0.88,-3,0.62,0.75,8.33,1.14,10
San Fernando,8,0,5,3,3,9,-6,5,spain8,0.0,1.0,-6,0.38,0.62,0.0,1.0,11
Xerez D. FC,8,1,2,5,4,13,-9,5,spain8,0.12,0.88,-9,0.5,0.62,8.33,1.14,11
Granada B,8,1,0,7,5,14,-9,3,spain8,0.12,0.88,-9,0.62,0.38,8.33,1.14,12
R. Majadahonda,8,5,2,1,14,7,7,17,spain9,0.62,0.38,7,1.75,2.12,1.61,2.63,1
Cacereno,8,5,2,1,11,5,6,17,spain9,0.62,0.38,6,1.38,2.12,1.61,2.63,1
Talavera CF,8,4,3,1,14,8,6,15,spain9,0.5,0.5,6,1.75,1.88,2.0,2.0,2
Guadalajara,8,4,3,1,10,6,4,15,spain9,0.5,0.5,4,1.25,1.88,2.0,2.0,2
CD Coria,8,4,2,2,9,8,1,14,spain9,0.5,0.5,1,1.12,1.75,2.0,2.0,3
Navalcarnero,8,4,1,3,8,6,2,13,spain9,0.5,0.5,2,1.0,1.62,2.0,2.0,4
S. Sebastian R.,8,3,3,2,7,8,-1,12,spain9,0.38,0.62,-1,0.88,1.5,2.63,1.61,5
Real Madrid C,8,3,1,4,6,8,-2,10,spain9,0.38,0.62,-2,0.75,1.25,2.63,1.61,6
CD Mostoles,8,3,0,5,12,13,-1,9,spain9,0.38,0.62,-1,1.5,1.12,2.63,1.61,7
Getafe B,8,2,2,4,9,14,-5,8,spain9,0.25,0.75,-5,1.12,1.0,4.0,1.33,8
Colonia M.,8,1,4,3,5,8,-3,7,spain9,0.12,0.88,-3,0.62,0.88,8.33,1.14,9
Melilla,8,2,1,5,7,11,-4,7,spain9,0.25,0.75,-4,0.88,0.88,4.0,1.33,9
Conquense,8,2,1,5,4,10,-6,7,spain9,0.25,0.75,-6,0.5,0.88,4.0,1.33,9
Illescas,8,0,3,5,8,13,-5,3,spain9,0.0,1.0,-5,1.0,0.38,0.0,1.0,10
Yaiza,8,0,2,6,8,16,-8,2,spain9,0.0,1.0,-8,1.0,0.25,0.0,1.0,11
Union Adarve,8,0,2,6,2,10,-8,2,spain9,0.0,1.0,-8,0.25,0.25,0.0,1.0,11
Tenerife B,8,0,2,6,7,17,-10,2,spain9,0.0,1.0,-10,0.88,0.25,0.0,1.0,11
Atletico Paso,8,0,2,6,7,18,-11,2,spain9,0.0,1.0,-11,0.88,0.25,0.0,1.0,11
AIK,2,2,0,0,2,0,2,6,sweden,1.0,0.0,2,1.0,3.0,1.0,0.0,1
Mjallby,2,1,1,0,5,2,3,4,sweden,0.5,0.5,3,2.5,2.0,2.0,2.0,2
Sirius,2,1,1,0,3,2,1,4,sweden,0.5,0.5,1,1.5,2.0,2.0,2.0,2
Malmo FF,2,1,1,0,1,0,1,4,sweden,0.5,0.5,1,0.5,2.0,2.0,2.0,2
Degerfors,2,1,0,1,5,2,3,3,sweden,0.5,0.5,3,2.5,1.5,2.0,2.0,3
Brommapojkarna,2,1,0,1,3,2,1,3,sweden,0.5,0.5,1,1.5,1.5,2.0,2.0,3
Hammarby,2,1,0,1,3,3,0,3,sweden,0.5,0.5,0,1.5,1.5,2.0,2.0,3
Elfsborg,2,1,0,1,2,2,0,3,sweden,0.5,0.5,0,1.0,1.5,2.0,2.0,3
Hacken,2,1,0,1,3,4,-1,3,sweden,0.5,0.5,-1,1.5,1.5,2.0,2.0,3
Djurgarden,2,1,0,1,1,2,-1,3,sweden,0.5,0.5,-1,0.5,1.5,2.0,2.0,3
IFK Goteborg,2,1,0,1,1,4,-3,3,sweden,0.5,0.5,-3,0.5,1.5,2.0,2.0,3
GAIS,2,0,2,0,1,1,0,2,sweden,0.0,1.0,0,0.5,1.0,0.0,1.0,4
Oster,2,0,0,2,3,5,-2,0,sweden,0.0,1.0,-2,1.5,0.0,0.0,1.0,5
Varnamo,2,0,0,2,2,4,-2,0,sweden,0.0,1.0,-2,1.0,0.0,0.0,1.0,5
Norrkoping,2,0,0,2,3,6,-3,0,sweden,0.0,1.0,-3,1.5,0.0,0.0,1.0,5
Halmstad,2,0,0,2,0,4,-4,0,sweden,0.0,1.0,-4,0.0,0.0,0.0,1.0,5
Oddevold,2,1,1,0,4,2,2,4,sweden2,0.5,0.5,2,2.0,2.0,2.0,2.0,1
Kalmar,2,1,1,0,3,1,2,4,sweden2,0.5,0.5,2,1.5,2.0,2.0,2.0,1
Landskrona,2,1,1,0,5,4,1,4,sweden2,0.5,0.5,1,2.5,2.0,2.0,2.0,1
Brage,2,1,1,0,3,2,1,4,sweden2,0.5,0.5,1,1.5,2.0,2.0,2.0,1
Ostersunds,3,1,1,1,3,4,-1,4,sweden2,0.33,0.67,-1,1.0,1.33,3.03,1.49,1
Vasteras,1,1,0,0,2,0,2,3,sweden2,1.0,0.0,2,2.0,3.0,1.0,0.0,2
Falkenberg,2,1,0,1,2,1,1,3,sweden2,0.5,0.5,1,1.0,1.5,2.0,2.0,2
Helsingborg,2,1,0,1,2,2,0,3,sweden2,0.5,0.5,0,1.0,1.5,2.0,2.0,2
Trelleborg,2,1,0,1,1,2,-1,3,sweden2,0.5,0.5,-1,0.5,1.5,2.0,2.0,2
Sandviken,2,1,0,1,3,5,-2,3,sweden2,0.5,0.5,-2,1.5,1.5,2.0,2.0,2
Varberg BoIS,2,0,2,0,3,3,0,2,sweden2,0.0,1.0,0,1.5,1.0,0.0,1.0,3
Orgryte,1,0,1,0,1,1,0,1,sweden2,0.0,1.0,0,1.0,1.0,0.0,1.0,4
GIF Sundsvall,2,0,1,1,0,1,-1,1,sweden2,0.0,1.0,-1,0.0,0.5,0.0,1.0,4
Utsikten,2,0,0,2,2,4,-2,0,sweden2,0.0,1.0,-2,1.0,0.0,0.0,1.0,5
Orebro,2,0,0,2,1,5,-4,0,sweden2,0.0,1.0,-4,0.5,0.0,0.0,1.0,5
Umea,2,0,0,2,0,5,-5,0,sweden2,0.0,1.0,-5,0.0,0.0,0.0,1.0,5
Servette,8,4,3,1,12,7,5,15,switzerland,0.5,0.5,5,1.5,1.88,2.0,2.0,1
FC Basel,8,3,4,1,14,8,6,13,switzerland,0.38,0.62,6,1.75,1.62,2.63,1.61,2
Grasshopper,8,3,3,2,10,10,0,12,switzerland,0.38,0.62,0,1.25,1.5,2.63,1.61,3
FC Zurich,8,3,1,4,10,11,-1,10,switzerland,0.38,0.62,-1,1.25,1.25,2.63,1.61,4
BSC Young Boys,8,3,1,4,6,12,-6,10,switzerland,0.38,0.62,-6,0.75,1.25,2.63,1.61,4
Lausanne Sport,8,2,3,3,13,13,0,9,switzerland,0.25,0.75,0,1.62,1.12,4.0,1.33,5
Lugano,8,3,0,5,11,12,-1,9,switzerland,0.38,0.62,-1,1.38,1.12,2.63,1.61,5
Winterthur,8,2,1,5,8,14,-6,7,switzerland,0.25,0.75,-6,1.0,0.88,4.0,1.33,6
St. Gallen,8,1,3,4,5,12,-7,6,switzerland,0.12,0.88,-7,0.62,0.75,8.33,1.14,7
Luzern,8,1,2,5,11,15,-4,5,switzerland,0.12,0.88,-4,1.38,0.62,8.33,1.14,8
Yverdon,8,1,2,5,8,22,-14,5,switzerland,0.12,0.88,-14,1.0,0.62,8.33,1.14,8
Sion,8,0,1,7,6,20,-14,1,switzerland,0.0,1.0,-14,0.75,0.12,0.0,1.0,9
Aarau,8,4,4,0,15,9,6,16,switzerland2,0.5,0.5,6,1.88,2.0,2.0,2.0,1
Lausanne Ouchy,8,5,1,2,11,10,1,16,switzerland2,0.62,0.38,1,1.38,2.0,1.61,2.63,1
Thun,8,4,2,2,12,11,1,14,switzerland2,0.5,0.5,1,1.5,1.75,2.0,2.0,2
Wil,8,4,1,3,12,12,0,13,switzerland2,0.5,0.5,0,1.5,1.62,2.0,2.0,3
Vaduz,8,2,3,3,12,13,-1,9,switzerland2,0.25,0.75,-1,1.5,1.12,4.0,1.33,4
Schaffhausen,8,3,0,5,6,16,-10,9,switzerland2,0.38,0.62,-10,0.75,1.12,2.63,1.61,4
Etoile Carouge,8,1,4,3,10,10,0,7,switzerland2,0.12,0.88,0,1.25,0.88,8.33,1.14,5
Stade Nyonnais,8,1,3,4,8,14,-6,6,switzerland2,0.12,0.88,-6,1.0,0.75,8.33,1.14,6
Bellinzona,8,1,2,5,7,20,-13,5,switzerland2,0.12,0.88,-13,0.88,0.62,8.33,1.14,7
Neuchatel Xamax,8,1,1,6,8,14,-6,4,switzerland2,0.12,0.88,-6,1.0,0.5,8.33,1.14,8
Ratchaburi,8,5,2,1,21,13,8,17,thailand,0.62,0.38,8,2.62,2.12,1.61,2.63,1
Buriram Utd,8,5,1,2,16,11,5,16,thailand,0.62,0.38,5,2.0,2.0,1.61,2.63,2
Bangkok Utd,8,5,1,2,12,7,5,16,thailand,0.62,0.38,5,1.5,2.0,1.61,2.63,2
Port FC,8,3,1,4,11,12,-1,10,thailand,0.38,0.62,-1,1.38,1.25,2.63,1.61,3
Lamphun Warrior,8,2,3,3,9,8,1,9,thailand,0.25,0.75,1,1.12,1.12,4.0,1.33,4
Pathum Utd,8,2,3,3,9,10,-1,9,thailand,0.25,0.75,-1,1.12,1.12,4.0,1.33,4
Rayong,8,2,3,3,10,14,-4,9,thailand,0.25,0.75,-4,1.25,1.12,4.0,1.33,4
Prachuap,8,2,1,5,12,13,-1,7,thailand,0.25,0.75,-1,1.5,0.88,4.0,1.33,5
Nakhon Pathom,8,1,4,3,8,11,-3,7,thailand,0.12,0.88,-3,1.0,0.88,8.33,1.14,5
Muang Thong Utd,8,2,1,5,10,16,-6,7,thailand,0.25,0.75,-6,1.25,0.88,4.0,1.33,5
N. Ratchasima,8,1,2,5,8,18,-10,5,thailand,0.12,0.88,-10,1.0,0.62,8.33,1.14,6
Sukhothai,8,0,4,4,5,12,-7,4,thailand,0.0,1.0,-7,0.62,0.5,0.0,1.0,7
Uthai Thani,8,1,1,6,7,15,-8,4,thailand,0.12,0.88,-8,0.88,0.5,8.33,1.14,7
N. Bua Pitchaya,8,1,1,6,5,15,-10,4,thailand,0.12,0.88,-10,0.62,0.5,8.33,1.14,7
Chiangrai Utd,8,1,1,6,11,22,-11,4,thailand,0.12,0.88,-11,1.38,0.5,8.33,1.14,7
Khon Kaen Utd,8,1,1,6,5,28,-23,4,thailand,0.12,0.88,-23,0.62,0.5,8.33,1.14,7
Kanchanaburi,8,4,4,0,16,8,8,16,thailand2,0.5,0.5,8,2.0,2.0,2.0,2.0,1
Chonburi,8,4,2,2,9,6,3,14,thailand2,0.5,0.5,3,1.12,1.75,2.0,2.0,2
Mahasarakham,8,2,5,1,8,6,2,11,thailand2,0.25,0.75,2,1.0,1.38,4.0,1.33,3
Pattaya United,8,3,2,3,8,12,-4,11,thailand2,0.38,0.62,-4,1.0,1.38,2.63,1.61,3
Lampang,8,3,1,4,9,11,-2,10,thailand2,0.38,0.62,-2,1.12,1.25,2.63,1.61,4
Ayutthaya Utd,8,2,3,3,9,9,0,9,thailand2,0.25,0.75,0,1.12,1.12,4.0,1.33,5
Bangkok FC,8,3,0,5,12,15,-3,9,thailand2,0.38,0.62,-3,1.5,1.12,2.63,1.61,5
Chanthaburi,8,2,3,3,12,17,-5,9,thailand2,0.25,0.75,-5,1.5,1.12,4.0,1.33,5
Phrae Utd,8,2,2,4,12,15,-3,8,thailand2,0.25,0.75,-3,1.5,1.0,4.0,1.33,6
Nakhon Si,8,2,2,4,10,13,-3,8,thailand2,0.25,0.75,-3,1.25,1.0,4.0,1.33,6
Police Tero,8,2,1,5,9,15,-6,7,thailand2,0.25,0.75,-6,1.12,0.88,4.0,1.33,7
Sisaket Utd,8,1,3,4,6,13,-7,6,thailand2,0.12,0.88,-7,0.75,0.75,8.33,1.14,8
Kasetsart,8,1,2,5,6,13,-7,5,thailand2,0.12,0.88,-7,0.75,0.62,8.33,1.14,9
Suphanburi,8,1,2,5,12,22,-10,5,thailand2,0.12,0.88,-10,1.5,0.62,8.33,1.14,9
Chainat,8,1,1,6,3,8,-5,4,thailand2,0.12,0.88,-5,0.38,0.5,8.33,1.14,10
Chiangmai Utd,8,1,1,6,7,16,-9,4,thailand2,0.12,0.88,-9,0.88,0.5,8.33,1.14,10
Trat FC,8,0,1,7,4,18,-14,1,thailand2,0.0,1.0,-14,0.5,0.12,0.0,1.0,11
Samut Prakan,0,0,0,0,0,0,0,0,thailand2,0.0,0.0,0,0.0,0.0,0.0,0.0,12
Fenerbahce,8,5,2,1,17,7,10,17,turkey,0.62,0.38,10,2.12,2.12,1.61,2.63,1
Galatasaray,8,5,2,1,14,9,5,17,turkey,0.62,0.38,5,1.75,2.12,1.61,2.63,1
Bodrumspor,8,3,2,3,6,7,-1,11,turkey,0.38,0.62,-1,0.75,1.38,2.63,1.61,2
Besiktas,8,2,4,2,10,8,2,10,turkey,0.25,0.75,2,1.25,1.25,4.0,1.33,3
Eyupspor,8,3,1,4,8,9,-1,10,turkey,0.38,0.62,-1,1.0,1.25,2.63,1.61,3
Basaksehir,8,3,1,4,12,15,-3,10,turkey,0.38,0.62,-3,1.5,1.25,2.63,1.61,3
Samsunspor,8,2,3,3,5,9,-4,9,turkey,0.25,0.75,-4,0.62,1.12,4.0,1.33,4
Trabzonspor,8,2,1,5,10,13,-3,7,turkey,0.25,0.75,-3,1.25,0.88,4.0,1.33,5
Kasimpasa,8,2,1,5,12,18,-6,7,turkey,0.25,0.75,-6,1.5,0.88,4.0,1.33,5
Kayserispor,8,1,3,4,9,15,-6,6,turkey,0.12,0.88,-6,1.12,0.75,8.33,1.14,6
Rizespor,8,2,0,6,10,18,-8,6,turkey,0.25,0.75,-8,1.25,0.75,4.0,1.33,6
Konyaspor,8,1,2,5,9,13,-4,5,turkey,0.12,0.88,-4,1.12,0.62,8.33,1.14,7
Gaziantep,8,1,2,5,9,15,-6,5,turkey,0.12,0.88,-6,1.12,0.62,8.33,1.14,7
Alanyaspor,8,1,2,5,6,13,-7,5,turkey,0.12,0.88,-7,0.75,0.62,8.33,1.14,7
Antalyaspor,8,1,2,5,4,18,-14,5,turkey,0.12,0.88,-14,0.5,0.62,8.33,1.14,7
Goztepe,8,0,3,5,6,12,-6,3,turkey,0.0,1.0,-6,0.75,0.38,0.0,1.0,8
Hatayspor,8,1,0,7,8,21,-13,3,turkey,0.12,0.88,-13,1.0,0.38,8.33,1.14,8
Adana Demirspor,8,1,0,7,10,25,-15,3,turkey,0.12,0.88,-15,1.25,0.38,8.33,1.14,8
Sivasspor,8,0,1,7,5,17,-12,1,turkey,0.0,1.0,-12,0.62,0.12,0.0,1.0,9
Erzurum BB,8,6,1,1,19,5,14,19,turkey2,0.75,0.25,14,2.38,2.38,1.33,4.0,1
F. Karagumruk,8,4,1,3,11,9,2,13,turkey2,0.5,0.5,2,1.38,1.62,2.0,2.0,2
Genclerbirligi,8,3,4,1,11,10,1,13,turkey2,0.38,0.62,1,1.38,1.62,2.63,1.61,2
Keciorengucu,8,4,1,3,11,11,0,13,turkey2,0.5,0.5,0,1.38,1.62,2.0,2.0,2
Amed SK,8,3,3,2,7,6,1,12,turkey2,0.38,0.62,1,0.88,1.5,2.63,1.61,3
Kocaelispor,8,2,5,1,12,9,3,11,turkey2,0.25,0.75,3,1.5,1.38,4.0,1.33,4
Boluspor,8,3,2,3,10,8,2,11,turkey2,0.38,0.62,2,1.25,1.38,2.63,1.61,4
Erokspor,8,2,5,1,12,13,-1,11,turkey2,0.25,0.75,-1,1.5,1.38,4.0,1.33,4
Manisa BB,8,3,1,4,15,13,2,10,turkey2,0.38,0.62,2,1.88,1.25,2.63,1.61,5
Igdir,8,2,4,2,7,6,1,10,turkey2,0.25,0.75,1,0.88,1.25,4.0,1.33,5
Bandirmaspor,8,2,3,3,9,15,-6,9,turkey2,0.25,0.75,-6,1.12,1.12,4.0,1.33,6
Umraniyespor,8,2,2,4,9,9,0,8,turkey2,0.25,0.75,0,1.12,1.0,4.0,1.33,7
Sanliurfaspor,8,2,2,4,12,13,-1,8,turkey2,0.25,0.75,-1,1.5,1.0,4.0,1.33,7
Sakaryaspor,8,2,2,4,8,17,-9,8,turkey2,0.25,0.75,-9,1.0,1.0,4.0,1.33,7
Adanaspor,8,2,1,5,8,10,-2,7,turkey2,0.25,0.75,-2,1.0,0.88,4.0,1.33,8
Istanbulspor,8,2,1,5,6,10,-4,7,turkey2,0.25,0.75,-4,0.75,0.88,4.0,1.33,8
Pendikspor,8,2,1,5,6,12,-6,7,turkey2,0.25,0.75,-6,0.75,0.88,4.0,1.33,8
Corum,8,1,2,5,6,11,-5,5,turkey2,0.12,0.88,-5,0.75,0.62,8.33,1.14,9
Ankaragucu,8,0,2,6,7,15,-8,2,turkey2,0.0,1.0,-8,0.88,0.25,0.0,1.0,10
Y. Malatyaspor,8,0,0,8,1,37,-36,0,turkey2,0.0,1.0,-36,0.12,0.0,0.0,1.0,11
Sariyer,8,5,1,2,16,9,7,16,turkey3,0.62,0.38,7,2.0,2.0,1.61,2.63,1
B. Petrolspor,8,5,1,2,10,7,3,16,turkey3,0.62,0.38,3,1.25,2.0,1.61,2.63,1
Adana,8,4,3,1,9,3,6,15,turkey3,0.5,0.5,6,1.12,1.88,2.0,2.0,2
Trabzon FK,8,4,1,3,16,8,8,13,turkey3,0.5,0.5,8,2.0,1.62,2.0,2.0,3
Kastamonuspor,8,2,5,1,10,10,0,11,turkey3,0.25,0.75,0,1.25,1.38,4.0,1.33,4
Ankaraspor,8,3,0,5,11,11,0,9,turkey3,0.38,0.62,0,1.38,1.12,2.63,1.61,5
Kepez Belediyes,8,2,3,3,10,10,0,9,turkey3,0.25,0.75,0,1.25,1.12,4.0,1.33,5
Altinordu,8,2,3,3,9,9,0,9,turkey3,0.25,0.75,0,1.12,1.12,4.0,1.33,5
B. Anadolu,8,2,3,3,8,11,-3,9,turkey3,0.25,0.75,-3,1.0,1.12,4.0,1.33,5
Kirklarelispor,8,2,2,4,12,14,-2,8,turkey3,0.25,0.75,-2,1.5,1.0,4.0,1.33,6
Inegolspor,8,2,0,6,11,22,-11,6,turkey3,0.25,0.75,-11,1.38,0.75,4.0,1.33,7
Karakopru,8,1,2,5,5,9,-4,5,turkey3,0.12,0.88,-4,0.62,0.62,8.33,1.14,8
Altay,8,1,1,6,4,18,-14,4,turkey3,0.12,0.88,-14,0.5,0.5,8.33,1.14,9
Fethiyespor,8,0,3,5,3,12,-9,3,turkey3,0.0,1.0,-9,0.38,0.38,0.0,1.0,10
Iskenderun,8,0,2,6,2,13,-11,2,turkey3,0.0,1.0,-11,0.25,0.25,0.0,1.0,11
24 Erzincanspor,8,0,2,6,7,21,-14,2,turkey3,0.0,1.0,-14,0.88,0.25,0.0,1.0,11
Isparta Davrazs,8,0,2,6,4,20,-16,2,turkey3,0.0,1.0,-16,0.5,0.25,0.0,1.0,11
Afyonspor,8,0,0,8,0,31,-31,0,turkey3,0.0,1.0,-31,0.0,0.0,0.0,1.0,12
Elazigspor,8,4,1,3,18,9,9,13,turkey4,0.5,0.5,9,2.25,1.62,2.0,2.0,1
Van Spor,8,4,1,3,16,13,3,13,turkey4,0.5,0.5,3,2.0,1.62,2.0,2.0,1
Karaman,8,3,3,2,12,10,2,12,turkey4,0.38,0.62,2,1.5,1.5,2.63,1.61,2
Aksaray B.,8,3,3,2,9,8,1,12,turkey4,0.38,0.62,1,1.12,1.5,2.63,1.61,2
Yeni Mersin,8,3,2,3,15,12,3,11,turkey4,0.38,0.62,3,1.88,1.38,2.63,1.61,3
Serik Belediyes,8,3,2,3,13,10,3,11,turkey4,0.38,0.62,3,1.62,1.38,2.63,1.61,3
Beyoglu Yeni C.,8,3,2,3,9,6,3,11,turkey4,0.38,0.62,3,1.12,1.38,2.63,1.61,3
Arnavutkoy B.,8,3,2,3,14,13,1,11,turkey4,0.38,0.62,1,1.75,1.38,2.63,1.61,3
A. Demirspor,8,2,4,2,14,13,1,10,turkey4,0.25,0.75,1,1.75,1.25,4.0,1.33,4
Erbaaspor,8,3,1,4,15,18,-3,10,turkey4,0.38,0.62,-3,1.88,1.25,2.63,1.61,4
Menemen B.,8,2,3,3,16,14,2,9,turkey4,0.25,0.75,2,2.0,1.12,4.0,1.33,5
Karacabey,8,2,2,4,13,12,1,8,turkey4,0.25,0.75,1,1.62,1.0,4.0,1.33,6
Bucaspor,8,2,2,4,7,13,-6,8,turkey4,0.25,0.75,-6,0.88,1.0,4.0,1.33,6
Somaspor,8,1,3,4,7,10,-3,6,turkey4,0.12,0.88,-3,0.88,0.75,8.33,1.14,7
Diyarbekirspor,8,1,2,5,4,12,-8,5,turkey4,0.12,0.88,-8,0.5,0.62,8.33,1.14,8
Derince,8,1,0,7,5,18,-13,3,turkey4,0.12,0.88,-13,0.62,0.38,8.33,1.14,9
Nazillispor,8,0,0,8,8,26,-18,0,turkey4,0.0,1.0,-18,1.0,0.0,0.0,1.0,10
Giresunspor,8,0,0,8,4,28,-24,0,turkey4,0.0,1.0,-24,0.5,0.0,0.0,1.0,10
Musspor,8,6,0,2,16,6,10,18,turkey5,0.75,0.25,10,2.0,2.25,1.33,4.0,1
Bursaspor,8,5,2,1,19,8,11,17,turkey5,0.62,0.38,11,2.38,2.12,1.61,2.63,2
Karsiyaka,8,4,3,1,16,7,9,15,turkey5,0.5,0.5,9,2.0,1.88,2.0,2.0,3
Kutahyaspor,8,4,3,1,18,13,5,15,turkey5,0.5,0.5,5,2.25,1.88,2.0,2.0,3
Artvin Hopaspor,8,4,0,4,5,5,0,12,turkey5,0.5,0.5,0,0.62,1.5,2.0,2.0,4
Silifke,8,3,2,3,11,10,1,11,turkey5,0.38,0.62,1,1.38,1.38,2.63,1.61,5
Anadolu U.,8,3,2,3,13,14,-1,11,turkey5,0.38,0.62,-1,1.62,1.38,2.63,1.61,5
Duzcespor,8,2,3,3,6,10,-4,9,turkey5,0.25,0.75,-4,0.75,1.12,4.0,1.33,6
Kahramanmar.,8,2,2,4,8,11,-3,8,turkey5,0.25,0.75,-3,1.0,1.0,4.0,1.33,7
K. Bulvarspor,8,2,2,4,13,17,-4,8,turkey5,0.25,0.75,-4,1.62,1.0,4.0,1.33,7
Kusadasispor,8,2,0,6,8,15,-7,6,turkey5,0.25,0.75,-7,1.0,0.75,4.0,1.33,8
Elaziz K.,8,1,2,5,3,8,-5,5,turkey5,0.12,0.88,-5,0.38,0.62,8.33,1.14,9
Kirsehir B.,8,1,2,5,7,14,-7,5,turkey5,0.12,0.88,-7,0.88,0.62,8.33,1.14,9
Viven Bornova,8,1,2,5,5,12,-7,5,turkey5,0.12,0.88,-7,0.62,0.62,8.33,1.14,9
Tokat,8,0,4,4,5,10,-5,4,turkey5,0.0,1.0,-5,0.62,0.5,0.0,1.0,10
Ergene Velimese,8,1,0,7,3,17,-14,3,turkey5,0.12,0.88,-14,0.38,0.38,8.33,1.14,11
Muglaspor,8,5,2,1,18,4,14,17,turkey6,0.62,0.38,14,2.25,2.12,1.61,2.63,1
Tire 2021 FK,8,5,2,1,11,4,7,17,turkey6,0.62,0.38,7,1.38,2.12,1.61,2.63,1
Balikesirspor,8,5,1,2,13,8,5,16,turkey6,0.62,0.38,5,1.62,2.0,1.61,2.63,2
Silivrispor,8,4,2,2,13,8,5,14,turkey6,0.5,0.5,5,1.62,1.75,2.0,2.0,3
Etimesgut,8,4,2,2,10,11,-1,14,turkey6,0.5,0.5,-1,1.25,1.75,2.0,2.0,3
Inegol Kafkas,8,3,2,3,9,9,0,11,turkey6,0.38,0.62,0,1.12,1.38,2.63,1.61,4
Cayelispor,8,2,3,3,6,7,-1,9,turkey6,0.25,0.75,-1,0.75,1.12,4.0,1.33,5
Turk Metal 1963,8,2,3,3,10,15,-5,9,turkey6,0.25,0.75,-5,1.25,1.12,4.0,1.33,5
Fatsa B.,8,3,0,5,7,14,-7,9,turkey6,0.38,0.62,-7,0.88,1.12,2.63,1.61,5
Mazidagi,8,1,5,2,4,6,-2,8,turkey6,0.12,0.88,-2,0.5,1.0,8.33,1.14,6
Beykoz Ishaklis,8,2,2,4,10,13,-3,8,turkey6,0.25,0.75,-3,1.25,1.0,4.0,1.33,6
Amasyaspor,8,1,4,3,10,12,-2,7,turkey6,0.12,0.88,-2,1.25,0.88,8.33,1.14,7
Usakspor,8,1,4,3,6,9,-3,7,turkey6,0.12,0.88,-3,0.75,0.88,8.33,1.14,7
Kelkit,8,1,2,5,6,9,-3,5,turkey6,0.12,0.88,-3,0.75,0.62,8.33,1.14,8
Nevsehirspor,8,0,2,6,3,23,-20,2,turkey6,0.0,1.0,-20,0.38,0.25,0.0,1.0,9
Adiyaman,8,0,1,7,4,26,-22,1,turkey6,0.0,1.0,-22,0.5,0.12,0.0,1.0,10
Orduspor,8,5,2,1,14,4,10,17,turkey7,0.62,0.38,10,1.75,2.12,1.61,2.63,1
Aliaga FAS,8,4,4,0,10,4,6,16,turkey7,0.5,0.5,6,1.25,2.0,2.0,2.0,2
Ayvalikgucu,8,4,3,1,6,3,3,15,turkey7,0.5,0.5,3,0.75,1.88,2.0,2.0,3
Pazarspor,8,3,2,3,13,12,1,11,turkey7,0.38,0.62,1,1.62,1.38,2.63,1.61,4
Kucukcekmece,8,3,2,3,11,10,1,11,turkey7,0.38,0.62,1,1.38,1.38,2.63,1.61,4
Alanya 1221,8,3,1,4,11,12,-1,10,turkey7,0.38,0.62,-1,1.38,1.25,2.63,1.61,5
1922 Konyaspor,8,1,4,3,11,15,-4,7,turkey7,0.12,0.88,-4,1.38,0.88,8.33,1.14,6
Yozgat Bld Bozo,8,2,1,5,10,16,-6,7,turkey7,0.25,0.75,-6,1.25,0.88,4.0,1.33,6
Efeler 09,8,1,4,3,5,12,-7,7,turkey7,0.12,0.88,-7,0.62,0.88,8.33,1.14,6
Cankaya FK,8,2,1,5,10,19,-9,7,turkey7,0.25,0.75,-9,1.25,0.88,4.0,1.33,6
Corluspor,8,1,3,4,4,9,-5,6,turkey7,0.12,0.88,-5,0.5,0.75,8.33,1.14,7
Viransehir,8,1,1,6,2,12,-10,4,turkey7,0.12,0.88,-10,0.25,0.5,8.33,1.14,8
1923 M.,8,1,1,6,7,18,-11,4,turkey7,0.12,0.88,-11,0.88,0.5,8.33,1.14,8
Osmaniyespor,8,1,1,6,7,21,-14,4,turkey7,0.12,0.88,-14,0.88,0.5,8.33,1.14,8
K. Idmanyurdu,8,0,2,6,7,17,-10,2,turkey7,0.0,1.0,-10,0.88,0.25,0.0,1.0,9
Bayburt,8,0,2,6,6,19,-13,2,turkey7,0.0,1.0,-13,0.75,0.25,0.0,1.0,9
Mardin BB,8,5,2,1,17,8,9,17,turkey8,0.62,0.38,9,2.12,2.12,1.61,2.63,1
Sebat G.,8,5,2,1,16,9,7,17,turkey8,0.62,0.38,7,2.0,2.12,1.61,2.63,1
Orduspor 1967,8,5,0,3,14,9,5,15,turkey8,0.62,0.38,5,1.75,1.88,1.61,2.63,2
Kirikkale B.,8,5,0,3,14,13,1,15,turkey8,0.62,0.38,1,1.75,1.88,1.61,2.63,2
Agri 1970,8,4,3,1,9,8,1,15,turkey8,0.5,0.5,1,1.12,1.88,2.0,2.0,2
Z. Komurspor,8,3,2,3,7,11,-4,11,turkey8,0.38,0.62,-4,0.88,1.38,2.63,1.61,3
K. Istiklalspor,8,2,3,3,11,9,2,9,turkey8,0.25,0.75,2,1.38,1.12,4.0,1.33,4
Nilufer B.,8,2,3,3,5,6,-1,9,turkey8,0.25,0.75,-1,0.62,1.12,4.0,1.33,4
Tepecik,8,2,2,4,11,17,-6,8,turkey8,0.25,0.75,-6,1.38,1.0,4.0,1.33,5
Turgutluspor,8,1,3,4,8,13,-5,6,turkey8,0.12,0.88,-5,1.0,0.75,8.33,1.14,6
Edirnespor,8,1,3,4,5,19,-14,6,turkey8,0.12,0.88,-14,0.62,0.75,8.33,1.14,6
Erciyes,8,1,2,5,11,16,-5,5,turkey8,0.12,0.88,-5,1.38,0.62,8.33,1.14,7
Polatli B.,8,1,2,5,9,19,-10,5,turkey8,0.12,0.88,-10,1.12,0.62,8.33,1.14,7
Denizlispor,8,0,4,4,6,13,-7,4,turkey8,0.0,1.0,-7,0.75,0.5,0.0,1.0,8
Coruhlu,8,0,3,5,10,23,-13,3,turkey8,0.0,1.0,-13,1.25,0.38,0.0,1.0,9
Nigde Belediyes,8,0,2,6,4,15,-11,2,turkey8,0.0,1.0,-11,0.5,0.25,0.0,1.0,10
Shabab Al Ahli,8,6,2,0,19,5,14,20,uae,0.75,0.25,14,2.38,2.5,1.33,4.0,1
Al Sharjah,8,4,1,3,10,7,3,13,uae,0.5,0.5,3,1.25,1.62,2.0,2.0,2
Al Jazira,8,3,3,2,16,13,3,12,uae,0.38,0.62,3,2.0,1.5,2.63,1.61,3
Al Wasl,8,3,3,2,12,9,3,12,uae,0.38,0.62,3,1.5,1.5,2.63,1.61,3
Al Wahda,8,3,3,2,11,9,2,12,uae,0.38,0.62,2,1.38,1.5,2.63,1.61,3
Khorfakkan,8,4,0,4,13,15,-2,12,uae,0.5,0.5,-2,1.62,1.5,2.0,2.0,3
Al Bataeh,8,3,2,3,9,9,0,11,uae,0.38,0.62,0,1.12,1.38,2.63,1.61,4
Ajman,8,3,1,4,9,13,-4,10,uae,0.38,0.62,-4,1.12,1.25,2.63,1.61,5
Bani Yas,8,3,0,5,7,15,-8,9,uae,0.38,0.62,-8,0.88,1.12,2.63,1.61,6
Dibba Al Hisn,8,2,2,4,12,15,-3,8,uae,0.25,0.75,-3,1.5,1.0,4.0,1.33,7
Al Ain,8,1,3,4,13,16,-3,6,uae,0.12,0.88,-3,1.62,0.75,8.33,1.14,8
Al Nasr,8,1,2,5,9,19,-10,5,uae,0.12,0.88,-10,1.12,0.62,8.33,1.14,9
Ittihad Kalba,8,0,4,4,8,14,-6,4,uae,0.0,1.0,-6,1.0,0.5,0.0,1.0,10
Al Urooba,8,0,0,8,2,22,-20,0,uae,0.0,1.0,-20,0.25,0.0,0.0,1.0,11
Dynamo Kyiv,8,5,3,0,16,4,12,18,ukraine,0.62,0.38,12,2.0,2.25,1.61,2.63,1
Kolos Kovalivka,8,5,0,3,13,7,6,15,ukraine,0.62,0.38,6,1.62,1.88,1.61,2.63,2
Shakhtar,8,4,3,1,11,5,6,15,ukraine,0.5,0.5,6,1.38,1.88,2.0,2.0,2
Kryvbas KR,8,4,2,2,8,6,2,14,ukraine,0.5,0.5,2,1.0,1.75,2.0,2.0,3
Oleksandria,8,4,2,2,8,9,-1,14,ukraine,0.5,0.5,-1,1.0,1.75,2.0,2.0,3
Polessya,8,3,3,2,8,10,-2,12,ukraine,0.38,0.62,-2,1.0,1.5,2.63,1.61,4
Rukh Lviv,8,3,2,3,6,9,-3,11,ukraine,0.38,0.62,-3,0.75,1.38,2.63,1.61,5
Obolon,8,3,2,3,7,11,-4,11,ukraine,0.38,0.62,-4,0.88,1.38,2.63,1.61,5
Veres,8,3,1,4,7,13,-6,10,ukraine,0.38,0.62,-6,0.88,1.25,2.63,1.61,6
Zorya Luhansk,8,2,2,4,10,14,-4,8,ukraine,0.25,0.75,-4,1.25,1.0,4.0,1.33,7
LNZ Cherkasy,8,2,2,4,5,9,-4,8,ukraine,0.25,0.75,-4,0.62,1.0,4.0,1.33,7
Livyi Bereh,8,2,2,4,2,7,-5,8,ukraine,0.25,0.75,-5,0.25,1.0,4.0,1.33,7
Karpaty Lviv,8,2,2,4,5,11,-6,8,ukraine,0.25,0.75,-6,0.62,1.0,4.0,1.33,7
Vorskla Poltava,8,2,1,5,6,11,-5,7,ukraine,0.25,0.75,-5,0.75,0.88,4.0,1.33,8
Inhulets,8,1,2,5,7,17,-10,5,ukraine,0.12,0.88,-10,0.88,0.62,8.33,1.14,9
Chornomorets,8,1,0,7,5,17,-12,3,ukraine,0.12,0.88,-12,0.62,0.38,8.33,1.14,10
Dnipro-1,0,0,0,0,0,0,0,0,ukraine,0.0,0.0,0,0.0,0.0,0.0,0.0,11
Nacional,7,5,1,1,18,7,11,16,uruguay,0.71,0.29,11,2.57,2.29,1.41,3.45,1
Penarol,7,4,2,1,10,5,5,14,uruguay,0.57,0.43,5,1.43,2.0,1.75,2.33,2
Racing CM,7,4,1,2,7,4,3,13,uruguay,0.57,0.43,3,1.0,1.86,1.75,2.33,3
Liverpool M.,6,3,3,0,8,3,5,12,uruguay,0.5,0.5,5,1.33,2.0,2.0,2.0,4
Plaza Colonia,7,3,3,1,7,5,2,12,uruguay,0.43,0.57,2,1.0,1.71,2.33,1.75,4
Boston River,7,3,2,2,9,10,-1,11,uruguay,0.43,0.57,-1,1.29,1.57,2.33,1.75,5
Juventud,6,3,1,2,10,8,2,10,uruguay,0.5,0.5,2,1.67,1.67,2.0,2.0,6
Montevideo City,7,2,3,2,6,9,-3,9,uruguay,0.29,0.71,-3,0.86,1.29,3.45,1.41,7
Defensor S.,5,2,2,1,5,4,1,8,uruguay,0.4,0.6,1,1.0,1.6,2.5,1.67,8
Progreso,6,1,4,1,6,8,-2,7,uruguay,0.17,0.83,-2,1.0,1.17,5.88,1.2,9
Cerro,5,1,2,2,5,6,-1,5,uruguay,0.2,0.8,-1,1.0,1.0,5.0,1.25,10
Cerro Largo,5,1,2,2,2,4,-2,5,uruguay,0.2,0.8,-2,0.4,1.0,5.0,1.25,10
Danubio,5,0,3,2,4,7,-3,3,uruguay,0.0,1.0,-3,0.8,0.6,0.0,1.0,11
River Plate,7,0,3,4,6,10,-4,3,uruguay,0.0,1.0,-4,0.86,0.43,0.0,1.0,11
Miramar Misione,5,1,0,4,7,12,-5,3,uruguay,0.2,0.8,-5,1.4,0.6,5.0,1.25,11
Wanderers,4,0,1,3,3,7,-4,1,uruguay,0.0,1.0,-4,0.75,0.25,0.0,1.0,12
Defensor S.,4,3,0,1,5,2,3,9,uruguay2,0.75,0.25,3,1.25,2.25,1.33,4.0,1
Danubio,4,2,2,0,7,5,2,8,uruguay2,0.5,0.5,2,1.75,2.0,2.0,2.0,2
Cerro Largo,3,2,1,0,3,0,3,7,uruguay2,0.67,0.33,3,1.0,2.33,1.49,3.03,3
Nacional,3,2,0,1,10,3,7,6,uruguay2,0.67,0.33,7,3.33,2.0,1.49,3.03,4
Penarol,3,2,0,1,5,3,2,6,uruguay2,0.67,0.33,2,1.67,2.0,1.49,3.03,4
River Plate,4,2,0,2,4,3,1,6,uruguay2,0.5,0.5,1,1.0,1.5,2.0,2.0,4
Miramar Misione,4,2,0,2,4,7,-3,6,uruguay2,0.5,0.5,-3,1.0,1.5,2.0,2.0,4
D. Maldonado,4,1,2,1,3,3,0,5,uruguay2,0.25,0.75,0,0.75,1.25,4.0,1.33,5
Wanderers,3,1,1,1,3,4,-1,4,uruguay2,0.33,0.67,-1,1.0,1.33,3.03,1.49,6
Rampla Juniors,4,1,1,2,3,7,-4,4,uruguay2,0.25,0.75,-4,0.75,1.0,4.0,1.33,6
Racing CM,4,0,3,1,6,7,-1,3,uruguay2,0.0,1.0,-1,1.5,0.75,0.0,1.0,7
Fenix,3,1,0,2,4,5,-1,3,uruguay2,0.33,0.67,-1,1.33,1.0,3.03,1.49,7
Cerro,3,1,0,2,1,3,-2,3,uruguay2,0.33,0.67,-2,0.33,1.0,3.03,1.49,7
Progreso,3,0,2,1,4,6,-2,2,uruguay2,0.0,1.0,-2,1.33,0.67,0.0,1.0,8
Boston River,3,0,1,2,1,3,-2,1,uruguay2,0.0,1.0,-2,0.33,0.33,0.0,1.0,9
Liverpool M.,4,0,0,4,3,8,-5,0,uruguay2,0.0,1.0,-5,0.75,0.0,0.0,1.0,10
Inter Miami,4,3,1,0,7,2,5,10,usa,0.75,0.25,5,1.75,2.5,1.33,4.0,1
Columbus Crew,4,3,1,0,6,3,3,10,usa,0.75,0.25,3,1.5,2.5,1.33,4.0,1
Chicago Fire,5,3,0,2,11,9,2,9,usa,0.6,0.4,2,2.2,1.8,1.67,2.5,2
Dallas,5,2,3,0,7,5,2,9,usa,0.4,0.6,2,1.4,1.8,2.5,1.67,2
Cincinnati,5,3,0,2,7,9,-2,9,usa,0.6,0.4,-2,1.4,1.8,1.67,2.5,2
Vancouver,4,2,2,0,5,1,4,8,usa,0.5,0.5,4,1.25,2.0,2.0,2.0,3
Minnesota Utd,5,2,2,1,6,5,1,8,usa,0.4,0.6,1,1.2,1.6,2.5,1.67,3
Colorado Rapids,5,2,2,1,5,5,0,8,usa,0.4,0.6,0,1.0,1.6,2.5,1.67,3
Portland,4,2,1,1,7,4,3,7,usa,0.5,0.5,3,1.75,1.75,2.0,2.0,4
Philadelphia,4,2,0,2,7,5,2,6,usa,0.5,0.5,2,1.75,1.5,2.0,2.0,5
Orlando City,5,1,3,1,5,5,0,6,usa,0.2,0.8,0,1.0,1.2,5.0,1.25,5
San Diego,5,2,0,3,8,9,-1,6,usa,0.4,0.6,-1,1.6,1.2,2.5,1.67,5
Austin,4,2,0,2,3,6,-3,6,usa,0.5,0.5,-3,0.75,1.5,2.0,2.0,5
Toronto,6,1,2,3,7,11,-4,5,usa,0.17,0.83,-4,1.17,0.83,5.88,1.2,6
St. Louis City,4,1,1,2,3,3,0,4,usa,0.25,0.75,0,0.75,1.0,4.0,1.33,7
New England,4,1,1,2,2,3,-1,4,usa,0.25,0.75,-1,0.5,1.0,4.0,1.33,7
Charlotte,4,1,1,2,3,5,-2,4,usa,0.25,0.75,-2,0.75,1.0,4.0,1.33,7
Los Angeles FC,5,1,1,3,9,12,-3,4,usa,0.2,0.8,-3,1.8,0.8,5.0,1.25,7
Seattle,5,1,1,3,2,7,-5,4,usa,0.2,0.8,-5,0.4,0.8,5.0,1.25,7
DC United,4,1,1,2,6,13,-7,4,usa,0.25,0.75,-7,1.5,1.0,4.0,1.33,7
Sporting KC,4,1,0,3,7,8,-1,3,usa,0.25,0.75,-1,1.75,0.75,4.0,1.33,8
Houston Dynamo,4,0,3,1,2,4,-2,3,usa,0.0,1.0,-2,0.5,0.75,0.0,1.0,8
SJ Earthquakes,3,1,0,2,4,7,-3,3,usa,0.33,0.67,-3,1.33,1.0,3.03,1.49,8
Nashville SC,4,1,0,3,4,8,-4,3,usa,0.25,0.75,-4,1.0,0.75,4.0,1.33,8
Real Salt Lake,4,1,0,3,3,9,-6,3,usa,0.25,0.75,-6,0.75,0.75,4.0,1.33,8
New York RB,4,0,2,2,1,3,-2,2,usa,0.0,1.0,-2,0.25,0.5,0.0,1.0,9
New York City,5,0,2,3,5,9,-4,2,usa,0.0,1.0,-4,1.0,0.4,0.0,1.0,9
LA Galaxy,5,0,2,3,4,8,-4,2,usa,0.0,1.0,-4,0.8,0.4,0.0,1.0,9
CF Montreal,7,0,2,5,4,12,-8,2,usa,0.0,1.0,-8,0.57,0.29,0.0,1.0,9
Detroit City,4,3,0,1,7,5,2,9,usa2,0.75,0.25,2,1.75,2.25,1.33,4.0,1
Loudoun Utd,4,3,0,1,7,5,2,9,usa2,0.75,0.25,2,1.75,2.25,1.33,4.0,1
Louisville City,4,2,2,0,6,4,2,8,usa2,0.5,0.5,2,1.5,2.0,2.0,2.0,2
FC Tulsa,2,2,0,0,5,1,4,6,usa2,1.0,0.0,4,2.5,3.0,1.0,0.0,3
San Antonio,2,2,0,0,5,3,2,6,usa2,1.0,0.0,2,2.5,3.0,1.0,0.0,3
New Mexico,3,2,0,1,5,4,1,6,usa2,0.67,0.33,1,1.67,2.0,1.49,3.03,3
Monterey Bay,4,1,2,1,3,1,2,5,usa2,0.25,0.75,2,0.75,1.25,4.0,1.33,4
Colorado S.,4,1,2,1,8,8,0,5,usa2,0.25,0.75,0,2.0,1.25,4.0,1.33,4
Indy Eleven,2,1,1,0,4,2,2,4,usa2,0.5,0.5,2,2.0,2.0,2.0,2.0,5
Phoenix Rising,3,1,1,1,7,8,-1,4,usa2,0.33,0.67,-1,2.33,1.33,3.03,1.49,5
North Carolina,4,1,1,2,4,5,-1,4,usa2,0.25,0.75,-1,1.0,1.0,4.0,1.33,5
El Paso,4,1,1,2,4,6,-2,4,usa2,0.25,0.75,-2,1.0,1.0,4.0,1.33,5
Rhode Island,5,1,1,3,5,8,-3,4,usa2,0.2,0.8,-3,1.0,0.8,5.0,1.25,5
Charleston,2,1,0,1,4,3,1,3,usa2,0.5,0.5,1,2.0,1.5,2.0,2.0,6
Miami FC,1,1,0,0,2,1,1,3,usa2,1.0,0.0,1,2.0,3.0,1.0,0.0,6
Oakland Roots,3,1,0,2,6,8,-2,3,usa2,0.33,0.67,-2,2.0,1.0,3.03,1.49,6
Tampa Bay,4,1,0,3,3,5,-2,3,usa2,0.25,0.75,-2,0.75,0.75,4.0,1.33,6
Las Vegas L.,2,0,2,0,0,0,0,2,usa2,0.0,1.0,0,0.0,1.0,0.0,1.0,7
Lexington,2,0,1,1,3,4,-1,1,usa2,0.0,1.0,-1,1.5,0.5,0.0,1.0,8
Sacramento R.,3,0,1,2,3,5,-2,1,usa2,0.0,1.0,-2,1.0,0.33,0.0,1.0,8
Birmingham L.,3,0,1,2,2,5,-3,1,usa2,0.0,1.0,-3,0.67,0.33,0.0,1.0,8
Pittsburgh,4,0,1,3,3,7,-4,1,usa2,0.0,1.0,-4,0.75,0.25,0.0,1.0,8
Orange County,2,0,0,2,0,3,-3,0,usa2,0.0,1.0,-3,0.0,0.0,0.0,1.0,9
Hartford A.,3,0,0,3,0,5,-5,0,usa2,0.0,1.0,-5,0.0,0.0,0.0,1.0,9
One Knoxville,4,3,1,0,6,2,4,10,usa3,0.75,0.25,4,1.5,2.5,1.33,4.0,1
Spokane V.,2,2,0,0,6,1,5,6,usa3,1.0,0.0,5,3.0,3.0,1.0,0.0,2
Naples,2,2,0,0,4,0,4,6,usa3,1.0,0.0,4,2.0,3.0,1.0,0.0,2
Westchester SC,4,1,2,1,8,8,0,5,usa3,0.25,0.75,0,2.0,1.25,4.0,1.33,3
Forward Madison,3,1,1,1,3,4,-1,4,usa3,0.33,0.67,-1,1.0,1.33,3.03,1.49,4
Richmond K.,3,1,0,2,5,5,0,3,usa3,0.33,0.67,0,1.67,1.0,3.03,1.49,5
Union Omaha,3,1,0,2,3,5,-2,3,usa3,0.33,0.67,-2,1.0,1.0,3.03,1.49,5
Chattanooga RW,3,0,2,1,3,4,-1,2,usa3,0.0,1.0,-1,1.0,0.67,0.0,1.0,6
Portland Hearts,3,0,2,1,1,2,-1,2,usa3,0.0,1.0,-1,0.33,0.67,0.0,1.0,6
Tormenta,2,0,1,1,4,5,-1,1,usa3,0.0,1.0,-1,2.0,0.5,0.0,1.0,7
Texoma,2,0,1,1,2,5,-3,1,usa3,0.0,1.0,-3,1.0,0.5,0.0,1.0,7
Charlotte I.,1,0,0,1,0,1,-1,0,usa3,0.0,1.0,-1,0.0,0.0,0.0,1.0,8
Greenville,1,0,0,1,0,1,-1,0,usa3,0.0,1.0,-1,0.0,0.0,0.0,1.0,8
Alta,2,0,0,2,1,5,-4,0,usa3,0.0,1.0,-4,0.5,0.0,0.0,1.0,8
UCV,7,5,1,1,9,3,6,16,venezuela,0.71,0.29,6,1.29,2.29,1.41,3.45,1
Carabobo,7,4,2,1,8,5,3,14,venezuela,0.57,0.43,3,1.14,2.0,1.75,2.33,2
D. La Guaira,6,3,2,1,9,6,3,11,venezuela,0.5,0.5,3,1.5,1.83,2.0,2.0,3
Puerto Cabello,7,2,2,3,6,4,2,8,venezuela,0.29,0.71,2,0.86,1.14,3.45,1.41,4
D. Tachira,5,2,1,2,9,7,2,7,venezuela,0.4,0.6,2,1.8,1.4,2.5,1.67,5
Portuguesa,5,1,3,1,3,2,1,6,venezuela,0.2,0.8,1,0.6,1.2,5.0,1.25,6
Monagas,6,1,2,3,6,7,-1,5,venezuela,0.17,0.83,-1,1.0,0.83,5.88,1.2,7
A. Anzoategui,5,1,2,2,5,6,-1,5,venezuela,0.2,0.8,-1,1.0,1.0,5.0,1.25,7
Caracas,6,1,2,3,6,9,-3,5,venezuela,0.17,0.83,-3,1.0,0.83,5.88,1.2,7
Metropolitanos,7,1,2,4,6,12,-6,5,venezuela,0.14,0.86,-6,0.86,0.71,7.14,1.16,7
Zamora,7,0,3,4,4,10,-6,3,venezuela,0.0,1.0,-6,0.57,0.43,0.0,1.0,8
Yaracuyanos,6,0,2,4,4,12,-8,2,venezuela,0.0,1.0,-8,0.67,0.33,0.0,1.0,9
E. Merida,5,0,1,4,5,10,-5,1,venezuela,0.0,1.0,-5,1.0,0.2,0.0,1.0,10
Rayo Zuliano,5,0,0,5,3,9,-6,0,venezuela,0.0,1.0,-6,0.6,0.0,0.0,1.0,11
D. Samarqand,4,2,2,0,3,1,2,8,uzbekistan,0.5,0.5,2,0.75,2.0,2.0,2.0,1
Nasaf Qarshi,3,2,1,0,8,3,5,7,uzbekistan,0.67,0.33,5,2.67,2.33,1.49,3.03,2
Bunyodkor,3,2,1,0,4,0,4,7,uzbekistan,0.67,0.33,4,1.33,2.33,1.49,3.03,2
AGMK,2,2,0,0,4,1,3,6,uzbekistan,1.0,0.0,3,2.0,3.0,1.0,0.0,3
Neftchi,3,1,2,0,6,3,3,5,uzbekistan,0.33,0.67,3,2.0,1.67,3.03,1.49,4
Andijan,3,1,2,0,6,5,1,5,uzbekistan,0.33,0.67,1,2.0,1.67,3.03,1.49,4
Xorazm,1,1,0,0,2,0,2,3,uzbekistan,1.0,0.0,2,2.0,3.0,1.0,0.0,5
Buxoro,3,1,0,2,5,4,1,3,uzbekistan,0.33,0.67,1,1.67,1.0,3.03,1.49,5
Pakhtakor,3,1,0,2,4,4,0,3,uzbekistan,0.33,0.67,0,1.33,1.0,3.03,1.49,5
Navbahor,3,1,0,2,5,6,-1,3,uzbekistan,0.33,0.67,-1,1.67,1.0,3.03,1.49,5
Mashal,4,1,0,3,1,7,-6,3,uzbekistan,0.25,0.75,-6,0.25,0.75,4.0,1.33,5
Qizilqum,2,0,1,1,0,2,-2,1,uzbekistan,0.0,1.0,-2,0.0,0.5,0.0,1.0,6
Sogdiana,4,0,1,3,3,6,-3,1,uzbekistan,0.0,1.0,-3,0.75,0.25,0.0,1.0,6
Kokand-1912,3,0,1,2,1,4,-3,1,uzbekistan,0.0,1.0,-3,0.33,0.33,0.0,1.0,6
Shurtan,3,0,1,2,0,4,-4,1,uzbekistan,0.0,1.0,-4,0.0,0.33,0.0,1.0,6
Termez Surkhon,3,0,0,3,1,6,-5,0,uzbekistan,0.0,1.0,-5,0.33,0.0,0.0,1.0,7
Nam Dinh,8,4,4,0,13,4,9,16,vietnam,0.5,0.5,9,1.62,2.0,2.0,2.0,1
Ha Noi,8,3,4,1,12,5,7,13,vietnam,0.38,0.62,7,1.5,1.62,2.63,1.61,2
Viettel,8,3,3,2,13,9,4,12,vietnam,0.38,0.62,4,1.62,1.5,2.63,1.61,3
Thanh Hoa,8,3,3,2,11,9,2,12,vietnam,0.38,0.62,2,1.38,1.5,2.63,1.61,3
Hong Linh Ha T.,8,2,5,1,8,7,1,11,vietnam,0.25,0.75,1,1.0,1.38,4.0,1.33,4
Cong An Nhan,8,2,3,3,9,8,1,9,vietnam,0.25,0.75,1,1.12,1.12,4.0,1.33,5
Quang Nam,8,1,6,1,9,9,0,9,vietnam,0.12,0.88,0,1.12,1.12,8.33,1.14,5
Binh Duong,8,2,1,5,4,10,-6,7,vietnam,0.25,0.75,-6,0.5,0.88,4.0,1.33,6
Ho Chi Minh,8,0,6,2,6,10,-4,6,vietnam,0.0,1.0,-4,0.75,0.75,0.0,1.0,7
Hai Phong,8,1,3,4,6,11,-5,6,vietnam,0.12,0.88,-5,0.75,0.75,8.33,1.14,7
Song Lam Nghe,8,0,5,3,8,15,-7,5,vietnam,0.0,1.0,-7,1.0,0.62,0.0,1.0,8
Binh Dinh,8,1,2,5,5,13,-8,5,vietnam,0.12,0.88,-8,0.62,0.62,8.33,1.14,8
Gia Lai,8,1,1,6,6,15,-9,4,vietnam,0.12,0.88,-9,0.75,0.5,8.33,1.14,9
Da Nang,8,1,1,6,5,16,-11,4,vietnam,0.12,0.88,-11,0.62,0.5,8.33,1.14,9
Phu Dong,7,7,0,0,14,0,14,21,vietnam2,1.0,0.0,14,2.0,3.0,1.0,0.0,1
Binh Phuoc,7,6,1,0,10,1,9,19,vietnam2,0.86,0.14,9,1.43,2.71,1.16,7.14,2
PVF-CAND,6,3,3,0,10,4,6,12,vietnam2,0.5,0.5,6,1.67,2.0,2.0,2.0,3
Dong Nai,7,1,3,3,4,8,-4,6,vietnam2,0.14,0.86,-4,0.57,0.86,7.14,1.16,4
Ho Chi Minh B,7,1,3,3,4,8,-4,6,vietnam2,0.14,0.86,-4,0.57,0.86,7.14,1.16,4
S. Khanh Hoa,7,1,3,3,5,10,-5,6,vietnam2,0.14,0.86,-5,0.71,0.86,7.14,1.16,4
Long An,7,1,3,3,2,8,-6,6,vietnam2,0.14,0.86,-6,0.29,0.86,7.14,1.16,4
Hue,7,2,0,5,6,13,-7,6,vietnam2,0.29,0.71,-7,0.86,0.86,3.45,1.41,4
Ba Ria Vung Tau,7,2,0,5,6,16,-10,6,vietnam2,0.29,0.71,-10,0.86,0.86,3.45,1.41,4
Dong Thap,7,0,5,2,4,6,-2,5,vietnam2,0.0,1.0,-2,0.57,0.71,0.0,1.0,5
Hoa Binh,6,0,1,5,2,8,-6,1,vietnam2,0.0,1.0,-6,0.33,0.17,0.0,1.0,6
The New Saints,8,6,0,2,19,5,14,18,wales,0.75,0.25,14,2.38,2.25,1.33,4.0,1
Briton Ferry,8,4,1,3,15,17,-2,13,wales,0.5,0.5,-2,1.88,1.62,2.0,2.0,2
Barry,8,3,2,3,14,14,0,11,wales,0.38,0.62,0,1.75,1.38,2.63,1.61,3
Connahs Quay,8,3,1,4,11,9,2,10,wales,0.38,0.62,2,1.38,1.25,2.63,1.61,4
Penybont,8,3,0,5,13,18,-5,9,wales,0.38,0.62,-5,1.62,1.12,2.63,1.61,5
Haverfordwest,8,1,5,2,6,9,-3,8,wales,0.12,0.88,-3,0.75,1.0,8.33,1.14,6
Caernarfon,8,2,2,4,11,15,-4,8,wales,0.25,0.75,-4,1.38,1.0,4.0,1.33,6
Flint,8,2,1,5,9,23,-14,7,wales,0.25,0.75,-14,1.12,0.88,4.0,1.33,7
Aberystwyth,8,2,0,6,7,18,-11,6,wales,0.25,0.75,-11,0.88,0.75,4.0,1.33,8
Bala Town,8,1,2,5,8,15,-7,5,wales,0.12,0.88,-7,1.0,0.62,8.33,1.14,9
Newtown,8,1,1,6,5,14,-9,4,wales,0.12,0.88,-9,0.62,0.5,8.33,1.14,10
Cardiff MU,8,0,3,5,5,11,-6,3,wales,0.0,1.0,-6,0.62,0.38,0.0,1.0,11
