Equipe,GP,W,D,L,GF,GA,GD,Pts_Home,Liga,PIH,PIH_HA,GD_Home,PPG_Home,GF_AVG_Home,Odd_Justa_MO,Odd_Justa_HA,Rank_Home
Egnatia R.,8,5,3,0,12,5,7,18,Albania - Abissnet Superiore,0.62,1.0,7,2.25,1.5,1.61,1.0,1
Vllaznia S.,8,4,2,2,11,7,4,14,Albania - Abissnet Superiore,0.5,0.75,4,1.75,1.38,2.0,1.33,2
Teuta Durres,8,3,3,2,6,7,-1,12,Albania - Abissnet Superiore,0.38,0.75,-1,1.5,0.75,2.63,1.33,3
AF Elbasani,8,3,2,3,11,9,2,11,Albania - Abissnet Superiore,0.38,0.62,2,1.38,1.38,2.63,1.61,4
Partizani T.,8,2,5,1,10,8,2,11,Albania - Abissnet Superiore,0.25,0.88,2,1.38,1.25,4.0,1.14,4
Bylis,8,3,2,3,5,10,-5,11,Albania - Abissnet Superiore,0.38,0.62,-5,1.38,0.62,2.63,1.61,4
KF Tirana,8,2,4,2,9,12,-3,10,Albania - Abissnet Superiore,0.25,0.75,-3,1.25,1.12,4.0,1.33,5
Skenderbeu K.,8,3,1,4,10,14,-4,10,Albania - Abissnet Superiore,0.38,0.5,-4,1.25,1.25,2.63,2.0,5
Laci,8,2,3,3,10,10,0,9,Albania - Abissnet Superiore,0.25,0.62,0,1.12,1.25,4.0,1.61,6
JS Saoura,8,6,2,0,12,3,9,20,Algeria - Ligue 1,0.75,1.0,9,2.5,1.5,1.33,1.0,1
JS Kabylie,8,6,1,1,14,7,7,19,Algeria - Ligue 1,0.75,0.88,7,2.38,1.75,1.33,1.14,2
ASO Chlef,8,5,3,0,10,2,8,18,Algeria - Ligue 1,0.62,1.0,8,2.25,1.25,1.61,1.0,3
CR Belouizdad,8,5,2,1,15,4,11,17,Algeria - Ligue 1,0.62,0.88,11,2.12,1.88,1.61,1.14,4
USM Alger,8,5,2,1,12,4,8,17,Algeria - Ligue 1,0.62,0.88,8,2.12,1.5,1.61,1.14,4
MC Oran,8,5,1,2,7,4,3,16,Algeria - Ligue 1,0.62,0.75,3,2.0,0.88,1.61,1.33,5
CS Constantine,8,4,3,1,10,7,3,15,Algeria - Ligue 1,0.5,0.88,3,1.88,1.25,2.0,1.14,6
ES Setif,8,4,3,1,8,5,3,15,Algeria - Ligue 1,0.5,0.88,3,1.88,1.0,2.0,1.14,6
El Bayadh,8,4,2,2,7,5,2,14,Algeria - Ligue 1,0.5,0.75,2,1.75,0.88,2.0,1.33,7
Paradou AC,8,4,1,3,15,11,4,13,Algeria - Ligue 1,0.5,0.62,4,1.62,1.88,2.0,1.61,8
NC Magra,8,3,4,1,7,5,2,13,Algeria - Ligue 1,0.38,0.88,2,1.62,0.88,2.63,1.14,8
MC Alger,8,3,4,1,9,8,1,13,Algeria - Ligue 1,0.38,0.88,1,1.62,1.12,2.63,1.14,8
Khenchela,8,4,1,3,9,9,0,13,Algeria - Ligue 1,0.5,0.62,0,1.62,1.12,2.0,1.61,8
Mostaganem,8,3,3,2,6,6,0,12,Algeria - Ligue 1,0.38,0.75,0,1.5,0.75,2.63,1.33,9
Biskra,8,1,5,2,3,4,-1,8,Algeria - Ligue 1,0.12,0.75,-1,1.0,0.38,8.33,1.33,10
O. Akbou,8,1,3,4,5,7,-2,6,Algeria - Ligue 1,0.12,0.5,-2,0.75,0.62,8.33,2.0,11
Boca Juniors,7,6,1,0,12,2,10,19,Argentina - Liga Profesional,0.86,1.0,10,2.71,1.71,1.16,1.0,1
Independiente,6,5,1,0,14,2,12,16,Argentina - Liga Profesional,0.83,1.0,12,2.67,2.33,1.2,1.0,2
Rosario Central,5,5,0,0,10,4,6,15,Argentina - Liga Profesional,1.0,1.0,6,3.0,2.0,1.0,1.0,3
Huracan,6,4,2,0,10,3,7,14,Argentina - Liga Profesional,0.67,1.0,7,2.33,1.67,1.49,1.0,4
Central Cordoba,7,4,2,1,10,4,6,14,Argentina - Liga Profesional,0.57,0.86,6,2.0,1.43,1.75,1.16,4
Argentinos Jrs,7,4,2,1,9,4,5,14,Argentina - Liga Profesional,0.57,0.86,5,2.0,1.29,1.75,1.16,4
Estudiantes,6,4,1,1,10,5,5,13,Argentina - Liga Profesional,0.67,0.83,5,2.17,1.67,1.49,1.2,5
River Plate,6,4,1,1,7,4,3,13,Argentina - Liga Profesional,0.67,0.83,3,2.17,1.17,1.49,1.2,5
Tigre,5,4,0,1,7,2,5,12,Argentina - Liga Profesional,0.8,0.8,5,2.4,1.4,1.25,1.25,6
San Lorenzo,6,3,2,1,8,6,2,11,Argentina - Liga Profesional,0.5,0.83,2,1.83,1.33,2.0,1.2,7
Union Santa Fe,7,3,2,2,6,4,2,11,Argentina - Liga Profesional,0.43,0.71,2,1.57,0.86,2.33,1.41,7
Instituto,5,3,1,1,7,2,5,10,Argentina - Liga Profesional,0.6,0.8,5,2.0,1.4,1.67,1.25,8
Barracas C.,6,3,1,2,10,9,1,10,Argentina - Liga Profesional,0.5,0.67,1,1.67,1.67,2.0,1.49,8
Racing Club,5,3,0,2,12,5,7,9,Argentina - Liga Profesional,0.6,0.6,7,1.8,2.4,1.67,1.67,9
Lanus,6,2,3,1,7,4,3,9,Argentina - Liga Profesional,0.33,0.83,3,1.5,1.17,3.03,1.2,9
Belgrano,6,2,3,1,7,6,1,9,Argentina - Liga Profesional,0.33,0.83,1,1.5,1.17,3.03,1.2,9
Platense,6,2,3,1,5,4,1,9,Argentina - Liga Profesional,0.33,0.83,1,1.5,0.83,3.03,1.2,9
I. Rivadavia,6,2,3,1,8,8,0,9,Argentina - Liga Profesional,0.33,0.83,0,1.5,1.33,3.03,1.2,9
Gimnasia,5,2,2,1,5,3,2,8,Argentina - Liga Profesional,0.4,0.8,2,1.6,1.0,2.5,1.25,10
Sarmiento,6,1,5,0,5,4,1,8,Argentina - Liga Profesional,0.17,1.0,1,1.33,0.83,5.88,1.0,10
Defensa y J.,5,2,1,2,5,5,0,7,Argentina - Liga Profesional,0.4,0.6,0,1.4,1.0,2.5,1.67,11
Newells,6,2,1,3,4,4,0,7,Argentina - Liga Profesional,0.33,0.5,0,1.17,0.67,3.03,2.0,11
Banfield,6,1,3,2,5,4,1,6,Argentina - Liga Profesional,0.17,0.67,1,1.0,0.83,5.88,1.49,12
D. Riestra,5,0,5,0,1,1,0,5,Argentina - Liga Profesional,0.0,1.0,0,1.0,0.2,0.0,1.0,13
T. de Cordoba,6,1,2,3,6,7,-1,5,Argentina - Liga Profesional,0.17,0.5,-1,0.83,1.0,5.88,2.0,13
Godoy Cruz,6,0,5,1,2,5,-3,5,Argentina - Liga Profesional,0.0,0.83,-3,0.83,0.33,0.0,1.2,13
Aldosivi,6,1,2,3,7,15,-8,5,Argentina - Liga Profesional,0.17,0.5,-8,0.83,1.17,5.88,2.0,13
SM San Juan,7,1,1,5,3,8,-5,4,Argentina - Liga Profesional,0.14,0.29,-5,0.57,0.43,7.14,3.45,14
Velez Sarsfield,6,1,1,4,1,6,-5,4,Argentina - Liga Profesional,0.17,0.33,-5,0.67,0.17,5.88,3.03,14
Atlanta,5,4,1,0,6,1,5,13,Argentina - Primera Nacional,0.8,1.0,5,2.6,1.2,1.25,1.0,1
G. Mendoza,5,3,2,0,7,2,5,11,Argentina - Primera Nacional,0.6,1.0,5,2.2,1.4,1.67,1.0,2
San Miguel,5,3,2,0,7,2,5,11,Argentina - Primera Nacional,0.6,1.0,5,2.2,1.4,1.67,1.0,2
Colon Santa Fe,5,3,1,1,6,3,3,10,Argentina - Primera Nacional,0.6,0.8,3,2.0,1.2,1.67,1.25,3
Central Norte,5,3,1,1,6,4,2,10,Argentina - Primera Nacional,0.6,0.8,2,2.0,1.2,1.67,1.25,3
Agropecuario,4,3,0,1,6,2,4,9,Argentina - Primera Nacional,0.75,0.75,4,2.25,1.5,1.33,1.33,4
Temperley,4,3,0,1,5,2,3,9,Argentina - Primera Nacional,0.75,0.75,3,2.25,1.25,1.33,1.33,4
Chaco For Ever,5,3,0,2,5,3,2,9,Argentina - Primera Nacional,0.6,0.6,2,1.8,1.0,1.67,1.67,4
D. Madryn,4,3,0,1,5,3,2,9,Argentina - Primera Nacional,0.75,0.75,2,2.25,1.25,1.33,1.33,4
Racing Cordoba,5,2,2,1,7,4,3,8,Argentina - Primera Nacional,0.4,0.8,3,1.6,1.4,2.5,1.25,5
Quilmes,4,2,2,0,6,3,3,8,Argentina - Primera Nacional,0.5,1.0,3,2.0,1.5,2.0,1.0,5
Tristan Suarez,4,2,2,0,5,2,3,8,Argentina - Primera Nacional,0.5,1.0,3,2.0,1.25,2.0,1.0,5
Deportivo Moron,4,2,2,0,4,1,3,8,Argentina - Primera Nacional,0.5,1.0,3,2.0,1.0,2.0,1.0,5
Los Andes,5,2,2,1,6,4,2,8,Argentina - Primera Nacional,0.4,0.8,2,1.6,1.2,2.5,1.25,5
D. de Belgrano,4,2,2,0,4,2,2,8,Argentina - Primera Nacional,0.5,1.0,2,2.0,1.0,2.0,1.0,5
E. Rio Cuarto,4,2,2,0,4,2,2,8,Argentina - Primera Nacional,0.5,1.0,2,2.0,1.0,2.0,1.0,5
Gimnasia Jujuy,5,2,2,1,3,1,2,8,Argentina - Primera Nacional,0.4,0.8,2,1.6,0.6,2.5,1.25,5
SM Tucuman,4,2,2,0,3,1,2,8,Argentina - Primera Nacional,0.5,1.0,2,2.0,0.75,2.0,1.0,5
Almagro,5,2,2,1,2,1,1,8,Argentina - Primera Nacional,0.4,0.8,1,1.6,0.4,2.5,1.25,5
All Boys,4,2,1,1,6,2,4,7,Argentina - Primera Nacional,0.5,0.75,4,1.75,1.5,2.0,1.33,6
Deportivo Maipu,4,2,1,1,6,3,3,7,Argentina - Primera Nacional,0.5,0.75,3,1.75,1.5,2.0,1.33,6
CA Estudiantes,4,2,1,1,7,5,2,7,Argentina - Primera Nacional,0.5,0.75,2,1.75,1.75,2.0,1.33,6
Gimnasia y Tiro,4,2,1,1,4,3,1,7,Argentina - Primera Nacional,0.5,0.75,1,1.75,1.0,2.0,1.33,6
Almirante Brown,4,1,3,0,4,2,2,6,Argentina - Primera Nacional,0.25,1.0,2,1.5,1.0,4.0,1.0,7
Alvarado,4,1,3,0,4,2,2,6,Argentina - Primera Nacional,0.25,1.0,2,1.5,1.0,4.0,1.0,7
Ferro Carril,4,1,3,0,2,0,2,6,Argentina - Primera Nacional,0.25,1.0,2,1.5,0.5,4.0,1.0,7
San Telmo,4,2,0,2,2,6,-4,6,Argentina - Primera Nacional,0.5,0.5,-4,1.5,0.5,2.0,2.0,7
Chacarita J.,4,1,2,1,4,4,0,5,Argentina - Primera Nacional,0.25,0.75,0,1.25,1.0,4.0,1.33,8
Nueva Chicago,5,1,2,2,4,5,-1,5,Argentina - Primera Nacional,0.2,0.6,-1,1.0,0.8,5.0,1.67,8
A. Quilmes,8,6,2,0,14,3,11,20,Argentina - Primera B,0.75,1.0,11,2.5,1.75,1.33,1.0,1
Deportivo Merlo,8,5,3,0,12,5,7,18,Argentina - Primera B,0.62,1.0,7,2.25,1.5,1.61,1.0,2
Excursionistas,8,5,2,1,18,7,11,17,Argentina - Primera B,0.62,0.88,11,2.12,2.25,1.61,1.14,3
D. Armenio,8,5,2,1,14,4,10,17,Argentina - Primera B,0.62,0.88,10,2.12,1.75,1.61,1.14,3
Colegiales,8,5,2,1,10,1,9,17,Argentina - Primera B,0.62,0.88,9,2.12,1.25,1.61,1.14,3
Liniers,8,4,3,1,12,6,6,15,Argentina - Primera B,0.5,0.88,6,1.88,1.5,2.0,1.14,4
Flandria,8,4,3,1,8,3,5,15,Argentina - Primera B,0.5,0.88,5,1.88,1.0,2.0,1.14,4
Villa Dalmine,8,4,3,1,6,4,2,15,Argentina - Primera B,0.5,0.88,2,1.88,0.75,2.0,1.14,4
S. Italiano,8,4,2,2,11,3,8,14,Argentina - Primera B,0.5,0.75,8,1.75,1.38,2.0,1.33,5
Midland,8,4,2,2,11,5,6,14,Argentina - Primera B,0.5,0.75,6,1.75,1.38,2.0,1.33,5
SM Burzaco,8,4,2,2,9,4,5,14,Argentina - Primera B,0.5,0.75,5,1.75,1.12,2.0,1.33,5
Los Andes,8,4,1,3,9,6,3,13,Argentina - Primera B,0.5,0.62,3,1.62,1.12,2.0,1.61,6
UAI Urquiza,8,3,3,2,10,9,1,12,Argentina - Primera B,0.38,0.75,1,1.5,1.25,2.63,1.33,7
Sacachispas,8,3,2,3,5,7,-2,11,Argentina - Primera B,0.38,0.62,-2,1.38,0.62,2.63,1.61,8
Comunicaciones,8,2,4,2,8,8,0,10,Argentina - Primera B,0.25,0.75,0,1.25,1.0,4.0,1.33,9
Argentino Merlo,8,3,1,4,8,11,-3,10,Argentina - Primera B,0.38,0.5,-3,1.25,1.0,2.63,2.0,9
Fenix,8,2,2,4,6,7,-1,8,Argentina - Primera B,0.25,0.5,-1,1.0,0.75,4.0,2.0,10
Dock Sud,8,2,2,4,8,10,-2,8,Argentina - Primera B,0.25,0.5,-2,1.0,1.0,4.0,2.0,10
Acassuso,8,2,2,4,6,11,-5,8,Argentina - Primera B,0.25,0.5,-5,1.0,0.75,4.0,2.0,10
Canuelas,8,2,2,4,3,9,-6,8,Argentina - Primera B,0.25,0.5,-6,1.0,0.38,4.0,2.0,10
D. Laferrere,8,1,4,3,7,9,-2,7,Argentina - Primera B,0.12,0.62,-2,0.88,0.88,8.33,1.61,11
V. San Carlos,8,1,3,4,3,4,-1,6,Argentina - Primera B,0.12,0.5,-1,0.75,0.38,8.33,2.0,12
S. Las Parejas,3,2,1,0,6,0,6,7,Argentina - Torneo Federal,0.67,1.0,6,2.33,2.0,1.49,1.0,1
Sol de America,2,2,0,0,7,1,6,6,Argentina - Torneo Federal,1.0,1.0,6,3.0,3.5,1.0,1.0,2
Ciudad Bolivar,2,2,0,0,5,1,4,6,Argentina - Torneo Federal,1.0,1.0,4,3.0,2.5,1.0,1.0,2
Sarmiento DLB,2,2,0,0,5,1,4,6,Argentina - Torneo Federal,1.0,1.0,4,3.0,2.5,1.0,1.0,2
Argentino MM,2,2,0,0,4,0,4,6,Argentina - Torneo Federal,1.0,1.0,4,3.0,2.0,1.0,1.0,2
D. Rincon,2,2,0,0,3,0,3,6,Argentina - Torneo Federal,1.0,1.0,3,3.0,1.5,1.0,1.0,2
A. Rafaela,2,2,0,0,3,1,2,6,Argentina - Torneo Federal,1.0,1.0,2,3.0,1.5,1.0,1.0,2
G. Chivilcoy,2,2,0,0,3,1,2,6,Argentina - Torneo Federal,1.0,1.0,2,3.0,1.5,1.0,1.0,2
I. Chivilcoy,2,1,1,0,5,2,3,4,Argentina - Torneo Federal,0.5,1.0,3,2.0,2.5,2.0,1.0,3
Costa Brava,2,1,1,0,4,1,3,4,Argentina - Torneo Federal,0.5,1.0,3,2.0,2.0,2.0,1.0,3
S. Belgrano,2,1,1,0,3,0,3,4,Argentina - Torneo Federal,0.5,1.0,3,2.0,1.5,2.0,1.0,3
9 Julio Rafaela,2,1,1,0,3,1,2,4,Argentina - Torneo Federal,0.5,1.0,2,2.0,1.5,2.0,1.0,3
Ben Hur,2,1,1,0,3,1,2,4,Argentina - Torneo Federal,0.5,1.0,2,2.0,1.5,2.0,1.0,3
Douglas Haig,2,1,1,0,2,0,2,4,Argentina - Torneo Federal,0.5,1.0,2,2.0,1.0,2.0,1.0,3
J. Antoniana,2,1,1,0,3,2,1,4,Argentina - Torneo Federal,0.5,1.0,1,2.0,1.5,2.0,1.0,3
Bartolomé Mitre,2,1,1,0,2,1,1,4,Argentina - Torneo Federal,0.5,1.0,1,2.0,1.0,2.0,1.0,3
Huracan Las H.,2,1,1,0,2,1,1,4,Argentina - Torneo Federal,0.5,1.0,1,2.0,1.0,2.0,1.0,3
Santamarina,3,1,1,1,2,2,0,4,Argentina - Torneo Federal,0.33,0.67,0,1.33,0.67,3.03,1.49,3
Cipolletti,1,1,0,0,4,0,4,3,Argentina - Torneo Federal,1.0,1.0,4,3.0,4.0,1.0,1.0,4
Gutierrez,1,1,0,0,5,4,1,3,Argentina - Torneo Federal,1.0,1.0,1,3.0,5.0,1.0,1.0,4
Guillermo Brown,2,1,0,1,3,2,1,3,Argentina - Torneo Federal,0.5,0.5,1,1.5,1.5,2.0,2.0,4
Sol de Mayo,1,1,0,0,3,2,1,3,Argentina - Torneo Federal,1.0,1.0,1,3.0,3.0,1.0,1.0,4
Juventud U. U.,1,1,0,0,1,0,1,3,Argentina - Torneo Federal,1.0,1.0,1,3.0,1.0,1.0,1.0,4
SM Formosa,1,1,0,0,1,0,1,3,Argentina - Torneo Federal,1.0,1.0,1,3.0,1.0,1.0,1.0,4
Villa Mitre,2,1,0,1,2,2,0,3,Argentina - Torneo Federal,0.5,0.5,0,1.5,1.0,2.0,2.0,4
Crucero del N.,2,1,0,1,4,5,-1,3,Argentina - Torneo Federal,0.5,0.5,-1,1.5,2.0,2.0,2.0,4
Sarmiento R.,2,1,0,1,3,4,-1,3,Argentina - Torneo Federal,0.5,0.5,-1,1.5,1.5,2.0,2.0,4
SM Mendoza,2,0,2,0,1,1,0,2,Argentina - Torneo Federal,0.0,1.0,0,1.0,0.5,0.0,1.0,5
S. Estudiantes,2,0,2,0,0,0,0,2,Argentina - Torneo Federal,0.0,1.0,0,1.0,0.0,0.0,1.0,5
Noah,8,8,0,0,35,4,31,24,Armenia - Premier League,1.0,1.0,31,3.0,4.38,1.0,1.0,1
Urartu,8,6,0,2,14,10,4,18,Armenia - Premier League,0.75,0.75,4,2.25,1.75,1.33,1.33,2
Ararat-Armenia,8,5,1,2,17,8,9,16,Armenia - Premier League,0.62,0.75,9,2.0,2.12,1.61,1.33,3
Van,8,5,1,2,16,8,8,16,Armenia - Premier League,0.62,0.75,8,2.0,2.0,1.61,1.33,3
Pyunik,8,4,1,3,14,10,4,13,Armenia - Premier League,0.5,0.62,4,1.62,1.75,2.0,1.61,4
BKMA,8,4,1,3,12,10,2,13,Armenia - Premier League,0.5,0.62,2,1.62,1.5,2.0,1.61,4
West Armenia,8,3,2,3,8,10,-2,11,Armenia - Premier League,0.38,0.62,-2,1.38,1.0,2.63,1.61,5
Shirak,8,2,3,3,4,7,-3,9,Armenia - Premier League,0.25,0.62,-3,1.12,0.5,4.0,1.61,6
Alashkert,8,1,2,5,7,18,-11,5,Armenia - Premier League,0.12,0.38,-11,0.62,0.88,8.33,2.63,7
Ararat Yerevan,8,0,3,5,5,13,-8,3,Armenia - Premier League,0.0,0.38,-8,0.38,0.62,0.0,2.63,8
Gandzasar,8,0,0,8,2,25,-23,0,Armenia - Premier League,0.0,0.0,-23,0.0,0.25,0.0,0.0,9
Melbourne City,8,6,1,1,11,3,8,19,Australia - A-League,0.75,0.88,8,2.38,1.38,1.33,1.14,1
Western United,8,5,2,1,16,7,9,17,Australia - A-League,0.62,0.88,9,2.12,2.0,1.61,1.14,2
Melbourne V.,8,4,3,1,19,12,7,15,Australia - A-League,0.5,0.88,7,1.88,2.38,2.0,1.14,3
Sydney FC,8,4,2,2,23,13,10,14,Australia - A-League,0.5,0.75,10,1.75,2.88,2.0,1.33,4
WS Wanderers,8,4,1,3,19,14,5,13,Australia - A-League,0.5,0.62,5,1.62,2.38,2.0,1.61,5
Auckland,8,3,4,1,18,13,5,13,Australia - A-League,0.38,0.88,5,1.62,2.25,2.63,1.14,5
Newcastle Jets,8,2,3,3,15,17,-2,9,Australia - A-League,0.25,0.62,-2,1.12,1.88,4.0,1.61,6
Adelaide Utd,8,2,2,4,16,18,-2,8,Australia - A-League,0.25,0.5,-2,1.0,2.0,4.0,2.0,7
Central Coast,8,2,2,4,10,20,-10,8,Australia - A-League,0.25,0.5,-10,1.0,1.25,4.0,2.0,7
Wellington,8,1,4,3,7,9,-2,7,Australia - A-League,0.12,0.62,-2,0.88,0.88,8.33,1.61,8
Macarthur FC,8,1,4,3,13,16,-3,7,Australia - A-League,0.12,0.62,-3,0.88,1.62,8.33,1.61,8
Perth Glory,8,1,2,5,6,14,-8,5,Australia - A-League,0.12,0.38,-8,0.62,0.75,8.33,2.63,9
Brisbane Roar,8,0,1,7,4,18,-14,1,Australia - A-League,0.0,0.12,-14,0.12,0.5,0.0,8.33,10
Dandenong T.,6,5,1,0,15,7,8,16,Australia - NPL Victoria,0.83,1.0,8,2.67,2.5,1.2,1.0,1
Heidelberg Utd,5,4,1,0,14,4,10,13,Australia - NPL Victoria,0.8,1.0,10,2.6,2.8,1.25,1.0,2
Avondale,4,4,0,0,13,3,10,12,Australia - NPL Victoria,1.0,1.0,10,3.0,3.25,1.0,1.0,3
Preston Lions,4,3,0,1,7,4,3,9,Australia - NPL Victoria,0.75,0.75,3,2.25,1.75,1.33,1.33,4
Melbourne K.,6,3,0,3,11,9,2,9,Australia - NPL Victoria,0.5,0.5,2,1.5,1.83,2.0,2.0,4
Hume City,4,2,1,1,5,5,0,7,Australia - NPL Victoria,0.5,0.75,0,1.75,1.25,2.0,1.33,5
Oakleigh C.,4,2,0,2,8,5,3,6,Australia - NPL Victoria,0.5,0.5,3,1.5,2.0,2.0,2.0,6
Altona Magic,5,1,3,1,2,2,0,6,Australia - NPL Victoria,0.2,0.8,0,1.2,0.4,5.0,1.25,6
Port Melbourne,5,2,0,3,4,8,-4,6,Australia - NPL Victoria,0.4,0.4,-4,1.2,0.8,2.5,2.5,6
Green Gully,4,1,2,1,5,7,-2,5,Australia - NPL Victoria,0.25,0.75,-2,1.25,1.25,4.0,1.33,7
M. Victory B,5,1,2,2,8,11,-3,5,Australia - NPL Victoria,0.2,0.6,-3,1.0,1.6,5.0,1.67,7
St. Albans,3,1,0,2,5,6,-1,3,Australia - NPL Victoria,0.33,0.33,-1,1.0,1.67,3.03,3.03,8
South Melbourne,3,1,0,2,4,7,-3,3,Australia - NPL Victoria,0.33,0.33,-3,1.0,1.33,3.03,3.03,8
Dandenong City,5,0,2,3,6,13,-7,2,Australia - NPL Victoria,0.0,0.4,-7,0.4,1.2,0.0,2.5,9
Peninsula,3,2,1,0,8,2,6,7,Australia - NPL Queensland,0.67,1.0,6,2.33,2.67,1.49,1.0,1
Gold C. Utd,2,2,0,0,5,1,4,6,Australia - NPL Queensland,1.0,1.0,4,3.0,2.5,1.0,1.0,2
Q. Lions,1,1,0,0,3,0,3,3,Australia - NPL Queensland,1.0,1.0,3,3.0,3.0,1.0,1.0,3
Olympic FC,2,1,0,1,4,2,2,3,Australia - NPL Queensland,0.5,0.5,2,1.5,2.0,2.0,2.0,3
Gold C. Knights,1,1,0,0,3,1,2,3,Australia - NPL Queensland,1.0,1.0,2,3.0,3.0,1.0,1.0,3
Moreton City E.,1,1,0,0,3,1,2,3,Australia - NPL Queensland,1.0,1.0,2,3.0,3.0,1.0,1.0,3
Brisbane City,4,1,0,3,5,9,-4,3,Australia - NPL Queensland,0.25,0.25,-4,0.75,1.25,4.0,4.0,3
Eastern Suburbs,1,0,1,0,1,1,0,1,Australia - NPL Queensland,0.0,1.0,0,1.0,1.0,0.0,1.0,4
Wynnum Wolves,2,0,1,1,2,4,-2,1,Australia - NPL Queensland,0.0,0.5,-2,0.5,1.0,0.0,2.0,4
SC Wanderers,2,0,1,1,1,3,-2,1,Australia - NPL Queensland,0.0,0.5,-2,0.5,0.5,0.0,2.0,4
St George W.,0,0,0,0,0,0,0,0,Australia - NPL Queensland,0.0,0.0,0,0.0,0.0,0.0,0.0,5
Brisbane Roar B,1,0,0,1,1,2,-1,0,Australia - NPL Queensland,0.0,0.0,-1,0.0,1.0,0.0,0.0,5
Austria Wien,8,7,0,1,15,4,11,21,Austria - Bundesliga,0.88,0.88,11,2.62,1.88,1.14,1.14,1
Sturm Graz,8,5,2,1,26,11,15,17,Austria - Bundesliga,0.62,0.88,15,2.12,3.25,1.61,1.14,2
Rapid Wien,8,5,1,2,16,7,9,16,Austria - Bundesliga,0.62,0.75,9,2.0,2.0,1.61,1.33,3
Salzburg,8,4,3,1,15,6,9,15,Austria - Bundesliga,0.5,0.88,9,1.88,1.88,2.0,1.14,4
LASK Linz,8,4,2,2,15,10,5,14,Austria - Bundesliga,0.5,0.75,5,1.75,1.88,2.0,1.33,5
Hartberg,8,4,2,2,10,9,1,14,Austria - Bundesliga,0.5,0.75,1,1.75,1.25,2.0,1.33,5
BW Linz,8,4,0,4,13,11,2,12,Austria - Bundesliga,0.5,0.5,2,1.5,1.62,2.0,2.0,6
Wolfsberger AC,8,3,1,4,11,10,1,10,Austria - Bundesliga,0.38,0.5,1,1.25,1.38,2.63,2.0,7
A. Klagenfurt,8,2,3,3,11,13,-2,9,Austria - Bundesliga,0.25,0.62,-2,1.12,1.38,4.0,1.61,8
Tirol,8,1,4,3,6,11,-5,7,Austria - Bundesliga,0.12,0.62,-5,0.88,0.75,8.33,1.61,9
Grazer AK,8,1,2,5,8,14,-6,5,Austria - Bundesliga,0.12,0.38,-6,0.62,1.0,8.33,2.63,10
Altach,8,0,4,4,6,10,-4,4,Austria - Bundesliga,0.0,0.5,-4,0.5,0.75,0.0,2.0,11
Admira Wacker,8,6,2,0,15,5,10,20,Austria - 2. Liga,0.75,1.0,10,2.5,1.88,1.33,1.0,1
First Vienna,8,6,0,2,16,8,8,18,Austria - 2. Liga,0.75,0.75,8,2.25,2.0,1.33,1.33,2
Ried,8,5,1,2,19,9,10,16,Austria - 2. Liga,0.62,0.75,10,2.0,2.38,1.61,1.33,3
Bregenz,8,5,1,2,16,12,4,16,Austria - 2. Liga,0.62,0.75,4,2.0,2.0,1.61,1.33,3
St. Polten,8,4,2,2,15,9,6,14,Austria - 2. Liga,0.5,0.75,6,1.75,1.88,2.0,1.33,4
Sturm Graz B,8,4,2,2,8,7,1,14,Austria - 2. Liga,0.5,0.75,1,1.75,1.0,2.0,1.33,4
Liefering,8,4,1,3,14,9,5,13,Austria - 2. Liga,0.5,0.62,5,1.62,1.75,2.0,1.61,5
Kapfenberger,8,4,1,3,18,14,4,13,Austria - 2. Liga,0.5,0.62,4,1.62,2.25,2.0,1.61,5
Rapid Wien B,8,4,1,3,13,9,4,13,Austria - 2. Liga,0.5,0.62,4,1.62,1.62,2.0,1.61,5
Voitsberg,8,4,0,4,9,8,1,12,Austria - 2. Liga,0.5,0.5,1,1.5,1.12,2.0,2.0,6
Amstetten,8,3,2,3,15,12,3,11,Austria - 2. Liga,0.38,0.62,3,1.38,1.88,2.63,1.61,7
Stripfing,8,2,2,4,9,12,-3,8,Austria - 2. Liga,0.25,0.5,-3,1.0,1.12,4.0,2.0,8
A. Lustenau,8,1,4,3,5,7,-2,7,Austria - 2. Liga,0.12,0.62,-2,0.88,0.62,8.33,1.61,9
Floridsdorfer,8,1,4,3,5,10,-5,7,Austria - 2. Liga,0.12,0.62,-5,0.88,0.62,8.33,1.61,9
SV Horn,8,1,3,4,7,12,-5,6,Austria - 2. Liga,0.12,0.5,-5,0.75,0.88,8.33,2.0,10
Lafnitz,8,1,2,5,10,18,-8,5,Austria - 2. Liga,0.12,0.38,-8,0.62,1.25,8.33,2.63,11
Qarabag,8,6,1,1,22,5,17,19,Azerbaijan - Premier League,0.75,0.88,17,2.38,2.75,1.33,1.14,1
Zira,8,6,1,1,15,5,10,19,Azerbaijan - Premier League,0.75,0.88,10,2.38,1.88,1.33,1.14,1
Kapaz,8,3,4,1,11,10,1,13,Azerbaijan - Premier League,0.38,0.88,1,1.62,1.38,2.63,1.14,2
Araz,8,3,3,2,6,6,0,12,Azerbaijan - Premier League,0.38,0.75,0,1.5,0.75,2.63,1.33,3
Neftci,8,3,3,2,7,8,-1,12,Azerbaijan - Premier League,0.38,0.75,-1,1.5,0.88,2.63,1.33,3
Sabah,8,2,5,1,9,8,1,11,Azerbaijan - Premier League,0.25,0.88,1,1.38,1.12,4.0,1.14,4
Sumqayit,8,3,2,3,10,11,-1,11,Azerbaijan - Premier League,0.38,0.62,-1,1.38,1.25,2.63,1.61,4
Shamakhi,8,3,1,4,6,7,-1,10,Azerbaijan - Premier League,0.38,0.5,-1,1.25,0.75,2.63,2.0,5
Turan,8,2,3,3,9,13,-4,9,Azerbaijan - Premier League,0.25,0.62,-4,1.12,1.12,4.0,1.61,6
Sebail,8,1,2,5,2,10,-8,5,Azerbaijan - Premier League,0.12,0.38,-8,0.62,0.25,8.33,2.63,7
Al-Muharraq,7,7,0,0,26,5,21,21,Bahrain - Premier League,1.0,1.0,21,3.0,3.71,1.0,1.0,1
Khalidiya,6,6,0,0,13,3,10,18,Bahrain - Premier League,1.0,1.0,10,3.0,2.17,1.0,1.0,2
Al Riffa,7,4,1,2,13,8,5,13,Bahrain - Premier League,0.57,0.71,5,1.86,1.86,1.75,1.41,3
Al Ahli M.,7,4,1,2,12,8,4,13,Bahrain - Premier League,0.57,0.71,4,1.86,1.71,1.75,1.41,3
Sitra,6,3,1,2,9,6,3,10,Bahrain - Premier League,0.5,0.67,3,1.67,1.5,2.0,1.49,4
Malkiya,6,1,5,0,4,3,1,8,Bahrain - Premier League,0.17,1.0,1,1.33,0.67,5.88,1.0,5
Bahrain SC,6,2,1,3,8,10,-2,7,Bahrain - Premier League,0.33,0.5,-2,1.17,1.33,3.03,2.0,6
Al Shabbab,7,1,3,3,6,10,-4,6,Bahrain - Premier League,0.14,0.57,-4,0.86,0.86,7.14,1.75,7
Manama,7,1,3,3,4,13,-9,6,Bahrain - Premier League,0.14,0.57,-9,0.86,0.57,7.14,1.75,7
East Riffa,7,1,2,4,7,13,-6,5,Bahrain - Premier League,0.14,0.43,-6,0.71,1.0,7.14,2.33,8
Al-Najma,6,1,1,4,10,12,-2,4,Bahrain - Premier League,0.17,0.33,-2,0.67,1.67,5.88,3.03,9
AAli FC,6,1,1,4,5,10,-5,4,Bahrain - Premier League,0.17,0.33,-5,0.67,0.83,5.88,3.03,9
Abahani,4,4,0,0,10,1,9,12,Bangladesh - Premier League,1.0,1.0,9,3.0,2.5,1.0,1.0,1
Mohammedan,5,4,0,1,6,1,5,12,Bangladesh - Premier League,0.8,0.8,5,2.4,1.2,1.25,1.25,1
Bashundhara K.,4,3,1,0,16,3,13,10,Bangladesh - Premier League,0.75,1.0,13,2.5,4.0,1.33,1.0,2
Brothers Union,5,3,1,1,7,2,5,10,Bangladesh - Premier League,0.6,0.8,5,2.0,1.4,1.67,1.25,2
Fortis,6,2,4,0,7,4,3,10,Bangladesh - Premier League,0.33,1.0,3,1.67,1.17,3.03,1.0,2
B. Police,6,3,1,2,9,11,-2,10,Bangladesh - Premier League,0.5,0.67,-2,1.67,1.5,2.0,1.49,2
Rahmatgonj,5,3,0,2,13,7,6,9,Bangladesh - Premier League,0.6,0.6,6,1.8,2.6,1.67,1.67,3
Fakirerpool,4,1,0,3,5,12,-7,3,Bangladesh - Premier League,0.25,0.25,-7,0.75,1.25,4.0,4.0,4
Chittagong,6,1,0,5,2,15,-13,3,Bangladesh - Premier League,0.17,0.17,-13,0.5,0.33,5.88,5.88,4
Dhaka Wanderers,5,1,0,4,2,19,-17,3,Bangladesh - Premier League,0.2,0.2,-17,0.6,0.4,5.0,5.0,4
Slutsk,3,1,1,1,2,1,1,4,Belarus - Vysshaya Liga,0.33,0.67,1,1.33,0.67,3.03,1.49,1
Slavia Mozyr,1,1,0,0,4,1,3,3,Belarus - Vysshaya Liga,1.0,1.0,3,3.0,4.0,1.0,1.0,2
Neman Grodno,2,1,0,1,3,1,2,3,Belarus - Vysshaya Liga,0.5,0.5,2,1.5,1.5,2.0,2.0,2
Vitebsk,2,1,0,1,2,1,1,3,Belarus - Vysshaya Liga,0.5,0.5,1,1.5,1.0,2.0,2.0,2
Dinamo Minsk,1,1,0,0,1,0,1,3,Belarus - Vysshaya Liga,1.0,1.0,1,3.0,1.0,1.0,1.0,2
FC Minsk,2,1,0,1,3,3,0,3,Belarus - Vysshaya Liga,0.5,0.5,0,1.5,1.5,2.0,2.0,2
Isloch,2,0,2,0,3,3,0,2,Belarus - Vysshaya Liga,0.0,1.0,0,1.0,1.5,0.0,1.0,3
Arsenal D.,2,0,2,0,2,2,0,2,Belarus - Vysshaya Liga,0.0,1.0,0,1.0,1.0,0.0,1.0,3
Maxline,1,0,1,0,2,2,0,1,Belarus - Vysshaya Liga,0.0,1.0,0,1.0,2.0,0.0,1.0,4
Naftan,1,0,1,0,2,2,0,1,Belarus - Vysshaya Liga,0.0,1.0,0,1.0,2.0,0.0,1.0,4
T. Zhodino,1,0,1,0,0,0,0,1,Belarus - Vysshaya Liga,0.0,1.0,0,1.0,0.0,0.0,1.0,4
Gomel,2,0,1,1,1,2,-1,1,Belarus - Vysshaya Liga,0.0,0.5,-1,0.5,0.5,0.0,2.0,4
Smorgon,0,0,0,0,0,0,0,0,Belarus - Vysshaya Liga,0.0,0.0,0,0.0,0.0,0.0,0.0,5
BATE Borisov,1,0,0,1,0,1,-1,0,Belarus - Vysshaya Liga,0.0,0.0,-1,0.0,0.0,0.0,0.0,5
Molodechno,1,0,0,1,0,1,-1,0,Belarus - Vysshaya Liga,0.0,0.0,-1,0.0,0.0,0.0,0.0,5
Dinamo Brest,1,0,0,1,0,2,-2,0,Belarus - Vysshaya Liga,0.0,0.0,-2,0.0,0.0,0.0,0.0,5
BATE B,2,1,1,0,8,3,5,4,Belarus - First League,0.5,1.0,5,2.0,4.0,2.0,1.0,1
Dinamo Minsk B,2,1,1,0,3,1,2,4,Belarus - First League,0.5,1.0,2,2.0,1.5,2.0,1.0,1
Lida,1,1,0,0,4,1,3,3,Belarus - First League,1.0,1.0,3,3.0,4.0,1.0,1.0,2
Ostrovets,1,1,0,0,4,1,3,3,Belarus - First League,1.0,1.0,3,3.0,4.0,1.0,1.0,2
ABFF U19,1,1,0,0,2,0,2,3,Belarus - First League,1.0,1.0,2,3.0,2.0,1.0,1.0,2
Dnepr Mogilev,1,1,0,0,3,2,1,3,Belarus - First League,1.0,1.0,1,3.0,3.0,1.0,1.0,2
Volna Pinsk,1,1,0,0,3,2,1,3,Belarus - First League,1.0,1.0,1,3.0,3.0,1.0,1.0,2
Slonim,1,1,0,0,1,0,1,3,Belarus - First League,1.0,1.0,1,3.0,1.0,1.0,1.0,2
Lokomotiv Gomel,1,0,1,0,3,3,0,1,Belarus - First League,0.0,1.0,0,1.0,3.0,0.0,1.0,3
Gomel B,1,0,1,0,2,2,0,1,Belarus - First League,0.0,1.0,0,1.0,2.0,0.0,1.0,3
Niva,1,0,1,0,2,2,0,1,Belarus - First League,0.0,1.0,0,1.0,2.0,0.0,1.0,3
Bumprom,1,0,1,0,1,1,0,1,Belarus - First League,0.0,1.0,0,1.0,1.0,0.0,1.0,3
Osipovichy,1,0,1,0,1,1,0,1,Belarus - First League,0.0,1.0,0,1.0,1.0,0.0,1.0,3
Belshina,0,0,0,0,0,0,0,0,Belarus - First League,0.0,0.0,0,0.0,0.0,0.0,0.0,4
Orsha,0,0,0,0,0,0,0,0,Belarus - First League,0.0,0.0,0,0.0,0.0,0.0,0.0,4
Uni X L. Minsk,0,0,0,0,0,0,0,0,Belarus - First League,0.0,0.0,0,0.0,0.0,0.0,0.0,4
Baranovichi,1,0,0,1,1,2,-1,0,Belarus - First League,0.0,0.0,-1,0.0,1.0,0.0,0.0,4
Minsk B,1,0,0,1,0,1,-1,0,Belarus - First League,0.0,0.0,-1,0.0,0.0,0.0,0.0,4
KRC Genk,8,7,1,0,15,4,11,22,Belgium - Pro League,0.88,1.0,11,2.75,1.88,1.14,1.0,1
Club Brugge,8,6,1,1,21,11,10,19,Belgium - Pro League,0.75,0.88,10,2.38,2.62,1.33,1.14,2
Royale Union SG,8,6,1,1,17,7,10,19,Belgium - Pro League,0.75,0.88,10,2.38,2.12,1.33,1.14,2
OH Leuven,8,5,3,0,10,4,6,18,Belgium - Pro League,0.62,1.0,6,2.25,1.25,1.61,1.0,3
Anderlecht,8,5,0,3,19,10,9,15,Belgium - Pro League,0.62,0.62,9,1.88,2.38,1.61,1.61,4
Gent,8,3,3,2,11,10,1,12,Belgium - Pro League,0.38,0.75,1,1.5,1.38,2.63,1.33,5
Antwerp,8,3,3,2,13,13,0,12,Belgium - Pro League,0.38,0.75,0,1.5,1.62,2.63,1.33,5
Westerlo,8,3,2,3,16,12,4,11,Belgium - Pro League,0.38,0.62,4,1.38,2.0,2.63,1.61,6
Standard Liege,8,3,2,3,5,6,-1,11,Belgium - Pro League,0.38,0.62,-1,1.38,0.62,2.63,1.61,6
KV Mechelen,8,2,4,2,12,10,2,10,Belgium - Pro League,0.25,0.75,2,1.25,1.5,4.0,1.33,7
Sint-Truiden,8,2,4,2,13,12,1,10,Belgium - Pro League,0.25,0.75,1,1.25,1.62,4.0,1.33,7
Beerschot,8,2,4,2,9,12,-3,10,Belgium - Pro League,0.25,0.75,-3,1.25,1.12,4.0,1.33,7
Cercle Brugge,8,2,4,2,5,10,-5,10,Belgium - Pro League,0.25,0.75,-5,1.25,0.62,4.0,1.33,7
Charleroi,8,2,3,3,11,8,3,9,Belgium - Pro League,0.25,0.62,3,1.12,1.38,4.0,1.61,8
Dender,8,2,3,3,5,7,-2,9,Belgium - Pro League,0.25,0.62,-2,1.12,0.62,4.0,1.61,8
Kortrijk,8,2,1,5,8,12,-4,7,Belgium - Pro League,0.25,0.38,-4,0.88,1.0,4.0,2.63,9
Zulte-Waregem,8,7,0,1,23,9,14,21,Belgium - Challenger Pro League,0.88,0.88,14,2.62,2.88,1.14,1.14,1
RWDM,8,7,0,1,10,3,7,21,Belgium - Challenger Pro League,0.88,0.88,7,2.62,1.25,1.14,1.14,1
La Louviere,8,5,3,0,14,6,8,18,Belgium - Challenger Pro League,0.62,1.0,8,2.25,1.75,1.61,1.0,2
Beveren,8,5,2,1,14,5,9,17,Belgium - Challenger Pro League,0.62,0.88,9,2.12,1.75,1.61,1.14,3
Patro Eisden,8,4,2,2,16,8,8,14,Belgium - Challenger Pro League,0.5,0.75,8,1.75,2.0,2.0,1.33,4
RFC Liege,8,3,3,2,10,9,1,12,Belgium - Challenger Pro League,0.38,0.75,1,1.5,1.25,2.63,1.33,5
Lierse K.,8,3,3,2,9,8,1,12,Belgium - Challenger Pro League,0.38,0.75,1,1.5,1.12,2.63,1.33,5
Club Brugge B,8,4,0,4,10,11,-1,12,Belgium - Challenger Pro League,0.5,0.5,-1,1.5,1.25,2.0,2.0,5
Lokeren-Temse,8,3,2,3,7,13,-6,11,Belgium - Challenger Pro League,0.38,0.62,-6,1.38,0.88,2.63,1.61,6
Eupen,8,3,1,4,13,14,-1,10,Belgium - Challenger Pro League,0.38,0.5,-1,1.25,1.62,2.63,2.0,7
Anderlecht B,8,2,2,4,15,13,2,8,Belgium - Challenger Pro League,0.25,0.5,2,1.0,1.88,4.0,2.0,8
Francs Borains,8,2,2,4,10,14,-4,8,Belgium - Challenger Pro League,0.25,0.5,-4,1.0,1.25,4.0,2.0,8
Seraing,8,0,4,4,9,15,-6,4,Belgium - Challenger Pro League,0.0,0.5,-6,0.5,1.12,0.0,2.0,9
Lommel SK,8,1,1,6,7,13,-6,4,Belgium - Challenger Pro League,0.12,0.25,-6,0.5,0.88,8.33,4.0,9
KRC Genk B,8,0,3,5,10,16,-6,3,Belgium - Challenger Pro League,0.0,0.38,-6,0.38,1.25,0.0,2.63,10
Deinze,0,0,0,0,0,0,0,0,Belgium - Challenger Pro League,0.0,0.0,0,0.0,0.0,0.0,0.0,11
Aurora,1,1,0,0,5,1,4,3,Bolivia - Primera Div. - Apertura,1.0,1.0,4,3.0,5.0,1.0,1.0,1
Guabira,1,1,0,0,5,2,3,3,Bolivia - Primera Div. - Apertura,1.0,1.0,3,3.0,5.0,1.0,1.0,1
U. de Vinto,1,1,0,0,4,2,2,3,Bolivia - Primera Div. - Apertura,1.0,1.0,2,3.0,4.0,1.0,1.0,1
Blooming,1,1,0,0,3,1,2,3,Bolivia - Primera Div. - Apertura,1.0,1.0,2,3.0,3.0,1.0,1.0,1
Bolivar,1,1,0,0,3,1,2,3,Bolivia - Primera Div. - Apertura,1.0,1.0,2,3.0,3.0,1.0,1.0,1
Gualberto V. SJ,1,1,0,0,3,1,2,3,Bolivia - Primera Div. - Apertura,1.0,1.0,2,3.0,3.0,1.0,1.0,1
ABB,1,1,0,0,2,0,2,3,Bolivia - Primera Div. - Apertura,1.0,1.0,2,3.0,2.0,1.0,1.0,1
SA Bulo Bulo,1,1,0,0,2,0,2,3,Bolivia - Primera Div. - Apertura,1.0,1.0,2,3.0,2.0,1.0,1.0,1
The Strongest,1,1,0,0,2,0,2,3,Bolivia - Primera Div. - Apertura,1.0,1.0,2,3.0,2.0,1.0,1.0,1
Always Ready,1,1,0,0,2,1,1,3,Bolivia - Primera Div. - Apertura,1.0,1.0,1,3.0,2.0,1.0,1.0,1
Real Tomayapo,1,1,0,0,2,1,1,3,Bolivia - Primera Div. - Apertura,1.0,1.0,1,3.0,2.0,1.0,1.0,1
Oriente P.,1,0,1,0,0,0,0,1,Bolivia - Primera Div. - Apertura,0.0,1.0,0,1.0,0.0,0.0,1.0,2
Nacional Potosi,1,0,0,1,0,1,-1,0,Bolivia - Primera Div. - Apertura,0.0,0.0,-1,0.0,0.0,0.0,0.0,3
Real Oruro,1,0,0,1,0,1,-1,0,Bolivia - Primera Div. - Apertura,0.0,0.0,-1,0.0,0.0,0.0,0.0,3
Wilstermann,1,0,0,1,0,1,-1,0,Bolivia - Primera Div. - Apertura,0.0,0.0,-1,0.0,0.0,0.0,0.0,3
I. Petrolero,1,0,0,1,0,2,-2,0,Bolivia - Primera Div. - Apertura,0.0,0.0,-2,0.0,0.0,0.0,0.0,3
Gualberto V. SJ,8,7,1,0,31,6,25,22,Bolivia - Primera Div. - Clausura,0.88,1.0,25,2.75,3.88,1.14,1.0,1
The Strongest,8,7,1,0,27,6,21,22,Bolivia - Primera Div. - Clausura,0.88,1.0,21,2.75,3.38,1.14,1.0,1
Bolivar,8,6,1,1,25,8,17,19,Bolivia - Primera Div. - Clausura,0.75,0.88,17,2.38,3.12,1.33,1.14,2
Nacional Potosi,8,5,1,2,17,8,9,16,Bolivia - Primera Div. - Clausura,0.62,0.75,9,2.0,2.12,1.61,1.33,3
Aurora,8,5,1,2,15,8,7,16,Bolivia - Primera Div. - Clausura,0.62,0.75,7,2.0,1.88,1.61,1.33,3
Real Tomayapo,8,5,1,2,12,8,4,16,Bolivia - Primera Div. - Clausura,0.62,0.75,4,2.0,1.5,1.61,1.33,3
Always Ready,8,4,2,2,15,11,4,14,Bolivia - Primera Div. - Clausura,0.5,0.75,4,1.75,1.88,2.0,1.33,4
Wilstermann,8,3,4,1,15,11,4,13,Bolivia - Primera Div. - Clausura,0.38,0.88,4,1.62,1.88,2.63,1.14,5
Blooming,8,3,4,1,11,7,4,13,Bolivia - Primera Div. - Clausura,0.38,0.88,4,1.62,1.38,2.63,1.14,5
Oriente P.,8,4,1,3,18,15,3,13,Bolivia - Primera Div. - Clausura,0.5,0.62,3,1.62,2.25,2.0,1.61,5
Guabira,8,4,1,3,11,9,2,13,Bolivia - Primera Div. - Clausura,0.5,0.62,2,1.62,1.38,2.0,1.61,5
Royal Pari,8,4,1,3,9,7,2,13,Bolivia - Primera Div. - Clausura,0.5,0.62,2,1.62,1.12,2.0,1.61,5
I. Petrolero,8,3,2,3,17,18,-1,11,Bolivia - Primera Div. - Clausura,0.38,0.62,-1,1.38,2.12,2.63,1.61,6
U. de Vinto,8,3,1,4,11,12,-1,10,Bolivia - Primera Div. - Clausura,0.38,0.5,-1,1.25,1.38,2.63,2.0,7
SA Bulo Bulo,8,1,2,5,15,19,-4,5,Bolivia - Primera Div. - Clausura,0.12,0.38,-4,0.62,1.88,8.33,2.63,8
Santa Cruz,8,1,1,6,7,17,-10,4,Bolivia - Primera Div. - Clausura,0.12,0.25,-10,0.5,0.88,8.33,4.0,9
Corinthians,1,1,0,0,3,0,3,3,Brazil - Serie A,1.0,1.0,3,3.0,3.0,1.0,1.0,1
Internacional,1,1,0,0,3,0,3,3,Brazil - Serie A,1.0,1.0,3,3.0,3.0,1.0,1.0,1
Botafogo,1,1,0,0,2,0,2,3,Brazil - Serie A,1.0,1.0,2,3.0,2.0,1.0,1.0,1
Ceara,1,1,0,0,2,0,2,3,Brazil - Serie A,1.0,1.0,2,3.0,2.0,1.0,1.0,1
Fortaleza,1,1,0,0,2,0,2,3,Brazil - Serie A,1.0,1.0,2,3.0,2.0,1.0,1.0,1
Juventude,1,1,0,0,2,0,2,3,Brazil - Serie A,1.0,1.0,2,3.0,2.0,1.0,1.0,1
Cruzeiro,1,1,0,0,2,1,1,3,Brazil - Serie A,1.0,1.0,1,3.0,2.0,1.0,1.0,1
Fluminense,1,1,0,0,2,1,1,3,Brazil - Serie A,1.0,1.0,1,3.0,2.0,1.0,1.0,1
Gremio,1,1,0,0,2,1,1,3,Brazil - Serie A,1.0,1.0,1,3.0,2.0,1.0,1.0,1
Vasco da Gama,1,1,0,0,2,1,1,3,Brazil - Serie A,1.0,1.0,1,3.0,2.0,1.0,1.0,1
Bragantino,1,0,1,0,2,2,0,1,Brazil - Serie A,0.0,1.0,0,1.0,2.0,0.0,1.0,2
Santos,1,0,1,0,2,2,0,1,Brazil - Serie A,0.0,1.0,0,1.0,2.0,0.0,1.0,2
Bahia,1,0,1,0,1,1,0,1,Brazil - Serie A,0.0,1.0,0,1.0,1.0,0.0,1.0,2
Flamengo,1,0,1,0,1,1,0,1,Brazil - Serie A,0.0,1.0,0,1.0,1.0,0.0,1.0,2
Mirassol,1,0,1,0,1,1,0,1,Brazil - Serie A,0.0,1.0,0,1.0,1.0,0.0,1.0,2
Atletico MG,1,0,1,0,0,0,0,1,Brazil - Serie A,0.0,1.0,0,1.0,0.0,0.0,1.0,2
Palmeiras,1,0,1,0,0,0,0,1,Brazil - Serie A,0.0,1.0,0,1.0,0.0,0.0,1.0,2
Sao Paulo,1,0,1,0,0,0,0,1,Brazil - Serie A,0.0,1.0,0,1.0,0.0,0.0,1.0,2
Sport Recife,1,0,0,1,1,2,-1,0,Brazil - Serie A,0.0,0.0,-1,0.0,1.0,0.0,0.0,3
Vitoria,1,0,0,1,1,2,-1,0,Brazil - Serie A,0.0,0.0,-1,0.0,1.0,0.0,0.0,3
America MG,1,1,0,0,1,0,1,3,Brazil - Serie B,1.0,1.0,1,3.0,1.0,1.0,1.0,1
Coritiba,1,1,0,0,1,0,1,3,Brazil - Serie B,1.0,1.0,1,3.0,1.0,1.0,1.0,1
CRB,1,1,0,0,1,0,1,3,Brazil - Serie B,1.0,1.0,1,3.0,1.0,1.0,1.0,1
Goias,1,1,0,0,1,0,1,3,Brazil - Serie B,1.0,1.0,1,3.0,1.0,1.0,1.0,1
Avai,1,0,1,0,1,1,0,1,Brazil - Serie B,0.0,1.0,0,1.0,1.0,0.0,1.0,2
Ferroviaria,1,0,1,0,1,1,0,1,Brazil - Serie B,0.0,1.0,0,1.0,1.0,0.0,1.0,2
Amazonas,0,0,0,0,0,0,0,0,Brazil - Serie B,0.0,0.0,0,0.0,0.0,0.0,0.0,3
Athletic Club,0,0,0,0,0,0,0,0,Brazil - Serie B,0.0,0.0,0,0.0,0.0,0.0,0.0,3
Athletico PR,0,0,0,0,0,0,0,0,Brazil - Serie B,0.0,0.0,0,0.0,0.0,0.0,0.0,3
Atletico GO,0,0,0,0,0,0,0,0,Brazil - Serie B,0.0,0.0,0,0.0,0.0,0.0,0.0,3
Botafogo SP,0,0,0,0,0,0,0,0,Brazil - Serie B,0.0,0.0,0,0.0,0.0,0.0,0.0,3
Chapecoense,0,0,0,0,0,0,0,0,Brazil - Serie B,0.0,0.0,0,0.0,0.0,0.0,0.0,3
Cuiaba,0,0,0,0,0,0,0,0,Brazil - Serie B,0.0,0.0,0,0.0,0.0,0.0,0.0,3
Novorizontino,0,0,0,0,0,0,0,0,Brazil - Serie B,0.0,0.0,0,0.0,0.0,0.0,0.0,3
Operario PR,0,0,0,0,0,0,0,0,Brazil - Serie B,0.0,0.0,0,0.0,0.0,0.0,0.0,3
Remo,0,0,0,0,0,0,0,0,Brazil - Serie B,0.0,0.0,0,0.0,0.0,0.0,0.0,3
Vila Nova,0,0,0,0,0,0,0,0,Brazil - Serie B,0.0,0.0,0,0.0,0.0,0.0,0.0,3
Criciuma,1,0,0,1,1,2,-1,0,Brazil - Serie B,0.0,0.0,-1,0.0,1.0,0.0,0.0,3
Paysandu,1,0,0,1,1,2,-1,0,Brazil - Serie B,0.0,0.0,-1,0.0,1.0,0.0,0.0,3
Volta Redonda,1,0,0,1,0,1,-1,0,Brazil - Serie B,0.0,0.0,-1,0.0,0.0,0.0,0.0,3
ABC,0,0,0,0,0,0,0,0,Brazil - Serie C,0.0,0.0,0,0.0,0.0,0.0,0.0,1
Anapolis,0,0,0,0,0,0,0,0,Brazil - Serie C,0.0,0.0,0,0.0,0.0,0.0,0.0,1
Botafogo PB,0,0,0,0,0,0,0,0,Brazil - Serie C,0.0,0.0,0,0.0,0.0,0.0,0.0,1
Brusque,0,0,0,0,0,0,0,0,Brazil - Serie C,0.0,0.0,0,0.0,0.0,0.0,0.0,1
Caxias,0,0,0,0,0,0,0,0,Brazil - Serie C,0.0,0.0,0,0.0,0.0,0.0,0.0,1
Confianca,0,0,0,0,0,0,0,0,Brazil - Serie C,0.0,0.0,0,0.0,0.0,0.0,0.0,1
CSA,0,0,0,0,0,0,0,0,Brazil - Serie C,0.0,0.0,0,0.0,0.0,0.0,0.0,1
Figueirense,0,0,0,0,0,0,0,0,Brazil - Serie C,0.0,0.0,0,0.0,0.0,0.0,0.0,1
Floresta,0,0,0,0,0,0,0,0,Brazil - Serie C,0.0,0.0,0,0.0,0.0,0.0,0.0,1
Guarani,0,0,0,0,0,0,0,0,Brazil - Serie C,0.0,0.0,0,0.0,0.0,0.0,0.0,1
Itabaiana,0,0,0,0,0,0,0,0,Brazil - Serie C,0.0,0.0,0,0.0,0.0,0.0,0.0,1
Ituano,0,0,0,0,0,0,0,0,Brazil - Serie C,0.0,0.0,0,0.0,0.0,0.0,0.0,1
Londrina,0,0,0,0,0,0,0,0,Brazil - Serie C,0.0,0.0,0,0.0,0.0,0.0,0.0,1
Maringa,0,0,0,0,0,0,0,0,Brazil - Serie C,0.0,0.0,0,0.0,0.0,0.0,0.0,1
Nautico,0,0,0,0,0,0,0,0,Brazil - Serie C,0.0,0.0,0,0.0,0.0,0.0,0.0,1
Ponte Preta,0,0,0,0,0,0,0,0,Brazil - Serie C,0.0,0.0,0,0.0,0.0,0.0,0.0,1
Retro,0,0,0,0,0,0,0,0,Brazil - Serie C,0.0,0.0,0,0.0,0.0,0.0,0.0,1
Sao Bernardo,0,0,0,0,0,0,0,0,Brazil - Serie C,0.0,0.0,0,0.0,0.0,0.0,0.0,1
Tombense,0,0,0,0,0,0,0,0,Brazil - Serie C,0.0,0.0,0,0.0,0.0,0.0,0.0,1
Ypiranga,0,0,0,0,0,0,0,0,Brazil - Serie C,0.0,0.0,0,0.0,0.0,0.0,0.0,1
Agua Santa,0,0,0,0,0,0,0,0,Brazil - Serie D,0.0,0.0,0,0.0,0.0,0.0,0.0,1
Aguia de Maraba,0,0,0,0,0,0,0,0,Brazil - Serie D,0.0,0.0,0,0.0,0.0,0.0,0.0,1
Altos,0,0,0,0,0,0,0,0,Brazil - Serie D,0.0,0.0,0,0.0,0.0,0.0,0.0,1
America RN,0,0,0,0,0,0,0,0,Brazil - Serie D,0.0,0.0,0,0.0,0.0,0.0,0.0,1
Aparecidense,0,0,0,0,0,0,0,0,Brazil - Serie D,0.0,0.0,0,0.0,0.0,0.0,0.0,1
ASA,0,0,0,0,0,0,0,0,Brazil - Serie D,0.0,0.0,0,0.0,0.0,0.0,0.0,1
Azuriz,0,0,0,0,0,0,0,0,Brazil - Serie D,0.0,0.0,0,0.0,0.0,0.0,0.0,1
Barcelona BA,0,0,0,0,0,0,0,0,Brazil - Serie D,0.0,0.0,0,0.0,0.0,0.0,0.0,1
Barra FC,0,0,0,0,0,0,0,0,Brazil - Serie D,0.0,0.0,0,0.0,0.0,0.0,0.0,1
Boavista,0,0,0,0,0,0,0,0,Brazil - Serie D,0.0,0.0,0,0.0,0.0,0.0,0.0,1
Brasil de P.,0,0,0,0,0,0,0,0,Brazil - Serie D,0.0,0.0,0,0.0,0.0,0.0,0.0,1
Capital,0,0,0,0,0,0,0,0,Brazil - Serie D,0.0,0.0,0,0.0,0.0,0.0,0.0,1
Cascavel,0,0,0,0,0,0,0,0,Brazil - Serie D,0.0,0.0,0,0.0,0.0,0.0,0.0,1
Ceilandia,0,0,0,0,0,0,0,0,Brazil - Serie D,0.0,0.0,0,0.0,0.0,0.0,0.0,1
Central,0,0,0,0,0,0,0,0,Brazil - Serie D,0.0,0.0,0,0.0,0.0,0.0,0.0,1
CFRJ . Marica,0,0,0,0,0,0,0,0,Brazil - Serie D,0.0,0.0,0,0.0,0.0,0.0,0.0,1
Cianorte,0,0,0,0,0,0,0,0,Brazil - Serie D,0.0,0.0,0,0.0,0.0,0.0,0.0,1
EC Sao Jose,0,0,0,0,0,0,0,0,Brazil - Serie D,0.0,0.0,0,0.0,0.0,0.0,0.0,1
Ferroviario,0,0,0,0,0,0,0,0,Brazil - Serie D,0.0,0.0,0,0.0,0.0,0.0,0.0,1
GAS,0,0,0,0,0,0,0,0,Brazil - Serie D,0.0,0.0,0,0.0,0.0,0.0,0.0,1
Goianesia,0,0,0,0,0,0,0,0,Brazil - Serie D,0.0,0.0,0,0.0,0.0,0.0,0.0,1
Goiania,0,0,0,0,0,0,0,0,Brazil - Serie D,0.0,0.0,0,0.0,0.0,0.0,0.0,1
Goiatuba EC,0,0,0,0,0,0,0,0,Brazil - Serie D,0.0,0.0,0,0.0,0.0,0.0,0.0,1
Guarany de Bage,0,0,0,0,0,0,0,0,Brazil - Serie D,0.0,0.0,0,0.0,0.0,0.0,0.0,1
Horizonte,0,0,0,0,0,0,0,0,Brazil - Serie D,0.0,0.0,0,0.0,0.0,0.0,0.0,1
Humaita,0,0,0,0,0,0,0,0,Brazil - Serie D,0.0,0.0,0,0.0,0.0,0.0,0.0,1
Iguatu,0,0,0,0,0,0,0,0,Brazil - Serie D,0.0,0.0,0,0.0,0.0,0.0,0.0,1
Imperatriz,0,0,0,0,0,0,0,0,Brazil - Serie D,0.0,0.0,0,0.0,0.0,0.0,0.0,1
Independencia,0,0,0,0,0,0,0,0,Brazil - Serie D,0.0,0.0,0,0.0,0.0,0.0,0.0,1
Flamengo,6,4,0,2,12,4,8,12,Brazil - Carioca,0.67,0.67,8,2.0,2.0,1.49,1.49,1
Vasco da Gama,6,3,2,1,10,5,5,11,Brazil - Carioca,0.5,0.83,5,1.83,1.67,2.0,1.2,2
Sampaio Correa,5,3,1,1,9,5,4,10,Brazil - Carioca,0.6,0.8,4,2.0,1.8,1.67,1.25,3
Fluminense,6,2,4,0,7,4,3,10,Brazil - Carioca,0.33,1.0,3,1.67,1.17,3.03,1.0,3
Volta Redonda,5,3,1,1,5,4,1,10,Brazil - Carioca,0.6,0.8,1,2.0,1.0,1.67,1.25,3
Botafogo,6,3,0,3,8,7,1,9,Brazil - Carioca,0.5,0.5,1,1.5,1.33,2.0,2.0,4
Nova Iguacu,6,2,3,1,5,4,1,9,Brazil - Carioca,0.33,0.83,1,1.5,0.83,3.03,1.2,4
Boavista,6,1,5,0,7,5,2,8,Brazil - Carioca,0.17,1.0,2,1.33,1.17,5.88,1.0,5
CFRJ . Marica,5,2,2,1,6,4,2,8,Brazil - Carioca,0.4,0.8,2,1.6,1.2,2.5,1.25,5
Madureira,5,2,2,1,4,2,2,8,Brazil - Carioca,0.4,0.8,2,1.6,0.8,2.5,1.25,5
Portuguesa RJ,5,2,0,3,6,11,-5,6,Brazil - Carioca,0.4,0.4,-5,1.2,1.2,2.5,2.5,6
Bangu,5,0,1,4,0,10,-10,1,Brazil - Carioca,0.0,0.2,-10,0.2,0.0,0.0,5.0,7
Tombense,4,3,1,0,4,1,3,10,Brazil - Mineiro,0.75,1.0,3,2.5,1.0,1.33,1.0,1
Athletic Club,4,3,0,1,11,6,5,9,Brazil - Mineiro,0.75,0.75,5,2.25,2.75,1.33,1.33,2
America MG,4,2,2,0,10,1,9,8,Brazil - Mineiro,0.5,1.0,9,2.0,2.5,2.0,1.0,3
Atletico MG,4,2,2,0,6,2,4,8,Brazil - Mineiro,0.5,1.0,4,2.0,1.5,2.0,1.0,3
Cruzeiro,4,2,1,1,5,4,1,7,Brazil - Mineiro,0.5,0.75,1,1.75,1.25,2.0,1.33,4
Uberlandia,4,1,2,1,6,4,2,5,Brazil - Mineiro,0.25,0.75,2,1.25,1.5,4.0,1.33,5
Betim,4,1,2,1,4,3,1,5,Brazil - Mineiro,0.25,0.75,1,1.25,1.0,4.0,1.33,5
Aymores,4,1,2,1,3,2,1,5,Brazil - Mineiro,0.25,0.75,1,1.25,0.75,4.0,1.33,5
Pouso Alegre,4,1,1,2,2,4,-2,4,Brazil - Mineiro,0.25,0.5,-2,1.0,0.5,4.0,2.0,6
Itabirito,4,1,1,2,2,5,-3,4,Brazil - Mineiro,0.25,0.5,-3,1.0,0.5,4.0,2.0,6
Democrata GV,4,1,0,3,4,7,-3,3,Brazil - Mineiro,0.25,0.25,-3,0.75,1.0,4.0,4.0,7
Villa Nova,4,0,0,4,1,8,-7,0,Brazil - Mineiro,0.0,0.0,-7,0.0,0.25,0.0,0.0,8
Anapolis,6,4,1,1,9,4,5,13,Brazil - Goiano,0.67,0.83,5,2.17,1.5,1.49,1.2,1
Vila Nova,6,3,3,0,3,0,3,12,Brazil - Goiano,0.5,1.0,3,2.0,0.5,2.0,1.0,2
Goias,6,3,2,1,7,3,4,11,Brazil - Goiano,0.5,0.83,4,1.83,1.17,2.0,1.2,3
Aparecidense,6,3,1,2,6,3,3,10,Brazil - Goiano,0.5,0.67,3,1.67,1.0,2.0,1.49,4
Jataiense,5,3,0,2,9,5,4,9,Brazil - Goiano,0.6,0.6,4,1.8,1.8,1.67,1.67,5
CRAC,5,2,3,0,6,3,3,9,Brazil - Goiano,0.4,1.0,3,1.8,1.2,2.5,1.0,5
ABECAT Ouvidore,5,3,0,2,6,4,2,9,Brazil - Goiano,0.6,0.6,2,1.8,1.2,1.67,1.67,5
Atletico GO,6,2,3,1,4,4,0,9,Brazil - Goiano,0.33,0.83,0,1.5,0.67,3.03,1.2,5
Inhumas,5,3,0,2,6,8,-2,9,Brazil - Goiano,0.6,0.6,-2,1.8,1.2,1.67,1.67,5
Goiania,6,2,1,3,6,8,-2,7,Brazil - Goiano,0.33,0.5,-2,1.17,1.0,3.03,2.0,6
Goianesia,5,1,3,1,7,5,2,6,Brazil - Goiano,0.2,0.8,2,1.2,1.4,5.0,1.25,7
Goiatuba EC,5,2,0,3,3,6,-3,6,Brazil - Goiano,0.4,0.4,-3,1.2,0.6,2.5,2.5,7
Santa Cruz,5,5,0,0,8,1,7,15,Brazil - Pernambucano,1.0,1.0,7,3.0,1.6,1.0,1.0,1
Nautico,5,4,1,0,12,4,8,13,Brazil - Pernambucano,0.8,1.0,8,2.6,2.4,1.25,1.0,2
Maguary PE,4,3,1,0,8,1,7,10,Brazil - Pernambucano,0.75,1.0,7,2.5,2.0,1.33,1.0,3
Jaguar,4,3,0,1,5,6,-1,9,Brazil - Pernambucano,0.75,0.75,-1,2.25,1.25,1.33,1.33,4
Sport Recife,5,2,2,1,12,5,7,8,Brazil - Pernambucano,0.4,0.8,7,1.6,2.4,2.5,1.25,5
Decisao,4,2,2,0,6,2,4,8,Brazil - Pernambucano,0.5,1.0,4,2.0,1.5,2.0,1.0,5
Retro,5,2,2,1,5,5,0,8,Brazil - Pernambucano,0.4,0.8,0,1.6,1.0,2.5,1.25,5
Central,5,2,1,2,6,5,1,7,Brazil - Pernambucano,0.4,0.6,1,1.4,1.2,2.5,1.67,6
Afogados,4,0,4,0,4,4,0,4,Brazil - Pernambucano,0.0,1.0,0,1.0,1.0,0.0,1.0,7
Petrolina,4,0,1,3,1,5,-4,1,Brazil - Pernambucano,0.0,0.25,-4,0.25,0.25,0.0,4.0,8
Corinthians,6,5,1,0,12,6,6,16,Brazil - Paulista,0.83,1.0,6,2.67,2.0,1.2,1.0,1
Santos,6,4,1,1,13,6,7,13,Brazil - Paulista,0.67,0.83,7,2.17,2.17,1.49,1.2,2
Bragantino,6,4,0,2,9,5,4,12,Brazil - Paulista,0.67,0.67,4,2.0,1.5,1.49,1.49,3
Sao Paulo,6,3,2,1,12,7,5,11,Brazil - Paulista,0.5,0.83,5,1.83,2.0,2.0,1.2,4
Guarani,6,3,2,1,10,5,5,11,Brazil - Paulista,0.5,0.83,5,1.83,1.67,2.0,1.2,4
Mirassol,6,3,1,2,15,9,6,10,Brazil - Paulista,0.5,0.67,6,1.67,2.5,2.0,1.49,5
Sao Bernardo,6,3,1,2,10,9,1,10,Brazil - Paulista,0.5,0.67,1,1.67,1.67,2.0,1.49,5
Velo Clube,6,3,1,2,7,7,0,10,Brazil - Paulista,0.5,0.67,0,1.67,1.17,2.0,1.49,5
Palmeiras,6,2,3,1,7,4,3,9,Brazil - Paulista,0.33,0.83,3,1.5,1.17,3.03,1.2,6
Portuguesa,6,2,3,1,11,9,2,9,Brazil - Paulista,0.33,0.83,2,1.5,1.83,3.03,1.2,6
Botafogo SP,6,2,2,2,4,4,0,8,Brazil - Paulista,0.33,0.67,0,1.33,0.67,3.03,1.49,7
Agua Santa,6,1,3,2,7,6,1,6,Brazil - Paulista,0.17,0.67,1,1.0,1.17,5.88,1.49,8
Novorizontino,6,1,3,2,4,5,-1,6,Brazil - Paulista,0.17,0.67,-1,1.0,0.67,5.88,1.49,8
Ponte Preta,6,1,3,2,3,4,-1,6,Brazil - Paulista,0.17,0.67,-1,1.0,0.5,5.88,1.49,8
Noroeste,6,0,4,2,7,9,-2,4,Brazil - Paulista,0.0,0.67,-2,0.67,1.17,0.0,1.49,9
Inter Limeira,6,0,3,3,3,10,-7,3,Brazil - Paulista,0.0,0.5,-7,0.5,0.5,0.0,2.0,10
Serra Branca,5,4,1,0,18,4,14,13,Brazil - Paraibano,0.8,1.0,14,2.6,3.6,1.25,1.0,1
Botafogo PB,5,4,1,0,15,4,11,13,Brazil - Paraibano,0.8,1.0,11,2.6,3.0,1.25,1.0,1
Sousa,5,4,0,1,9,2,7,12,Brazil - Paraibano,0.8,0.8,7,2.4,1.8,1.25,1.25,2
Treze,5,3,2,0,7,2,5,11,Brazil - Paraibano,0.6,1.0,5,2.2,1.4,1.67,1.0,3
Campinense,4,3,1,0,11,2,9,10,Brazil - Paraibano,0.75,1.0,9,2.5,2.75,1.33,1.0,4
Nacional Patos,4,2,1,1,8,8,0,7,Brazil - Paraibano,0.5,0.75,0,1.75,2.0,2.0,1.33,5
Pombal,4,1,2,1,3,5,-2,5,Brazil - Paraibano,0.25,0.75,-2,1.25,0.75,4.0,1.33,6
Auto Esporte,4,0,2,2,3,5,-2,2,Brazil - Paraibano,0.0,0.5,-2,0.5,0.75,0.0,2.0,7
EC de Patos,4,0,1,3,3,8,-5,1,Brazil - Paraibano,0.0,0.25,-5,0.25,0.75,0.0,4.0,8
Picuiense,5,0,0,5,3,16,-13,0,Brazil - Paraibano,0.0,0.0,-13,0.0,0.6,0.0,0.0,9
Santa Catarina,5,4,1,0,11,4,7,13,Brazil - Catarinense,0.8,1.0,7,2.6,2.2,1.25,1.0,1
Avai,6,4,0,2,10,5,5,12,Brazil - Catarinense,0.67,0.67,5,2.0,1.67,1.49,1.49,2
Marcilio Dias,6,3,3,0,6,2,4,12,Brazil - Catarinense,0.5,1.0,4,2.0,1.0,2.0,1.0,2
Brusque,6,3,2,1,8,4,4,11,Brazil - Catarinense,0.5,0.83,4,1.83,1.33,2.0,1.2,3
Figueirense,6,3,1,2,15,10,5,10,Brazil - Catarinense,0.5,0.67,5,1.67,2.5,2.0,1.49,4
Barra FC,6,2,4,0,6,4,2,10,Brazil - Catarinense,0.33,1.0,2,1.67,1.0,3.03,1.0,4
Concordia,5,3,1,1,6,5,1,10,Brazil - Catarinense,0.6,0.8,1,2.0,1.2,1.67,1.25,4
Criciuma,6,2,3,1,8,4,4,9,Brazil - Catarinense,0.33,0.83,4,1.5,1.33,3.03,1.2,5
Joinville,5,2,3,0,8,6,2,9,Brazil - Catarinense,0.4,1.0,2,1.8,1.6,2.5,1.0,5
Chapecoense,5,1,4,0,3,2,1,7,Brazil - Catarinense,0.2,1.0,1,1.4,0.6,5.0,1.0,6
Caravaggio,5,1,2,2,2,3,-1,5,Brazil - Catarinense,0.2,0.6,-1,1.0,0.4,5.0,1.67,7
Hercilio Luz,5,1,1,3,4,8,-4,4,Brazil - Catarinense,0.2,0.4,-4,0.8,0.8,5.0,2.5,8
Internacional,4,4,0,0,8,0,8,12,Brazil - Gaucho,1.0,1.0,8,3.0,2.0,1.0,1.0,1
Juventude,4,4,0,0,8,1,7,12,Brazil - Gaucho,1.0,1.0,7,3.0,2.0,1.0,1.0,1
Gremio,4,3,1,0,15,1,14,10,Brazil - Gaucho,0.75,1.0,14,2.5,3.75,1.33,1.0,2
Caxias,4,2,1,1,6,5,1,7,Brazil - Gaucho,0.5,0.75,1,1.75,1.5,2.0,1.33,3
Ypiranga,4,2,1,1,4,3,1,7,Brazil - Gaucho,0.5,0.75,1,1.75,1.0,2.0,1.33,3
Guarany de Bage,4,1,2,1,3,3,0,5,Brazil - Gaucho,0.25,0.75,0,1.25,0.75,4.0,1.33,4
Brasil de P.,4,1,2,1,2,2,0,5,Brazil - Gaucho,0.25,0.75,0,1.25,0.5,4.0,1.33,4
Sao Luiz,4,1,2,1,5,6,-1,5,Brazil - Gaucho,0.25,0.75,-1,1.25,1.25,4.0,1.33,4
Pelotas,4,1,1,2,4,5,-1,4,Brazil - Gaucho,0.25,0.5,-1,1.0,1.0,4.0,2.0,5
Avenida,4,0,3,1,2,3,-1,3,Brazil - Gaucho,0.0,0.75,-1,0.75,0.5,0.0,1.33,6
EC Sao Jose,4,0,3,1,2,4,-2,3,Brazil - Gaucho,0.0,0.75,-2,0.75,0.5,0.0,1.33,6
Monsoon,4,1,0,3,3,8,-5,3,Brazil - Gaucho,0.25,0.25,-5,0.75,0.75,4.0,4.0,6
Ludogorets,8,7,1,0,19,1,18,22,Bulgaria - Parva Liga,0.88,1.0,18,2.75,2.38,1.14,1.0,1
Levski Sofia,8,5,2,1,16,9,7,17,Bulgaria - Parva Liga,0.62,0.88,7,2.12,2.0,1.61,1.14,2
Slavia Sofia,8,5,1,2,14,11,3,16,Bulgaria - Parva Liga,0.62,0.75,3,2.0,1.75,1.61,1.33,3
Arda,8,4,3,1,15,10,5,15,Bulgaria - Parva Liga,0.5,0.88,5,1.88,1.88,2.0,1.14,4
CSKA Sofia,8,3,5,0,15,10,5,14,Bulgaria - Parva Liga,0.38,1.0,5,1.75,1.88,2.63,1.0,5
Cherno More,8,3,4,1,12,7,5,13,Bulgaria - Parva Liga,0.38,0.88,5,1.62,1.5,2.63,1.14,6
Spartak Varna,8,4,1,3,13,12,1,13,Bulgaria - Parva Liga,0.5,0.62,1,1.62,1.62,2.0,1.61,6
CSKA 1948 Sofia,8,4,1,3,12,14,-2,13,Bulgaria - Parva Liga,0.5,0.62,-2,1.62,1.5,2.0,1.61,6
Beroe,8,3,1,4,10,10,0,10,Bulgaria - Parva Liga,0.38,0.5,0,1.25,1.25,2.63,2.0,7
Septemvri Sofia,8,3,1,4,11,12,-1,10,Bulgaria - Parva Liga,0.38,0.5,-1,1.25,1.38,2.63,2.0,7
Lokomotiv Sofia,8,3,1,4,9,11,-2,10,Bulgaria - Parva Liga,0.38,0.5,-2,1.25,1.12,2.63,2.0,7
Botev Vratsa,8,2,3,3,7,11,-4,9,Bulgaria - Parva Liga,0.25,0.62,-4,1.12,0.88,4.0,1.61,8
Botev Plovdiv,8,2,3,3,8,15,-7,9,Bulgaria - Parva Liga,0.25,0.62,-7,1.12,1.0,4.0,1.61,8
L. Krumovgrad,8,1,4,3,3,7,-4,7,Bulgaria - Parva Liga,0.12,0.62,-4,0.88,0.38,8.33,1.61,9
Lok. Plovdiv,8,2,1,5,5,10,-5,7,Bulgaria - Parva Liga,0.25,0.38,-5,0.88,0.62,4.0,2.63,9
Hebar,8,1,3,4,4,10,-6,6,Bulgaria - Parva Liga,0.12,0.5,-6,0.75,0.5,8.33,2.0,10
Pacific,1,1,0,0,2,0,2,3,Canada - Premier League,1.0,1.0,2,3.0,2.0,1.0,1.0,1
Forge,1,1,0,0,1,0,1,3,Canada - Premier League,1.0,1.0,1,3.0,1.0,1.0,1.0,1
A. Ottawa,1,0,1,0,2,2,0,1,Canada - Premier League,0.0,1.0,0,1.0,2.0,0.0,1.0,2
Cavalry,0,0,0,0,0,0,0,0,Canada - Premier League,0.0,0.0,0,0.0,0.0,0.0,0.0,3
HFX Wanderers,0,0,0,0,0,0,0,0,Canada - Premier League,0.0,0.0,0,0.0,0.0,0.0,0.0,3
Valour,0,0,0,0,0,0,0,0,Canada - Premier League,0.0,0.0,0,0.0,0.0,0.0,0.0,3
York Utd,0,0,0,0,0,0,0,0,Canada - Premier League,0.0,0.0,0,0.0,0.0,0.0,0.0,3
Vancouver FC,1,0,0,1,0,2,-2,0,Canada - Premier League,0.0,0.0,-2,0.0,0.0,0.0,0.0,3
Union La Calera,4,3,1,0,9,3,6,10,Chile - Primera Division,0.75,1.0,6,2.5,2.25,1.33,1.0,1
Huachipato,3,3,0,0,9,2,7,9,Chile - Primera Division,1.0,1.0,7,3.0,3.0,1.0,1.0,2
Audax Italiano,3,2,1,0,8,4,4,7,Chile - Primera Division,0.67,1.0,4,2.33,2.67,1.49,1.0,3
Cobresal,3,2,1,0,5,2,3,7,Chile - Primera Division,0.67,1.0,3,2.33,1.67,1.49,1.0,3
Coquimbo Unido,3,2,1,0,4,2,2,7,Chile - Primera Division,0.67,1.0,2,2.33,1.33,1.49,1.0,3
U. de Chile,2,2,0,0,6,0,6,6,Chile - Primera Division,1.0,1.0,6,3.0,3.0,1.0,1.0,4
U. Catolica,2,2,0,0,4,1,3,6,Chile - Primera Division,1.0,1.0,3,3.0,2.0,1.0,1.0,4
Palestino,3,2,0,1,4,3,1,6,Chile - Primera Division,0.67,0.67,1,2.0,1.33,1.49,1.49,4
La Serena,3,2,0,1,3,3,0,6,Chile - Primera Division,0.67,0.67,0,2.0,1.0,1.49,1.49,4
OHiggins,3,1,2,0,4,2,2,5,Chile - Primera Division,0.33,1.0,2,1.67,1.33,3.03,1.0,5
Colo-Colo,3,1,1,1,3,2,1,4,Chile - Primera Division,0.33,0.67,1,1.33,1.0,3.03,1.49,6
Everton,3,1,1,1,3,2,1,4,Chile - Primera Division,0.33,0.67,1,1.33,1.0,3.03,1.49,6
Nublense,3,0,3,0,3,3,0,3,Chile - Primera Division,0.0,1.0,0,1.0,1.0,0.0,1.0,7
D. Limache,3,0,1,2,4,6,-2,1,Chile - Primera Division,0.0,0.33,-2,0.33,1.33,0.0,3.03,8
Union Espanola,2,0,0,2,1,5,-4,0,Chile - Primera Division,0.0,0.0,-4,0.0,0.5,0.0,0.0,9
D. Iquique,3,0,0,3,1,10,-9,0,Chile - Primera Division,0.0,0.0,-9,0.0,0.33,0.0,0.0,9
Copiapo,3,2,1,0,8,2,6,7,Chile - Primera B,0.67,1.0,6,2.33,2.67,1.49,1.0,1
Magallanes,3,2,0,1,4,1,3,6,Chile - Primera B,0.67,0.67,3,2.0,1.33,1.49,1.49,2
Recoleta,2,2,0,0,4,2,2,6,Chile - Primera B,1.0,1.0,2,3.0,2.0,1.0,1.0,2
U. Concepcion,3,2,0,1,4,3,1,6,Chile - Primera B,0.67,0.67,1,2.0,1.33,1.49,1.49,2
S. Wanderers,2,1,1,0,4,0,4,4,Chile - Primera B,0.5,1.0,4,2.0,2.0,2.0,1.0,3
Antofagasta,2,1,1,0,3,1,2,4,Chile - Primera B,0.5,1.0,2,2.0,1.5,2.0,1.0,3
Cobreloa,3,1,1,1,5,5,0,4,Chile - Primera B,0.33,0.67,0,1.33,1.67,3.03,1.49,3
S. Morning,3,1,1,1,2,2,0,4,Chile - Primera B,0.33,0.67,0,1.33,0.67,3.03,1.49,3
Deportes Temuco,2,1,0,1,3,4,-1,3,Chile - Primera B,0.5,0.5,-1,1.5,1.5,2.0,2.0,4
CD Santa Cruz,2,1,0,1,2,3,-1,3,Chile - Primera B,0.5,0.5,-1,1.5,1.0,2.0,2.0,4
Rangers,2,0,2,0,3,3,0,2,Chile - Primera B,0.0,1.0,0,1.0,1.5,0.0,1.0,5
San Luis,2,0,2,0,1,1,0,2,Chile - Primera B,0.0,1.0,0,1.0,0.5,0.0,1.0,5
Curico Unido,3,0,2,1,4,5,-1,2,Chile - Primera B,0.0,0.67,-1,0.67,1.33,0.0,1.49,5
Concepcion,2,0,1,1,2,3,-1,1,Chile - Primera B,0.0,0.5,-1,0.5,1.0,0.0,2.0,6
San Marcos,3,0,1,2,3,5,-2,1,Chile - Primera B,0.0,0.33,-2,0.33,1.0,0.0,3.03,6
U. San Felipe,3,0,1,2,0,2,-2,1,Chile - Primera B,0.0,0.33,-2,0.33,0.0,0.0,3.03,6
Shanghai Port,4,3,1,0,8,3,5,10,China - Super League,0.75,1.0,5,2.5,2.0,1.33,1.0,1
S. Shenhua,3,2,1,0,7,4,3,7,China - Super League,0.67,1.0,3,2.33,2.33,1.49,1.0,2
Meizhou Hakka,3,2,0,1,8,6,2,6,China - Super League,0.67,0.67,2,2.0,2.67,1.49,1.49,3
Chengdu,3,2,0,1,4,2,2,6,China - Super League,0.67,0.67,2,2.0,1.33,1.49,1.49,3
Qingdao West C.,3,1,2,0,7,5,2,5,China - Super League,0.33,1.0,2,1.67,2.33,3.03,1.0,4
Tianjin T.,3,1,2,0,5,4,1,5,China - Super League,0.33,1.0,1,1.67,1.67,3.03,1.0,4
Zhejiang,2,1,1,0,4,1,3,4,China - Super League,0.5,1.0,3,2.0,2.0,2.0,1.0,5
Beijing Guoan,2,1,1,0,3,1,2,4,China - Super League,0.5,1.0,2,2.0,1.5,2.0,1.0,5
Shandong T.,3,1,1,1,4,4,0,4,China - Super League,0.33,0.67,0,1.33,1.33,3.03,1.49,5
Yunnan Yukun,3,1,1,1,2,3,-1,4,China - Super League,0.33,0.67,-1,1.33,0.67,3.03,1.49,5
Dalian Yingbo,1,1,0,0,2,0,2,3,China - Super League,1.0,1.0,2,3.0,2.0,1.0,1.0,6
Qingdao Hainiu,3,0,2,1,3,4,-1,2,China - Super League,0.0,0.67,-1,0.67,1.0,0.0,1.49,7
Changchun Yatai,2,0,1,1,2,3,-1,1,China - Super League,0.0,0.5,-1,0.5,1.0,0.0,2.0,8
Sichuan Jiuniu,2,0,0,2,4,7,-3,0,China - Super League,0.0,0.0,-3,0.0,2.0,0.0,0.0,9
Henan SL,2,0,0,2,3,6,-3,0,China - Super League,0.0,0.0,-3,0.0,1.5,0.0,0.0,9
Wuhan Three T.,1,0,0,1,0,4,-4,0,China - Super League,0.0,0.0,-4,0.0,0.0,0.0,0.0,9
Chongqing T.,2,1,1,0,3,2,1,4,China - League One,0.5,1.0,1,2.0,1.5,2.0,1.0,1
Guangdong GZP,1,1,0,0,4,0,4,3,China - League One,1.0,1.0,4,3.0,4.0,1.0,1.0,2
Shaanxi Union,1,1,0,0,3,1,2,3,China - League One,1.0,1.0,2,3.0,3.0,1.0,1.0,2
Liaoning Tieren,1,1,0,0,2,1,1,3,China - League One,1.0,1.0,1,3.0,2.0,1.0,1.0,2
Foshan Nanshi,2,1,0,1,2,3,-1,3,China - League One,0.5,0.5,-1,1.5,1.0,2.0,2.0,2
Shanghai Jiadin,2,1,0,1,2,3,-1,3,China - League One,0.5,0.5,-1,1.5,1.0,2.0,2.0,2
Nantong Zhiyun,2,1,0,1,1,2,-1,3,China - League One,0.5,0.5,-1,1.5,0.5,2.0,2.0,2
Shenzhen J.,2,1,0,1,2,4,-2,3,China - League One,0.5,0.5,-2,1.5,1.0,2.0,2.0,2
Heilongjiang IC,2,0,2,0,3,3,0,2,China - League One,0.0,1.0,0,1.0,1.5,0.0,1.0,3
Qingdao RL,2,0,2,0,1,1,0,2,China - League One,0.0,1.0,0,1.0,0.5,0.0,1.0,3
Suzhou Dongwu,2,0,2,0,0,0,0,2,China - League One,0.0,1.0,0,1.0,0.0,0.0,1.0,3
Nanjing City,2,0,1,1,1,2,-1,1,China - League One,0.0,0.5,-1,0.5,0.5,0.0,2.0,4
S. Gongfu,0,0,0,0,0,0,0,0,China - League One,0.0,0.0,0,0.0,0.0,0.0,0.0,5
Yanbian Longdin,0,0,0,0,0,0,0,0,China - League One,0.0,0.0,0,0.0,0.0,0.0,0.0,5
Dalian Kuncheng,1,0,0,1,0,2,-2,0,China - League One,0.0,0.0,-2,0.0,0.0,0.0,0.0,5
Guangxi Baoyun,2,0,0,2,0,4,-4,0,China - League One,0.0,0.0,-4,0.0,0.0,0.0,0.0,5
Shanghai Port B,2,2,0,0,7,1,6,6,China - League Two,1.0,1.0,6,3.0,3.5,1.0,1.0,1
Wuxi Wugou,2,1,1,0,5,1,4,4,China - League Two,0.5,1.0,4,2.0,2.5,2.0,1.0,2
Guizhou Zhuchen,2,1,1,0,2,0,2,4,China - League Two,0.5,1.0,2,2.0,1.0,2.0,1.0,2
Langfang Glory,2,1,1,0,3,2,1,4,China - League Two,0.5,1.0,1,2.0,1.5,2.0,1.0,2
Chengdu Rongche,2,1,1,0,2,1,1,4,China - League Two,0.5,1.0,1,2.0,1.0,2.0,1.0,2
Jiangxi Lushan,2,1,1,0,2,1,1,4,China - League Two,0.5,1.0,1,2.0,1.0,2.0,1.0,2
Guangzhou Dande,1,1,0,0,2,0,2,3,China - League Two,1.0,1.0,2,3.0,2.0,1.0,1.0,3
Ganzhou Ruishi,1,1,0,0,1,0,1,3,China - League Two,1.0,1.0,1,3.0,1.0,1.0,1.0,3
Shandong T. B,2,0,2,0,2,2,0,2,China - League Two,0.0,1.0,0,1.0,1.0,0.0,1.0,4
Jiangxi DH,1,0,1,0,2,2,0,1,China - League Two,0.0,1.0,0,1.0,2.0,0.0,1.0,5
Haikou M.,1,0,1,0,1,1,0,1,China - League Two,0.0,1.0,0,1.0,1.0,0.0,1.0,5
Wuhan Three Tow,1,0,1,0,1,1,0,1,China - League Two,0.0,1.0,0,1.0,1.0,0.0,1.0,5
Nantong Haimen,1,0,1,0,0,0,0,1,China - League Two,0.0,1.0,0,1.0,0.0,0.0,1.0,5
Guangxi H.,2,0,1,1,1,3,-2,1,China - League Two,0.0,0.5,-2,0.5,0.5,0.0,2.0,5
Hubei Istar,2,0,1,1,1,3,-2,1,China - League Two,0.0,0.5,-2,0.5,0.5,0.0,2.0,5
Rizhao Yuqi,2,0,1,1,1,3,-2,1,China - League Two,0.0,0.5,-2,0.5,0.5,0.0,2.0,5
Quanzhou Yassin,2,0,1,1,0,2,-2,1,China - League Two,0.0,0.5,-2,0.5,0.0,0.0,2.0,5
Guangxi Lanhang,2,0,1,1,0,3,-3,1,China - League Two,0.0,0.5,-3,0.5,0.0,0.0,2.0,5
Changchun Xidu,0,0,0,0,0,0,0,0,China - League Two,0.0,0.0,0,0.0,0.0,0.0,0.0,6
Xian Ronghai,0,0,0,0,0,0,0,0,China - League Two,0.0,0.0,0,0.0,0.0,0.0,0.0,6
Taian Tiankuang,1,0,0,1,1,2,-1,0,China - League Two,0.0,0.0,-1,0.0,1.0,0.0,0.0,6
Shenzhen 2028,1,0,0,1,0,1,-1,0,China - League Two,0.0,0.0,-1,0.0,0.0,0.0,0.0,6
Beijing IT,2,0,0,2,0,2,-2,0,China - League Two,0.0,0.0,-2,0.0,0.0,0.0,0.0,6
Guangdong Mingt,2,0,0,2,1,4,-3,0,China - League Two,0.0,0.0,-3,0.0,0.5,0.0,0.0,6
America de Cali,7,6,1,0,16,4,12,19,Colombia - Primera A - Apertura,0.86,1.0,12,2.71,2.29,1.16,1.0,1
A. Nacional,6,5,1,0,14,4,10,16,Colombia - Primera A - Apertura,0.83,1.0,10,2.67,2.33,1.2,1.0,2
Deportes Tolima,6,5,1,0,10,2,8,16,Colombia - Primera A - Apertura,0.83,1.0,8,2.67,1.67,1.2,1.0,2
Millonarios,6,5,0,1,9,2,7,15,Colombia - Primera A - Apertura,0.83,0.83,7,2.5,1.5,1.2,1.2,3
Once Caldas,7,5,0,2,12,6,6,15,Colombia - Primera A - Apertura,0.71,0.71,6,2.14,1.71,1.41,1.41,3
Junior,7,4,2,1,10,6,4,14,Colombia - Primera A - Apertura,0.57,0.86,4,2.0,1.43,1.75,1.16,4
Deportivo Pasto,6,4,1,1,9,4,5,13,Colombia - Primera A - Apertura,0.67,0.83,5,2.17,1.5,1.49,1.2,5
Santa Fe,7,3,4,0,11,7,4,13,Colombia - Primera A - Apertura,0.43,1.0,4,1.86,1.57,2.33,1.0,5
I. Medelin,6,3,3,0,8,1,7,12,Colombia - Primera A - Apertura,0.5,1.0,7,2.0,1.33,2.0,1.0,6
Deportivo Cali,6,3,3,0,8,3,5,12,Colombia - Primera A - Apertura,0.5,1.0,5,2.0,1.33,2.0,1.0,6
D. Pereira,6,2,4,0,6,2,4,10,Colombia - Primera A - Apertura,0.33,1.0,4,1.67,1.0,3.03,1.0,7
Llaneros,6,3,1,2,7,5,2,10,Colombia - Primera A - Apertura,0.5,0.67,2,1.67,1.17,2.0,1.49,7
A. Petrolera,6,2,2,2,7,7,0,8,Colombia - Primera A - Apertura,0.33,0.67,0,1.33,1.17,3.03,1.49,8
Fortaleza CEIF,6,2,2,2,5,9,-4,8,Colombia - Primera A - Apertura,0.33,0.67,-4,1.33,0.83,3.03,1.49,8
Boyaca Chico,6,1,3,2,5,9,-4,6,Colombia - Primera A - Apertura,0.17,0.67,-4,1.0,0.83,5.88,1.49,9
R. Aguilas,6,1,2,3,3,5,-2,5,Colombia - Primera A - Apertura,0.17,0.5,-2,0.83,0.5,5.88,2.0,10
A. Bucaramanga,5,1,2,2,3,6,-3,5,Colombia - Primera A - Apertura,0.2,0.6,-3,1.0,0.6,5.0,1.67,10
Union Magdalena,6,0,4,2,4,7,-3,4,Colombia - Primera A - Apertura,0.0,0.67,-3,0.67,0.67,0.0,1.49,11
La Equidad,6,0,2,4,3,7,-4,2,Colombia - Primera A - Apertura,0.0,0.33,-4,0.33,0.5,0.0,3.03,12
Envigado,4,0,1,3,1,9,-8,1,Colombia - Primera A - Apertura,0.0,0.25,-8,0.25,0.25,0.0,4.0,13
Deportivo Pasto,8,6,0,2,14,8,6,18,Colombia - Primera A - Clausura,0.75,0.75,6,2.25,1.75,1.33,1.33,1
I. Medelin,8,5,2,1,11,2,9,17,Colombia - Primera A - Clausura,0.62,0.88,9,2.12,1.38,1.61,1.14,2
Junior,8,5,2,1,17,9,8,17,Colombia - Primera A - Clausura,0.62,0.88,8,2.12,2.12,1.61,1.14,2
Millonarios,8,5,2,1,11,3,8,17,Colombia - Primera A - Clausura,0.62,0.88,8,2.12,1.38,1.61,1.14,2
America de Cali,8,5,2,1,9,3,6,17,Colombia - Primera A - Clausura,0.62,0.88,6,2.12,1.12,1.61,1.14,2
D. Pereira,8,5,1,2,10,6,4,16,Colombia - Primera A - Clausura,0.62,0.75,4,2.0,1.25,1.61,1.33,3
Santa Fe,8,4,3,1,12,5,7,15,Colombia - Primera A - Clausura,0.5,0.88,7,1.88,1.5,2.0,1.14,4
Deportes Tolima,8,4,3,1,10,4,6,15,Colombia - Primera A - Clausura,0.5,0.88,6,1.88,1.25,2.0,1.14,4
Patriotas,8,4,2,2,14,8,6,14,Colombia - Primera A - Clausura,0.5,0.75,6,1.75,1.75,2.0,1.33,5
Once Caldas,8,4,2,2,11,8,3,14,Colombia - Primera A - Clausura,0.5,0.75,3,1.75,1.38,2.0,1.33,5
A. Nacional,8,3,4,1,15,11,4,13,Colombia - Primera A - Clausura,0.38,0.88,4,1.62,1.88,2.63,1.14,6
A. Petrolera,8,3,3,2,11,8,3,12,Colombia - Primera A - Clausura,0.38,0.75,3,1.5,1.38,2.63,1.33,7
Boyaca Chico,8,3,3,2,7,10,-3,12,Colombia - Primera A - Clausura,0.38,0.75,-3,1.5,0.88,2.63,1.33,7
Fortaleza CEIF,8,3,2,3,9,9,0,11,Colombia - Primera A - Clausura,0.38,0.62,0,1.38,1.12,2.63,1.61,8
La Equidad,8,2,4,2,10,11,-1,10,Colombia - Primera A - Clausura,0.25,0.75,-1,1.25,1.25,4.0,1.33,9
Deportivo Cali,8,3,1,4,7,9,-2,10,Colombia - Primera A - Clausura,0.38,0.5,-2,1.25,0.88,2.63,2.0,9
R. Aguilas,8,2,3,3,7,9,-2,9,Colombia - Primera A - Clausura,0.25,0.62,-2,1.12,0.88,4.0,1.61,10
Jaguares de C.,8,2,3,3,5,8,-3,9,Colombia - Primera A - Clausura,0.25,0.62,-3,1.12,0.62,4.0,1.61,10
Envigado,8,2,2,4,4,4,0,8,Colombia - Primera A - Clausura,0.25,0.5,0,1.0,0.5,4.0,2.0,11
A. Bucaramanga,8,2,2,4,6,9,-3,8,Colombia - Primera A - Clausura,0.25,0.5,-3,1.0,0.75,4.0,2.0,11
Guanacasteca,8,8,0,0,13,3,10,24,Costa Rica - Primera Div. - Apertura,1.0,1.0,10,3.0,1.62,1.0,1.0,1
Alajuelense,8,6,2,0,19,5,14,20,Costa Rica - Primera Div. - Apertura,0.75,1.0,14,2.5,2.38,1.33,1.0,2
Cartagines,8,6,2,0,16,8,8,20,Costa Rica - Primera Div. - Apertura,0.75,1.0,8,2.5,2.0,1.33,1.0,2
Saprissa,8,5,2,1,17,11,6,17,Costa Rica - Primera Div. - Apertura,0.62,0.88,6,2.12,2.12,1.61,1.14,3
Herediano,8,4,1,3,15,14,1,13,Costa Rica - Primera Div. - Apertura,0.5,0.62,1,1.62,1.88,2.0,1.61,4
San Carlos,8,2,6,0,9,6,3,12,Costa Rica - Primera Div. - Apertura,0.25,1.0,3,1.5,1.12,4.0,1.0,5
Santos Guapiles,8,4,0,4,13,11,2,12,Costa Rica - Primera Div. - Apertura,0.5,0.5,2,1.5,1.62,2.0,2.0,5
Zeledon,8,3,3,2,10,8,2,12,Costa Rica - Primera Div. - Apertura,0.38,0.75,2,1.5,1.25,2.63,1.33,5
Santa Ana,8,3,3,2,11,11,0,12,Costa Rica - Primera Div. - Apertura,0.38,0.75,0,1.5,1.38,2.63,1.33,5
Sporting SJ,8,3,1,4,12,11,1,10,Costa Rica - Primera Div. - Apertura,0.38,0.5,1,1.25,1.5,2.63,2.0,6
Puntarenas,8,2,3,3,7,9,-2,9,Costa Rica - Primera Div. - Apertura,0.25,0.62,-2,1.12,0.88,4.0,1.61,7
M. Liberia,8,2,2,4,12,11,1,8,Costa Rica - Primera Div. - Apertura,0.25,0.5,1,1.0,1.5,4.0,2.0,8
Slavia Prague,8,8,0,0,18,2,16,24,CzechRepublic - 1. Liga,1.0,1.0,16,3.0,2.25,1.0,1.0,1
Sparta Prague,8,6,1,1,17,8,9,19,CzechRepublic - 1. Liga,0.75,0.88,9,2.38,2.12,1.33,1.14,2
Banik Ostrava,8,6,1,1,16,7,9,19,CzechRepublic - 1. Liga,0.75,0.88,9,2.38,2.0,1.33,1.14,2
Jablonec,8,5,2,1,19,5,14,17,CzechRepublic - 1. Liga,0.62,0.88,14,2.12,2.38,1.61,1.14,3
Slovan Liberec,8,5,2,1,14,3,11,17,CzechRepublic - 1. Liga,0.62,0.88,11,2.12,1.75,1.61,1.14,3
Viktoria Plzen,8,5,1,2,19,11,8,16,CzechRepublic - 1. Liga,0.62,0.75,8,2.0,2.38,1.61,1.33,4
Karvina,8,5,1,2,16,9,7,16,CzechRepublic - 1. Liga,0.62,0.75,7,2.0,2.0,1.61,1.33,4
Teplice,8,5,0,3,11,7,4,15,CzechRepublic - 1. Liga,0.62,0.62,4,1.88,1.38,1.61,1.61,5
Hradec Kralove,8,2,4,2,9,7,2,10,CzechRepublic - 1. Liga,0.25,0.75,2,1.25,1.12,4.0,1.33,6
Bohemians,8,2,4,2,11,12,-1,10,CzechRepublic - 1. Liga,0.25,0.75,-1,1.25,1.38,4.0,1.33,6
Mlada Boleslav,8,3,1,4,10,11,-1,10,CzechRepublic - 1. Liga,0.38,0.5,-1,1.25,1.25,2.63,2.0,6
Sigma Olomouc,8,3,0,5,13,14,-1,9,CzechRepublic - 1. Liga,0.38,0.38,-1,1.12,1.62,2.63,2.63,7
Slovacko,8,2,3,3,5,11,-6,9,CzechRepublic - 1. Liga,0.25,0.62,-6,1.12,0.62,4.0,1.61,7
Pardubice,8,1,4,3,5,9,-4,7,CzechRepublic - 1. Liga,0.12,0.62,-4,0.88,0.62,8.33,1.61,8
Dukla Praha,8,0,4,4,5,10,-5,4,CzechRepublic - 1. Liga,0.0,0.5,-5,0.5,0.62,0.0,2.0,9
C. Budejovice,8,0,2,6,4,20,-16,2,CzechRepublic - 1. Liga,0.0,0.25,-16,0.25,0.5,0.0,4.0,10
FC Kobenhavn,8,6,2,0,15,6,9,20,Denmark - Superligaen,0.75,1.0,9,2.5,1.88,1.33,1.0,1
FC Midtjylland,8,6,0,2,14,11,3,18,Denmark - Superligaen,0.75,0.75,3,2.25,1.75,1.33,1.33,2
Nordsjaelland,8,5,2,1,15,8,7,17,Denmark - Superligaen,0.62,0.88,7,2.12,1.88,1.61,1.14,3
AGF Aarhus,8,4,4,0,14,6,8,16,Denmark - Superligaen,0.5,1.0,8,2.0,1.75,2.0,1.0,4
Brondby IF,8,4,4,0,13,5,8,16,Denmark - Superligaen,0.5,1.0,8,2.0,1.62,2.0,1.0,4
Viborg,8,5,1,2,16,13,3,16,Denmark - Superligaen,0.62,0.75,3,2.0,2.0,1.61,1.33,4
Randers FC,8,4,3,1,17,9,8,15,Denmark - Superligaen,0.5,0.88,8,1.88,2.12,2.0,1.14,5
Silkeborg,8,2,4,2,10,10,0,10,Denmark - Superligaen,0.25,0.75,0,1.25,1.25,4.0,1.33,6
Vejle BK,8,2,4,2,12,13,-1,10,Denmark - Superligaen,0.25,0.75,-1,1.25,1.5,4.0,1.33,6
Lyngby,8,1,5,2,6,8,-2,8,Denmark - Superligaen,0.12,0.75,-2,1.0,0.75,8.33,1.33,7
SonderjyskE,8,2,1,5,11,23,-12,7,Denmark - Superligaen,0.25,0.38,-12,0.88,1.38,4.0,2.63,8
Aalborg BK,8,1,3,4,8,15,-7,6,Denmark - Superligaen,0.12,0.5,-7,0.75,1.0,8.33,2.0,9
AC Horsens,8,5,2,1,13,6,7,17,Denmark - 1st Division,0.62,0.88,7,2.12,1.62,1.61,1.14,1
Hvidovre,8,5,2,1,10,6,4,17,Denmark - 1st Division,0.62,0.88,4,2.12,1.25,1.61,1.14,1
Odense BK,8,4,3,1,14,13,1,15,Denmark - 1st Division,0.5,0.88,1,1.88,1.75,2.0,1.14,2
Hillerod,8,3,3,2,10,9,1,12,Denmark - 1st Division,0.38,0.75,1,1.5,1.25,2.63,1.33,3
Kolding IF,8,3,2,3,10,7,3,11,Denmark - 1st Division,0.38,0.62,3,1.38,1.25,2.63,1.61,4
Hobro,8,3,2,3,11,12,-1,11,Denmark - 1st Division,0.38,0.62,-1,1.38,1.38,2.63,1.61,4
Esbjerg,8,3,1,4,11,13,-2,10,Denmark - 1st Division,0.38,0.5,-2,1.25,1.38,2.63,2.0,5
Fredericia,8,3,1,4,9,11,-2,10,Denmark - 1st Division,0.38,0.5,-2,1.25,1.12,2.63,2.0,5
HB Koge,8,3,1,4,8,12,-4,10,Denmark - 1st Division,0.38,0.5,-4,1.25,1.0,2.63,2.0,5
B 93,8,2,2,4,9,17,-8,8,Denmark - 1st Division,0.25,0.5,-8,1.0,1.12,4.0,2.0,6
Vendsyssel,8,1,3,4,8,10,-2,6,Denmark - 1st Division,0.12,0.5,-2,0.75,1.0,8.33,2.0,7
Roskilde,8,2,0,6,9,16,-7,6,Denmark - 1st Division,0.25,0.25,-7,0.75,1.12,4.0,4.0,7
Aarhus Fremad,8,6,1,1,14,5,9,19,Denmark - 2nd Division,0.75,0.88,9,2.38,1.75,1.33,1.14,1
Fremad Amager,8,6,0,2,13,5,8,18,Denmark - 2nd Division,0.75,0.75,8,2.25,1.62,1.33,1.33,2
Naestved,8,4,2,2,11,10,1,14,Denmark - 2nd Division,0.5,0.75,1,1.75,1.38,2.0,1.33,3
Skive,8,3,3,2,9,5,4,12,Denmark - 2nd Division,0.38,0.75,4,1.5,1.12,2.63,1.33,4
AB Copenhagen,8,3,2,3,12,8,4,11,Denmark - 2nd Division,0.38,0.62,4,1.38,1.5,2.63,1.61,5
Middelfart,8,3,1,4,9,11,-2,10,Denmark - 2nd Division,0.38,0.5,-2,1.25,1.12,2.63,2.0,6
BK Frem,8,2,3,3,10,9,1,9,Denmark - 2nd Division,0.25,0.62,1,1.12,1.25,4.0,1.61,7
Thisted,8,2,3,3,9,11,-2,9,Denmark - 2nd Division,0.25,0.62,-2,1.12,1.12,4.0,1.61,7
Hellerup IK,8,2,2,4,6,13,-7,8,Denmark - 2nd Division,0.25,0.5,-7,1.0,0.75,4.0,2.0,8
Ishoj,8,1,3,4,8,12,-4,6,Denmark - 2nd Division,0.12,0.5,-4,0.75,1.0,8.33,2.0,9
Nykobing,8,1,2,5,8,15,-7,5,Denmark - 2nd Division,0.12,0.38,-7,0.62,1.0,8.33,2.63,10
Helsingor,8,0,4,4,7,13,-6,4,Denmark - 2nd Division,0.0,0.5,-6,0.5,0.88,0.0,2.0,11
U. Catolica,4,2,2,0,6,2,4,8,Ecuador - Liga Pro 1st Stage,0.5,1.0,4,2.0,1.5,2.0,1.0,1
LDU Quito,3,2,1,0,7,0,7,7,Ecuador - Liga Pro 1st Stage,0.67,1.0,7,2.33,2.33,1.49,1.0,2
Mushuc Runa,4,2,1,1,7,4,3,7,Ecuador - Liga Pro 1st Stage,0.5,0.75,3,1.75,1.75,2.0,1.33,2
Orense,3,2,1,0,4,2,2,7,Ecuador - Liga Pro 1st Stage,0.67,1.0,2,2.33,1.33,1.49,1.0,2
I. del Valle,4,1,3,0,7,3,4,6,Ecuador - Liga Pro 1st Stage,0.25,1.0,4,1.5,1.75,4.0,1.0,3
Cuniburo,3,2,0,1,6,5,1,6,Ecuador - Liga Pro 1st Stage,0.67,0.67,1,2.0,2.0,1.49,1.49,3
Libertad,4,2,0,2,8,8,0,6,Ecuador - Liga Pro 1st Stage,0.5,0.5,0,1.5,2.0,2.0,2.0,3
Barcelona SC,3,2,0,1,3,4,-1,6,Ecuador - Liga Pro 1st Stage,0.67,0.67,-1,2.0,1.0,1.49,1.49,3
Delfin,3,1,2,0,3,1,2,5,Ecuador - Liga Pro 1st Stage,0.33,1.0,2,1.67,1.0,3.03,1.0,4
Manta,4,1,2,1,9,9,0,5,Ecuador - Liga Pro 1st Stage,0.25,0.75,0,1.25,2.25,4.0,1.33,4
Emelec,4,1,2,1,2,5,-3,5,Ecuador - Liga Pro 1st Stage,0.25,0.75,-3,1.25,0.5,4.0,1.33,4
Aucas,3,1,1,1,7,5,2,4,Ecuador - Liga Pro 1st Stage,0.33,0.67,2,1.33,2.33,3.03,1.49,5
Macara,3,1,1,1,2,2,0,4,Ecuador - Liga Pro 1st Stage,0.33,0.67,0,1.33,0.67,3.03,1.49,5
D. Cuenca,3,1,0,2,3,3,0,3,Ecuador - Liga Pro 1st Stage,0.33,0.33,0,1.0,1.0,3.03,3.03,6
Tecnico U.,3,0,2,1,3,4,-1,2,Ecuador - Liga Pro 1st Stage,0.0,0.67,-1,0.67,1.0,0.0,1.49,7
El Nacional,4,0,1,3,0,3,-3,1,Ecuador - Liga Pro 1st Stage,0.0,0.25,-3,0.25,0.0,0.0,4.0,8
Cumbaya,2,2,0,0,5,0,5,6,Ecuador - Serie B,1.0,1.0,5,3.0,2.5,1.0,1.0,1
San Antonio,2,2,0,0,3,0,3,6,Ecuador - Serie B,1.0,1.0,3,3.0,1.5,1.0,1.0,1
Gualaceo,2,1,1,0,5,4,1,4,Ecuador - Serie B,0.5,1.0,1,2.0,2.5,2.0,1.0,2
Nueve Octubre,2,1,1,0,2,1,1,4,Ecuador - Serie B,0.5,1.0,1,2.0,1.0,2.0,1.0,2
Vargas Torres,2,1,1,0,1,0,1,4,Ecuador - Serie B,0.5,1.0,1,2.0,0.5,2.0,1.0,2
Guayaquil City,1,1,0,0,4,1,3,3,Ecuador - Serie B,1.0,1.0,3,3.0,4.0,1.0,1.0,3
Vinotinto,1,1,0,0,2,1,1,3,Ecuador - Serie B,1.0,1.0,1,3.0,2.0,1.0,1.0,3
22 de Julio,1,0,1,0,1,1,0,1,Ecuador - Serie B,0.0,1.0,0,1.0,1.0,0.0,1.0,4
Chacaritas,1,0,1,0,1,1,0,1,Ecuador - Serie B,0.0,1.0,0,1.0,1.0,0.0,1.0,4
Leones Norte,1,0,1,0,1,1,0,1,Ecuador - Serie B,0.0,1.0,0,1.0,1.0,0.0,1.0,4
I. Juniors,2,0,1,1,1,3,-2,1,Ecuador - Serie B,0.0,0.5,-2,0.5,0.5,0.0,2.0,4
Imbabura,1,0,0,1,0,2,-2,0,Ecuador - Serie B,0.0,0.0,-2,0.0,0.0,0.0,0.0,5
Pyramids FC,8,7,1,0,19,3,16,22,Egypt - Premier League,0.88,1.0,16,2.75,2.38,1.14,1.0,1
Zamalek,8,5,3,0,17,6,11,18,Egypt - Premier League,0.62,1.0,11,2.25,2.12,1.61,1.0,2
Al Ahly,8,5,3,0,13,5,8,18,Egypt - Premier League,0.62,1.0,8,2.25,1.62,1.61,1.0,2
Al Masry,8,4,3,1,8,5,3,15,Egypt - Premier League,0.5,0.88,3,1.88,1.0,2.0,1.14,3
Haras El Hodood,8,4,2,2,8,3,5,14,Egypt - Premier League,0.5,0.75,5,1.75,1.0,2.0,1.33,4
Ceramica C.,8,3,3,2,14,9,5,12,Egypt - Premier League,0.38,0.75,5,1.5,1.75,2.63,1.33,5
El Gouna,8,4,0,4,8,5,3,12,Egypt - Premier League,0.5,0.5,3,1.5,1.0,2.0,2.0,5
Pharco,8,3,3,2,9,8,1,12,Egypt - Premier League,0.38,0.75,1,1.5,1.12,2.63,1.33,5
Petrojet,8,3,3,2,8,7,1,12,Egypt - Premier League,0.38,0.75,1,1.5,1.0,2.63,1.33,5
National Bank,8,3,3,2,8,8,0,12,Egypt - Premier League,0.38,0.75,0,1.5,1.0,2.63,1.33,5
ZED FC,8,2,5,1,9,6,3,11,Egypt - Premier League,0.25,0.88,3,1.38,1.12,4.0,1.14,6
Ghazl El M.,8,3,1,4,6,7,-1,10,Egypt - Premier League,0.38,0.5,-1,1.25,0.75,2.63,2.0,7
Ismaily,8,2,3,3,6,11,-5,9,Egypt - Premier League,0.25,0.62,-5,1.12,0.75,4.0,1.61,8
ENPPI,8,2,2,4,4,8,-4,8,Egypt - Premier League,0.25,0.5,-4,1.0,0.5,4.0,2.0,9
El Geish,8,1,4,3,5,7,-2,7,Egypt - Premier League,0.12,0.62,-2,0.88,0.62,8.33,1.61,10
Al Ittihad,8,2,1,5,4,8,-4,7,Egypt - Premier League,0.25,0.38,-4,0.88,0.5,4.0,2.63,10
Modern Sport,8,2,1,5,6,11,-5,7,Egypt - Premier League,0.25,0.38,-5,0.88,0.75,4.0,2.63,10
Smouha,8,2,1,5,6,15,-9,7,Egypt - Premier League,0.25,0.38,-9,0.88,0.75,4.0,2.63,10
Nottm Forest,8,6,2,0,16,4,12,20,Premier League,0.75,1.0,12,2.5,2.0,1.33,1.0,1
Liverpool,8,6,2,0,19,8,11,20,Premier League,0.75,1.0,11,2.5,2.38,1.33,1.0,1
Chelsea,8,6,1,1,16,7,9,19,Premier League,0.75,0.88,9,2.38,2.0,1.33,1.14,2
Arsenal,8,5,2,1,13,6,7,17,Premier League,0.62,0.88,7,2.12,1.62,1.61,1.14,4
Newcastle Utd,8,5,1,2,21,13,8,16,Premier League,0.62,0.75,8,2.0,2.62,1.61,1.33,5
Aston Villa,8,4,4,0,14,10,4,16,Premier League,0.5,1.0,4,2.0,1.75,2.0,1.0,5
Manchester City,8,4,2,2,17,9,8,14,Premier League,0.5,0.75,8,1.75,2.12,2.0,1.33,7
Crystal Palace,8,4,1,3,13,13,0,13,Premier League,0.5,0.62,0,1.62,1.62,2.0,1.61,8
Fulham,8,3,3,2,11,10,1,12,Premier League,0.38,0.75,1,1.5,1.38,2.63,1.33,9
Brighton,8,3,2,3,9,10,-1,11,Premier League,0.38,0.62,-1,1.38,1.12,2.63,1.61,10
Everton,8,2,4,2,13,11,2,10,Premier League,0.25,0.75,2,1.25,1.62,4.0,1.33,11
Wolverhampton,8,3,1,4,8,9,-1,10,Premier League,0.38,0.5,-1,1.25,1.0,2.63,2.0,11
Bournemouth,8,2,2,4,9,8,1,8,Premier League,0.25,0.5,1,1.0,1.12,4.0,2.0,12
Tottenham,8,2,2,4,13,16,-3,8,Premier League,0.25,0.5,-3,1.0,1.62,4.0,2.0,12
Manchester Utd,8,2,2,4,8,14,-6,8,Premier League,0.25,0.5,-6,1.0,1.0,4.0,2.0,12
West Ham Utd,8,2,2,4,8,14,-6,8,Premier League,0.25,0.5,-6,1.0,1.0,4.0,2.0,12
Brentford,8,0,3,5,4,13,-9,3,Premier League,0.0,0.38,-9,0.38,0.5,0.0,2.63,15
Ipswich Town,8,1,0,7,7,24,-17,3,Premier League,0.12,0.12,-17,0.38,0.88,8.33,8.33,15
Leicester City,8,0,1,7,2,20,-18,1,Premier League,0.0,0.12,-18,0.12,0.25,0.0,8.33,16
Southampton,8,0,1,7,4,24,-20,1,Premier League,0.0,0.12,-20,0.12,0.5,0.0,8.33,16
Bristol City,8,6,1,1,12,6,6,19,Premier League,0.75,0.88,6,2.38,1.5,1.33,1.14,2
Leeds Utd,8,5,3,0,20,5,15,18,Premier League,0.62,1.0,15,2.25,2.5,1.61,1.0,3
Burnley,8,5,3,0,13,1,12,18,Premier League,0.62,1.0,12,2.25,1.62,1.61,1.0,3
Coventry City,8,6,0,2,13,8,5,18,Premier League,0.75,0.75,5,2.25,1.62,1.33,1.33,3
Portsmouth,8,5,1,2,10,6,4,16,Premier League,0.62,0.75,4,2.0,1.25,1.61,1.33,5
Sheffield Utd,8,5,1,2,13,10,3,16,Premier League,0.62,0.75,3,2.0,1.62,1.61,1.33,5
Oxford Utd,8,5,1,2,11,8,3,16,Premier League,0.62,0.75,3,2.0,1.38,1.61,1.33,5
Sunderland,8,4,3,1,11,7,4,15,Premier League,0.5,0.88,4,1.88,1.38,2.0,1.14,6
Stoke City,8,4,3,1,9,5,4,15,Premier League,0.5,0.88,4,1.88,1.12,2.0,1.14,6
Norwich City,8,4,2,2,16,10,6,14,Premier League,0.5,0.75,6,1.75,2.0,2.0,1.33,7
QP Rangers,8,4,2,2,14,9,5,14,Premier League,0.5,0.75,5,1.75,1.75,2.0,1.33,7
West Brom,8,4,2,2,12,7,5,14,Premier League,0.5,0.75,5,1.75,1.5,2.0,1.33,7
Preston,8,3,5,0,10,6,4,14,Premier League,0.38,1.0,4,1.75,1.25,2.63,1.0,7
Middlesbrough,8,4,2,2,10,7,3,14,Premier League,0.5,0.75,3,1.75,1.25,2.0,1.33,7
Cardiff City,8,3,3,2,11,8,3,12,Premier League,0.38,0.75,3,1.5,1.38,2.63,1.33,9
Millwall,8,3,2,3,8,9,-1,11,Premier League,0.38,0.62,-1,1.38,1.0,2.63,1.61,10
Blackburn,8,3,1,4,9,9,0,10,Premier League,0.38,0.5,0,1.25,1.12,2.63,2.0,11
Derby County,8,3,1,4,6,6,0,10,Premier League,0.38,0.5,0,1.25,0.75,2.63,2.0,11
Swansea City,8,3,1,4,7,8,-1,10,Premier League,0.38,0.5,-1,1.25,0.88,2.63,2.0,11
Plymouth,8,3,1,4,12,16,-4,10,Premier League,0.38,0.5,-4,1.25,1.5,2.63,2.0,11
Hull City,8,2,2,4,10,11,-1,8,Premier League,0.25,0.5,-1,1.0,1.25,4.0,2.0,12
Luton Town,8,1,4,3,3,5,-2,7,Premier League,0.12,0.62,-2,0.88,0.38,8.33,1.61,13
Watford,8,2,1,5,6,11,-5,7,Premier League,0.25,0.38,-5,0.88,0.75,4.0,2.63,13
Sheffield Wed,8,1,3,4,11,13,-2,6,Premier League,0.12,0.5,-2,0.75,1.38,8.33,2.0,14
Birmingham City,8,8,0,0,21,4,17,24,League One,1.0,1.0,17,3.0,2.62,1.0,1.0,1
Charlton,8,7,1,0,18,4,14,22,League One,0.88,1.0,14,2.75,2.25,1.14,1.0,2
Stockport,8,6,1,1,13,5,8,19,League One,0.75,0.88,8,2.38,1.62,1.33,1.14,3
Reading,8,4,4,0,10,4,6,16,League One,0.5,1.0,6,2.0,1.25,2.0,1.0,4
Bolton,8,5,1,2,16,11,5,16,League One,0.62,0.75,5,2.0,2.0,1.61,1.33,4
Blackpool,8,4,3,1,14,8,6,15,League One,0.5,0.88,6,1.88,1.75,2.0,1.14,5
Wycombe,8,4,3,1,7,2,5,15,League One,0.5,0.88,5,1.88,0.88,2.0,1.14,5
Lincoln City,8,4,2,2,16,6,10,14,League One,0.5,0.75,10,1.75,2.0,2.0,1.33,6
Wrexham,8,4,2,2,10,6,4,14,League One,0.5,0.75,4,1.75,1.25,2.0,1.33,6
Leyton Orient,8,4,1,3,11,7,4,13,League One,0.5,0.62,4,1.62,1.38,2.0,1.61,7
Bristol Rovers,8,4,1,3,15,12,3,13,League One,0.5,0.62,3,1.62,1.88,2.0,1.61,7
Burton Albion,8,3,3,2,14,12,2,12,League One,0.38,0.75,2,1.5,1.75,2.63,1.33,8
Peterborough,8,3,3,2,10,10,0,12,League One,0.38,0.75,0,1.5,1.25,2.63,1.33,8
Stevenage,8,3,2,3,14,9,5,11,League One,0.38,0.62,5,1.38,1.75,2.63,1.61,9
Wigan Athletic,8,3,2,3,8,8,0,11,League One,0.38,0.62,0,1.38,1.0,2.63,1.61,9
Rotherham,8,3,1,4,9,13,-4,10,League One,0.38,0.5,-4,1.25,1.12,2.63,2.0,10
Cambridge Utd,8,2,3,3,9,9,0,9,League One,0.25,0.62,0,1.12,1.12,4.0,1.61,11
Crawley Town,8,2,3,3,10,11,-1,9,League One,0.25,0.62,-1,1.12,1.25,4.0,1.61,11
Huddersfield,8,2,2,4,7,6,1,8,League One,0.25,0.5,1,1.0,0.88,4.0,2.0,12
Barnsley,8,2,2,4,10,12,-2,8,League One,0.25,0.5,-2,1.0,1.25,4.0,2.0,12
Northampton,8,2,2,4,8,13,-5,8,League One,0.25,0.5,-5,1.0,1.0,4.0,2.0,12
Shrewsbury,8,2,1,5,6,10,-4,7,League One,0.25,0.38,-4,0.88,0.75,4.0,2.63,13
Exeter City,8,2,1,5,9,16,-7,7,League One,0.25,0.38,-7,0.88,1.12,4.0,2.63,13
Mansfield,8,1,1,6,5,12,-7,4,League One,0.12,0.25,-7,0.5,0.62,8.33,4.0,14
Bradford,8,7,0,1,14,2,12,21,League Two,0.88,0.88,12,2.62,1.75,1.14,1.14,1
Port Vale,8,6,1,1,11,3,8,19,League Two,0.75,0.88,8,2.38,1.38,1.33,1.14,2
Colchester Utd,8,6,1,1,12,5,7,19,League Two,0.75,0.88,7,2.38,1.5,1.33,1.14,2
Harrogate,8,5,3,0,11,5,6,18,League Two,0.62,1.0,6,2.25,1.38,1.61,1.0,3
Swindon Town,8,4,4,0,16,10,6,16,League Two,0.5,1.0,6,2.0,2.0,2.0,1.0,4
AFC Wimbledon,8,5,1,2,11,5,6,16,League Two,0.62,0.75,6,2.0,1.38,1.61,1.33,4
Morecambe,8,5,1,2,12,7,5,16,League Two,0.62,0.75,5,2.0,1.5,1.61,1.33,4
Doncaster,8,4,2,2,15,9,6,14,League Two,0.5,0.75,6,1.75,1.88,2.0,1.33,5
Chesterfield,8,4,2,2,15,10,5,14,League Two,0.5,0.75,5,1.75,1.88,2.0,1.33,5
Notts County,8,4,2,2,11,6,5,14,League Two,0.5,0.75,5,1.75,1.38,2.0,1.33,5
Grimsby,8,4,2,2,10,8,2,14,League Two,0.5,0.75,2,1.75,1.25,2.0,1.33,5
Newport,8,4,2,2,10,8,2,14,League Two,0.5,0.75,2,1.75,1.25,2.0,1.33,5
Barrow,8,4,1,3,12,7,5,13,League Two,0.5,0.62,5,1.62,1.5,2.0,1.61,6
Bromley,8,4,1,3,12,8,4,13,League Two,0.5,0.62,4,1.62,1.5,2.0,1.61,6
Tranmere,8,3,3,2,11,7,4,12,League Two,0.38,0.75,4,1.5,1.38,2.63,1.33,7
Cheltenham,8,3,2,3,9,10,-1,11,League Two,0.38,0.62,-1,1.38,1.12,2.63,1.61,8
Accrington,8,2,4,2,10,7,3,10,League Two,0.25,0.75,3,1.25,1.25,4.0,1.33,9
Fleetwood,8,2,4,2,8,9,-1,10,League Two,0.25,0.75,-1,1.25,1.0,4.0,1.33,9
Carlisle Utd,8,2,4,2,10,13,-3,10,League Two,0.25,0.75,-3,1.25,1.25,4.0,1.33,9
Walsall,8,2,3,3,14,14,0,9,League Two,0.25,0.62,0,1.12,1.75,4.0,1.61,10
Gillingham,8,2,3,3,5,6,-1,9,League Two,0.25,0.62,-1,1.12,0.62,4.0,1.61,10
Crewe Alexandra,8,2,2,4,8,11,-3,8,League Two,0.25,0.5,-3,1.0,1.0,4.0,2.0,11
Salford City,8,1,4,3,10,15,-5,7,League Two,0.12,0.62,-5,0.88,1.25,8.33,1.61,12
Milton Keynes,8,2,1,5,6,12,-6,7,League Two,0.25,0.38,-6,0.88,0.75,4.0,2.63,12
Barnet,8,7,1,0,23,6,17,22,England - National League,0.88,1.0,17,2.75,2.88,1.14,1.0,1
Forest Green,8,5,3,0,11,5,6,18,England - National League,0.62,1.0,6,2.25,1.38,1.61,1.0,2
Southend Utd,8,5,2,1,13,9,4,17,England - National League,0.62,0.88,4,2.12,1.62,1.61,1.14,3
Aldershot Town,8,4,4,0,18,11,7,16,England - National League,0.5,1.0,7,2.0,2.25,2.0,1.0,4
Braintree Town,8,5,1,2,10,6,4,16,England - National League,0.62,0.75,4,2.0,1.25,1.61,1.33,4
York City,8,4,2,2,14,8,6,14,England - National League,0.5,0.75,6,1.75,1.75,2.0,1.33,5
Boston Utd,8,3,4,1,13,8,5,13,England - National League,0.38,0.88,5,1.62,1.62,2.63,1.14,6
Woking,8,3,4,1,9,6,3,13,England - National League,0.38,0.88,3,1.62,1.12,2.63,1.14,6
Rochdale,8,4,1,3,14,12,2,13,England - National League,0.5,0.62,2,1.62,1.75,2.0,1.61,6
Halifax Town,8,4,1,3,7,5,2,13,England - National League,0.5,0.62,2,1.62,0.88,2.0,1.61,6
Wealdstone,8,4,1,3,12,14,-2,13,England - National League,0.5,0.62,-2,1.62,1.5,2.0,1.61,6
Tamworth,8,3,3,2,13,7,6,12,England - National League,0.38,0.75,6,1.5,1.62,2.63,1.33,7
Eastleigh,8,3,3,2,12,7,5,12,England - National League,0.38,0.75,5,1.5,1.5,2.63,1.33,7
Hartlepool,8,2,4,2,12,10,2,10,England - National League,0.25,0.75,2,1.25,1.5,4.0,1.33,8
Oldham,8,2,3,3,7,9,-2,9,England - National League,0.25,0.62,-2,1.12,0.88,4.0,1.61,9
Yeovil Town,8,2,3,3,7,10,-3,9,England - National League,0.25,0.62,-3,1.12,0.88,4.0,1.61,9
Altrincham,8,2,2,4,9,10,-1,8,England - National League,0.25,0.5,-1,1.0,1.12,4.0,2.0,10
Maidenhead Utd,8,2,2,4,9,12,-3,8,England - National League,0.25,0.5,-3,1.0,1.12,4.0,2.0,10
Sutton Utd,8,1,5,2,8,11,-3,8,England - National League,0.12,0.75,-3,1.0,1.0,8.33,1.33,10
Gateshead FC,8,2,2,4,9,14,-5,8,England - National League,0.25,0.5,-5,1.0,1.12,4.0,2.0,10
AFC Fylde,8,2,1,5,10,13,-3,7,England - National League,0.25,0.38,-3,0.88,1.25,4.0,2.63,11
Solihull Moors,8,2,1,5,6,12,-6,7,England - National League,0.25,0.38,-6,0.88,0.75,4.0,2.63,11
Ebbsfleet Utd,8,1,3,4,6,11,-5,6,England - National League,0.12,0.5,-5,0.75,0.75,8.33,2.0,12
Dagenham & R.,8,1,2,5,7,15,-8,5,England - National League,0.12,0.38,-8,0.62,0.88,8.33,2.63,13
Chorley,8,7,1,0,22,4,18,22,England - National L. North,0.88,1.0,18,2.75,2.75,1.14,1.0,1
Scunthorpe,8,7,1,0,16,5,11,22,England - National L. North,0.88,1.0,11,2.75,2.0,1.14,1.0,1
Spennymoor,8,6,1,1,16,6,10,19,England - National L. North,0.75,0.88,10,2.38,2.0,1.33,1.14,2
Brackley Town,8,6,0,2,14,4,10,18,England - National L. North,0.75,0.75,10,2.25,1.75,1.33,1.33,3
Chester,8,5,3,0,14,4,10,18,England - National L. North,0.62,1.0,10,2.25,1.75,1.61,1.0,3
Scarborough,8,5,1,2,17,6,11,16,England - National L. North,0.62,0.75,11,2.0,2.12,1.61,1.33,4
Hereford Utd,8,5,1,2,15,12,3,16,England - National L. North,0.62,0.75,3,2.0,1.88,1.61,1.33,4
Kidderminster,8,5,0,3,15,7,8,15,England - National L. North,0.62,0.62,8,1.88,1.88,1.61,1.61,5
Leamington,8,4,2,2,12,7,5,14,England - National L. North,0.5,0.75,5,1.75,1.5,2.0,1.33,6
Peterborough S.,8,4,2,2,12,7,5,14,England - National L. North,0.5,0.75,5,1.75,1.5,2.0,1.33,6
Curzon,8,4,2,2,9,5,4,14,England - National L. North,0.5,0.75,4,1.75,1.12,2.0,1.33,6
Darlington,8,4,2,2,15,12,3,14,England - National L. North,0.5,0.75,3,1.75,1.88,2.0,1.33,6
Marine,8,4,2,2,13,11,2,14,England - National L. North,0.5,0.75,2,1.75,1.62,2.0,1.33,6
Radcliffe,8,4,0,4,14,10,4,12,England - National L. North,0.5,0.5,4,1.5,1.75,2.0,2.0,7
Kings Lynn,8,3,3,2,9,9,0,12,England - National L. North,0.38,0.75,0,1.5,1.12,2.63,1.33,7
Buxton,8,3,2,3,7,8,-1,11,England - National L. North,0.38,0.62,-1,1.38,0.88,2.63,1.61,8
Rushall,8,3,2,3,7,11,-4,11,England - National L. North,0.38,0.62,-4,1.38,0.88,2.63,1.61,8
Oxford City,8,3,2,3,7,14,-7,11,England - National L. North,0.38,0.62,-7,1.38,0.88,2.63,1.61,8
Needham Market,8,3,1,4,12,11,1,10,England - National L. North,0.38,0.5,1,1.25,1.5,2.63,2.0,9
South Shields,8,3,1,4,7,11,-4,10,England - National L. North,0.38,0.5,-4,1.25,0.88,2.63,2.0,9
Alfreton Town,8,1,4,3,6,11,-5,7,England - National L. North,0.12,0.62,-5,0.88,0.75,8.33,1.61,10
Southport,8,1,3,4,4,11,-7,6,England - National L. North,0.12,0.5,-7,0.75,0.5,8.33,2.0,11
Warrington,8,1,1,6,6,13,-7,4,England - National L. North,0.12,0.25,-7,0.5,0.75,8.33,4.0,12
Farsley Celtic,8,0,0,8,3,27,-24,0,England - National L. North,0.0,0.0,-24,0.0,0.38,0.0,0.0,13
Eastbourne,8,7,1,0,23,8,15,22,England - National L. South,0.88,1.0,15,2.75,2.88,1.14,1.0,1
Truro City,8,5,3,0,12,6,6,18,England - National L. South,0.62,1.0,6,2.25,1.5,1.61,1.0,2
Maidstone Utd,8,5,1,2,16,7,9,16,England - National L. South,0.62,0.75,9,2.0,2.0,1.61,1.33,3
Worthing,8,5,1,2,17,9,8,16,England - National L. South,0.62,0.75,8,2.0,2.12,1.61,1.33,3
Hemel Hempstead,8,4,3,1,16,10,6,15,England - National L. South,0.5,0.88,6,1.88,2.0,2.0,1.14,4
Boreham Wood,8,5,0,3,12,7,5,15,England - National L. South,0.62,0.62,5,1.88,1.5,1.61,1.61,4
St Albans,8,4,3,1,11,7,4,15,England - National L. South,0.5,0.88,4,1.88,1.38,2.0,1.14,4
Weymouth,8,4,2,2,19,12,7,14,England - National L. South,0.5,0.75,7,1.75,2.38,2.0,1.33,5
Dorking,8,4,2,2,15,10,5,14,England - National L. South,0.5,0.75,5,1.75,1.88,2.0,1.33,5
Torquay Utd,8,4,2,2,13,9,4,14,England - National L. South,0.5,0.75,4,1.75,1.62,2.0,1.33,5
Hornchurch,8,4,2,2,14,12,2,14,England - National L. South,0.5,0.75,2,1.75,1.75,2.0,1.33,5
Enfield Town,8,4,1,3,8,12,-4,13,England - National L. South,0.5,0.62,-4,1.62,1.0,2.0,1.61,6
Slough Town,8,3,3,2,14,9,5,12,England - National L. South,0.38,0.75,5,1.5,1.75,2.63,1.33,7
Bath City,8,3,3,2,7,5,2,12,England - National L. South,0.38,0.75,2,1.5,0.88,2.63,1.33,7
Farnborough,8,4,0,4,12,11,1,12,England - National L. South,0.5,0.5,1,1.5,1.5,2.0,2.0,7
Chesham Utd,8,3,2,3,14,14,0,11,England - National L. South,0.38,0.62,0,1.38,1.75,2.63,1.61,8
Chippenham,8,3,2,3,8,10,-2,11,England - National L. South,0.38,0.62,-2,1.38,1.0,2.63,1.61,8
Weston-s.-Mare,8,2,4,2,11,10,1,10,England - National L. South,0.25,0.75,1,1.25,1.38,4.0,1.33,9
Chelmsford City,8,2,4,2,7,7,0,10,England - National L. South,0.25,0.75,0,1.25,0.88,4.0,1.33,9
Tonbridge,8,3,0,5,9,12,-3,9,England - National L. South,0.38,0.38,-3,1.12,1.12,2.63,2.63,10
Salisbury,8,2,2,4,8,11,-3,8,England - National L. South,0.25,0.5,-3,1.0,1.0,4.0,2.0,11
Welling Utd,8,1,3,4,8,10,-2,6,England - National L. South,0.12,0.5,-2,0.75,1.0,8.33,2.0,12
Aveley,8,1,1,6,7,13,-6,4,England - National L. South,0.12,0.25,-6,0.5,0.88,8.33,4.0,13
Hampton & R.,8,1,1,6,7,18,-11,4,England - National L. South,0.12,0.25,-11,0.5,0.88,8.33,4.0,13
Dartford,8,6,2,0,18,5,13,20,England - Isthmian league,0.75,1.0,13,2.5,2.25,1.33,1.0,1
Cray Wanderers,8,6,1,1,16,7,9,19,England - Isthmian league,0.75,0.88,9,2.38,2.0,1.33,1.14,2
Chichester City,8,6,1,1,14,6,8,19,England - Isthmian league,0.75,0.88,8,2.38,1.75,1.33,1.14,2
Hashtag United,8,6,1,1,19,12,7,19,England - Isthmian league,0.75,0.88,7,2.38,2.38,1.33,1.14,2
Horsham,8,6,1,1,11,4,7,19,England - Isthmian league,0.75,0.88,7,2.38,1.38,1.33,1.14,2
Carshalton,8,5,2,1,20,12,8,17,England - Isthmian league,0.62,0.88,8,2.12,2.5,1.61,1.14,3
Whitehawk,8,5,1,2,16,7,9,16,England - Isthmian league,0.62,0.75,9,2.0,2.0,1.61,1.33,4
Cray Valley PM,8,4,3,1,14,9,5,15,England - Isthmian league,0.5,0.88,5,1.88,1.75,2.0,1.14,5
Billericay Town,8,5,0,3,14,12,2,15,England - Isthmian league,0.62,0.62,2,1.88,1.75,1.61,1.61,5
Chatham Town,8,4,1,3,14,10,4,13,England - Isthmian league,0.5,0.62,4,1.62,1.75,2.0,1.61,6
Folkestone,8,4,1,3,14,14,0,13,England - Isthmian league,0.5,0.62,0,1.62,1.75,2.0,1.61,6
Lewes,8,3,3,2,13,10,3,12,England - Isthmian league,0.38,0.75,3,1.5,1.62,2.63,1.33,7
Canvey Island,8,3,2,3,9,8,1,11,England - Isthmian league,0.38,0.62,1,1.38,1.12,2.63,1.61,8
Cheshunt,8,3,2,3,14,14,0,11,England - Isthmian league,0.38,0.62,0,1.38,1.75,2.63,1.61,8
Wingate & F.,8,3,2,3,11,11,0,11,England - Isthmian league,0.38,0.62,0,1.38,1.38,2.63,1.61,8
Dover Athletic,8,3,1,4,8,10,-2,10,England - Isthmian league,0.38,0.5,-2,1.25,1.0,2.63,2.0,9
Dulwich Hamlet,8,3,0,5,11,14,-3,9,England - Isthmian league,0.38,0.38,-3,1.12,1.38,2.63,2.63,10
Potters Bar,8,2,1,5,6,13,-7,7,England - Isthmian league,0.25,0.38,-7,0.88,0.75,4.0,2.63,11
Bognor Regis,8,2,1,5,7,15,-8,7,England - Isthmian league,0.25,0.38,-8,0.88,0.88,4.0,2.63,11
Hastings Utd,8,1,2,5,5,13,-8,5,England - Isthmian league,0.12,0.38,-8,0.62,0.62,8.33,2.63,12
Hendon,8,1,1,6,8,23,-15,4,England - Isthmian league,0.12,0.25,-15,0.5,1.0,8.33,4.0,13
Bowers & Pitsea,8,0,2,6,7,22,-15,2,England - Isthmian league,0.0,0.25,-15,0.25,0.88,0.0,4.0,14
Macclesfield,8,7,0,1,19,7,12,21,England - Northern league,0.88,0.88,12,2.62,2.38,1.14,1.14,1
Prescot Cables,8,7,0,1,9,2,7,21,England - Northern league,0.88,0.88,7,2.62,1.12,1.14,1.14,1
Worksop Town,8,6,1,1,25,10,15,19,England - Northern league,0.75,0.88,15,2.38,3.12,1.33,1.14,2
Ashton Utd,8,6,1,1,18,5,13,19,England - Northern league,0.75,0.88,13,2.38,2.25,1.33,1.14,2
Ilkeston Town,8,5,1,2,18,8,10,16,England - Northern league,0.62,0.75,10,2.0,2.25,1.61,1.33,3
Guiseley,8,4,3,1,12,6,6,15,England - Northern league,0.5,0.88,6,1.88,1.5,2.0,1.14,4
Gainsborough,8,4,2,2,14,8,6,14,England - Northern league,0.5,0.75,6,1.75,1.75,2.0,1.33,5
Leek Town,8,4,2,2,13,10,3,14,England - Northern league,0.5,0.75,3,1.75,1.62,2.0,1.33,5
Stockton Town,8,4,2,2,12,9,3,14,England - Northern league,0.5,0.75,3,1.75,1.5,2.0,1.33,5
Workington,8,4,1,3,14,10,4,13,England - Northern league,0.5,0.62,4,1.62,1.75,2.0,1.61,6
Bamber Bridge,8,4,0,4,13,12,1,12,England - Northern league,0.5,0.5,1,1.5,1.62,2.0,2.0,7
Hyde Utd,8,3,3,2,13,13,0,12,England - Northern league,0.38,0.75,0,1.5,1.62,2.63,1.33,7
Rylands,8,3,3,2,11,11,0,12,England - Northern league,0.38,0.75,0,1.5,1.38,2.63,1.33,7
Morpeth Town,8,3,3,2,9,10,-1,12,England - Northern league,0.38,0.75,-1,1.5,1.12,2.63,1.33,7
Basford Utd,8,3,2,3,11,14,-3,11,England - Northern league,0.38,0.62,-3,1.38,1.38,2.63,1.61,8
Matlock,8,2,4,2,11,10,1,10,England - Northern league,0.25,0.75,1,1.25,1.38,4.0,1.33,9
Mickleover,8,3,1,4,9,11,-2,10,England - Northern league,0.38,0.5,-2,1.25,1.12,2.63,2.0,9
FC United,8,2,3,3,12,15,-3,9,England - Northern league,0.25,0.62,-3,1.12,1.5,4.0,1.61,10
Lancaster City,8,1,4,3,5,8,-3,7,England - Northern league,0.12,0.62,-3,0.88,0.62,8.33,1.61,11
Whitby Town,8,1,2,5,5,13,-8,5,England - Northern league,0.12,0.38,-8,0.62,0.62,8.33,2.63,12
Blyth Spartans,8,1,2,5,6,17,-11,5,England - Northern league,0.12,0.38,-11,0.62,0.75,8.33,2.63,12
Hebburn Town,8,0,2,6,7,14,-7,2,England - Northern league,0.0,0.25,-7,0.25,0.88,0.0,4.0,13
Stratford Town,8,6,1,1,16,3,13,19,England - Southern Central,0.75,0.88,13,2.38,2.0,1.33,1.14,1
Halesowen Town,8,6,1,1,17,7,10,19,England - Southern Central,0.75,0.88,10,2.38,2.12,1.33,1.14,1
Spalding United,8,6,1,1,15,7,8,19,England - Southern Central,0.75,0.88,8,2.38,1.88,1.33,1.14,1
Harborough Town,8,6,1,1,12,5,7,19,England - Southern Central,0.75,0.88,7,2.38,1.5,1.33,1.14,1
Telford Utd,8,5,3,0,18,6,12,18,England - Southern Central,0.62,1.0,12,2.25,2.25,1.61,1.0,2
Hitchin Town,8,4,3,1,15,10,5,15,England - Southern Central,0.5,0.88,5,1.88,1.88,2.0,1.14,3
Bedford Town,8,4,2,2,17,12,5,14,England - Southern Central,0.5,0.75,5,1.75,2.12,2.0,1.33,4
Alvechurch,8,4,2,2,9,7,2,14,England - Southern Central,0.5,0.75,2,1.75,1.12,2.0,1.33,4
Stamford,8,4,2,2,9,7,2,14,England - Southern Central,0.5,0.75,2,1.75,1.12,2.0,1.33,4
Leiston,8,4,1,3,13,11,2,13,England - Southern Central,0.5,0.62,2,1.62,1.62,2.0,1.61,5
Redditch Utd,8,3,4,1,13,11,2,13,England - Southern Central,0.38,0.88,2,1.62,1.62,2.63,1.14,5
Banbury Utd,8,3,4,1,6,5,1,13,England - Southern Central,0.38,0.88,1,1.62,0.75,2.63,1.14,5
Kettering Town,8,3,3,2,14,10,4,12,England - Southern Central,0.38,0.75,4,1.5,1.75,2.63,1.33,6
Barwell,8,4,0,4,14,13,1,12,England - Southern Central,0.5,0.5,1,1.5,1.75,2.0,2.0,6
B. Stortford,8,3,2,3,13,13,0,11,England - Southern Central,0.38,0.62,0,1.38,1.62,2.63,1.61,7
Royston,8,2,5,1,11,11,0,11,England - Southern Central,0.25,0.88,0,1.38,1.38,4.0,1.14,7
Bromsgrove,8,2,3,3,10,8,2,9,England - Southern Central,0.25,0.62,2,1.12,1.25,4.0,1.61,8
St. Ives Town,8,2,3,3,12,13,-1,9,England - Southern Central,0.25,0.62,-1,1.12,1.5,4.0,1.61,8
Stourbridge,8,2,3,3,7,8,-1,9,England - Southern Central,0.25,0.62,-1,1.12,0.88,4.0,1.61,8
AFC Sudbury,8,2,2,4,8,8,0,8,England - Southern Central,0.25,0.5,0,1.0,1.0,4.0,2.0,9
Biggleswade,8,1,2,5,8,15,-7,5,England - Southern Central,0.12,0.38,-7,0.62,1.0,8.33,2.63,10
Lowestoft,8,1,1,6,7,22,-15,4,England - Southern Central,0.12,0.25,-15,0.5,0.88,8.33,4.0,11
Paide,3,3,0,0,10,0,10,9,Estonia - Meistriliiga,1.0,1.0,10,3.0,3.33,1.0,1.0,1
Levadia,2,2,0,0,7,1,6,6,Estonia - Meistriliiga,1.0,1.0,6,3.0,3.5,1.0,1.0,2
Flora,3,1,1,1,7,3,4,4,Estonia - Meistriliiga,0.33,0.67,4,1.33,2.33,3.03,1.49,3
Harju JK,2,1,0,1,2,3,-1,3,Estonia - Meistriliiga,0.5,0.5,-1,1.5,1.0,2.0,2.0,4
Tallinna Kalev,3,1,0,2,5,7,-2,3,Estonia - Meistriliiga,0.33,0.33,-2,1.0,1.67,3.03,3.03,4
Narva Trans,3,1,0,2,1,3,-2,3,Estonia - Meistriliiga,0.33,0.33,-2,1.0,0.33,3.03,3.03,4
Nomme Kalju,2,0,1,1,3,4,-1,1,Estonia - Meistriliiga,0.0,0.5,-1,0.5,1.5,0.0,2.0,5
Vaprus,3,0,1,2,2,6,-4,1,Estonia - Meistriliiga,0.0,0.33,-4,0.33,0.67,0.0,3.03,5
Kuressaare,2,0,0,2,2,4,-2,0,Estonia - Meistriliiga,0.0,0.0,-2,0.0,1.0,0.0,0.0,6
Tammeka,2,0,0,2,2,8,-6,0,Estonia - Meistriliiga,0.0,0.0,-6,0.0,1.0,0.0,0.0,6
Viimsi,3,2,1,0,11,4,7,7,Estonia - Esiliiga,0.67,1.0,7,2.33,3.67,1.49,1.0,1
Tartu Welco,3,2,1,0,7,4,3,7,Estonia - Esiliiga,0.67,1.0,3,2.33,2.33,1.49,1.0,1
Elva,2,2,0,0,7,4,3,6,Estonia - Esiliiga,1.0,1.0,3,3.0,3.5,1.0,1.0,2
Flora B,3,2,0,1,4,2,2,6,Estonia - Esiliiga,0.67,0.67,2,2.0,1.33,1.49,1.49,2
Levadia B,2,1,0,1,5,3,2,3,Estonia - Esiliiga,0.5,0.5,2,1.5,2.5,2.0,2.0,3
Nomme Utd,2,1,0,1,2,1,1,3,Estonia - Esiliiga,0.5,0.5,1,1.5,1.0,2.0,2.0,3
Nomme Kalju B,2,1,0,1,2,3,-1,3,Estonia - Esiliiga,0.5,0.5,-1,1.5,1.0,2.0,2.0,3
FC Tallinn,2,0,1,1,2,3,-1,1,Estonia - Esiliiga,0.0,0.5,-1,0.5,1.0,0.0,2.0,4
Tallinna K. B,3,0,1,2,3,5,-2,1,Estonia - Esiliiga,0.0,0.33,-2,0.33,1.0,0.0,3.03,4
Tammeka B,3,0,0,3,0,4,-4,0,Estonia - Esiliiga,0.0,0.0,-4,0.0,0.0,0.0,0.0,5
NSI Runavik,3,3,0,0,19,4,15,9,FaroeIslands - Premier League,1.0,1.0,15,3.0,6.33,1.0,1.0,1
HB Torshavn,2,2,0,0,7,2,5,6,FaroeIslands - Premier League,1.0,1.0,5,3.0,3.5,1.0,1.0,2
Klaksvik,2,2,0,0,5,2,3,6,FaroeIslands - Premier League,1.0,1.0,3,3.0,2.5,1.0,1.0,2
B68 Toftir,2,1,0,1,2,2,0,3,FaroeIslands - Premier League,0.5,0.5,0,1.5,1.0,2.0,2.0,3
B36 Torshavn,2,1,0,1,2,3,-1,3,FaroeIslands - Premier League,0.5,0.5,-1,1.5,1.0,2.0,2.0,3
Suduroy,2,1,0,1,1,2,-1,3,FaroeIslands - Premier League,0.5,0.5,-1,1.5,0.5,2.0,2.0,3
TB Tvoroyri,2,0,1,1,1,2,-1,1,FaroeIslands - Premier League,0.0,0.5,-1,0.5,0.5,0.0,2.0,4
Streymur,2,0,1,1,2,5,-3,1,FaroeIslands - Premier League,0.0,0.5,-3,0.5,1.0,0.0,2.0,4
Vikingur,2,0,1,1,0,3,-3,1,FaroeIslands - Premier League,0.0,0.5,-3,0.5,0.0,0.0,2.0,4
07 Vestur,1,0,0,1,1,2,-1,0,FaroeIslands - Premier League,0.0,0.0,-1,0.0,1.0,0.0,0.0,5
AB Argir,2,1,1,0,4,2,2,4,FaroeIslands - 1. Deild,0.5,1.0,2,2.0,2.0,2.0,1.0,1
Skala,2,1,1,0,3,1,2,4,FaroeIslands - 1. Deild,0.5,1.0,2,2.0,1.5,2.0,1.0,1
B71 Sandur,1,1,0,0,3,0,3,3,FaroeIslands - 1. Deild,1.0,1.0,3,3.0,3.0,1.0,1.0,2
Vikingur B,2,1,0,1,3,2,1,3,FaroeIslands - 1. Deild,0.5,0.5,1,1.5,1.5,2.0,2.0,2
Streymur B,2,1,0,1,2,2,0,3,FaroeIslands - 1. Deild,0.5,0.5,0,1.5,1.0,2.0,2.0,2
Klaksvik B,2,1,0,1,1,1,0,3,FaroeIslands - 1. Deild,0.5,0.5,0,1.5,0.5,2.0,2.0,2
IF Fuglafjordur,2,1,0,1,3,4,-1,3,FaroeIslands - 1. Deild,0.5,0.5,-1,1.5,1.5,2.0,2.0,2
NSI Runavik B,2,0,1,1,2,6,-4,1,FaroeIslands - 1. Deild,0.0,0.5,-4,0.5,1.0,0.0,2.0,3
B36 Torshavn B,2,0,1,1,2,7,-5,1,FaroeIslands - 1. Deild,0.0,0.5,-5,0.5,1.0,0.0,2.0,3
07 Vestur B,2,0,0,2,2,7,-5,0,FaroeIslands - 1. Deild,0.0,0.0,-5,0.0,1.0,0.0,0.0,4
VPS,1,1,0,0,4,3,1,3,Finland - Veikkausliiga,1.0,1.0,1,3.0,4.0,1.0,1.0,1
Haka,1,1,0,0,3,2,1,3,Finland - Veikkausliiga,1.0,1.0,1,3.0,3.0,1.0,1.0,1
Ilves,1,1,0,0,3,2,1,3,Finland - Veikkausliiga,1.0,1.0,1,3.0,3.0,1.0,1.0,1
Inter Turku,1,0,1,0,1,1,0,1,Finland - Veikkausliiga,0.0,1.0,0,1.0,1.0,0.0,1.0,2
Gnistan,0,0,0,0,0,0,0,0,Finland - Veikkausliiga,0.0,0.0,0,0.0,0.0,0.0,0.0,3
HJK Helsinki,0,0,0,0,0,0,0,0,Finland - Veikkausliiga,0.0,0.0,0,0.0,0.0,0.0,0.0,3
Jaro,0,0,0,0,0,0,0,0,Finland - Veikkausliiga,0.0,0.0,0,0.0,0.0,0.0,0.0,3
KuPS,0,0,0,0,0,0,0,0,Finland - Veikkausliiga,0.0,0.0,0,0.0,0.0,0.0,0.0,3
Oulu,0,0,0,0,0,0,0,0,Finland - Veikkausliiga,0.0,0.0,0,0.0,0.0,0.0,0.0,3
SJK,0,0,0,0,0,0,0,0,Finland - Veikkausliiga,0.0,0.0,0,0.0,0.0,0.0,0.0,3
KTP,1,0,0,1,0,1,-1,0,Finland - Veikkausliiga,0.0,0.0,-1,0.0,0.0,0.0,0.0,3
Mariehamn,1,0,0,1,0,2,-2,0,Finland - Veikkausliiga,0.0,0.0,-2,0.0,0.0,0.0,0.0,3
Jaro,8,7,0,1,22,7,15,21,Finland - Ykkosliga,0.88,0.88,15,2.62,2.75,1.14,1.14,1
JIPPO,8,5,1,2,17,10,7,16,Finland - Ykkosliga,0.62,0.75,7,2.0,2.12,1.61,1.33,2
KTP,8,4,2,2,22,11,11,14,Finland - Ykkosliga,0.5,0.75,11,1.75,2.75,2.0,1.33,3
PK-35,8,4,1,3,9,7,2,13,Finland - Ykkosliga,0.5,0.62,2,1.62,1.12,2.0,1.61,4
SJK Akatemia,8,3,3,2,17,10,7,12,Finland - Ykkosliga,0.38,0.75,7,1.5,2.12,2.63,1.33,5
TPS,8,4,0,4,18,12,6,12,Finland - Ykkosliga,0.5,0.5,6,1.5,2.25,2.0,2.0,5
JaPS,8,2,4,2,12,12,0,10,Finland - Ykkosliga,0.25,0.75,0,1.25,1.5,4.0,1.33,6
KaPa,8,2,2,4,11,21,-10,8,Finland - Ykkosliga,0.25,0.5,-10,1.0,1.38,4.0,2.0,7
SalPa,8,1,3,4,8,16,-8,6,Finland - Ykkosliga,0.12,0.5,-8,0.75,1.0,8.33,2.0,8
Mikkelin,8,1,1,6,8,21,-13,4,Finland - Ykkosliga,0.12,0.25,-13,0.5,1.0,8.33,4.0,9
Klubi-04,8,6,1,1,28,10,18,19,Finland - Ykkonen,0.75,0.88,18,2.38,3.5,1.33,1.14,1
KPV Kokkola,8,6,0,2,12,6,6,18,Finland - Ykkonen,0.75,0.75,6,2.25,1.5,1.33,1.33,2
OLS Oulu,8,5,2,1,22,17,5,17,Finland - Ykkonen,0.62,0.88,5,2.12,2.75,1.61,1.14,3
EPS,8,5,0,3,21,18,3,15,Finland - Ykkonen,0.62,0.62,3,1.88,2.62,1.61,1.61,4
Rovaniemi,8,4,1,3,14,12,2,13,Finland - Ykkonen,0.5,0.62,2,1.62,1.75,2.0,1.61,5
Atlantis,8,3,3,2,15,12,3,12,Finland - Ykkonen,0.38,0.75,3,1.5,1.88,2.63,1.33,6
JJK,8,3,2,3,8,13,-5,11,Finland - Ykkonen,0.38,0.62,-5,1.38,1.0,2.63,1.61,7
PKKU,8,3,1,4,20,16,4,10,Finland - Ykkonen,0.38,0.5,4,1.25,2.5,2.63,2.0,8
Jazz Pori,8,2,3,3,12,13,-1,9,Finland - Ykkonen,0.25,0.62,-1,1.12,1.5,4.0,1.61,9
KuPS Ak.,8,3,0,5,14,17,-3,9,Finland - Ykkonen,0.38,0.38,-3,1.12,1.75,2.63,2.63,9
Vaajakoski,8,1,4,3,12,17,-5,7,Finland - Ykkonen,0.12,0.62,-5,0.88,1.5,8.33,1.61,10
VIFK,8,2,1,5,10,16,-6,7,Finland - Ykkonen,0.25,0.38,-6,0.88,1.25,4.0,2.63,10
Atlantis B,8,6,0,2,19,13,6,18,Finland - Kakkonen Group A,0.75,0.75,6,2.25,2.38,1.33,1.33,1
Reipas,8,5,2,1,23,8,15,17,Finland - Kakkonen Group A,0.62,0.88,15,2.12,2.88,1.61,1.14,2
Kiffen,8,5,1,2,22,9,13,16,Finland - Kakkonen Group A,0.62,0.75,13,2.0,2.75,1.61,1.33,3
JaPS B,8,5,1,2,16,11,5,16,Finland - Kakkonen Group A,0.62,0.75,5,2.0,2.0,1.61,1.33,3
PEPO,8,5,1,2,13,8,5,16,Finland - Kakkonen Group A,0.62,0.75,5,2.0,1.62,1.61,1.33,3
MYPA,8,4,2,2,13,9,4,14,Finland - Kakkonen Group A,0.5,0.75,4,1.75,1.62,2.0,1.33,4
GrIFK,8,3,3,2,11,10,1,12,Finland - Kakkonen Group A,0.38,0.75,1,1.5,1.38,2.63,1.33,5
NJS,8,2,5,1,13,11,2,11,Finland - Kakkonen Group A,0.25,0.88,2,1.38,1.62,4.0,1.14,6
PPJ,8,3,2,3,12,10,2,11,Finland - Kakkonen Group A,0.38,0.62,2,1.38,1.5,2.63,1.61,6
Futura,8,0,1,7,7,25,-18,1,Finland - Kakkonen Group A,0.0,0.12,-18,0.12,0.88,0.0,8.33,7
Inter Turku B,8,7,0,1,37,10,27,21,Finland - Kakkonen Group B,0.88,0.88,27,2.62,4.62,1.14,1.14,1
P-Iirot,8,6,0,2,26,11,15,18,Finland - Kakkonen Group B,0.75,0.75,15,2.25,3.25,1.33,1.33,2
HJS Akatemia,8,5,2,1,19,8,11,17,Finland - Kakkonen Group B,0.62,0.88,11,2.12,2.38,1.61,1.14,3
VJS,8,5,2,1,17,9,8,17,Finland - Kakkonen Group B,0.62,0.88,8,2.12,2.12,1.61,1.14,3
Tampere Utd,8,5,1,2,20,8,12,16,Finland - Kakkonen Group B,0.62,0.75,12,2.0,2.5,1.61,1.33,4
TPV,8,3,4,1,15,12,3,13,Finland - Kakkonen Group B,0.38,0.88,3,1.62,1.88,2.63,1.14,5
Honka,8,4,1,3,16,17,-1,13,Finland - Kakkonen Group B,0.5,0.62,-1,1.62,2.0,2.0,1.61,5
Ilves B,8,3,0,5,16,20,-4,9,Finland - Kakkonen Group B,0.38,0.38,-4,1.12,2.0,2.63,2.63,6
EBK,8,2,1,5,13,14,-1,7,Finland - Kakkonen Group B,0.25,0.38,-1,0.88,1.62,4.0,2.63,7
Ilves-Kissat,8,2,1,5,13,29,-16,7,Finland - Kakkonen Group B,0.25,0.38,-16,0.88,1.62,4.0,2.63,7
Poxyt,8,0,0,8,6,23,-17,0,Finland - Kakkonen Group B,0.0,0.0,-17,0.0,0.75,0.0,0.0,8
TP-47,8,6,1,1,20,13,7,19,Finland - Kakkonen Group C,0.75,0.88,7,2.38,2.5,1.33,1.14,1
GBK,8,6,0,2,23,17,6,18,Finland - Kakkonen Group C,0.75,0.75,6,2.25,2.88,1.33,1.33,2
Narpes Kraft,8,5,2,1,22,11,11,17,Finland - Kakkonen Group C,0.62,0.88,11,2.12,2.75,1.61,1.14,3
Kuopion Elo,8,5,1,2,24,14,10,16,Finland - Kakkonen Group C,0.62,0.75,10,2.0,3.0,1.61,1.33,4
JBK,8,5,1,2,17,8,9,16,Finland - Kakkonen Group C,0.62,0.75,9,2.0,2.12,1.61,1.33,4
JPS,8,3,2,3,23,14,9,11,Finland - Kakkonen Group C,0.38,0.62,9,1.38,2.88,2.63,1.61,5
SJK Akatemia B,8,3,2,3,15,15,0,11,Finland - Kakkonen Group C,0.38,0.62,0,1.38,1.88,2.63,1.61,5
JS Hercules,8,3,1,4,14,20,-6,10,Finland - Kakkonen Group C,0.38,0.5,-6,1.25,1.75,2.63,2.0,6
OPS,8,2,3,3,15,14,1,9,Finland - Kakkonen Group C,0.25,0.62,1,1.12,1.88,4.0,1.61,7
OTP,8,1,0,7,12,27,-15,3,Finland - Kakkonen Group C,0.12,0.12,-15,0.38,1.5,8.33,8.33,8
Monaco,8,7,0,1,26,12,14,21,France - Ligue 1,0.88,0.88,14,2.62,3.25,1.14,1.14,1
Paris SG,8,6,2,0,19,7,12,20,France - Ligue 1,0.75,1.0,12,2.5,2.38,1.33,1.0,2
Lyon,8,6,1,1,19,8,11,19,France - Ligue 1,0.75,0.88,11,2.38,2.38,1.33,1.14,3
Lille,8,6,1,1,15,7,8,19,France - Ligue 1,0.75,0.88,8,2.38,1.88,1.33,1.14,3
Marseille,8,5,2,1,20,9,11,17,France - Ligue 1,0.62,0.88,11,2.12,2.5,1.61,1.14,4
Brest,8,5,2,1,17,11,6,17,France - Ligue 1,0.62,0.88,6,2.12,2.12,1.61,1.14,4
Strasbourg,8,5,2,1,14,8,6,17,France - Ligue 1,0.62,0.88,6,2.12,1.75,1.61,1.14,4
Nice,8,5,1,2,13,8,5,16,France - Ligue 1,0.62,0.75,5,2.0,1.62,1.61,1.33,5
Lens,8,4,0,4,9,9,0,12,France - Ligue 1,0.5,0.5,0,1.5,1.12,2.0,2.0,6
Auxerre,8,2,5,1,9,6,3,11,France - Ligue 1,0.25,0.88,3,1.38,1.12,4.0,1.14,7
Nantes,8,3,2,3,8,9,-1,11,France - Ligue 1,0.38,0.62,-1,1.38,1.0,2.63,1.61,7
Rennes,8,3,0,5,7,11,-4,9,France - Ligue 1,0.38,0.38,-4,1.12,0.88,2.63,2.63,8
Toulouse,8,2,2,4,10,12,-2,8,France - Ligue 1,0.25,0.5,-2,1.0,1.25,4.0,2.0,9
Saint-Etienne,8,2,2,4,10,18,-8,8,France - Ligue 1,0.25,0.5,-8,1.0,1.25,4.0,2.0,9
Angers,8,2,1,5,5,15,-10,7,France - Ligue 1,0.25,0.38,-10,0.88,0.62,4.0,2.63,10
Reims,8,1,2,5,7,12,-5,5,France - Ligue 1,0.12,0.38,-5,0.62,0.88,8.33,2.63,11
Le Havre,8,1,1,6,7,17,-10,4,France - Ligue 1,0.12,0.25,-10,0.5,0.88,8.33,4.0,12
Montpellier,8,1,1,6,6,20,-14,4,France - Ligue 1,0.12,0.25,-14,0.5,0.75,8.33,4.0,12
Paris FC,8,7,0,1,19,8,11,21,France - Ligue 2,0.88,0.88,11,2.62,2.38,1.14,1.14,1
Lorient,8,6,1,1,20,5,15,19,France - Ligue 2,0.75,0.88,15,2.38,2.5,1.33,1.14,2
Metz,8,6,1,1,18,5,13,19,France - Ligue 2,0.75,0.88,13,2.38,2.25,1.33,1.14,2
SC Bastia,8,5,3,0,13,3,10,18,France - Ligue 2,0.62,1.0,10,2.25,1.62,1.61,1.0,3
Guingamp,8,5,1,2,15,6,9,16,France - Ligue 2,0.62,0.75,9,2.0,1.88,1.61,1.33,4
USL Dunkerque,8,5,0,3,13,7,6,15,France - Ligue 2,0.62,0.62,6,1.88,1.62,1.61,1.61,5
Red Star,8,4,2,2,12,8,4,14,France - Ligue 2,0.5,0.75,4,1.75,1.5,2.0,1.33,6
Pau FC,8,4,2,2,9,10,-1,14,France - Ligue 2,0.5,0.75,-1,1.75,1.12,2.0,1.33,6
Laval,8,4,1,3,9,5,4,13,France - Ligue 2,0.5,0.62,4,1.62,1.12,2.0,1.61,7
Rodez Aveyron,8,4,1,3,11,9,2,13,France - Ligue 2,0.5,0.62,2,1.62,1.38,2.0,1.61,7
Grenoble,8,3,3,2,10,10,0,12,France - Ligue 2,0.38,0.75,0,1.5,1.25,2.63,1.33,8
AC Ajaccio,8,4,0,4,11,12,-1,12,France - Ligue 2,0.5,0.5,-1,1.5,1.38,2.0,2.0,8
Troyes,8,3,2,3,11,5,6,11,France - Ligue 2,0.38,0.62,6,1.38,1.38,2.63,1.61,9
Martigues,8,3,1,4,10,9,1,10,France - Ligue 2,0.38,0.5,1,1.25,1.25,2.63,2.0,10
Amiens,8,3,1,4,8,14,-6,10,France - Ligue 2,0.38,0.5,-6,1.25,1.0,2.63,2.0,10
Annecy,8,2,3,3,8,11,-3,9,France - Ligue 2,0.25,0.62,-3,1.12,1.0,4.0,1.61,11
Clermont,8,0,6,2,5,7,-2,6,France - Ligue 2,0.0,0.75,-2,0.75,0.62,0.0,1.33,12
Caen,8,0,3,5,7,13,-6,3,France - Ligue 2,0.0,0.38,-6,0.38,0.88,0.0,2.63,13
Le Mans,8,6,2,0,13,5,8,20,France - National,0.75,1.0,8,2.5,1.62,1.33,1.0,1
Boulogne,8,4,3,1,13,9,4,15,France - National,0.5,0.88,4,1.88,1.62,2.0,1.14,2
Nancy,8,5,0,3,13,9,4,15,France - National,0.62,0.62,4,1.88,1.62,1.61,1.61,2
Paris 13 A.,8,4,3,1,9,6,3,15,France - National,0.5,0.88,3,1.88,1.12,2.0,1.14,2
Rouen,8,4,2,2,14,11,3,14,France - National,0.5,0.75,3,1.75,1.75,2.0,1.33,3
Bourg-en-Bresse,8,3,4,1,5,3,2,13,France - National,0.38,0.88,2,1.62,0.62,2.63,1.14,4
Aubagne,8,4,1,3,9,8,1,13,France - National,0.5,0.62,1,1.62,1.12,2.0,1.61,4
Orleans,8,3,3,2,14,12,2,12,France - National,0.38,0.75,2,1.5,1.75,2.63,1.33,5
Valenciennes,8,3,3,2,8,6,2,12,France - National,0.38,0.75,2,1.5,1.0,2.63,1.33,5
Quevilly Rouen,8,4,0,4,7,6,1,12,France - National,0.5,0.5,1,1.5,0.88,2.0,2.0,5
Villefranche,8,3,3,2,9,9,0,12,France - National,0.38,0.75,0,1.5,1.12,2.63,1.33,5
Sochaux,8,2,5,1,8,7,1,11,France - National,0.25,0.88,1,1.38,1.0,4.0,1.14,6
Chateauroux,8,3,2,3,12,17,-5,11,France - National,0.38,0.62,-5,1.38,1.5,2.63,1.61,6
Versailles,8,2,4,2,12,11,1,10,France - National,0.25,0.75,1,1.25,1.5,4.0,1.33,7
Concarneau,8,2,3,3,11,12,-1,9,France - National,0.25,0.62,-1,1.12,1.38,4.0,1.61,8
Nimes,8,2,3,3,6,7,-1,9,France - National,0.25,0.62,-1,1.12,0.75,4.0,1.61,8
Dijon,8,2,3,3,11,13,-2,9,France - National,0.25,0.62,-2,1.12,1.38,4.0,1.61,8
Iberia,4,3,1,0,9,1,8,10,Georgia - Erovnuli Liga,0.75,1.0,8,2.5,2.25,1.33,1.0,1
Dinamo Batumi,3,3,0,0,4,1,3,9,Georgia - Erovnuli Liga,1.0,1.0,3,3.0,1.33,1.0,1.0,2
Dila Gori,4,2,1,1,9,4,5,7,Georgia - Erovnuli Liga,0.5,0.75,5,1.75,2.25,2.0,1.33,3
Telavi,3,2,1,0,3,1,2,7,Georgia - Erovnuli Liga,0.67,1.0,2,2.33,1.0,1.49,1.0,3
Dinamo Tbilisi,2,2,0,0,3,1,2,6,Georgia - Erovnuli Liga,1.0,1.0,2,3.0,1.5,1.0,1.0,4
Samgurali,3,1,1,1,3,2,1,4,Georgia - Erovnuli Liga,0.33,0.67,1,1.33,1.0,3.03,1.49,5
Gareji Sagarejo,1,0,1,0,0,0,0,1,Georgia - Erovnuli Liga,0.0,1.0,0,1.0,0.0,0.0,1.0,6
Torpedo Kutaisi,3,0,1,2,3,5,-2,1,Georgia - Erovnuli Liga,0.0,0.33,-2,0.33,1.0,0.0,3.03,6
Kolkheti Poti,3,0,1,2,0,3,-3,1,Georgia - Erovnuli Liga,0.0,0.33,-3,0.33,0.0,0.0,3.03,6
Gagra,4,0,1,3,1,8,-7,1,Georgia - Erovnuli Liga,0.0,0.25,-7,0.25,0.25,0.0,4.0,6
Rustavi,3,3,0,0,6,2,4,9,Georgia - Erovnuli Liga 2,1.0,1.0,4,3.0,2.0,1.0,1.0,1
Spaeri,3,1,2,0,6,5,1,5,Georgia - Erovnuli Liga 2,0.33,1.0,1,1.67,2.0,3.03,1.0,2
Bolnisi,3,1,1,1,4,2,2,4,Georgia - Erovnuli Liga 2,0.33,0.67,2,1.33,1.33,3.03,1.49,3
Iberia B,2,1,0,1,3,2,1,3,Georgia - Erovnuli Liga 2,0.5,0.5,1,1.5,1.5,2.0,2.0,4
Samtredia,3,0,3,0,3,3,0,3,Georgia - Erovnuli Liga 2,0.0,1.0,0,1.0,1.0,0.0,1.0,4
Meshakhte,2,0,2,0,2,2,0,2,Georgia - Erovnuli Liga 2,0.0,1.0,0,1.0,1.0,0.0,1.0,5
L. Tbilisi,3,0,2,1,4,5,-1,2,Georgia - Erovnuli Liga 2,0.0,0.67,-1,0.67,1.33,0.0,1.49,5
D. Tbilisi B,2,0,1,1,1,2,-1,1,Georgia - Erovnuli Liga 2,0.0,0.5,-1,0.5,0.5,0.0,2.0,6
Merani Martvili,2,0,1,1,4,6,-2,1,Georgia - Erovnuli Liga 2,0.0,0.5,-2,0.5,2.0,0.0,2.0,6
Gonio,2,0,0,2,1,3,-2,0,Georgia - Erovnuli Liga 2,0.0,0.0,-2,0.0,0.5,0.0,0.0,7
Bayern Munich,8,7,0,1,29,11,18,21,Germany - Bundesliga,0.88,0.88,18,2.62,3.62,1.14,1.14,1
Leverkusen,8,6,1,1,17,7,10,19,Germany - Bundesliga,0.75,0.88,10,2.38,2.12,1.33,1.14,2
FSV Mainz,8,5,3,0,13,4,9,18,Germany - Bundesliga,0.62,1.0,9,2.25,1.62,1.61,1.0,3
RB Leipzig,8,5,2,1,18,10,8,17,Germany - Bundesliga,0.62,0.88,8,2.12,2.25,1.61,1.14,4
Freiburg,8,4,1,3,15,12,3,13,Germany - Bundesliga,0.5,0.62,3,1.62,1.88,2.0,1.61,5
E. Frankfurt,8,4,1,3,14,12,2,13,Germany - Bundesliga,0.5,0.62,2,1.62,1.75,2.0,1.61,5
Monchengladbach,8,3,2,3,11,10,1,11,Germany - Bundesliga,0.38,0.62,1,1.38,1.38,2.63,1.61,6
FC Augsburg,8,3,2,3,5,7,-2,11,Germany - Bundesliga,0.38,0.62,-2,1.38,0.62,2.63,1.61,6
Wolfsburg,8,2,4,2,14,12,2,10,Germany - Bundesliga,0.25,0.75,2,1.25,1.75,4.0,1.33,7
Werder Bremen,8,3,1,4,14,15,-1,10,Germany - Bundesliga,0.38,0.5,-1,1.25,1.75,2.63,2.0,7
Bochum,8,3,1,4,9,12,-3,10,Germany - Bundesliga,0.38,0.5,-3,1.25,1.12,2.63,2.0,7
Dortmund,8,2,3,3,16,11,5,9,Germany - Bundesliga,0.25,0.62,5,1.12,2.0,4.0,1.61,8
Stuttgart,8,3,0,5,15,15,0,9,Germany - Bundesliga,0.38,0.38,0,1.12,1.88,2.63,2.63,8
Sankt Pauli,8,2,2,4,6,8,-2,8,Germany - Bundesliga,0.25,0.5,-2,1.0,0.75,4.0,2.0,9
Holstein Kiel,8,2,2,4,14,17,-3,8,Germany - Bundesliga,0.25,0.5,-3,1.0,1.75,4.0,2.0,9
Union Berlin,8,2,2,4,5,9,-4,8,Germany - Bundesliga,0.25,0.5,-4,1.0,0.62,4.0,2.0,9
Heidenheim,8,2,0,6,7,14,-7,6,Germany - Bundesliga,0.25,0.25,-7,0.75,0.88,4.0,4.0,10
Hoffenheim,8,0,5,3,7,13,-6,5,Germany - Bundesliga,0.0,0.62,-6,0.62,0.88,0.0,1.61,11
Kaiserslautern,8,5,2,1,14,6,8,17,Germany - 2. Bundesliga,0.62,0.88,8,2.12,1.75,1.61,1.14,1
FC Koln,8,5,2,1,11,6,5,17,Germany - 2. Bundesliga,0.62,0.88,5,2.12,1.38,1.61,1.14,1
Hamburger SV,8,4,4,0,19,7,12,16,Germany - 2. Bundesliga,0.5,1.0,12,2.0,2.38,2.0,1.0,2
Darmstadt,8,5,1,2,14,6,8,16,Germany - 2. Bundesliga,0.62,0.75,8,2.0,1.75,1.61,1.33,2
Dusseldorf,8,5,1,2,17,12,5,16,Germany - 2. Bundesliga,0.62,0.75,5,2.0,2.12,1.61,1.33,2
FC Nurnberg,8,5,1,2,12,8,4,16,Germany - 2. Bundesliga,0.62,0.75,4,2.0,1.5,1.61,1.33,2
Greuther Furth,8,4,2,2,16,13,3,14,Germany - 2. Bundesliga,0.5,0.75,3,1.75,2.0,2.0,1.33,3
Elversberg,8,4,1,3,19,13,6,13,Germany - 2. Bundesliga,0.5,0.62,6,1.62,2.38,2.0,1.61,4
Karlsruher SC,8,4,1,3,12,11,1,13,Germany - 2. Bundesliga,0.5,0.62,1,1.62,1.5,2.0,1.61,4
Schalke 04,8,4,1,3,12,14,-2,13,Germany - 2. Bundesliga,0.5,0.62,-2,1.62,1.5,2.0,1.61,4
Magdeburg,8,3,2,3,15,13,2,11,Germany - 2. Bundesliga,0.38,0.62,2,1.38,1.88,2.63,1.61,5
Regensburg,8,3,2,3,7,6,1,11,Germany - 2. Bundesliga,0.38,0.62,1,1.38,0.88,2.63,1.61,5
Ulm,8,2,4,2,9,7,2,10,Germany - 2. Bundesliga,0.25,0.75,2,1.25,1.12,4.0,1.33,6
Paderborn,8,3,0,5,15,15,0,9,Germany - 2. Bundesliga,0.38,0.38,0,1.12,1.88,2.63,2.63,7
Hannover 96,8,1,6,1,9,9,0,9,Germany - 2. Bundesliga,0.12,0.88,0,1.12,1.12,8.33,1.14,7
Braunschweig,8,2,3,3,7,13,-6,9,Germany - 2. Bundesliga,0.25,0.62,-6,1.12,0.88,4.0,1.61,7
Preuss. Munster,8,2,2,4,7,8,-1,8,Germany - 2. Bundesliga,0.25,0.5,-1,1.0,0.88,4.0,2.0,8
Hertha Berlin,8,1,2,5,9,12,-3,5,Germany - 2. Bundesliga,0.12,0.38,-3,0.62,1.12,8.33,2.63,9
Dynamo Dresden,8,6,1,1,19,7,12,19,Germany - 3. Liga,0.75,0.88,12,2.38,2.38,1.33,1.14,1
Viktoria Koln,8,6,0,2,14,6,8,18,Germany - 3. Liga,0.75,0.75,8,2.25,1.75,1.33,1.33,2
Saarbrucken,8,5,2,1,15,7,8,17,Germany - 3. Liga,0.62,0.88,8,2.12,1.88,1.61,1.14,3
Energie Cottbus,8,5,2,1,13,7,6,17,Germany - 3. Liga,0.62,0.88,6,2.12,1.62,1.61,1.14,3
Hansa Rostock,8,5,2,1,11,6,5,17,Germany - 3. Liga,0.62,0.88,5,2.12,1.38,1.61,1.14,3
FC Ingolstadt,8,5,2,1,12,8,4,17,Germany - 3. Liga,0.62,0.88,4,2.12,1.5,1.61,1.14,3
RW Essen,8,4,3,1,14,9,5,15,Germany - 3. Liga,0.5,0.88,5,1.88,1.75,2.0,1.14,4
Verl,8,4,3,1,12,9,3,15,Germany - 3. Liga,0.5,0.88,3,1.88,1.5,2.0,1.14,4
VfB Stuttgart B,8,5,0,3,11,11,0,15,Germany - 3. Liga,0.62,0.62,0,1.88,1.38,1.61,1.61,4
Bielefeld,8,4,2,2,16,12,4,14,Germany - 3. Liga,0.5,0.75,4,1.75,2.0,2.0,1.33,5
Osnabruck,8,4,2,2,9,6,3,14,Germany - 3. Liga,0.5,0.75,3,1.75,1.12,2.0,1.33,5
Erzgebirge Aue,8,4,2,2,11,10,1,14,Germany - 3. Liga,0.5,0.75,1,1.75,1.38,2.0,1.33,5
Mannheim,8,3,4,1,13,7,6,13,Germany - 3. Liga,0.38,0.88,6,1.62,1.62,2.63,1.14,6
Alemannia A.,8,3,3,2,8,6,2,12,Germany - 3. Liga,0.38,0.75,2,1.5,1.0,2.63,1.33,7
1860 Munchen,8,3,2,3,11,13,-2,11,Germany - 3. Liga,0.38,0.62,-2,1.38,1.38,2.63,1.61,8
Hannover 96 B,8,3,1,4,14,18,-4,10,Germany - 3. Liga,0.38,0.5,-4,1.25,1.75,2.63,2.0,9
Wehen Wiesbaden,8,2,2,4,10,14,-4,8,Germany - 3. Liga,0.25,0.5,-4,1.0,1.25,4.0,2.0,10
Dortmund B,8,1,4,3,7,13,-6,7,Germany - 3. Liga,0.12,0.62,-6,0.88,0.88,8.33,1.61,11
Unterhaching,8,1,1,6,8,15,-7,4,Germany - 3. Liga,0.12,0.25,-7,0.5,1.0,8.33,4.0,12
Sandhausen,8,1,1,6,13,21,-8,4,Germany - 3. Liga,0.12,0.25,-8,0.5,1.62,8.33,4.0,12
Bechem Utd,8,7,1,0,11,0,11,22,Ghana - Premier League,0.88,1.0,11,2.75,1.38,1.14,1.0,1
Asante Kotoko,8,7,0,1,12,3,9,21,Ghana - Premier League,0.88,0.88,9,2.62,1.5,1.14,1.14,2
Medeama,8,6,1,1,12,5,7,19,Ghana - Premier League,0.75,0.88,7,2.38,1.5,1.33,1.14,3
Bibiani GS,8,5,3,0,10,3,7,18,Ghana - Premier League,0.62,1.0,7,2.25,1.25,1.61,1.0,4
Holy Stars,8,5,2,1,13,3,10,17,Ghana - Premier League,0.62,0.88,10,2.12,1.62,1.61,1.14,5
Heart of Lions,8,5,1,2,12,6,6,16,Ghana - Premier League,0.62,0.75,6,2.0,1.5,1.61,1.33,6
Legon Cities,8,5,1,2,11,6,5,16,Ghana - Premier League,0.62,0.75,5,2.0,1.38,1.61,1.33,6
Hearts of Oak,8,5,1,2,9,4,5,16,Ghana - Premier League,0.62,0.75,5,2.0,1.12,1.61,1.33,6
Dreams,8,5,1,2,8,4,4,16,Ghana - Premier League,0.62,0.75,4,2.0,1.0,1.61,1.33,6
Nations,8,5,0,3,15,6,9,15,Ghana - Premier League,0.62,0.62,9,1.88,1.88,1.61,1.61,7
Berekum Chelsea,8,4,3,1,10,4,6,15,Ghana - Premier League,0.5,0.88,6,1.88,1.25,2.0,1.14,7
Vision,8,4,3,1,10,7,3,15,Ghana - Premier League,0.5,0.88,3,1.88,1.25,2.0,1.14,7
Aduana Stars,8,4,2,2,7,5,2,14,Ghana - Premier League,0.5,0.75,2,1.75,0.88,2.0,1.33,8
Young Apostles,8,3,4,1,5,3,2,13,Ghana - Premier League,0.38,0.88,2,1.62,0.62,2.63,1.14,9
Karela,8,3,3,2,9,7,2,12,Ghana - Premier League,0.38,0.75,2,1.5,1.12,2.63,1.33,10
Accra Lions,8,3,3,2,7,8,-1,12,Ghana - Premier League,0.38,0.75,-1,1.5,0.88,2.63,1.33,10
Samartex,8,2,4,2,7,6,1,10,Ghana - Premier League,0.25,0.75,1,1.25,0.88,4.0,1.33,11
Nsoatreman,8,2,3,3,5,10,-5,9,Ghana - Premier League,0.25,0.62,-5,1.12,0.62,4.0,1.61,12
St Josephs,8,7,1,0,14,6,8,22,Gibraltar - Premier Division,0.88,1.0,8,2.75,1.75,1.14,1.0,1
Lincoln RI,8,6,1,1,20,5,15,19,Gibraltar - Premier Division,0.75,0.88,15,2.38,2.5,1.33,1.14,2
Europa FC,8,5,2,1,20,3,17,17,Gibraltar - Premier Division,0.62,0.88,17,2.12,2.5,1.61,1.14,3
Magpies,8,5,1,2,17,11,6,16,Gibraltar - Premier Division,0.62,0.75,6,2.0,2.12,1.61,1.33,4
Manchester 62,8,4,3,1,22,13,9,15,Gibraltar - Premier Division,0.5,0.88,9,1.88,2.75,2.0,1.14,5
Lynx,8,4,0,4,13,22,-9,12,Gibraltar - Premier Division,0.5,0.5,-9,1.5,1.62,2.0,2.0,6
Lions FC,8,3,1,4,14,17,-3,10,Gibraltar - Premier Division,0.38,0.5,-3,1.25,1.75,2.63,2.0,7
Glacis Utd,8,3,0,5,12,22,-10,9,Gibraltar - Premier Division,0.38,0.38,-10,1.12,1.5,2.63,2.63,8
College 1975,8,2,2,4,7,14,-7,8,Gibraltar - Premier Division,0.25,0.5,-7,1.0,0.88,4.0,2.0,9
Mons Calpe,8,2,0,6,9,21,-12,6,Gibraltar - Premier Division,0.25,0.25,-12,0.75,1.12,4.0,4.0,10
Europa Point,8,0,2,6,6,32,-26,2,Gibraltar - Premier Division,0.0,0.25,-26,0.25,0.75,0.0,4.0,11
Panathinaikos,8,7,1,0,15,6,9,22,Greece - Super League,0.88,1.0,9,2.75,1.88,1.14,1.0,1
Olympiakos,8,6,2,0,15,6,9,20,Greece - Super League,0.75,1.0,9,2.5,1.88,1.33,1.0,2
PAOK,8,5,1,2,19,7,12,16,Greece - Super League,0.62,0.75,12,2.0,2.38,1.61,1.33,3
AEK Athens,8,5,1,2,17,6,11,16,Greece - Super League,0.62,0.75,11,2.0,2.12,1.61,1.33,3
Aris,8,4,2,2,7,5,2,14,Greece - Super League,0.5,0.75,2,1.75,0.88,2.0,1.33,4
OFI Crete,8,4,1,3,13,12,1,13,Greece - Super League,0.5,0.62,1,1.62,1.62,2.0,1.61,5
Asteras T.,8,4,0,4,8,9,-1,12,Greece - Super League,0.5,0.5,-1,1.5,1.0,2.0,2.0,6
A. Kallithea,8,3,2,3,11,12,-1,11,Greece - Super League,0.38,0.62,-1,1.38,1.38,2.63,1.61,7
Levadiakos,8,3,1,4,11,8,3,10,Greece - Super League,0.38,0.5,3,1.25,1.38,2.63,2.0,8
Panserraikos,8,2,4,2,9,13,-4,10,Greece - Super League,0.25,0.75,-4,1.25,1.12,4.0,1.33,8
Atromitos,8,2,2,4,6,8,-2,8,Greece - Super League,0.25,0.5,-2,1.0,0.75,4.0,2.0,9
Panaitolikos,8,2,1,5,5,8,-3,7,Greece - Super League,0.25,0.38,-3,0.88,0.62,4.0,2.63,10
Volos,8,1,3,4,6,10,-4,6,Greece - Super League,0.12,0.5,-4,0.75,0.75,8.33,2.0,11
Lamia,8,2,0,6,4,12,-8,6,Greece - Super League,0.25,0.25,-8,0.75,0.5,4.0,4.0,11
Municipal,8,6,2,0,20,5,15,20,Guatemala - Liga Nacional - Apertura,0.75,1.0,15,2.5,2.5,1.33,1.0,1
Xelaju,8,6,2,0,18,4,14,20,Guatemala - Liga Nacional - Apertura,0.75,1.0,14,2.5,2.25,1.33,1.0,1
Antigua GFC,8,5,2,1,18,9,9,17,Guatemala - Liga Nacional - Apertura,0.62,0.88,9,2.12,2.25,1.61,1.14,2
Malacateco,8,5,1,2,12,3,9,16,Guatemala - Liga Nacional - Apertura,0.62,0.75,9,2.0,1.5,1.61,1.33,3
Xinabajul,8,5,1,2,15,9,6,16,Guatemala - Liga Nacional - Apertura,0.62,0.75,6,2.0,1.88,1.61,1.33,3
Coban Imperial,8,4,3,1,17,8,9,15,Guatemala - Liga Nacional - Apertura,0.5,0.88,9,1.88,2.12,2.0,1.14,4
Mixco,8,4,3,1,7,3,4,15,Guatemala - Liga Nacional - Apertura,0.5,0.88,4,1.88,0.88,2.0,1.14,4
Achuapa,8,3,4,1,10,7,3,13,Guatemala - Liga Nacional - Apertura,0.38,0.88,3,1.62,1.25,2.63,1.14,5
Comunicaciones,8,4,1,3,13,11,2,13,Guatemala - Liga Nacional - Apertura,0.5,0.62,2,1.62,1.62,2.0,1.61,5
Guastatoya,8,2,4,2,12,8,4,10,Guatemala - Liga Nacional - Apertura,0.25,0.75,4,1.25,1.5,4.0,1.33,6
Marquense,8,2,4,2,8,7,1,10,Guatemala - Liga Nacional - Apertura,0.25,0.75,1,1.25,1.0,4.0,1.33,6
Zacapa Tellioz,8,0,4,4,2,7,-5,4,Guatemala - Liga Nacional - Apertura,0.0,0.5,-5,0.5,0.25,0.0,2.0,7
Malacateco,7,6,0,1,15,5,10,18,guatemala2,0.86,0.86,10,2.57,2.14,1.16,1.16,1
Coban Imperial,8,5,2,1,9,1,8,17,guatemala2,0.62,0.88,8,2.12,1.12,1.61,1.14,2
Municipal,7,5,1,1,13,8,5,16,guatemala2,0.71,0.86,5,2.29,1.86,1.41,1.16,3
Antigua GFC,8,4,2,2,17,9,8,14,guatemala2,0.5,0.75,8,1.75,2.12,2.0,1.33,4
Xelaju,7,4,2,1,16,8,8,14,guatemala2,0.57,0.86,8,2.0,2.29,1.75,1.16,4
Guastatoya,8,4,2,2,9,5,4,14,guatemala2,0.5,0.75,4,1.75,1.12,2.0,1.33,4
Achuapa,8,3,4,1,8,5,3,13,guatemala2,0.38,0.88,3,1.62,1.0,2.63,1.14,5
Comunicaciones,7,4,1,2,13,12,1,13,guatemala2,0.57,0.71,1,1.86,1.86,1.75,1.41,5
Marquense,8,3,3,2,8,7,1,12,guatemala2,0.38,0.75,1,1.5,1.0,2.63,1.33,6
Mixco,7,3,1,3,7,8,-1,10,guatemala2,0.43,0.57,-1,1.43,1.0,2.33,1.75,7
Xinabajul,7,2,1,4,8,10,-2,7,guatemala2,0.29,0.43,-2,1.0,1.14,3.45,2.33,8
Olimpia,8,6,2,0,23,6,17,20,Honduras - Liga Nacional - Apertura,0.75,1.0,17,2.5,2.88,1.33,1.0,1
Olancho,8,5,2,1,20,6,14,17,Honduras - Liga Nacional - Apertura,0.62,0.88,14,2.12,2.5,1.61,1.14,2
Victoria,8,5,1,2,18,10,8,16,Honduras - Liga Nacional - Apertura,0.62,0.75,8,2.0,2.25,1.61,1.33,3
Motagua,8,4,2,2,16,12,4,14,Honduras - Liga Nacional - Apertura,0.5,0.75,4,1.75,2.0,2.0,1.33,4
UPNFM,8,4,1,3,11,11,0,13,Honduras - Liga Nacional - Apertura,0.5,0.62,0,1.62,1.38,2.0,1.61,5
Marathon,8,3,3,2,11,7,4,12,Honduras - Liga Nacional - Apertura,0.38,0.75,4,1.5,1.38,2.63,1.33,6
Genesis,8,3,3,2,11,8,3,12,Honduras - Liga Nacional - Apertura,0.38,0.75,3,1.5,1.38,2.63,1.33,6
Real Espana,8,3,3,2,8,8,0,12,Honduras - Liga Nacional - Apertura,0.38,0.75,0,1.5,1.0,2.63,1.33,6
Juticalpa,8,2,2,4,6,8,-2,8,Honduras - Liga Nacional - Apertura,0.25,0.5,-2,1.0,0.75,4.0,2.0,7
Real Sociedad,8,1,4,3,5,11,-6,7,Honduras - Liga Nacional - Apertura,0.12,0.62,-6,0.88,0.62,8.33,1.61,8
Motagua,7,5,1,1,17,6,11,16,honduras2,0.71,0.86,11,2.29,2.43,1.41,1.16,1
Olimpia,7,4,3,0,11,4,7,15,honduras2,0.57,1.0,7,2.14,1.57,1.75,1.0,2
Real Espana,7,4,2,1,11,5,6,14,honduras2,0.57,0.86,6,2.0,1.57,1.75,1.16,3
Genesis,8,2,6,0,16,10,6,12,honduras2,0.25,1.0,6,1.5,2.0,4.0,1.0,4
Marathon,7,3,3,1,12,6,6,12,honduras2,0.43,0.86,6,1.71,1.71,2.33,1.16,4
Olancho,7,3,2,2,8,8,0,11,honduras2,0.43,0.71,0,1.57,1.14,2.33,1.41,5
Victoria,6,2,2,2,4,6,-2,8,honduras2,0.33,0.67,-2,1.33,0.67,3.03,1.49,6
UPNFM,6,1,3,2,7,8,-1,6,honduras2,0.17,0.67,-1,1.0,1.17,5.88,1.49,7
Juticalpa,6,1,1,4,2,7,-5,4,honduras2,0.17,0.33,-5,0.67,0.33,5.88,3.03,8
Real Sociedad,7,0,4,3,4,11,-7,4,honduras2,0.0,0.57,-7,0.57,0.57,0.0,1.75,8
Eastern,8,5,2,1,20,9,11,17,Hong Kong - Premier League,0.62,0.88,11,2.12,2.5,1.61,1.14,1
LM Warriors,8,5,1,2,22,17,5,16,Hong Kong - Premier League,0.62,0.75,5,2.0,2.75,1.61,1.33,2
Tai Po,8,5,1,2,13,9,4,16,Hong Kong - Premier League,0.62,0.75,4,2.0,1.62,1.61,1.33,2
Kitchee,8,4,1,3,22,8,14,13,Hong Kong - Premier League,0.5,0.62,14,1.62,2.75,2.0,1.61,3
Southern D.,8,3,1,4,9,9,0,10,Hong Kong - Premier League,0.38,0.5,0,1.25,1.12,2.63,2.0,4
North District,8,2,3,3,17,19,-2,9,Hong Kong - Premier League,0.25,0.62,-2,1.12,2.12,4.0,1.61,5
HK Rangers,8,2,2,4,12,16,-4,8,Hong Kong - Premier League,0.25,0.5,-4,1.0,1.5,4.0,2.0,6
Hong Kong FC,8,2,1,5,8,16,-8,7,Hong Kong - Premier League,0.25,0.38,-8,0.88,1.0,4.0,2.63,7
Kowloon City,8,2,1,5,12,24,-12,7,Hong Kong - Premier League,0.25,0.38,-12,0.88,1.5,4.0,2.63,7
Paks,8,5,2,1,24,13,11,17,Hungary - NB I,0.62,0.88,11,2.12,3.0,1.61,1.14,1
Puskas A.,8,4,3,1,13,10,3,15,Hungary - NB I,0.5,0.88,3,1.88,1.62,2.0,1.14,2
MTK Budapest,8,4,2,2,16,9,7,14,Hungary - NB I,0.5,0.75,7,1.75,2.0,2.0,1.33,3
Ferencvaros,8,3,4,1,14,9,5,13,Hungary - NB I,0.38,0.88,5,1.62,1.75,2.63,1.14,4
Zalaegerszegi,8,3,4,1,12,9,3,13,Hungary - NB I,0.38,0.88,3,1.62,1.5,2.63,1.14,4
Gyor,8,3,2,3,12,10,2,11,Hungary - NB I,0.38,0.62,2,1.38,1.5,2.63,1.61,5
DVTK,8,3,2,3,9,10,-1,11,Hungary - NB I,0.38,0.62,-1,1.38,1.12,2.63,1.61,5
Kecskemeti TE,8,2,4,2,12,9,3,10,Hungary - NB I,0.25,0.75,3,1.25,1.5,4.0,1.33,6
Debrecen,8,3,1,4,17,15,2,10,Hungary - NB I,0.38,0.5,2,1.25,2.12,2.63,2.0,6
Fehervar,8,3,1,4,10,8,2,10,Hungary - NB I,0.38,0.5,2,1.25,1.25,2.63,2.0,6
Nyiregyhaza,8,2,2,4,6,9,-3,8,Hungary - NB I,0.25,0.5,-3,1.0,0.75,4.0,2.0,7
Ujpest,8,1,5,2,7,11,-4,8,Hungary - NB I,0.12,0.75,-4,1.0,0.88,8.33,1.33,7
Vasas,8,7,0,1,17,7,10,21,Hungary - NB II,0.88,0.88,10,2.62,2.12,1.14,1.14,1
Kisvarda,8,6,2,0,18,7,11,20,Hungary - NB II,0.75,1.0,11,2.5,2.25,1.33,1.0,2
Kazincbarcika,8,6,2,0,13,4,9,20,Hungary - NB II,0.75,1.0,9,2.5,1.62,1.33,1.0,2
Kozarmisleny,8,5,1,2,15,10,5,16,Hungary - NB II,0.62,0.75,5,2.0,1.88,1.61,1.33,3
Szeged,8,5,1,2,12,7,5,16,Hungary - NB II,0.62,0.75,5,2.0,1.5,1.61,1.33,3
Soroksar,8,4,2,2,14,9,5,14,Hungary - NB II,0.5,0.75,5,1.75,1.75,2.0,1.33,4
Honved,8,4,1,3,13,8,5,13,Hungary - NB II,0.5,0.62,5,1.62,1.62,2.0,1.61,5
Mezokovesd,8,3,3,2,13,9,4,12,Hungary - NB II,0.38,0.75,4,1.5,1.62,2.63,1.33,6
Szentlorinc,8,3,3,2,10,9,1,12,Hungary - NB II,0.38,0.75,1,1.5,1.25,2.63,1.33,6
Csakvari,8,3,3,2,12,13,-1,12,Hungary - NB II,0.38,0.75,-1,1.5,1.5,2.63,1.33,6
Bekescsaba,8,3,3,2,10,11,-1,12,Hungary - NB II,0.38,0.75,-1,1.5,1.25,2.63,1.33,6
Gyirmot,8,3,2,3,10,9,1,11,Hungary - NB II,0.38,0.62,1,1.38,1.25,2.63,1.61,7
Tatabanya,8,3,1,4,7,12,-5,10,Hungary - NB II,0.38,0.5,-5,1.25,0.88,2.63,2.0,8
Ajka,8,2,3,3,9,8,1,9,Hungary - NB II,0.25,0.62,1,1.12,1.12,4.0,1.61,9
Budafoki,8,2,2,4,11,14,-3,8,Hungary - NB II,0.25,0.5,-3,1.0,1.38,4.0,2.0,10
BVSC,8,1,4,3,5,8,-3,7,Hungary - NB II,0.12,0.62,-3,0.88,0.62,8.33,1.61,11
Breidablik,1,1,0,0,2,0,2,3,Iceland - Besta deild,1.0,1.0,2,3.0,2.0,1.0,1.0,1
KA Akureyri,1,0,1,0,2,2,0,1,Iceland - Besta deild,0.0,1.0,0,1.0,2.0,0.0,1.0,2
Valur,1,0,1,0,1,1,0,1,Iceland - Besta deild,0.0,1.0,0,1.0,1.0,0.0,1.0,2
Afturelding,0,0,0,0,0,0,0,0,Iceland - Besta deild,0.0,0.0,0,0.0,0.0,0.0,0.0,3
Hafnarfjordur,0,0,0,0,0,0,0,0,Iceland - Besta deild,0.0,0.0,0,0.0,0.0,0.0,0.0,3
IA Akranes,0,0,0,0,0,0,0,0,Iceland - Besta deild,0.0,0.0,0,0.0,0.0,0.0,0.0,3
IBV,0,0,0,0,0,0,0,0,Iceland - Besta deild,0.0,0.0,0,0.0,0.0,0.0,0.0,3
KR Reykjavik,0,0,0,0,0,0,0,0,Iceland - Besta deild,0.0,0.0,0,0.0,0.0,0.0,0.0,3
Stjarnan,0,0,0,0,0,0,0,0,Iceland - Besta deild,0.0,0.0,0,0.0,0.0,0.0,0.0,3
Vestri,0,0,0,0,0,0,0,0,Iceland - Besta deild,0.0,0.0,0,0.0,0.0,0.0,0.0,3
Vikingur R.,0,0,0,0,0,0,0,0,Iceland - Besta deild,0.0,0.0,0,0.0,0.0,0.0,0.0,3
Fram,1,0,0,1,0,1,-1,0,Iceland - Besta deild,0.0,0.0,-1,0.0,0.0,0.0,0.0,3
Keflavik,8,6,2,0,19,9,10,20,Iceland - 1. Deild,0.75,1.0,10,2.5,2.38,1.33,1.0,1
IBV,8,6,1,1,21,7,14,19,Iceland - 1. Deild,0.75,0.88,14,2.38,2.62,1.33,1.14,2
IR Reykjavik,8,5,2,1,12,4,8,17,Iceland - 1. Deild,0.62,0.88,8,2.12,1.5,1.61,1.14,3
Throttur R.,8,5,1,2,16,10,6,16,Iceland - 1. Deild,0.62,0.75,6,2.0,2.0,1.61,1.33,4
Leiknir R.,8,4,2,2,16,9,7,14,Iceland - 1. Deild,0.5,0.75,7,1.75,2.0,2.0,1.33,5
Fjolnir,8,4,2,2,16,11,5,14,Iceland - 1. Deild,0.5,0.75,5,1.75,2.0,2.0,1.33,5
Grindavik,8,3,4,1,18,14,4,13,Iceland - 1. Deild,0.38,0.88,4,1.62,2.25,2.63,1.14,6
Njardvik,8,3,3,2,10,9,1,12,Iceland - 1. Deild,0.38,0.75,1,1.5,1.25,2.63,1.33,7
Thor Akureyri,8,2,4,2,11,11,0,10,Iceland - 1. Deild,0.25,0.75,0,1.25,1.38,4.0,1.33,8
Afturelding,8,3,1,4,10,12,-2,10,Iceland - 1. Deild,0.38,0.5,-2,1.25,1.25,2.63,2.0,8
Grotta,8,2,0,6,12,20,-8,6,Iceland - 1. Deild,0.25,0.25,-8,0.75,1.5,4.0,4.0,9
Dalvik / Reynir,8,0,3,5,6,20,-14,3,Iceland - 1. Deild,0.0,0.38,-14,0.38,0.75,0.0,2.63,10
V. Olafsvik,8,8,0,0,23,7,16,24,Iceland - 2. Deild,1.0,1.0,16,3.0,2.88,1.0,1.0,1
Throttur Vogar,8,7,0,1,29,7,22,21,Iceland - 2. Deild,0.88,0.88,22,2.62,3.62,1.14,1.14,2
Volsungur,8,5,1,2,17,7,10,16,Iceland - 2. Deild,0.62,0.75,10,2.0,2.12,1.61,1.33,3
Selfoss,8,4,2,2,20,14,6,14,Iceland - 2. Deild,0.5,0.75,6,1.75,2.5,2.0,1.33,4
Fjallabyggd,8,4,2,2,14,12,2,14,Iceland - 2. Deild,0.5,0.75,2,1.75,1.75,2.0,1.33,4
Fjardabyggd/L.,8,4,1,3,24,17,7,13,Iceland - 2. Deild,0.5,0.62,7,1.62,3.0,2.0,1.61,5
Haukar,8,4,0,4,20,19,1,12,Iceland - 2. Deild,0.5,0.5,1,1.5,2.5,2.0,2.0,6
KFG,8,2,3,3,21,23,-2,9,Iceland - 2. Deild,0.25,0.62,-2,1.12,2.62,4.0,1.61,7
Hottur/Huginn,8,3,0,5,10,12,-2,9,Iceland - 2. Deild,0.38,0.38,-2,1.12,1.25,2.63,2.63,7
AEggir,8,1,3,4,7,11,-4,6,Iceland - 2. Deild,0.12,0.5,-4,0.75,0.88,8.33,2.0,8
Reynir,8,1,2,5,6,14,-8,5,Iceland - 2. Deild,0.12,0.38,-8,0.62,0.75,8.33,2.63,9
Kormakur/Hvot,8,1,1,6,7,18,-11,4,Iceland - 2. Deild,0.12,0.25,-11,0.5,0.88,8.33,4.0,10
Mohun Bagan,8,8,0,0,15,2,13,24,India - Super League,1.0,1.0,13,3.0,1.88,1.0,1.0,1
Goa,8,7,1,0,14,4,10,22,India - Super League,0.88,1.0,10,2.75,1.75,1.14,1.0,2
Jamshedpur,8,5,1,2,14,10,4,16,India - Super League,0.62,0.75,4,2.0,1.75,1.61,1.33,3
Kerala Blasters,8,4,2,2,11,7,4,14,India - Super League,0.5,0.75,4,1.75,1.38,2.0,1.33,4
East Bengal,8,4,1,3,13,12,1,13,India - Super League,0.5,0.62,1,1.62,1.62,2.0,1.61,5
Bengaluru,8,3,2,3,14,12,2,11,India - Super League,0.38,0.62,2,1.38,1.75,2.63,1.61,6
Odisha FC,8,2,5,1,13,11,2,11,India - Super League,0.25,0.88,2,1.38,1.62,4.0,1.14,6
Chennaiyin,8,3,2,3,13,15,-2,11,India - Super League,0.38,0.62,-2,1.38,1.62,2.63,1.61,6
Mumbai City,8,3,2,3,8,11,-3,11,India - Super League,0.38,0.62,-3,1.38,1.0,2.63,1.61,6
Hyderabad,8,2,4,2,12,14,-2,10,India - Super League,0.25,0.75,-2,1.25,1.5,4.0,1.33,7
NorthEast Utd,8,2,3,3,10,9,1,9,India - Super League,0.25,0.62,1,1.12,1.25,4.0,1.61,8
Punjab,8,2,1,5,9,13,-4,7,India - Super League,0.25,0.38,-4,0.88,1.12,4.0,2.63,9
Mohammedan,8,0,3,5,6,16,-10,3,India - Super League,0.0,0.38,-10,0.38,0.75,0.0,2.63,10
Shillong Lajong,8,5,3,0,25,6,19,18,India - I-League,0.62,1.0,19,2.25,3.12,1.61,1.0,1
Real Kashmir,8,5,3,0,14,6,8,18,India - I-League,0.62,1.0,8,2.25,1.75,1.61,1.0,1
Inter Kashi,8,6,0,2,19,15,4,18,India - I-League,0.75,0.75,4,2.25,2.38,1.33,1.33,1
Namdhari,8,5,2,1,16,9,7,17,India - I-League,0.62,0.88,7,2.12,2.0,1.61,1.14,2
Churchill B.,8,4,4,0,20,10,10,16,India - I-League,0.5,1.0,10,2.0,2.5,2.0,1.0,3
Rajasthan,8,4,2,2,15,8,7,14,India - I-League,0.5,0.75,7,1.75,1.88,2.0,1.33,4
Gokulam,8,4,0,4,21,16,5,12,India - I-League,0.5,0.5,5,1.5,2.62,2.0,2.0,5
SC Bengaluru,8,3,3,2,10,8,2,12,India - I-League,0.38,0.75,2,1.5,1.25,2.63,1.33,5
Dempo,8,2,3,3,21,18,3,9,India - I-League,0.25,0.62,3,1.12,2.62,4.0,1.61,6
Aizawl,8,2,2,4,14,16,-2,8,India - I-League,0.25,0.5,-2,1.0,1.75,4.0,2.0,7
Sreenidi Deccan,8,1,4,3,13,13,0,7,India - I-League,0.12,0.62,0,0.88,1.62,8.33,1.61,8
Delhi FC,8,1,0,7,4,12,-8,3,India - I-League,0.12,0.12,-8,0.38,0.5,8.33,8.33,9
Dewa Utd,8,6,1,1,18,5,13,19,Indonesia - Liga 1,0.75,0.88,13,2.38,2.25,1.33,1.14,1
Persebaya S.,8,5,2,1,16,9,7,17,Indonesia - Liga 1,0.62,0.88,7,2.12,2.0,1.61,1.14,2
Persib,8,5,2,1,12,5,7,17,Indonesia - Liga 1,0.62,0.88,7,2.12,1.5,1.61,1.14,2
Malut United,8,5,1,2,12,7,5,16,Indonesia - Liga 1,0.62,0.75,5,2.0,1.5,1.61,1.33,3
Arema,8,4,3,1,19,13,6,15,Indonesia - Liga 1,0.5,0.88,6,1.88,2.38,2.0,1.14,4
Persija,8,4,3,1,15,9,6,15,Indonesia - Liga 1,0.5,0.88,6,1.88,1.88,2.0,1.14,4
PSM,8,4,3,1,10,6,4,15,Indonesia - Liga 1,0.5,0.88,4,1.88,1.25,2.0,1.14,4
Persik Kediri,8,3,4,1,9,6,3,13,Indonesia - Liga 1,0.38,0.88,3,1.62,1.12,2.63,1.14,5
Borneo,8,4,1,3,12,10,2,13,Indonesia - Liga 1,0.5,0.62,2,1.62,1.5,2.0,1.61,5
Madura Utd,8,4,1,3,11,10,1,13,Indonesia - Liga 1,0.5,0.62,1,1.62,1.38,2.0,1.61,5
Persita,8,4,1,3,10,11,-1,13,Indonesia - Liga 1,0.5,0.62,-1,1.62,1.25,2.0,1.61,5
Bali Utd,8,3,3,2,12,11,1,12,Indonesia - Liga 1,0.38,0.75,1,1.5,1.5,2.63,1.33,6
Barito Putera,8,3,2,3,12,11,1,11,Indonesia - Liga 1,0.38,0.62,1,1.38,1.5,2.63,1.61,7
PSBS Biak N.,8,3,2,3,11,12,-1,11,Indonesia - Liga 1,0.38,0.62,-1,1.38,1.38,2.63,1.61,7
PSS Sleman,8,3,0,5,15,16,-1,9,Indonesia - Liga 1,0.38,0.38,-1,1.12,1.88,2.63,2.63,8
Persis Solo,8,1,5,2,9,10,-1,8,Indonesia - Liga 1,0.12,0.75,-1,1.0,1.12,8.33,1.33,9
PSIS Semarang,8,2,1,5,8,14,-6,7,Indonesia - Liga 1,0.25,0.38,-6,0.88,1.0,4.0,2.63,10
Semen Padang,8,1,3,4,7,14,-7,6,Indonesia - Liga 1,0.12,0.5,-7,0.75,0.88,8.33,2.0,11
Sepahan,8,6,2,0,18,4,14,20,Iran - Pro League,0.75,1.0,14,2.5,2.25,1.33,1.0,1
Tractor Sazi,8,6,1,1,17,4,13,19,Iran - Pro League,0.75,0.88,13,2.38,2.12,1.33,1.14,2
K. Khorramabad,8,6,0,2,13,6,7,18,Iran - Pro League,0.75,0.75,7,2.25,1.62,1.33,1.33,3
Foolad,8,5,2,1,12,6,6,17,Iran - Pro League,0.62,0.88,6,2.12,1.5,1.61,1.14,4
Persepolis,8,5,1,2,10,6,4,16,Iran - Pro League,0.62,0.75,4,2.0,1.25,1.61,1.33,5
E. Khuzestan,8,4,3,1,9,5,4,15,Iran - Pro League,0.5,0.88,4,1.88,1.12,2.0,1.14,6
Gol Gohar,8,4,2,2,8,6,2,14,Iran - Pro League,0.5,0.75,2,1.75,1.0,2.0,1.33,7
Esteghlal,8,3,3,2,6,5,1,12,Iran - Pro League,0.38,0.75,1,1.5,0.75,2.63,1.33,8
Aluminium Arak,8,2,5,1,9,5,4,11,Iran - Pro League,0.25,0.88,4,1.38,1.12,4.0,1.14,9
Chadormalu,8,3,2,3,8,6,2,11,Iran - Pro League,0.38,0.62,2,1.38,1.0,2.63,1.61,9
Shams A. Qazvin,8,3,2,3,10,10,0,11,Iran - Pro League,0.38,0.62,0,1.38,1.25,2.63,1.61,9
Zob Ahan,8,2,4,2,7,5,2,10,Iran - Pro League,0.25,0.75,2,1.25,0.88,4.0,1.33,10
Malavan,8,2,3,3,7,8,-1,9,Iran - Pro League,0.25,0.62,-1,1.12,0.88,4.0,1.61,11
N. Mazandaran,8,1,5,2,4,5,-1,8,Iran - Pro League,0.12,0.75,-1,1.0,0.5,8.33,1.33,12
Mes Rafsanjan,8,1,4,3,5,9,-4,7,Iran - Pro League,0.12,0.62,-4,0.88,0.62,8.33,1.61,13
Havadar,8,2,1,5,6,12,-6,7,Iran - Pro League,0.25,0.38,-6,0.88,0.75,4.0,2.63,13
St. Patricks,5,3,2,0,9,3,6,11,Ireland - Premier Division,0.6,1.0,6,2.2,1.8,1.67,1.0,1
Drogheda Utd,4,2,1,1,7,3,4,7,Ireland - Premier Division,0.5,0.75,4,1.75,1.75,2.0,1.33,2
Derry City,4,2,1,1,5,4,1,7,Ireland - Premier Division,0.5,0.75,1,1.75,1.25,2.0,1.33,2
Galway Utd,4,2,1,1,4,3,1,7,Ireland - Premier Division,0.5,0.75,1,1.75,1.0,2.0,1.33,2
Cork City,4,1,3,0,6,5,1,6,Ireland - Premier Division,0.25,1.0,1,1.5,1.5,4.0,1.0,3
Bohemians,4,2,0,2,5,5,0,6,Ireland - Premier Division,0.5,0.5,0,1.5,1.25,2.0,2.0,3
Shelbourne,4,1,2,1,5,4,1,5,Ireland - Premier Division,0.25,0.75,1,1.25,1.25,4.0,1.33,4
Shamrock Rovers,2,1,1,0,1,0,1,4,Ireland - Premier Division,0.5,1.0,1,2.0,0.5,2.0,1.0,5
Sligo Rovers,4,1,0,3,5,7,-2,3,Ireland - Premier Division,0.25,0.25,-2,0.75,1.25,4.0,4.0,6
Waterford,4,1,0,3,3,7,-4,3,Ireland - Premier Division,0.25,0.25,-4,0.75,0.75,4.0,4.0,6
Dundalk,4,3,1,0,8,3,5,10,Ireland - First Division,0.75,1.0,5,2.5,2.0,1.33,1.0,1
Cobh Ramblers,4,2,1,1,8,3,5,7,Ireland - First Division,0.5,0.75,5,1.75,2.0,2.0,1.33,2
Longford Town,4,2,1,1,6,4,2,7,Ireland - First Division,0.5,0.75,2,1.75,1.5,2.0,1.33,2
Treaty Utd,4,2,0,2,8,5,3,6,Ireland - First Division,0.5,0.5,3,1.5,2.0,2.0,2.0,3
Finn Harps,4,1,1,2,7,4,3,4,Ireland - First Division,0.25,0.5,3,1.0,1.75,4.0,2.0,4
Wexford,3,1,0,2,3,3,0,3,Ireland - First Division,0.33,0.33,0,1.0,1.0,3.03,3.03,5
Bray Wanderers,2,1,0,1,3,4,-1,3,Ireland - First Division,0.5,0.5,-1,1.5,1.5,2.0,2.0,5
Kerry,4,1,0,3,2,3,-1,3,Ireland - First Division,0.25,0.25,-1,0.75,0.5,4.0,4.0,5
UC Dublin,6,0,3,3,2,7,-5,3,Ireland - First Division,0.0,0.5,-5,0.5,0.33,0.0,2.0,5
Athlone Town,4,1,0,3,2,8,-6,3,Ireland - First Division,0.25,0.25,-6,0.75,0.5,4.0,4.0,5
M. Tel Aviv,8,6,1,1,22,6,16,19,Israel - Ligat HaAl,0.75,0.88,16,2.38,2.75,1.33,1.14,1
H. Beer Sheva,8,5,2,1,22,10,12,17,Israel - Ligat HaAl,0.62,0.88,12,2.12,2.75,1.61,1.14,2
Maccabi Netanya,8,5,1,2,15,6,9,16,Israel - Ligat HaAl,0.62,0.75,9,2.0,1.88,1.61,1.33,3
H. Jerusalem,8,5,1,2,14,6,8,16,Israel - Ligat HaAl,0.62,0.75,8,2.0,1.75,1.61,1.33,3
Hapoel Haifa,8,5,0,3,17,14,3,15,Israel - Ligat HaAl,0.62,0.62,3,1.88,2.12,1.61,1.61,4
Ironi Tiberias,8,3,3,2,12,10,2,12,Israel - Ligat HaAl,0.38,0.75,2,1.5,1.5,2.63,1.33,5
B. Jerusalem,8,2,4,2,10,8,2,10,Israel - Ligat HaAl,0.25,0.75,2,1.25,1.25,4.0,1.33,6
Kiryat Shmona,8,3,1,4,8,12,-4,10,Israel - Ligat HaAl,0.38,0.5,-4,1.25,1.0,2.63,2.0,6
M. Petah Tikva,8,2,3,3,10,8,2,9,Israel - Ligat HaAl,0.25,0.62,2,1.12,1.25,4.0,1.61,7
Maccabi Haifa,8,2,3,3,14,16,-2,9,Israel - Ligat HaAl,0.25,0.62,-2,1.12,1.75,4.0,1.61,7
Sakhnin,8,2,2,4,4,8,-4,8,Israel - Ligat HaAl,0.25,0.5,-4,1.0,0.5,4.0,2.0,8
Hapoel Hadera,8,1,2,5,8,14,-6,5,Israel - Ligat HaAl,0.12,0.38,-6,0.62,1.0,8.33,2.63,9
M. Bnei Raina,8,1,2,5,5,13,-8,5,Israel - Ligat HaAl,0.12,0.38,-8,0.62,0.62,8.33,2.63,9
Ashdod,8,0,4,4,9,16,-7,4,Israel - Ligat HaAl,0.0,0.5,-7,0.5,1.12,0.0,2.0,10
Hapoel Tel Aviv,8,8,0,0,21,2,19,24,Israel - Leumit League,1.0,1.0,19,3.0,2.62,1.0,1.0,1
H. Petah Tikva,8,6,0,2,16,4,12,18,Israel - Leumit League,0.75,0.75,12,2.25,2.0,1.33,1.33,2
H. Kfar Saba,8,5,2,1,13,5,8,17,Israel - Leumit League,0.62,0.88,8,2.12,1.62,1.61,1.14,3
Hapoel Akko,8,5,2,1,9,4,5,17,Israel - Leumit League,0.62,0.88,5,2.12,1.12,1.61,1.14,3
H. Ramat Gan,8,5,1,2,19,7,12,16,Israel - Leumit League,0.62,0.75,12,2.0,2.38,1.61,1.33,4
H. Kfar Shalem,8,5,1,2,16,12,4,16,Israel - Leumit League,0.62,0.75,4,2.0,2.0,1.61,1.33,4
H. Ironi Rishon,8,4,1,3,15,10,5,13,Israel - Leumit League,0.5,0.62,5,1.62,1.88,2.0,1.61,5
Ramat Hasharon,8,3,3,2,10,10,0,12,Israel - Leumit League,0.38,0.75,0,1.5,1.25,2.63,1.33,6
M. Herziliya,8,3,2,3,9,12,-3,11,Israel - Leumit League,0.38,0.62,-3,1.38,1.12,2.63,1.61,7
Hapoel Afula,8,2,4,2,11,9,2,10,Israel - Leumit League,0.25,0.75,2,1.25,1.38,4.0,1.33,8
Kafr Qasim,8,2,4,2,9,9,0,10,Israel - Leumit League,0.25,0.75,0,1.25,1.12,4.0,1.33,8
H. Umm al-Fahm,8,3,1,4,6,9,-3,10,Israel - Leumit League,0.38,0.5,-3,1.25,0.75,2.63,2.0,8
Hapoel Raanana,8,2,3,3,8,9,-1,9,Israel - Leumit League,0.25,0.62,-1,1.12,1.0,4.0,1.61,9
Bnei Yehuda,8,2,2,4,6,9,-3,8,Israel - Leumit League,0.25,0.5,-3,1.0,0.75,4.0,2.0,10
Maccabi Jaffa,8,2,2,4,8,14,-6,8,Israel - Leumit League,0.25,0.5,-6,1.0,1.0,4.0,2.0,10
H. Nof Hagalil,8,1,2,5,2,7,-5,5,Israel - Leumit League,0.12,0.38,-5,0.62,0.25,8.33,2.63,11
Inter Milan,8,7,1,0,18,8,10,22,Italy - Serie A,0.88,1.0,10,2.75,2.25,1.14,1.0,1
AS Roma,8,6,2,0,19,4,15,20,Italy - Serie A,0.75,1.0,15,2.5,2.38,1.33,1.0,2
Bologna,8,6,1,1,21,10,11,19,Italy - Serie A,0.75,0.88,11,2.38,2.62,1.33,1.14,3
Genoa,8,5,2,1,10,4,6,17,Italy - Serie A,0.62,0.88,6,2.12,1.25,1.61,1.14,4
Juventus,8,5,2,1,14,9,5,17,Italy - Serie A,0.62,0.88,5,2.12,1.75,1.61,1.14,4
Napoli,8,5,2,1,11,6,5,17,Italy - Serie A,0.62,0.88,5,2.12,1.38,1.61,1.14,4
Fiorentina,8,5,1,2,11,7,4,16,Italy - Serie A,0.62,0.75,4,2.0,1.38,1.61,1.33,5
AC Milan,8,3,4,1,12,10,2,13,Italy - Serie A,0.38,0.88,2,1.62,1.5,2.63,1.14,6
Torino,8,3,4,1,8,6,2,13,Italy - Serie A,0.38,0.88,2,1.62,1.0,2.63,1.14,6
Como,8,3,2,3,13,10,3,11,Italy - Serie A,0.38,0.62,3,1.38,1.62,2.63,1.61,7
Udinese,8,3,2,3,11,10,1,11,Italy - Serie A,0.38,0.62,1,1.38,1.38,2.63,1.61,7
Cagliari,8,3,1,4,11,10,1,10,Italy - Serie A,0.38,0.5,1,1.25,1.38,2.63,2.0,8
Parma,8,2,3,3,12,13,-1,9,Italy - Serie A,0.25,0.62,-1,1.12,1.5,4.0,1.61,9
Lazio,8,1,5,2,12,15,-3,8,Italy - Serie A,0.12,0.75,-3,1.0,1.5,8.33,1.33,10
Venezia,8,1,4,3,4,6,-2,7,Italy - Serie A,0.12,0.62,-2,0.88,0.5,8.33,1.61,11
Atalanta,8,1,4,3,7,10,-3,7,Italy - Serie A,0.12,0.62,-3,0.88,0.88,8.33,1.61,11
Monza,8,1,2,5,6,12,-6,5,Italy - Serie A,0.12,0.38,-6,0.62,0.75,8.33,2.63,12
Hellas Verona,8,1,2,5,3,15,-12,5,Italy - Serie A,0.12,0.38,-12,0.62,0.38,8.33,2.63,12
Lecce,8,0,3,5,4,12,-8,3,Italy - Serie A,0.0,0.38,-8,0.38,0.5,0.0,2.63,13
Empoli,8,0,2,6,3,15,-12,2,Italy - Serie A,0.0,0.25,-12,0.25,0.38,0.0,4.0,14
Sassuolo,8,7,1,0,20,7,13,22,Italy - Serie B,0.88,1.0,13,2.75,2.5,1.14,1.0,1
Juve Stabia,8,6,1,1,13,5,8,19,Italy - Serie B,0.75,0.88,8,2.38,1.62,1.33,1.14,2
Pisa,8,6,0,2,15,7,8,18,Italy - Serie B,0.75,0.75,8,2.25,1.88,1.33,1.33,3
Palermo,8,5,1,2,15,10,5,16,Italy - Serie B,0.62,0.75,5,2.0,1.88,1.61,1.33,4
Catanzaro,8,4,3,1,14,7,7,15,Italy - Serie B,0.5,0.88,7,1.88,1.75,2.0,1.14,5
Modena,8,3,5,0,10,6,4,14,Italy - Serie B,0.38,1.0,4,1.75,1.25,2.63,1.0,6
Cremonese,8,3,4,1,17,10,7,13,Italy - Serie B,0.38,0.88,7,1.62,2.12,2.63,1.14,7
Bari,8,3,4,1,9,6,3,13,Italy - Serie B,0.38,0.88,3,1.62,1.12,2.63,1.14,7
Carrarese,8,4,1,3,11,12,-1,13,Italy - Serie B,0.5,0.62,-1,1.62,1.38,2.0,1.61,7
Spezia,8,3,3,2,11,9,2,12,Italy - Serie B,0.38,0.75,2,1.5,1.38,2.63,1.33,8
Frosinone,8,3,3,2,10,12,-2,12,Italy - Serie B,0.38,0.75,-2,1.5,1.25,2.63,1.33,8
Sudtirol,8,2,5,1,12,10,2,11,Italy - Serie B,0.25,0.88,2,1.38,1.5,4.0,1.14,9
Salernitana,8,3,2,3,8,8,0,11,Italy - Serie B,0.38,0.62,0,1.38,1.0,2.63,1.61,9
Cesena,8,2,4,2,7,6,1,10,Italy - Serie B,0.25,0.75,1,1.25,0.88,4.0,1.33,10
Reggiana,8,2,3,3,9,10,-1,9,Italy - Serie B,0.25,0.62,-1,1.12,1.12,4.0,1.61,11
Sampdoria,8,2,3,3,5,8,-3,9,Italy - Serie B,0.25,0.62,-3,1.12,0.62,4.0,1.61,11
Mantova,8,2,2,4,10,13,-3,8,Italy - Serie B,0.25,0.5,-3,1.0,1.25,4.0,2.0,12
Cosenza,8,2,2,4,5,11,-6,8,Italy - Serie B,0.25,0.5,-6,1.0,0.62,4.0,2.0,12
Cittadella,8,2,1,5,8,15,-7,7,Italy - Serie B,0.25,0.38,-7,0.88,1.0,4.0,2.63,13
Brescia,8,0,6,2,8,10,-2,6,Italy - Serie B,0.0,0.75,-2,0.75,1.0,0.0,1.33,14
Vicenza,8,7,1,0,18,4,14,22,Italy - Serie C - Group A,0.88,1.0,14,2.75,2.25,1.14,1.0,1
Padova,8,6,2,0,16,4,12,20,Italy - Serie C - Group A,0.75,1.0,12,2.5,2.0,1.33,1.0,2
Giana Erminio,8,6,1,1,17,7,10,19,Italy - Serie C - Group A,0.75,0.88,10,2.38,2.12,1.33,1.14,3
FeralpiSalo,8,6,1,1,14,5,9,19,Italy - Serie C - Group A,0.75,0.88,9,2.38,1.75,1.33,1.14,3
Triestina,8,5,2,1,10,3,7,17,Italy - Serie C - Group A,0.62,0.88,7,2.12,1.25,1.61,1.14,4
Novara,8,5,1,2,10,5,5,16,Italy - Serie C - Group A,0.62,0.75,5,2.0,1.25,1.61,1.33,5
Lecco,8,4,3,1,13,7,6,15,Italy - Serie C - Group A,0.5,0.88,6,1.88,1.62,2.0,1.14,6
AlbinoLeffe,8,4,3,1,10,6,4,15,Italy - Serie C - Group A,0.5,0.88,4,1.88,1.25,2.0,1.14,6
Trento,8,3,4,1,16,7,9,13,Italy - Serie C - Group A,0.38,0.88,9,1.62,2.0,2.63,1.14,7
Arzignano,8,4,1,3,12,8,4,13,Italy - Serie C - Group A,0.5,0.62,4,1.62,1.5,2.0,1.61,7
Renate,8,4,0,4,7,9,-2,12,Italy - Serie C - Group A,0.5,0.5,-2,1.5,0.88,2.0,2.0,8
Virtus Verona,8,3,2,3,12,11,1,11,Italy - Serie C - Group A,0.38,0.62,1,1.38,1.5,2.63,1.61,9
Atalanta B,8,2,4,2,11,10,1,10,Italy - Serie C - Group A,0.25,0.75,1,1.25,1.38,4.0,1.33,10
Pro Vercelli,8,2,4,2,6,6,0,10,Italy - Serie C - Group A,0.25,0.75,0,1.25,0.75,4.0,1.33,10
Pergolettese,8,3,1,4,8,9,-1,10,Italy - Serie C - Group A,0.38,0.5,-1,1.25,1.0,2.63,2.0,10
Caldiero Terme,8,2,2,4,9,11,-2,8,Italy - Serie C - Group A,0.25,0.5,-2,1.0,1.12,4.0,2.0,11
Clodiense,8,2,2,4,8,10,-2,8,Italy - Serie C - Group A,0.25,0.5,-2,1.0,1.0,4.0,2.0,11
Alcione,8,2,2,4,6,8,-2,8,Italy - Serie C - Group A,0.25,0.5,-2,1.0,0.75,4.0,2.0,11
Pro Patria,8,2,2,4,7,10,-3,8,Italy - Serie C - Group A,0.25,0.5,-3,1.0,0.88,4.0,2.0,11
Lumezzane,8,1,2,5,8,14,-6,5,Italy - Serie C - Group A,0.12,0.38,-6,0.62,1.0,8.33,2.63,12
Entella,8,7,1,0,19,5,14,22,Italy - Serie C - Group B,0.88,1.0,14,2.75,2.38,1.14,1.0,1
Pineto,8,6,2,0,10,4,6,20,Italy - Serie C - Group B,0.75,1.0,6,2.5,1.25,1.33,1.0,2
Torres,8,5,3,0,8,2,6,18,Italy - Serie C - Group B,0.62,1.0,6,2.25,1.0,1.61,1.0,3
Ternana,8,5,2,1,11,5,6,17,Italy - Serie C - Group B,0.62,0.88,6,2.12,1.38,1.61,1.14,4
Perugia,8,5,2,1,10,4,6,17,Italy - Serie C - Group B,0.62,0.88,6,2.12,1.25,1.61,1.14,4
Lucchese,8,4,3,1,19,13,6,15,Italy - Serie C - Group B,0.5,0.88,6,1.88,2.38,2.0,1.14,5
Gubbio,8,4,2,2,7,7,0,14,Italy - Serie C - Group B,0.5,0.75,0,1.75,0.88,2.0,1.33,6
Pianese,8,4,1,3,9,9,0,13,Italy - Serie C - Group B,0.5,0.62,0,1.62,1.12,2.0,1.61,7
Sestri Levante,8,3,2,3,12,10,2,11,Italy - Serie C - Group B,0.38,0.62,2,1.38,1.5,2.63,1.61,8
Vis Pesaro,8,3,2,3,9,7,2,11,Italy - Serie C - Group B,0.38,0.62,2,1.38,1.12,2.63,1.61,8
Pontedera,8,3,2,3,10,11,-1,11,Italy - Serie C - Group B,0.38,0.62,-1,1.38,1.25,2.63,1.61,8
Arezzo,8,3,1,4,7,8,-1,10,Italy - Serie C - Group B,0.38,0.5,-1,1.25,0.88,2.63,2.0,9
Campobasso,8,3,1,4,7,11,-4,10,Italy - Serie C - Group B,0.38,0.5,-4,1.25,0.88,2.63,2.0,9
Rimini,8,2,3,3,7,7,0,9,Italy - Serie C - Group B,0.25,0.62,0,1.12,0.88,4.0,1.61,10
Ascoli,8,2,3,3,6,9,-3,9,Italy - Serie C - Group B,0.25,0.62,-3,1.12,0.75,4.0,1.61,10
Pescara,8,1,5,2,9,8,1,8,Italy - Serie C - Group B,0.12,0.75,1,1.0,1.12,8.33,1.33,11
Athletic Carpi,8,2,2,4,5,10,-5,8,Italy - Serie C - Group B,0.25,0.5,-5,1.0,0.62,4.0,2.0,11
AC Milan B,8,1,3,4,8,15,-7,6,Italy - Serie C - Group B,0.12,0.5,-7,0.75,1.0,8.33,2.0,12
Legnago Salus,8,1,3,4,5,12,-7,6,Italy - Serie C - Group B,0.12,0.5,-7,0.75,0.62,8.33,2.0,12
SPAL,8,0,3,5,5,15,-10,3,Italy - Serie C - Group B,0.0,0.38,-10,0.38,0.62,0.0,2.63,13
Avellino,8,8,0,0,13,4,9,24,Italy - Serie C - Group C,1.0,1.0,9,3.0,1.62,1.0,1.0,1
Juventus U23,8,6,1,1,13,3,10,19,Italy - Serie C - Group C,0.75,0.88,10,2.38,1.62,1.33,1.14,2
A. Cerignola,8,5,3,0,15,8,7,18,Italy - Serie C - Group C,0.62,1.0,7,2.25,1.88,1.61,1.0,3
Crotone,8,5,2,1,18,8,10,17,Italy - Serie C - Group C,0.62,0.88,10,2.12,2.25,1.61,1.14,4
Monopoli,8,5,2,1,11,5,6,17,Italy - Serie C - Group C,0.62,0.88,6,2.12,1.38,1.61,1.14,4
Picerno,8,3,5,0,9,4,5,14,Italy - Serie C - Group C,0.38,1.0,5,1.75,1.12,2.63,1.0,5
Potenza,8,3,4,1,18,13,5,13,Italy - Serie C - Group C,0.38,0.88,5,1.62,2.25,2.63,1.14,6
Foggia,8,4,1,3,10,10,0,13,Italy - Serie C - Group C,0.5,0.62,0,1.62,1.25,2.0,1.61,6
Cavese,8,3,3,2,10,10,0,12,Italy - Serie C - Group C,0.38,0.75,0,1.5,1.25,2.63,1.33,7
Latina,8,3,1,4,8,13,-5,10,Italy - Serie C - Group C,0.38,0.5,-5,1.25,1.0,2.63,2.0,8
Catania,8,2,3,3,11,9,2,9,Italy - Serie C - Group C,0.25,0.62,2,1.12,1.38,4.0,1.61,9
Benevento,8,1,6,1,6,6,0,9,Italy - Serie C - Group C,0.12,0.88,0,1.12,0.75,8.33,1.14,9
Casertana,8,2,2,4,11,8,3,8,Italy - Serie C - Group C,0.25,0.5,3,1.0,1.38,4.0,2.0,10
Giugliano,8,2,1,5,13,16,-3,7,Italy - Serie C - Group C,0.25,0.38,-3,0.88,1.62,4.0,2.63,11
ACR Messina,8,2,1,5,6,10,-4,7,Italy - Serie C - Group C,0.25,0.38,-4,0.88,0.75,4.0,2.63,11
Sorrento,8,2,1,5,7,12,-5,7,Italy - Serie C - Group C,0.25,0.38,-5,0.88,0.88,4.0,2.63,11
Altamura,8,1,3,4,8,12,-4,6,Italy - Serie C - Group C,0.12,0.5,-4,0.75,1.0,8.33,2.0,12
Trapani,8,1,2,5,6,13,-7,5,Italy - Serie C - Group C,0.12,0.38,-7,0.62,0.75,8.33,2.63,13
Taranto,0,0,0,0,0,0,0,0,Italy - Serie C - Group C,0.0,0.0,0,0.0,0.0,0.0,0.0,14
Turris,0,0,0,0,0,0,0,0,Italy - Serie C - Group C,0.0,0.0,0,0.0,0.0,0.0,0.0,14
Citta di Varese,8,6,1,1,13,5,8,19,Italy - Serie D - Group A,0.75,0.88,8,2.38,1.62,1.33,1.14,1
Saluzzo,8,5,2,1,12,6,6,17,Italy - Serie D - Group A,0.62,0.88,6,2.12,1.5,1.61,1.14,2
NovaRomentin,8,5,1,2,22,8,14,16,Italy - Serie D - Group A,0.62,0.75,14,2.0,2.75,1.61,1.33,3
Bra,8,5,1,2,16,8,8,16,Italy - Serie D - Group A,0.62,0.75,8,2.0,2.0,1.61,1.33,3
Gozzano,8,4,4,0,11,6,5,16,Italy - Serie D - Group A,0.5,1.0,5,2.0,1.38,2.0,1.0,3
Ligorna,8,4,3,1,17,8,9,15,Italy - Serie D - Group A,0.5,0.88,9,1.88,2.12,2.0,1.14,4
Lavagnese,8,4,2,2,10,8,2,14,Italy - Serie D - Group A,0.5,0.75,2,1.75,1.25,2.0,1.33,5
Pro Imperia,8,3,3,2,13,9,4,12,Italy - Serie D - Group A,0.38,0.75,4,1.5,1.62,2.63,1.33,6
Vado,8,3,2,3,10,9,1,11,Italy - Serie D - Group A,0.38,0.62,1,1.38,1.25,2.63,1.61,7
Cairese,8,2,3,3,7,8,-1,9,Italy - Serie D - Group A,0.25,0.62,-1,1.12,0.88,4.0,1.61,8
Vogherese,8,1,6,1,6,8,-2,9,Italy - Serie D - Group A,0.12,0.88,-2,1.12,0.75,8.33,1.14,8
Fossano,8,3,0,5,6,13,-7,9,Italy - Serie D - Group A,0.38,0.38,-7,1.12,0.75,2.63,2.63,8
Chieri,8,2,2,4,11,14,-3,8,Italy - Serie D - Group A,0.25,0.5,-3,1.0,1.38,4.0,2.0,9
Chisola,8,1,4,3,7,9,-2,7,Italy - Serie D - Group A,0.12,0.62,-2,0.88,0.88,8.33,1.61,10
Asti,8,2,1,5,6,8,-2,7,Italy - Serie D - Group A,0.25,0.38,-2,0.88,0.75,4.0,2.63,10
Borgaro Nobis,8,2,1,5,7,12,-5,7,Italy - Serie D - Group A,0.25,0.38,-5,0.88,0.88,4.0,2.63,10
Derthona,8,2,1,5,7,13,-6,7,Italy - Serie D - Group A,0.25,0.38,-6,0.88,0.88,4.0,2.63,10
Sanremese,8,1,3,4,4,7,-3,6,Italy - Serie D - Group A,0.12,0.5,-3,0.75,0.5,8.33,2.0,11
Oltrepo,8,1,3,4,7,12,-5,6,Italy - Serie D - Group A,0.12,0.5,-5,0.75,0.88,8.33,2.0,11
Albenga,0,0,0,0,0,0,0,0,Italy - Serie D - Group A,0.0,0.0,0,0.0,0.0,0.0,0.0,12
USD Casatese,8,6,1,1,11,4,7,19,Italy - Serie D - Group B,0.75,0.88,7,2.38,1.38,1.33,1.14,1
Club Milano,8,6,0,2,14,6,8,18,Italy - Serie D - Group B,0.75,0.75,8,2.25,1.75,1.33,1.33,2
Pro Palazzolo,8,5,2,1,17,5,12,17,Italy - Serie D - Group B,0.62,0.88,12,2.12,2.12,1.61,1.14,3
Desenxano,8,4,3,1,10,5,5,15,Italy - Serie D - Group B,0.5,0.88,5,1.88,1.25,2.0,1.14,4
F. Caratese,8,4,2,2,17,12,5,14,Italy - Serie D - Group B,0.5,0.75,5,1.75,2.12,2.0,1.33,5
Varesina,8,4,2,2,13,9,4,14,Italy - Serie D - Group B,0.5,0.75,4,1.75,1.62,2.0,1.33,5
Ciliverghe,8,4,1,3,14,14,0,13,Italy - Serie D - Group B,0.5,0.62,0,1.62,1.75,2.0,1.61,6
Sondrio,8,3,3,2,11,9,2,12,Italy - Serie D - Group B,0.38,0.75,2,1.5,1.38,2.63,1.33,7
Sangiuliano C.,8,3,3,2,9,8,1,12,Italy - Serie D - Group B,0.38,0.75,1,1.5,1.12,2.63,1.33,7
Crema,8,3,2,3,15,11,4,11,Italy - Serie D - Group B,0.38,0.62,4,1.38,1.88,2.63,1.61,8
Fanfulla,8,3,2,3,9,9,0,11,Italy - Serie D - Group B,0.38,0.62,0,1.38,1.12,2.63,1.61,8
Breno,8,2,4,2,11,10,1,10,Italy - Serie D - Group B,0.25,0.75,1,1.25,1.38,4.0,1.33,9
Ospitaletto,8,2,4,2,10,10,0,10,Italy - Serie D - Group B,0.25,0.75,0,1.25,1.25,4.0,1.33,9
Vigasio,8,3,1,4,9,10,-1,10,Italy - Serie D - Group B,0.38,0.5,-1,1.25,1.12,2.63,2.0,9
Pro Sesto,8,2,4,2,8,9,-1,10,Italy - Serie D - Group B,0.25,0.75,-1,1.25,1.0,4.0,1.33,9
Chievo,8,3,1,4,7,9,-2,10,Italy - Serie D - Group B,0.38,0.5,-2,1.25,0.88,2.63,2.0,9
SantAngelo,8,1,5,2,8,9,-1,8,Italy - Serie D - Group B,0.12,0.75,-1,1.0,1.0,8.33,1.33,10
Castellanzese,8,0,6,2,8,13,-5,6,Italy - Serie D - Group B,0.0,0.75,-5,0.75,1.0,0.0,1.33,11
Magenta,8,1,2,5,5,15,-10,5,Italy - Serie D - Group B,0.12,0.38,-10,0.62,0.62,8.33,2.63,12
Arconatese,8,0,3,5,2,8,-6,3,Italy - Serie D - Group B,0.0,0.38,-6,0.38,0.25,0.0,2.63,13
D. Bellunesi,8,6,2,0,16,6,10,20,Italy - Serie D - Group C,0.75,1.0,10,2.5,2.0,1.33,1.0,1
Bassano Virtus,8,5,2,1,12,3,9,17,Italy - Serie D - Group C,0.62,0.88,9,2.12,1.5,1.61,1.14,2
Este,8,5,2,1,16,8,8,17,Italy - Serie D - Group C,0.62,0.88,8,2.12,2.0,1.61,1.14,2
Villa Alme,8,5,1,2,17,12,5,16,Italy - Serie D - Group C,0.62,0.75,5,2.0,2.12,1.61,1.33,3
Mestre,8,5,1,2,11,8,3,16,Italy - Serie D - Group C,0.62,0.75,3,2.0,1.38,1.61,1.33,3
Real Calepina,8,4,3,1,16,9,7,15,Italy - Serie D - Group C,0.5,0.88,7,1.88,2.0,2.0,1.14,4
Adriese,8,3,5,0,9,4,5,14,Italy - Serie D - Group C,0.38,1.0,5,1.75,1.12,2.63,1.0,5
Luparense,8,3,5,0,11,7,4,14,Italy - Serie D - Group C,0.38,1.0,4,1.75,1.38,2.63,1.0,5
Campodarsego,8,4,2,2,12,11,1,14,Italy - Serie D - Group C,0.5,0.75,1,1.75,1.5,2.0,1.33,5
Brian Lignano,8,3,3,2,11,5,6,12,Italy - Serie D - Group C,0.38,0.75,6,1.5,1.38,2.63,1.33,6
Treviso,8,4,0,4,8,8,0,12,Italy - Serie D - Group C,0.5,0.5,0,1.5,1.0,2.0,2.0,6
Brusaporto,8,3,2,3,11,10,1,11,Italy - Serie D - Group C,0.38,0.62,1,1.38,1.38,2.63,1.61,7
Calvi Noale,8,3,2,3,10,11,-1,11,Italy - Serie D - Group C,0.38,0.62,-1,1.38,1.25,2.63,1.61,7
Portogruaro,8,2,3,3,3,4,-1,9,Italy - Serie D - Group C,0.25,0.62,-1,1.12,0.38,4.0,1.61,8
Cjarlins Muzane,8,2,3,3,9,12,-3,9,Italy - Serie D - Group C,0.25,0.62,-3,1.12,1.12,4.0,1.61,8
Chions,8,1,5,2,5,7,-2,8,Italy - Serie D - Group C,0.12,0.75,-2,1.0,0.62,8.33,1.33,9
Ciserano,8,1,4,3,10,10,0,7,Italy - Serie D - Group C,0.12,0.62,0,0.88,1.25,8.33,1.61,10
Montecchio M.,8,1,2,5,6,9,-3,5,Italy - Serie D - Group C,0.12,0.38,-3,0.62,0.75,8.33,2.63,11
Lavis,8,1,2,5,4,14,-10,5,Italy - Serie D - Group C,0.12,0.38,-10,0.62,0.5,8.33,2.63,11
Caravaggio,8,1,1,6,8,15,-7,4,Italy - Serie D - Group C,0.12,0.25,-7,0.5,1.0,8.33,4.0,12
Ravenna,8,8,0,0,21,5,16,24,Italy - Serie D - Group D,1.0,1.0,16,3.0,2.62,1.0,1.0,1
Pistoiese,8,7,1,0,15,3,12,22,Italy - Serie D - Group D,0.88,1.0,12,2.75,1.88,1.14,1.0,2
Forli,8,7,0,1,18,7,11,21,Italy - Serie D - Group D,0.88,0.88,11,2.62,2.25,1.14,1.14,3
Tau Altopascio,8,4,3,1,14,9,5,15,Italy - Serie D - Group D,0.5,0.88,5,1.88,1.75,2.0,1.14,4
Piacenza,8,3,3,2,9,6,3,12,Italy - Serie D - Group D,0.38,0.75,3,1.5,1.12,2.63,1.33,5
Lentigione,8,3,3,2,10,9,1,12,Italy - Serie D - Group D,0.38,0.75,1,1.5,1.25,2.63,1.33,5
Cittadella Vis,8,3,2,3,10,8,2,11,Italy - Serie D - Group D,0.38,0.62,2,1.38,1.25,2.63,1.61,6
San Marino C.,8,3,1,4,10,13,-3,10,Italy - Serie D - Group D,0.38,0.5,-3,1.25,1.25,2.63,2.0,7
Prato,8,3,1,4,8,11,-3,10,Italy - Serie D - Group D,0.38,0.5,-3,1.25,1.0,2.63,2.0,7
Corticella,8,3,1,4,7,12,-5,10,Italy - Serie D - Group D,0.38,0.5,-5,1.25,0.88,2.63,2.0,7
Progresso,8,2,3,3,7,6,1,9,Italy - Serie D - Group D,0.25,0.62,1,1.12,0.88,4.0,1.61,8
Tuttocuoio,8,2,3,3,6,7,-1,9,Italy - Serie D - Group D,0.25,0.62,-1,1.12,0.75,4.0,1.61,8
Sammaurese,8,2,2,4,11,8,3,8,Italy - Serie D - Group D,0.25,0.5,3,1.0,1.38,4.0,2.0,9
Imolese,8,1,4,3,9,13,-4,7,Italy - Serie D - Group D,0.12,0.62,-4,0.88,1.12,8.33,1.61,10
Zenith Prato,8,1,3,4,5,8,-3,6,Italy - Serie D - Group D,0.12,0.5,-3,0.75,0.62,8.33,2.0,11
Sasso Marconi,8,1,2,5,8,14,-6,5,Italy - Serie D - Group D,0.12,0.38,-6,0.62,1.0,8.33,2.63,12
United Riccione,8,1,2,5,5,20,-15,5,Italy - Serie D - Group D,0.12,0.38,-15,0.62,0.62,8.33,2.63,12
Fiorenzuola,8,1,1,6,5,12,-7,4,Italy - Serie D - Group D,0.12,0.25,-7,0.5,0.62,8.33,4.0,13
Livorno,8,6,1,1,21,8,13,19,Italy - Serie D - Group E,0.75,0.88,13,2.38,2.62,1.33,1.14,1
Fulgens Foligno,8,6,1,1,20,9,11,19,Italy - Serie D - Group E,0.75,0.88,11,2.38,2.5,1.33,1.14,1
Grosseto,8,4,3,1,10,5,5,15,Italy - Serie D - Group E,0.5,0.88,5,1.88,1.25,2.0,1.14,2
Ghiviborgo,8,4,0,4,20,18,2,12,Italy - Serie D - Group E,0.5,0.5,2,1.5,2.5,2.0,2.0,3
San Donato,8,3,2,3,6,6,0,11,Italy - Serie D - Group E,0.38,0.62,0,1.38,0.75,2.63,1.61,4
Sangiovannese,8,3,2,3,5,5,0,11,Italy - Serie D - Group E,0.38,0.62,0,1.38,0.62,2.63,1.61,4
Ostia Mare,8,3,2,3,10,11,-1,11,Italy - Serie D - Group E,0.38,0.62,-1,1.38,1.25,2.63,1.61,4
S. Trestina,8,3,2,3,7,12,-5,11,Italy - Serie D - Group E,0.38,0.62,-5,1.38,0.88,2.63,1.61,4
FC Siena,8,2,4,2,5,4,1,10,Italy - Serie D - Group E,0.25,0.75,1,1.25,0.62,4.0,1.33,5
Gavorrano,8,2,4,2,10,10,0,10,Italy - Serie D - Group E,0.25,0.75,0,1.25,1.25,4.0,1.33,5
Orvietana,8,2,3,3,7,8,-1,9,Italy - Serie D - Group E,0.25,0.62,-1,1.12,0.88,4.0,1.61,6
Montevarchi,8,2,3,3,8,10,-2,9,Italy - Serie D - Group E,0.25,0.62,-2,1.12,1.0,4.0,1.61,6
Figline,8,2,3,3,4,7,-3,9,Italy - Serie D - Group E,0.25,0.62,-3,1.12,0.5,4.0,1.61,6
Flaminia,8,2,2,4,9,11,-2,8,Italy - Serie D - Group E,0.25,0.5,-2,1.0,1.12,4.0,2.0,7
T. Traiana,8,1,5,2,5,7,-2,8,Italy - Serie D - Group E,0.12,0.75,-2,1.0,0.62,8.33,1.33,7
Seravezza,8,2,2,4,11,14,-3,8,Italy - Serie D - Group E,0.25,0.5,-3,1.0,1.38,4.0,2.0,7
Poggibonsi,8,2,1,5,7,11,-4,7,Italy - Serie D - Group E,0.25,0.38,-4,0.88,0.88,4.0,2.63,8
Fezzanese,8,1,3,4,7,12,-5,6,Italy - Serie D - Group E,0.12,0.5,-5,0.75,0.88,8.33,2.0,9
Sambenedettese,8,5,3,0,14,3,11,18,Italy - Serie D - Group F,0.62,1.0,11,2.25,1.75,1.61,1.0,1
Teramo,8,5,1,2,16,7,9,16,Italy - Serie D - Group F,0.62,0.75,9,2.0,2.0,1.61,1.33,2
Chieti,8,4,2,2,11,10,1,14,Italy - Serie D - Group F,0.5,0.75,1,1.75,1.38,2.0,1.33,3
Castelfidardo,8,4,1,3,11,6,5,13,Italy - Serie D - Group F,0.5,0.62,5,1.62,1.38,2.0,1.61,4
Avezzano,8,3,4,1,8,5,3,13,Italy - Serie D - Group F,0.38,0.88,3,1.62,1.0,2.63,1.14,4
Recanatese,8,4,1,3,12,15,-3,13,Italy - Serie D - Group F,0.5,0.62,-3,1.62,1.5,2.0,1.61,4
LAquila,8,3,3,2,11,7,4,12,Italy - Serie D - Group F,0.38,0.75,4,1.5,1.38,2.63,1.33,5
Fossombrone,8,2,5,1,13,10,3,11,Italy - Serie D - Group F,0.25,0.88,3,1.38,1.62,4.0,1.14,6
San Nicolo,8,3,2,3,6,6,0,11,Italy - Serie D - Group F,0.38,0.62,0,1.38,0.75,2.63,1.61,6
Sora,8,2,4,2,8,6,2,10,Italy - Serie D - Group F,0.25,0.75,2,1.25,1.0,4.0,1.33,7
Atletico Ascoli,8,2,3,3,10,11,-1,9,Italy - Serie D - Group F,0.25,0.62,-1,1.12,1.25,4.0,1.61,8
Termoli Calcio,8,2,3,3,8,9,-1,9,Italy - Serie D - Group F,0.25,0.62,-1,1.12,1.0,4.0,1.61,8
V. Senigallia,8,2,3,3,8,12,-4,9,Italy - Serie D - Group F,0.25,0.62,-4,1.12,1.0,4.0,1.61,8
Fermana,8,2,2,4,8,10,-2,8,Italy - Serie D - Group F,0.25,0.5,-2,1.0,1.0,4.0,2.0,9
Ancona 1905,8,2,2,4,7,10,-3,8,Italy - Serie D - Group F,0.25,0.5,-3,1.0,0.88,4.0,2.0,9
Roma City,8,1,3,4,7,10,-3,6,Italy - Serie D - Group F,0.12,0.5,-3,0.75,0.88,8.33,2.0,10
Civitanovese,8,0,5,3,4,7,-3,5,Italy - Serie D - Group F,0.0,0.62,-3,0.62,0.5,0.0,1.61,11
Isernia,8,1,2,5,4,15,-11,5,Italy - Serie D - Group F,0.12,0.38,-11,0.62,0.5,8.33,2.63,11
Gelbison,8,8,0,0,19,6,13,24,Italy - Serie D - Group G,1.0,1.0,13,3.0,2.38,1.0,1.0,1
Cassino,8,7,1,0,14,2,12,22,Italy - Serie D - Group G,0.88,1.0,12,2.75,1.75,1.14,1.0,2
Savoia,8,6,1,1,16,4,12,19,Italy - Serie D - Group G,0.75,0.88,12,2.38,2.0,1.33,1.14,3
Guidonia,8,6,1,1,17,6,11,19,Italy - Serie D - Group G,0.75,0.88,11,2.38,2.12,1.33,1.14,3
CynthiAlbalonga,8,6,1,1,16,6,10,19,Italy - Serie D - Group G,0.75,0.88,10,2.38,2.0,1.33,1.14,3
Olbia,8,6,1,1,15,6,9,19,Italy - Serie D - Group G,0.75,0.88,9,2.38,1.88,1.33,1.14,3
Trastevere,8,5,2,1,16,7,9,17,Italy - Serie D - Group G,0.62,0.88,9,2.12,2.0,1.61,1.14,4
Latte Dolce,8,5,1,2,18,8,10,16,Italy - Serie D - Group G,0.62,0.75,10,2.0,2.25,1.61,1.33,5
Sarnese,8,5,1,2,17,13,4,16,Italy - Serie D - Group G,0.62,0.75,4,2.0,2.12,1.61,1.33,5
Paganese,8,4,3,1,10,4,6,15,Italy - Serie D - Group G,0.5,0.88,6,1.88,1.25,2.0,1.14,6
Ilvamaddalena,8,4,2,2,11,6,5,14,Italy - Serie D - Group G,0.5,0.75,5,1.75,1.38,2.0,1.33,7
S. Ogliastra,8,4,2,2,13,11,2,14,Italy - Serie D - Group G,0.5,0.75,2,1.75,1.62,2.0,1.33,7
A. Lodigiani,8,3,4,1,16,11,5,13,Italy - Serie D - Group G,0.38,0.88,5,1.62,2.0,2.63,1.14,8
Puteolana,8,3,3,2,10,9,1,12,Italy - Serie D - Group G,0.38,0.75,1,1.5,1.25,2.63,1.33,9
Atletico Uri,8,3,2,3,11,9,2,11,Italy - Serie D - Group G,0.38,0.62,2,1.38,1.38,2.63,1.61,10
R. Monterotondo,8,2,3,3,6,10,-4,9,Italy - Serie D - Group G,0.25,0.62,-4,1.12,0.75,4.0,1.61,11
Anzio,8,1,3,4,9,20,-11,6,Italy - Serie D - Group G,0.12,0.5,-11,0.75,1.12,8.33,2.0,12
Terracina,8,1,1,6,4,14,-10,4,Italy - Serie D - Group G,0.12,0.25,-10,0.5,0.5,8.33,4.0,13
Citta di Fasano,8,7,1,0,21,5,16,22,Italy - Serie D - Group H,0.88,1.0,16,2.75,2.62,1.14,1.0,1
Fidelis Andria,8,6,1,1,8,3,5,19,Italy - Serie D - Group H,0.75,0.88,5,2.38,1.0,1.33,1.14,2
Casarano,8,5,3,0,15,5,10,18,Italy - Serie D - Group H,0.62,1.0,10,2.25,1.88,1.61,1.0,3
Nocerina,8,5,3,0,14,4,10,18,Italy - Serie D - Group H,0.62,1.0,10,2.25,1.75,1.61,1.0,3
Brindisi,8,5,2,1,19,8,11,17,Italy - Serie D - Group H,0.62,0.88,11,2.12,2.38,1.61,1.14,4
Martina Franca,8,5,2,1,11,5,6,17,Italy - Serie D - Group H,0.62,0.88,6,2.12,1.38,1.61,1.14,4
Matera,8,4,4,0,13,6,7,16,Italy - Serie D - Group H,0.5,1.0,7,2.0,1.62,2.0,1.0,5
Manfredonia,8,4,3,1,12,5,7,15,Italy - Serie D - Group H,0.5,0.88,7,1.88,1.5,2.0,1.14,6
Francavilla,8,5,0,3,13,8,5,15,Italy - Serie D - Group H,0.62,0.62,5,1.88,1.62,1.61,1.61,6
Real Acerrana,8,4,2,2,10,8,2,14,Italy - Serie D - Group H,0.5,0.75,2,1.75,1.25,2.0,1.33,7
Ugento,8,4,1,3,14,9,5,13,Italy - Serie D - Group H,0.5,0.62,5,1.62,1.75,2.0,1.61,8
Ischia,8,3,4,1,14,12,2,13,Italy - Serie D - Group H,0.38,0.88,2,1.62,1.75,2.63,1.14,8
USD Palmese,8,4,1,3,8,8,0,13,Italy - Serie D - Group H,0.5,0.62,0,1.62,1.0,2.0,1.61,8
Nardo,8,3,3,2,11,5,6,12,Italy - Serie D - Group H,0.38,0.75,6,1.5,1.38,2.63,1.33,9
V. Francavilla,8,2,5,1,13,10,3,11,Italy - Serie D - Group H,0.25,0.88,3,1.38,1.62,4.0,1.14,10
Gravina,8,2,3,3,8,8,0,9,Italy - Serie D - Group H,0.25,0.62,0,1.12,1.0,4.0,1.61,11
Costa DAmalfi,8,2,3,3,11,16,-5,9,Italy - Serie D - Group H,0.25,0.62,-5,1.12,1.38,4.0,1.61,11
Angri Calcio,8,1,2,5,5,13,-8,5,Italy - Serie D - Group H,0.12,0.38,-8,0.62,0.62,8.33,2.63,12
Siracusa,8,7,0,1,26,6,20,21,Italy - Serie D - Group I,0.88,0.88,20,2.62,3.25,1.14,1.14,1
Reggina,8,6,1,1,20,8,12,19,Italy - Serie D - Group I,0.75,0.88,12,2.38,2.5,1.33,1.14,2
Nissa,8,5,3,0,17,8,9,18,Italy - Serie D - Group I,0.62,1.0,9,2.25,2.12,1.61,1.0,3
Acireale,8,5,1,2,13,10,3,16,Italy - Serie D - Group I,0.62,0.75,3,2.0,1.62,1.61,1.33,4
Igea Virtus,8,5,0,3,14,8,6,15,Italy - Serie D - Group I,0.62,0.62,6,1.88,1.75,1.61,1.61,5
Sancataldese,8,4,3,1,10,7,3,15,Italy - Serie D - Group I,0.5,0.88,3,1.88,1.25,2.0,1.14,5
Scafatese,8,4,2,2,13,6,7,14,Italy - Serie D - Group I,0.5,0.75,7,1.75,1.62,2.0,1.33,6
Sambiase,8,4,1,3,8,6,2,13,Italy - Serie D - Group I,0.5,0.62,2,1.62,1.0,2.0,1.61,7
Pompei,8,4,1,3,10,11,-1,13,Italy - Serie D - Group I,0.5,0.62,-1,1.62,1.25,2.0,1.61,7
Ragusa,8,3,2,3,9,8,1,11,Italy - Serie D - Group I,0.38,0.62,1,1.38,1.12,2.63,1.61,8
Vibonese,8,3,1,4,13,8,5,10,Italy - Serie D - Group I,0.38,0.5,5,1.25,1.62,2.63,2.0,9
Locri 1909,8,2,2,4,10,11,-1,8,Italy - Serie D - Group I,0.25,0.5,-1,1.0,1.25,4.0,2.0,10
Paterno,8,1,5,2,3,5,-2,8,Italy - Serie D - Group I,0.12,0.75,-2,1.0,0.38,8.33,1.33,10
CastrumFavara,8,1,4,3,7,10,-3,7,Italy - Serie D - Group I,0.12,0.62,-3,0.88,0.88,8.33,1.61,11
CD S. Agata,8,0,6,2,8,10,-2,6,Italy - Serie D - Group I,0.0,0.75,-2,0.75,1.0,0.0,1.33,12
Enna,8,0,6,2,6,11,-5,6,Italy - Serie D - Group I,0.0,0.75,-5,0.75,0.75,0.0,1.33,12
Licata,8,2,0,6,6,15,-9,6,Italy - Serie D - Group I,0.25,0.25,-9,0.75,0.75,4.0,4.0,12
Akragas,0,0,0,0,0,0,0,0,Italy - Serie D - Group I,0.0,0.0,0,0.0,0.0,0.0,0.0,13
Juventus U20,8,6,0,2,18,15,3,18,Italy - Primavera 1,0.75,0.75,3,2.25,2.25,1.33,1.33,1
Cagliari U20,8,5,2,1,13,6,7,17,Italy - Primavera 1,0.62,0.88,7,2.12,1.62,1.61,1.14,2
Inter Milan U20,8,5,1,2,16,8,8,16,Italy - Primavera 1,0.62,0.75,8,2.0,2.0,1.61,1.33,3
Cesena U20,8,5,1,2,22,16,6,16,Italy - Primavera 1,0.62,0.75,6,2.0,2.75,1.61,1.33,3
Cremonese U20,8,4,2,2,11,6,5,14,Italy - Primavera 1,0.5,0.75,5,1.75,1.38,2.0,1.33,4
Lazio U20,8,4,2,2,13,10,3,14,Italy - Primavera 1,0.5,0.75,3,1.75,1.62,2.0,1.33,4
Sassuolo U20,8,4,2,2,9,6,3,14,Italy - Primavera 1,0.5,0.75,3,1.75,1.12,2.0,1.33,4
Atalanta U20,8,4,1,3,14,9,5,13,Italy - Primavera 1,0.5,0.62,5,1.62,1.75,2.0,1.61,5
Monza U20,8,4,1,3,18,14,4,13,Italy - Primavera 1,0.5,0.62,4,1.62,2.25,2.0,1.61,5
Lecce U20,8,4,1,3,11,9,2,13,Italy - Primavera 1,0.5,0.62,2,1.62,1.38,2.0,1.61,5
Roma U20,8,4,1,3,10,10,0,13,Italy - Primavera 1,0.5,0.62,0,1.62,1.25,2.0,1.61,5
Fiorentina U20,8,3,3,2,16,14,2,12,Italy - Primavera 1,0.38,0.75,2,1.5,2.0,2.63,1.33,6
H. Verona U20,8,3,2,3,11,9,2,11,Italy - Primavera 1,0.38,0.62,2,1.38,1.38,2.63,1.61,7
Milan U20,8,3,2,3,9,8,1,11,Italy - Primavera 1,0.38,0.62,1,1.38,1.12,2.63,1.61,7
Torino U20,8,3,1,4,11,12,-1,10,Italy - Primavera 1,0.38,0.5,-1,1.25,1.38,2.63,2.0,8
Sampdoria U20,8,1,3,4,12,15,-3,6,Italy - Primavera 1,0.12,0.5,-3,0.75,1.5,8.33,2.0,9
Bologna U20,8,1,3,4,8,14,-6,6,Italy - Primavera 1,0.12,0.5,-6,0.75,1.0,8.33,2.0,9
Genoa U20,8,1,2,5,9,13,-4,5,Italy - Primavera 1,0.12,0.38,-4,0.62,1.12,8.33,2.63,10
Udinese U20,8,1,2,5,7,21,-14,5,Italy - Primavera 1,0.12,0.38,-14,0.62,0.88,8.33,2.63,10
Empoli U20,8,1,1,6,4,11,-7,4,Italy - Primavera 1,0.12,0.25,-7,0.5,0.5,8.33,4.0,11
Mount Pleasant,8,7,1,0,19,1,18,22,Jamaica - Premier League,0.88,1.0,18,2.75,2.38,1.14,1.0,1
Humble Lions,8,5,2,1,13,7,6,17,Jamaica - Premier League,0.62,0.88,6,2.12,1.62,1.61,1.14,2
Montego Bay,8,4,4,0,16,4,12,16,Jamaica - Premier League,0.5,1.0,12,2.0,2.0,2.0,1.0,3
Arnett Gardens,8,4,4,0,17,8,9,16,Jamaica - Premier League,0.5,1.0,9,2.0,2.12,2.0,1.0,3
Racing United,8,5,1,2,12,8,4,16,Jamaica - Premier League,0.62,0.75,4,2.0,1.5,1.61,1.33,3
Portmore Utd,8,4,3,1,6,3,3,15,Jamaica - Premier League,0.5,0.88,3,1.88,0.75,2.0,1.14,4
Tivoli Gardens,8,4,2,2,14,11,3,14,Jamaica - Premier League,0.5,0.75,3,1.75,1.75,2.0,1.33,5
Harbour View,8,3,3,2,11,7,4,12,Jamaica - Premier League,0.38,0.75,4,1.5,1.38,2.63,1.33,6
Waterhouse,8,3,3,2,9,10,-1,12,Jamaica - Premier League,0.38,0.75,-1,1.5,1.12,2.63,1.33,6
Cavalier,8,2,5,1,10,8,2,11,Jamaica - Premier League,0.25,0.88,2,1.38,1.25,4.0,1.14,7
Dunbeholden,8,3,1,4,9,12,-3,10,Jamaica - Premier League,0.38,0.5,-3,1.25,1.12,2.63,2.0,8
Vere Utd,8,1,2,5,5,13,-8,5,Jamaica - Premier League,0.12,0.38,-8,0.62,0.62,8.33,2.63,9
Chapelton,8,1,2,5,7,16,-9,5,Jamaica - Premier League,0.12,0.38,-9,0.62,0.88,8.33,2.63,9
Molynes Utd,8,1,2,5,7,19,-12,5,Jamaica - Premier League,0.12,0.38,-12,0.62,0.88,8.33,2.63,9
Fagiano Okayama,6,4,2,0,7,1,6,14,Japan - J1 League,0.67,1.0,6,2.33,1.17,1.49,1.0,1
Kashima Antlers,6,4,1,1,13,6,7,13,Japan - J1 League,0.67,0.83,7,2.17,2.17,1.49,1.2,2
S. Hiroshima,5,4,1,0,6,2,4,13,Japan - J1 League,0.8,1.0,4,2.6,1.2,1.25,1.0,2
Shonan Bellmare,4,3,0,1,6,4,2,9,Japan - J1 League,0.75,0.75,2,2.25,1.5,1.33,1.33,3
Yokohama FC,6,3,0,3,5,4,1,9,Japan - J1 League,0.5,0.5,1,1.5,0.83,2.0,2.0,3
Kashiwa Reysol,5,2,2,1,5,5,0,8,Japan - J1 League,0.4,0.8,0,1.6,1.0,2.5,1.25,4
Shimizu S-Pulse,4,2,1,1,7,3,4,7,Japan - J1 League,0.5,0.75,4,1.75,1.75,2.0,1.33,5
Nagoya G.,4,2,1,1,7,5,2,7,Japan - J1 League,0.5,0.75,2,1.75,1.75,2.0,1.33,5
Yokohama M.,5,1,4,0,4,2,2,7,Japan - J1 League,0.2,1.0,2,1.4,0.8,5.0,1.0,5
Avispa Fukuoka,5,2,1,2,5,5,0,7,Japan - J1 League,0.4,0.6,0,1.4,1.0,2.5,1.67,5
K. Frontale,3,2,0,1,6,1,5,6,Japan - J1 League,0.67,0.67,5,2.0,2.0,1.49,1.49,6
Urawa RD,3,2,0,1,3,3,0,6,Japan - J1 League,0.67,0.67,0,2.0,1.0,1.49,1.49,6
Gamba Osaka,4,2,0,2,5,7,-2,6,Japan - J1 League,0.5,0.5,-2,1.5,1.25,2.0,2.0,6
Cerezo Osaka,4,1,2,1,5,5,0,5,Japan - J1 League,0.25,0.75,0,1.25,1.25,4.0,1.33,7
Kyoto Sanga,4,1,2,1,3,3,0,5,Japan - J1 League,0.25,0.75,0,1.25,0.75,4.0,1.33,7
Machida Zelvia,4,1,1,2,4,5,-1,4,Japan - J1 League,0.25,0.5,-1,1.0,1.0,4.0,2.0,8
Tokyo Verdy,4,1,1,2,4,5,-1,4,Japan - J1 League,0.25,0.5,-1,1.0,1.0,4.0,2.0,8
FC Tokyo,4,1,1,2,3,5,-2,4,Japan - J1 League,0.25,0.5,-2,1.0,0.75,4.0,2.0,8
Albirex Niigata,4,0,3,1,7,8,-1,3,Japan - J1 League,0.0,0.75,-1,0.75,1.75,0.0,1.33,9
Vissel Kobe,4,0,2,2,1,3,-2,2,Japan - J1 League,0.0,0.5,-2,0.5,0.25,0.0,2.0,10
Omiya Ardija,5,4,1,0,9,4,5,13,japan2,0.8,1.0,5,2.6,1.8,1.25,1.0,1
JEF Utd Chiba,4,4,0,0,12,4,8,12,japan2,1.0,1.0,8,3.0,3.0,1.0,1.0,2
V-V. Nagasaki,4,4,0,0,10,3,7,12,japan2,1.0,1.0,7,3.0,2.5,1.0,1.0,2
Jubilo Iwata,4,4,0,0,7,3,4,12,japan2,1.0,1.0,4,3.0,1.75,1.0,1.0,2
Fujieda MYFC,4,3,0,1,7,5,2,9,japan2,0.75,0.75,2,2.25,1.75,1.33,1.33,3
Sagan Tosu,5,3,0,2,4,5,-1,9,japan2,0.6,0.6,-1,1.8,0.8,1.67,1.67,3
Mito Hollyhock,4,2,2,0,8,4,4,8,japan2,0.5,1.0,4,2.0,2.0,2.0,1.0,4
Vegalta Sendai,4,2,1,1,6,4,2,7,japan2,0.5,0.75,2,1.75,1.5,2.0,1.33,5
Tokushima V.,3,2,1,0,2,0,2,7,japan2,0.67,1.0,2,2.33,0.67,1.49,1.0,5
Ventforet Kofu,4,2,1,1,6,5,1,7,japan2,0.5,0.75,1,1.75,1.5,2.0,1.33,5
R. Kumamoto,5,2,1,2,7,8,-1,7,japan2,0.4,0.6,-1,1.4,1.4,2.5,1.67,5
Kataller Toyama,3,2,0,1,5,2,3,6,japan2,0.67,0.67,3,2.0,1.67,1.49,1.49,6
FC Imabari,5,1,3,1,6,4,2,6,japan2,0.2,0.8,2,1.2,1.2,5.0,1.25,6
Oita Trinita,4,1,3,0,3,1,2,6,japan2,0.25,1.0,2,1.5,0.75,4.0,1.0,6
R. Yamaguchi,5,1,3,1,6,5,1,6,japan2,0.2,0.8,1,1.2,1.2,5.0,1.25,6
M. Yamagata,3,1,2,0,4,2,2,5,japan2,0.33,1.0,2,1.67,1.33,3.03,1.0,7
Blaublitz Akita,2,1,0,1,2,3,-1,3,japan2,0.5,0.5,-1,1.5,1.0,2.0,2.0,8
C. Sapporo,3,1,0,2,2,4,-2,3,japan2,0.33,0.33,-2,1.0,0.67,3.03,3.03,8
Iwaki,4,0,2,2,2,5,-3,2,japan2,0.0,0.5,-3,0.5,0.5,0.0,2.0,9
Ehime FC,5,0,0,5,4,9,-5,0,japan2,0.0,0.0,-5,0.0,0.8,0.0,0.0,10
G. Kitakyushu,4,4,0,0,6,0,6,12,japan3,1.0,1.0,6,3.0,1.5,1.0,1.0,1
Nara Club,5,3,2,0,10,6,4,11,japan3,0.6,1.0,4,2.2,2.0,1.67,1.0,2
Osaka,4,3,1,0,6,2,4,10,japan3,0.75,1.0,4,2.5,1.5,1.33,1.0,3
Tochigi City,4,2,2,0,7,5,2,8,japan3,0.5,1.0,2,2.0,1.75,2.0,1.0,4
Kusatsu,5,2,2,1,4,2,2,8,japan3,0.4,0.8,2,1.6,0.8,2.5,1.25,4
Kagoshima Utd,4,2,1,1,8,5,3,7,japan3,0.5,0.75,3,1.75,2.0,2.0,1.33,5
Kamatamare S.,4,2,1,1,4,2,2,7,japan3,0.5,0.75,2,1.75,1.0,2.0,1.33,5
Tochigi SC,5,2,1,2,4,4,0,7,japan3,0.4,0.6,0,1.4,0.8,2.5,1.67,5
Fukushima Utd,2,2,0,0,7,3,4,6,japan3,1.0,1.0,4,3.0,3.5,1.0,1.0,6
AC Numazu,5,1,3,1,5,3,2,6,japan3,0.2,0.8,2,1.2,1.0,5.0,1.25,6
FC Ryukyu,4,2,0,2,4,3,1,6,japan3,0.5,0.5,1,1.5,1.0,2.0,2.0,6
Nagano Parceiro,4,2,0,2,7,7,0,6,japan3,0.5,0.5,0,1.5,1.75,2.0,2.0,6
Gainare Tottori,3,1,2,0,5,2,3,5,japan3,0.33,1.0,3,1.67,1.67,3.03,1.0,7
T. Miyazaki,4,1,2,1,4,3,1,5,japan3,0.25,0.75,1,1.25,1.0,4.0,1.33,7
SC Sagamihara,4,1,2,1,3,4,-1,5,japan3,0.25,0.75,-1,1.25,0.75,4.0,1.33,7
V. Hachinohe,3,1,1,1,5,5,0,4,japan3,0.33,0.67,0,1.33,1.67,3.03,1.49,8
Gifu,4,1,1,2,4,5,-1,4,japan3,0.25,0.5,-1,1.0,1.0,4.0,2.0,8
Z. Kanazawa,2,1,0,1,4,3,1,3,japan3,0.5,0.5,1,1.5,2.0,2.0,2.0,9
Kochi United,4,0,3,1,4,5,-1,3,japan3,0.0,0.75,-1,0.75,1.0,0.0,1.33,9
Matsumoto Y.,2,1,0,1,2,5,-3,3,japan3,0.5,0.5,-3,1.5,1.0,2.0,2.0,9
Al Wihdat,8,6,2,0,18,8,10,20,jordan,0.75,1.0,10,2.5,2.25,1.33,1.0,1
Al Hussein,8,6,2,0,14,4,10,20,jordan,0.75,1.0,10,2.5,1.75,1.33,1.0,1
Al Jazeera,8,6,1,1,22,12,10,19,jordan,0.75,0.88,10,2.38,2.75,1.33,1.14,2
Al Faysali,8,3,5,0,13,8,5,14,jordan,0.38,1.0,5,1.75,1.62,2.63,1.0,3
Shabab Al Ordon,8,4,2,2,9,9,0,14,jordan,0.5,0.75,0,1.75,1.12,2.0,1.33,3
Al Ramtha,8,4,2,2,7,8,-1,14,jordan,0.5,0.75,-1,1.75,0.88,2.0,1.33,3
Al Salt,8,4,1,3,12,9,3,13,jordan,0.5,0.62,3,1.62,1.5,2.0,1.61,4
Al Sareeh,8,2,4,2,11,11,0,10,jordan,0.25,0.75,0,1.25,1.38,4.0,1.33,5
Aqaba,8,2,2,4,7,11,-4,8,jordan,0.25,0.5,-4,1.0,0.88,4.0,2.0,6
Maan,8,2,2,4,10,16,-6,8,jordan,0.25,0.5,-6,1.0,1.25,4.0,2.0,6
Al Ahli,8,2,1,5,6,10,-4,7,jordan,0.25,0.38,-4,0.88,0.75,4.0,2.63,7
Moghayer Al S.,8,0,1,7,3,13,-10,1,jordan,0.0,0.12,-10,0.12,0.38,0.0,8.33,8
FC Astana,3,2,1,0,6,2,4,7,kazakhstan,0.67,1.0,4,2.33,2.0,1.49,1.0,1
Tobol,2,1,1,0,3,1,2,4,kazakhstan,0.5,1.0,2,2.0,1.5,2.0,1.0,2
Kairat Almaty,1,1,0,0,4,0,4,3,kazakhstan,1.0,1.0,4,3.0,4.0,1.0,1.0,3
Yelimay Semey,1,1,0,0,2,0,2,3,kazakhstan,1.0,1.0,2,3.0,2.0,1.0,1.0,3
Turan,2,1,0,1,3,2,1,3,kazakhstan,0.5,0.5,1,1.5,1.5,2.0,2.0,3
Aktobe,1,1,0,0,2,1,1,3,kazakhstan,1.0,1.0,1,3.0,2.0,1.0,1.0,3
Okzhetpes,2,1,0,1,2,2,0,3,kazakhstan,0.5,0.5,0,1.5,1.0,2.0,2.0,3
Atyrau,3,1,0,2,3,9,-6,3,kazakhstan,0.33,0.33,-6,1.0,1.0,3.03,3.03,3
Kaisar K.,2,0,2,0,2,2,0,2,kazakhstan,0.0,1.0,0,1.0,1.0,0.0,1.0,4
Ordabasy,2,0,2,0,0,0,0,2,kazakhstan,0.0,1.0,0,1.0,0.0,0.0,1.0,4
Zhetysu,2,0,2,0,0,0,0,2,kazakhstan,0.0,1.0,0,1.0,0.0,0.0,1.0,4
Ulytau,1,0,1,0,1,1,0,1,kazakhstan,0.0,1.0,0,1.0,1.0,0.0,1.0,5
Zhenys,1,0,1,0,0,0,0,1,kazakhstan,0.0,1.0,0,1.0,0.0,0.0,1.0,5
Kyzylzhar,3,0,1,2,3,6,-3,1,kazakhstan,0.0,0.33,-3,0.33,1.0,0.0,3.03,5
Drita,8,8,0,0,19,4,15,24,kosovo,1.0,1.0,15,3.0,2.38,1.0,1.0,1
Malisheva,8,5,2,1,15,8,7,17,kosovo,0.62,0.88,7,2.12,1.88,1.61,1.14,2
Ballkani,8,5,2,1,15,9,6,17,kosovo,0.62,0.88,6,2.12,1.88,1.61,1.14,2
Ferizaj,8,5,2,1,14,8,6,17,kosovo,0.62,0.88,6,2.12,1.75,1.61,1.14,2
Gjilani,8,4,2,2,9,7,2,14,kosovo,0.5,0.75,2,1.75,1.12,2.0,1.33,3
Dukagjini,8,3,4,1,7,5,2,13,kosovo,0.38,0.88,2,1.62,0.88,2.63,1.14,4
Llapi,8,2,5,1,7,5,2,11,kosovo,0.25,0.88,2,1.38,0.88,4.0,1.14,5
Suhareka,8,3,1,4,11,10,1,10,kosovo,0.38,0.5,1,1.25,1.38,2.63,2.0,6
Feronikeli,8,3,1,4,6,12,-6,10,kosovo,0.38,0.5,-6,1.25,0.75,2.63,2.0,6
Prishtina,8,0,7,1,9,10,-1,7,kosovo,0.0,0.88,-1,0.88,1.12,0.0,1.14,7
Al Kuwait,8,8,0,0,27,2,25,24,kuwait,1.0,1.0,25,3.0,3.38,1.0,1.0,1
Al Arabi SC,8,5,3,0,11,5,6,18,kuwait,0.62,1.0,6,2.25,1.38,1.61,1.0,2
Al Qadsia,8,6,0,2,18,13,5,18,kuwait,0.75,0.75,5,2.25,2.25,1.33,1.33,2
Al Fahaheel,8,5,1,2,18,9,9,16,kuwait,0.62,0.75,9,2.0,2.25,1.61,1.33,3
Al Salmiyah,8,4,1,3,15,14,1,13,kuwait,0.5,0.62,1,1.62,1.88,2.0,1.61,4
Al Tadhamon,8,4,1,3,10,14,-4,13,kuwait,0.5,0.62,-4,1.62,1.25,2.0,1.61,4
Kazma,8,3,3,2,10,6,4,12,kuwait,0.38,0.75,4,1.5,1.25,2.63,1.33,5
Khaitan,8,1,4,3,7,11,-4,7,kuwait,0.12,0.62,-4,0.88,0.88,8.33,1.61,6
Al Nasar,8,1,2,5,9,18,-9,5,kuwait,0.12,0.38,-9,0.62,1.12,8.33,2.63,7
Yarmouk,8,0,3,5,6,17,-11,3,kuwait,0.0,0.38,-11,0.38,0.75,0.0,2.63,8
Liepaja,4,2,1,1,10,6,4,7,latvia,0.5,0.75,4,1.75,2.5,2.0,1.33,1
RFS,2,2,0,0,5,1,4,6,latvia,1.0,1.0,4,3.0,2.5,1.0,1.0,2
Daugavpils,3,2,0,1,6,3,3,6,latvia,0.67,0.67,3,2.0,2.0,1.49,1.49,2
Auda,3,2,0,1,4,2,2,6,latvia,0.67,0.67,2,2.0,1.33,1.49,1.49,2
Metta,2,2,0,0,4,2,2,6,latvia,1.0,1.0,2,3.0,2.0,1.0,1.0,2
Tukums,2,1,1,0,4,2,2,4,latvia,0.5,1.0,2,2.0,2.0,2.0,1.0,3
Riga FC,3,1,1,1,5,4,1,4,latvia,0.33,0.67,1,1.33,1.67,3.03,1.49,3
FS Jelgava,2,1,1,0,3,2,1,4,latvia,0.5,1.0,1,2.0,1.5,2.0,1.0,3
Grobina,3,1,1,1,6,7,-1,4,latvia,0.33,0.67,-1,1.33,2.0,3.03,1.49,3
Super Nova,1,1,0,0,4,0,4,3,latvia,1.0,1.0,4,3.0,4.0,1.0,1.0,4
Hegelmann L.,3,3,0,0,5,2,3,9,lithuania,1.0,1.0,3,3.0,1.67,1.0,1.0,1
Suduva,3,3,0,0,3,0,3,9,lithuania,1.0,1.0,3,3.0,1.0,1.0,1.0,1
Riteriai,4,1,2,1,9,8,1,5,lithuania,0.25,0.75,1,1.25,2.25,4.0,1.33,2
Zalgiris,3,1,2,0,3,2,1,5,lithuania,0.33,1.0,1,1.67,1.0,3.03,1.0,2
Panevezys,3,1,1,1,4,4,0,4,lithuania,0.33,0.67,0,1.33,1.33,3.03,1.49,3
Banga,2,1,0,1,3,2,1,3,lithuania,0.5,0.5,1,1.5,1.5,2.0,2.0,4
Siauliai,2,0,1,1,4,5,-1,1,lithuania,0.0,0.5,-1,0.5,2.0,0.0,2.0,5
Kauno Zalgiris,1,0,0,1,1,2,-1,0,lithuania,0.0,0.0,-1,0.0,1.0,0.0,0.0,6
Dziugas Telsiai,1,0,0,1,0,2,-2,0,lithuania,0.0,0.0,-2,0.0,0.0,0.0,0.0,6
Dainava,3,0,0,3,1,6,-5,0,lithuania,0.0,0.0,-5,0.0,0.33,0.0,0.0,6
TransINVEST,3,3,0,0,8,0,8,9,lithuania2,1.0,1.0,8,3.0,2.67,1.0,1.0,1
Tauras,2,2,0,0,9,0,9,6,lithuania2,1.0,1.0,9,3.0,4.5,1.0,1.0,2
Neptuna K.,2,2,0,0,7,1,6,6,lithuania2,1.0,1.0,6,3.0,3.5,1.0,1.0,2
Kauno Z. B,2,2,0,0,2,0,2,6,lithuania2,1.0,1.0,2,3.0,1.0,1.0,1.0,2
BFA Vilnius,1,1,0,0,2,0,2,3,lithuania2,1.0,1.0,2,3.0,2.0,1.0,1.0,3
Panevezys B,2,1,0,1,2,3,-1,3,lithuania2,0.5,0.5,-1,1.5,1.0,2.0,2.0,3
Atmosfera,2,1,0,1,2,4,-2,3,lithuania2,0.5,0.5,-2,1.5,1.0,2.0,2.0,3
Babrungas,2,1,0,1,3,6,-3,3,lithuania2,0.5,0.5,-3,1.5,1.5,2.0,2.0,3
Minija,2,1,0,1,2,5,-3,3,lithuania2,0.5,0.5,-3,1.5,1.0,2.0,2.0,3
Be1 NFA,3,0,2,1,2,3,-1,2,lithuania2,0.0,0.67,-1,0.67,0.67,0.0,1.49,4
Hegelmann B,2,0,1,1,2,3,-1,1,lithuania2,0.0,0.5,-1,0.5,1.0,0.0,2.0,5
Siauliai B,2,0,1,1,1,2,-1,1,lithuania2,0.0,0.5,-1,0.5,0.5,0.0,2.0,5
Nevezis,2,0,1,1,3,5,-2,1,lithuania2,0.0,0.5,-2,0.5,1.5,0.0,2.0,5
Zalgiris B,2,0,1,1,2,4,-2,1,lithuania2,0.0,0.5,-2,0.5,1.0,0.0,2.0,5
Jonava,1,0,0,1,0,1,-1,0,lithuania2,0.0,0.0,-1,0.0,0.0,0.0,0.0,6
Ekranas,2,0,0,2,1,4,-3,0,lithuania2,0.0,0.0,-3,0.0,0.5,0.0,0.0,6
Differdange,8,7,1,0,21,1,20,22,luxembourg,0.88,1.0,20,2.75,2.62,1.14,1.0,1
Hesperange,8,5,2,1,10,3,7,17,luxembourg,0.62,0.88,7,2.12,1.25,1.61,1.14,2
Dudelange,8,5,1,2,19,10,9,16,luxembourg,0.62,0.75,9,2.0,2.38,1.61,1.33,3
Racing,8,5,1,2,14,8,6,16,luxembourg,0.62,0.75,6,2.0,1.75,1.61,1.33,3
Jeunesse Esch,8,5,1,2,20,15,5,16,luxembourg,0.62,0.75,5,2.0,2.5,1.61,1.33,3
Niedercorn,8,4,3,1,11,8,3,15,luxembourg,0.5,0.88,3,1.88,1.38,2.0,1.14,4
UNA Strassen,8,4,1,3,17,8,9,13,luxembourg,0.5,0.62,9,1.62,2.12,2.0,1.61,5
Mondorf,8,3,2,3,11,10,1,11,luxembourg,0.38,0.62,1,1.38,1.38,2.63,1.61,6
Wiltz,8,3,2,3,11,11,0,11,luxembourg,0.38,0.62,0,1.38,1.38,2.63,1.61,6
Hostert,8,3,2,3,13,17,-4,11,luxembourg,0.38,0.62,-4,1.38,1.62,2.63,1.61,6
Petange,8,2,4,2,6,5,1,10,luxembourg,0.25,0.75,1,1.25,0.75,4.0,1.33,7
V. Rosport,8,2,4,2,6,8,-2,10,luxembourg,0.25,0.75,-2,1.25,0.75,4.0,1.33,7
Rodange,8,1,3,4,9,17,-8,6,luxembourg,0.12,0.5,-8,0.75,1.12,8.33,2.0,8
Mondercange,8,1,2,5,5,15,-10,5,luxembourg,0.12,0.38,-10,0.62,0.62,8.33,2.63,9
Fola Esch,8,1,1,6,2,20,-18,4,luxembourg,0.12,0.25,-18,0.5,0.25,8.33,4.0,10
Bettembourg,8,1,0,7,7,20,-13,3,luxembourg,0.12,0.12,-13,0.38,0.88,8.33,8.33,11
Johor Darul,8,8,0,0,30,1,29,24,malaysia,1.0,1.0,29,3.0,3.75,1.0,1.0,1
Selangor,8,6,1,1,14,4,10,19,malaysia,0.75,0.88,10,2.38,1.75,1.33,1.14,2
Kuala Lumpur,8,5,1,2,17,8,9,16,malaysia,0.62,0.75,9,2.0,2.12,1.61,1.33,3
Kuching,8,4,3,1,14,8,6,15,malaysia,0.5,0.88,6,1.88,1.75,2.0,1.14,4
PDRM,8,4,2,2,13,9,4,14,malaysia,0.5,0.75,4,1.75,1.62,2.0,1.33,5
Sabah,8,3,3,2,17,12,5,12,malaysia,0.38,0.75,5,1.5,2.12,2.63,1.33,6
Perak,8,2,3,3,14,14,0,9,malaysia,0.25,0.62,0,1.12,1.75,4.0,1.61,7
Kedah,8,2,3,3,10,15,-5,9,malaysia,0.25,0.62,-5,1.12,1.25,4.0,1.61,7
Terengganu,8,1,4,3,8,10,-2,7,malaysia,0.12,0.62,-2,0.88,1.0,8.33,1.61,8
Pulau Pinang,8,1,4,3,9,15,-6,7,malaysia,0.12,0.62,-6,0.88,1.12,8.33,1.61,8
Negeri Sembilan,8,2,0,6,7,18,-11,6,malaysia,0.25,0.25,-11,0.75,0.88,4.0,4.0,9
Pahang,8,1,2,5,11,19,-8,5,malaysia,0.12,0.38,-8,0.62,1.38,8.33,2.63,10
Kelantan United,8,0,1,7,5,29,-24,1,malaysia,0.0,0.12,-24,0.12,0.62,0.0,8.33,11
Mosta,8,6,1,1,13,6,7,19,malta,0.75,0.88,7,2.38,1.62,1.33,1.14,1
Floriana,8,4,3,1,11,6,5,15,malta,0.5,0.88,5,1.88,1.38,2.0,1.14,2
Marsaxlokk,8,3,4,1,13,14,-1,13,malta,0.38,0.88,-1,1.62,1.62,2.63,1.14,3
Birkirkara,8,3,3,2,13,9,4,12,malta,0.38,0.75,4,1.5,1.62,2.63,1.33,4
Sliema,8,3,1,4,13,10,3,10,malta,0.38,0.5,3,1.25,1.62,2.63,2.0,5
Hibernians,8,3,1,4,9,14,-5,10,malta,0.38,0.5,-5,1.25,1.12,2.63,2.0,5
Zabbar,8,3,0,5,10,12,-2,9,malta,0.38,0.38,-2,1.12,1.25,2.63,2.63,6
Naxxar Lions,8,2,3,3,5,12,-7,9,malta,0.25,0.62,-7,1.12,0.62,4.0,1.61,6
Balzan,8,2,2,4,9,13,-4,8,malta,0.25,0.5,-4,1.0,1.12,4.0,2.0,7
Gzira Utd,8,2,2,4,6,13,-7,8,malta,0.25,0.5,-7,1.0,0.75,4.0,2.0,7
Hamrun Spartans,8,2,1,5,9,9,0,7,malta,0.25,0.38,0,0.88,1.12,4.0,2.63,8
Melita,8,2,1,5,11,19,-8,7,malta,0.25,0.38,-8,0.88,1.38,4.0,2.63,8
A. San Luis,8,7,1,0,18,5,13,22,mexico,0.88,1.0,13,2.75,2.25,1.14,1.0,1
Toluca,8,6,2,0,25,5,20,20,mexico,0.75,1.0,20,2.5,3.12,1.33,1.0,2
Cruz Azul,8,6,2,0,19,3,16,20,mexico,0.75,1.0,16,2.5,2.38,1.33,1.0,2
Tigres,8,6,2,0,11,5,6,20,mexico,0.75,1.0,6,2.5,1.38,1.33,1.0,2
CF America,8,6,0,2,14,5,9,18,mexico,0.75,0.75,9,2.25,1.75,1.33,1.33,3
Pumas UNAM,8,6,0,2,14,6,8,18,mexico,0.75,0.75,8,2.25,1.75,1.33,1.33,3
Monterrey,8,5,2,1,16,8,8,17,mexico,0.62,0.88,8,2.12,2.0,1.61,1.14,4
Tijuana,8,5,2,1,14,11,3,17,mexico,0.62,0.88,3,2.12,1.75,1.61,1.14,4
Guadalajara,8,4,2,2,15,7,8,14,mexico,0.5,0.75,8,1.75,1.88,2.0,1.33,5
Atlas,8,3,4,1,8,5,3,13,mexico,0.38,0.88,3,1.62,1.0,2.63,1.14,6
Club Leon,8,2,5,1,9,5,4,11,mexico,0.25,0.88,4,1.38,1.12,4.0,1.14,7
Mazatlan,8,2,4,2,10,11,-1,10,mexico,0.25,0.75,-1,1.25,1.25,4.0,1.33,8
Necaxa,8,2,3,3,9,8,1,9,mexico,0.25,0.62,1,1.12,1.12,4.0,1.61,9
Pachuca,8,2,2,4,13,13,0,8,mexico,0.25,0.5,0,1.0,1.62,4.0,2.0,10
Santos Laguna,8,2,2,4,6,12,-6,8,mexico,0.25,0.5,-6,1.0,0.75,4.0,2.0,10
Puebla,8,2,1,5,12,15,-3,7,mexico,0.25,0.38,-3,0.88,1.5,4.0,2.63,11
Queretaro,8,2,1,5,6,11,-5,7,mexico,0.25,0.38,-5,0.88,0.75,4.0,2.63,11
Juarez,8,1,2,5,10,15,-5,5,mexico,0.12,0.38,-5,0.62,1.25,8.33,2.63,12
Toluca,7,6,1,0,19,7,12,19,mexico2,0.86,1.0,12,2.71,2.71,1.16,1.0,1
Tigres,7,6,0,1,14,4,10,18,mexico2,0.86,0.86,10,2.57,2.0,1.16,1.16,2
Pachuca,8,5,2,1,13,7,6,17,mexico2,0.62,0.88,6,2.12,1.62,1.61,1.14,3
Cruz Azul,7,4,3,0,12,6,6,15,mexico2,0.57,1.0,6,2.14,1.71,1.75,1.0,4
Necaxa,7,5,0,2,15,11,4,15,mexico2,0.71,0.71,4,2.14,2.14,1.41,1.41,4
CF America,7,4,2,1,17,5,12,14,mexico2,0.57,0.86,12,2.0,2.43,1.75,1.16,5
Juarez,7,4,2,1,9,8,1,14,mexico2,0.57,0.86,1,2.0,1.29,1.75,1.16,5
Monterrey,7,4,1,2,15,10,5,13,mexico2,0.57,0.71,5,1.86,2.14,1.75,1.41,6
Club Leon,6,4,1,1,10,7,3,13,mexico2,0.67,0.83,3,2.17,1.67,1.49,1.2,6
Queretaro,8,4,1,3,10,9,1,13,mexico2,0.5,0.62,1,1.62,1.25,2.0,1.61,6
Mazatlan,7,3,3,1,10,8,2,12,mexico2,0.43,0.86,2,1.71,1.43,2.33,1.16,7
Guadalajara,7,3,3,1,7,5,2,12,mexico2,0.43,0.86,2,1.71,1.0,2.33,1.16,7
A. San Luis,7,3,0,4,10,13,-3,9,mexico2,0.43,0.43,-3,1.29,1.43,2.33,2.33,8
Pumas UNAM,7,2,2,3,5,8,-3,8,mexico2,0.29,0.57,-3,1.14,0.71,3.45,1.75,9
Atlas,7,2,2,3,12,16,-4,8,mexico2,0.29,0.57,-4,1.14,1.71,3.45,1.75,9
Tijuana,7,2,0,5,15,18,-3,6,mexico2,0.29,0.29,-3,0.86,2.14,3.45,3.45,10
Santos Laguna,6,2,0,4,7,11,-4,6,mexico2,0.33,0.33,-4,1.0,1.17,3.03,3.03,10
Puebla,7,1,1,5,5,11,-6,4,mexico2,0.14,0.29,-6,0.57,0.71,7.14,3.45,11
Buducnost,8,6,1,1,22,8,14,19,montenegro,0.75,0.88,14,2.38,2.75,1.33,1.14,1
Petrovac,8,4,3,1,13,11,2,15,montenegro,0.5,0.88,2,1.88,1.62,2.0,1.14,2
Mornar Bar,8,3,4,1,9,7,2,13,montenegro,0.38,0.88,2,1.62,1.12,2.63,1.14,3
Decic,8,3,3,2,9,4,5,12,montenegro,0.38,0.75,5,1.5,1.12,2.63,1.33,4
Sutjeska,8,3,3,2,9,8,1,12,montenegro,0.38,0.75,1,1.5,1.12,2.63,1.33,4
Otrant,8,4,0,4,11,11,0,12,montenegro,0.5,0.5,0,1.5,1.38,2.0,2.0,4
Jezero,8,3,2,3,11,10,1,11,montenegro,0.38,0.62,1,1.38,1.38,2.63,1.61,5
Jedinstvo,8,3,2,3,9,9,0,11,montenegro,0.38,0.62,0,1.38,1.12,2.63,1.61,5
Arsenal Tivat,8,3,1,4,10,11,-1,10,montenegro,0.38,0.5,-1,1.25,1.25,2.63,2.0,6
Bokelj,8,3,0,5,7,13,-6,9,montenegro,0.38,0.38,-6,1.12,0.88,2.63,2.63,7
FUS Rabat,8,6,1,1,21,9,12,19,morocco,0.75,0.88,12,2.38,2.62,1.33,1.14,1
Berkane,8,5,3,0,13,3,10,18,morocco,0.62,1.0,10,2.25,1.62,1.61,1.0,2
FAR Rabat,8,5,3,0,14,7,7,18,morocco,0.62,1.0,7,2.25,1.75,1.61,1.0,2
Olympic Safi,8,4,4,0,8,3,5,16,morocco,0.5,1.0,5,2.0,1.0,2.0,1.0,3
Meknes,8,4,3,1,10,5,5,15,morocco,0.5,0.88,5,1.88,1.25,2.0,1.14,4
Wydad,8,4,3,1,13,9,4,15,morocco,0.5,0.88,4,1.88,1.62,2.0,1.14,4
Ittihad Tanger,8,4,3,1,11,8,3,15,morocco,0.5,0.88,3,1.88,1.38,2.0,1.14,4
Raja Casablanca,8,3,5,0,11,5,6,14,morocco,0.38,1.0,6,1.75,1.38,2.63,1.0,5
R. Zemamra,8,4,2,2,11,6,5,14,morocco,0.5,0.75,5,1.75,1.38,2.0,1.33,5
Union Touarga,8,4,2,2,12,10,2,14,morocco,0.5,0.75,2,1.75,1.5,2.0,1.33,5
Difaa El Jadida,8,4,2,2,9,8,1,14,morocco,0.5,0.75,1,1.75,1.12,2.0,1.33,5
Hassania Agadir,8,3,3,2,13,10,3,12,morocco,0.38,0.75,3,1.5,1.62,2.63,1.33,6
Maghreb de Fes,8,3,2,3,6,7,-1,11,morocco,0.38,0.62,-1,1.38,0.75,2.63,1.61,7
JS Sousalem,8,2,2,4,6,12,-6,8,morocco,0.25,0.5,-6,1.0,0.75,4.0,2.0,8
Moghreb Tetouan,8,1,2,5,7,12,-5,5,morocco,0.12,0.38,-5,0.62,0.88,8.33,2.63,9
C. Mohammedia,8,0,0,8,2,23,-21,0,morocco,0.0,0.0,-21,0.0,0.25,0.0,0.0,10
Shan Utd,8,8,0,0,23,1,22,24,myanmar,1.0,1.0,22,3.0,2.88,1.0,1.0,1
Yangon Utd,8,5,2,1,16,7,9,17,myanmar,0.62,0.88,9,2.12,2.0,1.61,1.14,2
Sagaing Utd,8,5,1,2,20,13,7,16,myanmar,0.62,0.75,7,2.0,2.5,1.61,1.33,3
Hantharwady,8,4,2,2,13,12,1,14,myanmar,0.5,0.75,1,1.75,1.62,2.0,1.33,4
Yadanarbon,8,3,3,2,16,14,2,12,myanmar,0.38,0.75,2,1.5,2.0,2.63,1.33,5
Dagon,8,3,3,2,7,7,0,12,myanmar,0.38,0.75,0,1.5,0.88,2.63,1.33,5
Ispe FC,8,3,2,3,12,15,-3,11,myanmar,0.38,0.62,-3,1.38,1.5,2.63,1.61,6
Thitsar Arman,8,2,2,4,14,19,-5,8,myanmar,0.25,0.5,-5,1.0,1.75,4.0,2.0,7
Rakhine Utd,8,1,3,4,7,21,-14,6,myanmar,0.12,0.5,-14,0.75,0.88,8.33,2.0,8
Myawady,8,1,1,6,12,22,-10,4,myanmar,0.12,0.25,-10,0.5,1.5,8.33,4.0,9
Dagon Port,8,1,1,6,9,21,-12,4,myanmar,0.12,0.25,-12,0.5,1.12,8.33,4.0,9
Ayeyawady,8,1,0,7,5,14,-9,3,myanmar,0.12,0.12,-9,0.38,0.62,8.33,8.33,10
Ajax Amsterdam,8,6,2,0,20,7,13,20,netherlands,0.75,1.0,13,2.5,2.5,1.33,1.0,1
Go Ahead Eagles,8,6,2,0,18,8,10,20,netherlands,0.75,1.0,10,2.5,2.25,1.33,1.0,1
FC Twente,8,6,1,1,19,11,8,19,netherlands,0.75,0.88,8,2.38,2.38,1.33,1.14,2
Feyenoord,8,5,2,1,19,9,10,17,netherlands,0.62,0.88,10,2.12,2.38,1.61,1.14,3
AZ Alkmaar,8,5,1,2,10,6,4,16,netherlands,0.62,0.75,4,2.0,1.25,1.61,1.33,4
PSV Eindhoven,8,4,3,1,19,11,8,15,netherlands,0.5,0.88,8,1.88,2.38,2.0,1.14,5
FC Groningen,8,4,3,1,8,5,3,15,netherlands,0.5,0.88,3,1.88,1.0,2.0,1.14,5
Heracles Almelo,8,3,5,0,17,12,5,14,netherlands,0.38,1.0,5,1.75,2.12,2.63,1.0,6
Heerenveen,8,3,4,1,14,11,3,13,netherlands,0.38,0.88,3,1.62,1.75,2.63,1.14,7
PEC Zwolle,8,3,2,3,10,8,2,11,netherlands,0.38,0.62,2,1.38,1.25,2.63,1.61,8
Sparta,8,3,2,3,10,8,2,11,netherlands,0.38,0.62,2,1.38,1.25,2.63,1.61,8
NAC Breda,8,2,4,2,9,10,-1,10,netherlands,0.25,0.75,-1,1.25,1.12,4.0,1.33,9
Fortuna Sittard,8,3,0,5,9,16,-7,9,netherlands,0.38,0.38,-7,1.12,1.12,2.63,2.63,10
RKC Waalwijk,8,2,2,4,11,12,-1,8,netherlands,0.25,0.5,-1,1.0,1.38,4.0,2.0,11
FC Utrecht,8,2,2,4,10,15,-5,8,netherlands,0.25,0.5,-5,1.0,1.25,4.0,2.0,11
NEC Nijmegen,8,1,4,3,17,17,0,7,netherlands,0.12,0.62,0,0.88,2.12,8.33,1.61,12
Willem II,8,1,2,5,11,16,-5,5,netherlands,0.12,0.38,-5,0.62,1.38,8.33,2.63,13
Almere City,8,1,2,5,9,17,-8,5,netherlands,0.12,0.38,-8,0.62,1.12,8.33,2.63,13
Telstar,8,7,0,1,23,4,19,21,netherlands2,0.88,0.88,19,2.62,2.88,1.14,1.14,1
FC Volendam,8,7,0,1,24,6,18,21,netherlands2,0.88,0.88,18,2.62,3.0,1.14,1.14,1
ADO Den Haag,8,7,0,1,13,7,6,21,netherlands2,0.88,0.88,6,2.62,1.62,1.14,1.14,1
Cambuur,8,6,1,1,15,7,8,19,netherlands2,0.75,0.88,8,2.38,1.88,1.33,1.14,2
FC Dordrecht,8,5,3,0,20,8,12,18,netherlands2,0.62,1.0,12,2.25,2.5,1.61,1.0,3
De Graafschap,8,5,1,2,15,6,9,16,netherlands2,0.62,0.75,9,2.0,1.88,1.61,1.33,4
Excelsior,8,4,3,1,11,6,5,15,netherlands2,0.5,0.88,5,1.88,1.38,2.0,1.14,5
FC Den Bosch,8,4,2,2,12,7,5,14,netherlands2,0.5,0.75,5,1.75,1.5,2.0,1.33,6
Jong Ajax,8,4,1,3,13,10,3,13,netherlands2,0.5,0.62,3,1.62,1.62,2.0,1.61,7
Vitesse Arnhem,8,4,1,3,10,11,-1,13,netherlands2,0.5,0.62,-1,1.62,1.25,2.0,1.61,7
Jong AZ,8,3,3,2,18,12,6,12,netherlands2,0.38,0.75,6,1.5,2.25,2.63,1.33,8
MVV Maastricht,8,4,0,4,18,12,6,12,netherlands2,0.5,0.5,6,1.5,2.25,2.0,2.0,8
Helmond Sport,8,3,3,2,13,7,6,12,netherlands2,0.38,0.75,6,1.5,1.62,2.63,1.33,8
Roda JC,8,3,2,3,12,12,0,11,netherlands2,0.38,0.62,0,1.38,1.5,2.63,1.61,9
FC Emmen,8,3,1,4,12,11,1,10,netherlands2,0.38,0.5,1,1.25,1.5,2.63,2.0,10
VVV,8,2,4,2,6,8,-2,10,netherlands2,0.25,0.75,-2,1.25,0.75,4.0,1.33,10
TOP Oss,8,3,1,4,6,13,-7,10,netherlands2,0.38,0.5,-7,1.25,0.75,2.63,2.0,10
FC Eindhoven,8,2,2,4,16,17,-1,8,netherlands2,0.25,0.5,-1,1.0,2.0,4.0,2.0,11
Jong Utrecht,8,1,4,3,6,11,-5,7,netherlands2,0.12,0.62,-5,0.88,0.75,8.33,1.61,12
Jong PSV,8,1,1,6,16,23,-7,4,netherlands2,0.12,0.25,-7,0.5,2.0,8.33,4.0,13
Diriangen,8,7,0,1,26,5,21,21,nicaragua,0.88,0.88,21,2.62,3.25,1.14,1.14,1
Matagalpa,8,5,3,0,20,8,12,18,nicaragua,0.62,1.0,12,2.25,2.5,1.61,1.0,2
Walter Ferreti,8,4,3,1,12,7,5,15,nicaragua,0.5,0.88,5,1.88,1.5,2.0,1.14,3
Real Esteli,8,3,5,0,15,4,11,14,nicaragua,0.38,1.0,11,1.75,1.88,2.63,1.0,4
Export Sebaco,8,4,2,2,15,7,8,14,nicaragua,0.5,0.75,8,1.75,1.88,2.0,1.33,4
Jalapa,8,3,3,2,8,5,3,12,nicaragua,0.38,0.75,3,1.5,1.0,2.63,1.33,5
Managua FC,8,4,0,4,13,11,2,12,nicaragua,0.5,0.5,2,1.5,1.62,2.0,2.0,5
UNAN Managua,8,3,3,2,9,12,-3,12,nicaragua,0.38,0.75,-3,1.5,1.12,2.63,1.33,5
D. Ocotal,8,3,0,5,9,14,-5,9,nicaragua,0.38,0.38,-5,1.12,1.12,2.63,2.63,6
Rancho Santana,8,2,2,4,9,17,-8,8,nicaragua,0.25,0.5,-8,1.0,1.12,4.0,2.0,7
Managua FC,8,7,1,0,15,2,13,22,nicaragua2,0.88,1.0,13,2.75,1.88,1.14,1.0,1
Real Esteli,6,4,1,1,14,3,11,13,nicaragua2,0.67,0.83,11,2.17,2.33,1.49,1.2,2
Diriangen,7,4,0,3,15,11,4,12,nicaragua2,0.57,0.57,4,1.71,2.14,1.75,1.75,3
Rancho Santana,7,3,2,2,11,9,2,11,nicaragua2,0.43,0.71,2,1.57,1.57,2.33,1.41,4
D. Ocotal,8,3,2,3,11,10,1,11,nicaragua2,0.38,0.62,1,1.38,1.38,2.63,1.61,4
Matagalpa,8,3,2,3,17,17,0,11,nicaragua2,0.38,0.62,0,1.38,2.12,2.63,1.61,4
CS Sebaco,7,3,2,2,8,8,0,11,nicaragua2,0.43,0.71,0,1.57,1.14,2.33,1.41,4
Walter Ferreti,6,3,1,2,11,5,6,10,nicaragua2,0.5,0.67,6,1.67,1.83,2.0,1.49,5
UNAN Managua,5,3,1,1,6,5,1,10,nicaragua2,0.6,0.8,1,2.0,1.2,1.67,1.25,5
Jalapa,7,2,3,2,5,3,2,9,nicaragua2,0.29,0.71,2,1.29,0.71,3.45,1.41,6
Linfield,8,7,0,1,12,4,8,21,northernireland,0.88,0.88,8,2.62,1.5,1.14,1.14,1
Cliftonville,8,5,1,2,17,6,11,16,northernireland,0.62,0.75,11,2.0,2.12,1.61,1.33,2
Portadown,8,5,1,2,9,6,3,16,northernireland,0.62,0.75,3,2.0,1.12,1.61,1.33,2
Glenavon,8,4,1,3,13,9,4,13,northernireland,0.5,0.62,4,1.62,1.62,2.0,1.61,3
Glentoran,8,3,3,2,8,8,0,12,northernireland,0.38,0.75,0,1.5,1.0,2.63,1.33,4
Larne,8,2,4,2,7,6,1,10,northernireland,0.25,0.75,1,1.25,0.88,4.0,1.33,5
Crusaders,8,3,1,4,12,17,-5,10,northernireland,0.38,0.5,-5,1.25,1.5,2.63,2.0,5
Coleraine,8,2,3,3,9,10,-1,9,northernireland,0.25,0.62,-1,1.12,1.12,4.0,1.61,6
Carrick Rangers,8,1,5,2,2,3,-1,8,northernireland,0.12,0.75,-1,1.0,0.25,8.33,1.33,7
Ballymena Utd,8,2,2,4,8,10,-2,8,northernireland,0.25,0.5,-2,1.0,1.0,4.0,2.0,7
Dungannon,8,2,1,5,8,14,-6,7,northernireland,0.25,0.38,-6,0.88,1.0,4.0,2.63,8
Loughgall,8,1,0,7,7,17,-10,3,northernireland,0.12,0.12,-10,0.38,0.88,8.33,8.33,9
HW Welders,8,6,0,2,19,4,15,18,northernireland2,0.75,0.75,15,2.25,2.38,1.33,1.33,1
Bangor,8,5,2,1,19,9,10,17,northernireland2,0.62,0.88,10,2.12,2.38,1.61,1.14,2
Ballinamallard,8,5,2,1,15,7,8,17,northernireland2,0.62,0.88,8,2.12,1.88,1.61,1.14,2
Annagh Utd,8,5,1,2,18,10,8,16,northernireland2,0.62,0.75,8,2.0,2.25,1.61,1.33,3
Limavady,8,4,3,1,13,6,7,15,northernireland2,0.5,0.88,7,1.88,1.62,2.0,1.14,4
Newry City,8,3,3,2,11,8,3,12,northernireland2,0.38,0.75,3,1.5,1.38,2.63,1.33,5
Ards,8,3,2,3,13,13,0,11,northernireland2,0.38,0.62,0,1.38,1.62,2.63,1.61,6
Newington,8,3,1,4,10,11,-1,10,northernireland2,0.38,0.5,-1,1.25,1.25,2.63,2.0,7
Institute,8,1,5,2,11,15,-4,8,northernireland2,0.12,0.75,-4,1.0,1.38,8.33,1.33,8
Dundela,8,2,1,5,12,17,-5,7,northernireland2,0.25,0.38,-5,0.88,1.5,4.0,2.63,9
Ballyclare,8,1,4,3,10,17,-7,7,northernireland2,0.12,0.62,-7,0.88,1.25,8.33,1.61,9
Armagh City,8,1,3,4,12,22,-10,6,northernireland2,0.12,0.5,-10,0.75,1.5,8.33,2.0,10
Shkendija,8,7,1,0,16,7,9,22,northmacedonia,0.88,1.0,9,2.75,2.0,1.14,1.0,1
Struga,8,6,1,1,12,4,8,19,northmacedonia,0.75,0.88,8,2.38,1.5,1.33,1.14,2
Rabotnicki,8,6,1,1,11,3,8,19,northmacedonia,0.75,0.88,8,2.38,1.38,1.33,1.14,2
Sileks,8,4,4,0,13,6,7,16,northmacedonia,0.5,1.0,7,2.0,1.62,2.0,1.0,3
Gostivar,8,3,4,1,8,4,4,13,northmacedonia,0.38,0.88,4,1.62,1.0,2.63,1.14,4
Voska Sport,8,3,3,2,10,6,4,12,northmacedonia,0.38,0.75,4,1.5,1.25,2.63,1.33,5
Pelister,8,3,3,2,4,4,0,12,northmacedonia,0.38,0.75,0,1.5,0.5,2.63,1.33,5
Shkupi,8,3,1,4,10,9,1,10,northmacedonia,0.38,0.5,1,1.25,1.25,2.63,2.0,6
Tikves,8,3,1,4,6,7,-1,10,northmacedonia,0.38,0.5,-1,1.25,0.75,2.63,2.0,6
Besa,8,3,1,4,8,13,-5,10,northmacedonia,0.38,0.5,-5,1.25,1.0,2.63,2.0,6
Vardar,8,1,4,3,6,9,-3,7,northmacedonia,0.12,0.62,-3,0.88,0.75,8.33,1.61,7
Brera Strumica,8,0,2,6,4,13,-9,2,northmacedonia,0.0,0.25,-9,0.25,0.5,0.0,4.0,8
Bodo.Glimt,1,1,0,0,3,0,3,3,norway,1.0,1.0,3,3.0,3.0,1.0,1.0,1
Fredrikstad,1,1,0,0,3,0,3,3,norway,1.0,1.0,3,3.0,3.0,1.0,1.0,1
Sandefjord,1,1,0,0,3,0,3,3,norway,1.0,1.0,3,3.0,3.0,1.0,1.0,1
Brann,1,1,0,0,3,1,2,3,norway,1.0,1.0,2,3.0,3.0,1.0,1.0,1
KFUM Oslo,1,1,0,0,3,1,2,3,norway,1.0,1.0,2,3.0,3.0,1.0,1.0,1
Valerenga,1,1,0,0,3,1,2,3,norway,1.0,1.0,2,3.0,3.0,1.0,1.0,1
Viking,1,1,0,0,3,1,2,3,norway,1.0,1.0,2,3.0,3.0,1.0,1.0,1
HamKam,1,1,0,0,2,1,1,3,norway,1.0,1.0,1,3.0,2.0,1.0,1.0,1
Kristiansund,1,1,0,0,2,1,1,3,norway,1.0,1.0,1,3.0,2.0,1.0,1.0,1
Rosenborg,1,1,0,0,1,0,1,3,norway,1.0,1.0,1,3.0,1.0,1.0,1.0,1
Tromso,1,1,0,0,1,0,1,3,norway,1.0,1.0,1,3.0,1.0,1.0,1.0,1
Sarpsborg 08,1,0,1,0,1,1,0,1,norway,0.0,1.0,0,1.0,1.0,0.0,1.0,2
Stromsgodset,1,0,0,1,1,2,-1,0,norway,0.0,0.0,-1,0.0,1.0,0.0,0.0,3
Bryne,1,0,0,1,0,1,-1,0,norway,0.0,0.0,-1,0.0,0.0,0.0,0.0,3
Molde,1,0,0,1,0,2,-2,0,norway,0.0,0.0,-2,0.0,0.0,0.0,0.0,3
Haugesund,1,0,0,1,0,5,-5,0,norway,0.0,0.0,-5,0.0,0.0,0.0,0.0,3
Moss,1,1,0,0,2,0,2,3,norway2,1.0,1.0,2,3.0,2.0,1.0,1.0,1
Egersund,1,1,0,0,3,2,1,3,norway2,1.0,1.0,1,3.0,3.0,1.0,1.0,1
Raufoss,1,1,0,0,3,2,1,3,norway2,1.0,1.0,1,3.0,3.0,1.0,1.0,1
Odd,1,1,0,0,2,1,1,3,norway2,1.0,1.0,1,3.0,2.0,1.0,1.0,1
Start,1,1,0,0,2,1,1,3,norway2,1.0,1.0,1,3.0,2.0,1.0,1.0,1
Lillestrom,1,1,0,0,1,0,1,3,norway2,1.0,1.0,1,3.0,1.0,1.0,1.0,1
Aalesund,1,0,1,0,2,2,0,1,norway2,0.0,1.0,0,1.0,2.0,0.0,1.0,2
Kongsvinger,1,0,1,0,1,1,0,1,norway2,0.0,1.0,0,1.0,1.0,0.0,1.0,2
Mjondalen,1,0,1,0,1,1,0,1,norway2,0.0,1.0,0,1.0,1.0,0.0,1.0,2
Stabaek,1,0,1,0,1,1,0,1,norway2,0.0,1.0,0,1.0,1.0,0.0,1.0,2
Sogndal,1,0,0,1,3,4,-1,0,norway2,0.0,0.0,-1,0.0,3.0,0.0,0.0,3
Lyn,1,0,0,1,0,1,-1,0,norway2,0.0,0.0,-1,0.0,0.0,0.0,0.0,3
Skeid,1,0,0,1,1,3,-2,0,norway2,0.0,0.0,-2,0.0,1.0,0.0,0.0,3
Asane,1,0,0,1,0,2,-2,0,norway2,0.0,0.0,-2,0.0,0.0,0.0,0.0,3
Hodd,1,0,0,1,0,2,-2,0,norway2,0.0,0.0,-2,0.0,0.0,0.0,0.0,3
Ranheim,1,0,0,1,0,3,-3,0,norway2,0.0,0.0,-3,0.0,0.0,0.0,0.0,3
Sotra,1,1,0,0,6,1,5,3,norway3,1.0,1.0,5,3.0,6.0,1.0,1.0,1
Sandnes Ulf,1,1,0,0,3,1,2,3,norway3,1.0,1.0,2,3.0,3.0,1.0,1.0,1
Brann B,1,1,0,0,4,3,1,3,norway3,1.0,1.0,1,3.0,4.0,1.0,1.0,1
Brattvag,1,1,0,0,2,1,1,3,norway3,1.0,1.0,1,3.0,2.0,1.0,1.0,1
Notodden,1,1,0,0,2,1,1,3,norway3,1.0,1.0,1,3.0,2.0,1.0,1.0,1
Sandviken,1,1,0,0,2,1,1,3,norway3,1.0,1.0,1,3.0,2.0,1.0,1.0,1
Arendal,1,0,1,0,3,3,0,1,norway3,0.0,1.0,0,1.0,3.0,0.0,1.0,2
Eik Tonsberg,1,0,1,0,1,1,0,1,norway3,0.0,1.0,0,1.0,1.0,0.0,1.0,2
Flekkeroy,1,0,1,0,1,1,0,1,norway3,0.0,1.0,0,1.0,1.0,0.0,1.0,2
Jerv,1,0,1,0,1,1,0,1,norway3,0.0,1.0,0,1.0,1.0,0.0,1.0,2
Pors Grenland,1,0,1,0,1,1,0,1,norway3,0.0,1.0,0,1.0,1.0,0.0,1.0,2
Lysekloster,1,0,1,0,0,0,0,1,norway3,0.0,1.0,0,1.0,0.0,0.0,1.0,2
Traef,1,0,0,1,3,4,-1,0,norway3,0.0,0.0,-1,0.0,3.0,0.0,0.0,3
V. Haugesund,1,0,0,1,1,2,-1,0,norway3,0.0,0.0,-1,0.0,1.0,0.0,0.0,3
Strommen,1,1,0,0,4,1,3,3,norway4,1.0,1.0,3,3.0,4.0,1.0,1.0,1
Rana,1,1,0,0,2,0,2,3,norway4,1.0,1.0,2,3.0,2.0,1.0,1.0,1
Alta,1,1,0,0,4,3,1,3,norway4,1.0,1.0,1,3.0,4.0,1.0,1.0,1
Follo,1,1,0,0,2,1,1,3,norway4,1.0,1.0,1,3.0,2.0,1.0,1.0,1
Asker,1,0,1,0,2,2,0,1,norway4,0.0,1.0,0,1.0,2.0,0.0,1.0,2
Tromsdalen,1,0,1,0,1,1,0,1,norway4,0.0,1.0,0,1.0,1.0,0.0,1.0,2
Ull/Kisa,1,0,0,1,2,3,-1,0,norway4,0.0,0.0,-1,0.0,2.0,0.0,0.0,3
Eidsvold,1,0,0,1,1,2,-1,0,norway4,0.0,0.0,-1,0.0,1.0,0.0,0.0,3
Kjelsas,1,0,0,1,1,2,-1,0,norway4,0.0,0.0,-1,0.0,1.0,0.0,0.0,3
Levanger,1,0,0,1,1,2,-1,0,norway4,0.0,0.0,-1,0.0,1.0,0.0,0.0,3
Strindheim,1,0,0,1,1,2,-1,0,norway4,0.0,0.0,-1,0.0,1.0,0.0,0.0,3
Honefoss,1,0,0,1,0,1,-1,0,norway4,0.0,0.0,-1,0.0,0.0,0.0,0.0,3
Grorud,1,0,0,1,0,3,-3,0,norway4,0.0,0.0,-3,0.0,0.0,0.0,0.0,3
Stjordals-Blink,1,0,0,1,0,3,-3,0,norway4,0.0,0.0,-3,0.0,0.0,0.0,0.0,3
Junkeren,1,1,0,0,4,2,2,3,norway5,1.0,1.0,2,3.0,4.0,1.0,1.0,1
Floya,1,1,0,0,2,0,2,3,norway5,1.0,1.0,2,3.0,2.0,1.0,1.0,1
Ulfstind,1,1,0,0,1,0,1,3,norway5,1.0,1.0,1,3.0,1.0,1.0,1.0,1
Funnefoss/V,1,0,1,0,3,3,0,1,norway5,0.0,1.0,0,1.0,3.0,0.0,1.0,2
Gamle Oslo,1,0,1,0,2,2,0,1,norway5,0.0,1.0,0,1.0,2.0,0.0,1.0,2
Sortland,1,0,1,0,2,2,0,1,norway5,0.0,1.0,0,1.0,2.0,0.0,1.0,2
Frigg,0,0,0,0,0,0,0,0,norway5,0.0,0.0,0,0.0,0.0,0.0,0.0,3
Baerum,1,0,0,1,1,2,-1,0,norway5,0.0,0.0,-1,0.0,1.0,0.0,0.0,3
Ullern,1,0,0,1,1,2,-1,0,norway5,0.0,0.0,-1,0.0,1.0,0.0,0.0,3
KFUM B,1,0,0,1,3,5,-2,0,norway5,0.0,0.0,-2,0.0,3.0,0.0,0.0,3
Tromso B,1,0,0,1,2,5,-3,0,norway5,0.0,0.0,-3,0.0,2.0,0.0,0.0,3
Skjervoy,1,0,0,1,1,4,-3,0,norway5,0.0,0.0,-3,0.0,1.0,0.0,0.0,3
Alta B,1,0,0,1,0,4,-4,0,norway5,0.0,0.0,-4,0.0,0.0,0.0,0.0,3
Harstad,1,0,0,1,0,5,-5,0,norway5,0.0,0.0,-5,0.0,0.0,0.0,0.0,3
Spjelkavik,1,1,0,0,7,1,6,3,norway6,1.0,1.0,6,3.0,7.0,1.0,1.0,1
Trygg/Lade,1,1,0,0,4,0,4,3,norway6,1.0,1.0,4,3.0,4.0,1.0,1.0,1
Aalesund B,1,1,0,0,5,2,3,3,norway6,1.0,1.0,3,3.0,5.0,1.0,1.0,1
Byasen,1,1,0,0,3,0,3,3,norway6,1.0,1.0,3,3.0,3.0,1.0,1.0,1
Nardo,1,1,0,0,4,2,2,3,norway6,1.0,1.0,2,3.0,4.0,1.0,1.0,1
Melhus,1,1,0,0,1,0,1,3,norway6,1.0,1.0,1,3.0,1.0,1.0,1.0,1
Rosenborg B,1,1,0,0,1,0,1,3,norway6,1.0,1.0,1,3.0,1.0,1.0,1.0,1
Kristiansund B,1,0,1,0,1,1,0,1,norway6,0.0,1.0,0,1.0,1.0,0.0,1.0,2
Volda,1,0,1,0,1,1,0,1,norway6,0.0,1.0,0,1.0,1.0,0.0,1.0,2
Tiller,1,0,1,0,0,0,0,1,norway6,0.0,1.0,0,1.0,0.0,0.0,1.0,2
Molde B,1,0,0,1,1,3,-2,0,norway6,0.0,0.0,-2,0.0,1.0,0.0,0.0,3
Kvik Trondheim,1,0,0,1,0,2,-2,0,norway6,0.0,0.0,-2,0.0,0.0,0.0,0.0,3
Ranheim B,1,0,0,1,0,2,-2,0,norway6,0.0,0.0,-2,0.0,0.0,0.0,0.0,3
Surnadal,1,0,0,1,0,7,-7,0,norway6,0.0,0.0,-7,0.0,0.0,0.0,0.0,3
Lillehammer,1,1,0,0,6,1,5,3,norway7,1.0,1.0,5,3.0,6.0,1.0,1.0,1
Elverum,1,1,0,0,5,1,4,3,norway7,1.0,1.0,4,3.0,5.0,1.0,1.0,1
Stromsgodset B,1,1,0,0,3,1,2,3,norway7,1.0,1.0,2,3.0,3.0,1.0,1.0,1
Gjovik-Lyn,1,1,0,0,2,0,2,3,norway7,1.0,1.0,2,3.0,2.0,1.0,1.0,1
Skjetten,1,1,0,0,1,0,1,3,norway7,1.0,1.0,1,3.0,1.0,1.0,1.0,1
Assiden IF,1,0,1,0,2,2,0,1,norway7,0.0,1.0,0,1.0,2.0,0.0,1.0,2
Kongsvinger B,1,0,1,0,2,2,0,1,norway7,0.0,1.0,0,1.0,2.0,0.0,1.0,2
Nordstrand,1,0,1,0,1,1,0,1,norway7,0.0,1.0,0,1.0,1.0,0.0,1.0,2
HamKam B,0,0,0,0,0,0,0,0,norway7,0.0,0.0,0,0.0,0.0,0.0,0.0,3
Lillestrom B,0,0,0,0,0,0,0,0,norway7,0.0,0.0,0,0.0,0.0,0.0,0.0,3
Lorenskog,1,0,0,1,1,2,-1,0,norway7,0.0,0.0,-1,0.0,1.0,0.0,0.0,3
Skedsmo,1,0,0,1,2,6,-4,0,norway7,0.0,0.0,-4,0.0,2.0,0.0,0.0,3
Bjorkelangen,1,0,0,1,0,4,-4,0,norway7,0.0,0.0,-4,0.0,0.0,0.0,0.0,3
Ull/Kisa B,1,0,0,1,0,5,-5,0,norway7,0.0,0.0,-5,0.0,0.0,0.0,0.0,3
Fana,1,1,0,0,8,0,8,3,norway8,1.0,1.0,8,3.0,8.0,1.0,1.0,1
Lyn B,1,1,0,0,7,2,5,3,norway8,1.0,1.0,5,3.0,7.0,1.0,1.0,1
Fyllingsdalen,1,1,0,0,3,1,2,3,norway8,1.0,1.0,2,3.0,3.0,1.0,1.0,1
Sandefjord B,1,1,0,0,4,3,1,3,norway8,1.0,1.0,1,3.0,4.0,1.0,1.0,1
Asane B,1,1,0,0,3,2,1,3,norway8,1.0,1.0,1,3.0,3.0,1.0,1.0,1
Loddefjord,1,1,0,0,3,2,1,3,norway8,1.0,1.0,1,3.0,3.0,1.0,1.0,1
Forde,1,1,0,0,2,1,1,3,norway8,1.0,1.0,1,3.0,2.0,1.0,1.0,1
Gneist,1,0,1,0,1,1,0,1,norway8,0.0,1.0,0,1.0,1.0,0.0,1.0,2
Bjarg,0,0,0,0,0,0,0,0,norway8,0.0,0.0,0,0.0,0.0,0.0,0.0,3
OS,1,0,0,1,2,3,-1,0,norway8,0.0,0.0,-1,0.0,2.0,0.0,0.0,3
Valerenga B,1,0,0,1,1,2,-1,0,norway8,0.0,0.0,-1,0.0,1.0,0.0,0.0,3
Lyngbo,1,0,0,1,0,1,-1,0,norway8,0.0,0.0,-1,0.0,0.0,0.0,0.0,3
Fjora,1,0,0,1,0,2,-2,0,norway8,0.0,0.0,-2,0.0,0.0,0.0,0.0,3
Askoy,1,0,0,1,0,5,-5,0,norway8,0.0,0.0,-5,0.0,0.0,0.0,0.0,3
Torvastad,1,1,0,0,4,0,4,3,norway9,1.0,1.0,4,3.0,4.0,1.0,1.0,1
Hinna,1,1,0,0,5,2,3,3,norway9,1.0,1.0,3,3.0,5.0,1.0,1.0,1
Sandnes Ulf B,1,1,0,0,5,2,3,3,norway9,1.0,1.0,3,3.0,5.0,1.0,1.0,1
Sola,1,1,0,0,4,1,3,3,norway9,1.0,1.0,3,3.0,4.0,1.0,1.0,1
Brodd,1,1,0,0,3,2,1,3,norway9,1.0,1.0,1,3.0,3.0,1.0,1.0,1
Vidar,1,1,0,0,1,0,1,3,norway9,1.0,1.0,1,3.0,1.0,1.0,1.0,1
Staal Jorpeland,1,0,1,0,2,2,0,1,norway9,0.0,1.0,0,1.0,2.0,0.0,1.0,2
Madla,1,0,1,0,1,1,0,1,norway9,0.0,1.0,0,1.0,1.0,0.0,1.0,2
Stord,1,0,1,0,1,1,0,1,norway9,0.0,1.0,0,1.0,1.0,0.0,1.0,2
Vindbjart,1,0,1,0,1,1,0,1,norway9,0.0,1.0,0,1.0,1.0,0.0,1.0,2
Vag,0,0,0,0,0,0,0,0,norway9,0.0,0.0,0,0.0,0.0,0.0,0.0,3
Viking B,0,0,0,0,0,0,0,0,norway9,0.0,0.0,0,0.0,0.0,0.0,0.0,3
Haugesund B,1,0,0,1,1,2,-1,0,norway9,0.0,0.0,-1,0.0,1.0,0.0,0.0,3
Djerv,1,0,0,1,1,3,-2,0,norway9,0.0,0.0,-2,0.0,1.0,0.0,0.0,3
Fram,1,1,0,0,4,0,4,3,norway10,1.0,1.0,4,3.0,4.0,1.0,1.0,1
Flint,1,1,0,0,3,0,3,3,norway10,1.0,1.0,3,3.0,3.0,1.0,1.0,1
Kvik Halden,1,1,0,0,3,2,1,3,norway10,1.0,1.0,1,3.0,3.0,1.0,1.0,1
Stabaek B,1,1,0,0,3,2,1,3,norway10,1.0,1.0,1,3.0,3.0,1.0,1.0,1
Fredrikstad B,1,1,0,0,2,1,1,3,norway10,1.0,1.0,1,3.0,2.0,1.0,1.0,1
Grei,1,1,0,0,2,1,1,3,norway10,1.0,1.0,1,3.0,2.0,1.0,1.0,1
Lokomotiv Oslo,1,1,0,0,2,1,1,3,norway10,1.0,1.0,1,3.0,2.0,1.0,1.0,1
Oppsal,1,1,0,0,2,1,1,3,norway10,1.0,1.0,1,3.0,2.0,1.0,1.0,1
Pors Grenland B,1,1,0,0,2,1,1,3,norway10,1.0,1.0,1,3.0,2.0,1.0,1.0,1
Drobak-Frogn,1,0,1,0,1,1,0,1,norway10,0.0,1.0,0,1.0,1.0,0.0,1.0,2
IF Ready,0,0,0,0,0,0,0,0,norway10,0.0,0.0,0,0.0,0.0,0.0,0.0,3
Sarpsborg 08 B,0,0,0,0,0,0,0,0,norway10,0.0,0.0,0,0.0,0.0,0.0,0.0,3
Odd B,1,0,0,1,1,2,-1,0,norway10,0.0,0.0,-1,0.0,1.0,0.0,0.0,3
Orn Horten,1,0,0,1,0,3,-3,0,norway10,0.0,0.0,-3,0.0,0.0,0.0,0.0,3
Universitario,7,4,3,0,11,4,7,15,panama,0.57,1.0,7,2.14,1.57,1.75,1.0,1
Independiente,6,3,3,0,8,2,6,12,panama,0.5,1.0,6,2.0,1.33,2.0,1.0,2
Plaza Amador,6,3,2,1,12,8,4,11,panama,0.5,0.83,4,1.83,2.0,2.0,1.2,3
Veraguas,7,3,1,3,7,8,-1,10,panama,0.43,0.57,-1,1.43,1.0,2.33,1.75,4
Tauro,6,2,2,2,11,7,4,8,panama,0.33,0.67,4,1.33,1.83,3.03,1.49,5
San Miguelito,5,2,2,1,5,3,2,8,panama,0.4,0.8,2,1.6,1.0,2.5,1.25,5
UMECIT,5,2,2,1,4,3,1,8,panama,0.4,0.8,1,1.6,0.8,2.5,1.25,5
Arabe Unido,6,2,2,2,6,7,-1,8,panama,0.33,0.67,-1,1.33,1.0,3.03,1.49,5
Herrera,7,2,2,3,7,9,-2,8,panama,0.29,0.57,-2,1.14,1.0,3.45,1.75,5
Costa del Este,6,1,3,2,7,9,-2,6,panama,0.17,0.67,-2,1.0,1.17,5.88,1.49,6
San Francisco,5,1,1,3,6,6,0,4,panama,0.2,0.4,0,0.8,1.2,5.0,2.5,7
Alianza,5,0,2,3,2,6,-4,2,panama,0.0,0.4,-4,0.4,0.4,0.0,2.5,8
Plaza Amador,8,6,1,1,10,6,4,19,panama2,0.75,0.88,4,2.38,1.25,1.33,1.14,1
Arabe Unido,8,5,3,0,13,5,8,18,panama2,0.62,1.0,8,2.25,1.62,1.61,1.0,2
Independiente,8,5,2,1,10,6,4,17,panama2,0.62,0.88,4,2.12,1.25,1.61,1.14,3
Tauro,8,3,5,0,11,5,6,14,panama2,0.38,1.0,6,1.75,1.38,2.63,1.0,4
Alianza,8,4,2,2,8,5,3,14,panama2,0.5,0.75,3,1.75,1.0,2.0,1.33,4
San Miguelito,7,4,2,1,8,5,3,14,panama2,0.57,0.86,3,2.0,1.14,1.75,1.16,4
Universitario,8,4,1,3,12,9,3,13,panama2,0.5,0.62,3,1.62,1.5,2.0,1.61,5
Costa del Este,8,3,3,2,11,12,-1,12,panama2,0.38,0.75,-1,1.5,1.38,2.63,1.33,6
UMECIT,8,3,1,4,6,6,0,10,panama2,0.38,0.5,0,1.25,0.75,2.63,2.0,7
Veraguas,8,2,3,3,7,7,0,9,panama2,0.25,0.62,0,1.12,0.88,4.0,1.61,8
Herrera,7,1,3,3,7,8,-1,6,panama2,0.14,0.57,-1,0.86,1.0,7.14,1.75,9
San Francisco,8,1,2,5,5,10,-5,5,panama2,0.12,0.38,-5,0.62,0.62,8.33,2.63,10
Libertad,6,5,1,0,14,4,10,16,paraguay,0.83,1.0,10,2.67,2.33,1.2,1.0,1
Cerro Porteno,6,4,1,1,10,5,5,13,paraguay,0.67,0.83,5,2.17,1.67,1.49,1.2,2
Olimpia,6,4,0,2,11,6,5,12,paraguay,0.67,0.67,5,2.0,1.83,1.49,1.49,3
Nacional,6,3,1,2,5,6,-1,10,paraguay,0.5,0.67,-1,1.67,0.83,2.0,1.49,4
S. Ameliano,6,2,3,1,9,7,2,9,paraguay,0.33,0.83,2,1.5,1.5,3.03,1.2,5
S. Trinidense,6,2,3,1,5,4,1,9,paraguay,0.33,0.83,1,1.5,0.83,3.03,1.2,5
A. Tembetary,6,2,2,2,8,8,0,8,paraguay,0.33,0.67,0,1.33,1.33,3.03,1.49,6
D. Recoleta,6,2,2,2,6,6,0,8,paraguay,0.33,0.67,0,1.33,1.0,3.03,1.49,6
G. Caballero,6,2,2,2,7,9,-2,8,paraguay,0.33,0.67,-2,1.33,1.17,3.03,1.49,6
Guarani,6,2,1,3,6,9,-3,7,paraguay,0.33,0.5,-3,1.17,1.0,3.03,2.0,7
S. Luqueno,6,1,3,2,4,5,-1,6,paraguay,0.17,0.67,-1,1.0,0.67,5.88,1.49,8
2 de Mayo,6,0,4,2,3,6,-3,4,paraguay,0.0,0.67,-3,0.67,0.5,0.0,1.49,9
Olimpia,8,5,3,0,15,7,8,18,paraguay2,0.62,1.0,8,2.25,1.88,1.61,1.0,1
Nacional,8,5,3,0,11,4,7,18,paraguay2,0.62,1.0,7,2.25,1.38,1.61,1.0,1
S. Ameliano,8,5,0,3,7,5,2,15,paraguay2,0.62,0.62,2,1.88,0.88,1.61,1.61,2
S. Trinidense,8,4,1,3,11,11,0,13,paraguay2,0.5,0.62,0,1.62,1.38,2.0,1.61,3
Guarani,8,2,6,0,7,5,2,12,paraguay2,0.25,1.0,2,1.5,0.88,4.0,1.0,4
G. Caballero,8,2,5,1,7,8,-1,11,paraguay2,0.25,0.88,-1,1.38,0.88,4.0,1.14,5
Libertad,8,3,1,4,6,7,-1,10,paraguay2,0.38,0.5,-1,1.25,0.75,2.63,2.0,6
Sol de America,8,2,3,3,8,9,-1,9,paraguay2,0.25,0.62,-1,1.12,1.0,4.0,1.61,7
S. Luqueno,8,2,3,3,8,10,-2,9,paraguay2,0.25,0.62,-2,1.12,1.0,4.0,1.61,7
Cerro Porteno,8,2,3,3,10,13,-3,9,paraguay2,0.25,0.62,-3,1.12,1.25,4.0,1.61,7
2 de Mayo,8,2,2,4,8,10,-2,8,paraguay2,0.25,0.5,-2,1.0,1.0,4.0,2.0,8
Tacuary,8,1,1,6,3,14,-11,4,paraguay2,0.12,0.25,-11,0.5,0.38,8.33,4.0,9
FBC Melgar,4,4,0,0,10,1,9,12,peru,1.0,1.0,9,3.0,2.5,1.0,1.0,1
Alianza Lima,4,3,1,0,7,1,6,10,peru,0.75,1.0,6,2.5,1.75,1.33,1.0,2
Universitario,3,3,0,0,10,3,7,9,peru,1.0,1.0,7,3.0,3.33,1.0,1.0,3
D. Garcilaso,3,3,0,0,8,1,7,9,peru,1.0,1.0,7,3.0,2.67,1.0,1.0,3
ADT,3,2,1,0,9,5,4,7,peru,0.67,1.0,4,2.33,3.0,1.49,1.0,4
Atletico Grau,3,2,1,0,4,2,2,7,peru,0.67,1.0,2,2.33,1.33,1.49,1.0,4
Sport Boys,4,2,1,1,4,4,0,7,peru,0.5,0.75,0,1.75,1.0,2.0,1.33,4
S. Cristal,3,2,0,1,8,3,5,6,peru,0.67,0.67,5,2.0,2.67,1.49,1.49,5
Alianza A.,3,2,0,1,9,6,3,6,peru,0.67,0.67,3,2.0,3.0,1.49,1.49,5
Sport Huancayo,4,2,0,2,4,6,-2,6,peru,0.5,0.5,-2,1.5,1.0,2.0,2.0,5
Los Chankas,3,1,2,0,5,3,2,5,peru,0.33,1.0,2,1.67,1.67,3.03,1.0,6
Cusco,3,1,1,1,5,4,1,4,peru,0.33,0.67,1,1.33,1.67,3.03,1.49,7
Binacional,3,1,1,1,4,3,1,4,peru,0.33,0.67,1,1.33,1.33,3.03,1.49,7
Cienciano,3,1,1,1,7,7,0,4,peru,0.33,0.67,0,1.33,2.33,3.03,1.49,7
Ayacucho,3,1,1,1,6,6,0,4,peru,0.33,0.67,0,1.33,2.0,3.03,1.49,7
Cajamarca,3,1,1,1,4,5,-1,4,peru,0.33,0.67,-1,1.33,1.33,3.03,1.49,7
Juan Pablo II C,2,1,0,1,4,3,1,3,peru,0.5,0.5,1,1.5,2.0,2.0,2.0,8
Comerciantes U.,3,0,3,0,4,4,0,3,peru,0.0,1.0,0,1.0,1.33,0.0,1.0,8
A. Huanuco,4,0,2,2,4,7,-3,2,peru,0.0,0.5,-3,0.5,1.0,0.0,2.0,9
Kaya FC,8,6,1,1,24,7,17,19,philippines,0.75,0.88,17,2.38,3.0,1.33,1.14,1
DH Cebu,8,6,1,1,16,4,12,19,philippines,0.75,0.88,12,2.38,2.0,1.33,1.14,1
Manila Digger,8,6,0,2,19,4,15,18,philippines,0.75,0.75,15,2.25,2.38,1.33,1.33,2
One Taguig,8,4,1,3,19,5,14,13,philippines,0.5,0.62,14,1.62,2.38,2.0,1.61,3
PFF Development,7,3,1,3,11,18,-7,10,philippines,0.43,0.57,-7,1.43,1.57,2.33,1.75,4
Stallion,8,2,1,5,13,16,-3,7,philippines,0.25,0.38,-3,0.88,1.62,4.0,2.63,5
Davao Aguilas,8,1,2,5,7,10,-3,5,philippines,0.12,0.38,-3,0.62,0.88,8.33,2.63,6
Loyola,8,1,2,5,7,15,-8,5,philippines,0.12,0.38,-8,0.62,0.88,8.33,2.63,6
Maharlika,8,0,2,6,6,24,-18,2,philippines,0.0,0.25,-18,0.25,0.75,0.0,4.0,7
Mendiola,8,0,1,7,6,41,-35,1,philippines,0.0,0.12,-35,0.12,0.75,0.0,8.33,8
Lech Poznan,8,7,0,1,21,7,14,21,poland,0.88,0.88,14,2.62,2.62,1.14,1.14,1
Jagiellonia,8,5,3,0,19,7,12,18,poland,0.62,1.0,12,2.25,2.38,1.61,1.0,2
Legia Warsaw,8,5,3,0,16,7,9,18,poland,0.62,1.0,9,2.25,2.0,1.61,1.0,2
Motor Lublin,8,5,2,1,21,14,7,17,poland,0.62,0.88,7,2.12,2.62,1.61,1.14,3
Katowice,8,5,2,1,10,4,6,17,poland,0.62,0.88,6,2.12,1.25,1.61,1.14,3
Rakow C.,8,5,2,1,13,8,5,17,poland,0.62,0.88,5,2.12,1.62,1.61,1.14,3
Pogon Szczecin,8,5,1,2,16,8,8,16,poland,0.62,0.75,8,2.0,2.0,1.61,1.33,4
Gornik Zabrze,8,4,1,3,12,9,3,13,poland,0.5,0.62,3,1.62,1.5,2.0,1.61,5
Widzew Lodz,8,4,1,3,10,10,0,13,poland,0.5,0.62,0,1.62,1.25,2.0,1.61,5
Korona Kielce,8,3,2,3,8,10,-2,11,poland,0.38,0.62,-2,1.38,1.0,2.63,1.61,6
Cracovia Krakow,8,2,4,2,17,13,4,10,poland,0.25,0.75,4,1.25,2.12,4.0,1.33,7
Radomiak Radom,8,2,4,2,10,9,1,10,poland,0.25,0.75,1,1.25,1.25,4.0,1.33,7
Puszcza Niepolo,8,3,1,4,9,13,-4,10,poland,0.38,0.5,-4,1.25,1.12,2.63,2.0,7
Stal Mielec,8,2,3,3,11,13,-2,9,poland,0.25,0.62,-2,1.12,1.38,4.0,1.61,8
Lechia Gdansk,8,3,0,5,5,11,-6,9,poland,0.38,0.38,-6,1.12,0.62,2.63,2.63,8
Slask Wroclaw,8,2,2,4,10,10,0,8,poland,0.25,0.5,0,1.0,1.25,4.0,2.0,9
Piast Gliwice,8,1,4,3,8,13,-5,7,poland,0.12,0.62,-5,0.88,1.0,8.33,1.61,10
Zaglebie Lubin,8,1,1,6,7,15,-8,4,poland,0.12,0.25,-8,0.5,0.88,8.33,4.0,11
Arka Gdynia,8,6,2,0,17,5,12,20,poland2,0.75,1.0,12,2.5,2.12,1.33,1.0,1
Polonia Warszaw,8,6,1,1,14,7,7,19,poland2,0.75,0.88,7,2.38,1.75,1.33,1.14,2
Wisla Plock,8,5,2,1,19,9,10,17,poland2,0.62,0.88,10,2.12,2.38,1.61,1.14,3
Tychy,8,4,3,1,13,7,6,15,poland2,0.5,0.88,6,1.88,1.62,2.0,1.14,4
T. Nieciecza,8,4,3,1,15,11,4,15,poland2,0.5,0.88,4,1.88,1.88,2.0,1.14,4
Wisla Krakow,8,4,3,1,9,5,4,15,poland2,0.5,0.88,4,1.88,1.12,2.0,1.14,4
Chrobry Glogow,8,4,2,2,11,10,1,14,poland2,0.5,0.75,1,1.75,1.38,2.0,1.33,5
Ruch Chorzow,8,3,2,3,15,10,5,11,poland2,0.38,0.62,5,1.38,1.88,2.63,1.61,6
Gornik Leczna,8,3,2,3,10,9,1,11,poland2,0.38,0.62,1,1.38,1.25,2.63,1.61,6
Miedz Legnica,8,3,2,3,15,15,0,11,poland2,0.38,0.62,0,1.38,1.88,2.63,1.61,6
Stal Rzeszow,8,3,1,4,12,15,-3,10,poland2,0.38,0.5,-3,1.25,1.5,2.63,2.0,7
Znicz Pruszkow,8,2,3,3,10,11,-1,9,poland2,0.25,0.62,-1,1.12,1.25,4.0,1.61,8
Stalowa Wola,8,1,5,2,9,13,-4,8,poland2,0.12,0.75,-4,1.0,1.12,8.33,1.33,9
Pogon Siedlce,8,1,4,3,7,11,-4,7,poland2,0.12,0.62,-4,0.88,0.88,8.33,1.61,10
K. Kolobrzeg,8,1,3,4,3,9,-6,6,poland2,0.12,0.5,-6,0.75,0.38,8.33,2.0,11
Warta Poznan,8,2,0,6,6,13,-7,6,poland2,0.25,0.25,-7,0.75,0.75,4.0,4.0,11
LKS Lodz,8,1,2,5,4,8,-4,5,poland2,0.12,0.38,-4,0.62,0.5,8.33,2.63,12
Odra Opole,8,0,3,5,4,18,-14,3,poland2,0.0,0.38,-14,0.38,0.5,0.0,2.63,13
Polonia Bytom,8,7,0,1,19,5,14,21,poland3,0.88,0.88,14,2.62,2.38,1.14,1.14,1
Wieczysta K.,8,6,1,1,15,6,9,19,poland3,0.75,0.88,9,2.38,1.88,1.33,1.14,2
Chojniczanka,8,5,2,1,14,5,9,17,poland3,0.62,0.88,9,2.12,1.75,1.61,1.14,3
Pogon Grodzisk,8,5,2,1,14,8,6,17,poland3,0.62,0.88,6,2.12,1.75,1.61,1.14,3
Swit Skolwin,8,5,1,2,17,13,4,16,poland3,0.62,0.75,4,2.0,2.12,1.61,1.33,4
Hutnik Krakow,8,5,1,2,12,11,1,16,poland3,0.62,0.75,1,2.0,1.5,1.61,1.33,4
SKRA Czestochow,8,4,1,3,8,7,1,13,poland3,0.5,0.62,1,1.62,1.0,2.0,1.61,5
Z. Sosnowiec,8,4,1,3,15,16,-1,13,poland3,0.5,0.62,-1,1.62,1.88,2.0,1.61,5
Podbeskidzie,8,4,1,3,7,9,-2,13,poland3,0.5,0.62,-2,1.62,0.88,2.0,1.61,5
Zaglebie L. B,8,4,0,4,15,10,5,12,poland3,0.5,0.5,5,1.5,1.88,2.0,2.0,6
Kalisz,8,3,2,3,13,11,2,11,poland3,0.38,0.62,2,1.38,1.62,2.63,1.61,7
LKS Lodz B,8,2,3,3,9,10,-1,9,poland3,0.25,0.62,-1,1.12,1.12,4.0,1.61,8
Rekord Bielsko,8,1,5,2,8,10,-2,8,poland3,0.12,0.75,-2,1.0,1.0,8.33,1.33,9
Olimpia Elblag,8,2,2,4,7,11,-4,8,poland3,0.25,0.5,-4,1.0,0.88,4.0,2.0,9
O. Grudziadz,8,2,2,4,11,16,-5,8,poland3,0.25,0.5,-5,1.0,1.38,4.0,2.0,9
Resovia Rzeszow,8,1,3,4,12,16,-4,6,poland3,0.12,0.5,-4,0.75,1.5,8.33,2.0,10
Jastrzebie,8,1,3,4,4,8,-4,6,poland3,0.12,0.5,-4,0.75,0.5,8.33,2.0,10
Wisla Pulawy,8,1,1,6,5,18,-13,4,poland3,0.12,0.25,-13,0.5,0.62,8.33,4.0,11
Benfica,8,7,0,1,21,6,15,21,portugal,0.88,0.88,15,2.62,2.62,1.14,1.14,1
Sporting CP,8,6,1,1,17,8,9,19,portugal,0.75,0.88,9,2.38,2.12,1.33,1.14,2
Sporting Braga,8,5,2,1,15,8,7,17,portugal,0.62,0.88,7,2.12,1.88,1.61,1.14,3
Casa Pia,8,5,2,1,13,8,5,17,portugal,0.62,0.88,5,2.12,1.62,1.61,1.14,3
Guimaraes,8,4,4,0,15,8,7,16,portugal,0.5,1.0,7,2.0,1.88,2.0,1.0,4
FC Porto,8,4,3,1,14,7,7,15,portugal,0.5,0.88,7,1.88,1.75,2.0,1.14,5
Estoril,8,4,2,2,12,11,1,14,portugal,0.5,0.75,1,1.75,1.5,2.0,1.33,6
Nacional,8,4,1,3,13,10,3,13,portugal,0.5,0.62,3,1.62,1.62,2.0,1.61,7
Famalicao,8,3,3,2,10,6,4,12,portugal,0.38,0.75,4,1.5,1.25,2.63,1.33,8
Rio Ave,8,3,3,2,14,15,-1,12,portugal,0.38,0.75,-1,1.5,1.75,2.63,1.33,8
Santa Clara,8,3,2,3,7,8,-1,11,portugal,0.38,0.62,-1,1.38,0.88,2.63,1.61,9
Arouca,8,2,4,2,8,9,-1,10,portugal,0.25,0.75,-1,1.25,1.0,4.0,1.33,10
Moreirense,8,2,4,2,9,11,-2,10,portugal,0.25,0.75,-2,1.25,1.12,4.0,1.33,10
Estrela Amadora,8,2,2,4,8,13,-5,8,portugal,0.25,0.5,-5,1.0,1.0,4.0,2.0,11
AVS,8,1,3,4,6,11,-5,6,portugal,0.12,0.5,-5,0.75,0.75,8.33,2.0,12
Gil Vicente,8,1,2,5,5,11,-6,5,portugal,0.12,0.38,-6,0.62,0.62,8.33,2.63,13
Farense,8,1,1,6,4,10,-6,4,portugal,0.12,0.25,-6,0.5,0.5,8.33,4.0,14
Boavista,8,1,1,6,6,14,-8,4,portugal,0.12,0.25,-8,0.5,0.75,8.33,4.0,14
Vizela,8,7,1,0,17,6,11,22,portugal2,0.88,1.0,11,2.75,2.12,1.14,1.0,1
Alverca,8,5,3,0,17,5,12,18,portugal2,0.62,1.0,12,2.25,2.12,1.61,1.0,2
Tondela,8,5,2,1,12,8,4,17,portugal2,0.62,0.88,4,2.12,1.5,1.61,1.14,3
Feirense,8,5,1,2,12,6,6,16,portugal2,0.62,0.75,6,2.0,1.5,1.61,1.33,4
Academico Viseu,8,4,4,0,11,6,5,16,portugal2,0.5,1.0,5,2.0,1.38,2.0,1.0,4
Felgueiras,8,5,1,2,9,6,3,16,portugal2,0.62,0.75,3,2.0,1.12,1.61,1.33,4
Benfica B,8,4,2,2,9,7,2,14,portugal2,0.5,0.75,2,1.75,1.12,2.0,1.33,5
Portimonense,8,4,1,3,13,11,2,13,portugal2,0.5,0.62,2,1.62,1.62,2.0,1.61,6
Penafiel,8,3,3,2,13,9,4,12,portugal2,0.38,0.75,4,1.5,1.62,2.63,1.33,7
Uniao de Leiria,8,3,3,2,8,7,1,12,portugal2,0.38,0.75,1,1.5,1.0,2.63,1.33,7
Chaves,8,3,2,3,14,8,6,11,portugal2,0.38,0.62,6,1.38,1.75,2.63,1.61,8
FC Porto B,8,3,2,3,10,10,0,11,portugal2,0.38,0.62,0,1.38,1.25,2.63,1.61,8
Torreense,8,3,1,4,11,12,-1,10,portugal2,0.38,0.5,-1,1.25,1.38,2.63,2.0,9
Pacos Ferreira,8,3,1,4,10,11,-1,10,portugal2,0.38,0.5,-1,1.25,1.25,2.63,2.0,9
Mafra,8,2,4,2,6,7,-1,10,portugal2,0.25,0.75,-1,1.25,0.75,4.0,1.33,9
Leixoes,8,1,4,3,7,9,-2,7,portugal2,0.12,0.62,-2,0.88,0.88,8.33,1.61,10
Maritimo,8,1,4,3,8,11,-3,7,portugal2,0.12,0.62,-3,0.88,1.0,8.33,1.61,10
Oliveirense,8,1,2,5,8,17,-9,5,portugal2,0.12,0.38,-9,0.62,1.0,8.33,2.63,11
Al Sadd,8,6,0,2,17,9,8,18,qatar,0.75,0.75,8,2.25,2.12,1.33,1.33,1
Al Gharafa,8,6,0,2,18,12,6,18,qatar,0.75,0.75,6,2.25,2.25,1.33,1.33,1
Al Duhail,8,5,1,2,19,12,7,16,qatar,0.62,0.75,7,2.0,2.38,1.61,1.33,2
Al Shahaniya,8,5,0,3,15,17,-2,15,qatar,0.62,0.62,-2,1.88,1.88,1.61,1.61,3
Al Shamal,8,4,0,4,19,15,4,12,qatar,0.5,0.5,4,1.5,2.38,2.0,2.0,4
Al Ahli Doha,8,3,3,2,15,14,1,12,qatar,0.38,0.75,1,1.5,1.88,2.63,1.33,4
Al Arabi,8,4,0,4,14,18,-4,12,qatar,0.5,0.5,-4,1.5,1.75,2.0,2.0,4
Al Wakrah,8,3,1,4,11,16,-5,10,qatar,0.38,0.5,-5,1.25,1.38,2.63,2.0,5
Al Rayyan,8,2,3,3,13,12,1,9,qatar,0.25,0.62,1,1.12,1.62,4.0,1.61,6
Qatar SC,8,2,2,4,9,13,-4,8,qatar,0.25,0.5,-4,1.0,1.12,4.0,2.0,7
Al Khor,8,1,0,7,12,19,-7,3,qatar,0.12,0.12,-7,0.38,1.5,8.33,8.33,8
Umm Salal,8,0,2,6,5,16,-11,2,qatar,0.0,0.25,-11,0.25,0.62,0.0,4.0,9
CFR Cluj,8,6,2,0,21,8,13,20,romania,0.75,1.0,13,2.5,2.62,1.33,1.0,1
Rapid Bucharest,8,6,2,0,11,3,8,20,romania,0.75,1.0,8,2.5,1.38,1.33,1.0,1
Univ. Craiova,8,6,1,1,14,7,7,19,romania,0.75,0.88,7,2.38,1.75,1.33,1.14,2
FCSB,8,5,3,0,13,4,9,18,romania,0.62,1.0,9,2.25,1.62,1.61,1.0,3
U. Cluj,8,5,1,2,16,11,5,16,romania,0.62,0.75,5,2.0,2.0,1.61,1.33,4
Sepsi OSK,8,4,3,1,11,5,6,15,romania,0.5,0.88,6,1.88,1.38,2.0,1.14,5
Hermannstadt,8,4,3,1,7,5,2,15,romania,0.5,0.88,2,1.88,0.88,2.0,1.14,5
Petrolul,8,4,2,2,10,6,4,14,romania,0.5,0.75,4,1.75,1.25,2.0,1.33,6
Din. Bucharest,8,3,4,1,7,4,3,13,romania,0.38,0.88,3,1.62,0.88,2.63,1.14,7
Farul Constanta,8,3,3,2,10,10,0,12,romania,0.38,0.75,0,1.5,1.25,2.63,1.33,8
Botosani,8,1,6,1,7,7,0,9,romania,0.12,0.88,0,1.12,0.88,8.33,1.14,9
P. Iasi,8,2,2,4,7,11,-4,8,romania,0.25,0.5,-4,1.0,0.88,4.0,2.0,10
FC Buzau,8,2,1,5,6,9,-3,7,romania,0.25,0.38,-3,0.88,0.75,4.0,2.63,11
Otelul,8,1,3,4,7,12,-5,6,romania,0.12,0.5,-5,0.75,0.88,8.33,2.0,12
UTA Arad,8,2,0,6,9,15,-6,6,romania,0.25,0.25,-6,0.75,1.12,4.0,4.0,12
Unirea Slobozia,8,1,2,5,6,11,-5,5,romania,0.12,0.38,-5,0.62,0.75,8.33,2.63,13
Spartak Moscow,8,6,1,1,21,8,13,19,russia,0.75,0.88,13,2.38,2.62,1.33,1.14,1
FC Krasnodar,8,5,2,1,17,4,13,17,russia,0.62,0.88,13,2.12,2.12,1.61,1.14,2
Lokomotiv M.,8,5,2,1,12,8,4,17,russia,0.62,0.88,4,2.12,1.5,1.61,1.14,2
Dinamo Moscow,8,5,1,2,22,9,13,16,russia,0.62,0.75,13,2.0,2.75,1.61,1.33,3
Zenit,8,4,2,2,14,8,6,14,russia,0.5,0.75,6,1.75,1.75,2.0,1.33,4
CSKA Moscow,8,4,2,2,12,7,5,14,russia,0.5,0.75,5,1.75,1.5,2.0,1.33,4
Rubin Kazan,8,4,2,2,10,9,1,14,russia,0.5,0.75,1,1.75,1.25,2.0,1.33,4
Makhachkala,8,3,3,2,14,8,6,12,russia,0.38,0.75,6,1.5,1.75,2.63,1.33,5
Khimki,8,3,3,2,11,9,2,12,russia,0.38,0.75,2,1.5,1.38,2.63,1.33,5
Rostov,8,3,1,4,13,12,1,10,russia,0.38,0.5,1,1.25,1.62,2.63,2.0,6
Akron,8,3,1,4,13,17,-4,10,russia,0.38,0.5,-4,1.25,1.62,2.63,2.0,6
Akhmat Grozny,8,2,3,3,8,10,-2,9,russia,0.25,0.62,-2,1.12,1.0,4.0,1.61,7
Krylya Sovetov,8,2,2,4,10,10,0,8,russia,0.25,0.5,0,1.0,1.25,4.0,2.0,8
Fakel Voronezh,8,0,6,2,3,6,-3,6,russia,0.0,0.75,-3,0.75,0.38,0.0,1.33,9
Orenburg,8,1,2,5,10,15,-5,5,russia,0.12,0.38,-5,0.62,1.25,8.33,2.63,10
Nizhny Novgorod,8,1,2,5,5,15,-10,5,russia,0.12,0.38,-10,0.62,0.62,8.33,2.63,10
PFC Sochi,8,6,1,1,15,7,8,19,russia2,0.75,0.88,8,2.38,1.88,1.33,1.14,1
Baltika,8,5,3,0,13,2,11,18,russia2,0.62,1.0,11,2.25,1.62,1.61,1.0,2
Kamaz,8,6,0,2,15,7,8,18,russia2,0.75,0.75,8,2.25,1.88,1.33,1.33,2
Yenisey,8,5,2,1,8,3,5,17,russia2,0.62,0.88,5,2.12,1.0,1.61,1.14,3
Ural,8,4,4,0,11,7,4,16,russia2,0.5,1.0,4,2.0,1.38,2.0,1.0,4
Torpedo Moscow,8,4,3,1,13,3,10,15,russia2,0.5,0.88,10,1.88,1.62,2.0,1.14,5
Chernomorets,8,4,3,1,10,4,6,15,russia2,0.5,0.88,6,1.88,1.25,2.0,1.14,5
SKA Khabarovsk,8,4,2,2,16,10,6,14,russia2,0.5,0.75,6,1.75,2.0,2.0,1.33,6
Rodina Moskva,8,3,2,3,11,8,3,11,russia2,0.38,0.62,3,1.38,1.38,2.63,1.61,7
Rotor Volgograd,8,2,5,1,7,6,1,11,russia2,0.25,0.88,1,1.38,0.88,4.0,1.14,7
Neftekhimik,8,3,2,3,8,8,0,11,russia2,0.38,0.62,0,1.38,1.0,2.63,1.61,7
Arsenal Tula,8,2,4,2,5,5,0,10,russia2,0.25,0.75,0,1.25,0.62,4.0,1.33,8
Ufa,8,3,1,4,9,15,-6,10,russia2,0.38,0.5,-6,1.25,1.12,2.63,2.0,8
Shinnik,8,2,3,3,6,8,-2,9,russia2,0.25,0.62,-2,1.12,0.75,4.0,1.61,9
Chayka,8,1,5,2,7,7,0,8,russia2,0.12,0.75,0,1.0,0.88,8.33,1.33,10
Sokol Saratov,8,1,2,5,4,9,-5,5,russia2,0.12,0.38,-5,0.62,0.5,8.33,2.63,11
Tyumen,8,1,2,5,7,13,-6,5,russia2,0.12,0.38,-6,0.62,0.88,8.33,2.63,11
A. Vladikavkaz,8,1,2,5,6,12,-6,5,russia2,0.12,0.38,-6,0.62,0.75,8.33,2.63,11
Al Ittihad,8,7,1,0,21,9,12,22,saudiarabia,0.88,1.0,12,2.75,2.62,1.14,1.0,1
Al Kholood,8,6,0,2,11,10,1,18,saudiarabia,0.75,0.75,1,2.25,1.38,1.33,1.33,2
Al Ahli Jeddah,8,5,2,1,21,10,11,17,saudiarabia,0.62,0.88,11,2.12,2.62,1.61,1.14,3
Al Quadisiya,8,5,2,1,10,6,4,17,saudiarabia,0.62,0.88,4,2.12,1.25,1.61,1.14,3
Al Hilal,8,5,1,2,29,11,18,16,saudiarabia,0.62,0.75,18,2.0,3.62,1.61,1.33,4
Al Shabab,8,5,1,2,22,10,12,16,saudiarabia,0.62,0.75,12,2.0,2.75,1.61,1.33,4
Al Nassr,8,5,1,2,19,10,9,16,saudiarabia,0.62,0.75,9,2.0,2.38,1.61,1.33,4
Al Riyadh,8,3,4,1,6,5,1,13,saudiarabia,0.38,0.88,1,1.62,0.75,2.63,1.14,5
Damak,8,3,2,3,10,13,-3,11,saudiarabia,0.38,0.62,-3,1.38,1.25,2.63,1.61,6
Al Fateh,8,3,1,4,11,11,0,10,saudiarabia,0.38,0.5,0,1.25,1.38,2.63,2.0,7
Al Taawon,8,2,3,3,10,11,-1,9,saudiarabia,0.25,0.62,-1,1.12,1.25,4.0,1.61,8
Al Orubah,8,3,0,5,9,15,-6,9,saudiarabia,0.38,0.38,-6,1.12,1.12,2.63,2.63,8
Al Khaleej,8,2,2,4,10,12,-2,8,saudiarabia,0.25,0.5,-2,1.0,1.25,4.0,2.0,9
Al Feiha,8,1,5,2,3,5,-2,8,saudiarabia,0.12,0.75,-2,1.0,0.38,8.33,1.33,9
Al Wahda,8,2,1,5,10,18,-8,7,saudiarabia,0.25,0.38,-8,0.88,1.25,4.0,2.63,10
Al Ittifaq,8,2,0,6,8,16,-8,6,saudiarabia,0.25,0.25,-8,0.75,1.0,4.0,4.0,11
Al Akhdoud,8,1,2,5,7,13,-6,5,saudiarabia,0.12,0.38,-6,0.62,0.88,8.33,2.63,12
Al Raed,8,0,1,7,4,14,-10,1,saudiarabia,0.0,0.12,-10,0.12,0.5,0.0,8.33,13
Al Jabalain,8,6,1,1,14,7,7,19,saudiarabia2,0.75,0.88,7,2.38,1.75,1.33,1.14,1
Al Najma,8,5,3,0,14,4,10,18,saudiarabia2,0.62,1.0,10,2.25,1.75,1.61,1.0,2
Al Batin,8,5,2,1,10,4,6,17,saudiarabia2,0.62,0.88,6,2.12,1.25,1.61,1.14,3
Neom SC,8,4,4,0,19,10,9,16,saudiarabia2,0.5,1.0,9,2.0,2.38,2.0,1.0,4
Al Hazm,8,5,1,2,17,10,7,16,saudiarabia2,0.62,0.75,7,2.0,2.12,1.61,1.33,4
Al Bukayriyah,8,4,2,2,13,5,8,14,saudiarabia2,0.5,0.75,8,1.75,1.62,2.0,1.33,5
Abha,8,3,4,1,11,7,4,13,saudiarabia2,0.38,0.88,4,1.62,1.38,2.63,1.14,6
Al Jandal,8,4,1,3,10,7,3,13,saudiarabia2,0.5,0.62,3,1.62,1.25,2.0,1.61,6
Al Zulfi,8,4,1,3,9,8,1,13,saudiarabia2,0.5,0.62,1,1.62,1.12,2.0,1.61,6
Al Ain,8,3,3,2,10,10,0,12,saudiarabia2,0.38,0.75,0,1.5,1.25,2.63,1.33,7
Al Arabi,8,3,2,3,15,13,2,11,saudiarabia2,0.38,0.62,2,1.38,1.88,2.63,1.61,8
Al Jubail,8,2,5,1,11,10,1,11,saudiarabia2,0.25,0.88,1,1.38,1.38,4.0,1.14,8
Al Tai,8,3,2,3,7,9,-2,11,saudiarabia2,0.38,0.62,-2,1.38,0.88,2.63,1.61,8
Jeddah,8,2,4,2,6,7,-1,10,saudiarabia2,0.25,0.75,-1,1.25,0.75,4.0,1.33,9
Al Safa,8,3,1,4,9,11,-2,10,saudiarabia2,0.38,0.5,-2,1.25,1.12,2.63,2.0,9
Al Adalha,8,2,3,3,17,15,2,9,saudiarabia2,0.25,0.62,2,1.12,2.12,4.0,1.61,10
Ohod,8,2,1,5,10,14,-4,7,saudiarabia2,0.25,0.38,-4,0.88,1.25,4.0,2.63,11
Al Faisaly,8,1,3,4,6,10,-4,6,saudiarabia2,0.12,0.5,-4,0.75,0.75,8.33,2.0,12
Hibernian,8,7,1,0,19,7,12,22,scotland,0.88,1.0,12,2.75,2.38,1.14,1.0,1
Celtic,8,7,0,1,28,4,24,21,scotland,0.88,0.88,24,2.62,3.5,1.14,1.14,2
Rangers,8,5,0,3,15,7,8,15,scotland,0.62,0.62,8,1.88,1.88,1.61,1.61,3
Hearts,8,5,0,3,13,10,3,15,scotland,0.62,0.62,3,1.88,1.62,1.61,1.61,3
Kilmarnock,8,4,2,2,11,7,4,14,scotland,0.5,0.75,4,1.75,1.38,2.0,1.33,4
Motherwell,8,3,3,2,14,15,-1,12,scotland,0.38,0.75,-1,1.5,1.75,2.63,1.33,5
St. Johnstone,8,3,2,3,8,9,-1,11,scotland,0.38,0.62,-1,1.38,1.0,2.63,1.61,6
Aberdeen,8,2,3,3,10,12,-2,9,scotland,0.25,0.62,-2,1.12,1.25,4.0,1.61,7
Ross County,8,2,2,4,9,12,-3,8,scotland,0.25,0.5,-3,1.0,1.12,4.0,2.0,8
Dundee Utd,8,2,2,4,7,12,-5,8,scotland,0.25,0.5,-5,1.0,0.88,4.0,2.0,8
St. Mirren,8,2,1,5,10,12,-2,7,scotland,0.25,0.38,-2,0.88,1.25,4.0,2.63,9
Dundee FC,8,1,3,4,12,19,-7,6,scotland,0.12,0.5,-7,0.75,1.5,8.33,2.0,10
Raith Rovers,8,6,0,2,12,7,5,18,scotland2,0.75,0.75,5,2.25,1.5,1.33,1.33,1
Ayr Utd,8,5,2,1,19,7,12,17,scotland2,0.62,0.88,12,2.12,2.38,1.61,1.14,2
Falkirk,8,5,2,1,17,6,11,17,scotland2,0.62,0.88,11,2.12,2.12,1.61,1.14,2
Livingston,8,5,2,1,12,4,8,17,scotland2,0.62,0.88,8,2.12,1.5,1.61,1.14,2
Airdrieonians,8,5,1,2,13,11,2,16,scotland2,0.62,0.75,2,2.0,1.62,1.61,1.33,3
Greenock Morton,8,4,2,2,13,11,2,14,scotland2,0.5,0.75,2,1.75,1.62,2.0,1.33,4
Dunfermline,8,4,2,2,12,10,2,14,scotland2,0.5,0.75,2,1.75,1.5,2.0,1.33,4
Partick Thistle,8,3,4,1,10,9,1,13,scotland2,0.38,0.88,1,1.62,1.25,2.63,1.14,5
Hamilton,8,2,1,5,7,16,-9,7,scotland2,0.25,0.38,-9,0.88,0.88,4.0,2.63,6
Queens Park,8,1,0,7,7,20,-13,3,scotland2,0.12,0.12,-13,0.38,0.88,8.33,8.33,7
Arbroath,8,6,1,1,16,6,10,19,scotland3,0.75,0.88,10,2.38,2.0,1.33,1.14,1
Cove Rangers,8,5,2,1,13,8,5,17,scotland3,0.62,0.88,5,2.12,1.62,1.61,1.14,2
Queen of South,8,5,1,2,15,11,4,16,scotland3,0.62,0.75,4,2.0,1.88,1.61,1.33,3
Inverness,8,3,2,3,10,10,0,11,scotland3,0.38,0.62,0,1.38,1.25,2.63,1.61,4
Stenhousemuir,8,2,2,4,8,14,-6,8,scotland3,0.25,0.5,-6,1.0,1.0,4.0,2.0,5
Alloa Athletic,8,2,1,5,12,15,-3,7,scotland3,0.25,0.38,-3,0.88,1.5,4.0,2.63,6
Annan Athletic,8,2,1,5,9,19,-10,7,scotland3,0.25,0.38,-10,0.88,1.12,4.0,2.63,6
Montrose,8,1,3,4,8,14,-6,6,scotland3,0.12,0.5,-6,0.75,1.0,8.33,2.0,7
Kelty Hearts,8,1,3,4,4,15,-11,6,scotland3,0.12,0.5,-11,0.75,0.5,8.33,2.0,7
Dumbarton,8,1,2,5,8,15,-7,5,scotland3,0.12,0.38,-7,0.62,1.0,8.33,2.63,8
Peterhead,8,6,2,0,19,6,13,20,scotland4,0.75,1.0,13,2.5,2.38,1.33,1.0,1
East Fife,8,5,2,1,18,8,10,17,scotland4,0.62,0.88,10,2.12,2.25,1.61,1.14,2
Stirling Albion,8,5,1,2,15,9,6,16,scotland4,0.62,0.75,6,2.0,1.88,1.61,1.33,3
Edinburgh City,8,5,0,3,20,12,8,15,scotland4,0.62,0.62,8,1.88,2.5,1.61,1.61,4
Spartans,8,4,2,2,9,6,3,14,scotland4,0.5,0.75,3,1.75,1.12,2.0,1.33,5
Clyde,8,4,1,3,10,7,3,13,scotland4,0.5,0.62,3,1.62,1.25,2.0,1.61,6
Elgin City,8,4,0,4,9,7,2,12,scotland4,0.5,0.5,2,1.5,1.12,2.0,2.0,7
Stranraer,8,3,1,4,8,7,1,10,scotland4,0.38,0.5,1,1.25,1.0,2.63,2.0,8
Bonnyrigg Rose,8,2,2,4,11,13,-2,8,scotland4,0.25,0.5,-2,1.0,1.38,4.0,2.0,9
Forfar Athletic,8,1,3,4,4,8,-4,6,scotland4,0.12,0.5,-4,0.75,0.5,8.33,2.0,10
Red Star,8,7,1,0,32,8,24,22,serbia,0.88,1.0,24,2.75,4.0,1.14,1.0,1
Partizan,8,5,3,0,18,7,11,18,serbia,0.62,1.0,11,2.25,2.25,1.61,1.0,2
Radnicki 1923,8,5,0,3,10,8,2,15,serbia,0.62,0.62,2,1.88,1.25,1.61,1.61,3
Napredak,8,4,2,2,10,11,-1,14,serbia,0.5,0.75,-1,1.75,1.25,2.0,1.33,4
OFK Beograd,8,3,3,2,12,8,4,12,serbia,0.38,0.75,4,1.5,1.5,2.63,1.33,5
IMT N. Beograd,8,3,3,2,11,8,3,12,serbia,0.38,0.75,3,1.5,1.38,2.63,1.33,5
Mladost Lucani,8,3,3,2,9,8,1,12,serbia,0.38,0.75,1,1.5,1.12,2.63,1.33,5
Novi Pazar,8,4,0,4,16,21,-5,12,serbia,0.5,0.5,-5,1.5,2.0,2.0,2.0,5
S. Subotica,8,2,4,2,4,5,-1,10,serbia,0.25,0.75,-1,1.25,0.5,4.0,1.33,6
Z. Pancevo,8,2,3,3,13,8,5,9,serbia,0.25,0.62,5,1.12,1.62,4.0,1.61,7
Backa Topola,8,3,0,5,14,15,-1,9,serbia,0.38,0.38,-1,1.12,1.75,2.63,2.63,7
Tekstilac Odzac,8,3,0,5,8,11,-3,9,serbia,0.38,0.38,-3,1.12,1.0,2.63,2.63,7
Jedinstvo U.,8,2,2,4,8,11,-3,8,serbia,0.25,0.5,-3,1.0,1.0,4.0,2.0,8
Vojvodina,8,2,2,4,8,12,-4,8,serbia,0.25,0.5,-4,1.0,1.0,4.0,2.0,8
Cukaricki,8,1,4,3,5,6,-1,7,serbia,0.12,0.62,-1,0.88,0.62,8.33,1.61,9
Radnicki Nis,8,1,1,6,9,18,-9,4,serbia,0.12,0.25,-9,0.5,1.12,8.33,4.0,10
R. Surdulica,8,8,0,0,17,2,15,24,serbia2,1.0,1.0,15,3.0,2.12,1.0,1.0,1
Macva Sabac,8,6,1,1,10,3,7,19,serbia2,0.75,0.88,7,2.38,1.25,1.33,1.14,2
Borac Cacak,8,5,1,2,14,7,7,16,serbia2,0.62,0.75,7,2.0,1.75,1.61,1.33,3
Javor Ivanjica,8,5,1,2,11,8,3,16,serbia2,0.62,0.75,3,2.0,1.38,1.61,1.33,3
Sloven Ruma,8,4,3,1,11,5,6,15,serbia2,0.5,0.88,6,1.88,1.38,2.0,1.14,4
Mladost,8,4,3,1,9,8,1,15,serbia2,0.5,0.88,1,1.88,1.12,2.0,1.14,4
Vozdovac,8,3,5,0,6,2,4,14,serbia2,0.38,1.0,4,1.75,0.75,2.63,1.0,5
Graficar,8,3,4,1,10,6,4,13,serbia2,0.38,0.88,4,1.62,1.25,2.63,1.14,6
S. Mitrovica,8,3,4,1,6,5,1,13,serbia2,0.38,0.88,1,1.62,0.75,2.63,1.14,6
Dubocica,8,3,2,3,15,15,0,11,serbia2,0.38,0.62,0,1.38,1.88,2.63,1.61,7
Zemun,8,2,4,2,9,8,1,10,serbia2,0.25,0.75,1,1.25,1.12,4.0,1.33,8
Trajal Krusevac,8,2,4,2,7,6,1,10,serbia2,0.25,0.75,1,1.25,0.88,4.0,1.33,8
Vrsac,8,2,2,4,7,6,1,8,serbia2,0.25,0.5,1,1.0,0.88,4.0,2.0,9
Smederevo,8,1,5,2,3,5,-2,8,serbia2,0.12,0.75,-2,1.0,0.38,8.33,1.33,9
Indija,8,1,2,5,9,12,-3,5,serbia2,0.12,0.38,-3,0.62,1.12,8.33,2.63,10
Sloboda Uzice,8,1,2,5,4,10,-6,5,serbia2,0.12,0.38,-6,0.62,0.5,8.33,2.63,10
Lion City,8,7,1,0,29,6,23,22,singapore,0.88,1.0,23,2.75,3.62,1.14,1.0,1
A. Niigata (S),8,5,1,2,18,12,6,16,singapore,0.62,0.75,6,2.0,2.25,1.61,1.33,2
Tampines Rovers,8,4,2,2,20,13,7,14,singapore,0.5,0.75,7,1.75,2.5,2.0,1.33,3
Hougang,8,3,4,1,19,11,8,13,singapore,0.38,0.88,8,1.62,2.38,2.63,1.14,4
Geylang,8,3,0,5,20,15,5,9,singapore,0.38,0.38,5,1.12,2.5,2.63,2.63,5
Khalsa,8,2,2,4,19,23,-4,8,singapore,0.25,0.5,-4,1.0,2.38,4.0,2.0,6
DPMM FC,8,2,2,4,12,18,-6,8,singapore,0.25,0.5,-6,1.0,1.5,4.0,2.0,6
Tanjong Pagar,8,2,0,6,9,27,-18,6,singapore,0.25,0.25,-18,0.75,1.12,4.0,4.0,7
Young Lions,8,0,3,5,9,30,-21,3,singapore,0.0,0.38,-21,0.38,1.12,0.0,2.63,8
Z. Michalovce,8,5,3,0,15,9,6,18,slovakia,0.62,1.0,6,2.25,1.88,1.61,1.0,1
S. Bratislava,8,5,2,1,19,7,12,17,slovakia,0.62,0.88,12,2.12,2.38,1.61,1.14,2
DAC Streda,8,4,3,1,16,7,9,15,slovakia,0.5,0.88,9,1.88,2.0,2.0,1.14,3
Spartak Trnava,8,4,3,1,14,10,4,15,slovakia,0.5,0.88,4,1.88,1.75,2.0,1.14,3
Skalica,8,4,2,2,7,5,2,14,slovakia,0.5,0.75,2,1.75,0.88,2.0,1.33,4
FC Kosice,8,3,4,1,15,10,5,13,slovakia,0.38,0.88,5,1.62,1.88,2.63,1.14,5
Trencin,8,3,3,2,10,10,0,12,slovakia,0.38,0.75,0,1.5,1.25,2.63,1.33,6
Zilina,8,3,3,2,11,13,-2,12,slovakia,0.38,0.75,-2,1.5,1.38,2.63,1.33,6
Komarno,8,3,2,3,8,6,2,11,slovakia,0.38,0.62,2,1.38,1.0,2.63,1.61,7
Banska Bystrica,8,3,0,5,13,15,-2,9,slovakia,0.38,0.38,-2,1.12,1.62,2.63,2.63,8
Podbrezova,8,2,3,3,7,11,-4,9,slovakia,0.25,0.62,-4,1.12,0.88,4.0,1.61,8
Ruzomberok,8,3,0,5,9,16,-7,9,slovakia,0.38,0.38,-7,1.12,1.12,2.63,2.63,8
Presov,8,7,1,0,18,3,15,22,slovakia2,0.88,1.0,15,2.75,2.25,1.14,1.0,1
Zlate Moravce,8,5,1,2,15,5,10,16,slovakia2,0.62,0.75,10,2.0,1.88,1.61,1.33,2
Malzenice,8,5,1,2,13,6,7,16,slovakia2,0.62,0.75,7,2.0,1.62,1.61,1.33,2
P. Bystrica,8,5,1,2,18,12,6,16,slovakia2,0.62,0.75,6,2.0,2.25,1.61,1.33,2
Puchov,8,4,2,2,15,8,7,14,slovakia2,0.5,0.75,7,1.75,1.88,2.0,1.33,3
L. Mikulas,8,4,2,2,12,8,4,14,slovakia2,0.5,0.75,4,1.75,1.5,2.0,1.33,3
Petrzalka,8,4,1,3,11,6,5,13,slovakia2,0.5,0.62,5,1.62,1.38,2.0,1.61,4
S. Bratislava B,8,4,1,3,12,10,2,13,slovakia2,0.5,0.62,2,1.62,1.5,2.0,1.61,4
Pohronie,8,4,1,3,14,13,1,13,slovakia2,0.5,0.62,1,1.62,1.75,2.0,1.61,4
Samorin,8,4,1,3,10,9,1,13,slovakia2,0.5,0.62,1,1.62,1.25,2.0,1.61,4
Zilina B,8,3,2,3,9,7,2,11,slovakia2,0.38,0.62,2,1.38,1.12,2.63,1.61,5
S. Lubovna,8,2,4,2,12,10,2,10,slovakia2,0.25,0.75,2,1.25,1.5,4.0,1.33,6
Humenne,8,2,2,4,6,8,-2,8,slovakia2,0.25,0.5,-2,1.0,0.75,4.0,2.0,7
Zvolen,8,2,2,4,9,12,-3,8,slovakia2,0.25,0.5,-3,1.0,1.12,4.0,2.0,7
NK Olimpija,8,7,1,0,20,1,19,22,slovenia,0.88,1.0,19,2.75,2.5,1.14,1.0,1
Maribor,8,6,0,2,17,8,9,18,slovenia,0.75,0.75,9,2.25,2.12,1.33,1.33,2
Koper,8,4,2,2,16,10,6,14,slovenia,0.5,0.75,6,1.75,2.0,2.0,1.33,3
Bravo,8,3,4,1,13,10,3,13,slovenia,0.38,0.88,3,1.62,1.62,2.63,1.14,4
NK Celje,8,3,2,3,20,13,7,11,slovenia,0.38,0.62,7,1.38,2.5,2.63,1.61,5
Nafta,8,3,2,3,12,11,1,11,slovenia,0.38,0.62,1,1.38,1.5,2.63,1.61,5
Primorje,8,3,2,3,8,9,-1,11,slovenia,0.38,0.62,-1,1.38,1.0,2.63,1.61,5
Mura,8,2,4,2,8,7,1,10,slovenia,0.25,0.75,1,1.25,1.0,4.0,1.33,6
Domzale,8,3,1,4,10,10,0,10,slovenia,0.38,0.5,0,1.25,1.25,2.63,2.0,6
Radomlje,8,3,1,4,11,16,-5,10,slovenia,0.38,0.5,-5,1.25,1.38,2.63,2.0,6
Mamelodi S.,8,8,0,0,23,2,21,24,southafrica,1.0,1.0,21,3.0,2.88,1.0,1.0,1
Orlando Pirates,8,7,0,1,18,5,13,21,southafrica,0.88,0.88,13,2.62,2.25,1.14,1.14,2
TS Galaxy,8,5,1,2,12,6,6,16,southafrica,0.62,0.75,6,2.0,1.5,1.61,1.33,3
AmaZulu,8,5,0,3,11,10,1,15,southafrica,0.62,0.62,1,1.88,1.38,1.61,1.61,4
Magesi,8,5,0,3,8,7,1,15,southafrica,0.62,0.62,1,1.88,1.0,1.61,1.61,4
Richards Bay,8,4,2,2,8,5,3,14,southafrica,0.5,0.75,3,1.75,1.0,2.0,1.33,5
Polokwane,8,4,1,3,8,5,3,13,southafrica,0.5,0.62,3,1.62,1.0,2.0,1.61,6
Kaizer Chiefs,8,3,3,2,8,9,-1,12,southafrica,0.38,0.75,-1,1.5,1.0,2.63,1.33,7
Chippa Utd,8,3,2,3,8,6,2,11,southafrica,0.38,0.62,2,1.38,1.0,2.63,1.61,8
Golden Arrows,8,2,5,1,7,6,1,11,southafrica,0.25,0.88,1,1.38,0.88,4.0,1.14,8
Cape Town City,8,3,2,3,7,8,-1,11,southafrica,0.38,0.62,-1,1.38,0.88,2.63,1.61,8
Sekhukhune,8,3,1,4,12,14,-2,10,southafrica,0.38,0.5,-2,1.25,1.5,2.63,2.0,9
Marumo G.,8,2,3,3,6,7,-1,9,southafrica,0.25,0.62,-1,1.12,0.75,4.0,1.61,10
Stellenbosch,8,1,5,2,6,7,-1,8,southafrica,0.12,0.75,-1,1.0,0.75,8.33,1.33,11
SuperSport Utd,8,1,3,4,2,9,-7,6,southafrica,0.12,0.5,-7,0.75,0.25,8.33,2.0,12
Royal AM,6,1,2,3,6,8,-2,5,southafrica,0.17,0.5,-2,0.83,1.0,5.88,2.0,13
Kruger United,8,6,2,0,11,2,9,20,southafrica2,0.75,1.0,9,2.5,1.38,1.33,1.0,1
Durban City,8,6,1,1,15,5,10,19,southafrica2,0.75,0.88,10,2.38,1.88,1.33,1.14,2
Baroka,8,5,2,1,18,12,6,17,southafrica2,0.62,0.88,6,2.12,2.25,1.61,1.14,3
JDR Stars,8,4,4,0,11,7,4,16,southafrica2,0.5,1.0,4,2.0,1.38,2.0,1.0,4
Venda FC,8,4,2,2,14,7,7,14,southafrica2,0.5,0.75,7,1.75,1.75,2.0,1.33,5
Hungry Lions,8,4,2,2,14,8,6,14,southafrica2,0.5,0.75,6,1.75,1.75,2.0,1.33,5
Highbury,8,4,2,2,10,4,6,14,southafrica2,0.5,0.75,6,1.75,1.25,2.0,1.33,5
Black Leopards,8,3,5,0,11,6,5,14,southafrica2,0.38,1.0,5,1.75,1.38,2.63,1.0,5
Casric Stars,8,4,2,2,12,8,4,14,southafrica2,0.5,0.75,4,1.75,1.5,2.0,1.33,5
Pretoria U.,8,3,4,1,12,10,2,13,southafrica2,0.38,0.88,2,1.62,1.5,2.63,1.14,6
Milford,8,4,0,4,9,7,2,12,southafrica2,0.5,0.5,2,1.5,1.12,2.0,2.0,7
Pretoria C.,8,4,0,4,11,14,-3,12,southafrica2,0.5,0.5,-3,1.5,1.38,2.0,2.0,7
Orbit College,8,2,5,1,7,5,2,11,southafrica2,0.25,0.88,2,1.38,0.88,4.0,1.14,8
Cape Town Spurs,8,2,4,2,9,9,0,10,southafrica2,0.25,0.75,0,1.25,1.12,4.0,1.33,9
Leruma United,8,2,3,3,5,8,-3,9,southafrica2,0.25,0.62,-3,1.12,0.62,4.0,1.61,10
Upington City,8,0,3,5,6,13,-7,3,southafrica2,0.0,0.38,-7,0.38,0.75,0.0,2.63,11
Gimcheon Sangmu,3,2,1,0,3,0,3,7,southkorea,0.67,1.0,3,2.33,1.0,1.49,1.0,1
Seoul,3,2,1,0,5,3,2,7,southkorea,0.67,1.0,2,2.33,1.67,1.49,1.0,1
Gwangju,4,2,1,1,5,4,1,7,southkorea,0.5,0.75,1,1.75,1.25,2.0,1.33,1
Ulsan,5,2,1,2,5,4,1,7,southkorea,0.4,0.6,1,1.4,1.0,2.5,1.67,1
Daegu,4,2,0,2,6,5,1,6,southkorea,0.5,0.5,1,1.5,1.5,2.0,2.0,2
Jeju Utd,4,2,0,2,6,6,0,6,southkorea,0.5,0.5,0,1.5,1.5,2.0,2.0,2
Jeonbuk Motors,4,1,2,1,6,6,0,5,southkorea,0.25,0.75,0,1.25,1.5,4.0,1.33,3
Gangwon,3,1,1,1,2,2,0,4,southkorea,0.33,0.67,0,1.33,0.67,3.03,1.49,4
Pohang Steelers,3,1,1,1,1,3,-2,4,southkorea,0.33,0.67,-2,1.33,0.33,3.03,1.49,4
Daejeon Citizen,4,1,1,2,2,5,-3,4,southkorea,0.25,0.5,-3,1.0,0.5,4.0,2.0,4
Suwon City,3,0,3,0,2,2,0,3,southkorea,0.0,1.0,0,1.0,0.67,0.0,1.0,5
Anyang,3,1,0,2,3,4,-1,3,southkorea,0.33,0.33,-1,1.0,1.0,3.03,3.03,5
Seoul E-Land,5,4,1,0,13,6,7,13,southkorea2,0.8,1.0,7,2.6,2.6,1.25,1.0,1
Incheon Utd,4,3,1,0,6,1,5,10,southkorea2,0.75,1.0,5,2.5,1.5,1.33,1.0,2
Seongnam,4,3,1,0,6,2,4,10,southkorea2,0.75,1.0,4,2.5,1.5,1.33,1.0,2
Suwon Bluewings,3,2,1,0,6,1,5,7,southkorea2,0.67,1.0,5,2.33,2.0,1.49,1.0,3
Bucheon FC,3,2,0,1,6,4,2,6,southkorea2,0.67,0.67,2,2.0,2.0,1.49,1.49,4
Hwaseong,4,1,2,1,4,4,0,5,southkorea2,0.25,0.75,0,1.25,1.0,4.0,1.33,5
Gyeongnam,2,1,1,0,5,2,3,4,southkorea2,0.5,1.0,3,2.0,2.5,2.0,1.0,6
Asan,2,1,1,0,4,2,2,4,southkorea2,0.5,1.0,2,2.0,2.0,2.0,1.0,6
Busan IPark,4,1,1,2,2,3,-1,4,southkorea2,0.25,0.5,-1,1.0,0.5,4.0,2.0,6
Cheonan City,4,1,0,3,2,6,-4,3,southkorea2,0.25,0.25,-4,0.75,0.5,4.0,4.0,7
Gimpo,3,0,1,2,3,5,-2,1,southkorea2,0.0,0.33,-2,0.33,1.0,0.0,3.03,8
Ansan Greeners,4,0,1,3,3,7,-4,1,southkorea2,0.0,0.25,-4,0.25,0.75,0.0,4.0,8
Cheongju,0,0,0,0,0,0,0,0,southkorea2,0.0,0.0,0,0.0,0.0,0.0,0.0,9
Jeonnam,0,0,0,0,0,0,0,0,southkorea2,0.0,0.0,0,0.0,0.0,0.0,0.0,9
FC Barcelona,8,6,1,1,22,5,17,19,spain,0.75,0.88,17,2.38,2.75,1.33,1.14,1
Real Madrid,8,6,1,1,19,9,10,19,spain,0.75,0.88,10,2.38,2.38,1.33,1.14,1
Athletic Bilbao,8,5,3,0,16,3,13,18,spain,0.62,1.0,13,2.25,2.0,1.61,1.0,2
Celta Vigo,8,5,2,1,14,8,6,17,spain,0.62,0.88,6,2.12,1.75,1.61,1.14,3
Atletico Madrid,8,5,2,1,13,9,4,17,spain,0.62,0.88,4,2.12,1.62,1.61,1.14,3
Real Sociedad,8,5,1,2,10,6,4,16,spain,0.62,0.75,4,2.0,1.25,1.61,1.33,4
Valencia,8,5,1,2,11,9,2,16,spain,0.62,0.75,2,2.0,1.38,1.61,1.33,4
Real Betis,8,4,3,1,14,10,4,15,spain,0.5,0.88,4,1.88,1.75,2.0,1.14,5
Espanyol,8,2,6,0,8,6,2,12,spain,0.25,1.0,2,1.5,1.0,4.0,1.0,6
Rayo Vallecano,8,3,3,2,11,13,-2,12,spain,0.38,0.75,-2,1.5,1.38,2.63,1.33,6
Getafe,8,3,2,3,8,7,1,11,spain,0.38,0.62,1,1.38,1.0,2.63,1.61,7
Mallorca,8,3,2,3,11,13,-2,11,spain,0.38,0.62,-2,1.38,1.38,2.63,1.61,7
Villarreal,8,2,4,2,15,9,6,10,spain,0.25,0.75,6,1.25,1.88,4.0,1.33,8
Osasuna,8,1,5,2,13,14,-1,8,spain,0.12,0.75,-1,1.0,1.62,8.33,1.33,9
Girona,8,2,2,4,10,12,-2,8,spain,0.25,0.5,-2,1.0,1.25,4.0,2.0,9
Las Palmas,8,2,2,4,9,13,-4,8,spain,0.25,0.5,-4,1.0,1.12,4.0,2.0,9
Sevilla FC,8,1,4,3,7,11,-4,7,spain,0.12,0.62,-4,0.88,0.88,8.33,1.61,10
Leganes,8,2,1,5,9,18,-9,7,spain,0.25,0.38,-9,0.88,1.12,4.0,2.63,10
Valladolid,8,2,1,5,3,18,-15,7,spain,0.25,0.38,-15,0.88,0.38,4.0,2.63,10
Alaves,8,1,3,4,4,8,-4,6,spain,0.12,0.5,-4,0.75,0.5,8.33,2.0,11
Elche,8,8,0,0,17,3,14,24,spain2,1.0,1.0,14,3.0,2.12,1.0,1.0,1
Mirandes,8,7,1,0,18,6,12,22,spain2,0.88,1.0,12,2.75,2.25,1.14,1.0,2
Huesca,8,6,1,1,16,7,9,19,spain2,0.75,0.88,9,2.38,2.0,1.33,1.14,3
Granada,8,5,3,0,16,5,11,18,spain2,0.62,1.0,11,2.25,2.0,1.61,1.0,4
Levante,8,5,2,1,14,6,8,17,spain2,0.62,0.88,8,2.12,1.75,1.61,1.14,5
Albacete,8,5,2,1,14,7,7,17,spain2,0.62,0.88,7,2.12,1.75,1.61,1.14,5
Racing,8,5,1,2,18,8,10,16,spain2,0.62,0.75,10,2.0,2.25,1.61,1.33,6
Cadiz,8,4,4,0,11,4,7,16,spain2,0.5,1.0,7,2.0,1.38,2.0,1.0,6
Tenerife,8,5,1,2,13,7,6,16,spain2,0.62,0.75,6,2.0,1.62,1.61,1.33,6
Burgos,8,5,1,2,10,6,4,16,spain2,0.62,0.75,4,2.0,1.25,1.61,1.33,6
Almeria,8,3,5,0,11,6,5,14,spain2,0.38,1.0,5,1.75,1.38,2.63,1.0,7
Eibar,8,3,4,1,10,8,2,13,spain2,0.38,0.88,2,1.62,1.25,2.63,1.14,8
Deportivo,8,3,3,2,13,11,2,12,spain2,0.38,0.75,2,1.5,1.62,2.63,1.33,9
Real Oviedo,8,3,3,2,9,8,1,12,spain2,0.38,0.75,1,1.5,1.12,2.63,1.33,9
Castellon,8,3,2,3,13,11,2,11,spain2,0.38,0.62,2,1.38,1.62,2.63,1.61,10
Malaga,8,3,2,3,9,7,2,11,spain2,0.38,0.62,2,1.38,1.12,2.63,1.61,10
Cordoba,8,3,1,4,14,11,3,10,spain2,0.38,0.5,3,1.25,1.75,2.63,2.0,11
Real Zaragoza,8,2,4,2,8,9,-1,10,spain2,0.25,0.75,-1,1.25,1.0,4.0,1.33,11
Sporting Gijon,8,1,4,3,7,11,-4,7,spain2,0.12,0.62,-4,0.88,0.88,8.33,1.61,12
Eldense,8,1,3,4,7,14,-7,6,spain2,0.12,0.5,-7,0.75,0.88,8.33,2.0,13
Cartagena,8,0,2,6,2,9,-7,2,spain2,0.0,0.25,-7,0.25,0.25,0.0,4.0,14
Racing Ferrol,8,0,2,6,3,15,-12,2,spain2,0.0,0.25,-12,0.25,0.38,0.0,4.0,14
Ourense CF,8,6,2,0,9,3,6,20,spain3,0.75,1.0,6,2.5,1.12,1.33,1.0,1
FC Andorra,8,5,2,1,10,4,6,17,spain3,0.62,0.88,6,2.12,1.25,1.61,1.14,2
Zamora,8,5,2,1,10,5,5,17,spain3,0.62,0.88,5,2.12,1.25,1.61,1.14,2
Unionistas,8,5,2,1,11,7,4,17,spain3,0.62,0.88,4,2.12,1.38,1.61,1.14,2
Gimnastic T.,8,5,1,2,18,9,9,16,spain3,0.62,0.75,9,2.0,2.25,1.61,1.33,3
Ponferradina,8,5,0,3,13,5,8,15,spain3,0.62,0.62,8,1.88,1.62,1.61,1.61,4
Leonesa,8,4,3,1,14,10,4,15,spain3,0.5,0.88,4,1.88,1.75,2.0,1.14,4
Celta Vigo B,8,4,2,2,13,8,5,14,spain3,0.5,0.75,5,1.75,1.62,2.0,1.33,5
Real Union,8,4,1,3,13,7,6,13,spain3,0.5,0.62,6,1.62,1.62,2.0,1.61,6
Amorebieta,8,3,4,1,13,8,5,13,spain3,0.38,0.88,5,1.62,1.62,2.63,1.14,6
Real Sociedad B,8,3,3,2,13,9,4,12,spain3,0.38,0.75,4,1.5,1.62,2.63,1.33,7
Athletic B. B,8,3,3,2,11,10,1,12,spain3,0.38,0.75,1,1.5,1.38,2.63,1.33,7
Sestao River,8,3,3,2,8,7,1,12,spain3,0.38,0.75,1,1.5,1.0,2.63,1.33,7
Arenteiro,8,3,2,3,13,9,4,11,spain3,0.38,0.62,4,1.38,1.62,2.63,1.61,8
Barakaldo,8,3,2,3,11,11,0,11,spain3,0.38,0.62,0,1.38,1.38,2.63,1.61,8
Tarazona,8,2,4,2,6,6,0,10,spain3,0.25,0.75,0,1.25,0.75,4.0,1.33,9
Lugo,8,3,0,5,9,13,-4,9,spain3,0.38,0.38,-4,1.12,1.12,2.63,2.63,10
FC Barcelona B,8,1,4,3,11,15,-4,7,spain3,0.12,0.62,-4,0.88,1.38,8.33,1.61,11
Osasuna B,8,1,4,3,9,14,-5,7,spain3,0.12,0.62,-5,0.88,1.12,8.33,1.61,11
Gimnastica,8,1,3,4,7,12,-5,6,spain3,0.12,0.5,-5,0.75,0.88,8.33,2.0,12
Merida,8,7,0,1,17,12,5,21,spain4,0.88,0.88,5,2.62,2.12,1.14,1.14,1
Ceuta,8,6,2,0,16,6,10,20,spain4,0.75,1.0,10,2.5,2.0,1.33,1.0,2
Real Madrid B,8,5,3,0,16,4,12,18,spain4,0.62,1.0,12,2.25,2.0,1.61,1.0,3
Hercules,8,5,2,1,15,8,7,17,spain4,0.62,0.88,7,2.12,1.88,1.61,1.14,4
Alcorcon,8,5,2,1,12,5,7,17,spain4,0.62,0.88,7,2.12,1.5,1.61,1.14,4
Atletico M. B,8,5,2,1,11,5,6,17,spain4,0.62,0.88,6,2.12,1.38,1.61,1.14,4
Sevilla FC B,8,5,1,2,7,2,5,16,spain4,0.62,0.75,5,2.0,0.88,1.61,1.33,5
UD Ibiza,8,4,2,2,14,9,5,14,spain4,0.5,0.75,5,1.75,1.75,2.0,1.33,6
Antequera,8,4,2,2,14,13,1,14,spain4,0.5,0.75,1,1.75,1.75,2.0,1.33,6
Real Murcia,8,4,1,3,10,7,3,13,spain4,0.5,0.62,3,1.62,1.25,2.0,1.61,7
Algeciras,8,3,4,1,6,6,0,13,spain4,0.38,0.88,0,1.62,0.75,2.63,1.14,7
Sanluqueno,8,3,3,2,9,7,2,12,spain4,0.38,0.75,2,1.5,1.12,2.63,1.33,8
Fuenlabrada,8,2,4,2,9,7,2,10,spain4,0.25,0.75,2,1.25,1.12,4.0,1.33,9
Recreativo H.,8,2,4,2,8,10,-2,10,spain4,0.25,0.75,-2,1.25,1.0,4.0,1.33,9
Intercity,8,1,5,2,11,11,0,8,spain4,0.12,0.75,0,1.0,1.38,8.33,1.33,10
Villarreal B,8,2,2,4,9,9,0,8,spain4,0.25,0.5,0,1.0,1.12,4.0,2.0,10
Yeclano,8,1,5,2,7,7,0,8,spain4,0.12,0.75,0,1.0,0.88,8.33,1.33,10
Alcoyano,8,1,4,3,5,8,-3,7,spain4,0.12,0.62,-3,0.88,0.62,8.33,1.61,11
Real Betis B,8,2,1,5,8,16,-8,7,spain4,0.25,0.38,-8,0.88,1.0,4.0,2.63,11
Marbella,8,1,2,5,10,19,-9,5,spain4,0.12,0.38,-9,0.62,1.25,8.33,2.63,12
Pontevedra,8,8,0,0,15,3,12,24,spain5,1.0,1.0,12,3.0,1.88,1.0,1.0,1
Numancia,8,5,3,0,15,6,9,18,spain5,0.62,1.0,9,2.25,1.88,1.61,1.0,2
Real Aviles,8,5,2,1,13,7,6,17,spain5,0.62,0.88,6,2.12,1.62,1.61,1.14,3
Marino de L.,8,5,1,2,12,5,7,16,spain5,0.62,0.75,7,2.0,1.5,1.61,1.33,4
Coruxo,8,4,2,2,12,6,6,14,spain5,0.5,0.75,6,1.75,1.5,2.0,1.33,5
Bergantinos,8,4,2,2,15,12,3,14,spain5,0.5,0.75,3,1.75,1.88,2.0,1.33,5
Langreo,8,4,2,2,11,8,3,14,spain5,0.5,0.75,3,1.75,1.38,2.0,1.33,5
Real Avila,8,4,1,3,12,8,4,13,spain5,0.5,0.62,4,1.62,1.5,2.0,1.61,6
Escobedo,8,3,4,1,6,3,3,13,spain5,0.38,0.88,3,1.62,0.75,2.63,1.14,6
Valladolid B,8,3,3,2,9,4,5,12,spain5,0.38,0.75,5,1.5,1.12,2.63,1.33,7
D. Fabril,8,3,3,2,8,4,4,12,spain5,0.38,0.75,4,1.5,1.0,2.63,1.33,7
Llanera,8,3,3,2,10,9,1,12,spain5,0.38,0.75,1,1.5,1.25,2.63,1.33,7
Rayo Cantabria,8,3,3,2,9,8,1,12,spain5,0.38,0.75,1,1.5,1.12,2.63,1.33,7
Guijuelo,8,3,3,2,8,7,1,12,spain5,0.38,0.75,1,1.5,1.0,2.63,1.33,7
Torrelavega,8,2,4,2,6,3,3,10,spain5,0.25,0.75,3,1.25,0.75,4.0,1.33,8
Salamanca CF,8,2,3,3,9,10,-1,9,spain5,0.25,0.62,-1,1.12,1.12,4.0,1.61,9
Compostela,8,2,3,3,9,12,-3,9,spain5,0.25,0.62,-3,1.12,1.12,4.0,1.61,9
Laredo,8,2,3,3,7,11,-4,9,spain5,0.25,0.62,-4,1.12,0.88,4.0,1.61,9
Teruel,8,7,0,1,14,3,11,21,spain6,0.88,0.88,11,2.62,1.75,1.14,1.14,1
Calahorra,8,5,1,2,10,7,3,16,spain6,0.62,0.75,3,2.0,1.25,1.61,1.33,2
Barbastro,8,4,3,1,12,5,7,15,spain6,0.5,0.88,7,1.88,1.5,2.0,1.14,3
Ejea,8,4,3,1,9,4,5,15,spain6,0.5,0.88,5,1.88,1.12,2.0,1.14,3
UD Logrones,8,3,5,0,13,3,10,14,spain6,0.38,1.0,10,1.75,1.62,2.63,1.0,4
SD Logrones,8,4,2,2,12,5,7,14,spain6,0.5,0.75,7,1.75,1.5,2.0,1.33,4
Utebo,8,4,2,2,13,9,4,14,spain6,0.5,0.75,4,1.75,1.62,2.0,1.33,4
Arenas Club,8,4,2,2,10,7,3,14,spain6,0.5,0.75,3,1.75,1.25,2.0,1.33,4
Real Sociedad C,8,4,1,3,14,10,4,13,spain6,0.5,0.62,4,1.62,1.75,2.0,1.61,5
Alfaro,8,3,4,1,4,2,2,13,spain6,0.38,0.88,2,1.62,0.5,2.63,1.14,5
Eibar B,8,3,3,2,9,6,3,12,spain6,0.38,0.75,3,1.5,1.12,2.63,1.33,6
Real Zaragoza B,8,3,1,4,9,13,-4,10,spain6,0.38,0.5,-4,1.25,1.12,2.63,2.0,7
Gernika,8,2,3,3,9,15,-6,9,spain6,0.25,0.62,-6,1.12,1.12,4.0,1.61,8
Subiza,8,2,2,4,8,13,-5,8,spain6,0.25,0.5,-5,1.0,1.0,4.0,2.0,9
Alaves B,8,2,1,5,5,8,-3,7,spain6,0.25,0.38,-3,0.88,0.62,4.0,2.63,10
Anguiano,8,2,1,5,9,15,-6,7,spain6,0.25,0.38,-6,0.88,1.12,4.0,2.63,10
Tudelano,8,1,2,5,7,12,-5,5,spain6,0.12,0.38,-5,0.62,0.88,8.33,2.63,11
Izarra,8,0,2,6,4,13,-9,2,spain6,0.0,0.25,-9,0.25,0.5,0.0,4.0,12
Europa,8,7,1,0,13,5,8,22,spain7,0.88,1.0,8,2.75,1.62,1.14,1.0,1
Espanyol B,8,5,1,2,15,9,6,16,spain7,0.62,0.75,6,2.0,1.88,1.61,1.33,2
Valencia B,8,5,0,3,15,9,6,15,spain7,0.62,0.62,6,1.88,1.88,1.61,1.61,3
Sant Andreu,8,4,2,2,17,5,12,14,spain7,0.5,0.75,12,1.75,2.12,2.0,1.33,4
SD Ibiza,8,4,2,2,12,8,4,14,spain7,0.5,0.75,4,1.75,1.5,2.0,1.33,4
Torrent,8,4,2,2,9,5,4,14,spain7,0.5,0.75,4,1.75,1.12,2.0,1.33,4
A. Baleares,8,3,4,1,12,6,6,13,spain7,0.38,0.88,6,1.62,1.5,2.63,1.14,5
Cornella,8,3,4,1,14,11,3,13,spain7,0.38,0.88,3,1.62,1.75,2.63,1.14,5
Elche B,8,4,1,3,11,9,2,13,spain7,0.5,0.62,2,1.62,1.38,2.0,1.61,5
Andratx,8,4,1,3,7,9,-2,13,spain7,0.5,0.62,-2,1.62,0.88,2.0,1.61,5
Olot,8,3,3,2,9,7,2,12,spain7,0.38,0.75,2,1.5,1.12,2.63,1.33,6
Terrassa,8,3,3,2,6,5,1,12,spain7,0.38,0.75,1,1.5,0.75,2.63,1.33,6
Sabadell,8,2,4,2,11,8,3,10,spain7,0.25,0.75,3,1.25,1.38,4.0,1.33,7
Lleida,8,1,5,2,8,9,-1,8,spain7,0.12,0.75,-1,1.0,1.0,8.33,1.33,8
Pena Deportiva,8,1,4,3,8,10,-2,7,spain7,0.12,0.62,-2,0.88,1.0,8.33,1.61,9
Mallorca B,8,1,1,6,5,12,-7,4,spain7,0.12,0.25,-7,0.5,0.62,8.33,4.0,10
Alzira,8,1,1,6,5,13,-8,4,spain7,0.12,0.25,-8,0.5,0.62,8.33,4.0,10
Badalona,8,0,2,6,2,11,-9,2,spain7,0.0,0.25,-9,0.25,0.25,0.0,4.0,11
La Union,8,6,1,1,10,4,6,19,spain8,0.75,0.88,6,2.38,1.25,1.33,1.14,1
Linares,8,5,1,2,12,6,6,16,spain8,0.62,0.75,6,2.0,1.5,1.61,1.33,2
Torremolinos,8,5,1,2,10,8,2,16,spain8,0.62,0.75,2,2.0,1.25,1.61,1.33,2
CD Estepona,8,4,3,1,14,8,6,15,spain8,0.5,0.88,6,1.88,1.75,2.0,1.14,3
Almeria B,8,5,0,3,10,8,2,15,spain8,0.62,0.62,2,1.88,1.25,1.61,1.61,3
San Fernando,8,4,2,2,11,7,4,14,spain8,0.5,0.75,4,1.75,1.38,2.0,1.33,4
Xerez CD,8,4,2,2,8,5,3,14,spain8,0.5,0.75,3,1.75,1.0,2.0,1.33,4
Orihuela,8,4,2,2,5,3,2,14,spain8,0.5,0.75,2,1.75,0.62,2.0,1.33,4
UCAM Murcia,8,3,3,2,8,3,5,12,spain8,0.38,0.75,5,1.5,1.0,2.63,1.33,5
Cadiz B,8,3,3,2,8,7,1,12,spain8,0.38,0.75,1,1.5,1.0,2.63,1.33,5
Aguilas CF,8,3,3,2,7,7,0,12,spain8,0.38,0.75,0,1.5,0.88,2.63,1.33,5
Antoniano,8,3,3,2,6,7,-1,12,spain8,0.38,0.75,-1,1.5,0.75,2.63,1.33,5
Xerez D. FC,8,3,2,3,5,5,0,11,spain8,0.38,0.62,0,1.38,0.62,2.63,1.61,6
Villanovense,8,3,2,3,9,10,-1,11,spain8,0.38,0.62,-1,1.38,1.12,2.63,1.61,6
D. Minera,8,1,4,3,7,8,-1,7,spain8,0.12,0.62,-1,0.88,0.88,8.33,1.61,7
Linense,8,1,2,5,5,11,-6,5,spain8,0.12,0.38,-6,0.62,0.62,8.33,2.63,8
Granada B,8,0,3,5,5,12,-7,3,spain8,0.0,0.38,-7,0.38,0.62,0.0,2.63,9
Don Benito,8,0,2,6,3,11,-8,2,spain8,0.0,0.25,-8,0.25,0.38,0.0,4.0,10
Guadalajara,8,7,1,0,14,1,13,22,spain9,0.88,1.0,13,2.75,1.75,1.14,1.0,1
Navalcarnero,8,6,0,2,15,9,6,18,spain9,0.75,0.75,6,2.25,1.88,1.33,1.33,2
Cacereno,8,5,2,1,14,8,6,17,spain9,0.62,0.88,6,2.12,1.75,1.61,1.14,3
CD Coria,8,5,2,1,14,10,4,17,spain9,0.62,0.88,4,2.12,1.75,1.61,1.14,3
Conquense,8,5,1,2,14,7,7,16,spain9,0.62,0.75,7,2.0,1.75,1.61,1.33,4
S. Sebastian R.,8,5,1,2,11,7,4,16,spain9,0.62,0.75,4,2.0,1.38,1.61,1.33,4
Melilla,8,4,3,1,12,7,5,15,spain9,0.5,0.88,5,1.88,1.5,2.0,1.14,5
Tenerife B,8,4,2,2,14,12,2,14,spain9,0.5,0.75,2,1.75,1.75,2.0,1.33,6
Talavera CF,8,3,3,2,13,6,7,12,spain9,0.38,0.75,7,1.5,1.62,2.63,1.33,7
Real Madrid C,8,3,3,2,9,7,2,12,spain9,0.38,0.75,2,1.5,1.12,2.63,1.33,7
R. Majadahonda,8,3,3,2,7,6,1,12,spain9,0.38,0.75,1,1.5,0.88,2.63,1.33,7
Getafe B,8,2,5,1,9,6,3,11,spain9,0.25,0.88,3,1.38,1.12,4.0,1.14,8
Union Adarve,8,2,4,2,6,6,0,10,spain9,0.25,0.75,0,1.25,0.75,4.0,1.33,9
Atletico Paso,8,2,3,3,9,10,-1,9,spain9,0.25,0.62,-1,1.12,1.12,4.0,1.61,10
CD Mostoles,8,3,0,5,10,12,-2,9,spain9,0.38,0.38,-2,1.12,1.25,2.63,2.63,10
Illescas,8,3,0,5,7,12,-5,9,spain9,0.38,0.38,-5,1.12,0.88,2.63,2.63,10
Colonia M.,8,2,1,5,6,15,-9,7,spain9,0.25,0.38,-9,0.88,0.75,4.0,2.63,11
Yaiza,8,1,2,5,3,11,-8,5,spain9,0.12,0.38,-8,0.62,0.38,8.33,2.63,12
Hammarby,1,1,0,0,4,0,4,3,sweden,1.0,1.0,4,3.0,4.0,1.0,1.0,1
Hacken,1,1,0,0,2,0,2,3,sweden,1.0,1.0,2,3.0,2.0,1.0,1.0,1
Oster,1,1,0,0,2,0,2,3,sweden,1.0,1.0,2,3.0,2.0,1.0,1.0,1
AIK,1,1,0,0,4,3,1,3,sweden,1.0,1.0,1,3.0,4.0,1.0,1.0,1
Norrkoping,1,1,0,0,4,3,1,3,sweden,1.0,1.0,1,3.0,4.0,1.0,1.0,1
Degerfors,1,1,0,0,1,0,1,3,sweden,1.0,1.0,1,3.0,1.0,1.0,1.0,1
IFK Goteborg,1,1,0,0,1,0,1,3,sweden,1.0,1.0,1,3.0,1.0,1.0,1.0,1
Elfsborg,1,0,1,0,2,2,0,1,sweden,0.0,1.0,0,1.0,2.0,0.0,1.0,2
Mjallby,1,0,1,0,1,1,0,1,sweden,0.0,1.0,0,1.0,1.0,0.0,1.0,2
Malmo FF,0,0,0,0,0,0,0,0,sweden,0.0,0.0,0,0.0,0.0,0.0,0.0,3
Varnamo,1,0,0,1,1,2,-1,0,sweden,0.0,0.0,-1,0.0,1.0,0.0,0.0,3
Djurgarden,1,0,0,1,0,1,-1,0,sweden,0.0,0.0,-1,0.0,0.0,0.0,0.0,3
GAIS,1,0,0,1,0,1,-1,0,sweden,0.0,0.0,-1,0.0,0.0,0.0,0.0,3
Sirius,1,0,0,1,0,1,-1,0,sweden,0.0,0.0,-1,0.0,0.0,0.0,0.0,3
Brommapojkarna,1,0,0,1,0,2,-2,0,sweden,0.0,0.0,-2,0.0,0.0,0.0,0.0,3
Halmstad,1,0,0,1,0,5,-5,0,sweden,0.0,0.0,-5,0.0,0.0,0.0,0.0,3
GIF Sundsvall,1,1,0,0,2,0,2,3,sweden2,1.0,1.0,2,3.0,2.0,1.0,1.0,1
Orgryte,1,1,0,0,2,1,1,3,sweden2,1.0,1.0,1,3.0,2.0,1.0,1.0,1
Kalmar,1,1,0,0,1,0,1,3,sweden2,1.0,1.0,1,3.0,1.0,1.0,1.0,1
Oddevold,1,1,0,0,1,0,1,3,sweden2,1.0,1.0,1,3.0,1.0,1.0,1.0,1
Ostersunds,1,0,1,0,3,3,0,1,sweden2,0.0,1.0,0,1.0,3.0,0.0,1.0,2
Falkenberg,1,0,1,0,2,2,0,1,sweden2,0.0,1.0,0,1.0,2.0,0.0,1.0,2
Landskrona,1,0,1,0,2,2,0,1,sweden2,0.0,1.0,0,1.0,2.0,0.0,1.0,2
Sandviken,1,0,1,0,0,0,0,1,sweden2,0.0,1.0,0,1.0,0.0,0.0,1.0,2
Brage,0,0,0,0,0,0,0,0,sweden2,0.0,0.0,0,0.0,0.0,0.0,0.0,3
Varberg BoIS,0,0,0,0,0,0,0,0,sweden2,0.0,0.0,0,0.0,0.0,0.0,0.0,3
Vasteras,0,0,0,0,0,0,0,0,sweden2,0.0,0.0,0,0.0,0.0,0.0,0.0,3
Helsingborg,1,0,0,1,1,2,-1,0,sweden2,0.0,0.0,-1,0.0,1.0,0.0,0.0,3
Trelleborg,1,0,0,1,0,1,-1,0,sweden2,0.0,0.0,-1,0.0,0.0,0.0,0.0,3
Umea,1,0,0,1,0,1,-1,0,sweden2,0.0,0.0,-1,0.0,0.0,0.0,0.0,3
Orebro,1,0,0,1,0,2,-2,0,sweden2,0.0,0.0,-2,0.0,0.0,0.0,0.0,3
Utsikten,1,0,0,1,0,2,-2,0,sweden2,0.0,0.0,-2,0.0,0.0,0.0,0.0,3
BSC Young Boys,8,6,2,0,19,4,15,20,switzerland,0.75,1.0,15,2.5,2.38,1.33,1.0,1
FC Basel,8,5,1,2,14,7,7,16,switzerland,0.62,0.75,7,2.0,1.75,1.61,1.33,2
Luzern,8,4,3,1,14,11,3,15,switzerland,0.5,0.88,3,1.88,1.75,2.0,1.14,3
St. Gallen,8,4,3,1,12,9,3,15,switzerland,0.5,0.88,3,1.88,1.5,2.0,1.14,3
Sion,8,4,2,2,16,12,4,14,switzerland,0.5,0.75,4,1.75,2.0,2.0,1.33,4
Servette,8,3,3,2,13,9,4,12,switzerland,0.38,0.75,4,1.5,1.62,2.63,1.33,5
Lausanne Sport,8,3,2,3,13,10,3,11,switzerland,0.38,0.62,3,1.38,1.62,2.63,1.61,6
Yverdon,8,3,2,3,8,7,1,11,switzerland,0.38,0.62,1,1.38,1.0,2.63,1.61,6
Lugano,8,3,2,3,11,15,-4,11,switzerland,0.38,0.62,-4,1.38,1.38,2.63,1.61,6
Grasshopper,8,2,4,2,10,9,1,10,switzerland,0.25,0.75,1,1.25,1.25,4.0,1.33,7
FC Zurich,8,3,1,4,10,13,-3,10,switzerland,0.38,0.5,-3,1.25,1.25,2.63,2.0,7
Winterthur,8,2,1,5,11,14,-3,7,switzerland,0.25,0.38,-3,0.88,1.38,4.0,2.63,8
Etoile Carouge,8,5,3,0,18,7,11,18,switzerland2,0.62,1.0,11,2.25,2.25,1.61,1.0,1
Aarau,8,5,3,0,14,6,8,18,switzerland2,0.62,1.0,8,2.25,1.75,1.61,1.0,1
Thun,8,5,2,1,15,8,7,17,switzerland2,0.62,0.88,7,2.12,1.88,1.61,1.14,2
Vaduz,8,4,2,2,12,9,3,14,switzerland2,0.5,0.75,3,1.75,1.5,2.0,1.33,3
Lausanne Ouchy,8,4,1,3,16,11,5,13,switzerland2,0.5,0.62,5,1.62,2.0,2.0,1.61,4
Wil,8,3,2,3,12,14,-2,11,switzerland2,0.38,0.62,-2,1.38,1.5,2.63,1.61,5
Stade Nyonnais,8,3,1,4,10,10,0,10,switzerland2,0.38,0.5,0,1.25,1.25,2.63,2.0,6
Neuchatel Xamax,8,2,2,4,16,15,1,8,switzerland2,0.25,0.5,1,1.0,2.0,4.0,2.0,7
Bellinzona,8,1,3,4,7,12,-5,6,switzerland2,0.12,0.5,-5,0.75,0.88,8.33,2.0,8
Schaffhausen,8,1,2,5,8,14,-6,5,switzerland2,0.12,0.38,-6,0.62,1.0,8.33,2.63,9
Buriram Utd,8,7,0,1,33,2,31,21,thailand,0.88,0.88,31,2.62,4.12,1.14,1.14,1
Chiangrai Utd,8,7,0,1,12,3,9,21,thailand,0.88,0.88,9,2.62,1.5,1.14,1.14,1
Bangkok Utd,8,6,2,0,19,9,10,20,thailand,0.75,1.0,10,2.5,2.38,1.33,1.0,2
Pathum Utd,8,6,0,2,11,5,6,18,thailand,0.75,0.75,6,2.25,1.38,1.33,1.33,3
Prachuap,8,5,2,1,17,8,9,17,thailand,0.62,0.88,9,2.12,2.12,1.61,1.14,4
Ratchaburi,8,5,2,1,15,7,8,17,thailand,0.62,0.88,8,2.12,1.88,1.61,1.14,4
Muang Thong Utd,8,5,0,3,15,11,4,15,thailand,0.62,0.62,4,1.88,1.88,1.61,1.61,5
Port FC,8,3,4,1,14,11,3,13,thailand,0.38,0.88,3,1.62,1.75,2.63,1.14,6
Sukhothai,8,4,1,3,14,13,1,13,thailand,0.5,0.62,1,1.62,1.75,2.0,1.61,6
Lamphun Warrior,8,4,1,3,10,10,0,13,thailand,0.5,0.62,0,1.62,1.25,2.0,1.61,6
Uthai Thani,8,3,3,2,11,6,5,12,thailand,0.38,0.75,5,1.5,1.38,2.63,1.33,7
N. Bua Pitchaya,8,2,5,1,11,7,4,11,thailand,0.25,0.88,4,1.38,1.38,4.0,1.14,8
Nakhon Pathom,8,3,1,4,11,16,-5,10,thailand,0.38,0.5,-5,1.25,1.38,2.63,2.0,9
Rayong,8,2,3,3,14,17,-3,9,thailand,0.25,0.62,-3,1.12,1.75,4.0,1.61,10
N. Ratchasima,8,2,3,3,14,21,-7,9,thailand,0.25,0.62,-7,1.12,1.75,4.0,1.61,10
Khon Kaen Utd,8,1,2,5,9,17,-8,5,thailand,0.12,0.38,-8,0.62,1.12,8.33,2.63,11
Chonburi,8,7,1,0,24,9,15,22,thailand2,0.88,1.0,15,2.75,3.0,1.14,1.0,1
Ayutthaya Utd,8,6,2,0,17,4,13,20,thailand2,0.75,1.0,13,2.5,2.12,1.33,1.0,2
Lampang,8,5,2,1,18,10,8,17,thailand2,0.62,0.88,8,2.12,2.25,1.61,1.14,3
Kasetsart,8,5,2,1,8,3,5,17,thailand2,0.62,0.88,5,2.12,1.0,1.61,1.14,3
Phrae Utd,8,4,2,2,19,9,10,14,thailand2,0.5,0.75,10,1.75,2.38,2.0,1.33,4
Chainat,8,4,2,2,10,7,3,14,thailand2,0.5,0.75,3,1.75,1.25,2.0,1.33,4
Police Tero,8,4,2,2,9,6,3,14,thailand2,0.5,0.75,3,1.75,1.12,2.0,1.33,4
Sisaket Utd,8,4,2,2,8,6,2,14,thailand2,0.5,0.75,2,1.75,1.0,2.0,1.33,4
Nakhon Si,8,4,1,3,15,12,3,13,thailand2,0.5,0.62,3,1.62,1.88,2.0,1.61,5
Chanthaburi,8,4,1,3,10,8,2,13,thailand2,0.5,0.62,2,1.62,1.25,2.0,1.61,5
Suphanburi,8,3,3,2,19,15,4,12,thailand2,0.38,0.75,4,1.5,2.38,2.63,1.33,6
Trat FC,8,3,2,3,16,13,3,11,thailand2,0.38,0.62,3,1.38,2.0,2.63,1.61,7
Kanchanaburi,8,3,2,3,13,11,2,11,thailand2,0.38,0.62,2,1.38,1.62,2.63,1.61,7
Chiangmai Utd,8,3,2,3,12,13,-1,11,thailand2,0.38,0.62,-1,1.38,1.5,2.63,1.61,7
Bangkok FC,8,2,4,2,9,11,-2,10,thailand2,0.25,0.75,-2,1.25,1.12,4.0,1.33,8
Mahasarakham,8,2,2,4,11,14,-3,8,thailand2,0.25,0.5,-3,1.0,1.38,4.0,2.0,9
Pattaya United,8,2,1,5,4,12,-8,7,thailand2,0.25,0.38,-8,0.88,0.5,4.0,2.63,10
Samut Prakan,0,0,0,0,0,0,0,0,thailand2,0.0,0.0,0,0.0,0.0,0.0,0.0,11
Fenerbahce,8,7,1,0,21,8,13,22,turkey,0.88,1.0,13,2.75,2.62,1.14,1.0,1
Galatasaray,8,6,2,0,19,8,11,20,turkey,0.75,1.0,11,2.5,2.38,1.33,1.0,2
Gaziantep,8,6,1,1,10,3,7,19,turkey,0.75,0.88,7,2.38,1.25,1.33,1.14,3
Goztepe,8,5,2,1,17,5,12,17,turkey,0.62,0.88,12,2.12,2.12,1.61,1.14,4
Trabzonspor,8,5,2,1,18,7,11,17,turkey,0.62,0.88,11,2.12,2.25,1.61,1.14,4
Besiktas,8,5,2,1,11,6,5,17,turkey,0.62,0.88,5,2.12,1.38,1.61,1.14,4
Antalyaspor,8,5,2,1,12,9,3,17,turkey,0.62,0.88,3,2.12,1.5,1.61,1.14,4
Samsunspor,8,5,1,2,16,10,6,16,turkey,0.62,0.75,6,2.0,2.0,1.61,1.33,5
Kayserispor,8,5,1,2,15,9,6,16,turkey,0.62,0.75,6,2.0,1.88,1.61,1.33,5
Alanyaspor,8,5,0,3,16,13,3,15,turkey,0.62,0.62,3,1.88,2.0,1.61,1.61,6
Eyupspor,8,4,2,2,13,9,4,14,turkey,0.5,0.75,4,1.75,1.62,2.0,1.33,7
Konyaspor,8,4,2,2,12,9,3,14,turkey,0.5,0.75,3,1.75,1.5,2.0,1.33,7
Kasimpasa,8,4,2,2,19,18,1,14,turkey,0.5,0.75,1,1.75,2.38,2.0,1.33,7
Basaksehir,8,4,1,3,11,8,3,13,turkey,0.5,0.62,3,1.62,1.38,2.0,1.61,8
Sivasspor,8,3,3,2,17,11,6,12,turkey,0.38,0.75,6,1.5,2.12,2.63,1.33,9
Rizespor,8,3,3,2,13,10,3,12,turkey,0.38,0.75,3,1.5,1.62,2.63,1.33,9
Bodrumspor,8,3,2,3,7,7,0,11,turkey,0.38,0.62,0,1.38,0.88,2.63,1.61,10
Hatayspor,8,2,2,4,10,13,-3,8,turkey,0.25,0.5,-3,1.0,1.25,4.0,2.0,11
Adana Demirspor,8,1,2,5,6,15,-9,5,turkey,0.12,0.38,-9,0.62,0.75,8.33,2.63,12
Istanbulspor,8,8,0,0,24,2,22,24,turkey2,1.0,1.0,22,3.0,3.0,1.0,1.0,1
Genclerbirligi,8,6,1,1,15,3,12,19,turkey2,0.75,0.88,12,2.38,1.88,1.33,1.14,2
Corum,8,5,2,1,19,10,9,17,turkey2,0.62,0.88,9,2.12,2.38,1.61,1.14,3
Kocaelispor,8,5,2,1,14,5,9,17,turkey2,0.62,0.88,9,2.12,1.75,1.61,1.14,3
Umraniyespor,8,4,4,0,7,3,4,16,turkey2,0.5,1.0,4,2.0,0.88,2.0,1.0,4
Igdir,8,4,2,2,10,4,6,14,turkey2,0.5,0.75,6,1.75,1.25,2.0,1.33,5
Bandirmaspor,8,4,2,2,14,11,3,14,turkey2,0.5,0.75,3,1.75,1.75,2.0,1.33,5
Amed SK,8,3,4,1,12,7,5,13,turkey2,0.38,0.88,5,1.62,1.5,2.63,1.14,6
Erokspor,8,3,4,1,12,8,4,13,turkey2,0.38,0.88,4,1.62,1.5,2.63,1.14,6
Sakaryaspor,8,3,3,2,15,11,4,12,turkey2,0.38,0.75,4,1.5,1.88,2.63,1.33,7
Pendikspor,8,3,3,2,11,8,3,12,turkey2,0.38,0.75,3,1.5,1.38,2.63,1.33,7
Adanaspor,8,3,3,2,9,7,2,12,turkey2,0.38,0.75,2,1.5,1.12,2.63,1.33,7
F. Karagumruk,8,3,3,2,8,8,0,12,turkey2,0.38,0.75,0,1.5,1.0,2.63,1.33,7
Boluspor,8,2,4,2,6,7,-1,10,turkey2,0.25,0.75,-1,1.25,0.75,4.0,1.33,8
Ankaragucu,8,3,0,5,10,11,-1,9,turkey2,0.38,0.38,-1,1.12,1.25,2.63,2.63,9
Erzurum BB,8,2,3,3,7,8,-1,9,turkey2,0.25,0.62,-1,1.12,0.88,4.0,1.61,9
Keciorengucu,8,2,2,4,19,14,5,8,turkey2,0.25,0.5,5,1.0,2.38,4.0,2.0,10
Sanliurfaspor,8,2,2,4,5,8,-3,8,turkey2,0.25,0.5,-3,1.0,0.62,4.0,2.0,10
Manisa BB,8,1,1,6,5,13,-8,4,turkey2,0.12,0.25,-8,0.5,0.62,8.33,4.0,11
Y. Malatyaspor,8,0,0,8,4,32,-28,0,turkey2,0.0,0.0,-28,0.0,0.5,0.0,0.0,12
Sariyer,8,7,1,0,26,5,21,22,turkey3,0.88,1.0,21,2.75,3.25,1.14,1.0,1
B. Petrolspor,8,7,1,0,16,4,12,22,turkey3,0.88,1.0,12,2.75,2.0,1.14,1.0,1
Kastamonuspor,8,6,2,0,15,2,13,20,turkey3,0.75,1.0,13,2.5,1.88,1.33,1.0,2
Adana,8,6,1,1,24,6,18,19,turkey3,0.75,0.88,18,2.38,3.0,1.33,1.14,3
Iskenderun,8,5,3,0,20,9,11,18,turkey3,0.62,1.0,11,2.25,2.5,1.61,1.0,4
B. Anadolu,8,5,1,2,13,11,2,16,turkey3,0.62,0.75,2,2.0,1.62,1.61,1.33,5
Fethiyespor,8,4,3,1,9,5,4,15,turkey3,0.5,0.88,4,1.88,1.12,2.0,1.14,6
Inegolspor,8,3,5,0,12,7,5,14,turkey3,0.38,1.0,5,1.75,1.5,2.63,1.0,7
Trabzon FK,8,4,2,2,7,6,1,14,turkey3,0.5,0.75,1,1.75,0.88,2.0,1.33,7
Altinordu,8,3,4,1,13,10,3,13,turkey3,0.38,0.88,3,1.62,1.62,2.63,1.14,8
Ankaraspor,8,3,3,2,16,6,10,12,turkey3,0.38,0.75,10,1.5,2.0,2.63,1.33,9
Isparta Davrazs,8,3,2,3,11,10,1,11,turkey3,0.38,0.62,1,1.38,1.38,2.63,1.61,10
Kirklarelispor,8,3,1,4,8,8,0,10,turkey3,0.38,0.5,0,1.25,1.0,2.63,2.0,11
Altay,8,3,0,5,10,16,-6,9,turkey3,0.38,0.38,-6,1.12,1.25,2.63,2.63,12
24 Erzincanspor,8,2,2,4,10,15,-5,8,turkey3,0.25,0.5,-5,1.0,1.25,4.0,2.0,13
Kepez Belediyes,8,2,1,5,8,14,-6,7,turkey3,0.25,0.38,-6,0.88,1.0,4.0,2.63,14
Karakopru,8,1,3,4,9,12,-3,6,turkey3,0.12,0.5,-3,0.75,1.12,8.33,2.0,15
Afyonspor,8,0,0,8,1,27,-26,0,turkey3,0.0,0.0,-26,0.0,0.12,0.0,0.0,16
Elazigspor,8,7,1,0,21,6,15,22,turkey4,0.88,1.0,15,2.75,2.62,1.14,1.0,1
Menemen B.,8,6,2,0,19,9,10,20,turkey4,0.75,1.0,10,2.5,2.38,1.33,1.0,2
Van Spor,8,5,3,0,19,6,13,18,turkey4,0.62,1.0,13,2.25,2.38,1.61,1.0,3
Erbaaspor,8,6,0,2,16,10,6,18,turkey4,0.75,0.75,6,2.25,2.0,1.33,1.33,3
Aksaray B.,8,5,2,1,19,10,9,17,turkey4,0.62,0.88,9,2.12,2.38,1.61,1.14,4
Karacabey,8,5,2,1,14,10,4,17,turkey4,0.62,0.88,4,2.12,1.75,1.61,1.14,4
Beyoglu Yeni C.,8,5,2,1,13,9,4,17,turkey4,0.62,0.88,4,2.12,1.62,1.61,1.14,4
Serik Belediyes,8,4,3,1,22,10,12,15,turkey4,0.5,0.88,12,1.88,2.75,2.0,1.14,5
Bucaspor,8,4,2,2,11,8,3,14,turkey4,0.5,0.75,3,1.75,1.38,2.0,1.33,6
Diyarbekirspor,8,4,2,2,7,5,2,14,turkey4,0.5,0.75,2,1.75,0.88,2.0,1.33,6
A. Demirspor,8,3,4,1,10,7,3,13,turkey4,0.38,0.88,3,1.62,1.25,2.63,1.14,7
Arnavutkoy B.,8,3,2,3,14,16,-2,11,turkey4,0.38,0.62,-2,1.38,1.75,2.63,1.61,8
Derince,8,3,2,3,12,16,-4,11,turkey4,0.38,0.62,-4,1.38,1.5,2.63,1.61,8
Somaspor,8,2,2,4,8,7,1,8,turkey4,0.25,0.5,1,1.0,1.0,4.0,2.0,9
Yeni Mersin,8,2,1,5,7,14,-7,7,turkey4,0.25,0.38,-7,0.88,0.88,4.0,2.63,10
Karaman,8,0,6,2,5,8,-3,6,turkey4,0.0,0.75,-3,0.75,0.62,0.0,1.33,11
Nazillispor,8,1,1,6,8,23,-15,4,turkey4,0.12,0.25,-15,0.5,1.0,8.33,4.0,12
Giresunspor,8,0,2,6,6,21,-15,2,turkey4,0.0,0.25,-15,0.25,0.75,0.0,4.0,13
Duzcespor,8,7,0,1,12,6,6,21,turkey5,0.88,0.88,6,2.62,1.5,1.14,1.14,1
Bursaspor,8,5,3,0,16,4,12,18,turkey5,0.62,1.0,12,2.25,2.0,1.61,1.0,2
Musspor,8,5,3,0,17,8,9,18,turkey5,0.62,1.0,9,2.25,2.12,1.61,1.0,2
Anadolu U.,8,5,3,0,12,3,9,18,turkey5,0.62,1.0,9,2.25,1.5,1.61,1.0,2
Karsiyaka,8,5,2,1,18,8,10,17,turkey5,0.62,0.88,10,2.12,2.25,1.61,1.14,3
Kutahyaspor,8,5,2,1,16,9,7,17,turkey5,0.62,0.88,7,2.12,2.0,1.61,1.14,3
Silifke,8,5,1,2,17,10,7,16,turkey5,0.62,0.75,7,2.0,2.12,1.61,1.33,4
K. Bulvarspor,8,4,1,3,10,9,1,13,turkey5,0.5,0.62,1,1.62,1.25,2.0,1.61,5
Artvin Hopaspor,8,3,3,2,7,8,-1,12,turkey5,0.38,0.75,-1,1.5,0.88,2.63,1.33,6
Ergene Velimese,8,3,2,3,8,10,-2,11,turkey5,0.38,0.62,-2,1.38,1.0,2.63,1.61,7
Tokat,8,3,1,4,12,9,3,10,turkey5,0.38,0.5,3,1.25,1.5,2.63,2.0,8
Kusadasispor,8,2,2,4,3,9,-6,8,turkey5,0.25,0.5,-6,1.0,0.38,4.0,2.0,9
Kirsehir B.,8,2,2,4,6,16,-10,8,turkey5,0.25,0.5,-10,1.0,0.75,4.0,2.0,9
Elaziz K.,8,1,3,4,7,11,-4,6,turkey5,0.12,0.5,-4,0.75,0.88,8.33,2.0,10
Kahramanmar.,8,1,0,7,6,13,-7,3,turkey5,0.12,0.12,-7,0.38,0.75,8.33,8.33,11
Viven Bornova,8,0,3,5,6,22,-16,3,turkey5,0.0,0.38,-16,0.38,0.75,0.0,2.63,11
Muglaspor,8,6,2,0,9,1,8,20,turkey6,0.75,1.0,8,2.5,1.12,1.33,1.0,1
Beykoz Ishaklis,8,5,2,1,17,8,9,17,turkey6,0.62,0.88,9,2.12,2.12,1.61,1.14,2
Balikesirspor,8,5,1,2,17,7,10,16,turkey6,0.62,0.75,10,2.0,2.12,1.61,1.33,3
Amasyaspor,8,4,2,2,13,7,6,14,turkey6,0.5,0.75,6,1.75,1.62,2.0,1.33,4
Usakspor,8,3,4,1,16,8,8,13,turkey6,0.38,0.88,8,1.62,2.0,2.63,1.14,5
Inegol Kafkas,8,4,1,3,10,8,2,13,turkey6,0.5,0.62,2,1.62,1.25,2.0,1.61,5
Tire 2021 FK,8,3,3,2,15,11,4,12,turkey6,0.38,0.75,4,1.5,1.88,2.63,1.33,6
Silivrispor,8,3,3,2,9,7,2,12,turkey6,0.38,0.75,2,1.5,1.12,2.63,1.33,6
Mazidagi,8,2,5,1,9,6,3,11,turkey6,0.25,0.88,3,1.38,1.12,4.0,1.14,7
Turk Metal 1963,8,3,2,3,14,14,0,11,turkey6,0.38,0.62,0,1.38,1.75,2.63,1.61,7
Etimesgut,8,2,4,2,9,6,3,10,turkey6,0.25,0.75,3,1.25,1.12,4.0,1.33,8
Cayelispor,8,2,4,2,6,7,-1,10,turkey6,0.25,0.75,-1,1.25,0.75,4.0,1.33,8
Kelkit,8,2,3,3,7,9,-2,9,turkey6,0.25,0.62,-2,1.12,0.88,4.0,1.61,9
Fatsa B.,8,2,2,4,4,9,-5,8,turkey6,0.25,0.5,-5,1.0,0.5,4.0,2.0,10
Nevsehirspor,8,0,4,4,4,17,-13,4,turkey6,0.0,0.5,-13,0.5,0.5,0.0,2.0,11
Adiyaman,8,0,0,8,3,21,-18,0,turkey6,0.0,0.0,-18,0.0,0.38,0.0,0.0,12
Corluspor,8,8,0,0,27,10,17,24,turkey7,1.0,1.0,17,3.0,3.38,1.0,1.0,1
Ayvalikgucu,8,8,0,0,17,7,10,24,turkey7,1.0,1.0,10,3.0,2.12,1.0,1.0,1
Aliaga FAS,8,7,1,0,20,3,17,22,turkey7,0.88,1.0,17,2.75,2.5,1.14,1.0,2
Orduspor,8,5,2,1,17,6,11,17,turkey7,0.62,0.88,11,2.12,2.12,1.61,1.14,3
Yozgat Bld Bozo,8,5,2,1,17,8,9,17,turkey7,0.62,0.88,9,2.12,2.12,1.61,1.14,3
Osmaniyespor,8,4,4,0,15,10,5,16,turkey7,0.5,1.0,5,2.0,1.88,2.0,1.0,4
Kucukcekmece,8,3,5,0,11,6,5,14,turkey7,0.38,1.0,5,1.75,1.38,2.63,1.0,5
Viransehir,8,4,1,3,11,9,2,13,turkey7,0.5,0.62,2,1.62,1.38,2.0,1.61,6
Cankaya FK,8,3,3,2,9,13,-4,12,turkey7,0.38,0.75,-4,1.5,1.12,2.63,1.33,7
Pazarspor,8,3,2,3,8,7,1,11,turkey7,0.38,0.62,1,1.38,1.0,2.63,1.61,8
Bayburt,8,3,2,3,7,6,1,11,turkey7,0.38,0.62,1,1.38,0.88,2.63,1.61,8
K. Idmanyurdu,8,3,1,4,8,8,0,10,turkey7,0.38,0.5,0,1.25,1.0,2.63,2.0,9
1923 M.,8,2,3,3,8,9,-1,9,turkey7,0.25,0.62,-1,1.12,1.0,4.0,1.61,10
Alanya 1221,8,2,2,4,6,7,-1,8,turkey7,0.25,0.5,-1,1.0,0.75,4.0,2.0,11
Efeler 09,8,2,2,4,6,10,-4,8,turkey7,0.25,0.5,-4,1.0,0.75,4.0,2.0,11
1922 Konyaspor,8,0,4,4,2,8,-6,4,turkey7,0.0,0.5,-6,0.5,0.25,0.0,2.0,12
Mardin BB,8,7,1,0,27,4,23,22,turkey8,0.88,1.0,23,2.75,3.38,1.14,1.0,1
K. Istiklalspor,8,7,1,0,21,6,15,22,turkey8,0.88,1.0,15,2.75,2.62,1.14,1.0,1
Agri 1970,8,6,2,0,11,3,8,20,turkey8,0.75,1.0,8,2.5,1.38,1.33,1.0,2
Sebat G.,8,6,0,2,23,9,14,18,turkey8,0.75,0.75,14,2.25,2.88,1.33,1.33,3
Kirikkale B.,8,4,4,0,11,5,6,16,turkey8,0.5,1.0,6,2.0,1.38,2.0,1.0,4
Polatli B.,8,4,3,1,12,6,6,15,turkey8,0.5,0.88,6,1.88,1.5,2.0,1.14,5
Nigde Belediyes,8,4,3,1,12,7,5,15,turkey8,0.5,0.88,5,1.88,1.5,2.0,1.14,5
Z. Komurspor,8,4,3,1,12,10,2,15,turkey8,0.5,0.88,2,1.88,1.5,2.0,1.14,5
Nilufer B.,8,4,1,3,14,9,5,13,turkey8,0.5,0.62,5,1.62,1.75,2.0,1.61,6
Orduspor 1967,8,3,3,2,17,8,9,12,turkey8,0.38,0.75,9,1.5,2.12,2.63,1.33,7
Denizlispor,8,3,2,3,9,10,-1,11,turkey8,0.38,0.62,-1,1.38,1.12,2.63,1.61,8
Erciyes,8,3,1,4,9,13,-4,10,turkey8,0.38,0.5,-4,1.25,1.12,2.63,2.0,9
Turgutluspor,8,2,2,4,13,15,-2,8,turkey8,0.25,0.5,-2,1.0,1.62,4.0,2.0,10
Coruhlu,8,2,2,4,9,12,-3,8,turkey8,0.25,0.5,-3,1.0,1.12,4.0,2.0,10
Tepecik,8,1,3,4,5,11,-6,6,turkey8,0.12,0.5,-6,0.75,0.62,8.33,2.0,11
Edirnespor,8,1,2,5,9,17,-8,5,turkey8,0.12,0.38,-8,0.62,1.12,8.33,2.63,12
Shabab Al Ahli,8,7,1,0,16,3,13,22,uae,0.88,1.0,13,2.75,2.0,1.14,1.0,1
Al Sharjah,8,6,1,1,13,2,11,19,uae,0.75,0.88,11,2.38,1.62,1.33,1.14,2
Al Wahda,8,5,2,1,19,10,9,17,uae,0.62,0.88,9,2.12,2.38,1.61,1.14,3
Al Jazira,8,5,1,2,15,7,8,16,uae,0.62,0.75,8,2.0,1.88,1.61,1.33,4
Ajman,8,5,1,2,19,12,7,16,uae,0.62,0.75,7,2.0,2.38,1.61,1.33,4
Khorfakkan,8,4,3,1,15,9,6,15,uae,0.5,0.88,6,1.88,1.88,2.0,1.14,5
Al Wasl,8,4,2,2,18,9,9,14,uae,0.5,0.75,9,1.75,2.25,2.0,1.33,6
Al Ain,8,4,2,2,15,7,8,14,uae,0.5,0.75,8,1.75,1.88,2.0,1.33,6
Al Nasr,8,4,1,3,13,11,2,13,uae,0.5,0.62,2,1.62,1.62,2.0,1.61,7
Ittihad Kalba,8,3,2,3,12,10,2,11,uae,0.38,0.62,2,1.38,1.5,2.63,1.61,8
Bani Yas,8,2,3,3,8,15,-7,9,uae,0.25,0.62,-7,1.12,1.0,4.0,1.61,9
Dibba Al Hisn,8,2,1,5,9,18,-9,7,uae,0.25,0.38,-9,0.88,1.12,4.0,2.63,10
Al Bataeh,8,1,3,4,9,16,-7,6,uae,0.12,0.5,-7,0.75,1.12,8.33,2.0,11
Al Urooba,8,2,0,6,11,19,-8,6,uae,0.25,0.25,-8,0.75,1.38,4.0,4.0,11
Dynamo Kyiv,8,7,1,0,20,6,14,22,ukraine,0.88,1.0,14,2.75,2.5,1.14,1.0,1
Shakhtar,8,6,2,0,21,4,17,20,ukraine,0.75,1.0,17,2.5,2.62,1.33,1.0,2
Karpaty Lviv,8,6,2,0,15,0,15,20,ukraine,0.75,1.0,15,2.5,1.88,1.33,1.0,2
Oleksandria,8,6,2,0,15,2,13,20,ukraine,0.75,1.0,13,2.5,1.88,1.33,1.0,2
Veres,8,4,4,0,17,9,8,16,ukraine,0.5,1.0,8,2.0,2.12,2.0,1.0,3
Zorya Luhansk,8,5,0,3,11,9,2,15,ukraine,0.62,0.62,2,1.88,1.38,1.61,1.61,4
Polessya,8,3,4,1,9,6,3,13,ukraine,0.38,0.88,3,1.62,1.12,2.63,1.14,5
Kryvbas KR,8,3,3,2,11,9,2,12,ukraine,0.38,0.75,2,1.5,1.38,2.63,1.33,6
LNZ Cherkasy,8,3,1,4,9,8,1,10,ukraine,0.38,0.5,1,1.25,1.12,2.63,2.0,7
Chornomorets,8,3,1,4,5,7,-2,10,ukraine,0.38,0.5,-2,1.25,0.62,2.63,2.0,7
Obolon,8,2,3,3,4,9,-5,9,ukraine,0.25,0.62,-5,1.12,0.5,4.0,1.61,8
Livyi Bereh,8,2,2,4,6,9,-3,8,ukraine,0.25,0.5,-3,1.0,0.75,4.0,2.0,9
Inhulets,7,2,1,4,3,5,-2,7,ukraine,0.29,0.43,-2,1.0,0.43,3.45,2.33,10
Vorskla Poltava,8,1,2,5,4,9,-5,5,ukraine,0.12,0.38,-5,0.62,0.5,8.33,2.63,11
Rukh Lviv,8,1,2,5,4,10,-6,5,ukraine,0.12,0.38,-6,0.62,0.5,8.33,2.63,11
Kolos Kovalivka,8,0,4,4,3,7,-4,4,ukraine,0.0,0.5,-4,0.5,0.38,0.0,2.0,12
Dnipro-1,0,0,0,0,0,0,0,0,ukraine,0.0,0.0,0,0.0,0.0,0.0,0.0,13
Liverpool M.,5,3,2,0,10,5,5,11,uruguay,0.6,1.0,5,2.2,2.0,1.67,1.0,1
Defensor S.,5,3,1,1,6,1,5,10,uruguay,0.6,0.8,5,2.0,1.2,1.67,1.25,2
Juventud,5,3,1,1,9,6,3,10,uruguay,0.6,0.8,3,2.0,1.8,1.67,1.25,2
Cerro,6,2,3,1,6,5,1,9,uruguay,0.33,0.83,1,1.5,1.0,3.03,1.2,3
Cerro Largo,6,2,3,1,9,9,0,9,uruguay,0.33,0.83,0,1.5,1.5,3.03,1.2,3
Montevideo City,5,2,2,1,7,7,0,8,uruguay,0.4,0.8,0,1.6,1.4,2.5,1.25,4
Wanderers,5,1,3,1,6,4,2,6,uruguay,0.2,0.8,2,1.2,1.2,5.0,1.25,5
Racing CM,4,2,0,2,4,3,1,6,uruguay,0.5,0.5,1,1.5,1.0,2.0,2.0,5
Plaza Colonia,5,2,0,3,4,4,0,6,uruguay,0.4,0.4,0,1.2,0.8,2.5,2.5,5
Danubio,6,0,5,1,5,6,-1,5,uruguay,0.0,0.83,-1,0.83,0.83,0.0,1.2,6
Miramar Misione,6,1,2,3,4,6,-2,5,uruguay,0.17,0.5,-2,0.83,0.67,5.88,2.0,6
Progreso,5,1,1,3,6,12,-6,4,uruguay,0.2,0.4,-6,0.8,1.2,5.0,2.5,7
Nacional,4,0,3,1,6,7,-1,3,uruguay,0.0,0.75,-1,0.75,1.5,0.0,1.33,8
Boston River,4,0,1,3,3,7,-4,1,uruguay,0.0,0.25,-4,0.25,0.75,0.0,4.0,9
River Plate,4,0,1,3,2,6,-4,1,uruguay,0.0,0.25,-4,0.25,0.5,0.0,4.0,9
Penarol,4,0,1,3,1,8,-7,1,uruguay,0.0,0.25,-7,0.25,0.25,0.0,4.0,9
Nacional,4,3,1,0,8,2,6,10,uruguay2,0.75,1.0,6,2.5,2.0,1.33,1.0,1
Wanderers,4,3,0,1,8,5,3,9,uruguay2,0.75,0.75,3,2.25,2.0,1.33,1.33,2
Penarol,4,2,2,0,5,2,3,8,uruguay2,0.5,1.0,3,2.0,1.25,2.0,1.0,3
Cerro,4,2,1,1,7,2,5,7,uruguay2,0.5,0.75,5,1.75,1.75,2.0,1.33,4
Fenix,4,2,1,1,6,4,2,7,uruguay2,0.5,0.75,2,1.75,1.5,2.0,1.33,4
Boston River,4,2,0,2,5,5,0,6,uruguay2,0.5,0.5,0,1.5,1.25,2.0,2.0,5
Progreso,4,2,0,2,4,5,-1,6,uruguay2,0.5,0.5,-1,1.5,1.0,2.0,2.0,5
Danubio,3,2,0,1,4,6,-2,6,uruguay2,0.67,0.67,-2,2.0,1.33,1.49,1.49,5
Rampla Juniors,3,1,1,1,5,5,0,4,uruguay2,0.33,0.67,0,1.33,1.67,3.03,1.49,6
Miramar Misione,3,1,1,1,3,3,0,4,uruguay2,0.33,0.67,0,1.33,1.0,3.03,1.49,6
Cerro Largo,4,1,1,2,3,7,-4,4,uruguay2,0.25,0.5,-4,1.0,0.75,4.0,2.0,6
Racing CM,3,1,0,2,2,3,-1,3,uruguay2,0.33,0.33,-1,1.0,0.67,3.03,3.03,7
Liverpool M.,3,1,0,2,1,2,-1,3,uruguay2,0.33,0.33,-1,1.0,0.33,3.03,3.03,7
Defensor S.,3,0,2,1,2,3,-1,2,uruguay2,0.0,0.67,-1,0.67,0.67,0.0,1.49,8
River Plate,3,0,2,1,4,6,-2,2,uruguay2,0.0,0.67,-2,0.67,1.33,0.0,1.49,8
D. Maldonado,3,0,1,2,2,6,-4,1,uruguay2,0.0,0.33,-4,0.33,0.67,0.0,3.03,9
Charlotte,4,4,0,0,10,2,8,12,usa,1.0,1.0,8,3.0,2.5,1.0,1.0,1
New York RB,4,3,1,0,8,4,4,10,usa,0.75,1.0,4,2.5,2.0,1.33,1.0,2
Cincinnati,4,3,1,0,6,2,4,10,usa,0.75,1.0,4,2.5,1.5,1.33,1.0,2
Vancouver,4,3,0,1,7,4,3,9,usa,0.75,0.75,3,2.25,1.75,1.33,1.33,3
San Diego,4,2,2,0,7,3,4,8,usa,0.5,1.0,4,2.0,1.75,2.0,1.0,4
Columbus Crew,4,2,2,0,6,3,3,8,usa,0.5,1.0,3,2.0,1.5,2.0,1.0,4
Inter Miami,4,2,2,0,6,4,2,8,usa,0.5,1.0,2,2.0,1.5,2.0,1.0,4
Atlanta Utd,5,2,2,1,9,8,1,8,usa,0.4,0.8,1,1.6,1.8,2.5,1.25,4
SJ Earthquakes,5,2,1,2,12,5,7,7,usa,0.4,0.6,7,1.4,2.4,2.5,1.67,5
Nashville SC,4,2,1,1,6,2,4,7,usa,0.5,0.75,4,1.75,1.5,2.0,1.33,5
Minnesota Utd,3,2,1,0,5,2,3,7,usa,0.67,1.0,3,2.33,1.67,1.49,1.0,5
Philadelphia,4,2,1,1,6,4,2,7,usa,0.5,0.75,2,1.75,1.5,2.0,1.33,5
Austin,4,2,1,1,3,2,1,7,usa,0.5,0.75,1,1.75,0.75,2.0,1.33,5
Portland,4,2,1,1,6,6,0,7,usa,0.5,0.75,0,1.75,1.5,2.0,1.33,5
Orlando City,3,2,0,1,10,7,3,6,usa,0.67,0.67,3,2.0,3.33,1.49,1.49,6
New York City,3,2,0,1,5,4,1,6,usa,0.67,0.67,1,2.0,1.67,1.49,1.49,6
Real Salt Lake,4,2,0,2,5,4,1,6,usa,0.5,0.5,1,1.5,1.25,2.0,2.0,6
Los Angeles FC,3,2,0,1,2,1,1,6,usa,0.67,0.67,1,2.0,0.67,1.49,1.49,6
Seattle,3,1,2,0,7,4,3,5,usa,0.33,1.0,3,1.67,2.33,3.03,1.0,7
DC United,4,1,2,1,5,5,0,5,usa,0.25,0.75,0,1.25,1.25,4.0,1.33,7
St. Louis City,3,1,1,1,1,1,0,4,usa,0.33,0.67,0,1.33,0.33,3.03,1.49,8
Sporting KC,4,1,1,2,6,7,-1,4,usa,0.25,0.5,-1,1.0,1.5,4.0,2.0,8
Colorado Rapids,3,1,1,1,5,6,-1,4,usa,0.33,0.67,-1,1.33,1.67,3.03,1.49,8
Dallas,3,1,0,2,3,5,-2,3,usa,0.33,0.33,-2,1.0,1.0,3.03,3.03,9
New England,3,1,0,2,2,4,-2,3,usa,0.33,0.33,-2,1.0,0.67,3.03,3.03,9
Houston Dynamo,4,1,0,3,4,8,-4,3,usa,0.25,0.25,-4,0.75,1.0,4.0,4.0,9
Chicago Fire,2,0,2,0,3,3,0,2,usa,0.0,1.0,0,1.0,1.5,0.0,1.0,10
Toronto,2,0,1,1,1,2,-1,1,usa,0.0,0.5,-1,0.5,0.5,0.0,2.0,11
CF Montreal,0,0,0,0,0,0,0,0,usa,0.0,0.0,0,0.0,0.0,0.0,0.0,12
Loudoun Utd,2,2,0,0,4,0,4,6,usa2,1.0,1.0,4,3.0,2.0,1.0,1.0,1
Louisville City,2,2,0,0,4,0,4,6,usa2,1.0,1.0,4,3.0,2.0,1.0,1.0,1
Monterey Bay,2,2,0,0,6,3,3,6,usa2,1.0,1.0,3,3.0,3.0,1.0,1.0,1
Pittsburgh,2,2,0,0,3,0,3,6,usa2,1.0,1.0,3,3.0,1.5,1.0,1.0,1
Charleston,3,2,0,1,5,3,2,6,usa2,0.67,0.67,2,2.0,1.67,1.49,1.49,1
San Antonio,3,2,0,1,4,2,2,6,usa2,0.67,0.67,2,2.0,1.33,1.49,1.49,1
Las Vegas L.,3,2,0,1,4,3,1,6,usa2,0.67,0.67,1,2.0,1.33,1.49,1.49,1
FC Tulsa,3,2,0,1,2,1,1,6,usa2,0.67,0.67,1,2.0,0.67,1.49,1.49,1
El Paso,3,1,2,0,8,7,1,5,usa2,0.33,1.0,1,1.67,2.67,3.03,1.0,2
Sacramento R.,3,1,2,0,5,4,1,5,usa2,0.33,1.0,1,1.67,1.67,3.03,1.0,2
Lexington,3,1,1,1,5,4,1,4,usa2,0.33,0.67,1,1.33,1.67,3.03,1.49,3
North Carolina,3,1,1,1,4,4,0,4,usa2,0.33,0.67,0,1.33,1.33,3.03,1.49,3
Orange County,3,1,1,1,6,7,-1,4,usa2,0.33,0.67,-1,1.33,2.0,3.03,1.49,3
New Mexico,1,1,0,0,1,0,1,3,usa2,1.0,1.0,1,3.0,1.0,1.0,1.0,4
Detroit City,2,0,2,0,2,2,0,2,usa2,0.0,1.0,0,1.0,1.0,0.0,1.0,5
Indy Eleven,2,0,1,1,4,5,-1,1,usa2,0.0,0.5,-1,0.5,2.0,0.0,2.0,6
Phoenix Rising,2,0,1,1,2,3,-1,1,usa2,0.0,0.5,-1,0.5,1.0,0.0,2.0,6
Birmingham L.,2,0,1,1,2,4,-2,1,usa2,0.0,0.5,-2,0.5,1.0,0.0,2.0,6
Oakland Roots,3,0,1,2,1,5,-4,1,usa2,0.0,0.33,-4,0.33,0.33,0.0,3.03,6
Rhode Island,0,0,0,0,0,0,0,0,usa2,0.0,0.0,0,0.0,0.0,0.0,0.0,7
Tampa Bay,0,0,0,0,0,0,0,0,usa2,0.0,0.0,0,0.0,0.0,0.0,0.0,7
Colorado S.,1,0,0,1,1,2,-1,0,usa2,0.0,0.0,-1,0.0,1.0,0.0,0.0,7
Hartford A.,1,0,0,1,1,2,-1,0,usa2,0.0,0.0,-1,0.0,1.0,0.0,0.0,7
Miami FC,4,0,0,4,2,8,-6,0,usa2,0.0,0.0,-6,0.0,0.5,0.0,0.0,7
Greenville,4,2,1,1,5,5,0,7,usa3,0.5,0.75,0,1.75,1.25,2.0,1.33,1
Naples,3,1,2,0,3,1,2,5,usa3,0.33,1.0,2,1.67,1.0,3.03,1.0,2
Charlotte I.,2,1,1,0,1,0,1,4,usa3,0.5,1.0,1,2.0,0.5,2.0,1.0,3
Alta,1,1,0,0,2,0,2,3,usa3,1.0,1.0,2,3.0,2.0,1.0,1.0,4
Richmond K.,2,1,0,1,4,3,1,3,usa3,0.5,0.5,1,1.5,2.0,2.0,2.0,4
Tormenta,3,1,0,2,5,7,-2,3,usa3,0.33,0.33,-2,1.0,1.67,3.03,3.03,4
Spokane V.,3,0,2,1,2,3,-1,2,usa3,0.0,0.67,-1,0.67,0.67,0.0,1.49,5
Chattanooga RW,1,0,1,0,2,2,0,1,usa3,0.0,1.0,0,1.0,2.0,0.0,1.0,6
Forward Madison,0,0,0,0,0,0,0,0,usa3,0.0,0.0,0,0.0,0.0,0.0,0.0,7
One Knoxville,0,0,0,0,0,0,0,0,usa3,0.0,0.0,0,0.0,0.0,0.0,0.0,7
Portland Hearts,0,0,0,0,0,0,0,0,usa3,0.0,0.0,0,0.0,0.0,0.0,0.0,7
Union Omaha,0,0,0,0,0,0,0,0,usa3,0.0,0.0,0,0.0,0.0,0.0,0.0,7
Westchester SC,0,0,0,0,0,0,0,0,usa3,0.0,0.0,0,0.0,0.0,0.0,0.0,7
Texoma,3,0,0,3,1,8,-7,0,usa3,0.0,0.0,-7,0.0,0.33,0.0,0.0,7
Rayo Zuliano,6,4,2,0,8,2,6,14,venezuela,0.67,1.0,6,2.33,1.33,1.49,1.0,1
D. Tachira,6,3,3,0,6,3,3,12,venezuela,0.5,1.0,3,2.0,1.0,2.0,1.0,2
D. La Guaira,5,3,2,0,9,4,5,11,venezuela,0.6,1.0,5,2.2,1.8,1.67,1.0,3
A. Anzoategui,6,2,3,1,7,4,3,9,venezuela,0.33,0.83,3,1.5,1.17,3.03,1.2,4
UCV,5,2,3,0,5,3,2,9,venezuela,0.4,1.0,2,1.8,1.0,2.5,1.0,4
Metropolitanos,4,2,2,0,7,3,4,8,venezuela,0.5,1.0,4,2.0,1.75,2.0,1.0,5
Carabobo,4,2,2,0,4,2,2,8,venezuela,0.5,1.0,2,2.0,1.0,2.0,1.0,5
Caracas,5,2,2,1,2,1,1,8,venezuela,0.4,0.8,1,1.6,0.4,2.5,1.25,5
Puerto Cabello,4,2,1,1,3,3,0,7,venezuela,0.5,0.75,0,1.75,0.75,2.0,1.33,6
Monagas,5,2,1,2,6,9,-3,7,venezuela,0.4,0.6,-3,1.4,1.2,2.5,1.67,6
E. Merida,6,2,0,4,9,11,-2,6,venezuela,0.33,0.33,-2,1.0,1.5,3.03,3.03,7
Portuguesa,5,2,0,3,4,7,-3,6,venezuela,0.4,0.4,-3,1.2,0.8,2.5,2.5,7
Zamora,4,1,0,3,2,5,-3,3,venezuela,0.25,0.25,-3,0.75,0.5,4.0,4.0,8
Yaracuyanos,5,0,3,2,5,10,-5,3,venezuela,0.0,0.6,-5,0.6,1.0,0.0,1.67,8
AGMK,3,2,1,0,4,1,3,7,uzbekistan,0.67,1.0,3,2.33,1.33,1.49,1.0,1
Bunyodkor,2,1,1,0,5,3,2,4,uzbekistan,0.5,1.0,2,2.0,2.5,2.0,1.0,2
Neftchi,2,1,1,0,3,2,1,4,uzbekistan,0.5,1.0,1,2.0,1.5,2.0,1.0,2
Andijan,2,1,1,0,2,1,1,4,uzbekistan,0.5,1.0,1,2.0,1.0,2.0,1.0,2
Nasaf Qarshi,2,1,1,0,1,0,1,4,uzbekistan,0.5,1.0,1,2.0,0.5,2.0,1.0,2
Pakhtakor,2,1,0,1,5,1,4,3,uzbekistan,0.5,0.5,4,1.5,2.5,2.0,2.0,3
Sogdiana,2,1,0,1,4,3,1,3,uzbekistan,0.5,0.5,1,1.5,2.0,2.0,2.0,3
D. Samarqand,1,1,0,0,1,0,1,3,uzbekistan,1.0,1.0,1,3.0,1.0,1.0,1.0,3
Mashal,1,1,0,0,1,0,1,3,uzbekistan,1.0,1.0,1,3.0,1.0,1.0,1.0,3
Qizilqum,2,1,0,1,3,3,0,3,uzbekistan,0.5,0.5,0,1.5,1.5,2.0,2.0,3
Termez Surkhon,2,1,0,1,3,3,0,3,uzbekistan,0.5,0.5,0,1.5,1.5,2.0,2.0,3
Buxoro,2,1,0,1,2,2,0,3,uzbekistan,0.5,0.5,0,1.5,1.0,2.0,2.0,3
Xorazm,2,1,0,1,3,4,-1,3,uzbekistan,0.5,0.5,-1,1.5,1.5,2.0,2.0,3
Navbahor,2,0,2,0,2,2,0,2,uzbekistan,0.0,1.0,0,1.0,1.0,0.0,1.0,4
Kokand-1912,2,0,2,0,1,1,0,2,uzbekistan,0.0,1.0,0,1.0,0.5,0.0,1.0,4
Shurtan,2,0,0,2,1,6,-5,0,uzbekistan,0.0,0.0,-5,0.0,0.5,0.0,0.0,5
Nam Dinh,8,6,0,2,17,7,10,18,vietnam,0.75,0.75,10,2.25,2.12,1.33,1.33,1
Cong An Nhan,8,4,3,1,15,8,7,15,vietnam,0.5,0.88,7,1.88,1.88,2.0,1.14,2
Ha Noi,8,4,3,1,14,8,6,15,vietnam,0.5,0.88,6,1.88,1.75,2.0,1.14,2
Binh Duong,8,4,2,2,16,12,4,14,vietnam,0.5,0.75,4,1.75,2.0,2.0,1.33,3
Gia Lai,8,3,4,1,11,7,4,13,vietnam,0.38,0.88,4,1.62,1.38,2.63,1.14,4
Hai Phong,8,4,1,3,10,7,3,13,vietnam,0.5,0.62,3,1.62,1.25,2.0,1.61,4
Quang Nam,8,3,3,2,11,9,2,12,vietnam,0.38,0.75,2,1.5,1.38,2.63,1.33,5
Ho Chi Minh,8,3,3,2,7,9,-2,12,vietnam,0.38,0.75,-2,1.5,0.88,2.63,1.33,5
Song Lam Nghe,8,3,3,2,5,8,-3,12,vietnam,0.38,0.75,-3,1.5,0.62,2.63,1.33,5
Thanh Hoa,8,2,5,1,11,9,2,11,vietnam,0.25,0.88,2,1.38,1.38,4.0,1.14,6
Viettel,8,3,2,3,9,10,-1,11,vietnam,0.38,0.62,-1,1.38,1.12,2.63,1.61,6
Hong Linh Ha T.,8,1,7,0,4,3,1,10,vietnam,0.12,1.0,1,1.25,0.5,8.33,1.0,7
Binh Dinh,8,2,2,4,6,10,-4,8,vietnam,0.25,0.5,-4,1.0,0.75,4.0,2.0,8
Da Nang,8,0,5,3,6,11,-5,5,vietnam,0.0,0.62,-5,0.62,0.75,0.0,1.61,9
Phu Dong,6,6,0,0,13,1,12,18,vietnam2,1.0,1.0,12,3.0,2.17,1.0,1.0,1
PVF-CAND,7,5,0,2,10,7,3,15,vietnam2,0.71,0.71,3,2.14,1.43,1.41,1.41,2
Binh Phuoc,6,3,2,1,10,6,4,11,vietnam2,0.5,0.83,4,1.83,1.67,2.0,1.2,3
Ba Ria Vung Tau,6,3,1,2,9,8,1,10,vietnam2,0.5,0.67,1,1.67,1.5,2.0,1.49,4
Dong Thap,6,2,2,2,3,2,1,8,vietnam2,0.33,0.67,1,1.33,0.5,3.03,1.49,5
Hoa Binh,6,1,5,0,2,1,1,8,vietnam2,0.17,1.0,1,1.33,0.33,5.88,1.0,5
S. Khanh Hoa,5,2,1,2,4,3,1,7,vietnam2,0.4,0.6,1,1.4,0.8,2.5,1.67,6
Long An,6,1,3,2,4,5,-1,6,vietnam2,0.17,0.67,-1,1.0,0.67,5.88,1.49,7
Ho Chi Minh B,5,1,2,2,3,5,-2,5,vietnam2,0.2,0.6,-2,1.0,0.6,5.0,1.67,8
Dong Nai,6,0,3,3,1,5,-4,3,vietnam2,0.0,0.5,-4,0.5,0.17,0.0,2.0,9
Hue,6,0,2,4,5,12,-7,2,vietnam2,0.0,0.33,-7,0.33,0.83,0.0,3.03,10
The New Saints,8,8,0,0,26,8,18,24,wales,1.0,1.0,18,3.0,3.25,1.0,1.0,1
Flint,8,7,0,1,18,7,11,21,wales,0.88,0.88,11,2.62,2.25,1.14,1.14,2
Penybont,8,5,3,0,11,5,6,18,wales,0.62,1.0,6,2.25,1.38,1.61,1.0,3
Haverfordwest,8,5,2,1,16,7,9,17,wales,0.62,0.88,9,2.12,2.0,1.61,1.14,4
Connahs Quay,8,5,1,2,17,6,11,16,wales,0.62,0.75,11,2.0,2.12,1.61,1.33,5
Barry,8,5,1,2,14,11,3,16,wales,0.62,0.75,3,2.0,1.75,1.61,1.33,5
Cardiff MU,8,5,0,3,14,15,-1,15,wales,0.62,0.62,-1,1.88,1.75,1.61,1.61,6
Caernarfon,8,4,1,3,18,16,2,13,wales,0.5,0.62,2,1.62,2.25,2.0,1.61,7
Briton Ferry,8,3,2,3,12,11,1,11,wales,0.38,0.62,1,1.38,1.5,2.63,1.61,8
Bala Town,8,2,3,3,5,8,-3,9,wales,0.25,0.62,-3,1.12,0.62,4.0,1.61,9
Aberystwyth,8,2,1,5,9,14,-5,7,wales,0.25,0.38,-5,0.88,1.12,4.0,2.63,10
Newtown,8,0,4,4,8,15,-7,4,wales,0.0,0.5,-7,0.5,1.0,0.0,2.0,11
