Equipe_Fora,GP,W,D,L,GF,GA,GD,Pts_Away,Liga,PIA,PIA_HA,GD_Away,GF_AVG_Away,Odd_Justa_MO,Odd_Justa_HA,Rank_Away
Egnatia R.,8,4,1,3,13,8,5,13,Albania - Abissnet Superiore,0.5,0.5,5,1.62,2.0,2.0,1
Partizani T.,8,3,4,1,10,6,4,13,Albania - Abissnet Superiore,0.38,0.62,4,1.25,2.63,1.61,1
Vllaznia S.,8,4,1,3,15,12,3,13,Albania - Abissnet Superiore,0.5,0.5,3,1.88,2.0,2.0,1
Dinamo Tirana,8,2,5,1,13,8,5,11,Albania - Abissnet Superiore,0.25,0.75,5,1.62,4.0,1.33,2
Laci,8,2,3,3,7,7,0,9,Albania - Abissnet Superiore,0.25,0.75,0,0.88,4.0,1.33,3
AF Elbasani,8,1,5,2,8,10,-2,8,Albania - Abissnet Superiore,0.12,0.88,-2,1.0,8.33,1.14,4
Skenderbeu K.,8,1,4,3,5,8,-3,7,Albania - Abissnet Superiore,0.12,0.88,-3,0.62,8.33,1.14,5
KF Tirana,8,1,3,4,8,10,-2,6,Albania - Abissnet Superiore,0.12,0.88,-2,1.0,8.33,1.14,6
Bylis,8,1,3,4,8,15,-7,6,Albania - Abissnet Superiore,0.12,0.88,-7,1.0,8.33,1.14,6
Teuta Durres,8,0,3,5,4,14,-10,3,Albania - Abissnet Superiore,0.0,1.0,-10,0.5,0.0,1.0,7
MC Alger,8,5,3,0,11,4,7,18,Algeria - Ligue 1,0.62,0.38,7,1.38,1.61,2.63,1
CR Belouizdad,8,4,3,1,9,4,5,15,Algeria - Ligue 1,0.5,0.5,5,1.12,2.0,2.0,2
Paradou AC,8,2,4,2,9,9,0,10,Algeria - Ligue 1,0.25,0.75,0,1.12,4.0,1.33,3
JS Kabylie,8,2,3,3,10,10,0,9,Algeria - Ligue 1,0.25,0.75,0,1.25,4.0,1.33,4
USM Alger,8,1,6,1,2,2,0,9,Algeria - Ligue 1,0.12,0.88,0,0.25,8.33,1.14,4
CS Constantine,8,2,3,3,6,7,-1,9,Algeria - Ligue 1,0.25,0.75,-1,0.75,4.0,1.33,4
El Bayadh,8,3,0,5,5,10,-5,9,Algeria - Ligue 1,0.38,0.62,-5,0.62,2.63,1.61,4
O. Akbou,8,2,2,4,7,8,-1,8,Algeria - Ligue 1,0.25,0.75,-1,0.88,4.0,1.33,5
ES Setif,8,2,2,4,7,9,-2,8,Algeria - Ligue 1,0.25,0.75,-2,0.88,4.0,1.33,5
ASO Chlef,8,1,4,3,3,7,-4,7,Algeria - Ligue 1,0.12,0.88,-4,0.38,8.33,1.14,6
Biskra,8,1,3,4,5,8,-3,6,Algeria - Ligue 1,0.12,0.88,-3,0.62,8.33,1.14,7
Khenchela,8,1,3,4,4,14,-10,6,Algeria - Ligue 1,0.12,0.88,-10,0.5,8.33,1.14,7
Mostaganem,8,1,2,5,4,10,-6,5,Algeria - Ligue 1,0.12,0.88,-6,0.5,8.33,1.14,8
NC Magra,8,0,3,5,3,11,-8,3,Algeria - Ligue 1,0.0,1.0,-8,0.38,0.0,1.0,9
MC Oran,8,0,1,7,5,16,-11,1,Algeria - Ligue 1,0.0,1.0,-11,0.62,0.0,1.0,10
JS Saoura,8,0,1,7,3,15,-12,1,Algeria - Ligue 1,0.0,1.0,-12,0.38,0.0,1.0,10
Defensa y J.,3,2,1,0,7,1,6,7,Argentina - Liga Profesional,0.67,0.33,6,2.33,1.49,3.03,1
D. Riestra,2,2,0,0,5,0,5,6,Argentina - Liga Profesional,1.0,0.0,5,2.5,1.0,0.0,2
I. Rivadavia,3,2,0,1,4,2,2,6,Argentina - Liga Profesional,0.67,0.33,2,1.33,1.49,3.03,2
Rosario Central,3,1,2,0,3,0,3,5,Argentina - Liga Profesional,0.33,0.67,3,1.0,3.03,1.49,3
Barracas C.,2,1,1,0,3,1,2,4,Argentina - Liga Profesional,0.5,0.5,2,1.5,2.0,2.0,4
San Lorenzo,2,1,1,0,2,0,2,4,Argentina - Liga Profesional,0.5,0.5,2,1.0,2.0,2.0,4
Argentinos Jrs,2,1,1,0,1,0,1,4,Argentina - Liga Profesional,0.5,0.5,1,0.5,2.0,2.0,4
Boca Juniors,3,1,1,1,2,3,-1,4,Argentina - Liga Profesional,0.33,0.67,-1,0.67,3.03,1.49,4
Lanus,2,1,0,1,2,2,0,3,Argentina - Liga Profesional,0.5,0.5,0,1.0,2.0,2.0,5
River Plate,3,0,3,0,1,1,0,3,Argentina - Liga Profesional,0.0,1.0,0,0.33,0.0,1.0,5
T. de Cordoba,2,1,0,1,1,1,0,3,Argentina - Liga Profesional,0.5,0.5,0,0.5,2.0,2.0,5
Independiente,2,1,0,1,3,4,-1,3,Argentina - Liga Profesional,0.5,0.5,-1,1.5,2.0,2.0,5
Racing Club,3,1,0,2,3,4,-1,3,Argentina - Liga Profesional,0.33,0.67,-1,1.0,3.03,1.49,5
Platense,3,1,0,2,2,3,-1,3,Argentina - Liga Profesional,0.33,0.67,-1,0.67,3.03,1.49,5
Banfield,3,1,0,2,1,2,-1,3,Argentina - Liga Profesional,0.33,0.67,-1,0.33,3.03,1.49,5
A. Tucuman,3,1,0,2,2,5,-3,3,Argentina - Liga Profesional,0.33,0.67,-3,0.67,3.03,1.49,5
Estudiantes,2,0,2,0,2,2,0,2,Argentina - Liga Profesional,0.0,1.0,0,1.0,0.0,1.0,6
SM San Juan,2,0,2,0,1,1,0,2,Argentina - Liga Profesional,0.0,1.0,0,0.5,0.0,1.0,6
Huracan,3,0,2,1,3,4,-1,2,Argentina - Liga Profesional,0.0,1.0,-1,1.0,0.0,1.0,6
Central Cordoba,2,0,1,1,4,5,-1,1,Argentina - Liga Profesional,0.0,1.0,-1,2.0,0.0,1.0,7
Instituto,3,0,1,2,0,2,-2,1,Argentina - Liga Profesional,0.0,1.0,-2,0.0,0.0,1.0,7
Godoy Cruz,2,0,1,1,0,3,-3,1,Argentina - Liga Profesional,0.0,1.0,-3,0.0,0.0,1.0,7
Belgrano,2,0,1,1,1,5,-4,1,Argentina - Liga Profesional,0.0,1.0,-4,0.5,0.0,1.0,7
Gimnasia,3,0,1,2,0,5,-5,1,Argentina - Liga Profesional,0.0,1.0,-5,0.0,0.0,1.0,7
Union Santa Fe,2,0,0,2,1,4,-3,0,Argentina - Liga Profesional,0.0,1.0,-3,0.5,0.0,1.0,8
Tigre,2,0,0,2,0,3,-3,0,Argentina - Liga Profesional,0.0,1.0,-3,0.0,0.0,1.0,8
Aldosivi,3,0,0,3,0,4,-4,0,Argentina - Liga Profesional,0.0,1.0,-4,0.0,0.0,1.0,8
Newells,2,0,0,2,0,5,-5,0,Argentina - Liga Profesional,0.0,1.0,-5,0.0,0.0,1.0,8
Sarmiento,3,0,0,3,1,9,-8,0,Argentina - Liga Profesional,0.0,1.0,-8,0.33,0.0,1.0,8
Patronato,2,1,1,0,4,2,2,4,Argentina - Primera Nacional,0.5,0.5,2,2.0,2.0,2.0,1
San Telmo,1,1,0,0,2,0,2,3,Argentina - Primera Nacional,1.0,0.0,2,2.0,1.0,0.0,2
CA Estudiantes,1,1,0,0,1,0,1,3,Argentina - Primera Nacional,1.0,0.0,1,1.0,1.0,0.0,2
Chacarita J.,1,1,0,0,1,0,1,3,Argentina - Primera Nacional,1.0,0.0,1,1.0,1.0,0.0,2
Defensores U.,1,1,0,0,1,0,1,3,Argentina - Primera Nacional,1.0,0.0,1,1.0,1.0,0.0,2
Deportivo Maipu,1,1,0,0,1,0,1,3,Argentina - Primera Nacional,1.0,0.0,1,1.0,1.0,0.0,2
Deportivo Moron,1,0,1,0,1,1,0,1,Argentina - Primera Nacional,0.0,1.0,0,1.0,0.0,1.0,3
E. Rio Cuarto,1,0,1,0,1,1,0,1,Argentina - Primera Nacional,0.0,1.0,0,1.0,0.0,1.0,3
Gimnasia y Tiro,1,0,1,0,1,1,0,1,Argentina - Primera Nacional,0.0,1.0,0,1.0,0.0,1.0,3
All Boys,1,0,1,0,0,0,0,1,Argentina - Primera Nacional,0.0,1.0,0,0.0,0.0,1.0,3
Alvarado,1,0,1,0,0,0,0,1,Argentina - Primera Nacional,0.0,1.0,0,0.0,0.0,1.0,3
CA Guemes,1,0,1,0,0,0,0,1,Argentina - Primera Nacional,0.0,1.0,0,0.0,0.0,1.0,3
D. de Belgrano,1,0,1,0,0,0,0,1,Argentina - Primera Nacional,0.0,1.0,0,0.0,0.0,1.0,3
SM Tucuman,1,0,1,0,0,0,0,1,Argentina - Primera Nacional,0.0,1.0,0,0.0,0.0,1.0,3
Temperley,1,0,1,0,0,0,0,1,Argentina - Primera Nacional,0.0,1.0,0,0.0,0.0,1.0,3
Agropecuario,0,0,0,0,0,0,0,0,Argentina - Primera Nacional,0.0,0.0,0,0.0,0.0,0.0,4
Almirante Brown,0,0,0,0,0,0,0,0,Argentina - Primera Nacional,0.0,0.0,0,0.0,0.0,0.0,4
Arsenal Sarandi,0,0,0,0,0,0,0,0,Argentina - Primera Nacional,0.0,0.0,0,0.0,0.0,0.0,4
Atlanta,0,0,0,0,0,0,0,0,Argentina - Primera Nacional,0.0,0.0,0,0.0,0.0,0.0,4
Atletico Mitre,0,0,0,0,0,0,0,0,Argentina - Primera Nacional,0.0,0.0,0,0.0,0.0,0.0,4
Central Norte,0,0,0,0,0,0,0,0,Argentina - Primera Nacional,0.0,0.0,0,0.0,0.0,0.0,4
Chaco For Ever,0,0,0,0,0,0,0,0,Argentina - Primera Nacional,0.0,0.0,0,0.0,0.0,0.0,4
Colegiales,0,0,0,0,0,0,0,0,Argentina - Primera Nacional,0.0,0.0,0,0.0,0.0,0.0,4
Colon Santa Fe,0,0,0,0,0,0,0,0,Argentina - Primera Nacional,0.0,0.0,0,0.0,0.0,0.0,4
Ferro Carril,0,0,0,0,0,0,0,0,Argentina - Primera Nacional,0.0,0.0,0,0.0,0.0,0.0,4
G. Mendoza,0,0,0,0,0,0,0,0,Argentina - Primera Nacional,0.0,0.0,0,0.0,0.0,0.0,4
Gimnasia Jujuy,0,0,0,0,0,0,0,0,Argentina - Primera Nacional,0.0,0.0,0,0.0,0.0,0.0,4
Los Andes,0,0,0,0,0,0,0,0,Argentina - Primera Nacional,0.0,0.0,0,0.0,0.0,0.0,4
Nueva Chicago,0,0,0,0,0,0,0,0,Argentina - Primera Nacional,0.0,0.0,0,0.0,0.0,0.0,4
Deportivo Merlo,8,5,2,1,7,2,5,17,Argentina - Primera B,0.62,0.38,5,0.88,1.61,2.63,1
A. Quilmes,8,4,3,1,8,3,5,15,Argentina - Primera B,0.5,0.5,5,1.0,2.0,2.0,2
Dock Sud,8,4,2,2,11,8,3,14,Argentina - Primera B,0.5,0.5,3,1.38,2.0,2.0,3
D. Armenio,8,4,2,2,10,7,3,14,Argentina - Primera B,0.5,0.5,3,1.25,2.0,2.0,3
Comunicaciones,8,4,2,2,7,4,3,14,Argentina - Primera B,0.5,0.5,3,0.88,2.0,2.0,3
Argentino Merlo,8,4,2,2,8,8,0,14,Argentina - Primera B,0.5,0.5,0,1.0,2.0,2.0,3
Colegiales,8,4,0,4,11,11,0,12,Argentina - Primera B,0.5,0.5,0,1.38,2.0,2.0,4
Villa Dalmine,8,3,2,3,4,4,0,11,Argentina - Primera B,0.38,0.62,0,0.5,2.63,1.61,5
Midland,8,2,4,2,9,7,2,10,Argentina - Primera B,0.25,0.75,2,1.12,4.0,1.33,6
Acassuso,8,2,4,2,6,7,-1,10,Argentina - Primera B,0.25,0.75,-1,0.75,4.0,1.33,6
UAI Urquiza,8,3,1,4,8,12,-4,10,Argentina - Primera B,0.38,0.62,-4,1.0,2.63,1.61,6
V. San Carlos,8,2,3,3,5,9,-4,9,Argentina - Primera B,0.25,0.75,-4,0.62,4.0,1.33,7
Sacachispas,8,2,2,4,4,8,-4,8,Argentina - Primera B,0.25,0.75,-4,0.5,4.0,1.33,8
Flandria,8,2,2,4,6,11,-5,8,Argentina - Primera B,0.25,0.75,-5,0.75,4.0,1.33,8
Excursionistas,8,1,4,3,8,12,-4,7,Argentina - Primera B,0.12,0.88,-4,1.0,8.33,1.14,9
Liniers,8,1,4,3,3,8,-5,7,Argentina - Primera B,0.12,0.88,-5,0.38,8.33,1.14,9
S. Italiano,8,1,3,4,7,13,-6,6,Argentina - Primera B,0.12,0.88,-6,0.88,8.33,1.14,10
Canuelas,8,1,2,5,6,10,-4,5,Argentina - Primera B,0.12,0.88,-4,0.75,8.33,1.14,11
D. Laferrere,8,0,4,4,1,12,-11,4,Argentina - Primera B,0.0,1.0,-11,0.12,0.0,1.0,12
Los Andes,8,0,2,6,4,13,-9,2,Argentina - Primera B,0.0,1.0,-9,0.5,0.0,1.0,13
SM Burzaco,8,0,1,7,2,14,-12,1,Argentina - Primera B,0.0,1.0,-12,0.25,0.0,1.0,14
Fenix,8,0,1,7,1,15,-14,1,Argentina - Primera B,0.0,1.0,-14,0.12,0.0,1.0,14
Olimpo Bahia B.,8,4,3,1,11,6,5,15,Argentina - Torneo Federal,0.5,0.5,5,1.38,2.0,2.0,1
Gutierrez,8,4,3,1,7,4,3,15,Argentina - Torneo Federal,0.5,0.5,3,0.88,2.0,2.0,1
Camioneros,8,3,5,0,10,5,5,14,Argentina - Torneo Federal,0.38,0.62,5,1.25,2.63,1.61,2
Central Norte,8,4,2,2,10,6,4,14,Argentina - Torneo Federal,0.5,0.5,4,1.25,2.0,2.0,2
D. Belgrano VR,8,3,4,1,7,4,3,13,Argentina - Torneo Federal,0.38,0.62,3,0.88,2.63,1.61,3
Villa Mitre,8,3,3,2,7,5,2,12,Argentina - Torneo Federal,0.38,0.62,2,0.88,2.63,1.61,4
S. Belgrano,8,3,2,3,6,3,3,11,Argentina - Torneo Federal,0.38,0.62,3,0.75,2.63,1.61,5
S. Las Parejas,8,3,2,3,7,6,1,11,Argentina - Torneo Federal,0.38,0.62,1,0.88,2.63,1.61,5
Germinal,8,2,5,1,7,7,0,11,Argentina - Torneo Federal,0.25,0.75,0,0.88,4.0,1.33,5
Argentino MM,8,3,2,3,5,5,0,11,Argentina - Torneo Federal,0.38,0.62,0,0.62,2.63,1.61,5
Kimberley,8,2,4,2,7,7,0,10,Argentina - Torneo Federal,0.25,0.75,0,0.88,4.0,1.33,6
9 Julio Rafaela,8,2,4,2,8,9,-1,10,Argentina - Torneo Federal,0.25,0.75,-1,1.0,4.0,1.33,6
El Linqueno,8,3,1,4,5,7,-2,10,Argentina - Torneo Federal,0.38,0.62,-2,0.62,2.63,1.61,6
Juventud U. U.,8,3,1,4,7,11,-4,10,Argentina - Torneo Federal,0.38,0.62,-4,0.88,2.63,1.61,6
Douglas Haig,8,2,3,3,9,10,-1,9,Argentina - Torneo Federal,0.25,0.75,-1,1.12,4.0,1.33,7
Sarmiento DLB,8,2,3,3,7,8,-1,9,Argentina - Torneo Federal,0.25,0.75,-1,0.88,4.0,1.33,7
I. Chivilcoy,8,1,5,2,3,4,-1,8,Argentina - Torneo Federal,0.12,0.88,-1,0.38,8.33,1.14,8
SM Formosa,8,2,2,4,6,8,-2,8,Argentina - Torneo Federal,0.25,0.75,-2,0.75,4.0,1.33,8
Santamarina,8,2,2,4,5,8,-3,8,Argentina - Torneo Federal,0.25,0.75,-3,0.62,4.0,1.33,8
Ciudad Bolivar,8,2,1,5,8,7,1,7,Argentina - Torneo Federal,0.25,0.75,1,1.0,4.0,1.33,9
Sol de America,8,1,4,3,5,9,-4,7,Argentina - Torneo Federal,0.12,0.88,-4,0.62,8.33,1.14,9
Atenas,8,2,0,6,7,12,-5,6,Argentina - Torneo Federal,0.25,0.75,-5,0.88,4.0,1.33,10
SM Mendoza,8,2,0,6,4,9,-5,6,Argentina - Torneo Federal,0.25,0.75,-5,0.5,4.0,1.33,10
Huracan Las H.,8,0,5,3,5,9,-4,5,Argentina - Torneo Federal,0.0,1.0,-4,0.62,0.0,1.0,11
Crucero del N.,8,1,2,5,6,12,-6,5,Argentina - Torneo Federal,0.12,0.88,-6,0.75,8.33,1.14,11
Gimnasia E.,8,1,2,5,5,16,-11,5,Argentina - Torneo Federal,0.12,0.88,-11,0.62,8.33,1.14,11
Cipolletti,8,0,4,4,4,10,-6,4,Argentina - Torneo Federal,0.0,1.0,-6,0.5,0.0,1.0,12
Boca Unidos,8,1,1,6,7,14,-7,4,Argentina - Torneo Federal,0.12,0.88,-7,0.88,8.33,1.14,12
S. Estudiantes,8,1,1,6,6,15,-9,4,Argentina - Torneo Federal,0.12,0.88,-9,0.75,8.33,1.14,12
Pyunik,8,6,0,2,18,7,11,18,Armenia - Premier League,0.75,0.25,11,2.25,1.33,4.0,1
Noah,8,5,1,2,20,7,13,16,Armenia - Premier League,0.62,0.38,13,2.5,1.61,2.63,2
Ararat-Armenia,8,4,2,2,16,10,6,14,Armenia - Premier League,0.5,0.5,6,2.0,2.0,2.0,3
Urartu,8,4,1,3,15,9,6,13,Armenia - Premier League,0.5,0.5,6,1.88,2.0,2.0,4
Van,8,4,1,3,10,10,0,13,Armenia - Premier League,0.5,0.5,0,1.25,2.0,2.0,4
Shirak,8,4,1,3,9,11,-2,13,Armenia - Premier League,0.5,0.5,-2,1.12,2.0,2.0,4
BKMA,8,3,1,4,19,19,0,10,Armenia - Premier League,0.38,0.62,0,2.38,2.63,1.61,5
West Armenia,8,3,0,5,7,20,-13,9,Armenia - Premier League,0.38,0.62,-13,0.88,2.63,1.61,6
Alashkert,8,2,1,5,4,11,-7,7,Armenia - Premier League,0.25,0.75,-7,0.5,4.0,1.33,7
Ararat Yerevan,8,2,1,5,7,17,-10,7,Armenia - Premier League,0.25,0.75,-10,0.88,4.0,1.33,7
Gandzasar,8,0,2,6,3,19,-16,2,Armenia - Premier League,0.0,1.0,-16,0.38,0.0,1.0,8
Adelaide Utd,7,6,0,1,17,11,6,18,Australia - A-League,0.86,0.14,6,2.43,1.16,7.14,1
Auckland,8,5,2,1,14,6,8,17,Australia - A-League,0.62,0.38,8,1.75,1.61,2.63,2
Western United,8,5,1,2,21,15,6,16,Australia - A-League,0.62,0.38,6,2.62,1.61,2.63,3
Macarthur FC,8,5,1,2,15,9,6,16,Australia - A-League,0.62,0.38,6,1.88,1.61,2.63,3
WS Wanderers,8,4,3,1,16,13,3,15,Australia - A-League,0.5,0.5,3,2.0,2.0,2.0,4
Central Coast,8,3,4,1,13,11,2,13,Australia - A-League,0.38,0.62,2,1.62,2.63,1.61,5
Melbourne City,8,3,2,3,12,8,4,11,Australia - A-League,0.38,0.62,4,1.5,2.63,1.61,6
Newcastle Jets,8,3,1,4,12,14,-2,10,Australia - A-League,0.38,0.62,-2,1.5,2.63,1.61,7
Melbourne V.,8,3,1,4,10,12,-2,10,Australia - A-League,0.38,0.62,-2,1.25,2.63,1.61,7
Wellington,7,3,0,4,9,10,-1,9,Australia - A-League,0.43,0.57,-1,1.29,2.33,1.75,8
Sydney FC,8,2,3,3,11,13,-2,9,Australia - A-League,0.25,0.75,-2,1.38,4.0,1.33,8
Brisbane Roar,8,1,3,4,11,16,-5,6,Australia - A-League,0.12,0.88,-5,1.38,8.33,1.14,9
Perth Glory,8,1,3,4,6,16,-10,6,Australia - A-League,0.12,0.88,-10,0.75,8.33,1.14,9
Avondale,1,1,0,0,2,1,1,3,Australia - NPL Victoria,1.0,0.0,1,2.0,1.0,0.0,1
South Melbourne,1,1,0,0,1,0,1,3,Australia - NPL Victoria,1.0,0.0,1,1.0,1.0,0.0,1
St. Albans,1,0,1,0,3,3,0,1,Australia - NPL Victoria,0.0,1.0,0,3.0,0.0,1.0,2
Preston Lions,1,0,1,0,2,2,0,1,Australia - NPL Victoria,0.0,1.0,0,2.0,0.0,1.0,2
Altona Magic,1,0,1,0,1,1,0,1,Australia - NPL Victoria,0.0,1.0,0,1.0,0.0,1.0,2
Oakleigh C.,1,0,1,0,1,1,0,1,Australia - NPL Victoria,0.0,1.0,0,1.0,0.0,1.0,2
Dandenong City,0,0,0,0,0,0,0,0,Australia - NPL Victoria,0.0,0.0,0,0.0,0.0,0.0,3
Melbourne K.,0,0,0,0,0,0,0,0,Australia - NPL Victoria,0.0,0.0,0,0.0,0.0,0.0,3
Port Melbourne,0,0,0,0,0,0,0,0,Australia - NPL Victoria,0.0,0.0,0,0.0,0.0,0.0,3
Heidelberg Utd,1,0,0,1,2,3,-1,0,Australia - NPL Victoria,0.0,1.0,-1,2.0,0.0,1.0,3
Dandenong T.,1,0,0,1,1,2,-1,0,Australia - NPL Victoria,0.0,1.0,-1,1.0,0.0,1.0,3
Green Gully,1,0,0,1,1,2,-1,0,Australia - NPL Victoria,0.0,1.0,-1,1.0,0.0,1.0,3
Hume City,1,0,0,1,1,2,-1,0,Australia - NPL Victoria,0.0,1.0,-1,1.0,0.0,1.0,3
M. Victory B,1,0,0,1,0,1,-1,0,Australia - NPL Victoria,0.0,1.0,-1,0.0,0.0,1.0,3
Brisbane City,0,0,0,0,0,0,0,0,Australia - NPL Queensland,0.0,0.0,0,0.0,0.0,0.0,1
Brisbane Roar B,0,0,0,0,0,0,0,0,Australia - NPL Queensland,0.0,0.0,0,0.0,0.0,0.0,1
Eastern Suburbs,0,0,0,0,0,0,0,0,Australia - NPL Queensland,0.0,0.0,0,0.0,0.0,0.0,1
Gold C. Knights,0,0,0,0,0,0,0,0,Australia - NPL Queensland,0.0,0.0,0,0.0,0.0,0.0,1
Gold C. Utd,0,0,0,0,0,0,0,0,Australia - NPL Queensland,0.0,0.0,0,0.0,0.0,0.0,1
Moreton City E.,0,0,0,0,0,0,0,0,Australia - NPL Queensland,0.0,0.0,0,0.0,0.0,0.0,1
Olympic FC,0,0,0,0,0,0,0,0,Australia - NPL Queensland,0.0,0.0,0,0.0,0.0,0.0,1
Peninsula,0,0,0,0,0,0,0,0,Australia - NPL Queensland,0.0,0.0,0,0.0,0.0,0.0,1
Q. Lions,0,0,0,0,0,0,0,0,Australia - NPL Queensland,0.0,0.0,0,0.0,0.0,0.0,1
SC Wanderers,0,0,0,0,0,0,0,0,Australia - NPL Queensland,0.0,0.0,0,0.0,0.0,0.0,1
St George W.,0,0,0,0,0,0,0,0,Australia - NPL Queensland,0.0,0.0,0,0.0,0.0,0.0,1
Wynnum Wolves,0,0,0,0,0,0,0,0,Australia - NPL Queensland,0.0,0.0,0,0.0,0.0,0.0,1
Sturm Graz,8,5,2,1,14,7,7,17,Austria - Bundesliga,0.62,0.38,7,1.75,1.61,2.63,1
Wolfsberger AC,8,5,0,3,18,12,6,15,Austria - Bundesliga,0.62,0.38,6,2.25,1.61,2.63,2
LASK Linz,8,4,1,3,11,10,1,13,Austria - Bundesliga,0.5,0.5,1,1.38,2.0,2.0,3
Austria Wien,8,3,3,2,10,9,1,12,Austria - Bundesliga,0.38,0.62,1,1.25,2.63,1.61,4
Hartberg,8,2,3,3,10,12,-2,9,Austria - Bundesliga,0.25,0.75,-2,1.25,4.0,1.33,5
BW Linz,8,2,3,3,8,10,-2,9,Austria - Bundesliga,0.25,0.75,-2,1.0,4.0,1.33,5
Rapid Wien,8,1,6,1,7,9,-2,9,Austria - Bundesliga,0.12,0.88,-2,0.88,8.33,1.14,5
Tirol,8,3,0,5,11,14,-3,9,Austria - Bundesliga,0.38,0.62,-3,1.38,2.63,1.61,5
Grazer AK,8,2,2,4,12,18,-6,8,Austria - Bundesliga,0.25,0.75,-6,1.5,4.0,1.33,6
Salzburg,8,1,4,3,4,11,-7,7,Austria - Bundesliga,0.12,0.88,-7,0.5,8.33,1.14,7
A. Klagenfurt,8,2,1,5,5,20,-15,7,Austria - Bundesliga,0.25,0.75,-15,0.62,4.0,1.33,7
Altach,8,1,1,6,5,14,-9,4,Austria - Bundesliga,0.12,0.88,-9,0.62,8.33,1.14,8
Ried,8,6,1,1,13,4,9,19,Austria - 2. Liga,0.75,0.25,9,1.62,1.33,4.0,1
Admira Wacker,8,6,1,1,14,8,6,19,Austria - 2. Liga,0.75,0.25,6,1.75,1.33,4.0,1
First Vienna,7,5,1,1,17,10,7,16,Austria - 2. Liga,0.71,0.29,7,2.43,1.41,3.45,2
St. Polten,8,5,0,3,16,10,6,15,Austria - 2. Liga,0.62,0.38,6,2.0,1.61,2.63,3
Liefering,8,4,1,3,10,13,-3,13,Austria - 2. Liga,0.5,0.5,-3,1.25,2.0,2.0,4
Kapfenberger,8,4,1,3,8,14,-6,13,Austria - 2. Liga,0.5,0.5,-6,1.0,2.0,2.0,4
Sturm Graz B,8,3,3,2,17,12,5,12,Austria - 2. Liga,0.38,0.62,5,2.12,2.63,1.61,5
A. Lustenau,8,3,3,2,8,8,0,12,Austria - 2. Liga,0.38,0.62,0,1.0,2.63,1.61,5
Voitsberg,8,3,2,3,11,9,2,11,Austria - 2. Liga,0.38,0.62,2,1.38,2.63,1.61,6
Amstetten,7,3,2,2,10,8,2,11,Austria - 2. Liga,0.43,0.57,2,1.43,2.33,1.75,6
Rapid Wien B,8,3,2,3,15,17,-2,11,Austria - 2. Liga,0.38,0.62,-2,1.88,2.63,1.61,6
Bregenz,7,2,4,1,8,8,0,10,Austria - 2. Liga,0.29,0.71,0,1.14,3.45,1.41,7
Floridsdorfer,8,2,2,4,9,10,-1,8,Austria - 2. Liga,0.25,0.75,-1,1.12,4.0,1.33,8
SV Horn,8,2,0,6,6,22,-16,6,Austria - 2. Liga,0.25,0.75,-16,0.75,4.0,1.33,9
Stripfing,8,0,4,4,5,11,-6,4,Austria - 2. Liga,0.0,1.0,-6,0.62,0.0,1.0,10
Lafnitz,8,1,1,6,6,20,-14,4,Austria - 2. Liga,0.12,0.88,-14,0.75,8.33,1.14,10
Qarabag,8,5,2,1,16,4,12,17,Azerbaijan - Premier League,0.62,0.38,12,2.0,1.61,2.63,1
Araz,8,5,1,2,7,3,4,16,Azerbaijan - Premier League,0.62,0.38,4,0.88,1.61,2.63,2
Zira,8,4,1,3,11,9,2,13,Azerbaijan - Premier League,0.5,0.5,2,1.38,2.0,2.0,3
Turan,8,2,3,3,12,14,-2,9,Azerbaijan - Premier League,0.25,0.75,-2,1.5,4.0,1.33,4
Sabah,8,1,3,4,9,13,-4,6,Azerbaijan - Premier League,0.12,0.88,-4,1.12,8.33,1.14,5
Sumqayit,8,1,3,4,3,12,-9,6,Azerbaijan - Premier League,0.12,0.88,-9,0.38,8.33,1.14,5
Kapaz,8,1,2,5,5,11,-6,5,Azerbaijan - Premier League,0.12,0.88,-6,0.62,8.33,1.14,6
Sebail,8,1,2,5,6,14,-8,5,Azerbaijan - Premier League,0.12,0.88,-8,0.75,8.33,1.14,6
Neftci,8,1,2,5,7,16,-9,5,Azerbaijan - Premier League,0.12,0.88,-9,0.88,8.33,1.14,6
Shamakhi,8,1,1,6,9,16,-7,4,Azerbaijan - Premier League,0.12,0.88,-7,1.12,8.33,1.14,7
Al-Najma,6,4,1,1,11,7,4,13,Bahrain - Premier League,0.67,0.33,4,1.83,1.49,3.03,1
Al Shabbab,6,4,0,2,9,8,1,12,Bahrain - Premier League,0.67,0.33,1,1.5,1.49,3.03,2
Malkiya,6,3,1,2,7,8,-1,10,Bahrain - Premier League,0.5,0.5,-1,1.17,2.0,2.0,3
Khalidiya,5,3,0,2,12,7,5,9,Bahrain - Premier League,0.6,0.4,5,2.4,1.67,2.5,4
Al-Muharraq,5,2,2,1,6,3,3,8,Bahrain - Premier League,0.4,0.6,3,1.2,2.5,1.67,5
Bahrain SC,6,2,2,2,6,11,-5,8,Bahrain - Premier League,0.33,0.67,-5,1.0,3.03,1.49,5
Sitra,3,1,2,0,6,4,2,5,Bahrain - Premier League,0.33,0.67,2,2.0,3.03,1.49,6
Al Ahli M.,5,1,1,3,8,11,-3,4,Bahrain - Premier League,0.2,0.8,-3,1.6,5.0,1.25,7
Al Riffa,4,0,2,2,0,3,-3,2,Bahrain - Premier League,0.0,1.0,-3,0.0,0.0,1.0,8
AAli FC,6,0,2,4,5,16,-11,2,Bahrain - Premier League,0.0,1.0,-11,0.83,0.0,1.0,8
Manama,4,0,1,3,1,9,-8,1,Bahrain - Premier League,0.0,1.0,-8,0.25,0.0,1.0,9
East Riffa,4,0,0,4,4,8,-4,0,Bahrain - Premier League,0.0,1.0,-4,1.0,0.0,1.0,10
Mohammedan,5,5,0,0,18,3,15,15,Bangladesh - Premier League,1.0,0.0,15,3.6,1.0,0.0,1
Abahani,6,3,2,1,7,1,6,11,Bangladesh - Premier League,0.5,0.5,6,1.17,2.0,2.0,2
Bashundhara K.,5,2,1,2,11,3,8,7,Bangladesh - Premier League,0.4,0.6,8,2.2,2.5,1.67,3
Rahmatgonj,4,2,0,2,10,7,3,6,Bangladesh - Premier League,0.5,0.5,3,2.5,2.0,2.0,4
Fakirerpool,5,2,0,3,5,11,-6,6,Bangladesh - Premier League,0.4,0.6,-6,1.0,2.5,1.67,4
Brothers Union,4,1,2,1,7,6,1,5,Bangladesh - Premier League,0.25,0.75,1,1.75,4.0,1.33,5
Fortis,4,1,1,2,5,5,0,4,Bangladesh - Premier League,0.25,0.75,0,1.25,4.0,1.33,6
B. Police,4,1,0,3,5,5,0,3,Bangladesh - Premier League,0.25,0.75,0,1.25,4.0,1.33,7
Dhaka Wanderers,4,0,1,3,3,12,-9,1,Bangladesh - Premier League,0.0,1.0,-9,0.75,0.0,1.0,8
Chittagong,4,0,0,4,0,11,-11,0,Bangladesh - Premier League,0.0,1.0,-11,0.0,0.0,1.0,9
Neman Grodno,8,5,3,0,15,3,12,18,Belarus - Vysshaya Liga,0.62,0.38,12,1.88,1.61,2.63,1
T. Zhodino,8,4,2,2,11,5,6,14,Belarus - Vysshaya Liga,0.5,0.5,6,1.38,2.0,2.0,2
Slutsk,8,4,2,2,8,8,0,14,Belarus - Vysshaya Liga,0.5,0.5,0,1.0,2.0,2.0,2
Dinamo Minsk,8,3,3,2,9,5,4,12,Belarus - Vysshaya Liga,0.38,0.62,4,1.12,2.63,1.61,3
BATE Borisov,8,3,2,3,7,9,-2,11,Belarus - Vysshaya Liga,0.38,0.62,-2,0.88,2.63,1.61,4
Vitebsk,8,3,1,4,10,9,1,10,Belarus - Vysshaya Liga,0.38,0.62,1,1.25,2.63,1.61,5
Naftan,8,3,1,4,9,8,1,10,Belarus - Vysshaya Liga,0.38,0.62,1,1.12,2.63,1.61,5
Isloch,8,3,1,4,12,12,0,10,Belarus - Vysshaya Liga,0.38,0.62,0,1.5,2.63,1.61,5
Dinamo Brest,8,3,0,5,15,14,1,9,Belarus - Vysshaya Liga,0.38,0.62,1,1.88,2.63,1.61,6
Gomel,8,2,3,3,7,10,-3,9,Belarus - Vysshaya Liga,0.25,0.75,-3,0.88,4.0,1.33,6
FC Minsk,8,2,3,3,7,11,-4,9,Belarus - Vysshaya Liga,0.25,0.75,-4,0.88,4.0,1.33,6
Slavia Mozyr,8,1,4,3,4,9,-5,7,Belarus - Vysshaya Liga,0.12,0.88,-5,0.5,8.33,1.14,7
Arsenal D.,8,1,3,4,7,9,-2,6,Belarus - Vysshaya Liga,0.12,0.88,-2,0.88,8.33,1.14,8
Dnepr Mogilev,8,1,3,4,9,15,-6,6,Belarus - Vysshaya Liga,0.12,0.88,-6,1.12,8.33,1.14,8
S. Soligorsk,8,1,3,4,3,9,-6,6,Belarus - Vysshaya Liga,0.12,0.88,-6,0.38,8.33,1.14,8
Smorgon,8,0,2,6,9,18,-9,2,Belarus - Vysshaya Liga,0.0,1.0,-9,1.12,0.0,1.0,9
Maxline,8,8,0,0,24,6,18,24,Belarus - First League,1.0,0.0,18,3.0,1.0,0.0,1
Dinamo Minsk B,8,5,1,2,17,6,11,16,Belarus - First League,0.62,0.38,11,2.12,1.61,2.63,2
Niva,8,5,1,2,11,5,6,16,Belarus - First League,0.62,0.38,6,1.38,1.61,2.63,2
Belshina,8,4,2,2,26,16,10,14,Belarus - First League,0.5,0.5,10,3.25,2.0,2.0,3
Molodechno,8,4,1,3,11,11,0,13,Belarus - First League,0.5,0.5,0,1.38,2.0,2.0,4
ABFF U17,8,4,1,3,9,9,0,13,Belarus - First League,0.5,0.5,0,1.12,2.0,2.0,4
Orsha,8,3,3,2,15,13,2,12,Belarus - First League,0.38,0.62,2,1.88,2.63,1.61,5
Volna Pinsk,8,4,0,4,13,13,0,12,Belarus - First League,0.5,0.5,0,1.62,2.0,2.0,5
Lida,8,3,2,3,12,10,2,11,Belarus - First League,0.38,0.62,2,1.5,2.63,1.61,6
BATE B,8,3,1,4,9,17,-8,10,Belarus - First League,0.38,0.62,-8,1.12,2.63,1.61,7
Baranovichi,8,2,3,3,9,12,-3,9,Belarus - First League,0.25,0.75,-3,1.12,4.0,1.33,8
Ostrovets,8,3,0,5,11,16,-5,9,Belarus - First League,0.38,0.62,-5,1.38,2.63,1.61,8
S. Soligorsk B,8,2,1,5,5,14,-9,7,Belarus - First League,0.25,0.75,-9,0.62,4.0,1.33,9
Bumprom,8,0,4,4,1,9,-8,4,Belarus - First League,0.0,1.0,-8,0.12,0.0,1.0,10
Energetik-BGU,8,1,1,6,6,15,-9,4,Belarus - First League,0.12,0.88,-9,0.75,8.33,1.14,10
Lokomotiv Gomel,8,0,3,5,4,13,-9,3,Belarus - First League,0.0,1.0,-9,0.5,0.0,1.0,11
T. Zhodhino B,8,1,0,7,3,23,-20,3,Belarus - First League,0.12,0.88,-20,0.38,8.33,1.14,11
Slonim,8,1,0,7,3,25,-22,3,Belarus - First League,0.12,0.88,-22,0.38,8.33,1.14,11
Royale Union SG,8,4,4,0,14,6,8,16,Belgium - Pro League,0.5,0.5,8,1.75,2.0,2.0,1
Club Brugge,8,4,3,1,14,9,5,15,Belgium - Pro League,0.5,0.5,5,1.75,2.0,2.0,2
KRC Genk,8,4,2,2,12,13,-1,14,Belgium - Pro League,0.5,0.5,-1,1.5,2.0,2.0,3
Anderlecht,8,3,1,4,11,7,4,10,Belgium - Pro League,0.38,0.62,4,1.38,2.63,1.61,4
Cercle Brugge,8,2,3,3,10,10,0,9,Belgium - Pro League,0.25,0.75,0,1.25,4.0,1.33,5
Antwerp,8,2,3,3,9,11,-2,9,Belgium - Pro League,0.25,0.75,-2,1.12,4.0,1.33,5
Gent,8,1,6,1,6,11,-5,9,Belgium - Pro League,0.12,0.88,-5,0.75,8.33,1.14,5
Charleroi,8,2,2,4,7,11,-4,8,Belgium - Pro League,0.25,0.75,-4,0.88,4.0,1.33,6
Dender,8,2,2,4,8,15,-7,8,Belgium - Pro League,0.25,0.75,-7,1.0,4.0,1.33,6
Standard Liege,8,1,4,3,6,15,-9,7,Belgium - Pro League,0.12,0.88,-9,0.75,8.33,1.14,7
Westerlo,8,2,0,6,10,16,-6,6,Belgium - Pro League,0.25,0.75,-6,1.25,4.0,1.33,8
OH Leuven,8,1,2,5,4,12,-8,5,Belgium - Pro League,0.12,0.88,-8,0.5,8.33,1.14,9
KV Mechelen,8,1,1,6,10,16,-6,4,Belgium - Pro League,0.12,0.88,-6,1.25,8.33,1.14,10
Sint-Truiden,8,1,0,7,8,21,-13,3,Belgium - Pro League,0.12,0.88,-13,1.0,8.33,1.14,11
Kortrijk,8,0,2,6,5,21,-16,2,Belgium - Pro League,0.0,1.0,-16,0.62,0.0,1.0,12
Beerschot,8,0,1,7,5,20,-15,1,Belgium - Pro League,0.0,1.0,-15,0.62,0.0,1.0,13
Club Brugge B,8,5,1,2,14,9,5,16,Belgium - Challenger Pro League,0.62,0.38,5,1.75,1.61,2.63,1
Patro Eisden,8,4,3,1,15,6,9,15,Belgium - Challenger Pro League,0.5,0.5,9,1.88,2.0,2.0,2
Zulte-Waregem,8,4,3,1,11,6,5,15,Belgium - Challenger Pro League,0.5,0.5,5,1.38,2.0,2.0,2
La Louviere,8,4,2,2,15,9,6,14,Belgium - Challenger Pro League,0.5,0.5,6,1.88,2.0,2.0,3
RWDM,8,3,3,2,13,10,3,12,Belgium - Challenger Pro League,0.38,0.62,3,1.62,2.63,1.61,4
RFC Liege,8,4,0,4,11,10,1,12,Belgium - Challenger Pro League,0.5,0.5,1,1.38,2.0,2.0,4
Seraing,8,3,3,2,10,12,-2,12,Belgium - Challenger Pro League,0.38,0.62,-2,1.25,2.63,1.61,4
Beveren,8,3,2,3,8,11,-3,11,Belgium - Challenger Pro League,0.38,0.62,-3,1.0,2.63,1.61,5
Lokeren-Temse,8,3,2,3,7,10,-3,11,Belgium - Challenger Pro League,0.38,0.62,-3,0.88,2.63,1.61,5
Francs Borains,8,3,2,3,8,16,-8,11,Belgium - Challenger Pro League,0.38,0.62,-8,1.0,2.63,1.61,5
Lommel SK,8,3,1,4,14,16,-2,10,Belgium - Challenger Pro League,0.38,0.62,-2,1.75,2.63,1.61,6
Eupen,8,2,3,3,13,13,0,9,Belgium - Challenger Pro League,0.25,0.75,0,1.62,4.0,1.33,7
Lierse K.,8,2,3,3,11,12,-1,9,Belgium - Challenger Pro League,0.25,0.75,-1,1.38,4.0,1.33,7
Anderlecht B,8,1,3,4,7,12,-5,6,Belgium - Challenger Pro League,0.12,0.88,-5,0.88,8.33,1.14,8
KRC Genk B,8,0,2,6,7,19,-12,2,Belgium - Challenger Pro League,0.0,1.0,-12,0.88,0.0,1.0,9
Deinze,0,0,0,0,0,0,0,0,Belgium - Challenger Pro League,0.0,0.0,0,0.0,0.0,0.0,10
Bolivar,4,2,0,2,6,5,1,6,Bolivia - Primera Div. - Apertura,0.5,0.5,1,1.5,2.0,2.0,1
Royal Pari,4,2,0,2,5,6,-1,6,Bolivia - Primera Div. - Apertura,0.5,0.5,-1,1.25,2.0,2.0,1
Blooming,4,1,2,1,7,8,-1,5,Bolivia - Primera Div. - Apertura,0.25,0.75,-1,1.75,4.0,1.33,2
SA Bulo Bulo,4,1,1,2,5,5,0,4,Bolivia - Primera Div. - Apertura,0.25,0.75,0,1.25,4.0,1.33,3
Gualberto V. SJ,4,1,1,2,6,8,-2,4,Bolivia - Primera Div. - Apertura,0.25,0.75,-2,1.5,4.0,1.33,3
Nacional Potosi,4,1,1,2,4,7,-3,4,Bolivia - Primera Div. - Apertura,0.25,0.75,-3,1.0,4.0,1.33,3
Real Tomayapo,4,1,1,2,4,7,-3,4,Bolivia - Primera Div. - Apertura,0.25,0.75,-3,1.0,4.0,1.33,3
The Strongest,4,1,1,2,8,13,-5,4,Bolivia - Primera Div. - Apertura,0.25,0.75,-5,2.0,4.0,1.33,3
I. Petrolero,4,1,0,3,4,7,-3,3,Bolivia - Primera Div. - Apertura,0.25,0.75,-3,1.0,4.0,1.33,4
Oriente P.,4,1,0,3,6,10,-4,3,Bolivia - Primera Div. - Apertura,0.25,0.75,-4,1.5,4.0,1.33,4
Santa Cruz,4,1,0,3,4,8,-4,3,Bolivia - Primera Div. - Apertura,0.25,0.75,-4,1.0,4.0,1.33,4
Aurora,4,0,2,2,1,3,-2,2,Bolivia - Primera Div. - Apertura,0.0,1.0,-2,0.25,0.0,1.0,5
U. de Vinto,4,0,2,2,2,5,-3,2,Bolivia - Primera Div. - Apertura,0.0,1.0,-3,0.5,0.0,1.0,5
Wilstermann,4,0,1,3,4,7,-3,1,Bolivia - Primera Div. - Apertura,0.0,1.0,-3,1.0,0.0,1.0,6
Guabira,4,0,1,3,3,6,-3,1,Bolivia - Primera Div. - Apertura,0.0,1.0,-3,0.75,0.0,1.0,6
Always Ready,4,0,1,3,3,7,-4,1,Bolivia - Primera Div. - Apertura,0.0,1.0,-4,0.75,0.0,1.0,6
Bolivar,8,5,2,1,24,12,12,17,Bolivia - Primera Div. - Clausura,0.62,0.38,12,3.0,1.61,2.63,1
Always Ready,8,4,1,3,16,12,4,13,Bolivia - Primera Div. - Clausura,0.5,0.5,4,2.0,2.0,2.0,2
Aurora,8,3,3,2,14,16,-2,12,Bolivia - Primera Div. - Clausura,0.38,0.62,-2,1.75,2.63,1.61,3
Nacional Potosi,8,3,2,3,15,16,-1,11,Bolivia - Primera Div. - Clausura,0.38,0.62,-1,1.88,2.63,1.61,4
Wilstermann,8,3,2,3,9,10,-1,11,Bolivia - Primera Div. - Clausura,0.38,0.62,-1,1.12,2.63,1.61,4
The Strongest,8,3,1,4,11,14,-3,10,Bolivia - Primera Div. - Clausura,0.38,0.62,-3,1.38,2.63,1.61,5
SA Bulo Bulo,8,3,1,4,7,13,-6,10,Bolivia - Primera Div. - Clausura,0.38,0.62,-6,0.88,2.63,1.61,5
Blooming,8,3,1,4,6,18,-12,10,Bolivia - Primera Div. - Clausura,0.38,0.62,-12,0.75,2.63,1.61,5
Santa Cruz,8,3,0,5,11,25,-14,9,Bolivia - Primera Div. - Clausura,0.38,0.62,-14,1.38,2.63,1.61,6
Gualberto V. SJ,8,2,2,4,11,15,-4,8,Bolivia - Primera Div. - Clausura,0.25,0.75,-4,1.38,4.0,1.33,7
U. de Vinto,8,2,2,4,9,16,-7,8,Bolivia - Primera Div. - Clausura,0.25,0.75,-7,1.12,4.0,1.33,7
I. Petrolero,8,2,1,5,8,15,-7,7,Bolivia - Primera Div. - Clausura,0.25,0.75,-7,1.0,4.0,1.33,8
Guabira,8,1,2,5,8,18,-10,5,Bolivia - Primera Div. - Clausura,0.12,0.88,-10,1.0,8.33,1.14,9
Royal Pari,8,1,2,5,6,17,-11,5,Bolivia - Primera Div. - Clausura,0.12,0.88,-11,0.75,8.33,1.14,9
Real Tomayapo,8,1,0,7,10,19,-9,3,Bolivia - Primera Div. - Clausura,0.12,0.88,-9,1.25,8.33,1.14,10
Oriente P.,8,0,2,6,10,24,-14,2,Bolivia - Primera Div. - Clausura,0.0,1.0,-14,1.25,0.0,1.0,11
Palmeiras,8,6,1,1,13,7,6,19,Brazil - Serie A,0.75,0.25,6,1.62,1.33,4.0,1
Botafogo,8,5,2,1,9,4,5,17,Brazil - Serie A,0.62,0.38,5,1.12,1.61,2.63,2
Flamengo,8,4,2,2,12,7,5,14,Brazil - Serie A,0.5,0.5,5,1.5,2.0,2.0,3
Internacional,8,4,2,2,16,13,3,14,Brazil - Serie A,0.5,0.5,3,2.0,2.0,2.0,3
Corinthians,8,4,1,3,12,9,3,13,Brazil - Serie A,0.5,0.5,3,1.5,2.0,2.0,4
Vitoria,8,3,3,2,12,11,1,12,Brazil - Serie A,0.38,0.62,1,1.5,2.63,1.61,5
Fluminense,8,3,1,4,8,8,0,10,Brazil - Serie A,0.38,0.62,0,1.0,2.63,1.61,6
Juventude,8,2,3,3,11,13,-2,9,Brazil - Serie A,0.25,0.75,-2,1.38,4.0,1.33,7
Sao Paulo,8,2,2,4,8,10,-2,8,Brazil - Serie A,0.25,0.75,-2,1.0,4.0,1.33,8
Vasco da Gama,8,2,2,4,6,15,-9,8,Brazil - Serie A,0.25,0.75,-9,0.75,4.0,1.33,8
Bahia,8,2,1,5,10,16,-6,7,Brazil - Serie A,0.25,0.75,-6,1.25,4.0,1.33,9
Fortaleza,8,1,3,4,11,15,-4,6,Brazil - Serie A,0.12,0.88,-4,1.38,8.33,1.14,10
Cruzeiro,8,1,3,4,5,10,-5,6,Brazil - Serie A,0.12,0.88,-5,0.62,8.33,1.14,10
Gremio,8,0,5,3,7,10,-3,5,Brazil - Serie A,0.0,1.0,-3,0.88,0.0,1.0,11
Bragantino,8,1,2,5,5,13,-8,5,Brazil - Serie A,0.12,0.88,-8,0.62,8.33,1.14,11
Criciuma,8,1,2,5,5,17,-12,5,Brazil - Serie A,0.12,0.88,-12,0.62,8.33,1.14,11
Cuiaba,8,0,4,4,1,7,-6,4,Brazil - Serie A,0.0,1.0,-6,0.12,0.0,1.0,12
Atletico MG,8,0,3,5,4,12,-8,3,Brazil - Serie A,0.0,1.0,-8,0.5,0.0,1.0,13
Athletico PR,8,0,2,6,5,13,-8,2,Brazil - Serie A,0.0,1.0,-8,0.62,0.0,1.0,14
Atletico GO,8,0,1,7,4,18,-14,1,Brazil - Serie A,0.0,1.0,-14,0.5,0.0,1.0,15
Sport Recife,8,4,2,2,13,6,7,14,Brazil - Serie B,0.5,0.5,7,1.62,2.0,2.0,1
Santos,8,4,1,3,11,9,2,13,Brazil - Serie B,0.5,0.5,2,1.38,2.0,2.0,2
Goias,8,3,3,2,12,5,7,12,Brazil - Serie B,0.38,0.62,7,1.5,2.63,1.61,3
Botafogo SP,8,3,2,3,8,9,-1,11,Brazil - Serie B,0.38,0.62,-1,1.0,2.63,1.61,4
CRB,8,3,1,4,8,9,-1,10,Brazil - Serie B,0.38,0.62,-1,1.0,2.63,1.61,5
Ituano,8,3,0,5,13,14,-1,9,Brazil - Serie B,0.38,0.62,-1,1.62,2.63,1.61,6
Mirassol,8,2,3,3,7,8,-1,9,Brazil - Serie B,0.25,0.75,-1,0.88,4.0,1.33,6
Novorizontino,8,2,2,4,7,7,0,8,Brazil - Serie B,0.25,0.75,0,0.88,4.0,1.33,7
Ceara,8,2,2,4,10,11,-1,8,Brazil - Serie B,0.25,0.75,-1,1.25,4.0,1.33,7
Chapecoense,8,2,2,4,8,10,-2,8,Brazil - Serie B,0.25,0.75,-2,1.0,4.0,1.33,7
Operario PR,8,2,2,4,6,10,-4,8,Brazil - Serie B,0.25,0.75,-4,0.75,4.0,1.33,7
Avai,8,2,1,5,7,11,-4,7,Brazil - Serie B,0.25,0.75,-4,0.88,4.0,1.33,8
Coritiba,8,2,0,6,10,14,-4,6,Brazil - Serie B,0.25,0.75,-4,1.25,4.0,1.33,9
Paysandu,8,1,3,4,8,12,-4,6,Brazil - Serie B,0.12,0.88,-4,1.0,8.33,1.14,9
Amazonas,8,1,2,5,2,8,-6,5,Brazil - Serie B,0.12,0.88,-6,0.25,8.33,1.14,10
America MG,8,1,1,6,6,10,-4,4,Brazil - Serie B,0.12,0.88,-4,0.75,8.33,1.14,11
Ponte Preta,8,1,1,6,7,14,-7,4,Brazil - Serie B,0.12,0.88,-7,0.88,8.33,1.14,11
Guarani,8,1,0,7,5,14,-9,3,Brazil - Serie B,0.12,0.88,-9,0.62,8.33,1.14,12
Vila Nova,8,1,0,7,3,18,-15,3,Brazil - Serie B,0.12,0.88,-15,0.38,8.33,1.14,12
Brusque,8,0,2,6,1,12,-11,2,Brazil - Serie B,0.0,1.0,-11,0.12,0.0,1.0,13
Ferroviaria,8,3,4,1,4,2,2,13,Brazil - Serie C,0.38,0.62,2,0.5,2.63,1.61,1
CSA,8,4,1,3,8,7,1,13,Brazil - Serie C,0.5,0.5,1,1.0,2.0,2.0,1
Botafogo PB,8,3,3,2,10,9,1,12,Brazil - Serie C,0.38,0.62,1,1.25,2.63,1.61,2
Londrina,8,3,2,3,7,7,0,11,Brazil - Serie C,0.38,0.62,0,0.88,2.63,1.61,3
Sao Bernardo,8,3,2,3,10,11,-1,11,Brazil - Serie C,0.38,0.62,-1,1.25,2.63,1.61,3
Volta Redonda,8,3,2,3,12,15,-3,11,Brazil - Serie C,0.38,0.62,-3,1.5,2.63,1.61,3
Athletic Club,8,2,4,2,10,11,-1,10,Brazil - Serie C,0.25,0.75,-1,1.25,4.0,1.33,4
Floresta,8,2,3,3,4,8,-4,9,Brazil - Serie C,0.25,0.75,-4,0.5,4.0,1.33,5
Ypiranga,8,2,2,4,6,12,-6,8,Brazil - Serie C,0.25,0.75,-6,0.75,4.0,1.33,6
ABC,8,1,4,3,8,8,0,7,Brazil - Serie C,0.12,0.88,0,1.0,8.33,1.14,7
Tombense,8,1,4,3,10,11,-1,7,Brazil - Serie C,0.12,0.88,-1,1.25,8.33,1.14,7
Remo,8,2,1,5,9,14,-5,7,Brazil - Serie C,0.25,0.75,-5,1.12,4.0,1.33,7
Nautico,8,0,4,4,9,14,-5,4,Brazil - Serie C,0.0,1.0,-5,1.12,0.0,1.0,8
Sampaio Correa,8,0,4,4,3,8,-5,4,Brazil - Serie C,0.0,1.0,-5,0.38,0.0,1.0,8
Ferroviario,8,1,1,6,7,16,-9,4,Brazil - Serie C,0.12,0.88,-9,0.88,8.33,1.14,8
Figueirense,8,1,1,6,7,16,-9,4,Brazil - Serie C,0.12,0.88,-9,0.88,8.33,1.14,8
Aparecidense,8,1,1,6,6,15,-9,4,Brazil - Serie C,0.12,0.88,-9,0.75,8.33,1.14,8
EC Sao Jose,8,0,3,5,5,11,-6,3,Brazil - Serie C,0.0,1.0,-6,0.62,0.0,1.0,9
Confianca,8,0,1,7,4,14,-10,1,Brazil - Serie C,0.0,1.0,-10,0.5,0.0,1.0,10
Caxias,8,0,0,8,4,14,-10,0,Brazil - Serie C,0.0,1.0,-10,0.5,0.0,1.0,11
Manauara,7,4,3,0,14,3,11,15,Brazil - Serie D,0.57,0.43,11,2.0,1.75,2.33,1
Treze,7,4,2,1,15,6,9,14,Brazil - Serie D,0.57,0.43,9,2.14,1.75,2.33,2
Brasiliense,7,4,1,2,13,7,6,13,Brazil - Serie D,0.57,0.43,6,1.86,1.75,2.33,3
Itabuna,7,4,1,2,11,7,4,13,Brazil - Serie D,0.57,0.43,4,1.57,1.75,2.33,3
Anapolis,7,4,1,2,8,5,3,13,Brazil - Serie D,0.57,0.43,3,1.14,1.75,2.33,3
Maranhao,7,3,3,1,8,5,3,12,Brazil - Serie D,0.43,0.57,3,1.14,2.33,1.75,4
Nova Iguacu,7,3,3,1,6,4,2,12,Brazil - Serie D,0.43,0.57,2,0.86,2.33,1.75,4
Cianorte,7,4,0,3,6,6,0,12,Brazil - Serie D,0.57,0.43,0,0.86,1.75,2.33,4
Altos,7,3,2,2,10,9,1,11,Brazil - Serie D,0.43,0.57,1,1.43,2.33,1.75,5
Maringa,7,3,2,2,10,9,1,11,Brazil - Serie D,0.43,0.57,1,1.43,2.33,1.75,5
P. do Solimoes,7,3,2,2,9,10,-1,11,Brazil - Serie D,0.43,0.57,-1,1.29,2.33,1.75,5
Portuguesa RJ,7,2,4,1,6,4,2,10,Brazil - Serie D,0.29,0.71,2,0.86,3.45,1.41,6
Itabaiana,7,3,1,3,8,7,1,10,Brazil - Serie D,0.43,0.57,1,1.14,2.33,1.75,6
CSE,7,3,1,3,9,10,-1,10,Brazil - Serie D,0.43,0.57,-1,1.29,2.33,1.75,6
Juazeirense,7,3,1,3,5,6,-1,10,Brazil - Serie D,0.43,0.57,-1,0.71,2.33,1.75,6
Manaus,7,2,3,2,11,10,1,9,Brazil - Serie D,0.29,0.71,1,1.57,3.45,1.41,7
Hercilio Luz,7,1,6,0,5,4,1,9,Brazil - Serie D,0.14,0.86,1,0.71,7.14,1.16,7
Serra,7,2,3,2,9,10,-1,9,Brazil - Serie D,0.29,0.71,-1,1.29,3.45,1.41,7
Novo Hamburgo,7,2,3,2,8,9,-1,9,Brazil - Serie D,0.29,0.71,-1,1.14,3.45,1.41,7
Atletico CE,7,2,3,2,7,9,-2,9,Brazil - Serie D,0.29,0.71,-2,1.0,3.45,1.41,7
Porto Velho,7,3,0,4,8,11,-3,9,Brazil - Serie D,0.43,0.57,-3,1.14,2.33,1.75,7
Trem,7,3,0,4,11,15,-4,9,Brazil - Serie D,0.43,0.57,-4,1.57,2.33,1.75,7
Barra FC,7,2,2,3,6,5,1,8,Brazil - Serie D,0.29,0.71,1,0.86,3.45,1.41,8
Inter Limeira,7,2,2,3,4,3,1,8,Brazil - Serie D,0.29,0.71,1,0.57,3.45,1.41,8
River,7,2,2,3,8,8,0,8,Brazil - Serie D,0.29,0.71,0,1.14,3.45,1.41,8
ASA,7,2,2,3,8,9,-1,8,Brazil - Serie D,0.29,0.71,-1,1.14,3.45,1.41,8
Retro,7,2,2,3,7,8,-1,8,Brazil - Serie D,0.29,0.71,-1,1.0,3.45,1.41,8
Costa Rica MS,7,2,2,3,5,6,-1,8,Brazil - Serie D,0.29,0.71,-1,0.71,3.45,1.41,8
CRAC,7,1,5,1,4,5,-1,8,Brazil - Serie D,0.14,0.86,-1,0.57,7.14,1.16,8
Flamengo,5,3,2,0,13,1,12,11,Brazil - Carioca,0.6,0.4,12,2.6,1.67,2.5,1
Fluminense,5,2,1,2,6,5,1,7,Brazil - Carioca,0.4,0.6,1,1.2,2.5,1.67,2
Volta Redonda,4,2,1,1,5,5,0,7,Brazil - Carioca,0.5,0.5,0,1.25,2.0,2.0,2
Nova Iguacu,4,2,1,1,3,3,0,7,Brazil - Carioca,0.5,0.5,0,0.75,2.0,2.0,2
Vasco da Gama,4,1,3,0,3,2,1,6,Brazil - Carioca,0.25,0.75,1,0.75,4.0,1.33,3
Boavista,5,1,3,1,3,3,0,6,Brazil - Carioca,0.2,0.8,0,0.6,5.0,1.25,3
Sampaio Correa,6,1,3,2,4,6,-2,6,Brazil - Carioca,0.17,0.83,-2,0.67,5.88,1.2,3
CFRJ . Marica,4,1,1,2,4,5,-1,4,Brazil - Carioca,0.25,0.75,-1,1.0,4.0,1.33,4
Madureira,4,1,1,2,3,4,-1,4,Brazil - Carioca,0.25,0.75,-1,0.75,4.0,1.33,4
Portuguesa RJ,5,1,1,3,5,10,-5,4,Brazil - Carioca,0.2,0.8,-5,1.0,5.0,1.25,4
Botafogo,3,1,0,2,2,3,-1,3,Brazil - Carioca,0.33,0.67,-1,0.67,3.03,1.49,5
Bangu,5,0,3,2,2,7,-5,3,Brazil - Carioca,0.0,1.0,-5,0.4,0.0,1.0,5
Betim,4,3,1,0,8,2,6,10,Brazil - Mineiro,0.75,0.25,6,2.0,1.33,4.0,1
Atletico MG,4,2,2,0,3,0,3,8,Brazil - Mineiro,0.5,0.5,3,0.75,2.0,2.0,2
Democrata GV,4,2,2,0,4,2,2,8,Brazil - Mineiro,0.5,0.5,2,1.0,2.0,2.0,2
Tombense,4,2,0,2,4,4,0,6,Brazil - Mineiro,0.5,0.5,0,1.0,2.0,2.0,3
America MG,4,1,2,1,4,4,0,5,Brazil - Mineiro,0.25,0.75,0,1.0,4.0,1.33,4
Cruzeiro,4,1,1,2,6,5,1,4,Brazil - Mineiro,0.25,0.75,1,1.5,4.0,1.33,5
Itabirito,4,1,1,2,5,6,-1,4,Brazil - Mineiro,0.25,0.75,-1,1.25,4.0,1.33,5
Uberlandia,4,1,1,2,4,6,-2,4,Brazil - Mineiro,0.25,0.75,-2,1.0,4.0,1.33,5
Pouso Alegre,4,1,1,2,5,11,-6,4,Brazil - Mineiro,0.25,0.75,-6,1.25,4.0,1.33,5
Villa Nova,4,1,1,2,3,9,-6,4,Brazil - Mineiro,0.25,0.75,-6,0.75,4.0,1.33,5
Athletic Club,4,1,0,3,1,6,-5,3,Brazil - Mineiro,0.25,0.75,-5,0.25,4.0,1.33,6
Aymores,4,0,2,2,0,3,-3,2,Brazil - Mineiro,0.0,1.0,-3,0.0,0.0,1.0,7
Atletico GO,4,3,1,0,10,3,7,10,Brazil - Goiano,0.75,0.25,7,2.5,1.33,4.0,1
Anapolis,4,3,1,0,6,2,4,10,Brazil - Goiano,0.75,0.25,4,1.5,1.33,4.0,1
Vila Nova,4,2,1,1,5,4,1,7,Brazil - Goiano,0.5,0.5,1,1.25,2.0,2.0,2
Goias,4,2,0,2,3,3,0,6,Brazil - Goiano,0.5,0.5,0,0.75,2.0,2.0,3
CRAC,5,1,2,2,2,4,-2,5,Brazil - Goiano,0.2,0.8,-2,0.4,5.0,1.25,4
Goiatuba EC,5,0,4,1,3,4,-1,4,Brazil - Goiano,0.0,1.0,-1,0.6,0.0,1.0,5
Inhumas,4,1,1,2,3,5,-2,4,Brazil - Goiano,0.25,0.75,-2,0.75,4.0,1.33,5
Jataiense,5,1,1,3,3,5,-2,4,Brazil - Goiano,0.2,0.8,-2,0.6,5.0,1.25,5
Goianesia,5,1,1,3,3,7,-4,4,Brazil - Goiano,0.2,0.8,-4,0.6,5.0,1.25,5
ABECAT Ouvidore,5,1,0,4,2,7,-5,3,Brazil - Goiano,0.2,0.8,-5,0.4,5.0,1.25,6
Aparecidense,4,0,2,2,2,4,-2,2,Brazil - Goiano,0.0,1.0,-2,0.5,0.0,1.0,7
Goiania,4,0,0,4,2,11,-9,0,Brazil - Goiano,0.0,1.0,-9,0.5,0.0,1.0,8
Maguary PE,4,2,0,2,4,8,-4,6,Brazil - Pernambucano,0.5,0.5,-4,1.0,2.0,2.0,1
Santa Cruz,3,1,1,1,6,3,3,4,Brazil - Pernambucano,0.33,0.67,3,2.0,3.03,1.49,2
Retro,3,1,1,1,2,2,0,4,Brazil - Pernambucano,0.33,0.67,0,0.67,3.03,1.49,2
Sport Recife,3,1,1,1,2,2,0,4,Brazil - Pernambucano,0.33,0.67,0,0.67,3.03,1.49,2
Decisao,4,1,1,2,4,9,-5,4,Brazil - Pernambucano,0.25,0.75,-5,1.0,4.0,1.33,2
Central,3,0,2,1,1,2,-1,2,Brazil - Pernambucano,0.0,1.0,-1,0.33,0.0,1.0,3
Jaguar,5,0,2,3,5,10,-5,2,Brazil - Pernambucano,0.0,1.0,-5,1.0,0.0,1.0,3
Petrolina,4,0,2,2,2,7,-5,2,Brazil - Pernambucano,0.0,1.0,-5,0.5,0.0,1.0,3
Afogados,4,0,1,3,1,8,-7,1,Brazil - Pernambucano,0.0,1.0,-7,0.25,0.0,1.0,4
Winner Semi-fin,0,0,0,0,0,0,0,0,Brazil - Pernambucano,0.0,0.0,0,0.0,0.0,0.0,5
Nautico,2,0,0,2,1,3,-2,0,Brazil - Pernambucano,0.0,1.0,-2,0.5,0.0,1.0,5
Ponte Preta,5,4,1,0,7,3,4,13,Brazil - Paulista,0.8,0.2,4,1.4,1.25,5.0,1
Sao Bernardo,5,4,0,1,8,6,2,12,Brazil - Paulista,0.8,0.2,2,1.6,1.25,5.0,2
Palmeiras,5,3,2,0,11,4,7,11,Brazil - Paulista,0.6,0.4,7,2.2,1.67,2.5,3
Corinthians,5,3,1,1,6,5,1,10,Brazil - Paulista,0.6,0.4,1,1.2,1.67,2.5,4
Novorizontino,5,2,3,0,7,5,2,9,Brazil - Paulista,0.4,0.6,2,1.4,2.5,1.67,5
Mirassol,4,2,0,2,5,7,-2,6,Brazil - Paulista,0.5,0.5,-2,1.25,2.0,2.0,6
Noroeste,4,1,1,2,4,5,-1,4,Brazil - Paulista,0.25,0.75,-1,1.0,4.0,1.33,7
Sao Paulo,4,1,1,2,3,5,-2,4,Brazil - Paulista,0.25,0.75,-2,0.75,4.0,1.33,7
Inter Limeira,4,0,3,1,3,5,-2,3,Brazil - Paulista,0.0,1.0,-2,0.75,0.0,1.0,8
Portuguesa,5,0,3,2,3,6,-3,3,Brazil - Paulista,0.0,1.0,-3,0.6,0.0,1.0,8
Velo Clube,5,0,2,3,5,8,-3,2,Brazil - Paulista,0.0,1.0,-3,1.0,0.0,1.0,9
Botafogo SP,4,0,2,2,3,6,-3,2,Brazil - Paulista,0.0,1.0,-3,0.75,0.0,1.0,9
Santos,5,0,2,3,4,8,-4,2,Brazil - Paulista,0.0,1.0,-4,0.8,0.0,1.0,9
Bragantino,5,0,2,3,3,8,-5,2,Brazil - Paulista,0.0,1.0,-5,0.6,0.0,1.0,9
Guarani,4,0,1,3,2,6,-4,1,Brazil - Paulista,0.0,1.0,-4,0.5,0.0,1.0,10
Agua Santa,4,0,1,3,2,13,-11,1,Brazil - Paulista,0.0,1.0,-11,0.5,0.0,1.0,10
Sousa,3,2,1,0,5,1,4,7,Brazil - Paraibano,0.67,0.33,4,1.67,1.49,3.03,1
EC de Patos,4,2,0,2,6,8,-2,6,Brazil - Paraibano,0.5,0.5,-2,1.5,2.0,2.0,2
Auto Esporte,3,1,2,0,4,2,2,5,Brazil - Paraibano,0.33,0.67,2,1.33,3.03,1.49,3
Treze,3,1,1,1,7,5,2,4,Brazil - Paraibano,0.33,0.67,2,2.33,3.03,1.49,4
Serra Branca,4,1,1,2,3,4,-1,4,Brazil - Paraibano,0.25,0.75,-1,0.75,4.0,1.33,4
Botafogo PB,3,1,0,2,2,3,-1,3,Brazil - Paraibano,0.33,0.67,-1,0.67,3.03,1.49,5
Pombal,4,1,0,3,3,5,-2,3,Brazil - Paraibano,0.25,0.75,-2,0.75,4.0,1.33,5
Nacional Patos,5,0,2,3,7,13,-6,2,Brazil - Paraibano,0.0,1.0,-6,1.4,0.0,1.0,6
Campinense,4,0,1,3,2,8,-6,1,Brazil - Paraibano,0.0,1.0,-6,0.5,0.0,1.0,7
Picuiense,3,0,1,2,2,16,-14,1,Brazil - Paraibano,0.0,1.0,-14,0.67,0.0,1.0,7
Chapecoense,5,2,2,1,9,7,2,8,Brazil - Catarinense,0.4,0.6,2,1.8,2.5,1.67,1
Avai,4,1,3,0,3,0,3,6,Brazil - Catarinense,0.25,0.75,3,0.75,4.0,1.33,2
Santa Catarina,5,1,3,1,5,5,0,6,Brazil - Catarinense,0.2,0.8,0,1.0,5.0,1.25,2
Criciuma,3,1,2,0,4,3,1,5,Brazil - Catarinense,0.33,0.67,1,1.33,3.03,1.49,3
Figueirense,4,1,2,1,3,3,0,5,Brazil - Catarinense,0.25,0.75,0,0.75,4.0,1.33,3
Caravaggio,5,1,1,3,4,8,-4,4,Brazil - Catarinense,0.2,0.8,-4,0.8,5.0,1.25,4
Joinville,5,1,1,3,2,8,-6,4,Brazil - Catarinense,0.2,0.8,-6,0.4,5.0,1.25,4
Brusque,4,0,2,2,1,3,-2,2,Brazil - Catarinense,0.0,1.0,-2,0.25,0.0,1.0,5
Hercilio Luz,5,0,2,3,2,5,-3,2,Brazil - Catarinense,0.0,1.0,-3,0.4,0.0,1.0,5
Barra FC,4,0,2,2,1,5,-4,2,Brazil - Catarinense,0.0,1.0,-4,0.25,0.0,1.0,5
Marcilio Dias,4,0,1,3,2,7,-5,1,Brazil - Catarinense,0.0,1.0,-5,0.5,0.0,1.0,6
Concordia,5,0,1,4,3,11,-8,1,Brazil - Catarinense,0.0,1.0,-8,0.6,0.0,1.0,6
Internacional,4,2,2,0,8,4,4,8,Brazil - Gaucho,0.5,0.5,4,2.0,2.0,2.0,1
Caxias,4,2,1,1,2,4,-2,7,Brazil - Gaucho,0.5,0.5,-2,0.5,2.0,2.0,2
Ypiranga,4,1,2,1,2,3,-1,5,Brazil - Gaucho,0.25,0.75,-1,0.5,4.0,1.33,3
Gremio,3,1,1,1,3,2,1,4,Brazil - Gaucho,0.33,0.67,1,1.0,3.03,1.49,4
Monsoon,3,1,1,1,4,4,0,4,Brazil - Gaucho,0.33,0.67,0,1.33,3.03,1.49,4
Guarany de Bage,4,1,1,2,3,3,0,4,Brazil - Gaucho,0.25,0.75,0,0.75,4.0,1.33,4
Juventude,3,1,1,1,3,3,0,4,Brazil - Gaucho,0.33,0.67,0,1.0,3.03,1.49,4
Pelotas,4,0,2,2,2,8,-6,2,Brazil - Gaucho,0.0,1.0,-6,0.5,0.0,1.0,5
EC Sao Jose,3,0,1,2,2,5,-3,1,Brazil - Gaucho,0.0,1.0,-3,0.67,0.0,1.0,6
Brasil de P.,3,0,1,2,2,7,-5,1,Brazil - Gaucho,0.0,1.0,-5,0.67,0.0,1.0,6
Sao Luiz,3,0,1,2,1,7,-6,1,Brazil - Gaucho,0.0,1.0,-6,0.33,0.0,1.0,6
Avenida,4,0,0,4,2,6,-4,0,Brazil - Gaucho,0.0,1.0,-4,0.5,0.0,1.0,7
Ludogorets,8,6,1,1,19,7,12,19,Bulgaria - Parva Liga,0.75,0.25,12,2.38,1.33,4.0,1
Cherno More,8,5,1,2,12,5,7,16,Bulgaria - Parva Liga,0.62,0.38,7,1.5,1.61,2.63,2
Botev Plovdiv,8,5,0,3,5,5,0,15,Bulgaria - Parva Liga,0.62,0.38,0,0.62,1.61,2.63,3
Levski Sofia,8,4,1,3,10,6,4,13,Bulgaria - Parva Liga,0.5,0.5,4,1.25,2.0,2.0,4
Arda,8,3,3,2,9,6,3,12,Bulgaria - Parva Liga,0.38,0.62,3,1.12,2.63,1.61,5
Septemvri Sofia,8,4,0,4,9,12,-3,12,Bulgaria - Parva Liga,0.5,0.5,-3,1.12,2.0,2.0,5
CSKA Sofia,8,3,2,3,10,7,3,11,Bulgaria - Parva Liga,0.38,0.62,3,1.25,2.63,1.61,6
CSKA 1948 Sofia,8,2,5,1,11,9,2,11,Bulgaria - Parva Liga,0.25,0.75,2,1.38,4.0,1.33,6
Beroe,8,3,2,3,9,9,0,11,Bulgaria - Parva Liga,0.38,0.62,0,1.12,2.63,1.61,6
Spartak Varna,8,3,2,3,8,12,-4,11,Bulgaria - Parva Liga,0.38,0.62,-4,1.0,2.63,1.61,6
L. Krumovgrad,8,2,4,2,5,6,-1,10,Bulgaria - Parva Liga,0.25,0.75,-1,0.62,4.0,1.33,7
Lok. Plovdiv,8,2,1,5,9,13,-4,7,Bulgaria - Parva Liga,0.25,0.75,-4,1.12,4.0,1.33,8
Slavia Sofia,8,2,0,6,8,13,-5,6,Bulgaria - Parva Liga,0.25,0.75,-5,1.0,4.0,1.33,9
Lokomotiv Sofia,8,2,0,6,11,17,-6,6,Bulgaria - Parva Liga,0.25,0.75,-6,1.38,4.0,1.33,9
Botev Vratsa,8,1,2,5,6,18,-12,5,Bulgaria - Parva Liga,0.12,0.88,-12,0.75,8.33,1.14,10
Hebar,8,0,3,5,6,16,-10,3,Bulgaria - Parva Liga,0.0,1.0,-10,0.75,0.0,1.0,11
Cavalry,8,7,0,1,15,6,9,21,Canada - Premier League,0.88,0.12,9,1.88,1.14,8.33,1
Forge,8,3,2,3,8,9,-1,11,Canada - Premier League,0.38,0.62,-1,1.0,2.63,1.61,2
York Utd,8,3,2,3,8,9,-1,11,Canada - Premier League,0.38,0.62,-1,1.0,2.63,1.61,2
A. Ottawa,8,2,3,3,10,12,-2,9,Canada - Premier League,0.25,0.75,-2,1.25,4.0,1.33,3
Valour,8,1,5,2,12,12,0,8,Canada - Premier League,0.12,0.88,0,1.5,8.33,1.14,4
Vancouver FC,8,1,4,3,8,12,-4,7,Canada - Premier League,0.12,0.88,-4,1.0,8.33,1.14,5
Pacific,8,1,2,5,6,11,-5,5,Canada - Premier League,0.12,0.88,-5,0.75,8.33,1.14,6
HFX Wanderers,8,0,2,6,6,17,-11,2,Canada - Premier League,0.0,1.0,-11,0.75,0.0,1.0,7
Coquimbo Unido,1,1,0,0,3,0,3,3,Chile - Primera Division,1.0,0.0,3,3.0,1.0,0.0,1
Audax Italiano,0,0,0,0,0,0,0,0,Chile - Primera Division,0.0,0.0,0,0.0,0.0,0.0,2
Cobresal,0,0,0,0,0,0,0,0,Chile - Primera Division,0.0,0.0,0,0.0,0.0,0.0,2
Colo-Colo,0,0,0,0,0,0,0,0,Chile - Primera Division,0.0,0.0,0,0.0,0.0,0.0,2
D. Iquique,0,0,0,0,0,0,0,0,Chile - Primera Division,0.0,0.0,0,0.0,0.0,0.0,2
D. Limache,0,0,0,0,0,0,0,0,Chile - Primera Division,0.0,0.0,0,0.0,0.0,0.0,2
Everton,0,0,0,0,0,0,0,0,Chile - Primera Division,0.0,0.0,0,0.0,0.0,0.0,2
Huachipato,0,0,0,0,0,0,0,0,Chile - Primera Division,0.0,0.0,0,0.0,0.0,0.0,2
La Serena,0,0,0,0,0,0,0,0,Chile - Primera Division,0.0,0.0,0,0.0,0.0,0.0,2
Nublense,0,0,0,0,0,0,0,0,Chile - Primera Division,0.0,0.0,0,0.0,0.0,0.0,2
OHiggins,0,0,0,0,0,0,0,0,Chile - Primera Division,0.0,0.0,0,0.0,0.0,0.0,2
Palestino,0,0,0,0,0,0,0,0,Chile - Primera Division,0.0,0.0,0,0.0,0.0,0.0,2
U. Catolica,0,0,0,0,0,0,0,0,Chile - Primera Division,0.0,0.0,0,0.0,0.0,0.0,2
U. de Chile,0,0,0,0,0,0,0,0,Chile - Primera Division,0.0,0.0,0,0.0,0.0,0.0,2
Union Espanola,0,0,0,0,0,0,0,0,Chile - Primera Division,0.0,0.0,0,0.0,0.0,0.0,2
Union La Calera,0,0,0,0,0,0,0,0,Chile - Primera Division,0.0,0.0,0,0.0,0.0,0.0,2
Antofagasta,0,0,0,0,0,0,0,0,Chile - Primera B,0.0,0.0,0,0.0,0.0,0.0,1
CD Santa Cruz,0,0,0,0,0,0,0,0,Chile - Primera B,0.0,0.0,0,0.0,0.0,0.0,1
Cobreloa,0,0,0,0,0,0,0,0,Chile - Primera B,0.0,0.0,0,0.0,0.0,0.0,1
Concepcion,0,0,0,0,0,0,0,0,Chile - Primera B,0.0,0.0,0,0.0,0.0,0.0,1
Copiapo,0,0,0,0,0,0,0,0,Chile - Primera B,0.0,0.0,0,0.0,0.0,0.0,1
Curico Unido,0,0,0,0,0,0,0,0,Chile - Primera B,0.0,0.0,0,0.0,0.0,0.0,1
Deportes Temuco,0,0,0,0,0,0,0,0,Chile - Primera B,0.0,0.0,0,0.0,0.0,0.0,1
Magallanes,0,0,0,0,0,0,0,0,Chile - Primera B,0.0,0.0,0,0.0,0.0,0.0,1
Rangers,0,0,0,0,0,0,0,0,Chile - Primera B,0.0,0.0,0,0.0,0.0,0.0,1
Recoleta,0,0,0,0,0,0,0,0,Chile - Primera B,0.0,0.0,0,0.0,0.0,0.0,1
S. Morning,0,0,0,0,0,0,0,0,Chile - Primera B,0.0,0.0,0,0.0,0.0,0.0,1
S. Wanderers,0,0,0,0,0,0,0,0,Chile - Primera B,0.0,0.0,0,0.0,0.0,0.0,1
San Luis,0,0,0,0,0,0,0,0,Chile - Primera B,0.0,0.0,0,0.0,0.0,0.0,1
San Marcos,0,0,0,0,0,0,0,0,Chile - Primera B,0.0,0.0,0,0.0,0.0,0.0,1
U. Concepcion,0,0,0,0,0,0,0,0,Chile - Primera B,0.0,0.0,0,0.0,0.0,0.0,1
U. San Felipe,0,0,0,0,0,0,0,0,Chile - Primera B,0.0,0.0,0,0.0,0.0,0.0,1
Beijing Guoan,0,0,0,0,0,0,0,0,China - Super League,0.0,0.0,0,0.0,0.0,0.0,1
Changchun Yatai,0,0,0,0,0,0,0,0,China - Super League,0.0,0.0,0,0.0,0.0,0.0,1
Chengdu,0,0,0,0,0,0,0,0,China - Super League,0.0,0.0,0,0.0,0.0,0.0,1
Dalian Yingbo,0,0,0,0,0,0,0,0,China - Super League,0.0,0.0,0,0.0,0.0,0.0,1
Henan SL,0,0,0,0,0,0,0,0,China - Super League,0.0,0.0,0,0.0,0.0,0.0,1
Meizhou Hakka,0,0,0,0,0,0,0,0,China - Super League,0.0,0.0,0,0.0,0.0,0.0,1
Qingdao Hainiu,0,0,0,0,0,0,0,0,China - Super League,0.0,0.0,0,0.0,0.0,0.0,1
Qingdao West C.,0,0,0,0,0,0,0,0,China - Super League,0.0,0.0,0,0.0,0.0,0.0,1
S. Shenhua,0,0,0,0,0,0,0,0,China - Super League,0.0,0.0,0,0.0,0.0,0.0,1
Shandong T.,0,0,0,0,0,0,0,0,China - Super League,0.0,0.0,0,0.0,0.0,0.0,1
Shanghai Port,0,0,0,0,0,0,0,0,China - Super League,0.0,0.0,0,0.0,0.0,0.0,1
Sichuan Jiuniu,0,0,0,0,0,0,0,0,China - Super League,0.0,0.0,0,0.0,0.0,0.0,1
Tianjin T.,0,0,0,0,0,0,0,0,China - Super League,0.0,0.0,0,0.0,0.0,0.0,1
Wuhan Three T.,0,0,0,0,0,0,0,0,China - Super League,0.0,0.0,0,0.0,0.0,0.0,1
Yunnan Yukun,0,0,0,0,0,0,0,0,China - Super League,0.0,0.0,0,0.0,0.0,0.0,1
Zhejiang,0,0,0,0,0,0,0,0,China - Super League,0.0,0.0,0,0.0,0.0,0.0,1
Liaoning Tieren,8,5,2,1,12,10,2,17,China - League One,0.62,0.38,2,1.5,1.61,2.63,1
Guangzhou FC,8,4,2,2,14,7,7,14,China - League One,0.5,0.5,7,1.75,2.0,2.0,2
Yunnan Yukun,8,4,1,3,17,9,8,13,China - League One,0.5,0.5,8,2.12,2.0,2.0,3
S. Gongfu,8,2,5,1,6,5,1,11,China - League One,0.25,0.75,1,0.75,4.0,1.33,4
Wuxi Wugou,8,3,2,3,9,11,-2,11,China - League One,0.38,0.62,-2,1.12,2.63,1.61,4
Yanbian Longdin,8,3,1,4,8,11,-3,10,China - League One,0.38,0.62,-3,1.0,2.63,1.61,5
Dalian Yingbo,8,3,1,4,9,13,-4,10,China - League One,0.38,0.62,-4,1.12,2.63,1.61,5
Heilongjiang IC,8,2,3,3,3,9,-6,9,China - League One,0.25,0.75,-6,0.38,4.0,1.33,6
Guangxi Baoyun,8,1,5,2,6,9,-3,8,China - League One,0.12,0.88,-3,0.75,8.33,1.14,7
Foshan Nanshi,8,2,2,4,5,13,-8,8,China - League One,0.25,0.75,-8,0.62,4.0,1.33,7
Suzhou Dongwu,8,1,4,3,9,11,-2,7,China - League One,0.12,0.88,-2,1.12,8.33,1.14,8
Shanghai Jiadin,8,0,6,2,6,9,-3,6,China - League One,0.0,1.0,-3,0.75,0.0,1.0,9
Chongqing T.,8,1,2,5,2,8,-6,5,China - League One,0.12,0.88,-6,0.25,8.33,1.14,10
Jiangxi Lushan,8,1,2,5,7,18,-11,5,China - League One,0.12,0.88,-11,0.88,8.33,1.14,10
Qingdao RL,8,0,3,5,6,18,-12,3,China - League One,0.0,1.0,-12,0.75,0.0,1.0,11
Nanjing City,8,0,1,7,5,16,-11,1,China - League One,0.0,1.0,-11,0.62,0.0,1.0,12
Ganzhou Ruishi,8,4,1,3,11,10,1,13,China - League Two,0.5,0.5,1,1.38,2.0,2.0,1
Shaanxi Union,8,3,2,3,13,12,1,11,China - League Two,0.38,0.62,1,1.62,2.63,1.61,2
Guangxi Lanhang,8,3,2,3,11,10,1,11,China - League Two,0.38,0.62,1,1.38,2.63,1.61,2
Guangdong GZP,8,3,2,3,8,7,1,11,China - League Two,0.38,0.62,1,1.0,2.63,1.61,2
Dalian Kuncheng,8,3,1,4,7,7,0,10,China - League Two,0.38,0.62,0,0.88,2.63,1.61,3
Guangxi H.,8,3,1,4,8,9,-1,10,China - League Two,0.38,0.62,-1,1.0,2.63,1.61,3
Shanghai Port B,8,3,1,4,10,12,-2,10,China - League Two,0.38,0.62,-2,1.25,2.63,1.61,3
Shenzhen J.,8,2,3,3,10,8,2,9,China - League Two,0.25,0.75,2,1.25,4.0,1.33,4
Shandong T. B,8,3,0,5,8,11,-3,9,China - League Two,0.38,0.62,-3,1.0,2.63,1.61,4
Haikou M.,8,2,3,3,10,14,-4,9,China - League Two,0.25,0.75,-4,1.25,4.0,1.33,4
Langfang Glory,8,2,2,4,6,8,-2,8,China - League Two,0.25,0.75,-2,0.75,4.0,1.33,5
Xian Ronghai,8,2,2,4,9,12,-3,8,China - League Two,0.25,0.75,-3,1.12,4.0,1.33,5
Taian Tiankuang,8,2,2,4,8,16,-8,8,China - League Two,0.25,0.75,-8,1.0,4.0,1.33,5
Hubei Istar,8,2,1,5,9,12,-3,7,China - League Two,0.25,0.75,-3,1.12,4.0,1.33,6
Hunan Billows,8,1,4,3,7,15,-8,7,China - League Two,0.12,0.88,-8,0.88,8.33,1.14,6
Jiangxi DH,8,1,3,4,6,7,-1,6,China - League Two,0.12,0.88,-1,0.75,8.33,1.14,7
Beijing IT,8,1,3,4,7,12,-5,6,China - League Two,0.12,0.88,-5,0.88,8.33,1.14,7
Rizhao Yuqi,8,0,5,3,6,12,-6,5,China - League Two,0.0,1.0,-6,0.75,0.0,1.0,8
Nantong Haimen,8,1,2,5,7,19,-12,5,China - League Two,0.12,0.88,-12,0.88,8.33,1.14,8
Quanzhou Yassin,8,0,0,8,5,24,-19,0,China - League Two,0.0,1.0,-19,0.62,0.0,1.0,9
A. Nacional,2,1,1,0,3,2,1,4,Colombia - Primera A - Apertura,0.5,0.5,1,1.5,2.0,2.0,1
Millonarios,2,1,1,0,3,2,1,4,Colombia - Primera A - Apertura,0.5,0.5,1,1.5,2.0,2.0,1
I. Medelin,2,1,1,0,2,1,1,4,Colombia - Primera A - Apertura,0.5,0.5,1,1.0,2.0,2.0,1
Envigado,3,1,1,1,3,3,0,4,Colombia - Primera A - Apertura,0.33,0.67,0,1.0,3.03,1.49,1
America de Cali,1,1,0,0,4,0,4,3,Colombia - Primera A - Apertura,1.0,0.0,4,4.0,1.0,0.0,2
Deportes Tolima,2,0,2,0,0,0,0,2,Colombia - Primera A - Apertura,0.0,1.0,0,0.0,0.0,1.0,3
R. Aguilas,1,0,1,0,2,2,0,1,Colombia - Primera A - Apertura,0.0,1.0,0,2.0,0.0,1.0,4
Junior,1,0,1,0,0,0,0,1,Colombia - Primera A - Apertura,0.0,1.0,0,0.0,0.0,1.0,4
Santa Fe,1,0,1,0,0,0,0,1,Colombia - Primera A - Apertura,0.0,1.0,0,0.0,0.0,1.0,4
Llaneros,2,0,1,1,5,6,-1,1,Colombia - Primera A - Apertura,0.0,1.0,-1,2.5,0.0,1.0,4
La Equidad,2,0,1,1,2,3,-1,1,Colombia - Primera A - Apertura,0.0,1.0,-1,1.0,0.0,1.0,4
Deportivo Cali,2,0,1,1,0,1,-1,1,Colombia - Primera A - Apertura,0.0,1.0,-1,0.0,0.0,1.0,4
A. Bucaramanga,3,0,1,2,1,3,-2,1,Colombia - Primera A - Apertura,0.0,1.0,-2,0.33,0.0,1.0,4
A. Petrolera,2,0,1,1,1,3,-2,1,Colombia - Primera A - Apertura,0.0,1.0,-2,0.5,0.0,1.0,4
Deportivo Pasto,2,0,1,1,1,3,-2,1,Colombia - Primera A - Apertura,0.0,1.0,-2,0.5,0.0,1.0,4
Union Magdalena,2,0,1,1,1,3,-2,1,Colombia - Primera A - Apertura,0.0,1.0,-2,0.5,0.0,1.0,4
Fortaleza CEIF,1,0,0,1,1,2,-1,0,Colombia - Primera A - Apertura,0.0,1.0,-1,1.0,0.0,1.0,5
D. Pereira,2,0,0,2,1,5,-4,0,Colombia - Primera A - Apertura,0.0,1.0,-4,0.5,0.0,1.0,5
Boyaca Chico,2,0,0,2,0,6,-6,0,Colombia - Primera A - Apertura,0.0,1.0,-6,0.0,0.0,1.0,5
Once Caldas,2,0,0,2,0,6,-6,0,Colombia - Primera A - Apertura,0.0,1.0,-6,0.0,0.0,1.0,5
A. Bucaramanga,8,5,2,1,13,5,8,17,Colombia - Primera A - Clausura,0.62,0.38,8,1.62,1.61,2.63,1
Santa Fe,8,4,4,0,11,5,6,16,Colombia - Primera A - Clausura,0.5,0.5,6,1.38,2.0,2.0,2
Millonarios,8,4,2,2,13,7,6,14,Colombia - Primera A - Clausura,0.5,0.5,6,1.62,2.0,2.0,3
A. Nacional,8,4,1,3,8,7,1,13,Colombia - Primera A - Clausura,0.5,0.5,1,1.0,2.0,2.0,4
Deportes Tolima,8,4,0,4,7,5,2,12,Colombia - Primera A - Clausura,0.5,0.5,2,0.88,2.0,2.0,5
America de Cali,8,3,2,3,11,12,-1,11,Colombia - Primera A - Clausura,0.38,0.62,-1,1.38,2.63,1.61,6
Junior,8,2,4,2,5,3,2,10,Colombia - Primera A - Clausura,0.25,0.75,2,0.62,4.0,1.33,7
I. Medelin,8,2,4,2,10,9,1,10,Colombia - Primera A - Clausura,0.25,0.75,1,1.25,4.0,1.33,7
Fortaleza CEIF,8,2,3,3,9,9,0,9,Colombia - Primera A - Clausura,0.25,0.75,0,1.12,4.0,1.33,8
Deportivo Pasto,8,2,3,3,6,6,0,9,Colombia - Primera A - Clausura,0.25,0.75,0,0.75,4.0,1.33,8
R. Aguilas,8,2,3,3,7,13,-6,9,Colombia - Primera A - Clausura,0.25,0.75,-6,0.88,4.0,1.33,8
Once Caldas,8,2,2,4,6,11,-5,8,Colombia - Primera A - Clausura,0.25,0.75,-5,0.75,4.0,1.33,9
D. Pereira,8,1,4,3,6,9,-3,7,Colombia - Primera A - Clausura,0.12,0.88,-3,0.75,8.33,1.14,10
Deportivo Cali,8,1,4,3,7,13,-6,7,Colombia - Primera A - Clausura,0.12,0.88,-6,0.88,8.33,1.14,10
La Equidad,8,1,3,4,7,13,-6,6,Colombia - Primera A - Clausura,0.12,0.88,-6,0.88,8.33,1.14,11
Patriotas,8,1,1,6,8,18,-10,4,Colombia - Primera A - Clausura,0.12,0.88,-10,1.0,8.33,1.14,12
Jaguares de C.,8,1,1,6,4,15,-11,4,Colombia - Primera A - Clausura,0.12,0.88,-11,0.5,8.33,1.14,12
Boyaca Chico,8,1,0,7,5,20,-15,3,Colombia - Primera A - Clausura,0.12,0.88,-15,0.62,8.33,1.14,13
A. Petrolera,8,0,2,6,4,13,-9,2,Colombia - Primera A - Clausura,0.0,1.0,-9,0.5,0.0,1.0,14
Envigado,8,0,1,7,2,15,-13,1,Colombia - Primera A - Clausura,0.0,1.0,-13,0.25,0.0,1.0,15
San Carlos,8,5,1,2,19,17,2,16,Costa Rica - Primera Div. - Apertura,0.62,0.38,2,2.38,1.61,2.63,1
Saprissa,8,4,2,2,10,7,3,14,Costa Rica - Primera Div. - Apertura,0.5,0.5,3,1.25,2.0,2.0,2
Alajuelense,8,3,3,2,10,9,1,12,Costa Rica - Primera Div. - Apertura,0.38,0.62,1,1.25,2.63,1.61,3
Herediano,8,3,2,3,11,11,0,11,Costa Rica - Primera Div. - Apertura,0.38,0.62,0,1.38,2.63,1.61,4
Santos Guapiles,8,1,4,3,11,13,-2,7,Costa Rica - Primera Div. - Apertura,0.12,0.88,-2,1.38,8.33,1.14,5
M. Liberia,8,2,1,5,10,14,-4,7,Costa Rica - Primera Div. - Apertura,0.25,0.75,-4,1.25,4.0,1.33,5
Zeledon,8,1,4,3,6,11,-5,7,Costa Rica - Primera Div. - Apertura,0.12,0.88,-5,0.75,8.33,1.14,5
Santa Ana,8,2,0,6,8,12,-4,6,Costa Rica - Primera Div. - Apertura,0.25,0.75,-4,1.0,4.0,1.33,6
Guanacasteca,8,1,3,4,6,15,-9,6,Costa Rica - Primera Div. - Apertura,0.12,0.88,-9,0.75,8.33,1.14,6
Cartagines,8,1,1,6,8,17,-9,4,Costa Rica - Primera Div. - Apertura,0.12,0.88,-9,1.0,8.33,1.14,7
Puntarenas,8,1,1,6,8,17,-9,4,Costa Rica - Primera Div. - Apertura,0.12,0.88,-9,1.0,8.33,1.14,7
Sporting SJ,8,0,1,7,3,12,-9,1,Costa Rica - Primera Div. - Apertura,0.0,1.0,-9,0.38,0.0,1.0,8
Slavia Prague,8,6,1,1,16,4,12,19,CzechRepublic - 1. Liga,0.75,0.25,12,2.0,1.33,4.0,1
Banik Ostrava,8,5,2,1,14,10,4,17,CzechRepublic - 1. Liga,0.62,0.38,4,1.75,1.61,2.63,2
Sparta Prague,8,4,2,2,12,7,5,14,CzechRepublic - 1. Liga,0.5,0.5,5,1.5,2.0,2.0,3
Bohemians,8,4,2,2,10,8,2,14,CzechRepublic - 1. Liga,0.5,0.5,2,1.25,2.0,2.0,3
Viktoria Plzen,8,4,1,3,11,9,2,13,CzechRepublic - 1. Liga,0.5,0.5,2,1.38,2.0,2.0,4
Mlada Boleslav,8,3,3,2,13,9,4,12,CzechRepublic - 1. Liga,0.38,0.62,4,1.62,2.63,1.61,5
Hradec Kralove,8,3,2,3,7,9,-2,11,CzechRepublic - 1. Liga,0.38,0.62,-2,0.88,2.63,1.61,6
Teplice,8,2,3,3,7,11,-4,9,CzechRepublic - 1. Liga,0.25,0.75,-4,0.88,4.0,1.33,7
Slovan Liberec,8,2,2,4,12,10,2,8,CzechRepublic - 1. Liga,0.25,0.75,2,1.5,4.0,1.33,8
Jablonec,8,2,2,4,10,9,1,8,CzechRepublic - 1. Liga,0.25,0.75,1,1.25,4.0,1.33,8
Sigma Olomouc,8,2,2,4,11,12,-1,8,CzechRepublic - 1. Liga,0.25,0.75,-1,1.38,4.0,1.33,8
Slovacko,8,2,1,5,11,20,-9,7,CzechRepublic - 1. Liga,0.25,0.75,-9,1.38,4.0,1.33,9
Karvina,8,1,2,5,11,23,-12,5,CzechRepublic - 1. Liga,0.12,0.88,-12,1.38,8.33,1.14,10
Pardubice,8,0,3,5,4,13,-9,3,CzechRepublic - 1. Liga,0.0,1.0,-9,0.5,0.0,1.0,11
Dukla Praha,8,0,3,5,4,17,-13,3,CzechRepublic - 1. Liga,0.0,1.0,-13,0.5,0.0,1.0,11
C. Budejovice,8,0,1,7,6,27,-21,1,CzechRepublic - 1. Liga,0.0,1.0,-21,0.75,0.0,1.0,12
Randers FC,8,3,4,1,14,9,5,13,Denmark - Superligaen,0.38,0.62,5,1.75,2.63,1.61,1
FC Kobenhavn,8,3,3,2,12,9,3,12,Denmark - Superligaen,0.38,0.62,3,1.5,2.63,1.61,2
Brondby IF,8,3,2,3,18,14,4,11,Denmark - Superligaen,0.38,0.62,4,2.25,2.63,1.61,3
FC Midtjylland,8,3,2,3,14,12,2,11,Denmark - Superligaen,0.38,0.62,2,1.75,2.63,1.61,3
Silkeborg,8,2,4,2,12,10,2,10,Denmark - Superligaen,0.25,0.75,2,1.5,4.0,1.33,4
AGF Aarhus,8,2,3,3,9,8,1,9,Denmark - Superligaen,0.25,0.75,1,1.12,4.0,1.33,5
Viborg,8,1,4,3,11,12,-1,7,Denmark - Superligaen,0.12,0.88,-1,1.38,8.33,1.14,6
Nordsjaelland,8,2,1,5,12,20,-8,7,Denmark - Superligaen,0.25,0.75,-8,1.5,4.0,1.33,6
SonderjyskE,8,2,1,5,9,18,-9,7,Denmark - Superligaen,0.25,0.75,-9,1.12,4.0,1.33,6
Aalborg BK,8,1,3,4,8,13,-5,6,Denmark - Superligaen,0.12,0.88,-5,1.0,8.33,1.14,7
Lyngby,8,0,3,5,6,12,-6,3,Denmark - Superligaen,0.0,1.0,-6,0.75,0.0,1.0,8
Vejle BK,8,0,1,7,7,20,-13,1,Denmark - Superligaen,0.0,1.0,-13,0.88,0.0,1.0,9
Odense BK,8,6,2,0,24,7,17,20,Denmark - 1st Division,0.75,0.25,17,3.0,1.33,4.0,1
Fredericia,8,6,0,2,21,8,13,18,Denmark - 1st Division,0.75,0.25,13,2.62,1.33,4.0,2
Kolding IF,8,4,1,3,7,4,3,13,Denmark - 1st Division,0.5,0.5,3,0.88,2.0,2.0,3
AC Horsens,8,4,1,3,13,12,1,13,Denmark - 1st Division,0.5,0.5,1,1.62,2.0,2.0,3
Esbjerg,8,4,0,4,13,14,-1,12,Denmark - 1st Division,0.5,0.5,-1,1.62,2.0,2.0,4
Hillerod,8,2,4,2,12,8,4,10,Denmark - 1st Division,0.25,0.75,4,1.5,4.0,1.33,5
Hobro,8,3,1,4,11,12,-1,10,Denmark - 1st Division,0.38,0.62,-1,1.38,2.63,1.61,5
B 93,8,3,1,4,13,18,-5,10,Denmark - 1st Division,0.38,0.62,-5,1.62,2.63,1.61,5
HB Koge,8,2,3,3,11,12,-1,9,Denmark - 1st Division,0.25,0.75,-1,1.38,4.0,1.33,6
Vendsyssel,8,2,3,3,9,12,-3,9,Denmark - 1st Division,0.25,0.75,-3,1.12,4.0,1.33,6
Hvidovre,8,2,1,5,4,9,-5,7,Denmark - 1st Division,0.25,0.75,-5,0.5,4.0,1.33,7
Roskilde,8,1,1,6,6,16,-10,4,Denmark - 1st Division,0.12,0.88,-10,0.75,8.33,1.14,8
Fremad Amager,8,6,1,1,15,8,7,19,Denmark - 2nd Division,0.75,0.25,7,1.88,1.33,4.0,1
Middelfart,8,4,2,2,14,7,7,14,Denmark - 2nd Division,0.5,0.5,7,1.75,2.0,2.0,2
Ishoj,8,4,2,2,10,8,2,14,Denmark - 2nd Division,0.5,0.5,2,1.25,2.0,2.0,2
Hellerup IK,8,3,2,3,7,4,3,11,Denmark - 2nd Division,0.38,0.62,3,0.88,2.63,1.61,3
Naestved,8,3,2,3,6,7,-1,11,Denmark - 2nd Division,0.38,0.62,-1,0.75,2.63,1.61,3
Helsingor,8,3,2,3,9,11,-2,11,Denmark - 2nd Division,0.38,0.62,-2,1.12,2.63,1.61,3
Aarhus Fremad,8,3,1,4,10,9,1,10,Denmark - 2nd Division,0.38,0.62,1,1.25,2.63,1.61,4
Skive,8,3,1,4,10,14,-4,10,Denmark - 2nd Division,0.38,0.62,-4,1.25,2.63,1.61,4
AB Copenhagen,8,2,3,3,8,10,-2,9,Denmark - 2nd Division,0.25,0.75,-2,1.0,4.0,1.33,5
BK Frem,6,2,2,2,7,7,0,8,Denmark - 2nd Division,0.33,0.67,0,1.17,3.03,1.49,6
Thisted,7,0,4,3,6,10,-4,4,Denmark - 2nd Division,0.0,1.0,-4,0.86,0.0,1.0,7
Nykobing,8,1,0,7,4,15,-11,3,Denmark - 2nd Division,0.12,0.88,-11,0.5,8.33,1.14,8
Barcelona SC,1,1,0,0,3,2,1,3,Ecuador - Liga Pro 1st Stage,1.0,0.0,1,3.0,1.0,0.0,1
Aucas,0,0,0,0,0,0,0,0,Ecuador - Liga Pro 1st Stage,0.0,0.0,0,0.0,0.0,0.0,2
Cuniburo,0,0,0,0,0,0,0,0,Ecuador - Liga Pro 1st Stage,0.0,0.0,0,0.0,0.0,0.0,2
D. Cuenca,0,0,0,0,0,0,0,0,Ecuador - Liga Pro 1st Stage,0.0,0.0,0,0.0,0.0,0.0,2
Delfin,0,0,0,0,0,0,0,0,Ecuador - Liga Pro 1st Stage,0.0,0.0,0,0.0,0.0,0.0,2
El Nacional,0,0,0,0,0,0,0,0,Ecuador - Liga Pro 1st Stage,0.0,0.0,0,0.0,0.0,0.0,2
Emelec,0,0,0,0,0,0,0,0,Ecuador - Liga Pro 1st Stage,0.0,0.0,0,0.0,0.0,0.0,2
I. del Valle,0,0,0,0,0,0,0,0,Ecuador - Liga Pro 1st Stage,0.0,0.0,0,0.0,0.0,0.0,2
LDU Quito,0,0,0,0,0,0,0,0,Ecuador - Liga Pro 1st Stage,0.0,0.0,0,0.0,0.0,0.0,2
Libertad,0,0,0,0,0,0,0,0,Ecuador - Liga Pro 1st Stage,0.0,0.0,0,0.0,0.0,0.0,2
Macara,0,0,0,0,0,0,0,0,Ecuador - Liga Pro 1st Stage,0.0,0.0,0,0.0,0.0,0.0,2
Manta,0,0,0,0,0,0,0,0,Ecuador - Liga Pro 1st Stage,0.0,0.0,0,0.0,0.0,0.0,2
Mushuc Runa,0,0,0,0,0,0,0,0,Ecuador - Liga Pro 1st Stage,0.0,0.0,0,0.0,0.0,0.0,2
Orense,0,0,0,0,0,0,0,0,Ecuador - Liga Pro 1st Stage,0.0,0.0,0,0.0,0.0,0.0,2
Tecnico U.,0,0,0,0,0,0,0,0,Ecuador - Liga Pro 1st Stage,0.0,0.0,0,0.0,0.0,0.0,2
U. Catolica,0,0,0,0,0,0,0,0,Ecuador - Liga Pro 1st Stage,0.0,0.0,0,0.0,0.0,0.0,2
Guayaquil City,8,3,3,2,7,6,1,12,Ecuador - Serie B,0.38,0.62,1,0.88,2.63,1.61,1
Manta,8,3,3,2,7,8,-1,12,Ecuador - Serie B,0.38,0.62,-1,0.88,2.63,1.61,1
San Antonio,8,2,5,1,4,3,1,11,Ecuador - Serie B,0.25,0.75,1,0.5,4.0,1.33,2
I. Juniors,8,2,4,2,9,8,1,10,Ecuador - Serie B,0.25,0.75,1,1.12,4.0,1.33,3
Cuniburo,8,2,3,3,17,12,5,9,Ecuador - Serie B,0.25,0.75,5,2.12,4.0,1.33,4
Leones Norte,8,2,2,4,5,7,-2,8,Ecuador - Serie B,0.25,0.75,-2,0.62,4.0,1.33,5
Gualaceo,8,2,1,5,5,12,-7,7,Ecuador - Serie B,0.25,0.75,-7,0.62,4.0,1.33,6
Nueve Octubre,8,1,2,5,6,12,-6,5,Ecuador - Serie B,0.12,0.88,-6,0.75,8.33,1.14,7
Vargas Torres,8,0,3,5,3,16,-13,3,Ecuador - Serie B,0.0,1.0,-13,0.38,0.0,1.0,8
Chacaritas,8,0,2,6,5,18,-13,2,Ecuador - Serie B,0.0,1.0,-13,0.62,0.0,1.0,9
Pyramids FC,7,4,2,1,8,5,3,14,Egypt - Premier League,0.57,0.43,3,1.14,1.75,2.33,1
National Bank,7,4,1,2,8,7,1,13,Egypt - Premier League,0.57,0.43,1,1.14,1.75,2.33,2
El Geish,6,4,1,1,7,6,1,13,Egypt - Premier League,0.67,0.33,1,1.17,1.49,3.03,2
Al Ahly,6,3,3,0,7,2,5,12,Egypt - Premier League,0.5,0.5,5,1.17,2.0,2.0,3
Al Masry,7,3,3,1,8,5,3,12,Egypt - Premier League,0.43,0.57,3,1.14,2.33,1.75,3
Ceramica C.,7,3,3,1,8,8,0,12,Egypt - Premier League,0.43,0.57,0,1.14,2.33,1.75,3
Zamalek,6,3,1,2,9,6,3,10,Egypt - Premier League,0.5,0.5,3,1.5,2.0,2.0,4
Smouha,7,3,1,3,6,6,0,10,Egypt - Premier League,0.43,0.57,0,0.86,2.33,1.75,4
ZED FC,6,2,3,1,5,4,1,9,Egypt - Premier League,0.33,0.67,1,0.83,3.03,1.49,5
Petrojet,6,2,2,2,6,5,1,8,Egypt - Premier League,0.33,0.67,1,1.0,3.03,1.49,6
Al Ittihad,7,1,5,1,4,5,-1,8,Egypt - Premier League,0.14,0.86,-1,0.57,7.14,1.16,6
Pharco,6,2,2,2,4,6,-2,8,Egypt - Premier League,0.33,0.67,-2,0.67,3.03,1.49,6
Ghazl El M.,6,2,1,3,7,9,-2,7,Egypt - Premier League,0.33,0.67,-2,1.17,3.03,1.49,7
Haras El Hodood,7,2,1,4,6,11,-5,7,Egypt - Premier League,0.29,0.71,-5,0.86,3.45,1.41,7
ENPPI,7,0,3,4,4,8,-4,3,Egypt - Premier League,0.0,1.0,-4,0.57,0.0,1.0,8
Ismaily,7,1,0,6,3,8,-5,3,Egypt - Premier League,0.14,0.86,-5,0.43,7.14,1.16,8
El Gouna,6,0,3,3,1,7,-6,3,Egypt - Premier League,0.0,1.0,-6,0.17,0.0,1.0,8
Modern Sport,6,0,2,4,3,9,-6,2,Egypt - Premier League,0.0,1.0,-6,0.5,0.0,1.0,9
Liverpool,8,5,3,0,24,11,13,18,Premier League,0.62,0.38,13,3.0,1.61,2.63,2
Crystal Palace,8,5,3,0,14,5,9,18,Premier League,0.62,0.38,9,1.75,1.61,2.63,2
Newcastle Utd,8,5,1,2,18,10,8,16,Premier League,0.62,0.38,8,2.25,1.61,2.63,4
Arsenal,8,4,3,1,17,8,9,15,Premier League,0.5,0.5,9,2.12,2.0,2.0,5
Bournemouth,8,4,3,1,20,12,8,15,Premier League,0.5,0.5,8,2.5,2.0,2.0,5
Fulham,8,4,3,1,14,9,5,15,Premier League,0.5,0.5,5,1.75,2.0,2.0,5
Nottm Forest,8,5,0,3,13,14,-1,15,Premier League,0.62,0.38,-1,1.62,1.61,2.63,5
Brighton,8,3,3,2,13,17,-4,12,Premier League,0.38,0.62,-4,1.62,2.63,1.61,7
Chelsea,8,3,2,3,13,14,-1,11,Premier League,0.38,0.62,-1,1.62,2.63,1.61,8
Tottenham,8,3,0,5,14,8,6,9,Premier League,0.38,0.62,6,1.75,2.63,1.61,10
Manchester Utd,8,2,3,3,7,10,-3,9,Premier League,0.25,0.75,-3,0.88,4.0,1.33,10
Everton,8,2,3,3,4,7,-3,9,Premier League,0.25,0.75,-3,0.5,4.0,1.33,10
Brentford,8,2,2,4,11,10,1,8,Premier League,0.25,0.75,1,1.38,4.0,1.33,11
Manchester City,8,2,2,4,15,15,0,8,Premier League,0.25,0.75,0,1.88,4.0,1.33,11
Wolverhampton,8,2,2,4,13,17,-4,8,Premier League,0.25,0.75,-4,1.62,4.0,1.33,11
West Ham Utd,8,2,2,4,8,14,-6,8,Premier League,0.25,0.75,-6,1.0,4.0,1.33,11
Ipswich Town,8,2,1,5,11,18,-7,7,Premier League,0.25,0.75,-7,1.38,4.0,1.33,12
Southampton,8,1,2,5,7,13,-6,5,Premier League,0.12,0.88,-6,0.88,8.33,1.14,13
Aston Villa,8,1,1,6,5,18,-13,4,Premier League,0.12,0.88,-13,0.62,8.33,1.14,14
Leicester City,8,1,1,6,6,22,-16,4,Premier League,0.12,0.88,-16,0.75,8.33,1.14,14
Burnley,8,6,2,0,13,1,12,20,Premier League,0.75,0.25,12,1.62,1.33,4.0,1
Sheffield Utd,8,5,2,1,13,8,5,17,Premier League,0.62,0.38,5,1.62,1.61,2.63,3
Leeds Utd,8,4,3,1,13,5,8,15,Premier League,0.5,0.5,8,1.62,2.0,2.0,5
Sheffield Wed,8,4,1,3,13,13,0,13,Premier League,0.5,0.5,0,1.62,2.0,2.0,6
Sunderland,8,3,3,2,10,9,1,12,Premier League,0.38,0.62,1,1.25,2.63,1.61,7
Preston,8,3,2,3,9,9,0,11,Premier League,0.38,0.62,0,1.12,2.63,1.61,8
Blackburn,8,3,1,4,7,7,0,10,Premier League,0.38,0.62,0,0.88,2.63,1.61,9
Coventry City,8,3,1,4,8,11,-3,10,Premier League,0.38,0.62,-3,1.0,2.63,1.61,9
Swansea City,8,3,1,4,8,17,-9,10,Premier League,0.38,0.62,-9,1.0,2.63,1.61,9
Hull City,8,3,0,5,7,9,-2,9,Premier League,0.38,0.62,-2,0.88,2.63,1.61,10
QP Rangers,8,2,3,3,6,9,-3,9,Premier League,0.25,0.75,-3,0.75,4.0,1.33,10
Millwall,8,2,3,3,7,11,-4,9,Premier League,0.25,0.75,-4,0.88,4.0,1.33,10
Middlesbrough,8,2,2,4,15,16,-1,8,Premier League,0.25,0.75,-1,1.88,4.0,1.33,11
Norwich City,8,2,2,4,5,11,-6,8,Premier League,0.25,0.75,-6,0.62,4.0,1.33,11
Watford,8,1,4,3,11,13,-2,7,Premier League,0.12,0.88,-2,1.38,8.33,1.14,12
Oxford Utd,8,1,4,3,3,9,-6,7,Premier League,0.12,0.88,-6,0.38,8.33,1.14,12
Cardiff City,8,1,4,3,12,20,-8,7,Premier League,0.12,0.88,-8,1.5,8.33,1.14,12
Stoke City,8,1,2,5,6,13,-7,5,Premier League,0.12,0.88,-7,0.75,8.33,1.14,13
West Brom,8,0,4,4,6,11,-5,4,Premier League,0.0,1.0,-5,0.75,0.0,1.0,14
Bristol City,8,0,4,4,6,13,-7,4,Premier League,0.0,1.0,-7,0.75,0.0,1.0,14
Plymouth,8,0,3,5,4,21,-17,3,Premier League,0.0,1.0,-17,0.5,0.0,1.0,15
Derby County,8,0,2,6,5,16,-11,2,Premier League,0.0,1.0,-11,0.62,0.0,1.0,16
Luton Town,8,0,1,7,7,17,-10,1,Premier League,0.0,1.0,-10,0.88,0.0,1.0,17
Portsmouth,8,0,1,7,5,22,-17,1,Premier League,0.0,1.0,-17,0.62,0.0,1.0,17
Wycombe,8,5,2,1,17,9,8,17,League One,0.62,0.38,8,2.12,1.61,2.63,1
Birmingham City,8,5,2,1,13,6,7,17,League One,0.62,0.38,7,1.62,1.61,2.63,1
Huddersfield,8,4,3,1,15,8,7,15,League One,0.5,0.5,7,1.88,2.0,2.0,2
Blackpool,8,4,3,1,13,6,7,15,League One,0.5,0.5,7,1.62,2.0,2.0,2
Leyton Orient,8,4,2,2,15,8,7,14,League One,0.5,0.5,7,1.88,2.0,2.0,3
Wigan Athletic,8,4,1,3,9,7,2,13,League One,0.5,0.5,2,1.12,2.0,2.0,4
Charlton,8,3,2,3,13,10,3,11,League One,0.38,0.62,3,1.62,2.63,1.61,5
Stockport,8,3,2,3,10,8,2,11,League One,0.38,0.62,2,1.25,2.63,1.61,5
Wrexham,8,3,2,3,9,9,0,11,League One,0.38,0.62,0,1.12,2.63,1.61,5
Barnsley,8,3,1,4,11,12,-1,10,League One,0.38,0.62,-1,1.38,2.63,1.61,6
Burton Albion,8,2,4,2,5,6,-1,10,League One,0.25,0.75,-1,0.62,4.0,1.33,6
Stevenage,8,2,3,3,5,9,-4,9,League One,0.25,0.75,-4,0.62,4.0,1.33,7
Bolton,8,2,2,4,6,13,-7,8,League One,0.25,0.75,-7,0.75,4.0,1.33,8
Northampton,8,2,2,4,5,13,-8,8,League One,0.25,0.75,-8,0.62,4.0,1.33,8
Reading,8,1,4,3,8,11,-3,7,League One,0.12,0.88,-3,1.0,8.33,1.14,9
Mansfield,8,2,1,5,10,14,-4,7,League One,0.25,0.75,-4,1.25,4.0,1.33,9
Crawley Town,8,2,1,5,13,21,-8,7,League One,0.25,0.75,-8,1.62,4.0,1.33,9
Shrewsbury,8,1,3,4,7,12,-5,6,League One,0.12,0.88,-5,0.88,8.33,1.14,10
Lincoln City,8,1,3,4,5,10,-5,6,League One,0.12,0.88,-5,0.62,8.33,1.14,10
Bristol Rovers,8,2,0,6,3,15,-12,6,League One,0.25,0.75,-12,0.38,4.0,1.33,10
Rotherham,8,1,2,5,4,10,-6,5,League One,0.12,0.88,-6,0.5,8.33,1.14,11
Exeter City,8,1,1,6,5,16,-11,4,League One,0.12,0.88,-11,0.62,8.33,1.14,12
Cambridge Utd,8,0,3,5,7,18,-11,3,League One,0.0,1.0,-11,0.88,0.0,1.0,13
Peterborough,8,0,1,7,7,18,-11,1,League One,0.0,1.0,-11,0.88,0.0,1.0,14
AFC Wimbledon,8,4,3,1,11,4,7,15,League Two,0.5,0.5,7,1.38,2.0,2.0,1
Bromley,8,4,2,2,13,12,1,14,League Two,0.5,0.5,1,1.62,2.0,2.0,2
Colchester Utd,8,3,4,1,8,5,3,13,League Two,0.38,0.62,3,1.0,2.63,1.61,3
Walsall,8,4,1,3,7,8,-1,13,League Two,0.5,0.5,-1,0.88,2.0,2.0,3
Salford City,8,3,3,2,11,8,3,12,League Two,0.38,0.62,3,1.38,2.63,1.61,4
Notts County,8,4,0,4,14,13,1,12,League Two,0.5,0.5,1,1.75,2.0,2.0,4
Doncaster,8,3,2,3,11,12,-1,11,League Two,0.38,0.62,-1,1.38,2.63,1.61,5
Crewe Alexandra,8,2,4,2,7,8,-1,10,League Two,0.25,0.75,-1,0.88,4.0,1.33,6
Grimsby,8,3,1,4,10,12,-2,10,League Two,0.38,0.62,-2,1.25,2.63,1.61,6
Port Vale,8,2,4,2,9,11,-2,10,League Two,0.25,0.75,-2,1.12,4.0,1.33,6
Swindon Town,8,2,3,3,11,13,-2,9,League Two,0.25,0.75,-2,1.38,4.0,1.33,7
Milton Keynes,8,3,0,5,16,19,-3,9,League Two,0.38,0.62,-3,2.0,2.63,1.61,7
Accrington,8,2,2,4,10,13,-3,8,League Two,0.25,0.75,-3,1.25,4.0,1.33,8
Chesterfield,8,2,1,5,10,13,-3,7,League Two,0.25,0.75,-3,1.25,4.0,1.33,9
Newport,8,1,4,3,10,13,-3,7,League Two,0.12,0.88,-3,1.25,8.33,1.14,9
Cheltenham,8,1,4,3,7,11,-4,7,League Two,0.12,0.88,-4,0.88,8.33,1.14,9
Bradford,8,1,4,3,6,10,-4,7,League Two,0.12,0.88,-4,0.75,8.33,1.14,9
Gillingham,8,1,3,4,5,11,-6,6,League Two,0.12,0.88,-6,0.62,8.33,1.14,10
Carlisle Utd,8,1,2,5,6,10,-4,5,League Two,0.12,0.88,-4,0.75,8.33,1.14,11
Fleetwood,8,1,2,5,7,14,-7,5,League Two,0.12,0.88,-7,0.88,8.33,1.14,11
Harrogate,8,1,1,6,6,11,-5,4,League Two,0.12,0.88,-5,0.75,8.33,1.14,12
Morecambe,8,1,1,6,4,11,-7,4,League Two,0.12,0.88,-7,0.5,8.33,1.14,12
Barrow,8,0,3,5,3,11,-8,3,League Two,0.0,1.0,-8,0.38,0.0,1.0,13
Tranmere,8,0,0,8,3,21,-18,0,League Two,0.0,1.0,-18,0.38,0.0,1.0,14
Barnet,8,4,4,0,11,5,6,16,England - National League,0.5,0.5,6,1.38,2.0,2.0,1
Halifax Town,8,4,3,1,14,10,4,15,England - National League,0.5,0.5,4,1.75,2.0,2.0,2
Oldham,8,4,3,1,10,6,4,15,England - National League,0.5,0.5,4,1.25,2.0,2.0,2
Gateshead FC,8,4,2,2,16,7,9,14,England - National League,0.5,0.5,9,2.0,2.0,2.0,3
Forest Green,8,3,4,1,14,8,6,13,England - National League,0.38,0.62,6,1.75,2.63,1.61,4
Solihull Moors,8,3,2,3,12,7,5,11,England - National League,0.38,0.62,5,1.5,2.63,1.61,5
Sutton Utd,8,3,2,3,12,12,0,11,England - National League,0.38,0.62,0,1.5,2.63,1.61,5
York City,8,3,2,3,10,11,-1,11,England - National League,0.38,0.62,-1,1.25,2.63,1.61,5
Southend Utd,8,3,2,3,5,6,-1,11,England - National League,0.38,0.62,-1,0.62,2.63,1.61,5
Rochdale,8,3,1,4,10,9,1,10,England - National League,0.38,0.62,1,1.25,2.63,1.61,6
Eastleigh,8,2,4,2,9,9,0,10,England - National League,0.25,0.75,0,1.12,4.0,1.33,6
Braintree Town,8,3,1,4,14,17,-3,10,England - National League,0.38,0.62,-3,1.75,2.63,1.61,6
Altrincham,8,2,3,3,17,15,2,9,England - National League,0.25,0.75,2,2.12,4.0,1.33,7
Hartlepool,8,2,3,3,14,17,-3,9,England - National League,0.25,0.75,-3,1.75,4.0,1.33,7
Yeovil Town,8,2,2,4,7,14,-7,8,England - National League,0.25,0.75,-7,0.88,4.0,1.33,8
Tamworth,8,2,2,4,7,16,-9,8,England - National League,0.25,0.75,-9,0.88,4.0,1.33,8
Wealdstone,8,1,3,4,10,14,-4,6,England - National League,0.12,0.88,-4,1.25,8.33,1.14,9
Aldershot Town,8,1,3,4,12,17,-5,6,England - National League,0.12,0.88,-5,1.5,8.33,1.14,9
Woking,8,1,3,4,6,15,-9,6,England - National League,0.12,0.88,-9,0.75,8.33,1.14,9
AFC Fylde,8,2,0,6,6,17,-11,6,England - National League,0.25,0.75,-11,0.75,4.0,1.33,9
Dagenham & R.,8,1,2,5,6,11,-5,5,England - National League,0.12,0.88,-5,0.75,8.33,1.14,10
Ebbsfleet Utd,8,0,4,4,5,16,-11,4,England - National League,0.0,1.0,-11,0.62,0.0,1.0,11
Maidenhead Utd,8,1,0,7,7,22,-15,3,England - National League,0.12,0.88,-15,0.88,8.33,1.14,12
Boston Utd,8,0,2,6,2,15,-13,2,England - National League,0.0,1.0,-13,0.25,0.0,1.0,13
Chester,8,6,0,2,20,11,9,18,England - National L. North,0.75,0.25,9,2.5,1.33,4.0,1
Curzon,8,5,2,1,14,5,9,17,England - National L. North,0.62,0.38,9,1.75,1.61,2.63,2
Kidderminster,8,5,2,1,14,8,6,17,England - National L. North,0.62,0.38,6,1.75,1.61,2.63,2
Buxton,8,5,1,2,16,10,6,16,England - National L. North,0.62,0.38,6,2.0,1.61,2.63,3
Darlington,8,5,0,3,11,8,3,15,England - National L. North,0.62,0.38,3,1.38,1.61,2.63,4
Scunthorpe,8,4,2,2,12,8,4,14,England - National L. North,0.5,0.5,4,1.5,2.0,2.0,5
Alfreton Town,8,4,2,2,11,7,4,14,England - National L. North,0.5,0.5,4,1.38,2.0,2.0,5
Peterborough S.,8,3,4,1,12,9,3,13,England - National L. North,0.38,0.62,3,1.5,2.63,1.61,6
Chorley,8,4,1,3,9,10,-1,13,England - National L. North,0.5,0.5,-1,1.12,2.0,2.0,6
Needham Market,8,3,2,3,13,11,2,11,England - National L. North,0.38,0.62,2,1.62,2.63,1.61,7
Oxford City,8,3,2,3,11,10,1,11,England - National L. North,0.38,0.62,1,1.38,2.63,1.61,7
Kings Lynn,8,3,2,3,7,10,-3,11,England - National L. North,0.38,0.62,-3,0.88,2.63,1.61,7
Radcliffe,8,2,4,2,6,7,-1,10,England - National L. North,0.25,0.75,-1,0.75,4.0,1.33,8
Brackley Town,8,3,1,4,14,16,-2,10,England - National L. North,0.38,0.62,-2,1.75,2.63,1.61,8
Hereford Utd,8,3,1,4,8,10,-2,10,England - National L. North,0.38,0.62,-2,1.0,2.63,1.61,8
Scarborough,8,2,3,3,13,10,3,9,England - National L. North,0.25,0.75,3,1.62,4.0,1.33,9
Spennymoor,8,2,3,3,11,13,-2,9,England - National L. North,0.25,0.75,-2,1.38,4.0,1.33,9
Marine,8,2,1,5,7,11,-4,7,England - National L. North,0.25,0.75,-4,0.88,4.0,1.33,10
South Shields,8,2,1,5,10,15,-5,7,England - National L. North,0.25,0.75,-5,1.25,4.0,1.33,10
Rushall,8,2,1,5,7,24,-17,7,England - National L. North,0.25,0.75,-17,0.88,4.0,1.33,10
Farsley Celtic,8,2,0,6,7,22,-15,6,England - National L. North,0.25,0.75,-15,0.88,4.0,1.33,11
Southport,8,1,2,5,5,11,-6,5,England - National L. North,0.12,0.88,-6,0.62,8.33,1.14,12
Leamington,8,1,1,6,7,12,-5,4,England - National L. North,0.12,0.88,-5,0.88,8.33,1.14,13
Warrington,8,0,3,5,3,12,-9,3,England - National L. North,0.0,1.0,-9,0.38,0.0,1.0,14
Dorking,8,6,1,1,24,9,15,19,England - National L. South,0.75,0.25,15,3.0,1.33,4.0,1
Worthing,8,6,0,2,13,8,5,18,England - National L. South,0.75,0.25,5,1.62,1.33,4.0,2
Maidstone Utd,8,5,1,2,11,4,7,16,England - National L. South,0.62,0.38,7,1.38,1.61,2.63,3
Boreham Wood,8,5,0,3,14,11,3,15,England - National L. South,0.62,0.38,3,1.75,1.61,2.63,4
Chippenham,8,4,2,2,16,12,4,14,England - National L. South,0.5,0.5,4,2.0,2.0,2.0,5
Torquay Utd,8,2,5,1,12,9,3,11,England - National L. South,0.25,0.75,3,1.5,4.0,1.33,6
Hornchurch,8,3,2,3,11,9,2,11,England - National L. South,0.38,0.62,2,1.38,2.63,1.61,6
Hampton & R.,8,3,2,3,12,11,1,11,England - National L. South,0.38,0.62,1,1.5,2.63,1.61,6
Truro City,8,3,2,3,9,8,1,11,England - National L. South,0.38,0.62,1,1.12,2.63,1.61,6
Weston-s.-Mare,8,3,2,3,10,12,-2,11,England - National L. South,0.38,0.62,-2,1.25,2.63,1.61,6
Salisbury,8,2,4,2,7,7,0,10,England - National L. South,0.25,0.75,0,0.88,4.0,1.33,7
Enfield Town,8,2,3,3,8,11,-3,9,England - National L. South,0.25,0.75,-3,1.0,4.0,1.33,8
Eastbourne,8,2,3,3,4,8,-4,9,England - National L. South,0.25,0.75,-4,0.5,4.0,1.33,8
Bath City,8,2,2,4,7,7,0,8,England - National L. South,0.25,0.75,0,0.88,4.0,1.33,9
Chelmsford City,8,2,2,4,13,15,-2,8,England - National L. South,0.25,0.75,-2,1.62,4.0,1.33,9
Tonbridge,8,1,4,3,8,11,-3,7,England - National L. South,0.12,0.88,-3,1.0,8.33,1.14,10
Welling Utd,8,2,1,5,11,18,-7,7,England - National L. South,0.25,0.75,-7,1.38,4.0,1.33,10
St Albans,8,0,5,3,7,14,-7,5,England - National L. South,0.0,1.0,-7,0.88,0.0,1.0,11
Hemel Hempstead,8,1,2,5,2,11,-9,5,England - National L. South,0.12,0.88,-9,0.25,8.33,1.14,11
Chesham Utd,8,0,4,4,5,12,-7,4,England - National L. South,0.0,1.0,-7,0.62,0.0,1.0,12
Slough Town,8,1,1,6,10,21,-11,4,England - National L. South,0.12,0.88,-11,1.25,8.33,1.14,12
Aveley,8,1,0,7,5,15,-10,3,England - National L. South,0.12,0.88,-10,0.62,8.33,1.14,13
Farnborough,8,0,2,6,5,15,-10,2,England - National L. South,0.0,1.0,-10,0.62,0.0,1.0,14
Weymouth,8,0,2,6,2,12,-10,2,England - National L. South,0.0,1.0,-10,0.25,0.0,1.0,14
Dartford,8,7,1,0,17,5,12,22,England - Isthmian league,0.88,0.12,12,2.12,1.14,8.33,1
Horsham,8,6,0,2,18,7,11,18,England - Isthmian league,0.75,0.25,11,2.25,1.33,4.0,2
Dover Athletic,8,6,0,2,18,8,10,18,England - Isthmian league,0.75,0.25,10,2.25,1.33,4.0,2
Chichester City,8,5,1,2,17,12,5,16,England - Isthmian league,0.62,0.38,5,2.12,1.61,2.63,3
Cray Valley PM,8,4,3,1,16,12,4,15,England - Isthmian league,0.5,0.5,4,2.0,2.0,2.0,4
Carshalton,8,4,2,2,12,7,5,14,England - Isthmian league,0.5,0.5,5,1.5,2.0,2.0,5
Cheshunt,8,4,2,2,12,8,4,14,England - Isthmian league,0.5,0.5,4,1.5,2.0,2.0,5
Billericay Town,8,4,1,3,9,10,-1,13,England - Isthmian league,0.5,0.5,-1,1.12,2.0,2.0,6
Hashtag United,8,3,3,2,13,9,4,12,England - Isthmian league,0.38,0.62,4,1.62,2.63,1.61,7
Cray Wanderers,8,4,0,4,9,9,0,12,England - Isthmian league,0.5,0.5,0,1.12,2.0,2.0,7
Potters Bar,8,3,1,4,13,13,0,10,England - Isthmian league,0.38,0.62,0,1.62,2.63,1.61,8
Chatham Town,8,2,2,4,12,11,1,8,England - Isthmian league,0.25,0.75,1,1.5,4.0,1.33,9
Folkestone,8,2,2,4,9,12,-3,8,England - Isthmian league,0.25,0.75,-3,1.12,4.0,1.33,9
Whitehawk,8,2,2,4,13,21,-8,8,England - Isthmian league,0.25,0.75,-8,1.62,4.0,1.33,9
Lewes,8,1,4,3,6,9,-3,7,England - Isthmian league,0.12,0.88,-3,0.75,8.33,1.14,10
Hastings Utd,8,2,1,5,8,20,-12,7,England - Isthmian league,0.25,0.75,-12,1.0,4.0,1.33,10
Canvey Island,8,2,0,6,10,17,-7,6,England - Isthmian league,0.25,0.75,-7,1.25,4.0,1.33,11
Bognor Regis,8,1,2,5,10,23,-13,5,England - Isthmian league,0.12,0.88,-13,1.25,8.33,1.14,12
Wingate & F.,8,1,1,6,11,19,-8,4,England - Isthmian league,0.12,0.88,-8,1.38,8.33,1.14,13
Bowers & Pitsea,8,1,1,6,6,18,-12,4,England - Isthmian league,0.12,0.88,-12,0.75,8.33,1.14,13
Hendon,8,0,3,5,9,14,-5,3,England - Isthmian league,0.0,1.0,-5,1.12,0.0,1.0,14
Dulwich Hamlet,8,0,3,5,7,15,-8,3,England - Isthmian league,0.0,1.0,-8,0.88,0.0,1.0,14
Guiseley,8,5,1,2,14,8,6,16,England - Northern league,0.62,0.38,6,1.75,1.61,2.63,1
Rylands,8,4,3,1,18,11,7,15,England - Northern league,0.5,0.5,7,2.25,2.0,2.0,2
Macclesfield,8,4,2,2,16,8,8,14,England - Northern league,0.5,0.5,8,2.0,2.0,2.0,3
Ashton Utd,8,4,2,2,15,9,6,14,England - Northern league,0.5,0.5,6,1.88,2.0,2.0,3
Stockton Town,8,4,1,3,15,11,4,13,England - Northern league,0.5,0.5,4,1.88,2.0,2.0,4
Lancaster City,8,4,0,4,12,16,-4,12,England - Northern league,0.5,0.5,-4,1.5,2.0,2.0,5
Workington,8,3,2,3,13,12,1,11,England - Northern league,0.38,0.62,1,1.62,2.63,1.61,6
Morpeth Town,8,3,2,3,13,16,-3,11,England - Northern league,0.38,0.62,-3,1.62,2.63,1.61,6
Whitby Town,8,3,1,4,13,21,-8,10,England - Northern league,0.38,0.62,-8,1.62,2.63,1.61,7
Matlock,8,2,3,3,16,14,2,9,England - Northern league,0.25,0.75,2,2.0,4.0,1.33,8
Bamber Bridge,8,2,3,3,12,14,-2,9,England - Northern league,0.25,0.75,-2,1.5,4.0,1.33,8
FC United,8,2,3,3,8,11,-3,9,England - Northern league,0.25,0.75,-3,1.0,4.0,1.33,8
Gainsborough,8,2,3,3,9,13,-4,9,England - Northern league,0.25,0.75,-4,1.12,4.0,1.33,8
Leek Town,8,2,2,4,7,10,-3,8,England - Northern league,0.25,0.75,-3,0.88,4.0,1.33,9
Worksop Town,8,2,2,4,9,13,-4,8,England - Northern league,0.25,0.75,-4,1.12,4.0,1.33,9
Hyde Utd,8,1,4,3,9,12,-3,7,England - Northern league,0.12,0.88,-3,1.12,8.33,1.14,10
Hebburn Town,8,0,5,3,9,13,-4,5,England - Northern league,0.0,1.0,-4,1.12,0.0,1.0,11
Ilkeston Town,8,1,1,6,8,18,-10,4,England - Northern league,0.12,0.88,-10,1.0,8.33,1.14,12
Prescot Cables,8,0,2,6,6,18,-12,2,England - Northern league,0.0,1.0,-12,0.75,0.0,1.0,13
Blyth Spartans,8,0,1,7,4,20,-16,1,England - Northern league,0.0,1.0,-16,0.5,0.0,1.0,14
Mickleover,8,0,1,7,4,20,-16,1,England - Northern league,0.0,1.0,-16,0.5,0.0,1.0,14
Basford Utd,8,0,0,8,4,19,-15,0,England - Northern league,0.0,1.0,-15,0.5,0.0,1.0,15
Leiston,8,5,1,2,12,10,2,16,England - Southern Central,0.62,0.38,2,1.5,1.61,2.63,1
Stratford Town,8,5,0,3,8,9,-1,15,England - Southern Central,0.62,0.38,-1,1.0,1.61,2.63,2
Spalding United,8,4,2,2,14,7,7,14,England - Southern Central,0.5,0.5,7,1.75,2.0,2.0,3
Bromsgrove,8,4,2,2,10,8,2,14,England - Southern Central,0.5,0.5,2,1.25,2.0,2.0,3
Stourbridge,8,4,1,3,12,9,3,13,England - Southern Central,0.5,0.5,3,1.5,2.0,2.0,4
Stamford,8,4,1,3,10,7,3,13,England - Southern Central,0.5,0.5,3,1.25,2.0,2.0,4
Bedford Town,8,4,1,3,10,12,-2,13,England - Southern Central,0.5,0.5,-2,1.25,2.0,2.0,4
Harborough Town,8,3,2,3,10,13,-3,11,England - Southern Central,0.38,0.62,-3,1.25,2.63,1.61,5
Alvechurch,8,3,1,4,13,11,2,10,England - Southern Central,0.38,0.62,2,1.62,2.63,1.61,6
Royston,8,3,1,4,11,10,1,10,England - Southern Central,0.38,0.62,1,1.38,2.63,1.61,6
Banbury Utd,8,2,4,2,9,10,-1,10,England - Southern Central,0.25,0.75,-1,1.12,4.0,1.33,6
Telford Utd,8,2,4,2,15,18,-3,10,England - Southern Central,0.25,0.75,-3,1.88,4.0,1.33,6
B. Stortford,8,3,1,4,8,11,-3,10,England - Southern Central,0.38,0.62,-3,1.0,2.63,1.61,6
Lowestoft,8,3,0,5,16,26,-10,9,England - Southern Central,0.38,0.62,-10,2.0,2.63,1.61,7
Kettering Town,8,2,2,4,12,13,-1,8,England - Southern Central,0.25,0.75,-1,1.5,4.0,1.33,8
AFC Sudbury,8,2,0,6,8,15,-7,6,England - Southern Central,0.25,0.75,-7,1.0,4.0,1.33,9
Halesowen Town,8,1,2,5,8,12,-4,5,England - Southern Central,0.12,0.88,-4,1.0,8.33,1.14,10
Redditch Utd,8,1,1,6,8,14,-6,4,England - Southern Central,0.12,0.88,-6,1.0,8.33,1.14,11
Biggleswade,8,0,3,5,11,19,-8,3,England - Southern Central,0.0,1.0,-8,1.38,0.0,1.0,12
Hitchin Town,8,0,3,5,6,14,-8,3,England - Southern Central,0.0,1.0,-8,0.75,0.0,1.0,12
St. Ives Town,8,0,3,5,6,14,-8,3,England - Southern Central,0.0,1.0,-8,0.75,0.0,1.0,12
Barwell,8,1,0,7,7,16,-9,3,England - Southern Central,0.12,0.88,-9,0.88,8.33,1.14,12
Flora,0,0,0,0,0,0,0,0,Estonia - Meistriliiga,0.0,0.0,0,0.0,0.0,0.0,1
Harju JK,0,0,0,0,0,0,0,0,Estonia - Meistriliiga,0.0,0.0,0,0.0,0.0,0.0,1
Kuressaare,0,0,0,0,0,0,0,0,Estonia - Meistriliiga,0.0,0.0,0,0.0,0.0,0.0,1
Levadia,0,0,0,0,0,0,0,0,Estonia - Meistriliiga,0.0,0.0,0,0.0,0.0,0.0,1
Narva Trans,0,0,0,0,0,0,0,0,Estonia - Meistriliiga,0.0,0.0,0,0.0,0.0,0.0,1
Nomme Kalju,0,0,0,0,0,0,0,0,Estonia - Meistriliiga,0.0,0.0,0,0.0,0.0,0.0,1
Paide,0,0,0,0,0,0,0,0,Estonia - Meistriliiga,0.0,0.0,0,0.0,0.0,0.0,1
Tallinna Kalev,0,0,0,0,0,0,0,0,Estonia - Meistriliiga,0.0,0.0,0,0.0,0.0,0.0,1
Tammeka,0,0,0,0,0,0,0,0,Estonia - Meistriliiga,0.0,0.0,0,0.0,0.0,0.0,1
Vaprus,0,0,0,0,0,0,0,0,Estonia - Meistriliiga,0.0,0.0,0,0.0,0.0,0.0,1
Elva,0,0,0,0,0,0,0,0,Estonia - Esiliiga,0.0,0.0,0,0.0,0.0,0.0,1
FC Tallinn,0,0,0,0,0,0,0,0,Estonia - Esiliiga,0.0,0.0,0,0.0,0.0,0.0,1
Flora B,0,0,0,0,0,0,0,0,Estonia - Esiliiga,0.0,0.0,0,0.0,0.0,0.0,1
Levadia B,0,0,0,0,0,0,0,0,Estonia - Esiliiga,0.0,0.0,0,0.0,0.0,0.0,1
Nomme Kalju B,0,0,0,0,0,0,0,0,Estonia - Esiliiga,0.0,0.0,0,0.0,0.0,0.0,1
Nomme Utd,0,0,0,0,0,0,0,0,Estonia - Esiliiga,0.0,0.0,0,0.0,0.0,0.0,1
Tallinna K. B,0,0,0,0,0,0,0,0,Estonia - Esiliiga,0.0,0.0,0,0.0,0.0,0.0,1
Tammeka B,0,0,0,0,0,0,0,0,Estonia - Esiliiga,0.0,0.0,0,0.0,0.0,0.0,1
Tartu Welco,0,0,0,0,0,0,0,0,Estonia - Esiliiga,0.0,0.0,0,0.0,0.0,0.0,1
Viimsi,0,0,0,0,0,0,0,0,Estonia - Esiliiga,0.0,0.0,0,0.0,0.0,0.0,1
07 Vestur,0,0,0,0,0,0,0,0,FaroeIslands - Premier League,0.0,0.0,0,0.0,0.0,0.0,1
B36 Torshavn,0,0,0,0,0,0,0,0,FaroeIslands - Premier League,0.0,0.0,0,0.0,0.0,0.0,1
B68 Toftir,0,0,0,0,0,0,0,0,FaroeIslands - Premier League,0.0,0.0,0,0.0,0.0,0.0,1
HB Torshavn,0,0,0,0,0,0,0,0,FaroeIslands - Premier League,0.0,0.0,0,0.0,0.0,0.0,1
Klaksvik,0,0,0,0,0,0,0,0,FaroeIslands - Premier League,0.0,0.0,0,0.0,0.0,0.0,1
NSI Runavik,0,0,0,0,0,0,0,0,FaroeIslands - Premier League,0.0,0.0,0,0.0,0.0,0.0,1
Streymur,0,0,0,0,0,0,0,0,FaroeIslands - Premier League,0.0,0.0,0,0.0,0.0,0.0,1
Suduroy,0,0,0,0,0,0,0,0,FaroeIslands - Premier League,0.0,0.0,0,0.0,0.0,0.0,1
TB Tvoroyri,0,0,0,0,0,0,0,0,FaroeIslands - Premier League,0.0,0.0,0,0.0,0.0,0.0,1
Vikingur,0,0,0,0,0,0,0,0,FaroeIslands - Premier League,0.0,0.0,0,0.0,0.0,0.0,1
07 Vestur B,0,0,0,0,0,0,0,0,FaroeIslands - 1. Deild,0.0,0.0,0,0.0,0.0,0.0,1
AB Argir,0,0,0,0,0,0,0,0,FaroeIslands - 1. Deild,0.0,0.0,0,0.0,0.0,0.0,1
B36 Torshavn B,0,0,0,0,0,0,0,0,FaroeIslands - 1. Deild,0.0,0.0,0,0.0,0.0,0.0,1
B71 Sandur,0,0,0,0,0,0,0,0,FaroeIslands - 1. Deild,0.0,0.0,0,0.0,0.0,0.0,1
IF Fuglafjordur,0,0,0,0,0,0,0,0,FaroeIslands - 1. Deild,0.0,0.0,0,0.0,0.0,0.0,1
Klaksvik B,0,0,0,0,0,0,0,0,FaroeIslands - 1. Deild,0.0,0.0,0,0.0,0.0,0.0,1
NSI Runavik B,0,0,0,0,0,0,0,0,FaroeIslands - 1. Deild,0.0,0.0,0,0.0,0.0,0.0,1
Skala,0,0,0,0,0,0,0,0,FaroeIslands - 1. Deild,0.0,0.0,0,0.0,0.0,0.0,1
Streymur B,0,0,0,0,0,0,0,0,FaroeIslands - 1. Deild,0.0,0.0,0,0.0,0.0,0.0,1
Vikingur B,0,0,0,0,0,0,0,0,FaroeIslands - 1. Deild,0.0,0.0,0,0.0,0.0,0.0,1
Ilves,8,4,2,2,12,8,4,14,Finland - Veikkausliiga,0.5,0.5,4,1.5,2.0,2.0,1
Inter Turku,8,4,1,3,12,4,8,13,Finland - Veikkausliiga,0.5,0.5,8,1.5,2.0,2.0,2
HJK Helsinki,8,4,1,3,14,9,5,13,Finland - Veikkausliiga,0.5,0.5,5,1.75,2.0,2.0,2
KuPS,8,4,1,3,11,10,1,13,Finland - Veikkausliiga,0.5,0.5,1,1.38,2.0,2.0,2
Haka,8,4,0,4,11,11,0,12,Finland - Veikkausliiga,0.5,0.5,0,1.38,2.0,2.0,3
SJK,8,3,2,3,13,13,0,11,Finland - Veikkausliiga,0.38,0.62,0,1.62,2.63,1.61,4
Gnistan,8,2,2,4,12,16,-4,8,Finland - Veikkausliiga,0.25,0.75,-4,1.5,4.0,1.33,5
Ekenas IF,8,2,2,4,6,18,-12,8,Finland - Veikkausliiga,0.25,0.75,-12,0.75,4.0,1.33,5
VPS,8,2,1,5,12,18,-6,7,Finland - Veikkausliiga,0.25,0.75,-6,1.5,4.0,1.33,6
Oulu,8,1,2,5,6,15,-9,5,Finland - Veikkausliiga,0.12,0.88,-9,0.75,8.33,1.14,7
Lahti,8,0,4,4,9,18,-9,4,Finland - Veikkausliiga,0.0,1.0,-9,1.12,0.0,1.0,8
Mariehamn,8,1,0,7,6,17,-11,3,Finland - Veikkausliiga,0.12,0.88,-11,0.75,8.33,1.14,9
KTP,8,5,1,2,24,12,12,16,Finland - Ykkosliga,0.62,0.38,12,3.0,1.61,2.63,1
JIPPO,8,5,0,3,15,8,7,15,Finland - Ykkosliga,0.62,0.38,7,1.88,1.61,2.63,2
Jaro,8,4,1,3,13,13,0,13,Finland - Ykkosliga,0.5,0.5,0,1.62,2.0,2.0,3
JaPS,8,4,1,3,15,19,-4,13,Finland - Ykkosliga,0.5,0.5,-4,1.88,2.0,2.0,3
SalPa,8,4,0,4,8,16,-8,12,Finland - Ykkosliga,0.5,0.5,-8,1.0,2.0,2.0,4
TPS,8,2,5,1,7,5,2,11,Finland - Ykkosliga,0.25,0.75,2,0.88,4.0,1.33,5
PK-35,8,2,3,3,8,11,-3,9,Finland - Ykkosliga,0.25,0.75,-3,1.0,4.0,1.33,6
Mikkelin,8,2,2,4,11,16,-5,8,Finland - Ykkosliga,0.25,0.75,-5,1.38,4.0,1.33,7
KaPa,8,2,1,5,19,26,-7,7,Finland - Ykkosliga,0.25,0.75,-7,2.38,4.0,1.33,8
SJK Akatemia,8,1,3,4,10,15,-5,6,Finland - Ykkosliga,0.12,0.88,-5,1.25,8.33,1.14,9
PKKU,8,6,2,0,24,16,8,20,Finland - Ykkonen,0.75,0.25,8,3.0,1.33,4.0,1
KPV Kokkola,8,6,1,1,20,12,8,19,Finland - Ykkonen,0.75,0.25,8,2.5,1.33,4.0,2
JJK,8,4,2,2,14,13,1,14,Finland - Ykkonen,0.5,0.5,1,1.75,2.0,2.0,3
Klubi-04,8,4,1,3,13,10,3,13,Finland - Ykkonen,0.5,0.5,3,1.62,2.0,2.0,4
Atlantis,8,3,2,3,17,16,1,11,Finland - Ykkonen,0.38,0.62,1,2.12,2.63,1.61,5
VIFK,8,2,3,3,18,21,-3,9,Finland - Ykkonen,0.25,0.75,-3,2.25,4.0,1.33,6
Jazz Pori,8,3,0,5,16,20,-4,9,Finland - Ykkonen,0.38,0.62,-4,2.0,2.63,1.61,6
OLS Oulu,8,2,3,3,12,17,-5,9,Finland - Ykkonen,0.25,0.75,-5,1.5,4.0,1.33,6
EPS,8,1,4,3,8,10,-2,7,Finland - Ykkonen,0.12,0.88,-2,1.0,8.33,1.14,7
Rovaniemi,8,2,1,5,10,13,-3,7,Finland - Ykkonen,0.25,0.75,-3,1.25,4.0,1.33,7
KuPS Ak.,8,1,1,6,9,19,-10,4,Finland - Ykkonen,0.12,0.88,-10,1.12,8.33,1.14,8
Vaajakoski,8,0,1,7,8,23,-15,1,Finland - Ykkonen,0.0,1.0,-15,1.0,0.0,1.0,9
NJS,8,4,2,2,14,10,4,14,Finland - Kakkonen Group A,0.5,0.5,4,1.75,2.0,2.0,1
Reipas,8,3,2,3,12,11,1,11,Finland - Kakkonen Group A,0.38,0.62,1,1.5,2.63,1.61,2
PEPO,8,2,4,2,17,15,2,10,Finland - Kakkonen Group A,0.25,0.75,2,2.12,4.0,1.33,3
PPJ,8,3,1,4,13,12,1,10,Finland - Kakkonen Group A,0.38,0.62,1,1.62,2.63,1.61,3
Kiffen,8,3,1,4,9,12,-3,10,Finland - Kakkonen Group A,0.38,0.62,-3,1.12,2.63,1.61,3
GrIFK,8,2,3,3,8,11,-3,9,Finland - Kakkonen Group A,0.25,0.75,-3,1.0,4.0,1.33,4
Atlantis B,8,2,2,4,8,10,-2,8,Finland - Kakkonen Group A,0.25,0.75,-2,1.0,4.0,1.33,5
Futura,8,2,0,6,10,21,-11,6,Finland - Kakkonen Group A,0.25,0.75,-11,1.25,4.0,1.33,6
MYPA,8,1,2,5,12,24,-12,5,Finland - Kakkonen Group A,0.12,0.88,-12,1.5,8.33,1.14,7
JaPS B,8,1,1,6,8,25,-17,4,Finland - Kakkonen Group A,0.12,0.88,-17,1.0,8.33,1.14,8
Inter Turku B,8,5,1,2,18,10,8,16,Finland - Kakkonen Group B,0.62,0.38,8,2.25,1.61,2.63,1
Tampere Utd,8,4,2,2,18,10,8,14,Finland - Kakkonen Group B,0.5,0.5,8,2.25,2.0,2.0,2
HJS Akatemia,8,4,2,2,16,10,6,14,Finland - Kakkonen Group B,0.5,0.5,6,2.0,2.0,2.0,2
VJS,8,3,3,2,16,13,3,12,Finland - Kakkonen Group B,0.38,0.62,3,2.0,2.63,1.61,3
TPV,8,3,2,3,15,18,-3,11,Finland - Kakkonen Group B,0.38,0.62,-3,1.88,2.63,1.61,4
Honka,8,2,3,3,14,14,0,9,Finland - Kakkonen Group B,0.25,0.75,0,1.75,4.0,1.33,5
Ilves B,8,3,0,5,16,21,-5,9,Finland - Kakkonen Group B,0.38,0.62,-5,2.0,2.63,1.61,5
Poxyt,8,3,0,5,17,25,-8,9,Finland - Kakkonen Group B,0.38,0.62,-8,2.12,2.63,1.61,5
Ilves-Kissat,8,2,1,5,14,24,-10,7,Finland - Kakkonen Group B,0.25,0.75,-10,1.75,4.0,1.33,6
P-Iirot,8,2,0,6,8,16,-8,6,Finland - Kakkonen Group B,0.25,0.75,-8,1.0,4.0,1.33,7
EBK,8,1,0,7,6,41,-35,3,Finland - Kakkonen Group B,0.12,0.88,-35,0.75,8.33,1.14,8
JBK,8,6,2,0,19,7,12,20,Finland - Kakkonen Group C,0.75,0.25,12,2.38,1.33,4.0,1
GBK,8,6,0,2,22,13,9,18,Finland - Kakkonen Group C,0.75,0.25,9,2.75,1.33,4.0,2
Narpes Kraft,8,4,1,3,17,18,-1,13,Finland - Kakkonen Group C,0.5,0.5,-1,2.12,2.0,2.0,3
SJK Akatemia B,8,4,0,4,21,17,4,12,Finland - Kakkonen Group C,0.5,0.5,4,2.62,2.0,2.0,4
TP-47,8,3,2,3,20,13,7,11,Finland - Kakkonen Group C,0.38,0.62,7,2.5,2.63,1.61,5
JS Hercules,8,2,1,5,15,24,-9,7,Finland - Kakkonen Group C,0.25,0.75,-9,1.88,4.0,1.33,6
JPS,8,1,3,4,10,14,-4,6,Finland - Kakkonen Group C,0.12,0.88,-4,1.25,8.33,1.14,7
Kuopion Elo,8,0,4,4,13,21,-8,4,Finland - Kakkonen Group C,0.0,1.0,-8,1.62,0.0,1.0,8
OTP,8,1,1,6,6,23,-17,4,Finland - Kakkonen Group C,0.12,0.88,-17,0.75,8.33,1.14,8
OPS,8,1,0,7,10,31,-21,3,Finland - Kakkonen Group C,0.12,0.88,-21,1.25,8.33,1.14,9
Paris SG,8,5,3,0,20,9,11,18,France - Ligue 1,0.62,0.38,11,2.5,1.61,2.63,1
Marseille,8,6,0,2,16,6,10,18,France - Ligue 1,0.75,0.25,10,2.0,1.33,4.0,1
Lens,8,4,2,2,12,8,4,14,France - Ligue 1,0.5,0.5,4,1.5,2.0,2.0,2
Brest,8,4,0,4,11,13,-2,12,France - Ligue 1,0.5,0.5,-2,1.38,2.0,2.0,3
Lille,8,2,5,1,11,7,4,11,France - Ligue 1,0.25,0.75,4,1.38,4.0,1.33,4
Toulouse,8,3,2,3,9,9,0,11,France - Ligue 1,0.38,0.62,0,1.12,2.63,1.61,4
Angers,8,3,2,3,7,7,0,11,France - Ligue 1,0.38,0.62,0,0.88,2.63,1.61,4
Nice,8,2,4,2,11,12,-1,10,France - Ligue 1,0.25,0.75,-1,1.38,4.0,1.33,5
Lyon,8,2,3,3,14,11,3,9,France - Ligue 1,0.25,0.75,3,1.75,4.0,1.33,6
Monaco,8,2,2,4,11,14,-3,8,France - Ligue 1,0.25,0.75,-3,1.38,4.0,1.33,7
Reims,8,2,2,4,9,12,-3,8,France - Ligue 1,0.25,0.75,-3,1.12,4.0,1.33,7
Le Havre,8,2,2,4,8,13,-5,8,France - Ligue 1,0.25,0.75,-5,1.0,4.0,1.33,7
Strasbourg,8,2,1,5,10,14,-4,7,France - Ligue 1,0.25,0.75,-4,1.25,4.0,1.33,8
Nantes,8,1,3,4,9,16,-7,6,France - Ligue 1,0.12,0.88,-7,1.12,8.33,1.14,9
Auxerre,8,1,2,5,11,19,-8,5,France - Ligue 1,0.12,0.88,-8,1.38,8.33,1.14,10
Rennes,8,1,1,6,8,16,-8,4,France - Ligue 1,0.12,0.88,-8,1.0,8.33,1.14,11
Montpellier,8,1,0,7,5,14,-9,3,France - Ligue 1,0.12,0.88,-9,0.62,8.33,1.14,12
Saint-Etienne,8,0,2,6,8,21,-13,2,France - Ligue 1,0.0,1.0,-13,1.0,0.0,1.0,13
Paris FC,8,4,2,2,10,6,4,14,France - Ligue 2,0.5,0.5,4,1.25,2.0,2.0,1
Lorient,8,4,2,2,10,9,1,14,France - Ligue 2,0.5,0.5,1,1.25,2.0,2.0,1
Troyes,8,4,0,4,11,8,3,12,France - Ligue 2,0.5,0.5,3,1.38,2.0,2.0,2
Guingamp,8,4,0,4,12,12,0,12,France - Ligue 2,0.5,0.5,0,1.5,2.0,2.0,2
USL Dunkerque,8,3,2,3,11,11,0,11,France - Ligue 2,0.38,0.62,0,1.38,2.63,1.61,3
Martigues,8,3,2,3,6,9,-3,11,France - Ligue 2,0.38,0.62,-3,0.75,2.63,1.61,3
Annecy,8,3,2,3,7,11,-4,11,France - Ligue 2,0.38,0.62,-4,0.88,2.63,1.61,3
Rodez Aveyron,8,2,4,2,17,14,3,10,France - Ligue 2,0.25,0.75,3,2.12,4.0,1.33,4
Clermont,8,3,1,4,7,11,-4,10,France - Ligue 2,0.38,0.62,-4,0.88,2.63,1.61,4
Laval,8,2,3,3,8,9,-1,9,France - Ligue 2,0.25,0.75,-1,1.0,4.0,1.33,5
Pau FC,8,2,2,4,6,11,-5,8,France - Ligue 2,0.25,0.75,-5,0.75,4.0,1.33,6
Red Star,8,2,2,4,6,12,-6,8,France - Ligue 2,0.25,0.75,-6,0.75,4.0,1.33,6
SC Bastia,8,1,4,3,7,9,-2,7,France - Ligue 2,0.12,0.88,-2,0.88,8.33,1.14,7
Metz,8,1,4,3,4,7,-3,7,France - Ligue 2,0.12,0.88,-3,0.5,8.33,1.14,7
Grenoble,8,2,1,5,8,14,-6,7,France - Ligue 2,0.25,0.75,-6,1.0,4.0,1.33,7
Amiens,8,2,0,6,8,16,-8,6,France - Ligue 2,0.25,0.75,-8,1.0,4.0,1.33,8
AC Ajaccio,8,2,0,6,4,14,-10,6,France - Ligue 2,0.25,0.75,-10,0.5,4.0,1.33,8
Caen,8,1,1,6,8,15,-7,4,France - Ligue 2,0.12,0.88,-7,1.0,8.33,1.14,9
Le Mans,8,5,2,1,17,7,10,17,France - National,0.62,0.38,10,2.12,1.61,2.63,1
Nancy,8,5,1,2,13,6,7,16,France - National,0.62,0.38,7,1.62,1.61,2.63,2
Quevilly Rouen,8,3,3,2,12,11,1,12,France - National,0.38,0.62,1,1.5,2.63,1.61,3
Orleans,8,3,2,3,8,8,0,11,France - National,0.38,0.62,0,1.0,2.63,1.61,4
Paris 13 A.,8,2,4,2,11,11,0,10,France - National,0.25,0.75,0,1.38,4.0,1.33,5
Dijon,8,2,4,2,6,7,-1,10,France - National,0.25,0.75,-1,0.75,4.0,1.33,5
Boulogne,8,3,1,4,7,12,-5,10,France - National,0.38,0.62,-5,0.88,2.63,1.61,5
Aubagne,8,3,0,5,11,10,1,9,France - National,0.38,0.62,1,1.38,2.63,1.61,6
Rouen,8,2,3,3,8,8,0,9,France - National,0.25,0.75,0,1.0,4.0,1.33,6
Sochaux,8,1,6,1,5,5,0,9,France - National,0.12,0.88,0,0.62,8.33,1.14,6
Villefranche,8,2,3,3,8,9,-1,9,France - National,0.25,0.75,-1,1.0,4.0,1.33,6
Bourg-en-Bresse,8,2,3,3,7,8,-1,9,France - National,0.25,0.75,-1,0.88,4.0,1.33,6
Versailles,8,2,2,4,11,13,-2,8,France - National,0.25,0.75,-2,1.38,4.0,1.33,7
Valenciennes,8,2,2,4,6,12,-6,8,France - National,0.25,0.75,-6,0.75,4.0,1.33,7
Concarneau,8,2,1,5,10,15,-5,7,France - National,0.25,0.75,-5,1.25,4.0,1.33,8
Chateauroux,8,1,4,3,8,14,-6,7,France - National,0.12,0.88,-6,1.0,8.33,1.14,8
Nimes,8,0,3,5,4,10,-6,3,France - National,0.0,1.0,-6,0.5,0.0,1.0,9
Dila Gori,0,0,0,0,0,0,0,0,Georgia - Erovnuli Liga,0.0,0.0,0,0.0,0.0,0.0,1
Dinamo Batumi,0,0,0,0,0,0,0,0,Georgia - Erovnuli Liga,0.0,0.0,0,0.0,0.0,0.0,1
Dinamo Tbilisi,0,0,0,0,0,0,0,0,Georgia - Erovnuli Liga,0.0,0.0,0,0.0,0.0,0.0,1
Gagra,0,0,0,0,0,0,0,0,Georgia - Erovnuli Liga,0.0,0.0,0,0.0,0.0,0.0,1
Gareji Sagarejo,0,0,0,0,0,0,0,0,Georgia - Erovnuli Liga,0.0,0.0,0,0.0,0.0,0.0,1
Iberia,0,0,0,0,0,0,0,0,Georgia - Erovnuli Liga,0.0,0.0,0,0.0,0.0,0.0,1
Kolkheti Poti,0,0,0,0,0,0,0,0,Georgia - Erovnuli Liga,0.0,0.0,0,0.0,0.0,0.0,1
Samgurali,0,0,0,0,0,0,0,0,Georgia - Erovnuli Liga,0.0,0.0,0,0.0,0.0,0.0,1
Telavi,0,0,0,0,0,0,0,0,Georgia - Erovnuli Liga,0.0,0.0,0,0.0,0.0,0.0,1
Torpedo Kutaisi,0,0,0,0,0,0,0,0,Georgia - Erovnuli Liga,0.0,0.0,0,0.0,0.0,0.0,1
Bolnisi,0,0,0,0,0,0,0,0,Georgia - Erovnuli Liga 2,0.0,0.0,0,0.0,0.0,0.0,1
D. Tbilisi B,0,0,0,0,0,0,0,0,Georgia - Erovnuli Liga 2,0.0,0.0,0,0.0,0.0,0.0,1
Gonio,0,0,0,0,0,0,0,0,Georgia - Erovnuli Liga 2,0.0,0.0,0,0.0,0.0,0.0,1
Iberia B,0,0,0,0,0,0,0,0,Georgia - Erovnuli Liga 2,0.0,0.0,0,0.0,0.0,0.0,1
L. Tbilisi,0,0,0,0,0,0,0,0,Georgia - Erovnuli Liga 2,0.0,0.0,0,0.0,0.0,0.0,1
Merani Martvili,0,0,0,0,0,0,0,0,Georgia - Erovnuli Liga 2,0.0,0.0,0,0.0,0.0,0.0,1
Meshakhte,0,0,0,0,0,0,0,0,Georgia - Erovnuli Liga 2,0.0,0.0,0,0.0,0.0,0.0,1
Rustavi,0,0,0,0,0,0,0,0,Georgia - Erovnuli Liga 2,0.0,0.0,0,0.0,0.0,0.0,1
Samtredia,0,0,0,0,0,0,0,0,Georgia - Erovnuli Liga 2,0.0,0.0,0,0.0,0.0,0.0,1
Spaeri,0,0,0,0,0,0,0,0,Georgia - Erovnuli Liga 2,0.0,0.0,0,0.0,0.0,0.0,1
Bayern Munich,8,5,2,1,19,7,12,17,Germany - Bundesliga,0.62,0.38,12,2.38,1.61,2.63,1
Wolfsburg,8,4,2,2,17,10,7,14,Germany - Bundesliga,0.5,0.5,7,2.12,2.0,2.0,2
Leverkusen,8,3,5,0,13,9,4,14,Germany - Bundesliga,0.38,0.62,4,1.62,2.63,1.61,2
E. Frankfurt,8,3,3,2,14,10,4,12,Germany - Bundesliga,0.38,0.62,4,1.75,2.63,1.61,3
Stuttgart,8,3,3,2,10,12,-2,12,Germany - Bundesliga,0.38,0.62,-2,1.25,2.63,1.61,3
FSV Mainz,8,3,1,4,13,9,4,10,Germany - Bundesliga,0.38,0.62,4,1.62,2.63,1.61,4
FC Augsburg,8,2,4,2,9,12,-3,10,Germany - Bundesliga,0.25,0.75,-3,1.12,4.0,1.33,4
Werder Bremen,8,3,1,4,12,16,-4,10,Germany - Bundesliga,0.38,0.62,-4,1.5,2.63,1.61,4
Sankt Pauli,8,3,0,5,7,9,-2,9,Germany - Bundesliga,0.38,0.62,-2,0.88,2.63,1.61,5
Monchengladbach,8,2,2,4,9,16,-7,8,Germany - Bundesliga,0.25,0.75,-7,1.12,4.0,1.33,6
Dortmund,8,2,1,5,11,16,-5,7,Germany - Bundesliga,0.25,0.75,-5,1.38,4.0,1.33,7
Hoffenheim,8,1,4,3,6,13,-7,7,Germany - Bundesliga,0.12,0.88,-7,0.75,8.33,1.14,7
RB Leipzig,8,1,3,4,11,16,-5,6,Germany - Bundesliga,0.12,0.88,-5,1.38,8.33,1.14,8
Union Berlin,8,2,0,6,9,16,-7,6,Germany - Bundesliga,0.25,0.75,-7,1.12,4.0,1.33,8
Freiburg,8,1,2,5,5,21,-16,5,Germany - Bundesliga,0.12,0.88,-16,0.62,8.33,1.14,9
Holstein Kiel,8,0,2,6,13,22,-9,2,Germany - Bundesliga,0.0,1.0,-9,1.62,0.0,1.0,10
Bochum,8,0,2,6,6,21,-15,2,Germany - Bundesliga,0.0,1.0,-15,0.75,0.0,1.0,10
Heidenheim,8,0,1,7,10,21,-11,1,Germany - Bundesliga,0.0,1.0,-11,1.25,0.0,1.0,11
Magdeburg,8,6,1,1,23,13,10,19,Germany - 2. Bundesliga,0.75,0.25,10,2.88,1.33,4.0,1
Dusseldorf,8,4,3,1,14,8,6,15,Germany - 2. Bundesliga,0.5,0.5,6,1.75,2.0,2.0,2
Paderborn,8,4,3,1,12,9,3,15,Germany - 2. Bundesliga,0.5,0.5,3,1.5,2.0,2.0,2
FC Koln,8,5,0,3,7,10,-3,15,Germany - 2. Bundesliga,0.62,0.38,-3,0.88,1.61,2.63,2
Elversberg,8,4,2,2,13,4,9,14,Germany - 2. Bundesliga,0.5,0.5,9,1.62,2.0,2.0,3
Hamburger SV,8,4,2,2,17,14,3,14,Germany - 2. Bundesliga,0.5,0.5,3,2.12,2.0,2.0,3
Kaiserslautern,8,4,2,2,13,11,2,14,Germany - 2. Bundesliga,0.5,0.5,2,1.62,2.0,2.0,3
Darmstadt,8,3,3,2,20,15,5,12,Germany - 2. Bundesliga,0.38,0.62,5,2.5,2.63,1.61,4
Schalke 04,8,3,3,2,12,8,4,12,Germany - 2. Bundesliga,0.38,0.62,4,1.5,2.63,1.61,4
Hertha Berlin,8,3,2,3,12,12,0,11,Germany - 2. Bundesliga,0.38,0.62,0,1.5,2.63,1.61,5
Karlsruher SC,8,3,2,3,15,16,-1,11,Germany - 2. Bundesliga,0.38,0.62,-1,1.88,2.63,1.61,5
Hannover 96,8,2,2,4,10,12,-2,8,Germany - 2. Bundesliga,0.25,0.75,-2,1.25,4.0,1.33,6
Greuther Furth,8,2,2,4,10,17,-7,8,Germany - 2. Bundesliga,0.25,0.75,-7,1.25,4.0,1.33,6
FC Nurnberg,8,2,1,5,14,17,-3,7,Germany - 2. Bundesliga,0.25,0.75,-3,1.75,4.0,1.33,7
Preuss. Munster,8,1,4,3,9,12,-3,7,Germany - 2. Bundesliga,0.12,0.88,-3,1.12,8.33,1.14,7
Braunschweig,8,1,2,5,7,16,-9,5,Germany - 2. Bundesliga,0.12,0.88,-9,0.88,8.33,1.14,8
Ulm,8,0,4,4,8,13,-5,4,Germany - 2. Bundesliga,0.0,1.0,-5,1.0,0.0,1.0,9
Regensburg,8,0,1,7,7,29,-22,1,Germany - 2. Bundesliga,0.0,1.0,-22,0.88,0.0,1.0,10
Energie Cottbus,8,4,3,1,8,6,2,15,Germany - 3. Liga,0.5,0.5,2,1.0,2.0,2.0,1
Verl,8,4,2,2,18,11,7,14,Germany - 3. Liga,0.5,0.5,7,2.25,2.0,2.0,2
Hansa Rostock,8,4,0,4,11,10,1,12,Germany - 3. Liga,0.5,0.5,1,1.38,2.0,2.0,3
Dynamo Dresden,8,3,2,3,14,9,5,11,Germany - 3. Liga,0.38,0.62,5,1.75,2.63,1.61,4
Saarbrucken,8,2,5,1,11,10,1,11,Germany - 3. Liga,0.25,0.75,1,1.38,4.0,1.33,4
1860 Munchen,8,3,2,3,13,16,-3,11,Germany - 3. Liga,0.38,0.62,-3,1.62,2.63,1.61,4
FC Ingolstadt,8,2,4,2,18,13,5,10,Germany - 3. Liga,0.25,0.75,5,2.25,4.0,1.33,5
Wehen Wiesbaden,8,2,4,2,14,13,1,10,Germany - 3. Liga,0.25,0.75,1,1.75,4.0,1.33,5
Dortmund B,8,3,1,4,17,18,-1,10,Germany - 3. Liga,0.38,0.62,-1,2.12,2.63,1.61,5
Bielefeld,8,2,3,3,10,8,2,9,Germany - 3. Liga,0.25,0.75,2,1.25,4.0,1.33,6
Viktoria Koln,8,2,2,4,9,13,-4,8,Germany - 3. Liga,0.25,0.75,-4,1.12,4.0,1.33,7
Hannover 96 B,8,2,1,5,10,13,-3,7,Germany - 3. Liga,0.25,0.75,-3,1.25,4.0,1.33,8
Alemannia A.,8,1,4,3,8,14,-6,7,Germany - 3. Liga,0.12,0.88,-6,1.0,8.33,1.14,8
Erzgebirge Aue,8,2,0,6,10,17,-7,6,Germany - 3. Liga,0.25,0.75,-7,1.25,4.0,1.33,9
Osnabruck,8,1,3,4,9,16,-7,6,Germany - 3. Liga,0.12,0.88,-7,1.12,8.33,1.14,9
Sandhausen,8,0,5,3,7,11,-4,5,Germany - 3. Liga,0.0,1.0,-4,0.88,0.0,1.0,10
VfB Stuttgart B,8,0,4,4,7,13,-6,4,Germany - 3. Liga,0.0,1.0,-6,0.88,0.0,1.0,11
Mannheim,8,1,1,6,5,13,-8,4,Germany - 3. Liga,0.12,0.88,-8,0.62,8.33,1.14,11
RW Essen,8,1,1,6,6,16,-10,4,Germany - 3. Liga,0.12,0.88,-10,0.75,8.33,1.14,11
Unterhaching,8,0,2,6,9,21,-12,2,Germany - 3. Liga,0.0,1.0,-12,1.12,0.0,1.0,12
Hearts of Oak,8,4,3,1,8,4,4,15,Ghana - Premier League,0.5,0.5,4,1.0,2.0,2.0,1
Nations,8,4,1,3,6,5,1,13,Ghana - Premier League,0.5,0.5,1,0.75,2.0,2.0,2
Asante Kotoko,8,2,3,3,8,8,0,9,Ghana - Premier League,0.25,0.75,0,1.0,4.0,1.33,3
Bibiani GS,8,2,3,3,6,7,-1,9,Ghana - Premier League,0.25,0.75,-1,0.75,4.0,1.33,3
Bechem Utd,8,2,3,3,7,9,-2,9,Ghana - Premier League,0.25,0.75,-2,0.88,4.0,1.33,3
Heart of Lions,8,2,3,3,4,7,-3,9,Ghana - Premier League,0.25,0.75,-3,0.5,4.0,1.33,3
Aduana Stars,8,1,5,2,4,6,-2,8,Ghana - Premier League,0.12,0.88,-2,0.5,8.33,1.14,4
Young Apostles,8,2,2,4,4,9,-5,8,Ghana - Premier League,0.25,0.75,-5,0.5,4.0,1.33,4
Samartex,8,1,4,3,3,5,-2,7,Ghana - Premier League,0.12,0.88,-2,0.38,8.33,1.14,5
Dreams,8,1,4,3,3,8,-5,7,Ghana - Premier League,0.12,0.88,-5,0.38,8.33,1.14,5
Medeama,8,1,2,5,8,12,-4,5,Ghana - Premier League,0.12,0.88,-4,1.0,8.33,1.14,6
Berekum Chelsea,8,1,2,5,4,10,-6,5,Ghana - Premier League,0.12,0.88,-6,0.5,8.33,1.14,6
Karela,8,1,1,6,1,7,-6,4,Ghana - Premier League,0.12,0.88,-6,0.12,8.33,1.14,7
Accra Lions,8,0,3,5,3,8,-5,3,Ghana - Premier League,0.0,1.0,-5,0.38,0.0,1.0,8
Vision,8,0,3,5,3,13,-10,3,Ghana - Premier League,0.0,1.0,-10,0.38,0.0,1.0,8
Holy Stars,8,0,1,7,6,16,-10,1,Ghana - Premier League,0.0,1.0,-10,0.75,0.0,1.0,9
Nsoatreman,8,0,1,7,2,12,-10,1,Ghana - Premier League,0.0,1.0,-10,0.25,0.0,1.0,9
Legon Cities,8,0,1,7,3,16,-13,1,Ghana - Premier League,0.0,1.0,-13,0.38,0.0,1.0,9
Lincoln RI,8,6,2,0,25,1,24,20,Gibraltar - Premier Division,0.75,0.25,24,3.12,1.33,4.0,1
St Josephs,8,6,2,0,24,6,18,20,Gibraltar - Premier Division,0.75,0.25,18,3.0,1.33,4.0,1
Europa FC,8,5,2,1,20,10,10,17,Gibraltar - Premier Division,0.62,0.38,10,2.5,1.61,2.63,2
Manchester 62,8,4,1,3,15,10,5,13,Gibraltar - Premier Division,0.5,0.5,5,1.88,2.0,2.0,3
Magpies,8,4,0,4,22,10,12,12,Gibraltar - Premier Division,0.5,0.5,12,2.75,2.0,2.0,4
College 1975,8,3,1,4,8,13,-5,10,Gibraltar - Premier Division,0.38,0.62,-5,1.0,2.63,1.61,5
Glacis Utd,8,3,0,5,12,20,-8,9,Gibraltar - Premier Division,0.38,0.62,-8,1.5,2.63,1.61,6
Lions FC,7,2,2,3,11,9,2,8,Gibraltar - Premier Division,0.29,0.71,2,1.57,3.45,1.41,7
Mons Calpe,8,1,0,7,8,23,-15,3,Gibraltar - Premier Division,0.12,0.88,-15,1.0,8.33,1.14,8
Europa Point,8,0,1,7,5,20,-15,1,Gibraltar - Premier Division,0.0,1.0,-15,0.62,0.0,1.0,9
Lynx,8,0,1,7,7,23,-16,1,Gibraltar - Premier Division,0.0,1.0,-16,0.88,0.0,1.0,9
PAOK,8,5,2,1,16,6,10,17,Greece - Super League,0.62,0.38,10,2.0,1.61,2.63,1
Olympiakos,8,5,2,1,11,5,6,17,Greece - Super League,0.62,0.38,6,1.38,1.61,2.63,1
Panathinaikos,8,5,2,1,9,6,3,17,Greece - Super League,0.62,0.38,3,1.12,1.61,2.63,1
Atromitos,8,5,1,2,13,8,5,16,Greece - Super League,0.62,0.38,5,1.62,1.61,2.63,2
AEK Athens,8,5,0,3,11,10,1,15,Greece - Super League,0.62,0.38,1,1.38,1.61,2.63,3
Panaitolikos,8,3,3,2,6,5,1,12,Greece - Super League,0.38,0.62,1,0.75,2.63,1.61,4
OFI Crete,8,3,2,3,10,11,-1,11,Greece - Super League,0.38,0.62,-1,1.25,2.63,1.61,5
Asteras T.,8,3,2,3,9,10,-1,11,Greece - Super League,0.38,0.62,-1,1.12,2.63,1.61,5
Aris,8,3,1,4,8,11,-3,10,Greece - Super League,0.38,0.62,-3,1.0,2.63,1.61,6
Volos,8,3,1,4,7,14,-7,10,Greece - Super League,0.38,0.62,-7,0.88,2.63,1.61,6
Levadiakos,8,2,3,3,11,11,0,9,Greece - Super League,0.25,0.75,0,1.38,4.0,1.33,7
Panserraikos,8,3,0,5,8,14,-6,9,Greece - Super League,0.38,0.62,-6,1.0,2.63,1.61,7
A. Kallithea,8,1,3,4,7,12,-5,6,Greece - Super League,0.12,0.88,-5,0.88,8.33,1.14,8
Lamia,8,0,2,6,3,11,-8,2,Greece - Super League,0.0,1.0,-8,0.38,0.0,1.0,9
Comunicaciones,8,3,2,3,11,12,-1,11,Guatemala - Liga Nacional - Apertura,0.38,0.62,-1,1.38,2.63,1.61,1
Xelaju,8,2,4,2,8,5,3,10,Guatemala - Liga Nacional - Apertura,0.25,0.75,3,1.0,4.0,1.33,2
Coban Imperial,8,3,1,4,8,8,0,10,Guatemala - Liga Nacional - Apertura,0.38,0.62,0,1.0,2.63,1.61,2
Municipal,8,2,4,2,5,10,-5,10,Guatemala - Liga Nacional - Apertura,0.25,0.75,-5,0.62,4.0,1.33,2
Malacateco,8,2,3,3,7,10,-3,9,Guatemala - Liga Nacional - Apertura,0.25,0.75,-3,0.88,4.0,1.33,3
Xinabajul,8,2,3,3,11,15,-4,9,Guatemala - Liga Nacional - Apertura,0.25,0.75,-4,1.38,4.0,1.33,3
Achuapa,8,2,2,4,5,10,-5,8,Guatemala - Liga Nacional - Apertura,0.25,0.75,-5,0.62,4.0,1.33,4
Mixco,8,2,1,5,8,16,-8,7,Guatemala - Liga Nacional - Apertura,0.25,0.75,-8,1.0,4.0,1.33,5
Antigua GFC,8,1,3,4,9,15,-6,6,Guatemala - Liga Nacional - Apertura,0.12,0.88,-6,1.12,8.33,1.14,6
Guastatoya,8,0,4,4,3,11,-8,4,Guatemala - Liga Nacional - Apertura,0.0,1.0,-8,0.38,0.0,1.0,7
Marquense,8,0,2,6,3,19,-16,2,Guatemala - Liga Nacional - Apertura,0.0,1.0,-16,0.38,0.0,1.0,8
Zacapa Tellioz,8,0,2,6,3,21,-18,2,Guatemala - Liga Nacional - Apertura,0.0,1.0,-18,0.38,0.0,1.0,8
Municipal,4,2,1,1,6,3,3,7,guatemala2,0.5,0.5,3,1.5,2.0,2.0,1
Antigua GFC,4,2,1,1,5,7,-2,7,guatemala2,0.5,0.5,-2,1.25,2.0,2.0,1
Marquense,2,1,1,0,4,3,1,4,guatemala2,0.5,0.5,1,2.0,2.0,2.0,2
Malacateco,5,1,1,3,6,9,-3,4,guatemala2,0.2,0.8,-3,1.2,5.0,1.25,2
Comunicaciones,3,0,3,0,1,1,0,3,guatemala2,0.0,1.0,0,0.33,0.0,1.0,3
Coban Imperial,3,1,0,2,2,7,-5,3,guatemala2,0.33,0.67,-5,0.67,3.03,1.49,3
Mixco,4,0,2,2,2,5,-3,2,guatemala2,0.0,1.0,-3,0.5,0.0,1.0,4
Xelaju,3,0,1,2,1,4,-3,1,guatemala2,0.0,1.0,-3,0.33,0.0,1.0,5
Achuapa,4,0,0,4,3,7,-4,0,guatemala2,0.0,1.0,-4,0.75,0.0,1.0,6
Guastatoya,3,0,0,3,0,6,-6,0,guatemala2,0.0,1.0,-6,0.0,0.0,1.0,6
Xinabajul,4,0,0,4,2,16,-14,0,guatemala2,0.0,1.0,-14,0.5,0.0,1.0,6
Motagua,8,5,2,1,17,6,11,17,Honduras - Liga Nacional - Apertura,0.62,0.38,11,2.12,1.61,2.63,1
Olimpia,8,4,2,2,10,7,3,14,Honduras - Liga Nacional - Apertura,0.5,0.5,3,1.25,2.0,2.0,2
Real Espana,8,3,2,3,8,6,2,11,Honduras - Liga Nacional - Apertura,0.38,0.62,2,1.0,2.63,1.61,3
Marathon,8,3,2,3,8,10,-2,11,Honduras - Liga Nacional - Apertura,0.38,0.62,-2,1.0,2.63,1.61,3
Genesis,8,2,2,4,10,15,-5,8,Honduras - Liga Nacional - Apertura,0.25,0.75,-5,1.25,4.0,1.33,4
Olancho,8,1,4,3,6,12,-6,7,Honduras - Liga Nacional - Apertura,0.12,0.88,-6,0.75,8.33,1.14,5
Real Sociedad,8,1,3,4,11,19,-8,6,Honduras - Liga Nacional - Apertura,0.12,0.88,-8,1.38,8.33,1.14,6
UPNFM,8,1,2,5,4,16,-12,5,Honduras - Liga Nacional - Apertura,0.12,0.88,-12,0.5,8.33,1.14,7
Juticalpa,8,1,2,5,5,20,-15,5,Honduras - Liga Nacional - Apertura,0.12,0.88,-15,0.62,8.33,1.14,7
Victoria,8,0,2,6,8,18,-10,2,Honduras - Liga Nacional - Apertura,0.0,1.0,-10,1.0,0.0,1.0,8
Real Espana,2,2,0,0,6,3,3,6,honduras2,1.0,0.0,3,3.0,1.0,0.0,1
Olimpia,3,2,0,1,5,2,3,6,honduras2,0.67,0.33,3,1.67,1.49,3.03,1
Marathon,3,1,2,0,4,3,1,5,honduras2,0.33,0.67,1,1.33,3.03,1.49,2
Victoria,3,1,2,0,3,2,1,5,honduras2,0.33,0.67,1,1.0,3.03,1.49,2
Motagua,3,1,1,1,5,3,2,4,honduras2,0.33,0.67,2,1.67,3.03,1.49,3
Juticalpa,2,1,0,1,1,3,-2,3,honduras2,0.5,0.5,-2,0.5,2.0,2.0,4
Genesis,3,0,2,1,2,3,-1,2,honduras2,0.0,1.0,-1,0.67,0.0,1.0,5
Olancho,4,0,2,2,4,7,-3,2,honduras2,0.0,1.0,-3,1.0,0.0,1.0,5
Real Sociedad,3,0,2,1,2,5,-3,2,honduras2,0.0,1.0,-3,0.67,0.0,1.0,5
UPNFM,3,0,0,3,0,10,-10,0,honduras2,0.0,1.0,-10,0.0,0.0,1.0,6
Tai Po,6,4,1,1,15,6,9,13,Hong Kong - Premier League,0.67,0.33,9,2.5,1.49,3.03,1
Kitchee,7,3,3,1,13,7,6,12,Hong Kong - Premier League,0.43,0.57,6,1.86,2.33,1.75,2
Eastern,6,3,2,1,8,6,2,11,Hong Kong - Premier League,0.5,0.5,2,1.33,2.0,2.0,3
Kowloon City,8,3,1,4,11,17,-6,10,Hong Kong - Premier League,0.38,0.62,-6,1.38,2.63,1.61,4
LM Warriors,5,2,1,2,6,6,0,7,Hong Kong - Premier League,0.4,0.6,0,1.2,2.5,1.67,5
Southern D.,6,1,2,3,7,10,-3,5,Hong Kong - Premier League,0.17,0.83,-3,1.17,5.88,1.2,6
HK Rangers,8,1,2,5,11,25,-14,5,Hong Kong - Premier League,0.12,0.88,-14,1.38,8.33,1.14,6
Hong Kong FC,5,0,0,5,2,14,-12,0,Hong Kong - Premier League,0.0,1.0,-12,0.4,0.0,1.0,7
North District,7,0,0,7,7,23,-16,0,Hong Kong - Premier League,0.0,1.0,-16,1.0,0.0,1.0,7
Gyor,8,3,5,0,11,6,5,14,Hungary - NB I,0.38,0.62,5,1.38,2.63,1.61,1
Ujpest,8,4,2,2,11,11,0,14,Hungary - NB I,0.5,0.5,0,1.38,2.0,2.0,1
DVTK,8,3,4,1,15,12,3,13,Hungary - NB I,0.38,0.62,3,1.88,2.63,1.61,2
Puskas A.,8,4,0,4,12,10,2,12,Hungary - NB I,0.5,0.5,2,1.5,2.0,2.0,3
MTK Budapest,8,3,1,4,9,11,-2,10,Hungary - NB I,0.38,0.62,-2,1.12,2.63,1.61,4
Ferencvaros,8,2,3,3,10,12,-2,9,Hungary - NB I,0.25,0.75,-2,1.25,4.0,1.33,5
Paks,8,2,1,5,13,16,-3,7,Hungary - NB I,0.25,0.75,-3,1.62,4.0,1.33,6
Kecskemeti TE,8,1,3,4,8,16,-8,6,Hungary - NB I,0.12,0.88,-8,1.0,8.33,1.14,7
Zalaegerszegi,8,0,4,4,7,12,-5,4,Hungary - NB I,0.0,1.0,-5,0.88,0.0,1.0,8
Nyiregyhaza,8,1,1,6,7,14,-7,4,Hungary - NB I,0.12,0.88,-7,0.88,8.33,1.14,8
Debrecen,8,1,1,6,8,16,-8,4,Hungary - NB I,0.12,0.88,-8,1.0,8.33,1.14,8
Fehervar,8,1,1,6,7,17,-10,4,Hungary - NB I,0.12,0.88,-10,0.88,8.33,1.14,8
Budafoki,8,4,3,1,15,12,3,15,Hungary - NB II,0.5,0.5,3,1.88,2.0,2.0,1
BVSC,8,4,2,2,10,8,2,14,Hungary - NB II,0.5,0.5,2,1.25,2.0,2.0,2
Mezokovesd,8,4,1,3,12,10,2,13,Hungary - NB II,0.5,0.5,2,1.5,2.0,2.0,3
Kazincbarcika,7,3,3,1,20,8,12,12,Hungary - NB II,0.43,0.57,12,2.86,2.33,1.75,4
Kozarmisleny,7,3,3,1,11,8,3,12,Hungary - NB II,0.43,0.57,3,1.57,2.33,1.75,4
Szentlorinc,8,3,2,3,8,9,-1,11,Hungary - NB II,0.38,0.62,-1,1.0,2.63,1.61,5
Vasas,8,3,1,4,10,11,-1,10,Hungary - NB II,0.38,0.62,-1,1.25,2.63,1.61,6
Kisvarda,8,3,1,4,11,14,-3,10,Hungary - NB II,0.38,0.62,-3,1.38,2.63,1.61,6
Szeged,8,1,5,2,4,5,-1,8,Hungary - NB II,0.12,0.88,-1,0.5,8.33,1.14,7
Ajka,7,2,1,4,9,15,-6,7,Hungary - NB II,0.29,0.71,-6,1.29,3.45,1.41,8
Bekescsaba,8,1,2,5,3,8,-5,5,Hungary - NB II,0.12,0.88,-5,0.38,8.33,1.14,9
Soroksar,8,1,2,5,6,14,-8,5,Hungary - NB II,0.12,0.88,-8,0.75,8.33,1.14,9
Tatabanya,7,1,1,5,5,11,-6,4,Hungary - NB II,0.14,0.86,-6,0.71,7.14,1.16,10
Honved,8,0,3,5,8,18,-10,3,Hungary - NB II,0.0,1.0,-10,1.0,0.0,1.0,11
Gyirmot,8,0,2,6,11,20,-9,2,Hungary - NB II,0.0,1.0,-9,1.38,0.0,1.0,12
Csakvari,7,0,2,5,5,14,-9,2,Hungary - NB II,0.0,1.0,-9,0.71,0.0,1.0,12
Vikingur R.,8,6,1,1,25,10,15,19,Iceland - Besta deild,0.75,0.25,15,3.12,1.33,4.0,1
Breidablik,8,5,2,1,15,8,7,17,Iceland - Besta deild,0.62,0.38,7,1.88,1.61,2.63,2
KA Akureyri,8,4,3,1,15,8,7,15,Iceland - Besta deild,0.5,0.5,7,1.88,2.0,2.0,3
Stjarnan,8,2,4,2,14,11,3,10,Iceland - Besta deild,0.25,0.75,3,1.75,4.0,1.33,4
Fylkir,8,2,2,4,7,14,-7,8,Iceland - Besta deild,0.25,0.75,-7,0.88,4.0,1.33,5
KR Reykjavik,8,2,1,5,11,15,-4,7,Iceland - Besta deild,0.25,0.75,-4,1.38,4.0,1.33,6
Hafnarfjordur,8,2,1,5,13,20,-7,7,Iceland - Besta deild,0.25,0.75,-7,1.62,4.0,1.33,6
Valur,8,1,3,4,15,17,-2,6,Iceland - Besta deild,0.12,0.88,-2,1.88,8.33,1.14,7
Vestri,8,1,3,4,12,15,-3,6,Iceland - Besta deild,0.12,0.88,-3,1.5,8.33,1.14,7
IA Akranes,8,1,2,5,6,20,-14,5,Iceland - Besta deild,0.12,0.88,-14,0.75,8.33,1.14,8
Fram,8,1,1,6,7,17,-10,4,Iceland - Besta deild,0.12,0.88,-10,0.88,8.33,1.14,9
HK Kopavogur,8,0,1,7,10,32,-22,1,Iceland - Besta deild,0.0,1.0,-22,1.25,0.0,1.0,10
Mohun Bagan,8,4,3,1,14,5,9,15,India - Super League,0.5,0.5,9,1.75,2.0,2.0,1
NorthEast Utd,8,4,3,1,16,8,8,15,India - Super League,0.5,0.5,8,2.0,2.0,2.0,1
Goa,8,4,3,1,16,11,5,15,India - Super League,0.5,0.5,5,2.0,2.0,2.0,1
Mumbai City,8,4,3,1,12,8,4,15,India - Super League,0.5,0.5,4,1.5,2.0,2.0,1
Odisha FC,8,3,2,3,18,13,5,11,India - Super League,0.38,0.62,5,2.25,2.63,1.61,2
Kerala Blasters,8,3,0,5,13,16,-3,9,India - Super League,0.38,0.62,-3,1.62,2.63,1.61,3
Chennaiyin,8,2,1,5,12,13,-1,7,India - Super League,0.25,0.75,-1,1.5,4.0,1.33,4
Bengaluru,8,2,1,5,12,17,-5,7,India - Super League,0.25,0.75,-5,1.5,4.0,1.33,4
Hyderabad,8,2,1,5,9,14,-5,7,India - Super League,0.25,0.75,-5,1.12,4.0,1.33,4
Jamshedpur,8,2,0,6,8,18,-10,6,India - Super League,0.25,0.75,-10,1.0,4.0,1.33,5
East Bengal,8,1,2,5,5,9,-4,5,India - Super League,0.12,0.88,-4,0.62,8.33,1.14,6
Punjab,8,1,2,5,9,14,-5,5,India - Super League,0.12,0.88,-5,1.12,8.33,1.14,6
Mohammedan,8,1,2,5,3,14,-11,5,India - Super League,0.12,0.88,-11,0.38,8.33,1.14,6
Churchill B.,7,4,1,2,12,8,4,13,India - I-League,0.57,0.43,4,1.71,1.75,2.33,1
Dempo,8,4,1,3,8,8,0,13,India - I-League,0.5,0.5,0,1.0,2.0,2.0,1
Rajasthan,8,3,3,2,13,15,-2,12,India - I-League,0.38,0.62,-2,1.62,2.63,1.61,2
Gokulam,7,3,2,2,13,8,5,11,India - I-League,0.43,0.57,5,1.86,2.33,1.75,3
Namdhari,6,3,2,1,9,5,4,11,India - I-League,0.5,0.5,4,1.5,2.0,2.0,3
Inter Kashi,7,2,3,2,8,10,-2,9,India - I-League,0.29,0.71,-2,1.14,3.45,1.41,4
Delhi FC,8,1,3,4,9,16,-7,6,India - I-League,0.12,0.88,-7,1.12,8.33,1.14,5
Real Kashmir,6,1,2,3,4,7,-3,5,India - I-League,0.17,0.83,-3,0.67,5.88,1.2,6
Sreenidi Deccan,6,1,2,3,8,14,-6,5,India - I-League,0.17,0.83,-6,1.33,5.88,1.2,6
Shillong Lajong,5,1,1,3,11,16,-5,4,India - I-League,0.2,0.8,-5,2.2,5.0,1.25,7
SC Bengaluru,8,1,1,6,4,16,-12,4,India - I-League,0.12,0.88,-12,0.5,8.33,1.14,7
Aizawl,6,0,2,4,5,17,-12,2,India - I-League,0.0,1.0,-12,0.83,0.0,1.0,8
Persib,8,6,2,0,13,5,8,20,Indonesia - Liga 1,0.75,0.25,8,1.62,1.33,4.0,1
Malut United,8,4,2,2,12,9,3,14,Indonesia - Liga 1,0.5,0.5,3,1.5,2.0,2.0,2
Dewa Utd,8,4,1,3,21,10,11,13,Indonesia - Liga 1,0.5,0.5,11,2.62,2.0,2.0,3
Persija,8,4,1,3,13,13,0,13,Indonesia - Liga 1,0.5,0.5,0,1.62,2.0,2.0,3
Arema,8,4,0,4,14,14,0,12,Indonesia - Liga 1,0.5,0.5,0,1.75,2.0,2.0,4
Barito Putera,8,2,4,2,12,11,1,10,Indonesia - Liga 1,0.25,0.75,1,1.5,4.0,1.33,5
Persik Kediri,8,3,1,4,13,13,0,10,Indonesia - Liga 1,0.38,0.62,0,1.62,2.63,1.61,5
Semen Padang,8,3,1,4,13,13,0,10,Indonesia - Liga 1,0.38,0.62,0,1.62,2.63,1.61,5
PSBS Biak N.,8,2,4,2,10,10,0,10,Indonesia - Liga 1,0.25,0.75,0,1.25,4.0,1.33,5
Persita,8,3,1,4,9,13,-4,10,Indonesia - Liga 1,0.38,0.62,-4,1.12,2.63,1.61,5
PSS Sleman,8,2,3,3,8,7,1,9,Indonesia - Liga 1,0.25,0.75,1,1.0,4.0,1.33,6
Bali Utd,8,3,0,5,10,10,0,9,Indonesia - Liga 1,0.38,0.62,0,1.25,2.63,1.61,6
PSIS Semarang,8,2,3,3,6,7,-1,9,Indonesia - Liga 1,0.25,0.75,-1,0.75,4.0,1.33,6
PSM,8,1,4,3,9,11,-2,7,Indonesia - Liga 1,0.12,0.88,-2,1.12,8.33,1.14,7
Persebaya S.,8,2,1,5,5,13,-8,7,Indonesia - Liga 1,0.25,0.75,-8,0.62,4.0,1.33,7
Persis Solo,8,1,2,5,3,14,-11,5,Indonesia - Liga 1,0.12,0.88,-11,0.38,8.33,1.14,8
Madura Utd,8,1,2,5,6,20,-14,5,Indonesia - Liga 1,0.12,0.88,-14,0.75,8.33,1.14,8
Borneo,8,0,2,6,7,15,-8,2,Indonesia - Liga 1,0.0,1.0,-8,0.88,0.0,1.0,9
Tractor Sazi,8,6,1,1,11,4,7,19,Iran - Pro League,0.75,0.25,7,1.38,1.33,4.0,1
Foolad,8,5,1,2,12,9,3,16,Iran - Pro League,0.62,0.38,3,1.5,1.61,2.63,2
Persepolis,8,4,2,2,11,5,6,14,Iran - Pro League,0.5,0.5,6,1.38,2.0,2.0,3
Sepahan,8,3,5,0,12,7,5,14,Iran - Pro League,0.38,0.62,5,1.5,2.63,1.61,3
Zob Ahan,8,3,3,2,7,4,3,12,Iran - Pro League,0.38,0.62,3,0.88,2.63,1.61,4
Gol Gohar,8,2,5,1,4,2,2,11,Iran - Pro League,0.25,0.75,2,0.5,4.0,1.33,5
Esteghlal,8,2,5,1,8,7,1,11,Iran - Pro League,0.25,0.75,1,1.0,4.0,1.33,5
Mes Rafsanjan,8,3,1,4,9,12,-3,10,Iran - Pro League,0.38,0.62,-3,1.12,2.63,1.61,6
N. Mazandaran,8,2,3,3,4,5,-1,9,Iran - Pro League,0.25,0.75,-1,0.5,4.0,1.33,7
Shams A. Qazvin,8,3,0,5,3,11,-8,9,Iran - Pro League,0.38,0.62,-8,0.38,2.63,1.61,7
Aluminium Arak,8,2,2,4,9,10,-1,8,Iran - Pro League,0.25,0.75,-1,1.12,4.0,1.33,8
Havadar,8,1,4,3,4,13,-9,7,Iran - Pro League,0.12,0.88,-9,0.5,8.33,1.14,9
Chadormalu,8,1,3,4,4,8,-4,6,Iran - Pro League,0.12,0.88,-4,0.5,8.33,1.14,10
E. Khuzestan,8,1,3,4,4,10,-6,6,Iran - Pro League,0.12,0.88,-6,0.5,8.33,1.14,10
Malavan,8,1,2,5,6,9,-3,5,Iran - Pro League,0.12,0.88,-3,0.75,8.33,1.14,11
K. Khorramabad,8,0,3,5,4,11,-7,3,Iran - Pro League,0.0,1.0,-7,0.5,0.0,1.0,12
Galway Utd,1,0,1,0,2,2,0,1,Ireland - Premier Division,0.0,1.0,0,2.0,0.0,1.0,1
Drogheda Utd,1,0,1,0,0,0,0,1,Ireland - Premier Division,0.0,1.0,0,0.0,0.0,1.0,1
Bohemians,0,0,0,0,0,0,0,0,Ireland - Premier Division,0.0,0.0,0,0.0,0.0,0.0,2
Cork City,0,0,0,0,0,0,0,0,Ireland - Premier Division,0.0,0.0,0,0.0,0.0,0.0,2
Shamrock Rovers,0,0,0,0,0,0,0,0,Ireland - Premier Division,0.0,0.0,0,0.0,0.0,0.0,2
Shelbourne,0,0,0,0,0,0,0,0,Ireland - Premier Division,0.0,0.0,0,0.0,0.0,0.0,2
Sligo Rovers,0,0,0,0,0,0,0,0,Ireland - Premier Division,0.0,0.0,0,0.0,0.0,0.0,2
St. Patricks,0,0,0,0,0,0,0,0,Ireland - Premier Division,0.0,0.0,0,0.0,0.0,0.0,2
Waterford,0,0,0,0,0,0,0,0,Ireland - Premier Division,0.0,0.0,0,0.0,0.0,0.0,2
Derry City,1,0,0,1,1,3,-2,0,Ireland - Premier Division,0.0,1.0,-2,1.0,0.0,1.0,2
Wexford,1,1,0,0,3,0,3,3,Ireland - First Division,1.0,0.0,3,3.0,1.0,0.0,1
Cobh Ramblers,1,1,0,0,3,2,1,3,Ireland - First Division,1.0,0.0,1,3.0,1.0,0.0,1
Bray Wanderers,0,0,0,0,0,0,0,0,Ireland - First Division,0.0,0.0,0,0.0,0.0,0.0,2
Dundalk,0,0,0,0,0,0,0,0,Ireland - First Division,0.0,0.0,0,0.0,0.0,0.0,2
Kerry,0,0,0,0,0,0,0,0,Ireland - First Division,0.0,0.0,0,0.0,0.0,0.0,2
Longford Town,0,0,0,0,0,0,0,0,Ireland - First Division,0.0,0.0,0,0.0,0.0,0.0,2
Treaty Utd,0,0,0,0,0,0,0,0,Ireland - First Division,0.0,0.0,0,0.0,0.0,0.0,2
UC Dublin,0,0,0,0,0,0,0,0,Ireland - First Division,0.0,0.0,0,0.0,0.0,0.0,2
Athlone Town,1,0,0,1,0,1,-1,0,Ireland - First Division,0.0,1.0,-1,0.0,0.0,1.0,2
Finn Harps,1,0,0,1,0,2,-2,0,Ireland - First Division,0.0,1.0,-2,0.0,0.0,1.0,2
H. Beer Sheva,8,6,1,1,11,2,9,19,Israel - Ligat HaAl,0.75,0.25,9,1.38,1.33,4.0,1
M. Tel Aviv,8,4,4,0,17,10,7,16,Israel - Ligat HaAl,0.5,0.5,7,2.12,2.0,2.0,2
Maccabi Haifa,8,4,3,1,15,8,7,15,Israel - Ligat HaAl,0.5,0.5,7,1.88,2.0,2.0,3
Maccabi Netanya,8,4,1,3,14,14,0,13,Israel - Ligat HaAl,0.5,0.5,0,1.75,2.0,2.0,4
Hapoel Haifa,8,3,2,3,10,6,4,11,Israel - Ligat HaAl,0.38,0.62,4,1.25,2.63,1.61,5
B. Jerusalem,8,3,2,3,15,16,-1,11,Israel - Ligat HaAl,0.38,0.62,-1,1.88,2.63,1.61,5
Kiryat Shmona,8,3,1,4,7,14,-7,10,Israel - Ligat HaAl,0.38,0.62,-7,0.88,2.63,1.61,6
M. Petah Tikva,8,3,1,4,9,17,-8,10,Israel - Ligat HaAl,0.38,0.62,-8,1.12,2.63,1.61,6
M. Bnei Raina,8,2,2,4,8,11,-3,8,Israel - Ligat HaAl,0.25,0.75,-3,1.0,4.0,1.33,7
Sakhnin,8,2,2,4,8,12,-4,8,Israel - Ligat HaAl,0.25,0.75,-4,1.0,4.0,1.33,7
H. Jerusalem,8,1,3,4,6,11,-5,6,Israel - Ligat HaAl,0.12,0.88,-5,0.75,8.33,1.14,8
Ironi Tiberias,8,1,3,4,3,9,-6,6,Israel - Ligat HaAl,0.12,0.88,-6,0.38,8.33,1.14,8
Ashdod,8,1,2,5,12,18,-6,5,Israel - Ligat HaAl,0.12,0.88,-6,1.5,8.33,1.14,9
Hapoel Hadera,8,0,5,3,7,13,-6,5,Israel - Ligat HaAl,0.0,1.0,-6,0.88,0.0,1.0,9
H. Petah Tikva,8,6,1,1,13,4,9,19,Israel - Leumit League,0.75,0.25,9,1.62,1.33,4.0,1
Hapoel Tel Aviv,8,5,3,0,12,6,6,18,Israel - Leumit League,0.62,0.38,6,1.5,1.61,2.63,2
H. Kfar Shalem,8,4,3,1,16,9,7,15,Israel - Leumit League,0.5,0.5,7,2.0,2.0,2.0,3
H. Ramat Gan,8,4,2,2,11,5,6,14,Israel - Leumit League,0.5,0.5,6,1.38,2.0,2.0,4
Kafr Qasim,8,4,1,3,6,6,0,13,Israel - Leumit League,0.5,0.5,0,0.75,2.0,2.0,5
Bnei Yehuda,8,4,0,4,10,11,-1,12,Israel - Leumit League,0.5,0.5,-1,1.25,2.0,2.0,6
H. Ironi Rishon,8,3,2,3,9,13,-4,11,Israel - Leumit League,0.38,0.62,-4,1.12,2.63,1.61,7
H. Kfar Saba,8,3,1,4,6,7,-1,10,Israel - Leumit League,0.38,0.62,-1,0.75,2.63,1.61,8
M. Herziliya,8,3,1,4,9,17,-8,10,Israel - Leumit League,0.38,0.62,-8,1.12,2.63,1.61,8
Hapoel Akko,8,3,1,4,7,15,-8,10,Israel - Leumit League,0.38,0.62,-8,0.88,2.63,1.61,8
Ramat Hasharon,8,3,0,5,15,18,-3,9,Israel - Leumit League,0.38,0.62,-3,1.88,2.63,1.61,9
Hapoel Raanana,8,2,3,3,6,10,-4,9,Israel - Leumit League,0.25,0.75,-4,0.75,4.0,1.33,9
H. Nof Hagalil,8,2,0,6,9,17,-8,6,Israel - Leumit League,0.25,0.75,-8,1.12,4.0,1.33,10
Hapoel Afula,8,1,3,4,4,13,-9,6,Israel - Leumit League,0.12,0.88,-9,0.5,8.33,1.14,10
Maccabi Jaffa,8,0,3,5,8,16,-8,3,Israel - Leumit League,0.0,1.0,-8,1.0,0.0,1.0,11
H. Umm al-Fahm,8,0,2,6,6,19,-13,2,Israel - Leumit League,0.0,1.0,-13,0.75,0.0,1.0,12
Atalanta,8,6,2,0,17,3,14,20,Italy - Serie A,0.75,0.25,14,2.12,1.33,4.0,1
Napoli,8,6,2,0,16,6,10,20,Italy - Serie A,0.75,0.25,10,2.0,1.33,4.0,1
Inter Milan,8,6,1,1,23,4,19,19,Italy - Serie A,0.75,0.25,19,2.88,1.33,4.0,2
Lazio,8,6,0,2,15,8,7,18,Italy - Serie A,0.75,0.25,7,1.88,1.33,4.0,3
Juventus,8,3,4,1,10,7,3,13,Italy - Serie A,0.38,0.62,3,1.25,2.63,1.61,4
Bologna,8,3,4,1,12,10,2,13,Italy - Serie A,0.38,0.62,2,1.5,2.63,1.61,4
Fiorentina,8,4,1,3,10,8,2,13,Italy - Serie A,0.5,0.5,2,1.25,2.0,2.0,4
AC Milan,8,4,1,3,11,10,1,13,Italy - Serie A,0.5,0.5,1,1.38,2.0,2.0,4
Genoa,8,3,3,2,8,7,1,12,Italy - Serie A,0.38,0.62,1,1.0,2.63,1.61,5
Hellas Verona,8,3,1,4,9,12,-3,10,Italy - Serie A,0.38,0.62,-3,1.12,2.63,1.61,6
Udinese,8,2,3,3,10,13,-3,9,Italy - Serie A,0.25,0.75,-3,1.25,4.0,1.33,7
Lecce,8,3,0,5,9,14,-5,9,Italy - Serie A,0.38,0.62,-5,1.12,2.63,1.61,7
AS Roma,8,2,2,4,9,15,-6,8,Italy - Serie A,0.25,0.75,-6,1.12,4.0,1.33,8
Torino,8,1,4,3,7,10,-3,7,Italy - Serie A,0.12,0.88,-3,0.88,8.33,1.14,9
Empoli,8,1,3,4,11,17,-6,6,Italy - Serie A,0.12,0.88,-6,1.38,8.33,1.14,10
Cagliari,8,1,2,5,7,13,-6,5,Italy - Serie A,0.12,0.88,-6,0.88,8.33,1.14,11
Parma,8,1,2,5,8,17,-9,5,Italy - Serie A,0.12,0.88,-9,1.0,8.33,1.14,11
Venezia,8,0,3,5,8,15,-7,3,Italy - Serie A,0.0,1.0,-7,1.0,0.0,1.0,12
Como,8,0,3,5,5,13,-8,3,Italy - Serie A,0.0,1.0,-8,0.62,0.0,1.0,12
Monza,8,0,2,6,6,18,-12,2,Italy - Serie A,0.0,1.0,-12,0.75,0.0,1.0,13
Sassuolo,8,5,1,2,14,9,5,16,Italy - Serie B,0.62,0.38,5,1.75,1.61,2.63,1
Cremonese,8,4,2,2,12,5,7,14,Italy - Serie B,0.5,0.5,7,1.5,2.0,2.0,2
Spezia,8,4,2,2,11,5,6,14,Italy - Serie B,0.5,0.5,6,1.38,2.0,2.0,2
Pisa,8,4,2,2,9,6,3,14,Italy - Serie B,0.5,0.5,3,1.12,2.0,2.0,2
Cittadella,8,4,1,3,7,10,-3,13,Italy - Serie B,0.5,0.5,-3,0.88,2.0,2.0,3
Catanzaro,8,2,6,0,13,11,2,12,Italy - Serie B,0.25,0.75,2,1.62,4.0,1.33,4
Brescia,8,2,4,2,7,8,-1,10,Italy - Serie B,0.25,0.75,-1,0.88,4.0,1.33,5
Cesena,8,3,0,5,9,12,-3,9,Italy - Serie B,0.38,0.62,-3,1.12,2.63,1.61,6
Reggiana,8,2,2,4,9,12,-3,8,Italy - Serie B,0.25,0.75,-3,1.12,4.0,1.33,7
Sampdoria,8,1,5,2,11,16,-5,8,Italy - Serie B,0.12,0.88,-5,1.38,8.33,1.14,7
Mantova,8,1,4,3,10,13,-3,7,Italy - Serie B,0.12,0.88,-3,1.25,8.33,1.14,8
Juve Stabia,8,1,4,3,7,10,-3,7,Italy - Serie B,0.12,0.88,-3,0.88,8.33,1.14,8
Modena,8,1,4,3,7,10,-3,7,Italy - Serie B,0.12,0.88,-3,0.88,8.33,1.14,8
Frosinone,8,1,4,3,6,9,-3,7,Italy - Serie B,0.12,0.88,-3,0.75,8.33,1.14,8
Bari,8,1,4,3,5,8,-3,7,Italy - Serie B,0.12,0.88,-3,0.62,8.33,1.14,8
Cosenza,8,2,1,5,9,13,-4,7,Italy - Serie B,0.25,0.75,-4,1.12,4.0,1.33,8
Sudtirol,8,2,1,5,9,14,-5,7,Italy - Serie B,0.25,0.75,-5,1.12,4.0,1.33,8
Palermo,8,0,4,4,8,12,-4,4,Italy - Serie B,0.0,1.0,-4,1.0,0.0,1.0,9
Carrarese,8,0,3,5,4,12,-8,3,Italy - Serie B,0.0,1.0,-8,0.5,0.0,1.0,10
Salernitana,8,0,3,5,3,12,-9,3,Italy - Serie B,0.0,1.0,-9,0.38,0.0,1.0,10
Padova,8,7,0,1,13,3,10,21,Italy - Serie C - Group A,0.88,0.12,10,1.62,1.14,8.33,1
AlbinoLeffe,8,5,1,2,11,6,5,16,Italy - Serie C - Group A,0.62,0.38,5,1.38,1.61,2.63,2
Pergolettese,8,4,3,1,8,6,2,15,Italy - Serie C - Group A,0.5,0.5,2,1.0,2.0,2.0,3
Arzignano,8,3,5,0,10,5,5,14,Italy - Serie C - Group A,0.38,0.62,5,1.25,2.63,1.61,4
Vicenza,8,4,2,2,8,5,3,14,Italy - Serie C - Group A,0.5,0.5,3,1.0,2.0,2.0,4
FeralpiSalo,8,4,1,3,11,9,2,13,Italy - Serie C - Group A,0.5,0.5,2,1.38,2.0,2.0,5
Giana Erminio,8,4,1,3,10,8,2,13,Italy - Serie C - Group A,0.5,0.5,2,1.25,2.0,2.0,5
Novara,8,3,3,2,10,7,3,12,Italy - Serie C - Group A,0.38,0.62,3,1.25,2.63,1.61,6
Virtus Verona,8,3,2,3,12,11,1,11,Italy - Serie C - Group A,0.38,0.62,1,1.5,2.63,1.61,7
Alcione,8,3,2,3,8,9,-1,11,Italy - Serie C - Group A,0.38,0.62,-1,1.0,2.63,1.61,7
Triestina,8,3,2,3,10,12,-2,11,Italy - Serie C - Group A,0.38,0.62,-2,1.25,2.63,1.61,7
Trento,8,3,2,3,6,9,-3,11,Italy - Serie C - Group A,0.38,0.62,-3,0.75,2.63,1.61,7
Lumezzane,8,2,4,2,9,10,-1,10,Italy - Serie C - Group A,0.25,0.75,-1,1.12,4.0,1.33,8
Renate,8,2,1,5,6,13,-7,7,Italy - Serie C - Group A,0.25,0.75,-7,0.75,4.0,1.33,9
Pro Vercelli,8,1,3,4,5,9,-4,6,Italy - Serie C - Group A,0.12,0.88,-4,0.62,8.33,1.14,10
Atalanta B,8,1,2,5,9,19,-10,5,Italy - Serie C - Group A,0.12,0.88,-10,1.12,8.33,1.14,11
Clodiense,8,1,2,5,6,17,-11,5,Italy - Serie C - Group A,0.12,0.88,-11,0.75,8.33,1.14,11
Lecco,8,0,3,5,4,15,-11,3,Italy - Serie C - Group A,0.0,1.0,-11,0.5,0.0,1.0,12
Caldiero Terme,8,0,2,6,4,16,-12,2,Italy - Serie C - Group A,0.0,1.0,-12,0.5,0.0,1.0,13
Pro Patria,8,0,1,7,4,13,-9,1,Italy - Serie C - Group A,0.0,1.0,-9,0.5,0.0,1.0,14
Torres,8,5,2,1,17,9,8,17,Italy - Serie C - Group B,0.62,0.38,8,2.12,1.61,2.63,1
Entella,8,4,4,0,10,4,6,16,Italy - Serie C - Group B,0.5,0.5,6,1.25,2.0,2.0,2
Vis Pesaro,8,5,1,2,8,5,3,16,Italy - Serie C - Group B,0.62,0.38,3,1.0,1.61,2.63,2
Ternana,8,4,3,1,8,4,4,15,Italy - Serie C - Group B,0.5,0.5,4,1.0,2.0,2.0,3
Arezzo,8,3,2,3,9,9,0,11,Italy - Serie C - Group B,0.38,0.62,0,1.12,2.63,1.61,4
Pontedera,8,3,2,3,11,12,-1,11,Italy - Serie C - Group B,0.38,0.62,-1,1.38,2.63,1.61,4
Rimini,8,2,4,2,8,6,2,10,Italy - Serie C - Group B,0.25,0.75,2,1.0,4.0,1.33,5
Athletic Carpi,8,3,1,4,11,11,0,10,Italy - Serie C - Group B,0.38,0.62,0,1.38,2.63,1.61,5
Pineto,8,3,1,4,13,15,-2,10,Italy - Serie C - Group B,0.38,0.62,-2,1.62,2.63,1.61,5
Pianese,8,3,1,4,10,14,-4,10,Italy - Serie C - Group B,0.38,0.62,-4,1.25,2.63,1.61,5
Pescara,8,2,3,3,8,9,-1,9,Italy - Serie C - Group B,0.25,0.75,-1,1.0,4.0,1.33,6
Ascoli,8,2,3,3,7,9,-2,9,Italy - Serie C - Group B,0.25,0.75,-2,0.88,4.0,1.33,6
SPAL,8,2,2,4,11,16,-5,8,Italy - Serie C - Group B,0.25,0.75,-5,1.38,4.0,1.33,7
Legnago Salus,8,1,4,3,4,8,-4,7,Italy - Serie C - Group B,0.12,0.88,-4,0.5,8.33,1.14,8
AC Milan B,8,1,4,3,8,14,-6,7,Italy - Serie C - Group B,0.12,0.88,-6,1.0,8.33,1.14,8
Campobasso,8,1,3,4,4,9,-5,6,Italy - Serie C - Group B,0.12,0.88,-5,0.5,8.33,1.14,9
Lucchese,8,1,2,5,4,15,-11,5,Italy - Serie C - Group B,0.12,0.88,-11,0.5,8.33,1.14,10
Perugia,8,0,4,4,9,14,-5,4,Italy - Serie C - Group B,0.0,1.0,-5,1.12,0.0,1.0,11
Sestri Levante,8,0,4,4,5,11,-6,4,Italy - Serie C - Group B,0.0,1.0,-6,0.62,0.0,1.0,11
Gubbio,8,0,2,6,5,12,-7,2,Italy - Serie C - Group B,0.0,1.0,-7,0.62,0.0,1.0,12
Crotone,8,5,2,1,20,5,15,17,Italy - Serie C - Group C,0.62,0.38,15,2.5,1.61,2.63,1
A. Cerignola,8,5,2,1,12,6,6,17,Italy - Serie C - Group C,0.62,0.38,6,1.5,1.61,2.63,1
Monopoli,8,4,3,1,6,3,3,15,Italy - Serie C - Group C,0.5,0.5,3,0.75,2.0,2.0,2
Potenza,8,3,3,2,11,11,0,12,Italy - Serie C - Group C,0.38,0.62,0,1.38,2.63,1.61,3
Avellino,8,2,5,1,11,7,4,11,Italy - Serie C - Group C,0.25,0.75,4,1.38,4.0,1.33,4
Altamura,8,2,5,1,9,7,2,11,Italy - Serie C - Group C,0.25,0.75,2,1.12,4.0,1.33,4
Casertana,8,3,2,3,12,11,1,11,Italy - Serie C - Group C,0.38,0.62,1,1.5,2.63,1.61,4
Benevento,8,3,2,3,10,12,-2,11,Italy - Serie C - Group C,0.38,0.62,-2,1.25,2.63,1.61,4
Foggia,8,3,1,4,11,8,3,10,Italy - Serie C - Group C,0.38,0.62,3,1.38,2.63,1.61,5
Giugliano,8,3,1,4,6,9,-3,10,Italy - Serie C - Group C,0.38,0.62,-3,0.75,2.63,1.61,5
Sorrento,8,3,1,4,5,10,-5,10,Italy - Serie C - Group C,0.38,0.62,-5,0.62,2.63,1.61,5
Catania,8,2,3,3,15,14,1,9,Italy - Serie C - Group C,0.25,0.75,1,1.88,4.0,1.33,6
Trapani,8,2,2,4,10,10,0,8,Italy - Serie C - Group C,0.25,0.75,0,1.25,4.0,1.33,7
Juventus U23,8,2,2,4,8,11,-3,8,Italy - Serie C - Group C,0.25,0.75,-3,1.0,4.0,1.33,7
ACR Messina,8,2,2,4,6,14,-8,8,Italy - Serie C - Group C,0.25,0.75,-8,0.75,4.0,1.33,7
Picerno,8,1,4,3,3,6,-3,7,Italy - Serie C - Group C,0.12,0.88,-3,0.38,8.33,1.14,8
Latina,8,2,1,5,7,17,-10,7,Italy - Serie C - Group C,0.25,0.75,-10,0.88,4.0,1.33,8
Cavese,8,1,2,5,8,13,-5,5,Italy - Serie C - Group C,0.12,0.88,-5,1.0,8.33,1.14,9
Turris,8,1,2,5,5,15,-10,5,Italy - Serie C - Group C,0.12,0.88,-10,0.62,8.33,1.14,9
Taranto,8,1,0,7,4,26,-22,3,Italy - Serie C - Group C,0.12,0.88,-22,0.5,8.33,1.14,10
NovaRomentin,8,7,1,0,24,5,19,22,Italy - Serie D - Group A,0.88,0.12,19,3.0,1.14,8.33,1
Vado,8,6,2,0,18,5,13,20,Italy - Serie D - Group A,0.75,0.25,13,2.25,1.33,4.0,2
Citta di Varese,8,5,2,1,12,4,8,17,Italy - Serie D - Group A,0.62,0.38,8,1.5,1.61,2.63,3
Bra,8,5,2,1,9,3,6,17,Italy - Serie D - Group A,0.62,0.38,6,1.12,1.61,2.63,3
Ligorna,8,5,1,2,13,5,8,16,Italy - Serie D - Group A,0.62,0.38,8,1.62,1.61,2.63,4
Gozzano,8,5,1,2,14,8,6,16,Italy - Serie D - Group A,0.62,0.38,6,1.75,1.61,2.63,4
Chisola,8,4,2,2,10,5,5,14,Italy - Serie D - Group A,0.5,0.5,5,1.25,2.0,2.0,5
Lavagnese,8,3,4,1,12,7,5,13,Italy - Serie D - Group A,0.38,0.62,5,1.5,2.63,1.61,6
Pro Imperia,8,3,1,4,9,11,-2,10,Italy - Serie D - Group A,0.38,0.62,-2,1.12,2.63,1.61,7
Cairese,8,3,1,4,7,13,-6,10,Italy - Serie D - Group A,0.38,0.62,-6,0.88,2.63,1.61,7
Derthona,8,2,2,4,8,9,-1,8,Italy - Serie D - Group A,0.25,0.75,-1,1.0,4.0,1.33,8
Oltrepo,8,2,2,4,8,14,-6,8,Italy - Serie D - Group A,0.25,0.75,-6,1.0,4.0,1.33,8
Saluzzo,8,1,4,3,6,7,-1,7,Italy - Serie D - Group A,0.12,0.88,-1,0.75,8.33,1.14,9
Sanremese,8,1,4,3,7,11,-4,7,Italy - Serie D - Group A,0.12,0.88,-4,0.88,8.33,1.14,9
Asti,8,2,1,5,11,18,-7,7,Italy - Serie D - Group A,0.25,0.75,-7,1.38,4.0,1.33,9
Fossano,8,1,3,4,9,16,-7,6,Italy - Serie D - Group A,0.12,0.88,-7,1.12,8.33,1.14,10
Chieri,8,1,2,5,4,17,-13,5,Italy - Serie D - Group A,0.12,0.88,-13,0.5,8.33,1.14,11
Borgaro Nobis,8,1,1,6,6,19,-13,4,Italy - Serie D - Group A,0.12,0.88,-13,0.75,8.33,1.14,12
Vogherese,8,0,2,6,3,14,-11,2,Italy - Serie D - Group A,0.0,1.0,-11,0.38,0.0,1.0,13
Albenga,8,0,0,8,2,21,-19,0,Italy - Serie D - Group A,0.0,1.0,-19,0.25,0.0,1.0,14
Ospitaletto,8,6,0,2,15,5,10,18,Italy - Serie D - Group B,0.75,0.25,10,1.88,1.33,4.0,1
F. Caratese,8,5,3,0,12,4,8,18,Italy - Serie D - Group B,0.62,0.38,8,1.5,1.61,2.63,1
Chievo,8,3,4,1,9,6,3,13,Italy - Serie D - Group B,0.38,0.62,3,1.12,2.63,1.61,2
Pro Palazzolo,8,3,3,2,12,8,4,12,Italy - Serie D - Group B,0.38,0.62,4,1.5,2.63,1.61,3
Varesina,8,2,5,1,10,7,3,11,Italy - Serie D - Group B,0.25,0.75,3,1.25,4.0,1.33,4
SantAngelo,8,3,2,3,10,9,1,11,Italy - Serie D - Group B,0.38,0.62,1,1.25,2.63,1.61,4
USD Casatese,8,2,5,1,9,8,1,11,Italy - Serie D - Group B,0.25,0.75,1,1.12,4.0,1.33,4
Club Milano,8,3,2,3,7,9,-2,11,Italy - Serie D - Group B,0.38,0.62,-2,0.88,2.63,1.61,4
Crema,8,3,2,3,7,10,-3,11,Italy - Serie D - Group B,0.38,0.62,-3,0.88,2.63,1.61,4
Desenxano,8,2,4,2,12,10,2,10,Italy - Serie D - Group B,0.25,0.75,2,1.5,4.0,1.33,5
Pro Sesto,8,2,3,3,10,12,-2,9,Italy - Serie D - Group B,0.25,0.75,-2,1.25,4.0,1.33,6
Arconatese,8,2,3,3,7,9,-2,9,Italy - Serie D - Group B,0.25,0.75,-2,0.88,4.0,1.33,6
Sondrio,8,2,3,3,7,14,-7,9,Italy - Serie D - Group B,0.25,0.75,-7,0.88,4.0,1.33,6
Castellanzese,8,2,2,4,8,13,-5,8,Italy - Serie D - Group B,0.25,0.75,-5,1.0,4.0,1.33,7
Vigasio,8,1,4,3,5,8,-3,7,Italy - Serie D - Group B,0.12,0.88,-3,0.62,8.33,1.14,8
Sangiuliano C.,8,2,1,5,4,7,-3,7,Italy - Serie D - Group B,0.25,0.75,-3,0.5,4.0,1.33,8
Fanfulla,8,1,3,4,5,15,-10,6,Italy - Serie D - Group B,0.12,0.88,-10,0.62,8.33,1.14,9
Breno,8,0,5,3,7,12,-5,5,Italy - Serie D - Group B,0.0,1.0,-5,0.88,0.0,1.0,10
Magenta,8,0,3,5,8,13,-5,3,Italy - Serie D - Group B,0.0,1.0,-5,1.0,0.0,1.0,11
Ciliverghe,8,0,2,6,5,16,-11,2,Italy - Serie D - Group B,0.0,1.0,-11,0.62,0.0,1.0,12
Treviso,8,5,2,1,17,7,10,17,Italy - Serie D - Group C,0.62,0.38,10,2.12,1.61,2.63,1
Mestre,8,5,1,2,8,4,4,16,Italy - Serie D - Group C,0.62,0.38,4,1.0,1.61,2.63,2
Real Calepina,8,4,3,1,11,8,3,15,Italy - Serie D - Group C,0.5,0.5,3,1.38,2.0,2.0,3
Cjarlins Muzane,8,4,2,2,10,6,4,14,Italy - Serie D - Group C,0.5,0.5,4,1.25,2.0,2.0,4
Campodarsego,8,3,4,1,7,4,3,13,Italy - Serie D - Group C,0.38,0.62,3,0.88,2.63,1.61,5
Brusaporto,8,3,3,2,7,6,1,12,Italy - Serie D - Group C,0.38,0.62,1,0.88,2.63,1.61,6
Adriese,8,3,3,2,7,7,0,12,Italy - Serie D - Group C,0.38,0.62,0,0.88,2.63,1.61,6
Villa Alme,8,2,5,1,11,9,2,11,Italy - Serie D - Group C,0.25,0.75,2,1.38,4.0,1.33,7
D. Bellunesi,8,3,2,3,10,12,-2,11,Italy - Serie D - Group C,0.38,0.62,-2,1.25,2.63,1.61,7
Luparense,8,2,2,4,10,11,-1,8,Italy - Serie D - Group C,0.25,0.75,-1,1.25,4.0,1.33,8
Este,8,2,2,4,10,12,-2,8,Italy - Serie D - Group C,0.25,0.75,-2,1.25,4.0,1.33,8
Portogruaro,8,1,4,3,10,12,-2,7,Italy - Serie D - Group C,0.12,0.88,-2,1.25,8.33,1.14,9
Ciserano,8,2,1,5,9,15,-6,7,Italy - Serie D - Group C,0.25,0.75,-6,1.12,4.0,1.33,9
Bassano Virtus,8,1,3,4,10,16,-6,6,Italy - Serie D - Group C,0.12,0.88,-6,1.25,8.33,1.14,10
Caravaggio,8,1,2,5,11,13,-2,5,Italy - Serie D - Group C,0.12,0.88,-2,1.38,8.33,1.14,11
Montecchio M.,8,1,2,5,6,12,-6,5,Italy - Serie D - Group C,0.12,0.88,-6,0.75,8.33,1.14,11
Brian Lignano,8,1,2,5,8,16,-8,5,Italy - Serie D - Group C,0.12,0.88,-8,1.0,8.33,1.14,11
Calvi Noale,8,0,4,4,6,10,-4,4,Italy - Serie D - Group C,0.0,1.0,-4,0.75,0.0,1.0,12
Chions,8,1,1,6,7,16,-9,4,Italy - Serie D - Group C,0.12,0.88,-9,0.88,8.33,1.14,12
Lavis,8,0,0,8,4,21,-17,0,Italy - Serie D - Group C,0.0,1.0,-17,0.5,0.0,1.0,13
Forli,8,7,0,1,16,5,11,21,Italy - Serie D - Group D,0.88,0.12,11,2.0,1.14,8.33,1
Ravenna,8,6,2,0,17,5,12,20,Italy - Serie D - Group D,0.75,0.25,12,2.12,1.33,4.0,2
Lentigione,8,4,3,1,9,8,1,15,Italy - Serie D - Group D,0.5,0.5,1,1.12,2.0,2.0,3
Zenith Prato,8,4,1,3,13,9,4,13,Italy - Serie D - Group D,0.5,0.5,4,1.62,2.0,2.0,4
Pistoiese,8,3,2,3,10,8,2,11,Italy - Serie D - Group D,0.38,0.62,2,1.25,2.63,1.61,5
Cittadella Vis,8,3,2,3,11,12,-1,11,Italy - Serie D - Group D,0.38,0.62,-1,1.38,2.63,1.61,5
Progresso,8,3,2,3,6,9,-3,11,Italy - Serie D - Group D,0.38,0.62,-3,0.75,2.63,1.61,5
Sasso Marconi,8,3,1,4,8,10,-2,10,Italy - Serie D - Group D,0.38,0.62,-2,1.0,2.63,1.61,6
Tuttocuoio,8,3,1,4,7,16,-9,10,Italy - Serie D - Group D,0.38,0.62,-9,0.88,2.63,1.61,6
Tau Altopascio,8,2,3,3,11,5,6,9,Italy - Serie D - Group D,0.25,0.75,6,1.38,4.0,1.33,7
Corticella,8,2,3,3,8,10,-2,9,Italy - Serie D - Group D,0.25,0.75,-2,1.0,4.0,1.33,7
Imolese,8,2,3,3,6,12,-6,9,Italy - Serie D - Group D,0.25,0.75,-6,0.75,4.0,1.33,7
Prato,8,2,2,4,6,9,-3,8,Italy - Serie D - Group D,0.25,0.75,-3,0.75,4.0,1.33,8
San Marino C.,8,1,3,4,6,9,-3,6,Italy - Serie D - Group D,0.12,0.88,-3,0.75,8.33,1.14,9
Fiorenzuola,8,2,0,6,4,13,-9,6,Italy - Serie D - Group D,0.25,0.75,-9,0.5,4.0,1.33,9
United Riccione,8,1,2,5,3,15,-12,5,Italy - Serie D - Group D,0.12,0.88,-12,0.38,8.33,1.14,10
Sammaurese,8,0,4,4,2,10,-8,4,Italy - Serie D - Group D,0.0,1.0,-8,0.25,0.0,1.0,11
Piacenza,8,0,1,7,5,20,-15,1,Italy - Serie D - Group D,0.0,1.0,-15,0.62,0.0,1.0,12
Livorno,8,6,2,0,15,6,9,20,Italy - Serie D - Group E,0.75,0.25,9,1.88,1.33,4.0,1
Grosseto,8,6,1,1,10,4,6,19,Italy - Serie D - Group E,0.75,0.25,6,1.25,1.33,4.0,2
FC Siena,8,4,3,1,6,4,2,15,Italy - Serie D - Group E,0.5,0.5,2,0.75,2.0,2.0,3
Seravezza,8,3,5,0,10,6,4,14,Italy - Serie D - Group E,0.38,0.62,4,1.25,2.63,1.61,4
Fulgens Foligno,8,4,2,2,12,9,3,14,Italy - Serie D - Group E,0.5,0.5,3,1.5,2.0,2.0,4
Ghiviborgo,8,4,1,3,15,14,1,13,Italy - Serie D - Group E,0.5,0.5,1,1.88,2.0,2.0,5
Poggibonsi,8,4,1,3,9,8,1,13,Italy - Serie D - Group E,0.5,0.5,1,1.12,2.0,2.0,5
Orvietana,8,3,3,2,9,9,0,12,Italy - Serie D - Group E,0.38,0.62,0,1.12,2.63,1.61,6
San Donato,8,3,2,3,6,6,0,11,Italy - Serie D - Group E,0.38,0.62,0,0.75,2.63,1.61,7
S. Trestina,8,3,1,4,10,10,0,10,Italy - Serie D - Group E,0.38,0.62,0,1.25,2.63,1.61,8
Figline,8,3,1,4,9,10,-1,10,Italy - Serie D - Group E,0.38,0.62,-1,1.12,2.63,1.61,8
Sangiovannese,8,2,3,3,7,8,-1,9,Italy - Serie D - Group E,0.25,0.75,-1,0.88,4.0,1.33,9
Montevarchi,8,2,3,3,10,14,-4,9,Italy - Serie D - Group E,0.25,0.75,-4,1.25,4.0,1.33,9
Gavorrano,8,3,0,5,8,12,-4,9,Italy - Serie D - Group E,0.38,0.62,-4,1.0,2.63,1.61,9
Flaminia,8,2,2,4,8,8,0,8,Italy - Serie D - Group E,0.25,0.75,0,1.0,4.0,1.33,10
T. Traiana,8,2,1,5,11,24,-13,7,Italy - Serie D - Group E,0.25,0.75,-13,1.38,4.0,1.33,11
Ostia Mare,8,1,3,4,11,15,-4,6,Italy - Serie D - Group E,0.12,0.88,-4,1.38,8.33,1.14,12
Fezzanese,8,1,2,5,7,16,-9,5,Italy - Serie D - Group E,0.12,0.88,-9,0.88,8.33,1.14,13
Sambenedettese,8,6,2,0,19,4,15,20,Italy - Serie D - Group F,0.75,0.25,15,2.38,1.33,4.0,1
Chieti,8,4,4,0,14,8,6,16,Italy - Serie D - Group F,0.5,0.5,6,1.75,2.0,2.0,2
LAquila,8,4,4,0,10,4,6,16,Italy - Serie D - Group F,0.5,0.5,6,1.25,2.0,2.0,2
Teramo,8,4,3,1,11,7,4,15,Italy - Serie D - Group F,0.5,0.5,4,1.38,2.0,2.0,3
Ancona 1905,8,4,2,2,10,10,0,14,Italy - Serie D - Group F,0.5,0.5,0,1.25,2.0,2.0,4
Castelfidardo,8,3,3,2,9,7,2,12,Italy - Serie D - Group F,0.38,0.62,2,1.12,2.63,1.61,5
Recanatese,8,2,5,1,4,3,1,11,Italy - Serie D - Group F,0.25,0.75,1,0.5,4.0,1.33,6
Fossombrone,8,3,2,3,8,9,-1,11,Italy - Serie D - Group F,0.38,0.62,-1,1.0,2.63,1.61,6
Avezzano,8,3,1,4,8,9,-1,10,Italy - Serie D - Group F,0.38,0.62,-1,1.0,2.63,1.61,7
Civitanovese,8,2,3,3,8,11,-3,9,Italy - Serie D - Group F,0.25,0.75,-3,1.0,4.0,1.33,8
Atletico Ascoli,8,2,3,3,5,11,-6,9,Italy - Serie D - Group F,0.25,0.75,-6,0.62,4.0,1.33,8
Roma City,8,2,2,4,7,7,0,8,Italy - Serie D - Group F,0.25,0.75,0,0.88,4.0,1.33,9
Fermana,8,2,2,4,3,8,-5,8,Italy - Serie D - Group F,0.25,0.75,-5,0.38,4.0,1.33,9
Sora,8,2,2,4,3,10,-7,8,Italy - Serie D - Group F,0.25,0.75,-7,0.38,4.0,1.33,9
Termoli Calcio,8,1,4,3,8,13,-5,7,Italy - Serie D - Group F,0.12,0.88,-5,1.0,8.33,1.14,10
Isernia,8,1,4,3,11,19,-8,7,Italy - Serie D - Group F,0.12,0.88,-8,1.38,8.33,1.14,10
V. Senigallia,8,1,3,4,8,12,-4,6,Italy - Serie D - Group F,0.12,0.88,-4,1.0,8.33,1.14,11
San Nicolo,8,1,2,5,10,14,-4,5,Italy - Serie D - Group F,0.12,0.88,-4,1.25,8.33,1.14,12
Gelbison,8,4,2,2,11,10,1,14,Italy - Serie D - Group G,0.5,0.5,1,1.38,2.0,2.0,1
CynthiAlbalonga,8,4,1,3,14,11,3,13,Italy - Serie D - Group G,0.5,0.5,3,1.75,2.0,2.0,2
Sarnese,8,4,1,3,9,7,2,13,Italy - Serie D - Group G,0.5,0.5,2,1.12,2.0,2.0,2
Cassino,8,2,6,0,5,3,2,12,Italy - Serie D - Group G,0.25,0.75,2,0.62,4.0,1.33,3
Guidonia,8,3,2,3,7,10,-3,11,Italy - Serie D - Group G,0.38,0.62,-3,0.88,2.63,1.61,4
S. Ogliastra,8,3,2,3,7,11,-4,11,Italy - Serie D - Group G,0.38,0.62,-4,0.88,2.63,1.61,4
Puteolana,8,3,1,4,12,9,3,10,Italy - Serie D - Group G,0.38,0.62,3,1.5,2.63,1.61,5
R. Monterotondo,8,2,2,4,5,8,-3,8,Italy - Serie D - Group G,0.25,0.75,-3,0.62,4.0,1.33,6
A. Lodigiani,8,2,2,4,9,15,-6,8,Italy - Serie D - Group G,0.25,0.75,-6,1.12,4.0,1.33,6
Paganese,8,1,4,3,8,12,-4,7,Italy - Serie D - Group G,0.12,0.88,-4,1.0,8.33,1.14,7
Olbia,8,2,1,5,11,16,-5,7,Italy - Serie D - Group G,0.25,0.75,-5,1.38,4.0,1.33,7
Terracina,8,2,1,5,7,17,-10,7,Italy - Serie D - Group G,0.25,0.75,-10,0.88,4.0,1.33,7
Ilvamaddalena,8,1,3,4,7,13,-6,6,Italy - Serie D - Group G,0.12,0.88,-6,0.88,8.33,1.14,8
Savoia,8,1,3,4,5,13,-8,6,Italy - Serie D - Group G,0.12,0.88,-8,0.62,8.33,1.14,8
Atletico Uri,8,1,3,4,7,17,-10,6,Italy - Serie D - Group G,0.12,0.88,-10,0.88,8.33,1.14,8
Anzio,8,0,4,4,7,14,-7,4,Italy - Serie D - Group G,0.0,1.0,-7,0.88,0.0,1.0,9
Trastevere,8,1,1,6,8,19,-11,4,Italy - Serie D - Group G,0.12,0.88,-11,1.0,8.33,1.14,9
Latte Dolce,8,1,0,7,9,21,-12,3,Italy - Serie D - Group G,0.12,0.88,-12,1.12,8.33,1.14,10
Martina Franca,8,6,2,0,12,5,7,20,Italy - Serie D - Group H,0.75,0.25,7,1.5,1.33,4.0,1
Nocerina,8,6,0,2,17,9,8,18,Italy - Serie D - Group H,0.75,0.25,8,2.12,1.33,4.0,2
Fidelis Andria,8,5,1,2,15,6,9,16,Italy - Serie D - Group H,0.62,0.38,9,1.88,1.61,2.63,3
Casarano,8,4,3,1,21,7,14,15,Italy - Serie D - Group H,0.5,0.5,14,2.62,2.0,2.0,4
Ischia,8,4,1,3,10,8,2,13,Italy - Serie D - Group H,0.5,0.5,2,1.25,2.0,2.0,5
Nardo,8,3,3,2,12,11,1,12,Italy - Serie D - Group H,0.38,0.62,1,1.5,2.63,1.61,6
Citta di Fasano,8,2,3,3,6,7,-1,9,Italy - Serie D - Group H,0.25,0.75,-1,0.75,4.0,1.33,7
Matera,8,2,3,3,10,12,-2,9,Italy - Serie D - Group H,0.25,0.75,-2,1.25,4.0,1.33,7
V. Francavilla,8,2,2,4,4,7,-3,8,Italy - Serie D - Group H,0.25,0.75,-3,0.5,4.0,1.33,8
Real Acerrana,8,2,2,4,4,12,-8,8,Italy - Serie D - Group H,0.25,0.75,-8,0.5,4.0,1.33,8
Francavilla,8,1,4,3,4,6,-2,7,Italy - Serie D - Group H,0.12,0.88,-2,0.5,8.33,1.14,9
USD Palmese,8,1,4,3,8,12,-4,7,Italy - Serie D - Group H,0.12,0.88,-4,1.0,8.33,1.14,9
Brindisi,8,1,3,4,9,12,-3,6,Italy - Serie D - Group H,0.12,0.88,-3,1.12,8.33,1.14,10
Gravina,8,1,3,4,10,17,-7,6,Italy - Serie D - Group H,0.12,0.88,-7,1.25,8.33,1.14,10
Manfredonia,8,1,2,5,5,17,-12,5,Italy - Serie D - Group H,0.12,0.88,-12,0.62,8.33,1.14,11
Ugento,8,1,1,6,4,20,-16,4,Italy - Serie D - Group H,0.12,0.88,-16,0.5,8.33,1.14,12
Costa DAmalfi,8,0,2,6,6,16,-10,2,Italy - Serie D - Group H,0.0,1.0,-10,0.75,0.0,1.0,13
Angri Calcio,8,0,1,7,4,22,-18,1,Italy - Serie D - Group H,0.0,1.0,-18,0.5,0.0,1.0,14
Reggina,8,5,3,0,15,3,12,18,Italy - Serie D - Group I,0.62,0.38,12,1.88,1.61,2.63,1
Siracusa,8,5,3,0,9,4,5,18,Italy - Serie D - Group I,0.62,0.38,5,1.12,1.61,2.63,1
Sambiase,8,5,2,1,12,5,7,17,Italy - Serie D - Group I,0.62,0.38,7,1.5,1.61,2.63,2
Vibonese,8,5,1,2,12,5,7,16,Italy - Serie D - Group I,0.62,0.38,7,1.5,1.61,2.63,3
Scafatese,8,4,2,2,12,7,5,14,Italy - Serie D - Group I,0.5,0.5,5,1.5,2.0,2.0,4
CastrumFavara,8,2,5,1,7,8,-1,11,Italy - Serie D - Group I,0.25,0.75,-1,0.88,4.0,1.33,5
Enna,8,3,2,3,4,8,-4,11,Italy - Serie D - Group I,0.38,0.62,-4,0.5,2.63,1.61,5
Ragusa,8,2,4,2,14,13,1,10,Italy - Serie D - Group I,0.25,0.75,1,1.75,4.0,1.33,6
Nissa,8,2,3,3,10,17,-7,9,Italy - Serie D - Group I,0.25,0.75,-7,1.25,4.0,1.33,7
Igea Virtus,8,1,2,5,6,15,-9,5,Italy - Serie D - Group I,0.12,0.88,-9,0.75,8.33,1.14,8
Sancataldese,8,1,2,5,5,14,-9,5,Italy - Serie D - Group I,0.12,0.88,-9,0.62,8.33,1.14,8
Locri 1909,8,1,1,6,9,16,-7,4,Italy - Serie D - Group I,0.12,0.88,-7,1.12,8.33,1.14,9
Licata,8,1,1,6,6,14,-8,4,Italy - Serie D - Group I,0.12,0.88,-8,0.75,8.33,1.14,9
Pompei,8,0,4,4,4,12,-8,4,Italy - Serie D - Group I,0.0,1.0,-8,0.5,0.0,1.0,9
Paterno,8,0,4,4,6,15,-9,4,Italy - Serie D - Group I,0.0,1.0,-9,0.75,0.0,1.0,9
Akragas,8,1,1,6,5,17,-12,4,Italy - Serie D - Group I,0.12,0.88,-12,0.62,8.33,1.14,9
Acireale,8,0,2,6,6,16,-10,2,Italy - Serie D - Group I,0.0,1.0,-10,0.75,0.0,1.0,10
CD S. Agata,8,0,1,7,5,18,-13,1,Italy - Serie D - Group I,0.0,1.0,-13,0.62,0.0,1.0,11
Roma U20,8,7,0,1,27,10,17,21,Italy - Primavera 1,0.88,0.12,17,3.38,1.14,8.33,1
H. Verona U20,8,6,1,1,12,7,5,19,Italy - Primavera 1,0.75,0.25,5,1.5,1.33,4.0,2
Fiorentina U20,8,6,0,2,16,7,9,18,Italy - Primavera 1,0.75,0.25,9,2.0,1.33,4.0,3
Milan U20,8,5,2,1,17,9,8,17,Italy - Primavera 1,0.62,0.38,8,2.12,1.61,2.63,4
Inter Milan U20,8,5,0,3,16,12,4,15,Italy - Primavera 1,0.62,0.38,4,2.0,1.61,2.63,5
Genoa U20,8,4,1,3,11,10,1,13,Italy - Primavera 1,0.5,0.5,1,1.38,2.0,2.0,6
Sassuolo U20,8,4,0,4,14,14,0,12,Italy - Primavera 1,0.5,0.5,0,1.75,2.0,2.0,7
Juventus U20,8,3,2,3,14,14,0,11,Italy - Primavera 1,0.38,0.62,0,1.75,2.63,1.61,8
Monza U20,8,3,2,3,12,15,-3,11,Italy - Primavera 1,0.38,0.62,-3,1.5,2.63,1.61,8
Atalanta U20,8,2,4,2,10,11,-1,10,Italy - Primavera 1,0.25,0.75,-1,1.25,4.0,1.33,9
Cagliari U20,8,2,2,4,7,12,-5,8,Italy - Primavera 1,0.25,0.75,-5,0.88,4.0,1.33,10
Cremonese U20,8,2,2,4,5,12,-7,8,Italy - Primavera 1,0.25,0.75,-7,0.62,4.0,1.33,10
Cesena U20,8,1,3,4,11,13,-2,6,Italy - Primavera 1,0.12,0.88,-2,1.38,8.33,1.14,11
Torino U20,8,2,0,6,10,14,-4,6,Italy - Primavera 1,0.25,0.75,-4,1.25,4.0,1.33,11
Empoli U20,8,1,3,4,9,15,-6,6,Italy - Primavera 1,0.12,0.88,-6,1.12,8.33,1.14,11
Lecce U20,8,1,2,5,9,17,-8,5,Italy - Primavera 1,0.12,0.88,-8,1.12,8.33,1.14,12
Lazio U20,8,0,4,4,2,11,-9,4,Italy - Primavera 1,0.0,1.0,-9,0.25,0.0,1.0,13
Sampdoria U20,8,1,1,6,7,17,-10,4,Italy - Primavera 1,0.12,0.88,-10,0.88,8.33,1.14,13
Bologna U20,8,0,3,5,6,17,-11,3,Italy - Primavera 1,0.0,1.0,-11,0.75,0.0,1.0,14
Udinese U20,8,0,1,7,6,16,-10,1,Italy - Primavera 1,0.0,1.0,-10,0.75,0.0,1.0,15
Mount Pleasant,8,6,1,1,25,8,17,19,jamaica,0.75,0.25,17,3.12,1.33,4.0,1
Arnett Gardens,8,6,1,1,14,8,6,19,jamaica,0.75,0.25,6,1.75,1.33,4.0,1
Portmore Utd,8,3,4,1,8,5,3,13,jamaica,0.38,0.62,3,1.0,2.63,1.61,2
Waterhouse,8,3,3,2,13,10,3,12,jamaica,0.38,0.62,3,1.62,2.63,1.61,3
Montego Bay,8,3,3,2,9,7,2,12,jamaica,0.38,0.62,2,1.12,2.63,1.61,3
Molynes Utd,8,3,3,2,11,11,0,12,jamaica,0.38,0.62,0,1.38,2.63,1.61,3
Cavalier,8,3,3,2,8,8,0,12,jamaica,0.38,0.62,0,1.0,2.63,1.61,3
Tivoli Gardens,8,3,2,3,10,10,0,11,jamaica,0.38,0.62,0,1.25,2.63,1.61,4
Racing United,8,2,4,2,12,11,1,10,jamaica,0.25,0.75,1,1.5,4.0,1.33,5
Chapelton,8,2,2,4,10,9,1,8,jamaica,0.25,0.75,1,1.25,4.0,1.33,6
Vere Utd,8,1,3,4,5,12,-7,6,jamaica,0.12,0.88,-7,0.62,8.33,1.14,7
Dunbeholden,8,1,2,5,7,16,-9,5,jamaica,0.12,0.88,-9,0.88,8.33,1.14,8
Humble Lions,8,0,2,6,7,22,-15,2,jamaica,0.0,1.0,-15,0.88,0.0,1.0,9
Harbour View,8,0,1,7,4,21,-17,1,jamaica,0.0,1.0,-17,0.5,0.0,1.0,10
Cerezo Osaka,1,1,0,0,5,2,3,3,japan,1.0,0.0,3,5.0,1.0,0.0,1
FC Tokyo,1,1,0,0,1,0,1,3,japan,1.0,0.0,1,1.0,1.0,0.0,1
Kashiwa Reysol,1,1,0,0,1,0,1,3,japan,1.0,0.0,1,1.0,1.0,0.0,1
Albirex Niigata,1,0,1,0,1,1,0,1,japan,0.0,1.0,0,1.0,0.0,1.0,2
Urawa RD,1,0,1,0,0,0,0,1,japan,0.0,1.0,0,0.0,0.0,1.0,2
Avispa Fukuoka,0,0,0,0,0,0,0,0,japan,0.0,0.0,0,0.0,0.0,0.0,3
Fagiano Okayama,0,0,0,0,0,0,0,0,japan,0.0,0.0,0,0.0,0.0,0.0,3
Gamba Osaka,0,0,0,0,0,0,0,0,japan,0.0,0.0,0,0.0,0.0,0.0,3
K. Frontale,0,0,0,0,0,0,0,0,japan,0.0,0.0,0,0.0,0.0,0.0,3
Machida Zelvia,0,0,0,0,0,0,0,0,japan,0.0,0.0,0,0.0,0.0,0.0,3
S. Hiroshima,0,0,0,0,0,0,0,0,japan,0.0,0.0,0,0.0,0.0,0.0,3
Shimizu S-Pulse,0,0,0,0,0,0,0,0,japan,0.0,0.0,0,0.0,0.0,0.0,3
Shonan Bellmare,0,0,0,0,0,0,0,0,japan,0.0,0.0,0,0.0,0.0,0.0,3
Tokyo Verdy,0,0,0,0,0,0,0,0,japan,0.0,0.0,0,0.0,0.0,0.0,3
Vissel Kobe,0,0,0,0,0,0,0,0,japan,0.0,0.0,0,0.0,0.0,0.0,3
Yokohama FC,0,0,0,0,0,0,0,0,japan,0.0,0.0,0,0.0,0.0,0.0,3
Yokohama M.,0,0,0,0,0,0,0,0,japan,0.0,0.0,0,0.0,0.0,0.0,3
Kashima Antlers,1,0,0,1,0,1,-1,0,japan,0.0,1.0,-1,0.0,0.0,1.0,3
Kyoto Sanga,1,0,0,1,0,2,-2,0,japan,0.0,1.0,-2,0.0,0.0,1.0,3
Nagoya G.,1,0,0,1,0,4,-4,0,japan,0.0,1.0,-4,0.0,0.0,1.0,3
JEF Utd Chiba,1,1,0,0,2,0,2,3,japan2,1.0,0.0,2,2.0,1.0,0.0,1
Tokushima V.,1,1,0,0,2,0,2,3,japan2,1.0,0.0,2,2.0,1.0,0.0,1
Vegalta Sendai,1,1,0,0,1,0,1,3,japan2,1.0,0.0,1,1.0,1.0,0.0,1
Blaublitz Akita,0,0,0,0,0,0,0,0,japan2,0.0,0.0,0,0.0,0.0,0.0,2
C. Sapporo,0,0,0,0,0,0,0,0,japan2,0.0,0.0,0,0.0,0.0,0.0,2
Ehime FC,0,0,0,0,0,0,0,0,japan2,0.0,0.0,0,0.0,0.0,0.0,2
FC Imabari,0,0,0,0,0,0,0,0,japan2,0.0,0.0,0,0.0,0.0,0.0,2
Fujieda MYFC,0,0,0,0,0,0,0,0,japan2,0.0,0.0,0,0.0,0.0,0.0,2
Iwaki,0,0,0,0,0,0,0,0,japan2,0.0,0.0,0,0.0,0.0,0.0,2
Jubilo Iwata,0,0,0,0,0,0,0,0,japan2,0.0,0.0,0,0.0,0.0,0.0,2
Kataller Toyama,0,0,0,0,0,0,0,0,japan2,0.0,0.0,0,0.0,0.0,0.0,2
Oita Trinita,0,0,0,0,0,0,0,0,japan2,0.0,0.0,0,0.0,0.0,0.0,2
Omiya Ardija,0,0,0,0,0,0,0,0,japan2,0.0,0.0,0,0.0,0.0,0.0,2
R. Kumamoto,0,0,0,0,0,0,0,0,japan2,0.0,0.0,0,0.0,0.0,0.0,2
Sagan Tosu,0,0,0,0,0,0,0,0,japan2,0.0,0.0,0,0.0,0.0,0.0,2
Ventforet Kofu,0,0,0,0,0,0,0,0,japan2,0.0,0.0,0,0.0,0.0,0.0,2
V-V. Nagasaki,0,0,0,0,0,0,0,0,japan2,0.0,0.0,0,0.0,0.0,0.0,2
Mito Hollyhock,1,0,0,1,2,3,-1,0,japan2,0.0,1.0,-1,2.0,0.0,1.0,2
M. Yamagata,1,0,0,1,1,2,-1,0,japan2,0.0,1.0,-1,1.0,0.0,1.0,2
R. Yamaguchi,1,0,0,1,0,1,-1,0,japan2,0.0,1.0,-1,0.0,0.0,1.0,2
FC Ryukyu,1,0,1,0,0,0,0,1,japan3,0.0,1.0,0,0.0,0.0,1.0,1
AC Numazu,0,0,0,0,0,0,0,0,japan3,0.0,0.0,0,0.0,0.0,0.0,2
Fukushima Utd,0,0,0,0,0,0,0,0,japan3,0.0,0.0,0,0.0,0.0,0.0,2
G. Kitakyushu,0,0,0,0,0,0,0,0,japan3,0.0,0.0,0,0.0,0.0,0.0,2
Gainare Tottori,0,0,0,0,0,0,0,0,japan3,0.0,0.0,0,0.0,0.0,0.0,2
Gifu,0,0,0,0,0,0,0,0,japan3,0.0,0.0,0,0.0,0.0,0.0,2
Kagoshima Utd,0,0,0,0,0,0,0,0,japan3,0.0,0.0,0,0.0,0.0,0.0,2
Kamatamare S.,0,0,0,0,0,0,0,0,japan3,0.0,0.0,0,0.0,0.0,0.0,2
Kochi United,0,0,0,0,0,0,0,0,japan3,0.0,0.0,0,0.0,0.0,0.0,2
Kusatsu,0,0,0,0,0,0,0,0,japan3,0.0,0.0,0,0.0,0.0,0.0,2
Matsumoto Y.,0,0,0,0,0,0,0,0,japan3,0.0,0.0,0,0.0,0.0,0.0,2
Nagano Parceiro,0,0,0,0,0,0,0,0,japan3,0.0,0.0,0,0.0,0.0,0.0,2
Nara Club,0,0,0,0,0,0,0,0,japan3,0.0,0.0,0,0.0,0.0,0.0,2
Osaka,0,0,0,0,0,0,0,0,japan3,0.0,0.0,0,0.0,0.0,0.0,2
T. Miyazaki,0,0,0,0,0,0,0,0,japan3,0.0,0.0,0,0.0,0.0,0.0,2
Tochigi City,0,0,0,0,0,0,0,0,japan3,0.0,0.0,0,0.0,0.0,0.0,2
Tochigi SC,0,0,0,0,0,0,0,0,japan3,0.0,0.0,0,0.0,0.0,0.0,2
V. Hachinohe,0,0,0,0,0,0,0,0,japan3,0.0,0.0,0,0.0,0.0,0.0,2
Z. Kanazawa,0,0,0,0,0,0,0,0,japan3,0.0,0.0,0,0.0,0.0,0.0,2
SC Sagamihara,1,0,0,1,1,2,-1,0,japan3,0.0,1.0,-1,1.0,0.0,1.0,2
Kairat Almaty,8,5,1,2,12,6,6,16,kazakhstan,0.62,0.38,6,1.5,1.61,2.63,1
FC Astana,8,5,1,2,11,5,6,16,kazakhstan,0.62,0.38,6,1.38,1.61,2.63,1
Ordabasy,8,4,1,3,11,9,2,13,kazakhstan,0.5,0.5,2,1.38,2.0,2.0,2
Aktobe,8,3,3,2,10,11,-1,12,kazakhstan,0.38,0.62,-1,1.25,2.63,1.61,3
Tobol,8,3,2,3,13,11,2,11,kazakhstan,0.38,0.62,2,1.62,2.63,1.61,4
Atyrau,8,3,1,4,12,10,2,10,kazakhstan,0.38,0.62,2,1.5,2.63,1.61,5
Kaisar K.,8,2,2,4,8,10,-2,8,kazakhstan,0.25,0.75,-2,1.0,4.0,1.33,6
Kyzylzhar,8,2,2,4,6,9,-3,8,kazakhstan,0.25,0.75,-3,0.75,4.0,1.33,6
Zhenys,8,1,4,3,7,9,-2,7,kazakhstan,0.12,0.88,-2,0.88,8.33,1.14,7
Yelimay Semey,8,2,1,5,10,15,-5,7,kazakhstan,0.25,0.75,-5,1.25,4.0,1.33,7
Zhetysu,8,0,3,5,3,15,-12,3,kazakhstan,0.0,1.0,-12,0.38,0.0,1.0,8
Turan,8,0,2,6,3,21,-18,2,kazakhstan,0.0,1.0,-18,0.38,0.0,1.0,9
Aksu,0,0,0,0,0,0,0,0,kazakhstan,0.0,0.0,0,0.0,0.0,0.0,10
S. Karagandy,8,0,0,8,4,19,-15,0,kazakhstan,0.0,1.0,-15,0.5,0.0,1.0,10
Drita,8,4,3,1,10,6,4,15,kosovo,0.5,0.5,4,1.25,2.0,2.0,1
Ballkani,8,2,4,2,10,7,3,10,kosovo,0.25,0.75,3,1.25,4.0,1.33,2
Gjilani,8,2,3,3,14,14,0,9,kosovo,0.25,0.75,0,1.75,4.0,1.33,3
Malisheva,8,2,3,3,7,8,-1,9,kosovo,0.25,0.75,-1,0.88,4.0,1.33,3
Ferizaj,8,2,2,4,5,11,-6,8,kosovo,0.25,0.75,-6,0.62,4.0,1.33,4
Prishtina,8,2,1,5,7,11,-4,7,kosovo,0.25,0.75,-4,0.88,4.0,1.33,5
Dukagjini,8,2,1,5,6,11,-5,7,kosovo,0.25,0.75,-5,0.75,4.0,1.33,5
Suhareka,8,1,3,4,10,17,-7,6,kosovo,0.12,0.88,-7,1.25,8.33,1.14,6
Llapi,8,1,0,7,7,17,-10,3,kosovo,0.12,0.88,-10,0.88,8.33,1.14,7
Feronikeli,8,0,2,6,5,14,-9,2,kosovo,0.0,1.0,-9,0.62,0.0,1.0,8
Al Arabi SC,8,6,1,1,19,6,13,19,kuwait,0.75,0.25,13,2.38,1.33,4.0,1
Al Kuwait,7,6,0,1,21,8,13,18,kuwait,0.86,0.14,13,3.0,1.16,7.14,2
Al Salmiyah,6,3,2,1,11,8,3,11,kuwait,0.5,0.5,3,1.83,2.0,2.0,3
Al Qadsia,7,3,2,2,10,7,3,11,kuwait,0.43,0.57,3,1.43,2.33,1.75,3
Al Fahaheel,6,2,3,1,13,11,2,9,kuwait,0.33,0.67,2,2.17,3.03,1.49,4
Al Tadhamon,7,2,1,4,12,15,-3,7,kuwait,0.29,0.71,-3,1.71,3.45,1.41,5
Al Nasar,8,2,1,5,9,16,-7,7,kuwait,0.25,0.75,-7,1.12,4.0,1.33,5
Kazma,8,1,1,6,7,16,-9,4,kuwait,0.12,0.88,-9,0.88,8.33,1.14,6
Khaitan,7,1,1,5,3,12,-9,4,kuwait,0.14,0.86,-9,0.43,7.14,1.16,6
Yarmouk,8,0,2,6,7,21,-14,2,kuwait,0.0,1.0,-14,0.88,0.0,1.0,7
RFS,8,7,1,0,18,4,14,22,latvia,0.88,0.12,14,2.25,1.14,8.33,1
Riga FC,8,6,2,0,25,7,18,20,latvia,0.75,0.25,18,3.12,1.33,4.0,2
Auda,8,6,0,2,18,8,10,18,latvia,0.75,0.25,10,2.25,1.33,4.0,3
Liepaja,8,4,1,3,10,9,1,13,latvia,0.5,0.5,1,1.25,2.0,2.0,4
Valmiera,8,3,2,3,15,12,3,11,latvia,0.38,0.62,3,1.88,2.63,1.61,5
Tukums,8,2,2,4,10,23,-13,8,latvia,0.25,0.75,-13,1.25,4.0,1.33,6
Metta,8,2,1,5,5,21,-16,7,latvia,0.25,0.75,-16,0.62,4.0,1.33,7
Grobina,8,1,1,6,3,19,-16,4,latvia,0.12,0.88,-16,0.38,8.33,1.14,8
FS Jelgava,8,1,1,6,9,29,-20,4,latvia,0.12,0.88,-20,1.12,8.33,1.14,8
Daugavpils,8,0,3,5,7,16,-9,3,latvia,0.0,1.0,-9,0.88,0.0,1.0,9
Kauno Zalgiris,8,4,3,1,12,11,1,15,lithuania,0.5,0.5,1,1.5,2.0,2.0,1
Dainava,8,4,2,2,10,6,4,14,lithuania,0.5,0.5,4,1.25,2.0,2.0,2
Hegelmann L.,8,4,2,2,13,10,3,14,lithuania,0.5,0.5,3,1.62,2.0,2.0,2
Zalgiris,8,3,2,3,11,7,4,11,lithuania,0.38,0.62,4,1.38,2.63,1.61,3
Panevezys,8,2,5,1,14,12,2,11,lithuania,0.25,0.75,2,1.75,4.0,1.33,3
Banga,8,3,1,4,7,11,-4,10,lithuania,0.38,0.62,-4,0.88,2.63,1.61,4
Suduva,8,2,2,4,11,10,1,8,lithuania,0.25,0.75,1,1.38,4.0,1.33,5
Dziugas Telsiai,8,2,2,4,6,6,0,8,lithuania,0.25,0.75,0,0.75,4.0,1.33,5
TransINVEST,8,2,2,4,7,10,-3,8,lithuania,0.25,0.75,-3,0.88,4.0,1.33,5
Siauliai,8,1,2,5,10,17,-7,5,lithuania,0.12,0.88,-7,1.25,8.33,1.14,6
Riteriai,8,7,0,1,14,4,10,21,lithuania2,0.88,0.12,10,1.75,1.14,8.33,1
Siauliai B,8,5,0,3,21,15,6,15,lithuania2,0.62,0.38,6,2.62,1.61,2.63,2
Babrungas,8,4,2,2,17,8,9,14,lithuania2,0.5,0.5,9,2.12,2.0,2.0,3
Tauras,8,4,2,2,16,11,5,14,lithuania2,0.5,0.5,5,2.0,2.0,2.0,3
Nevezis,8,4,2,2,11,7,4,14,lithuania2,0.5,0.5,4,1.38,2.0,2.0,3
Atmosfera,8,3,4,1,6,5,1,13,lithuania2,0.38,0.62,1,0.75,2.63,1.61,4
Ekranas,8,3,3,2,11,13,-2,12,lithuania2,0.38,0.62,-2,1.38,2.63,1.61,5
Neptuna K.,8,3,1,4,12,13,-1,10,lithuania2,0.38,0.62,-1,1.5,2.63,1.61,6
Panevezys B,8,3,1,4,10,15,-5,10,lithuania2,0.38,0.62,-5,1.25,2.63,1.61,6
BFA Vilnius,8,2,3,3,11,13,-2,9,lithuania2,0.25,0.75,-2,1.38,4.0,1.33,7
Be1 NFA,8,2,3,3,8,11,-3,9,lithuania2,0.25,0.75,-3,1.0,4.0,1.33,7
Kauno Z. B,8,3,0,5,10,20,-10,9,lithuania2,0.38,0.62,-10,1.25,2.63,1.61,7
Garliava,8,2,1,5,8,18,-10,7,lithuania2,0.25,0.75,-10,1.0,4.0,1.33,8
Hegelmann B,8,1,0,7,6,18,-12,3,lithuania2,0.12,0.88,-12,0.75,8.33,1.14,9
Minija,8,0,2,6,6,18,-12,2,lithuania2,0.0,1.0,-12,0.75,0.0,1.0,10
Banga B,8,0,0,8,2,23,-21,0,lithuania2,0.0,1.0,-21,0.25,0.0,1.0,11
Differdange,8,7,0,1,23,4,19,21,luxembourg,0.88,0.12,19,2.88,1.14,8.33,1
Dudelange,8,5,2,1,17,7,10,17,luxembourg,0.62,0.38,10,2.12,1.61,2.63,2
UNA Strassen,8,4,3,1,13,6,7,15,luxembourg,0.5,0.5,7,1.62,2.0,2.0,3
Mondorf,8,3,3,2,13,8,5,12,luxembourg,0.38,0.62,5,1.62,2.63,1.61,4
Hesperange,8,3,3,2,13,10,3,12,luxembourg,0.38,0.62,3,1.62,2.63,1.61,4
Niedercorn,8,3,2,3,9,8,1,11,luxembourg,0.38,0.62,1,1.12,2.63,1.61,5
Bettembourg,7,3,1,3,8,9,-1,10,luxembourg,0.43,0.57,-1,1.14,2.33,1.75,6
Racing,8,2,3,3,9,8,1,9,luxembourg,0.25,0.75,1,1.12,4.0,1.33,7
Hostert,8,3,0,5,14,16,-2,9,luxembourg,0.38,0.62,-2,1.75,2.63,1.61,7
Petange,8,2,3,3,5,8,-3,9,luxembourg,0.25,0.75,-3,0.62,4.0,1.33,7
Wiltz,8,3,0,5,11,15,-4,9,luxembourg,0.38,0.62,-4,1.38,2.63,1.61,7
Jeunesse Esch,8,2,2,4,7,18,-11,8,luxembourg,0.25,0.75,-11,0.88,4.0,1.33,8
V. Rosport,8,1,2,5,8,20,-12,5,luxembourg,0.12,0.88,-12,1.0,8.33,1.14,9
Mondercange,8,1,0,7,7,22,-15,3,luxembourg,0.12,0.88,-15,0.88,8.33,1.14,10
Rodange,8,0,0,8,9,27,-18,0,luxembourg,0.0,1.0,-18,1.12,0.0,1.0,11
Fola Esch,8,0,0,8,7,27,-20,0,luxembourg,0.0,1.0,-20,0.88,0.0,1.0,11
Johor Darul,8,7,1,0,26,4,22,22,malaysia,0.88,0.12,22,3.25,1.14,8.33,1
Selangor,8,5,3,0,13,5,8,18,malaysia,0.62,0.38,8,1.62,1.61,2.63,2
Perak,8,4,3,1,15,8,7,15,malaysia,0.5,0.5,7,1.88,2.0,2.0,3
Sabah,8,5,0,3,15,14,1,15,malaysia,0.62,0.38,1,1.88,1.61,2.63,3
Terengganu,8,3,3,2,10,10,0,12,malaysia,0.38,0.62,0,1.25,2.63,1.61,4
Kedah,8,3,1,4,6,18,-12,10,malaysia,0.38,0.62,-12,0.75,2.63,1.61,5
Kuching,7,2,2,3,8,11,-3,8,malaysia,0.29,0.71,-3,1.14,3.45,1.41,6
Pulau Pinang,8,2,1,5,13,18,-5,7,malaysia,0.25,0.75,-5,1.62,4.0,1.33,7
Kuala Lumpur,8,2,1,5,8,13,-5,7,malaysia,0.25,0.75,-5,1.0,4.0,1.33,7
Pahang,8,1,4,3,6,11,-5,7,malaysia,0.12,0.88,-5,0.75,8.33,1.14,7
Negeri Sembilan,8,1,3,4,10,16,-6,6,malaysia,0.12,0.88,-6,1.25,8.33,1.14,8
PDRM,8,1,2,5,5,17,-12,5,malaysia,0.12,0.88,-12,0.62,8.33,1.14,9
Kelantan United,8,1,0,7,4,27,-23,3,malaysia,0.12,0.88,-23,0.5,8.33,1.14,10
Hamrun Spartans,8,6,2,0,17,4,13,20,malta,0.75,0.25,13,2.12,1.33,4.0,1
Birkirkara,7,5,2,0,12,3,9,17,malta,0.71,0.29,9,1.71,1.41,3.45,2
Floriana,8,5,2,1,13,5,8,17,malta,0.62,0.38,8,1.62,1.61,2.63,2
Hibernians,8,5,1,2,15,11,4,16,malta,0.62,0.38,4,1.88,1.61,2.63,3
Marsaxlokk,8,4,2,2,12,7,5,14,malta,0.5,0.5,5,1.5,2.0,2.0,4
Sliema,8,3,2,3,9,6,3,11,malta,0.38,0.62,3,1.12,2.63,1.61,5
Melita,8,2,4,2,11,10,1,10,malta,0.25,0.75,1,1.38,4.0,1.33,6
Zabbar,8,3,1,4,11,12,-1,10,malta,0.38,0.62,-1,1.38,2.63,1.61,6
Gzira Utd,8,2,2,4,9,12,-3,8,malta,0.25,0.75,-3,1.12,4.0,1.33,7
Mosta,8,2,0,6,9,16,-7,6,malta,0.25,0.75,-7,1.12,4.0,1.33,8
Naxxar Lions,8,1,2,5,6,14,-8,5,malta,0.12,0.88,-8,0.75,8.33,1.14,9
Balzan,8,1,1,6,9,18,-9,4,malta,0.12,0.88,-9,1.12,8.33,1.14,10
Cruz Azul,8,6,1,1,19,9,10,19,mexico,0.75,0.25,10,2.38,1.33,4.0,1
Monterrey,8,4,2,2,10,7,3,14,mexico,0.5,0.5,3,1.25,2.0,2.0,2
Tigres,8,4,1,3,13,9,4,13,mexico,0.5,0.5,4,1.62,2.0,2.0,3
Toluca,8,3,3,2,10,9,1,12,mexico,0.38,0.62,1,1.25,2.63,1.61,4
Pumas UNAM,8,3,3,2,6,6,0,12,mexico,0.38,0.62,0,0.75,2.63,1.61,4
Juarez,8,4,0,4,10,18,-8,12,mexico,0.5,0.5,-8,1.25,2.0,2.0,4
Guadalajara,8,3,1,4,9,8,1,10,mexico,0.38,0.62,1,1.12,2.63,1.61,5
CF America,8,2,3,3,12,14,-2,9,mexico,0.25,0.75,-2,1.5,4.0,1.33,6
Tijuana,8,2,3,3,6,12,-6,9,mexico,0.25,0.75,-6,0.75,4.0,1.33,6
Atlas,8,2,2,4,7,16,-9,8,mexico,0.25,0.75,-9,0.88,4.0,1.33,7
A. San Luis,8,2,1,5,7,12,-5,7,mexico,0.25,0.75,-5,0.88,4.0,1.33,8
Club Leon,8,1,3,4,12,18,-6,6,mexico,0.12,0.88,-6,1.5,8.33,1.14,9
Queretaro,8,1,2,5,6,17,-11,5,mexico,0.12,0.88,-11,0.75,8.33,1.14,10
Mazatlan,8,0,4,4,0,7,-7,4,mexico,0.0,1.0,-7,0.0,0.0,1.0,11
Pachuca,8,1,1,6,7,16,-9,4,mexico,0.12,0.88,-9,0.88,8.33,1.14,11
Puebla,8,1,1,6,4,16,-12,4,mexico,0.12,0.88,-12,0.5,8.33,1.14,11
Necaxa,8,0,3,5,7,17,-10,3,mexico,0.0,1.0,-10,0.88,0.0,1.0,12
Santos Laguna,8,0,1,7,5,17,-12,1,mexico,0.0,1.0,-12,0.62,0.0,1.0,13
CF America,3,3,0,0,7,2,5,9,mexico2,1.0,0.0,5,2.33,1.0,0.0,1
Club Leon,3,3,0,0,6,3,3,9,mexico2,1.0,0.0,3,2.0,1.0,0.0,1
Necaxa,4,2,0,2,7,5,2,6,mexico2,0.5,0.5,2,1.75,2.0,2.0,2
Cruz Azul,3,2,0,1,6,4,2,6,mexico2,0.67,0.33,2,2.0,1.49,3.03,2
Pachuca,3,2,0,1,5,4,1,6,mexico2,0.67,0.33,1,1.67,1.49,3.03,2
Puebla,3,1,2,0,4,2,2,5,mexico2,0.33,0.67,2,1.33,3.03,1.49,3
Toluca,4,1,2,1,9,8,1,5,mexico2,0.25,0.75,1,2.25,4.0,1.33,3
Tigres,3,1,1,1,4,3,1,4,mexico2,0.33,0.67,1,1.33,3.03,1.49,4
Juarez,4,1,1,2,3,7,-4,4,mexico2,0.25,0.75,-4,0.75,4.0,1.33,4
Pumas UNAM,2,1,0,1,5,5,0,3,mexico2,0.5,0.5,0,2.5,2.0,2.0,5
Atlas,4,0,3,1,2,3,-1,3,mexico2,0.0,1.0,-1,0.5,0.0,1.0,5
Mazatlan,3,1,0,2,2,3,-1,3,mexico2,0.33,0.67,-1,0.67,3.03,1.49,5
A. San Luis,3,1,0,2,2,5,-3,3,mexico2,0.33,0.67,-3,0.67,3.03,1.49,5
Monterrey,3,0,2,1,5,6,-1,2,mexico2,0.0,1.0,-1,1.67,0.0,1.0,6
Queretaro,2,0,1,1,2,3,-1,1,mexico2,0.0,1.0,-1,1.0,0.0,1.0,7
Santos Laguna,5,0,1,4,4,8,-4,1,mexico2,0.0,1.0,-4,0.8,0.0,1.0,7
Tijuana,3,0,1,2,2,7,-5,1,mexico2,0.0,1.0,-5,0.67,0.0,1.0,7
Guadalajara,2,0,0,2,3,5,-2,0,mexico2,0.0,1.0,-2,1.5,0.0,1.0,8
Khangarid,5,4,0,1,10,4,6,12,mongolia,0.8,0.2,6,2.0,1.25,5.0,1
Erchim,5,3,1,1,14,6,8,10,mongolia,0.6,0.4,8,2.8,1.67,2.5,2
SP Falcons,4,3,0,1,10,1,9,9,mongolia,0.75,0.25,9,2.5,1.33,4.0,3
Deren,4,2,1,1,27,4,23,7,mongolia,0.5,0.5,23,6.75,2.0,2.0,4
FC Ulaanbaatar,4,2,1,1,16,5,11,7,mongolia,0.5,0.5,11,4.0,2.0,2.0,4
Hunters,5,2,1,2,6,10,-4,7,mongolia,0.4,0.6,-4,1.2,2.5,1.67,4
Bayanzurkh S.,6,2,0,4,25,11,14,6,mongolia,0.33,0.67,14,4.17,3.03,1.49,5
Khoromkhon,3,2,0,1,7,6,1,6,mongolia,0.67,0.33,1,2.33,1.49,3.03,5
Khovd,4,1,1,2,13,9,4,4,mongolia,0.25,0.75,4,3.25,4.0,1.33,6
Tuv Buganuud,4,0,0,4,0,48,-48,0,mongolia,0.0,1.0,-48,0.0,0.0,1.0,7
Buducnost,8,7,0,1,17,3,14,21,montenegro,0.88,0.12,14,2.12,1.14,8.33,1
Sutjeska,8,4,1,3,9,6,3,13,montenegro,0.5,0.5,3,1.12,2.0,2.0,2
Petrovac,8,4,1,3,9,8,1,13,montenegro,0.5,0.5,1,1.12,2.0,2.0,2
Bokelj,8,3,3,2,8,9,-1,12,montenegro,0.38,0.62,-1,1.0,2.63,1.61,3
Arsenal Tivat,8,3,2,3,10,11,-1,11,montenegro,0.38,0.62,-1,1.25,2.63,1.61,4
Mornar Bar,8,3,2,3,10,15,-5,11,montenegro,0.38,0.62,-5,1.25,2.63,1.61,4
Decic,8,1,6,1,8,9,-1,9,montenegro,0.12,0.88,-1,1.0,8.33,1.14,5
Jezero,8,1,3,4,6,10,-4,6,montenegro,0.12,0.88,-4,0.75,8.33,1.14,6
Otrant,8,0,4,4,1,5,-4,4,montenegro,0.0,1.0,-4,0.12,0.0,1.0,7
Jedinstvo,8,1,1,6,5,19,-14,4,montenegro,0.12,0.88,-14,0.62,8.33,1.14,7
Berkane,8,6,2,0,13,4,9,20,morocco,0.75,0.25,9,1.62,1.33,4.0,1
R. Zemamra,8,5,1,2,7,3,4,16,morocco,0.62,0.38,4,0.88,1.61,2.63,2
Maghreb de Fes,8,4,3,1,14,7,7,15,morocco,0.5,0.5,7,1.75,2.0,2.0,3
Wydad,8,3,4,1,9,7,2,13,morocco,0.38,0.62,2,1.12,2.63,1.61,4
FUS Rabat,8,4,1,3,8,6,2,13,morocco,0.5,0.5,2,1.0,2.0,2.0,4
FAR Rabat,8,2,3,3,8,8,0,9,morocco,0.25,0.75,0,1.0,4.0,1.33,5
Olympic Safi,8,2,3,3,8,11,-3,9,morocco,0.25,0.75,-3,1.0,4.0,1.33,5
Raja Casablanca,8,2,2,4,7,10,-3,8,morocco,0.25,0.75,-3,0.88,4.0,1.33,6
Difaa El Jadida,8,1,4,3,10,13,-3,7,morocco,0.12,0.88,-3,1.25,8.33,1.14,7
Union Touarga,8,1,3,4,8,10,-2,6,morocco,0.12,0.88,-2,1.0,8.33,1.14,8
Ittihad Tanger,8,1,3,4,10,14,-4,6,morocco,0.12,0.88,-4,1.25,8.33,1.14,8
JS Sousalem,8,1,2,5,4,11,-7,5,morocco,0.12,0.88,-7,0.5,8.33,1.14,9
Meknes,8,1,2,5,7,19,-12,5,morocco,0.12,0.88,-12,0.88,8.33,1.14,9
Moghreb Tetouan,8,1,1,6,5,12,-7,4,morocco,0.12,0.88,-7,0.62,8.33,1.14,10
Hassania Agadir,8,1,1,6,4,11,-7,4,morocco,0.12,0.88,-7,0.5,8.33,1.14,10
C. Mohammedia,8,0,3,5,5,15,-10,3,morocco,0.0,1.0,-10,0.62,0.0,1.0,11
Kawkab M.,8,3,4,1,7,5,2,13,morocco2,0.38,0.62,2,0.88,2.63,1.61,1
R. Beni Mellal,8,2,4,2,9,6,3,10,morocco2,0.25,0.75,3,1.12,4.0,1.33,2
Stade Marocain,8,2,4,2,7,8,-1,10,morocco2,0.25,0.75,-1,0.88,4.0,1.33,2
RAC Casablanca,7,3,1,3,10,12,-2,10,morocco2,0.43,0.57,-2,1.43,2.33,1.75,2
Wydad Fes,8,3,1,4,8,10,-2,10,morocco2,0.38,0.62,-2,1.0,2.63,1.61,2
C. Benguerir,7,2,3,2,8,8,0,9,morocco2,0.29,0.71,0,1.14,3.45,1.41,3
Dcheira,8,2,3,3,7,7,0,9,morocco2,0.25,0.75,0,0.88,4.0,1.33,3
El Massira,8,1,5,2,8,8,0,8,morocco2,0.12,0.88,0,1.0,8.33,1.14,4
Yacoub El Manso,8,2,2,4,6,10,-4,8,morocco2,0.25,0.75,-4,0.75,4.0,1.33,4
Khouribga,7,2,1,4,7,13,-6,7,morocco2,0.29,0.71,-6,1.0,3.45,1.41,5
Youssoufia B.,8,1,3,4,7,9,-2,6,morocco2,0.12,0.88,-2,0.88,8.33,1.14,6
KAC Kenitra,8,0,6,2,8,13,-5,6,morocco2,0.0,1.0,-5,1.0,0.0,1.0,6
Chabab Atlas K.,8,0,5,3,5,12,-7,5,morocco2,0.0,1.0,-7,0.62,0.0,1.0,7
USM Oujda,8,0,5,3,3,14,-11,5,morocco2,0.0,1.0,-11,0.38,0.0,1.0,7
Rapide Oued Z.,8,0,4,4,3,8,-5,4,morocco2,0.0,1.0,-5,0.38,0.0,1.0,8
Mouloudia Oujda,8,0,3,5,5,14,-9,3,morocco2,0.0,1.0,-9,0.62,0.0,1.0,9
Shan Utd,8,7,1,0,27,5,22,22,myanmar,0.88,0.12,22,3.38,1.14,8.33,1
Yangon Utd,8,6,2,0,29,10,19,20,myanmar,0.75,0.25,19,3.62,1.33,4.0,2
Dagon,8,6,1,1,17,4,13,19,myanmar,0.75,0.25,13,2.12,1.33,4.0,3
Hantharwady,8,6,1,1,14,6,8,19,myanmar,0.75,0.25,8,1.75,1.33,4.0,3
Thitsar Arman,8,4,1,3,17,14,3,13,myanmar,0.5,0.5,3,2.12,2.0,2.0,4
Ayeyawady,8,3,1,4,12,15,-3,10,myanmar,0.38,0.62,-3,1.5,2.63,1.61,5
Sagaing Utd,8,3,0,5,13,14,-1,9,myanmar,0.38,0.62,-1,1.62,2.63,1.61,6
Ispe FC,8,2,3,3,9,10,-1,9,myanmar,0.25,0.75,-1,1.12,4.0,1.33,6
Yadanarbon,8,2,2,4,8,12,-4,8,myanmar,0.25,0.75,-4,1.0,4.0,1.33,7
Rakhine Utd,8,1,2,5,12,21,-9,5,myanmar,0.12,0.88,-9,1.5,8.33,1.14,8
Dagon Port,8,1,2,5,13,30,-17,5,myanmar,0.12,0.88,-17,1.62,8.33,1.14,8
Myawady,8,1,1,6,5,14,-9,4,myanmar,0.12,0.88,-9,0.62,8.33,1.14,9
Ajax Amsterdam,8,6,1,1,17,8,9,19,netherlands,0.75,0.25,9,2.12,1.33,4.0,1
FC Utrecht,8,5,3,0,18,10,8,18,netherlands,0.62,0.38,8,2.25,1.61,2.63,2
Feyenoord,8,4,2,2,17,11,6,14,netherlands,0.5,0.5,6,2.12,2.0,2.0,3
AZ Alkmaar,8,4,2,2,12,9,3,14,netherlands,0.5,0.5,3,1.5,2.0,2.0,3
PSV Eindhoven,8,4,1,3,18,13,5,13,netherlands,0.5,0.5,5,2.25,2.0,2.0,4
Go Ahead Eagles,8,3,2,3,15,14,1,11,netherlands,0.38,0.62,1,1.88,2.63,1.61,5
Willem II,8,3,1,4,7,13,-6,10,netherlands,0.38,0.62,-6,0.88,2.63,1.61,6
FC Twente,8,2,3,3,12,17,-5,9,netherlands,0.25,0.75,-5,1.5,4.0,1.33,7
Fortuna Sittard,8,1,5,2,13,15,-2,8,netherlands,0.12,0.88,-2,1.62,8.33,1.14,8
NAC Breda,8,2,1,5,9,16,-7,7,netherlands,0.25,0.75,-7,1.12,4.0,1.33,9
PEC Zwolle,8,1,4,3,8,15,-7,7,netherlands,0.12,0.88,-7,1.0,8.33,1.14,9
Heracles Almelo,8,2,1,5,8,18,-10,7,netherlands,0.25,0.75,-10,1.0,4.0,1.33,9
RKC Waalwijk,8,1,3,4,14,17,-3,6,netherlands,0.12,0.88,-3,1.75,8.33,1.14,10
NEC Nijmegen,8,2,0,6,6,15,-9,6,netherlands,0.25,0.75,-9,0.75,4.0,1.33,10
Heerenveen,8,2,0,6,7,18,-11,6,netherlands,0.25,0.75,-11,0.88,4.0,1.33,10
Sparta,8,1,2,5,4,11,-7,5,netherlands,0.12,0.88,-7,0.5,8.33,1.14,11
Almere City,8,1,2,5,3,12,-9,5,netherlands,0.12,0.88,-9,0.38,8.33,1.14,11
FC Groningen,8,0,1,7,3,21,-18,1,netherlands,0.0,1.0,-18,0.38,0.0,1.0,12
Cambuur,8,6,1,1,21,9,12,19,netherlands2,0.75,0.25,12,2.62,1.33,4.0,1
FC Volendam,8,4,3,1,14,10,4,15,netherlands2,0.5,0.5,4,1.75,2.0,2.0,2
FC Dordrecht,8,5,0,3,13,11,2,15,netherlands2,0.62,0.38,2,1.62,1.61,2.63,2
FC Emmen,8,4,1,3,13,12,1,13,netherlands2,0.5,0.5,1,1.62,2.0,2.0,3
Excelsior,8,3,3,2,11,7,4,12,netherlands2,0.38,0.62,4,1.38,2.63,1.61,4
VVV,8,4,0,4,11,15,-4,12,netherlands2,0.5,0.5,-4,1.38,2.0,2.0,4
ADO Den Haag,8,3,2,3,13,10,3,11,netherlands2,0.38,0.62,3,1.62,2.63,1.61,5
Roda JC,8,3,1,4,14,14,0,10,netherlands2,0.38,0.62,0,1.75,2.63,1.61,6
FC Eindhoven,8,3,1,4,15,17,-2,10,netherlands2,0.38,0.62,-2,1.88,2.63,1.61,6
FC Den Bosch,8,3,1,4,9,12,-3,10,netherlands2,0.38,0.62,-3,1.12,2.63,1.61,6
Jong AZ,8,2,2,4,10,12,-2,8,netherlands2,0.25,0.75,-2,1.25,4.0,1.33,7
De Graafschap,8,1,4,3,7,12,-5,7,netherlands2,0.12,0.88,-5,0.88,8.33,1.14,8
Helmond Sport,8,2,1,5,9,19,-10,7,netherlands2,0.25,0.75,-10,1.12,4.0,1.33,8
Telstar,8,2,0,6,6,15,-9,6,netherlands2,0.25,0.75,-9,0.75,4.0,1.33,9
MVV Maastricht,8,1,2,5,10,16,-6,5,netherlands2,0.12,0.88,-6,1.25,8.33,1.14,10
Vitesse Arnhem,8,1,2,5,13,24,-11,5,netherlands2,0.12,0.88,-11,1.62,8.33,1.14,10
Jong PSV,8,1,1,6,7,16,-9,4,netherlands2,0.12,0.88,-9,0.88,8.33,1.14,11
TOP Oss,8,0,4,4,3,12,-9,4,netherlands2,0.0,1.0,-9,0.38,0.0,1.0,11
Jong Utrecht,8,0,2,6,3,19,-16,2,netherlands2,0.0,1.0,-16,0.38,0.0,1.0,12
Jong Ajax,8,0,0,8,5,19,-14,0,netherlands2,0.0,1.0,-14,0.62,0.0,1.0,13
Diriangen,8,4,4,0,21,7,14,16,nicaragua,0.5,0.5,14,2.62,2.0,2.0,1
Real Esteli,8,5,1,2,14,9,5,16,nicaragua,0.62,0.38,5,1.75,1.61,2.63,1
Walter Ferreti,8,4,2,2,8,5,3,14,nicaragua,0.5,0.5,3,1.0,2.0,2.0,2
Matagalpa,8,3,3,2,9,7,2,12,nicaragua,0.38,0.62,2,1.12,2.63,1.61,3
Export Sebaco,8,1,4,3,7,10,-3,7,nicaragua,0.12,0.88,-3,0.88,8.33,1.14,4
Managua FC,8,1,3,4,9,15,-6,6,nicaragua,0.12,0.88,-6,1.12,8.33,1.14,5
Jalapa,8,1,2,5,8,21,-13,5,nicaragua,0.12,0.88,-13,1.0,8.33,1.14,6
UNAN Managua,8,1,1,6,7,17,-10,4,nicaragua,0.12,0.88,-10,0.88,8.33,1.14,7
Rancho Santana,8,1,1,6,5,15,-10,4,nicaragua,0.12,0.88,-10,0.62,8.33,1.14,7
D. Ocotal,8,0,2,6,3,24,-21,2,nicaragua,0.0,1.0,-21,0.38,0.0,1.0,8
Glentoran,8,6,1,1,17,8,9,19,northernireland,0.75,0.25,9,2.12,1.33,4.0,1
Linfield,8,5,2,1,13,6,7,17,northernireland,0.62,0.38,7,1.62,1.61,2.63,2
Larne,8,5,1,2,12,6,6,16,northernireland,0.62,0.38,6,1.5,1.61,2.63,3
Dungannon,8,4,1,3,13,10,3,13,northernireland,0.5,0.5,3,1.62,2.0,2.0,4
Coleraine,8,3,2,3,14,12,2,11,northernireland,0.38,0.62,2,1.75,2.63,1.61,5
Portadown,8,3,2,3,12,10,2,11,northernireland,0.38,0.62,2,1.5,2.63,1.61,5
Ballymena Utd,8,3,2,3,8,9,-1,11,northernireland,0.38,0.62,-1,1.0,2.63,1.61,5
Crusaders,8,3,1,4,7,10,-3,10,northernireland,0.38,0.62,-3,0.88,2.63,1.61,6
Cliftonville,8,2,2,4,8,11,-3,8,northernireland,0.25,0.75,-3,1.0,4.0,1.33,7
Glenavon,8,2,2,4,5,9,-4,8,northernireland,0.25,0.75,-4,0.62,4.0,1.33,7
Carrick Rangers,8,1,4,3,6,12,-6,7,northernireland,0.12,0.88,-6,0.75,8.33,1.14,8
Loughgall,8,1,1,6,6,17,-11,4,northernireland,0.12,0.88,-11,0.75,8.33,1.14,9
Bangor,8,4,1,3,14,10,4,13,northernireland2,0.5,0.5,4,1.75,2.0,2.0,1
Dundela,8,4,1,3,14,15,-1,13,northernireland2,0.5,0.5,-1,1.75,2.0,2.0,1
Limavady,8,3,3,2,15,8,7,12,northernireland2,0.38,0.62,7,1.88,2.63,1.61,2
Ards,8,3,3,2,13,12,1,12,northernireland2,0.38,0.62,1,1.62,2.63,1.61,2
Annagh Utd,8,3,1,4,11,10,1,10,northernireland2,0.38,0.62,1,1.38,2.63,1.61,3
HW Welders,8,2,4,2,12,13,-1,10,northernireland2,0.25,0.75,-1,1.5,4.0,1.33,3
Ballyclare,8,3,0,5,9,17,-8,9,northernireland2,0.38,0.62,-8,1.12,2.63,1.61,4
Armagh City,8,1,5,2,9,10,-1,8,northernireland2,0.12,0.88,-1,1.12,8.33,1.14,5
Institute,8,2,2,4,13,16,-3,8,northernireland2,0.25,0.75,-3,1.62,4.0,1.33,5
Newington,8,2,1,5,6,14,-8,7,northernireland2,0.25,0.75,-8,0.75,4.0,1.33,6
Ballinamallard,8,2,0,6,11,16,-5,6,northernireland2,0.25,0.75,-5,1.38,4.0,1.33,7
Newry City,8,1,0,7,4,20,-16,3,northernireland2,0.12,0.88,-16,0.5,8.33,1.14,8
Sileks,8,5,2,1,11,2,9,17,northmacedonia,0.62,0.38,9,1.38,1.61,2.63,1
Gostivar,8,4,3,1,9,4,5,15,northmacedonia,0.5,0.5,5,1.12,2.0,2.0,2
Rabotnicki,8,3,4,1,8,3,5,13,northmacedonia,0.38,0.62,5,1.0,2.63,1.61,3
Struga,8,3,4,1,12,9,3,13,northmacedonia,0.38,0.62,3,1.5,2.63,1.61,3
Shkendija,8,3,4,1,6,4,2,13,northmacedonia,0.38,0.62,2,0.75,2.63,1.61,3
Shkupi,8,2,1,5,9,12,-3,7,northmacedonia,0.25,0.75,-3,1.12,4.0,1.33,4
Brera Strumica,8,2,1,5,8,16,-8,7,northmacedonia,0.25,0.75,-8,1.0,4.0,1.33,4
Vardar,8,1,2,5,3,12,-9,5,northmacedonia,0.12,0.88,-9,0.38,8.33,1.14,5
Pelister,8,1,2,5,4,14,-10,5,northmacedonia,0.12,0.88,-10,0.5,8.33,1.14,5
Tikves,8,0,4,4,3,9,-6,4,northmacedonia,0.0,1.0,-6,0.38,0.0,1.0,6
Voska Sport,8,1,1,6,8,20,-12,4,northmacedonia,0.12,0.88,-12,1.0,8.33,1.14,6
Besa,8,0,3,5,6,14,-8,3,northmacedonia,0.0,1.0,-8,0.75,0.0,1.0,7
Bodo.Glimt,0,0,0,0,0,0,0,0,norway,0.0,0.0,0,0.0,0.0,0.0,1
Brann,0,0,0,0,0,0,0,0,norway,0.0,0.0,0,0.0,0.0,0.0,1
Bryne,0,0,0,0,0,0,0,0,norway,0.0,0.0,0,0.0,0.0,0.0,1
Fredrikstad,0,0,0,0,0,0,0,0,norway,0.0,0.0,0,0.0,0.0,0.0,1
HamKam,0,0,0,0,0,0,0,0,norway,0.0,0.0,0,0.0,0.0,0.0,1
Haugesund,0,0,0,0,0,0,0,0,norway,0.0,0.0,0,0.0,0.0,0.0,1
KFUM Oslo,0,0,0,0,0,0,0,0,norway,0.0,0.0,0,0.0,0.0,0.0,1
Kristiansund,0,0,0,0,0,0,0,0,norway,0.0,0.0,0,0.0,0.0,0.0,1
Molde,0,0,0,0,0,0,0,0,norway,0.0,0.0,0,0.0,0.0,0.0,1
Rosenborg,0,0,0,0,0,0,0,0,norway,0.0,0.0,0,0.0,0.0,0.0,1
Sandefjord,0,0,0,0,0,0,0,0,norway,0.0,0.0,0,0.0,0.0,0.0,1
Sarpsborg 08,0,0,0,0,0,0,0,0,norway,0.0,0.0,0,0.0,0.0,0.0,1
Stromsgodset,0,0,0,0,0,0,0,0,norway,0.0,0.0,0,0.0,0.0,0.0,1
Tromso,0,0,0,0,0,0,0,0,norway,0.0,0.0,0,0.0,0.0,0.0,1
Valerenga,0,0,0,0,0,0,0,0,norway,0.0,0.0,0,0.0,0.0,0.0,1
Viking,0,0,0,0,0,0,0,0,norway,0.0,0.0,0,0.0,0.0,0.0,1
Aalesund,0,0,0,0,0,0,0,0,norway2,0.0,0.0,0,0.0,0.0,0.0,1
Asane,0,0,0,0,0,0,0,0,norway2,0.0,0.0,0,0.0,0.0,0.0,1
Egersund,0,0,0,0,0,0,0,0,norway2,0.0,0.0,0,0.0,0.0,0.0,1
Hodd,0,0,0,0,0,0,0,0,norway2,0.0,0.0,0,0.0,0.0,0.0,1
Kongsvinger,0,0,0,0,0,0,0,0,norway2,0.0,0.0,0,0.0,0.0,0.0,1
Lillestrom,0,0,0,0,0,0,0,0,norway2,0.0,0.0,0,0.0,0.0,0.0,1
Lyn,0,0,0,0,0,0,0,0,norway2,0.0,0.0,0,0.0,0.0,0.0,1
Mjondalen,0,0,0,0,0,0,0,0,norway2,0.0,0.0,0,0.0,0.0,0.0,1
Moss,0,0,0,0,0,0,0,0,norway2,0.0,0.0,0,0.0,0.0,0.0,1
Odd,0,0,0,0,0,0,0,0,norway2,0.0,0.0,0,0.0,0.0,0.0,1
Ranheim,0,0,0,0,0,0,0,0,norway2,0.0,0.0,0,0.0,0.0,0.0,1
Raufoss,0,0,0,0,0,0,0,0,norway2,0.0,0.0,0,0.0,0.0,0.0,1
Skeid,0,0,0,0,0,0,0,0,norway2,0.0,0.0,0,0.0,0.0,0.0,1
Sogndal,0,0,0,0,0,0,0,0,norway2,0.0,0.0,0,0.0,0.0,0.0,1
Stabaek,0,0,0,0,0,0,0,0,norway2,0.0,0.0,0,0.0,0.0,0.0,1
Start,0,0,0,0,0,0,0,0,norway2,0.0,0.0,0,0.0,0.0,0.0,1
Arendal,0,0,0,0,0,0,0,0,norway3,0.0,0.0,0,0.0,0.0,0.0,1
Brann B,0,0,0,0,0,0,0,0,norway3,0.0,0.0,0,0.0,0.0,0.0,1
Brattvag,0,0,0,0,0,0,0,0,norway3,0.0,0.0,0,0.0,0.0,0.0,1
Eik Tonsberg,0,0,0,0,0,0,0,0,norway3,0.0,0.0,0,0.0,0.0,0.0,1
Flekkeroy,0,0,0,0,0,0,0,0,norway3,0.0,0.0,0,0.0,0.0,0.0,1
Jerv,0,0,0,0,0,0,0,0,norway3,0.0,0.0,0,0.0,0.0,0.0,1
Lysekloster,0,0,0,0,0,0,0,0,norway3,0.0,0.0,0,0.0,0.0,0.0,1
Notodden,0,0,0,0,0,0,0,0,norway3,0.0,0.0,0,0.0,0.0,0.0,1
Pors Grenland,0,0,0,0,0,0,0,0,norway3,0.0,0.0,0,0.0,0.0,0.0,1
Sandnes Ulf,0,0,0,0,0,0,0,0,norway3,0.0,0.0,0,0.0,0.0,0.0,1
Sandviken,0,0,0,0,0,0,0,0,norway3,0.0,0.0,0,0.0,0.0,0.0,1
Sotra,0,0,0,0,0,0,0,0,norway3,0.0,0.0,0,0.0,0.0,0.0,1
Traef,0,0,0,0,0,0,0,0,norway3,0.0,0.0,0,0.0,0.0,0.0,1
V. Haugesund,0,0,0,0,0,0,0,0,norway3,0.0,0.0,0,0.0,0.0,0.0,1
Alta,0,0,0,0,0,0,0,0,norway4,0.0,0.0,0,0.0,0.0,0.0,1
Asker,0,0,0,0,0,0,0,0,norway4,0.0,0.0,0,0.0,0.0,0.0,1
Eidsvold,0,0,0,0,0,0,0,0,norway4,0.0,0.0,0,0.0,0.0,0.0,1
Follo,0,0,0,0,0,0,0,0,norway4,0.0,0.0,0,0.0,0.0,0.0,1
Grorud,0,0,0,0,0,0,0,0,norway4,0.0,0.0,0,0.0,0.0,0.0,1
Honefoss,0,0,0,0,0,0,0,0,norway4,0.0,0.0,0,0.0,0.0,0.0,1
Kjelsas,0,0,0,0,0,0,0,0,norway4,0.0,0.0,0,0.0,0.0,0.0,1
Levanger,0,0,0,0,0,0,0,0,norway4,0.0,0.0,0,0.0,0.0,0.0,1
Rana,0,0,0,0,0,0,0,0,norway4,0.0,0.0,0,0.0,0.0,0.0,1
Stjordals-Blink,0,0,0,0,0,0,0,0,norway4,0.0,0.0,0,0.0,0.0,0.0,1
Strindheim,0,0,0,0,0,0,0,0,norway4,0.0,0.0,0,0.0,0.0,0.0,1
Strommen,0,0,0,0,0,0,0,0,norway4,0.0,0.0,0,0.0,0.0,0.0,1
Tromsdalen,0,0,0,0,0,0,0,0,norway4,0.0,0.0,0,0.0,0.0,0.0,1
Ull/Kisa,0,0,0,0,0,0,0,0,norway4,0.0,0.0,0,0.0,0.0,0.0,1
Alta B,0,0,0,0,0,0,0,0,norway5,0.0,0.0,0,0.0,0.0,0.0,1
Baerum,0,0,0,0,0,0,0,0,norway5,0.0,0.0,0,0.0,0.0,0.0,1
Floya,0,0,0,0,0,0,0,0,norway5,0.0,0.0,0,0.0,0.0,0.0,1
Frigg,0,0,0,0,0,0,0,0,norway5,0.0,0.0,0,0.0,0.0,0.0,1
Funnefoss/V.,0,0,0,0,0,0,0,0,norway5,0.0,0.0,0,0.0,0.0,0.0,1
Gamle Oslo,0,0,0,0,0,0,0,0,norway5,0.0,0.0,0,0.0,0.0,0.0,1
Harstad,0,0,0,0,0,0,0,0,norway5,0.0,0.0,0,0.0,0.0,0.0,1
Junkeren,0,0,0,0,0,0,0,0,norway5,0.0,0.0,0,0.0,0.0,0.0,1
KFUM B,0,0,0,0,0,0,0,0,norway5,0.0,0.0,0,0.0,0.0,0.0,1
Skjervoy,0,0,0,0,0,0,0,0,norway5,0.0,0.0,0,0.0,0.0,0.0,1
Sortland,0,0,0,0,0,0,0,0,norway5,0.0,0.0,0,0.0,0.0,0.0,1
Tromso B,0,0,0,0,0,0,0,0,norway5,0.0,0.0,0,0.0,0.0,0.0,1
Ulfstind,0,0,0,0,0,0,0,0,norway5,0.0,0.0,0,0.0,0.0,0.0,1
Ullern,0,0,0,0,0,0,0,0,norway5,0.0,0.0,0,0.0,0.0,0.0,1
Aalesund B,0,0,0,0,0,0,0,0,norway6,0.0,0.0,0,0.0,0.0,0.0,1
Byasen,0,0,0,0,0,0,0,0,norway6,0.0,0.0,0,0.0,0.0,0.0,1
Kristiansund B,0,0,0,0,0,0,0,0,norway6,0.0,0.0,0,0.0,0.0,0.0,1
Kvik Trondheim,0,0,0,0,0,0,0,0,norway6,0.0,0.0,0,0.0,0.0,0.0,1
Melhus,0,0,0,0,0,0,0,0,norway6,0.0,0.0,0,0.0,0.0,0.0,1
Molde B,0,0,0,0,0,0,0,0,norway6,0.0,0.0,0,0.0,0.0,0.0,1
Nardo,0,0,0,0,0,0,0,0,norway6,0.0,0.0,0,0.0,0.0,0.0,1
Ranheim B,0,0,0,0,0,0,0,0,norway6,0.0,0.0,0,0.0,0.0,0.0,1
Rosenborg B,0,0,0,0,0,0,0,0,norway6,0.0,0.0,0,0.0,0.0,0.0,1
Spjelkavik,0,0,0,0,0,0,0,0,norway6,0.0,0.0,0,0.0,0.0,0.0,1
Surnadal,0,0,0,0,0,0,0,0,norway6,0.0,0.0,0,0.0,0.0,0.0,1
Tiller,0,0,0,0,0,0,0,0,norway6,0.0,0.0,0,0.0,0.0,0.0,1
Trygg.Lade,0,0,0,0,0,0,0,0,norway6,0.0,0.0,0,0.0,0.0,0.0,1
Volda,0,0,0,0,0,0,0,0,norway6,0.0,0.0,0,0.0,0.0,0.0,1
Assiden IF,0,0,0,0,0,0,0,0,norway7,0.0,0.0,0,0.0,0.0,0.0,1
Bjorkelangen,0,0,0,0,0,0,0,0,norway7,0.0,0.0,0,0.0,0.0,0.0,1
Elverum,0,0,0,0,0,0,0,0,norway7,0.0,0.0,0,0.0,0.0,0.0,1
Gjovik-Lyn,0,0,0,0,0,0,0,0,norway7,0.0,0.0,0,0.0,0.0,0.0,1
HamKam B,0,0,0,0,0,0,0,0,norway7,0.0,0.0,0,0.0,0.0,0.0,1
Kongsvinger B,0,0,0,0,0,0,0,0,norway7,0.0,0.0,0,0.0,0.0,0.0,1
Lillehammer,0,0,0,0,0,0,0,0,norway7,0.0,0.0,0,0.0,0.0,0.0,1
Lillestrom B,0,0,0,0,0,0,0,0,norway7,0.0,0.0,0,0.0,0.0,0.0,1
Lorenskog,0,0,0,0,0,0,0,0,norway7,0.0,0.0,0,0.0,0.0,0.0,1
Nordstrand,0,0,0,0,0,0,0,0,norway7,0.0,0.0,0,0.0,0.0,0.0,1
Skedsmo,0,0,0,0,0,0,0,0,norway7,0.0,0.0,0,0.0,0.0,0.0,1
Skjetten,0,0,0,0,0,0,0,0,norway7,0.0,0.0,0,0.0,0.0,0.0,1
Stromsgodset B,0,0,0,0,0,0,0,0,norway7,0.0,0.0,0,0.0,0.0,0.0,1
Ull/Kisa B,0,0,0,0,0,0,0,0,norway7,0.0,0.0,0,0.0,0.0,0.0,1
Asane B,0,0,0,0,0,0,0,0,norway8,0.0,0.0,0,0.0,0.0,0.0,1
Askoy,0,0,0,0,0,0,0,0,norway8,0.0,0.0,0,0.0,0.0,0.0,1
Bjarg,0,0,0,0,0,0,0,0,norway8,0.0,0.0,0,0.0,0.0,0.0,1
Fana,0,0,0,0,0,0,0,0,norway8,0.0,0.0,0,0.0,0.0,0.0,1
Fjora,0,0,0,0,0,0,0,0,norway8,0.0,0.0,0,0.0,0.0,0.0,1
Forde,0,0,0,0,0,0,0,0,norway8,0.0,0.0,0,0.0,0.0,0.0,1
Fyllingsdalen,0,0,0,0,0,0,0,0,norway8,0.0,0.0,0,0.0,0.0,0.0,1
Gneist,0,0,0,0,0,0,0,0,norway8,0.0,0.0,0,0.0,0.0,0.0,1
Loddefjord,0,0,0,0,0,0,0,0,norway8,0.0,0.0,0,0.0,0.0,0.0,1
Lyn B,0,0,0,0,0,0,0,0,norway8,0.0,0.0,0,0.0,0.0,0.0,1
Lyngbo,0,0,0,0,0,0,0,0,norway8,0.0,0.0,0,0.0,0.0,0.0,1
OS,0,0,0,0,0,0,0,0,norway8,0.0,0.0,0,0.0,0.0,0.0,1
Sandefjord B,0,0,0,0,0,0,0,0,norway8,0.0,0.0,0,0.0,0.0,0.0,1
Valerenga B,0,0,0,0,0,0,0,0,norway8,0.0,0.0,0,0.0,0.0,0.0,1
Brodd,0,0,0,0,0,0,0,0,norway9,0.0,0.0,0,0.0,0.0,0.0,1
Djerv,0,0,0,0,0,0,0,0,norway9,0.0,0.0,0,0.0,0.0,0.0,1
Haugesund B,0,0,0,0,0,0,0,0,norway9,0.0,0.0,0,0.0,0.0,0.0,1
Hinna,0,0,0,0,0,0,0,0,norway9,0.0,0.0,0,0.0,0.0,0.0,1
Madla,0,0,0,0,0,0,0,0,norway9,0.0,0.0,0,0.0,0.0,0.0,1
Sandnes Ulf B,0,0,0,0,0,0,0,0,norway9,0.0,0.0,0,0.0,0.0,0.0,1
Sola,0,0,0,0,0,0,0,0,norway9,0.0,0.0,0,0.0,0.0,0.0,1
Staal Jorpeland,0,0,0,0,0,0,0,0,norway9,0.0,0.0,0,0.0,0.0,0.0,1
Stord,0,0,0,0,0,0,0,0,norway9,0.0,0.0,0,0.0,0.0,0.0,1
Torvastad,0,0,0,0,0,0,0,0,norway9,0.0,0.0,0,0.0,0.0,0.0,1
Vag,0,0,0,0,0,0,0,0,norway9,0.0,0.0,0,0.0,0.0,0.0,1
Vidar,0,0,0,0,0,0,0,0,norway9,0.0,0.0,0,0.0,0.0,0.0,1
Viking B,0,0,0,0,0,0,0,0,norway9,0.0,0.0,0,0.0,0.0,0.0,1
Vindbjart,0,0,0,0,0,0,0,0,norway9,0.0,0.0,0,0.0,0.0,0.0,1
Drobak-Frogn,0,0,0,0,0,0,0,0,norway10,0.0,0.0,0,0.0,0.0,0.0,1
Flint,0,0,0,0,0,0,0,0,norway10,0.0,0.0,0,0.0,0.0,0.0,1
Fram,0,0,0,0,0,0,0,0,norway10,0.0,0.0,0,0.0,0.0,0.0,1
Fredrikstad B,0,0,0,0,0,0,0,0,norway10,0.0,0.0,0,0.0,0.0,0.0,1
Grei,0,0,0,0,0,0,0,0,norway10,0.0,0.0,0,0.0,0.0,0.0,1
IF Ready,0,0,0,0,0,0,0,0,norway10,0.0,0.0,0,0.0,0.0,0.0,1
Kvik Halden,0,0,0,0,0,0,0,0,norway10,0.0,0.0,0,0.0,0.0,0.0,1
Lokomotiv Oslo,0,0,0,0,0,0,0,0,norway10,0.0,0.0,0,0.0,0.0,0.0,1
Odd B,0,0,0,0,0,0,0,0,norway10,0.0,0.0,0,0.0,0.0,0.0,1
Oppsal,0,0,0,0,0,0,0,0,norway10,0.0,0.0,0,0.0,0.0,0.0,1
Orn Horten,0,0,0,0,0,0,0,0,norway10,0.0,0.0,0,0.0,0.0,0.0,1
Pors Grenland B,0,0,0,0,0,0,0,0,norway10,0.0,0.0,0,0.0,0.0,0.0,1
Sarpsborg 08 B,0,0,0,0,0,0,0,0,norway10,0.0,0.0,0,0.0,0.0,0.0,1
Stabaek B,0,0,0,0,0,0,0,0,norway10,0.0,0.0,0,0.0,0.0,0.0,1
Alianza,3,1,2,0,5,4,1,5,panama,0.33,0.67,1,1.67,3.03,1.49,1
UMECIT,3,1,1,1,5,4,1,4,panama,0.33,0.67,1,1.67,3.03,1.49,2
San Francisco,3,1,1,1,2,2,0,4,panama,0.33,0.67,0,0.67,3.03,1.49,2
Independiente,2,1,0,1,3,3,0,3,panama,0.5,0.5,0,1.5,2.0,2.0,3
San Miguelito,2,1,0,1,2,2,0,3,panama,0.5,0.5,0,1.0,2.0,2.0,3
Costa del Este,2,0,2,0,2,2,0,2,panama,0.0,1.0,0,1.0,0.0,1.0,4
Universitario,1,0,1,0,0,0,0,1,panama,0.0,1.0,0,0.0,0.0,1.0,5
Plaza Amador,2,0,1,1,2,6,-4,1,panama,0.0,1.0,-4,1.0,0.0,1.0,5
Veraguas,2,0,1,1,0,4,-4,1,panama,0.0,1.0,-4,0.0,0.0,1.0,5
Arabe Unido,1,0,0,1,1,2,-1,0,panama,0.0,1.0,-1,1.0,0.0,1.0,6
Herrera,1,0,0,1,1,2,-1,0,panama,0.0,1.0,-1,1.0,0.0,1.0,6
Tauro,1,0,0,1,0,1,-1,0,panama,0.0,1.0,-1,0.0,0.0,1.0,6
Independiente,8,4,2,2,12,9,3,14,panama2,0.5,0.5,3,1.5,2.0,2.0,1
San Miguelito,8,3,3,2,5,4,1,12,panama2,0.38,0.62,1,0.62,2.63,1.61,2
Plaza Amador,8,2,5,1,8,7,1,11,panama2,0.25,0.75,1,1.0,4.0,1.33,3
Veraguas,7,3,1,3,11,12,-1,10,panama2,0.43,0.57,-1,1.57,2.33,1.75,4
Tauro,8,3,1,4,7,10,-3,10,panama2,0.38,0.62,-3,0.88,2.63,1.61,4
Universitario,8,3,1,4,6,9,-3,10,panama2,0.38,0.62,-3,0.75,2.63,1.61,4
Arabe Unido,8,2,3,3,6,5,1,9,panama2,0.25,0.75,1,0.75,4.0,1.33,5
UMECIT,8,2,3,3,6,7,-1,9,panama2,0.25,0.75,-1,0.75,4.0,1.33,5
Alianza,7,2,1,4,7,10,-3,7,panama2,0.29,0.71,-3,1.0,3.45,1.41,6
San Francisco,8,1,3,4,8,11,-3,6,panama2,0.12,0.88,-3,1.0,8.33,1.14,7
Costa del Este,8,0,4,4,3,11,-8,4,panama2,0.0,1.0,-8,0.38,0.0,1.0,8
Herrera,8,0,2,6,5,12,-7,2,panama2,0.0,1.0,-7,0.62,0.0,1.0,9
Libertad,3,2,1,0,6,2,4,7,paraguay,0.67,0.33,4,2.0,1.49,3.03,1
Guarani,2,2,0,0,3,0,3,6,paraguay,1.0,0.0,3,1.5,1.0,0.0,2
2 de Mayo,2,1,1,0,3,1,2,4,paraguay,0.5,0.5,2,1.5,2.0,2.0,3
Olimpia,2,1,1,0,3,2,1,4,paraguay,0.5,0.5,1,1.5,2.0,2.0,3
S. Ameliano,2,1,0,1,2,2,0,3,paraguay,0.5,0.5,0,1.0,2.0,2.0,4
A. Tembetary,3,0,2,1,2,5,-3,2,paraguay,0.0,1.0,-3,0.67,0.0,1.0,5
S. Trinidense,1,0,1,0,2,2,0,1,paraguay,0.0,1.0,0,2.0,0.0,1.0,6
Cerro Porteno,2,0,1,1,1,2,-1,1,paraguay,0.0,1.0,-1,0.5,0.0,1.0,6
D. Recoleta,2,0,1,1,4,7,-3,1,paraguay,0.0,1.0,-3,2.0,0.0,1.0,6
Nacional,3,0,1,2,1,4,-3,1,paraguay,0.0,1.0,-3,0.33,0.0,1.0,6
G. Caballero,2,0,0,2,1,3,-2,0,paraguay,0.0,1.0,-2,0.5,0.0,1.0,7
S. Luqueno,2,0,0,2,0,4,-4,0,paraguay,0.0,1.0,-4,0.0,0.0,1.0,7
Guarani,8,4,3,1,9,5,4,15,paraguay2,0.5,0.5,4,1.12,2.0,2.0,1
S. Ameliano,8,4,2,2,12,5,7,14,paraguay2,0.5,0.5,7,1.5,2.0,2.0,2
Olimpia,8,4,2,2,5,4,1,14,paraguay2,0.5,0.5,1,0.62,2.0,2.0,2
2 de Mayo,8,3,3,2,10,7,3,12,paraguay2,0.38,0.62,3,1.25,2.63,1.61,3
G. Caballero,8,3,2,3,7,6,1,11,paraguay2,0.38,0.62,1,0.88,2.63,1.61,4
Sol de America,8,2,3,3,9,8,1,9,paraguay2,0.25,0.75,1,1.12,4.0,1.33,5
S. Luqueno,8,2,3,3,14,14,0,9,paraguay2,0.25,0.75,0,1.75,4.0,1.33,5
Libertad,8,2,2,4,8,12,-4,8,paraguay2,0.25,0.75,-4,1.0,4.0,1.33,6
Cerro Porteno,8,2,1,5,7,12,-5,7,paraguay2,0.25,0.75,-5,0.88,4.0,1.33,7
Nacional,8,1,3,4,8,10,-2,6,paraguay2,0.12,0.88,-2,1.0,8.33,1.14,8
Tacuary,8,1,2,5,7,12,-5,5,paraguay2,0.12,0.88,-5,0.88,8.33,1.14,9
S. Trinidense,8,0,4,4,5,9,-4,4,paraguay2,0.0,1.0,-4,0.62,0.0,1.0,10
FBC Melgar,1,1,0,0,1,0,1,3,peru,1.0,0.0,1,1.0,1.0,0.0,1
ADT,1,0,1,0,2,2,0,1,peru,0.0,1.0,0,2.0,0.0,1.0,2
D. Garcilaso,1,0,1,0,2,2,0,1,peru,0.0,1.0,0,2.0,0.0,1.0,2
S. Cristal,1,0,1,0,2,2,0,1,peru,0.0,1.0,0,2.0,0.0,1.0,2
Universitario,1,0,1,0,1,1,0,1,peru,0.0,1.0,0,1.0,0.0,1.0,2
A. Huanuco,0,0,0,0,0,0,0,0,peru,0.0,0.0,0,0.0,0.0,0.0,3
Alianza Lima,0,0,0,0,0,0,0,0,peru,0.0,0.0,0,0.0,0.0,0.0,3
Atletico Grau,0,0,0,0,0,0,0,0,peru,0.0,0.0,0,0.0,0.0,0.0,3
Binacional,0,0,0,0,0,0,0,0,peru,0.0,0.0,0,0.0,0.0,0.0,3
Cienciano,0,0,0,0,0,0,0,0,peru,0.0,0.0,0,0.0,0.0,0.0,3
Comerciantes U.,0,0,0,0,0,0,0,0,peru,0.0,0.0,0,0.0,0.0,0.0,3
Los Chankas,0,0,0,0,0,0,0,0,peru,0.0,0.0,0,0.0,0.0,0.0,3
Sport Boys,0,0,0,0,0,0,0,0,peru,0.0,0.0,0,0.0,0.0,0.0,3
Sport Huancayo,0,0,0,0,0,0,0,0,peru,0.0,0.0,0,0.0,0.0,0.0,3
Alianza A.,1,0,0,1,1,2,-1,0,peru,0.0,1.0,-1,1.0,0.0,1.0,3
Ayacucho,1,0,0,1,0,1,-1,0,peru,0.0,1.0,-1,0.0,0.0,1.0,3
Juan Pablo II C,1,0,0,1,0,1,-1,0,peru,0.0,1.0,-1,0.0,0.0,1.0,3
Cajamarca,1,0,0,1,0,3,-3,0,peru,0.0,1.0,-3,0.0,0.0,1.0,3
Cusco,1,0,0,1,0,3,-3,0,peru,0.0,1.0,-3,0.0,0.0,1.0,3
Alianza Lima,8,5,1,2,11,5,6,16,peru2,0.62,0.38,6,1.38,1.61,2.63,1
Atletico Grau,8,4,3,1,9,5,4,15,peru2,0.5,0.5,4,1.12,2.0,2.0,2
Cusco,8,4,2,2,14,13,1,14,peru2,0.5,0.5,1,1.75,2.0,2.0,3
Alianza A.,8,3,3,2,7,9,-2,12,peru2,0.38,0.62,-2,0.88,2.63,1.61,4
Universitario,8,2,4,2,9,6,3,10,peru2,0.25,0.75,3,1.12,4.0,1.33,5
S. Cristal,8,2,3,3,20,12,8,9,peru2,0.25,0.75,8,2.5,4.0,1.33,6
FBC Melgar,8,2,3,3,12,13,-1,9,peru2,0.25,0.75,-1,1.5,4.0,1.33,6
Sport Huancayo,8,2,2,4,8,13,-5,8,peru2,0.25,0.75,-5,1.0,4.0,1.33,7
ADT,8,1,4,3,5,7,-2,7,peru2,0.12,0.88,-2,0.62,8.33,1.14,8
Carlos Manucci,8,2,1,5,10,13,-3,7,peru2,0.25,0.75,-3,1.25,4.0,1.33,8
Cienciano,8,2,1,5,8,18,-10,7,peru2,0.25,0.75,-10,1.0,4.0,1.33,8
D. Garcilaso,8,1,2,5,7,11,-4,5,peru2,0.12,0.88,-4,0.88,8.33,1.14,9
Sport Boys,8,1,2,5,5,13,-8,5,peru2,0.12,0.88,-8,0.62,8.33,1.14,9
Cajamarca,8,0,3,5,3,15,-12,3,peru2,0.0,1.0,-12,0.38,0.0,1.0,10
Los Chankas,8,0,2,6,5,13,-8,2,peru2,0.0,1.0,-8,0.62,0.0,1.0,11
Comerciantes U.,8,0,1,7,5,19,-14,1,peru2,0.0,1.0,-14,0.62,0.0,1.0,12
Union Comercio,8,0,1,7,2,18,-16,1,peru2,0.0,1.0,-16,0.25,0.0,1.0,12
Cesar Vallejo,8,0,0,8,6,20,-14,0,peru2,0.0,1.0,-14,0.75,0.0,1.0,13
Manila Digger,5,5,0,0,17,2,15,15,philippines,1.0,0.0,15,3.4,1.0,0.0,1
One Taguig,4,3,1,0,10,2,8,10,philippines,0.75,0.25,8,2.5,1.33,4.0,2
DH Cebu,5,3,1,1,14,7,7,10,philippines,0.6,0.4,7,2.8,1.67,2.5,2
Stallion,3,3,0,0,7,1,6,9,philippines,1.0,0.0,6,2.33,1.0,0.0,3
Davao Aguilas,4,3,0,1,8,3,5,9,philippines,0.75,0.25,5,2.0,1.33,4.0,3
Loyola,5,3,0,2,9,9,0,9,philippines,0.6,0.4,0,1.8,1.67,2.5,3
Kaya FC,3,2,1,0,7,2,5,7,philippines,0.67,0.33,5,2.33,1.49,3.03,4
Maharlika,5,2,1,2,7,6,1,7,philippines,0.4,0.6,1,1.4,2.5,1.67,4
PFF Development,7,0,1,6,1,20,-19,1,philippines,0.0,1.0,-19,0.14,0.0,1.0,5
Mendiola,7,0,1,6,7,36,-29,1,philippines,0.0,1.0,-29,1.0,0.0,1.0,5
Rakow C.,8,5,3,0,11,5,6,18,poland,0.62,0.38,6,1.38,1.61,2.63,1
Cracovia Krakow,8,4,2,2,16,12,4,14,poland,0.5,0.5,4,2.0,2.0,2.0,2
Jagiellonia,8,4,2,2,11,10,1,14,poland,0.5,0.5,1,1.38,2.0,2.0,2
Lech Poznan,8,4,1,3,9,7,2,13,poland,0.5,0.5,2,1.12,2.0,2.0,3
Gornik Zabrze,8,4,1,3,12,11,1,13,poland,0.5,0.5,1,1.5,2.0,2.0,3
Piast Gliwice,8,3,1,4,7,7,0,10,poland,0.38,0.62,0,0.88,2.63,1.61,4
Katowice,8,3,1,4,14,15,-1,10,poland,0.38,0.62,-1,1.75,2.63,1.61,4
Korona Kielce,8,2,4,2,7,11,-4,10,poland,0.25,0.75,-4,0.88,4.0,1.33,4
Motor Lublin,8,3,1,4,13,19,-6,10,poland,0.38,0.62,-6,1.62,2.63,1.61,4
Legia Warsaw,8,2,3,3,11,11,0,9,poland,0.25,0.75,0,1.38,4.0,1.33,5
Zaglebie Lubin,8,2,2,4,7,14,-7,8,poland,0.25,0.75,-7,0.88,4.0,1.33,6
Lechia Gdansk,8,1,3,4,11,17,-6,6,poland,0.12,0.88,-6,1.38,8.33,1.14,7
Puszcza Niepolo,8,1,3,4,4,10,-6,6,poland,0.12,0.88,-6,0.5,8.33,1.14,7
Radomiak Radom,8,2,0,6,6,14,-8,6,poland,0.25,0.75,-8,0.75,4.0,1.33,7
Widzew Lodz,8,1,2,5,9,17,-8,5,poland,0.12,0.88,-8,1.12,8.33,1.14,8
Pogon Szczecin,8,1,1,6,7,13,-6,4,poland,0.12,0.88,-6,0.88,8.33,1.14,9
Stal Mielec,8,1,1,6,7,13,-6,4,poland,0.12,0.88,-6,0.88,8.33,1.14,9
Slask Wroclaw,8,0,3,5,7,15,-8,3,poland,0.0,1.0,-8,0.88,0.0,1.0,10
T. Nieciecza,8,6,1,1,15,5,10,19,poland2,0.75,0.25,10,1.88,1.33,4.0,1
Arka Gdynia,8,5,2,1,18,6,12,17,poland2,0.62,0.38,12,2.25,1.61,2.63,2
Miedz Legnica,8,5,2,1,13,5,8,17,poland2,0.62,0.38,8,1.62,1.61,2.63,2
LKS Lodz,8,4,2,2,17,11,6,14,poland2,0.5,0.5,6,2.12,2.0,2.0,3
Wisla Krakow,8,4,1,3,16,10,6,13,poland2,0.5,0.5,6,2.0,2.0,2.0,4
Gornik Leczna,8,3,4,1,15,11,4,13,poland2,0.38,0.62,4,1.88,2.63,1.61,4
Ruch Chorzow,8,4,0,4,9,11,-2,12,poland2,0.5,0.5,-2,1.12,2.0,2.0,5
Wisla Plock,8,3,2,3,12,14,-2,11,poland2,0.38,0.62,-2,1.5,2.63,1.61,6
Stal Rzeszow,8,2,4,2,12,10,2,10,poland2,0.25,0.75,2,1.5,4.0,1.33,7
Tychy,8,2,4,2,8,10,-2,10,poland2,0.25,0.75,-2,1.0,4.0,1.33,7
Polonia Warszaw,8,2,3,3,9,11,-2,9,poland2,0.25,0.75,-2,1.12,4.0,1.33,8
Odra Opole,8,2,3,3,7,19,-12,9,poland2,0.25,0.75,-12,0.88,4.0,1.33,8
Znicz Pruszkow,8,1,5,2,7,11,-4,8,poland2,0.12,0.88,-4,0.88,8.33,1.14,9
Warta Poznan,8,2,2,4,4,13,-9,8,poland2,0.25,0.75,-9,0.5,4.0,1.33,9
Stalowa Wola,8,1,2,5,3,13,-10,5,poland2,0.12,0.88,-10,0.38,8.33,1.14,10
Chrobry Glogow,8,1,1,6,6,18,-12,4,poland2,0.12,0.88,-12,0.75,8.33,1.14,11
K. Kolobrzeg,8,1,1,6,6,20,-14,4,poland2,0.12,0.88,-14,0.75,8.33,1.14,11
Pogon Siedlce,8,1,0,7,6,14,-8,3,poland2,0.12,0.88,-8,0.75,8.33,1.14,12
Pogon Grodzisk,8,6,2,0,18,5,13,20,poland3,0.75,0.25,13,2.25,1.33,4.0,1
Wieczysta K.,8,6,1,1,20,5,15,19,poland3,0.75,0.25,15,2.5,1.33,4.0,2
Polonia Bytom,8,4,2,2,13,10,3,14,poland3,0.5,0.5,3,1.62,2.0,2.0,3
LKS Lodz B,8,4,1,3,11,12,-1,13,poland3,0.5,0.5,-1,1.38,2.0,2.0,4
Podbeskidzie,8,3,2,3,14,12,2,11,poland3,0.38,0.62,2,1.75,2.63,1.61,5
Rekord Bielsko,8,3,2,3,18,18,0,11,poland3,0.38,0.62,0,2.25,2.63,1.61,5
Chojniczanka,8,3,2,3,7,8,-1,11,poland3,0.38,0.62,-1,0.88,2.63,1.61,5
Kalisz,8,3,2,3,5,7,-2,11,poland3,0.38,0.62,-2,0.62,2.63,1.61,5
Z. Sosnowiec,8,2,3,3,7,9,-2,9,poland3,0.25,0.75,-2,0.88,4.0,1.33,6
Hutnik Krakow,8,2,3,3,9,17,-8,9,poland3,0.25,0.75,-8,1.12,4.0,1.33,6
Jastrzebie,8,2,2,4,7,8,-1,8,poland3,0.25,0.75,-1,0.88,4.0,1.33,7
O. Grudziadz,8,2,2,4,10,12,-2,8,poland3,0.25,0.75,-2,1.25,4.0,1.33,7
Resovia Rzeszow,8,2,1,5,10,15,-5,7,poland3,0.25,0.75,-5,1.25,4.0,1.33,8
Swit Skolwin,8,1,3,4,7,14,-7,6,poland3,0.12,0.88,-7,0.88,8.33,1.14,9
Wisla Pulawy,8,2,0,6,10,21,-11,6,poland3,0.25,0.75,-11,1.25,4.0,1.33,9
SKRA Czestochow,8,1,1,6,5,18,-13,4,poland3,0.12,0.88,-13,0.62,8.33,1.14,10
Zaglebie L. B,8,0,3,5,11,19,-8,3,poland3,0.0,1.0,-8,1.38,0.0,1.0,11
Olimpia Elblag,8,0,1,7,6,22,-16,1,poland3,0.0,1.0,-16,0.75,0.0,1.0,12
Sporting Braga,8,7,0,1,14,5,9,21,portugal,0.88,0.12,9,1.75,1.14,8.33,1
Benfica,8,5,1,2,14,8,6,16,portugal,0.62,0.38,6,1.75,1.61,2.63,2
Sporting CP,8,4,3,1,19,9,10,15,portugal,0.5,0.5,10,2.38,2.0,2.0,3
FC Porto,8,3,2,3,16,12,4,11,portugal,0.38,0.62,4,2.0,2.63,1.61,4
Casa Pia,8,3,2,3,11,12,-1,11,portugal,0.38,0.62,-1,1.38,2.63,1.61,4
Estoril,8,3,2,3,13,17,-4,11,portugal,0.38,0.62,-4,1.62,2.63,1.61,4
Famalicao,8,2,4,2,11,13,-2,10,portugal,0.25,0.75,-2,1.38,4.0,1.33,5
Santa Clara,8,3,1,4,7,11,-4,10,portugal,0.38,0.62,-4,0.88,2.63,1.61,5
Farense,8,1,5,2,5,8,-3,8,portugal,0.12,0.88,-3,0.62,8.33,1.14,6
Arouca,8,2,2,4,10,17,-7,8,portugal,0.25,0.75,-7,1.25,4.0,1.33,6
Rio Ave,8,2,2,4,6,14,-8,8,portugal,0.25,0.75,-8,0.75,4.0,1.33,6
Guimaraes,8,0,5,3,7,10,-3,5,portugal,0.0,1.0,-3,0.88,0.0,1.0,7
Nacional,8,1,2,5,6,11,-5,5,portugal,0.12,0.88,-5,0.75,8.33,1.14,7
AVS,8,0,5,3,4,11,-7,5,portugal,0.0,1.0,-7,0.5,0.0,1.0,7
Boavista,8,1,2,5,7,16,-9,5,portugal,0.12,0.88,-9,0.88,8.33,1.14,7
Estrela Amadora,8,1,2,5,3,13,-10,5,portugal,0.12,0.88,-10,0.38,8.33,1.14,7
Moreirense,8,1,1,6,9,13,-4,4,portugal,0.12,0.88,-4,1.12,8.33,1.14,8
Gil Vicente,8,1,1,6,6,18,-12,4,portugal,0.12,0.88,-12,0.75,8.33,1.14,8
Penafiel,8,4,2,2,10,10,0,14,portugal2,0.5,0.5,0,1.25,2.0,2.0,1
Chaves,8,3,3,2,8,6,2,12,portugal2,0.38,0.62,2,1.0,2.63,1.61,2
Alverca,8,3,2,3,12,9,3,11,portugal2,0.38,0.62,3,1.5,2.63,1.61,3
Tondela,8,2,5,1,12,9,3,11,portugal2,0.25,0.75,3,1.5,4.0,1.33,3
Maritimo,8,3,2,3,12,10,2,11,portugal2,0.38,0.62,2,1.5,2.63,1.61,3
Felgueiras,8,3,1,4,15,13,2,10,portugal2,0.38,0.62,2,1.88,2.63,1.61,4
Benfica B,8,2,4,2,9,7,2,10,portugal2,0.25,0.75,2,1.12,4.0,1.33,4
Torreense,8,2,4,2,9,7,2,10,portugal2,0.25,0.75,2,1.12,4.0,1.33,4
Pacos Ferreira,8,3,1,4,9,10,-1,10,portugal2,0.38,0.62,-1,1.12,2.63,1.61,4
Portimonense,8,3,1,4,6,10,-4,10,portugal2,0.38,0.62,-4,0.75,2.63,1.61,4
Uniao de Leiria,8,3,0,5,14,10,4,9,portugal2,0.38,0.62,4,1.75,2.63,1.61,5
Oliveirense,8,2,3,3,8,10,-2,9,portugal2,0.25,0.75,-2,1.0,4.0,1.33,5
Vizela,8,1,5,2,10,11,-1,8,portugal2,0.12,0.88,-1,1.25,8.33,1.14,6
Academico Viseu,8,2,2,4,11,13,-2,8,portugal2,0.25,0.75,-2,1.38,4.0,1.33,6
Feirense,8,1,3,4,2,5,-3,6,portugal2,0.12,0.88,-3,0.25,8.33,1.14,7
FC Porto B,8,0,2,6,5,14,-9,2,portugal2,0.0,1.0,-9,0.62,0.0,1.0,8
Mafra,8,0,2,6,5,14,-9,2,portugal2,0.0,1.0,-9,0.62,0.0,1.0,8
Leixoes,8,0,2,6,3,14,-11,2,portugal2,0.0,1.0,-11,0.38,0.0,1.0,8
Al Duhail,8,6,1,1,23,6,17,19,qatar,0.75,0.25,17,2.88,1.33,4.0,1
Al Sadd,8,5,1,2,21,13,8,16,qatar,0.62,0.38,8,2.62,1.61,2.63,2
Al Ahli Doha,7,4,2,1,13,8,5,14,qatar,0.57,0.43,5,1.86,1.75,2.33,3
Qatar SC,7,4,1,2,11,11,0,13,qatar,0.57,0.43,0,1.57,1.75,2.33,4
Al Gharafa,8,3,3,2,14,12,2,12,qatar,0.38,0.62,2,1.75,2.63,1.61,5
Al Shamal,8,3,1,4,11,11,0,10,qatar,0.38,0.62,0,1.38,2.63,1.61,6
Al Rayyan,8,3,0,5,14,16,-2,9,qatar,0.38,0.62,-2,1.75,2.63,1.61,7
Al Wakrah,7,2,1,4,9,14,-5,7,qatar,0.29,0.71,-5,1.29,3.45,1.41,8
Al Shahaniya,8,2,1,5,12,18,-6,7,qatar,0.25,0.75,-6,1.5,4.0,1.33,8
Umm Salal,7,2,0,5,8,15,-7,6,qatar,0.29,0.71,-7,1.14,3.45,1.41,9
Al Khor,7,1,2,4,7,12,-5,5,qatar,0.14,0.86,-5,1.0,7.14,1.16,10
Al Arabi,7,1,2,4,13,23,-10,5,qatar,0.14,0.86,-10,1.86,7.14,1.16,10
Din. Bucharest,8,4,4,0,11,5,6,16,romania,0.5,0.5,6,1.38,2.0,2.0,1
FCSB,8,4,3,1,11,5,6,15,romania,0.5,0.5,6,1.38,2.0,2.0,2
CFR Cluj,8,3,4,1,13,8,5,13,romania,0.38,0.62,5,1.62,2.63,1.61,3
Hermannstadt,8,4,1,3,11,10,1,13,romania,0.5,0.5,1,1.38,2.0,2.0,3
Univ. Craiova,8,3,3,2,10,8,2,12,romania,0.38,0.62,2,1.25,2.63,1.61,4
Sepsi OSK,8,2,3,3,13,13,0,9,romania,0.25,0.75,0,1.62,4.0,1.33,5
U. Cluj,8,2,3,3,7,7,0,9,romania,0.25,0.75,0,0.88,4.0,1.33,5
UTA Arad,8,2,3,3,4,6,-2,9,romania,0.25,0.75,-2,0.5,4.0,1.33,5
Rapid Bucharest,8,1,4,3,5,9,-4,7,romania,0.12,0.88,-4,0.62,8.33,1.14,6
Petrolul,8,1,4,3,7,12,-5,7,romania,0.12,0.88,-5,0.88,8.33,1.14,6
Farul Constanta,8,1,4,3,5,12,-7,7,romania,0.12,0.88,-7,0.62,8.33,1.14,6
Botosani,8,1,3,4,6,10,-4,6,romania,0.12,0.88,-4,0.75,8.33,1.14,7
Unirea Slobozia,8,2,0,6,8,17,-9,6,romania,0.25,0.75,-9,1.0,4.0,1.33,7
Otelul,8,1,0,7,5,13,-8,3,romania,0.12,0.88,-8,0.62,8.33,1.14,8
P. Iasi,8,0,2,6,7,18,-11,2,romania,0.0,1.0,-11,0.88,0.0,1.0,9
FC Buzau,8,0,1,7,7,16,-9,1,romania,0.0,1.0,-9,0.88,0.0,1.0,10
Zenit,8,6,1,1,17,4,13,19,russia,0.75,0.25,13,2.12,1.33,4.0,1
CSKA Moscow,8,6,1,1,13,5,8,19,russia,0.75,0.25,8,1.62,1.33,4.0,1
FC Krasnodar,8,5,3,0,17,6,11,18,russia,0.62,0.38,11,2.12,1.61,2.63,2
Lokomotiv M.,8,4,2,2,16,11,5,14,russia,0.5,0.5,5,2.0,2.0,2.0,3
Spartak Moscow,8,4,2,2,12,7,5,14,russia,0.5,0.5,5,1.5,2.0,2.0,3
Dinamo Moscow,8,3,4,1,15,10,5,13,russia,0.38,0.62,5,1.88,2.63,1.61,4
Rubin Kazan,8,3,3,2,10,9,1,12,russia,0.38,0.62,1,1.25,2.63,1.61,5
Akron,8,2,3,3,7,15,-8,9,russia,0.25,0.75,-8,0.88,4.0,1.33,6
Krylya Sovetov,8,2,2,4,9,12,-3,8,russia,0.25,0.75,-3,1.12,4.0,1.33,7
Rostov,8,2,2,4,9,17,-8,8,russia,0.25,0.75,-8,1.12,4.0,1.33,7
Nizhny Novgorod,8,2,2,4,8,16,-8,8,russia,0.25,0.75,-8,1.0,4.0,1.33,7
Makhachkala,8,1,4,3,3,7,-4,7,russia,0.12,0.88,-4,0.38,8.33,1.14,8
Khimki,8,1,3,4,9,19,-10,6,russia,0.12,0.88,-10,1.12,8.33,1.14,9
Akhmat Grozny,8,1,2,5,6,14,-8,5,russia,0.12,0.88,-8,0.75,8.33,1.14,10
Fakel Voronezh,8,1,2,5,6,16,-10,5,russia,0.12,0.88,-10,0.75,8.33,1.14,10
Orenburg,8,0,1,7,3,13,-10,1,russia,0.0,1.0,-10,0.38,0.0,1.0,11
Baltika,8,6,0,2,12,7,5,18,russia2,0.75,0.25,5,1.5,1.33,4.0,1
Chernomorets,8,5,1,2,13,11,2,16,russia2,0.62,0.38,2,1.62,1.61,2.63,2
Torpedo Moscow,8,3,5,0,12,7,5,14,russia2,0.38,0.62,5,1.5,2.63,1.61,3
Rotor Volgograd,8,3,3,2,8,8,0,12,russia2,0.38,0.62,0,1.0,2.63,1.61,4
PFC Sochi,8,2,5,1,11,10,1,11,russia2,0.25,0.75,1,1.38,4.0,1.33,5
Ural,8,3,2,3,10,10,0,11,russia2,0.38,0.62,0,1.25,2.63,1.61,5
Shinnik,8,1,5,2,5,8,-3,8,russia2,0.12,0.88,-3,0.62,8.33,1.14,6
Chayka,8,2,2,4,4,12,-8,8,russia2,0.25,0.75,-8,0.5,4.0,1.33,6
SKA Khabarovsk,8,1,4,3,7,12,-5,7,russia2,0.12,0.88,-5,0.88,8.33,1.14,7
Neftekhimik,8,1,3,4,6,8,-2,6,russia2,0.12,0.88,-2,0.75,8.33,1.14,8
Arsenal Tula,8,0,6,2,7,10,-3,6,russia2,0.0,1.0,-3,0.88,0.0,1.0,8
Rodina Moskva,8,1,3,4,6,10,-4,6,russia2,0.12,0.88,-4,0.75,8.33,1.14,8
A. Vladikavkaz,8,1,3,4,2,10,-8,6,russia2,0.12,0.88,-8,0.25,8.33,1.14,8
Kamaz,8,1,2,5,5,9,-4,5,russia2,0.12,0.88,-4,0.62,8.33,1.14,9
Ufa,8,1,2,5,5,12,-7,5,russia2,0.12,0.88,-7,0.62,8.33,1.14,9
Sokol Saratov,8,1,2,5,4,17,-13,5,russia2,0.12,0.88,-13,0.5,8.33,1.14,9
Yenisey,8,1,1,6,7,17,-10,4,russia2,0.12,0.88,-10,0.88,8.33,1.14,10
Tyumen,8,1,0,7,5,15,-10,3,russia2,0.12,0.88,-10,0.62,8.33,1.14,11
Al Quadisiya,8,6,1,1,17,7,10,19,saudiarabia,0.75,0.25,10,2.12,1.33,4.0,1
Al Nassr,8,5,2,1,16,11,5,17,saudiarabia,0.62,0.38,5,2.0,1.61,2.63,2
Al Ittihad,8,5,1,2,14,8,6,16,saudiarabia,0.62,0.38,6,1.75,1.61,2.63,3
Al Ahli Jeddah,8,5,0,3,12,6,6,15,saudiarabia,0.62,0.38,6,1.5,1.61,2.63,4
Al Hilal,8,4,2,2,19,12,7,14,saudiarabia,0.5,0.5,7,2.38,2.0,2.0,5
Al Ittifaq,8,3,4,1,12,8,4,13,saudiarabia,0.38,0.62,4,1.5,2.63,1.61,6
Al Riyadh,8,3,2,3,10,14,-4,11,saudiarabia,0.38,0.62,-4,1.25,2.63,1.61,7
Al Shabab,8,3,1,4,11,10,1,10,saudiarabia,0.38,0.62,1,1.38,2.63,1.61,8
Al Akhdoud,8,3,1,4,12,16,-4,10,saudiarabia,0.38,0.62,-4,1.5,2.63,1.61,8
Al Khaleej,8,3,1,4,11,17,-6,10,saudiarabia,0.38,0.62,-6,1.38,2.63,1.61,8
Al Taawon,8,2,2,4,6,7,-1,8,saudiarabia,0.25,0.75,-1,0.75,4.0,1.33,9
Damak,8,2,2,4,8,10,-2,8,saudiarabia,0.25,0.75,-2,1.0,4.0,1.33,9
Al Kholood,8,2,2,4,11,14,-3,8,saudiarabia,0.25,0.75,-3,1.38,4.0,1.33,9
Al Orubah,8,2,2,4,8,18,-10,8,saudiarabia,0.25,0.75,-10,1.0,4.0,1.33,9
Al Feiha,8,1,3,4,8,16,-8,6,saudiarabia,0.12,0.88,-8,1.0,8.33,1.14,10
Al Wahda,8,1,1,6,8,18,-10,4,saudiarabia,0.12,0.88,-10,1.0,8.33,1.14,11
Al Fateh,8,1,1,6,6,23,-17,4,saudiarabia,0.12,0.88,-17,0.75,8.33,1.14,11
Al Raed,8,1,0,7,6,19,-13,3,saudiarabia,0.12,0.88,-13,0.75,8.33,1.14,12
Al Bukayriyah,8,5,1,2,14,5,9,16,saudiarabia2,0.62,0.38,9,1.75,1.61,2.63,1
Al Adalha,8,4,3,1,14,10,4,15,saudiarabia2,0.5,0.5,4,1.75,2.0,2.0,2
Neom SC,8,5,0,3,11,8,3,15,saudiarabia2,0.62,0.38,3,1.38,1.61,2.63,2
Al Tai,8,3,4,1,11,9,2,13,saudiarabia2,0.38,0.62,2,1.38,2.63,1.61,3
Al Jabalain,8,3,3,2,8,7,1,12,saudiarabia2,0.38,0.62,1,1.0,2.63,1.61,4
Al Jubail,8,3,2,3,9,9,0,11,saudiarabia2,0.38,0.62,0,1.12,2.63,1.61,5
Al Arabi,8,3,2,3,13,14,-1,11,saudiarabia2,0.38,0.62,-1,1.62,2.63,1.61,5
Al Najma,8,3,2,3,11,12,-1,11,saudiarabia2,0.38,0.62,-1,1.38,2.63,1.61,5
Al Hazm,8,3,1,4,11,13,-2,10,saudiarabia2,0.38,0.62,-2,1.38,2.63,1.61,6
Al Jandal,8,3,1,4,8,11,-3,10,saudiarabia2,0.38,0.62,-3,1.0,2.63,1.61,6
Jeddah,8,2,2,4,7,11,-4,8,saudiarabia2,0.25,0.75,-4,0.88,4.0,1.33,7
Abha,8,2,1,5,6,16,-10,7,saudiarabia2,0.25,0.75,-10,0.75,4.0,1.33,8
Al Faisaly,8,1,3,4,11,16,-5,6,saudiarabia2,0.12,0.88,-5,1.38,8.33,1.14,9
Al Ain,8,1,2,5,6,10,-4,5,saudiarabia2,0.12,0.88,-4,0.75,8.33,1.14,10
Al Safa,8,1,2,5,7,16,-9,5,saudiarabia2,0.12,0.88,-9,0.88,8.33,1.14,10
Al Zulfi,8,0,4,4,6,11,-5,4,saudiarabia2,0.0,1.0,-5,0.75,0.0,1.0,11
Ohod,8,1,1,6,3,11,-8,4,saudiarabia2,0.12,0.88,-8,0.38,8.33,1.14,11
Al Batin,8,0,2,6,6,20,-14,2,saudiarabia2,0.0,1.0,-14,0.75,0.0,1.0,12
Celtic,8,5,2,1,17,9,8,17,scotland,0.62,0.38,8,2.12,1.61,2.63,1
Hearts,8,3,3,2,12,6,6,12,scotland,0.38,0.62,6,1.5,2.63,1.61,2
Rangers,8,3,3,2,15,11,4,12,scotland,0.38,0.62,4,1.88,2.63,1.61,2
Hibernian,8,3,3,2,11,11,0,12,scotland,0.38,0.62,0,1.38,2.63,1.61,2
St. Mirren,8,4,0,4,11,13,-2,12,scotland,0.5,0.5,-2,1.38,2.0,2.0,2
Dundee Utd,8,3,2,3,10,11,-1,11,scotland,0.38,0.62,-1,1.25,2.63,1.61,3
Ross County,8,3,1,4,7,16,-9,10,scotland,0.38,0.62,-9,0.88,2.63,1.61,4
St. Johnstone,8,2,1,5,8,16,-8,7,scotland,0.25,0.75,-8,1.0,4.0,1.33,5
Dundee FC,8,2,1,5,7,18,-11,7,scotland,0.25,0.75,-11,0.88,4.0,1.33,5
Kilmarnock,8,1,2,5,8,17,-9,5,scotland,0.12,0.88,-9,1.0,8.33,1.14,6
Motherwell,8,1,1,6,5,16,-11,4,scotland,0.12,0.88,-11,0.62,8.33,1.14,7
Aberdeen,8,0,2,6,5,18,-13,2,scotland,0.0,1.0,-13,0.62,0.0,1.0,8
Livingston,8,4,1,3,11,10,1,13,scotland2,0.5,0.5,1,1.38,2.0,2.0,1
Ayr Utd,8,4,1,3,7,6,1,13,scotland2,0.5,0.5,1,0.88,2.0,2.0,1
Partick Thistle,8,4,0,4,10,12,-2,12,scotland2,0.5,0.5,-2,1.25,2.0,2.0,2
Falkirk,8,3,2,3,12,12,0,11,scotland2,0.38,0.62,0,1.5,2.63,1.61,3
Greenock Morton,8,2,4,2,9,16,-7,10,scotland2,0.25,0.75,-7,1.12,4.0,1.33,4
Raith Rovers,8,2,1,5,8,15,-7,7,scotland2,0.25,0.75,-7,1.0,4.0,1.33,5
Queens Park,8,1,3,4,8,11,-3,6,scotland2,0.12,0.88,-3,1.0,8.33,1.14,6
Dunfermline,8,1,1,6,7,14,-7,4,scotland2,0.12,0.88,-7,0.88,8.33,1.14,7
Hamilton,8,1,1,6,10,19,-9,4,scotland2,0.12,0.88,-9,1.25,8.33,1.14,7
Airdrieonians,8,0,0,8,5,15,-10,0,scotland2,0.0,1.0,-10,0.62,0.0,1.0,8
Cove Rangers,8,5,1,2,17,5,12,16,scotland3,0.62,0.38,12,2.12,1.61,2.63,1
Inverness,8,5,0,3,14,13,1,15,scotland3,0.62,0.38,1,1.75,1.61,2.63,2
Stenhousemuir,8,4,2,2,14,6,8,14,scotland3,0.5,0.5,8,1.75,2.0,2.0,3
Arbroath,8,4,1,3,16,10,6,13,scotland3,0.5,0.5,6,2.0,2.0,2.0,4
Alloa Athletic,8,3,3,2,10,8,2,12,scotland3,0.38,0.62,2,1.25,2.63,1.61,5
Kelty Hearts,8,2,3,3,9,7,2,9,scotland3,0.25,0.75,2,1.12,4.0,1.33,6
Montrose,8,2,2,4,7,10,-3,8,scotland3,0.25,0.75,-3,0.88,4.0,1.33,7
Annan Athletic,8,2,2,4,11,15,-4,8,scotland3,0.25,0.75,-4,1.38,4.0,1.33,7
Dumbarton,8,2,1,5,9,17,-8,7,scotland3,0.25,0.75,-8,1.12,4.0,1.33,8
Queen of South,8,0,1,7,4,13,-9,1,scotland3,0.0,1.0,-9,0.5,0.0,1.0,9
Edinburgh City,8,4,1,3,10,9,1,13,scotland4,0.5,0.5,1,1.25,2.0,2.0,1
East Fife,8,3,2,3,9,8,1,11,scotland4,0.38,0.62,1,1.12,2.63,1.61,2
Peterhead,8,3,2,3,11,12,-1,11,scotland4,0.38,0.62,-1,1.38,2.63,1.61,2
Stranraer,8,3,1,4,8,10,-2,10,scotland4,0.38,0.62,-2,1.0,2.63,1.61,3
Elgin City,8,2,2,4,7,10,-3,8,scotland4,0.25,0.75,-3,0.88,4.0,1.33,4
Spartans,8,2,2,4,11,15,-4,8,scotland4,0.25,0.75,-4,1.38,4.0,1.33,4
Stirling Albion,8,1,2,5,13,19,-6,5,scotland4,0.12,0.88,-6,1.62,8.33,1.14,5
Forfar Athletic,8,1,1,6,5,12,-7,4,scotland4,0.12,0.88,-7,0.62,8.33,1.14,6
Bonnyrigg Rose,8,1,1,6,5,23,-18,4,scotland4,0.12,0.88,-18,0.62,8.33,1.14,6
Clyde,8,0,2,6,9,19,-10,2,scotland4,0.0,1.0,-10,1.12,0.0,1.0,7
Red Star,8,8,0,0,28,4,24,24,serbia,1.0,0.0,24,3.5,1.0,0.0,1
Partizan,8,5,1,2,14,10,4,16,serbia,0.62,0.38,4,1.75,1.61,2.63,2
Vojvodina,8,4,3,1,16,6,10,15,serbia,0.5,0.5,10,2.0,2.0,2.0,3
Novi Pazar,8,4,2,2,10,7,3,14,serbia,0.5,0.5,3,1.25,2.0,2.0,4
Mladost Lucani,8,3,4,1,7,5,2,13,serbia,0.38,0.62,2,0.88,2.63,1.61,5
OFK Beograd,8,4,1,3,8,8,0,13,serbia,0.5,0.5,0,1.0,2.0,2.0,5
Backa Topola,8,3,3,2,14,13,1,12,serbia,0.38,0.62,1,1.75,2.63,1.61,6
Radnicki 1923,8,3,2,3,13,15,-2,11,serbia,0.38,0.62,-2,1.62,2.63,1.61,7
Cukaricki,8,2,4,2,11,14,-3,10,serbia,0.25,0.75,-3,1.38,4.0,1.33,8
Napredak,8,2,3,3,6,6,0,9,serbia,0.25,0.75,0,0.75,4.0,1.33,9
Z. Pancevo,8,2,2,4,7,10,-3,8,serbia,0.25,0.75,-3,0.88,4.0,1.33,10
Radnicki Nis,8,2,2,4,12,18,-6,8,serbia,0.25,0.75,-6,1.5,4.0,1.33,10
IMT N. Beograd,8,2,1,5,11,17,-6,7,serbia,0.25,0.75,-6,1.38,4.0,1.33,11
S. Subotica,8,1,3,4,7,13,-6,6,serbia,0.12,0.88,-6,0.88,8.33,1.14,12
Tekstilac Odzac,8,1,1,6,4,18,-14,4,serbia,0.12,0.88,-14,0.5,8.33,1.14,13
Jedinstvo U.,8,0,0,8,3,24,-21,0,serbia,0.0,1.0,-21,0.38,0.0,1.0,14
Javor Ivanjica,8,4,3,1,10,5,5,15,serbia2,0.5,0.5,5,1.25,2.0,2.0,1
R. Surdulica,8,3,3,2,7,4,3,12,serbia2,0.38,0.62,3,0.88,2.63,1.61,2
Vozdovac,8,4,0,4,8,9,-1,12,serbia2,0.5,0.5,-1,1.0,2.0,2.0,2
Mladost,8,2,5,1,7,5,2,11,serbia2,0.25,0.75,2,0.88,4.0,1.33,3
Vrsac,8,3,2,3,9,10,-1,11,serbia2,0.38,0.62,-1,1.12,2.63,1.61,3
Dubocica,8,2,4,2,10,9,1,10,serbia2,0.25,0.75,1,1.25,4.0,1.33,4
Trajal Krusevac,8,3,1,4,9,9,0,10,serbia2,0.38,0.62,0,1.12,2.63,1.61,4
Macva Sabac,8,3,1,4,6,8,-2,10,serbia2,0.38,0.62,-2,0.75,2.63,1.61,4
Indija,8,2,3,3,6,10,-4,9,serbia2,0.25,0.75,-4,0.75,4.0,1.33,5
Zemun,8,1,5,2,10,9,1,8,serbia2,0.12,0.88,1,1.25,8.33,1.14,6
Borac Cacak,8,1,3,4,4,14,-10,6,serbia2,0.12,0.88,-10,0.5,8.33,1.14,7
Smederevo,8,2,0,6,3,14,-11,6,serbia2,0.25,0.75,-11,0.38,4.0,1.33,7
S. Mitrovica,8,0,5,3,2,8,-6,5,serbia2,0.0,1.0,-6,0.25,0.0,1.0,8
Sloboda Uzice,8,1,1,6,5,11,-6,4,serbia2,0.12,0.88,-6,0.62,8.33,1.14,9
Graficar,8,0,2,6,5,16,-11,2,serbia2,0.0,1.0,-11,0.62,0.0,1.0,10
Sloven Ruma,8,0,2,6,3,16,-13,2,serbia2,0.0,1.0,-13,0.38,0.0,1.0,10
Geylang,8,5,3,0,24,10,14,18,singapore,0.62,0.38,14,3.0,1.61,2.63,1
Tampines Rovers,8,5,2,1,25,9,16,17,singapore,0.62,0.38,16,3.12,1.61,2.63,2
Lion City,8,5,2,1,26,11,15,17,singapore,0.62,0.38,15,3.25,1.61,2.63,2
Young Lions,8,4,2,2,17,14,3,14,singapore,0.5,0.5,3,2.12,2.0,2.0,3
Khalsa,8,3,2,3,24,19,5,11,singapore,0.38,0.62,5,3.0,2.63,1.61,4
A. Niigata (S),8,3,1,4,9,18,-9,10,singapore,0.38,0.62,-9,1.12,2.63,1.61,5
Hougang,8,2,2,4,14,22,-8,8,singapore,0.25,0.75,-8,1.75,4.0,1.33,6
DPMM FC,8,2,1,5,13,22,-9,7,singapore,0.25,0.75,-9,1.62,4.0,1.33,7
Tanjong Pagar,8,0,2,6,7,31,-24,2,singapore,0.0,1.0,-24,0.88,0.0,1.0,8
S. Bratislava,8,6,1,1,20,10,10,19,slovakia,0.75,0.25,10,2.5,1.33,4.0,1
Spartak Trnava,8,5,2,1,17,8,9,17,slovakia,0.62,0.38,9,2.12,1.61,2.63,2
Zilina,8,4,3,1,15,5,10,15,slovakia,0.5,0.5,10,1.88,2.0,2.0,3
DAC Streda,8,4,2,2,12,5,7,14,slovakia,0.5,0.5,7,1.5,2.0,2.0,4
FC Kosice,8,3,3,2,11,8,3,12,slovakia,0.38,0.62,3,1.38,2.63,1.61,5
Podbrezova,8,3,3,2,11,11,0,12,slovakia,0.38,0.62,0,1.38,2.63,1.61,5
Z. Michalovce,8,2,2,4,9,14,-5,8,slovakia,0.25,0.75,-5,1.12,4.0,1.33,6
Komarno,8,2,1,5,9,18,-9,7,slovakia,0.25,0.75,-9,1.12,4.0,1.33,7
Skalica,8,1,1,6,9,17,-8,4,slovakia,0.12,0.88,-8,1.12,8.33,1.14,8
Ruzomberok,8,1,1,6,8,16,-8,4,slovakia,0.12,0.88,-8,1.0,8.33,1.14,8
Trencin,8,0,4,4,8,18,-10,4,slovakia,0.0,1.0,-10,1.0,0.0,1.0,8
Banska Bystrica,8,0,3,5,4,13,-9,3,slovakia,0.0,1.0,-9,0.5,0.0,1.0,9
Presov,7,5,1,1,13,8,5,16,slovakia2,0.71,0.29,5,1.86,1.41,3.45,1
Zlate Moravce,7,5,0,2,6,3,3,15,slovakia2,0.71,0.29,3,0.86,1.41,3.45,2
L. Mikulas,7,3,3,1,13,10,3,12,slovakia2,0.43,0.57,3,1.86,2.33,1.75,3
Petrzalka,7,3,2,2,8,6,2,11,slovakia2,0.43,0.57,2,1.14,2.33,1.75,4
Malzenice,5,2,1,2,8,7,1,7,slovakia2,0.4,0.6,1,1.6,2.5,1.67,5
S. Bratislava B,8,2,0,6,9,14,-5,6,slovakia2,0.25,0.75,-5,1.12,4.0,1.33,6
Puchov,7,1,3,3,7,12,-5,6,slovakia2,0.14,0.86,-5,1.0,7.14,1.16,6
Zilina B,7,2,0,5,7,15,-8,6,slovakia2,0.29,0.71,-8,1.0,3.45,1.41,6
Samorin,8,2,0,6,10,19,-9,6,slovakia2,0.25,0.75,-9,1.25,4.0,1.33,6
Humenne,7,1,2,4,6,10,-4,5,slovakia2,0.14,0.86,-4,0.86,7.14,1.16,7
P. Bystrica,7,1,2,4,6,12,-6,5,slovakia2,0.14,0.86,-6,0.86,7.14,1.16,7
Pohronie,7,1,2,4,7,15,-8,5,slovakia2,0.14,0.86,-8,1.0,7.14,1.16,7
Zvolen,7,1,1,5,3,15,-12,4,slovakia2,0.14,0.86,-12,0.43,7.14,1.16,8
S. Lubovna,7,1,0,6,5,9,-4,3,slovakia2,0.14,0.86,-4,0.71,7.14,1.16,9
NK Olimpija,8,6,2,0,11,3,8,20,slovenia,0.75,0.25,8,1.38,1.33,4.0,1
Maribor,8,4,3,1,11,5,6,15,slovenia,0.5,0.5,6,1.38,2.0,2.0,2
Koper,8,5,0,3,11,7,4,15,slovenia,0.62,0.38,4,1.38,1.61,2.63,2
Bravo,8,4,2,2,14,12,2,14,slovenia,0.5,0.5,2,1.75,2.0,2.0,3
NK Celje,8,3,3,2,14,11,3,12,slovenia,0.38,0.62,3,1.75,2.63,1.61,4
Mura,8,2,2,4,9,13,-4,8,slovenia,0.25,0.75,-4,1.12,4.0,1.33,5
Primorje,8,2,2,4,10,20,-10,8,slovenia,0.25,0.75,-10,1.25,4.0,1.33,5
Radomlje,8,2,1,5,6,8,-2,7,slovenia,0.25,0.75,-2,0.75,4.0,1.33,6
Domzale,8,1,2,5,7,18,-11,5,slovenia,0.12,0.88,-11,0.88,8.33,1.14,7
Nafta,8,0,2,6,3,17,-14,2,slovenia,0.0,1.0,-14,0.38,0.0,1.0,8
Mamelodi S.,8,6,0,2,11,4,7,18,southafrica,0.75,0.25,7,1.38,1.33,4.0,1
Stellenbosch,7,3,3,1,11,4,7,12,southafrica,0.43,0.57,7,1.57,2.33,1.75,2
Orlando Pirates,6,4,0,2,7,6,1,12,southafrica,0.67,0.33,1,1.17,1.49,3.03,2
Golden Arrows,8,3,2,3,7,11,-4,11,southafrica,0.38,0.62,-4,0.88,2.63,1.61,3
TS Galaxy,8,2,4,2,11,9,2,10,southafrica,0.25,0.75,2,1.38,4.0,1.33,4
AmaZulu,8,3,1,4,9,9,0,10,southafrica,0.38,0.62,0,1.12,2.63,1.61,4
Sekhukhune,7,2,2,3,7,8,-1,8,southafrica,0.29,0.71,-1,1.0,3.45,1.41,5
Kaizer Chiefs,8,2,2,4,7,9,-2,8,southafrica,0.25,0.75,-2,0.88,4.0,1.33,5
Polokwane,8,2,2,4,2,8,-6,8,southafrica,0.25,0.75,-6,0.25,4.0,1.33,5
SuperSport Utd,8,1,3,4,3,8,-5,6,southafrica,0.12,0.88,-5,0.38,8.33,1.14,6
Magesi,8,1,3,4,2,7,-5,6,southafrica,0.12,0.88,-5,0.25,8.33,1.14,6
Richards Bay,8,1,2,5,3,8,-5,5,southafrica,0.12,0.88,-5,0.38,8.33,1.14,7
Chippa Utd,7,1,1,5,6,9,-3,4,southafrica,0.14,0.86,-3,0.86,7.14,1.16,8
Tshakhuma,8,1,1,6,5,17,-12,4,southafrica,0.12,0.88,-12,0.62,8.33,1.14,8
Royal AM,5,0,3,2,4,6,-2,3,southafrica,0.0,1.0,-2,0.8,0.0,1.0,9
Cape Town City,8,1,0,7,3,15,-12,3,southafrica,0.12,0.88,-12,0.38,8.33,1.14,9
Orbit College,8,5,1,2,11,8,3,16,southafrica2,0.62,0.38,3,1.38,1.61,2.63,1
Upington City,8,3,4,1,10,7,3,13,southafrica2,0.38,0.62,3,1.25,2.63,1.61,2
Durban City,8,3,3,2,9,7,2,12,southafrica2,0.38,0.62,2,1.12,2.63,1.61,3
JDR Stars,8,3,2,3,8,9,-1,11,southafrica2,0.38,0.62,-1,1.0,2.63,1.61,4
Milford,8,2,4,2,11,12,-1,10,southafrica2,0.25,0.75,-1,1.38,4.0,1.33,5
Highbury,8,2,3,3,8,8,0,9,southafrica2,0.25,0.75,0,1.0,4.0,1.33,6
Casric Stars,8,2,3,3,6,8,-2,9,southafrica2,0.25,0.75,-2,0.75,4.0,1.33,6
Baroka,8,2,3,3,8,12,-4,9,southafrica2,0.25,0.75,-4,1.0,4.0,1.33,6
Kruger United,8,2,2,4,10,10,0,8,southafrica2,0.25,0.75,0,1.25,4.0,1.33,7
Pretoria U.,8,2,2,4,3,7,-4,8,southafrica2,0.25,0.75,-4,0.38,4.0,1.33,7
Black Leopards,8,2,1,5,10,16,-6,7,southafrica2,0.25,0.75,-6,1.25,4.0,1.33,8
Pretoria C.,8,1,3,4,3,7,-4,6,southafrica2,0.12,0.88,-4,0.38,8.33,1.14,9
Hungry Lions,8,1,2,5,10,15,-5,5,southafrica2,0.12,0.88,-5,1.25,8.33,1.14,10
Venda FC,8,1,1,6,8,15,-7,4,southafrica2,0.12,0.88,-7,1.0,8.33,1.14,11
Leruma United,8,1,0,7,3,16,-13,3,southafrica2,0.12,0.88,-13,0.38,8.33,1.14,12
Cape Town Spurs,8,0,1,7,3,14,-11,1,southafrica2,0.0,1.0,-11,0.38,0.0,1.0,13
Daejeon Citizen,1,1,0,0,3,0,3,3,southkorea,1.0,0.0,3,3.0,1.0,0.0,1
Suwon City,1,0,1,0,0,0,0,1,southkorea,0.0,1.0,0,0.0,0.0,1.0,2
Anyang,0,0,0,0,0,0,0,0,southkorea,0.0,0.0,0,0.0,0.0,0.0,3
Daegu,0,0,0,0,0,0,0,0,southkorea,0.0,0.0,0,0.0,0.0,0.0,3
Gangwon,0,0,0,0,0,0,0,0,southkorea,0.0,0.0,0,0.0,0.0,0.0,3
Gimcheon Sangmu,0,0,0,0,0,0,0,0,southkorea,0.0,0.0,0,0.0,0.0,0.0,3
Gwangju,0,0,0,0,0,0,0,0,southkorea,0.0,0.0,0,0.0,0.0,0.0,3
Jeju Utd,0,0,0,0,0,0,0,0,southkorea,0.0,0.0,0,0.0,0.0,0.0,3
Jeonbuk Motors,0,0,0,0,0,0,0,0,southkorea,0.0,0.0,0,0.0,0.0,0.0,3
Pohang Steelers,0,0,0,0,0,0,0,0,southkorea,0.0,0.0,0,0.0,0.0,0.0,3
Ulsan,0,0,0,0,0,0,0,0,southkorea,0.0,0.0,0,0.0,0.0,0.0,3
Seoul,1,0,0,1,0,2,-2,0,southkorea,0.0,1.0,-2,0.0,0.0,1.0,3
Ansan Greeners,0,0,0,0,0,0,0,0,southkorea2,0.0,0.0,0,0.0,0.0,0.0,1
Asan,0,0,0,0,0,0,0,0,southkorea2,0.0,0.0,0,0.0,0.0,0.0,1
Bucheon FC,0,0,0,0,0,0,0,0,southkorea2,0.0,0.0,0,0.0,0.0,0.0,1
Busan IPark,0,0,0,0,0,0,0,0,southkorea2,0.0,0.0,0,0.0,0.0,0.0,1
Cheonan City,0,0,0,0,0,0,0,0,southkorea2,0.0,0.0,0,0.0,0.0,0.0,1
Cheongju,0,0,0,0,0,0,0,0,southkorea2,0.0,0.0,0,0.0,0.0,0.0,1
Gimpo,0,0,0,0,0,0,0,0,southkorea2,0.0,0.0,0,0.0,0.0,0.0,1
Gyeongnam,0,0,0,0,0,0,0,0,southkorea2,0.0,0.0,0,0.0,0.0,0.0,1
Hwaseong,0,0,0,0,0,0,0,0,southkorea2,0.0,0.0,0,0.0,0.0,0.0,1
Incheon Utd,0,0,0,0,0,0,0,0,southkorea2,0.0,0.0,0,0.0,0.0,0.0,1
Jeonnam,0,0,0,0,0,0,0,0,southkorea2,0.0,0.0,0,0.0,0.0,0.0,1
Seongnam,0,0,0,0,0,0,0,0,southkorea2,0.0,0.0,0,0.0,0.0,0.0,1
Seoul E-Land,0,0,0,0,0,0,0,0,southkorea2,0.0,0.0,0,0.0,0.0,0.0,1
Suwon Bluewings,0,0,0,0,0,0,0,0,southkorea2,0.0,0.0,0,0.0,0.0,0.0,1
Real Madrid,8,5,1,2,17,8,9,16,spain,0.62,0.38,9,2.12,1.61,2.63,1
FC Barcelona,8,4,3,1,21,8,13,15,spain,0.5,0.5,13,2.62,2.0,2.0,2
Atletico Madrid,8,4,2,2,11,5,6,14,spain,0.5,0.5,6,1.38,2.0,2.0,3
Athletic Bilbao,8,3,4,1,11,9,2,13,spain,0.38,0.62,2,1.38,2.63,1.61,4
Getafe,8,4,1,3,9,7,2,13,spain,0.5,0.5,2,1.12,2.0,2.0,4
Rayo Vallecano,8,3,3,2,7,6,1,12,spain,0.38,0.62,1,0.88,2.63,1.61,5
Villarreal,8,3,2,3,12,12,0,11,spain,0.38,0.62,0,1.5,2.63,1.61,6
Real Sociedad,8,3,1,4,7,6,1,10,spain,0.38,0.62,1,0.88,2.63,1.61,7
Real Betis,8,3,1,4,10,13,-3,10,spain,0.38,0.62,-3,1.25,2.63,1.61,7
Las Palmas,8,3,1,4,11,15,-4,10,spain,0.38,0.62,-4,1.38,2.63,1.61,7
Mallorca,8,3,0,5,7,14,-7,9,spain,0.38,0.62,-7,0.88,2.63,1.61,8
Osasuna,8,1,5,2,6,9,-3,8,spain,0.12,0.88,-3,0.75,8.33,1.14,9
Girona,8,2,2,4,7,11,-4,8,spain,0.25,0.75,-4,0.88,4.0,1.33,9
Sevilla FC,8,2,2,4,11,16,-5,8,spain,0.25,0.75,-5,1.38,4.0,1.33,9
Leganes,8,1,4,3,8,12,-4,7,spain,0.12,0.88,-4,1.0,8.33,1.14,10
Alaves,8,1,2,5,8,14,-6,5,spain,0.12,0.88,-6,1.0,8.33,1.14,11
Celta Vigo,8,1,2,5,7,14,-7,5,spain,0.12,0.88,-7,0.88,8.33,1.14,11
Valencia,8,0,4,4,5,16,-11,4,spain,0.0,1.0,-11,0.62,0.0,1.0,12
Valladolid,8,1,0,7,6,18,-12,3,spain,0.12,0.88,-12,0.75,8.33,1.14,13
Espanyol,8,0,1,7,5,17,-12,1,spain,0.0,1.0,-12,0.62,0.0,1.0,14
Deportivo,8,4,2,2,14,8,6,14,spain2,0.5,0.5,6,1.75,2.0,2.0,1
Almeria,8,4,2,2,16,11,5,14,spain2,0.5,0.5,5,2.0,2.0,2.0,1
Huesca,8,4,2,2,9,5,4,14,spain2,0.5,0.5,4,1.12,2.0,2.0,1
Levante,8,3,4,1,9,5,4,13,spain2,0.38,0.62,4,1.12,2.63,1.61,2
Real Oviedo,8,3,3,2,12,12,0,12,spain2,0.38,0.62,0,1.5,2.63,1.61,3
Elche,8,2,5,1,7,6,1,11,spain2,0.25,0.75,1,0.88,4.0,1.33,4
Racing,8,3,2,3,9,13,-4,11,spain2,0.38,0.62,-4,1.12,2.63,1.61,4
Mirandes,8,3,1,4,9,7,2,10,spain2,0.38,0.62,2,1.12,2.63,1.61,5
Granada,8,3,1,4,12,13,-1,10,spain2,0.38,0.62,-1,1.5,2.63,1.61,5
Cordoba,8,3,1,4,8,15,-7,10,spain2,0.38,0.62,-7,1.0,2.63,1.61,5
Real Zaragoza,8,2,3,3,11,12,-1,9,spain2,0.25,0.75,-1,1.38,4.0,1.33,6
Castellon,8,2,3,3,9,13,-4,9,spain2,0.25,0.75,-4,1.12,4.0,1.33,6
Racing Ferrol,8,2,2,4,5,14,-9,8,spain2,0.25,0.75,-9,0.62,4.0,1.33,7
Cadiz,8,1,4,3,8,9,-1,7,spain2,0.12,0.88,-1,1.0,8.33,1.14,8
Sporting Gijon,8,1,4,3,10,12,-2,7,spain2,0.12,0.88,-2,1.25,8.33,1.14,8
Malaga,8,1,3,4,8,12,-4,6,spain2,0.12,0.88,-4,1.0,8.33,1.14,9
Albacete,8,1,3,4,5,11,-6,6,spain2,0.12,0.88,-6,0.62,8.33,1.14,9
Eldense,8,1,2,5,5,12,-7,5,spain2,0.12,0.88,-7,0.62,8.33,1.14,10
Eibar,8,1,1,6,5,10,-5,4,spain2,0.12,0.88,-5,0.62,8.33,1.14,11
Tenerife,8,0,2,6,5,15,-10,2,spain2,0.0,1.0,-10,0.62,0.0,1.0,12
Burgos,8,0,2,6,3,14,-11,2,spain2,0.0,1.0,-11,0.38,0.0,1.0,12
Cartagena,8,0,1,7,5,22,-17,1,spain2,0.0,1.0,-17,0.62,0.0,1.0,13
Athletic B. B,8,5,1,2,13,7,6,16,spain3,0.62,0.38,6,1.62,1.61,2.63,1
Leonesa,8,4,3,1,14,10,4,15,spain3,0.5,0.5,4,1.75,2.0,2.0,2
Barakaldo,8,3,3,2,9,7,2,12,spain3,0.38,0.62,2,1.12,2.63,1.61,3
Ponferradina,8,3,3,2,9,7,2,12,spain3,0.38,0.62,2,1.12,2.63,1.61,3
Gimnastic T.,8,3,2,3,8,7,1,11,spain3,0.38,0.62,1,1.0,2.63,1.61,4
Sestao River,8,3,2,3,6,8,-2,11,spain3,0.38,0.62,-2,0.75,2.63,1.61,4
FC Barcelona B,8,2,4,2,10,12,-2,10,spain3,0.25,0.75,-2,1.25,4.0,1.33,5
Arenteiro,8,3,1,4,6,11,-5,10,spain3,0.38,0.62,-5,0.75,2.63,1.61,5
Zamora,8,2,3,3,9,9,0,9,spain3,0.25,0.75,0,1.12,4.0,1.33,6
Ourense CF,8,2,3,3,7,7,0,9,spain3,0.25,0.75,0,0.88,4.0,1.33,6
Tarazona,8,2,2,4,11,14,-3,8,spain3,0.25,0.75,-3,1.38,4.0,1.33,7
Real Sociedad B,8,1,4,3,7,9,-2,7,spain3,0.12,0.88,-2,0.88,8.33,1.14,8
Osasuna B,8,2,1,5,8,17,-9,7,spain3,0.25,0.75,-9,1.0,4.0,1.33,8
Lugo,8,1,3,4,4,9,-5,6,spain3,0.12,0.88,-5,0.5,8.33,1.14,9
Real Union,8,2,0,6,5,20,-15,6,spain3,0.25,0.75,-15,0.62,4.0,1.33,9
Unionistas,8,0,5,3,10,13,-3,5,spain3,0.0,1.0,-3,1.25,0.0,1.0,10
Gimnastica,8,1,2,5,11,27,-16,5,spain3,0.12,0.88,-16,1.38,8.33,1.14,10
Celta Vigo B,8,1,1,6,8,14,-6,4,spain3,0.12,0.88,-6,1.0,8.33,1.14,11
FC Andorra,8,0,3,5,3,13,-10,3,spain3,0.0,1.0,-10,0.38,0.0,1.0,12
Amorebieta,8,0,2,6,5,19,-14,2,spain3,0.0,1.0,-14,0.62,0.0,1.0,13
Real Murcia,8,4,2,2,12,9,3,14,spain4,0.5,0.5,3,1.5,2.0,2.0,1
Antequera,8,3,4,1,13,12,1,13,spain4,0.38,0.62,1,1.62,2.63,1.61,2
UD Ibiza,8,4,0,4,7,9,-2,12,spain4,0.5,0.5,-2,0.88,2.0,2.0,3
Villarreal B,8,2,5,1,13,10,3,11,spain4,0.25,0.75,3,1.62,4.0,1.33,4
Yeclano,8,3,1,4,11,9,2,10,spain4,0.38,0.62,2,1.38,2.63,1.61,5
Sanluqueno,8,2,4,2,7,7,0,10,spain4,0.25,0.75,0,0.88,4.0,1.33,5
Alcorcon,8,3,1,4,11,13,-2,10,spain4,0.38,0.62,-2,1.38,2.63,1.61,5
Real Betis B,8,2,4,2,10,12,-2,10,spain4,0.25,0.75,-2,1.25,4.0,1.33,5
Alcoyano,8,3,1,4,7,11,-4,10,spain4,0.38,0.62,-4,0.88,2.63,1.61,5
Atletico M. B,8,2,3,3,10,10,0,9,spain4,0.25,0.75,0,1.25,4.0,1.33,6
Real Madrid B,8,2,2,4,13,13,0,8,spain4,0.25,0.75,0,1.62,4.0,1.33,7
Fuenlabrada,8,2,2,4,12,13,-1,8,spain4,0.25,0.75,-1,1.5,4.0,1.33,7
Ceuta,8,0,7,1,5,7,-2,7,spain4,0.0,1.0,-2,0.62,0.0,1.0,8
Algeciras,8,1,4,3,8,11,-3,7,spain4,0.12,0.88,-3,1.0,8.33,1.14,8
Sevilla FC B,8,2,1,5,6,12,-6,7,spain4,0.25,0.75,-6,0.75,4.0,1.33,8
Marbella,8,1,3,4,10,14,-4,6,spain4,0.12,0.88,-4,1.25,8.33,1.14,9
Merida,8,1,3,4,8,15,-7,6,spain4,0.12,0.88,-7,1.0,8.33,1.14,9
Hercules,8,1,2,5,6,10,-4,5,spain4,0.12,0.88,-4,0.75,8.33,1.14,10
Recreativo H.,8,0,4,4,3,8,-5,4,spain4,0.0,1.0,-5,0.38,0.0,1.0,11
Intercity,8,1,1,6,5,13,-8,4,spain4,0.12,0.88,-8,0.62,8.33,1.14,11
Pontevedra,8,5,2,1,9,4,5,17,spain5,0.62,0.38,5,1.12,1.61,2.63,1
Numancia,8,4,3,1,14,6,8,15,spain5,0.5,0.5,8,1.75,2.0,2.0,2
Escobedo,8,3,4,1,6,6,0,13,spain5,0.38,0.62,0,0.75,2.63,1.61,3
Salamanca CF,8,4,1,3,11,12,-1,13,spain5,0.5,0.5,-1,1.38,2.0,2.0,3
Langreo,8,3,3,2,5,5,0,12,spain5,0.38,0.62,0,0.62,2.63,1.61,4
Guijuelo,8,2,5,1,10,9,1,11,spain5,0.25,0.75,1,1.25,4.0,1.33,5
Valladolid B,8,3,2,3,7,11,-4,11,spain5,0.38,0.62,-4,0.88,2.63,1.61,5
Real Avila,8,3,1,4,6,7,-1,10,spain5,0.38,0.62,-1,0.75,2.63,1.61,6
Rayo Cantabria,8,2,2,4,16,16,0,8,spain5,0.25,0.75,0,2.0,4.0,1.33,7
Torrelavega,8,2,2,4,9,11,-2,8,spain5,0.25,0.75,-2,1.12,4.0,1.33,7
Real Aviles,8,1,5,2,10,13,-3,8,spain5,0.12,0.88,-3,1.25,8.33,1.14,7
Bergantinos,8,2,1,5,8,10,-2,7,spain5,0.25,0.75,-2,1.0,4.0,1.33,8
D. Fabril,8,2,1,5,8,11,-3,7,spain5,0.25,0.75,-3,1.0,4.0,1.33,8
Coruxo,8,2,1,5,5,10,-5,7,spain5,0.25,0.75,-5,0.62,4.0,1.33,8
Compostela,8,1,2,5,9,13,-4,5,spain5,0.12,0.88,-4,1.12,8.33,1.14,9
Llanera,8,1,2,5,5,11,-6,5,spain5,0.12,0.88,-6,0.62,8.33,1.14,9
Marino de L.,8,1,1,6,7,15,-8,4,spain5,0.12,0.88,-8,0.88,8.33,1.14,10
Laredo,8,0,3,5,4,16,-12,3,spain5,0.0,1.0,-12,0.5,0.0,1.0,11
SD Logrones,8,5,1,2,16,9,7,16,spain6,0.62,0.38,7,2.0,1.61,2.63,1
Eibar B,8,4,2,2,11,7,4,14,spain6,0.5,0.5,4,1.38,2.0,2.0,2
Arenas Club,8,4,2,2,9,5,4,14,spain6,0.5,0.5,4,1.12,2.0,2.0,2
Teruel,8,4,1,3,7,8,-1,13,spain6,0.5,0.5,-1,0.88,2.0,2.0,3
Anguiano,8,4,0,4,11,8,3,12,spain6,0.5,0.5,3,1.38,2.0,2.0,4
Alfaro,8,3,3,2,9,10,-1,12,spain6,0.38,0.62,-1,1.12,2.63,1.61,4
UD Logrones,8,2,4,2,10,7,3,10,spain6,0.25,0.75,3,1.25,4.0,1.33,5
Tudelano,8,2,4,2,12,12,0,10,spain6,0.25,0.75,0,1.5,4.0,1.33,5
Alaves B,8,2,4,2,6,6,0,10,spain6,0.25,0.75,0,0.75,4.0,1.33,5
Ejea,8,2,3,3,11,9,2,9,spain6,0.25,0.75,2,1.38,4.0,1.33,6
Calahorra,8,2,3,3,9,10,-1,9,spain6,0.25,0.75,-1,1.12,4.0,1.33,6
Barbastro,8,2,3,3,8,10,-2,9,spain6,0.25,0.75,-2,1.0,4.0,1.33,6
Utebo,8,1,5,2,4,5,-1,8,spain6,0.12,0.88,-1,0.5,8.33,1.14,7
Real Zaragoza B,8,2,1,5,7,11,-4,7,spain6,0.25,0.75,-4,0.88,4.0,1.33,8
Subiza,8,2,1,5,7,13,-6,7,spain6,0.25,0.75,-6,0.88,4.0,1.33,8
Gernika,8,2,1,5,5,12,-7,7,spain6,0.25,0.75,-7,0.62,4.0,1.33,8
Izarra,8,2,1,5,10,19,-9,7,spain6,0.25,0.75,-9,1.25,4.0,1.33,8
Real Sociedad C,8,1,2,5,5,14,-9,5,spain6,0.12,0.88,-9,0.62,8.33,1.14,9
Terrassa,8,5,2,1,9,4,5,17,spain7,0.62,0.38,5,1.12,1.61,2.63,1
Europa,8,4,2,2,12,8,4,14,spain7,0.5,0.5,4,1.5,2.0,2.0,2
Torrent,8,4,2,2,7,9,-2,14,spain7,0.5,0.5,-2,0.88,2.0,2.0,2
Espanyol B,8,3,4,1,9,7,2,13,spain7,0.38,0.62,2,1.12,2.63,1.61,3
Sant Andreu,8,3,4,1,16,15,1,13,spain7,0.38,0.62,1,2.0,2.63,1.61,3
Olot,8,4,1,3,7,7,0,13,spain7,0.5,0.5,0,0.88,2.0,2.0,3
Andratx,8,4,1,3,8,9,-1,13,spain7,0.5,0.5,-1,1.0,2.0,2.0,3
Sabadell,8,3,3,2,8,6,2,12,spain7,0.38,0.62,2,1.0,2.63,1.61,4
Valencia B,8,3,3,2,7,7,0,12,spain7,0.38,0.62,0,0.88,2.63,1.61,4
Alzira,8,3,3,2,13,14,-1,12,spain7,0.38,0.62,-1,1.62,2.63,1.61,4
Lleida,8,2,5,1,9,6,3,11,spain7,0.25,0.75,3,1.12,4.0,1.33,5
A. Baleares,8,3,2,3,10,10,0,11,spain7,0.38,0.62,0,1.25,2.63,1.61,5
Cornella,8,3,2,3,8,13,-5,11,spain7,0.38,0.62,-5,1.0,2.63,1.61,5
SD Ibiza,8,2,4,2,7,9,-2,10,spain7,0.25,0.75,-2,0.88,4.0,1.33,6
Elche B,8,2,3,3,8,12,-4,9,spain7,0.25,0.75,-4,1.0,4.0,1.33,7
Pena Deportiva,8,2,1,5,5,10,-5,7,spain7,0.25,0.75,-5,0.62,4.0,1.33,8
Badalona,8,1,4,3,6,12,-6,7,spain7,0.12,0.88,-6,0.75,8.33,1.14,8
Mallorca B,8,1,2,5,3,14,-11,5,spain7,0.12,0.88,-11,0.38,8.33,1.14,9
Torremolinos,8,5,3,0,9,1,8,18,spain8,0.62,0.38,8,1.12,1.61,2.63,1
Linense,8,5,1,2,8,4,4,16,spain8,0.62,0.38,4,1.0,1.61,2.63,2
UCAM Murcia,8,3,4,1,8,4,4,13,spain8,0.38,0.62,4,1.0,2.63,1.61,3
Antoniano,8,4,1,3,9,7,2,13,spain8,0.5,0.5,2,1.12,2.0,2.0,3
La Union,8,4,1,3,8,6,2,13,spain8,0.5,0.5,2,1.0,2.0,2.0,3
Aguilas CF,8,3,3,2,7,4,3,12,spain8,0.38,0.62,3,0.88,2.63,1.61,4
Almeria B,8,3,3,2,7,5,2,12,spain8,0.38,0.62,2,0.88,2.63,1.61,4
Xerez CD,8,3,3,2,7,5,2,12,spain8,0.38,0.62,2,0.88,2.63,1.61,4
D. Minera,8,3,3,2,9,8,1,12,spain8,0.38,0.62,1,1.12,2.63,1.61,4
Orihuela,8,3,2,3,5,4,1,11,spain8,0.38,0.62,1,0.62,2.63,1.61,5
CD Estepona,8,3,2,3,5,5,0,11,spain8,0.38,0.62,0,0.62,2.63,1.61,5
Linares,8,1,4,3,8,11,-3,7,spain8,0.12,0.88,-3,1.0,8.33,1.14,6
Cadiz B,8,2,1,5,4,15,-11,7,spain8,0.25,0.75,-11,0.5,4.0,1.33,6
Xerez D. FC,8,1,3,4,6,9,-3,6,spain8,0.12,0.88,-3,0.75,8.33,1.14,7
San Fernando,8,1,2,5,7,11,-4,5,spain8,0.12,0.88,-4,0.88,8.33,1.14,8
Villanovense,8,0,3,5,8,16,-8,3,spain8,0.0,1.0,-8,1.0,0.0,1.0,9
Don Benito,8,1,0,7,7,16,-9,3,spain8,0.12,0.88,-9,0.88,8.33,1.14,9
Granada B,8,1,0,7,4,16,-12,3,spain8,0.12,0.88,-12,0.5,8.33,1.14,9
Guadalajara,8,5,3,0,14,5,9,18,spain9,0.62,0.38,9,1.75,1.61,2.63,1
Talavera CF,8,5,2,1,13,8,5,17,spain9,0.62,0.38,5,1.62,1.61,2.63,2
Cacereno,8,4,3,1,11,6,5,15,spain9,0.5,0.5,5,1.38,2.0,2.0,3
Melilla,8,4,2,2,12,9,3,14,spain9,0.5,0.5,3,1.5,2.0,2.0,4
R. Majadahonda,8,3,2,3,12,12,0,11,spain9,0.38,0.62,0,1.5,2.63,1.61,5
Getafe B,8,3,2,3,11,11,0,11,spain9,0.38,0.62,0,1.38,2.63,1.61,5
CDC Moscardo,8,3,2,3,10,12,-2,11,spain9,0.38,0.62,-2,1.25,2.63,1.61,5
CD Coria,8,3,1,4,9,10,-1,10,spain9,0.38,0.62,-1,1.12,2.63,1.61,6
Conquense,8,3,1,4,7,8,-1,10,spain9,0.38,0.62,-1,0.88,2.63,1.61,6
Tenerife B,8,3,0,5,12,14,-2,9,spain9,0.38,0.62,-2,1.5,2.63,1.61,7
Union Adarve,8,2,1,5,6,12,-6,7,spain9,0.25,0.75,-6,0.75,4.0,1.33,8
Navalcarnero,8,1,3,4,5,10,-5,6,spain9,0.12,0.88,-5,0.62,8.33,1.14,9
Illescas,8,1,2,5,6,11,-5,5,spain9,0.12,0.88,-5,0.75,8.33,1.14,10
Real Madrid C,8,1,2,5,6,12,-6,5,spain9,0.12,0.88,-6,0.75,8.33,1.14,10
S. Sebastian R.,8,0,3,5,4,11,-7,3,spain9,0.0,1.0,-7,0.5,0.0,1.0,11
CD Mostoles,8,1,0,7,5,19,-14,3,spain9,0.12,0.88,-14,0.62,8.33,1.14,11
Union Sur Yaiza,8,0,2,6,10,22,-12,2,spain9,0.0,1.0,-12,1.25,0.0,1.0,12
Atletico Paso,8,0,0,8,7,20,-13,0,spain9,0.0,1.0,-13,0.88,0.0,1.0,13
AIK,0,0,0,0,0,0,0,0,sweden,0.0,0.0,0,0.0,0.0,0.0,1
Brommapojkarna,0,0,0,0,0,0,0,0,sweden,0.0,0.0,0,0.0,0.0,0.0,1
Degerfors,0,0,0,0,0,0,0,0,sweden,0.0,0.0,0,0.0,0.0,0.0,1
Djurgarden,0,0,0,0,0,0,0,0,sweden,0.0,0.0,0,0.0,0.0,0.0,1
Elfsborg,0,0,0,0,0,0,0,0,sweden,0.0,0.0,0,0.0,0.0,0.0,1
GAIS,0,0,0,0,0,0,0,0,sweden,0.0,0.0,0,0.0,0.0,0.0,1
Hacken,0,0,0,0,0,0,0,0,sweden,0.0,0.0,0,0.0,0.0,0.0,1
Halmstad,0,0,0,0,0,0,0,0,sweden,0.0,0.0,0,0.0,0.0,0.0,1
Hammarby,0,0,0,0,0,0,0,0,sweden,0.0,0.0,0,0.0,0.0,0.0,1
IFK Goteborg,0,0,0,0,0,0,0,0,sweden,0.0,0.0,0,0.0,0.0,0.0,1
Malmo FF,0,0,0,0,0,0,0,0,sweden,0.0,0.0,0,0.0,0.0,0.0,1
Mjallby,0,0,0,0,0,0,0,0,sweden,0.0,0.0,0,0.0,0.0,0.0,1
Norrkoping,0,0,0,0,0,0,0,0,sweden,0.0,0.0,0,0.0,0.0,0.0,1
Oster,0,0,0,0,0,0,0,0,sweden,0.0,0.0,0,0.0,0.0,0.0,1
Sirius,0,0,0,0,0,0,0,0,sweden,0.0,0.0,0,0.0,0.0,0.0,1
Varnamo,0,0,0,0,0,0,0,0,sweden,0.0,0.0,0,0.0,0.0,0.0,1
Brage,0,0,0,0,0,0,0,0,sweden2,0.0,0.0,0,0.0,0.0,0.0,1
Falkenberg,0,0,0,0,0,0,0,0,sweden2,0.0,0.0,0,0.0,0.0,0.0,1
GIF Sundsvall,0,0,0,0,0,0,0,0,sweden2,0.0,0.0,0,0.0,0.0,0.0,1
Helsingborg,0,0,0,0,0,0,0,0,sweden2,0.0,0.0,0,0.0,0.0,0.0,1
Kalmar,0,0,0,0,0,0,0,0,sweden2,0.0,0.0,0,0.0,0.0,0.0,1
Landskrona,0,0,0,0,0,0,0,0,sweden2,0.0,0.0,0,0.0,0.0,0.0,1
Oddevold,0,0,0,0,0,0,0,0,sweden2,0.0,0.0,0,0.0,0.0,0.0,1
Orebro,0,0,0,0,0,0,0,0,sweden2,0.0,0.0,0,0.0,0.0,0.0,1
Orgryte,0,0,0,0,0,0,0,0,sweden2,0.0,0.0,0,0.0,0.0,0.0,1
Ostersunds,0,0,0,0,0,0,0,0,sweden2,0.0,0.0,0,0.0,0.0,0.0,1
Sandviken,0,0,0,0,0,0,0,0,sweden2,0.0,0.0,0,0.0,0.0,0.0,1
Trelleborg,0,0,0,0,0,0,0,0,sweden2,0.0,0.0,0,0.0,0.0,0.0,1
Umea,0,0,0,0,0,0,0,0,sweden2,0.0,0.0,0,0.0,0.0,0.0,1
Utsikten,0,0,0,0,0,0,0,0,sweden2,0.0,0.0,0,0.0,0.0,0.0,1
Varberg BoIS,0,0,0,0,0,0,0,0,sweden2,0.0,0.0,0,0.0,0.0,0.0,1
Vasteras,0,0,0,0,0,0,0,0,sweden2,0.0,0.0,0,0.0,0.0,0.0,1
FC Basel,8,3,2,3,17,11,6,11,switzerland,0.38,0.62,6,2.12,2.63,1.61,1
Luzern,8,3,2,3,14,15,-1,11,switzerland,0.38,0.62,-1,1.75,2.63,1.61,1
St. Gallen,8,3,2,3,11,12,-1,11,switzerland,0.38,0.62,-1,1.38,2.63,1.61,1
FC Zurich,8,3,1,4,10,16,-6,10,switzerland,0.38,0.62,-6,1.25,2.63,1.61,2
Lausanne Sport,8,2,3,3,14,11,3,9,switzerland,0.25,0.75,3,1.75,4.0,1.33,3
BSC Young Boys,8,2,3,3,8,9,-1,9,switzerland,0.25,0.75,-1,1.0,4.0,1.33,3
Grasshopper,8,2,3,3,5,9,-4,9,switzerland,0.25,0.75,-4,0.62,4.0,1.33,3
Lugano,8,2,2,4,11,14,-3,8,switzerland,0.25,0.75,-3,1.38,4.0,1.33,4
Servette,8,1,4,3,11,13,-2,7,switzerland,0.12,0.88,-2,1.38,8.33,1.14,5
Sion,8,2,1,5,9,18,-9,7,switzerland,0.25,0.75,-9,1.12,4.0,1.33,5
Yverdon,8,1,3,4,7,17,-10,6,switzerland,0.12,0.88,-10,0.88,8.33,1.14,6
Winterthur,8,0,4,4,6,17,-11,4,switzerland,0.0,1.0,-11,0.75,0.0,1.0,7
Bangkok Utd,8,6,0,2,15,8,7,18,thailand,0.75,0.25,7,1.88,1.33,4.0,1
Buriram Utd,8,5,2,1,18,7,11,17,thailand,0.62,0.38,11,2.25,1.61,2.63,2
Muang Thong Utd,8,2,3,3,11,9,2,9,thailand,0.25,0.75,2,1.38,4.0,1.33,3
Prachuap,8,2,3,3,10,13,-3,9,thailand,0.25,0.75,-3,1.25,4.0,1.33,3
Uthai Thani,8,3,0,5,12,16,-4,9,thailand,0.38,0.62,-4,1.5,2.63,1.61,3
Ratchaburi,8,2,3,3,13,20,-7,9,thailand,0.25,0.75,-7,1.62,4.0,1.33,3
Pathum Utd,8,1,5,2,9,10,-1,8,thailand,0.12,0.88,-1,1.12,8.33,1.14,4
Port FC,8,2,2,4,7,10,-3,8,thailand,0.25,0.75,-3,0.88,4.0,1.33,4
Lamphun Warrior,8,1,3,4,8,13,-5,6,thailand,0.12,0.88,-5,1.0,8.33,1.14,5
N. Ratchasima,8,1,3,4,6,13,-7,6,thailand,0.12,0.88,-7,0.75,8.33,1.14,5
Sukhothai,8,1,3,4,5,13,-8,6,thailand,0.12,0.88,-8,0.62,8.33,1.14,5
Khon Kaen Utd,8,2,0,6,6,25,-19,6,thailand,0.25,0.75,-19,0.75,4.0,1.33,5
Nakhon Pathom,8,1,2,5,9,16,-7,5,thailand,0.12,0.88,-7,1.12,8.33,1.14,6
Rayong,8,1,2,5,9,21,-12,5,thailand,0.12,0.88,-12,1.12,8.33,1.14,6
Chiangrai Utd,8,1,0,7,4,20,-16,3,thailand,0.12,0.88,-16,0.5,8.33,1.14,7
N. Bua Pitchaya,8,0,2,6,8,19,-11,2,thailand,0.0,1.0,-11,1.0,0.0,1.0,8
Kanchanaburi,8,5,2,1,14,9,5,17,thailand2,0.62,0.38,5,1.75,1.61,2.63,1
Ayutthaya Utd,8,4,3,1,12,7,5,15,thailand2,0.5,0.5,5,1.5,2.0,2.0,2
Pattaya United,8,4,1,3,12,5,7,13,thailand2,0.5,0.5,7,1.5,2.0,2.0,3
Phrae Utd,8,4,1,3,9,9,0,13,thailand2,0.5,0.5,0,1.12,2.0,2.0,3
Mahasarakham,8,3,3,2,11,9,2,12,thailand2,0.38,0.62,2,1.38,2.63,1.61,4
Lampang,8,3,3,2,10,8,2,12,thailand2,0.38,0.62,2,1.25,2.63,1.61,4
Bangkok FC,8,4,0,4,12,14,-2,12,thailand2,0.5,0.5,-2,1.5,2.0,2.0,4
Kasetsart,8,2,4,2,8,11,-3,10,thailand2,0.25,0.75,-3,1.0,4.0,1.33,5
Chonburi,8,2,3,3,9,9,0,9,thailand2,0.25,0.75,0,1.12,4.0,1.33,6
Chanthaburi,8,2,2,4,11,17,-6,8,thailand2,0.25,0.75,-6,1.38,4.0,1.33,7
Sisaket Utd,8,1,4,3,4,12,-8,7,thailand2,0.12,0.88,-8,0.5,8.33,1.14,8
Police Tero,8,2,1,5,9,18,-9,7,thailand2,0.25,0.75,-9,1.12,4.0,1.33,8
Chiangmai Utd,8,1,3,4,8,16,-8,6,thailand2,0.12,0.88,-8,1.0,8.33,1.14,9
Nakhon Si,8,1,1,6,6,18,-12,4,thailand2,0.12,0.88,-12,0.75,8.33,1.14,10
Suphanburi,8,1,0,7,6,19,-13,3,thailand2,0.12,0.88,-13,0.75,8.33,1.14,11
Chainat,8,0,2,6,4,10,-6,2,thailand2,0.0,1.0,-6,0.5,0.0,1.0,12
Trat FC,8,0,1,7,2,15,-13,1,thailand2,0.0,1.0,-13,0.25,0.0,1.0,13
Samut Prakan,0,0,0,0,0,0,0,0,thailand2,0.0,0.0,0,0.0,0.0,0.0,14
Galatasaray,8,7,1,0,19,6,13,22,turkey,0.88,0.12,13,2.38,1.14,8.33,1
Fenerbahce,8,5,2,1,21,10,11,17,turkey,0.62,0.38,11,2.62,1.61,2.63,2
Kasimpasa,8,3,4,1,17,17,0,13,turkey,0.38,0.62,0,2.12,2.63,1.61,3
Eyupspor,8,3,2,3,10,9,1,11,turkey,0.38,0.62,1,1.25,2.63,1.61,4
Samsunspor,8,3,2,3,10,12,-2,11,turkey,0.38,0.62,-2,1.25,2.63,1.61,4
Besiktas,8,1,5,2,8,8,0,8,turkey,0.12,0.88,0,1.0,8.33,1.14,5
Antalyaspor,8,2,2,4,7,15,-8,8,turkey,0.25,0.75,-8,0.88,4.0,1.33,5
Kayserispor,8,2,2,4,7,16,-9,8,turkey,0.25,0.75,-9,0.88,4.0,1.33,5
Alanyaspor,8,1,4,3,4,9,-5,7,turkey,0.12,0.88,-5,0.5,8.33,1.14,6
Basaksehir,8,2,1,5,10,16,-6,7,turkey,0.25,0.75,-6,1.25,4.0,1.33,6
Rizespor,8,2,0,6,9,16,-7,6,turkey,0.25,0.75,-7,1.12,4.0,1.33,7
Goztepe,8,1,2,5,10,15,-5,5,turkey,0.12,0.88,-5,1.25,8.33,1.14,8
Konyaspor,8,1,1,6,6,14,-8,4,turkey,0.12,0.88,-8,0.75,8.33,1.14,9
Sivasspor,8,1,1,6,7,18,-11,4,turkey,0.12,0.88,-11,0.88,8.33,1.14,9
Adana Demirspor,8,1,1,6,7,19,-12,4,turkey,0.12,0.88,-12,0.88,8.33,1.14,9
Trabzonspor,8,0,3,5,8,14,-6,3,turkey,0.0,1.0,-6,1.0,0.0,1.0,10
Hatayspor,8,0,2,6,8,18,-10,2,turkey,0.0,1.0,-10,1.0,0.0,1.0,11
Gaziantep,8,0,2,6,10,21,-11,2,turkey,0.0,1.0,-11,1.25,0.0,1.0,11
Bodrumspor,8,0,2,6,4,15,-11,2,turkey,0.0,1.0,-11,0.5,0.0,1.0,11
Kocaelispor,8,5,1,2,13,8,5,16,turkey2,0.62,0.38,5,1.62,1.61,2.63,1
Erzurum BB,8,4,2,2,14,7,7,14,turkey2,0.5,0.5,7,1.75,2.0,2.0,2
F. Karagumruk,8,4,2,2,10,7,3,14,turkey2,0.5,0.5,3,1.25,2.0,2.0,2
Sakaryaspor,8,3,4,1,10,9,1,13,turkey2,0.38,0.62,1,1.25,2.63,1.61,3
Erokspor,8,4,1,3,9,9,0,13,turkey2,0.5,0.5,0,1.12,2.0,2.0,3
Keciorengucu,8,3,3,2,9,11,-2,12,turkey2,0.38,0.62,-2,1.12,2.63,1.61,4
Boluspor,8,3,2,3,11,11,0,11,turkey2,0.38,0.62,0,1.38,2.63,1.61,5
Corum,8,3,2,3,9,9,0,11,turkey2,0.38,0.62,0,1.12,2.63,1.61,5
Genclerbirligi,8,2,3,3,10,11,-1,9,turkey2,0.25,0.75,-1,1.25,4.0,1.33,6
Manisa BB,8,3,0,5,9,14,-5,9,turkey2,0.38,0.62,-5,1.12,2.63,1.61,6
Bandirmaspor,8,2,3,3,7,12,-5,9,turkey2,0.25,0.75,-5,0.88,4.0,1.33,6
Pendikspor,8,2,2,4,6,9,-3,8,turkey2,0.25,0.75,-3,0.75,4.0,1.33,7
Sanliurfaspor,8,2,1,5,10,11,-1,7,turkey2,0.25,0.75,-1,1.25,4.0,1.33,8
Istanbulspor,8,2,1,5,10,12,-2,7,turkey2,0.25,0.75,-2,1.25,4.0,1.33,8
Amed SK,8,1,4,3,7,9,-2,7,turkey2,0.12,0.88,-2,0.88,8.33,1.14,8
Ankaragucu,8,2,1,5,6,9,-3,7,turkey2,0.25,0.75,-3,0.75,4.0,1.33,8
Umraniyespor,8,2,1,5,7,12,-5,7,turkey2,0.25,0.75,-5,0.88,4.0,1.33,8
Igdir,8,1,2,5,6,17,-11,5,turkey2,0.12,0.88,-11,0.75,8.33,1.14,9
Adanaspor,8,1,1,6,3,11,-8,4,turkey2,0.12,0.88,-8,0.38,8.33,1.14,10
Y. Malatyaspor,8,0,0,8,2,30,-28,0,turkey2,0.0,1.0,-28,0.25,0.0,1.0,11
Altinordu,8,5,2,1,20,6,14,17,turkey3,0.62,0.38,14,2.5,1.61,2.63,1
Sariyer,8,5,2,1,17,8,9,17,turkey3,0.62,0.38,9,2.12,1.61,2.63,1
B. Petrolspor,8,5,0,3,11,11,0,15,turkey3,0.62,0.38,0,1.38,1.61,2.63,2
Kastamonuspor,8,4,2,2,15,10,5,14,turkey3,0.5,0.5,5,1.88,2.0,2.0,3
Fethiyespor,8,4,2,2,11,6,5,14,turkey3,0.5,0.5,5,1.38,2.0,2.0,3
Adana,8,3,4,1,8,6,2,13,turkey3,0.38,0.62,2,1.0,2.63,1.61,4
Trabzon FK,8,2,3,3,13,12,1,9,turkey3,0.25,0.75,1,1.62,4.0,1.33,5
Kepez Belediyes,8,2,2,4,8,12,-4,8,turkey3,0.25,0.75,-4,1.0,4.0,1.33,6
Iskenderun,8,2,2,4,8,13,-5,8,turkey3,0.25,0.75,-5,1.0,4.0,1.33,6
24 Erzincanspor,8,1,4,3,12,13,-1,7,turkey3,0.12,0.88,-1,1.5,8.33,1.14,7
Isparta Davrazs,8,1,4,3,5,9,-4,7,turkey3,0.12,0.88,-4,0.62,8.33,1.14,7
Inegolspor,8,2,1,5,9,15,-6,7,turkey3,0.25,0.75,-6,1.12,4.0,1.33,7
B. Anadolu,8,1,2,5,10,17,-7,5,turkey3,0.12,0.88,-7,1.25,8.33,1.14,8
Karakopru,8,1,2,5,5,12,-7,5,turkey3,0.12,0.88,-7,0.62,8.33,1.14,8
Altay,8,1,1,6,4,16,-12,4,turkey3,0.12,0.88,-12,0.5,8.33,1.14,9
Kirklarelispor,8,0,3,5,6,15,-9,3,turkey3,0.0,1.0,-9,0.75,0.0,1.0,10
Ankaraspor,8,0,3,5,4,13,-9,3,turkey3,0.0,1.0,-9,0.5,0.0,1.0,10
Afyonspor,8,0,0,8,2,29,-27,0,turkey3,0.0,1.0,-27,0.25,0.0,1.0,11
Serik Belediyes,8,7,0,1,21,5,16,21,turkey4,0.88,0.12,16,2.62,1.14,8.33,1
Van Spor,8,5,1,2,15,8,7,16,turkey4,0.62,0.38,7,1.88,1.61,2.63,2
Arnavutkoy B.,8,4,3,1,17,8,9,15,turkey4,0.5,0.5,9,2.12,2.0,2.0,3
Aksaray B.,8,4,2,2,12,7,5,14,turkey4,0.5,0.5,5,1.5,2.0,2.0,4
Elazigspor,8,3,3,2,17,12,5,12,turkey4,0.38,0.62,5,2.12,2.63,1.61,5
Karaman,8,3,3,2,12,10,2,12,turkey4,0.38,0.62,2,1.5,2.63,1.61,5
Karacabey,8,3,2,3,14,12,2,11,turkey4,0.38,0.62,2,1.75,2.63,1.61,6
Beyoglu Yeni C.,8,2,4,2,13,10,3,10,turkey4,0.25,0.75,3,1.62,4.0,1.33,7
Menemen B.,8,2,3,3,14,11,3,9,turkey4,0.25,0.75,3,1.75,4.0,1.33,8
A. Demirspor,8,2,2,4,15,16,-1,8,turkey4,0.25,0.75,-1,1.88,4.0,1.33,9
Somaspor,8,2,2,4,6,8,-2,8,turkey4,0.25,0.75,-2,0.75,4.0,1.33,9
Erbaaspor,8,2,2,4,10,13,-3,8,turkey4,0.25,0.75,-3,1.25,4.0,1.33,9
Bucaspor,8,1,2,5,3,7,-4,5,turkey4,0.12,0.88,-4,0.38,8.33,1.14,10
Derince,8,0,4,4,6,11,-5,4,turkey4,0.0,1.0,-5,0.75,0.0,1.0,11
Diyarbekirspor,8,0,4,4,4,9,-5,4,turkey4,0.0,1.0,-5,0.5,0.0,1.0,11
Nazillispor,8,1,1,6,8,18,-10,4,turkey4,0.12,0.88,-10,1.0,8.33,1.14,11
Yeni Mersin,8,0,3,5,3,16,-13,3,turkey4,0.0,1.0,-13,0.38,0.0,1.0,12
Giresunspor,8,0,2,6,5,21,-16,2,turkey4,0.0,1.0,-16,0.62,0.0,1.0,13
Bursaspor,8,6,2,0,17,4,13,20,turkey5,0.75,0.25,13,2.12,1.33,4.0,1
Anadolu U.,8,5,1,2,14,4,10,16,turkey5,0.62,0.38,10,1.75,1.61,2.63,2
Kirsehir B.,8,4,2,2,13,10,3,14,turkey5,0.5,0.5,3,1.62,2.0,2.0,3
Duzcespor,8,3,4,1,9,9,0,13,turkey5,0.38,0.62,0,1.12,2.63,1.61,4
Silifke,8,3,2,3,16,12,4,11,turkey5,0.38,0.62,4,2.0,2.63,1.61,5
Elaziz K.,8,3,2,3,7,4,3,11,turkey5,0.38,0.62,3,0.88,2.63,1.61,5
Karsiyaka,8,3,2,3,11,11,0,11,turkey5,0.38,0.62,0,1.38,2.63,1.61,5
Kutahyaspor,8,2,3,3,12,12,0,9,turkey5,0.25,0.75,0,1.5,4.0,1.33,6
Musspor,8,2,3,3,9,9,0,9,turkey5,0.25,0.75,0,1.12,4.0,1.33,6
Artvin Hopaspor,8,2,3,3,5,5,0,9,turkey5,0.25,0.75,0,0.62,4.0,1.33,6
Kusadasispor,8,3,0,5,12,15,-3,9,turkey5,0.38,0.62,-3,1.5,2.63,1.61,6
Viven Bornova,8,1,4,3,9,11,-2,7,turkey5,0.12,0.88,-2,1.12,8.33,1.14,7
Tokat,8,1,4,3,3,6,-3,7,turkey5,0.12,0.88,-3,0.38,8.33,1.14,7
Kahramanmar.,8,1,3,4,7,16,-9,6,turkey5,0.12,0.88,-9,0.88,8.33,1.14,8
K. Bulvarspor,8,1,3,4,6,15,-9,6,turkey5,0.12,0.88,-9,0.75,8.33,1.14,8
Ergene Velimese,8,1,1,6,3,15,-12,4,turkey5,0.12,0.88,-12,0.38,8.33,1.14,9
Fatsa B.,8,5,2,1,11,4,7,17,turkey6,0.62,0.38,7,1.38,1.61,2.63,1
Silivrispor,8,5,1,2,16,13,3,16,turkey6,0.62,0.38,3,2.0,1.61,2.63,2
Usakspor,8,5,0,3,10,6,4,15,turkey6,0.62,0.38,4,1.25,1.61,2.63,3
Balikesirspor,8,4,2,2,17,9,8,14,turkey6,0.5,0.5,8,2.12,2.0,2.0,4
Tire 2021 FK,8,4,2,2,10,4,6,14,turkey6,0.5,0.5,6,1.25,2.0,2.0,4
Cayelispor,8,4,1,3,11,10,1,13,turkey6,0.5,0.5,1,1.38,2.0,2.0,5
Muglaspor,8,4,1,3,10,10,0,13,turkey6,0.5,0.5,0,1.25,2.0,2.0,5
Amasyaspor,8,3,3,2,12,12,0,12,turkey6,0.38,0.62,0,1.5,2.63,1.61,6
Etimesgut,8,3,3,2,6,6,0,12,turkey6,0.38,0.62,0,0.75,2.63,1.61,6
Mazidagi,8,2,5,1,5,4,1,11,turkey6,0.25,0.75,1,0.62,4.0,1.33,7
Kelkit,8,1,5,2,4,5,-1,8,turkey6,0.12,0.88,-1,0.5,8.33,1.14,8
Beykoz Ishaklis,8,1,3,4,8,12,-4,6,turkey6,0.12,0.88,-4,1.0,8.33,1.14,9
Turk Metal 1963,8,1,3,4,8,15,-7,6,turkey6,0.12,0.88,-7,1.0,8.33,1.14,9
Inegol Kafkas,8,1,2,5,6,16,-10,5,turkey6,0.12,0.88,-10,0.75,8.33,1.14,10
Adiyaman,8,1,2,5,8,20,-12,5,turkey6,0.12,0.88,-12,1.0,8.33,1.14,10
Nevsehirspor,8,1,1,6,4,13,-9,4,turkey6,0.12,0.88,-9,0.5,8.33,1.14,11
Orduspor,8,5,2,1,9,3,6,17,turkey7,0.62,0.38,6,1.12,1.61,2.63,1
Kucukcekmece,8,5,1,2,18,7,11,16,turkey7,0.62,0.38,11,2.25,1.61,2.63,2
Pazarspor,8,3,3,2,7,5,2,12,turkey7,0.38,0.62,2,0.88,2.63,1.61,3
Ayvalikgucu,8,3,3,2,6,5,1,12,turkey7,0.38,0.62,1,0.75,2.63,1.61,3
Corluspor,8,3,2,3,8,9,-1,11,turkey7,0.38,0.62,-1,1.0,2.63,1.61,4
Aliaga FAS,8,1,7,0,4,2,2,10,turkey7,0.12,0.88,2,0.5,8.33,1.14,5
1922 Konyaspor,8,2,3,3,6,10,-4,9,turkey7,0.25,0.75,-4,0.75,4.0,1.33,6
Osmaniyespor,8,2,1,5,8,13,-5,7,turkey7,0.25,0.75,-5,1.0,4.0,1.33,7
Bayburt,8,0,4,4,11,16,-5,4,turkey7,0.0,1.0,-5,1.38,0.0,1.0,8
Efeler 09,8,1,1,6,4,11,-7,4,turkey7,0.12,0.88,-7,0.5,8.33,1.14,8
K. Idmanyurdu,8,0,4,4,7,16,-9,4,turkey7,0.0,1.0,-9,0.88,0.0,1.0,8
Cankaya FK,8,1,1,6,6,18,-12,4,turkey7,0.12,0.88,-12,0.75,8.33,1.14,8
Bursa,8,1,1,6,5,18,-13,4,turkey7,0.12,0.88,-13,0.62,8.33,1.14,8
Alanya 1221,8,0,2,6,7,14,-7,2,turkey7,0.0,1.0,-7,0.88,0.0,1.0,9
Yozgat Bld Bozo,8,0,2,6,5,15,-10,2,turkey7,0.0,1.0,-10,0.62,0.0,1.0,9
Viransehir,8,0,1,7,1,17,-16,1,turkey7,0.0,1.0,-16,0.12,0.0,1.0,10
Agri 1970,8,4,2,2,17,12,5,14,turkey8,0.5,0.5,5,2.12,2.0,2.0,1
Sebat G.,8,4,2,2,13,11,2,14,turkey8,0.5,0.5,2,1.62,2.0,2.0,1
Mardin BB,8,4,2,2,10,8,2,14,turkey8,0.5,0.5,2,1.25,2.0,2.0,1
Orduspor 1967,8,4,1,3,14,9,5,13,turkey8,0.5,0.5,5,1.75,2.0,2.0,2
Nilufer B.,8,2,4,2,12,7,5,10,turkey8,0.25,0.75,5,1.5,4.0,1.33,3
Kirikkale B.,8,3,1,4,9,8,1,10,turkey8,0.38,0.62,1,1.12,2.63,1.61,3
Z. Komurspor,8,3,1,4,9,9,0,10,turkey8,0.38,0.62,0,1.12,2.63,1.61,3
K. Istiklalspor,8,2,3,3,11,7,4,9,turkey8,0.25,0.75,4,1.38,4.0,1.33,4
Nigde Belediyes,8,1,4,3,7,11,-4,7,turkey8,0.12,0.88,-4,0.88,8.33,1.14,5
Tepecik,8,2,1,5,8,16,-8,7,turkey8,0.25,0.75,-8,1.0,4.0,1.33,5
Erciyes,8,1,2,5,7,11,-4,5,turkey8,0.12,0.88,-4,0.88,8.33,1.14,6
Turgutluspor,8,1,2,5,6,15,-9,5,turkey8,0.12,0.88,-9,0.75,8.33,1.14,6
Edirnespor,8,1,2,5,3,15,-12,5,turkey8,0.12,0.88,-12,0.38,8.33,1.14,6
Denizlispor,8,1,1,6,3,21,-18,4,turkey8,0.12,0.88,-18,0.38,8.33,1.14,7
Bergama B.,8,0,2,6,9,20,-11,2,turkey8,0.0,1.0,-11,1.12,0.0,1.0,8
Polatli B.,8,0,2,6,7,23,-16,2,turkey8,0.0,1.0,-16,0.88,0.0,1.0,8
Shabab Al Ahli,7,6,1,0,19,5,14,19,uae,0.86,0.14,14,2.71,1.16,7.14,1
Al Sharjah,8,5,1,2,14,6,8,16,uae,0.62,0.38,8,1.75,1.61,2.63,2
Al Jazira,8,3,2,3,18,16,2,11,uae,0.38,0.62,2,2.25,2.63,1.61,3
Al Wasl,8,2,4,2,10,13,-3,10,uae,0.25,0.75,-3,1.25,4.0,1.33,4
Bani Yas,8,3,1,4,9,15,-6,10,uae,0.38,0.62,-6,1.12,2.63,1.61,4
Al Ain,6,2,3,1,17,15,2,9,uae,0.33,0.67,2,2.83,3.03,1.49,5
Khorfakkan,8,3,0,5,14,21,-7,9,uae,0.38,0.62,-7,1.75,2.63,1.61,5
Al Wahda,7,2,2,3,10,12,-2,8,uae,0.29,0.71,-2,1.43,3.45,1.41,6
Al Bataeh,8,2,1,5,9,14,-5,7,uae,0.25,0.75,-5,1.12,4.0,1.33,7
Al Nasr,8,2,1,5,12,19,-7,7,uae,0.25,0.75,-7,1.5,4.0,1.33,7
Ittihad Kalba,8,1,3,4,9,13,-4,6,uae,0.12,0.88,-4,1.12,8.33,1.14,8
Dibba Al Hisn,8,1,3,4,10,18,-8,6,uae,0.12,0.88,-8,1.25,8.33,1.14,8
Ajman,8,2,0,6,9,17,-8,6,uae,0.25,0.75,-8,1.12,4.0,1.33,8
Al Urooba,8,0,0,8,2,22,-20,0,uae,0.0,1.0,-20,0.25,0.0,1.0,9
Dynamo Kyiv,7,5,2,0,16,4,12,17,ukraine,0.71,0.29,12,2.29,1.41,3.45,1
Kryvbas KR,8,5,1,2,10,7,3,16,ukraine,0.62,0.38,3,1.25,1.61,2.63,2
Shakhtar,7,3,2,2,12,7,5,11,ukraine,0.43,0.57,5,1.71,2.33,1.75,3
Oleksandria,6,3,2,1,6,5,1,11,ukraine,0.5,0.5,1,1.0,2.0,2.0,3
Polessya,7,3,1,3,11,9,2,10,ukraine,0.43,0.57,2,1.57,2.33,1.75,4
Zorya Luhansk,8,3,1,4,8,10,-2,10,ukraine,0.38,0.62,-2,1.0,2.63,1.61,4
Kolos Kovalivka,8,2,3,3,7,7,0,9,ukraine,0.25,0.75,0,0.88,4.0,1.33,5
Rukh Lviv,8,1,5,2,5,8,-3,8,ukraine,0.12,0.88,-3,0.62,8.33,1.14,6
Livyi Bereh,8,2,2,4,4,8,-4,8,ukraine,0.25,0.75,-4,0.5,4.0,1.33,6
Veres,7,2,2,3,5,10,-5,8,ukraine,0.29,0.71,-5,0.71,3.45,1.41,6
Obolon,8,2,2,4,5,12,-7,8,ukraine,0.25,0.75,-7,0.62,4.0,1.33,6
Karpaty Lviv,8,2,1,5,6,14,-8,7,ukraine,0.25,0.75,-8,0.75,4.0,1.33,7
LNZ Cherkasy,8,1,3,4,8,17,-9,6,ukraine,0.12,0.88,-9,1.0,8.33,1.14,8
Vorskla Poltava,8,1,2,5,7,14,-7,5,ukraine,0.12,0.88,-7,0.88,8.33,1.14,9
Inhulets,8,1,2,5,7,17,-10,5,ukraine,0.12,0.88,-10,0.88,8.33,1.14,9
Chornomorets,8,0,2,6,5,14,-9,2,ukraine,0.0,1.0,-9,0.62,0.0,1.0,10
Dnipro-1,0,0,0,0,0,0,0,0,ukraine,0.0,0.0,0,0.0,0.0,0.0,11
Defensor S.,4,3,0,1,5,2,3,9,uruguay2,0.75,0.25,3,1.25,1.33,4.0,1
Danubio,4,2,2,0,7,5,2,8,uruguay2,0.5,0.5,2,1.75,2.0,2.0,2
Cerro Largo,3,2,1,0,3,0,3,7,uruguay2,0.67,0.33,3,1.0,1.49,3.03,3
Nacional,3,2,0,1,10,3,7,6,uruguay2,0.67,0.33,7,3.33,1.49,3.03,4
Penarol,3,2,0,1,5,3,2,6,uruguay2,0.67,0.33,2,1.67,1.49,3.03,4
River Plate,4,2,0,2,4,3,1,6,uruguay2,0.5,0.5,1,1.0,2.0,2.0,4
Miramar Misione,4,2,0,2,4,7,-3,6,uruguay2,0.5,0.5,-3,1.0,2.0,2.0,4
D. Maldonado,4,1,2,1,3,3,0,5,uruguay2,0.25,0.75,0,0.75,4.0,1.33,5
Wanderers,3,1,1,1,3,4,-1,4,uruguay2,0.33,0.67,-1,1.0,3.03,1.49,6
Rampla Juniors,4,1,1,2,3,7,-4,4,uruguay2,0.25,0.75,-4,0.75,4.0,1.33,6
Racing CM,4,0,3,1,6,7,-1,3,uruguay2,0.0,1.0,-1,1.5,0.0,1.0,7
Fenix,3,1,0,2,4,5,-1,3,uruguay2,0.33,0.67,-1,1.33,3.03,1.49,7
Cerro,3,1,0,2,1,3,-2,3,uruguay2,0.33,0.67,-2,0.33,3.03,1.49,7
Progreso,3,0,2,1,4,6,-2,2,uruguay2,0.0,1.0,-2,1.33,0.0,1.0,8
Boston River,3,0,1,2,1,3,-2,1,uruguay2,0.0,1.0,-2,0.33,0.0,1.0,9
Liverpool M.,4,0,0,4,3,8,-5,0,uruguay2,0.0,1.0,-5,0.75,0.0,1.0,10
Atlanta Utd,0,0,0,0,0,0,0,0,usa,0.0,0.0,0,0.0,0.0,0.0,1
Austin,0,0,0,0,0,0,0,0,usa,0.0,0.0,0,0.0,0.0,0.0,1
CF Montreal,0,0,0,0,0,0,0,0,usa,0.0,0.0,0,0.0,0.0,0.0,1
Charlotte,0,0,0,0,0,0,0,0,usa,0.0,0.0,0,0.0,0.0,0.0,1
Chicago Fire,0,0,0,0,0,0,0,0,usa,0.0,0.0,0,0.0,0.0,0.0,1
Cincinnati,0,0,0,0,0,0,0,0,usa,0.0,0.0,0,0.0,0.0,0.0,1
Colorado Rapids,0,0,0,0,0,0,0,0,usa,0.0,0.0,0,0.0,0.0,0.0,1
Columbus Crew,0,0,0,0,0,0,0,0,usa,0.0,0.0,0,0.0,0.0,0.0,1
Dallas,0,0,0,0,0,0,0,0,usa,0.0,0.0,0,0.0,0.0,0.0,1
DC United,0,0,0,0,0,0,0,0,usa,0.0,0.0,0,0.0,0.0,0.0,1
Houston Dynamo,0,0,0,0,0,0,0,0,usa,0.0,0.0,0,0.0,0.0,0.0,1
Inter Miami,0,0,0,0,0,0,0,0,usa,0.0,0.0,0,0.0,0.0,0.0,1
LA Galaxy,0,0,0,0,0,0,0,0,usa,0.0,0.0,0,0.0,0.0,0.0,1
Los Angeles FC,0,0,0,0,0,0,0,0,usa,0.0,0.0,0,0.0,0.0,0.0,1
Minnesota Utd,0,0,0,0,0,0,0,0,usa,0.0,0.0,0,0.0,0.0,0.0,1
Nashville SC,0,0,0,0,0,0,0,0,usa,0.0,0.0,0,0.0,0.0,0.0,1
New England,0,0,0,0,0,0,0,0,usa,0.0,0.0,0,0.0,0.0,0.0,1
New York City,0,0,0,0,0,0,0,0,usa,0.0,0.0,0,0.0,0.0,0.0,1
New York RB,0,0,0,0,0,0,0,0,usa,0.0,0.0,0,0.0,0.0,0.0,1
Orlando City,0,0,0,0,0,0,0,0,usa,0.0,0.0,0,0.0,0.0,0.0,1
Philadelphia,0,0,0,0,0,0,0,0,usa,0.0,0.0,0,0.0,0.0,0.0,1
Portland,0,0,0,0,0,0,0,0,usa,0.0,0.0,0,0.0,0.0,0.0,1
Real Salt Lake,0,0,0,0,0,0,0,0,usa,0.0,0.0,0,0.0,0.0,0.0,1
San Diego,0,0,0,0,0,0,0,0,usa,0.0,0.0,0,0.0,0.0,0.0,1
Seattle,0,0,0,0,0,0,0,0,usa,0.0,0.0,0,0.0,0.0,0.0,1
SJ Earthquakes,0,0,0,0,0,0,0,0,usa,0.0,0.0,0,0.0,0.0,0.0,1
Sporting KC,0,0,0,0,0,0,0,0,usa,0.0,0.0,0,0.0,0.0,0.0,1
St. Louis City,0,0,0,0,0,0,0,0,usa,0.0,0.0,0,0.0,0.0,0.0,1
Toronto,0,0,0,0,0,0,0,0,usa,0.0,0.0,0,0.0,0.0,0.0,1
Birmingham L.,0,0,0,0,0,0,0,0,usa2,0.0,0.0,0,0.0,0.0,0.0,1
Charleston,0,0,0,0,0,0,0,0,usa2,0.0,0.0,0,0.0,0.0,0.0,1
Colorado S.,0,0,0,0,0,0,0,0,usa2,0.0,0.0,0,0.0,0.0,0.0,1
Detroit City,0,0,0,0,0,0,0,0,usa2,0.0,0.0,0,0.0,0.0,0.0,1
El Paso,0,0,0,0,0,0,0,0,usa2,0.0,0.0,0,0.0,0.0,0.0,1
FC Tulsa,0,0,0,0,0,0,0,0,usa2,0.0,0.0,0,0.0,0.0,0.0,1
Hartford A.,0,0,0,0,0,0,0,0,usa2,0.0,0.0,0,0.0,0.0,0.0,1
Indy Eleven,0,0,0,0,0,0,0,0,usa2,0.0,0.0,0,0.0,0.0,0.0,1
Las Vegas L.,0,0,0,0,0,0,0,0,usa2,0.0,0.0,0,0.0,0.0,0.0,1
Lexington,0,0,0,0,0,0,0,0,usa2,0.0,0.0,0,0.0,0.0,0.0,1
Loudoun Utd,0,0,0,0,0,0,0,0,usa2,0.0,0.0,0,0.0,0.0,0.0,1
Louisville City,0,0,0,0,0,0,0,0,usa2,0.0,0.0,0,0.0,0.0,0.0,1
Miami FC,0,0,0,0,0,0,0,0,usa2,0.0,0.0,0,0.0,0.0,0.0,1
Monterey Bay,0,0,0,0,0,0,0,0,usa2,0.0,0.0,0,0.0,0.0,0.0,1
New Mexico,0,0,0,0,0,0,0,0,usa2,0.0,0.0,0,0.0,0.0,0.0,1
North Carolina,0,0,0,0,0,0,0,0,usa2,0.0,0.0,0,0.0,0.0,0.0,1
Oakland Roots,0,0,0,0,0,0,0,0,usa2,0.0,0.0,0,0.0,0.0,0.0,1
Orange County,0,0,0,0,0,0,0,0,usa2,0.0,0.0,0,0.0,0.0,0.0,1
Phoenix Rising,0,0,0,0,0,0,0,0,usa2,0.0,0.0,0,0.0,0.0,0.0,1
Pittsburgh,0,0,0,0,0,0,0,0,usa2,0.0,0.0,0,0.0,0.0,0.0,1
Rhode Island,0,0,0,0,0,0,0,0,usa2,0.0,0.0,0,0.0,0.0,0.0,1
Sacramento R.,0,0,0,0,0,0,0,0,usa2,0.0,0.0,0,0.0,0.0,0.0,1
San Antonio,0,0,0,0,0,0,0,0,usa2,0.0,0.0,0,0.0,0.0,0.0,1
Tampa Bay,0,0,0,0,0,0,0,0,usa2,0.0,0.0,0,0.0,0.0,0.0,1
Alta,0,0,0,0,0,0,0,0,usa3,0.0,0.0,0,0.0,0.0,0.0,1
Charlotte I.,0,0,0,0,0,0,0,0,usa3,0.0,0.0,0,0.0,0.0,0.0,1
Chattanooga RW,0,0,0,0,0,0,0,0,usa3,0.0,0.0,0,0.0,0.0,0.0,1
Forward Madison,0,0,0,0,0,0,0,0,usa3,0.0,0.0,0,0.0,0.0,0.0,1
Greenville,0,0,0,0,0,0,0,0,usa3,0.0,0.0,0,0.0,0.0,0.0,1
Naples,0,0,0,0,0,0,0,0,usa3,0.0,0.0,0,0.0,0.0,0.0,1
One Knoxville,0,0,0,0,0,0,0,0,usa3,0.0,0.0,0,0.0,0.0,0.0,1
Portland Hearts,0,0,0,0,0,0,0,0,usa3,0.0,0.0,0,0.0,0.0,0.0,1
Richmond K.,0,0,0,0,0,0,0,0,usa3,0.0,0.0,0,0.0,0.0,0.0,1
Spokane V.,0,0,0,0,0,0,0,0,usa3,0.0,0.0,0,0.0,0.0,0.0,1
Texoma,0,0,0,0,0,0,0,0,usa3,0.0,0.0,0,0.0,0.0,0.0,1
Tormenta,0,0,0,0,0,0,0,0,usa3,0.0,0.0,0,0.0,0.0,0.0,1
Union Omaha,0,0,0,0,0,0,0,0,usa3,0.0,0.0,0,0.0,0.0,0.0,1
Westchester SC,0,0,0,0,0,0,0,0,usa3,0.0,0.0,0,0.0,0.0,0.0,1
AGMK,0,0,0,0,0,0,0,0,uzbekistan,0.0,0.0,0,0.0,0.0,0.0,1
Andijan,0,0,0,0,0,0,0,0,uzbekistan,0.0,0.0,0,0.0,0.0,0.0,1
Bunyodkor,0,0,0,0,0,0,0,0,uzbekistan,0.0,0.0,0,0.0,0.0,0.0,1
Buxoro,0,0,0,0,0,0,0,0,uzbekistan,0.0,0.0,0,0.0,0.0,0.0,1
D. Samarqand,0,0,0,0,0,0,0,0,uzbekistan,0.0,0.0,0,0.0,0.0,0.0,1
Kokand-1912,0,0,0,0,0,0,0,0,uzbekistan,0.0,0.0,0,0.0,0.0,0.0,1
Mashal,0,0,0,0,0,0,0,0,uzbekistan,0.0,0.0,0,0.0,0.0,0.0,1
Nasaf Qarshi,0,0,0,0,0,0,0,0,uzbekistan,0.0,0.0,0,0.0,0.0,0.0,1
Navbahor,0,0,0,0,0,0,0,0,uzbekistan,0.0,0.0,0,0.0,0.0,0.0,1
Neftchi,0,0,0,0,0,0,0,0,uzbekistan,0.0,0.0,0,0.0,0.0,0.0,1
Pakhtakor,0,0,0,0,0,0,0,0,uzbekistan,0.0,0.0,0,0.0,0.0,0.0,1
Qizilqum,0,0,0,0,0,0,0,0,uzbekistan,0.0,0.0,0,0.0,0.0,0.0,1
Shurtan,0,0,0,0,0,0,0,0,uzbekistan,0.0,0.0,0,0.0,0.0,0.0,1
Sogdiana,0,0,0,0,0,0,0,0,uzbekistan,0.0,0.0,0,0.0,0.0,0.0,1
Termez Surkhon,0,0,0,0,0,0,0,0,uzbekistan,0.0,0.0,0,0.0,0.0,0.0,1
Xorazm,0,0,0,0,0,0,0,0,uzbekistan,0.0,0.0,0,0.0,0.0,0.0,1
Thanh Hoa,6,4,2,0,11,5,6,14,vietnam,0.67,0.33,6,1.83,1.49,3.03,1
Viettel,6,3,3,0,10,3,7,12,vietnam,0.5,0.5,7,1.67,2.0,2.0,2
Nam Dinh,7,3,3,1,10,4,6,12,vietnam,0.43,0.57,6,1.43,2.33,1.75,2
Ha Noi,6,2,2,2,8,6,2,8,vietnam,0.33,0.67,2,1.33,3.03,1.49,3
Hong Linh Ha T.,5,1,4,0,7,5,2,7,vietnam,0.2,0.8,2,1.4,5.0,1.25,4
Gia Lai,7,2,1,4,8,10,-2,7,vietnam,0.29,0.71,-2,1.14,3.45,1.41,4
Binh Duong,7,2,1,4,5,7,-2,7,vietnam,0.29,0.71,-2,0.71,3.45,1.41,4
Cong An Nhan,6,1,3,2,6,5,1,6,vietnam,0.17,0.83,1,1.0,5.88,1.2,5
Ho Chi Minh,6,1,3,2,5,9,-4,6,vietnam,0.17,0.83,-4,0.83,5.88,1.2,5
Quang Nam,5,1,2,2,1,2,-1,5,vietnam,0.2,0.8,-1,0.2,5.0,1.25,6
Hai Phong,6,0,4,2,5,8,-3,4,vietnam,0.0,1.0,-3,0.83,0.0,1.0,7
Binh Dinh,5,1,1,3,2,6,-4,4,vietnam,0.2,0.8,-4,0.4,5.0,1.25,7
Da Nang,7,1,1,5,4,14,-10,4,vietnam,0.14,0.86,-10,0.57,7.14,1.16,7
Song Lam Nghe,6,0,3,3,5,13,-8,3,vietnam,0.0,1.0,-8,0.83,0.0,1.0,8
Binh Phuoc,5,4,1,0,5,1,4,13,vietnam2,0.8,0.2,4,1.0,1.25,5.0,1
Phu Dong,3,3,0,0,6,0,6,9,vietnam2,1.0,0.0,6,2.0,1.0,0.0,2
PVF-CAND,4,2,2,0,4,0,4,8,vietnam2,0.5,0.5,4,1.0,2.0,2.0,3
Hue,3,1,0,2,4,4,0,3,vietnam2,0.33,0.67,0,1.33,3.03,1.49,4
Dong Thap,4,0,3,1,2,3,-1,3,vietnam2,0.0,1.0,-1,0.5,0.0,1.0,4
S. Khanh Hoa,3,0,2,1,2,4,-2,2,vietnam2,0.0,1.0,-2,0.67,0.0,1.0,5
Long An,3,0,2,1,1,3,-2,2,vietnam2,0.0,1.0,-2,0.33,0.0,1.0,5
Dong Nai,4,0,2,2,3,7,-4,2,vietnam2,0.0,1.0,-4,0.75,0.0,1.0,5
Ho Chi Minh B,4,0,2,2,1,5,-4,2,vietnam2,0.0,1.0,-4,0.25,0.0,1.0,5
Ba Ria Vung Tau,3,0,0,3,2,5,-3,0,vietnam2,0.0,1.0,-3,0.67,0.0,1.0,6
Hoa Binh,4,0,0,4,1,6,-5,0,vietnam2,0.0,1.0,-5,0.25,0.0,1.0,6
The New Saints,8,6,0,2,19,10,9,18,wales,0.75,0.25,9,2.38,1.33,4.0,1
Caernarfon,8,5,2,1,12,7,5,17,wales,0.62,0.38,5,1.5,1.61,2.63,2
Penybont,8,4,1,3,16,13,3,13,wales,0.5,0.5,3,2.0,2.0,2.0,3
Haverfordwest,8,3,3,2,9,6,3,12,wales,0.38,0.62,3,1.12,2.63,1.61,4
Barry,8,3,2,3,13,15,-2,11,wales,0.38,0.62,-2,1.62,2.63,1.61,5
Briton Ferry,8,3,1,4,17,18,-1,10,wales,0.38,0.62,-1,2.12,2.63,1.61,6
Bala Town,8,1,5,2,9,9,0,8,wales,0.12,0.88,0,1.12,8.33,1.14,7
Aberystwyth,8,2,0,6,7,19,-12,6,wales,0.25,0.75,-12,0.88,4.0,1.33,8
Connahs Quay,8,1,2,5,8,11,-3,5,wales,0.12,0.88,-3,1.0,8.33,1.14,9
Newtown,8,1,1,6,7,14,-7,4,wales,0.12,0.88,-7,0.88,8.33,1.14,10
Cardiff MU,8,1,1,6,7,15,-8,4,wales,0.12,0.88,-8,0.88,8.33,1.14,10
Flint,8,1,0,7,9,29,-20,3,wales,0.12,0.88,-20,1.12,8.33,1.14,11
