Equipe,GP,W,D,L,GF,GA,GD,Pts_Home,Liga,PIH,PIH_HA,GD_Home,GF_AVG_Home,Odd_Justa_MO,Odd_Justa_HA,Rank_Home
Egnatia R.,8,5,3,0,10,4,6,18,Albania - Abissnet Superiore,0.62,1.0,6,1.25,1.61,1.0,1
Dinamo Tirana,8,5,2,1,14,8,6,17,Albania - Abissnet Superiore,0.62,0.88,6,1.75,1.61,1.14,2
Laci,8,4,3,1,10,6,4,15,Albania - Abissnet Superiore,0.5,0.88,4,1.25,2.0,1.14,3
Partizani T.,8,3,5,0,10,6,4,14,Albania - Abissnet Superiore,0.38,1.0,4,1.25,2.63,1.0,4
Vllaznia S.,8,4,2,2,12,10,2,14,Albania - Abissnet Superiore,0.5,0.75,2,1.5,2.0,1.33,4
Bylis,8,4,1,3,9,8,1,13,Albania - Abissnet Superiore,0.5,0.62,1,1.12,2.0,1.61,5
Teuta Durres,8,2,4,2,8,9,-1,10,Albania - Abissnet Superiore,0.25,0.75,-1,1.0,4.0,1.33,6
AF Elbasani,8,2,3,3,11,14,-3,9,Albania - Abissnet Superiore,0.25,0.62,-3,1.38,4.0,1.61,7
KF Tirana,8,1,5,2,9,10,-1,8,Albania - Abissnet Superiore,0.12,0.75,-1,1.12,8.33,1.33,8
Skenderbeu K.,8,1,3,4,6,14,-8,6,Albania - Abissnet Superiore,0.12,0.5,-8,0.75,8.33,2.0,9
USM Alger,8,5,2,1,12,5,7,17,Algeria - Ligue 1,0.62,0.88,7,1.5,1.61,1.14,1
MC Oran,8,5,2,1,8,2,6,17,Algeria - Ligue 1,0.62,0.88,6,1.0,1.61,1.14,1
JS Kabylie,8,5,1,2,13,8,5,16,Algeria - Ligue 1,0.62,0.75,5,1.62,1.61,1.33,2
JS Saoura,7,4,3,0,10,5,5,15,Algeria - Ligue 1,0.57,1.0,5,1.43,1.75,1.0,3
CS Constantine,8,4,3,1,8,5,3,15,Algeria - Ligue 1,0.5,0.88,3,1.0,2.0,1.14,3
Khenchela,8,4,2,2,7,4,3,14,Algeria - Ligue 1,0.5,0.75,3,0.88,2.0,1.33,4
ASO Chlef,7,3,4,0,8,3,5,13,Algeria - Ligue 1,0.43,1.0,5,1.14,2.33,1.0,5
Paradou AC,8,4,1,3,14,11,3,13,Algeria - Ligue 1,0.5,0.62,3,1.75,2.0,1.61,5
ES Setif,8,3,4,1,7,5,2,13,Algeria - Ligue 1,0.38,0.88,2,0.88,2.63,1.14,5
NC Magra,7,3,3,1,8,6,2,12,Algeria - Ligue 1,0.43,0.86,2,1.14,2.33,1.16,6
CR Belouizdad,7,3,2,2,9,6,3,11,Algeria - Ligue 1,0.43,0.71,3,1.29,2.33,1.41,7
O. Akbou,8,3,2,3,7,6,1,11,Algeria - Ligue 1,0.38,0.62,1,0.88,2.63,1.61,7
MC Alger,7,2,4,1,4,4,0,10,Algeria - Ligue 1,0.29,0.86,0,0.57,3.45,1.16,8
El Bayadh,7,2,2,3,8,6,2,8,Algeria - Ligue 1,0.29,0.57,2,1.14,3.45,1.75,9
Mostaganem,7,2,2,3,5,8,-3,8,Algeria - Ligue 1,0.29,0.57,-3,0.71,3.45,1.75,9
Biskra,7,1,3,3,4,6,-2,6,Algeria - Ligue 1,0.14,0.57,-2,0.57,7.14,1.75,10
Instituto,2,2,0,0,5,0,5,6,Argentina - Liga Profesional,1.0,1.0,5,2.5,1.0,1.0,1
Estudiantes,2,2,0,0,5,1,4,6,Argentina - Liga Profesional,1.0,1.0,4,2.5,1.0,1.0,1
Tigre,2,2,0,0,4,0,4,6,Argentina - Liga Profesional,1.0,1.0,4,2.0,1.0,1.0,1
Independiente,2,2,0,0,4,1,3,6,Argentina - Liga Profesional,1.0,1.0,3,2.0,1.0,1.0,1
Central Cordoba,2,2,0,0,3,0,3,6,Argentina - Liga Profesional,1.0,1.0,3,1.5,1.0,1.0,1
Argentinos Jrs,2,2,0,0,2,0,2,6,Argentina - Liga Profesional,1.0,1.0,2,1.0,1.0,1.0,1
Boca Juniors,2,1,1,0,2,1,1,4,Argentina - Liga Profesional,0.5,1.0,1,1.0,2.0,1.0,2
San Lorenzo,2,1,1,0,1,0,1,4,Argentina - Liga Profesional,0.5,1.0,1,0.5,2.0,1.0,2
Racing Club,1,1,0,0,4,0,4,3,Argentina - Liga Profesional,1.0,1.0,4,4.0,1.0,1.0,3
Banfield,1,1,0,0,3,0,3,3,Argentina - Liga Profesional,1.0,1.0,3,3.0,1.0,1.0,3
Rosario Central,1,1,0,0,2,1,1,3,Argentina - Liga Profesional,1.0,1.0,1,2.0,1.0,1.0,3
River Plate,1,1,0,0,1,0,1,3,Argentina - Liga Profesional,1.0,1.0,1,1.0,1.0,1.0,3
Defensa y J.,2,1,0,1,2,2,0,3,Argentina - Liga Profesional,0.5,0.5,0,1.0,2.0,2.0,3
Lanus,2,1,0,1,2,2,0,3,Argentina - Liga Profesional,0.5,0.5,0,1.0,2.0,2.0,3
Newells,2,1,0,1,1,1,0,3,Argentina - Liga Profesional,0.5,0.5,0,0.5,2.0,2.0,3
Barracas C.,2,1,0,1,2,3,-1,3,Argentina - Liga Profesional,0.5,0.5,-1,1.0,2.0,2.0,3
Sarmiento,2,0,2,0,1,1,0,2,Argentina - Liga Profesional,0.0,1.0,0,0.5,0.0,1.0,4
Platense,1,0,1,0,1,1,0,1,Argentina - Liga Profesional,0.0,1.0,0,1.0,0.0,1.0,5
Union Santa Fe,1,0,1,0,1,1,0,1,Argentina - Liga Profesional,0.0,1.0,0,1.0,0.0,1.0,5
D. Riestra,1,0,1,0,0,0,0,1,Argentina - Liga Profesional,0.0,1.0,0,0.0,0.0,1.0,5
Huracan,1,0,1,0,0,0,0,1,Argentina - Liga Profesional,0.0,1.0,0,0.0,0.0,1.0,5
I. Rivadavia,1,0,1,0,0,0,0,1,Argentina - Liga Profesional,0.0,1.0,0,0.0,0.0,1.0,5
SM San Juan,2,0,1,1,0,1,-1,1,Argentina - Liga Profesional,0.0,0.5,-1,0.0,0.0,2.0,5
Belgrano,2,0,1,1,1,4,-3,1,Argentina - Liga Profesional,0.0,0.5,-3,0.5,0.0,2.0,5
T. de Cordoba,1,0,0,1,2,3,-1,0,Argentina - Liga Profesional,0.0,0.0,-1,2.0,0.0,0.0,6
Velez Sarsfield,1,0,0,1,0,1,-1,0,Argentina - Liga Profesional,0.0,0.0,-1,0.0,0.0,0.0,6
Gimnasia,1,0,0,1,0,2,-2,0,Argentina - Liga Profesional,0.0,0.0,-2,0.0,0.0,0.0,6
A. Tucuman,1,0,0,1,0,3,-3,0,Argentina - Liga Profesional,0.0,0.0,-3,0.0,0.0,0.0,6
Godoy Cruz,1,0,0,1,0,3,-3,0,Argentina - Liga Profesional,0.0,0.0,-3,0.0,0.0,0.0,6
Colon Santa Fe,1,0,1,0,0,0,0,1,Argentina - Primera Nacional,0.0,1.0,0,0.0,0.0,1.0,1
Agropecuario,0,0,0,0,0,0,0,0,Argentina - Primera Nacional,0.0,0.0,0,0.0,0.0,0.0,2
All Boys,0,0,0,0,0,0,0,0,Argentina - Primera Nacional,0.0,0.0,0,0.0,0.0,0.0,2
Almagro,0,0,0,0,0,0,0,0,Argentina - Primera Nacional,0.0,0.0,0,0.0,0.0,0.0,2
Almirante Brown,0,0,0,0,0,0,0,0,Argentina - Primera Nacional,0.0,0.0,0,0.0,0.0,0.0,2
Alvarado,0,0,0,0,0,0,0,0,Argentina - Primera Nacional,0.0,0.0,0,0.0,0.0,0.0,2
Arsenal Sarandi,0,0,0,0,0,0,0,0,Argentina - Primera Nacional,0.0,0.0,0,0.0,0.0,0.0,2
Atlanta,0,0,0,0,0,0,0,0,Argentina - Primera Nacional,0.0,0.0,0,0.0,0.0,0.0,2
Atletico Mitre,0,0,0,0,0,0,0,0,Argentina - Primera Nacional,0.0,0.0,0,0.0,0.0,0.0,2
CA Estudiantes,0,0,0,0,0,0,0,0,Argentina - Primera Nacional,0.0,0.0,0,0.0,0.0,0.0,2
CA Guemes,0,0,0,0,0,0,0,0,Argentina - Primera Nacional,0.0,0.0,0,0.0,0.0,0.0,2
Central Norte,0,0,0,0,0,0,0,0,Argentina - Primera Nacional,0.0,0.0,0,0.0,0.0,0.0,2
Chacarita J.,0,0,0,0,0,0,0,0,Argentina - Primera Nacional,0.0,0.0,0,0.0,0.0,0.0,2
Chaco For Ever,0,0,0,0,0,0,0,0,Argentina - Primera Nacional,0.0,0.0,0,0.0,0.0,0.0,2
Colegiales,0,0,0,0,0,0,0,0,Argentina - Primera Nacional,0.0,0.0,0,0.0,0.0,0.0,2
D. de Belgrano,0,0,0,0,0,0,0,0,Argentina - Primera Nacional,0.0,0.0,0,0.0,0.0,0.0,2
D. Madryn,0,0,0,0,0,0,0,0,Argentina - Primera Nacional,0.0,0.0,0,0.0,0.0,0.0,2
Defensores U.,0,0,0,0,0,0,0,0,Argentina - Primera Nacional,0.0,0.0,0,0.0,0.0,0.0,2
Deportivo Maipu,0,0,0,0,0,0,0,0,Argentina - Primera Nacional,0.0,0.0,0,0.0,0.0,0.0,2
Deportivo Moron,0,0,0,0,0,0,0,0,Argentina - Primera Nacional,0.0,0.0,0,0.0,0.0,0.0,2
E. Rio Cuarto,0,0,0,0,0,0,0,0,Argentina - Primera Nacional,0.0,0.0,0,0.0,0.0,0.0,2
Ferro Carril,0,0,0,0,0,0,0,0,Argentina - Primera Nacional,0.0,0.0,0,0.0,0.0,0.0,2
G. Mendoza,0,0,0,0,0,0,0,0,Argentina - Primera Nacional,0.0,0.0,0,0.0,0.0,0.0,2
Gimnasia Jujuy,0,0,0,0,0,0,0,0,Argentina - Primera Nacional,0.0,0.0,0,0.0,0.0,0.0,2
Gimnasia y Tiro,0,0,0,0,0,0,0,0,Argentina - Primera Nacional,0.0,0.0,0,0.0,0.0,0.0,2
Los Andes,0,0,0,0,0,0,0,0,Argentina - Primera Nacional,0.0,0.0,0,0.0,0.0,0.0,2
Nueva Chicago,0,0,0,0,0,0,0,0,Argentina - Primera Nacional,0.0,0.0,0,0.0,0.0,0.0,2
Patronato,0,0,0,0,0,0,0,0,Argentina - Primera Nacional,0.0,0.0,0,0.0,0.0,0.0,2
Quilmes,0,0,0,0,0,0,0,0,Argentina - Primera Nacional,0.0,0.0,0,0.0,0.0,0.0,2
A. Quilmes,8,6,2,0,14,3,11,20,Argentina - Primera B,0.75,1.0,11,1.75,1.33,1.0,1
Deportivo Merlo,8,5,3,0,12,5,7,18,Argentina - Primera B,0.62,1.0,7,1.5,1.61,1.0,2
Excursionistas,8,5,2,1,18,7,11,17,Argentina - Primera B,0.62,0.88,11,2.25,1.61,1.14,3
D. Armenio,8,5,2,1,14,4,10,17,Argentina - Primera B,0.62,0.88,10,1.75,1.61,1.14,3
Colegiales,8,5,2,1,10,1,9,17,Argentina - Primera B,0.62,0.88,9,1.25,1.61,1.14,3
Liniers,8,4,3,1,12,6,6,15,Argentina - Primera B,0.5,0.88,6,1.5,2.0,1.14,4
Flandria,8,4,3,1,8,3,5,15,Argentina - Primera B,0.5,0.88,5,1.0,2.0,1.14,4
Villa Dalmine,8,4,3,1,6,4,2,15,Argentina - Primera B,0.5,0.88,2,0.75,2.0,1.14,4
S. Italiano,8,4,2,2,11,3,8,14,Argentina - Primera B,0.5,0.75,8,1.38,2.0,1.33,5
Midland,8,4,2,2,11,5,6,14,Argentina - Primera B,0.5,0.75,6,1.38,2.0,1.33,5
SM Burzaco,8,4,2,2,9,4,5,14,Argentina - Primera B,0.5,0.75,5,1.12,2.0,1.33,5
Los Andes,8,4,1,3,9,6,3,13,Argentina - Primera B,0.5,0.62,3,1.12,2.0,1.61,6
UAI Urquiza,8,3,3,2,10,9,1,12,Argentina - Primera B,0.38,0.75,1,1.25,2.63,1.33,7
Sacachispas,8,3,2,3,5,7,-2,11,Argentina - Primera B,0.38,0.62,-2,0.62,2.63,1.61,8
Comunicaciones,8,2,4,2,8,8,0,10,Argentina - Primera B,0.25,0.75,0,1.0,4.0,1.33,9
Argentino Merlo,8,3,1,4,8,11,-3,10,Argentina - Primera B,0.38,0.5,-3,1.0,2.63,2.0,9
Fenix,8,2,2,4,6,7,-1,8,Argentina - Primera B,0.25,0.5,-1,0.75,4.0,2.0,10
Dock Sud,8,2,2,4,8,10,-2,8,Argentina - Primera B,0.25,0.5,-2,1.0,4.0,2.0,10
Acassuso,8,2,2,4,6,11,-5,8,Argentina - Primera B,0.25,0.5,-5,0.75,4.0,2.0,10
Canuelas,8,2,2,4,3,9,-6,8,Argentina - Primera B,0.25,0.5,-6,0.38,4.0,2.0,10
D. Laferrere,8,1,4,3,7,9,-2,7,Argentina - Primera B,0.12,0.62,-2,0.88,8.33,1.61,11
V. San Carlos,8,1,3,4,3,4,-1,6,Argentina - Primera B,0.12,0.5,-1,0.38,8.33,2.0,12
Noah,8,8,0,0,33,3,30,24,Armenia - Premier League,1.0,1.0,30,4.12,1.0,1.0,1
Ararat-Armenia,8,6,0,2,19,7,12,18,Armenia - Premier League,0.75,0.75,12,2.38,1.33,1.33,2
Pyunik,8,6,0,2,15,6,9,18,Armenia - Premier League,0.75,0.75,9,1.88,1.33,1.33,2
Urartu,8,6,0,2,15,8,7,18,Armenia - Premier League,0.75,0.75,7,1.88,1.33,1.33,2
Van,8,5,1,2,24,9,15,16,Armenia - Premier League,0.62,0.75,15,3.0,1.61,1.33,3
BKMA,8,3,1,4,10,12,-2,10,Armenia - Premier League,0.38,0.5,-2,1.25,2.63,2.0,4
West Armenia,8,2,2,4,9,11,-2,8,Armenia - Premier League,0.25,0.5,-2,1.12,4.0,2.0,5
Shirak,8,2,2,4,3,12,-9,8,Armenia - Premier League,0.25,0.5,-9,0.38,4.0,2.0,5
Alashkert,8,1,3,4,8,19,-11,6,Armenia - Premier League,0.12,0.5,-11,1.0,8.33,2.0,6
Ararat Yerevan,8,1,2,5,7,14,-7,5,Armenia - Premier League,0.12,0.38,-7,0.88,8.33,2.63,7
Gandzasar,8,0,0,8,2,24,-22,0,Armenia - Premier League,0.0,0.0,-22,0.25,0.0,0.0,8
Auckland,8,6,1,1,12,6,6,19,Australia - A-League,0.75,0.88,6,1.5,1.33,1.14,1
Sydney FC,8,5,0,3,25,14,11,15,Australia - A-League,0.62,0.62,11,3.12,1.61,1.61,2
Melbourne V.,7,4,2,1,14,8,6,14,Australia - A-League,0.57,0.86,6,2.0,1.75,1.16,3
Adelaide Utd,7,2,4,1,15,14,1,10,Australia - A-League,0.29,0.86,1,2.14,3.45,1.16,4
Melbourne City,6,3,1,2,8,7,1,10,Australia - A-League,0.5,0.67,1,1.33,2.0,1.49,4
Western United,7,2,3,2,8,8,0,9,Australia - A-League,0.29,0.71,0,1.14,3.45,1.41,5
Wellington,8,2,3,3,6,8,-2,9,Australia - A-League,0.25,0.62,-2,0.75,4.0,1.61,5
Macarthur FC,8,2,2,4,15,13,2,8,Australia - A-League,0.25,0.5,2,1.88,4.0,2.0,6
WS Wanderers,8,2,1,5,17,17,0,7,Australia - A-League,0.25,0.38,0,2.12,4.0,2.63,7
Central Coast,8,1,4,3,6,15,-9,7,Australia - A-League,0.12,0.62,-9,0.75,8.33,1.61,7
Perth Glory,8,1,0,7,5,22,-17,3,Australia - A-League,0.12,0.12,-17,0.62,8.33,8.33,8
Newcastle Jets,6,0,2,4,6,11,-5,2,Australia - A-League,0.0,0.33,-5,1.0,0.0,3.03,9
Brisbane Roar,7,0,0,7,6,16,-10,0,Australia - A-League,0.0,0.0,-10,0.86,0.0,0.0,10
Melbourne K.,1,1,0,0,3,2,1,3,Australia - NPL Victoria,1.0,1.0,1,3.0,1.0,1.0,1
Altona Magic,0,0,0,0,0,0,0,0,Australia - NPL Victoria,0.0,0.0,0,0.0,0.0,0.0,2
Avondale,0,0,0,0,0,0,0,0,Australia - NPL Victoria,0.0,0.0,0,0.0,0.0,0.0,2
Dandenong City,0,0,0,0,0,0,0,0,Australia - NPL Victoria,0.0,0.0,0,0.0,0.0,0.0,2
Dandenong T.,0,0,0,0,0,0,0,0,Australia - NPL Victoria,0.0,0.0,0,0.0,0.0,0.0,2
Green Gully,0,0,0,0,0,0,0,0,Australia - NPL Victoria,0.0,0.0,0,0.0,0.0,0.0,2
Heidelberg Utd,0,0,0,0,0,0,0,0,Australia - NPL Victoria,0.0,0.0,0,0.0,0.0,0.0,2
Hume City,0,0,0,0,0,0,0,0,Australia - NPL Victoria,0.0,0.0,0,0.0,0.0,0.0,2
M. Victory B,0,0,0,0,0,0,0,0,Australia - NPL Victoria,0.0,0.0,0,0.0,0.0,0.0,2
Oakleigh C.,0,0,0,0,0,0,0,0,Australia - NPL Victoria,0.0,0.0,0,0.0,0.0,0.0,2
Port Melbourne,0,0,0,0,0,0,0,0,Australia - NPL Victoria,0.0,0.0,0,0.0,0.0,0.0,2
Preston Lions,0,0,0,0,0,0,0,0,Australia - NPL Victoria,0.0,0.0,0,0.0,0.0,0.0,2
South Melbourne,0,0,0,0,0,0,0,0,Australia - NPL Victoria,0.0,0.0,0,0.0,0.0,0.0,2
St. Albans,0,0,0,0,0,0,0,0,Australia - NPL Victoria,0.0,0.0,0,0.0,0.0,0.0,2
Brisbane City,0,0,0,0,0,0,0,0,Australia - NPL Queensland,0.0,0.0,0,0.0,0.0,0.0,1
Brisbane Roar B,0,0,0,0,0,0,0,0,Australia - NPL Queensland,0.0,0.0,0,0.0,0.0,0.0,1
Eastern Suburbs,0,0,0,0,0,0,0,0,Australia - NPL Queensland,0.0,0.0,0,0.0,0.0,0.0,1
Gold C. Knights,0,0,0,0,0,0,0,0,Australia - NPL Queensland,0.0,0.0,0,0.0,0.0,0.0,1
Gold C. Utd,0,0,0,0,0,0,0,0,Australia - NPL Queensland,0.0,0.0,0,0.0,0.0,0.0,1
Moreton City E.,0,0,0,0,0,0,0,0,Australia - NPL Queensland,0.0,0.0,0,0.0,0.0,0.0,1
Olympic FC,0,0,0,0,0,0,0,0,Australia - NPL Queensland,0.0,0.0,0,0.0,0.0,0.0,1
Peninsula,0,0,0,0,0,0,0,0,Australia - NPL Queensland,0.0,0.0,0,0.0,0.0,0.0,1
Q. Lions,0,0,0,0,0,0,0,0,Australia - NPL Queensland,0.0,0.0,0,0.0,0.0,0.0,1
SC Wanderers,0,0,0,0,0,0,0,0,Australia - NPL Queensland,0.0,0.0,0,0.0,0.0,0.0,1
St George W.,0,0,0,0,0,0,0,0,Australia - NPL Queensland,0.0,0.0,0,0.0,0.0,0.0,1
Wynnum Wolves,0,0,0,0,0,0,0,0,Australia - NPL Queensland,0.0,0.0,0,0.0,0.0,0.0,1
Austria Wien,8,7,1,0,18,6,12,22,Austria - Bundesliga,0.88,1.0,12,2.25,1.14,1.0,1
Sturm Graz,8,6,1,1,26,9,17,19,Austria - Bundesliga,0.75,0.88,17,3.25,1.33,1.14,2
Rapid Wien,8,6,1,1,13,6,7,19,Austria - Bundesliga,0.75,0.88,7,1.62,1.33,1.14,2
Salzburg,8,5,2,1,19,6,13,17,Austria - Bundesliga,0.62,0.88,13,2.38,1.61,1.14,3
BW Linz,8,5,0,3,11,6,5,15,Austria - Bundesliga,0.62,0.62,5,1.38,1.61,1.61,4
Hartberg,8,3,3,2,10,8,2,12,Austria - Bundesliga,0.38,0.75,2,1.25,2.63,1.33,5
Wolfsberger AC,8,3,2,3,12,11,1,11,Austria - Bundesliga,0.38,0.62,1,1.5,2.63,1.61,6
A. Klagenfurt,7,2,2,3,8,11,-3,8,Austria - Bundesliga,0.29,0.57,-3,1.14,3.45,1.75,7
LASK Linz,8,2,1,5,13,16,-3,7,Austria - Bundesliga,0.25,0.38,-3,1.62,4.0,2.63,8
Tirol,8,1,4,3,3,7,-4,7,Austria - Bundesliga,0.12,0.62,-4,0.38,8.33,1.61,8
Altach,8,1,3,4,8,10,-2,6,Austria - Bundesliga,0.12,0.5,-2,1.0,8.33,2.0,9
Grazer AK,8,1,3,4,11,16,-5,6,Austria - Bundesliga,0.12,0.5,-5,1.38,8.33,2.0,9
Admira Wacker,8,6,1,1,12,3,9,19,Austria - 2. Liga,0.75,0.88,9,1.5,1.33,1.14,1
Rapid Wien B,8,5,1,2,19,8,11,16,Austria - 2. Liga,0.62,0.75,11,2.38,1.61,1.33,2
Ried,8,5,1,2,18,8,10,16,Austria - 2. Liga,0.62,0.75,10,2.25,1.61,1.33,2
Bregenz,8,5,1,2,19,13,6,16,Austria - 2. Liga,0.62,0.75,6,2.38,1.61,1.33,2
First Vienna,8,5,0,3,14,10,4,15,Austria - 2. Liga,0.62,0.62,4,1.75,1.61,1.61,3
Amstetten,8,4,0,4,17,13,4,12,Austria - 2. Liga,0.5,0.5,4,2.12,2.0,2.0,4
Kapfenberger,8,4,0,4,13,12,1,12,Austria - 2. Liga,0.5,0.5,1,1.62,2.0,2.0,4
St. Polten,8,2,4,2,7,6,1,10,Austria - 2. Liga,0.25,0.75,1,0.88,4.0,1.33,5
Sturm Graz B,7,2,3,2,8,7,1,9,Austria - 2. Liga,0.29,0.71,1,1.14,3.45,1.41,6
Floridsdorfer,7,2,2,3,6,8,-2,8,Austria - 2. Liga,0.29,0.57,-2,0.86,3.45,1.75,7
A. Lustenau,7,0,6,1,5,6,-1,6,Austria - 2. Liga,0.0,0.86,-1,0.71,0.0,1.16,8
Liefering,8,1,3,4,8,12,-4,6,Austria - 2. Liga,0.12,0.5,-4,1.0,8.33,2.0,8
Voitsberg,8,2,0,6,6,12,-6,6,Austria - 2. Liga,0.25,0.25,-6,0.75,4.0,4.0,8
Stripfing,8,1,2,5,9,13,-4,5,Austria - 2. Liga,0.12,0.38,-4,1.12,8.33,2.63,9
Lafnitz,8,1,2,5,14,20,-6,5,Austria - 2. Liga,0.12,0.38,-6,1.75,8.33,2.63,9
SV Horn,8,0,3,5,13,22,-9,3,Austria - 2. Liga,0.0,0.38,-9,1.62,0.0,2.63,10
Qarabag,8,7,0,1,25,6,19,21,Azerbaijan - Premier League,0.88,0.88,19,3.12,1.14,1.14,1
Zira,8,5,2,1,14,5,9,17,Azerbaijan - Premier League,0.62,0.88,9,1.75,1.61,1.14,2
Araz,8,5,2,1,10,6,4,17,Azerbaijan - Premier League,0.62,0.88,4,1.25,1.61,1.14,2
Neftci,8,4,2,2,11,10,1,14,Azerbaijan - Premier League,0.5,0.75,1,1.38,2.0,1.33,3
Turan,8,3,4,1,10,8,2,13,Azerbaijan - Premier League,0.38,0.88,2,1.25,2.63,1.14,4
Kapaz,8,4,1,3,13,18,-5,13,Azerbaijan - Premier League,0.5,0.62,-5,1.62,2.0,1.61,4
Sabah,8,2,6,0,10,7,3,12,Azerbaijan - Premier League,0.25,1.0,3,1.25,4.0,1.0,5
Sumqayit,8,3,1,4,7,10,-3,10,Azerbaijan - Premier League,0.38,0.5,-3,0.88,2.63,2.0,6
Sebail,8,2,1,5,6,12,-6,7,Azerbaijan - Premier League,0.25,0.38,-6,0.75,4.0,2.63,7
Shamakhi,8,1,2,5,6,10,-4,5,Azerbaijan - Premier League,0.12,0.38,-4,0.75,8.33,2.63,8
Al-Muharraq,5,5,0,0,19,5,14,15,Bahrain - Premier League,1.0,1.0,14,3.8,1.0,1.0,1
Al Riffa,4,4,0,0,10,1,9,12,Bahrain - Premier League,1.0,1.0,9,2.5,1.0,1.0,2
Khalidiya,4,4,0,0,8,1,7,12,Bahrain - Premier League,1.0,1.0,7,2.0,1.0,1.0,2
Al Ahli M.,5,3,0,2,10,7,3,9,Bahrain - Premier League,0.6,0.6,3,2.0,1.67,1.67,3
Sitra,5,3,0,2,9,6,3,9,Bahrain - Premier League,0.6,0.6,3,1.8,1.67,1.67,3
Malkiya,4,1,3,0,3,2,1,6,Bahrain - Premier League,0.25,1.0,1,0.75,4.0,1.0,4
Al Shabbab,4,1,2,1,4,4,0,5,Bahrain - Premier League,0.25,0.75,0,1.0,4.0,1.33,5
Manama,5,1,2,2,3,9,-6,5,Bahrain - Premier League,0.2,0.6,-6,0.6,5.0,1.67,5
Al-Najma,4,1,1,2,8,7,1,4,Bahrain - Premier League,0.25,0.5,1,2.0,4.0,2.0,6
Bahrain SC,4,1,1,2,6,7,-1,4,Bahrain - Premier League,0.25,0.5,-1,1.5,4.0,2.0,6
AAli FC,5,1,0,4,5,10,-5,3,Bahrain - Premier League,0.2,0.2,-5,1.0,5.0,5.0,7
East Riffa,5,0,2,3,4,9,-5,2,Bahrain - Premier League,0.0,0.4,-5,0.8,0.0,2.5,8
Bashundhara K.,4,3,1,0,16,3,13,10,Bangladesh - Premier League,0.75,1.0,13,4.0,1.33,1.0,1
Brothers Union,5,3,1,1,7,2,5,10,Bangladesh - Premier League,0.6,0.8,5,1.4,1.67,1.25,1
Rahmatgonj,5,3,0,2,13,7,6,9,Bangladesh - Premier League,0.6,0.6,6,2.6,1.67,1.67,2
Abahani,3,3,0,0,4,0,4,9,Bangladesh - Premier League,1.0,1.0,4,1.33,1.0,1.0,2
Mohammedan,4,3,0,1,3,1,2,9,Bangladesh - Premier League,0.75,0.75,2,0.75,1.33,1.33,2
Fortis,5,1,4,0,4,3,1,7,Bangladesh - Premier League,0.2,1.0,1,0.8,5.0,1.0,3
B. Police,5,2,1,2,8,11,-3,7,Bangladesh - Premier League,0.4,0.6,-3,1.6,2.5,1.67,3
Fakirerpool,4,1,0,3,5,12,-7,3,Bangladesh - Premier League,0.25,0.25,-7,1.25,4.0,4.0,4
Chittagong,5,1,0,4,2,13,-11,3,Bangladesh - Premier League,0.2,0.2,-11,0.4,5.0,5.0,4
Dhaka Wanderers,5,1,0,4,2,19,-17,3,Bangladesh - Premier League,0.2,0.2,-17,0.4,5.0,5.0,4
Dinamo Minsk,8,8,0,0,15,0,15,24,Belarus - Vysshaya Liga,1.0,1.0,15,1.88,1.0,1.0,1
Dinamo Brest,8,5,2,1,17,8,9,17,Belarus - Vysshaya Liga,0.62,0.88,9,2.12,1.61,1.14,2
Neman Grodno,8,5,2,1,13,6,7,17,Belarus - Vysshaya Liga,0.62,0.88,7,1.62,1.61,1.14,2
Vitebsk,8,5,1,2,9,5,4,16,Belarus - Vysshaya Liga,0.62,0.75,4,1.12,1.61,1.33,3
Gomel,8,4,3,1,10,6,4,15,Belarus - Vysshaya Liga,0.5,0.88,4,1.25,2.0,1.14,4
Arsenal D.,8,4,2,2,10,10,0,14,Belarus - Vysshaya Liga,0.5,0.75,0,1.25,2.0,1.33,5
Smorgon,8,4,2,2,6,8,-2,14,Belarus - Vysshaya Liga,0.5,0.75,-2,0.75,2.0,1.33,5
T. Zhodino,8,3,4,1,14,11,3,13,Belarus - Vysshaya Liga,0.38,0.88,3,1.75,2.63,1.14,6
Isloch,8,3,3,2,9,6,3,12,Belarus - Vysshaya Liga,0.38,0.75,3,1.12,2.63,1.33,7
Slutsk,8,3,3,2,5,3,2,12,Belarus - Vysshaya Liga,0.38,0.75,2,0.62,2.63,1.33,7
BATE Borisov,8,3,2,3,14,14,0,11,Belarus - Vysshaya Liga,0.38,0.62,0,1.75,2.63,1.61,8
FC Minsk,8,3,2,3,13,13,0,11,Belarus - Vysshaya Liga,0.38,0.62,0,1.62,2.63,1.61,8
Slavia Mozyr,8,1,3,4,4,8,-4,6,Belarus - Vysshaya Liga,0.12,0.5,-4,0.5,8.33,2.0,9
Dnepr Mogilev,8,1,2,5,8,17,-9,5,Belarus - Vysshaya Liga,0.12,0.38,-9,1.0,8.33,2.63,10
Naftan,8,0,4,4,5,15,-10,4,Belarus - Vysshaya Liga,0.0,0.5,-10,0.62,0.0,2.0,11
S. Soligorsk,8,1,0,7,3,13,-10,3,Belarus - Vysshaya Liga,0.12,0.12,-10,0.38,8.33,8.33,12
Volna Pinsk,8,7,0,1,25,6,19,21,Belarus - First League,0.88,0.88,19,3.12,1.14,1.14,1
Belshina,8,7,0,1,17,7,10,21,Belarus - First League,0.88,0.88,10,2.12,1.14,1.14,1
Molodechno,8,6,2,0,14,2,12,20,Belarus - First League,0.75,1.0,12,1.75,1.33,1.0,2
Maxline,8,6,1,1,19,3,16,19,Belarus - First League,0.75,0.88,16,2.38,1.33,1.14,3
Bumprom,8,6,1,1,19,8,11,19,Belarus - First League,0.75,0.88,11,2.38,1.33,1.14,3
Niva,8,5,1,2,17,9,8,16,Belarus - First League,0.62,0.75,8,2.12,1.61,1.33,4
Lokomotiv Gomel,8,5,0,3,17,9,8,15,Belarus - First League,0.62,0.62,8,2.12,1.61,1.61,5
Lida,8,4,2,2,15,7,8,14,Belarus - First League,0.5,0.75,8,1.88,2.0,1.33,6
Slonim,8,3,3,2,6,6,0,12,Belarus - First League,0.38,0.75,0,0.75,2.63,1.33,7
Energetik-BGU,8,3,2,3,12,6,6,11,Belarus - First League,0.38,0.62,6,1.5,2.63,1.61,8
BATE B,8,3,2,3,11,16,-5,11,Belarus - First League,0.38,0.62,-5,1.38,2.63,1.61,8
Dinamo Minsk B,8,2,4,2,12,9,3,10,Belarus - First League,0.25,0.75,3,1.5,4.0,1.33,9
Baranovichi,8,3,1,4,11,18,-7,10,Belarus - First League,0.38,0.5,-7,1.38,2.63,2.0,9
S. Soligorsk B,8,3,0,5,7,13,-6,9,Belarus - First League,0.38,0.38,-6,0.88,2.63,2.63,10
Orsha,8,2,2,4,10,13,-3,8,Belarus - First League,0.25,0.5,-3,1.25,4.0,2.0,11
Ostrovets,8,2,1,5,8,17,-9,7,Belarus - First League,0.25,0.38,-9,1.0,4.0,2.63,12
ABFF U17,8,1,3,4,3,8,-5,6,Belarus - First League,0.12,0.5,-5,0.38,8.33,2.0,13
T. Zhodhino B,8,1,0,7,9,24,-15,3,Belarus - First League,0.12,0.12,-15,1.12,8.33,8.33,14
KRC Genk,8,8,0,0,18,5,13,24,Belgium - Pro League,1.0,1.0,13,2.25,1.0,1.0,1
Club Brugge,8,6,2,0,25,9,16,20,Belgium - Pro League,0.75,1.0,16,3.12,1.33,1.0,2
Antwerp,8,5,2,1,20,9,11,17,Belgium - Pro League,0.62,0.88,11,2.5,1.61,1.14,3
Royale Union SG,8,5,2,1,15,8,7,17,Belgium - Pro League,0.62,0.88,7,1.88,1.61,1.14,3
Anderlecht,8,5,1,2,21,8,13,16,Belgium - Pro League,0.62,0.75,13,2.62,1.61,1.33,4
Standard Liege,8,5,1,2,9,6,3,16,Belgium - Pro League,0.62,0.75,3,1.12,1.61,1.33,4
Gent,8,4,2,2,14,7,7,14,Belgium - Pro League,0.5,0.75,7,1.75,2.0,1.33,5
OH Leuven,8,3,4,1,6,3,3,13,Belgium - Pro League,0.38,0.88,3,0.75,2.63,1.14,6
Cercle Brugge,8,3,4,1,6,7,-1,13,Belgium - Pro League,0.38,0.88,-1,0.75,2.63,1.14,6
KV Mechelen,8,3,3,2,15,6,9,12,Belgium - Pro League,0.38,0.75,9,1.88,2.63,1.33,7
Charleroi,8,3,3,2,12,8,4,12,Belgium - Pro League,0.38,0.75,4,1.5,2.63,1.33,7
Beerschot,8,2,5,1,10,12,-2,11,Belgium - Pro League,0.25,0.88,-2,1.25,4.0,1.14,8
Sint-Truiden,8,2,4,2,10,10,0,10,Belgium - Pro League,0.25,0.75,0,1.25,4.0,1.33,9
Westerlo,8,2,3,3,14,11,3,9,Belgium - Pro League,0.25,0.62,3,1.75,4.0,1.61,10
Kortrijk,8,3,0,5,8,12,-4,9,Belgium - Pro League,0.38,0.38,-4,1.0,2.63,2.63,10
Dender,8,2,3,3,7,11,-4,9,Belgium - Pro League,0.25,0.62,-4,0.88,4.0,1.61,10
Zulte-Waregem,8,7,1,0,24,10,14,22,Belgium - Challenger Pro League,0.88,1.0,14,3.0,1.14,1.0,1
RWDM,8,6,1,1,12,6,6,19,Belgium - Challenger Pro League,0.75,0.88,6,1.5,1.33,1.14,2
La Louviere,8,4,3,1,14,7,7,15,Belgium - Challenger Pro League,0.5,0.88,7,1.75,2.0,1.14,3
Patro Eisden,8,4,2,2,21,11,10,14,Belgium - Challenger Pro League,0.5,0.75,10,2.62,2.0,1.33,4
Beveren,8,3,4,1,9,4,5,13,Belgium - Challenger Pro League,0.38,0.88,5,1.12,2.63,1.14,5
Club Brugge B,8,4,1,3,12,13,-1,13,Belgium - Challenger Pro League,0.5,0.62,-1,1.5,2.0,1.61,5
Lierse K.,8,3,3,2,13,10,3,12,Belgium - Challenger Pro League,0.38,0.75,3,1.62,2.63,1.33,6
Anderlecht B,8,3,2,3,15,12,3,11,Belgium - Challenger Pro League,0.38,0.62,3,1.88,2.63,1.61,7
RFC Liege,8,2,5,1,10,9,1,11,Belgium - Challenger Pro League,0.25,0.88,1,1.25,4.0,1.14,7
Lokeren-Temse,8,1,3,4,8,10,-2,6,Belgium - Challenger Pro League,0.12,0.5,-2,1.0,8.33,2.0,8
Lommel SK,8,1,3,4,7,12,-5,6,Belgium - Challenger Pro League,0.12,0.5,-5,0.88,8.33,2.0,8
Eupen,8,2,0,6,10,17,-7,6,Belgium - Challenger Pro League,0.25,0.25,-7,1.25,4.0,4.0,8
Francs Borains,8,1,2,5,9,14,-5,5,Belgium - Challenger Pro League,0.12,0.38,-5,1.12,8.33,2.63,9
KRC Genk B,8,1,2,5,10,20,-10,5,Belgium - Challenger Pro League,0.12,0.38,-10,1.25,8.33,2.63,9
Seraing,8,0,4,4,8,15,-7,4,Belgium - Challenger Pro League,0.0,0.5,-7,1.0,0.0,2.0,10
Deinze,0,0,0,0,0,0,0,0,Belgium - Challenger Pro League,0.0,0.0,0,0.0,0.0,0.0,11
Gualberto V. SJ,8,7,1,0,31,6,25,22,Bolivia - Primera Div. - Clausura,0.88,1.0,25,3.88,1.14,1.0,1
The Strongest,8,7,1,0,27,6,21,22,Bolivia - Primera Div. - Clausura,0.88,1.0,21,3.38,1.14,1.0,1
Bolivar,8,6,1,1,25,8,17,19,Bolivia - Primera Div. - Clausura,0.75,0.88,17,3.12,1.33,1.14,2
Nacional Potosi,8,5,1,2,17,8,9,16,Bolivia - Primera Div. - Clausura,0.62,0.75,9,2.12,1.61,1.33,3
Aurora,8,5,1,2,15,8,7,16,Bolivia - Primera Div. - Clausura,0.62,0.75,7,1.88,1.61,1.33,3
Real Tomayapo,8,5,1,2,12,8,4,16,Bolivia - Primera Div. - Clausura,0.62,0.75,4,1.5,1.61,1.33,3
Always Ready,8,4,2,2,15,11,4,14,Bolivia - Primera Div. - Clausura,0.5,0.75,4,1.88,2.0,1.33,4
Wilstermann,8,3,4,1,15,11,4,13,Bolivia - Primera Div. - Clausura,0.38,0.88,4,1.88,2.63,1.14,5
Blooming,8,3,4,1,11,7,4,13,Bolivia - Primera Div. - Clausura,0.38,0.88,4,1.38,2.63,1.14,5
Oriente P.,8,4,1,3,18,15,3,13,Bolivia - Primera Div. - Clausura,0.5,0.62,3,2.25,2.0,1.61,5
Guabira,8,4,1,3,11,9,2,13,Bolivia - Primera Div. - Clausura,0.5,0.62,2,1.38,2.0,1.61,5
Royal Pari,8,4,1,3,9,7,2,13,Bolivia - Primera Div. - Clausura,0.5,0.62,2,1.12,2.0,1.61,5
I. Petrolero,8,3,2,3,17,18,-1,11,Bolivia - Primera Div. - Clausura,0.38,0.62,-1,2.12,2.63,1.61,6
U. de Vinto,8,3,1,4,11,12,-1,10,Bolivia - Primera Div. - Clausura,0.38,0.5,-1,1.38,2.63,2.0,7
SA Bulo Bulo,8,1,2,5,15,19,-4,5,Bolivia - Primera Div. - Clausura,0.12,0.38,-4,1.88,8.33,2.63,8
Santa Cruz,8,1,1,6,7,17,-10,4,Bolivia - Primera Div. - Clausura,0.12,0.25,-10,0.88,8.33,4.0,9
Corinthians,8,7,1,0,22,7,15,22,Brazil - Serie A,0.88,1.0,15,2.75,1.14,1.0,1
Fortaleza,8,6,2,0,14,2,12,20,Brazil - Serie A,0.75,1.0,12,1.75,1.33,1.0,2
Internacional,8,6,1,1,16,4,12,19,Brazil - Serie A,0.75,0.88,12,2.0,1.33,1.14,3
Palmeiras,8,5,1,2,18,8,10,16,Brazil - Serie A,0.62,0.75,10,2.25,1.61,1.33,4
Botafogo,8,4,4,0,11,4,7,16,Brazil - Serie A,0.5,1.0,7,1.38,2.0,1.0,4
Sao Paulo,8,5,1,2,15,10,5,16,Brazil - Serie A,0.62,0.75,5,1.88,1.61,1.33,4
Fluminense,8,4,3,1,9,5,4,15,Brazil - Serie A,0.5,0.88,4,1.12,2.0,1.14,5
Flamengo,8,4,3,1,13,10,3,15,Brazil - Serie A,0.5,0.88,3,1.62,2.0,1.14,5
Vasco da Gama,8,4,2,2,11,8,3,14,Brazil - Serie A,0.5,0.75,3,1.38,2.0,1.33,6
Vitoria,8,4,2,2,10,7,3,14,Brazil - Serie A,0.5,0.75,3,1.25,2.0,1.33,6
Atletico GO,8,4,2,2,7,5,2,14,Brazil - Serie A,0.5,0.75,2,0.88,2.0,1.33,6
Gremio,8,4,1,3,16,15,1,13,Brazil - Serie A,0.5,0.62,1,2.0,2.0,1.61,7
Athletico PR,8,3,2,3,10,7,3,11,Brazil - Serie A,0.38,0.62,3,1.25,2.63,1.61,8
Atletico MG,8,3,2,3,11,11,0,11,Brazil - Serie A,0.38,0.62,0,1.38,2.63,1.61,8
Bahia,8,3,2,3,8,8,0,11,Brazil - Serie A,0.38,0.62,0,1.0,2.63,1.61,8
Bragantino,8,1,6,1,11,8,3,9,Brazil - Serie A,0.12,0.88,3,1.38,8.33,1.14,9
Cruzeiro,8,2,3,3,9,9,0,9,Brazil - Serie A,0.25,0.62,0,1.12,4.0,1.61,9
Cuiaba,8,2,2,4,7,8,-1,8,Brazil - Serie A,0.25,0.5,-1,0.88,4.0,2.0,10
Criciuma,8,2,2,4,6,10,-4,8,Brazil - Serie A,0.25,0.5,-4,0.75,4.0,2.0,10
Juventude,8,2,2,4,10,16,-6,8,Brazil - Serie A,0.25,0.5,-6,1.25,4.0,2.0,10
Ceara,8,8,0,0,14,2,12,24,Brazil - Serie B,1.0,1.0,12,1.75,1.0,1.0,1
America MG,8,6,2,0,17,6,11,20,Brazil - Serie B,0.75,1.0,11,2.12,1.33,1.0,2
Mirassol,8,6,2,0,11,1,10,20,Brazil - Serie B,0.75,1.0,10,1.38,1.33,1.0,2
Goias,8,6,0,2,11,4,7,18,Brazil - Serie B,0.75,0.75,7,1.38,1.33,1.33,3
Operario PR,8,5,3,0,11,6,5,18,Brazil - Serie B,0.62,1.0,5,1.38,1.61,1.0,3
Paysandu,8,6,0,2,10,5,5,18,Brazil - Serie B,0.75,0.75,5,1.25,1.33,1.33,3
Sport Recife,8,5,2,1,16,7,9,17,Brazil - Serie B,0.62,0.88,9,2.0,1.61,1.14,4
Santos,8,5,2,1,13,8,5,17,Brazil - Serie B,0.62,0.88,5,1.62,1.61,1.14,4
Novorizontino,8,5,1,2,11,6,5,16,Brazil - Serie B,0.62,0.75,5,1.38,1.61,1.33,5
Vila Nova,8,5,1,2,12,11,1,16,Brazil - Serie B,0.62,0.75,1,1.5,1.61,1.33,5
Chapecoense,8,5,1,2,11,11,0,16,Brazil - Serie B,0.62,0.75,0,1.38,1.61,1.33,5
Amazonas,8,5,1,2,9,9,0,16,Brazil - Serie B,0.62,0.75,0,1.12,1.61,1.33,5
Avai,8,4,3,1,10,5,5,15,Brazil - Serie B,0.5,0.88,5,1.25,2.0,1.14,6
Coritiba,8,4,2,2,12,10,2,14,Brazil - Serie B,0.5,0.75,2,1.5,2.0,1.33,7
Guarani,8,3,4,1,6,5,1,13,Brazil - Serie B,0.38,0.88,1,0.75,2.63,1.14,8
Brusque,8,4,0,4,8,7,1,12,Brazil - Serie B,0.5,0.5,1,1.0,2.0,2.0,9
Ituano,8,3,0,5,7,10,-3,9,Brazil - Serie B,0.38,0.38,-3,0.88,2.63,2.63,10
CRB,8,2,2,4,8,10,-2,8,Brazil - Serie B,0.25,0.5,-2,1.0,4.0,2.0,11
Botafogo SP,8,2,2,4,6,11,-5,8,Brazil - Serie B,0.25,0.5,-5,0.75,4.0,2.0,11
Ponte Preta,8,2,0,6,5,15,-10,6,Brazil - Serie B,0.25,0.25,-10,0.62,4.0,4.0,12
Botafogo PB,8,7,1,0,19,10,9,22,Brazil - Serie C,0.88,1.0,9,2.38,1.14,1.0,1
Athletic Club,8,7,0,1,17,9,8,21,Brazil - Serie C,0.88,0.88,8,2.12,1.14,1.14,2
Caxias,8,6,1,1,13,6,7,19,Brazil - Serie C,0.75,0.88,7,1.62,1.33,1.14,3
Remo,8,6,1,1,10,3,7,19,Brazil - Serie C,0.75,0.88,7,1.25,1.33,1.14,3
Ferroviaria,8,5,3,0,12,4,8,18,Brazil - Serie C,0.62,1.0,8,1.5,1.61,1.0,4
Confianca,8,5,2,1,13,4,9,17,Brazil - Serie C,0.62,0.88,9,1.62,1.61,1.14,5
Sao Bernardo,8,5,2,1,9,2,7,17,Brazil - Serie C,0.62,0.88,7,1.12,1.61,1.14,5
Volta Redonda,8,5,2,1,13,8,5,17,Brazil - Serie C,0.62,0.88,5,1.62,1.61,1.14,5
Ypiranga,8,5,2,1,9,4,5,17,Brazil - Serie C,0.62,0.88,5,1.12,1.61,1.14,5
Londrina,8,4,4,0,14,7,7,16,Brazil - Serie C,0.5,1.0,7,1.75,2.0,1.0,6
Nautico,8,4,2,2,17,9,8,14,Brazil - Serie C,0.5,0.75,8,2.12,2.0,1.33,7
Sampaio Correa,8,4,2,2,12,9,3,14,Brazil - Serie C,0.5,0.75,3,1.5,2.0,1.33,7
ABC,8,4,2,2,9,6,3,14,Brazil - Serie C,0.5,0.75,3,1.12,2.0,1.33,7
Figueirense,8,3,4,1,7,3,4,13,Brazil - Serie C,0.38,0.88,4,0.88,2.63,1.14,8
Tombense,8,2,4,2,8,6,2,10,Brazil - Serie C,0.25,0.75,2,1.0,4.0,1.33,9
CSA,8,2,4,2,10,13,-3,10,Brazil - Serie C,0.25,0.75,-3,1.25,4.0,1.33,9
Ferroviario,8,2,4,2,9,13,-4,10,Brazil - Serie C,0.25,0.75,-4,1.12,4.0,1.33,9
Floresta,8,3,1,4,9,14,-5,10,Brazil - Serie C,0.38,0.5,-5,1.12,2.63,2.0,9
EC Sao Jose,8,2,2,4,5,5,0,8,Brazil - Serie C,0.25,0.5,0,0.62,4.0,2.0,10
Aparecidense,8,1,5,2,8,9,-1,8,Brazil - Serie C,0.12,0.75,-1,1.0,8.33,1.33,10
Maringa,7,7,0,0,15,1,14,21,Brazil - Serie D,1.0,1.0,14,2.14,1.0,1.0,1
Iguatu,7,7,0,0,10,0,10,21,Brazil - Serie D,1.0,1.0,10,1.43,1.0,1.0,1
Manauara,7,6,1,0,21,4,17,19,Brazil - Serie D,0.86,1.0,17,3.0,1.16,1.0,2
Porto Velho,7,6,1,0,21,4,17,19,Brazil - Serie D,0.86,1.0,17,3.0,1.16,1.0,2
Nova Iguacu,7,6,1,0,13,1,12,19,Brazil - Serie D,0.86,1.0,12,1.86,1.16,1.0,2
Brasiliense,7,6,1,0,14,3,11,19,Brazil - Serie D,0.86,1.0,11,2.0,1.16,1.0,2
America RN,7,6,1,0,12,2,10,19,Brazil - Serie D,0.86,1.0,10,1.71,1.16,1.0,2
Retro,7,6,0,1,14,4,10,18,Brazil - Serie D,0.86,0.86,10,2.0,1.16,1.16,3
Treze,7,5,2,0,13,3,10,17,Brazil - Serie D,0.71,1.0,10,1.86,1.41,1.0,4
Itabaiana,7,5,1,1,13,4,9,16,Brazil - Serie D,0.71,0.86,9,1.86,1.41,1.16,5
Inter Limeira,7,5,1,1,12,4,8,16,Brazil - Serie D,0.71,0.86,8,1.71,1.41,1.16,5
Jacuipense,7,5,1,1,10,4,6,16,Brazil - Serie D,0.71,0.86,6,1.43,1.41,1.16,5
Agua Santa,7,5,1,1,8,4,4,16,Brazil - Serie D,0.71,0.86,4,1.14,1.41,1.16,5
Maranhao,7,5,0,2,14,4,10,15,Brazil - Serie D,0.71,0.71,10,2.0,1.41,1.41,6
Portuguesa RJ,7,4,3,0,12,2,10,15,Brazil - Serie D,0.57,1.0,10,1.71,1.75,1.0,6
Brasil de P.,7,5,0,2,12,5,7,15,Brazil - Serie D,0.71,0.71,7,1.71,1.41,1.41,6
Mixto,7,4,3,0,11,5,6,15,Brazil - Serie D,0.57,1.0,6,1.57,1.75,1.0,6
Manaus,7,5,0,2,10,8,2,15,Brazil - Serie D,0.71,0.71,2,1.43,1.41,1.41,6
P. do Solimoes,7,4,2,1,14,6,8,14,Brazil - Serie D,0.57,0.86,8,2.0,1.75,1.16,7
Real Noroeste,7,4,2,1,11,5,6,14,Brazil - Serie D,0.57,0.86,6,1.57,1.75,1.16,7
CRAC,7,4,2,1,9,3,6,14,Brazil - Serie D,0.57,0.86,6,1.29,1.75,1.16,7
Concordia,7,4,2,1,9,4,5,14,Brazil - Serie D,0.57,0.86,5,1.29,1.75,1.16,7
Tocantinopolis,7,4,2,1,10,6,4,14,Brazil - Serie D,0.57,0.86,4,1.43,1.75,1.16,7
Avenida,7,4,2,1,8,4,4,14,Brazil - Serie D,0.57,0.86,4,1.14,1.75,1.16,7
Altos,7,4,1,2,12,7,5,13,Brazil - Serie D,0.57,0.71,5,1.71,1.75,1.41,8
Cameta,7,4,1,2,12,8,4,13,Brazil - Serie D,0.57,0.71,4,1.71,1.75,1.41,8
Santa Cruz de N,7,4,1,2,14,11,3,13,Brazil - Serie D,0.57,0.71,3,2.0,1.75,1.41,8
ASA,7,4,1,2,7,4,3,13,Brazil - Serie D,0.57,0.71,3,1.0,1.75,1.41,8
Costa Rica MS,7,4,1,2,11,11,0,13,Brazil - Serie D,0.57,0.71,0,1.57,1.75,1.41,8
Botafogo,5,3,0,2,8,5,3,9,Brazil - Carioca,0.6,0.6,3,1.6,1.67,1.67,1
Volta Redonda,4,3,0,1,5,4,1,9,Brazil - Carioca,0.75,0.75,1,1.25,1.33,1.33,1
Vasco da Gama,5,2,2,1,9,5,4,8,Brazil - Carioca,0.4,0.8,4,1.8,2.5,1.25,2
Madureira,5,2,2,1,4,2,2,8,Brazil - Carioca,0.4,0.8,2,0.8,2.5,1.25,2
CFRJ . Marica,4,2,1,1,5,3,2,7,Brazil - Carioca,0.5,0.75,2,1.25,2.0,1.33,3
Sampaio Correa,2,2,0,0,5,1,4,6,Brazil - Carioca,1.0,1.0,4,2.5,1.0,1.0,4
Nova Iguacu,4,1,3,0,3,2,1,6,Brazil - Carioca,0.25,1.0,1,0.75,4.0,1.0,4
Flamengo,3,1,0,2,4,4,0,3,Brazil - Carioca,0.33,0.33,0,1.33,3.03,3.03,5
Boavista,3,0,3,0,2,2,0,3,Brazil - Carioca,0.0,1.0,0,0.67,0.0,1.0,5
Fluminense,3,0,3,0,2,2,0,3,Brazil - Carioca,0.0,1.0,0,0.67,0.0,1.0,5
Portuguesa RJ,4,1,0,3,3,10,-7,3,Brazil - Carioca,0.25,0.25,-7,0.75,4.0,4.0,5
Bangu,4,0,1,3,0,7,-7,1,Brazil - Carioca,0.0,0.25,-7,0.0,0.0,4.0,6
Athletic Club,3,3,0,0,10,2,8,9,Brazil - Mineiro,1.0,1.0,8,3.33,1.0,1.0,1
America MG,3,2,1,0,10,1,9,7,Brazil - Mineiro,0.67,1.0,9,3.33,1.49,1.0,2
Cruzeiro,3,2,1,0,5,2,3,7,Brazil - Mineiro,0.67,1.0,3,1.67,1.49,1.0,2
Tombense,3,2,1,0,3,1,2,7,Brazil - Mineiro,0.67,1.0,2,1.0,1.49,1.0,2
Aymores,3,1,2,0,3,1,2,5,Brazil - Mineiro,0.33,1.0,2,1.0,3.03,1.0,3
Atletico MG,3,1,2,0,3,2,1,5,Brazil - Mineiro,0.33,1.0,1,1.0,3.03,1.0,3
Betim,3,1,1,1,3,2,1,4,Brazil - Mineiro,0.33,0.67,1,1.0,3.03,1.49,4
Uberlandia,3,0,2,1,3,4,-1,2,Brazil - Mineiro,0.0,0.67,-1,1.0,0.0,1.49,5
Pouso Alegre,3,0,1,2,0,3,-3,1,Brazil - Mineiro,0.0,0.33,-3,0.0,0.0,3.03,6
Itabirito,3,0,1,2,1,5,-4,1,Brazil - Mineiro,0.0,0.33,-4,0.33,0.0,3.03,6
Democrata GV,3,0,0,3,2,6,-4,0,Brazil - Mineiro,0.0,0.0,-4,0.67,0.0,0.0,7
Villa Nova,3,0,0,3,1,6,-5,0,Brazil - Mineiro,0.0,0.0,-5,0.33,0.0,0.0,7
Vila Nova,4,3,1,0,3,0,3,10,Brazil - Goiano,0.75,1.0,3,0.75,1.33,1.0,1
Goias,3,2,1,0,4,0,4,7,Brazil - Goiano,0.67,1.0,4,1.33,1.49,1.0,2
Aparecidense,4,2,1,1,5,2,3,7,Brazil - Goiano,0.5,0.75,3,1.25,2.0,1.33,2
Goiania,4,2,1,1,5,4,1,7,Brazil - Goiano,0.5,0.75,1,1.25,2.0,1.33,2
Jataiense,3,2,0,1,6,2,4,6,Brazil - Goiano,0.67,0.67,4,2.0,1.49,1.49,3
ABECAT Ouvidore,3,2,0,1,3,2,1,6,Brazil - Goiano,0.67,0.67,1,1.0,1.49,1.49,3
Inhumas,3,2,0,1,3,5,-2,6,Brazil - Goiano,0.67,0.67,-2,1.0,1.49,1.49,3
Goianesia,4,1,2,1,6,4,2,5,Brazil - Goiano,0.25,0.75,2,1.5,4.0,1.33,4
Anapolis,3,1,1,1,4,2,2,4,Brazil - Goiano,0.33,0.67,2,1.33,3.03,1.49,5
CRAC,3,0,3,0,3,3,0,3,Brazil - Goiano,0.0,1.0,0,1.0,0.0,1.0,6
Goiatuba EC,3,1,0,2,2,3,-1,3,Brazil - Goiano,0.33,0.33,-1,0.67,3.03,3.03,6
Atletico GO,4,0,3,1,1,3,-2,3,Brazil - Goiano,0.0,0.75,-2,0.25,0.0,1.33,6
Santa Cruz,4,4,0,0,6,0,6,12,Brazil - Pernambucano,1.0,1.0,6,1.5,1.0,1.0,1
Nautico,4,3,1,0,8,4,4,10,Brazil - Pernambucano,0.75,1.0,4,2.0,1.33,1.0,2
Retro,4,2,1,1,4,4,0,7,Brazil - Pernambucano,0.5,0.75,0,1.0,2.0,1.33,3
Maguary PE,2,2,0,0,6,0,6,6,Brazil - Pernambucano,1.0,1.0,6,3.0,1.0,1.0,4
Sport Recife,3,1,2,0,6,3,3,5,Brazil - Pernambucano,0.33,1.0,3,2.0,3.03,1.0,5
Decisao,3,1,2,0,5,2,3,5,Brazil - Pernambucano,0.33,1.0,3,1.67,3.03,1.0,5
Central,3,1,1,1,2,2,0,4,Brazil - Pernambucano,0.33,0.67,0,0.67,3.03,1.49,6
Jaguar,1,1,0,0,2,1,1,3,Brazil - Pernambucano,1.0,1.0,1,2.0,1.0,1.0,7
Afogados,3,0,3,0,3,3,0,3,Brazil - Pernambucano,0.0,1.0,0,1.0,0.0,1.0,7
Petrolina,2,0,1,1,0,1,-1,1,Brazil - Pernambucano,0.0,0.5,-1,0.0,0.0,2.0,8
Winner Semi-fin,0,0,0,0,0,0,0,0,Brazil - Pernambucano,0.0,0.0,0,0.0,0.0,0.0,9
Mirassol,3,3,0,0,11,3,8,9,Brazil - Paulista,1.0,1.0,8,3.67,1.0,1.0,1
Sao Paulo,3,3,0,0,8,2,6,9,Brazil - Paulista,1.0,1.0,6,2.67,1.0,1.0,1
Guarani,4,3,0,1,9,4,5,9,Brazil - Paulista,0.75,0.75,5,2.25,1.33,1.33,1
Corinthians,3,3,0,0,6,3,3,9,Brazil - Paulista,1.0,1.0,3,2.0,1.0,1.0,1
Sao Bernardo,4,2,1,1,8,6,2,7,Brazil - Paulista,0.5,0.75,2,2.0,2.0,1.33,2
Santos,4,2,1,1,7,5,2,7,Brazil - Paulista,0.5,0.75,2,1.75,2.0,1.33,2
Palmeiras,4,1,2,1,4,3,1,5,Brazil - Paulista,0.25,0.75,1,1.0,4.0,1.33,3
Portuguesa,3,1,1,1,6,6,0,4,Brazil - Paulista,0.33,0.67,0,2.0,3.03,1.49,4
Velo Clube,4,1,1,2,4,6,-2,4,Brazil - Paulista,0.25,0.5,-2,1.0,4.0,2.0,4
Agua Santa,3,1,0,2,4,3,1,3,Brazil - Paulista,0.33,0.33,1,1.33,3.03,3.03,5
Noroeste,4,0,3,1,4,5,-1,3,Brazil - Paulista,0.0,0.75,-1,1.0,0.0,1.33,5
Bragantino,3,1,0,2,3,4,-1,3,Brazil - Paulista,0.33,0.33,-1,1.0,3.03,3.03,5
Inter Limeira,4,0,3,1,3,4,-1,3,Brazil - Paulista,0.0,0.75,-1,0.75,0.0,1.33,5
Botafogo SP,3,0,2,1,1,2,-1,2,Brazil - Paulista,0.0,0.67,-1,0.33,0.0,1.49,6
Ponte Preta,3,0,2,1,1,2,-1,2,Brazil - Paulista,0.0,0.67,-1,0.33,0.0,1.49,6
Novorizontino,4,0,2,2,2,4,-2,2,Brazil - Paulista,0.0,0.5,-2,0.5,0.0,2.0,6
Treze,4,3,1,0,7,2,5,10,Brazil - Paraibano,0.75,1.0,5,1.75,1.33,1.0,1
Serra Branca,3,3,0,0,11,1,10,9,Brazil - Paraibano,1.0,1.0,10,3.67,1.0,1.0,2
Campinense,3,3,0,0,10,1,9,9,Brazil - Paraibano,1.0,1.0,9,3.33,1.0,1.0,2
Sousa,3,3,0,0,5,0,5,9,Brazil - Paraibano,1.0,1.0,5,1.67,1.0,1.0,2
Botafogo PB,3,2,1,0,8,3,5,7,Brazil - Paraibano,0.67,1.0,5,2.67,1.49,1.0,3
Nacional Patos,2,1,1,0,4,3,1,4,Brazil - Paraibano,0.5,1.0,1,2.0,2.0,1.0,4
Pombal,2,1,0,1,1,3,-2,3,Brazil - Paraibano,0.5,0.5,-2,0.5,2.0,2.0,5
Auto Esporte,4,0,2,2,3,5,-2,2,Brazil - Paraibano,0.0,0.5,-2,0.75,0.0,2.0,6
EC de Patos,2,0,1,1,3,5,-2,1,Brazil - Paraibano,0.0,0.5,-2,1.5,0.0,2.0,7
Picuiense,2,0,0,2,0,3,-3,0,Brazil - Paraibano,0.0,0.0,-3,0.0,0.0,0.0,8
Criciuma,4,2,2,0,7,2,5,8,Brazil - Catarinense,0.5,1.0,5,1.75,2.0,1.0,1
Figueirense,4,2,1,1,8,5,3,7,Brazil - Catarinense,0.5,0.75,3,2.0,2.0,1.33,2
Santa Catarina,3,2,1,0,7,4,3,7,Brazil - Catarinense,0.67,1.0,3,2.33,1.49,1.0,2
Concordia,3,2,1,0,4,1,3,7,Brazil - Catarinense,0.67,1.0,3,1.33,1.49,1.0,2
Brusque,4,2,1,1,4,2,2,7,Brazil - Catarinense,0.5,0.75,2,1.0,2.0,1.33,2
Avai,3,2,0,1,4,1,3,6,Brazil - Catarinense,0.67,0.67,3,1.33,1.49,1.49,3
Joinville,4,1,3,0,4,3,1,6,Brazil - Catarinense,0.25,1.0,1,1.0,4.0,1.0,3
Marcilio Dias,4,1,3,0,2,1,1,6,Brazil - Catarinense,0.25,1.0,1,0.5,4.0,1.0,3
Caravaggio,3,1,2,0,2,1,1,5,Brazil - Catarinense,0.33,1.0,1,0.67,3.03,1.0,4
Chapecoense,3,1,2,0,1,0,1,5,Brazil - Catarinense,0.33,1.0,1,0.33,3.03,1.0,4
Barra FC,4,0,4,0,4,4,0,4,Brazil - Catarinense,0.0,1.0,0,1.0,0.0,1.0,5
Hercilio Luz,2,0,0,2,0,4,-4,0,Brazil - Catarinense,0.0,0.0,-4,0.0,0.0,0.0,6
Internacional,3,3,0,0,6,0,6,9,Brazil - Gaucho,1.0,1.0,6,2.0,1.0,1.0,1
Juventude,3,3,0,0,5,0,5,9,Brazil - Gaucho,1.0,1.0,5,1.67,1.0,1.0,1
Gremio,2,2,0,0,9,0,9,6,Brazil - Gaucho,1.0,1.0,9,4.5,1.0,1.0,2
Sao Luiz,3,1,2,0,4,3,1,5,Brazil - Gaucho,0.33,1.0,1,1.33,3.03,1.0,3
Brasil de P.,3,1,2,0,1,0,1,5,Brazil - Gaucho,0.33,1.0,1,0.33,3.03,1.0,3
Guarany de Bage,2,1,1,0,3,2,1,4,Brazil - Gaucho,0.5,1.0,1,1.5,2.0,1.0,4
Ypiranga,2,1,1,0,3,2,1,4,Brazil - Gaucho,0.5,1.0,1,1.5,2.0,1.0,4
Caxias,2,1,0,1,4,4,0,3,Brazil - Gaucho,0.5,0.5,0,2.0,2.0,2.0,5
Pelotas,2,1,0,1,2,2,0,3,Brazil - Gaucho,0.5,0.5,0,1.0,2.0,2.0,5
EC Sao Jose,3,0,2,1,1,3,-2,2,Brazil - Gaucho,0.0,0.67,-2,0.33,0.0,1.49,6
Avenida,2,0,1,1,0,1,-1,1,Brazil - Gaucho,0.0,0.5,-1,0.0,0.0,2.0,7
Monsoon,3,0,0,3,1,7,-6,0,Brazil - Gaucho,0.0,0.0,-6,0.33,0.0,0.0,8
Ludogorets,8,7,1,0,15,0,15,22,Bulgaria - Parva Liga,0.88,1.0,15,1.88,1.14,1.0,1
Cherno More,8,6,2,0,15,3,12,20,Bulgaria - Parva Liga,0.75,1.0,12,1.88,1.33,1.0,2
Arda,8,6,1,1,14,10,4,19,Bulgaria - Parva Liga,0.75,0.88,4,1.75,1.33,1.14,3
Levski Sofia,8,6,0,2,13,7,6,18,Bulgaria - Parva Liga,0.75,0.75,6,1.62,1.33,1.33,4
Botev Plovdiv,8,6,0,2,11,6,5,18,Bulgaria - Parva Liga,0.75,0.75,5,1.38,1.33,1.33,4
Slavia Sofia,8,4,1,3,10,9,1,13,Bulgaria - Parva Liga,0.5,0.62,1,1.25,2.0,1.61,5
Beroe,8,4,0,4,11,6,5,12,Bulgaria - Parva Liga,0.5,0.5,5,1.38,2.0,2.0,6
CSKA Sofia,8,3,3,2,12,9,3,12,Bulgaria - Parva Liga,0.38,0.75,3,1.5,2.63,1.33,6
Spartak Varna,8,3,2,3,11,11,0,11,Bulgaria - Parva Liga,0.38,0.62,0,1.38,2.63,1.61,7
L. Krumovgrad,8,2,2,4,6,8,-2,8,Bulgaria - Parva Liga,0.25,0.5,-2,0.75,4.0,2.0,8
Botev Vratsa,8,2,2,4,8,13,-5,8,Bulgaria - Parva Liga,0.25,0.5,-5,1.0,4.0,2.0,8
Septemvri Sofia,8,2,1,5,8,12,-4,7,Bulgaria - Parva Liga,0.25,0.38,-4,1.0,4.0,2.63,9
CSKA 1948 Sofia,8,2,1,5,9,15,-6,7,Bulgaria - Parva Liga,0.25,0.38,-6,1.12,4.0,2.63,9
Hebar,8,1,3,4,6,9,-3,6,Bulgaria - Parva Liga,0.12,0.5,-3,0.75,8.33,2.0,10
Lokomotiv Sofia,8,1,3,4,3,9,-6,6,Bulgaria - Parva Liga,0.12,0.5,-6,0.38,8.33,2.0,10
Lok. Plovdiv,8,0,3,5,8,15,-7,3,Bulgaria - Parva Liga,0.0,0.38,-7,1.0,0.0,2.63,11
Forge,8,7,0,1,16,4,12,21,Canada - Premier League,0.88,0.88,12,2.0,1.14,1.14,1
HFX Wanderers,8,5,3,0,17,9,8,18,Canada - Premier League,0.62,1.0,8,2.12,1.61,1.0,2
Cavalry,8,3,4,1,12,10,2,13,Canada - Premier League,0.38,0.88,2,1.5,2.63,1.14,3
York Utd,8,3,2,3,10,9,1,11,Canada - Premier League,0.38,0.62,1,1.25,2.63,1.61,4
A. Ottawa,8,2,4,2,10,10,0,10,Canada - Premier League,0.25,0.75,0,1.25,4.0,1.33,5
Pacific,8,3,1,4,10,13,-3,10,Canada - Premier League,0.38,0.5,-3,1.25,2.63,2.0,5
Valour,8,2,2,4,7,9,-2,8,Canada - Premier League,0.25,0.5,-2,0.88,4.0,2.0,6
Vancouver FC,8,1,2,5,5,12,-7,5,Canada - Premier League,0.12,0.38,-7,0.62,8.33,2.63,7
Audax Italiano,0,0,0,0,0,0,0,0,Chile - Primera Division,0.0,0.0,0,0.0,0.0,0.0,1
Cobresal,0,0,0,0,0,0,0,0,Chile - Primera Division,0.0,0.0,0,0.0,0.0,0.0,1
Colo-Colo,0,0,0,0,0,0,0,0,Chile - Primera Division,0.0,0.0,0,0.0,0.0,0.0,1
Coquimbo Unido,0,0,0,0,0,0,0,0,Chile - Primera Division,0.0,0.0,0,0.0,0.0,0.0,1
D. Iquique,0,0,0,0,0,0,0,0,Chile - Primera Division,0.0,0.0,0,0.0,0.0,0.0,1
D. Limache,0,0,0,0,0,0,0,0,Chile - Primera Division,0.0,0.0,0,0.0,0.0,0.0,1
Everton,0,0,0,0,0,0,0,0,Chile - Primera Division,0.0,0.0,0,0.0,0.0,0.0,1
Huachipato,0,0,0,0,0,0,0,0,Chile - Primera Division,0.0,0.0,0,0.0,0.0,0.0,1
La Serena,0,0,0,0,0,0,0,0,Chile - Primera Division,0.0,0.0,0,0.0,0.0,0.0,1
Nublense,0,0,0,0,0,0,0,0,Chile - Primera Division,0.0,0.0,0,0.0,0.0,0.0,1
OHiggins,0,0,0,0,0,0,0,0,Chile - Primera Division,0.0,0.0,0,0.0,0.0,0.0,1
Palestino,0,0,0,0,0,0,0,0,Chile - Primera Division,0.0,0.0,0,0.0,0.0,0.0,1
U. Catolica,0,0,0,0,0,0,0,0,Chile - Primera Division,0.0,0.0,0,0.0,0.0,0.0,1
U. de Chile,0,0,0,0,0,0,0,0,Chile - Primera Division,0.0,0.0,0,0.0,0.0,0.0,1
Union Espanola,0,0,0,0,0,0,0,0,Chile - Primera Division,0.0,0.0,0,0.0,0.0,0.0,1
Union La Calera,0,0,0,0,0,0,0,0,Chile - Primera Division,0.0,0.0,0,0.0,0.0,0.0,1
La Serena,8,7,1,0,13,3,10,22,Chile - Primera B,0.88,1.0,10,1.62,1.14,1.0,1
Magallanes,8,4,3,1,14,6,8,15,Chile - Primera B,0.5,0.88,8,1.75,2.0,1.14,2
Deportes Temuco,8,4,2,2,11,5,6,14,Chile - Primera B,0.5,0.75,6,1.38,2.0,1.33,3
U. Concepcion,8,4,2,2,14,9,5,14,Chile - Primera B,0.5,0.75,5,1.75,2.0,1.33,3
CD Santa Cruz,8,4,2,2,11,7,4,14,Chile - Primera B,0.5,0.75,4,1.38,2.0,1.33,3
Recoleta,8,3,4,1,14,8,6,13,Chile - Primera B,0.38,0.88,6,1.75,2.63,1.14,4
Rangers,8,3,4,1,11,6,5,13,Chile - Primera B,0.38,0.88,5,1.38,2.63,1.14,4
Barnechea,8,4,1,3,13,11,2,13,Chile - Primera B,0.5,0.62,2,1.62,2.0,1.61,4
S. Wanderers,8,3,3,2,13,8,5,12,Chile - Primera B,0.38,0.75,5,1.62,2.63,1.33,5
U. San Felipe,8,2,5,1,7,5,2,11,Chile - Primera B,0.25,0.88,2,0.88,4.0,1.14,6
Antofagasta,8,2,4,2,10,10,0,10,Chile - Primera B,0.25,0.75,0,1.25,4.0,1.33,7
S. Morning,8,3,0,5,5,8,-3,9,Chile - Primera B,0.38,0.38,-3,0.62,2.63,2.63,8
D. Limache,8,2,2,4,9,12,-3,8,Chile - Primera B,0.25,0.5,-3,1.12,4.0,2.0,9
Curico Unido,8,2,1,5,7,14,-7,7,Chile - Primera B,0.25,0.38,-7,0.88,4.0,2.63,10
San Marcos,8,1,3,4,8,12,-4,6,Chile - Primera B,0.12,0.5,-4,1.0,8.33,2.0,11
San Luis,8,0,3,5,4,16,-12,3,Chile - Primera B,0.0,0.38,-12,0.5,0.0,2.63,12
Beijing Guoan,0,0,0,0,0,0,0,0,China - Super League,0.0,0.0,0,0.0,0.0,0.0,1
Changchun Yatai,0,0,0,0,0,0,0,0,China - Super League,0.0,0.0,0,0.0,0.0,0.0,1
Chengdu,0,0,0,0,0,0,0,0,China - Super League,0.0,0.0,0,0.0,0.0,0.0,1
Dalian Yingbo,0,0,0,0,0,0,0,0,China - Super League,0.0,0.0,0,0.0,0.0,0.0,1
Henan SL,0,0,0,0,0,0,0,0,China - Super League,0.0,0.0,0,0.0,0.0,0.0,1
Meizhou Hakka,0,0,0,0,0,0,0,0,China - Super League,0.0,0.0,0,0.0,0.0,0.0,1
Qingdao Hainiu,0,0,0,0,0,0,0,0,China - Super League,0.0,0.0,0,0.0,0.0,0.0,1
Qingdao West C.,0,0,0,0,0,0,0,0,China - Super League,0.0,0.0,0,0.0,0.0,0.0,1
S. Shenhua,0,0,0,0,0,0,0,0,China - Super League,0.0,0.0,0,0.0,0.0,0.0,1
Shandong T.,0,0,0,0,0,0,0,0,China - Super League,0.0,0.0,0,0.0,0.0,0.0,1
Shanghai Port,0,0,0,0,0,0,0,0,China - Super League,0.0,0.0,0,0.0,0.0,0.0,1
Sichuan Jiuniu,0,0,0,0,0,0,0,0,China - Super League,0.0,0.0,0,0.0,0.0,0.0,1
Tianjin T.,0,0,0,0,0,0,0,0,China - Super League,0.0,0.0,0,0.0,0.0,0.0,1
Wuhan Three T.,0,0,0,0,0,0,0,0,China - Super League,0.0,0.0,0,0.0,0.0,0.0,1
Yunnan Yukun,0,0,0,0,0,0,0,0,China - Super League,0.0,0.0,0,0.0,0.0,0.0,1
Zhejiang,0,0,0,0,0,0,0,0,China - Super League,0.0,0.0,0,0.0,0.0,0.0,1
Yunnan Yukun,8,6,2,0,18,1,17,20,China - League One,0.75,1.0,17,2.25,1.33,1.0,1
Suzhou Dongwu,8,6,2,0,14,5,9,20,China - League One,0.75,1.0,9,1.75,1.33,1.0,1
Dalian Yingbo,8,6,1,1,17,6,11,19,China - League One,0.75,0.88,11,2.12,1.33,1.14,2
Liaoning Tieren,8,6,1,1,17,8,9,19,China - League One,0.75,0.88,9,2.12,1.33,1.14,2
Guangzhou FC,8,4,4,0,13,4,9,16,China - League One,0.5,1.0,9,1.62,2.0,1.0,3
Nanjing City,8,4,3,1,12,7,5,15,China - League One,0.5,0.88,5,1.5,2.0,1.14,4
S. Gongfu,8,5,0,3,11,9,2,15,China - League One,0.62,0.62,2,1.38,1.61,1.61,4
Chongqing T.,8,3,5,0,12,7,5,14,China - League One,0.38,1.0,5,1.5,2.63,1.0,5
Guangxi Baoyun,8,3,4,1,11,10,1,13,China - League One,0.38,0.88,1,1.38,2.63,1.14,6
Foshan Nanshi,8,2,5,1,11,7,4,11,China - League One,0.25,0.88,4,1.38,4.0,1.14,7
Jiangxi Lushan,8,3,2,3,6,5,1,11,China - League One,0.38,0.62,1,0.75,2.63,1.61,7
Shanghai Jiadin,8,2,4,2,6,5,1,10,China - League One,0.25,0.75,1,0.75,4.0,1.33,8
Heilongjiang IC,8,2,2,4,5,7,-2,8,China - League One,0.25,0.5,-2,0.62,4.0,2.0,9
Qingdao RL,8,1,3,4,6,9,-3,6,China - League One,0.12,0.5,-3,0.75,8.33,2.0,10
Wuxi Wugou,8,1,2,5,9,16,-7,5,China - League One,0.12,0.38,-7,1.12,8.33,2.63,11
Yanbian Longdin,8,0,4,4,6,15,-9,4,China - League One,0.0,0.5,-9,0.75,0.0,2.0,12
Langfang Glory,8,7,1,0,16,3,13,22,China - League Two,0.88,1.0,13,2.0,1.14,1.0,1
Dalian Kuncheng,8,7,1,0,13,1,12,22,China - League Two,0.88,1.0,12,1.62,1.14,1.0,1
Rizhao Yuqi,8,7,1,0,15,4,11,22,China - League Two,0.88,1.0,11,1.88,1.14,1.0,1
Shenzhen J.,8,7,1,0,14,7,7,22,China - League Two,0.88,1.0,7,1.75,1.14,1.0,1
Shandong T. B,8,6,1,1,14,6,8,19,China - League Two,0.75,0.88,8,1.75,1.33,1.14,2
Guangdong GZP,8,5,3,0,18,5,13,18,China - League Two,0.62,1.0,13,2.25,1.61,1.0,3
Jiangxi DH,8,6,0,2,12,4,8,18,China - League Two,0.75,0.75,8,1.5,1.33,1.33,3
Shaanxi Union,8,4,2,2,13,8,5,14,China - League Two,0.5,0.75,5,1.62,2.0,1.33,4
Quanzhou Yassin,8,3,3,2,7,7,0,12,China - League Two,0.38,0.75,0,0.88,2.63,1.33,5
Guangxi H.,8,3,2,3,11,10,1,11,China - League Two,0.38,0.62,1,1.38,2.63,1.61,6
Xian Ronghai,8,3,2,3,10,9,1,11,China - League Two,0.38,0.62,1,1.25,2.63,1.61,6
Taian Tiankuang,8,3,2,3,13,13,0,11,China - League Two,0.38,0.62,0,1.62,2.63,1.61,6
Haikou M.,8,3,2,3,12,12,0,11,China - League Two,0.38,0.62,0,1.5,2.63,1.61,6
Hunan Billows,8,2,5,1,9,9,0,11,China - League Two,0.25,0.88,0,1.12,4.0,1.14,6
Hubei Istar,8,2,3,3,12,10,2,9,China - League Two,0.25,0.62,2,1.5,4.0,1.61,7
Shanghai Port B,8,3,0,5,9,10,-1,9,China - League Two,0.38,0.38,-1,1.12,2.63,2.63,7
Beijing IT,8,3,0,5,5,8,-3,9,China - League Two,0.38,0.38,-3,0.62,2.63,2.63,7
Ganzhou Ruishi,8,1,5,2,14,14,0,8,China - League Two,0.12,0.75,0,1.75,8.33,1.33,8
Guangxi Lanhang,8,1,5,2,10,12,-2,8,China - League Two,0.12,0.75,-2,1.25,8.33,1.33,8
Nantong Haimen,8,2,1,5,9,15,-6,7,China - League Two,0.25,0.38,-6,1.12,4.0,2.63,9
Santa Fe,2,1,1,0,2,1,1,4,Colombia - Primera A - Apertura,0.5,1.0,1,1.0,2.0,1.0,1
A. Nacional,1,1,0,0,4,0,4,3,Colombia - Primera A - Apertura,1.0,1.0,4,4.0,1.0,1.0,2
I. Medelin,1,1,0,0,3,0,3,3,Colombia - Primera A - Apertura,1.0,1.0,3,3.0,1.0,1.0,2
Deportes Tolima,1,1,0,0,2,0,2,3,Colombia - Primera A - Apertura,1.0,1.0,2,2.0,1.0,1.0,2
Llaneros,1,1,0,0,2,0,2,3,Colombia - Primera A - Apertura,1.0,1.0,2,2.0,1.0,1.0,2
America de Cali,1,1,0,0,4,3,1,3,Colombia - Primera A - Apertura,1.0,1.0,1,4.0,1.0,1.0,2
Once Caldas,1,1,0,0,2,1,1,3,Colombia - Primera A - Apertura,1.0,1.0,1,2.0,1.0,1.0,2
Boyaca Chico,1,1,0,0,1,0,1,3,Colombia - Primera A - Apertura,1.0,1.0,1,1.0,1.0,1.0,2
Deportivo Cali,1,1,0,0,1,0,1,3,Colombia - Primera A - Apertura,1.0,1.0,1,1.0,1.0,1.0,2
Junior,2,0,2,0,2,2,0,2,Colombia - Primera A - Apertura,0.0,1.0,0,1.0,0.0,1.0,3
A. Petrolera,1,0,1,0,1,1,0,1,Colombia - Primera A - Apertura,0.0,1.0,0,1.0,0.0,1.0,4
R. Aguilas,1,0,1,0,1,1,0,1,Colombia - Primera A - Apertura,0.0,1.0,0,1.0,0.0,1.0,4
D. Pereira,1,0,1,0,0,0,0,1,Colombia - Primera A - Apertura,0.0,1.0,0,0.0,0.0,1.0,4
Fortaleza CEIF,1,0,1,0,0,0,0,1,Colombia - Primera A - Apertura,0.0,1.0,0,0.0,0.0,1.0,4
Envigado,0,0,0,0,0,0,0,0,Colombia - Primera A - Apertura,0.0,0.0,0,0.0,0.0,0.0,5
Millonarios,0,0,0,0,0,0,0,0,Colombia - Primera A - Apertura,0.0,0.0,0,0.0,0.0,0.0,5
Union Magdalena,0,0,0,0,0,0,0,0,Colombia - Primera A - Apertura,0.0,0.0,0,0.0,0.0,0.0,5
Deportivo Pasto,1,0,0,1,0,1,-1,0,Colombia - Primera A - Apertura,0.0,0.0,-1,0.0,0.0,0.0,5
La Equidad,1,0,0,1,0,1,-1,0,Colombia - Primera A - Apertura,0.0,0.0,-1,0.0,0.0,0.0,5
A. Bucaramanga,1,0,0,1,0,4,-4,0,Colombia - Primera A - Apertura,0.0,0.0,-4,0.0,0.0,0.0,5
Deportivo Pasto,8,6,0,2,14,8,6,18,Colombia - Primera A - Clausura,0.75,0.75,6,1.75,1.33,1.33,1
I. Medelin,8,5,2,1,11,2,9,17,Colombia - Primera A - Clausura,0.62,0.88,9,1.38,1.61,1.14,2
Junior,8,5,2,1,17,9,8,17,Colombia - Primera A - Clausura,0.62,0.88,8,2.12,1.61,1.14,2
Millonarios,8,5,2,1,11,3,8,17,Colombia - Primera A - Clausura,0.62,0.88,8,1.38,1.61,1.14,2
America de Cali,8,5,2,1,9,3,6,17,Colombia - Primera A - Clausura,0.62,0.88,6,1.12,1.61,1.14,2
D. Pereira,8,5,1,2,10,6,4,16,Colombia - Primera A - Clausura,0.62,0.75,4,1.25,1.61,1.33,3
Santa Fe,8,4,3,1,12,5,7,15,Colombia - Primera A - Clausura,0.5,0.88,7,1.5,2.0,1.14,4
Deportes Tolima,8,4,3,1,10,4,6,15,Colombia - Primera A - Clausura,0.5,0.88,6,1.25,2.0,1.14,4
Patriotas,8,4,2,2,14,8,6,14,Colombia - Primera A - Clausura,0.5,0.75,6,1.75,2.0,1.33,5
Once Caldas,8,4,2,2,11,8,3,14,Colombia - Primera A - Clausura,0.5,0.75,3,1.38,2.0,1.33,5
A. Nacional,8,3,4,1,15,11,4,13,Colombia - Primera A - Clausura,0.38,0.88,4,1.88,2.63,1.14,6
A. Petrolera,8,3,3,2,11,8,3,12,Colombia - Primera A - Clausura,0.38,0.75,3,1.38,2.63,1.33,7
Boyaca Chico,8,3,3,2,7,10,-3,12,Colombia - Primera A - Clausura,0.38,0.75,-3,0.88,2.63,1.33,7
Fortaleza CEIF,8,3,2,3,9,9,0,11,Colombia - Primera A - Clausura,0.38,0.62,0,1.12,2.63,1.61,8
La Equidad,8,2,4,2,10,11,-1,10,Colombia - Primera A - Clausura,0.25,0.75,-1,1.25,4.0,1.33,9
Deportivo Cali,8,3,1,4,7,9,-2,10,Colombia - Primera A - Clausura,0.38,0.5,-2,0.88,2.63,2.0,9
R. Aguilas,8,2,3,3,7,9,-2,9,Colombia - Primera A - Clausura,0.25,0.62,-2,0.88,4.0,1.61,10
Jaguares de C.,8,2,3,3,5,8,-3,9,Colombia - Primera A - Clausura,0.25,0.62,-3,0.62,4.0,1.61,10
Envigado,8,2,2,4,4,4,0,8,Colombia - Primera A - Clausura,0.25,0.5,0,0.5,4.0,2.0,11
A. Bucaramanga,8,2,2,4,6,9,-3,8,Colombia - Primera A - Clausura,0.25,0.5,-3,0.75,4.0,2.0,11
Guanacasteca,8,8,0,0,13,3,10,24,Costa Rica - Primera Div. - Apertura,1.0,1.0,10,1.62,1.0,1.0,1
Alajuelense,8,6,2,0,19,5,14,20,Costa Rica - Primera Div. - Apertura,0.75,1.0,14,2.38,1.33,1.0,2
Cartagines,8,6,2,0,16,8,8,20,Costa Rica - Primera Div. - Apertura,0.75,1.0,8,2.0,1.33,1.0,2
Saprissa,8,5,2,1,17,11,6,17,Costa Rica - Primera Div. - Apertura,0.62,0.88,6,2.12,1.61,1.14,3
Herediano,8,4,1,3,15,14,1,13,Costa Rica - Primera Div. - Apertura,0.5,0.62,1,1.88,2.0,1.61,4
San Carlos,8,2,6,0,9,6,3,12,Costa Rica - Primera Div. - Apertura,0.25,1.0,3,1.12,4.0,1.0,5
Santos Guapiles,8,4,0,4,13,11,2,12,Costa Rica - Primera Div. - Apertura,0.5,0.5,2,1.62,2.0,2.0,5
Zeledon,8,3,3,2,10,8,2,12,Costa Rica - Primera Div. - Apertura,0.38,0.75,2,1.25,2.63,1.33,5
Santa Ana,8,3,3,2,11,11,0,12,Costa Rica - Primera Div. - Apertura,0.38,0.75,0,1.38,2.63,1.33,5
Sporting SJ,8,3,1,4,12,11,1,10,Costa Rica - Primera Div. - Apertura,0.38,0.5,1,1.5,2.63,2.0,6
Puntarenas,8,2,3,3,7,9,-2,9,Costa Rica - Primera Div. - Apertura,0.25,0.62,-2,0.88,4.0,1.61,7
M. Liberia,8,2,2,4,12,11,1,8,Costa Rica - Primera Div. - Apertura,0.25,0.5,1,1.5,4.0,2.0,8
Slavia Prague,8,8,0,0,19,3,16,24,CzechRepublic - 1. Liga,1.0,1.0,16,2.38,1.0,1.0,1
Viktoria Plzen,8,6,2,0,19,7,12,20,CzechRepublic - 1. Liga,0.75,1.0,12,2.38,1.33,1.0,2
Banik Ostrava,8,6,0,2,17,7,10,18,CzechRepublic - 1. Liga,0.75,0.75,10,2.12,1.33,1.33,3
Jablonec,8,5,0,3,17,7,10,15,CzechRepublic - 1. Liga,0.62,0.62,10,2.12,1.61,1.61,4
Karvina,8,4,3,1,10,5,5,15,CzechRepublic - 1. Liga,0.5,0.88,5,1.25,2.0,1.14,4
Sparta Prague,8,4,2,2,15,12,3,14,CzechRepublic - 1. Liga,0.5,0.75,3,1.88,2.0,1.33,5
Slovan Liberec,8,3,3,2,13,9,4,12,CzechRepublic - 1. Liga,0.38,0.75,4,1.62,2.63,1.33,6
Slovacko,8,3,3,2,6,7,-1,12,CzechRepublic - 1. Liga,0.38,0.75,-1,0.75,2.63,1.33,6
Hradec Kralove,8,3,2,3,9,6,3,11,CzechRepublic - 1. Liga,0.38,0.62,3,1.12,2.63,1.61,7
Sigma Olomouc,8,3,2,3,11,14,-3,11,CzechRepublic - 1. Liga,0.38,0.62,-3,1.38,2.63,1.61,7
Teplice,8,3,1,4,13,13,0,10,CzechRepublic - 1. Liga,0.38,0.5,0,1.62,2.63,2.0,8
Mlada Boleslav,8,2,4,2,10,10,0,10,CzechRepublic - 1. Liga,0.25,0.75,0,1.25,4.0,1.33,8
Pardubice,8,2,3,3,9,9,0,9,CzechRepublic - 1. Liga,0.25,0.62,0,1.12,4.0,1.61,9
Dukla Praha,8,2,1,5,9,13,-4,7,CzechRepublic - 1. Liga,0.25,0.38,-4,1.12,4.0,2.63,10
Bohemians,8,1,4,3,12,18,-6,7,CzechRepublic - 1. Liga,0.12,0.62,-6,1.5,8.33,1.61,10
C. Budejovice,8,0,3,5,0,14,-14,3,CzechRepublic - 1. Liga,0.0,0.38,-14,0.0,0.0,2.63,11
FC Midtjylland,8,7,0,1,16,9,7,21,Denmark - Superligaen,0.88,0.88,7,2.0,1.14,1.14,1
AGF Aarhus,8,5,3,0,20,8,12,18,Denmark - Superligaen,0.62,1.0,12,2.5,1.61,1.0,2
FC Kobenhavn,8,5,3,0,17,8,9,18,Denmark - Superligaen,0.62,1.0,9,2.12,1.61,1.0,2
Nordsjaelland,8,4,4,0,15,9,6,16,Denmark - Superligaen,0.5,1.0,6,1.88,2.0,1.0,3
Brondby IF,8,4,3,1,10,5,5,15,Denmark - Superligaen,0.5,0.88,5,1.25,2.0,1.14,4
Randers FC,8,4,2,2,14,8,6,14,Denmark - Superligaen,0.5,0.75,6,1.75,2.0,1.33,5
Viborg,8,4,2,2,16,13,3,14,Denmark - Superligaen,0.5,0.75,3,2.0,2.0,1.33,5
Silkeborg,8,3,4,1,16,13,3,13,Denmark - Superligaen,0.38,0.88,3,2.0,2.63,1.14,6
Aalborg BK,8,3,2,3,10,15,-5,11,Denmark - Superligaen,0.38,0.62,-5,1.25,2.63,1.61,7
SonderjyskE,8,2,3,3,12,18,-6,9,Denmark - Superligaen,0.25,0.62,-6,1.5,4.0,1.61,8
Lyngby,8,1,4,3,6,10,-4,7,Denmark - Superligaen,0.12,0.62,-4,0.75,8.33,1.61,9
Vejle BK,8,1,2,5,7,17,-10,5,Denmark - Superligaen,0.12,0.38,-10,0.88,8.33,2.63,10
Odense BK,8,6,1,1,17,11,6,19,Denmark - 1st Division,0.75,0.88,6,2.12,1.33,1.14,1
Hvidovre,8,5,3,0,16,6,10,18,Denmark - 1st Division,0.62,1.0,10,2.0,1.61,1.0,2
Esbjerg,8,5,1,2,17,12,5,16,Denmark - 1st Division,0.62,0.75,5,2.12,1.61,1.33,3
AC Horsens,8,4,3,1,13,7,6,15,Denmark - 1st Division,0.5,0.88,6,1.62,2.0,1.14,4
Fredericia,8,4,1,3,14,10,4,13,Denmark - 1st Division,0.5,0.62,4,1.75,2.0,1.61,5
Hillerod,8,4,1,3,12,12,0,13,Denmark - 1st Division,0.5,0.62,0,1.5,2.0,1.61,5
Hobro,8,3,2,3,11,13,-2,11,Denmark - 1st Division,0.38,0.62,-2,1.38,2.63,1.61,6
Kolding IF,8,2,3,3,8,8,0,9,Denmark - 1st Division,0.25,0.62,0,1.0,4.0,1.61,7
Vendsyssel,8,2,2,4,7,12,-5,8,Denmark - 1st Division,0.25,0.5,-5,0.88,4.0,2.0,8
HB Koge,8,2,0,6,9,19,-10,6,Denmark - 1st Division,0.25,0.25,-10,1.12,4.0,4.0,9
B 93,8,1,1,6,4,17,-13,4,Denmark - 1st Division,0.12,0.25,-13,0.5,8.33,4.0,10
Roskilde,8,1,0,7,5,16,-11,3,Denmark - 1st Division,0.12,0.12,-11,0.62,8.33,8.33,11
Aarhus Fremad,8,6,1,1,16,6,10,19,Denmark - 2nd Division,0.75,0.88,10,2.0,1.33,1.14,1
Fremad Amager,8,5,1,2,10,7,3,16,Denmark - 2nd Division,0.62,0.75,3,1.25,1.61,1.33,2
Skive,8,4,2,2,12,6,6,14,Denmark - 2nd Division,0.5,0.75,6,1.5,2.0,1.33,3
Middelfart,8,4,1,3,12,10,2,13,Denmark - 2nd Division,0.5,0.62,2,1.5,2.0,1.61,4
Naestved,7,4,1,2,8,9,-1,13,Denmark - 2nd Division,0.57,0.71,-1,1.14,1.75,1.41,4
AB Copenhagen,8,3,3,2,11,9,2,12,Denmark - 2nd Division,0.38,0.75,2,1.38,2.63,1.33,5
Hellerup IK,8,3,2,3,10,10,0,11,Denmark - 2nd Division,0.38,0.62,0,1.25,2.63,1.61,6
Thisted,8,3,1,4,8,10,-2,10,Denmark - 2nd Division,0.38,0.5,-2,1.0,2.63,2.0,7
Helsingor,8,2,3,3,10,8,2,9,Denmark - 2nd Division,0.25,0.62,2,1.25,4.0,1.61,8
BK Frem,8,1,3,4,7,10,-3,6,Denmark - 2nd Division,0.12,0.5,-3,0.88,8.33,2.0,9
Nykobing,7,1,2,4,4,11,-7,5,Denmark - 2nd Division,0.14,0.43,-7,0.57,7.14,2.33,10
Ishoj,7,0,3,4,6,11,-5,3,Denmark - 2nd Division,0.0,0.43,-5,0.86,0.0,2.33,11
Aucas,0,0,0,0,0,0,0,0,Ecuador - Liga Pro 1st Stage,0.0,0.0,0,0.0,0.0,0.0,1
Barcelona SC,0,0,0,0,0,0,0,0,Ecuador - Liga Pro 1st Stage,0.0,0.0,0,0.0,0.0,0.0,1
Cuniburo,0,0,0,0,0,0,0,0,Ecuador - Liga Pro 1st Stage,0.0,0.0,0,0.0,0.0,0.0,1
D. Cuenca,0,0,0,0,0,0,0,0,Ecuador - Liga Pro 1st Stage,0.0,0.0,0,0.0,0.0,0.0,1
Delfin,0,0,0,0,0,0,0,0,Ecuador - Liga Pro 1st Stage,0.0,0.0,0,0.0,0.0,0.0,1
El Nacional,0,0,0,0,0,0,0,0,Ecuador - Liga Pro 1st Stage,0.0,0.0,0,0.0,0.0,0.0,1
Emelec,0,0,0,0,0,0,0,0,Ecuador - Liga Pro 1st Stage,0.0,0.0,0,0.0,0.0,0.0,1
I. del Valle,0,0,0,0,0,0,0,0,Ecuador - Liga Pro 1st Stage,0.0,0.0,0,0.0,0.0,0.0,1
LDU Quito,0,0,0,0,0,0,0,0,Ecuador - Liga Pro 1st Stage,0.0,0.0,0,0.0,0.0,0.0,1
Libertad,0,0,0,0,0,0,0,0,Ecuador - Liga Pro 1st Stage,0.0,0.0,0,0.0,0.0,0.0,1
Macara,0,0,0,0,0,0,0,0,Ecuador - Liga Pro 1st Stage,0.0,0.0,0,0.0,0.0,0.0,1
Manta,0,0,0,0,0,0,0,0,Ecuador - Liga Pro 1st Stage,0.0,0.0,0,0.0,0.0,0.0,1
Mushuc Runa,0,0,0,0,0,0,0,0,Ecuador - Liga Pro 1st Stage,0.0,0.0,0,0.0,0.0,0.0,1
Orense,0,0,0,0,0,0,0,0,Ecuador - Liga Pro 1st Stage,0.0,0.0,0,0.0,0.0,0.0,1
Tecnico U.,0,0,0,0,0,0,0,0,Ecuador - Liga Pro 1st Stage,0.0,0.0,0,0.0,0.0,0.0,1
U. Catolica,0,0,0,0,0,0,0,0,Ecuador - Liga Pro 1st Stage,0.0,0.0,0,0.0,0.0,0.0,1
Guayaquil City,8,6,2,0,17,3,14,20,Ecuador - Serie B,0.75,1.0,14,2.12,1.33,1.0,1
Cuniburo,8,6,1,1,15,5,10,19,Ecuador - Serie B,0.75,0.88,10,1.88,1.33,1.14,2
Manta,8,6,1,1,14,6,8,19,Ecuador - Serie B,0.75,0.88,8,1.75,1.33,1.14,2
Nueve Octubre,8,5,2,1,13,8,5,17,Ecuador - Serie B,0.62,0.88,5,1.62,1.61,1.14,3
I. Juniors,8,4,1,3,14,9,5,13,Ecuador - Serie B,0.5,0.62,5,1.75,2.0,1.61,4
San Antonio,8,3,3,2,8,6,2,12,Ecuador - Serie B,0.38,0.75,2,1.0,2.63,1.33,5
Gualaceo,8,3,3,2,5,5,0,12,Ecuador - Serie B,0.38,0.75,0,0.62,2.63,1.33,5
Leones Norte,8,2,4,2,7,6,1,10,Ecuador - Serie B,0.25,0.75,1,0.88,4.0,1.33,6
Vargas Torres,8,1,5,2,7,10,-3,8,Ecuador - Serie B,0.12,0.75,-3,0.88,8.33,1.33,7
Chacaritas,8,0,5,3,4,11,-7,5,Ecuador - Serie B,0.0,0.62,-7,0.5,0.0,1.61,8
Al Ahly,6,4,2,0,14,6,8,14,Egypt - Premier League,0.67,1.0,8,2.33,1.49,1.0,1
Pyramids FC,5,4,1,0,13,2,11,13,Egypt - Premier League,0.8,1.0,11,2.6,1.25,1.0,2
Zamalek,6,4,1,1,13,7,6,13,Egypt - Premier League,0.67,0.83,6,2.17,1.49,1.2,2
Pharco,6,3,1,2,11,10,1,10,Egypt - Premier League,0.5,0.67,1,1.83,2.0,1.49,3
Al Masry,5,3,1,1,4,3,1,10,Egypt - Premier League,0.6,0.8,1,0.8,1.67,1.25,3
Ismaily,6,2,3,1,6,5,1,9,Egypt - Premier League,0.33,0.83,1,1.0,3.03,1.2,4
Petrojet,6,2,3,1,5,4,1,9,Egypt - Premier League,0.33,0.83,1,0.83,3.03,1.2,4
Ceramica C.,6,2,2,2,8,6,2,8,Egypt - Premier League,0.33,0.67,2,1.33,3.03,1.49,5
Haras El Hodood,5,2,2,1,5,3,2,8,Egypt - Premier League,0.4,0.8,2,1.0,2.5,1.25,5
Al Ittihad,5,2,1,2,2,2,0,7,Egypt - Premier League,0.4,0.6,0,0.4,2.5,1.67,6
Smouha,5,2,1,2,5,7,-2,7,Egypt - Premier League,0.4,0.6,-2,1.0,2.5,1.67,6
ZED FC,6,1,3,2,4,4,0,6,Egypt - Premier League,0.17,0.67,0,0.67,5.88,1.49,7
National Bank,5,1,2,2,2,4,-2,5,Egypt - Premier League,0.2,0.6,-2,0.4,5.0,1.67,8
Modern Sport,6,1,2,3,2,7,-5,5,Egypt - Premier League,0.17,0.5,-5,0.33,5.88,2.0,8
ENPPI,5,1,1,3,2,4,-2,4,Egypt - Premier League,0.2,0.4,-2,0.4,5.0,2.5,9
El Gouna,6,1,1,4,2,5,-3,4,Egypt - Premier League,0.17,0.33,-3,0.33,5.88,3.03,9
Ghazl El M.,7,1,1,5,4,11,-7,4,Egypt - Premier League,0.14,0.29,-7,0.57,7.14,3.45,9
El Geish,6,0,3,3,2,6,-4,3,Egypt - Premier League,0.0,0.5,-4,0.33,0.0,2.0,10
Liverpool,8,6,2,0,19,8,11,20,Premier League,0.75,1.0,11,2.38,1.33,1.0,2
Nottm Forest,8,6,1,1,19,7,12,19,Premier League,0.75,0.88,12,2.38,1.33,1.14,3
Arsenal,8,5,3,0,17,6,11,18,Premier League,0.62,1.0,11,2.12,1.61,1.0,4
Chelsea,8,5,2,1,16,9,7,17,Premier League,0.62,0.88,7,2.0,1.61,1.14,5
Manchester City,8,5,1,2,16,11,5,16,Premier League,0.62,0.75,5,2.0,1.61,1.33,6
Aston Villa,8,4,4,0,14,9,5,16,Premier League,0.5,1.0,5,1.75,2.0,1.0,6
Bournemouth,8,4,2,2,11,6,5,14,Premier League,0.5,0.75,5,1.38,2.0,1.33,8
Newcastle Utd,8,4,1,3,16,11,5,13,Premier League,0.5,0.62,5,2.0,2.0,1.61,9
Everton,8,3,3,2,12,6,6,12,Premier League,0.38,0.75,6,1.5,2.63,1.33,10
West Ham Utd,8,3,2,3,10,17,-7,11,Premier League,0.38,0.62,-7,1.25,2.63,1.61,11
Fulham,8,2,4,2,11,12,-1,10,Premier League,0.25,0.75,-1,1.38,4.0,1.33,12
Wolverhampton,8,3,1,4,11,12,-1,10,Premier League,0.38,0.5,-1,1.38,2.63,2.0,12
Brighton,8,2,4,2,10,11,-1,10,Premier League,0.25,0.75,-1,1.25,4.0,1.33,12
Brentford,8,3,1,4,14,16,-2,10,Premier League,0.38,0.5,-2,1.75,2.63,2.0,12
Manchester Utd,8,3,0,5,13,14,-1,9,Premier League,0.38,0.38,-1,1.62,2.63,2.63,13
Crystal Palace,8,2,3,3,9,14,-5,9,Premier League,0.25,0.62,-5,1.12,4.0,1.61,13
Tottenham,8,1,2,5,16,20,-4,5,Premier League,0.12,0.38,-4,2.0,8.33,2.63,17
Leicester City,8,1,1,6,7,17,-10,4,Premier League,0.12,0.25,-10,0.88,8.33,4.0,18
Ipswich Town,8,1,1,6,5,18,-13,4,Premier League,0.12,0.25,-13,0.62,8.33,4.0,18
Southampton,8,1,0,7,7,25,-18,3,Premier League,0.12,0.12,-18,0.88,8.33,8.33,19
Leeds Utd,8,7,1,0,25,2,23,22,Premier League,0.88,1.0,23,3.12,1.14,1.0,1
QP Rangers,8,6,1,1,15,7,8,19,Premier League,0.75,0.88,8,1.88,1.33,1.14,3
Portsmouth,8,5,2,1,16,4,12,17,Premier League,0.62,0.88,12,2.0,1.61,1.14,5
Norwich City,8,5,1,2,21,11,10,16,Premier League,0.62,0.75,10,2.62,1.61,1.33,6
West Brom,8,4,4,0,17,7,10,16,Premier League,0.5,1.0,10,2.12,2.0,1.0,6
Bristol City,8,5,1,2,13,5,8,16,Premier League,0.62,0.75,8,1.62,1.61,1.33,6
Sunderland,8,4,4,0,12,8,4,16,Premier League,0.5,1.0,4,1.5,2.0,1.0,6
Sheffield Utd,8,5,1,2,10,6,4,16,Premier League,0.62,0.75,4,1.25,1.61,1.33,6
Coventry City,8,4,3,1,13,8,5,15,Premier League,0.5,0.88,5,1.62,2.0,1.14,7
Preston,8,3,5,0,10,6,4,14,Premier League,0.38,1.0,4,1.25,2.63,1.0,8
Burnley,8,3,5,0,6,2,4,14,Premier League,0.38,1.0,4,0.75,2.63,1.0,8
Luton Town,8,4,2,2,7,5,2,14,Premier League,0.5,0.75,2,0.88,2.0,1.33,8
Oxford Utd,8,4,2,2,14,15,-1,14,Premier League,0.5,0.75,-1,1.75,2.0,1.33,8
Blackburn,8,4,1,3,10,7,3,13,Premier League,0.5,0.62,3,1.25,2.0,1.61,9
Middlesbrough,8,3,3,2,12,9,3,12,Premier League,0.38,0.75,3,1.5,2.63,1.33,10
Sheffield Wed,8,2,5,1,13,10,3,11,Premier League,0.25,0.88,3,1.62,4.0,1.14,11
Watford,8,3,1,4,8,9,-1,10,Premier League,0.38,0.5,-1,1.0,2.63,2.0,12
Swansea City,8,2,2,4,14,15,-1,8,Premier League,0.25,0.5,-1,1.75,4.0,2.0,14
Millwall,8,2,2,4,6,8,-2,8,Premier League,0.25,0.5,-2,0.75,4.0,2.0,14
Stoke City,8,1,5,2,4,7,-3,8,Premier League,0.12,0.75,-3,0.5,8.33,1.33,14
Cardiff City,8,2,2,4,8,12,-4,8,Premier League,0.25,0.5,-4,1.0,4.0,2.0,14
Plymouth,8,1,4,3,11,17,-6,7,Premier League,0.12,0.62,-6,1.38,8.33,1.61,15
Derby County,8,2,0,6,8,10,-2,6,Premier League,0.25,0.25,-2,1.0,4.0,4.0,16
Hull City,8,1,2,5,8,13,-5,5,Premier League,0.12,0.38,-5,1.0,8.33,2.63,17
Birmingham City,8,6,2,0,12,2,10,20,League One,0.75,1.0,10,1.5,1.33,1.0,1
Stockport,8,6,1,1,15,4,11,19,League One,0.75,0.88,11,1.88,1.33,1.14,2
Rotherham,8,6,1,1,17,7,10,19,League One,0.75,0.88,10,2.12,1.33,1.14,2
Reading,8,6,0,2,16,9,7,18,League One,0.75,0.75,7,2.0,1.33,1.33,3
Wrexham,8,5,2,1,12,8,4,17,League One,0.62,0.88,4,1.5,1.61,1.14,4
Leyton Orient,8,5,1,2,11,3,8,16,League One,0.62,0.75,8,1.38,1.61,1.33,5
Charlton,8,4,3,1,10,6,4,15,League One,0.5,0.88,4,1.25,2.0,1.14,6
Stevenage,8,4,2,2,13,8,5,14,League One,0.5,0.75,5,1.62,2.0,1.33,7
Northampton,8,4,2,2,9,9,0,14,League One,0.5,0.75,0,1.12,2.0,1.33,7
Bolton,8,4,1,3,15,11,4,13,League One,0.5,0.62,4,1.88,2.0,1.61,8
Wycombe,8,3,4,1,7,5,2,13,League One,0.38,0.88,2,0.88,2.63,1.14,8
Shrewsbury,8,4,1,3,11,13,-2,13,League One,0.5,0.62,-2,1.38,2.0,1.61,8
Bristol Rovers,8,3,3,2,11,9,2,12,League One,0.38,0.75,2,1.38,2.63,1.33,9
Huddersfield,8,3,3,2,7,6,1,12,League One,0.38,0.75,1,0.88,2.63,1.33,9
Lincoln City,8,3,2,3,11,8,3,11,League One,0.38,0.62,3,1.38,2.63,1.61,10
Cambridge Utd,8,2,3,3,11,14,-3,9,League One,0.25,0.62,-3,1.38,4.0,1.61,11
Crawley Town,8,2,2,4,11,13,-2,8,League One,0.25,0.5,-2,1.38,4.0,2.0,12
Barnsley,8,2,2,4,8,11,-3,8,League One,0.25,0.5,-3,1.0,4.0,2.0,12
Wigan Athletic,8,2,2,4,8,12,-4,8,League One,0.25,0.5,-4,1.0,4.0,2.0,12
Peterborough,8,2,2,4,8,13,-5,8,League One,0.25,0.5,-5,1.0,4.0,2.0,12
Blackpool,8,0,7,1,9,10,-1,7,League One,0.0,0.88,-1,1.12,0.0,1.14,13
Mansfield,8,2,1,5,6,9,-3,7,League One,0.25,0.38,-3,0.75,4.0,2.63,13
Burton Albion,8,2,1,5,10,14,-4,7,League One,0.25,0.38,-4,1.25,4.0,2.63,13
Exeter City,8,1,2,5,14,22,-8,5,League One,0.12,0.38,-8,1.75,8.33,2.63,14
Walsall,8,6,2,0,21,9,12,20,League Two,0.75,1.0,12,2.62,1.33,1.0,1
Bradford,8,6,1,1,14,6,8,19,League Two,0.75,0.88,8,1.75,1.33,1.14,2
Swindon Town,8,5,2,1,17,9,8,17,League Two,0.62,0.88,8,2.12,1.61,1.14,3
Notts County,8,5,2,1,10,3,7,17,League Two,0.62,0.88,7,1.25,1.61,1.14,3
Cheltenham,8,5,2,1,13,9,4,17,League Two,0.62,0.88,4,1.62,1.61,1.14,3
Chesterfield,8,5,1,2,15,8,7,16,League Two,0.62,0.75,7,1.88,1.61,1.33,4
Crewe Alexandra,8,4,3,1,14,7,7,15,League Two,0.5,0.88,7,1.75,2.0,1.14,5
Doncaster,8,4,3,1,13,9,4,15,League Two,0.5,0.88,4,1.62,2.0,1.14,5
Port Vale,8,4,3,1,12,8,4,15,League Two,0.5,0.88,4,1.5,2.0,1.14,5
AFC Wimbledon,8,4,3,1,10,6,4,15,League Two,0.5,0.88,4,1.25,2.0,1.14,5
Salford City,8,4,2,2,13,7,6,14,League Two,0.5,0.75,6,1.62,2.0,1.33,6
Colchester Utd,8,3,3,2,10,6,4,12,League Two,0.38,0.75,4,1.25,2.63,1.33,7
Fleetwood,8,3,3,2,11,9,2,12,League Two,0.38,0.75,2,1.38,2.63,1.33,7
Tranmere,8,3,3,2,10,11,-1,12,League Two,0.38,0.75,-1,1.25,2.63,1.33,7
Grimsby,8,3,2,3,13,11,2,11,League Two,0.38,0.62,2,1.62,2.63,1.61,8
Milton Keynes,8,3,2,3,9,8,1,11,League Two,0.38,0.62,1,1.12,2.63,1.61,8
Newport,8,3,2,3,11,11,0,11,League Two,0.38,0.62,0,1.38,2.63,1.61,8
Bromley,8,2,4,2,10,9,1,10,League Two,0.25,0.75,1,1.25,4.0,1.33,9
Barrow,8,2,3,3,11,12,-1,9,League Two,0.25,0.62,-1,1.38,4.0,1.61,10
Accrington,8,2,3,3,7,11,-4,9,League Two,0.25,0.62,-4,0.88,4.0,1.61,10
Harrogate,8,2,2,4,6,11,-5,8,League Two,0.25,0.5,-5,0.75,4.0,2.0,11
Gillingham,8,2,1,5,6,12,-6,7,League Two,0.25,0.38,-6,0.75,4.0,2.63,12
Morecambe,8,2,0,6,9,17,-8,6,League Two,0.25,0.25,-8,1.12,4.0,4.0,13
Carlisle Utd,8,1,2,5,4,12,-8,5,League Two,0.12,0.38,-8,0.5,8.33,2.63,14
York City,8,7,0,1,25,9,16,21,England - National League,0.88,0.88,16,3.12,1.14,1.14,1
Barnet,8,5,3,0,17,6,11,18,England - National League,0.62,1.0,11,2.12,1.61,1.0,2
Hartlepool,8,5,3,0,13,6,7,18,England - National League,0.62,1.0,7,1.62,1.61,1.0,2
Altrincham,8,4,4,0,14,4,10,16,England - National League,0.5,1.0,10,1.75,2.0,1.0,3
Forest Green,8,4,4,0,9,4,5,16,England - National League,0.5,1.0,5,1.12,2.0,1.0,3
Rochdale,8,5,0,3,13,6,7,15,England - National League,0.62,0.62,7,1.62,1.61,1.61,4
Oldham,8,5,0,3,16,10,6,15,England - National League,0.62,0.62,6,2.0,1.61,1.61,4
Gateshead FC,8,4,2,2,14,10,4,14,England - National League,0.5,0.75,4,1.75,2.0,1.33,5
Sutton Utd,8,4,2,2,9,6,3,14,England - National League,0.5,0.75,3,1.12,2.0,1.33,5
Tamworth,8,3,4,1,11,7,4,13,England - National League,0.38,0.88,4,1.38,2.63,1.14,6
Solihull Moors,8,4,1,3,16,13,3,13,England - National League,0.5,0.62,3,2.0,2.0,1.61,6
AFC Fylde,8,4,1,3,16,14,2,13,England - National League,0.5,0.62,2,2.0,2.0,1.61,6
Woking,8,3,4,1,9,7,2,13,England - National League,0.38,0.88,2,1.12,2.63,1.14,6
Yeovil Town,8,3,3,2,11,8,3,12,England - National League,0.38,0.75,3,1.38,2.63,1.33,7
Wealdstone,8,3,3,2,13,11,2,12,England - National League,0.38,0.75,2,1.62,2.63,1.33,7
Maidenhead Utd,8,3,3,2,14,16,-2,12,England - National League,0.38,0.75,-2,1.75,2.63,1.33,7
Southend Utd,8,3,2,3,10,8,2,11,England - National League,0.38,0.62,2,1.25,2.63,1.61,8
Halifax Town,8,3,2,3,10,10,0,11,England - National League,0.38,0.62,0,1.25,2.63,1.61,8
Dagenham & R.,8,3,1,4,15,16,-1,10,England - National League,0.38,0.5,-1,1.88,2.63,2.0,9
Aldershot Town,8,2,4,2,13,14,-1,10,England - National League,0.25,0.75,-1,1.62,4.0,1.33,9
Boston Utd,8,2,2,4,11,11,0,8,England - National League,0.25,0.5,0,1.38,4.0,2.0,10
Braintree Town,8,2,2,4,6,10,-4,8,England - National League,0.25,0.5,-4,0.75,4.0,2.0,10
Eastleigh,8,1,4,3,9,12,-3,7,England - National League,0.12,0.62,-3,1.12,8.33,1.61,11
Ebbsfleet Utd,8,0,3,5,4,17,-13,3,England - National League,0.0,0.38,-13,0.5,0.0,2.63,12
Brackley Town,8,6,1,1,13,6,7,19,England - National L. North,0.75,0.88,7,1.62,1.33,1.14,1
Chester,8,5,2,1,12,4,8,17,England - National L. North,0.62,0.88,8,1.5,1.61,1.14,2
Kidderminster,8,5,1,2,12,4,8,16,England - National L. North,0.62,0.75,8,1.5,1.61,1.33,3
Hereford Utd,8,5,1,2,13,8,5,16,England - National L. North,0.62,0.75,5,1.62,1.61,1.33,3
Scunthorpe,8,4,3,1,13,7,6,15,England - National L. North,0.5,0.88,6,1.62,2.0,1.14,4
Kings Lynn,8,4,3,1,12,6,6,15,England - National L. North,0.5,0.88,6,1.5,2.0,1.14,4
Buxton,8,5,0,3,19,14,5,15,England - National L. North,0.62,0.62,5,2.38,1.61,1.61,4
Chorley,8,4,3,1,11,8,3,15,England - National L. North,0.5,0.88,3,1.38,2.0,1.14,4
South Shields,8,4,2,2,19,7,12,14,England - National L. North,0.5,0.75,12,2.38,2.0,1.33,5
Darlington,8,3,4,1,10,8,2,13,England - National L. North,0.38,0.88,2,1.25,2.63,1.14,6
Spennymoor,8,3,3,2,16,9,7,12,England - National L. North,0.38,0.75,7,2.0,2.63,1.33,7
Southport,8,3,3,2,9,8,1,12,England - National L. North,0.38,0.75,1,1.12,2.63,1.33,7
Leamington,8,4,0,4,11,13,-2,12,England - National L. North,0.5,0.5,-2,1.38,2.0,2.0,7
Radcliffe,8,4,0,4,12,17,-5,12,England - National L. North,0.5,0.5,-5,1.5,2.0,2.0,7
Peterborough S.,8,3,2,3,10,7,3,11,England - National L. North,0.38,0.62,3,1.25,2.63,1.61,8
Oxford City,8,3,2,3,11,12,-1,11,England - National L. North,0.38,0.62,-1,1.38,2.63,1.61,8
Curzon,8,3,1,4,11,8,3,10,England - National L. North,0.38,0.5,3,1.38,2.63,2.0,9
Scarborough,8,2,3,3,12,13,-1,9,England - National L. North,0.25,0.62,-1,1.5,4.0,1.61,10
Rushall,8,2,3,3,8,9,-1,9,England - National L. North,0.25,0.62,-1,1.0,4.0,1.61,10
Marine,8,2,1,5,11,14,-3,7,England - National L. North,0.25,0.38,-3,1.38,4.0,2.63,11
Warrington,8,2,1,5,5,10,-5,7,England - National L. North,0.25,0.38,-5,0.62,4.0,2.63,11
Needham Market,8,1,3,4,7,11,-4,6,England - National L. North,0.12,0.5,-4,0.88,8.33,2.0,12
Alfreton Town,8,2,0,6,10,16,-6,6,England - National L. North,0.25,0.25,-6,1.25,4.0,4.0,12
Farsley Celtic,8,0,3,5,5,17,-12,3,England - National L. North,0.0,0.38,-12,0.62,0.0,2.63,13
Maidstone Utd,8,6,1,1,16,4,12,19,England - National L. South,0.75,0.88,12,2.0,1.33,1.14,1
Hampton & R.,8,5,3,0,16,7,9,18,England - National L. South,0.62,1.0,9,2.0,1.61,1.0,2
Eastbourne,8,5,3,0,11,4,7,18,England - National L. South,0.62,1.0,7,1.38,1.61,1.0,2
Worthing,8,5,3,0,11,4,7,18,England - National L. South,0.62,1.0,7,1.38,1.61,1.0,2
Boreham Wood,8,5,2,1,17,7,10,17,England - National L. South,0.62,0.88,10,2.12,1.61,1.14,3
Torquay Utd,8,5,2,1,12,5,7,17,England - National L. South,0.62,0.88,7,1.5,1.61,1.14,3
Truro City,8,4,3,1,10,8,2,15,England - National L. South,0.5,0.88,2,1.25,2.0,1.14,4
Bath City,8,4,2,2,12,9,3,14,England - National L. South,0.5,0.75,3,1.5,2.0,1.33,5
Farnborough,8,4,2,2,11,8,3,14,England - National L. South,0.5,0.75,3,1.38,2.0,1.33,5
Chesham Utd,8,4,2,2,10,11,-1,14,England - National L. South,0.5,0.75,-1,1.25,2.0,1.33,5
Tonbridge,8,4,1,3,11,11,0,13,England - National L. South,0.5,0.62,0,1.38,2.0,1.61,6
Dorking,8,3,3,2,11,8,3,12,England - National L. South,0.38,0.75,3,1.38,2.63,1.33,7
Aveley,8,3,3,2,12,11,1,12,England - National L. South,0.38,0.75,1,1.5,2.63,1.33,7
Hornchurch,8,3,3,2,9,8,1,12,England - National L. South,0.38,0.75,1,1.12,2.63,1.33,7
Chelmsford City,8,3,3,2,9,10,-1,12,England - National L. South,0.38,0.75,-1,1.12,2.63,1.33,7
Slough Town,8,2,4,2,13,12,1,10,England - National L. South,0.25,0.75,1,1.62,4.0,1.33,8
Salisbury,8,2,3,3,9,7,2,9,England - National L. South,0.25,0.62,2,1.12,4.0,1.61,9
St Albans,8,2,3,3,9,11,-2,9,England - National L. South,0.25,0.62,-2,1.12,4.0,1.61,9
Hemel Hempstead,8,3,0,5,16,22,-6,9,England - National L. South,0.38,0.38,-6,2.0,2.63,2.63,9
Enfield Town,8,2,2,4,9,14,-5,8,England - National L. South,0.25,0.5,-5,1.12,4.0,2.0,10
Weston-s.-Mare,8,1,4,3,9,14,-5,7,England - National L. South,0.12,0.62,-5,1.12,8.33,1.61,11
Welling Utd,8,2,1,5,8,14,-6,7,England - National L. South,0.25,0.38,-6,1.0,4.0,2.63,11
Weymouth,8,1,3,4,12,14,-2,6,England - National L. South,0.12,0.5,-2,1.5,8.33,2.0,12
Chippenham,8,2,0,6,8,15,-7,6,England - National L. South,0.25,0.25,-7,1.0,4.0,4.0,12
Billericay Town,8,7,1,0,14,4,10,22,England - Isthmian league,0.88,1.0,10,1.75,1.14,1.0,1
Horsham,8,7,0,1,19,5,14,21,England - Isthmian league,0.88,0.88,14,2.38,1.14,1.14,2
Hashtag United,8,7,0,1,21,10,11,21,England - Isthmian league,0.88,0.88,11,2.62,1.14,1.14,2
Dartford,8,6,2,0,20,5,15,20,England - Isthmian league,0.75,1.0,15,2.5,1.33,1.0,3
Folkestone,8,6,0,2,19,12,7,18,England - Isthmian league,0.75,0.75,7,2.38,1.33,1.33,4
Cray Wanderers,8,5,3,0,10,3,7,18,England - Isthmian league,0.62,1.0,7,1.25,1.61,1.0,4
Chichester City,8,5,2,1,14,8,6,17,England - Isthmian league,0.62,0.88,6,1.75,1.61,1.14,5
Chatham Town,8,5,1,2,18,7,11,16,England - Isthmian league,0.62,0.75,11,2.25,1.61,1.33,6
Cray Valley PM,8,4,2,2,19,15,4,14,England - Isthmian league,0.5,0.75,4,2.38,2.0,1.33,7
Carshalton,8,4,2,2,12,9,3,14,England - Isthmian league,0.5,0.75,3,1.5,2.0,1.33,7
Whitehawk,8,4,2,2,8,7,1,14,England - Isthmian league,0.5,0.75,1,1.0,2.0,1.33,7
Potters Bar,8,4,1,3,13,20,-7,13,England - Isthmian league,0.5,0.62,-7,1.62,2.0,1.61,8
Canvey Island,8,4,0,4,8,6,2,12,England - Isthmian league,0.5,0.5,2,1.0,2.0,2.0,9
Dulwich Hamlet,8,3,0,5,13,18,-5,9,England - Isthmian league,0.38,0.38,-5,1.62,2.63,2.63,10
Dover Athletic,8,2,2,4,11,12,-1,8,England - Isthmian league,0.25,0.5,-1,1.38,4.0,2.0,11
Lewes,8,1,4,3,10,14,-4,7,England - Isthmian league,0.12,0.62,-4,1.25,8.33,1.61,12
Wingate & F.,8,1,3,4,8,11,-3,6,England - Isthmian league,0.12,0.5,-3,1.0,8.33,2.0,13
Hendon,8,2,0,6,12,17,-5,6,England - Isthmian league,0.25,0.25,-5,1.5,4.0,4.0,13
Cheshunt,8,1,3,4,10,15,-5,6,England - Isthmian league,0.12,0.5,-5,1.25,8.33,2.0,13
Hastings Utd,8,1,1,6,6,14,-8,4,England - Isthmian league,0.12,0.25,-8,0.75,8.33,4.0,14
Bowers & Pitsea,8,0,2,6,6,16,-10,2,England - Isthmian league,0.0,0.25,-10,0.75,0.0,4.0,15
Bognor Regis,8,0,2,6,8,24,-16,2,England - Isthmian league,0.0,0.25,-16,1.0,0.0,4.0,15
Macclesfield,8,7,0,1,24,5,19,21,England - Northern league,0.88,0.88,19,3.0,1.14,1.14,1
Ilkeston Town,8,7,0,1,21,7,14,21,England - Northern league,0.88,0.88,14,2.62,1.14,1.14,1
Ashton Utd,8,6,1,1,18,9,9,19,England - Northern league,0.75,0.88,9,2.25,1.33,1.14,2
Matlock,8,5,2,1,19,11,8,17,England - Northern league,0.62,0.88,8,2.38,1.61,1.14,3
FC United,8,4,4,0,18,9,9,16,England - Northern league,0.5,1.0,9,2.25,2.0,1.0,4
Rylands,8,5,1,2,14,9,5,16,England - Northern league,0.62,0.75,5,1.75,1.61,1.33,4
Guiseley,8,4,3,1,14,8,6,15,England - Northern league,0.5,0.88,6,1.75,2.0,1.14,5
Worksop Town,8,4,2,2,16,12,4,14,England - Northern league,0.5,0.75,4,2.0,2.0,1.33,6
Hebburn Town,8,4,2,2,14,10,4,14,England - Northern league,0.5,0.75,4,1.75,2.0,1.33,6
Stockton Town,8,4,2,2,10,8,2,14,England - Northern league,0.5,0.75,2,1.25,2.0,1.33,6
Workington,8,4,1,3,13,12,1,13,England - Northern league,0.5,0.62,1,1.62,2.0,1.61,7
Leek Town,8,3,3,2,14,11,3,12,England - Northern league,0.38,0.75,3,1.75,2.63,1.33,8
Prescot Cables,8,3,3,2,11,10,1,12,England - Northern league,0.38,0.75,1,1.38,2.63,1.33,8
Whitby Town,8,3,2,3,10,9,1,11,England - Northern league,0.38,0.62,1,1.25,2.63,1.61,9
Basford Utd,8,3,2,3,15,15,0,11,England - Northern league,0.38,0.62,0,1.88,2.63,1.61,9
Morpeth Town,8,3,2,3,10,11,-1,11,England - Northern league,0.38,0.62,-1,1.25,2.63,1.61,9
Hyde Utd,8,2,4,2,12,14,-2,10,England - Northern league,0.25,0.75,-2,1.5,4.0,1.33,10
Lancaster City,8,1,6,1,12,12,0,9,England - Northern league,0.12,0.88,0,1.5,8.33,1.14,11
Bamber Bridge,8,3,0,5,12,15,-3,9,England - Northern league,0.38,0.38,-3,1.5,2.63,2.63,11
Gainsborough,8,2,2,4,8,14,-6,8,England - Northern league,0.25,0.5,-6,1.0,4.0,2.0,12
Blyth Spartans,8,1,3,4,11,16,-5,6,England - Northern league,0.12,0.5,-5,1.38,8.33,2.0,13
Mickleover,8,2,0,6,7,13,-6,6,England - Northern league,0.25,0.25,-6,0.88,4.0,4.0,13
Halesowen Town,8,7,0,1,18,7,11,21,England - Southern Central,0.88,0.88,11,2.25,1.14,1.14,1
Kettering Town,8,6,1,1,17,9,8,19,England - Southern Central,0.75,0.88,8,2.12,1.33,1.14,2
Royston,8,5,2,1,15,9,6,17,England - Southern Central,0.62,0.88,6,1.88,1.61,1.14,3
Leiston,8,5,1,2,13,8,5,16,England - Southern Central,0.62,0.75,5,1.62,1.61,1.33,4
Telford Utd,8,4,3,1,16,8,8,15,England - Southern Central,0.5,0.88,8,2.0,2.0,1.14,5
Harborough Town,8,5,0,3,13,6,7,15,England - Southern Central,0.62,0.62,7,1.62,1.61,1.61,5
Spalding United,8,4,3,1,13,8,5,15,England - Southern Central,0.5,0.88,5,1.62,2.0,1.14,5
Redditch Utd,8,4,3,1,16,12,4,15,England - Southern Central,0.5,0.88,4,2.0,2.0,1.14,5
Stratford Town,8,4,2,2,15,8,7,14,England - Southern Central,0.5,0.75,7,1.88,2.0,1.33,6
Hitchin Town,8,4,1,3,15,13,2,13,England - Southern Central,0.5,0.62,2,1.88,2.0,1.61,7
Stamford,8,4,1,3,12,12,0,13,England - Southern Central,0.5,0.62,0,1.5,2.0,1.61,7
Bedford Town,8,4,1,3,17,19,-2,13,England - Southern Central,0.5,0.62,-2,2.12,2.0,1.61,7
St. Ives Town,8,4,0,4,14,13,1,12,England - Southern Central,0.5,0.5,1,1.75,2.0,2.0,8
Alvechurch,8,4,0,4,10,9,1,12,England - Southern Central,0.5,0.5,1,1.25,2.0,2.0,8
AFC Sudbury,8,3,2,3,8,6,2,11,England - Southern Central,0.38,0.62,2,1.0,2.63,1.61,9
Banbury Utd,8,3,2,3,6,7,-1,11,England - Southern Central,0.38,0.62,-1,0.75,2.63,1.61,9
Stourbridge,8,2,4,2,11,8,3,10,England - Southern Central,0.25,0.75,3,1.38,4.0,1.33,10
B. Stortford,8,3,1,4,11,9,2,10,England - Southern Central,0.38,0.5,2,1.38,2.63,2.0,10
Bromsgrove,8,3,1,4,8,9,-1,10,England - Southern Central,0.38,0.5,-1,1.0,2.63,2.0,10
Barwell,8,3,1,4,12,17,-5,10,England - Southern Central,0.38,0.5,-5,1.5,2.63,2.0,10
Biggleswade,8,1,3,4,6,14,-8,6,England - Southern Central,0.12,0.5,-8,0.75,8.33,2.0,11
Lowestoft,8,1,2,5,7,17,-10,5,England - Southern Central,0.12,0.38,-10,0.88,8.33,2.63,12
Flora,8,8,0,0,22,6,16,24,Estonia - Meistriliiga,1.0,1.0,16,2.75,1.0,1.0,1
Paide,8,6,1,1,22,10,12,19,Estonia - Meistriliiga,0.75,0.88,12,2.75,1.33,1.14,2
Levadia,8,5,3,0,18,5,13,18,Estonia - Meistriliiga,0.62,1.0,13,2.25,1.61,1.0,3
Nomme Kalju,8,5,1,2,20,13,7,16,Estonia - Meistriliiga,0.62,0.75,7,2.5,1.61,1.33,4
Tallinna Kalev,8,3,1,4,8,12,-4,10,Estonia - Meistriliiga,0.38,0.5,-4,1.0,2.63,2.0,5
Tammeka,8,2,2,4,13,16,-3,8,Estonia - Meistriliiga,0.25,0.5,-3,1.62,4.0,2.0,6
Vaprus,8,2,2,4,8,13,-5,8,Estonia - Meistriliiga,0.25,0.5,-5,1.0,4.0,2.0,6
Kuressaare,8,2,1,5,11,13,-2,7,Estonia - Meistriliiga,0.25,0.38,-2,1.38,4.0,2.63,7
Narva Trans,8,1,3,4,6,13,-7,6,Estonia - Meistriliiga,0.12,0.5,-7,0.75,8.33,2.0,8
Nomme Utd,8,0,2,6,4,20,-16,2,Estonia - Meistriliiga,0.0,0.25,-16,0.5,0.0,4.0,9
Viimsi,8,7,1,0,16,4,12,22,Estonia - Esiliiga,0.88,1.0,12,2.0,1.14,1.0,1
Harju JK,8,5,3,0,22,6,16,18,Estonia - Esiliiga,0.62,1.0,16,2.75,1.61,1.0,2
Tallinna K. B,8,5,1,2,20,15,5,16,Estonia - Esiliiga,0.62,0.75,5,2.5,1.61,1.33,3
Flora B,8,5,0,3,22,9,13,15,Estonia - Esiliiga,0.62,0.62,13,2.75,1.61,1.61,4
Elva,8,4,1,3,13,9,4,13,Estonia - Esiliiga,0.5,0.62,4,1.62,2.0,1.61,5
Levadia B,8,4,1,3,13,15,-2,13,Estonia - Esiliiga,0.5,0.62,-2,1.62,2.0,1.61,5
Tartu Welco,8,2,3,3,17,15,2,9,Estonia - Esiliiga,0.25,0.62,2,2.12,4.0,1.61,6
Tabasalu,8,2,0,6,8,21,-13,6,Estonia - Esiliiga,0.25,0.25,-13,1.0,4.0,4.0,7
FC Tallinn,8,1,2,5,11,16,-5,5,Estonia - Esiliiga,0.12,0.38,-5,1.38,8.33,2.63,8
Paide B,8,1,2,5,16,30,-14,5,Estonia - Esiliiga,0.12,0.38,-14,2.0,8.33,2.63,8
HB Torshavn,8,7,1,0,15,2,13,22,FaroeIslands - Premier League,0.88,1.0,13,1.88,1.14,1.0,1
Vikingur,8,7,0,1,23,3,20,21,FaroeIslands - Premier League,0.88,0.88,20,2.88,1.14,1.14,2
Klaksvik,8,6,1,1,17,10,7,19,FaroeIslands - Premier League,0.75,0.88,7,2.12,1.33,1.14,3
NSI Runavik,8,5,0,3,21,11,10,15,FaroeIslands - Premier League,0.62,0.62,10,2.62,1.61,1.61,4
Streymur,8,5,0,3,15,14,1,15,FaroeIslands - Premier League,0.62,0.62,1,1.88,1.61,1.61,4
B36 Torshavn,8,3,3,2,15,11,4,12,FaroeIslands - Premier League,0.38,0.75,4,1.88,2.63,1.33,5
07 Vestur,8,4,0,4,12,13,-1,12,FaroeIslands - Premier League,0.5,0.5,-1,1.5,2.0,2.0,5
B68 Toftir,8,3,1,4,8,13,-5,10,FaroeIslands - Premier League,0.38,0.5,-5,1.0,2.63,2.0,6
Skala,8,2,3,3,12,16,-4,9,FaroeIslands - Premier League,0.25,0.62,-4,1.5,4.0,1.61,7
IF Fuglafjordur,8,1,0,7,7,25,-18,3,FaroeIslands - Premier League,0.12,0.12,-18,0.88,8.33,8.33,8
Vikingur B,8,6,2,0,27,10,17,20,FaroeIslands - 1. Deild,0.75,1.0,17,3.38,1.33,1.0,1
Suduroy,8,5,3,0,20,7,13,18,FaroeIslands - 1. Deild,0.62,1.0,13,2.5,1.61,1.0,2
B71 Sandur,8,4,3,1,18,6,12,15,FaroeIslands - 1. Deild,0.5,0.88,12,2.25,2.0,1.14,3
TB Tvoroyri,8,4,2,2,12,8,4,14,FaroeIslands - 1. Deild,0.5,0.75,4,1.5,2.0,1.33,4
AB Argir,8,2,5,1,14,8,6,11,FaroeIslands - 1. Deild,0.25,0.88,6,1.75,4.0,1.14,5
B36 Torshavn B,8,2,2,4,9,13,-4,8,FaroeIslands - 1. Deild,0.25,0.5,-4,1.12,4.0,2.0,6
NSI Runavik B,8,2,1,5,9,15,-6,7,FaroeIslands - 1. Deild,0.25,0.38,-6,1.12,4.0,2.63,7
Klaksvik B,8,2,1,5,8,16,-8,7,FaroeIslands - 1. Deild,0.25,0.38,-8,1.0,4.0,2.63,7
Hoyvik,8,1,3,4,9,16,-7,6,FaroeIslands - 1. Deild,0.12,0.5,-7,1.12,8.33,2.0,8
HB T. B,8,0,3,5,10,24,-14,3,FaroeIslands - 1. Deild,0.0,0.38,-14,1.25,0.0,2.63,9
Ilves,8,7,1,0,23,6,17,22,Finland - Veikkausliiga,0.88,1.0,17,2.88,1.14,1.0,1
KuPS,8,7,0,1,14,4,10,21,Finland - Veikkausliiga,0.88,0.88,10,1.75,1.14,1.14,2
Inter Turku,8,6,2,0,21,7,14,20,Finland - Veikkausliiga,0.75,1.0,14,2.62,1.33,1.0,3
Gnistan,8,5,2,1,14,7,7,17,Finland - Veikkausliiga,0.62,0.88,7,1.75,1.61,1.14,4
HJK Helsinki,8,5,1,2,15,6,9,16,Finland - Veikkausliiga,0.62,0.75,9,1.88,1.61,1.33,5
Lahti,8,3,4,1,14,9,5,13,Finland - Veikkausliiga,0.38,0.88,5,1.75,2.63,1.14,6
Oulu,8,4,0,4,9,6,3,12,Finland - Veikkausliiga,0.5,0.5,3,1.12,2.0,2.0,7
SJK,8,3,1,4,14,16,-2,10,Finland - Veikkausliiga,0.38,0.5,-2,1.75,2.63,2.0,8
Haka,8,2,3,3,12,14,-2,9,Finland - Veikkausliiga,0.25,0.62,-2,1.5,4.0,1.61,9
VPS,8,2,3,3,11,14,-3,9,Finland - Veikkausliiga,0.25,0.62,-3,1.38,4.0,1.61,9
Mariehamn,8,2,2,4,6,11,-5,8,Finland - Veikkausliiga,0.25,0.5,-5,0.75,4.0,2.0,10
Ekenas IF,8,1,2,5,8,19,-11,5,Finland - Veikkausliiga,0.12,0.38,-11,1.0,8.33,2.63,11
Jaro,8,7,0,1,22,7,15,21,Finland - Ykkosliga,0.88,0.88,15,2.75,1.14,1.14,1
JIPPO,8,5,1,2,17,10,7,16,Finland - Ykkosliga,0.62,0.75,7,2.12,1.61,1.33,2
KTP,8,4,2,2,22,11,11,14,Finland - Ykkosliga,0.5,0.75,11,2.75,2.0,1.33,3
PK-35,8,4,1,3,9,7,2,13,Finland - Ykkosliga,0.5,0.62,2,1.12,2.0,1.61,4
SJK Akatemia,8,3,3,2,17,10,7,12,Finland - Ykkosliga,0.38,0.75,7,2.12,2.63,1.33,5
TPS,8,4,0,4,18,12,6,12,Finland - Ykkosliga,0.5,0.5,6,2.25,2.0,2.0,5
JaPS,8,2,4,2,12,12,0,10,Finland - Ykkosliga,0.25,0.75,0,1.5,4.0,1.33,6
KaPa,8,2,2,4,11,21,-10,8,Finland - Ykkosliga,0.25,0.5,-10,1.38,4.0,2.0,7
SalPa,8,1,3,4,8,16,-8,6,Finland - Ykkosliga,0.12,0.5,-8,1.0,8.33,2.0,8
Mikkelin,8,1,1,6,8,21,-13,4,Finland - Ykkosliga,0.12,0.25,-13,1.0,8.33,4.0,9
Klubi-04,8,6,1,1,28,10,18,19,Finland - Ykkonen,0.75,0.88,18,3.5,1.33,1.14,1
KPV Kokkola,8,6,0,2,12,6,6,18,Finland - Ykkonen,0.75,0.75,6,1.5,1.33,1.33,2
OLS Oulu,8,5,2,1,22,17,5,17,Finland - Ykkonen,0.62,0.88,5,2.75,1.61,1.14,3
EPS,8,5,0,3,21,18,3,15,Finland - Ykkonen,0.62,0.62,3,2.62,1.61,1.61,4
Rovaniemi,8,4,1,3,14,12,2,13,Finland - Ykkonen,0.5,0.62,2,1.75,2.0,1.61,5
Atlantis,8,3,3,2,15,12,3,12,Finland - Ykkonen,0.38,0.75,3,1.88,2.63,1.33,6
JJK,8,3,2,3,8,13,-5,11,Finland - Ykkonen,0.38,0.62,-5,1.0,2.63,1.61,7
PKKU,8,3,1,4,20,16,4,10,Finland - Ykkonen,0.38,0.5,4,2.5,2.63,2.0,8
Jazz Pori,8,2,3,3,12,13,-1,9,Finland - Ykkonen,0.25,0.62,-1,1.5,4.0,1.61,9
KuPS Ak.,8,3,0,5,14,17,-3,9,Finland - Ykkonen,0.38,0.38,-3,1.75,2.63,2.63,9
Vaajakoski,8,1,4,3,12,17,-5,7,Finland - Ykkonen,0.12,0.62,-5,1.5,8.33,1.61,10
VIFK,8,2,1,5,10,16,-6,7,Finland - Ykkonen,0.25,0.38,-6,1.25,4.0,2.63,10
Nice,8,6,2,0,22,8,14,20,France - Ligue 1,0.75,1.0,14,2.75,1.33,1.0,1
Paris SG,8,6,2,0,18,7,11,20,France - Ligue 1,0.75,1.0,11,2.25,1.33,1.0,1
Lille,8,5,3,0,17,9,8,18,France - Ligue 1,0.62,1.0,8,2.12,1.61,1.0,2
Lyon,8,5,2,1,16,9,7,17,France - Ligue 1,0.62,0.88,7,2.0,1.61,1.14,3
Auxerre,8,4,4,0,13,4,9,16,France - Ligue 1,0.5,1.0,9,1.62,2.0,1.0,4
Brest,8,5,1,2,16,10,6,16,France - Ligue 1,0.62,0.75,6,2.0,1.61,1.33,4
Monaco,8,5,1,2,16,12,4,16,France - Ligue 1,0.62,0.75,4,2.0,1.61,1.33,4
Saint-Etienne,8,5,1,2,11,7,4,16,France - Ligue 1,0.62,0.75,4,1.38,1.61,1.33,4
Strasbourg,8,4,3,1,13,9,4,15,France - Ligue 1,0.5,0.88,4,1.62,2.0,1.14,5
Rennes,8,4,0,4,12,8,4,12,France - Ligue 1,0.5,0.5,4,1.5,2.0,2.0,6
Marseille,8,3,3,2,14,13,1,12,France - Ligue 1,0.38,0.75,1,1.75,2.63,1.33,6
Toulouse,8,3,2,3,10,9,1,11,France - Ligue 1,0.38,0.62,1,1.25,2.63,1.61,7
Angers,8,3,2,3,13,14,-1,11,France - Ligue 1,0.38,0.62,-1,1.62,2.63,1.61,7
Lens,8,3,1,4,8,10,-2,10,France - Ligue 1,0.38,0.5,-2,1.0,2.63,2.0,8
Montpellier,8,2,2,4,10,19,-9,8,France - Ligue 1,0.25,0.5,-9,1.25,4.0,2.0,9
Nantes,8,1,4,3,9,12,-3,7,France - Ligue 1,0.12,0.62,-3,1.12,8.33,1.61,10
Reims,8,1,3,4,10,14,-4,6,France - Ligue 1,0.12,0.5,-4,1.25,8.33,2.0,11
Le Havre,8,1,0,7,2,17,-15,3,France - Ligue 1,0.12,0.12,-15,0.25,8.33,8.33,12
Metz,8,7,1,0,19,3,16,22,France - Ligue 2,0.88,1.0,16,2.38,1.14,1.0,1
Lorient,8,7,1,0,21,7,14,22,France - Ligue 2,0.88,1.0,14,2.62,1.14,1.0,1
USL Dunkerque,8,6,0,2,13,6,7,18,France - Ligue 2,0.75,0.75,7,1.62,1.33,1.33,2
Paris FC,8,5,2,1,14,7,7,17,France - Ligue 2,0.62,0.88,7,1.75,1.61,1.14,3
Laval,8,5,2,1,14,8,6,17,France - Ligue 2,0.62,0.88,6,1.75,1.61,1.14,3
Guingamp,8,5,1,2,14,4,10,16,France - Ligue 2,0.62,0.75,10,1.75,1.61,1.33,4
Grenoble,8,5,1,2,11,6,5,16,France - Ligue 2,0.62,0.75,5,1.38,1.61,1.33,4
Annecy,8,5,1,2,9,6,3,16,France - Ligue 2,0.62,0.75,3,1.12,1.61,1.33,4
Troyes,8,4,2,2,12,5,7,14,France - Ligue 2,0.5,0.75,7,1.5,2.0,1.33,5
Amiens,8,4,2,2,9,9,0,14,France - Ligue 2,0.5,0.75,0,1.12,2.0,1.33,5
Pau FC,8,3,4,1,9,6,3,13,France - Ligue 2,0.38,0.88,3,1.12,2.63,1.14,6
Rodez Aveyron,8,4,1,3,15,13,2,13,France - Ligue 2,0.5,0.62,2,1.88,2.0,1.61,6
SC Bastia,8,2,6,0,13,7,6,12,France - Ligue 2,0.25,1.0,6,1.62,4.0,1.0,7
AC Ajaccio,8,3,2,3,8,7,1,11,France - Ligue 2,0.38,0.62,1,1.0,2.63,1.61,8
Clermont,8,2,4,2,10,8,2,10,France - Ligue 2,0.25,0.75,2,1.25,4.0,1.33,9
Red Star,8,2,2,4,9,14,-5,8,France - Ligue 2,0.25,0.5,-5,1.12,4.0,2.0,10
Caen,8,2,1,5,8,10,-2,7,France - Ligue 2,0.25,0.38,-2,1.0,4.0,2.63,11
Martigues,8,1,1,6,4,12,-8,4,France - Ligue 2,0.12,0.25,-8,0.5,8.33,4.0,12
Dijon,8,5,3,0,13,3,10,18,France - National,0.62,1.0,10,1.62,1.61,1.0,1
Boulogne,8,4,4,0,13,7,6,16,France - National,0.5,1.0,6,1.62,2.0,1.0,2
Valenciennes,8,4,3,1,15,9,6,15,France - National,0.5,0.88,6,1.88,2.0,1.14,3
Orleans,8,4,3,1,14,9,5,15,France - National,0.5,0.88,5,1.75,2.0,1.14,3
Nancy,8,5,0,3,12,7,5,15,France - National,0.62,0.62,5,1.5,1.61,1.61,3
Aubagne,8,4,2,2,12,8,4,14,France - National,0.5,0.75,4,1.5,2.0,1.33,4
Rouen,8,3,4,1,12,5,7,13,France - National,0.38,0.88,7,1.5,2.63,1.14,5
Sochaux,8,3,3,2,10,8,2,12,France - National,0.38,0.75,2,1.25,2.63,1.33,6
Concarneau,8,3,3,2,9,8,1,12,France - National,0.38,0.75,1,1.12,2.63,1.33,6
Bourg-en-Bresse,8,3,3,2,7,8,-1,12,France - National,0.38,0.75,-1,0.88,2.63,1.33,6
Paris 13 A.,8,3,2,3,7,7,0,11,France - National,0.38,0.62,0,0.88,2.63,1.61,7
Nimes,8,2,4,2,7,7,0,10,France - National,0.25,0.75,0,0.88,4.0,1.33,8
Chateauroux,8,3,1,4,13,18,-5,10,France - National,0.38,0.5,-5,1.62,2.63,2.0,8
Le Mans,8,2,3,3,7,11,-4,9,France - National,0.25,0.62,-4,0.88,4.0,1.61,9
Villefranche,8,2,3,3,7,11,-4,9,France - National,0.25,0.62,-4,0.88,4.0,1.61,9
Quevilly Rouen,8,2,2,4,6,7,-1,8,France - National,0.25,0.5,-1,0.75,4.0,2.0,10
Versailles,8,1,3,4,10,14,-4,6,France - National,0.12,0.5,-4,1.25,8.33,2.0,11
Torpedo Kutaisi,8,7,0,1,12,6,6,21,Georgia - Erovnuli Liga,0.88,0.88,6,1.5,1.14,1.14,1
Iberia,8,5,3,0,18,6,12,18,Georgia - Erovnuli Liga,0.62,1.0,12,2.25,1.61,1.0,2
Samgurali,8,4,2,2,19,14,5,14,Georgia - Erovnuli Liga,0.5,0.75,5,2.38,2.0,1.33,3
Telavi,8,4,1,3,13,8,5,13,Georgia - Erovnuli Liga,0.5,0.62,5,1.62,2.0,1.61,4
Samtredia,8,3,2,3,9,8,1,11,Georgia - Erovnuli Liga,0.38,0.62,1,1.12,2.63,1.61,5
Dila Gori,8,3,2,3,11,12,-1,11,Georgia - Erovnuli Liga,0.38,0.62,-1,1.38,2.63,1.61,5
Kolkheti Poti,8,2,4,2,11,11,0,10,Georgia - Erovnuli Liga,0.25,0.75,0,1.38,4.0,1.33,6
Gagra,8,3,1,4,9,15,-6,10,Georgia - Erovnuli Liga,0.38,0.5,-6,1.12,2.63,2.0,6
Dinamo Batumi,8,2,3,3,7,9,-2,9,Georgia - Erovnuli Liga,0.25,0.62,-2,0.88,4.0,1.61,7
Dinamo Tbilisi,8,2,2,4,12,12,0,8,Georgia - Erovnuli Liga,0.25,0.5,0,1.5,4.0,2.0,8
Gareji Sagarejo,8,6,2,0,26,4,22,20,Georgia - Erovnuli Liga 2,0.75,1.0,22,3.25,1.33,1.0,1
Shturmi,8,6,2,0,13,5,8,20,Georgia - Erovnuli Liga 2,0.75,1.0,8,1.62,1.33,1.0,1
Bolnisi,8,6,1,1,21,5,16,19,Georgia - Erovnuli Liga 2,0.75,0.88,16,2.62,1.33,1.14,2
Rustavi,8,6,0,2,18,8,10,18,Georgia - Erovnuli Liga 2,0.75,0.75,10,2.25,1.33,1.33,3
Aragvi Dusheti,8,4,3,1,10,7,3,15,Georgia - Erovnuli Liga 2,0.5,0.88,3,1.25,2.0,1.14,4
L. Tbilisi,8,4,2,2,12,9,3,14,Georgia - Erovnuli Liga 2,0.5,0.75,3,1.5,2.0,1.33,5
Spaeri,8,3,2,3,15,11,4,11,Georgia - Erovnuli Liga 2,0.38,0.62,4,1.88,2.63,1.61,6
D. Tbilisi B,8,3,1,4,12,17,-5,10,Georgia - Erovnuli Liga 2,0.38,0.5,-5,1.5,2.63,2.0,7
WIT Georgia,8,2,0,6,10,17,-7,6,Georgia - Erovnuli Liga 2,0.25,0.25,-7,1.25,4.0,4.0,8
Kolkheti Khobi,8,0,1,7,2,18,-16,1,Georgia - Erovnuli Liga 2,0.0,0.12,-16,0.25,0.0,8.33,9
Bayern Munich,8,8,0,0,31,8,23,24,Germany - Bundesliga,1.0,1.0,23,3.88,1.0,1.0,1
Leverkusen,8,7,1,0,21,7,14,22,Germany - Bundesliga,0.88,1.0,14,2.62,1.14,1.0,2
Monchengladbach,8,6,1,1,18,6,12,19,Germany - Bundesliga,0.75,0.88,12,2.25,1.33,1.14,3
FSV Mainz,8,5,1,2,12,7,5,16,Germany - Bundesliga,0.62,0.75,5,1.5,1.61,1.33,4
Freiburg,8,5,1,2,15,12,3,16,Germany - Bundesliga,0.62,0.75,3,1.88,1.61,1.33,4
E. Frankfurt,8,4,3,1,21,12,9,15,Germany - Bundesliga,0.5,0.88,9,2.62,2.0,1.14,5
Dortmund,8,4,3,1,18,11,7,15,Germany - Bundesliga,0.5,0.88,7,2.25,2.0,1.14,5
Stuttgart,8,5,0,3,16,10,6,15,Germany - Bundesliga,0.62,0.62,6,2.0,1.61,1.61,5
RB Leipzig,8,4,3,1,16,11,5,15,Germany - Bundesliga,0.5,0.88,5,2.0,2.0,1.14,5
FC Augsburg,8,4,1,3,9,9,0,13,Germany - Bundesliga,0.5,0.62,0,1.12,2.0,1.61,6
Wolfsburg,8,3,3,2,18,16,2,12,Germany - Bundesliga,0.38,0.75,2,2.25,2.63,1.33,7
Werder Bremen,8,3,3,2,14,12,2,12,Germany - Bundesliga,0.38,0.75,2,1.75,2.63,1.33,7
Union Berlin,8,2,4,2,7,8,-1,10,Germany - Bundesliga,0.25,0.75,-1,0.88,4.0,1.33,8
Holstein Kiel,8,3,0,5,13,17,-4,9,Germany - Bundesliga,0.38,0.38,-4,1.62,2.63,2.63,9
Hoffenheim,8,2,2,4,14,16,-2,8,Germany - Bundesliga,0.25,0.5,-2,1.75,4.0,2.0,10
Sankt Pauli,8,2,2,4,7,9,-2,8,Germany - Bundesliga,0.25,0.5,-2,0.88,4.0,2.0,10
Bochum,8,2,2,4,8,14,-6,8,Germany - Bundesliga,0.25,0.5,-6,1.0,4.0,2.0,10
Heidenheim,8,1,1,6,5,15,-10,4,Germany - Bundesliga,0.12,0.25,-10,0.62,8.33,4.0,11
FC Nurnberg,8,5,2,1,17,10,7,17,Germany - 2. Bundesliga,0.62,0.88,7,2.12,1.61,1.14,1
Kaiserslautern,8,5,2,1,17,10,7,17,Germany - 2. Bundesliga,0.62,0.88,7,2.12,1.61,1.14,1
Hannover 96,8,5,2,1,14,8,6,17,Germany - 2. Bundesliga,0.62,0.88,6,1.75,1.61,1.14,1
Hamburger SV,8,3,5,0,18,10,8,14,Germany - 2. Bundesliga,0.38,1.0,8,2.25,2.63,1.0,2
FC Koln,8,4,2,2,15,11,4,14,Germany - 2. Bundesliga,0.5,0.75,4,1.88,2.0,1.33,2
Elversberg,8,4,1,3,16,18,-2,13,Germany - 2. Bundesliga,0.5,0.62,-2,2.0,2.0,1.61,3
Darmstadt,8,3,3,2,16,8,8,12,Germany - 2. Bundesliga,0.38,0.75,8,2.0,2.63,1.33,4
Braunschweig,8,3,3,2,9,7,2,12,Germany - 2. Bundesliga,0.38,0.75,2,1.12,2.63,1.33,4
Karlsruher SC,8,3,2,3,17,17,0,11,Germany - 2. Bundesliga,0.38,0.62,0,2.12,2.63,1.61,5
Paderborn,8,3,1,4,13,13,0,10,Germany - 2. Bundesliga,0.38,0.5,0,1.62,2.63,2.0,6
Regensburg,8,3,1,4,5,7,-2,10,Germany - 2. Bundesliga,0.38,0.5,-2,0.62,2.63,2.0,6
Ulm,8,2,3,3,12,9,3,9,Germany - 2. Bundesliga,0.25,0.62,3,1.5,4.0,1.61,7
Preuss. Munster,8,2,3,3,9,10,-1,9,Germany - 2. Bundesliga,0.25,0.62,-1,1.12,4.0,1.61,7
Dusseldorf,8,2,2,4,16,19,-3,8,Germany - 2. Bundesliga,0.25,0.5,-3,2.0,4.0,2.0,8
Schalke 04,8,2,2,4,16,21,-5,8,Germany - 2. Bundesliga,0.25,0.5,-5,2.0,4.0,2.0,8
Hertha Berlin,8,2,1,5,11,15,-4,7,Germany - 2. Bundesliga,0.25,0.38,-4,1.38,4.0,2.63,9
Greuther Furth,8,2,1,5,9,19,-10,7,Germany - 2. Bundesliga,0.25,0.38,-10,1.12,4.0,2.63,9
Magdeburg,8,0,6,2,9,14,-5,6,Germany - 2. Bundesliga,0.0,0.75,-5,1.12,0.0,1.33,10
Energie Cottbus,8,5,3,0,23,8,15,18,Germany - 3. Liga,0.62,1.0,15,2.88,1.61,1.0,1
Saarbrucken,8,5,3,0,13,3,10,18,Germany - 3. Liga,0.62,1.0,10,1.62,1.61,1.0,1
FC Ingolstadt,8,5,3,0,17,9,8,18,Germany - 3. Liga,0.62,1.0,8,2.12,1.61,1.0,1
Hansa Rostock,8,6,0,2,16,8,8,18,Germany - 3. Liga,0.75,0.75,8,2.0,1.33,1.33,1
Dynamo Dresden,8,4,3,1,15,10,5,15,Germany - 3. Liga,0.5,0.88,5,1.88,2.0,1.14,2
RW Essen,8,4,2,2,18,12,6,14,Germany - 3. Liga,0.5,0.75,6,2.25,2.0,1.33,3
Alemannia A.,8,3,5,0,9,4,5,14,Germany - 3. Liga,0.38,1.0,5,1.12,2.63,1.0,3
Bielefeld,8,4,2,2,13,10,3,14,Germany - 3. Liga,0.5,0.75,3,1.62,2.0,1.33,3
Mannheim,8,3,4,1,11,7,4,13,Germany - 3. Liga,0.38,0.88,4,1.38,2.63,1.14,4
Viktoria Koln,8,4,1,3,15,12,3,13,Germany - 3. Liga,0.5,0.62,3,1.88,2.0,1.61,4
Verl,8,3,4,1,10,9,1,13,Germany - 3. Liga,0.38,0.88,1,1.25,2.63,1.14,4
Wehen Wiesbaden,8,4,1,3,11,13,-2,13,Germany - 3. Liga,0.5,0.62,-2,1.38,2.0,1.61,4
VfB Stuttgart B,8,4,0,4,13,14,-1,12,Germany - 3. Liga,0.5,0.5,-1,1.62,2.0,2.0,5
Osnabruck,8,3,3,2,11,13,-2,12,Germany - 3. Liga,0.38,0.75,-2,1.38,2.63,1.33,5
Erzgebirge Aue,8,3,2,3,12,14,-2,11,Germany - 3. Liga,0.38,0.62,-2,1.5,2.63,1.61,6
Dortmund B,8,3,2,3,10,12,-2,11,Germany - 3. Liga,0.38,0.62,-2,1.25,2.63,1.61,6
Hannover 96 B,8,3,2,3,11,14,-3,11,Germany - 3. Liga,0.38,0.62,-3,1.38,2.63,1.61,6
Sandhausen,8,3,1,4,20,22,-2,10,Germany - 3. Liga,0.38,0.5,-2,2.5,2.63,2.0,7
1860 Munchen,8,2,2,4,12,15,-3,8,Germany - 3. Liga,0.25,0.5,-3,1.5,4.0,2.0,8
Unterhaching,8,0,4,4,9,15,-6,4,Germany - 3. Liga,0.0,0.5,-6,1.12,0.0,2.0,9
Bechem Utd,8,7,1,0,11,0,11,22,Ghana - Premier League,0.88,1.0,11,1.38,1.14,1.0,1
Bibiani GS,8,6,2,0,10,1,9,20,Ghana - Premier League,0.75,1.0,9,1.25,1.33,1.0,2
Heart of Lions,8,6,1,1,11,3,8,19,Ghana - Premier League,0.75,0.88,8,1.38,1.33,1.14,3
Holy Stars,8,5,3,0,12,3,9,18,Ghana - Premier League,0.62,1.0,9,1.5,1.61,1.0,4
Asante Kotoko,8,6,0,2,10,4,6,18,Ghana - Premier League,0.75,0.75,6,1.25,1.33,1.33,4
Hearts of Oak,8,5,2,1,9,3,6,17,Ghana - Premier League,0.62,0.88,6,1.12,1.61,1.14,5
Legon Cities,8,5,1,2,10,5,5,16,Ghana - Premier League,0.62,0.75,5,1.25,1.61,1.33,6
Berekum Chelsea,8,4,3,1,10,6,4,15,Ghana - Premier League,0.5,0.88,4,1.25,2.0,1.14,7
Vision,8,4,3,1,9,6,3,15,Ghana - Premier League,0.5,0.88,3,1.12,2.0,1.14,7
Medeama,8,4,3,1,6,3,3,15,Ghana - Premier League,0.5,0.88,3,0.75,2.0,1.14,7
Nations,8,4,2,2,14,5,9,14,Ghana - Premier League,0.5,0.75,9,1.75,2.0,1.33,8
Nsoatreman,8,3,5,0,9,5,4,14,Ghana - Premier League,0.38,1.0,4,1.12,2.63,1.0,8
Samartex,8,3,3,2,6,4,2,12,Ghana - Premier League,0.38,0.75,2,0.75,2.63,1.33,9
Young Apostles,8,3,3,2,6,5,1,12,Ghana - Premier League,0.38,0.75,1,0.75,2.63,1.33,9
Aduana Stars,8,3,2,3,7,7,0,11,Ghana - Premier League,0.38,0.62,0,0.88,2.63,1.61,10
Dreams,8,3,2,3,7,7,0,11,Ghana - Premier League,0.38,0.62,0,0.88,2.63,1.61,10
Karela,8,2,4,2,7,7,0,10,Ghana - Premier League,0.25,0.75,0,0.88,4.0,1.33,11
Accra Lions,8,2,4,2,6,8,-2,10,Ghana - Premier League,0.25,0.75,-2,0.75,4.0,1.33,11
St Josephs,8,8,0,0,17,5,12,24,Gibraltar - Premier Division,1.0,1.0,12,2.12,1.0,1.0,1
Lincoln RI,8,7,1,0,21,2,19,22,Gibraltar - Premier Division,0.88,1.0,19,2.62,1.14,1.0,2
Europa FC,8,5,2,1,19,6,13,17,Gibraltar - Premier Division,0.62,0.88,13,2.38,1.61,1.14,3
Magpies,7,4,1,2,12,10,2,13,Gibraltar - Premier Division,0.57,0.71,2,1.71,1.75,1.41,4
Lions FC,8,4,1,3,17,16,1,13,Gibraltar - Premier Division,0.5,0.62,1,2.12,2.0,1.61,4
Manchester 62,7,3,2,2,14,13,1,11,Gibraltar - Premier Division,0.43,0.71,1,2.0,2.33,1.41,5
Lynx,8,3,1,4,13,19,-6,10,Gibraltar - Premier Division,0.38,0.5,-6,1.62,2.63,2.0,6
College 1975,8,2,2,4,7,16,-9,8,Gibraltar - Premier Division,0.25,0.5,-9,0.88,4.0,2.0,7
Glacis Utd,8,2,1,5,11,20,-9,7,Gibraltar - Premier Division,0.25,0.38,-9,1.38,4.0,2.63,8
Mons Calpe,8,2,0,6,10,20,-10,6,Gibraltar - Premier Division,0.25,0.25,-10,1.25,4.0,4.0,9
Europa Point,8,0,1,7,4,34,-30,1,Gibraltar - Premier Division,0.0,0.12,-30,0.5,0.0,8.33,10
AEK Athens,8,6,2,0,16,2,14,20,Greece - Super League,0.75,1.0,14,2.0,1.33,1.0,1
Olympiakos,8,6,2,0,17,6,11,20,Greece - Super League,0.75,1.0,11,2.12,1.33,1.0,1
Asteras T.,8,6,0,2,11,4,7,18,Greece - Super League,0.75,0.75,7,1.38,1.33,1.33,2
Panathinaikos,8,5,3,0,10,5,5,18,Greece - Super League,0.62,1.0,5,1.25,1.61,1.0,2
Aris,8,5,1,2,10,5,5,16,Greece - Super League,0.62,0.75,5,1.25,1.61,1.33,3
Panserraikos,8,3,3,2,11,11,0,12,Greece - Super League,0.38,0.75,0,1.38,2.63,1.33,4
Panaitolikos,8,3,0,5,5,8,-3,9,Greece - Super League,0.38,0.38,-3,0.62,2.63,2.63,5
OFI Crete,8,2,2,4,11,11,0,8,Greece - Super League,0.25,0.5,0,1.38,4.0,2.0,6
Levadiakos,8,2,2,4,8,11,-3,8,Greece - Super League,0.25,0.5,-3,1.0,4.0,2.0,6
A. Kallithea,8,2,2,4,9,13,-4,8,Greece - Super League,0.25,0.5,-4,1.12,4.0,2.0,6
PAOK,8,2,1,5,11,12,-1,7,Greece - Super League,0.25,0.38,-1,1.38,4.0,2.63,7
Atromitos,8,2,1,5,8,11,-3,7,Greece - Super League,0.25,0.38,-3,1.0,4.0,2.63,7
Volos,8,1,2,5,6,13,-7,5,Greece - Super League,0.12,0.38,-7,0.75,8.33,2.63,8
Lamia,8,0,2,6,3,12,-9,2,Greece - Super League,0.0,0.25,-9,0.38,0.0,4.0,9
Municipal,8,6,2,0,20,5,15,20,Guatemala - Liga Nacional - Apertura,0.75,1.0,15,2.5,1.33,1.0,1
Xelaju,8,6,2,0,18,4,14,20,Guatemala - Liga Nacional - Apertura,0.75,1.0,14,2.25,1.33,1.0,1
Antigua GFC,8,5,2,1,18,9,9,17,Guatemala - Liga Nacional - Apertura,0.62,0.88,9,2.25,1.61,1.14,2
Malacateco,8,5,1,2,12,3,9,16,Guatemala - Liga Nacional - Apertura,0.62,0.75,9,1.5,1.61,1.33,3
Xinabajul,8,5,1,2,15,9,6,16,Guatemala - Liga Nacional - Apertura,0.62,0.75,6,1.88,1.61,1.33,3
Coban Imperial,8,4,3,1,17,8,9,15,Guatemala - Liga Nacional - Apertura,0.5,0.88,9,2.12,2.0,1.14,4
Mixco,8,4,3,1,7,3,4,15,Guatemala - Liga Nacional - Apertura,0.5,0.88,4,0.88,2.0,1.14,4
Achuapa,8,3,4,1,10,7,3,13,Guatemala - Liga Nacional - Apertura,0.38,0.88,3,1.25,2.63,1.14,5
Comunicaciones,8,4,1,3,13,11,2,13,Guatemala - Liga Nacional - Apertura,0.5,0.62,2,1.62,2.0,1.61,5
Guastatoya,8,2,4,2,12,8,4,10,Guatemala - Liga Nacional - Apertura,0.25,0.75,4,1.5,4.0,1.33,6
Marquense,8,2,4,2,8,7,1,10,Guatemala - Liga Nacional - Apertura,0.25,0.75,1,1.0,4.0,1.33,6
Zacapa Tellioz,8,0,4,4,2,7,-5,4,Guatemala - Liga Nacional - Apertura,0.0,0.5,-5,0.25,0.0,2.0,7
Olimpia,8,6,2,0,23,6,17,20,Honduras - Liga Nacional - Apertura,0.75,1.0,17,2.88,1.33,1.0,1
Olancho,8,5,2,1,20,6,14,17,Honduras - Liga Nacional - Apertura,0.62,0.88,14,2.5,1.61,1.14,2
Victoria,8,5,1,2,18,10,8,16,Honduras - Liga Nacional - Apertura,0.62,0.75,8,2.25,1.61,1.33,3
Motagua,8,4,2,2,16,12,4,14,Honduras - Liga Nacional - Apertura,0.5,0.75,4,2.0,2.0,1.33,4
UPNFM,8,4,1,3,11,11,0,13,Honduras - Liga Nacional - Apertura,0.5,0.62,0,1.38,2.0,1.61,5
Marathon,8,3,3,2,11,7,4,12,Honduras - Liga Nacional - Apertura,0.38,0.75,4,1.38,2.63,1.33,6
Genesis,8,3,3,2,11,8,3,12,Honduras - Liga Nacional - Apertura,0.38,0.75,3,1.38,2.63,1.33,6
Real Espana,8,3,3,2,8,8,0,12,Honduras - Liga Nacional - Apertura,0.38,0.75,0,1.0,2.63,1.33,6
Juticalpa,8,2,2,4,6,8,-2,8,Honduras - Liga Nacional - Apertura,0.25,0.5,-2,0.75,4.0,2.0,7
Real Sociedad,8,1,4,3,5,11,-6,7,Honduras - Liga Nacional - Apertura,0.12,0.62,-6,0.62,8.33,1.61,8
Tai Po,8,6,1,1,16,6,10,19,Hong Kong - Premier League,0.75,0.88,10,2.0,1.33,1.14,1
LM Warriors,6,5,0,1,17,9,8,15,Hong Kong - Premier League,0.83,0.83,8,2.83,1.2,1.2,2
Kitchee,6,4,2,0,23,3,20,14,Hong Kong - Premier League,0.67,1.0,20,3.83,1.49,1.0,3
Eastern,5,4,1,0,14,3,11,13,Hong Kong - Premier League,0.8,1.0,11,2.8,1.25,1.0,4
Hong Kong FC,8,3,1,4,9,11,-2,10,Hong Kong - Premier League,0.38,0.5,-2,1.12,2.63,2.0,5
Kowloon City,4,2,1,1,5,7,-2,7,Hong Kong - Premier League,0.5,0.75,-2,1.25,2.0,1.33,6
North District,7,1,3,3,15,18,-3,6,Hong Kong - Premier League,0.14,0.57,-3,2.14,7.14,1.75,7
Southern D.,6,1,2,3,5,7,-2,5,Hong Kong - Premier League,0.17,0.5,-2,0.83,5.88,2.0,8
HK Rangers,4,1,1,2,5,8,-3,4,Hong Kong - Premier League,0.25,0.5,-3,1.25,4.0,2.0,9
Ferencvaros,8,5,3,0,14,6,8,18,Hungary - NB I,0.62,1.0,8,1.75,1.61,1.0,1
Paks,8,5,2,1,18,12,6,17,Hungary - NB I,0.62,0.88,6,2.25,1.61,1.14,2
Puskas A.,8,5,2,1,13,7,6,17,Hungary - NB I,0.62,0.88,6,1.62,1.61,1.14,2
Fehervar,8,5,1,2,14,5,9,16,Hungary - NB I,0.62,0.75,9,1.75,1.61,1.33,3
Ujpest,8,3,5,0,9,2,7,14,Hungary - NB I,0.38,1.0,7,1.12,2.63,1.0,4
MTK Budapest,8,4,2,2,17,12,5,14,Hungary - NB I,0.5,0.75,5,2.12,2.0,1.33,4
DVTK,8,4,2,2,8,7,1,14,Hungary - NB I,0.5,0.75,1,1.0,2.0,1.33,4
Zalaegerszegi,8,4,1,3,14,12,2,13,Hungary - NB I,0.5,0.62,2,1.75,2.0,1.61,5
Nyiregyhaza,8,3,2,3,13,14,-1,11,Hungary - NB I,0.38,0.62,-1,1.62,2.63,1.61,6
Debrecen,8,3,2,3,18,20,-2,11,Hungary - NB I,0.38,0.62,-2,2.25,2.63,1.61,6
Gyor,8,2,2,4,12,14,-2,8,Hungary - NB I,0.25,0.5,-2,1.5,4.0,2.0,7
Kecskemeti TE,8,2,2,4,5,11,-6,8,Hungary - NB I,0.25,0.5,-6,0.62,4.0,2.0,7
Kozarmisleny,8,5,2,1,15,8,7,17,Hungary - NB II,0.62,0.88,7,1.88,1.61,1.14,1
Soroksar,8,5,1,2,15,8,7,16,Hungary - NB II,0.62,0.75,7,1.88,1.61,1.33,2
Kisvarda,7,5,1,1,16,10,6,16,Hungary - NB II,0.71,0.86,6,2.29,1.41,1.16,2
Vasas,8,5,1,2,15,10,5,16,Hungary - NB II,0.62,0.75,5,1.88,1.61,1.33,2
Kazincbarcika,8,5,1,2,13,8,5,16,Hungary - NB II,0.62,0.75,5,1.62,1.61,1.33,2
Csakvari,8,4,2,2,13,10,3,14,Hungary - NB II,0.5,0.75,3,1.62,2.0,1.33,3
Szeged,6,3,2,1,10,7,3,11,Hungary - NB II,0.5,0.83,3,1.67,2.0,1.2,4
Ajka,8,2,5,1,11,9,2,11,Hungary - NB II,0.25,0.88,2,1.38,4.0,1.14,4
Bekescsaba,7,3,2,2,10,8,2,11,Hungary - NB II,0.43,0.71,2,1.43,2.33,1.41,4
Szentlorinc,7,3,2,2,10,8,2,11,Hungary - NB II,0.43,0.71,2,1.43,2.33,1.41,4
Gyirmot,5,3,1,1,9,5,4,10,Hungary - NB II,0.6,0.8,4,1.8,1.67,1.25,5
Honved,7,3,1,3,6,6,0,10,Hungary - NB II,0.43,0.57,0,0.86,2.33,1.75,5
Budafoki,8,2,3,3,9,14,-5,9,Hungary - NB II,0.25,0.62,-5,1.12,4.0,1.61,6
Tatabanya,8,2,1,5,6,16,-10,7,Hungary - NB II,0.25,0.38,-10,0.75,4.0,2.63,7
Mezokovesd,8,1,3,4,11,13,-2,6,Hungary - NB II,0.12,0.5,-2,1.38,8.33,2.0,8
BVSC,5,0,4,1,1,3,-2,4,Hungary - NB II,0.0,0.8,-2,0.2,0.0,1.25,9
Breidablik,8,6,2,0,22,10,12,20,Iceland - Besta deild,0.75,1.0,12,2.75,1.33,1.0,1
Stjarnan,8,6,1,1,17,10,7,19,Iceland - Besta deild,0.75,0.88,7,2.12,1.33,1.14,2
Valur,8,5,1,2,26,11,15,16,Iceland - Besta deild,0.62,0.75,15,3.25,1.61,1.33,3
KR Reykjavik,8,4,3,1,24,11,13,15,Iceland - Besta deild,0.5,0.88,13,3.0,2.0,1.14,4
IA Akranes,8,5,0,3,22,12,10,15,Iceland - Besta deild,0.62,0.62,10,2.75,1.61,1.61,4
Vikingur R.,8,4,2,2,17,12,5,14,Iceland - Besta deild,0.5,0.75,5,2.12,2.0,1.33,5
HK Kopavogur,8,4,2,2,14,13,1,14,Iceland - Besta deild,0.5,0.75,1,1.75,2.0,1.33,5
KA Akureyri,8,4,2,2,13,14,-1,14,Iceland - Besta deild,0.5,0.75,-1,1.62,2.0,1.33,5
Fram,8,4,1,3,16,15,1,13,Iceland - Besta deild,0.5,0.62,1,2.0,2.0,1.61,6
Vestri,8,2,3,3,7,10,-3,9,Iceland - Besta deild,0.25,0.62,-3,0.88,4.0,1.61,7
Fylkir,8,2,2,4,10,16,-6,8,Iceland - Besta deild,0.25,0.5,-6,1.25,4.0,2.0,8
Hafnarfjordur,8,1,4,3,10,13,-3,7,Iceland - Besta deild,0.12,0.62,-3,1.25,8.33,1.61,9
Keflavik,8,6,2,0,19,9,10,20,Iceland - 1. Deild,0.75,1.0,10,2.38,1.33,1.0,1
IBV,8,6,1,1,21,7,14,19,Iceland - 1. Deild,0.75,0.88,14,2.62,1.33,1.14,2
IR Reykjavik,8,5,2,1,12,4,8,17,Iceland - 1. Deild,0.62,0.88,8,1.5,1.61,1.14,3
Throttur R.,8,5,1,2,16,10,6,16,Iceland - 1. Deild,0.62,0.75,6,2.0,1.61,1.33,4
Leiknir R.,8,4,2,2,16,9,7,14,Iceland - 1. Deild,0.5,0.75,7,2.0,2.0,1.33,5
Fjolnir,8,4,2,2,16,11,5,14,Iceland - 1. Deild,0.5,0.75,5,2.0,2.0,1.33,5
Grindavik,8,3,4,1,18,14,4,13,Iceland - 1. Deild,0.38,0.88,4,2.25,2.63,1.14,6
Njardvik,8,3,3,2,10,9,1,12,Iceland - 1. Deild,0.38,0.75,1,1.25,2.63,1.33,7
Thor Akureyri,8,2,4,2,11,11,0,10,Iceland - 1. Deild,0.25,0.75,0,1.38,4.0,1.33,8
Afturelding,8,3,1,4,10,12,-2,10,Iceland - 1. Deild,0.38,0.5,-2,1.25,2.63,2.0,8
Grotta,8,2,0,6,12,20,-8,6,Iceland - 1. Deild,0.25,0.25,-8,1.5,4.0,4.0,9
Dalvik / Reynir,8,0,3,5,6,20,-14,3,Iceland - 1. Deild,0.0,0.38,-14,0.75,0.0,2.63,10
V. Olafsvik,8,8,0,0,23,7,16,24,Iceland - 2. Deild,1.0,1.0,16,2.88,1.0,1.0,1
Throttur Vogar,8,7,0,1,29,7,22,21,Iceland - 2. Deild,0.88,0.88,22,3.62,1.14,1.14,2
Volsungur,8,5,1,2,17,7,10,16,Iceland - 2. Deild,0.62,0.75,10,2.12,1.61,1.33,3
Selfoss,8,4,2,2,20,14,6,14,Iceland - 2. Deild,0.5,0.75,6,2.5,2.0,1.33,4
Fjallabyggd,8,4,2,2,14,12,2,14,Iceland - 2. Deild,0.5,0.75,2,1.75,2.0,1.33,4
Fjardabyggd/L.,8,4,1,3,24,17,7,13,Iceland - 2. Deild,0.5,0.62,7,3.0,2.0,1.61,5
Haukar,8,4,0,4,20,19,1,12,Iceland - 2. Deild,0.5,0.5,1,2.5,2.0,2.0,6
KFG,8,2,3,3,21,23,-2,9,Iceland - 2. Deild,0.25,0.62,-2,2.62,4.0,1.61,7
Hottur/Huginn,8,3,0,5,10,12,-2,9,Iceland - 2. Deild,0.38,0.38,-2,1.25,2.63,2.63,7
AEggir,8,1,3,4,7,11,-4,6,Iceland - 2. Deild,0.12,0.5,-4,0.88,8.33,2.0,8
Reynir,8,1,2,5,6,14,-8,5,Iceland - 2. Deild,0.12,0.38,-8,0.75,8.33,2.63,9
Kormakur/Hvot,8,1,1,6,7,18,-11,4,Iceland - 2. Deild,0.12,0.25,-11,0.88,8.33,4.0,10
Mohun Bagan,8,8,0,0,18,2,16,24,India - Super League,1.0,1.0,16,2.25,1.0,1.0,1
Goa,8,6,1,1,14,6,8,19,India - Super League,0.75,0.88,8,1.75,1.33,1.14,2
Jamshedpur,8,6,1,1,15,11,4,19,India - Super League,0.75,0.88,4,1.88,1.33,1.14,2
Bengaluru,8,4,2,2,17,10,7,14,India - Super League,0.5,0.75,7,2.12,2.0,1.33,3
Kerala Blasters,8,4,1,3,13,9,4,13,India - Super League,0.5,0.62,4,1.62,2.0,1.61,4
Odisha FC,8,3,4,1,15,13,2,13,India - Super League,0.38,0.88,2,1.88,2.63,1.14,4
East Bengal,8,4,1,3,11,10,1,13,India - Super League,0.5,0.62,1,1.38,2.0,1.61,4
Mumbai City,8,4,1,3,9,11,-2,13,India - Super League,0.5,0.62,-2,1.12,2.0,1.61,4
NorthEast Utd,8,3,3,2,16,10,6,12,India - Super League,0.38,0.75,6,2.0,2.63,1.33,5
Punjab,8,3,1,4,12,13,-1,10,India - Super League,0.38,0.5,-1,1.5,2.63,2.0,6
Chennaiyin,8,1,4,3,9,14,-5,7,India - Super League,0.12,0.62,-5,1.12,8.33,1.61,7
Hyderabad,8,1,3,4,7,19,-12,6,India - Super League,0.12,0.5,-12,0.88,8.33,2.0,8
Mohammedan,8,0,3,5,5,16,-11,3,India - Super League,0.0,0.38,-11,0.62,0.0,2.63,9
Real Kashmir,8,5,3,0,15,6,9,18,India - I-League,0.62,1.0,9,1.88,1.61,1.0,1
Inter Kashi,6,5,0,1,17,10,7,15,India - I-League,0.83,0.83,7,2.83,1.2,1.2,2
Namdhari,8,4,2,2,13,8,5,14,India - I-League,0.5,0.75,5,1.62,2.0,1.33,3
Shillong Lajong,7,3,3,1,16,4,12,12,India - I-League,0.43,0.86,12,2.29,2.33,1.16,4
Sreenidi Deccan,8,3,2,3,15,13,2,11,India - I-League,0.38,0.62,2,1.88,2.63,1.61,5
Churchill B.,5,3,1,1,12,3,9,10,India - I-League,0.6,0.8,9,2.4,1.67,1.25,6
Rajasthan,5,2,3,0,5,3,2,9,India - I-League,0.4,1.0,2,1.0,2.5,1.0,7
Gokulam,6,2,2,2,9,6,3,8,India - I-League,0.33,0.67,3,1.5,3.03,1.49,8
SC Bengaluru,5,2,2,1,7,6,1,8,India - I-League,0.4,0.8,1,1.4,2.5,1.25,8
Aizawl,7,2,2,3,12,12,0,8,India - I-League,0.29,0.57,0,1.71,3.45,1.75,8
Delhi FC,5,1,1,3,5,11,-6,4,India - I-League,0.2,0.4,-6,1.0,5.0,2.5,9
Dempo,4,1,0,3,1,6,-5,3,India - I-League,0.25,0.25,-5,0.25,4.0,4.0,10
Persib,8,6,1,1,12,4,8,19,Indonesia - Liga 1,0.75,0.88,8,1.5,1.33,1.14,1
Bali Utd,8,5,2,1,17,10,7,17,Indonesia - Liga 1,0.62,0.88,7,2.12,1.61,1.14,2
Dewa Utd,8,5,2,1,16,10,6,17,Indonesia - Liga 1,0.62,0.88,6,2.0,1.61,1.14,2
Persija,8,4,4,0,15,6,9,16,Indonesia - Liga 1,0.5,1.0,9,1.88,2.0,1.0,3
Borneo,8,5,1,2,14,8,6,16,Indonesia - Liga 1,0.62,0.75,6,1.75,1.61,1.33,3
Persebaya S.,8,4,3,1,13,9,4,15,Indonesia - Liga 1,0.5,0.88,4,1.62,2.0,1.14,4
Persita,8,4,2,2,9,9,0,14,Indonesia - Liga 1,0.5,0.75,0,1.12,2.0,1.33,5
PSM,8,3,4,1,9,6,3,13,Indonesia - Liga 1,0.38,0.88,3,1.12,2.63,1.14,6
Arema,8,4,1,3,13,11,2,13,Indonesia - Liga 1,0.5,0.62,2,1.62,2.0,1.61,6
Persik Kediri,8,3,2,3,6,6,0,11,Indonesia - Liga 1,0.38,0.62,0,0.75,2.63,1.61,7
Madura Utd,8,3,1,4,13,14,-1,10,Indonesia - Liga 1,0.38,0.5,-1,1.62,2.63,2.0,8
PSBS Biak N.,8,3,1,4,12,14,-2,10,Indonesia - Liga 1,0.38,0.5,-2,1.5,2.63,2.0,8
PSS Sleman,8,3,0,5,13,12,1,9,Indonesia - Liga 1,0.38,0.38,1,1.62,2.63,2.63,9
Malut United,8,2,3,3,9,10,-1,9,Indonesia - Liga 1,0.25,0.62,-1,1.12,4.0,1.61,9
Persis Solo,8,1,3,4,7,11,-4,6,Indonesia - Liga 1,0.12,0.5,-4,0.88,8.33,2.0,10
PSIS Semarang,8,2,0,6,7,15,-8,6,Indonesia - Liga 1,0.25,0.25,-8,0.88,4.0,4.0,10
Barito Putera,8,1,1,6,7,16,-9,4,Indonesia - Liga 1,0.12,0.25,-9,0.88,8.33,4.0,11
Semen Padang,8,0,4,4,5,18,-13,4,Indonesia - Liga 1,0.0,0.5,-13,0.62,0.0,2.0,11
Sepahan,8,6,1,1,13,3,10,19,Iran - Pro League,0.75,0.88,10,1.62,1.33,1.14,1
Persepolis,8,6,0,2,12,5,7,18,Iran - Pro League,0.75,0.75,7,1.5,1.33,1.33,2
Chadormalu,8,5,2,1,7,3,4,17,Iran - Pro League,0.62,0.88,4,0.88,1.61,1.14,3
Tractor Sazi,8,5,0,3,16,5,11,15,Iran - Pro League,0.62,0.62,11,2.0,1.61,1.61,4
Foolad,8,4,3,1,10,8,2,15,Iran - Pro League,0.5,0.88,2,1.25,2.0,1.14,4
Aluminium Arak,8,3,5,0,10,4,6,14,Iran - Pro League,0.38,1.0,6,1.25,2.63,1.0,5
E. Khuzestan,8,3,4,1,7,5,2,13,Iran - Pro League,0.38,0.88,2,0.88,2.63,1.14,6
K. Khorramabad,8,3,2,3,10,9,1,11,Iran - Pro League,0.38,0.62,1,1.25,2.63,1.61,7
Malavan,8,3,2,3,8,8,0,11,Iran - Pro League,0.38,0.62,0,1.0,2.63,1.61,7
Gol Gohar,8,3,2,3,6,6,0,11,Iran - Pro League,0.38,0.62,0,0.75,2.63,1.61,7
Zob Ahan,8,2,3,3,6,9,-3,9,Iran - Pro League,0.25,0.62,-3,0.75,4.0,1.61,8
Shams A. Qazvin,8,1,5,2,7,9,-2,8,Iran - Pro League,0.12,0.75,-2,0.88,8.33,1.33,9
Esteghlal,8,2,2,4,4,8,-4,8,Iran - Pro League,0.25,0.5,-4,0.5,4.0,2.0,9
Mes Rafsanjan,8,1,3,4,8,12,-4,6,Iran - Pro League,0.12,0.5,-4,1.0,8.33,2.0,10
N. Mazandaran,8,0,5,3,5,8,-3,5,Iran - Pro League,0.0,0.62,-3,0.62,0.0,1.61,11
Havadar,8,0,1,7,1,15,-14,1,Iran - Pro League,0.0,0.12,-14,0.12,0.0,8.33,12
St. Patricks,8,6,1,1,17,8,9,19,Ireland - Premier Division,0.75,0.88,9,2.12,1.33,1.14,1
Sligo Rovers,8,6,0,2,12,7,5,18,Ireland - Premier Division,0.75,0.75,5,1.5,1.33,1.33,2
Shamrock Rovers,8,5,2,1,12,6,6,17,Ireland - Premier Division,0.62,0.88,6,1.5,1.61,1.14,3
Shelbourne,8,4,3,1,11,6,5,15,Ireland - Premier Division,0.5,0.88,5,1.38,2.0,1.14,4
Drogheda Utd,8,3,4,1,14,5,9,13,Ireland - Premier Division,0.38,0.88,9,1.75,2.63,1.14,5
Derry City,8,3,4,1,14,6,8,13,Ireland - Premier Division,0.38,0.88,8,1.75,2.63,1.14,5
Galway Utd,8,3,4,1,9,7,2,13,Ireland - Premier Division,0.38,0.88,2,1.12,2.63,1.14,5
Waterford,8,2,2,4,6,8,-2,8,Ireland - Premier Division,0.25,0.5,-2,0.75,4.0,2.0,6
Bohemians,8,1,3,4,8,13,-5,6,Ireland - Premier Division,0.12,0.5,-5,1.0,8.33,2.0,7
Dundalk,8,1,0,7,5,14,-9,3,Ireland - Premier Division,0.12,0.12,-9,0.62,8.33,8.33,8
Cork City,8,5,3,0,16,5,11,18,Ireland - First Division,0.62,1.0,11,2.0,1.61,1.0,1
Wexford,8,5,1,2,14,5,9,16,Ireland - First Division,0.62,0.75,9,1.75,1.61,1.33,2
Bray Wanderers,8,4,2,2,16,8,8,14,Ireland - First Division,0.5,0.75,8,2.0,2.0,1.33,3
Longford Town,8,3,3,2,12,10,2,12,Ireland - First Division,0.38,0.75,2,1.5,2.63,1.33,4
Finn Harps,8,3,2,3,9,9,0,11,Ireland - First Division,0.38,0.62,0,1.12,2.63,1.61,5
UC Dublin,8,2,4,2,10,8,2,10,Ireland - First Division,0.25,0.75,2,1.25,4.0,1.33,6
Athlone Town,8,3,1,4,16,15,1,10,Ireland - First Division,0.38,0.5,1,2.0,2.63,2.0,6
Cobh Ramblers,8,3,1,4,10,11,-1,10,Ireland - First Division,0.38,0.5,-1,1.25,2.63,2.0,6
Treaty Utd,8,2,3,3,10,11,-1,9,Ireland - First Division,0.25,0.62,-1,1.25,4.0,1.61,7
Kerry,8,2,3,3,10,13,-3,9,Ireland - First Division,0.25,0.62,-3,1.25,4.0,1.61,7
H. Beer Sheva,8,6,2,0,20,7,13,20,Israel - Ligat HaAl,0.75,1.0,13,2.5,1.33,1.0,1
B. Jerusalem,8,5,2,1,16,9,7,17,Israel - Ligat HaAl,0.62,0.88,7,2.0,1.61,1.14,2
Maccabi Haifa,8,5,1,2,17,10,7,16,Israel - Ligat HaAl,0.62,0.75,7,2.12,1.61,1.33,3
M. Tel Aviv,8,4,3,1,18,9,9,15,Israel - Ligat HaAl,0.5,0.88,9,2.25,2.0,1.14,4
Kiryat Shmona,8,4,2,2,10,9,1,14,Israel - Ligat HaAl,0.5,0.75,1,1.25,2.0,1.33,5
Maccabi Netanya,8,4,1,3,15,10,5,13,Israel - Ligat HaAl,0.5,0.62,5,1.88,2.0,1.61,6
Hapoel Haifa,8,4,1,3,14,11,3,13,Israel - Ligat HaAl,0.5,0.62,3,1.75,2.0,1.61,6
H. Jerusalem,8,3,2,3,13,11,2,11,Israel - Ligat HaAl,0.38,0.62,2,1.62,2.63,1.61,7
M. Bnei Raina,8,3,1,4,5,7,-2,10,Israel - Ligat HaAl,0.38,0.5,-2,0.62,2.63,2.0,8
Sakhnin,8,2,3,3,4,9,-5,9,Israel - Ligat HaAl,0.25,0.62,-5,0.5,4.0,1.61,9
Ironi Tiberias,8,1,4,3,9,12,-3,7,Israel - Ligat HaAl,0.12,0.62,-3,1.12,8.33,1.61,10
M. Petah Tikva,8,1,4,3,8,11,-3,7,Israel - Ligat HaAl,0.12,0.62,-3,1.0,8.33,1.61,10
Ashdod,8,1,3,4,10,15,-5,6,Israel - Ligat HaAl,0.12,0.5,-5,1.25,8.33,2.0,11
Hapoel Hadera,8,1,3,4,8,15,-7,6,Israel - Ligat HaAl,0.12,0.5,-7,1.0,8.33,2.0,11
H. Ramat Gan,8,7,0,1,22,6,16,21,Israel - Leumit League,0.88,0.88,16,2.75,1.14,1.14,1
Hapoel Tel Aviv,8,7,0,1,21,5,16,21,Israel - Leumit League,0.88,0.88,16,2.62,1.14,1.14,1
Ramat Hasharon,8,5,2,1,18,11,7,17,Israel - Leumit League,0.62,0.88,7,2.25,1.61,1.14,2
M. Herziliya,8,5,2,1,12,8,4,17,Israel - Leumit League,0.62,0.88,4,1.5,1.61,1.14,2
H. Kfar Shalem,8,5,1,2,16,12,4,16,Israel - Leumit League,0.62,0.75,4,2.0,1.61,1.33,3
H. Petah Tikva,8,4,2,2,14,8,6,14,Israel - Leumit League,0.5,0.75,6,1.75,2.0,1.33,4
Hapoel Akko,8,4,0,4,9,9,0,12,Israel - Leumit League,0.5,0.5,0,1.12,2.0,2.0,5
H. Kfar Saba,8,2,5,1,14,12,2,11,Israel - Leumit League,0.25,0.88,2,1.75,4.0,1.14,6
Bnei Yehuda,8,3,1,4,8,8,0,10,Israel - Leumit League,0.38,0.5,0,1.0,2.63,2.0,7
H. Ironi Rishon,8,3,1,4,8,9,-1,10,Israel - Leumit League,0.38,0.5,-1,1.0,2.63,2.0,7
Kafr Qasim,8,2,3,3,8,6,2,9,Israel - Leumit League,0.25,0.62,2,1.0,4.0,1.61,8
H. Nof Hagalil,8,2,2,4,8,12,-4,8,Israel - Leumit League,0.25,0.5,-4,1.0,4.0,2.0,9
H. Umm al-Fahm,8,2,1,5,6,10,-4,7,Israel - Leumit League,0.25,0.38,-4,0.75,4.0,2.63,10
Maccabi Jaffa,8,2,1,5,9,15,-6,7,Israel - Leumit League,0.25,0.38,-6,1.12,4.0,2.63,10
Hapoel Raanana,8,1,3,4,7,10,-3,6,Israel - Leumit League,0.12,0.5,-3,0.88,8.33,2.0,11
Hapoel Afula,8,0,3,5,7,17,-10,3,Israel - Leumit League,0.0,0.38,-10,0.88,0.0,2.63,12
Inter Milan,8,5,3,0,19,11,8,18,Italy - Serie A,0.62,1.0,8,2.38,1.61,1.0,1
Napoli,8,6,0,2,10,6,4,18,Italy - Serie A,0.75,0.75,4,1.25,1.33,1.33,1
Atalanta,8,5,2,1,19,10,9,17,Italy - Serie A,0.62,0.88,9,2.38,1.61,1.14,2
Bologna,8,5,2,1,14,6,8,17,Italy - Serie A,0.62,0.88,8,1.75,1.61,1.14,2
AS Roma,8,5,1,2,18,8,10,16,Italy - Serie A,0.62,0.75,10,2.25,1.61,1.33,3
Juventus,8,4,4,0,17,9,8,16,Italy - Serie A,0.5,1.0,8,2.12,2.0,1.0,3
Fiorentina,8,5,1,2,16,9,7,16,Italy - Serie A,0.62,0.75,7,2.0,1.61,1.33,3
Lazio,8,4,2,2,13,12,1,14,Italy - Serie A,0.5,0.75,1,1.62,2.0,1.33,4
AC Milan,8,2,5,1,9,7,2,11,Italy - Serie A,0.25,0.88,2,1.12,4.0,1.14,5
Genoa,8,2,4,2,9,8,1,10,Italy - Serie A,0.25,0.75,1,1.12,4.0,1.33,6
Como,8,3,1,4,12,13,-1,10,Italy - Serie A,0.38,0.5,-1,1.5,2.63,2.0,6
Cagliari,8,3,1,4,12,14,-2,10,Italy - Serie A,0.38,0.5,-2,1.5,2.63,2.0,6
Venezia,8,2,3,3,10,11,-1,9,Italy - Serie A,0.25,0.62,-1,1.25,4.0,1.61,7
Torino,8,2,3,3,5,6,-1,9,Italy - Serie A,0.25,0.62,-1,0.62,4.0,1.61,7
Lecce,8,2,3,3,6,15,-9,9,Italy - Serie A,0.25,0.62,-9,0.75,4.0,1.61,7
Parma,8,2,2,4,11,14,-3,8,Italy - Serie A,0.25,0.5,-3,1.38,4.0,2.0,8
Udinese,8,2,2,4,9,13,-4,8,Italy - Serie A,0.25,0.5,-4,1.12,4.0,2.0,8
Hellas Verona,8,2,1,5,6,19,-13,7,Italy - Serie A,0.25,0.38,-13,0.75,4.0,2.63,9
Empoli,8,1,2,5,5,12,-7,5,Italy - Serie A,0.12,0.38,-7,0.62,8.33,2.63,10
Monza,8,1,1,6,7,12,-5,4,Italy - Serie A,0.12,0.25,-5,0.88,8.33,4.0,11
Sassuolo,8,8,0,0,23,6,17,24,Italy - Serie B,1.0,1.0,17,2.88,1.0,1.0,1
Pisa,8,6,2,0,16,5,11,20,Italy - Serie B,0.75,1.0,11,2.0,1.33,1.0,2
Spezia,8,5,3,0,14,3,11,18,Italy - Serie B,0.62,1.0,11,1.75,1.61,1.0,3
Carrarese,8,5,1,2,9,6,3,16,Italy - Serie B,0.62,0.75,3,1.12,1.61,1.33,4
Catanzaro,8,4,3,1,12,6,6,15,Italy - Serie B,0.5,0.88,6,1.5,2.0,1.14,5
Bari,8,4,3,1,12,8,4,15,Italy - Serie B,0.5,0.88,4,1.5,2.0,1.14,5
Modena,8,3,5,0,12,7,5,14,Italy - Serie B,0.38,1.0,5,1.5,2.63,1.0,6
Palermo,8,4,1,3,9,6,3,13,Italy - Serie B,0.5,0.62,3,1.12,2.0,1.61,7
Cesena,8,3,3,2,10,9,1,12,Italy - Serie B,0.38,0.75,1,1.25,2.63,1.33,8
Cremonese,8,3,3,2,11,11,0,12,Italy - Serie B,0.38,0.75,0,1.38,2.63,1.33,8
Juve Stabia,8,3,3,2,9,10,-1,12,Italy - Serie B,0.38,0.75,-1,1.12,2.63,1.33,8
Salernitana,8,3,2,3,10,9,1,11,Italy - Serie B,0.38,0.62,1,1.25,2.63,1.61,9
Reggiana,8,3,2,3,8,8,0,11,Italy - Serie B,0.38,0.62,0,1.0,2.63,1.61,9
Mantova,8,2,4,2,9,9,0,10,Italy - Serie B,0.25,0.75,0,1.12,4.0,1.33,10
Sampdoria,8,2,3,3,7,8,-1,9,Italy - Serie B,0.25,0.62,-1,0.88,4.0,1.61,11
Cittadella,8,2,3,3,8,10,-2,9,Italy - Serie B,0.25,0.62,-2,1.0,4.0,1.61,11
Frosinone,8,2,2,4,7,12,-5,8,Italy - Serie B,0.25,0.5,-5,0.88,4.0,2.0,12
Sudtirol,8,1,3,4,8,13,-5,6,Italy - Serie B,0.12,0.5,-5,1.0,8.33,2.0,13
Cosenza,8,0,5,3,6,10,-4,5,Italy - Serie B,0.0,0.62,-4,0.75,0.0,1.61,14
Brescia,8,0,5,3,12,17,-5,5,Italy - Serie B,0.0,0.62,-5,1.5,0.0,1.61,14
Vicenza,8,8,0,0,20,1,19,24,Italy - Serie C - Group A,1.0,1.0,19,2.5,1.0,1.0,1
Atalanta B,8,6,1,1,16,6,10,19,Italy - Serie C - Group A,0.75,0.88,10,2.0,1.33,1.14,2
Padova,8,5,3,0,12,5,7,18,Italy - Serie C - Group A,0.62,1.0,7,1.5,1.61,1.0,3
FeralpiSalo,8,5,2,1,14,7,7,17,Italy - Serie C - Group A,0.62,0.88,7,1.75,1.61,1.14,4
Trento,8,4,2,2,15,9,6,14,Italy - Serie C - Group A,0.5,0.75,6,1.88,2.0,1.33,5
Virtus Verona,8,4,2,2,11,8,3,14,Italy - Serie C - Group A,0.5,0.75,3,1.38,2.0,1.33,5
Pro Vercelli,8,4,2,2,9,10,-1,14,Italy - Serie C - Group A,0.5,0.75,-1,1.12,2.0,1.33,5
Arzignano,8,4,1,3,12,8,4,13,Italy - Serie C - Group A,0.5,0.62,4,1.5,2.0,1.61,6
Novara,8,3,3,2,10,6,4,12,Italy - Serie C - Group A,0.38,0.75,4,1.25,2.63,1.33,7
Lecco,8,3,2,3,10,10,0,11,Italy - Serie C - Group A,0.38,0.62,0,1.25,2.63,1.61,8
Giana Erminio,8,3,2,3,7,7,0,11,Italy - Serie C - Group A,0.38,0.62,0,0.88,2.63,1.61,8
Pergolettese,8,3,1,4,8,8,0,10,Italy - Serie C - Group A,0.38,0.5,0,1.0,2.63,2.0,9
AlbinoLeffe,8,2,4,2,7,9,-2,10,Italy - Serie C - Group A,0.25,0.75,-2,0.88,4.0,1.33,9
Alcione,8,3,1,4,5,7,-2,10,Italy - Serie C - Group A,0.38,0.5,-2,0.62,2.63,2.0,9
Triestina,8,2,3,3,8,7,1,9,Italy - Serie C - Group A,0.25,0.62,1,1.0,4.0,1.61,10
Caldiero Terme,8,2,2,4,8,12,-4,8,Italy - Serie C - Group A,0.25,0.5,-4,1.0,4.0,2.0,11
Renate,8,2,2,4,4,8,-4,8,Italy - Serie C - Group A,0.25,0.5,-4,0.5,4.0,2.0,11
Lumezzane,8,2,1,5,8,14,-6,7,Italy - Serie C - Group A,0.25,0.38,-6,1.0,4.0,2.63,12
Pro Patria,8,0,5,3,6,11,-5,5,Italy - Serie C - Group A,0.0,0.62,-5,0.75,0.0,1.61,13
Clodiense,8,0,3,5,7,13,-6,3,Italy - Serie C - Group A,0.0,0.38,-6,0.88,0.0,2.63,14
Entella,8,6,2,0,17,5,12,20,Italy - Serie C - Group B,0.75,1.0,12,2.12,1.33,1.0,1
Vis Pesaro,8,6,1,1,15,6,9,19,Italy - Serie C - Group B,0.75,0.88,9,1.88,1.33,1.14,2
Ternana,8,5,3,0,18,5,13,18,Italy - Serie C - Group B,0.62,1.0,13,2.25,1.61,1.0,3
Pianese,8,5,2,1,14,8,6,17,Italy - Serie C - Group B,0.62,0.88,6,1.75,1.61,1.14,4
Pineto,8,5,2,1,9,6,3,17,Italy - Serie C - Group B,0.62,0.88,3,1.12,1.61,1.14,4
Torres,8,5,1,2,11,6,5,16,Italy - Serie C - Group B,0.62,0.75,5,1.38,1.61,1.33,5
Gubbio,8,4,2,2,9,7,2,14,Italy - Serie C - Group B,0.5,0.75,2,1.12,2.0,1.33,6
Ascoli,8,3,4,1,12,8,4,13,Italy - Serie C - Group B,0.38,0.88,4,1.5,2.63,1.14,7
Pontedera,8,3,3,2,13,9,4,12,Italy - Serie C - Group B,0.38,0.75,4,1.62,2.63,1.33,8
Pescara,8,3,3,2,8,5,3,12,Italy - Serie C - Group B,0.38,0.75,3,1.0,2.63,1.33,8
Perugia,8,3,3,2,6,5,1,12,Italy - Serie C - Group B,0.38,0.75,1,0.75,2.63,1.33,8
Rimini,8,2,5,1,8,4,4,11,Italy - Serie C - Group B,0.25,0.88,4,1.0,4.0,1.14,9
Arezzo,8,2,4,2,11,11,0,10,Italy - Serie C - Group B,0.25,0.75,0,1.38,4.0,1.33,10
SPAL,8,2,3,3,7,8,-1,9,Italy - Serie C - Group B,0.25,0.62,-1,0.88,4.0,1.61,11
Lucchese,8,2,3,3,11,13,-2,9,Italy - Serie C - Group B,0.25,0.62,-2,1.38,4.0,1.61,11
Athletic Carpi,8,2,3,3,5,8,-3,9,Italy - Serie C - Group B,0.25,0.62,-3,0.62,4.0,1.61,11
Campobasso,8,1,4,3,8,9,-1,7,Italy - Serie C - Group B,0.12,0.62,-1,1.0,8.33,1.61,12
Sestri Levante,8,1,3,4,6,12,-6,6,Italy - Serie C - Group B,0.12,0.5,-6,0.75,8.33,2.0,13
AC Milan B,8,1,3,4,8,16,-8,6,Italy - Serie C - Group B,0.12,0.5,-8,1.0,8.33,2.0,13
Legnago Salus,8,0,2,6,5,16,-11,2,Italy - Serie C - Group B,0.0,0.25,-11,0.62,0.0,4.0,14
Avellino,8,6,1,1,20,5,15,19,Italy - Serie C - Group C,0.75,0.88,15,2.5,1.33,1.14,1
Juventus U23,8,5,2,1,8,2,6,17,Italy - Serie C - Group C,0.62,0.88,6,1.0,1.61,1.14,2
Monopoli,8,4,4,0,16,6,10,16,Italy - Serie C - Group C,0.5,1.0,10,2.0,2.0,1.0,3
A. Cerignola,8,4,4,0,15,8,7,16,Italy - Serie C - Group C,0.5,1.0,7,1.88,2.0,1.0,3
Potenza,8,4,2,2,17,6,11,14,Italy - Serie C - Group C,0.5,0.75,11,2.12,2.0,1.33,4
Altamura,8,4,2,2,16,12,4,14,Italy - Serie C - Group C,0.5,0.75,4,2.0,2.0,1.33,4
Trapani,8,4,1,3,14,9,5,13,Italy - Serie C - Group C,0.5,0.62,5,1.75,2.0,1.61,5
Picerno,8,3,4,1,9,6,3,13,Italy - Serie C - Group C,0.38,0.88,3,1.12,2.63,1.14,5
Benevento,8,3,4,1,10,8,2,13,Italy - Serie C - Group C,0.38,0.88,2,1.25,2.63,1.14,5
Latina,8,4,0,4,11,11,0,12,Italy - Serie C - Group C,0.5,0.5,0,1.38,2.0,2.0,6
Foggia,8,3,3,2,6,6,0,12,Italy - Serie C - Group C,0.38,0.75,0,0.75,2.63,1.33,6
Crotone,8,3,3,2,12,14,-2,12,Italy - Serie C - Group C,0.38,0.75,-2,1.5,2.63,1.33,6
Catania,8,3,2,3,11,8,3,11,Italy - Serie C - Group C,0.38,0.62,3,1.38,2.63,1.61,7
Cavese,8,3,2,3,9,7,2,11,Italy - Serie C - Group C,0.38,0.62,2,1.12,2.63,1.61,7
Sorrento,8,3,2,3,11,11,0,11,Italy - Serie C - Group C,0.38,0.62,0,1.38,2.63,1.61,7
Giugliano,8,3,1,4,10,13,-3,10,Italy - Serie C - Group C,0.38,0.5,-3,1.25,2.63,2.0,8
ACR Messina,8,2,1,5,5,13,-8,7,Italy - Serie C - Group C,0.25,0.38,-8,0.62,4.0,2.63,9
Taranto,8,2,1,5,3,16,-13,7,Italy - Serie C - Group C,0.25,0.38,-13,0.38,4.0,2.63,9
Casertana,8,0,5,3,3,7,-4,5,Italy - Serie C - Group C,0.0,0.62,-4,0.38,0.0,1.61,10
Turris,8,0,3,5,5,15,-10,3,Italy - Serie C - Group C,0.0,0.38,-10,0.62,0.0,2.63,11
Bra,8,8,0,0,24,2,22,24,Italy - Serie D - Group A,1.0,1.0,22,3.0,1.0,1.0,1
Citta di Varese,8,6,2,0,13,3,10,20,Italy - Serie D - Group A,0.75,1.0,10,1.62,1.33,1.0,2
Gozzano,8,6,2,0,14,6,8,20,Italy - Serie D - Group A,0.75,1.0,8,1.75,1.33,1.0,2
Saluzzo,8,5,1,2,16,7,9,16,Italy - Serie D - Group A,0.62,0.75,9,2.0,1.61,1.33,3
Vado,8,5,1,2,14,8,6,16,Italy - Serie D - Group A,0.62,0.75,6,1.75,1.61,1.33,3
Pro Imperia,8,4,3,1,17,6,11,15,Italy - Serie D - Group A,0.5,0.88,11,2.12,2.0,1.14,4
Ligorna,8,4,2,2,14,7,7,14,Italy - Serie D - Group A,0.5,0.75,7,1.75,2.0,1.33,5
Chisola,8,4,1,3,11,8,3,13,Italy - Serie D - Group A,0.5,0.62,3,1.38,2.0,1.61,6
Vogherese,8,3,3,2,13,10,3,12,Italy - Serie D - Group A,0.38,0.75,3,1.62,2.63,1.33,7
NovaRomentin,8,3,3,2,8,7,1,12,Italy - Serie D - Group A,0.38,0.75,1,1.0,2.63,1.33,7
Lavagnese,8,3,1,4,10,9,1,10,Italy - Serie D - Group A,0.38,0.5,1,1.25,2.63,2.0,8
Cairese,8,2,4,2,6,5,1,10,Italy - Serie D - Group A,0.25,0.75,1,0.75,4.0,1.33,8
Sanremese,8,2,3,3,6,6,0,9,Italy - Serie D - Group A,0.25,0.62,0,0.75,4.0,1.61,9
Oltrepo,8,2,3,3,10,11,-1,9,Italy - Serie D - Group A,0.25,0.62,-1,1.25,4.0,1.61,9
Asti,8,2,2,4,6,9,-3,8,Italy - Serie D - Group A,0.25,0.5,-3,0.75,4.0,2.0,10
Chieri,8,2,2,4,7,11,-4,8,Italy - Serie D - Group A,0.25,0.5,-4,0.88,4.0,2.0,10
Derthona,8,2,2,4,7,15,-8,8,Italy - Serie D - Group A,0.25,0.5,-8,0.88,4.0,2.0,10
Borgaro Nobis,8,2,1,5,7,15,-8,7,Italy - Serie D - Group A,0.25,0.38,-8,0.88,4.0,2.63,11
Fossano,8,2,0,6,4,11,-7,6,Italy - Serie D - Group A,0.25,0.25,-7,0.5,4.0,4.0,12
Albenga,8,1,0,7,4,24,-20,3,Italy - Serie D - Group A,0.12,0.12,-20,0.5,8.33,8.33,13
Chievo,8,7,1,0,15,7,8,22,Italy - Serie D - Group B,0.88,1.0,8,1.88,1.14,1.0,1
Desenxano,8,6,2,0,13,3,10,20,Italy - Serie D - Group B,0.75,1.0,10,1.62,1.33,1.0,2
F. Caratese,8,6,1,1,22,11,11,19,Italy - Serie D - Group B,0.75,0.88,11,2.75,1.33,1.14,3
USD Casatese,8,5,3,0,6,1,5,18,Italy - Serie D - Group B,0.62,1.0,5,0.75,1.61,1.0,4
Pro Palazzolo,8,5,2,1,16,4,12,17,Italy - Serie D - Group B,0.62,0.88,12,2.0,1.61,1.14,5
Ospitaletto,8,4,3,1,13,6,7,15,Italy - Serie D - Group B,0.5,0.88,7,1.62,2.0,1.14,6
Breno,8,3,4,1,10,6,4,13,Italy - Serie D - Group B,0.38,0.88,4,1.25,2.63,1.14,7
Vigasio,8,3,3,2,11,7,4,12,Italy - Serie D - Group B,0.38,0.75,4,1.38,2.63,1.33,8
Varesina,8,3,3,2,15,12,3,12,Italy - Serie D - Group B,0.38,0.75,3,1.88,2.63,1.33,8
Sangiuliano C.,8,3,3,2,9,8,1,12,Italy - Serie D - Group B,0.38,0.75,1,1.12,2.63,1.33,8
Fanfulla,8,3,2,3,8,8,0,11,Italy - Serie D - Group B,0.38,0.62,0,1.0,2.63,1.61,9
Club Milano,8,3,1,4,11,10,1,10,Italy - Serie D - Group B,0.38,0.5,1,1.38,2.63,2.0,10
Crema,8,3,1,4,9,10,-1,10,Italy - Serie D - Group B,0.38,0.5,-1,1.12,2.63,2.0,10
SantAngelo,8,1,6,1,7,7,0,9,Italy - Serie D - Group B,0.12,0.88,0,0.88,8.33,1.14,11
Pro Sesto,8,1,6,1,7,8,-1,9,Italy - Serie D - Group B,0.12,0.88,-1,0.88,8.33,1.14,11
Sondrio,8,2,3,3,9,11,-2,9,Italy - Serie D - Group B,0.25,0.62,-2,1.12,4.0,1.61,11
Magenta,8,2,2,4,6,11,-5,8,Italy - Serie D - Group B,0.25,0.5,-5,0.75,4.0,2.0,12
Arconatese,8,2,1,5,5,10,-5,7,Italy - Serie D - Group B,0.25,0.38,-5,0.62,4.0,2.63,13
Castellanzese,8,0,5,3,6,12,-6,5,Italy - Serie D - Group B,0.0,0.62,-6,0.75,0.0,1.61,14
Ciliverghe,8,1,1,6,6,13,-7,4,Italy - Serie D - Group B,0.12,0.25,-7,0.75,8.33,4.0,15
D. Bellunesi,8,8,0,0,20,6,14,24,Italy - Serie D - Group C,1.0,1.0,14,2.5,1.0,1.0,1
Villa Alme,8,6,1,1,17,7,10,19,Italy - Serie D - Group C,0.75,0.88,10,2.12,1.33,1.14,2
Treviso,8,6,1,1,11,5,6,19,Italy - Serie D - Group C,0.75,0.88,6,1.38,1.33,1.14,2
Adriese,8,4,4,0,12,2,10,16,Italy - Serie D - Group C,0.5,1.0,10,1.5,2.0,1.0,3
Cjarlins Muzane,8,5,1,2,12,8,4,16,Italy - Serie D - Group C,0.62,0.75,4,1.5,1.61,1.33,3
Bassano Virtus,8,5,1,2,9,5,4,16,Italy - Serie D - Group C,0.62,0.75,4,1.12,1.61,1.33,3
Campodarsego,8,4,3,1,14,9,5,15,Italy - Serie D - Group C,0.5,0.88,5,1.75,2.0,1.14,4
Brusaporto,8,4,2,2,16,12,4,14,Italy - Serie D - Group C,0.5,0.75,4,2.0,2.0,1.33,5
Real Calepina,8,4,2,2,13,9,4,14,Italy - Serie D - Group C,0.5,0.75,4,1.62,2.0,1.33,5
Calvi Noale,8,4,2,2,12,8,4,14,Italy - Serie D - Group C,0.5,0.75,4,1.5,2.0,1.33,5
Luparense,8,3,5,0,11,7,4,14,Italy - Serie D - Group C,0.38,1.0,4,1.38,2.63,1.0,5
Mestre,8,4,2,2,10,9,1,14,Italy - Serie D - Group C,0.5,0.75,1,1.25,2.0,1.33,5
Este,8,3,3,2,13,11,2,12,Italy - Serie D - Group C,0.38,0.75,2,1.62,2.63,1.33,6
Brian Lignano,8,4,0,4,12,10,2,12,Italy - Serie D - Group C,0.5,0.5,2,1.5,2.0,2.0,6
Caravaggio,8,4,0,4,11,12,-1,12,Italy - Serie D - Group C,0.5,0.5,-1,1.38,2.0,2.0,6
Portogruaro,8,2,5,1,4,3,1,11,Italy - Serie D - Group C,0.25,0.88,1,0.5,4.0,1.14,7
Montecchio M.,8,3,1,4,9,8,1,10,Italy - Serie D - Group C,0.38,0.5,1,1.12,2.63,2.0,8
Ciserano,8,1,4,3,13,14,-1,7,Italy - Serie D - Group C,0.12,0.62,-1,1.62,8.33,1.61,9
Chions,8,0,5,3,3,7,-4,5,Italy - Serie D - Group C,0.0,0.62,-4,0.38,0.0,1.61,10
Lavis,8,1,2,5,6,21,-15,5,Italy - Serie D - Group C,0.12,0.38,-15,0.75,8.33,2.63,10
Ravenna,8,7,1,0,12,2,10,22,Italy - Serie D - Group D,0.88,1.0,10,1.5,1.14,1.0,1
Tau Altopascio,8,7,0,1,18,5,13,21,Italy - Serie D - Group D,0.88,0.88,13,2.25,1.14,1.14,2
Forli,8,6,1,1,21,7,14,19,Italy - Serie D - Group D,0.75,0.88,14,2.62,1.33,1.14,3
Pistoiese,8,6,1,1,14,5,9,19,Italy - Serie D - Group D,0.75,0.88,9,1.75,1.33,1.14,3
Lentigione,8,5,1,2,12,7,5,16,Italy - Serie D - Group D,0.62,0.75,5,1.5,1.61,1.33,4
Prato,8,4,3,1,14,6,8,15,Italy - Serie D - Group D,0.5,0.88,8,1.75,2.0,1.14,5
Imolese,8,3,3,2,14,10,4,12,Italy - Serie D - Group D,0.38,0.75,4,1.75,2.63,1.33,6
Piacenza,8,3,3,2,9,7,2,12,Italy - Serie D - Group D,0.38,0.75,2,1.12,2.63,1.33,6
Progresso,8,2,5,1,3,2,1,11,Italy - Serie D - Group D,0.25,0.88,1,0.38,4.0,1.14,7
Tuttocuoio,8,2,4,2,6,8,-2,10,Italy - Serie D - Group D,0.25,0.75,-2,0.75,4.0,1.33,8
San Marino C.,8,3,1,4,5,10,-5,10,Italy - Serie D - Group D,0.38,0.5,-5,0.62,2.63,2.0,8
Sammaurese,8,3,0,5,12,10,2,9,Italy - Serie D - Group D,0.38,0.38,2,1.5,2.63,2.63,9
Corticella,8,3,0,5,11,13,-2,9,Italy - Serie D - Group D,0.38,0.38,-2,1.38,2.63,2.63,9
United Riccione,8,2,3,3,8,13,-5,9,Italy - Serie D - Group D,0.25,0.62,-5,1.0,4.0,1.61,9
Zenith Prato,8,2,3,3,6,12,-6,9,Italy - Serie D - Group D,0.25,0.62,-6,0.75,4.0,1.61,9
Cittadella Vis,8,2,2,4,10,8,2,8,Italy - Serie D - Group D,0.25,0.5,2,1.25,4.0,2.0,10
Sasso Marconi,8,1,3,4,8,13,-5,6,Italy - Serie D - Group D,0.12,0.5,-5,1.0,8.33,2.0,11
Fiorenzuola,8,1,2,5,6,10,-4,5,Italy - Serie D - Group D,0.12,0.38,-4,0.75,8.33,2.63,12
Livorno,8,5,2,1,20,8,12,17,Italy - Serie D - Group E,0.62,0.88,12,2.5,1.61,1.14,1
Fulgens Foligno,8,5,2,1,20,11,9,17,Italy - Serie D - Group E,0.62,0.88,9,2.5,1.61,1.14,1
Seravezza,8,5,2,1,15,6,9,17,Italy - Serie D - Group E,0.62,0.88,9,1.88,1.61,1.14,1
Ostia Mare,8,5,1,2,12,9,3,16,Italy - Serie D - Group E,0.62,0.75,3,1.5,1.61,1.33,2
Grosseto,8,4,3,1,8,3,5,15,Italy - Serie D - Group E,0.5,0.88,5,1.0,2.0,1.14,3
Sangiovannese,8,4,2,2,9,4,5,14,Italy - Serie D - Group E,0.5,0.75,5,1.12,2.0,1.33,4
Ghiviborgo,8,4,0,4,17,18,-1,12,Italy - Serie D - Group E,0.5,0.5,-1,2.12,2.0,2.0,5
San Donato,8,3,2,3,6,6,0,11,Italy - Serie D - Group E,0.38,0.62,0,0.75,2.63,1.61,6
S. Trestina,8,2,4,2,12,11,1,10,Italy - Serie D - Group E,0.25,0.75,1,1.5,4.0,1.33,7
Figline,8,2,4,2,5,4,1,10,Italy - Serie D - Group E,0.25,0.75,1,0.62,4.0,1.33,7
Montevarchi,8,3,1,4,8,9,-1,10,Italy - Serie D - Group E,0.38,0.5,-1,1.0,2.63,2.0,7
Orvietana,8,3,1,4,8,11,-3,10,Italy - Serie D - Group E,0.38,0.5,-3,1.0,2.63,2.0,7
FC Siena,8,3,0,5,7,9,-2,9,Italy - Serie D - Group E,0.38,0.38,-2,0.88,2.63,2.63,8
Fezzanese,8,3,0,5,8,12,-4,9,Italy - Serie D - Group E,0.38,0.38,-4,1.0,2.63,2.63,8
Poggibonsi,8,2,2,4,9,10,-1,8,Italy - Serie D - Group E,0.25,0.5,-1,1.12,4.0,2.0,9
Gavorrano,8,2,1,5,10,11,-1,7,Italy - Serie D - Group E,0.25,0.38,-1,1.25,4.0,2.63,10
T. Traiana,8,1,4,3,7,9,-2,7,Italy - Serie D - Group E,0.12,0.62,-2,0.88,8.33,1.61,10
Flaminia,8,0,2,6,5,13,-8,2,Italy - Serie D - Group E,0.0,0.25,-8,0.62,0.0,4.0,11
Sambenedettese,8,6,1,1,14,4,10,19,Italy - Serie D - Group F,0.75,0.88,10,1.75,1.33,1.14,1
LAquila,8,6,0,2,13,7,6,18,Italy - Serie D - Group F,0.75,0.75,6,1.62,1.33,1.33,2
Teramo,8,4,3,1,14,5,9,15,Italy - Serie D - Group F,0.5,0.88,9,1.75,2.0,1.14,3
Ancona 1905,8,4,2,2,7,4,3,14,Italy - Serie D - Group F,0.5,0.75,3,0.88,2.0,1.33,4
Chieti,8,3,3,2,12,9,3,12,Italy - Serie D - Group F,0.38,0.75,3,1.5,2.63,1.33,5
Castelfidardo,8,4,0,4,11,10,1,12,Italy - Serie D - Group F,0.5,0.5,1,1.38,2.0,2.0,5
Atletico Ascoli,8,3,2,3,13,11,2,11,Italy - Serie D - Group F,0.38,0.62,2,1.62,2.63,1.61,6
Roma City,8,3,2,3,9,8,1,11,Italy - Serie D - Group F,0.38,0.62,1,1.12,2.63,1.61,6
Recanatese,8,3,2,3,13,18,-5,11,Italy - Serie D - Group F,0.38,0.62,-5,1.62,2.63,1.61,6
Fossombrone,8,2,4,2,11,11,0,10,Italy - Serie D - Group F,0.25,0.75,0,1.38,4.0,1.33,7
V. Senigallia,8,2,4,2,8,8,0,10,Italy - Serie D - Group F,0.25,0.75,0,1.0,4.0,1.33,7
Avezzano,8,2,3,3,7,10,-3,9,Italy - Serie D - Group F,0.25,0.62,-3,0.88,4.0,1.61,8
Fermana,8,1,5,2,8,8,0,8,Italy - Serie D - Group F,0.12,0.75,0,1.0,8.33,1.33,9
Sora,8,1,5,2,4,5,-1,8,Italy - Serie D - Group F,0.12,0.75,-1,0.5,8.33,1.33,9
Civitanovese,8,1,4,3,6,7,-1,7,Italy - Serie D - Group F,0.12,0.62,-1,0.75,8.33,1.61,10
San Nicolo,8,2,1,5,5,8,-3,7,Italy - Serie D - Group F,0.25,0.38,-3,0.62,4.0,2.63,10
Isernia,8,1,3,4,4,14,-10,6,Italy - Serie D - Group F,0.12,0.5,-10,0.5,8.33,2.0,11
Termoli Calcio,8,1,2,5,7,11,-4,5,Italy - Serie D - Group F,0.12,0.38,-4,0.88,8.33,2.63,12
Cassino,8,6,2,0,15,4,11,20,Italy - Serie D - Group G,0.75,1.0,11,1.88,1.33,1.0,1
Puteolana,8,6,1,1,17,7,10,19,Italy - Serie D - Group G,0.75,0.88,10,2.12,1.33,1.14,2
Latte Dolce,8,6,0,2,19,7,12,18,Italy - Serie D - Group G,0.75,0.75,12,2.38,1.33,1.33,3
Gelbison,8,5,2,1,17,9,8,17,Italy - Serie D - Group G,0.62,0.88,8,2.12,1.61,1.14,4
Paganese,8,4,4,0,9,1,8,16,Italy - Serie D - Group G,0.5,1.0,8,1.12,2.0,1.0,5
Sarnese,8,5,1,2,17,11,6,16,Italy - Serie D - Group G,0.62,0.75,6,2.12,1.61,1.33,5
Savoia,8,5,1,2,11,6,5,16,Italy - Serie D - Group G,0.62,0.75,5,1.38,1.61,1.33,5
Trastevere,8,4,3,1,13,9,4,15,Italy - Serie D - Group G,0.5,0.88,4,1.62,2.0,1.14,6
R. Monterotondo,8,4,2,2,16,6,10,14,Italy - Serie D - Group G,0.5,0.75,10,2.0,2.0,1.33,7
Guidonia,8,3,4,1,14,7,7,13,Italy - Serie D - Group G,0.38,0.88,7,1.75,2.63,1.14,8
Olbia,8,4,1,3,12,12,0,13,Italy - Serie D - Group G,0.5,0.62,0,1.5,2.0,1.61,8
Atletico Uri,8,2,5,1,10,9,1,11,Italy - Serie D - Group G,0.25,0.88,1,1.25,4.0,1.14,9
Anzio,8,3,2,3,11,11,0,11,Italy - Serie D - Group G,0.38,0.62,0,1.38,2.63,1.61,9
A. Lodigiani,8,2,4,2,10,9,1,10,Italy - Serie D - Group G,0.25,0.75,1,1.25,4.0,1.33,10
Ilvamaddalena,8,2,3,3,8,8,0,9,Italy - Serie D - Group G,0.25,0.62,0,1.0,4.0,1.61,11
CynthiAlbalonga,8,2,2,4,8,10,-2,8,Italy - Serie D - Group G,0.25,0.5,-2,1.0,4.0,2.0,12
Terracina,8,1,3,4,5,9,-4,6,Italy - Serie D - Group G,0.12,0.5,-4,0.62,8.33,2.0,13
S. Ogliastra,8,1,2,5,4,12,-8,5,Italy - Serie D - Group G,0.12,0.38,-8,0.5,8.33,2.63,14
Fidelis Andria,8,7,0,1,11,4,7,21,Italy - Serie D - Group H,0.88,0.88,7,1.38,1.14,1.14,1
Casarano,8,6,2,0,10,3,7,20,Italy - Serie D - Group H,0.75,1.0,7,1.25,1.33,1.0,2
Martina Franca,8,6,1,1,15,4,11,19,Italy - Serie D - Group H,0.75,0.88,11,1.88,1.33,1.14,3
Brindisi,8,4,4,0,15,6,9,16,Italy - Serie D - Group H,0.5,1.0,9,1.88,2.0,1.0,4
Citta di Fasano,8,4,3,1,12,4,8,15,Italy - Serie D - Group H,0.5,0.88,8,1.5,2.0,1.14,5
Ugento,8,4,2,2,14,7,7,14,Italy - Serie D - Group H,0.5,0.75,7,1.75,2.0,1.33,6
Real Acerrana,8,4,2,2,14,11,3,14,Italy - Serie D - Group H,0.5,0.75,3,1.75,2.0,1.33,6
Nocerina,8,3,4,1,10,7,3,13,Italy - Serie D - Group H,0.38,0.88,3,1.25,2.63,1.14,7
Matera,8,3,3,2,12,8,4,12,Italy - Serie D - Group H,0.38,0.75,4,1.5,2.63,1.33,8
Nardo,8,3,2,3,15,8,7,11,Italy - Serie D - Group H,0.38,0.62,7,1.88,2.63,1.61,9
V. Francavilla,8,3,2,3,11,12,-1,11,Italy - Serie D - Group H,0.38,0.62,-1,1.38,2.63,1.61,9
Manfredonia,8,2,4,2,11,9,2,10,Italy - Serie D - Group H,0.25,0.75,2,1.38,4.0,1.33,10
Gravina,8,3,1,4,11,12,-1,10,Italy - Serie D - Group H,0.38,0.5,-1,1.38,2.63,2.0,10
Ischia,8,2,4,2,14,16,-2,10,Italy - Serie D - Group H,0.25,0.75,-2,1.75,4.0,1.33,10
Angri Calcio,8,2,2,4,10,14,-4,8,Italy - Serie D - Group H,0.25,0.5,-4,1.25,4.0,2.0,11
USD Palmese,8,2,1,5,6,11,-5,7,Italy - Serie D - Group H,0.25,0.38,-5,0.75,4.0,2.63,12
Costa DAmalfi,8,1,4,3,7,14,-7,7,Italy - Serie D - Group H,0.12,0.62,-7,0.88,8.33,1.61,12
Francavilla,8,2,0,6,8,13,-5,6,Italy - Serie D - Group H,0.25,0.25,-5,1.0,4.0,4.0,13
Siracusa,8,7,0,1,22,3,19,21,Italy - Serie D - Group I,0.88,0.88,19,2.75,1.14,1.14,1
Reggina,8,6,2,0,19,6,13,20,Italy - Serie D - Group I,0.75,1.0,13,2.38,1.33,1.0,2
Sambiase,8,6,2,0,17,6,11,20,Italy - Serie D - Group I,0.75,1.0,11,2.12,1.33,1.0,2
Nissa,8,5,3,0,17,9,8,18,Italy - Serie D - Group I,0.62,1.0,8,2.12,1.61,1.0,3
Paterno,8,4,4,0,6,2,4,16,Italy - Serie D - Group I,0.5,1.0,4,0.75,2.0,1.0,4
Vibonese,8,5,0,3,15,4,11,15,Italy - Serie D - Group I,0.62,0.62,11,1.88,1.61,1.61,5
Scafatese,8,4,3,1,12,4,8,15,Italy - Serie D - Group I,0.5,0.88,8,1.5,2.0,1.14,5
Igea Virtus,8,4,3,1,11,7,4,15,Italy - Serie D - Group I,0.5,0.88,4,1.38,2.0,1.14,5
Acireale,8,5,0,3,13,12,1,15,Italy - Serie D - Group I,0.62,0.62,1,1.62,1.61,1.61,5
Sancataldese,8,3,5,0,11,5,6,14,Italy - Serie D - Group I,0.38,1.0,6,1.38,2.63,1.0,6
CD S. Agata,8,2,3,3,11,11,0,9,Italy - Serie D - Group I,0.25,0.62,0,1.38,4.0,1.61,7
CastrumFavara,8,2,3,3,8,9,-1,9,Italy - Serie D - Group I,0.25,0.62,-1,1.0,4.0,1.61,7
Enna,8,1,6,1,7,9,-2,9,Italy - Serie D - Group I,0.12,0.88,-2,0.88,8.33,1.14,7
Locri 1909,8,2,2,4,10,14,-4,8,Italy - Serie D - Group I,0.25,0.5,-4,1.25,4.0,2.0,8
Pompei,8,2,2,4,6,12,-6,8,Italy - Serie D - Group I,0.25,0.5,-6,0.75,4.0,2.0,8
Ragusa,8,1,4,3,5,7,-2,7,Italy - Serie D - Group I,0.12,0.62,-2,0.62,8.33,1.61,9
Licata,8,2,1,5,9,13,-4,7,Italy - Serie D - Group I,0.25,0.38,-4,1.12,4.0,2.63,9
Akragas,8,1,2,5,4,10,-6,5,Italy - Serie D - Group I,0.12,0.38,-6,0.5,8.33,2.63,10
Sassuolo U20,8,7,0,1,16,8,8,21,Italy - Primavera 1,0.88,0.88,8,2.0,1.14,1.14,1
Inter Milan U20,8,5,2,1,19,13,6,17,Italy - Primavera 1,0.62,0.88,6,2.38,1.61,1.14,2
Monza U20,8,5,0,3,18,10,8,15,Italy - Primavera 1,0.62,0.62,8,2.25,1.61,1.61,3
Lazio U20,8,4,3,1,15,8,7,15,Italy - Primavera 1,0.5,0.88,7,1.88,2.0,1.14,3
Cagliari U20,8,4,3,1,12,5,7,15,Italy - Primavera 1,0.5,0.88,7,1.5,2.0,1.14,3
Roma U20,8,4,3,1,12,6,6,15,Italy - Primavera 1,0.5,0.88,6,1.5,2.0,1.14,3
Cesena U20,8,4,3,1,19,14,5,15,Italy - Primavera 1,0.5,0.88,5,2.38,2.0,1.14,3
Lecce U20,8,5,0,3,13,10,3,15,Italy - Primavera 1,0.62,0.62,3,1.62,1.61,1.61,3
Fiorentina U20,8,4,2,2,15,11,4,14,Italy - Primavera 1,0.5,0.75,4,1.88,2.0,1.33,4
Torino U20,8,4,2,2,11,7,4,14,Italy - Primavera 1,0.5,0.75,4,1.38,2.0,1.33,4
Cremonese U20,8,4,2,2,13,10,3,14,Italy - Primavera 1,0.5,0.75,3,1.62,2.0,1.33,4
Milan U20,8,4,1,3,11,8,3,13,Italy - Primavera 1,0.5,0.62,3,1.38,2.0,1.61,5
Empoli U20,8,4,1,3,10,8,2,13,Italy - Primavera 1,0.5,0.62,2,1.25,2.0,1.61,5
Juventus U20,8,4,1,3,11,12,-1,13,Italy - Primavera 1,0.5,0.62,-1,1.38,2.0,1.61,5
H. Verona U20,8,2,3,3,11,14,-3,9,Italy - Primavera 1,0.25,0.62,-3,1.38,4.0,1.61,6
Atalanta U20,8,2,2,4,13,15,-2,8,Italy - Primavera 1,0.25,0.5,-2,1.62,4.0,2.0,7
Genoa U20,8,2,2,4,9,12,-3,8,Italy - Primavera 1,0.25,0.5,-3,1.12,4.0,2.0,7
Sampdoria U20,8,2,1,5,15,16,-1,7,Italy - Primavera 1,0.25,0.38,-1,1.88,4.0,2.63,8
Bologna U20,8,2,1,5,13,17,-4,7,Italy - Primavera 1,0.25,0.38,-4,1.62,4.0,2.63,8
Udinese U20,8,1,3,4,8,21,-13,6,Italy - Primavera 1,0.12,0.5,-13,1.0,8.33,2.0,9
Mount Pleasant,8,8,0,0,24,2,22,24,jamaica,1.0,1.0,22,3.0,1.0,1.0,1
Montego Bay,8,6,2,0,17,5,12,20,jamaica,0.75,1.0,12,2.12,1.33,1.0,2
Arnett Gardens,8,5,2,1,14,6,8,17,jamaica,0.62,0.88,8,1.75,1.61,1.14,3
Portmore Utd,8,3,4,1,12,4,8,13,jamaica,0.38,0.88,8,1.5,2.63,1.14,4
Cavalier,8,3,4,1,16,11,5,13,jamaica,0.38,0.88,5,2.0,2.63,1.14,4
Harbour View,8,3,3,2,10,6,4,12,jamaica,0.38,0.75,4,1.25,2.63,1.33,5
Tivoli Gardens,8,3,2,3,20,13,7,11,jamaica,0.38,0.62,7,2.5,2.63,1.61,6
Racing United,8,3,2,3,8,11,-3,11,jamaica,0.38,0.62,-3,1.0,2.63,1.61,6
Dunbeholden,8,2,3,3,10,12,-2,9,jamaica,0.25,0.62,-2,1.25,4.0,1.61,7
Waterhouse,8,2,2,4,7,12,-5,8,jamaica,0.25,0.5,-5,0.88,4.0,2.0,8
Molynes Utd,8,2,1,5,6,13,-7,7,jamaica,0.25,0.38,-7,0.75,4.0,2.63,9
Chapelton,8,1,3,4,7,11,-4,6,jamaica,0.12,0.5,-4,0.88,8.33,2.0,10
Humble Lions,8,1,2,5,4,10,-6,5,jamaica,0.12,0.38,-6,0.5,8.33,2.63,11
Vere Utd,8,1,1,6,5,24,-19,4,jamaica,0.12,0.25,-19,0.62,8.33,4.0,12
S. Hiroshima,8,7,0,1,21,6,15,21,japan,0.88,0.88,15,2.62,1.14,1.14,1
Vissel Kobe,8,5,2,1,15,8,7,17,japan,0.62,0.88,7,1.88,1.61,1.14,2
C. Sapporo,8,4,3,1,14,9,5,15,japan,0.5,0.88,5,1.75,2.0,1.14,3
Nagoya G.,8,5,0,3,11,8,3,15,japan,0.62,0.62,3,1.38,1.61,1.61,3
K. Frontale,8,4,2,2,18,12,6,14,japan,0.5,0.75,6,2.25,2.0,1.33,4
Kashima Antlers,8,3,5,0,10,4,6,14,japan,0.38,1.0,6,1.25,2.63,1.0,4
Kyoto Sanga,8,3,4,1,13,8,5,13,japan,0.38,0.88,5,1.62,2.63,1.14,5
Gamba Osaka,8,3,3,2,11,9,2,12,japan,0.38,0.75,2,1.38,2.63,1.33,6
Machida Zelvia,8,3,2,3,12,9,3,11,japan,0.38,0.62,3,1.5,2.63,1.61,7
FC Tokyo,8,3,2,3,10,8,2,11,japan,0.38,0.62,2,1.25,2.63,1.61,7
Tokyo Verdy,8,3,1,4,11,12,-1,10,japan,0.38,0.5,-1,1.38,2.63,2.0,8
Avispa Fukuoka,8,3,0,5,5,10,-5,9,japan,0.38,0.38,-5,0.62,2.63,2.63,9
Urawa RD,8,2,2,4,10,11,-1,8,japan,0.25,0.5,-1,1.25,4.0,2.0,10
Yokohama M.,8,2,2,4,10,11,-1,8,japan,0.25,0.5,-1,1.25,4.0,2.0,10
Shonan Bellmare,8,2,2,4,11,13,-2,8,japan,0.25,0.5,-2,1.38,4.0,2.0,10
Sagan Tosu,8,2,2,4,9,12,-3,8,japan,0.25,0.5,-3,1.12,4.0,2.0,10
Albirex Niigata,8,2,2,4,9,13,-4,8,japan,0.25,0.5,-4,1.12,4.0,2.0,10
Cerezo Osaka,8,2,2,4,7,11,-4,8,japan,0.25,0.5,-4,0.88,4.0,2.0,10
Kashiwa Reysol,8,1,4,3,8,11,-3,7,japan,0.12,0.62,-3,1.0,8.33,1.61,11
Jubilo Iwata,8,2,1,5,12,16,-4,7,japan,0.25,0.38,-4,1.5,4.0,2.63,11
M. Yamagata,8,6,0,2,18,7,11,18,japan2,0.75,0.75,11,2.25,1.33,1.33,1
Shimizu S-Pulse,8,5,2,1,16,5,11,17,japan2,0.62,0.88,11,2.0,1.61,1.14,2
V-V. Nagasaki,8,5,1,2,20,9,11,16,japan2,0.62,0.75,11,2.5,1.61,1.33,3
Vegalta Sendai,8,5,1,2,14,8,6,16,japan2,0.62,0.75,6,1.75,1.61,1.33,3
Blaublitz Akita,8,5,1,2,8,4,4,16,japan2,0.62,0.75,4,1.0,1.61,1.33,3
Fagiano Okayama,8,4,3,1,9,3,6,15,japan2,0.5,0.88,6,1.12,2.0,1.14,4
JEF Utd Chiba,8,5,0,3,16,11,5,15,japan2,0.62,0.62,5,2.0,1.61,1.61,4
Yokohama FC,8,4,3,1,9,6,3,15,japan2,0.5,0.88,3,1.12,2.0,1.14,4
Tokushima V.,8,4,2,2,13,7,6,14,japan2,0.5,0.75,6,1.62,2.0,1.33,5
Ventforet Kofu,8,4,1,3,16,12,4,13,japan2,0.5,0.62,4,2.0,2.0,1.61,6
R. Yamaguchi,8,4,1,3,10,8,2,13,japan2,0.5,0.62,2,1.25,2.0,1.61,6
Oita Trinita,8,3,2,3,6,9,-3,11,japan2,0.38,0.62,-3,0.75,2.63,1.61,7
R. Kumamoto,8,3,1,4,13,10,3,10,japan2,0.38,0.5,3,1.62,2.63,2.0,8
Fujieda MYFC,8,3,1,4,12,10,2,10,japan2,0.38,0.5,2,1.5,2.63,2.0,8
Iwaki,8,3,1,4,11,10,1,10,japan2,0.38,0.5,1,1.38,2.63,2.0,8
Mito Hollyhock,8,2,4,2,11,11,0,10,japan2,0.25,0.75,0,1.38,4.0,1.33,8
Kagoshima Utd,8,2,2,4,11,10,1,8,japan2,0.25,0.5,1,1.38,4.0,2.0,9
Tochigi SC,8,1,4,3,7,9,-2,7,japan2,0.12,0.62,-2,0.88,8.33,1.61,10
Kusatsu,8,1,2,5,5,10,-5,5,japan2,0.12,0.38,-5,0.62,8.33,2.63,11
Ehime FC,8,1,1,6,7,19,-12,4,japan2,0.12,0.25,-12,0.88,8.33,4.0,12
FC Imabari,8,6,2,0,19,6,13,20,japan3,0.75,1.0,13,2.38,1.33,1.0,1
Omiya Ardija,8,6,1,1,22,10,12,19,japan3,0.75,0.88,12,2.75,1.33,1.14,2
T. Miyazaki,8,6,1,1,15,7,8,19,japan3,0.75,0.88,8,1.88,1.33,1.14,2
Gainare Tottori,8,6,1,1,14,11,3,19,japan3,0.75,0.88,3,1.75,1.33,1.14,2
FC Gifu,8,5,1,2,17,8,9,16,japan3,0.62,0.75,9,2.12,1.61,1.33,3
Kataller Toyama,8,4,3,1,19,12,7,15,japan3,0.5,0.88,7,2.38,2.0,1.14,4
Osaka,8,4,2,2,13,8,5,14,japan3,0.5,0.75,5,1.62,2.0,1.33,5
Fukushima Utd,8,4,1,3,14,11,3,13,japan3,0.5,0.62,3,1.75,2.0,1.61,6
V. Hachinohe,8,3,3,2,13,10,3,12,japan3,0.38,0.75,3,1.62,2.63,1.33,7
Matsumoto Y.,8,3,3,2,12,11,1,12,japan3,0.38,0.75,1,1.5,2.63,1.33,7
SC Sagamihara,8,3,2,3,9,10,-1,11,japan3,0.38,0.62,-1,1.12,2.63,1.61,8
FC Ryukyu,8,2,4,2,10,10,0,10,japan3,0.25,0.75,0,1.25,4.0,1.33,9
G. Kitakyushu,8,2,3,3,7,10,-3,9,japan3,0.25,0.62,-3,0.88,4.0,1.61,10
Nara Club,8,1,5,2,6,8,-2,8,japan3,0.12,0.75,-2,0.75,8.33,1.33,11
YSCC,8,1,4,3,9,11,-2,7,japan3,0.12,0.62,-2,1.12,8.33,1.61,12
AC Numazu,8,2,1,5,8,10,-2,7,japan3,0.25,0.38,-2,1.0,4.0,2.63,12
Kamatamare S.,8,2,1,5,10,13,-3,7,japan3,0.25,0.38,-3,1.25,4.0,2.63,12
Nagano Parceiro,8,1,4,3,6,9,-3,7,japan3,0.12,0.62,-3,0.75,8.33,1.61,12
Z. Kanazawa,8,1,2,5,6,11,-5,5,japan3,0.12,0.38,-5,0.75,8.33,2.63,13
Morioka,8,1,0,7,8,26,-18,3,japan3,0.12,0.12,-18,1.0,8.33,8.33,14
FC Astana,8,6,0,2,18,8,10,18,kazakhstan,0.75,0.75,10,2.25,1.33,1.33,1
Kairat Almaty,8,5,2,1,19,9,10,17,kazakhstan,0.62,0.88,10,2.38,1.61,1.14,2
Kaisar K.,8,5,2,1,13,5,8,17,kazakhstan,0.62,0.88,8,1.62,1.61,1.14,2
Aktobe,8,5,1,2,15,9,6,16,kazakhstan,0.62,0.75,6,1.88,1.61,1.33,3
Tobol,8,5,1,2,10,5,5,16,kazakhstan,0.62,0.75,5,1.25,1.61,1.33,3
Ordabasy,8,5,1,2,14,10,4,16,kazakhstan,0.62,0.75,4,1.75,1.61,1.33,3
Yelimay Semey,8,4,3,1,15,9,6,15,kazakhstan,0.5,0.88,6,1.88,2.0,1.14,4
Atyrau,8,4,3,1,10,5,5,15,kazakhstan,0.5,0.88,5,1.25,2.0,1.14,4
Kyzylzhar,8,4,1,3,10,8,2,13,kazakhstan,0.5,0.62,2,1.25,2.0,1.61,5
Turan,8,3,2,3,8,9,-1,11,kazakhstan,0.38,0.62,-1,1.0,2.63,1.61,6
Zhenys,8,3,1,4,7,9,-2,10,kazakhstan,0.38,0.5,-2,0.88,2.63,2.0,7
Zhetysu,8,1,3,4,7,12,-5,6,kazakhstan,0.12,0.5,-5,0.88,8.33,2.0,8
S. Karagandy,8,0,3,5,5,15,-10,3,kazakhstan,0.0,0.38,-10,0.62,0.0,2.63,9
Aksu,0,0,0,0,0,0,0,0,kazakhstan,0.0,0.0,0,0.0,0.0,0.0,10
Drita,8,7,1,0,18,6,12,22,kosovo,0.88,1.0,12,2.25,1.14,1.0,1
Ballkani,8,6,1,1,17,8,9,19,kosovo,0.75,0.88,9,2.12,1.33,1.14,2
Prishtina,8,4,4,0,13,6,7,16,kosovo,0.5,1.0,7,1.62,2.0,1.0,3
Malisheva,8,4,2,2,11,10,1,14,kosovo,0.5,0.75,1,1.38,2.0,1.33,4
Suhareka,8,4,1,3,13,10,3,13,kosovo,0.5,0.62,3,1.62,2.0,1.61,5
Gjilani,8,4,1,3,10,8,2,13,kosovo,0.5,0.62,2,1.25,2.0,1.61,5
Llapi,8,2,5,1,8,5,3,11,kosovo,0.25,0.88,3,1.0,4.0,1.14,6
Dukagjini,8,3,2,3,7,9,-2,11,kosovo,0.38,0.62,-2,0.88,2.63,1.61,6
Ferizaj,8,2,2,4,9,11,-2,8,kosovo,0.25,0.5,-2,1.12,4.0,2.0,7
Feronikeli,8,2,2,4,6,12,-6,8,kosovo,0.25,0.5,-6,0.75,4.0,2.0,7
Al Kuwait,6,6,0,0,18,0,18,18,kuwait,1.0,1.0,18,3.0,1.0,1.0,1
Al Arabi SC,5,5,0,0,9,2,7,15,kuwait,1.0,1.0,7,1.8,1.0,1.0,2
Al Qadsia,7,5,0,2,12,8,4,15,kuwait,0.71,0.71,4,1.71,1.41,1.41,2
Al Salmiyah,8,4,1,3,17,15,2,13,kuwait,0.5,0.62,2,2.12,2.0,1.61,3
Al Fahaheel,8,4,0,4,14,13,1,12,kuwait,0.5,0.5,1,1.75,2.0,2.0,4
Kazma,6,3,1,2,10,7,3,10,kuwait,0.5,0.67,3,1.67,2.0,1.49,5
Al Tadhamon,7,3,1,3,10,13,-3,10,kuwait,0.43,0.57,-3,1.43,2.33,1.75,5
Yarmouk,6,0,3,3,9,15,-6,3,kuwait,0.0,0.5,-6,1.5,0.0,2.0,6
Khaitan,6,0,3,3,6,13,-7,3,kuwait,0.0,0.5,-7,1.0,0.0,2.0,6
Al Nasar,6,0,2,4,5,15,-10,2,kuwait,0.0,0.33,-10,0.83,0.0,3.03,7
Riga FC,8,7,1,0,29,3,26,22,latvia,0.88,1.0,26,3.62,1.14,1.0,1
RFS,8,6,0,2,27,7,20,18,latvia,0.75,0.75,20,3.38,1.33,1.33,2
Auda,8,5,2,1,16,4,12,17,latvia,0.62,0.88,12,2.0,1.61,1.14,3
Liepaja,8,3,2,3,12,12,0,11,latvia,0.38,0.62,0,1.5,2.63,1.61,4
Valmiera,8,3,1,4,16,12,4,10,latvia,0.38,0.5,4,2.0,2.63,2.0,5
Metta,8,3,1,4,11,15,-4,10,latvia,0.38,0.5,-4,1.38,2.63,2.0,5
Daugavpils,8,2,2,4,12,16,-4,8,latvia,0.25,0.5,-4,1.5,4.0,2.0,6
FS Jelgava,8,2,2,4,6,13,-7,8,latvia,0.25,0.5,-7,0.75,4.0,2.0,6
Grobina,8,2,0,6,11,17,-6,6,latvia,0.25,0.25,-6,1.38,4.0,4.0,7
Tukums,8,1,2,5,8,20,-12,5,latvia,0.12,0.38,-12,1.0,8.33,2.63,8
Zalgiris,8,6,1,1,20,9,11,19,lithuania,0.75,0.88,11,2.5,1.33,1.14,1
Hegelmann L.,8,5,2,1,17,8,9,17,lithuania,0.62,0.88,9,2.12,1.61,1.14,2
Siauliai,8,5,1,2,10,9,1,16,lithuania,0.62,0.75,1,1.25,1.61,1.33,3
Suduva,8,2,5,1,6,4,2,11,lithuania,0.25,0.88,2,0.75,4.0,1.14,4
Kauno Zalgiris,8,3,2,3,8,8,0,11,lithuania,0.38,0.62,0,1.0,2.63,1.61,4
TransINVEST,8,3,2,3,9,10,-1,11,lithuania,0.38,0.62,-1,1.12,2.63,1.61,4
Banga,8,2,3,3,12,14,-2,9,lithuania,0.25,0.62,-2,1.5,4.0,1.61,5
Panevezys,8,2,3,3,5,7,-2,9,lithuania,0.25,0.62,-2,0.62,4.0,1.61,5
Dainava,8,2,1,5,7,15,-8,7,lithuania,0.25,0.38,-8,0.88,4.0,2.63,6
Dziugas Telsiai,8,1,2,5,8,17,-9,5,lithuania,0.12,0.38,-9,1.0,8.33,2.63,7
Be1 NFA,8,7,1,0,21,3,18,22,lithuania2,0.88,1.0,18,2.62,1.14,1.0,1
Riteriai,8,7,0,1,25,3,22,21,lithuania2,0.88,0.88,22,3.12,1.14,1.14,2
Babrungas,8,6,2,0,17,3,14,20,lithuania2,0.75,1.0,14,2.12,1.33,1.0,3
Hegelmann B,8,6,1,1,14,6,8,19,lithuania2,0.75,0.88,8,1.75,1.33,1.14,4
Neptuna K.,8,5,1,2,21,14,7,16,lithuania2,0.62,0.75,7,2.62,1.61,1.33,5
Nevezis,8,4,3,1,20,9,11,15,lithuania2,0.5,0.88,11,2.5,2.0,1.14,6
Tauras,8,4,1,3,13,6,7,13,lithuania2,0.5,0.62,7,1.62,2.0,1.61,7
Atmosfera,8,4,0,4,10,10,0,12,lithuania2,0.5,0.5,0,1.25,2.0,2.0,8
BFA Vilnius,8,3,1,4,16,12,4,10,lithuania2,0.38,0.5,4,2.0,2.63,2.0,9
Ekranas,8,3,1,4,10,11,-1,10,lithuania2,0.38,0.5,-1,1.25,2.63,2.0,9
Minija,8,2,3,3,5,9,-4,9,lithuania2,0.25,0.62,-4,0.62,4.0,1.61,10
Kauno Z. B,8,2,3,3,9,16,-7,9,lithuania2,0.25,0.62,-7,1.12,4.0,1.61,10
Garliava,8,2,2,4,12,17,-5,8,lithuania2,0.25,0.5,-5,1.5,4.0,2.0,11
Panevezys B,8,2,2,4,7,14,-7,8,lithuania2,0.25,0.5,-7,0.88,4.0,2.0,11
Siauliai B,8,2,0,6,11,16,-5,6,lithuania2,0.25,0.25,-5,1.38,4.0,4.0,12
Banga B,8,0,3,5,5,16,-11,3,lithuania2,0.0,0.38,-11,0.62,0.0,2.63,13
Racing,8,8,0,0,21,5,16,24,luxembourg,1.0,1.0,16,2.62,1.0,1.0,1
Hesperange,7,6,1,0,21,1,20,19,luxembourg,0.86,1.0,20,3.0,1.16,1.0,2
Differdange,7,6,1,0,14,1,13,19,luxembourg,0.86,1.0,13,2.0,1.16,1.0,2
Dudelange,8,6,1,1,23,11,12,19,luxembourg,0.75,0.88,12,2.88,1.33,1.14,2
Niedercorn,8,5,3,0,21,9,12,18,luxembourg,0.62,1.0,12,2.62,1.61,1.0,3
Jeunesse Esch,7,4,3,0,14,7,7,15,luxembourg,0.57,1.0,7,2.0,1.75,1.0,4
UNA Strassen,8,4,2,2,16,6,10,14,luxembourg,0.5,0.75,10,2.0,2.0,1.33,5
Mondorf,8,4,2,2,12,13,-1,14,luxembourg,0.5,0.75,-1,1.5,2.0,1.33,5
V. Rosport,7,4,1,2,7,5,2,13,luxembourg,0.57,0.71,2,1.0,1.75,1.41,6
Petange,8,3,2,3,13,6,7,11,luxembourg,0.38,0.62,7,1.62,2.63,1.61,7
Rodange,7,2,2,3,10,16,-6,8,luxembourg,0.29,0.57,-6,1.43,3.45,1.75,8
Hostert,7,2,1,4,12,20,-8,7,luxembourg,0.29,0.43,-8,1.71,3.45,2.33,9
Fola Esch,8,2,1,5,2,16,-14,7,luxembourg,0.25,0.38,-14,0.25,4.0,2.63,9
Wiltz,7,1,2,4,7,14,-7,5,luxembourg,0.14,0.43,-7,1.0,7.14,2.33,10
Bettembourg,8,1,0,7,7,20,-13,3,luxembourg,0.12,0.12,-13,0.88,8.33,8.33,11
Mondercange,7,0,1,6,3,14,-11,1,luxembourg,0.0,0.14,-11,0.43,0.0,7.14,12
Johor Darul,8,8,0,0,31,1,30,24,malaysia,1.0,1.0,30,3.88,1.0,1.0,1
Selangor,8,7,0,1,18,5,13,21,malaysia,0.88,0.88,13,2.25,1.14,1.14,2
Kuala Lumpur,8,5,1,2,16,10,6,16,malaysia,0.62,0.75,6,2.0,1.61,1.33,3
Sabah,8,4,2,2,16,10,6,14,malaysia,0.5,0.75,6,2.0,2.0,1.33,4
Terengganu,8,4,2,2,12,7,5,14,malaysia,0.5,0.75,5,1.5,2.0,1.33,4
PDRM,8,3,4,1,12,7,5,13,malaysia,0.38,0.88,5,1.5,2.63,1.14,5
Kuching,8,3,4,1,13,9,4,13,malaysia,0.38,0.88,4,1.62,2.63,1.14,5
Kedah,8,3,4,1,11,7,4,13,malaysia,0.38,0.88,4,1.38,2.63,1.14,5
Pulau Pinang,8,2,3,3,11,12,-1,9,malaysia,0.25,0.62,-1,1.38,4.0,1.61,6
Perak,8,2,2,4,15,16,-1,8,malaysia,0.25,0.5,-1,1.88,4.0,2.0,7
Pahang,8,2,2,4,11,14,-3,8,malaysia,0.25,0.5,-3,1.38,4.0,2.0,7
Kelantan United,8,1,1,6,8,19,-11,4,malaysia,0.12,0.25,-11,1.0,8.33,4.0,8
Negeri Sembilan,8,1,0,7,6,20,-14,3,malaysia,0.12,0.12,-14,0.75,8.33,8.33,9
Sliema,8,5,2,1,18,8,10,17,malta,0.62,0.88,10,2.25,1.61,1.14,1
Floriana,8,5,2,1,10,2,8,17,malta,0.62,0.88,8,1.25,1.61,1.14,1
Mosta,8,4,1,3,9,8,1,13,malta,0.5,0.62,1,1.12,2.0,1.61,2
Marsaxlokk,8,3,4,1,13,14,-1,13,malta,0.38,0.88,-1,1.62,2.63,1.14,2
Gzira Utd,8,3,3,2,9,9,0,12,malta,0.38,0.75,0,1.12,2.63,1.33,3
Hibernians,8,3,1,4,8,10,-2,10,malta,0.38,0.5,-2,1.0,2.63,2.0,4
Balzan,8,3,1,4,9,13,-4,10,malta,0.38,0.5,-4,1.12,2.63,2.0,4
Birkirkara,8,2,3,3,11,11,0,9,malta,0.25,0.62,0,1.38,4.0,1.61,5
Melita,8,3,0,5,9,12,-3,9,malta,0.38,0.38,-3,1.12,2.63,2.63,5
Hamrun Spartans,7,2,2,3,9,10,-1,8,malta,0.29,0.57,-1,1.29,3.45,1.75,6
Zabbar,7,2,1,4,10,14,-4,7,malta,0.29,0.43,-4,1.43,3.45,2.33,7
Naxxar Lions,8,1,3,4,3,16,-13,6,malta,0.12,0.5,-13,0.38,8.33,2.0,8
A. San Luis,8,7,1,0,18,5,13,22,mexico,0.88,1.0,13,2.25,1.14,1.0,1
Toluca,8,6,2,0,25,5,20,20,mexico,0.75,1.0,20,3.12,1.33,1.0,2
Cruz Azul,8,6,2,0,19,3,16,20,mexico,0.75,1.0,16,2.38,1.33,1.0,2
Tigres,8,6,2,0,11,5,6,20,mexico,0.75,1.0,6,1.38,1.33,1.0,2
CF America,8,6,0,2,14,5,9,18,mexico,0.75,0.75,9,1.75,1.33,1.33,3
Pumas UNAM,8,6,0,2,14,6,8,18,mexico,0.75,0.75,8,1.75,1.33,1.33,3
Monterrey,8,5,2,1,16,8,8,17,mexico,0.62,0.88,8,2.0,1.61,1.14,4
Tijuana,8,5,2,1,14,11,3,17,mexico,0.62,0.88,3,1.75,1.61,1.14,4
Guadalajara,8,4,2,2,15,7,8,14,mexico,0.5,0.75,8,1.88,2.0,1.33,5
Atlas,8,3,4,1,8,5,3,13,mexico,0.38,0.88,3,1.0,2.63,1.14,6
Club Leon,8,2,5,1,9,5,4,11,mexico,0.25,0.88,4,1.12,4.0,1.14,7
Mazatlan,8,2,4,2,10,11,-1,10,mexico,0.25,0.75,-1,1.25,4.0,1.33,8
Necaxa,8,2,3,3,9,8,1,9,mexico,0.25,0.62,1,1.12,4.0,1.61,9
Pachuca,8,2,2,4,13,13,0,8,mexico,0.25,0.5,0,1.62,4.0,2.0,10
Santos Laguna,8,2,2,4,6,12,-6,8,mexico,0.25,0.5,-6,0.75,4.0,2.0,10
Puebla,8,2,1,5,12,15,-3,7,mexico,0.25,0.38,-3,1.5,4.0,2.63,11
Queretaro,8,2,1,5,6,11,-5,7,mexico,0.25,0.38,-5,0.75,4.0,2.63,11
Juarez,8,1,2,5,10,15,-5,5,mexico,0.12,0.38,-5,1.25,8.33,2.63,12
CF America,3,2,1,0,8,1,7,7,mexico2,0.67,1.0,7,2.67,1.49,1.0,1
Tigres,2,2,0,0,6,1,5,6,mexico2,1.0,1.0,5,3.0,1.0,1.0,2
Club Leon,2,2,0,0,3,1,2,6,mexico2,1.0,1.0,2,1.5,1.0,1.0,2
Juarez,2,2,0,0,2,0,2,6,mexico2,1.0,1.0,2,1.0,1.0,1.0,2
Guadalajara,3,1,2,0,3,2,1,5,mexico2,0.33,1.0,1,1.0,3.03,1.0,3
Pumas UNAM,3,1,2,0,3,2,1,5,mexico2,0.33,1.0,1,1.0,3.03,1.0,3
Toluca,2,1,1,0,2,1,1,4,mexico2,0.5,1.0,1,1.0,2.0,1.0,4
Mazatlan,3,1,1,1,4,4,0,4,mexico2,0.33,0.67,0,1.33,3.03,1.49,4
Monterrey,3,1,1,1,4,4,0,4,mexico2,0.33,0.67,0,1.33,3.03,1.49,4
Pachuca,3,1,1,1,3,3,0,4,mexico2,0.33,0.67,0,1.0,3.03,1.49,4
Necaxa,2,1,0,1,4,5,-1,3,mexico2,0.5,0.5,-1,2.0,2.0,2.0,5
Queretaro,3,1,0,2,3,4,-1,3,mexico2,0.33,0.33,-1,1.0,3.03,3.03,5
Tijuana,3,1,0,2,6,8,-2,3,mexico2,0.33,0.33,-2,2.0,3.03,3.03,5
Cruz Azul,2,0,2,0,2,2,0,2,mexico2,0.0,1.0,0,1.0,0.0,1.0,6
Atlas,2,0,1,1,4,5,-1,1,mexico2,0.0,0.5,-1,2.0,0.0,2.0,7
Puebla,2,0,0,2,1,3,-2,0,mexico2,0.0,0.0,-2,0.5,0.0,0.0,8
Santos Laguna,2,0,0,2,1,6,-5,0,mexico2,0.0,0.0,-5,0.5,0.0,0.0,8
A. San Luis,3,0,0,3,3,9,-6,0,mexico2,0.0,0.0,-6,1.0,0.0,0.0,8
SP Falcons,5,5,0,0,22,3,19,15,mongolia,1.0,1.0,19,4.4,1.0,1.0,1
Erchim,4,3,1,0,23,5,18,10,mongolia,0.75,1.0,18,5.75,1.33,1.0,2
Deren,4,3,0,1,10,7,3,9,mongolia,0.75,0.75,3,2.5,1.33,1.33,3
Bayanzurkh S.,3,2,1,0,3,1,2,7,mongolia,0.67,1.0,2,1.0,1.49,1.0,4
Hunters,4,1,1,2,10,6,4,4,mongolia,0.25,0.5,4,2.5,4.0,2.0,5
Khovd,5,1,1,3,12,9,3,4,mongolia,0.2,0.4,3,2.4,5.0,2.5,5
FC Ulaanbaatar,4,1,1,2,5,6,-1,4,mongolia,0.25,0.5,-1,1.25,4.0,2.0,5
Khoromkhon,6,1,0,5,14,19,-5,3,mongolia,0.17,0.17,-5,2.33,5.88,5.88,6
Khangarid,4,1,0,3,3,10,-7,3,mongolia,0.25,0.25,-7,0.75,4.0,4.0,6
Tuv Buganuud,5,0,0,5,2,62,-60,0,mongolia,0.0,0.0,-60,0.4,0.0,0.0,7
Buducnost,8,5,2,1,18,6,12,17,montenegro,0.62,0.88,12,2.25,1.61,1.14,1
Mornar Bar,8,4,2,2,11,7,4,14,montenegro,0.5,0.75,4,1.38,2.0,1.33,2
Jedinstvo,8,4,2,2,12,10,2,14,montenegro,0.5,0.75,2,1.5,2.0,1.33,2
Petrovac,8,4,2,2,11,9,2,14,montenegro,0.5,0.75,2,1.38,2.0,1.33,2
Bokelj,8,4,0,4,9,10,-1,12,montenegro,0.5,0.5,-1,1.12,2.0,2.0,3
Decic,8,3,2,3,8,7,1,11,montenegro,0.38,0.62,1,1.0,2.63,1.61,4
Sutjeska,8,2,3,3,8,8,0,9,montenegro,0.25,0.62,0,1.0,4.0,1.61,5
Arsenal Tivat,8,1,5,2,7,5,2,8,montenegro,0.12,0.75,2,0.88,8.33,1.33,6
Jezero,8,1,4,3,4,7,-3,7,montenegro,0.12,0.62,-3,0.5,8.33,1.61,7
Otrant,8,1,1,6,7,16,-9,4,montenegro,0.12,0.25,-9,0.88,8.33,4.0,8
Berkane,8,7,1,0,16,4,12,22,morocco,0.88,1.0,12,2.0,1.14,1.0,1
FAR Rabat,8,5,3,0,11,5,6,18,morocco,0.62,1.0,6,1.38,1.61,1.0,2
Meknes,8,5,2,1,12,5,7,17,morocco,0.62,0.88,7,1.5,1.61,1.14,3
R. Zemamra,8,5,2,1,13,7,6,17,morocco,0.62,0.88,6,1.62,1.61,1.14,3
Wydad,8,5,1,2,16,11,5,16,morocco,0.62,0.75,5,2.0,1.61,1.33,4
Olympic Safi,8,5,1,2,13,8,5,16,morocco,0.62,0.75,5,1.62,1.61,1.33,4
FUS Rabat,8,4,3,1,16,7,9,15,morocco,0.5,0.88,9,2.0,2.0,1.14,5
Raja Casablanca,8,3,5,0,10,4,6,14,morocco,0.38,1.0,6,1.25,2.63,1.0,6
Hassania Agadir,8,4,2,2,14,10,4,14,morocco,0.5,0.75,4,1.75,2.0,1.33,6
JS Sousalem,8,4,2,2,10,9,1,14,morocco,0.5,0.75,1,1.25,2.0,1.33,6
Maghreb de Fes,8,4,1,3,6,5,1,13,morocco,0.5,0.62,1,0.75,2.0,1.61,7
Difaa El Jadida,8,4,1,3,8,8,0,13,morocco,0.5,0.62,0,1.0,2.0,1.61,7
Union Touarga,8,3,3,2,9,8,1,12,morocco,0.38,0.75,1,1.12,2.63,1.33,8
Ittihad Tanger,8,2,3,3,7,9,-2,9,morocco,0.25,0.62,-2,0.88,4.0,1.61,9
Moghreb Tetouan,8,1,3,4,7,10,-3,6,morocco,0.12,0.5,-3,0.88,8.33,2.0,10
C. Mohammedia,8,0,1,7,2,15,-13,1,morocco,0.0,0.12,-13,0.25,0.0,8.33,11
Yacoub El Manso,8,5,3,0,18,9,9,18,morocco2,0.62,1.0,9,2.25,1.61,1.0,1
USM Oujda,8,5,3,0,10,5,5,18,morocco2,0.62,1.0,5,1.25,1.61,1.0,1
Dcheira,8,5,2,1,16,5,11,17,morocco2,0.62,0.88,11,2.0,1.61,1.14,2
Kawkab M.,7,4,3,0,16,7,9,15,morocco2,0.57,1.0,9,2.29,1.75,1.0,3
R. Beni Mellal,7,4,2,1,13,7,6,14,morocco2,0.57,0.86,6,1.86,1.75,1.16,4
Stade Marocain,7,3,3,1,10,8,2,12,morocco2,0.43,0.86,2,1.43,2.33,1.16,5
RAC Casablanca,8,3,3,2,10,9,1,12,morocco2,0.38,0.75,1,1.25,2.63,1.33,5
Mouloudia Oujda,7,3,2,2,7,4,3,11,morocco2,0.43,0.71,3,1.0,2.33,1.41,6
Chabab Atlas K.,8,2,5,1,4,3,1,11,morocco2,0.25,0.88,1,0.5,4.0,1.14,6
KAC Kenitra,8,2,4,2,11,8,3,10,morocco2,0.25,0.75,3,1.38,4.0,1.33,7
C. Benguerir,8,2,4,2,5,5,0,10,morocco2,0.25,0.75,0,0.62,4.0,1.33,7
Wydad Fes,7,2,3,2,6,7,-1,9,morocco2,0.29,0.71,-1,0.86,3.45,1.41,8
Youssoufia B.,7,2,3,2,4,5,-1,9,morocco2,0.29,0.71,-1,0.57,3.45,1.41,8
Rapide Oued Z.,7,1,5,1,8,7,1,8,morocco2,0.14,0.86,1,1.14,7.14,1.16,9
El Massira,7,1,4,2,6,7,-1,7,morocco2,0.14,0.71,-1,0.86,7.14,1.41,10
Khouribga,8,1,3,4,7,10,-3,6,morocco2,0.12,0.5,-3,0.88,8.33,2.0,11
Shan Utd,8,7,1,0,18,4,14,22,myanmar,0.88,1.0,14,2.25,1.14,1.0,1
Ispe FC,8,6,1,1,20,6,14,19,myanmar,0.75,0.88,14,2.5,1.33,1.14,2
Dagon,8,5,3,0,14,6,8,18,myanmar,0.62,1.0,8,1.75,1.61,1.0,3
Yangon Utd,8,5,2,1,19,6,13,17,myanmar,0.62,0.88,13,2.38,1.61,1.14,4
Hantharwady,8,5,2,1,13,9,4,17,myanmar,0.62,0.88,4,1.62,1.61,1.14,4
Sagaing Utd,8,5,1,2,20,13,7,16,myanmar,0.62,0.75,7,2.5,1.61,1.33,5
Yadanarbon,8,3,2,3,14,16,-2,11,myanmar,0.38,0.62,-2,1.75,2.63,1.61,6
Thitsar Arman,8,2,1,5,11,18,-7,7,myanmar,0.25,0.38,-7,1.38,4.0,2.63,7
Dagon Port,8,2,1,5,12,22,-10,7,myanmar,0.25,0.38,-10,1.5,4.0,2.63,7
Rakhine Utd,8,1,2,5,7,24,-17,5,myanmar,0.12,0.38,-17,0.88,8.33,2.63,8
Ayeyawady,8,1,0,7,5,11,-6,3,myanmar,0.12,0.12,-6,0.62,8.33,8.33,9
Myawady,8,0,1,7,6,20,-14,1,myanmar,0.0,0.12,-14,0.75,0.0,8.33,10
PSV Eindhoven,8,7,1,0,29,6,23,22,netherlands,0.88,1.0,23,3.62,1.14,1.0,1
Ajax Amsterdam,8,7,1,0,18,7,11,22,netherlands,0.88,1.0,11,2.25,1.14,1.0,1
FC Twente,8,6,2,0,22,7,15,20,netherlands,0.75,1.0,15,2.75,1.33,1.0,2
Go Ahead Eagles,8,5,2,1,21,12,9,17,netherlands,0.62,0.88,9,2.62,1.61,1.14,3
Feyenoord,8,5,1,2,17,10,7,16,netherlands,0.62,0.75,7,2.12,1.61,1.33,4
Heerenveen,8,4,3,1,10,7,3,15,netherlands,0.5,0.88,3,1.25,2.0,1.14,5
PEC Zwolle,8,4,1,3,12,9,3,13,netherlands,0.5,0.62,3,1.5,2.0,1.61,6
NAC Breda,8,4,1,3,12,12,0,13,netherlands,0.5,0.62,0,1.5,2.0,1.61,6
NEC Nijmegen,8,3,3,2,20,10,10,12,netherlands,0.38,0.75,10,2.5,2.63,1.33,7
FC Groningen,8,3,3,2,6,4,2,12,netherlands,0.38,0.75,2,0.75,2.63,1.33,7
Fortuna Sittard,8,4,0,4,11,14,-3,12,netherlands,0.5,0.5,-3,1.38,2.0,2.0,7
Heracles Almelo,8,2,5,1,14,12,2,11,netherlands,0.25,0.88,2,1.75,4.0,1.14,8
FC Utrecht,8,3,2,3,14,19,-5,11,netherlands,0.38,0.62,-5,1.75,2.63,1.61,8
AZ Alkmaar,8,3,1,4,10,11,-1,10,netherlands,0.38,0.5,-1,1.25,2.63,2.0,9
RKC Waalwijk,8,2,2,4,10,13,-3,8,netherlands,0.25,0.5,-3,1.25,4.0,2.0,10
Willem II,8,1,3,4,8,11,-3,6,netherlands,0.12,0.5,-3,1.0,8.33,2.0,11
Sparta,8,1,3,4,7,14,-7,6,netherlands,0.12,0.5,-7,0.88,8.33,2.0,11
Almere City,8,2,0,6,7,19,-12,6,netherlands,0.25,0.25,-12,0.88,4.0,4.0,11
FC Volendam,8,8,0,0,23,5,18,24,netherlands2,1.0,1.0,18,2.88,1.0,1.0,1
ADO Den Haag,8,7,0,1,16,5,11,21,netherlands2,0.88,0.88,11,2.0,1.14,1.14,2
De Graafschap,8,6,0,2,22,8,14,18,netherlands2,0.75,0.75,14,2.75,1.33,1.33,3
MVV Maastricht,8,5,2,1,20,8,12,17,netherlands2,0.62,0.88,12,2.5,1.61,1.14,4
Telstar,8,4,4,0,17,6,11,16,netherlands2,0.5,1.0,11,2.12,2.0,1.0,5
Roda JC,8,5,1,2,13,4,9,16,netherlands2,0.62,0.75,9,1.62,1.61,1.33,5
Excelsior,8,5,1,2,10,6,4,16,netherlands2,0.62,0.75,4,1.25,1.61,1.33,5
Cambuur,8,5,0,3,10,8,2,15,netherlands2,0.62,0.62,2,1.25,1.61,1.61,6
TOP Oss,8,4,3,1,9,7,2,15,netherlands2,0.5,0.88,2,1.12,2.0,1.14,6
Jong Ajax,8,4,2,2,12,3,9,14,netherlands2,0.5,0.75,9,1.5,2.0,1.33,7
FC Dordrecht,8,3,5,0,19,12,7,14,netherlands2,0.38,1.0,7,2.38,2.63,1.0,7
FC Den Bosch,8,4,2,2,14,10,4,14,netherlands2,0.5,0.75,4,1.75,2.0,1.33,7
FC Emmen,8,4,1,3,15,11,4,13,netherlands2,0.5,0.62,4,1.88,2.0,1.61,8
Helmond Sport,8,3,2,3,12,12,0,11,netherlands2,0.38,0.62,0,1.5,2.63,1.61,9
Jong Utrecht,8,2,3,3,10,14,-4,9,netherlands2,0.25,0.62,-4,1.25,4.0,1.61,10
Jong AZ,8,2,2,4,17,17,0,8,netherlands2,0.25,0.5,0,2.12,4.0,2.0,11
FC Eindhoven,8,2,2,4,8,16,-8,8,netherlands2,0.25,0.5,-8,1.0,4.0,2.0,11
Vitesse Arnhem,8,2,1,5,7,20,-13,7,netherlands2,0.25,0.38,-13,0.88,4.0,2.63,12
Jong PSV,8,2,0,6,16,23,-7,6,netherlands2,0.25,0.25,-7,2.0,4.0,4.0,13
VVV,8,1,2,5,5,10,-5,5,netherlands2,0.12,0.38,-5,0.62,8.33,2.63,14
Diriangen,8,7,0,1,26,5,21,21,nicaragua,0.88,0.88,21,3.25,1.14,1.14,1
Matagalpa,8,5,3,0,20,8,12,18,nicaragua,0.62,1.0,12,2.5,1.61,1.0,2
Walter Ferreti,8,4,3,1,12,7,5,15,nicaragua,0.5,0.88,5,1.5,2.0,1.14,3
Real Esteli,8,3,5,0,15,4,11,14,nicaragua,0.38,1.0,11,1.88,2.63,1.0,4
Export Sebaco,8,4,2,2,15,7,8,14,nicaragua,0.5,0.75,8,1.88,2.0,1.33,4
Jalapa,8,3,3,2,8,5,3,12,nicaragua,0.38,0.75,3,1.0,2.63,1.33,5
Managua FC,8,4,0,4,13,11,2,12,nicaragua,0.5,0.5,2,1.62,2.0,2.0,5
UNAN Managua,8,3,3,2,9,12,-3,12,nicaragua,0.38,0.75,-3,1.12,2.63,1.33,5
D. Ocotal,8,3,0,5,9,14,-5,9,nicaragua,0.38,0.38,-5,1.12,2.63,2.63,6
Rancho Santana,8,2,2,4,9,17,-8,8,nicaragua,0.25,0.5,-8,1.12,4.0,2.0,7
Linfield,8,7,0,1,16,5,11,21,northernireland,0.88,0.88,11,2.0,1.14,1.14,1
Portadown,8,5,1,2,9,7,2,16,northernireland,0.62,0.75,2,1.12,1.61,1.33,2
Glenavon,8,4,2,2,13,11,2,14,northernireland,0.5,0.75,2,1.62,2.0,1.33,3
Cliftonville,8,4,1,3,11,7,4,13,northernireland,0.5,0.62,4,1.38,2.0,1.61,4
Larne,8,3,4,1,9,6,3,13,northernireland,0.38,0.88,3,1.12,2.63,1.14,4
Crusaders,8,4,1,3,14,16,-2,13,northernireland,0.5,0.62,-2,1.75,2.0,1.61,4
Glentoran,8,3,3,2,6,5,1,12,northernireland,0.38,0.75,1,0.75,2.63,1.33,5
Coleraine,8,3,2,3,11,11,0,11,northernireland,0.38,0.62,0,1.38,2.63,1.61,6
Carrick Rangers,8,2,3,3,7,7,0,9,northernireland,0.25,0.62,0,0.88,4.0,1.61,7
Ballymena Utd,8,3,0,5,9,12,-3,9,northernireland,0.38,0.38,-3,1.12,2.63,2.63,7
Dungannon,8,2,1,5,9,14,-5,7,northernireland,0.25,0.38,-5,1.12,4.0,2.63,8
Loughgall,8,1,1,6,10,18,-8,4,northernireland,0.12,0.25,-8,1.25,8.33,4.0,9
Bangor,8,6,2,0,15,4,11,20,northernireland2,0.75,1.0,11,1.88,1.33,1.0,1
Annagh Utd,8,6,1,1,18,4,14,19,northernireland2,0.75,0.88,14,2.25,1.33,1.14,2
Limavady,8,6,1,1,18,8,10,19,northernireland2,0.75,0.88,10,2.25,1.33,1.14,2
Institute,8,4,3,1,14,7,7,15,northernireland2,0.5,0.88,7,1.75,2.0,1.14,3
HW Welders,8,5,0,3,15,10,5,15,northernireland2,0.62,0.62,5,1.88,1.61,1.61,3
Dundela,8,5,0,3,14,11,3,15,northernireland2,0.62,0.62,3,1.75,1.61,1.61,3
Armagh City,8,3,2,3,18,15,3,11,northernireland2,0.38,0.62,3,2.25,2.63,1.61,4
Ards,8,3,1,4,12,12,0,10,northernireland2,0.38,0.5,0,1.5,2.63,2.0,5
Newry City,8,2,3,3,9,12,-3,9,northernireland2,0.25,0.62,-3,1.12,4.0,1.61,6
Ballyclare,8,2,3,3,13,19,-6,9,northernireland2,0.25,0.62,-6,1.62,4.0,1.61,6
Newington,8,2,2,4,6,12,-6,8,northernireland2,0.25,0.5,-6,0.75,4.0,2.0,7
Ballinamallard,8,2,1,5,12,15,-3,7,northernireland2,0.25,0.38,-3,1.5,4.0,2.63,8
Shkendija,8,6,2,0,20,6,14,20,northmacedonia,0.75,1.0,14,2.5,1.33,1.0,1
Rabotnicki,8,6,2,0,16,4,12,20,northmacedonia,0.75,1.0,12,2.0,1.33,1.0,1
Sileks,8,5,2,1,12,5,7,17,northmacedonia,0.62,0.88,7,1.5,1.61,1.14,2
Gostivar,8,4,4,0,14,4,10,16,northmacedonia,0.5,1.0,10,1.75,2.0,1.0,3
Struga,8,5,1,2,10,10,0,16,northmacedonia,0.62,0.75,0,1.25,1.61,1.33,3
Shkupi,8,4,2,2,14,8,6,14,northmacedonia,0.5,0.75,6,1.75,2.0,1.33,4
Pelister,8,3,4,1,4,2,2,13,northmacedonia,0.38,0.88,2,0.5,2.63,1.14,5
Besa,8,3,1,4,7,8,-1,10,northmacedonia,0.38,0.5,-1,0.88,2.63,2.0,6
Brera Strumica,8,2,3,3,10,10,0,9,northmacedonia,0.25,0.62,0,1.25,4.0,1.61,7
Tikves,8,1,4,3,2,4,-2,7,northmacedonia,0.12,0.62,-2,0.25,8.33,1.61,8
Voska Sport,8,1,4,3,5,9,-4,7,northmacedonia,0.12,0.62,-4,0.62,8.33,1.61,8
Vardar,8,1,2,5,6,14,-8,5,northmacedonia,0.12,0.38,-8,0.75,8.33,2.63,9
Viking,8,6,2,0,21,9,12,20,norway,0.75,1.0,12,2.62,1.33,1.0,1
Bodo/Glimt,8,6,1,1,29,10,19,19,norway,0.75,0.88,19,3.62,1.33,1.14,2
Rosenborg,8,6,1,1,16,5,11,19,norway,0.75,0.88,11,2.0,1.33,1.14,2
Fredrikstad,8,5,2,1,10,8,2,17,norway,0.62,0.88,2,1.25,1.61,1.14,3
Molde,8,5,1,2,24,12,12,16,norway,0.62,0.75,12,3.0,1.61,1.33,4
Stromsgodset,8,5,1,2,12,8,4,16,norway,0.62,0.75,4,1.5,1.61,1.33,4
Brann,8,4,3,1,15,7,8,15,norway,0.5,0.88,8,1.88,2.0,1.14,5
Sandefjord,8,4,2,2,12,10,2,14,norway,0.5,0.75,2,1.5,2.0,1.33,6
Haugesund,8,4,1,3,6,6,0,13,norway,0.5,0.62,0,0.75,2.0,1.61,7
HamKam,8,3,2,3,11,10,1,11,norway,0.38,0.62,1,1.38,2.63,1.61,8
Tromso,8,2,4,2,11,9,2,10,norway,0.25,0.75,2,1.38,4.0,1.33,9
KFUM Oslo,8,2,3,3,7,7,0,9,norway,0.25,0.62,0,0.88,4.0,1.61,10
Sarpsborg 08,8,2,3,3,10,12,-2,9,norway,0.25,0.62,-2,1.25,4.0,1.61,10
Kristiansund,8,2,3,3,6,13,-7,9,norway,0.25,0.62,-7,0.75,4.0,1.61,10
Odd,8,2,1,5,7,14,-7,7,norway,0.25,0.38,-7,0.88,4.0,2.63,11
Lillestrom,8,1,2,5,8,14,-6,5,norway,0.12,0.38,-6,1.0,8.33,2.63,12
Valerenga,8,7,1,0,28,7,21,22,norway2,0.88,1.0,21,3.5,1.14,1.0,1
Moss,8,6,1,1,20,7,13,19,norway2,0.75,0.88,13,2.5,1.33,1.14,2
Bryne,8,5,3,0,17,7,10,18,norway2,0.62,1.0,10,2.12,1.61,1.0,3
Egersund,8,5,0,3,14,12,2,15,norway2,0.62,0.62,2,1.75,1.61,1.61,4
Lyn,8,4,2,2,17,9,8,14,norway2,0.5,0.75,8,2.12,2.0,1.33,5
Asane,8,4,1,3,16,12,4,13,norway2,0.5,0.62,4,2.0,2.0,1.61,6
Aalesund,8,4,0,4,14,12,2,12,norway2,0.5,0.5,2,1.75,2.0,2.0,7
Start,8,3,2,3,11,12,-1,11,norway2,0.38,0.62,-1,1.38,2.63,1.61,8
Stabaek,8,3,1,4,14,12,2,10,norway2,0.38,0.5,2,1.75,2.63,2.0,9
Raufoss,8,2,3,3,11,11,0,9,norway2,0.25,0.62,0,1.38,4.0,1.61,10
Mjondalen,8,2,2,4,8,9,-1,8,norway2,0.25,0.5,-1,1.0,4.0,2.0,11
Levanger,8,2,1,5,12,15,-3,7,norway2,0.25,0.38,-3,1.5,4.0,2.63,12
Kongsvinger,8,1,4,3,9,15,-6,7,norway2,0.12,0.62,-6,1.12,8.33,1.61,12
Ranheim,8,1,3,4,8,13,-5,6,norway2,0.12,0.5,-5,1.0,8.33,2.0,13
Sogndal,8,1,1,6,7,13,-6,4,norway2,0.12,0.25,-6,0.88,8.33,4.0,14
Sandnes Ulf,8,1,0,7,4,21,-17,3,norway2,0.12,0.12,-17,0.5,8.33,8.33,15
Hodd,8,8,0,0,15,5,10,24,norway3,1.0,1.0,10,1.88,1.0,1.0,1
Brattvag,8,5,2,1,21,10,11,17,norway3,0.62,0.88,11,2.62,1.61,1.14,2
Jerv,8,4,3,1,15,8,7,15,norway3,0.5,0.88,7,1.88,2.0,1.14,3
Lysekloster,8,5,0,3,12,9,3,15,norway3,0.62,0.62,3,1.5,1.61,1.61,3
Eik Tonsberg,8,4,2,2,13,10,3,14,norway3,0.5,0.75,3,1.62,2.0,1.33,4
V. Haugesund,8,4,1,3,18,11,7,13,norway3,0.5,0.62,7,2.25,2.0,1.61,5
Flekkeroy,8,4,1,3,13,12,1,13,norway3,0.5,0.62,1,1.62,2.0,1.61,5
Brann B,8,4,1,3,11,10,1,13,norway3,0.5,0.62,1,1.38,2.0,1.61,5
Sotra,8,3,2,3,16,10,6,11,norway3,0.38,0.62,6,2.0,2.63,1.61,6
Notodden,8,3,2,3,10,6,4,11,norway3,0.38,0.62,4,1.25,2.63,1.61,6
Viking B,8,3,1,4,17,13,4,10,norway3,0.38,0.5,4,2.12,2.63,2.0,7
Arendal,8,3,0,5,11,16,-5,9,norway3,0.38,0.38,-5,1.38,2.63,2.63,8
Kvik Halden,8,2,1,5,11,14,-3,7,norway3,0.25,0.38,-3,1.38,4.0,2.63,9
Orn Horten,8,1,3,4,5,8,-3,6,norway3,0.12,0.5,-3,0.62,8.33,2.0,10
Tromsdalen,8,7,1,0,31,12,19,22,norway4,0.88,1.0,19,3.88,1.14,1.0,1
Skeid,8,6,2,0,22,7,15,20,norway4,0.75,1.0,15,2.75,1.33,1.0,2
Ullensaker . K.,8,6,1,1,21,10,11,19,norway4,0.75,0.88,11,2.62,1.33,1.14,3
Stjordals-Blink,8,5,2,1,22,4,18,17,norway4,0.62,0.88,18,2.75,1.61,1.14,4
Alta,8,4,2,2,26,15,11,14,norway4,0.5,0.75,11,3.25,2.0,1.33,5
Grorud,8,4,2,2,22,12,10,14,norway4,0.5,0.75,10,2.75,2.0,1.33,5
Follo,8,4,2,2,18,14,4,14,norway4,0.5,0.75,4,2.25,2.0,1.33,5
Strommen,8,4,2,2,15,11,4,14,norway4,0.5,0.75,4,1.88,2.0,1.33,5
Eidsvold,8,4,2,2,14,11,3,14,norway4,0.5,0.75,3,1.75,2.0,1.33,5
Junkeren,8,4,1,3,15,12,3,13,norway4,0.5,0.62,3,1.88,2.0,1.61,6
Kjelsas,8,3,2,3,15,16,-1,11,norway4,0.38,0.62,-1,1.88,2.63,1.61,7
Strindheim,8,2,2,4,14,12,2,8,norway4,0.25,0.5,2,1.75,4.0,2.0,8
Valerenga B,8,1,0,7,9,29,-20,3,norway4,0.12,0.12,-20,1.12,8.33,8.33,9
Gjovik-Lyn,8,0,0,8,3,18,-15,0,norway4,0.0,0.0,-15,0.38,0.0,0.0,10
Bjarg,8,8,0,0,30,8,22,24,norway5,1.0,1.0,22,3.75,1.0,1.0,1
Sandviken,8,7,1,0,26,9,17,22,norway5,0.88,1.0,17,3.25,1.14,1.0,2
Askoy,8,7,1,0,24,9,15,22,norway5,0.88,1.0,15,3.0,1.14,1.0,2
Djerv,8,5,2,1,28,16,12,17,norway5,0.62,0.88,12,3.5,1.61,1.14,3
Os,8,5,0,3,30,17,13,15,norway5,0.62,0.62,13,3.75,1.61,1.61,4
Fana,8,4,3,1,18,15,3,15,norway5,0.5,0.88,3,2.25,2.0,1.14,4
Ardal,8,4,0,4,26,22,4,12,norway5,0.5,0.5,4,3.25,2.0,2.0,5
Forde,8,4,0,4,19,19,0,12,norway5,0.5,0.5,0,2.38,2.0,2.0,5
Haugesund B,8,3,2,3,20,17,3,11,norway5,0.38,0.62,3,2.5,2.63,1.61,6
Loddefjord,8,2,3,3,22,22,0,9,norway5,0.25,0.62,0,2.75,4.0,1.61,7
Froya,8,2,2,4,8,9,-1,8,norway5,0.25,0.5,-1,1.0,4.0,2.0,8
Stord,8,2,1,5,12,19,-7,7,norway5,0.25,0.38,-7,1.5,4.0,2.63,9
Asane B,8,2,0,6,11,27,-16,6,norway5,0.25,0.25,-16,1.38,4.0,4.0,10
Floro,8,1,0,7,11,40,-29,3,norway5,0.12,0.12,-29,1.38,8.33,8.33,11
Vidar,8,7,0,1,31,4,27,21,norway6,0.88,0.88,27,3.88,1.14,1.14,1
Fram,8,6,2,0,25,16,9,20,norway6,0.75,1.0,9,3.12,1.33,1.0,2
Madla,8,6,1,1,23,10,13,19,norway6,0.75,0.88,13,2.88,1.33,1.14,3
Vindbjart,8,6,1,1,19,8,11,19,norway6,0.75,0.88,11,2.38,1.33,1.14,3
Brodd,8,6,1,1,20,11,9,19,norway6,0.75,0.88,9,2.5,1.33,1.14,3
Pors Grenland,8,5,2,1,11,7,4,17,norway6,0.62,0.88,4,1.38,1.61,1.14,4
Mandalskamerat.,8,5,1,2,20,12,8,16,norway6,0.62,0.75,8,2.5,1.61,1.33,5
Odd B,8,5,0,3,29,12,17,15,norway6,0.62,0.62,17,3.62,1.61,1.61,6
Sola,8,5,0,3,24,13,11,15,norway6,0.62,0.62,11,3.0,1.61,1.61,6
Sandefjord B,8,5,0,3,22,13,9,15,norway6,0.62,0.62,9,2.75,1.61,1.61,6
Staal Jorpeland,8,5,0,3,19,15,4,15,norway6,0.62,0.62,4,2.38,1.61,1.61,6
Start B,8,3,1,4,20,16,4,10,norway6,0.38,0.5,4,2.5,2.63,2.0,7
Sandnes Ulf B,8,2,1,5,11,20,-9,7,norway6,0.25,0.38,-9,1.38,4.0,2.63,8
Vigor,8,1,0,7,7,32,-25,3,norway6,0.12,0.12,-25,0.88,8.33,8.33,9
Asker,8,7,0,1,22,11,11,21,norway7,0.88,0.88,11,2.75,1.14,1.14,1
Frigg,8,6,2,0,43,11,32,20,norway7,0.75,1.0,32,5.38,1.33,1.0,2
Nordstrand,8,6,1,1,23,8,15,19,norway7,0.75,0.88,15,2.88,1.33,1.14,3
Gamle Oslo,8,6,0,2,22,13,9,18,norway7,0.75,0.75,9,2.75,1.33,1.33,4
Sarpsborg 08 B,8,4,3,1,18,10,8,15,norway7,0.5,0.88,8,2.25,2.0,1.14,5
Flint,8,5,0,3,22,16,6,15,norway7,0.62,0.62,6,2.75,1.61,1.61,5
Oppsal,8,4,2,2,17,5,12,14,norway7,0.5,0.75,12,2.12,2.0,1.33,6
Ullern,8,4,2,2,21,17,4,14,norway7,0.5,0.75,4,2.62,2.0,1.33,6
Baerum,8,3,3,2,18,16,2,12,norway7,0.38,0.75,2,2.25,2.63,1.33,7
Assiden IF,8,4,0,4,15,28,-13,12,norway7,0.5,0.5,-13,1.88,2.0,2.0,7
Mjondalen B,8,3,0,5,11,16,-5,9,norway7,0.38,0.38,-5,1.38,2.63,2.63,8
KFUM B,8,2,2,4,15,17,-2,8,norway7,0.25,0.5,-2,1.88,4.0,2.0,9
Skeid B,8,2,2,4,17,22,-5,8,norway7,0.25,0.5,-5,2.12,4.0,2.0,9
Askollen,8,1,1,6,8,33,-25,4,norway7,0.12,0.25,-25,1.0,8.33,4.0,10
Rana,8,7,0,1,30,4,26,21,norway8,0.88,0.88,26,3.75,1.14,1.14,1
Nardo,8,6,0,2,32,9,23,18,norway8,0.75,0.75,23,4.0,1.33,1.33,2
Lillestrom B,8,5,1,2,20,13,7,16,norway8,0.62,0.75,7,2.5,1.61,1.33,3
Rosenborg B,8,5,1,2,16,10,6,16,norway8,0.62,0.75,6,2.0,1.61,1.33,3
Trygg/Lade,8,5,0,3,24,10,14,15,norway8,0.62,0.62,14,3.0,1.61,1.61,4
Melhus,8,5,0,3,18,10,8,15,norway8,0.62,0.62,8,2.25,1.61,1.61,4
Stromsgodset B,8,4,1,3,26,16,10,13,norway8,0.5,0.62,10,3.25,2.0,1.61,5
Surnadal,8,4,0,4,23,22,1,12,norway8,0.5,0.5,1,2.88,2.0,2.0,6
Tiller,8,3,3,2,14,18,-4,12,norway8,0.38,0.75,-4,1.75,2.63,1.33,6
Byasen,8,3,2,3,17,14,3,11,norway8,0.38,0.62,3,2.12,2.63,1.61,7
Verdal,8,3,2,3,16,19,-3,11,norway8,0.38,0.62,-3,2.0,2.63,1.61,7
Stabaek B,8,0,5,3,6,16,-10,5,norway8,0.0,0.62,-10,0.75,0.0,1.61,8
Mosjoen,8,1,2,5,13,29,-16,5,norway8,0.12,0.38,-16,1.62,8.33,2.63,8
Orkla,8,1,1,6,9,21,-12,4,norway8,0.12,0.25,-12,1.12,8.33,4.0,9
Traef,8,7,1,0,26,5,21,22,norway9,0.88,1.0,21,3.25,1.14,1.0,1
Skjetten,8,6,1,1,23,8,15,19,norway9,0.75,0.88,15,2.88,1.33,1.14,2
IF Ready,8,6,1,1,24,10,14,19,norway9,0.75,0.88,14,3.0,1.33,1.14,2
Lokomotiv Oslo,8,5,3,0,16,9,7,18,norway9,0.62,1.0,7,2.0,1.61,1.0,3
Lorenskog,8,5,1,2,23,14,9,16,norway9,0.62,0.75,9,2.88,1.61,1.33,4
Spjelkavik,8,4,2,2,19,11,8,14,norway9,0.5,0.75,8,2.38,2.0,1.33,5
Kristiansund B,8,4,2,2,11,6,5,14,norway9,0.5,0.75,5,1.38,2.0,1.33,5
Bjorkelangen,8,4,1,3,12,11,1,13,norway9,0.5,0.62,1,1.5,2.0,1.61,6
Gjellerasen,8,3,2,3,16,20,-4,11,norway9,0.38,0.62,-4,2.0,2.63,1.61,7
Skedsmo,8,3,1,4,14,10,4,10,norway9,0.38,0.5,4,1.75,2.63,2.0,8
Molde B,8,3,1,4,11,16,-5,10,norway9,0.38,0.5,-5,1.38,2.63,2.0,8
Funnefoss . V.,8,2,3,3,10,13,-3,9,norway9,0.25,0.62,-3,1.25,4.0,1.61,9
Aalesund B,8,1,0,7,10,19,-9,3,norway9,0.12,0.12,-9,1.25,8.33,8.33,10
Hodd B,8,0,1,7,7,23,-16,1,norway9,0.0,0.12,-16,0.88,0.0,8.33,11
Elverum,8,7,0,1,33,9,24,21,norway10,0.88,0.88,24,4.12,1.14,1.14,1
Floya,8,7,0,1,28,8,20,21,norway10,0.88,0.88,20,3.5,1.14,1.14,1
Honefoss,8,6,2,0,42,6,36,20,norway10,0.75,1.0,36,5.25,1.33,1.0,2
Skjervoy,8,6,0,2,21,12,9,18,norway10,0.75,0.75,9,2.62,1.33,1.33,3
Kongsvinger B,8,5,2,1,19,9,10,17,norway10,0.62,0.88,10,2.38,1.61,1.14,4
Harstad,8,5,2,1,16,11,5,17,norway10,0.62,0.88,5,2.0,1.61,1.14,4
Fyllingsdalen,8,4,0,4,14,16,-2,12,norway10,0.5,0.5,-2,1.75,2.0,2.0,5
Fredrikstad B,8,4,0,4,11,15,-4,12,norway10,0.5,0.5,-4,1.38,2.0,2.0,5
HamKam B,8,3,1,4,15,14,1,10,norway10,0.38,0.5,1,1.88,2.63,2.0,6
Mjolner,8,3,0,5,14,17,-3,9,norway10,0.38,0.38,-3,1.75,2.63,2.63,7
Ulfstind,8,1,4,3,17,22,-5,7,norway10,0.12,0.62,-5,2.12,8.33,1.61,8
Innstranden,8,2,0,6,13,23,-10,6,norway10,0.25,0.25,-10,1.62,4.0,4.0,9
Sprint-Jeloy,8,1,1,6,7,21,-14,4,norway10,0.12,0.25,-14,0.88,8.33,4.0,10
Bodo/Glimt B,8,0,1,7,9,33,-24,1,norway10,0.0,0.12,-24,1.12,0.0,8.33,11
Al Seeb,6,5,0,1,15,4,11,15,oman,0.83,0.83,11,2.5,1.2,1.2,1
Al-Nahda,6,3,3,0,6,2,4,12,oman,0.5,1.0,4,1.0,2.0,1.0,2
Oman Club,7,3,2,2,5,5,0,11,oman,0.43,0.71,0,0.71,2.33,1.41,3
Al-Shabab Club,7,3,1,3,6,8,-2,10,oman,0.43,0.57,-2,0.86,2.33,1.75,4
Bahla,6,2,1,3,7,6,1,7,oman,0.33,0.5,1,1.17,3.03,2.0,5
Al-Rustaq,7,1,4,2,6,7,-1,7,oman,0.14,0.71,-1,0.86,7.14,1.41,5
Sohar,7,2,1,4,6,10,-4,7,oman,0.29,0.43,-4,0.86,3.45,2.33,5
Ibri,7,2,1,4,4,8,-4,7,oman,0.29,0.43,-4,0.57,3.45,2.33,5
Saham,6,2,1,3,4,8,-4,7,oman,0.33,0.5,-4,0.67,3.03,2.0,5
Al Nasr,7,2,1,4,9,15,-6,7,oman,0.29,0.43,-6,1.29,3.45,2.33,5
Sur,6,2,0,4,2,6,-4,6,oman,0.33,0.33,-4,0.33,3.03,3.03,6
Al-Khabourah,6,1,2,3,5,8,-3,5,oman,0.17,0.5,-3,0.83,5.88,2.0,7
Independiente,2,2,0,0,3,1,2,6,panama,1.0,1.0,2,1.5,1.0,1.0,1
Universitario,2,1,1,0,5,1,4,4,panama,0.5,1.0,4,2.5,2.0,1.0,2
Arabe Unido,2,1,1,0,3,2,1,4,panama,0.5,1.0,1,1.5,2.0,1.0,2
Herrera,2,1,1,0,3,2,1,4,panama,0.5,1.0,1,1.5,2.0,1.0,2
Veraguas,1,1,0,0,2,1,1,3,panama,1.0,1.0,1,2.0,1.0,1.0,3
Plaza Amador,2,1,0,1,2,2,0,3,panama,0.5,0.5,0,1.0,2.0,2.0,3
Costa del Este,1,0,1,0,2,2,0,1,panama,0.0,1.0,0,2.0,0.0,1.0,4
San Miguelito,1,0,1,0,0,0,0,1,panama,0.0,1.0,0,0.0,0.0,1.0,4
UMECIT,1,0,1,0,0,0,0,1,panama,0.0,1.0,0,0.0,0.0,1.0,4
Tauro,2,0,1,1,3,4,-1,1,panama,0.0,0.5,-1,1.5,0.0,2.0,4
Alianza,0,0,0,0,0,0,0,0,panama,0.0,0.0,0,0.0,0.0,0.0,5
San Francisco,1,0,0,1,0,2,-2,0,panama,0.0,0.0,-2,0.0,0.0,0.0,5
Plaza Amador,8,6,1,1,10,6,4,19,panama2,0.75,0.88,4,1.25,1.33,1.14,1
Arabe Unido,8,5,3,0,13,5,8,18,panama2,0.62,1.0,8,1.62,1.61,1.0,2
Independiente,8,5,2,1,10,6,4,17,panama2,0.62,0.88,4,1.25,1.61,1.14,3
Tauro,8,3,5,0,11,5,6,14,panama2,0.38,1.0,6,1.38,2.63,1.0,4
Alianza,8,4,2,2,8,5,3,14,panama2,0.5,0.75,3,1.0,2.0,1.33,4
San Miguelito,7,4,2,1,8,5,3,14,panama2,0.57,0.86,3,1.14,1.75,1.16,4
Universitario,8,4,1,3,12,9,3,13,panama2,0.5,0.62,3,1.5,2.0,1.61,5
Costa del Este,8,3,3,2,11,12,-1,12,panama2,0.38,0.75,-1,1.38,2.63,1.33,6
UMECIT,8,3,1,4,6,6,0,10,panama2,0.38,0.5,0,0.75,2.63,2.0,7
Veraguas,8,2,3,3,7,7,0,9,panama2,0.25,0.62,0,0.88,4.0,1.61,8
Herrera,7,1,3,3,7,8,-1,6,panama2,0.14,0.57,-1,1.0,7.14,1.75,9
San Francisco,8,1,2,5,5,10,-5,5,panama2,0.12,0.38,-5,0.62,8.33,2.63,10
Cerro Porteno,2,1,1,0,5,3,2,4,paraguay,0.5,1.0,2,2.5,2.0,1.0,1
G. Caballero,2,1,1,0,3,2,1,4,paraguay,0.5,1.0,1,1.5,2.0,1.0,1
Libertad,1,1,0,0,5,2,3,3,paraguay,1.0,1.0,3,5.0,1.0,1.0,2
Olimpia,2,1,0,1,3,1,2,3,paraguay,0.5,0.5,2,1.5,2.0,2.0,2
Guarani,1,1,0,0,2,1,1,3,paraguay,1.0,1.0,1,2.0,1.0,1.0,2
S. Trinidense,2,1,0,1,2,2,0,3,paraguay,0.5,0.5,0,1.0,2.0,2.0,2
S. Luqueno,2,0,2,0,2,2,0,2,paraguay,0.0,1.0,0,1.0,0.0,1.0,3
A. Tembetary,1,0,1,0,2,2,0,1,paraguay,0.0,1.0,0,2.0,0.0,1.0,4
S. Ameliano,1,0,1,0,2,2,0,1,paraguay,0.0,1.0,0,2.0,0.0,1.0,4
2 de Mayo,2,0,1,1,0,2,-2,1,paraguay,0.0,0.5,-2,0.0,0.0,2.0,4
D. Recoleta,1,0,0,1,0,2,-2,0,paraguay,0.0,0.0,-2,0.0,0.0,0.0,5
Nacional,1,0,0,1,0,3,-3,0,paraguay,0.0,0.0,-3,0.0,0.0,0.0,5
Olimpia,8,5,3,0,15,7,8,18,paraguay2,0.62,1.0,8,1.88,1.61,1.0,1
Nacional,8,5,3,0,11,4,7,18,paraguay2,0.62,1.0,7,1.38,1.61,1.0,1
S. Ameliano,8,5,0,3,7,5,2,15,paraguay2,0.62,0.62,2,0.88,1.61,1.61,2
S. Trinidense,8,4,1,3,11,11,0,13,paraguay2,0.5,0.62,0,1.38,2.0,1.61,3
Guarani,8,2,6,0,7,5,2,12,paraguay2,0.25,1.0,2,0.88,4.0,1.0,4
G. Caballero,8,2,5,1,7,8,-1,11,paraguay2,0.25,0.88,-1,0.88,4.0,1.14,5
Libertad,8,3,1,4,6,7,-1,10,paraguay2,0.38,0.5,-1,0.75,2.63,2.0,6
Sol de America,8,2,3,3,8,9,-1,9,paraguay2,0.25,0.62,-1,1.0,4.0,1.61,7
S. Luqueno,8,2,3,3,8,10,-2,9,paraguay2,0.25,0.62,-2,1.0,4.0,1.61,7
Cerro Porteno,8,2,3,3,10,13,-3,9,paraguay2,0.25,0.62,-3,1.25,4.0,1.61,7
2 de Mayo,8,2,2,4,8,10,-2,8,paraguay2,0.25,0.5,-2,1.0,4.0,2.0,8
Tacuary,8,1,1,6,3,14,-11,4,paraguay2,0.12,0.25,-11,0.38,8.33,4.0,9
Universitario,8,8,0,0,16,4,12,24,peru2,1.0,1.0,12,2.0,1.0,1.0,1
S. Cristal,8,7,1,0,23,3,20,22,peru2,0.88,1.0,20,2.88,1.14,1.0,2
FBC Melgar,8,6,2,0,15,3,12,20,peru2,0.75,1.0,12,1.88,1.33,1.0,3
Cusco,8,5,2,1,14,7,7,17,peru2,0.62,0.88,7,1.75,1.61,1.14,4
Alianza Lima,8,5,2,1,11,4,7,17,peru2,0.62,0.88,7,1.38,1.61,1.14,4
Alianza A.,8,5,2,1,10,6,4,17,peru2,0.62,0.88,4,1.25,1.61,1.14,4
Cienciano,8,5,1,2,18,5,13,16,peru2,0.62,0.75,13,2.25,1.61,1.33,5
Atletico Grau,8,4,4,0,16,6,10,16,peru2,0.5,1.0,10,2.0,2.0,1.0,5
D. Garcilaso,8,5,0,3,9,6,3,15,peru2,0.62,0.62,3,1.12,1.61,1.61,6
Los Chankas,8,3,4,1,10,7,3,13,peru2,0.38,0.88,3,1.25,2.63,1.14,7
ADT,8,4,1,3,10,8,2,13,peru2,0.5,0.62,2,1.25,2.0,1.61,7
Cajamarca,8,3,3,2,11,8,3,12,peru2,0.38,0.75,3,1.38,2.63,1.33,8
Comerciantes U.,8,3,3,2,8,8,0,12,peru2,0.38,0.75,0,1.0,2.63,1.33,8
Sport Huancayo,8,3,2,3,12,13,-1,11,peru2,0.38,0.62,-1,1.5,2.63,1.61,9
Sport Boys,8,3,2,3,9,14,-5,11,peru2,0.38,0.62,-5,1.12,2.63,1.61,9
Carlos Manucci,8,2,4,2,13,11,2,10,peru2,0.25,0.75,2,1.62,4.0,1.33,10
Cesar Vallejo,8,2,4,2,7,8,-1,10,peru2,0.25,0.75,-1,0.88,4.0,1.33,10
Union Comercio,8,2,1,5,10,25,-15,7,peru2,0.25,0.38,-15,1.25,4.0,2.63,11
Kaya FC,5,5,0,0,21,5,16,15,philippines,1.0,1.0,16,4.2,1.0,1.0,1
One Taguig,4,2,0,2,11,3,8,6,philippines,0.5,0.5,8,2.75,2.0,2.0,2
Manila Digger,4,2,0,2,9,4,5,6,philippines,0.5,0.5,5,2.25,2.0,2.0,2
Stallion,5,2,0,3,13,10,3,6,philippines,0.4,0.4,3,2.6,2.5,2.5,2
PFF Development,4,2,0,2,6,13,-7,6,philippines,0.5,0.5,-7,1.5,2.0,2.0,2
DH Cebu,3,1,1,1,1,1,0,4,philippines,0.33,0.67,0,0.33,3.03,1.49,3
Loyola,4,1,1,2,5,9,-4,4,philippines,0.25,0.5,-4,1.25,4.0,2.0,3
Maharlika,5,0,2,3,5,17,-12,2,philippines,0.0,0.4,-12,1.0,0.0,2.5,4
Davao Aguilas,5,0,1,4,4,9,-5,1,philippines,0.0,0.2,-5,0.8,0.0,5.0,5
Mendiola,3,0,0,3,2,12,-10,0,philippines,0.0,0.0,-10,0.67,0.0,0.0,6
Lech Poznan,8,7,0,1,22,6,16,21,poland,0.88,0.88,16,2.75,1.14,1.14,1
Pogon Szczecin,8,6,1,1,13,6,7,19,poland,0.75,0.88,7,1.62,1.33,1.14,2
Legia Warsaw,8,5,2,1,20,10,10,17,poland,0.62,0.88,10,2.5,1.61,1.14,3
Jagiellonia,8,4,3,1,19,12,7,15,poland,0.5,0.88,7,2.38,2.0,1.14,4
Rakow C.,8,4,3,1,12,5,7,15,poland,0.5,0.88,7,1.5,2.0,1.14,4
Katowice,8,4,3,1,12,6,6,15,poland,0.5,0.88,6,1.5,2.0,1.14,4
Stal Mielec,8,4,2,2,11,8,3,14,poland,0.5,0.75,3,1.38,2.0,1.33,5
Motor Lublin,8,4,2,2,12,10,2,14,poland,0.5,0.75,2,1.5,2.0,1.33,5
Gornik Zabrze,8,4,1,3,12,9,3,13,poland,0.5,0.62,3,1.5,2.0,1.61,6
Widzew Lodz,8,4,1,3,10,9,1,13,poland,0.5,0.62,1,1.25,2.0,1.61,6
Cracovia Krakow,8,3,3,2,16,13,3,12,poland,0.38,0.75,3,2.0,2.63,1.33,7
Puszcza Niepolo,8,3,3,2,12,12,0,12,poland,0.38,0.75,0,1.5,2.63,1.33,7
Zaglebie Lubin,8,4,0,4,8,9,-1,12,poland,0.5,0.5,-1,1.0,2.0,2.0,7
Radomiak Radom,8,3,2,3,12,9,3,11,poland,0.38,0.62,3,1.5,2.63,1.61,8
Piast Gliwice,8,1,5,2,9,10,-1,8,poland,0.12,0.75,-1,1.12,8.33,1.33,9
Korona Kielce,8,2,2,4,8,12,-4,8,poland,0.25,0.5,-4,1.0,4.0,2.0,9
Lechia Gdansk,8,2,2,4,6,11,-5,8,poland,0.25,0.5,-5,0.75,4.0,2.0,9
Slask Wroclaw,8,1,2,5,7,13,-6,5,poland,0.12,0.38,-6,0.88,8.33,2.63,10
Arka Gdynia,8,6,1,1,20,6,14,19,poland2,0.75,0.88,14,2.5,1.33,1.14,1
Polonia Warszaw,8,6,0,2,11,3,8,18,poland2,0.75,0.75,8,1.38,1.33,1.33,2
Ruch Chorzow,7,5,2,0,18,4,14,17,poland2,0.71,1.0,14,2.57,1.41,1.0,3
Wisla Plock,8,4,3,1,16,9,7,15,poland2,0.5,0.88,7,2.0,2.0,1.14,4
T. Nieciecza,8,4,3,1,17,11,6,15,poland2,0.5,0.88,6,2.12,2.0,1.14,4
Miedz Legnica,8,4,2,2,17,9,8,14,poland2,0.5,0.75,8,2.12,2.0,1.33,5
Wisla Krakow,8,3,4,1,13,6,7,13,poland2,0.38,0.88,7,1.62,2.63,1.14,6
Gornik Leczna,8,3,3,2,12,10,2,12,poland2,0.38,0.75,2,1.5,2.63,1.33,7
Znicz Pruszkow,8,3,2,3,15,12,3,11,poland2,0.38,0.62,3,1.88,2.63,1.61,8
LKS Lodz,8,3,2,3,8,5,3,11,poland2,0.38,0.62,3,1.0,2.63,1.61,8
Stal Rzeszow,8,3,1,4,16,15,1,10,poland2,0.38,0.5,1,2.0,2.63,2.0,9
Warta Poznan,8,3,1,4,8,12,-4,10,poland2,0.38,0.5,-4,1.0,2.63,2.0,9
Chrobry Glogow,8,2,3,3,8,12,-4,9,poland2,0.25,0.62,-4,1.0,4.0,1.61,10
Odra Opole,8,2,2,4,8,14,-6,8,poland2,0.25,0.5,-6,1.0,4.0,2.0,11
K. Kolobrzeg,8,2,2,4,6,12,-6,8,poland2,0.25,0.5,-6,0.75,4.0,2.0,11
Tychy,8,1,4,3,6,8,-2,7,poland2,0.12,0.62,-2,0.75,8.33,1.61,12
Stalowa Wola,8,1,3,4,9,17,-8,6,poland2,0.12,0.5,-8,1.12,8.33,2.0,13
Pogon Siedlce,8,1,2,5,8,14,-6,5,poland2,0.12,0.38,-6,1.0,8.33,2.63,14
Polonia Bytom,8,7,0,1,23,5,18,21,poland3,0.88,0.88,18,2.88,1.14,1.14,1
Wieczysta K.,8,6,2,0,20,4,16,20,poland3,0.75,1.0,16,2.5,1.33,1.0,2
Pogon Grodzisk,8,6,2,0,18,7,11,20,poland3,0.75,1.0,11,2.25,1.33,1.0,2
Chojniczanka,8,5,2,1,13,5,8,17,poland3,0.62,0.88,8,1.62,1.61,1.14,3
Hutnik Krakow,8,5,2,1,12,9,3,17,poland3,0.62,0.88,3,1.5,1.61,1.14,3
SKRA Czestochow,8,5,1,2,11,7,4,16,poland3,0.62,0.75,4,1.38,1.61,1.33,4
Swit Skolwin,8,4,2,2,16,14,2,14,poland3,0.5,0.75,2,2.0,2.0,1.33,5
Zaglebie L. B,8,3,3,2,17,10,7,12,poland3,0.38,0.75,7,2.12,2.63,1.33,6
Wisla Pulawy,8,4,0,4,10,14,-4,12,poland3,0.5,0.5,-4,1.25,2.0,2.0,6
Resovia Rzeszow,8,3,2,3,15,15,0,11,poland3,0.38,0.62,0,1.88,2.63,1.61,7
Kalisz,8,3,2,3,10,11,-1,11,poland3,0.38,0.62,-1,1.25,2.63,1.61,7
Podbeskidzie,8,3,2,3,7,8,-1,11,poland3,0.38,0.62,-1,0.88,2.63,1.61,7
Z. Sosnowiec,8,3,2,3,15,18,-3,11,poland3,0.38,0.62,-3,1.88,2.63,1.61,7
O. Grudziadz,8,2,2,4,12,12,0,8,poland3,0.25,0.5,0,1.5,4.0,2.0,8
Olimpia Elblag,8,2,2,4,9,13,-4,8,poland3,0.25,0.5,-4,1.12,4.0,2.0,8
LKS Lodz B,8,1,3,4,6,10,-4,6,poland3,0.12,0.5,-4,0.75,8.33,2.0,9
Jastrzebie,8,1,2,5,7,13,-6,5,poland3,0.12,0.38,-6,0.88,8.33,2.63,10
Rekord Bielsko,8,0,3,5,9,16,-7,3,poland3,0.0,0.38,-7,1.12,0.0,2.63,11
FC Porto,8,7,1,0,21,3,18,22,portugal,0.88,1.0,18,2.62,1.14,1.0,1
Benfica,8,7,0,1,27,5,22,21,portugal,0.88,0.88,22,3.38,1.14,1.14,2
Sporting CP,8,7,0,1,19,5,14,21,portugal,0.88,0.88,14,2.38,1.14,1.14,2
Casa Pia,8,4,4,0,14,7,7,16,portugal,0.5,1.0,7,1.75,2.0,1.0,3
Santa Clara,8,5,1,2,9,7,2,16,portugal,0.62,0.75,2,1.12,1.61,1.33,3
Estoril,8,4,2,2,10,9,1,14,portugal,0.5,0.75,1,1.25,2.0,1.33,4
Guimaraes,8,3,4,1,17,13,4,13,portugal,0.38,0.88,4,2.12,2.63,1.14,5
Estrela Amadora,8,4,1,3,13,12,1,13,portugal,0.5,0.62,1,1.62,2.0,1.61,5
Nacional,8,4,1,3,9,8,1,13,portugal,0.5,0.62,1,1.12,2.0,1.61,5
Gil Vicente,8,3,3,2,12,8,4,12,portugal,0.38,0.75,4,1.5,2.63,1.33,6
Moreirense,8,3,3,2,8,9,-1,12,portugal,0.38,0.75,-1,1.0,2.63,1.33,6
Sporting Braga,8,3,2,3,17,13,4,11,portugal,0.38,0.62,4,2.12,2.63,1.61,7
Rio Ave,8,2,5,1,14,15,-1,11,portugal,0.25,0.88,-1,1.75,4.0,1.14,7
Arouca,8,3,2,3,6,9,-3,11,portugal,0.38,0.62,-3,0.75,2.63,1.61,7
AVS,8,2,3,3,6,11,-5,9,portugal,0.25,0.62,-5,0.75,4.0,1.61,8
Farense,8,2,1,5,6,13,-7,7,portugal,0.25,0.38,-7,0.75,4.0,2.63,9
Famalicao,8,0,5,3,4,9,-5,5,portugal,0.0,0.62,-5,0.5,0.0,1.61,10
Boavista,8,0,2,6,4,16,-12,2,portugal,0.0,0.25,-12,0.5,0.0,4.0,11
Tondela,8,6,1,1,15,7,8,19,portugal2,0.75,0.88,8,1.88,1.33,1.14,1
Alverca,8,5,3,0,16,8,8,18,portugal2,0.62,1.0,8,2.0,1.61,1.0,2
Vizela,8,5,2,1,11,5,6,17,portugal2,0.62,0.88,6,1.38,1.61,1.14,3
Feirense,8,4,4,0,11,5,6,16,portugal2,0.5,1.0,6,1.38,2.0,1.0,4
Benfica B,8,5,1,2,14,12,2,16,portugal2,0.62,0.75,2,1.75,1.61,1.33,4
Torreense,8,5,1,2,9,7,2,16,portugal2,0.62,0.75,2,1.12,1.61,1.33,4
Leixoes,8,4,3,1,13,6,7,15,portugal2,0.5,0.88,7,1.62,2.0,1.14,5
Chaves,8,4,3,1,12,7,5,15,portugal2,0.5,0.88,5,1.5,2.0,1.14,5
Academico Viseu,8,4,2,2,9,6,3,14,portugal2,0.5,0.75,3,1.12,2.0,1.33,6
Penafiel,8,3,4,1,10,8,2,13,portugal2,0.38,0.88,2,1.25,2.63,1.14,7
FC Porto B,8,3,3,2,11,11,0,12,portugal2,0.38,0.75,0,1.38,2.63,1.33,8
Pacos Ferreira,8,3,3,2,11,11,0,12,portugal2,0.38,0.75,0,1.38,2.63,1.33,8
Uniao de Leiria,8,3,3,2,7,7,0,12,portugal2,0.38,0.75,0,0.88,2.63,1.33,8
Portimonense,8,3,2,3,9,10,-1,11,portugal2,0.38,0.62,-1,1.12,2.63,1.61,9
Mafra,8,2,3,3,7,11,-4,9,portugal2,0.25,0.62,-4,0.88,4.0,1.61,10
Felgueiras,8,2,2,4,8,11,-3,8,portugal2,0.25,0.5,-3,1.0,4.0,2.0,11
Maritimo,8,1,3,4,8,13,-5,6,portugal2,0.12,0.5,-5,1.0,8.33,2.0,12
Oliveirense,8,0,2,6,4,18,-14,2,portugal2,0.0,0.25,-14,0.5,0.0,4.0,13
Al Gharafa,7,6,1,0,17,6,11,19,qatar,0.86,1.0,11,2.43,1.16,1.0,1
Al Sadd,7,5,0,2,17,9,8,15,qatar,0.71,0.71,8,2.43,1.41,1.41,2
Al Ahli Doha,7,4,2,1,16,11,5,14,qatar,0.57,0.86,5,2.29,1.75,1.16,3
Al Duhail,6,4,1,1,16,5,11,13,qatar,0.67,0.83,11,2.67,1.49,1.2,4
Al Arabi,8,3,2,3,12,16,-4,11,qatar,0.38,0.62,-4,1.5,2.63,1.61,5
Al Shahaniya,6,3,1,2,8,7,1,10,qatar,0.5,0.67,1,1.33,2.0,1.49,6
Al Wakrah,8,3,1,4,12,15,-3,10,qatar,0.38,0.5,-3,1.5,2.63,2.0,6
Al Shamal,6,3,0,3,15,14,1,9,qatar,0.5,0.5,1,2.5,2.0,2.0,7
Al Rayyan,7,2,3,2,12,11,1,9,qatar,0.29,0.71,1,1.71,3.45,1.41,7
Umm Salal,7,2,2,3,12,17,-5,8,qatar,0.29,0.57,-5,1.71,3.45,1.75,8
Qatar SC,8,2,0,6,9,22,-13,6,qatar,0.25,0.25,-13,1.12,4.0,4.0,9
Al Khor,7,0,2,5,5,12,-7,2,qatar,0.0,0.29,-7,0.71,0.0,3.45,10
Rapid Bucharest,8,7,1,0,16,3,13,22,romania,0.88,1.0,13,2.0,1.14,1.0,1
Sepsi OSK,8,5,2,1,9,2,7,17,romania,0.62,0.88,7,1.12,1.61,1.14,2
FCSB,8,4,4,0,13,6,7,16,romania,0.5,1.0,7,1.62,2.0,1.0,3
U. Cluj,8,5,1,2,15,9,6,16,romania,0.62,0.75,6,1.88,1.61,1.33,3
Petrolul,8,4,3,1,13,6,7,15,romania,0.5,0.88,7,1.62,2.0,1.14,4
Univ. Craiova,8,4,3,1,12,7,5,15,romania,0.5,0.88,5,1.5,2.0,1.14,4
CFR Cluj,8,4,3,1,16,13,3,15,romania,0.5,0.88,3,2.0,2.0,1.14,4
Din. Bucharest,8,3,4,1,6,4,2,13,romania,0.38,0.88,2,0.75,2.63,1.14,5
Hermannstadt,8,3,3,2,9,9,0,12,romania,0.38,0.75,0,1.12,2.63,1.33,6
Farul Constanta,8,3,3,2,10,11,-1,12,romania,0.38,0.75,-1,1.25,2.63,1.33,6
UTA Arad,8,3,2,3,11,9,2,11,romania,0.38,0.62,2,1.38,2.63,1.61,7
Botosani,8,2,4,2,7,6,1,10,romania,0.25,0.75,1,0.88,4.0,1.33,8
P. Iasi,8,3,1,4,7,10,-3,10,romania,0.38,0.5,-3,0.88,2.63,2.0,8
FC Buzau,8,3,0,5,8,7,1,9,romania,0.38,0.38,1,1.0,2.63,2.63,9
Unirea Slobozia,8,2,2,4,10,13,-3,8,romania,0.25,0.5,-3,1.25,4.0,2.0,10
Otelul,8,1,4,3,5,10,-5,7,romania,0.12,0.62,-5,0.62,8.33,1.61,11
Spartak Moscow,8,6,1,1,21,7,14,19,russia,0.75,0.88,14,2.62,1.33,1.14,1
FC Krasnodar,8,6,1,1,16,5,11,19,russia,0.75,0.88,11,2.0,1.33,1.14,1
Lokomotiv M.,8,6,0,2,13,10,3,18,russia,0.75,0.75,3,1.62,1.33,1.33,2
Rostov,8,5,1,2,19,10,9,16,russia,0.62,0.75,9,2.38,1.61,1.33,3
Dinamo Moscow,8,5,1,2,17,9,8,16,russia,0.62,0.75,8,2.12,1.61,1.33,3
Zenit,8,4,2,2,11,8,3,14,russia,0.5,0.75,3,1.38,2.0,1.33,4
Rubin Kazan,8,3,2,3,11,11,0,11,russia,0.38,0.62,0,1.38,2.63,1.61,5
Krylya Sovetov,8,3,1,4,10,10,0,10,russia,0.38,0.5,0,1.25,2.63,2.0,6
Akron,8,3,1,4,11,16,-5,10,russia,0.38,0.5,-5,1.38,2.63,2.0,6
Fakel Voronezh,8,1,6,1,4,4,0,9,russia,0.12,0.88,0,0.5,8.33,1.14,7
Makhachkala,8,2,3,3,7,8,-1,9,russia,0.25,0.62,-1,0.88,4.0,1.61,7
CSKA Moscow,8,2,2,4,10,8,2,8,russia,0.25,0.5,2,1.25,4.0,2.0,8
Khimki,8,1,4,3,10,13,-3,7,russia,0.12,0.62,-3,1.25,8.33,1.61,9
Akhmat Grozny,8,1,4,3,9,12,-3,7,russia,0.12,0.62,-3,1.12,8.33,1.61,9
Nizhny Novgorod,8,1,2,5,5,16,-11,5,russia,0.12,0.38,-11,0.62,8.33,2.63,10
Orenburg,8,0,4,4,10,15,-5,4,russia,0.0,0.5,-5,1.25,0.0,2.0,11
PFC Sochi,8,7,1,0,21,5,16,22,russia2,0.88,1.0,16,2.62,1.14,1.0,1
Baltika,8,6,2,0,12,3,9,20,russia2,0.75,1.0,9,1.5,1.33,1.0,2
Torpedo Moscow,8,5,3,0,18,6,12,18,russia2,0.62,1.0,12,2.25,1.61,1.0,3
SKA Khabarovsk,8,5,3,0,19,9,10,18,russia2,0.62,1.0,10,2.38,1.61,1.0,3
Yenisey,8,5,2,1,12,4,8,17,russia2,0.62,0.88,8,1.5,1.61,1.14,4
Chernomorets,8,5,2,1,13,7,6,17,russia2,0.62,0.88,6,1.62,1.61,1.14,4
Ural,8,4,4,0,12,6,6,16,russia2,0.5,1.0,6,1.5,2.0,1.0,5
Kamaz,8,4,1,3,10,5,5,13,russia2,0.5,0.62,5,1.25,2.0,1.61,6
Ufa,8,4,1,3,11,9,2,13,russia2,0.5,0.62,2,1.38,2.0,1.61,6
Shinnik,8,3,3,2,7,6,1,12,russia2,0.38,0.75,1,0.88,2.63,1.33,7
Chayka,8,2,5,1,10,6,4,11,russia2,0.25,0.88,4,1.25,4.0,1.14,8
Arsenal Tula,8,2,5,1,6,5,1,11,russia2,0.25,0.88,1,0.75,4.0,1.14,8
Rotor Volgograd,8,2,5,1,6,5,1,11,russia2,0.25,0.88,1,0.75,4.0,1.14,8
Rodina Moskva,8,2,4,2,9,9,0,10,russia2,0.25,0.75,0,1.12,4.0,1.33,9
Neftekhimik,8,2,4,2,7,7,0,10,russia2,0.25,0.75,0,0.88,4.0,1.33,9
Sokol Saratov,8,1,2,5,3,7,-4,5,russia2,0.12,0.38,-4,0.38,8.33,2.63,10
Tyumen,8,1,2,5,7,13,-6,5,russia2,0.12,0.38,-6,0.88,8.33,2.63,10
A. Vladikavkaz,8,1,2,5,6,12,-6,5,russia2,0.12,0.38,-6,0.75,8.33,2.63,10
Al Hilal,8,8,0,0,31,5,26,24,saudiarabia,1.0,1.0,26,3.88,1.0,1.0,1
Al Ittihad,8,8,0,0,22,8,14,24,saudiarabia,1.0,1.0,14,2.75,1.0,1.0,1
Al Ahli Jeddah,8,6,1,1,19,7,12,19,saudiarabia,0.75,0.88,12,2.38,1.33,1.14,2
Al Quadisiya,8,6,0,2,10,6,4,18,saudiarabia,0.75,0.75,4,1.25,1.33,1.33,3
Al Nassr,8,5,2,1,16,6,10,17,saudiarabia,0.62,0.88,10,2.0,1.61,1.14,4
Al Shabab,8,5,1,2,18,11,7,16,saudiarabia,0.62,0.75,7,2.25,1.61,1.33,5
Damak,8,4,3,1,14,12,2,15,saudiarabia,0.5,0.88,2,1.75,2.0,1.14,6
Al Khaleej,8,4,1,3,14,11,3,13,saudiarabia,0.5,0.62,3,1.75,2.0,1.61,7
Al Riyadh,8,3,2,3,6,8,-2,11,saudiarabia,0.38,0.62,-2,0.75,2.63,1.61,8
Al Taawon,8,2,4,2,9,9,0,10,saudiarabia,0.25,0.75,0,1.12,4.0,1.33,9
Al Feiha,8,2,3,3,5,9,-4,9,saudiarabia,0.25,0.62,-4,0.62,4.0,1.61,10
Al Kholood,8,2,2,4,11,17,-6,8,saudiarabia,0.25,0.5,-6,1.38,4.0,2.0,11
Al Raed,8,2,1,5,9,13,-4,7,saudiarabia,0.25,0.38,-4,1.12,4.0,2.63,12
Al Fateh,8,1,3,4,10,14,-4,6,saudiarabia,0.12,0.5,-4,1.25,8.33,2.0,13
Al Orubah,8,2,0,6,2,15,-13,6,saudiarabia,0.25,0.25,-13,0.25,4.0,4.0,13
Al Akhdoud,8,1,2,5,9,10,-1,5,saudiarabia,0.12,0.38,-1,1.12,8.33,2.63,14
Al Wahda,8,1,2,5,10,17,-7,5,saudiarabia,0.12,0.38,-7,1.25,8.33,2.63,14
Al Ittifaq,8,1,0,7,8,19,-11,3,saudiarabia,0.12,0.12,-11,1.0,8.33,8.33,15
Al Hazm,8,7,0,1,17,7,10,21,saudiarabia2,0.88,0.88,10,2.12,1.14,1.14,1
Al Jabalain,8,5,3,0,9,4,5,18,saudiarabia2,0.62,1.0,5,1.12,1.61,1.0,2
Al Adalha,8,5,2,1,19,12,7,17,saudiarabia2,0.62,0.88,7,2.38,1.61,1.14,3
Al Tai,8,5,1,2,17,9,8,16,saudiarabia2,0.62,0.75,8,2.12,1.61,1.33,4
Al Najma,8,5,1,2,14,7,7,16,saudiarabia2,0.62,0.75,7,1.75,1.61,1.33,4
Abha,8,4,4,0,13,8,5,16,saudiarabia2,0.5,1.0,5,1.62,2.0,1.0,4
Al Batin,8,5,1,2,10,8,2,16,saudiarabia2,0.62,0.75,2,1.25,1.61,1.33,4
Al Arabi,8,4,3,1,15,9,6,15,saudiarabia2,0.5,0.88,6,1.88,2.0,1.14,5
Neom SC,8,3,5,0,13,8,5,14,saudiarabia2,0.38,1.0,5,1.62,2.63,1.0,6
Al Jandal,8,4,1,3,10,7,3,13,saudiarabia2,0.5,0.62,3,1.25,2.0,1.61,7
Al Safa,8,4,1,3,12,10,2,13,saudiarabia2,0.5,0.62,2,1.5,2.0,1.61,7
Al Zulfi,8,4,1,3,10,8,2,13,saudiarabia2,0.5,0.62,2,1.25,2.0,1.61,7
Jeddah,8,2,5,1,9,6,3,11,saudiarabia2,0.25,0.88,3,1.12,4.0,1.14,8
Al Jubail,8,3,2,3,11,10,1,11,saudiarabia2,0.38,0.62,1,1.38,2.63,1.61,8
Al Bukayriyah,8,3,1,4,7,7,0,10,saudiarabia2,0.38,0.5,0,0.88,2.63,2.0,9
Al Ain,8,2,3,3,6,8,-2,9,saudiarabia2,0.25,0.62,-2,0.75,4.0,1.61,10
Al Faisaly,8,1,1,6,4,9,-5,4,saudiarabia2,0.12,0.25,-5,0.5,8.33,4.0,11
Ohod,8,1,1,6,9,18,-9,4,saudiarabia2,0.12,0.25,-9,1.12,8.33,4.0,11
Celtic,8,8,0,0,29,0,29,24,scotland,1.0,1.0,29,3.62,1.0,1.0,1
Rangers,8,7,1,0,22,2,20,22,scotland,0.88,1.0,20,2.75,1.14,1.0,2
Hibernian,8,4,3,1,17,11,6,15,scotland,0.5,0.88,6,2.12,2.0,1.14,3
Kilmarnock,8,4,2,2,9,4,5,14,scotland,0.5,0.75,5,1.12,2.0,1.33,4
Hearts,8,4,1,3,12,12,0,13,scotland,0.5,0.62,0,1.5,2.0,1.61,5
Dundee Utd,8,3,2,3,9,7,2,11,scotland,0.38,0.62,2,1.12,2.63,1.61,6
Dundee FC,8,3,2,3,16,19,-3,11,scotland,0.38,0.62,-3,2.0,2.63,1.61,6
Motherwell,8,3,2,3,12,16,-4,11,scotland,0.38,0.62,-4,1.5,2.63,1.61,6
St. Mirren,8,3,1,4,8,8,0,10,scotland,0.38,0.5,0,1.0,2.63,2.0,7
Ross County,8,2,3,3,9,14,-5,9,scotland,0.25,0.62,-5,1.12,4.0,1.61,8
Aberdeen,8,2,2,4,9,12,-3,8,scotland,0.25,0.5,-3,1.12,4.0,2.0,9
St. Johnstone,8,2,1,5,9,13,-4,7,scotland,0.25,0.38,-4,1.12,4.0,2.63,10
Ayr Utd,8,6,1,1,16,7,9,19,scotland2,0.75,0.88,9,2.0,1.33,1.14,1
Livingston,8,6,1,1,13,5,8,19,scotland2,0.75,0.88,8,1.62,1.33,1.14,1
Falkirk,8,5,2,1,15,3,12,17,scotland2,0.62,0.88,12,1.88,1.61,1.14,2
Raith Rovers,8,5,1,2,11,7,4,16,scotland2,0.62,0.75,4,1.38,1.61,1.33,3
Partick Thistle,8,4,3,1,15,11,4,15,scotland2,0.5,0.88,4,1.88,2.0,1.14,4
Greenock Morton,8,4,2,2,11,6,5,14,scotland2,0.5,0.75,5,1.38,2.0,1.33,5
Dunfermline,8,4,2,2,13,9,4,14,scotland2,0.5,0.75,4,1.62,2.0,1.33,5
Queens Park,8,4,0,4,9,7,2,12,scotland2,0.5,0.5,2,1.12,2.0,2.0,6
Hamilton,8,3,0,5,11,16,-5,9,scotland2,0.38,0.38,-5,1.38,2.63,2.63,7
Airdrieonians,8,2,2,4,8,14,-6,8,scotland2,0.25,0.5,-6,1.0,4.0,2.0,8
Arbroath,8,6,0,2,13,8,5,18,scotland3,0.75,0.75,5,1.62,1.33,1.33,1
Queen of South,8,5,2,1,13,11,2,17,scotland3,0.62,0.88,2,1.62,1.61,1.14,2
Inverness,8,4,2,2,7,7,0,14,scotland3,0.5,0.75,0,0.88,2.0,1.33,3
Kelty Hearts,8,4,1,3,11,9,2,13,scotland3,0.5,0.62,2,1.38,2.0,1.61,4
Cove Rangers,8,4,1,3,10,10,0,13,scotland3,0.5,0.62,0,1.25,2.0,1.61,4
Stenhousemuir,8,3,2,3,8,8,0,11,scotland3,0.38,0.62,0,1.0,2.63,1.61,5
Dumbarton,8,3,1,4,10,15,-5,10,scotland3,0.38,0.5,-5,1.25,2.63,2.0,6
Annan Athletic,8,2,3,3,6,13,-7,9,scotland3,0.25,0.62,-7,0.75,4.0,1.61,7
Montrose,8,1,3,4,8,14,-6,6,scotland3,0.12,0.5,-6,1.0,8.33,2.0,8
Alloa Athletic,8,1,2,5,11,13,-2,5,scotland3,0.12,0.38,-2,1.38,8.33,2.63,9
East Fife,8,6,1,1,22,6,16,19,scotland4,0.75,0.88,16,2.75,1.33,1.14,1
Elgin City,8,6,1,1,18,10,8,19,scotland4,0.75,0.88,8,2.25,1.33,1.14,1
Edinburgh City,8,6,0,2,14,8,6,18,scotland4,0.75,0.75,6,1.75,1.33,1.33,2
Bonnyrigg Rose,8,5,2,1,14,7,7,17,scotland4,0.62,0.88,7,1.75,1.61,1.14,3
Peterhead,8,5,1,2,13,9,4,16,scotland4,0.62,0.75,4,1.62,1.61,1.33,4
Clyde,8,4,3,1,13,8,5,15,scotland4,0.5,0.88,5,1.62,2.0,1.14,5
Spartans,8,5,0,3,11,9,2,15,scotland4,0.62,0.62,2,1.38,1.61,1.61,5
Forfar Athletic,8,2,4,2,11,10,1,10,scotland4,0.25,0.75,1,1.38,4.0,1.33,6
Stirling Albion,8,3,1,4,12,14,-2,10,scotland4,0.38,0.5,-2,1.5,2.63,2.0,6
Stranraer,8,2,3,3,6,8,-2,9,scotland4,0.25,0.62,-2,0.75,4.0,1.61,7
Red Star,8,8,0,0,30,6,24,24,serbia,1.0,1.0,24,3.75,1.0,1.0,1
Partizan,8,4,4,0,18,8,10,16,serbia,0.5,1.0,10,2.25,2.0,1.0,2
Radnicki 1923,8,5,1,2,12,5,7,16,serbia,0.62,0.75,7,1.5,1.61,1.33,2
Tekstilac Odzac,8,4,2,2,9,8,1,14,serbia,0.5,0.75,1,1.12,2.0,1.33,3
Vojvodina,8,3,3,2,10,8,2,12,serbia,0.38,0.75,2,1.25,2.63,1.33,4
Radnicki Nis,8,3,3,2,12,11,1,12,serbia,0.38,0.75,1,1.5,2.63,1.33,4
Cukaricki,8,3,2,3,9,6,3,11,serbia,0.38,0.62,3,1.12,2.63,1.61,5
IMT N. Beograd,8,3,2,3,11,12,-1,11,serbia,0.38,0.62,-1,1.38,2.63,1.61,5
S. Subotica,8,3,2,3,7,13,-6,11,serbia,0.38,0.62,-6,0.88,2.63,1.61,5
OFK Beograd,8,2,4,2,14,15,-1,10,serbia,0.25,0.75,-1,1.75,4.0,1.33,6
Mladost Lucani,8,3,1,4,9,12,-3,10,serbia,0.38,0.5,-3,1.12,2.63,2.0,6
Napredak,8,3,1,4,10,14,-4,10,serbia,0.38,0.5,-4,1.25,2.63,2.0,6
Novi Pazar,8,3,1,4,16,22,-6,10,serbia,0.38,0.5,-6,2.0,2.63,2.0,6
Backa Topola,8,3,0,5,15,14,1,9,serbia,0.38,0.38,1,1.88,2.63,2.63,7
Jedinstvo U.,8,2,1,5,7,13,-6,7,serbia,0.25,0.38,-6,0.88,4.0,2.63,8
Z. Pancevo,8,1,3,4,11,9,2,6,serbia,0.12,0.5,2,1.38,8.33,2.0,9
Borac Cacak,8,6,2,0,18,5,13,20,serbia2,0.75,1.0,13,2.25,1.33,1.0,1
Vrsac,8,6,2,0,12,1,11,20,serbia2,0.75,1.0,11,1.5,1.33,1.0,1
Mladost,8,6,2,0,12,4,8,20,serbia2,0.75,1.0,8,1.5,1.33,1.0,1
Macva Sabac,8,6,1,1,10,3,7,19,serbia2,0.75,0.88,7,1.25,1.33,1.14,2
R. Surdulica,8,5,3,0,16,2,14,18,serbia2,0.62,1.0,14,2.0,1.61,1.0,3
Javor Ivanjica,8,5,2,1,9,4,5,17,serbia2,0.62,0.88,5,1.12,1.61,1.14,4
Smederevo,8,4,3,1,11,7,4,15,serbia2,0.5,0.88,4,1.38,2.0,1.14,5
Graficar,8,3,4,1,9,6,3,13,serbia2,0.38,0.88,3,1.12,2.63,1.14,6
Vozdovac,8,3,3,2,10,5,5,12,serbia2,0.38,0.75,5,1.25,2.63,1.33,7
S. Mitrovica,8,3,3,2,7,4,3,12,serbia2,0.38,0.75,3,0.88,2.63,1.33,7
Zemun,8,3,2,3,9,8,1,11,serbia2,0.38,0.62,1,1.12,2.63,1.61,8
Sloven Ruma,8,2,3,3,7,8,-1,9,serbia2,0.25,0.62,-1,0.88,4.0,1.61,9
Trajal Krusevac,8,2,2,4,10,10,0,8,serbia2,0.25,0.5,0,1.25,4.0,2.0,10
Indija,8,2,2,4,12,13,-1,8,serbia2,0.25,0.5,-1,1.5,4.0,2.0,10
Sloboda Uzice,8,1,4,3,3,6,-3,7,serbia2,0.12,0.62,-3,0.38,8.33,1.61,11
Dubocica,8,1,3,4,7,16,-9,6,serbia2,0.12,0.5,-9,0.88,8.33,2.0,12
Lion City,8,6,1,1,27,10,17,19,singapore,0.75,0.88,17,3.38,1.33,1.14,1
Hougang,8,4,3,1,22,10,12,15,singapore,0.5,0.88,12,2.75,2.0,1.14,2
A. Niigata (S),8,5,0,3,22,19,3,15,singapore,0.62,0.62,3,2.75,1.61,1.61,2
Tampines Rovers,8,3,3,2,21,14,7,12,singapore,0.38,0.75,7,2.62,2.63,1.33,3
Geylang,8,3,1,4,21,18,3,10,singapore,0.38,0.5,3,2.62,2.63,2.0,4
Khalsa,8,3,1,4,21,21,0,10,singapore,0.38,0.5,0,2.62,2.63,2.0,4
Tanjong Pagar,8,3,0,5,11,27,-16,9,singapore,0.38,0.38,-16,1.38,2.63,2.63,5
DPMM FC,8,1,3,4,9,17,-8,6,singapore,0.12,0.5,-8,1.12,8.33,2.0,6
Young Lions,8,1,2,5,10,26,-16,5,singapore,0.12,0.38,-16,1.25,8.33,2.63,7
Zilina,8,7,1,0,21,9,12,22,slovakia,0.88,1.0,12,2.62,1.14,1.0,1
S. Bratislava,8,6,1,1,19,11,8,19,slovakia,0.75,0.88,8,2.38,1.33,1.14,2
Spartak Trnava,8,5,2,1,12,6,6,17,slovakia,0.62,0.88,6,1.5,1.61,1.14,3
Podbrezova,8,3,3,2,15,10,5,12,slovakia,0.38,0.75,5,1.88,2.63,1.33,4
Banska Bystrica,8,4,0,4,14,12,2,12,slovakia,0.5,0.5,2,1.75,2.0,2.0,4
Z. Michalovce,8,3,3,2,13,14,-1,12,slovakia,0.38,0.75,-1,1.62,2.63,1.33,4
Ruzomberok,8,3,2,3,8,10,-2,11,slovakia,0.38,0.62,-2,1.0,2.63,1.61,5
FC Kosice,8,2,4,2,9,7,2,10,slovakia,0.25,0.75,2,1.12,4.0,1.33,6
Skalica,8,2,2,4,9,10,-1,8,slovakia,0.25,0.5,-1,1.12,4.0,2.0,7
Komarno,8,2,1,5,10,12,-2,7,slovakia,0.25,0.38,-2,1.25,4.0,2.63,8
Trencin,8,1,4,3,9,14,-5,7,slovakia,0.12,0.62,-5,1.12,8.33,1.61,8
DAC Streda,8,1,3,4,8,12,-4,6,slovakia,0.12,0.5,-4,1.0,8.33,2.0,9
Presov,7,6,1,0,17,3,14,19,slovakia2,0.86,1.0,14,2.43,1.16,1.0,1
Malzenice,8,5,1,2,14,8,6,16,slovakia2,0.62,0.75,6,1.75,1.61,1.33,2
L. Mikulas,7,5,0,2,10,6,4,15,slovakia2,0.71,0.71,4,1.43,1.41,1.41,3
P. Bystrica,7,5,0,2,17,14,3,15,slovakia2,0.71,0.71,3,2.43,1.41,1.41,3
Pohronie,7,4,1,2,14,12,2,13,slovakia2,0.57,0.71,2,2.0,1.75,1.41,4
Zlate Moravce,7,3,2,2,12,7,5,11,slovakia2,0.43,0.71,5,1.71,2.33,1.41,5
Zilina B,7,3,2,2,10,5,5,11,slovakia2,0.43,0.71,5,1.43,2.33,1.41,5
Zvolen,7,3,2,2,10,12,-2,11,slovakia2,0.43,0.71,-2,1.43,2.33,1.41,5
Samorin,6,3,1,2,9,6,3,10,slovakia2,0.5,0.67,3,1.5,2.0,1.49,6
Puchov,7,3,1,3,9,7,2,10,slovakia2,0.43,0.57,2,1.29,2.33,1.75,6
S. Lubovna,7,2,4,1,8,6,2,10,slovakia2,0.29,0.86,2,1.14,3.45,1.16,6
Petrzalka,7,3,0,4,10,7,3,9,slovakia2,0.43,0.43,3,1.43,2.33,2.33,7
S. Bratislava B,6,3,0,3,7,7,0,9,slovakia2,0.5,0.5,0,1.17,2.0,2.0,7
Humenne,7,2,2,3,6,7,-1,8,slovakia2,0.29,0.57,-1,0.86,3.45,1.75,8
Maribor,8,6,1,1,17,6,11,19,slovenia,0.75,0.88,11,2.12,1.33,1.14,1
NK Olimpija,8,4,3,1,17,4,13,15,slovenia,0.5,0.88,13,2.12,2.0,1.14,2
Koper,8,4,3,1,15,7,8,15,slovenia,0.5,0.88,8,1.88,2.0,1.14,2
Bravo,8,4,3,1,9,5,4,15,slovenia,0.5,0.88,4,1.12,2.0,1.14,2
NK Celje,8,4,1,3,14,14,0,13,slovenia,0.5,0.62,0,1.75,2.0,1.61,3
Primorje,8,4,1,3,8,8,0,13,slovenia,0.5,0.62,0,1.0,2.0,1.61,3
Radomlje,8,2,3,3,12,13,-1,9,slovenia,0.25,0.62,-1,1.5,4.0,1.61,4
Mura,8,2,2,4,9,9,0,8,slovenia,0.25,0.5,0,1.12,4.0,2.0,5
Nafta,8,1,2,5,6,12,-6,5,slovenia,0.12,0.38,-6,0.75,8.33,2.63,6
Domzale,8,1,2,5,5,17,-12,5,slovenia,0.12,0.38,-12,0.62,8.33,2.63,6
Mamelodi S.,7,7,0,0,20,2,18,21,southafrica,1.0,1.0,18,2.86,1.0,1.0,1
Orlando Pirates,8,7,0,1,19,4,15,21,southafrica,0.88,0.88,15,2.38,1.14,1.14,1
Polokwane,8,5,3,0,10,4,6,18,southafrica,0.62,1.0,6,1.25,1.61,1.0,2
Cape Town City,8,5,2,1,7,3,4,17,southafrica,0.62,0.88,4,0.88,1.61,1.14,3
Sekhukhune,8,5,1,2,10,6,4,16,southafrica,0.62,0.75,4,1.25,1.61,1.33,4
Chippa Utd,8,4,2,2,9,6,3,14,southafrica,0.5,0.75,3,1.12,2.0,1.33,5
Kaizer Chiefs,8,4,2,2,11,9,2,14,southafrica,0.5,0.75,2,1.38,2.0,1.33,5
Tshakhuma,6,3,2,1,7,4,3,11,southafrica,0.5,0.83,3,1.17,2.0,1.2,6
SuperSport Utd,8,3,1,4,4,9,-5,10,southafrica,0.38,0.5,-5,0.5,2.63,2.0,7
AmaZulu,8,3,1,4,7,13,-6,10,southafrica,0.38,0.5,-6,0.88,2.63,2.0,7
Golden Arrows,7,2,3,2,6,5,1,9,southafrica,0.29,0.71,1,0.86,3.45,1.41,8
TS Galaxy,6,2,3,1,4,3,1,9,southafrica,0.33,0.83,1,0.67,3.03,1.2,8
Stellenbosch,6,2,2,2,6,5,1,8,southafrica,0.33,0.67,1,1.0,3.03,1.49,9
Richards Bay,8,2,2,4,4,8,-4,8,southafrica,0.25,0.5,-4,0.5,4.0,2.0,9
Royal AM,6,1,2,3,6,8,-2,5,southafrica,0.17,0.5,-2,1.0,5.88,2.0,10
Magesi,7,0,2,5,4,12,-8,2,southafrica,0.0,0.29,-8,0.57,0.0,3.45,11
Durban City,8,6,1,1,16,6,10,19,southafrica2,0.75,0.88,10,2.0,1.33,1.14,1
JDR Stars,8,6,1,1,13,8,5,19,southafrica2,0.75,0.88,5,1.62,1.33,1.14,1
Casric Stars,8,5,1,2,13,8,5,16,southafrica2,0.62,0.75,5,1.62,1.61,1.33,2
Milford,8,5,1,2,9,4,5,16,southafrica2,0.62,0.75,5,1.12,1.61,1.33,2
Pretoria U.,8,4,4,0,13,9,4,16,southafrica2,0.5,1.0,4,1.62,2.0,1.0,2
Hungry Lions,8,4,3,1,13,6,7,15,southafrica2,0.5,0.88,7,1.62,2.0,1.14,3
Baroka,8,4,3,1,16,10,6,15,southafrica2,0.5,0.88,6,2.0,2.0,1.14,3
Kruger United,8,4,2,2,8,6,2,14,southafrica2,0.5,0.75,2,1.0,2.0,1.33,4
Black Leopards,8,3,4,1,8,5,3,13,southafrica2,0.38,0.88,3,1.0,2.63,1.14,5
Highbury,8,4,1,3,7,6,1,13,southafrica2,0.5,0.62,1,0.88,2.0,1.61,5
Orbit College,8,3,3,2,8,5,3,12,southafrica2,0.38,0.75,3,1.0,2.63,1.33,6
Cape Town Spurs,8,3,3,2,9,8,1,12,southafrica2,0.38,0.75,1,1.12,2.63,1.33,6
Venda FC,8,3,2,3,10,7,3,11,southafrica2,0.38,0.62,3,1.25,2.63,1.61,7
Pretoria C.,8,3,2,3,8,9,-1,11,southafrica2,0.38,0.62,-1,1.0,2.63,1.61,7
Leruma United,8,3,1,4,7,11,-4,10,southafrica2,0.38,0.5,-4,0.88,2.63,2.0,8
Upington City,8,1,4,3,8,12,-4,7,southafrica2,0.12,0.62,-4,1.0,8.33,1.61,9
Ulsan,8,7,0,1,18,10,8,21,southkorea,0.88,0.88,8,2.25,1.14,1.14,1
Gangwon,8,6,2,0,17,7,10,20,southkorea,0.75,1.0,10,2.12,1.33,1.0,2
Seoul,8,5,2,1,11,6,5,17,southkorea,0.62,0.88,5,1.38,1.61,1.14,3
Jeju Utd,8,5,1,2,7,7,0,16,southkorea,0.62,0.75,0,0.88,1.61,1.33,4
Gimcheon Sangmu,8,4,2,2,13,7,6,14,southkorea,0.5,0.75,6,1.62,2.0,1.33,5
Daejeon Citizen,8,4,2,2,9,6,3,14,southkorea,0.5,0.75,3,1.12,2.0,1.33,5
Jeonbuk Motors,8,4,2,2,9,6,3,14,southkorea,0.5,0.75,3,1.12,2.0,1.33,5
Gwangju,8,3,3,2,8,7,1,12,southkorea,0.38,0.75,1,1.0,2.63,1.33,6
Daegu,8,2,3,3,13,13,0,9,southkorea,0.25,0.62,0,1.62,4.0,1.61,7
Suwon City,8,2,2,4,15,16,-1,8,southkorea,0.25,0.5,-1,1.88,4.0,2.0,8
Pohang Steelers,8,2,2,4,7,12,-5,8,southkorea,0.25,0.5,-5,0.88,4.0,2.0,8
Incheon Utd,8,1,1,6,5,13,-8,4,southkorea,0.12,0.25,-8,0.62,8.33,4.0,9
Asan,8,5,2,1,14,5,9,17,southkorea2,0.62,0.88,9,1.75,1.61,1.14,1
Suwon Bluewings,8,5,1,2,10,7,3,16,southkorea2,0.62,0.75,3,1.25,1.61,1.33,2
Gimpo,8,4,3,1,13,8,5,15,southkorea2,0.5,0.88,5,1.62,2.0,1.14,3
Bucheon FC,8,4,3,1,9,4,5,15,southkorea2,0.5,0.88,5,1.12,2.0,1.14,3
Ansan Greeners,8,4,3,1,11,12,-1,15,southkorea2,0.5,0.88,-1,1.38,2.0,1.14,3
Anyang,8,3,3,2,11,9,2,12,southkorea2,0.38,0.75,2,1.38,2.63,1.33,4
Busan IPark,8,3,3,2,9,7,2,12,southkorea2,0.38,0.75,2,1.12,2.63,1.33,4
Seoul E-Land,8,4,0,4,10,13,-3,12,southkorea2,0.5,0.5,-3,1.25,2.0,2.0,4
Cheonan City,8,3,1,4,11,13,-2,10,southkorea2,0.38,0.5,-2,1.38,2.63,2.0,5
Jeonnam,8,2,3,3,12,11,1,9,southkorea2,0.25,0.62,1,1.5,4.0,1.61,6
Gyeongnam,8,1,5,2,13,15,-2,8,southkorea2,0.12,0.75,-2,1.62,8.33,1.33,7
Seongnam,8,0,3,5,8,13,-5,3,southkorea2,0.0,0.38,-5,1.0,0.0,2.63,8
Cheongju,8,0,3,5,6,16,-10,3,southkorea2,0.0,0.38,-10,0.75,0.0,2.63,8
Atletico Madrid,8,7,1,0,16,6,10,22,spain,0.88,1.0,10,2.0,1.14,1.0,1
Real Madrid,8,7,0,1,23,10,13,21,spain,0.88,0.88,13,2.88,1.14,1.14,2
Athletic Bilbao,8,5,3,0,14,5,9,18,spain,0.62,1.0,9,1.75,1.61,1.0,3
Villarreal,8,4,3,1,20,8,12,15,spain,0.5,0.88,12,2.5,2.0,1.14,4
FC Barcelona,8,5,0,3,19,8,11,15,spain,0.62,0.62,11,2.38,1.61,1.61,4
Girona,8,5,0,3,16,12,4,15,spain,0.62,0.62,4,2.0,1.61,1.61,4
Espanyol,8,4,3,1,10,7,3,15,spain,0.5,0.88,3,1.25,2.0,1.14,4
Sevilla FC,8,4,3,1,8,6,2,15,spain,0.5,0.88,2,1.0,2.0,1.14,4
Real Sociedad,8,4,2,2,8,6,2,14,spain,0.5,0.75,2,1.0,2.0,1.33,5
Mallorca,8,4,1,3,7,9,-2,13,spain,0.5,0.62,-2,0.88,2.0,1.61,6
Osasuna,8,3,3,2,14,12,2,12,spain,0.38,0.75,2,1.75,2.63,1.33,7
Rayo Vallecano,8,3,3,2,12,12,0,12,spain,0.38,0.75,0,1.5,2.63,1.33,7
Celta Vigo,8,3,2,3,10,8,2,11,spain,0.38,0.62,2,1.25,2.63,1.61,8
Valencia,8,3,2,3,12,11,1,11,spain,0.38,0.62,1,1.5,2.63,1.61,8
Las Palmas,8,3,2,3,9,9,0,11,spain,0.38,0.62,0,1.12,2.63,1.61,8
Getafe,8,2,4,2,6,5,1,10,spain,0.25,0.75,1,0.75,4.0,1.33,9
Real Betis,8,2,4,2,11,12,-1,10,spain,0.25,0.75,-1,1.38,4.0,1.33,9
Leganes,8,3,1,4,7,12,-5,10,spain,0.38,0.5,-5,0.88,2.63,2.0,9
Alaves,8,2,3,3,8,11,-3,9,spain,0.25,0.62,-3,1.0,4.0,1.61,10
Valladolid,8,2,1,5,6,15,-9,7,spain,0.25,0.38,-9,0.75,4.0,2.63,11
Elche,8,7,0,1,16,4,12,21,spain2,0.88,0.88,12,2.0,1.14,1.14,1
Mirandes,8,6,2,0,16,7,9,20,spain2,0.75,1.0,9,2.0,1.33,1.0,2
Almeria,8,5,3,0,14,5,9,18,spain2,0.62,1.0,9,1.75,1.61,1.0,3
Granada,8,5,2,1,18,6,12,17,spain2,0.62,0.88,12,2.25,1.61,1.14,4
Huesca,8,4,4,0,14,7,7,16,spain2,0.5,1.0,7,1.75,2.0,1.0,5
Real Oviedo,8,5,1,2,16,10,6,16,spain2,0.62,0.75,6,2.0,1.61,1.33,5
Levante,8,4,3,1,16,10,6,15,spain2,0.5,0.88,6,2.0,2.0,1.14,6
Racing,8,4,2,2,15,6,9,14,spain2,0.5,0.75,9,1.88,2.0,1.33,7
Albacete,8,3,5,0,13,9,4,14,spain2,0.38,1.0,4,1.62,2.63,1.0,7
Cadiz,8,4,2,2,11,7,4,14,spain2,0.5,0.75,4,1.38,2.0,1.33,7
Cordoba,8,4,2,2,14,11,3,14,spain2,0.5,0.75,3,1.75,2.0,1.33,7
Eibar,8,4,2,2,8,6,2,14,spain2,0.5,0.75,2,1.0,2.0,1.33,7
Malaga,8,3,4,1,8,4,4,13,spain2,0.38,0.88,4,1.0,2.63,1.14,8
Sporting Gijon,8,4,1,3,12,10,2,13,spain2,0.5,0.62,2,1.5,2.0,1.61,8
Tenerife,8,3,3,2,7,6,1,12,spain2,0.38,0.75,1,0.88,2.63,1.33,9
Burgos,8,3,2,3,4,5,-1,11,spain2,0.38,0.62,-1,0.5,2.63,1.61,10
Deportivo,8,2,3,3,11,12,-1,9,spain2,0.25,0.62,-1,1.38,4.0,1.61,11
Real Zaragoza,8,2,3,3,8,9,-1,9,spain2,0.25,0.62,-1,1.0,4.0,1.61,11
Cartagena,8,2,2,4,4,9,-5,8,spain2,0.25,0.5,-5,0.5,4.0,2.0,12
Eldense,8,2,2,4,8,14,-6,8,spain2,0.25,0.5,-6,1.0,4.0,2.0,12
Castellon,8,2,1,5,10,12,-2,7,spain2,0.25,0.38,-2,1.25,4.0,2.63,13
Racing Ferrol,8,1,4,3,5,12,-7,7,spain2,0.12,0.62,-7,0.62,8.33,1.61,13
Real Sociedad B,8,6,1,1,20,6,14,19,spain3,0.75,0.88,14,2.5,1.33,1.14,1
Celta Vigo B,8,6,0,2,16,7,9,18,spain3,0.75,0.75,9,2.0,1.33,1.33,2
Gimnastic T.,8,5,2,1,16,7,9,17,spain3,0.62,0.88,9,2.0,1.61,1.14,3
Ponferradina,8,5,2,1,16,8,8,17,spain3,0.62,0.88,8,2.0,1.61,1.14,3
Unionistas,8,4,4,0,12,6,6,16,spain3,0.5,1.0,6,1.5,2.0,1.0,4
Zamora,8,5,1,2,11,5,6,16,spain3,0.62,0.75,6,1.38,1.61,1.33,4
Arenteiro,8,4,3,1,15,4,11,15,spain3,0.5,0.88,11,1.88,2.0,1.14,5
Tarazona,8,4,3,1,10,5,5,15,spain3,0.5,0.88,5,1.25,2.0,1.14,5
Lugo,8,4,2,2,12,10,2,14,spain3,0.5,0.75,2,1.5,2.0,1.33,6
FC Andorra,8,3,4,1,13,7,6,13,spain3,0.38,0.88,6,1.62,2.63,1.14,7
Amorebieta,8,3,4,1,15,11,4,13,spain3,0.38,0.88,4,1.88,2.63,1.14,7
Leonesa,8,4,1,3,16,13,3,13,spain3,0.5,0.62,3,2.0,2.0,1.61,7
Barakaldo,8,4,1,3,11,8,3,13,spain3,0.5,0.62,3,1.38,2.0,1.61,7
Ourense CF,8,3,4,1,10,8,2,13,spain3,0.38,0.88,2,1.25,2.63,1.14,7
Gimnastica,8,3,3,2,11,8,3,12,spain3,0.38,0.75,3,1.38,2.63,1.33,8
Real Union,8,3,2,3,13,8,5,11,spain3,0.38,0.62,5,1.62,2.63,1.61,9
Sestao River,8,2,2,4,8,9,-1,8,spain3,0.25,0.5,-1,1.0,4.0,2.0,10
FC Barcelona B,8,1,5,2,9,13,-4,8,spain3,0.12,0.75,-4,1.12,8.33,1.33,10
Osasuna B,8,2,2,4,8,12,-4,8,spain3,0.25,0.5,-4,1.0,4.0,2.0,10
Athletic B. B,8,2,2,4,6,10,-4,8,spain3,0.25,0.5,-4,0.75,4.0,2.0,10
Antequera,8,5,2,1,15,9,6,17,spain4,0.62,0.88,6,1.88,1.61,1.14,1
Merida,8,4,4,0,15,10,5,16,spain4,0.5,1.0,5,1.88,2.0,1.0,2
Hercules,8,5,1,2,13,8,5,16,spain4,0.62,0.75,5,1.62,1.61,1.33,2
Ceuta,8,5,1,2,13,10,3,16,spain4,0.62,0.75,3,1.62,1.61,1.33,2
Recreativo H.,8,5,1,2,11,9,2,16,spain4,0.62,0.75,2,1.38,1.61,1.33,2
Real Madrid B,8,4,3,1,20,7,13,15,spain4,0.5,0.88,13,2.5,2.0,1.14,3
Algeciras,8,4,2,2,11,10,1,14,spain4,0.5,0.75,1,1.38,2.0,1.33,4
Sevilla FC B,8,4,2,2,6,6,0,14,spain4,0.5,0.75,0,0.75,2.0,1.33,4
Real Murcia,8,3,4,1,9,5,4,13,spain4,0.38,0.88,4,1.12,2.63,1.14,5
Atletico M. B,8,3,4,1,9,7,2,13,spain4,0.38,0.88,2,1.12,2.63,1.14,5
Fuenlabrada,8,3,4,1,9,8,1,13,spain4,0.38,0.88,1,1.12,2.63,1.14,5
Marbella,8,3,3,2,13,12,1,12,spain4,0.38,0.75,1,1.62,2.63,1.33,6
UD Ibiza,8,3,2,3,9,6,3,11,spain4,0.38,0.62,3,1.12,2.63,1.61,7
Alcorcon,8,3,2,3,11,11,0,11,spain4,0.38,0.62,0,1.38,2.63,1.61,7
Yeclano,8,2,4,2,7,5,2,10,spain4,0.25,0.75,2,0.88,4.0,1.33,8
Real Betis B,8,3,1,4,10,12,-2,10,spain4,0.38,0.5,-2,1.25,2.63,2.0,8
Alcoyano,8,2,4,2,6,8,-2,10,spain4,0.25,0.75,-2,0.75,4.0,1.33,8
Villarreal B,8,2,3,3,11,9,2,9,spain4,0.25,0.62,2,1.38,4.0,1.61,9
Sanluqueno,8,2,3,3,8,10,-2,9,spain4,0.25,0.62,-2,1.0,4.0,1.61,9
Intercity,8,1,3,4,9,13,-4,6,spain4,0.12,0.5,-4,1.12,8.33,2.0,10
Pontevedra,8,6,1,1,15,7,8,19,spain5,0.75,0.88,8,1.88,1.33,1.14,1
Numancia,8,5,3,0,11,5,6,18,spain5,0.62,1.0,6,1.38,1.61,1.0,2
D. Fabril,8,5,2,1,14,3,11,17,spain5,0.62,0.88,11,1.75,1.61,1.14,3
Marino de L.,8,5,2,1,14,5,9,17,spain5,0.62,0.88,9,1.75,1.61,1.14,3
Real Avila,8,5,1,2,11,7,4,16,spain5,0.62,0.75,4,1.38,1.61,1.33,4
Real Aviles,8,4,2,2,10,7,3,14,spain5,0.5,0.75,3,1.25,2.0,1.33,5
Compostela,8,4,2,2,8,7,1,14,spain5,0.5,0.75,1,1.0,2.0,1.33,5
Salamanca CF,8,3,4,1,14,9,5,13,spain5,0.38,0.88,5,1.75,2.63,1.14,6
Valladolid B,8,3,4,1,10,5,5,13,spain5,0.38,0.88,5,1.25,2.63,1.14,6
Coruxo,8,3,3,2,10,5,5,12,spain5,0.38,0.75,5,1.25,2.63,1.33,7
Llanera,8,3,3,2,8,7,1,12,spain5,0.38,0.75,1,1.0,2.63,1.33,7
Guijuelo,8,2,3,3,6,7,-1,9,spain5,0.25,0.62,-1,0.75,4.0,1.61,8
Langreo,8,3,0,5,8,14,-6,9,spain5,0.38,0.38,-6,1.0,2.63,2.63,8
Rayo Cantabria,8,2,2,4,11,13,-2,8,spain5,0.25,0.5,-2,1.38,4.0,2.0,9
Bergantinos,8,2,2,4,11,16,-5,8,spain5,0.25,0.5,-5,1.38,4.0,2.0,9
Laredo,8,2,2,4,6,11,-5,8,spain5,0.25,0.5,-5,0.75,4.0,2.0,9
Torrelavega,8,2,1,5,6,9,-3,7,spain5,0.25,0.38,-3,0.75,4.0,2.63,10
Escobedo,8,1,3,4,4,15,-11,6,spain5,0.12,0.5,-11,0.5,8.33,2.0,11
Utebo,8,6,1,1,19,10,9,19,spain6,0.75,0.88,9,2.38,1.33,1.14,1
Arenas Club,8,5,2,1,13,5,8,17,spain6,0.62,0.88,8,1.62,1.61,1.14,2
Ejea,8,5,2,1,10,5,5,17,spain6,0.62,0.88,5,1.25,1.61,1.14,2
UD Logrones,8,4,4,0,12,3,9,16,spain6,0.5,1.0,9,1.5,2.0,1.0,3
Eibar B,8,5,1,2,12,5,7,16,spain6,0.62,0.75,7,1.5,1.61,1.33,3
Gernika,8,4,4,0,15,9,6,16,spain6,0.5,1.0,6,1.88,2.0,1.0,3
Teruel,8,4,3,1,9,6,3,15,spain6,0.5,0.88,3,1.12,2.0,1.14,4
Barbastro,8,4,2,2,10,5,5,14,spain6,0.5,0.75,5,1.25,2.0,1.33,5
Real Sociedad C,8,4,1,3,14,11,3,13,spain6,0.5,0.62,3,1.75,2.0,1.61,6
Calahorra,8,2,5,1,8,6,2,11,spain6,0.25,0.88,2,1.0,4.0,1.14,7
Alfaro,8,3,2,3,8,8,0,11,spain6,0.38,0.62,0,1.0,2.63,1.61,7
Real Zaragoza B,8,3,1,4,13,16,-3,10,spain6,0.38,0.5,-3,1.62,2.63,2.0,8
Anguiano,8,2,2,4,8,15,-7,8,spain6,0.25,0.5,-7,1.0,4.0,2.0,9
SD Logrones,8,1,4,3,5,7,-2,7,spain6,0.12,0.62,-2,0.62,8.33,1.61,10
Alaves B,8,2,1,5,4,9,-5,7,spain6,0.25,0.38,-5,0.5,4.0,2.63,10
Subiza,8,2,1,5,8,16,-8,7,spain6,0.25,0.38,-8,1.0,4.0,2.63,10
Izarra,8,0,4,4,4,11,-7,4,spain6,0.0,0.5,-7,0.5,0.0,2.0,11
Tudelano,8,0,2,6,5,15,-10,2,spain6,0.0,0.25,-10,0.62,0.0,4.0,12
Europa,8,6,0,2,17,12,5,18,spain7,0.75,0.75,5,2.12,1.33,1.33,1
Torrent,8,5,1,2,14,7,7,16,spain7,0.62,0.75,7,1.75,1.61,1.33,2
A. Baleares,8,4,2,2,9,4,5,14,spain7,0.5,0.75,5,1.12,2.0,1.33,3
Lleida,8,3,4,1,15,9,6,13,spain7,0.38,0.88,6,1.88,2.63,1.14,4
Elche B,8,4,1,3,11,7,4,13,spain7,0.5,0.62,4,1.38,2.0,1.61,4
Terrassa,8,3,3,2,8,6,2,12,spain7,0.38,0.75,2,1.0,2.63,1.33,5
Espanyol B,8,3,3,2,11,10,1,12,spain7,0.38,0.75,1,1.38,2.63,1.33,5
Alzira,8,3,3,2,5,5,0,12,spain7,0.38,0.75,0,0.62,2.63,1.33,5
Sant Andreu,8,3,2,3,10,6,4,11,spain7,0.38,0.62,4,1.25,2.63,1.61,6
Valencia B,8,3,2,3,12,10,2,11,spain7,0.38,0.62,2,1.5,2.63,1.61,6
Sabadell,8,2,4,2,10,8,2,10,spain7,0.25,0.75,2,1.25,4.0,1.33,7
SD Ibiza,8,3,1,4,9,8,1,10,spain7,0.38,0.5,1,1.12,2.63,2.0,7
Pena Deportiva,8,2,3,3,9,7,2,9,spain7,0.25,0.62,2,1.12,4.0,1.61,8
Olot,8,1,5,2,11,12,-1,8,spain7,0.12,0.75,-1,1.38,8.33,1.33,9
Andratx,8,1,3,4,5,7,-2,6,spain7,0.12,0.5,-2,0.62,8.33,2.0,10
Cornella,8,1,3,4,8,11,-3,6,spain7,0.12,0.5,-3,1.0,8.33,2.0,10
Badalona,8,1,2,5,6,12,-6,5,spain7,0.12,0.38,-6,0.75,8.33,2.63,11
Mallorca B,8,1,2,5,4,11,-7,5,spain7,0.12,0.38,-7,0.5,8.33,2.63,11
La Union,8,6,1,1,9,3,6,19,spain8,0.75,0.88,6,1.12,1.33,1.14,1
UCAM Murcia,8,4,3,1,11,5,6,15,spain8,0.5,0.88,6,1.38,2.0,1.14,2
Torremolinos,8,4,3,1,12,7,5,15,spain8,0.5,0.88,5,1.5,2.0,1.14,2
Antoniano,8,4,3,1,10,6,4,15,spain8,0.5,0.88,4,1.25,2.0,1.14,2
Almeria B,8,5,0,3,8,8,0,15,spain8,0.62,0.62,0,1.0,1.61,1.61,2
Aguilas CF,8,3,5,0,5,2,3,14,spain8,0.38,1.0,3,0.62,2.63,1.0,3
San Fernando,8,4,1,3,5,4,1,13,spain8,0.5,0.62,1,0.62,2.0,1.61,4
Linares,8,4,1,3,6,6,0,13,spain8,0.5,0.62,0,0.75,2.0,1.61,4
Cadiz B,8,4,1,3,8,10,-2,13,spain8,0.5,0.62,-2,1.0,2.0,1.61,4
Villanovense,8,3,3,2,11,8,3,12,spain8,0.38,0.75,3,1.38,2.63,1.33,5
Orihuela,8,3,2,3,9,5,4,11,spain8,0.38,0.62,4,1.12,2.63,1.61,6
Xerez CD,8,3,2,3,5,6,-1,11,spain8,0.38,0.62,-1,0.62,2.63,1.61,6
D. Minera,8,2,4,2,7,7,0,10,spain8,0.25,0.75,0,0.88,4.0,1.33,7
Xerez D. FC,8,2,4,2,6,7,-1,10,spain8,0.25,0.75,-1,0.75,4.0,1.33,7
CD Estepona,8,1,5,2,8,6,2,8,spain8,0.12,0.75,2,1.0,8.33,1.33,8
Don Benito,8,2,2,4,3,6,-3,8,spain8,0.25,0.5,-3,0.38,4.0,2.0,8
Granada B,8,2,1,5,10,13,-3,7,spain8,0.25,0.38,-3,1.25,4.0,2.63,9
Linense,8,2,1,5,9,12,-3,7,spain8,0.25,0.38,-3,1.12,4.0,2.63,9
Guadalajara,8,8,0,0,22,1,21,24,spain9,1.0,1.0,21,2.75,1.0,1.0,1
Tenerife B,8,6,2,0,18,7,11,20,spain9,0.75,1.0,11,2.25,1.33,1.0,2
Getafe B,8,5,3,0,13,2,11,18,spain9,0.62,1.0,11,1.62,1.61,1.0,3
S. Sebastian R.,8,5,2,1,17,9,8,17,spain9,0.62,0.88,8,2.12,1.61,1.14,4
Talavera CF,8,4,3,1,11,4,7,15,spain9,0.5,0.88,7,1.38,2.0,1.14,5
Real Madrid C,8,4,2,2,10,5,5,14,spain9,0.5,0.75,5,1.25,2.0,1.33,6
Cacereno,8,4,2,2,11,8,3,14,spain9,0.5,0.75,3,1.38,2.0,1.33,6
R. Majadahonda,8,4,2,2,9,6,3,14,spain9,0.5,0.75,3,1.12,2.0,1.33,6
Navalcarnero,8,4,2,2,16,14,2,14,spain9,0.5,0.75,2,2.0,2.0,1.33,6
Union Adarve,8,3,4,1,6,4,2,13,spain9,0.38,0.88,2,0.75,2.63,1.14,7
CD Coria,8,4,1,3,10,12,-2,13,spain9,0.5,0.62,-2,1.25,2.0,1.61,7
Melilla,8,3,3,2,12,9,3,12,spain9,0.38,0.75,3,1.5,2.63,1.33,8
Conquense,8,3,1,4,12,12,0,10,spain9,0.38,0.5,0,1.5,2.63,2.0,9
CDC Moscardo,8,3,1,4,11,17,-6,10,spain9,0.38,0.5,-6,1.38,2.63,2.0,9
Illescas,8,3,0,5,6,10,-4,9,spain9,0.38,0.38,-4,0.75,2.63,2.63,10
Union Sur Yaiza,8,2,2,4,10,10,0,8,spain9,0.25,0.5,0,1.25,4.0,2.0,11
CD Mostoles,8,2,1,5,7,9,-2,7,spain9,0.25,0.38,-2,0.88,4.0,2.63,12
Atletico Paso,8,1,2,5,8,13,-5,5,spain9,0.12,0.38,-5,1.0,8.33,2.63,13
Malmo FF,8,6,1,1,17,5,12,19,sweden,0.75,0.88,12,2.12,1.33,1.14,1
Mjallby,8,5,3,0,14,8,6,18,sweden,0.62,1.0,6,1.75,1.61,1.0,2
Hammarby,8,4,4,0,14,6,8,16,sweden,0.5,1.0,8,1.75,2.0,1.0,3
AIK,8,5,1,2,11,6,5,16,sweden,0.62,0.75,5,1.38,1.61,1.33,3
GAIS,8,4,3,1,11,4,7,15,sweden,0.5,0.88,7,1.38,2.0,1.14,4
Djurgarden,8,4,3,1,11,8,3,15,sweden,0.5,0.88,3,1.38,2.0,1.14,4
Elfsborg,8,4,2,2,13,10,3,14,sweden,0.5,0.75,3,1.62,2.0,1.33,5
Brommapojkarna,8,3,2,3,13,11,2,11,sweden,0.38,0.62,2,1.62,2.63,1.61,6
Halmstad,8,3,2,3,7,6,1,11,sweden,0.38,0.62,1,0.88,2.63,1.61,6
Vasteras,8,3,2,3,11,11,0,11,sweden,0.38,0.62,0,1.38,2.63,1.61,6
Norrkoping,8,3,2,3,10,11,-1,11,sweden,0.38,0.62,-1,1.25,2.63,1.61,6
Sirius,8,3,1,4,14,14,0,10,sweden,0.38,0.5,0,1.75,2.63,2.0,7
Kalmar,8,3,1,4,10,15,-5,10,sweden,0.38,0.5,-5,1.25,2.63,2.0,7
Hacken,8,2,2,4,15,14,1,8,sweden,0.25,0.5,1,1.88,4.0,2.0,8
IFK Goteborg,8,1,4,3,9,10,-1,7,sweden,0.12,0.62,-1,1.12,8.33,1.61,9
Varnamo,8,1,3,4,8,13,-5,6,sweden,0.12,0.5,-5,1.0,8.33,2.0,10
Orgryte,8,6,1,1,21,13,8,19,sweden2,0.75,0.88,8,2.62,1.33,1.14,1
Orebro,8,5,2,1,12,4,8,17,sweden2,0.62,0.88,8,1.5,1.61,1.14,2
Oster,8,5,1,2,22,13,9,16,sweden2,0.62,0.75,9,2.75,1.61,1.33,3
Utsikten,8,5,1,2,16,10,6,16,sweden2,0.62,0.75,6,2.0,1.61,1.33,3
Sandviken,8,4,2,2,18,8,10,14,sweden2,0.5,0.75,10,2.25,2.0,1.33,4
Degerfors,8,4,2,2,12,7,5,14,sweden2,0.5,0.75,5,1.5,2.0,1.33,4
GIF Sundsvall,8,4,2,2,11,6,5,14,sweden2,0.5,0.75,5,1.38,2.0,1.33,4
Helsingborg,8,4,2,2,12,9,3,14,sweden2,0.5,0.75,3,1.5,2.0,1.33,4
Trelleborg,8,4,1,3,8,10,-2,13,sweden2,0.5,0.62,-2,1.0,2.0,1.61,5
Ostersunds,8,3,3,2,9,9,0,12,sweden2,0.38,0.75,0,1.12,2.63,1.33,6
Gefle,8,3,3,2,11,12,-1,12,sweden2,0.38,0.75,-1,1.38,2.63,1.33,6
Varberg BoIS,8,2,4,2,8,8,0,10,sweden2,0.25,0.75,0,1.0,4.0,1.33,7
Brage,8,3,1,4,7,9,-2,10,sweden2,0.38,0.5,-2,0.88,2.63,2.0,7
Oddevold,8,2,4,2,10,14,-4,10,sweden2,0.25,0.75,-4,1.25,4.0,1.33,7
Landskrona,8,2,3,3,9,9,0,9,sweden2,0.25,0.62,0,1.12,4.0,1.61,8
Skovde AIK,8,1,3,4,7,13,-6,6,sweden2,0.12,0.5,-6,0.88,8.33,2.0,9
FC Basel,8,6,1,1,18,6,12,19,switzerland,0.75,0.88,12,2.25,1.33,1.14,1
Lausanne Sport,8,6,1,1,14,3,11,19,switzerland,0.75,0.88,11,1.75,1.33,1.14,1
BSC Young Boys,8,6,1,1,18,8,10,19,switzerland,0.75,0.88,10,2.25,1.33,1.14,1
Lugano,8,5,2,1,17,11,6,17,switzerland,0.62,0.88,6,2.12,1.61,1.14,2
Servette,8,3,5,0,13,6,7,14,switzerland,0.38,1.0,7,1.62,2.63,1.0,3
St. Gallen,8,3,5,0,14,9,5,14,switzerland,0.38,1.0,5,1.75,2.63,1.0,3
Luzern,8,4,2,2,14,11,3,14,switzerland,0.5,0.75,3,1.75,2.0,1.33,3
Sion,8,2,4,2,13,12,1,10,switzerland,0.25,0.75,1,1.62,4.0,1.33,4
Yverdon,8,3,1,4,7,9,-2,10,switzerland,0.38,0.5,-2,0.88,2.63,2.0,4
FC Zurich,8,2,3,3,5,8,-3,9,switzerland,0.25,0.62,-3,0.62,4.0,1.61,5
Grasshopper,8,0,6,2,9,11,-2,6,switzerland,0.0,0.75,-2,1.12,0.0,1.33,6
Winterthur,8,2,0,6,10,22,-12,6,switzerland,0.25,0.25,-12,1.25,4.0,4.0,6
Buriram Utd,8,6,1,1,28,2,26,19,thailand,0.75,0.88,26,3.5,1.33,1.14,1
Ratchaburi,8,5,3,0,15,5,10,18,thailand,0.62,1.0,10,1.88,1.61,1.0,2
Sukhothai,8,6,0,2,20,11,9,18,thailand,0.75,0.75,9,2.5,1.33,1.33,2
Bangkok Utd,8,5,3,0,15,7,8,18,thailand,0.62,1.0,8,1.88,1.61,1.0,2
Muang Thong Utd,8,5,2,1,16,8,8,17,thailand,0.62,0.88,8,2.0,1.61,1.14,3
Pathum Utd,8,5,1,2,14,8,6,16,thailand,0.62,0.75,6,1.75,1.61,1.33,4
Chiangrai Utd,8,5,1,2,11,5,6,16,thailand,0.62,0.75,6,1.38,1.61,1.33,4
N. Bua Pitchaya,8,4,2,2,18,12,6,14,thailand,0.5,0.75,6,2.25,2.0,1.33,5
Uthai Thani,8,4,2,2,14,8,6,14,thailand,0.5,0.75,6,1.75,2.0,1.33,5
Prachuap,8,3,4,1,14,9,5,13,thailand,0.38,0.88,5,1.75,2.63,1.14,6
Port FC,8,3,3,2,12,10,2,12,thailand,0.38,0.75,2,1.5,2.63,1.33,7
Rayong,8,3,3,2,14,13,1,12,thailand,0.38,0.75,1,1.75,2.63,1.33,7
Lamphun Warrior,8,3,2,3,11,10,1,11,thailand,0.38,0.62,1,1.38,2.63,1.61,8
N. Ratchasima,8,3,2,3,13,18,-5,11,thailand,0.38,0.62,-5,1.62,2.63,1.61,8
Nakhon Pathom,8,1,2,5,6,15,-9,5,thailand,0.12,0.38,-9,0.75,8.33,2.63,9
Khon Kaen Utd,8,0,2,6,3,15,-12,2,thailand,0.0,0.25,-12,0.38,0.0,4.0,10
Phrae Utd,8,5,0,3,24,12,12,15,thailand2,0.62,0.62,12,3.0,1.61,1.61,1
Ayutthaya Utd,8,4,3,1,13,7,6,15,thailand2,0.5,0.88,6,1.62,2.0,1.14,1
Chonburi,8,4,2,2,14,9,5,14,thailand2,0.5,0.75,5,1.75,2.0,1.33,2
Lampang,8,4,2,2,14,9,5,14,thailand2,0.5,0.75,5,1.75,2.0,1.33,2
Sisaket Utd,8,4,2,2,10,7,3,14,thailand2,0.5,0.75,3,1.25,2.0,1.33,2
Kasetsart,8,4,2,2,10,8,2,14,thailand2,0.5,0.75,2,1.25,2.0,1.33,2
Bangkok FC,8,4,2,2,9,8,1,14,thailand2,0.5,0.75,1,1.12,2.0,1.33,2
Nakhon Si,8,4,1,3,17,11,6,13,thailand2,0.5,0.62,6,2.12,2.0,1.61,3
Chanthaburi,8,4,1,3,9,7,2,13,thailand2,0.5,0.62,2,1.12,2.0,1.61,3
Chiangmai Utd,8,3,3,2,9,8,1,12,thailand2,0.38,0.75,1,1.12,2.63,1.33,4
Mahasarakham,8,4,0,4,11,12,-1,12,thailand2,0.5,0.5,-1,1.38,2.0,2.0,4
Pattaya United,8,3,3,2,8,9,-1,12,thailand2,0.38,0.75,-1,1.0,2.63,1.33,4
Trat FC,8,3,2,3,15,12,3,11,thailand2,0.38,0.62,3,1.88,2.63,1.61,5
Kanchanaburi,8,3,2,3,10,10,0,11,thailand2,0.38,0.62,0,1.25,2.63,1.61,5
Chainat,8,2,4,2,7,6,1,10,thailand2,0.25,0.75,1,0.88,4.0,1.33,6
Police Tero,8,2,3,3,6,8,-2,9,thailand2,0.25,0.62,-2,0.75,4.0,1.61,7
Suphanburi,8,2,2,4,14,14,0,8,thailand2,0.25,0.5,0,1.75,4.0,2.0,8
Samut Prakan,0,0,0,0,0,0,0,0,thailand2,0.0,0.0,0,0.0,0.0,0.0,9
Goztepe,8,7,0,1,19,5,14,21,turkey,0.88,0.88,14,2.38,1.14,1.14,1
Fenerbahce,8,7,0,1,21,10,11,21,turkey,0.88,0.88,11,2.62,1.14,1.14,1
Samsunspor,8,6,2,0,19,8,11,20,turkey,0.75,1.0,11,2.38,1.33,1.0,2
Galatasaray,8,6,2,0,18,12,6,20,turkey,0.75,1.0,6,2.25,1.33,1.0,2
Trabzonspor,8,6,1,1,23,7,16,19,turkey,0.75,0.88,16,2.88,1.33,1.14,3
Eyupspor,8,6,1,1,15,5,10,19,turkey,0.75,0.88,10,1.88,1.33,1.14,3
Gaziantep,8,6,1,1,12,3,9,19,turkey,0.75,0.88,9,1.5,1.33,1.14,3
Alanyaspor,8,5,1,2,15,10,5,16,turkey,0.62,0.75,5,1.88,1.61,1.33,4
Basaksehir,8,4,3,1,17,6,11,15,turkey,0.5,0.88,11,2.12,2.0,1.14,5
Rizespor,8,4,2,2,13,8,5,14,turkey,0.5,0.75,5,1.62,2.0,1.33,6
Besiktas,8,4,2,2,11,10,1,14,turkey,0.5,0.75,1,1.38,2.0,1.33,6
Konyaspor,8,3,4,1,15,12,3,13,turkey,0.38,0.88,3,1.88,2.63,1.14,7
Antalyaspor,8,4,1,3,11,14,-3,13,turkey,0.5,0.62,-3,1.38,2.0,1.61,7
Sivasspor,8,3,3,2,14,11,3,12,turkey,0.38,0.75,3,1.75,2.63,1.33,8
Kasimpasa,8,2,3,3,11,14,-3,9,turkey,0.25,0.62,-3,1.38,4.0,1.61,9
Bodrumspor,8,2,2,4,6,6,0,8,turkey,0.25,0.5,0,0.75,4.0,2.0,10
Hatayspor,8,1,3,4,10,13,-3,6,turkey,0.12,0.5,-3,1.25,8.33,2.0,11
Kayserispor,8,1,3,4,7,17,-10,6,turkey,0.12,0.5,-10,0.88,8.33,2.0,11
Adana Demirspor,8,1,0,7,8,20,-12,3,turkey,0.12,0.12,-12,1.0,8.33,8.33,12
F. Karagumruk,8,6,1,1,19,5,14,19,turkey2,0.75,0.88,14,2.38,1.33,1.14,1
Genclerbirligi,8,6,1,1,11,4,7,19,turkey2,0.75,0.88,7,1.38,1.33,1.14,1
Corum,8,5,2,1,14,5,9,17,turkey2,0.62,0.88,9,1.75,1.61,1.14,2
Kocaelispor,8,5,2,1,13,5,8,17,turkey2,0.62,0.88,8,1.62,1.61,1.14,2
Pendikspor,8,4,4,0,13,4,9,16,turkey2,0.5,1.0,9,1.62,2.0,1.0,3
Bandirmaspor,8,5,1,2,15,9,6,16,turkey2,0.62,0.75,6,1.88,1.61,1.33,3
Boluspor,8,5,0,3,14,9,5,15,turkey2,0.62,0.62,5,1.75,1.61,1.61,4
Amed SK,8,4,3,1,11,7,4,15,turkey2,0.5,0.88,4,1.38,2.0,1.14,4
Ankaragucu,8,4,2,2,13,7,6,14,turkey2,0.5,0.75,6,1.62,2.0,1.33,5
Istanbulspor,8,4,2,2,13,7,6,14,turkey2,0.5,0.75,6,1.62,2.0,1.33,5
Erzurum BB,8,4,2,2,11,5,6,14,turkey2,0.5,0.75,6,1.38,2.0,1.33,5
Sanliurfaspor,8,4,2,2,12,8,4,14,turkey2,0.5,0.75,4,1.5,2.0,1.33,5
Sakaryaspor,8,4,1,3,11,9,2,13,turkey2,0.5,0.62,2,1.38,2.0,1.61,6
Umraniyespor,8,3,3,2,10,8,2,12,turkey2,0.38,0.75,2,1.25,2.63,1.33,7
Keciorengucu,8,3,1,4,18,10,8,10,turkey2,0.38,0.5,8,2.25,2.63,2.0,8
Igdir,8,3,1,4,7,6,1,10,turkey2,0.38,0.5,1,0.88,2.63,2.0,8
Manisa BB,8,3,1,4,7,9,-2,10,turkey2,0.38,0.5,-2,0.88,2.63,2.0,8
Erokspor,8,1,6,1,9,9,0,9,turkey2,0.12,0.88,0,1.12,8.33,1.14,9
Adanaspor,8,1,4,3,6,10,-4,7,turkey2,0.12,0.62,-4,0.75,8.33,1.61,10
Y. Malatyaspor,8,0,0,8,6,25,-19,0,turkey2,0.0,0.0,-19,0.75,0.0,0.0,11
Sariyer,8,8,0,0,25,4,21,24,turkey3,1.0,1.0,21,3.12,1.0,1.0,1
B. Petrolspor,8,7,1,0,22,4,18,22,turkey3,0.88,1.0,18,2.75,1.14,1.0,2
Adana,8,6,0,2,25,8,17,18,turkey3,0.75,0.75,17,3.12,1.33,1.33,3
Kastamonuspor,8,5,3,0,13,3,10,18,turkey3,0.62,1.0,10,1.62,1.61,1.0,3
B. Anadolu,8,5,1,2,12,6,6,16,turkey3,0.62,0.75,6,1.5,1.61,1.33,4
Iskenderun,8,4,3,1,15,5,10,15,turkey3,0.5,0.88,10,1.88,2.0,1.14,5
Altinordu,8,4,3,1,13,8,5,15,turkey3,0.5,0.88,5,1.62,2.0,1.14,5
24 Erzincanspor,8,4,2,2,12,11,1,14,turkey3,0.5,0.75,1,1.5,2.0,1.33,6
Kirklarelispor,8,3,3,2,11,7,4,12,turkey3,0.38,0.75,4,1.38,2.63,1.33,7
Inegolspor,8,2,5,1,10,7,3,11,turkey3,0.25,0.88,3,1.25,4.0,1.14,8
Isparta Davrazs,8,2,5,1,9,6,3,11,turkey3,0.25,0.88,3,1.12,4.0,1.14,8
Ankaraspor,8,3,2,3,9,8,1,11,turkey3,0.38,0.62,1,1.12,2.63,1.61,8
Fethiyespor,8,2,4,2,6,5,1,10,turkey3,0.25,0.75,1,0.75,4.0,1.33,9
Kepez Belediyes,8,3,1,4,9,12,-3,10,turkey3,0.38,0.5,-3,1.12,2.63,2.0,9
Karakopru,8,1,4,3,12,16,-4,7,turkey3,0.12,0.62,-4,1.5,8.33,1.61,10
Trabzon FK,8,2,1,5,8,12,-4,7,turkey3,0.25,0.38,-4,1.0,4.0,2.63,10
Altay,8,2,1,5,10,19,-9,7,turkey3,0.25,0.38,-9,1.25,4.0,2.63,10
Afyonspor,8,0,1,7,3,29,-26,1,turkey3,0.0,0.12,-26,0.38,0.0,8.33,11
Aksaray B.,8,7,1,0,18,5,13,22,turkey4,0.88,1.0,13,2.25,1.14,1.0,1
Elazigspor,8,5,2,1,15,8,7,17,turkey4,0.62,0.88,7,1.88,1.61,1.14,2
Beyoglu Yeni C.,8,5,2,1,13,7,6,17,turkey4,0.62,0.88,6,1.62,1.61,1.14,2
Van Spor,8,5,0,3,17,8,9,15,turkey4,0.62,0.62,9,2.12,1.61,1.61,3
Serik Belediyes,8,4,3,1,16,10,6,15,turkey4,0.5,0.88,6,2.0,2.0,1.14,3
Menemen B.,8,4,2,2,10,7,3,14,turkey4,0.5,0.75,3,1.25,2.0,1.33,4
Bucaspor,8,4,2,2,13,12,1,14,turkey4,0.5,0.75,1,1.62,2.0,1.33,4
Somaspor,8,4,1,3,15,11,4,13,turkey4,0.5,0.62,4,1.88,2.0,1.61,5
Karacabey,8,3,3,2,14,13,1,12,turkey4,0.38,0.75,1,1.75,2.63,1.33,6
Arnavutkoy B.,8,3,3,2,8,8,0,12,turkey4,0.38,0.75,0,1.0,2.63,1.33,6
Nazillispor,8,3,2,3,15,18,-3,11,turkey4,0.38,0.62,-3,1.88,2.63,1.61,7
Erbaaspor,8,3,2,3,11,17,-6,11,turkey4,0.38,0.62,-6,1.38,2.63,1.61,7
Derince,8,3,2,3,8,16,-8,11,turkey4,0.38,0.62,-8,1.0,2.63,1.61,7
A. Demirspor,8,1,5,2,8,9,-1,8,turkey4,0.12,0.75,-1,1.0,8.33,1.33,8
Karaman,8,2,2,4,6,8,-2,8,turkey4,0.25,0.5,-2,0.75,4.0,2.0,8
Diyarbekirspor,8,1,4,3,2,6,-4,7,turkey4,0.12,0.62,-4,0.25,8.33,1.61,9
Giresunspor,8,0,3,5,4,17,-13,3,turkey4,0.0,0.38,-13,0.5,0.0,2.63,10
Yeni Mersin,8,1,0,7,4,21,-17,3,turkey4,0.12,0.12,-17,0.5,8.33,8.33,10
Bursaspor,8,6,2,0,17,2,15,20,turkey5,0.75,1.0,15,2.12,1.33,1.0,1
Karsiyaka,8,5,3,0,12,5,7,18,turkey5,0.62,1.0,7,1.5,1.61,1.0,2
Duzcespor,8,5,1,2,15,6,9,16,turkey5,0.62,0.75,9,1.88,1.61,1.33,3
Musspor,8,4,4,0,12,7,5,16,turkey5,0.5,1.0,5,1.5,2.0,1.0,3
Kutahyaspor,8,4,2,2,14,10,4,14,turkey5,0.5,0.75,4,1.75,2.0,1.33,4
Kahramanmar.,8,4,1,3,9,6,3,13,turkey5,0.5,0.62,3,1.12,2.0,1.61,5
Silifke,8,3,3,2,13,9,4,12,turkey5,0.38,0.75,4,1.62,2.63,1.33,6
Viven Bornova,8,3,3,2,14,13,1,12,turkey5,0.38,0.75,1,1.75,2.63,1.33,6
Anadolu U.,8,2,4,2,9,8,1,10,turkey5,0.25,0.75,1,1.12,4.0,1.33,7
Elaziz K.,8,2,3,3,8,11,-3,9,turkey5,0.25,0.62,-3,1.0,4.0,1.61,8
Artvin Hopaspor,8,2,3,3,4,9,-5,9,turkey5,0.25,0.62,-5,0.5,4.0,1.61,8
Tokat,8,2,2,4,8,10,-2,8,turkey5,0.25,0.5,-2,1.0,4.0,2.0,9
Kusadasispor,8,2,1,5,6,11,-5,7,turkey5,0.25,0.38,-5,0.75,4.0,2.63,10
K. Bulvarspor,8,1,3,4,10,12,-2,6,turkey5,0.12,0.5,-2,1.25,8.33,2.0,11
Ergene Velimese,8,1,1,6,4,14,-10,4,turkey5,0.12,0.25,-10,0.5,8.33,4.0,12
Kirsehir B.,8,1,1,6,7,20,-13,4,turkey5,0.12,0.25,-13,0.88,8.33,4.0,12
Amasyaspor,8,5,3,0,13,5,8,18,turkey6,0.62,1.0,8,1.62,1.61,1.0,1
Balikesirspor,8,5,1,2,13,5,8,16,turkey6,0.62,0.75,8,1.62,1.61,1.33,2
Etimesgut,8,5,1,2,15,8,7,16,turkey6,0.62,0.75,7,1.88,1.61,1.33,2
Muglaspor,8,4,4,0,8,2,6,16,turkey6,0.5,1.0,6,1.0,2.0,1.0,2
Mazidagi,8,3,5,0,7,3,4,14,turkey6,0.38,1.0,4,0.88,2.63,1.0,3
Silivrispor,8,4,2,2,10,7,3,14,turkey6,0.5,0.75,3,1.25,2.0,1.33,3
Cayelispor,8,3,3,2,9,10,-1,12,turkey6,0.38,0.75,-1,1.12,2.63,1.33,4
Fatsa B.,8,3,2,3,11,7,4,11,turkey6,0.38,0.62,4,1.38,2.63,1.61,5
Kelkit,8,3,2,3,11,8,3,11,turkey6,0.38,0.62,3,1.38,2.63,1.61,5
Inegol Kafkas,8,2,3,3,8,9,-1,9,turkey6,0.25,0.62,-1,1.0,4.0,1.61,6
Nevsehirspor,8,1,6,1,3,5,-2,9,turkey6,0.12,0.88,-2,0.38,8.33,1.14,6
Usakspor,8,1,4,3,14,11,3,7,turkey6,0.12,0.62,3,1.75,8.33,1.61,7
Turk Metal 1963,8,2,1,5,9,15,-6,7,turkey6,0.25,0.38,-6,1.12,4.0,2.63,7
Tire 2021 FK,8,1,3,4,9,13,-4,6,turkey6,0.12,0.5,-4,1.12,8.33,2.0,8
Beykoz Ishaklis,8,1,1,6,9,16,-7,4,turkey6,0.12,0.25,-7,1.12,8.33,4.0,9
Adiyaman,8,0,1,7,4,22,-18,1,turkey6,0.0,0.12,-18,0.5,0.0,8.33,10
Corluspor,8,6,1,1,18,8,10,19,turkey7,0.75,0.88,10,2.25,1.33,1.14,1
Orduspor,8,6,1,1,13,4,9,19,turkey7,0.75,0.88,9,1.62,1.33,1.14,1
Ayvalikgucu,8,6,1,1,16,12,4,19,turkey7,0.75,0.88,4,2.0,1.33,1.14,1
Yozgat Bld Bozo,8,5,3,0,14,5,9,18,turkey7,0.62,1.0,9,1.75,1.61,1.0,2
Osmaniyespor,8,5,2,1,15,6,9,17,turkey7,0.62,0.88,9,1.88,1.61,1.14,3
Alanya 1221,8,5,2,1,14,6,8,17,turkey7,0.62,0.88,8,1.75,1.61,1.14,3
Aliaga FAS,8,4,4,0,15,3,12,16,turkey7,0.5,1.0,12,1.88,2.0,1.0,4
Kucukcekmece,8,4,4,0,12,4,8,16,turkey7,0.5,1.0,8,1.5,2.0,1.0,4
Cankaya FK,8,3,4,1,4,2,2,13,turkey7,0.38,0.88,2,0.5,2.63,1.14,5
Bayburt,8,3,3,2,8,8,0,12,turkey7,0.38,0.75,0,1.0,2.63,1.33,6
Pazarspor,8,3,3,2,8,8,0,12,turkey7,0.38,0.75,0,1.0,2.63,1.33,6
K. Idmanyurdu,8,3,2,3,9,7,2,11,turkey7,0.38,0.62,2,1.12,2.63,1.61,7
Viransehir,8,2,4,2,7,8,-1,10,turkey7,0.25,0.75,-1,0.88,4.0,1.33,8
Bursa,8,3,0,5,6,8,-2,9,turkey7,0.38,0.38,-2,0.75,2.63,2.63,9
Efeler 09,8,2,2,4,7,11,-4,8,turkey7,0.25,0.5,-4,0.88,4.0,2.0,10
1922 Konyaspor,8,1,3,4,5,10,-5,6,turkey7,0.12,0.5,-5,0.62,8.33,2.0,11
Orduspor 1967,8,7,1,0,24,3,21,22,turkey8,0.88,1.0,21,3.0,1.14,1.0,1
Z. Komurspor,8,7,1,0,12,2,10,22,turkey8,0.88,1.0,10,1.5,1.14,1.0,1
Sebat G.,8,7,0,1,25,4,21,21,turkey8,0.88,0.88,21,3.12,1.14,1.14,2
Mardin BB,8,6,2,0,20,3,17,20,turkey8,0.75,1.0,17,2.5,1.33,1.0,3
Bergama B.,8,6,1,1,14,7,7,19,turkey8,0.75,0.88,7,1.75,1.33,1.14,4
Agri 1970,8,6,1,1,11,4,7,19,turkey8,0.75,0.88,7,1.38,1.33,1.14,4
K. Istiklalspor,8,5,3,0,17,4,13,18,turkey8,0.62,1.0,13,2.12,1.61,1.0,5
Kirikkale B.,8,4,3,1,12,7,5,15,turkey8,0.5,0.88,5,1.5,2.0,1.14,6
Erciyes,8,4,1,3,9,11,-2,13,turkey8,0.5,0.62,-2,1.12,2.0,1.61,7
Nilufer B.,8,3,3,2,10,7,3,12,turkey8,0.38,0.75,3,1.25,2.63,1.33,8
Polatli B.,8,3,3,2,13,12,1,12,turkey8,0.38,0.75,1,1.62,2.63,1.33,8
Nigde Belediyes,8,3,1,4,8,17,-9,10,turkey8,0.38,0.5,-9,1.0,2.63,2.0,9
Edirnespor,8,2,1,5,8,14,-6,7,turkey8,0.25,0.38,-6,1.0,4.0,2.63,10
Denizlispor,8,2,1,5,5,17,-12,7,turkey8,0.25,0.38,-12,0.62,4.0,2.63,10
Turgutluspor,8,1,2,5,10,15,-5,5,turkey8,0.12,0.38,-5,1.25,8.33,2.63,11
Tepecik,8,0,3,5,3,13,-10,3,turkey8,0.0,0.38,-10,0.38,0.0,2.63,12
Al Sharjah,7,7,0,0,14,1,13,21,uae,1.0,1.0,13,2.0,1.0,1.0,1
Al Nasr,7,6,1,0,18,8,10,19,uae,0.86,1.0,10,2.57,1.16,1.0,2
Shabab Al Ahli,7,6,1,0,16,7,9,19,uae,0.86,1.0,9,2.29,1.16,1.0,2
Ittihad Kalba,8,4,3,1,17,10,7,15,uae,0.5,0.88,7,2.12,2.0,1.14,3
Al Ain,8,4,2,2,19,8,11,14,uae,0.5,0.75,11,2.38,2.0,1.33,4
Al Wasl,8,4,2,2,19,10,9,14,uae,0.5,0.75,9,2.38,2.0,1.33,4
Al Wahda,7,4,2,1,15,8,7,14,uae,0.57,0.86,7,2.14,1.75,1.16,4
Al Jazira,7,4,1,2,14,7,7,13,uae,0.57,0.71,7,2.0,1.75,1.41,5
Ajman,7,4,1,2,16,10,6,13,uae,0.57,0.71,6,2.29,1.75,1.41,5
Bani Yas,6,2,2,2,8,11,-3,8,uae,0.33,0.67,-3,1.33,3.03,1.49,6
Khorfakkan,7,1,3,3,9,11,-2,6,uae,0.14,0.57,-2,1.29,7.14,1.75,7
Al Bataeh,7,1,1,5,9,18,-9,4,uae,0.14,0.29,-9,1.29,7.14,3.45,8
Dibba Al Hisn,6,1,1,4,6,17,-11,4,uae,0.17,0.33,-11,1.0,5.88,3.03,8
Al Urooba,7,1,0,6,7,19,-12,3,uae,0.14,0.14,-12,1.0,7.14,7.14,9
Shakhtar,8,7,1,0,29,7,22,22,ukraine,0.88,1.0,22,3.62,1.14,1.0,1
Dynamo Kyiv,8,6,2,0,17,6,11,20,ukraine,0.75,1.0,11,2.12,1.33,1.0,2
Oleksandria,8,5,3,0,12,3,9,18,ukraine,0.62,1.0,9,1.5,1.61,1.0,3
Kryvbas KR,8,4,3,1,12,6,6,15,ukraine,0.5,0.88,6,1.5,2.0,1.14,4
Karpaty Lviv,8,4,2,2,13,7,6,14,ukraine,0.5,0.75,6,1.62,2.0,1.33,5
LNZ Cherkasy,8,4,1,3,10,8,2,13,ukraine,0.5,0.62,2,1.25,2.0,1.61,6
Polessya,8,3,4,1,8,6,2,13,ukraine,0.38,0.88,2,1.0,2.63,1.14,6
Rukh Lviv,8,3,3,2,12,6,6,12,ukraine,0.38,0.75,6,1.5,2.63,1.33,7
Zorya Luhansk,8,4,0,4,10,10,0,12,ukraine,0.5,0.5,0,1.25,2.0,2.0,7
Veres,8,2,4,2,11,12,-1,10,ukraine,0.25,0.75,-1,1.38,4.0,1.33,8
Chornomorets,8,3,1,4,6,10,-4,10,ukraine,0.38,0.5,-4,0.75,2.63,2.0,8
Kolos Kovalivka,8,1,5,2,4,5,-1,8,ukraine,0.12,0.75,-1,0.5,8.33,1.33,9
Livyi Bereh,8,2,2,4,5,9,-4,8,ukraine,0.25,0.5,-4,0.62,4.0,2.0,9
Vorskla Poltava,7,2,1,4,4,10,-6,7,ukraine,0.29,0.43,-6,0.57,3.45,2.33,10
Obolon,8,1,3,4,5,15,-10,6,ukraine,0.12,0.5,-10,0.62,8.33,2.0,11
Dnipro-1,0,0,0,0,0,0,0,0,ukraine,0.0,0.0,0,0.0,0.0,0.0,12
Inhulets,1,0,0,1,0,2,-2,0,ukraine,0.0,0.0,-2,0.0,0.0,0.0,12
Nacional,4,3,1,0,8,2,6,10,uruguay2,0.75,1.0,6,2.0,1.33,1.0,1
Wanderers,4,3,0,1,8,5,3,9,uruguay2,0.75,0.75,3,2.0,1.33,1.33,2
Penarol,4,2,2,0,5,2,3,8,uruguay2,0.5,1.0,3,1.25,2.0,1.0,3
Cerro,4,2,1,1,7,2,5,7,uruguay2,0.5,0.75,5,1.75,2.0,1.33,4
Fenix,4,2,1,1,6,4,2,7,uruguay2,0.5,0.75,2,1.5,2.0,1.33,4
Boston River,4,2,0,2,5,5,0,6,uruguay2,0.5,0.5,0,1.25,2.0,2.0,5
Progreso,4,2,0,2,4,5,-1,6,uruguay2,0.5,0.5,-1,1.0,2.0,2.0,5
Danubio,3,2,0,1,4,6,-2,6,uruguay2,0.67,0.67,-2,1.33,1.49,1.49,5
Rampla Juniors,3,1,1,1,5,5,0,4,uruguay2,0.33,0.67,0,1.67,3.03,1.49,6
Miramar Misione,3,1,1,1,3,3,0,4,uruguay2,0.33,0.67,0,1.0,3.03,1.49,6
Cerro Largo,4,1,1,2,3,7,-4,4,uruguay2,0.25,0.5,-4,0.75,4.0,2.0,6
Racing CM,3,1,0,2,2,3,-1,3,uruguay2,0.33,0.33,-1,0.67,3.03,3.03,7
Liverpool M.,3,1,0,2,1,2,-1,3,uruguay2,0.33,0.33,-1,0.33,3.03,3.03,7
Defensor S.,3,0,2,1,2,3,-1,2,uruguay2,0.0,0.67,-1,0.67,0.0,1.49,8
River Plate,3,0,2,1,4,6,-2,2,uruguay2,0.0,0.67,-2,1.33,0.0,1.49,8
D. Maldonado,3,0,1,2,2,6,-4,1,uruguay2,0.0,0.33,-4,0.67,0.0,3.03,9
LA Galaxy,8,7,0,1,21,12,9,21,usa,0.88,0.88,9,2.62,1.14,1.14,1
Inter Miami,8,6,2,0,22,10,12,20,usa,0.75,1.0,12,2.75,1.33,1.0,2
Orlando City,8,6,1,1,21,6,15,19,usa,0.75,0.88,15,2.62,1.33,1.14,3
Portland,8,5,2,1,19,10,9,17,usa,0.62,0.88,9,2.38,1.61,1.14,4
Real Salt Lake,8,5,2,1,18,12,6,17,usa,0.62,0.88,6,2.25,1.61,1.14,4
Seattle,8,5,2,1,12,7,5,17,usa,0.62,0.88,5,1.5,1.61,1.14,4
Columbus Crew,8,5,1,2,22,15,7,16,usa,0.62,0.75,7,2.75,1.61,1.33,5
Colorado Rapids,8,5,1,2,15,10,5,16,usa,0.62,0.75,5,1.88,1.61,1.33,5
CF Montreal,8,5,1,2,11,8,3,16,usa,0.62,0.75,3,1.38,1.61,1.33,5
Houston Dynamo,8,4,3,1,11,6,5,15,usa,0.5,0.88,5,1.38,2.0,1.14,6
Dallas,8,5,0,3,16,12,4,15,usa,0.62,0.62,4,2.0,1.61,1.61,6
Charlotte,8,4,2,2,15,9,6,14,usa,0.5,0.75,6,1.88,2.0,1.33,7
Los Angeles FC,8,4,2,2,16,12,4,14,usa,0.5,0.75,4,2.0,2.0,1.33,7
New York City,8,4,2,2,18,16,2,14,usa,0.5,0.75,2,2.25,2.0,1.33,7
Sporting KC,8,4,1,3,16,13,3,13,usa,0.5,0.62,3,2.0,2.0,1.61,8
St. Louis City,8,4,1,3,13,13,0,13,usa,0.5,0.62,0,1.62,2.0,1.61,8
Atlanta Utd,8,3,3,2,13,13,0,12,usa,0.38,0.75,0,1.62,2.63,1.33,9
Philadelphia,8,3,2,3,14,7,7,11,usa,0.38,0.62,7,1.75,2.63,1.61,10
Chicago Fire,8,3,2,3,11,15,-4,11,usa,0.38,0.62,-4,1.38,2.63,1.61,10
Minnesota Utd,8,3,0,5,15,13,2,9,usa,0.38,0.38,2,1.88,2.63,2.63,11
Austin,8,2,3,3,10,11,-1,9,usa,0.25,0.62,-1,1.25,4.0,1.61,11
New England,8,2,3,3,11,16,-5,9,usa,0.25,0.62,-5,1.38,4.0,1.61,11
Vancouver,8,2,2,4,9,12,-3,8,usa,0.25,0.5,-3,1.12,4.0,2.0,12
Cincinnati,8,2,1,5,14,13,1,7,usa,0.25,0.38,1,1.75,4.0,2.63,13
New York RB,8,1,4,3,13,18,-5,7,usa,0.12,0.62,-5,1.62,8.33,1.61,13
Nashville SC,8,2,1,5,9,15,-6,7,usa,0.25,0.38,-6,1.12,4.0,2.63,13
SJ Earthquakes,8,2,0,6,7,13,-6,6,usa,0.25,0.25,-6,0.88,4.0,4.0,14
Toronto,8,2,0,6,8,16,-8,6,usa,0.25,0.25,-8,1.0,4.0,4.0,14
DC United,8,1,2,5,11,19,-8,5,usa,0.12,0.38,-8,1.38,8.33,2.63,15
Louisville City,8,8,0,0,25,9,16,24,usa2,1.0,1.0,16,3.12,1.0,1.0,1
Charleston,8,6,2,0,24,7,17,20,usa2,0.75,1.0,17,3.0,1.33,1.0,2
Rhode Island,8,6,2,0,21,5,16,20,usa2,0.75,1.0,16,2.62,1.33,1.0,2
North Carolina,8,6,1,1,24,10,14,19,usa2,0.75,0.88,14,3.0,1.33,1.14,3
Hartford A.,8,5,2,1,11,7,4,17,usa2,0.62,0.88,4,1.38,1.61,1.14,4
Memphis,8,4,4,0,12,2,10,16,usa2,0.5,1.0,10,1.5,2.0,1.0,5
Pittsburgh,8,4,4,0,13,5,8,16,usa2,0.5,1.0,8,1.62,2.0,1.0,5
Sacramento R.,8,4,2,2,11,4,7,14,usa2,0.5,0.75,7,1.38,2.0,1.33,6
Colorado S.,8,4,2,2,14,8,6,14,usa2,0.5,0.75,6,1.75,2.0,1.33,6
Indy Eleven,8,4,2,2,15,11,4,14,usa2,0.5,0.75,4,1.88,2.0,1.33,6
Detroit City,8,3,4,1,8,4,4,13,usa2,0.38,0.88,4,1.0,2.63,1.14,7
Tampa Bay,8,4,1,3,15,12,3,13,usa2,0.5,0.62,3,1.88,2.0,1.61,7
Las Vegas L.,8,3,4,1,12,9,3,13,usa2,0.38,0.88,3,1.5,2.63,1.14,7
Orange County,8,4,1,3,10,7,3,13,usa2,0.5,0.62,3,1.25,2.0,1.61,7
New Mexico,8,4,1,3,14,12,2,13,usa2,0.5,0.62,2,1.75,2.0,1.61,7
El Paso,8,3,3,2,9,9,0,12,usa2,0.38,0.75,0,1.12,2.63,1.33,8
Phoenix Rising,8,3,2,3,9,5,4,11,usa2,0.38,0.62,4,1.12,2.63,1.61,9
San Antonio,8,3,2,3,10,14,-4,11,usa2,0.38,0.62,-4,1.25,2.63,1.61,9
Loudoun Utd,8,3,1,4,12,9,3,10,usa2,0.38,0.5,3,1.5,2.63,2.0,10
Birmingham L.,8,3,1,4,10,12,-2,10,usa2,0.38,0.5,-2,1.25,2.63,2.0,10
Oakland Roots,8,2,1,5,7,15,-8,7,usa2,0.25,0.38,-8,0.88,4.0,2.63,11
FC Tulsa,8,1,3,4,6,11,-5,6,usa2,0.12,0.5,-5,0.75,8.33,2.0,12
Monterey Bay,8,0,4,4,3,8,-5,4,usa2,0.0,0.5,-5,0.38,0.0,2.0,13
Miami FC,8,1,1,6,7,23,-16,4,usa2,0.12,0.25,-16,0.88,8.33,4.0,13
N. Colorado,8,6,1,1,19,5,14,19,usa3,0.75,0.88,14,2.38,1.33,1.14,1
Union Omaha,8,6,1,1,18,6,12,19,usa3,0.75,0.88,12,2.25,1.33,1.14,1
Forward Madison,8,4,3,1,8,3,5,15,usa3,0.5,0.88,5,1.0,2.0,1.14,2
Greenville,8,3,3,2,13,9,4,12,usa3,0.38,0.75,4,1.62,2.63,1.33,3
One Knoxville,8,3,3,2,11,9,2,12,usa3,0.38,0.75,2,1.38,2.63,1.33,3
Spokane V.,8,3,3,2,12,12,0,12,usa3,0.38,0.75,0,1.5,2.63,1.33,3
Richmond K.,8,3,2,3,8,7,1,11,usa3,0.38,0.62,1,1.0,2.63,1.61,4
Central Valley,8,3,1,4,8,12,-4,10,usa3,0.38,0.5,-4,1.0,2.63,2.0,5
Lexington,8,2,3,3,16,13,3,9,usa3,0.25,0.62,3,2.0,4.0,1.61,6
Charlotte I.,8,2,2,4,16,17,-1,8,usa3,0.25,0.5,-1,2.0,4.0,2.0,7
Tormenta,8,1,4,3,15,16,-1,7,usa3,0.12,0.62,-1,1.88,8.33,1.61,8
Chattanooga RW,8,1,1,6,8,18,-10,4,usa3,0.12,0.25,-10,1.0,8.33,4.0,9
AGMK,8,6,1,1,13,7,6,19,uzbekistan,0.75,0.88,6,1.62,1.33,1.14,1
Pakhtakor,8,5,1,2,17,7,10,16,uzbekistan,0.62,0.75,10,2.12,1.61,1.33,2
Nasaf Qarshi,8,5,1,2,12,6,6,16,uzbekistan,0.62,0.75,6,1.5,1.61,1.33,2
Termez Surkhon,8,5,1,2,9,4,5,16,uzbekistan,0.62,0.75,5,1.12,1.61,1.33,2
Neftchi,8,4,2,2,14,12,2,14,uzbekistan,0.5,0.75,2,1.75,2.0,1.33,3
Qizilqum,8,4,1,3,8,9,-1,13,uzbekistan,0.5,0.62,-1,1.0,2.0,1.61,4
Sogdiana,8,3,3,2,13,11,2,12,uzbekistan,0.38,0.75,2,1.62,2.63,1.33,5
Andijan,8,3,2,3,12,8,4,11,uzbekistan,0.38,0.62,4,1.5,2.63,1.61,6
Dinamo Samarqan,8,3,1,4,12,11,1,10,uzbekistan,0.38,0.5,1,1.5,2.63,2.0,7
Navbahor,8,2,4,2,11,11,0,10,uzbekistan,0.25,0.75,0,1.38,4.0,1.33,7
Bunyodkor,8,2,4,2,9,9,0,10,uzbekistan,0.25,0.75,0,1.12,4.0,1.33,7
Metallurg,8,2,4,2,7,9,-2,10,uzbekistan,0.25,0.75,-2,0.88,4.0,1.33,7
FK Olympic,8,2,1,5,5,10,-5,7,uzbekistan,0.25,0.38,-5,0.62,4.0,2.63,8
L. Tashkent,8,1,1,6,10,15,-5,4,uzbekistan,0.12,0.25,-5,1.25,8.33,4.0,9
Nam Dinh,6,4,0,2,12,6,6,12,vietnam,0.67,0.67,6,2.0,1.49,1.49,1
Cong An Nhan,5,3,1,1,8,2,6,10,vietnam,0.6,0.8,6,1.6,1.67,1.25,2
Binh Duong,5,3,1,1,11,7,4,10,vietnam,0.6,0.8,4,2.2,1.67,1.25,2
Hong Linh Ha T.,6,2,4,0,4,2,2,10,vietnam,0.33,1.0,2,0.67,3.03,1.0,2
Gia Lai,5,2,3,0,6,3,3,9,vietnam,0.4,1.0,3,1.2,2.5,1.0,3
Thanh Hoa,6,2,3,1,8,6,2,9,vietnam,0.33,0.83,2,1.33,3.03,1.2,3
Ha Noi,6,2,3,1,6,5,1,9,vietnam,0.33,0.83,1,1.0,3.03,1.2,3
Binh Dinh,6,2,2,2,6,8,-2,8,vietnam,0.33,0.67,-2,1.0,3.03,1.49,4
Ho Chi Minh,6,2,2,2,3,6,-3,8,vietnam,0.33,0.67,-3,0.5,3.03,1.49,4
Viettel,5,2,1,2,5,5,0,7,vietnam,0.4,0.6,0,1.0,2.5,1.67,5
Quang Nam,5,1,3,1,5,8,-3,6,vietnam,0.2,0.8,-3,1.0,5.0,1.25,6
Song Lam Nghe,6,1,3,2,2,7,-5,6,vietnam,0.17,0.67,-5,0.33,5.88,1.49,6
Hai Phong,5,1,1,3,6,7,-1,4,vietnam,0.2,0.4,-1,1.2,5.0,2.5,7
Da Nang,5,0,3,2,3,7,-4,3,vietnam,0.0,0.6,-4,0.6,0.0,1.67,8
Phu Dong,3,3,0,0,6,1,5,9,vietnam2,1.0,1.0,5,2.0,1.0,1.0,1
Binh Phuoc,3,2,1,0,6,3,3,7,vietnam2,0.67,1.0,3,2.0,1.49,1.0,2
Ba Ria Vung Tau,3,2,0,1,7,4,3,6,vietnam2,0.67,0.67,3,2.33,1.49,1.49,3
PVF-CAND,3,2,0,1,3,4,-1,6,vietnam2,0.67,0.67,-1,1.0,1.49,1.49,3
Long An,3,1,2,0,2,1,1,5,vietnam2,0.33,1.0,1,0.67,3.03,1.0,4
Hoa Binh,3,1,2,0,1,0,1,5,vietnam2,0.33,1.0,1,0.33,3.03,1.0,4
Dong Thap,4,1,2,1,1,1,0,5,vietnam2,0.25,0.75,0,0.25,4.0,1.33,4
S. Khanh Hoa,3,1,1,1,2,2,0,4,vietnam2,0.33,0.67,0,0.67,3.03,1.49,5
Ho Chi Minh B,3,0,2,1,1,2,-1,2,vietnam2,0.0,0.67,-1,0.33,0.0,1.49,6
Dong Nai,3,0,2,1,1,3,-2,2,vietnam2,0.0,0.67,-2,0.33,0.0,1.49,6
Hue,4,0,2,2,3,7,-4,2,vietnam2,0.0,0.5,-4,0.75,0.0,2.0,6
The New Saints,8,8,0,0,25,8,17,24,wales,1.0,1.0,17,3.12,1.0,1.0,1
Haverfordwest,8,5,3,0,14,4,10,18,wales,0.62,1.0,10,1.75,1.61,1.0,2
Connahs Quay,8,5,1,2,16,8,8,16,wales,0.62,0.75,8,2.0,1.61,1.33,3
Barry,8,5,1,2,15,12,3,16,wales,0.62,0.75,3,1.88,1.61,1.33,3
Penybont,8,4,3,1,12,6,6,15,wales,0.5,0.88,6,1.5,2.0,1.14,4
Cardiff MU,8,4,2,2,14,11,3,14,wales,0.5,0.75,3,1.75,2.0,1.33,5
Flint,8,4,1,3,13,9,4,13,wales,0.5,0.62,4,1.62,2.0,1.61,6
Caernarfon,8,4,0,4,17,21,-4,12,wales,0.5,0.5,-4,2.12,2.0,2.0,7
Briton Ferry,8,3,2,3,14,10,4,11,wales,0.38,0.62,4,1.75,2.63,1.61,8
Bala Town,8,3,2,3,10,10,0,11,wales,0.38,0.62,0,1.25,2.63,1.61,8
Aberystwyth,8,2,1,5,11,19,-8,7,wales,0.25,0.38,-8,1.38,4.0,2.63,9
Newtown,8,0,2,6,8,23,-15,2,wales,0.0,0.25,-15,1.0,0.0,4.0,10
