Equipe,GP,W,D,L,GF,GA,GD,Pts_Home,Liga,PIH,PIH_HA,GD_Home,GF_AVG_Home,Odd_Justa_MO,Odd_Justa_HA,Rank_Home
Dinamo Tirana,8,6,1,1,14,8,6,19,Albania - Abissnet Superiore,0.75,0.88,6,1.75,1.33,1.14,1
Vllaznia S.,8,5,2,1,15,8,7,17,Albania - Abissnet Superiore,0.62,0.88,7,1.88,1.61,1.14,2
Egnatia R.,8,4,3,1,11,5,6,15,Albania - Abissnet Superiore,0.5,0.88,6,1.38,2.0,1.14,3
Laci,8,4,3,1,11,5,6,15,Albania - Abissnet Superiore,0.5,0.88,6,1.38,2.0,1.14,3
Partizani T.,8,3,5,0,10,6,4,14,Albania - Abissnet Superiore,0.38,1.0,4,1.25,2.63,1.0,4
KF Tirana,8,2,5,1,11,7,4,11,Albania - Abissnet Superiore,0.25,0.88,4,1.38,4.0,1.14,5
Bylis,8,3,2,3,9,7,2,11,Albania - Abissnet Superiore,0.38,0.62,2,1.12,2.63,1.61,5
Teuta Durres,8,2,5,1,9,7,2,11,Albania - Abissnet Superiore,0.25,0.88,2,1.12,4.0,1.14,5
AF Elbasani,8,2,4,2,8,11,-3,10,Albania - Abissnet Superiore,0.25,0.75,-3,1.0,4.0,1.33,6
Skenderbeu K.,8,1,3,4,8,13,-5,6,Albania - Abissnet Superiore,0.12,0.5,-5,1.0,8.33,2.0,7
MC Oran,7,5,2,0,7,0,7,17,Algeria - Ligue 1,0.71,1.0,7,1.0,1.41,1.0,1
CS Constantine,7,5,2,0,9,4,5,17,Algeria - Ligue 1,0.71,1.0,5,1.29,1.41,1.0,1
JS Kabylie,8,5,1,2,13,8,5,16,Algeria - Ligue 1,0.62,0.75,5,1.62,1.61,1.33,2
Khenchela,8,4,2,2,7,4,3,14,Algeria - Ligue 1,0.5,0.75,3,0.88,2.0,1.33,3
ES Setif,8,3,4,1,7,5,2,13,Algeria - Ligue 1,0.38,0.88,2,0.88,2.63,1.14,4
JS Saoura,6,3,3,0,8,5,3,12,Algeria - Ligue 1,0.5,1.0,3,1.33,2.0,1.0,5
NC Magra,6,3,3,0,7,4,3,12,Algeria - Ligue 1,0.5,1.0,3,1.17,2.0,1.0,5
ASO Chlef,6,2,4,0,7,3,4,10,Algeria - Ligue 1,0.33,1.0,4,1.17,3.03,1.0,6
USM Alger,4,3,1,0,5,1,4,10,Algeria - Ligue 1,0.75,1.0,4,1.25,1.33,1.0,6
Paradou AC,6,3,1,2,11,8,3,10,Algeria - Ligue 1,0.5,0.67,3,1.83,2.0,1.49,6
O. Akbou,7,3,1,3,7,6,1,10,Algeria - Ligue 1,0.43,0.57,1,1.0,2.33,1.75,6
El Bayadh,6,2,2,2,7,4,3,8,Algeria - Ligue 1,0.33,0.67,3,1.17,3.03,1.49,7
CR Belouizdad,4,2,1,1,7,3,4,7,Algeria - Ligue 1,0.5,0.75,4,1.75,2.0,1.33,8
Mostaganem,5,2,1,2,4,5,-1,7,Algeria - Ligue 1,0.4,0.6,-1,0.8,2.5,1.67,8
MC Alger,6,1,4,1,3,4,-1,7,Algeria - Ligue 1,0.17,0.83,-1,0.5,5.88,1.2,8
Biskra,6,1,2,3,4,6,-2,5,Algeria - Ligue 1,0.17,0.5,-2,0.67,5.88,2.0,9
Velez Sarsfield,8,6,2,0,12,1,11,20,Argentina - Liga Profesional,0.75,1.0,11,1.5,1.33,1.0,1
Independiente,8,5,3,0,12,3,9,18,Argentina - Liga Profesional,0.62,1.0,9,1.5,1.61,1.0,2
Boca Juniors,8,5,2,1,10,4,6,17,Argentina - Liga Profesional,0.62,0.88,6,1.25,1.61,1.14,3
Racing Club,8,5,2,1,16,11,5,17,Argentina - Liga Profesional,0.62,0.88,5,2.0,1.61,1.14,3
Platense,8,5,2,1,7,3,4,17,Argentina - Liga Profesional,0.62,0.88,4,0.88,1.61,1.14,3
A. Tucuman,8,5,1,2,12,8,4,16,Argentina - Liga Profesional,0.62,0.75,4,1.5,1.61,1.33,4
Defensa y J.,8,4,4,0,8,4,4,16,Argentina - Liga Profesional,0.5,1.0,4,1.0,2.0,1.0,4
River Plate,8,4,3,1,16,5,11,15,Argentina - Liga Profesional,0.5,0.88,11,2.0,2.0,1.14,5
Argentinos Jrs,8,4,3,1,9,2,7,15,Argentina - Liga Profesional,0.5,0.88,7,1.12,2.0,1.14,5
Huracan,8,4,3,1,8,3,5,15,Argentina - Liga Profesional,0.5,0.88,5,1.0,2.0,1.14,5
I. Rivadavia,8,4,3,1,8,6,2,15,Argentina - Liga Profesional,0.5,0.88,2,1.0,2.0,1.14,5
Central Cordoba,8,4,2,2,10,6,4,14,Argentina - Liga Profesional,0.5,0.75,4,1.25,2.0,1.33,6
D. Riestra,8,3,5,0,10,6,4,14,Argentina - Liga Profesional,0.38,1.0,4,1.25,2.63,1.0,6
T. de Cordoba,8,4,2,2,9,6,3,14,Argentina - Liga Profesional,0.5,0.75,3,1.12,2.0,1.33,6
Instituto,8,4,1,3,12,9,3,13,Argentina - Liga Profesional,0.5,0.62,3,1.5,2.0,1.61,7
Union Santa Fe,8,4,1,3,9,7,2,13,Argentina - Liga Profesional,0.5,0.62,2,1.12,2.0,1.61,7
Godoy Cruz,8,2,5,1,10,5,5,11,Argentina - Liga Profesional,0.25,0.88,5,1.25,4.0,1.14,8
Estudiantes,8,2,5,1,11,10,1,11,Argentina - Liga Profesional,0.25,0.88,1,1.38,4.0,1.14,8
Rosario Central,8,3,2,3,9,8,1,11,Argentina - Liga Profesional,0.38,0.62,1,1.12,2.63,1.61,8
Lanus,8,2,5,1,5,4,1,11,Argentina - Liga Profesional,0.25,0.88,1,0.62,4.0,1.14,8
Gimnasia,8,3,2,3,5,5,0,11,Argentina - Liga Profesional,0.38,0.62,0,0.62,2.63,1.61,8
Newells,8,3,2,3,10,11,-1,11,Argentina - Liga Profesional,0.38,0.62,-1,1.25,2.63,1.61,8
Tigre,8,2,4,2,10,9,1,10,Argentina - Liga Profesional,0.25,0.75,1,1.25,4.0,1.33,9
San Lorenzo,8,3,1,4,7,8,-1,10,Argentina - Liga Profesional,0.38,0.5,-1,0.88,2.63,2.0,9
Sarmiento,8,2,4,2,5,7,-2,10,Argentina - Liga Profesional,0.25,0.75,-2,0.62,4.0,1.33,9
Belgrano,8,2,2,4,9,10,-1,8,Argentina - Liga Profesional,0.25,0.5,-1,1.12,4.0,2.0,10
Banfield,8,2,2,4,8,9,-1,8,Argentina - Liga Profesional,0.25,0.5,-1,1.0,4.0,2.0,10
Barracas C.,8,0,5,3,6,14,-8,5,Argentina - Liga Profesional,0.0,0.62,-8,0.75,0.0,1.61,11
CA Guemes,8,7,1,0,16,5,11,22,Argentina - Primera Nacional,0.88,1.0,11,2.0,1.14,1.0,1
SM Tucuman,8,6,2,0,10,4,6,20,Argentina - Primera Nacional,0.75,1.0,6,1.25,1.33,1.0,2
Agropecuario,8,6,1,1,12,5,7,19,Argentina - Primera Nacional,0.75,0.88,7,1.5,1.33,1.14,3
Atletico Mitre,8,5,3,0,8,3,5,18,Argentina - Primera Nacional,0.62,1.0,5,1.0,1.61,1.0,4
SM San Juan,8,5,2,1,14,5,9,17,Argentina - Primera Nacional,0.62,0.88,9,1.75,1.61,1.14,5
D. Madryn,8,5,2,1,12,4,8,17,Argentina - Primera Nacional,0.62,0.88,8,1.5,1.61,1.14,5
Aldosivi,8,5,2,1,10,2,8,17,Argentina - Primera Nacional,0.62,0.88,8,1.25,1.61,1.14,5
G. Mendoza,8,5,2,1,12,6,6,17,Argentina - Primera Nacional,0.62,0.88,6,1.5,1.61,1.14,5
Racing Cordoba,8,5,2,1,12,6,6,17,Argentina - Primera Nacional,0.62,0.88,6,1.5,1.61,1.14,5
CA Estudiantes,8,5,2,1,11,7,4,17,Argentina - Primera Nacional,0.62,0.88,4,1.38,1.61,1.14,5
Gimnasia y Tiro,8,5,2,1,6,2,4,17,Argentina - Primera Nacional,0.62,0.88,4,0.75,1.61,1.14,5
Gimnasia Jujuy,8,5,1,2,8,5,3,16,Argentina - Primera Nacional,0.62,0.75,3,1.0,1.61,1.33,6
San Telmo,8,5,0,3,16,7,9,15,Argentina - Primera Nacional,0.62,0.62,9,2.0,1.61,1.61,7
All Boys,8,4,2,2,11,2,9,14,Argentina - Primera Nacional,0.5,0.75,9,1.38,2.0,1.33,8
D. de Belgrano,8,3,5,0,10,2,8,14,Argentina - Primera Nacional,0.38,1.0,8,1.25,2.63,1.0,8
San Miguel,8,4,2,2,11,7,4,14,Argentina - Primera Nacional,0.5,0.75,4,1.38,2.0,1.33,8
Deportivo Maipu,8,3,4,1,9,5,4,13,Argentina - Primera Nacional,0.38,0.88,4,1.12,2.63,1.14,9
Arsenal Sarandi,8,3,4,1,7,3,4,13,Argentina - Primera Nacional,0.38,0.88,4,0.88,2.63,1.14,9
Tristan Suarez,8,3,4,1,11,8,3,13,Argentina - Primera Nacional,0.38,0.88,3,1.38,2.63,1.14,9
Colon Santa Fe,8,4,1,3,9,6,3,13,Argentina - Primera Nacional,0.5,0.62,3,1.12,2.0,1.61,9
Quilmes,8,4,1,3,8,5,3,13,Argentina - Primera Nacional,0.5,0.62,3,1.0,2.0,1.61,9
Atlanta,8,3,3,2,6,4,2,12,Argentina - Primera Nacional,0.38,0.75,2,0.75,2.63,1.33,10
Nueva Chicago,8,3,3,2,8,8,0,12,Argentina - Primera Nacional,0.38,0.75,0,1.0,2.63,1.33,10
Chacarita J.,8,3,3,2,5,7,-2,12,Argentina - Primera Nacional,0.38,0.75,-2,0.62,2.63,1.33,10
Brown de A.,8,2,5,1,7,7,0,11,Argentina - Primera Nacional,0.25,0.88,0,0.88,4.0,1.14,11
Ferro Carril,8,2,4,2,11,9,2,10,Argentina - Primera Nacional,0.25,0.75,2,1.38,4.0,1.33,12
E. Rio Cuarto,8,2,4,2,4,4,0,10,Argentina - Primera Nacional,0.25,0.75,0,0.5,4.0,1.33,12
Alvarado,8,3,1,4,6,7,-1,10,Argentina - Primera Nacional,0.38,0.5,-1,0.75,2.63,2.0,12
T. Remedios,8,2,4,2,6,7,-1,10,Argentina - Primera Nacional,0.25,0.75,-1,0.75,4.0,1.33,12
A. Quilmes,8,6,2,0,14,3,11,20,Argentina - Primera B,0.75,1.0,11,1.75,1.33,1.0,1
Deportivo Merlo,8,5,3,0,12,5,7,18,Argentina - Primera B,0.62,1.0,7,1.5,1.61,1.0,2
Excursionistas,8,5,2,1,18,7,11,17,Argentina - Primera B,0.62,0.88,11,2.25,1.61,1.14,3
D. Armenio,8,5,2,1,14,4,10,17,Argentina - Primera B,0.62,0.88,10,1.75,1.61,1.14,3
Colegiales,8,5,2,1,10,1,9,17,Argentina - Primera B,0.62,0.88,9,1.25,1.61,1.14,3
Liniers,8,4,3,1,12,6,6,15,Argentina - Primera B,0.5,0.88,6,1.5,2.0,1.14,4
Flandria,8,4,3,1,8,3,5,15,Argentina - Primera B,0.5,0.88,5,1.0,2.0,1.14,4
Villa Dalmine,8,4,3,1,6,4,2,15,Argentina - Primera B,0.5,0.88,2,0.75,2.0,1.14,4
S. Italiano,8,4,2,2,11,3,8,14,Argentina - Primera B,0.5,0.75,8,1.38,2.0,1.33,5
Midland,8,4,2,2,11,5,6,14,Argentina - Primera B,0.5,0.75,6,1.38,2.0,1.33,5
SM Burzaco,8,4,2,2,9,4,5,14,Argentina - Primera B,0.5,0.75,5,1.12,2.0,1.33,5
Los Andes,8,4,1,3,9,6,3,13,Argentina - Primera B,0.5,0.62,3,1.12,2.0,1.61,6
UAI Urquiza,8,3,3,2,10,9,1,12,Argentina - Primera B,0.38,0.75,1,1.25,2.63,1.33,7
Sacachispas,8,3,2,3,5,7,-2,11,Argentina - Primera B,0.38,0.62,-2,0.62,2.63,1.61,8
Comunicaciones,8,2,4,2,8,8,0,10,Argentina - Primera B,0.25,0.75,0,1.0,4.0,1.33,9
Argentino Merlo,8,3,1,4,8,11,-3,10,Argentina - Primera B,0.38,0.5,-3,1.0,2.63,2.0,9
Fenix,8,2,2,4,6,7,-1,8,Argentina - Primera B,0.25,0.5,-1,0.75,4.0,2.0,10
Dock Sud,8,2,2,4,8,10,-2,8,Argentina - Primera B,0.25,0.5,-2,1.0,4.0,2.0,10
Acassuso,8,2,2,4,6,11,-5,8,Argentina - Primera B,0.25,0.5,-5,0.75,4.0,2.0,10
Canuelas,8,2,2,4,3,9,-6,8,Argentina - Primera B,0.25,0.5,-6,0.38,4.0,2.0,10
D. Laferrere,8,1,4,3,7,9,-2,7,Argentina - Primera B,0.12,0.62,-2,0.88,8.33,1.61,11
V. San Carlos,8,1,3,4,3,4,-1,6,Argentina - Primera B,0.12,0.5,-1,0.38,8.33,2.0,12
Sarmiento DLB,8,8,0,0,16,3,13,24,Argentina - Torneo Federal,1.0,1.0,13,2.0,1.0,1.0,1
Sol de America,8,7,0,1,12,4,8,21,Argentina - Torneo Federal,0.88,0.88,8,1.5,1.14,1.14,2
Ciudad Bolivar,8,7,0,1,11,3,8,21,Argentina - Torneo Federal,0.88,0.88,8,1.38,1.14,1.14,2
Central Norte,8,6,2,0,13,4,9,20,Argentina - Torneo Federal,0.75,1.0,9,1.62,1.33,1.0,3
Gutierrez,8,6,2,0,11,5,6,20,Argentina - Torneo Federal,0.75,1.0,6,1.38,1.33,1.0,3
Villa Mitre,8,6,1,1,15,6,9,19,Argentina - Torneo Federal,0.75,0.88,9,1.88,1.33,1.14,4
Atenas,8,6,1,1,14,6,8,19,Argentina - Torneo Federal,0.75,0.88,8,1.75,1.33,1.14,4
Germinal,8,5,3,0,13,4,9,18,Argentina - Torneo Federal,0.62,1.0,9,1.62,1.61,1.0,5
S. Belgrano,8,5,3,0,7,2,5,18,Argentina - Torneo Federal,0.62,1.0,5,0.88,1.61,1.0,5
SM Formosa,8,5,2,1,13,5,8,17,Argentina - Torneo Federal,0.62,0.88,8,1.62,1.61,1.14,6
J. Antoniana,8,5,2,1,12,4,8,17,Argentina - Torneo Federal,0.62,0.88,8,1.5,1.61,1.14,6
Olimpo Bahia B.,8,5,2,1,11,4,7,17,Argentina - Torneo Federal,0.62,0.88,7,1.38,1.61,1.14,6
D. Rincon,8,5,2,1,10,5,5,17,Argentina - Torneo Federal,0.62,0.88,5,1.25,1.61,1.14,6
Argentino MM,8,5,2,1,9,4,5,17,Argentina - Torneo Federal,0.62,0.88,5,1.12,1.61,1.14,6
Santamarina,8,4,4,0,14,4,10,16,Argentina - Torneo Federal,0.5,1.0,10,1.75,2.0,1.0,7
D. Belgrano VR,8,4,4,0,12,4,8,16,Argentina - Torneo Federal,0.5,1.0,8,1.5,2.0,1.0,7
9 Julio Rafaela,8,5,1,2,12,6,6,16,Argentina - Torneo Federal,0.62,0.75,6,1.5,1.61,1.33,7
Sol de Mayo,8,4,2,2,13,11,2,14,Argentina - Torneo Federal,0.5,0.75,2,1.62,2.0,1.33,8
Circulo D.,8,4,2,2,11,9,2,14,Argentina - Torneo Federal,0.5,0.75,2,1.38,2.0,1.33,8
Camioneros,8,4,1,3,11,7,4,13,Argentina - Torneo Federal,0.5,0.62,4,1.38,2.0,1.61,9
S. Las Parejas,8,3,3,2,12,7,5,12,Argentina - Torneo Federal,0.38,0.75,5,1.5,2.63,1.33,10
El Linqueno,8,3,3,2,8,5,3,12,Argentina - Torneo Federal,0.38,0.75,3,1.0,2.63,1.33,10
Cipolletti,8,3,3,2,6,4,2,12,Argentina - Torneo Federal,0.38,0.75,2,0.75,2.63,1.33,10
SM Mendoza,8,3,3,2,5,3,2,12,Argentina - Torneo Federal,0.38,0.75,2,0.62,2.63,1.33,10
Kimberley,8,2,5,1,6,4,2,11,Argentina - Torneo Federal,0.25,0.88,2,0.75,4.0,1.14,11
I. Chivilcoy,8,3,2,3,10,9,1,11,Argentina - Torneo Federal,0.38,0.62,1,1.25,2.63,1.61,11
Juventud U. U.,8,3,2,3,6,6,0,11,Argentina - Torneo Federal,0.38,0.62,0,0.75,2.63,1.61,11
Huracan Las H.,8,3,2,3,6,7,-1,11,Argentina - Torneo Federal,0.38,0.62,-1,0.75,2.63,1.61,11
Pronunciamiento,8,3,2,3,7,11,-4,11,Argentina - Torneo Federal,0.38,0.62,-4,0.88,2.63,1.61,11
Noah,8,8,0,0,33,3,30,24,Armenia - Premier League,1.0,1.0,30,4.12,1.0,1.0,1
Ararat-Armenia,8,6,0,2,19,7,12,18,Armenia - Premier League,0.75,0.75,12,2.38,1.33,1.33,2
Pyunik,8,6,0,2,15,6,9,18,Armenia - Premier League,0.75,0.75,9,1.88,1.33,1.33,2
Urartu,8,6,0,2,15,8,7,18,Armenia - Premier League,0.75,0.75,7,1.88,1.33,1.33,2
Van,8,5,1,2,24,9,15,16,Armenia - Premier League,0.62,0.75,15,3.0,1.61,1.33,3
BKMA,8,3,1,4,10,12,-2,10,Armenia - Premier League,0.38,0.5,-2,1.25,2.63,2.0,4
West Armenia,8,2,2,4,9,11,-2,8,Armenia - Premier League,0.25,0.5,-2,1.12,4.0,2.0,5
Shirak,8,2,2,4,3,12,-9,8,Armenia - Premier League,0.25,0.5,-9,0.38,4.0,2.0,5
Alashkert,8,1,3,4,8,19,-11,6,Armenia - Premier League,0.12,0.5,-11,1.0,8.33,2.0,6
Ararat Yerevan,8,1,2,5,7,14,-7,5,Armenia - Premier League,0.12,0.38,-7,0.88,8.33,2.63,7
Gandzasar,8,0,0,8,2,24,-22,0,Armenia - Premier League,0.0,0.0,-22,0.25,0.0,0.0,8
Auckland,5,4,0,1,7,5,2,12,Australia - A-League,0.8,0.8,2,1.4,1.25,1.25,1
Melbourne V.,4,3,1,0,7,2,5,10,Australia - A-League,0.75,1.0,5,1.75,1.33,1.0,2
WS Wanderers,5,2,1,2,14,10,4,7,Australia - A-League,0.4,0.6,4,2.8,2.5,1.67,3
Adelaide Utd,4,1,3,0,8,7,1,6,Australia - A-League,0.25,1.0,1,2.0,4.0,1.0,4
Macarthur FC,5,1,2,2,12,9,3,5,Australia - A-League,0.2,0.6,3,2.4,5.0,1.67,5
Central Coast,5,1,2,2,2,8,-6,5,Australia - A-League,0.2,0.6,-6,0.4,5.0,1.67,5
Wellington,4,1,1,2,3,5,-2,4,Australia - A-League,0.25,0.5,-2,0.75,4.0,2.0,6
Sydney FC,3,1,0,2,8,8,0,3,Australia - A-League,0.33,0.33,0,2.67,3.03,3.03,7
Western United,4,0,2,2,2,5,-3,2,Australia - A-League,0.0,0.5,-3,0.5,0.0,2.0,8
Melbourne City,3,0,1,2,3,7,-4,1,Australia - A-League,0.0,0.33,-4,1.0,0.0,3.03,9
Newcastle Jets,3,0,0,3,1,4,-3,0,Australia - A-League,0.0,0.0,-3,0.33,0.0,0.0,10
Brisbane Roar,4,0,0,4,5,11,-6,0,Australia - A-League,0.0,0.0,-6,1.25,0.0,0.0,10
Perth Glory,4,0,0,4,1,14,-13,0,Australia - A-League,0.0,0.0,-13,0.25,0.0,0.0,10
Avondale,8,5,3,0,24,9,15,18,Australia - NPL Victoria,0.62,1.0,15,3.0,1.61,1.0,1
South Melbourne,8,6,0,2,19,7,12,18,Australia - NPL Victoria,0.75,0.75,12,2.38,1.33,1.33,1
Oakleigh C.,8,6,0,2,19,9,10,18,Australia - NPL Victoria,0.75,0.75,10,2.38,1.33,1.33,1
Heidelberg Utd,8,4,4,0,11,3,8,16,Australia - NPL Victoria,0.5,1.0,8,1.38,2.0,1.0,2
St. Albans,8,5,0,3,15,12,3,15,Australia - NPL Victoria,0.62,0.62,3,1.88,1.61,1.61,3
Altona Magic,8,4,1,3,14,11,3,13,Australia - NPL Victoria,0.5,0.62,3,1.75,2.0,1.61,4
Dandenong T.,8,4,1,3,13,16,-3,13,Australia - NPL Victoria,0.5,0.62,-3,1.62,2.0,1.61,4
Port Melbourne,8,4,0,4,14,15,-1,12,Australia - NPL Victoria,0.5,0.5,-1,1.75,2.0,2.0,5
Melbourne K.,8,3,1,4,13,9,4,10,Australia - NPL Victoria,0.38,0.5,4,1.62,2.63,2.0,6
Hume City,8,2,4,2,10,7,3,10,Australia - NPL Victoria,0.25,0.75,3,1.25,4.0,1.33,6
Dandenong City,8,3,0,5,21,21,0,9,Australia - NPL Victoria,0.38,0.38,0,2.62,2.63,2.63,7
Green Gully,8,3,0,5,14,17,-3,9,Australia - NPL Victoria,0.38,0.38,-3,1.75,2.63,2.63,7
Moreland City,8,2,1,5,11,13,-2,7,Australia - NPL Victoria,0.25,0.38,-2,1.38,4.0,2.63,8
Manningham Utd,8,1,3,4,18,20,-2,6,Australia - NPL Victoria,0.12,0.5,-2,2.25,8.33,2.0,9
Gold C. Knights,8,7,0,1,29,13,16,21,Australia - NPL Queensland,0.88,0.88,16,3.62,1.14,1.14,1
Peninsula,8,6,1,1,19,6,13,19,Australia - NPL Queensland,0.75,0.88,13,2.38,1.33,1.14,2
Moreton City E.,8,5,1,2,27,10,17,16,Australia - NPL Queensland,0.62,0.75,17,3.38,1.61,1.33,3
SC Wanderers,8,4,2,2,13,9,4,14,Australia - NPL Queensland,0.5,0.75,4,1.62,2.0,1.33,4
Olympic FC,8,4,2,2,12,8,4,14,Australia - NPL Queensland,0.5,0.75,4,1.5,2.0,1.33,4
Q. Lions,8,3,3,2,17,12,5,12,Australia - NPL Queensland,0.38,0.75,5,2.12,2.63,1.33,5
Wynnum Wolves,8,4,0,4,15,23,-8,12,Australia - NPL Queensland,0.5,0.5,-8,1.88,2.0,2.0,5
Gold C. Utd,8,2,4,2,10,12,-2,10,Australia - NPL Queensland,0.25,0.75,-2,1.25,4.0,1.33,6
Rochedale,8,2,0,6,6,23,-17,6,Australia - NPL Queensland,0.25,0.25,-17,0.75,4.0,4.0,7
Brisbane Roar B,8,1,2,5,9,18,-9,5,Australia - NPL Queensland,0.12,0.38,-9,1.12,8.33,2.63,8
Brisbane City,8,0,2,6,6,18,-12,2,Australia - NPL Queensland,0.0,0.25,-12,0.75,0.0,4.0,9
Redlands,8,0,1,7,2,14,-12,1,Australia - NPL Queensland,0.0,0.12,-12,0.25,0.0,8.33,10
Austria Wien,8,7,1,0,18,6,12,22,Austria - Bundesliga,0.88,1.0,12,2.25,1.14,1.0,1
Sturm Graz,8,6,1,1,26,9,17,19,Austria - Bundesliga,0.75,0.88,17,3.25,1.33,1.14,2
Rapid Wien,8,6,1,1,13,6,7,19,Austria - Bundesliga,0.75,0.88,7,1.62,1.33,1.14,2
Salzburg,8,5,2,1,19,6,13,17,Austria - Bundesliga,0.62,0.88,13,2.38,1.61,1.14,3
BW Linz,8,5,0,3,11,6,5,15,Austria - Bundesliga,0.62,0.62,5,1.38,1.61,1.61,4
Hartberg,8,3,3,2,10,8,2,12,Austria - Bundesliga,0.38,0.75,2,1.25,2.63,1.33,5
Wolfsberger AC,8,3,2,3,12,11,1,11,Austria - Bundesliga,0.38,0.62,1,1.5,2.63,1.61,6
A. Klagenfurt,7,2,2,3,8,11,-3,8,Austria - Bundesliga,0.29,0.57,-3,1.14,3.45,1.75,7
LASK Linz,8,2,1,5,13,16,-3,7,Austria - Bundesliga,0.25,0.38,-3,1.62,4.0,2.63,8
Tirol,8,1,4,3,3,7,-4,7,Austria - Bundesliga,0.12,0.62,-4,0.38,8.33,1.61,8
Altach,8,1,3,4,8,10,-2,6,Austria - Bundesliga,0.12,0.5,-2,1.0,8.33,2.0,9
Grazer AK,8,1,3,4,11,16,-5,6,Austria - Bundesliga,0.12,0.5,-5,1.38,8.33,2.0,9
Admira Wacker,8,6,1,1,12,3,9,19,Austria - 2. Liga,0.75,0.88,9,1.5,1.33,1.14,1
Rapid Wien B,8,5,1,2,19,8,11,16,Austria - 2. Liga,0.62,0.75,11,2.38,1.61,1.33,2
Ried,8,5,1,2,18,8,10,16,Austria - 2. Liga,0.62,0.75,10,2.25,1.61,1.33,2
Bregenz,8,5,1,2,19,13,6,16,Austria - 2. Liga,0.62,0.75,6,2.38,1.61,1.33,2
First Vienna,8,5,0,3,14,10,4,15,Austria - 2. Liga,0.62,0.62,4,1.75,1.61,1.61,3
Amstetten,8,4,0,4,17,13,4,12,Austria - 2. Liga,0.5,0.5,4,2.12,2.0,2.0,4
Kapfenberger,8,4,0,4,13,12,1,12,Austria - 2. Liga,0.5,0.5,1,1.62,2.0,2.0,4
St. Polten,8,2,4,2,7,6,1,10,Austria - 2. Liga,0.25,0.75,1,0.88,4.0,1.33,5
Sturm Graz B,7,2,3,2,8,7,1,9,Austria - 2. Liga,0.29,0.71,1,1.14,3.45,1.41,6
Floridsdorfer,7,2,2,3,6,8,-2,8,Austria - 2. Liga,0.29,0.57,-2,0.86,3.45,1.75,7
A. Lustenau,7,0,6,1,5,6,-1,6,Austria - 2. Liga,0.0,0.86,-1,0.71,0.0,1.16,8
Liefering,8,1,3,4,8,12,-4,6,Austria - 2. Liga,0.12,0.5,-4,1.0,8.33,2.0,8
Voitsberg,8,2,0,6,6,12,-6,6,Austria - 2. Liga,0.25,0.25,-6,0.75,4.0,4.0,8
Stripfing,8,1,2,5,9,13,-4,5,Austria - 2. Liga,0.12,0.38,-4,1.12,8.33,2.63,9
Lafnitz,8,1,2,5,14,20,-6,5,Austria - 2. Liga,0.12,0.38,-6,1.75,8.33,2.63,9
SV Horn,8,0,3,5,13,22,-9,3,Austria - 2. Liga,0.0,0.38,-9,1.62,0.0,2.63,10
Qarabag,8,7,0,1,23,4,19,21,Azerbaijan - Premier League,0.88,0.88,19,2.88,1.14,1.14,1
Araz,8,5,2,1,9,5,4,17,Azerbaijan - Premier League,0.62,0.88,4,1.12,1.61,1.14,2
Turan,8,4,3,1,10,7,3,15,Azerbaijan - Premier League,0.5,0.88,3,1.25,2.0,1.14,3
Sumqayit,8,4,0,4,9,10,-1,12,Azerbaijan - Premier League,0.5,0.5,-1,1.12,2.0,2.0,4
Zira,8,3,2,3,11,7,4,11,Azerbaijan - Premier League,0.38,0.62,4,1.38,2.63,1.61,5
Sabah,8,2,5,1,10,9,1,11,Azerbaijan - Premier League,0.25,0.88,1,1.25,4.0,1.14,5
Neftci,8,3,2,3,10,12,-2,11,Azerbaijan - Premier League,0.38,0.62,-2,1.25,2.63,1.61,5
Shamakhi,8,2,2,4,6,8,-2,8,Azerbaijan - Premier League,0.25,0.5,-2,0.75,4.0,2.0,6
Sebail,8,2,1,5,9,12,-3,7,Azerbaijan - Premier League,0.25,0.38,-3,1.12,4.0,2.63,7
Kapaz,8,2,1,5,7,19,-12,7,Azerbaijan - Premier League,0.25,0.38,-12,0.88,4.0,2.63,7
Al-Muharraq,4,4,0,0,16,3,13,12,Bahrain - Premier League,1.0,1.0,13,4.0,1.0,1.0,1
Al Riffa,3,3,0,0,8,1,7,9,Bahrain - Premier League,1.0,1.0,7,2.67,1.0,1.0,2
Sitra,4,3,0,1,9,5,4,9,Bahrain - Premier League,0.75,0.75,4,2.25,1.33,1.33,2
Khalidiya,3,3,0,0,5,1,4,9,Bahrain - Premier League,1.0,1.0,4,1.67,1.0,1.0,2
Al Ahli M.,3,2,0,1,6,2,4,6,Bahrain - Premier League,0.67,0.67,4,2.0,1.49,1.49,3
Malkiya,3,1,2,0,3,2,1,5,Bahrain - Premier League,0.33,1.0,1,1.0,3.03,1.0,4
Manama,4,1,2,1,3,7,-4,5,Bahrain - Premier League,0.25,0.75,-4,0.75,4.0,1.33,4
Al-Najma,3,1,1,1,7,4,3,4,Bahrain - Premier League,0.33,0.67,3,2.33,3.03,1.49,5
Bahrain SC,3,1,0,2,4,5,-1,3,Bahrain - Premier League,0.33,0.33,-1,1.33,3.03,3.03,6
AAli FC,3,1,0,2,3,5,-2,3,Bahrain - Premier League,0.33,0.33,-2,1.0,3.03,3.03,6
Al Shabbab,3,0,2,1,2,4,-2,2,Bahrain - Premier League,0.0,0.67,-2,0.67,0.0,1.49,7
East Riffa,4,0,1,3,3,8,-5,1,Bahrain - Premier League,0.0,0.25,-5,0.75,0.0,4.0,8
Bashundhara K.,2,2,0,0,11,1,10,6,Bangladesh - Premier League,1.0,1.0,10,5.5,1.0,1.0,1
Rahmatgonj,2,2,0,0,6,2,4,6,Bangladesh - Premier League,1.0,1.0,4,3.0,1.0,1.0,1
Brothers Union,2,2,0,0,4,1,3,6,Bangladesh - Premier League,1.0,1.0,3,2.0,1.0,1.0,1
Abahani,2,2,0,0,2,0,2,6,Bangladesh - Premier League,1.0,1.0,2,1.0,1.0,1.0,1
Mohammedan,2,2,0,0,2,0,2,6,Bangladesh - Premier League,1.0,1.0,2,1.0,1.0,1.0,1
B. Police,2,1,0,1,5,4,1,3,Bangladesh - Premier League,0.5,0.5,1,2.5,2.0,2.0,2
Fortis,2,0,2,0,2,2,0,2,Bangladesh - Premier League,0.0,1.0,0,1.0,0.0,1.0,3
Chittagong,2,0,0,2,0,4,-4,0,Bangladesh - Premier League,0.0,0.0,-4,0.0,0.0,0.0,4
Fakirerpool,2,0,0,2,0,5,-5,0,Bangladesh - Premier League,0.0,0.0,-5,0.0,0.0,0.0,4
Dhaka Wanderers,2,0,0,2,0,10,-10,0,Bangladesh - Premier League,0.0,0.0,-10,0.0,0.0,0.0,4
Dinamo Minsk,8,8,0,0,15,0,15,24,Belarus - Vysshaya Liga,1.0,1.0,15,1.88,1.0,1.0,1
Dinamo Brest,8,5,2,1,17,8,9,17,Belarus - Vysshaya Liga,0.62,0.88,9,2.12,1.61,1.14,2
Neman Grodno,8,5,2,1,13,6,7,17,Belarus - Vysshaya Liga,0.62,0.88,7,1.62,1.61,1.14,2
Vitebsk,8,5,1,2,9,5,4,16,Belarus - Vysshaya Liga,0.62,0.75,4,1.12,1.61,1.33,3
Gomel,8,4,3,1,10,6,4,15,Belarus - Vysshaya Liga,0.5,0.88,4,1.25,2.0,1.14,4
Arsenal D.,8,4,2,2,10,10,0,14,Belarus - Vysshaya Liga,0.5,0.75,0,1.25,2.0,1.33,5
Smorgon,8,4,2,2,6,8,-2,14,Belarus - Vysshaya Liga,0.5,0.75,-2,0.75,2.0,1.33,5
T. Zhodino,8,3,4,1,14,11,3,13,Belarus - Vysshaya Liga,0.38,0.88,3,1.75,2.63,1.14,6
Isloch,8,3,3,2,9,6,3,12,Belarus - Vysshaya Liga,0.38,0.75,3,1.12,2.63,1.33,7
Slutsk,8,3,3,2,5,3,2,12,Belarus - Vysshaya Liga,0.38,0.75,2,0.62,2.63,1.33,7
BATE Borisov,8,3,2,3,14,14,0,11,Belarus - Vysshaya Liga,0.38,0.62,0,1.75,2.63,1.61,8
FC Minsk,8,3,2,3,13,13,0,11,Belarus - Vysshaya Liga,0.38,0.62,0,1.62,2.63,1.61,8
Slavia Mozyr,8,1,3,4,4,8,-4,6,Belarus - Vysshaya Liga,0.12,0.5,-4,0.5,8.33,2.0,9
Dnepr Mogilev,8,1,2,5,8,17,-9,5,Belarus - Vysshaya Liga,0.12,0.38,-9,1.0,8.33,2.63,10
Naftan,8,0,4,4,5,15,-10,4,Belarus - Vysshaya Liga,0.0,0.5,-10,0.62,0.0,2.0,11
S. Soligorsk,8,1,0,7,3,13,-10,3,Belarus - Vysshaya Liga,0.12,0.12,-10,0.38,8.33,8.33,12
Volna Pinsk,8,7,0,1,25,6,19,21,Belarus - First League,0.88,0.88,19,3.12,1.14,1.14,1
Belshina,8,7,0,1,17,7,10,21,Belarus - First League,0.88,0.88,10,2.12,1.14,1.14,1
Molodechno,8,6,2,0,14,2,12,20,Belarus - First League,0.75,1.0,12,1.75,1.33,1.0,2
Maxline,8,6,1,1,19,3,16,19,Belarus - First League,0.75,0.88,16,2.38,1.33,1.14,3
Bumprom,8,6,1,1,19,8,11,19,Belarus - First League,0.75,0.88,11,2.38,1.33,1.14,3
Niva,8,5,1,2,17,9,8,16,Belarus - First League,0.62,0.75,8,2.12,1.61,1.33,4
Lokomotiv Gomel,8,5,0,3,17,9,8,15,Belarus - First League,0.62,0.62,8,2.12,1.61,1.61,5
Lida,8,4,2,2,15,7,8,14,Belarus - First League,0.5,0.75,8,1.88,2.0,1.33,6
Slonim,8,3,3,2,6,6,0,12,Belarus - First League,0.38,0.75,0,0.75,2.63,1.33,7
Energetik-BGU,8,3,2,3,12,6,6,11,Belarus - First League,0.38,0.62,6,1.5,2.63,1.61,8
BATE B,8,3,2,3,11,16,-5,11,Belarus - First League,0.38,0.62,-5,1.38,2.63,1.61,8
Dinamo Minsk B,8,2,4,2,12,9,3,10,Belarus - First League,0.25,0.75,3,1.5,4.0,1.33,9
Baranovichi,8,3,1,4,11,18,-7,10,Belarus - First League,0.38,0.5,-7,1.38,2.63,2.0,9
S. Soligorsk B,8,3,0,5,7,13,-6,9,Belarus - First League,0.38,0.38,-6,0.88,2.63,2.63,10
Orsha,8,2,2,4,10,13,-3,8,Belarus - First League,0.25,0.5,-3,1.25,4.0,2.0,11
Ostrovets,8,2,1,5,8,17,-9,7,Belarus - First League,0.25,0.38,-9,1.0,4.0,2.63,12
ABFF U17,8,1,3,4,3,8,-5,6,Belarus - First League,0.12,0.5,-5,0.38,8.33,2.0,13
T. Zhodhino B,8,1,0,7,9,24,-15,3,Belarus - First League,0.12,0.12,-15,1.12,8.33,8.33,14
KRC Genk,8,8,0,0,20,5,15,24,Belgium - Pro League,1.0,1.0,15,2.5,1.0,1.0,1
Club Brugge,8,6,1,1,22,7,15,19,Belgium - Pro League,0.75,0.88,15,2.75,1.33,1.14,2
KV Mechelen,8,5,2,1,21,6,15,17,Belgium - Pro League,0.62,0.88,15,2.62,1.61,1.14,3
Gent,8,5,2,1,18,5,13,17,Belgium - Pro League,0.62,0.88,13,2.25,1.61,1.14,3
Charleroi,8,5,2,1,10,5,5,17,Belgium - Pro League,0.62,0.88,5,1.25,1.61,1.14,3
Antwerp,8,5,1,2,21,6,15,16,Belgium - Pro League,0.62,0.75,15,2.62,1.61,1.33,4
Anderlecht,8,4,3,1,18,6,12,15,Belgium - Pro League,0.5,0.88,12,2.25,2.0,1.14,5
Royale Union SG,8,4,3,1,15,7,8,15,Belgium - Pro League,0.5,0.88,8,1.88,2.0,1.14,5
Standard Liege,8,4,2,2,8,6,2,14,Belgium - Pro League,0.5,0.75,2,1.0,2.0,1.33,6
Sint-Truiden,8,3,4,1,12,10,2,13,Belgium - Pro League,0.38,0.88,2,1.5,2.63,1.14,7
Kortrijk,8,4,1,3,9,11,-2,13,Belgium - Pro League,0.5,0.62,-2,1.12,2.0,1.61,7
Cercle Brugge,8,3,3,2,8,10,-2,12,Belgium - Pro League,0.38,0.75,-2,1.0,2.63,1.33,8
OH Leuven,8,2,5,1,7,5,2,11,Belgium - Pro League,0.25,0.88,2,0.88,4.0,1.14,9
Westerlo,8,2,4,2,14,10,4,10,Belgium - Pro League,0.25,0.75,4,1.75,4.0,1.33,10
Beerschot,8,2,4,2,10,12,-2,10,Belgium - Pro League,0.25,0.75,-2,1.25,4.0,1.33,10
Dender,8,2,2,4,8,14,-6,8,Belgium - Pro League,0.25,0.5,-6,1.0,4.0,2.0,11
Zulte-Waregem,8,6,1,1,19,7,12,19,Belgium - Challenger Pro League,0.75,0.88,12,2.38,1.33,1.14,1
Lierse K.,8,5,2,1,18,9,9,17,Belgium - Challenger Pro League,0.62,0.88,9,2.25,1.61,1.14,2
La Louviere,8,5,2,1,15,6,9,17,Belgium - Challenger Pro League,0.62,0.88,9,1.88,1.61,1.14,2
Beveren,8,4,3,1,11,5,6,15,Belgium - Challenger Pro League,0.5,0.88,6,1.38,2.0,1.14,3
Patro Eisden,8,4,2,2,20,11,9,14,Belgium - Challenger Pro League,0.5,0.75,9,2.5,2.0,1.33,4
RWDM,7,4,2,1,10,6,4,14,Belgium - Challenger Pro League,0.57,0.86,4,1.43,1.75,1.16,4
Club Brugge B,8,4,1,3,14,12,2,13,Belgium - Challenger Pro League,0.5,0.62,2,1.75,2.0,1.61,5
Anderlecht B,6,2,1,3,9,9,0,7,Belgium - Challenger Pro League,0.33,0.5,0,1.5,3.03,2.0,6
RFC Liege,7,1,4,2,7,10,-3,7,Belgium - Challenger Pro League,0.14,0.71,-3,1.0,7.14,1.41,6
Lommel SK,6,1,3,2,6,8,-2,6,Belgium - Challenger Pro League,0.17,0.67,-2,1.0,5.88,1.49,7
KRC Genk B,8,2,0,6,10,18,-8,6,Belgium - Challenger Pro League,0.25,0.25,-8,1.25,4.0,4.0,7
Lokeren-Temse,7,1,1,5,7,10,-3,4,Belgium - Challenger Pro League,0.14,0.29,-3,1.0,7.14,3.45,8
Francs Borains,8,1,1,6,9,15,-6,4,Belgium - Challenger Pro League,0.12,0.25,-6,1.12,8.33,4.0,8
Eupen,7,1,1,5,9,16,-7,4,Belgium - Challenger Pro League,0.14,0.29,-7,1.29,7.14,3.45,8
Seraing,8,0,3,5,8,16,-8,3,Belgium - Challenger Pro League,0.0,0.38,-8,1.0,0.0,2.63,9
Deinze,0,0,0,0,0,0,0,0,Belgium - Challenger Pro League,0.0,0.0,0,0.0,0.0,0.0,10
Aurora,4,4,0,0,13,4,9,12,Bolivia - Primera Div. - Apertura,1.0,1.0,9,3.25,1.0,1.0,1
The Strongest,4,4,0,0,9,2,7,12,Bolivia - Primera Div. - Apertura,1.0,1.0,7,2.25,1.0,1.0,1
U. de Vinto,4,4,0,0,6,2,4,12,Bolivia - Primera Div. - Apertura,1.0,1.0,4,1.5,1.0,1.0,1
SA Bulo Bulo,4,3,1,0,10,2,8,10,Bolivia - Primera Div. - Apertura,0.75,1.0,8,2.5,1.33,1.0,2
Bolivar,4,3,1,0,13,8,5,10,Bolivia - Primera Div. - Apertura,0.75,1.0,5,3.25,1.33,1.0,2
Nacional Potosi,4,3,1,0,9,4,5,10,Bolivia - Primera Div. - Apertura,0.75,1.0,5,2.25,1.33,1.0,2
Guabira,4,3,0,1,9,5,4,9,Bolivia - Primera Div. - Apertura,0.75,0.75,4,2.25,1.33,1.33,3
Blooming,4,3,0,1,5,4,1,9,Bolivia - Primera Div. - Apertura,0.75,0.75,1,1.25,1.33,1.33,3
I. Petrolero,4,2,2,0,6,4,2,8,Bolivia - Primera Div. - Apertura,0.5,1.0,2,1.5,2.0,1.0,4
Real Tomayapo,4,2,1,1,6,5,1,7,Bolivia - Primera Div. - Apertura,0.5,0.75,1,1.5,2.0,1.33,5
Gualberto V. SJ,4,2,1,1,6,6,0,7,Bolivia - Primera Div. - Apertura,0.5,0.75,0,1.5,2.0,1.33,5
Oriente P.,4,2,1,1,3,3,0,7,Bolivia - Primera Div. - Apertura,0.5,0.75,0,0.75,2.0,1.33,5
Always Ready,4,1,2,1,3,3,0,5,Bolivia - Primera Div. - Apertura,0.25,0.75,0,0.75,4.0,1.33,6
Wilstermann,4,1,1,2,8,7,1,4,Bolivia - Primera Div. - Apertura,0.25,0.5,1,2.0,4.0,2.0,7
Royal Pari,4,0,2,2,2,4,-2,2,Bolivia - Primera Div. - Apertura,0.0,0.5,-2,0.5,0.0,2.0,8
Santa Cruz,4,0,1,3,4,9,-5,1,Bolivia - Primera Div. - Apertura,0.0,0.25,-5,1.0,0.0,4.0,9
Gualberto V. SJ,8,7,1,0,31,6,25,22,Bolivia - Primera Div. - Clausura,0.88,1.0,25,3.88,1.14,1.0,1
The Strongest,8,7,1,0,27,6,21,22,Bolivia - Primera Div. - Clausura,0.88,1.0,21,3.38,1.14,1.0,1
Bolivar,8,6,1,1,25,8,17,19,Bolivia - Primera Div. - Clausura,0.75,0.88,17,3.12,1.33,1.14,2
Nacional Potosi,8,5,1,2,17,8,9,16,Bolivia - Primera Div. - Clausura,0.62,0.75,9,2.12,1.61,1.33,3
Aurora,8,5,1,2,15,8,7,16,Bolivia - Primera Div. - Clausura,0.62,0.75,7,1.88,1.61,1.33,3
Real Tomayapo,8,5,1,2,12,8,4,16,Bolivia - Primera Div. - Clausura,0.62,0.75,4,1.5,1.61,1.33,3
Always Ready,8,4,2,2,15,11,4,14,Bolivia - Primera Div. - Clausura,0.5,0.75,4,1.88,2.0,1.33,4
Wilstermann,8,3,4,1,15,11,4,13,Bolivia - Primera Div. - Clausura,0.38,0.88,4,1.88,2.63,1.14,5
Blooming,8,3,4,1,11,7,4,13,Bolivia - Primera Div. - Clausura,0.38,0.88,4,1.38,2.63,1.14,5
Oriente P.,8,4,1,3,18,15,3,13,Bolivia - Primera Div. - Clausura,0.5,0.62,3,2.25,2.0,1.61,5
Guabira,8,4,1,3,11,9,2,13,Bolivia - Primera Div. - Clausura,0.5,0.62,2,1.38,2.0,1.61,5
Royal Pari,8,4,1,3,9,7,2,13,Bolivia - Primera Div. - Clausura,0.5,0.62,2,1.12,2.0,1.61,5
I. Petrolero,8,3,2,3,17,18,-1,11,Bolivia - Primera Div. - Clausura,0.38,0.62,-1,2.12,2.63,1.61,6
U. de Vinto,8,3,1,4,11,12,-1,10,Bolivia - Primera Div. - Clausura,0.38,0.5,-1,1.38,2.63,2.0,7
SA Bulo Bulo,8,1,2,5,15,20,-5,5,Bolivia - Primera Div. - Clausura,0.12,0.38,-5,1.88,8.33,2.63,8
Santa Cruz,8,1,1,6,7,17,-10,4,Bolivia - Primera Div. - Clausura,0.12,0.25,-10,0.88,8.33,4.0,9
Corinthians,8,7,1,0,22,7,15,22,Brazil - Serie A,0.88,1.0,15,2.75,1.14,1.0,1
Fortaleza,8,6,2,0,14,2,12,20,Brazil - Serie A,0.75,1.0,12,1.75,1.33,1.0,2
Internacional,8,6,1,1,16,4,12,19,Brazil - Serie A,0.75,0.88,12,2.0,1.33,1.14,3
Palmeiras,8,5,1,2,18,8,10,16,Brazil - Serie A,0.62,0.75,10,2.25,1.61,1.33,4
Botafogo,8,4,4,0,11,4,7,16,Brazil - Serie A,0.5,1.0,7,1.38,2.0,1.0,4
Sao Paulo,8,5,1,2,15,10,5,16,Brazil - Serie A,0.62,0.75,5,1.88,1.61,1.33,4
Fluminense,8,4,3,1,9,5,4,15,Brazil - Serie A,0.5,0.88,4,1.12,2.0,1.14,5
Flamengo,8,4,3,1,13,10,3,15,Brazil - Serie A,0.5,0.88,3,1.62,2.0,1.14,5
Vasco da Gama,8,4,2,2,11,8,3,14,Brazil - Serie A,0.5,0.75,3,1.38,2.0,1.33,6
Vitoria,8,4,2,2,10,7,3,14,Brazil - Serie A,0.5,0.75,3,1.25,2.0,1.33,6
Atletico GO,8,4,2,2,7,5,2,14,Brazil - Serie A,0.5,0.75,2,0.88,2.0,1.33,6
Gremio,8,4,1,3,16,15,1,13,Brazil - Serie A,0.5,0.62,1,2.0,2.0,1.61,7
Athletico PR,8,3,2,3,10,7,3,11,Brazil - Serie A,0.38,0.62,3,1.25,2.63,1.61,8
Atletico MG,8,3,2,3,11,11,0,11,Brazil - Serie A,0.38,0.62,0,1.38,2.63,1.61,8
Bahia,8,3,2,3,8,8,0,11,Brazil - Serie A,0.38,0.62,0,1.0,2.63,1.61,8
Bragantino,8,1,6,1,11,8,3,9,Brazil - Serie A,0.12,0.88,3,1.38,8.33,1.14,9
Cruzeiro,8,2,3,3,9,9,0,9,Brazil - Serie A,0.25,0.62,0,1.12,4.0,1.61,9
Cuiaba,8,2,2,4,7,8,-1,8,Brazil - Serie A,0.25,0.5,-1,0.88,4.0,2.0,10
Criciuma,8,2,2,4,6,10,-4,8,Brazil - Serie A,0.25,0.5,-4,0.75,4.0,2.0,10
Juventude,8,2,2,4,10,16,-6,8,Brazil - Serie A,0.25,0.5,-6,1.25,4.0,2.0,10
Ceara,8,8,0,0,14,2,12,24,Brazil - Serie B,1.0,1.0,12,1.75,1.0,1.0,1
America MG,8,6,2,0,17,6,11,20,Brazil - Serie B,0.75,1.0,11,2.12,1.33,1.0,2
Mirassol,8,6,2,0,11,1,10,20,Brazil - Serie B,0.75,1.0,10,1.38,1.33,1.0,2
Goias,8,6,0,2,11,4,7,18,Brazil - Serie B,0.75,0.75,7,1.38,1.33,1.33,3
Operario PR,8,5,3,0,11,6,5,18,Brazil - Serie B,0.62,1.0,5,1.38,1.61,1.0,3
Paysandu,8,6,0,2,10,5,5,18,Brazil - Serie B,0.75,0.75,5,1.25,1.33,1.33,3
Sport Recife,8,5,2,1,16,7,9,17,Brazil - Serie B,0.62,0.88,9,2.0,1.61,1.14,4
Santos,8,5,2,1,13,8,5,17,Brazil - Serie B,0.62,0.88,5,1.62,1.61,1.14,4
Novorizontino,8,5,1,2,11,6,5,16,Brazil - Serie B,0.62,0.75,5,1.38,1.61,1.33,5
Vila Nova,8,5,1,2,12,11,1,16,Brazil - Serie B,0.62,0.75,1,1.5,1.61,1.33,5
Chapecoense,8,5,1,2,11,11,0,16,Brazil - Serie B,0.62,0.75,0,1.38,1.61,1.33,5
Amazonas,8,5,1,2,9,9,0,16,Brazil - Serie B,0.62,0.75,0,1.12,1.61,1.33,5
Avai,8,4,3,1,10,5,5,15,Brazil - Serie B,0.5,0.88,5,1.25,2.0,1.14,6
Coritiba,8,4,2,2,12,10,2,14,Brazil - Serie B,0.5,0.75,2,1.5,2.0,1.33,7
Guarani,8,3,4,1,6,5,1,13,Brazil - Serie B,0.38,0.88,1,0.75,2.63,1.14,8
Brusque,8,4,0,4,8,7,1,12,Brazil - Serie B,0.5,0.5,1,1.0,2.0,2.0,9
Ituano,8,3,0,5,7,10,-3,9,Brazil - Serie B,0.38,0.38,-3,0.88,2.63,2.63,10
CRB,8,2,2,4,8,10,-2,8,Brazil - Serie B,0.25,0.5,-2,1.0,4.0,2.0,11
Botafogo SP,8,2,2,4,6,11,-5,8,Brazil - Serie B,0.25,0.5,-5,0.75,4.0,2.0,11
Ponte Preta,8,2,0,6,5,15,-10,6,Brazil - Serie B,0.25,0.25,-10,0.62,4.0,4.0,12
Botafogo PB,8,7,1,0,19,10,9,22,Brazil - Serie C,0.88,1.0,9,2.38,1.14,1.0,1
Athletic Club,8,7,0,1,17,9,8,21,Brazil - Serie C,0.88,0.88,8,2.12,1.14,1.14,2
Caxias,8,6,1,1,13,6,7,19,Brazil - Serie C,0.75,0.88,7,1.62,1.33,1.14,3
Remo,8,6,1,1,10,3,7,19,Brazil - Serie C,0.75,0.88,7,1.25,1.33,1.14,3
Ferroviaria,8,5,3,0,12,4,8,18,Brazil - Serie C,0.62,1.0,8,1.5,1.61,1.0,4
Confianca,8,5,2,1,13,4,9,17,Brazil - Serie C,0.62,0.88,9,1.62,1.61,1.14,5
Sao Bernardo,8,5,2,1,9,2,7,17,Brazil - Serie C,0.62,0.88,7,1.12,1.61,1.14,5
Volta Redonda,8,5,2,1,13,8,5,17,Brazil - Serie C,0.62,0.88,5,1.62,1.61,1.14,5
Ypiranga,8,5,2,1,9,4,5,17,Brazil - Serie C,0.62,0.88,5,1.12,1.61,1.14,5
Londrina,8,4,4,0,14,7,7,16,Brazil - Serie C,0.5,1.0,7,1.75,2.0,1.0,6
Nautico,8,4,2,2,17,9,8,14,Brazil - Serie C,0.5,0.75,8,2.12,2.0,1.33,7
Sampaio Correa,8,4,2,2,12,9,3,14,Brazil - Serie C,0.5,0.75,3,1.5,2.0,1.33,7
ABC,8,4,2,2,9,6,3,14,Brazil - Serie C,0.5,0.75,3,1.12,2.0,1.33,7
Figueirense,8,3,4,1,7,3,4,13,Brazil - Serie C,0.38,0.88,4,0.88,2.63,1.14,8
Tombense,8,2,4,2,8,6,2,10,Brazil - Serie C,0.25,0.75,2,1.0,4.0,1.33,9
CSA,8,2,4,2,10,13,-3,10,Brazil - Serie C,0.25,0.75,-3,1.25,4.0,1.33,9
Ferroviario,8,2,4,2,9,13,-4,10,Brazil - Serie C,0.25,0.75,-4,1.12,4.0,1.33,9
Floresta,8,3,1,4,9,14,-5,10,Brazil - Serie C,0.38,0.5,-5,1.12,2.63,2.0,9
EC Sao Jose,8,2,2,4,5,5,0,8,Brazil - Serie C,0.25,0.5,0,0.62,4.0,2.0,10
Aparecidense,8,1,5,2,8,9,-1,8,Brazil - Serie C,0.12,0.75,-1,1.0,8.33,1.33,10
Maringa,7,7,0,0,15,1,14,21,Brazil - Serie D,1.0,1.0,14,2.14,1.0,1.0,1
Iguatu,7,7,0,0,10,0,10,21,Brazil - Serie D,1.0,1.0,10,1.43,1.0,1.0,1
Manauara,7,6,1,0,21,4,17,19,Brazil - Serie D,0.86,1.0,17,3.0,1.16,1.0,2
Porto Velho,7,6,1,0,21,4,17,19,Brazil - Serie D,0.86,1.0,17,3.0,1.16,1.0,2
Nova Iguacu,7,6,1,0,13,1,12,19,Brazil - Serie D,0.86,1.0,12,1.86,1.16,1.0,2
Brasiliense,7,6,1,0,14,3,11,19,Brazil - Serie D,0.86,1.0,11,2.0,1.16,1.0,2
America RN,7,6,1,0,12,2,10,19,Brazil - Serie D,0.86,1.0,10,1.71,1.16,1.0,2
Retro,7,6,0,1,14,4,10,18,Brazil - Serie D,0.86,0.86,10,2.0,1.16,1.16,3
Treze,7,5,2,0,13,3,10,17,Brazil - Serie D,0.71,1.0,10,1.86,1.41,1.0,4
Itabaiana,7,5,1,1,13,4,9,16,Brazil - Serie D,0.71,0.86,9,1.86,1.41,1.16,5
Inter Limeira,7,5,1,1,12,4,8,16,Brazil - Serie D,0.71,0.86,8,1.71,1.41,1.16,5
Jacuipense,7,5,1,1,10,4,6,16,Brazil - Serie D,0.71,0.86,6,1.43,1.41,1.16,5
Agua Santa,7,5,1,1,8,4,4,16,Brazil - Serie D,0.71,0.86,4,1.14,1.41,1.16,5
Maranhao,7,5,0,2,14,4,10,15,Brazil - Serie D,0.71,0.71,10,2.0,1.41,1.41,6
Portuguesa RJ,7,4,3,0,12,2,10,15,Brazil - Serie D,0.57,1.0,10,1.71,1.75,1.0,6
Brasil de P.,7,5,0,2,12,5,7,15,Brazil - Serie D,0.71,0.71,7,1.71,1.41,1.41,6
Mixto,7,4,3,0,11,5,6,15,Brazil - Serie D,0.57,1.0,6,1.57,1.75,1.0,6
Manaus,7,5,0,2,10,8,2,15,Brazil - Serie D,0.71,0.71,2,1.43,1.41,1.41,6
P. do Solimoes,7,4,2,1,14,6,8,14,Brazil - Serie D,0.57,0.86,8,2.0,1.75,1.16,7
Real Noroeste,7,4,2,1,11,5,6,14,Brazil - Serie D,0.57,0.86,6,1.57,1.75,1.16,7
CRAC,7,4,2,1,9,3,6,14,Brazil - Serie D,0.57,0.86,6,1.29,1.75,1.16,7
Concordia,7,4,2,1,9,4,5,14,Brazil - Serie D,0.57,0.86,5,1.29,1.75,1.16,7
Tocantinopolis,7,4,2,1,10,6,4,14,Brazil - Serie D,0.57,0.86,4,1.43,1.75,1.16,7
Avenida,7,4,2,1,8,4,4,14,Brazil - Serie D,0.57,0.86,4,1.14,1.75,1.16,7
Altos,7,4,1,2,12,7,5,13,Brazil - Serie D,0.57,0.71,5,1.71,1.75,1.41,8
Cameta,7,4,1,2,12,8,4,13,Brazil - Serie D,0.57,0.71,4,1.71,1.75,1.41,8
Santa Cruz de N,7,4,1,2,14,11,3,13,Brazil - Serie D,0.57,0.71,3,2.0,1.75,1.41,8
ASA,7,4,1,2,7,4,3,13,Brazil - Serie D,0.57,0.71,3,1.0,1.75,1.41,8
Costa Rica MS,7,4,1,2,11,11,0,13,Brazil - Serie D,0.57,0.71,0,1.57,1.75,1.41,8
Flamengo,6,6,0,0,17,0,17,18,Brazil - Carioca,1.0,1.0,17,2.83,1.0,1.0,1
Vasco da Gama,6,5,1,0,11,1,10,16,Brazil - Carioca,0.83,1.0,10,1.83,1.2,1.0,2
Fluminense,6,4,1,1,12,6,6,13,Brazil - Carioca,0.67,0.83,6,2.0,1.49,1.2,3
Boavista,5,3,2,0,13,9,4,11,Brazil - Carioca,0.6,1.0,4,2.6,1.67,1.0,4
Nova Iguacu,5,3,2,0,7,3,4,11,Brazil - Carioca,0.6,1.0,4,1.4,1.67,1.0,4
Botafogo,6,3,2,1,10,7,3,11,Brazil - Carioca,0.5,0.83,3,1.67,2.0,1.2,4
Madureira,5,3,1,1,7,2,5,10,Brazil - Carioca,0.6,0.8,5,1.4,1.67,1.25,5
Portuguesa RJ,5,3,1,1,4,2,2,10,Brazil - Carioca,0.6,0.8,2,0.8,1.67,1.25,5
Sampaio Correa,5,2,1,2,7,8,-1,7,Brazil - Carioca,0.4,0.6,-1,1.4,2.5,1.67,6
Bangu,5,1,2,2,7,10,-3,5,Brazil - Carioca,0.2,0.6,-3,1.4,5.0,1.67,7
Volta Redonda,6,1,2,3,7,10,-3,5,Brazil - Carioca,0.17,0.5,-3,1.17,5.88,2.0,7
Audax,6,0,0,6,1,11,-10,0,Brazil - Carioca,0.0,0.0,-10,0.17,0.0,0.0,8
Athletic Club,4,3,0,1,8,5,3,9,Brazil - Mineiro,0.75,0.75,3,2.0,1.33,1.33,1
America MG,4,2,2,0,9,1,8,8,Brazil - Mineiro,0.5,1.0,8,2.25,2.0,1.0,2
Atletico MG,4,2,1,1,8,3,5,7,Brazil - Mineiro,0.5,0.75,5,2.0,2.0,1.33,3
Tombense,4,2,1,1,7,3,4,7,Brazil - Mineiro,0.5,0.75,4,1.75,2.0,1.33,3
Cruzeiro,4,2,1,1,6,3,3,7,Brazil - Mineiro,0.5,0.75,3,1.5,2.0,1.33,3
Patrocinense,4,2,0,2,4,4,0,6,Brazil - Mineiro,0.5,0.5,0,1.0,2.0,2.0,4
Pouso Alegre,4,2,0,2,4,4,0,6,Brazil - Mineiro,0.5,0.5,0,1.0,2.0,2.0,4
Ipatinga,4,2,0,2,4,7,-3,6,Brazil - Mineiro,0.5,0.5,-3,1.0,2.0,2.0,4
Uberlandia,4,1,1,2,4,5,-1,4,Brazil - Mineiro,0.25,0.5,-1,1.0,4.0,2.0,5
Democrata GV,4,1,1,2,6,9,-3,4,Brazil - Mineiro,0.25,0.5,-3,1.5,4.0,2.0,5
Itabirito,4,0,2,2,2,6,-4,2,Brazil - Mineiro,0.0,0.5,-4,0.5,0.0,2.0,6
Villa Nova,4,0,1,3,5,12,-7,1,Brazil - Mineiro,0.0,0.25,-7,1.25,0.0,4.0,7
Vila Nova,6,6,0,0,13,3,10,18,Brazil - Goiano,1.0,1.0,10,2.17,1.0,1.0,1
Atletico GO,6,5,1,0,17,2,15,16,Brazil - Goiano,0.83,1.0,15,2.83,1.2,1.0,2
Anapolis,6,5,1,0,14,0,14,16,Brazil - Goiano,0.83,1.0,14,2.33,1.2,1.0,2
Goias,6,5,1,0,10,1,9,16,Brazil - Goiano,0.83,1.0,9,1.67,1.2,1.0,2
Aparecidense,6,2,4,0,9,6,3,10,Brazil - Goiano,0.33,1.0,3,1.5,3.03,1.0,3
Goiania,5,3,0,2,8,6,2,9,Brazil - Goiano,0.6,0.6,2,1.6,1.67,1.67,4
Goiatuba EC,5,2,2,1,4,3,1,8,Brazil - Goiano,0.4,0.8,1,0.8,2.5,1.25,5
Goianesia,5,2,2,1,3,2,1,8,Brazil - Goiano,0.4,0.8,1,0.6,2.5,1.25,5
Jataiense,5,2,1,2,6,9,-3,7,Brazil - Goiano,0.4,0.6,-3,1.2,2.5,1.67,6
CRAC,6,1,2,3,2,5,-3,5,Brazil - Goiano,0.17,0.5,-3,0.33,5.88,2.0,7
Morrinhos,5,1,1,3,3,7,-4,4,Brazil - Goiano,0.2,0.4,-4,0.6,5.0,2.5,8
Ipora,5,1,1,3,5,10,-5,4,Brazil - Goiano,0.2,0.4,-5,1.0,5.0,2.5,8
Nautico,5,4,1,0,7,0,7,13,Brazil - Pernambucano,0.8,1.0,7,1.4,1.25,1.0,1
Sport Recife,5,4,0,1,11,6,5,12,Brazil - Pernambucano,0.8,0.8,5,2.2,1.25,1.25,2
Santa Cruz,5,3,1,1,9,3,6,10,Brazil - Pernambucano,0.6,0.8,6,1.8,1.67,1.25,3
Retro,5,3,1,1,7,1,6,10,Brazil - Pernambucano,0.6,0.8,6,1.4,1.67,1.25,3
Maguary PE,4,2,1,1,10,5,5,7,Brazil - Pernambucano,0.5,0.75,5,2.5,2.0,1.33,4
Afogados,4,2,0,2,6,6,0,6,Brazil - Pernambucano,0.5,0.5,0,1.5,2.0,2.0,5
Central,4,1,2,1,6,4,2,5,Brazil - Pernambucano,0.25,0.75,2,1.5,4.0,1.33,6
Petrolina,5,0,3,2,5,7,-2,3,Brazil - Pernambucano,0.0,0.6,-2,1.0,0.0,1.67,7
CA Porto,4,1,0,3,6,9,-3,3,Brazil - Pernambucano,0.25,0.25,-3,1.5,4.0,4.0,7
Flamengo A.,4,0,0,4,4,13,-9,0,Brazil - Pernambucano,0.0,0.0,-9,1.0,0.0,0.0,8
Palmeiras,8,7,1,0,18,5,13,22,Brazil - Paulista,0.88,1.0,13,2.25,1.14,1.0,1
Santos,8,6,1,1,13,6,7,19,Brazil - Paulista,0.75,0.88,7,1.62,1.33,1.14,2
Sao Bernardo,6,5,0,1,7,1,6,15,Brazil - Paulista,0.83,0.83,6,1.17,1.2,1.2,3
Novorizontino,6,4,1,1,8,3,5,13,Brazil - Paulista,0.67,0.83,5,1.33,1.49,1.2,4
Sao Paulo,7,3,3,1,11,6,5,12,Brazil - Paulista,0.43,0.86,5,1.57,2.33,1.16,5
Inter Limeira,6,4,0,2,11,7,4,12,Brazil - Paulista,0.67,0.67,4,1.83,1.49,1.49,5
Bragantino,7,3,2,2,7,4,3,11,Brazil - Paulista,0.43,0.71,3,1.0,2.33,1.41,6
Agua Santa,6,3,1,2,6,4,2,10,Brazil - Paulista,0.5,0.67,2,1.0,2.0,1.49,7
Mirassol,6,2,3,1,10,7,3,9,Brazil - Paulista,0.33,0.83,3,1.67,3.03,1.2,8
Corinthians,6,3,0,3,8,8,0,9,Brazil - Paulista,0.5,0.5,0,1.33,2.0,2.0,8
Ponte Preta,6,1,5,0,8,6,2,8,Brazil - Paulista,0.17,1.0,2,1.33,5.88,1.0,9
Santo Andre,6,1,4,1,3,3,0,7,Brazil - Paulista,0.17,0.83,0,0.5,5.88,1.2,10
Portuguesa,6,2,1,3,4,7,-3,7,Brazil - Paulista,0.33,0.5,-3,0.67,3.03,2.0,10
Botafogo SP,6,2,1,3,5,10,-5,7,Brazil - Paulista,0.33,0.5,-5,0.83,3.03,2.0,10
Guarani,6,1,3,2,6,7,-1,6,Brazil - Paulista,0.17,0.67,-1,1.0,5.88,1.49,11
Ituano,6,1,2,3,4,8,-4,5,Brazil - Paulista,0.17,0.5,-4,0.67,5.88,2.0,12
Treze,5,4,0,1,11,3,8,12,Brazil - Paraibano,0.8,0.8,8,2.2,1.25,1.25,1
Sousa,5,3,1,1,9,3,6,10,Brazil - Paraibano,0.6,0.8,6,1.8,1.67,1.25,2
Botafogo PB,5,3,1,1,9,4,5,10,Brazil - Paraibano,0.6,0.8,5,1.8,1.67,1.25,2
Campinense,4,2,1,1,2,1,1,7,Brazil - Paraibano,0.5,0.75,1,0.5,2.0,1.33,3
Nacional Patos,5,2,0,3,5,6,-1,6,Brazil - Paraibano,0.4,0.4,-1,1.0,2.5,2.5,4
Serra Branca,4,1,2,1,5,5,0,5,Brazil - Paraibano,0.25,0.75,0,1.25,4.0,1.33,5
A. Cajazeirense,4,1,1,2,4,3,1,4,Brazil - Paraibano,0.25,0.5,1,1.0,4.0,2.0,6
Pombal,4,1,0,3,4,6,-2,3,Brazil - Paraibano,0.25,0.25,-2,1.0,4.0,4.0,7
CSP,4,1,0,3,3,6,-3,3,Brazil - Paraibano,0.25,0.25,-3,0.75,4.0,4.0,7
SP Crystal,5,0,1,4,1,10,-9,1,Brazil - Paraibano,0.0,0.2,-9,0.2,0.0,5.0,8
Criciuma,6,5,0,1,11,3,8,15,Brazil - Catarinense,0.83,0.83,8,1.83,1.2,1.2,1
Marcilio Dias,5,4,1,0,8,3,5,13,Brazil - Catarinense,0.8,1.0,5,1.6,1.25,1.0,2
Hercilio Luz,6,3,3,0,13,7,6,12,Brazil - Catarinense,0.5,1.0,6,2.17,2.0,1.0,3
Barra FC,6,3,1,2,7,5,2,10,Brazil - Catarinense,0.5,0.67,2,1.17,2.0,1.49,4
Avai,6,3,1,2,11,10,1,10,Brazil - Catarinense,0.5,0.67,1,1.83,2.0,1.49,4
Figueirense,5,2,2,1,7,4,3,8,Brazil - Catarinense,0.4,0.8,3,1.4,2.5,1.25,5
Brusque,6,1,4,1,6,4,2,7,Brazil - Catarinense,0.17,0.83,2,1.0,5.88,1.2,6
Chapecoense,6,2,1,3,7,8,-1,7,Brazil - Catarinense,0.33,0.5,-1,1.17,3.03,2.0,6
Joinville,5,1,2,2,7,8,-1,5,Brazil - Catarinense,0.2,0.6,-1,1.4,5.0,1.67,7
Concordia,5,1,1,3,5,7,-2,4,Brazil - Catarinense,0.2,0.4,-2,1.0,5.0,2.5,8
Inter de Lages,5,1,1,3,4,6,-2,4,Brazil - Catarinense,0.2,0.4,-2,0.8,5.0,2.5,8
Nacao,5,1,0,4,3,11,-8,3,Brazil - Catarinense,0.2,0.2,-8,0.6,5.0,5.0,9
Gremio,6,5,1,0,18,5,13,16,Brazil - Gaucho,0.83,1.0,13,3.0,1.2,1.0,1
Internacional,5,5,0,0,12,3,9,15,Brazil - Gaucho,1.0,1.0,9,2.4,1.0,1.0,2
Juventude,5,3,1,1,12,4,8,10,Brazil - Gaucho,0.6,0.8,8,2.4,1.67,1.25,3
Guarany de Bage,5,3,1,1,7,4,3,10,Brazil - Gaucho,0.6,0.8,3,1.4,1.67,1.25,3
Caxias,6,3,1,2,10,8,2,10,Brazil - Gaucho,0.5,0.67,2,1.67,2.0,1.49,3
Sao Luiz,6,2,4,0,5,3,2,10,Brazil - Gaucho,0.33,1.0,2,0.83,3.03,1.0,3
Brasil de P.,6,2,3,1,4,2,2,9,Brazil - Gaucho,0.33,0.83,2,0.67,3.03,1.2,4
EC Sao Jose,5,2,2,1,6,3,3,8,Brazil - Gaucho,0.4,0.8,3,1.2,2.5,1.25,5
Novo Hamburgo,6,2,1,3,5,7,-2,7,Brazil - Gaucho,0.33,0.5,-2,0.83,3.03,2.0,6
Ypiranga,5,0,5,0,4,4,0,5,Brazil - Gaucho,0.0,1.0,0,0.8,0.0,1.0,7
Avenida,5,1,2,2,2,2,0,5,Brazil - Gaucho,0.2,0.6,0,0.4,5.0,1.67,7
Santa Cruz RS,6,0,4,2,4,7,-3,4,Brazil - Gaucho,0.0,0.67,-3,0.67,0.0,1.49,8
Ludogorets,8,7,1,0,15,0,15,22,Bulgaria - Parva Liga,0.88,1.0,15,1.88,1.14,1.0,1
Cherno More,8,6,2,0,15,3,12,20,Bulgaria - Parva Liga,0.75,1.0,12,1.88,1.33,1.0,2
Arda,8,6,1,1,14,10,4,19,Bulgaria - Parva Liga,0.75,0.88,4,1.75,1.33,1.14,3
Levski Sofia,8,6,0,2,13,7,6,18,Bulgaria - Parva Liga,0.75,0.75,6,1.62,1.33,1.33,4
Botev Plovdiv,8,6,0,2,11,6,5,18,Bulgaria - Parva Liga,0.75,0.75,5,1.38,1.33,1.33,4
Slavia Sofia,8,4,1,3,10,9,1,13,Bulgaria - Parva Liga,0.5,0.62,1,1.25,2.0,1.61,5
Beroe,8,4,0,4,11,6,5,12,Bulgaria - Parva Liga,0.5,0.5,5,1.38,2.0,2.0,6
CSKA Sofia,8,3,3,2,12,9,3,12,Bulgaria - Parva Liga,0.38,0.75,3,1.5,2.63,1.33,6
Spartak Varna,8,3,2,3,11,11,0,11,Bulgaria - Parva Liga,0.38,0.62,0,1.38,2.63,1.61,7
L. Krumovgrad,8,2,2,4,6,8,-2,8,Bulgaria - Parva Liga,0.25,0.5,-2,0.75,4.0,2.0,8
Botev Vratsa,8,2,2,4,8,13,-5,8,Bulgaria - Parva Liga,0.25,0.5,-5,1.0,4.0,2.0,8
Septemvri Sofia,8,2,1,5,8,12,-4,7,Bulgaria - Parva Liga,0.25,0.38,-4,1.0,4.0,2.63,9
CSKA 1948 Sofia,8,2,1,5,9,15,-6,7,Bulgaria - Parva Liga,0.25,0.38,-6,1.12,4.0,2.63,9
Hebar,8,1,3,4,6,9,-3,6,Bulgaria - Parva Liga,0.12,0.5,-3,0.75,8.33,2.0,10
Lokomotiv Sofia,8,1,3,4,3,9,-6,6,Bulgaria - Parva Liga,0.12,0.5,-6,0.38,8.33,2.0,10
Lok. Plovdiv,8,0,3,5,8,15,-7,3,Bulgaria - Parva Liga,0.0,0.38,-7,1.0,0.0,2.63,11
Forge,8,7,0,1,16,4,12,21,Canada - Premier League,0.88,0.88,12,2.0,1.14,1.14,1
HFX Wanderers,8,5,3,0,17,9,8,18,Canada - Premier League,0.62,1.0,8,2.12,1.61,1.0,2
Cavalry,8,3,4,1,12,10,2,13,Canada - Premier League,0.38,0.88,2,1.5,2.63,1.14,3
York Utd,8,3,2,3,10,9,1,11,Canada - Premier League,0.38,0.62,1,1.25,2.63,1.61,4
A. Ottawa,8,2,4,2,10,10,0,10,Canada - Premier League,0.25,0.75,0,1.25,4.0,1.33,5
Pacific,8,3,1,4,10,13,-3,10,Canada - Premier League,0.38,0.5,-3,1.25,2.63,2.0,5
Valour,8,2,2,4,7,9,-2,8,Canada - Premier League,0.25,0.5,-2,0.88,4.0,2.0,6
Vancouver FC,8,1,2,5,5,12,-7,5,Canada - Premier League,0.12,0.38,-7,0.62,8.33,2.63,7
Colo-Colo,8,8,0,0,16,4,12,24,Chile - Primera Division,1.0,1.0,12,2.0,1.0,1.0,1
U. de Chile,8,6,2,0,12,2,10,20,Chile - Primera Division,0.75,1.0,10,1.5,1.33,1.0,2
D. Iquique,8,6,1,1,18,8,10,19,Chile - Primera Division,0.75,0.88,10,2.25,1.33,1.14,3
Cobresal,8,6,1,1,18,11,7,19,Chile - Primera Division,0.75,0.88,7,2.25,1.33,1.14,3
Palestino,8,5,1,2,17,9,8,16,Chile - Primera Division,0.62,0.75,8,2.12,1.61,1.33,4
Huachipato,8,4,3,1,10,7,3,15,Chile - Primera Division,0.5,0.88,3,1.25,2.0,1.14,5
Audax Italiano,8,4,1,3,12,8,4,13,Chile - Primera Division,0.5,0.62,4,1.5,2.0,1.61,6
Union La Calera,8,4,1,3,13,11,2,13,Chile - Primera Division,0.5,0.62,2,1.62,2.0,1.61,6
Cobreloa,8,4,1,3,12,10,2,13,Chile - Primera Division,0.5,0.62,2,1.5,2.0,1.61,6
Union Espanola,8,4,0,4,15,12,3,12,Chile - Primera Division,0.5,0.5,3,1.88,2.0,2.0,7
Everton,8,3,3,2,8,6,2,12,Chile - Primera Division,0.38,0.75,2,1.0,2.63,1.33,7
U. Catolica,8,3,2,3,15,10,5,11,Chile - Primera Division,0.38,0.62,5,1.88,2.63,1.61,8
Nublense,8,3,2,3,9,8,1,11,Chile - Primera Division,0.38,0.62,1,1.12,2.63,1.61,8
Coquimbo Unido,8,2,4,2,9,8,1,10,Chile - Primera Division,0.25,0.75,1,1.12,4.0,1.33,9
Copiapo,8,2,2,4,13,15,-2,8,Chile - Primera Division,0.25,0.5,-2,1.62,4.0,2.0,10
OHiggins,8,1,3,4,7,16,-9,6,Chile - Primera Division,0.12,0.5,-9,0.88,8.33,2.0,11
La Serena,8,7,1,0,13,3,10,22,Chile - Primera B,0.88,1.0,10,1.62,1.14,1.0,1
Magallanes,8,4,3,1,14,6,8,15,Chile - Primera B,0.5,0.88,8,1.75,2.0,1.14,2
Deportes Temuco,8,4,2,2,11,5,6,14,Chile - Primera B,0.5,0.75,6,1.38,2.0,1.33,3
U. Concepcion,8,4,2,2,14,9,5,14,Chile - Primera B,0.5,0.75,5,1.75,2.0,1.33,3
CD Santa Cruz,8,4,2,2,11,7,4,14,Chile - Primera B,0.5,0.75,4,1.38,2.0,1.33,3
Recoleta,8,3,4,1,14,8,6,13,Chile - Primera B,0.38,0.88,6,1.75,2.63,1.14,4
Rangers,8,3,4,1,11,6,5,13,Chile - Primera B,0.38,0.88,5,1.38,2.63,1.14,4
Barnechea,8,4,1,3,13,11,2,13,Chile - Primera B,0.5,0.62,2,1.62,2.0,1.61,4
S. Wanderers,8,3,3,2,13,8,5,12,Chile - Primera B,0.38,0.75,5,1.62,2.63,1.33,5
U. San Felipe,8,2,5,1,7,5,2,11,Chile - Primera B,0.25,0.88,2,0.88,4.0,1.14,6
Antofagasta,8,2,4,2,10,10,0,10,Chile - Primera B,0.25,0.75,0,1.25,4.0,1.33,7
S. Morning,8,3,0,5,5,8,-3,9,Chile - Primera B,0.38,0.38,-3,0.62,2.63,2.63,8
D. Limache,8,2,2,4,9,12,-3,8,Chile - Primera B,0.25,0.5,-3,1.12,4.0,2.0,9
Curico Unido,8,2,1,5,7,14,-7,7,Chile - Primera B,0.25,0.38,-7,0.88,4.0,2.63,10
San Marcos,8,1,3,4,8,12,-4,6,Chile - Primera B,0.12,0.5,-4,1.0,8.33,2.0,11
San Luis,8,0,3,5,4,16,-12,3,Chile - Primera B,0.0,0.38,-12,0.5,0.0,2.63,12
Shanghai Port,8,8,0,0,37,6,31,24,China - Super League,1.0,1.0,31,4.62,1.0,1.0,1
S. Shenhua,8,7,1,0,26,8,18,22,China - Super League,0.88,1.0,18,3.25,1.14,1.0,2
Tianjin T.,8,7,1,0,16,7,9,22,China - Super League,0.88,1.0,9,2.0,1.14,1.0,2
Chengdu,8,6,1,1,25,6,19,19,China - Super League,0.75,0.88,19,3.12,1.33,1.14,3
Beijing Guoan,8,5,2,1,22,5,17,17,China - Super League,0.62,0.88,17,2.75,1.61,1.14,4
Changchun Yatai,8,5,2,1,22,10,12,17,China - Super League,0.62,0.88,12,2.75,1.61,1.14,4
Henan SL,8,5,1,2,8,5,3,16,China - Super League,0.62,0.75,3,1.0,1.61,1.33,5
Shandong T.,8,4,2,2,13,5,8,14,China - Super League,0.5,0.75,8,1.62,2.0,1.33,6
Zhejiang,8,4,2,2,23,17,6,14,China - Super League,0.5,0.75,6,2.88,2.0,1.33,6
Sichuan Jiuniu,8,4,2,2,9,11,-2,14,China - Super League,0.5,0.75,-2,1.12,2.0,1.33,6
Qingdao Hainiu,8,4,1,3,11,12,-1,13,China - Super League,0.5,0.62,-1,1.38,2.0,1.61,7
Meizhou Hakka,8,4,1,3,10,12,-2,13,China - Super League,0.5,0.62,-2,1.25,2.0,1.61,7
Qingdao West C.,8,2,4,2,15,13,2,10,China - Super League,0.25,0.75,2,1.88,4.0,1.33,8
Cangzhou,8,2,3,3,7,11,-4,9,China - Super League,0.25,0.62,-4,0.88,4.0,1.61,9
Nantong Zhiyun,8,2,2,4,8,14,-6,8,China - Super League,0.25,0.5,-6,1.0,4.0,2.0,10
Wuhan Three T.,8,2,1,5,8,13,-5,7,China - Super League,0.25,0.38,-5,1.0,4.0,2.63,11
Yunnan Yukun,8,6,2,0,18,1,17,20,China - League One,0.75,1.0,17,2.25,1.33,1.0,1
Suzhou Dongwu,8,6,2,0,14,5,9,20,China - League One,0.75,1.0,9,1.75,1.33,1.0,1
Dalian Yingbo,8,6,1,1,17,6,11,19,China - League One,0.75,0.88,11,2.12,1.33,1.14,2
Liaoning Tieren,8,6,1,1,17,8,9,19,China - League One,0.75,0.88,9,2.12,1.33,1.14,2
Guangzhou FC,8,4,4,0,13,4,9,16,China - League One,0.5,1.0,9,1.62,2.0,1.0,3
Nanjing City,8,4,3,1,12,7,5,15,China - League One,0.5,0.88,5,1.5,2.0,1.14,4
S. Gongfu,8,5,0,3,11,9,2,15,China - League One,0.62,0.62,2,1.38,1.61,1.61,4
Chongqing T.,8,3,5,0,12,7,5,14,China - League One,0.38,1.0,5,1.5,2.63,1.0,5
Guangxi Baoyun,8,3,4,1,11,10,1,13,China - League One,0.38,0.88,1,1.38,2.63,1.14,6
Foshan Nanshi,8,2,5,1,11,7,4,11,China - League One,0.25,0.88,4,1.38,4.0,1.14,7
Jiangxi Lushan,8,3,2,3,6,5,1,11,China - League One,0.38,0.62,1,0.75,2.63,1.61,7
Shanghai Jiadin,8,2,4,2,6,5,1,10,China - League One,0.25,0.75,1,0.75,4.0,1.33,8
Heilongjiang IC,8,2,2,4,5,7,-2,8,China - League One,0.25,0.5,-2,0.62,4.0,2.0,9
Qingdao RL,8,1,3,4,6,9,-3,6,China - League One,0.12,0.5,-3,0.75,8.33,2.0,10
Wuxi Wugou,8,1,2,5,9,16,-7,5,China - League One,0.12,0.38,-7,1.12,8.33,2.63,11
Yanbian Longdin,8,0,4,4,6,15,-9,4,China - League One,0.0,0.5,-9,0.75,0.0,2.0,12
Langfang Glory,8,7,1,0,16,3,13,22,China - League Two,0.88,1.0,13,2.0,1.14,1.0,1
Dalian Kuncheng,8,7,1,0,13,1,12,22,China - League Two,0.88,1.0,12,1.62,1.14,1.0,1
Rizhao Yuqi,8,7,1,0,15,4,11,22,China - League Two,0.88,1.0,11,1.88,1.14,1.0,1
Shenzhen J.,8,7,1,0,14,7,7,22,China - League Two,0.88,1.0,7,1.75,1.14,1.0,1
Shandong T. B,8,6,1,1,14,6,8,19,China - League Two,0.75,0.88,8,1.75,1.33,1.14,2
Guangdong GZP,8,5,3,0,18,5,13,18,China - League Two,0.62,1.0,13,2.25,1.61,1.0,3
Jiangxi DH,8,6,0,2,12,4,8,18,China - League Two,0.75,0.75,8,1.5,1.33,1.33,3
Shaanxi Union,8,4,2,2,13,8,5,14,China - League Two,0.5,0.75,5,1.62,2.0,1.33,4
Quanzhou Yassin,8,3,3,2,7,7,0,12,China - League Two,0.38,0.75,0,0.88,2.63,1.33,5
Guangxi H.,8,3,2,3,11,10,1,11,China - League Two,0.38,0.62,1,1.38,2.63,1.61,6
Xian Ronghai,8,3,2,3,10,9,1,11,China - League Two,0.38,0.62,1,1.25,2.63,1.61,6
Taian Tiankuang,8,3,2,3,13,13,0,11,China - League Two,0.38,0.62,0,1.62,2.63,1.61,6
Haikou M.,8,3,2,3,12,12,0,11,China - League Two,0.38,0.62,0,1.5,2.63,1.61,6
Hunan Billows,8,2,5,1,9,9,0,11,China - League Two,0.25,0.88,0,1.12,4.0,1.14,6
Hubei Istar,8,2,3,3,12,10,2,9,China - League Two,0.25,0.62,2,1.5,4.0,1.61,7
Shanghai Port B,8,3,0,5,9,10,-1,9,China - League Two,0.38,0.38,-1,1.12,2.63,2.63,7
Beijing IT,8,3,0,5,5,8,-3,9,China - League Two,0.38,0.38,-3,0.62,2.63,2.63,7
Ganzhou Ruishi,8,1,5,2,14,14,0,8,China - League Two,0.12,0.75,0,1.75,8.33,1.33,8
Guangxi Lanhang,8,1,5,2,10,12,-2,8,China - League Two,0.12,0.75,-2,1.25,8.33,1.33,8
Nantong Haimen,8,2,1,5,9,15,-6,7,China - League Two,0.25,0.38,-6,1.12,4.0,2.63,9
A. Bucaramanga,8,7,0,1,17,5,12,21,Colombia - Primera A - Apertura,0.88,0.88,12,2.12,1.14,1.14,1
Deportes Tolima,8,6,2,0,14,6,8,20,Colombia - Primera A - Apertura,0.75,1.0,8,1.75,1.33,1.0,2
America de Cali,8,5,2,1,14,5,9,17,Colombia - Primera A - Apertura,0.62,0.88,9,1.75,1.61,1.14,3
Santa Fe,8,5,2,1,11,2,9,17,Colombia - Primera A - Apertura,0.62,0.88,9,1.38,1.61,1.14,3
Junior,8,5,2,1,11,3,8,17,Colombia - Primera A - Apertura,0.62,0.88,8,1.38,1.61,1.14,3
Jaguares de C.,8,4,3,1,11,6,5,15,Colombia - Primera A - Apertura,0.5,0.88,5,1.38,2.0,1.14,4
La Equidad,8,4,2,2,11,5,6,14,Colombia - Primera A - Apertura,0.5,0.75,6,1.38,2.0,1.33,5
D. Pereira,8,4,2,2,12,8,4,14,Colombia - Primera A - Apertura,0.5,0.75,4,1.5,2.0,1.33,5
Once Caldas,8,4,2,2,7,5,2,14,Colombia - Primera A - Apertura,0.5,0.75,2,0.88,2.0,1.33,5
Millonarios,8,4,1,3,12,9,3,13,Colombia - Primera A - Apertura,0.5,0.62,3,1.5,2.0,1.61,6
Boyaca Chico,8,4,1,3,11,8,3,13,Colombia - Primera A - Apertura,0.5,0.62,3,1.38,2.0,1.61,6
I. Medelin,8,3,3,2,10,11,-1,12,Colombia - Primera A - Apertura,0.38,0.75,-1,1.25,2.63,1.33,7
A. Nacional,8,3,2,3,8,6,2,11,Colombia - Primera A - Apertura,0.38,0.62,2,1.0,2.63,1.61,8
R. Aguilas,8,2,3,3,9,9,0,9,Colombia - Primera A - Apertura,0.25,0.62,0,1.12,4.0,1.61,9
Fortaleza CEIF,8,2,3,3,8,8,0,9,Colombia - Primera A - Apertura,0.25,0.62,0,1.0,4.0,1.61,9
Patriotas,8,2,3,3,4,8,-4,9,Colombia - Primera A - Apertura,0.25,0.62,-4,0.5,4.0,1.61,9
Deportivo Cali,8,2,2,4,9,11,-2,8,Colombia - Primera A - Apertura,0.25,0.5,-2,1.12,4.0,2.0,10
Deportivo Pasto,8,2,2,4,8,10,-2,8,Colombia - Primera A - Apertura,0.25,0.5,-2,1.0,4.0,2.0,10
Envigado,8,1,4,3,6,9,-3,7,Colombia - Primera A - Apertura,0.12,0.62,-3,0.75,8.33,1.61,11
A. Petrolera,8,2,1,5,6,11,-5,7,Colombia - Primera A - Apertura,0.25,0.38,-5,0.75,4.0,2.63,11
Deportivo Pasto,8,6,0,2,14,8,6,18,Colombia - Primera A - Clausura,0.75,0.75,6,1.75,1.33,1.33,1
I. Medelin,8,5,2,1,11,2,9,17,Colombia - Primera A - Clausura,0.62,0.88,9,1.38,1.61,1.14,2
Junior,8,5,2,1,17,9,8,17,Colombia - Primera A - Clausura,0.62,0.88,8,2.12,1.61,1.14,2
Millonarios,8,5,2,1,11,3,8,17,Colombia - Primera A - Clausura,0.62,0.88,8,1.38,1.61,1.14,2
America de Cali,8,5,2,1,9,3,6,17,Colombia - Primera A - Clausura,0.62,0.88,6,1.12,1.61,1.14,2
D. Pereira,8,5,1,2,10,6,4,16,Colombia - Primera A - Clausura,0.62,0.75,4,1.25,1.61,1.33,3
Santa Fe,8,4,3,1,12,5,7,15,Colombia - Primera A - Clausura,0.5,0.88,7,1.5,2.0,1.14,4
Deportes Tolima,8,4,3,1,10,4,6,15,Colombia - Primera A - Clausura,0.5,0.88,6,1.25,2.0,1.14,4
Patriotas,8,4,2,2,14,8,6,14,Colombia - Primera A - Clausura,0.5,0.75,6,1.75,2.0,1.33,5
Once Caldas,8,4,2,2,11,8,3,14,Colombia - Primera A - Clausura,0.5,0.75,3,1.38,2.0,1.33,5
A. Nacional,8,3,4,1,15,11,4,13,Colombia - Primera A - Clausura,0.38,0.88,4,1.88,2.63,1.14,6
A. Petrolera,8,3,3,2,11,8,3,12,Colombia - Primera A - Clausura,0.38,0.75,3,1.38,2.63,1.33,7
Boyaca Chico,8,3,3,2,7,10,-3,12,Colombia - Primera A - Clausura,0.38,0.75,-3,0.88,2.63,1.33,7
Fortaleza CEIF,8,3,2,3,9,9,0,11,Colombia - Primera A - Clausura,0.38,0.62,0,1.12,2.63,1.61,8
La Equidad,8,2,4,2,10,11,-1,10,Colombia - Primera A - Clausura,0.25,0.75,-1,1.25,4.0,1.33,9
Deportivo Cali,8,3,1,4,7,9,-2,10,Colombia - Primera A - Clausura,0.38,0.5,-2,0.88,2.63,2.0,9
R. Aguilas,8,2,3,3,7,9,-2,9,Colombia - Primera A - Clausura,0.25,0.62,-2,0.88,4.0,1.61,10
Jaguares de C.,8,2,3,3,5,8,-3,9,Colombia - Primera A - Clausura,0.25,0.62,-3,0.62,4.0,1.61,10
Envigado,8,2,2,4,4,4,0,8,Colombia - Primera A - Clausura,0.25,0.5,0,0.5,4.0,2.0,11
A. Bucaramanga,8,2,2,4,6,9,-3,8,Colombia - Primera A - Clausura,0.25,0.5,-3,0.75,4.0,2.0,11
Guanacasteca,8,8,0,0,13,3,10,24,Costa Rica - Primera Div. - Apertura,1.0,1.0,10,1.62,1.0,1.0,1
Alajuelense,8,6,2,0,19,5,14,20,Costa Rica - Primera Div. - Apertura,0.75,1.0,14,2.38,1.33,1.0,2
Cartagines,8,6,2,0,16,8,8,20,Costa Rica - Primera Div. - Apertura,0.75,1.0,8,2.0,1.33,1.0,2
Saprissa,8,5,2,1,17,11,6,17,Costa Rica - Primera Div. - Apertura,0.62,0.88,6,2.12,1.61,1.14,3
Herediano,8,4,1,3,15,14,1,13,Costa Rica - Primera Div. - Apertura,0.5,0.62,1,1.88,2.0,1.61,4
San Carlos,8,2,6,0,9,6,3,12,Costa Rica - Primera Div. - Apertura,0.25,1.0,3,1.12,4.0,1.0,5
Santos Guapiles,8,4,0,4,13,11,2,12,Costa Rica - Primera Div. - Apertura,0.5,0.5,2,1.62,2.0,2.0,5
Zeledon,8,3,3,2,10,8,2,12,Costa Rica - Primera Div. - Apertura,0.38,0.75,2,1.25,2.63,1.33,5
Santa Ana,8,3,3,2,11,11,0,12,Costa Rica - Primera Div. - Apertura,0.38,0.75,0,1.38,2.63,1.33,5
Sporting SJ,8,3,1,4,12,11,1,10,Costa Rica - Primera Div. - Apertura,0.38,0.5,1,1.5,2.63,2.0,6
Puntarenas,8,2,3,3,7,9,-2,9,Costa Rica - Primera Div. - Apertura,0.25,0.62,-2,0.88,4.0,1.61,7
M. Liberia,8,2,2,4,12,11,1,8,Costa Rica - Primera Div. - Apertura,0.25,0.5,1,1.5,4.0,2.0,8
Slavia Prague,8,8,0,0,20,3,17,24,CzechRepublic - 1. Liga,1.0,1.0,17,2.5,1.0,1.0,1
Viktoria Plzen,8,6,2,0,19,7,12,20,CzechRepublic - 1. Liga,0.75,1.0,12,2.38,1.33,1.0,2
Banik Ostrava,8,6,0,2,17,7,10,18,CzechRepublic - 1. Liga,0.75,0.75,10,2.12,1.33,1.33,3
Jablonec,8,5,1,2,17,6,11,16,CzechRepublic - 1. Liga,0.62,0.75,11,2.12,1.61,1.33,4
Karvina,8,4,3,1,9,4,5,15,CzechRepublic - 1. Liga,0.5,0.88,5,1.12,2.0,1.14,5
Sparta Prague,8,4,2,2,15,12,3,14,CzechRepublic - 1. Liga,0.5,0.75,3,1.88,2.0,1.33,6
Slovacko,8,3,4,1,6,5,1,13,CzechRepublic - 1. Liga,0.38,0.88,1,0.75,2.63,1.14,7
Slovan Liberec,8,3,3,2,13,9,4,12,CzechRepublic - 1. Liga,0.38,0.75,4,1.62,2.63,1.33,8
Hradec Kralove,8,3,2,3,8,7,1,11,CzechRepublic - 1. Liga,0.38,0.62,1,1.0,2.63,1.61,9
Sigma Olomouc,8,3,2,3,12,15,-3,11,CzechRepublic - 1. Liga,0.38,0.62,-3,1.5,2.63,1.61,9
Teplice,8,3,1,4,13,13,0,10,CzechRepublic - 1. Liga,0.38,0.5,0,1.62,2.63,2.0,10
Mlada Boleslav,8,2,4,2,10,10,0,10,CzechRepublic - 1. Liga,0.25,0.75,0,1.25,4.0,1.33,10
Pardubice,8,2,3,3,9,9,0,9,CzechRepublic - 1. Liga,0.25,0.62,0,1.12,4.0,1.61,11
Dukla Praha,8,2,1,5,9,13,-4,7,CzechRepublic - 1. Liga,0.25,0.38,-4,1.12,4.0,2.63,12
Bohemians,8,1,4,3,12,18,-6,7,CzechRepublic - 1. Liga,0.12,0.62,-6,1.5,8.33,1.61,12
C. Budejovice,8,0,2,6,0,17,-17,2,CzechRepublic - 1. Liga,0.0,0.25,-17,0.0,0.0,4.0,13
FC Midtjylland,8,7,0,1,16,9,7,21,denmark,0.88,0.88,7,2.0,1.14,1.14,1
AGF Aarhus,8,5,3,0,20,8,12,18,denmark,0.62,1.0,12,2.5,1.61,1.0,2
FC Kobenhavn,8,5,3,0,17,8,9,18,denmark,0.62,1.0,9,2.12,1.61,1.0,2
Nordsjaelland,8,4,4,0,15,9,6,16,denmark,0.5,1.0,6,1.88,2.0,1.0,3
Brondby IF,8,4,3,1,10,5,5,15,denmark,0.5,0.88,5,1.25,2.0,1.14,4
Randers FC,8,4,2,2,14,8,6,14,denmark,0.5,0.75,6,1.75,2.0,1.33,5
Viborg,8,4,2,2,16,13,3,14,denmark,0.5,0.75,3,2.0,2.0,1.33,5
Silkeborg,8,3,4,1,16,13,3,13,denmark,0.38,0.88,3,2.0,2.63,1.14,6
Aalborg BK,8,3,2,3,10,15,-5,11,denmark,0.38,0.62,-5,1.25,2.63,1.61,7
SonderjyskE,8,2,3,3,12,18,-6,9,denmark,0.25,0.62,-6,1.5,4.0,1.61,8
Lyngby,8,1,4,3,6,10,-4,7,denmark,0.12,0.62,-4,0.75,8.33,1.61,9
Vejle BK,8,1,2,5,7,17,-10,5,denmark,0.12,0.38,-10,0.88,8.33,2.63,10
Odense BK,8,6,1,1,17,11,6,19,denmark2,0.75,0.88,6,2.12,1.33,1.14,1
Hvidovre,8,5,3,0,16,6,10,18,denmark2,0.62,1.0,10,2.0,1.61,1.0,2
Esbjerg,8,5,1,2,17,12,5,16,denmark2,0.62,0.75,5,2.12,1.61,1.33,3
AC Horsens,8,4,3,1,13,7,6,15,denmark2,0.5,0.88,6,1.62,2.0,1.14,4
Fredericia,8,4,1,3,14,10,4,13,denmark2,0.5,0.62,4,1.75,2.0,1.61,5
Hillerod,8,4,1,3,12,12,0,13,denmark2,0.5,0.62,0,1.5,2.0,1.61,5
Hobro,8,3,2,3,11,13,-2,11,denmark2,0.38,0.62,-2,1.38,2.63,1.61,6
Kolding IF,8,2,3,3,8,8,0,9,denmark2,0.25,0.62,0,1.0,4.0,1.61,7
Vendsyssel,8,2,2,4,7,12,-5,8,denmark2,0.25,0.5,-5,0.88,4.0,2.0,8
HB Koge,8,2,0,6,9,19,-10,6,denmark2,0.25,0.25,-10,1.12,4.0,4.0,9
B 93,8,1,1,6,4,17,-13,4,denmark2,0.12,0.25,-13,0.5,8.33,4.0,10
Roskilde,8,1,0,7,5,16,-11,3,denmark2,0.12,0.12,-11,0.62,8.33,8.33,11
Aarhus Fremad,8,6,1,1,16,6,10,19,denmark3,0.75,0.88,10,2.0,1.33,1.14,1
Fremad Amager,8,5,1,2,10,7,3,16,denmark3,0.62,0.75,3,1.25,1.61,1.33,2
Skive,8,4,2,2,12,6,6,14,denmark3,0.5,0.75,6,1.5,2.0,1.33,3
Middelfart,8,4,1,3,12,10,2,13,denmark3,0.5,0.62,2,1.5,2.0,1.61,4
Naestved,7,4,1,2,8,9,-1,13,denmark3,0.57,0.71,-1,1.14,1.75,1.41,4
AB Copenhagen,8,3,3,2,11,9,2,12,denmark3,0.38,0.75,2,1.38,2.63,1.33,5
Hellerup IK,8,3,2,3,10,10,0,11,denmark3,0.38,0.62,0,1.25,2.63,1.61,6
Thisted,8,3,1,4,8,10,-2,10,denmark3,0.38,0.5,-2,1.0,2.63,2.0,7
Helsingor,8,2,3,3,10,8,2,9,denmark3,0.25,0.62,2,1.25,4.0,1.61,8
BK Frem,8,1,3,4,7,10,-3,6,denmark3,0.12,0.5,-3,0.88,8.33,2.0,9
Nykobing,7,1,2,4,4,11,-7,5,denmark3,0.14,0.43,-7,0.57,7.14,2.33,10
Ishoj,7,0,3,4,6,11,-5,3,denmark3,0.0,0.43,-5,0.86,0.0,2.33,11
I. del Valle,8,6,2,0,15,4,11,20,ecuador,0.75,1.0,11,1.88,1.33,1.0,1
Barcelona SC,7,5,2,0,13,1,12,17,ecuador,0.71,1.0,12,1.86,1.41,1.0,2
U. Catolica,8,5,2,1,21,10,11,17,ecuador,0.62,0.88,11,2.62,1.61,1.14,2
Aucas,8,5,2,1,20,10,10,17,ecuador,0.62,0.88,10,2.5,1.61,1.14,2
LDU Quito,7,5,1,1,15,7,8,16,ecuador,0.71,0.86,8,2.14,1.41,1.16,3
Mushuc Runa,8,5,0,3,14,7,7,15,ecuador,0.62,0.62,7,1.75,1.61,1.61,4
D. Cuenca,8,3,4,1,19,11,8,13,ecuador,0.38,0.88,8,2.38,2.63,1.14,5
Emelec,8,3,4,1,7,3,4,13,ecuador,0.38,0.88,4,0.88,2.63,1.14,5
Tecnico U.,8,3,4,1,9,7,2,13,ecuador,0.38,0.88,2,1.12,2.63,1.14,5
Cumbaya,7,4,1,2,6,5,1,13,ecuador,0.57,0.71,1,0.86,1.75,1.41,5
El Nacional,7,4,0,3,8,6,2,12,ecuador,0.57,0.57,2,1.14,1.75,1.75,6
Macara,7,2,3,2,5,4,1,9,ecuador,0.29,0.71,1,0.71,3.45,1.41,7
Orense,7,2,3,2,7,7,0,9,ecuador,0.29,0.71,0,1.0,3.45,1.41,7
Imbabura,7,2,2,3,10,8,2,8,ecuador,0.29,0.57,2,1.43,3.45,1.75,8
Delfin,8,2,2,4,7,9,-2,8,ecuador,0.25,0.5,-2,0.88,4.0,2.0,8
Libertad,7,1,2,4,4,10,-6,5,ecuador,0.14,0.43,-6,0.57,7.14,2.33,9
Guayaquil City,8,6,2,0,17,3,14,20,ecuador3,0.75,1.0,14,2.12,1.33,1.0,1
Cuniburo,8,6,1,1,15,5,10,19,ecuador3,0.75,0.88,10,1.88,1.33,1.14,2
Manta,8,6,1,1,14,6,8,19,ecuador3,0.75,0.88,8,1.75,1.33,1.14,2
Nueve Octubre,8,5,2,1,13,8,5,17,ecuador3,0.62,0.88,5,1.62,1.61,1.14,3
I. Juniors,8,4,1,3,14,9,5,13,ecuador3,0.5,0.62,5,1.75,2.0,1.61,4
San Antonio,8,3,3,2,8,6,2,12,ecuador3,0.38,0.75,2,1.0,2.63,1.33,5
Gualaceo,8,3,3,2,5,5,0,12,ecuador3,0.38,0.75,0,0.62,2.63,1.33,5
Leones Norte,8,2,4,2,7,6,1,10,ecuador3,0.25,0.75,1,0.88,4.0,1.33,6
Vargas Torres,8,1,5,2,7,10,-3,8,ecuador3,0.12,0.75,-3,0.88,8.33,1.33,7
Chacaritas,8,0,5,3,4,11,-7,5,ecuador3,0.0,0.62,-7,0.5,0.0,1.61,8
Ceramica C.,2,2,0,0,5,1,4,6,egypt,1.0,1.0,4,2.5,1.0,1.0,1
Ismaily,3,1,2,0,2,1,1,5,egypt,0.33,1.0,1,0.67,3.03,1.0,2
Al Ahly,2,1,1,0,6,3,3,4,egypt,0.5,1.0,3,3.0,2.0,1.0,3
Pyramids FC,2,1,1,0,4,2,2,4,egypt,0.5,1.0,2,2.0,2.0,1.0,3
ZED FC,3,1,1,1,2,1,1,4,egypt,0.33,0.67,1,0.67,3.03,1.49,3
Al Masry,2,1,1,0,1,0,1,4,egypt,0.5,1.0,1,0.5,2.0,1.0,3
Zamalek,3,1,1,1,4,4,0,4,egypt,0.33,0.67,0,1.33,3.03,1.49,3
El Gouna,3,1,1,1,1,1,0,4,egypt,0.33,0.67,0,0.33,3.03,1.49,3
ENPPI,2,1,0,1,2,2,0,3,egypt,0.5,0.5,0,1.0,2.0,2.0,4
Al Ittihad,2,1,0,1,1,1,0,3,egypt,0.5,0.5,0,0.5,2.0,2.0,4
Pharco,3,1,0,2,5,6,-1,3,egypt,0.33,0.33,-1,1.67,3.03,3.03,4
National Bank,2,0,2,0,0,0,0,2,egypt,0.0,1.0,0,0.0,0.0,1.0,5
Modern Sport,3,0,2,1,0,1,-1,2,egypt,0.0,0.67,-1,0.0,0.0,1.49,5
Haras El Hodood,3,0,2,1,1,3,-2,2,egypt,0.0,0.67,-2,0.33,0.0,1.49,5
El Geish,4,0,2,2,2,5,-3,2,egypt,0.0,0.5,-3,0.5,0.0,2.0,5
Petrojet,2,0,1,1,2,3,-1,1,egypt,0.0,0.5,-1,1.0,0.0,2.0,6
Smouha,2,0,1,1,0,2,-2,1,egypt,0.0,0.5,-2,0.0,0.0,2.0,6
Ghazl El M.,3,0,1,2,2,7,-5,1,egypt,0.0,0.33,-5,0.67,0.0,3.03,6
Liverpool,8,6,1,1,15,5,10,19,england,0.75,0.88,10,1.88,1.33,1.14,1
Brentford,8,6,1,1,24,15,9,19,england,0.75,0.88,9,3.0,1.33,1.14,1
Arsenal,8,5,3,0,17,6,11,18,england,0.62,1.0,11,2.12,1.61,1.0,2
Aston Villa,8,5,3,0,15,8,7,18,england,0.62,1.0,7,1.88,1.61,1.0,2
Manchester City,8,5,1,2,16,12,4,16,england,0.62,0.75,4,2.0,1.61,1.33,3
Chelsea,8,4,3,1,14,9,5,15,england,0.5,0.88,5,1.75,2.0,1.14,4
Newcastle Utd,8,4,2,2,12,8,4,14,england,0.5,0.75,4,1.5,2.0,1.33,5
Bournemouth,8,4,2,2,11,7,4,14,england,0.5,0.75,4,1.38,2.0,1.33,5
Nottm Forest,8,4,2,2,10,7,3,14,england,0.5,0.75,3,1.25,2.0,1.33,5
Brighton,8,3,4,1,13,12,1,13,england,0.38,0.88,1,1.62,2.63,1.14,6
Fulham,8,3,3,2,12,12,0,12,england,0.38,0.75,0,1.5,2.63,1.33,7
West Ham Utd,8,3,2,3,12,15,-3,11,england,0.38,0.62,-3,1.5,2.63,1.61,8
Tottenham,8,3,1,4,19,17,2,10,england,0.38,0.5,2,2.38,2.63,2.0,9
Everton,8,2,4,2,9,8,1,10,england,0.25,0.75,1,1.12,4.0,1.33,9
Manchester Utd,8,3,1,4,12,14,-2,10,england,0.38,0.5,-2,1.5,2.63,2.0,9
Leicester City,8,2,2,4,10,14,-4,8,england,0.25,0.5,-4,1.25,4.0,2.0,10
Crystal Palace,8,1,4,3,7,13,-6,7,england,0.12,0.62,-6,0.88,8.33,1.61,11
Wolverhampton,8,1,1,6,12,20,-8,4,england,0.12,0.25,-8,1.5,8.33,4.0,12
Ipswich Town,8,0,4,4,6,14,-8,4,england,0.0,0.5,-8,0.75,0.0,2.0,12
Southampton,8,1,1,6,7,21,-14,4,england,0.12,0.25,-14,0.88,8.33,4.0,12
Leeds Utd,8,8,0,0,21,2,19,24,england2,1.0,1.0,19,2.62,1.0,1.0,1
Sheffield Utd,8,8,0,0,13,0,13,24,england2,1.0,1.0,13,1.62,1.0,1.0,1
Watford,8,6,2,0,10,4,6,20,england2,0.75,1.0,6,1.25,1.33,1.0,2
Luton Town,8,5,2,1,12,6,6,17,england2,0.62,0.88,6,1.5,1.61,1.14,3
Sunderland,8,4,4,0,13,7,6,16,england2,0.5,1.0,6,1.62,2.0,1.0,4
Blackburn,8,5,1,2,9,4,5,16,england2,0.62,0.75,5,1.12,1.61,1.33,4
Burnley,8,4,4,0,7,2,5,16,england2,0.5,1.0,5,0.88,2.0,1.0,4
Plymouth,8,4,3,1,18,14,4,15,england2,0.5,0.88,4,2.25,2.0,1.14,5
Middlesbrough,8,5,0,3,12,8,4,15,england2,0.62,0.62,4,1.5,1.61,1.61,5
Norwich City,8,4,2,2,23,12,11,14,england2,0.5,0.75,11,2.88,2.0,1.33,6
Millwall,8,4,2,2,6,4,2,14,england2,0.5,0.75,2,0.75,2.0,1.33,6
Portsmouth,8,3,3,2,12,8,4,12,england2,0.38,0.75,4,1.5,2.63,1.33,7
QP Rangers,8,3,3,2,11,9,2,12,england2,0.38,0.75,2,1.38,2.63,1.33,7
Cardiff City,8,4,0,4,11,10,1,12,england2,0.5,0.5,1,1.38,2.0,2.0,7
Stoke City,8,2,5,1,14,10,4,11,england2,0.25,0.88,4,1.75,4.0,1.14,8
Derby County,8,3,2,3,13,9,4,11,england2,0.38,0.62,4,1.62,2.63,1.61,8
West Brom,8,2,5,1,8,5,3,11,england2,0.25,0.88,3,1.0,4.0,1.14,8
Coventry City,8,3,2,3,15,13,2,11,england2,0.38,0.62,2,1.88,2.63,1.61,8
Preston,8,2,5,1,10,8,2,11,england2,0.25,0.88,2,1.25,4.0,1.14,8
Bristol City,8,2,4,2,9,6,3,10,england2,0.25,0.75,3,1.12,4.0,1.33,9
Swansea City,8,2,3,3,10,11,-1,9,england2,0.25,0.62,-1,1.25,4.0,1.61,10
Sheffield Wed,8,2,3,3,8,11,-3,9,england2,0.25,0.62,-3,1.0,4.0,1.61,10
Oxford Utd,8,1,4,3,8,14,-6,7,england2,0.12,0.62,-6,1.0,8.33,1.61,11
Hull City,8,1,3,4,6,10,-4,6,england2,0.12,0.5,-4,0.75,8.33,2.0,12
Birmingham City,8,7,1,0,16,5,11,22,england3,0.88,1.0,11,2.0,1.14,1.0,1
Wrexham,8,6,2,0,14,4,10,20,england3,0.75,1.0,10,1.75,1.33,1.0,2
Wycombe,8,6,2,0,13,3,10,20,england3,0.75,1.0,10,1.62,1.33,1.0,2
Reading,8,6,0,2,15,7,8,18,england3,0.75,0.75,8,1.88,1.33,1.33,3
Stockport,8,5,2,1,15,8,7,17,england3,0.62,0.88,7,1.88,1.61,1.14,4
Peterborough,8,5,1,2,24,14,10,16,england3,0.62,0.75,10,3.0,1.61,1.33,5
Rotherham,8,5,1,2,13,8,5,16,england3,0.62,0.75,5,1.62,1.61,1.33,5
Huddersfield,8,5,1,2,13,9,4,16,england3,0.62,0.75,4,1.62,1.61,1.33,5
Bolton,8,5,1,2,15,13,2,16,england3,0.62,0.75,2,1.88,1.61,1.33,5
Lincoln City,8,4,2,2,11,9,2,14,england3,0.5,0.75,2,1.38,2.0,1.33,6
Stevenage,8,4,2,2,8,8,0,14,england3,0.5,0.75,0,1.0,2.0,1.33,6
Mansfield,8,4,1,3,9,7,2,13,england3,0.5,0.62,2,1.12,2.0,1.61,7
Leyton Orient,8,3,3,2,9,5,4,12,england3,0.38,0.75,4,1.12,2.63,1.33,8
Blackpool,8,2,5,1,11,8,3,11,england3,0.25,0.88,3,1.38,4.0,1.14,9
Exeter City,8,3,2,3,8,8,0,11,england3,0.38,0.62,0,1.0,2.63,1.61,9
Cambridge Utd,8,3,2,3,9,10,-1,11,england3,0.38,0.62,-1,1.12,2.63,1.61,9
Charlton,8,2,4,2,9,8,1,10,england3,0.25,0.75,1,1.12,4.0,1.33,10
Northampton,8,3,1,4,9,14,-5,10,england3,0.38,0.5,-5,1.12,2.63,2.0,10
Wigan Athletic,8,2,3,3,8,8,0,9,england3,0.25,0.62,0,1.0,4.0,1.61,11
Bristol Rovers,8,2,3,3,7,12,-5,9,england3,0.25,0.62,-5,0.88,4.0,1.61,11
Crawley Town,8,2,2,4,10,13,-3,8,england3,0.25,0.5,-3,1.25,4.0,2.0,12
Barnsley,8,1,4,3,10,14,-4,7,england3,0.12,0.62,-4,1.25,8.33,1.61,13
Burton Albion,8,1,1,6,6,13,-7,4,england3,0.12,0.25,-7,0.75,8.33,4.0,14
Shrewsbury,8,1,1,6,6,16,-10,4,england3,0.12,0.25,-10,0.75,8.33,4.0,14
Crewe Alexandra,8,5,3,0,13,3,10,18,england4,0.62,1.0,10,1.62,1.61,1.0,1
Bradford,8,5,2,1,13,7,6,17,england4,0.62,0.88,6,1.62,1.61,1.14,2
Walsall,8,5,2,1,18,13,5,17,england4,0.62,0.88,5,2.25,1.61,1.14,2
Notts County,8,5,1,2,11,3,8,16,england4,0.62,0.75,8,1.38,1.61,1.33,3
Port Vale,8,4,3,1,11,7,4,15,england4,0.5,0.88,4,1.38,2.0,1.14,4
Salford City,8,5,0,3,11,7,4,15,england4,0.62,0.62,4,1.38,1.61,1.61,4
AFC Wimbledon,8,4,2,2,15,6,9,14,england4,0.5,0.75,9,1.88,2.0,1.33,5
Milton Keynes,8,4,2,2,13,8,5,14,england4,0.5,0.75,5,1.62,2.0,1.33,5
Newport,8,4,2,2,15,13,2,14,england4,0.5,0.75,2,1.88,2.0,1.33,5
Chesterfield,8,3,4,1,11,9,2,13,england4,0.38,0.88,2,1.38,2.63,1.14,6
Barrow,8,3,3,2,10,8,2,12,england4,0.38,0.75,2,1.25,2.63,1.33,7
Cheltenham,8,3,3,2,10,9,1,12,england4,0.38,0.75,1,1.25,2.63,1.33,7
Swindon Town,8,3,2,3,14,10,4,11,england4,0.38,0.62,4,1.75,2.63,1.61,8
Colchester Utd,8,2,4,2,11,6,5,10,england4,0.25,0.75,5,1.38,4.0,1.33,9
Doncaster,8,2,4,2,9,10,-1,10,england4,0.25,0.75,-1,1.12,4.0,1.33,9
Gillingham,8,3,1,4,8,9,-1,10,england4,0.38,0.5,-1,1.0,2.63,2.0,9
Accrington,8,2,3,3,8,10,-2,9,england4,0.25,0.62,-2,1.0,4.0,1.61,10
Tranmere,8,2,3,3,7,10,-3,9,england4,0.25,0.62,-3,0.88,4.0,1.61,10
Harrogate,8,3,0,5,7,15,-8,9,england4,0.38,0.38,-8,0.88,2.63,2.63,10
Bromley,8,1,5,2,10,12,-2,8,england4,0.12,0.75,-2,1.25,8.33,1.33,11
Fleetwood,8,1,5,2,8,10,-2,8,england4,0.12,0.75,-2,1.0,8.33,1.33,11
Grimsby,8,2,0,6,9,17,-8,6,england4,0.25,0.25,-8,1.12,4.0,4.0,12
Carlisle Utd,8,0,3,5,6,13,-7,3,england4,0.0,0.38,-7,0.75,0.0,2.63,13
Morecambe,8,0,3,5,8,19,-11,3,england4,0.0,0.38,-11,1.0,0.0,2.63,13
York City,8,7,1,0,28,6,22,22,england5,0.88,1.0,22,3.5,1.14,1.0,1
Barnet,8,6,2,0,17,5,12,20,england5,0.75,1.0,12,2.12,1.33,1.0,2
Oldham,8,6,1,1,17,6,11,19,england5,0.75,0.88,11,2.12,1.33,1.14,3
Altrincham,8,5,3,0,17,6,11,18,england5,0.62,1.0,11,2.12,1.61,1.0,4
Rochdale,8,6,0,2,15,6,9,18,england5,0.75,0.75,9,1.88,1.33,1.33,4
Forest Green,8,5,3,0,13,6,7,18,england5,0.62,1.0,7,1.62,1.61,1.0,4
Dagenham & R.,8,5,2,1,24,10,14,17,england5,0.62,0.88,14,3.0,1.61,1.14,5
Gateshead FC,8,5,1,2,12,5,7,16,england5,0.62,0.75,7,1.5,1.61,1.33,6
Tamworth,8,4,3,1,13,9,4,15,england5,0.5,0.88,4,1.62,2.0,1.14,7
AFC Fylde,8,4,2,2,16,13,3,14,england5,0.5,0.75,3,2.0,2.0,1.33,8
Hartlepool,8,4,2,2,10,8,2,14,england5,0.5,0.75,2,1.25,2.0,1.33,8
Sutton Utd,8,4,1,3,9,8,1,13,england5,0.5,0.62,1,1.12,2.0,1.61,9
Solihull Moors,8,4,1,3,20,20,0,13,england5,0.5,0.62,0,2.5,2.0,1.61,9
Eastleigh,8,3,3,2,12,11,1,12,england5,0.38,0.75,1,1.5,2.63,1.33,10
Halifax Town,8,3,3,2,11,10,1,12,england5,0.38,0.75,1,1.38,2.63,1.33,10
Yeovil Town,8,3,2,3,9,7,2,11,england5,0.38,0.62,2,1.12,2.63,1.61,11
Wealdstone,8,3,2,3,12,14,-2,11,england5,0.38,0.62,-2,1.5,2.63,1.61,11
Braintree Town,8,3,1,4,7,9,-2,10,england5,0.38,0.5,-2,0.88,2.63,2.0,12
Woking,8,2,3,3,7,10,-3,9,england5,0.25,0.62,-3,0.88,4.0,1.61,13
Southend Utd,8,2,2,4,8,11,-3,8,england5,0.25,0.5,-3,1.0,4.0,2.0,14
Aldershot Town,8,2,2,4,7,11,-4,8,england5,0.25,0.5,-4,0.88,4.0,2.0,14
Maidenhead Utd,8,1,4,3,8,16,-8,7,england5,0.12,0.62,-8,1.0,8.33,1.61,15
Ebbsfleet Utd,8,1,3,4,7,17,-10,6,england5,0.12,0.5,-10,0.88,8.33,2.0,16
Boston Utd,8,1,2,5,9,13,-4,5,england5,0.12,0.38,-4,1.12,8.33,2.63,17
Chorley,8,6,1,1,13,8,5,19,england6,0.75,0.88,5,1.62,1.33,1.14,1
South Shields,8,5,2,1,22,8,14,17,england6,0.62,0.88,14,2.75,1.61,1.14,2
Kings Lynn,8,5,2,1,10,3,7,17,england6,0.62,0.88,7,1.25,1.61,1.14,2
Hereford Utd,8,5,1,2,12,3,9,16,england6,0.62,0.75,9,1.5,1.61,1.33,3
Leamington,8,5,1,2,16,8,8,16,england6,0.62,0.75,8,2.0,1.61,1.33,3
Kidderminster,8,4,3,1,11,4,7,15,england6,0.5,0.88,7,1.38,2.0,1.14,4
Chester,8,4,3,1,10,4,6,15,england6,0.5,0.88,6,1.25,2.0,1.14,4
Darlington,8,3,5,0,11,6,5,14,england6,0.38,1.0,5,1.38,2.63,1.0,5
Alfreton Town,8,4,2,2,9,8,1,14,england6,0.5,0.75,1,1.12,2.0,1.33,5
Southport,8,3,4,1,11,6,5,13,england6,0.38,0.88,5,1.38,2.63,1.14,6
Brackley Town,8,4,1,3,6,6,0,13,england6,0.5,0.62,0,0.75,2.0,1.61,6
Buxton,8,4,0,4,15,9,6,12,england6,0.5,0.5,6,1.88,2.0,2.0,7
Scunthorpe,8,2,5,1,14,6,8,11,england6,0.25,0.88,8,1.75,4.0,1.14,8
Curzon,8,3,2,3,10,5,5,11,england6,0.38,0.62,5,1.25,2.63,1.61,8
Oxford City,8,3,2,3,15,11,4,11,england6,0.38,0.62,4,1.88,2.63,1.61,8
Marine,8,3,2,3,9,7,2,11,england6,0.38,0.62,2,1.12,2.63,1.61,8
Peterborough S.,8,3,2,3,10,9,1,11,england6,0.38,0.62,1,1.25,2.63,1.61,8
Spennymoor,8,2,4,2,9,9,0,10,england6,0.25,0.75,0,1.12,4.0,1.33,9
Scarborough,8,2,3,3,6,8,-2,9,england6,0.25,0.62,-2,0.75,4.0,1.61,10
Warrington,8,2,2,4,5,9,-4,8,england6,0.25,0.5,-4,0.62,4.0,2.0,11
Rushall,8,1,3,4,8,11,-3,6,england6,0.12,0.5,-3,1.0,8.33,2.0,12
Radcliffe,8,2,0,6,10,21,-11,6,england6,0.25,0.25,-11,1.25,4.0,4.0,12
Needham Market,8,1,2,5,6,11,-5,5,england6,0.12,0.38,-5,0.75,8.33,2.63,13
Farsley Celtic,7,1,1,5,5,10,-5,4,england6,0.14,0.29,-5,0.71,7.14,3.45,14
Worthing,8,6,2,0,16,8,8,20,england7,0.75,1.0,8,2.0,1.33,1.0,1
Farnborough,8,6,1,1,18,8,10,19,england7,0.75,0.88,10,2.25,1.33,1.14,2
Tonbridge,8,6,1,1,12,6,6,19,england7,0.75,0.88,6,1.5,1.33,1.14,2
Boreham Wood,8,5,3,0,18,3,15,18,england7,0.62,1.0,15,2.25,1.61,1.0,3
Eastbourne,8,4,4,0,13,7,6,16,england7,0.5,1.0,6,1.62,2.0,1.0,4
Torquay Utd,8,4,4,0,13,7,6,16,england7,0.5,1.0,6,1.62,2.0,1.0,4
Truro City,8,5,1,2,11,7,4,16,england7,0.62,0.75,4,1.38,1.61,1.33,4
Maidstone Utd,8,4,3,1,14,10,4,15,england7,0.5,0.88,4,1.75,2.0,1.14,5
Hampton & R.,8,4,2,2,14,7,7,14,england7,0.5,0.75,7,1.75,2.0,1.33,6
Hornchurch,8,4,2,2,7,6,1,14,england7,0.5,0.75,1,0.88,2.0,1.33,6
Weston-s.-Mare,8,3,4,1,13,8,5,13,england7,0.38,0.88,5,1.62,2.63,1.14,7
Dorking,8,3,4,1,14,11,3,13,england7,0.38,0.88,3,1.75,2.63,1.14,7
Chelmsford City,8,4,1,3,15,13,2,13,england7,0.5,0.62,2,1.88,2.0,1.61,7
Chesham Utd,8,4,1,3,11,13,-2,13,england7,0.5,0.62,-2,1.38,2.0,1.61,7
Slough Town,8,3,3,2,15,11,4,12,england7,0.38,0.75,4,1.88,2.63,1.33,8
Salisbury,8,3,1,4,13,12,1,10,england7,0.38,0.5,1,1.62,2.63,2.0,9
Aveley,8,3,1,4,12,12,0,10,england7,0.38,0.5,0,1.5,2.63,2.0,9
Chippenham,8,3,1,4,10,10,0,10,england7,0.38,0.5,0,1.25,2.63,2.0,9
Welling Utd,8,3,1,4,8,12,-4,10,england7,0.38,0.5,-4,1.0,2.63,2.0,9
Bath City,8,2,2,4,9,11,-2,8,england7,0.25,0.5,-2,1.12,4.0,2.0,10
Hemel Hempstead,8,2,2,4,15,24,-9,8,england7,0.25,0.5,-9,1.88,4.0,2.0,10
St Albans,8,1,2,5,9,14,-5,5,england7,0.12,0.38,-5,1.12,8.33,2.63,11
Weymouth,8,0,4,4,5,11,-6,4,england7,0.0,0.5,-6,0.62,0.0,2.0,12
Enfield Town,8,1,1,6,9,19,-10,4,england7,0.12,0.25,-10,1.12,8.33,4.0,12
Billericay Town,8,6,2,0,17,5,12,20,england8,0.75,1.0,12,2.12,1.33,1.0,1
Cray Valley PM,8,6,2,0,16,8,8,20,england8,0.75,1.0,8,2.0,1.33,1.0,1
Potters Bar,8,5,2,1,17,11,6,17,england8,0.62,0.88,6,2.12,1.61,1.14,2
Hendon,8,5,1,2,19,7,12,16,england8,0.62,0.75,12,2.38,1.61,1.33,3
Dover Athletic,8,5,1,2,19,10,9,16,england8,0.62,0.75,9,2.38,1.61,1.33,3
Carshalton,8,4,4,0,14,9,5,16,england8,0.5,1.0,5,1.75,2.0,1.0,3
Horsham,8,5,0,3,20,10,10,15,england8,0.62,0.62,10,2.5,1.61,1.61,4
Chatham Town,8,3,4,1,18,10,8,13,england8,0.38,0.88,8,2.25,2.63,1.14,5
Hashtag United,8,4,1,3,20,15,5,13,england8,0.5,0.62,5,2.5,2.0,1.61,5
Folkestone,8,4,1,3,10,8,2,13,england8,0.5,0.62,2,1.25,2.0,1.61,5
Dartford,8,3,3,2,13,8,5,12,england8,0.38,0.75,5,1.62,2.63,1.33,6
Lewes,8,3,3,2,16,14,2,12,england8,0.38,0.75,2,2.0,2.63,1.33,6
Wingate & F.,8,3,3,2,11,9,2,12,england8,0.38,0.75,2,1.38,2.63,1.33,6
Dulwich Hamlet,8,4,0,4,16,15,1,12,england8,0.5,0.5,1,2.0,2.0,2.0,6
Cray Wanderers,8,2,5,1,7,6,1,11,england8,0.25,0.88,1,0.88,4.0,1.14,7
Whitehawk,8,3,2,3,6,7,-1,11,england8,0.38,0.62,-1,0.75,2.63,1.61,7
Canvey Island,8,3,1,4,13,13,0,10,england8,0.38,0.5,0,1.62,2.63,2.0,8
Chichester City,8,2,4,2,10,12,-2,10,england8,0.25,0.75,-2,1.25,4.0,1.33,8
Bowers & Pitsea,8,3,0,5,7,11,-4,9,england8,0.38,0.38,-4,0.88,2.63,2.63,9
Hastings Utd,8,2,1,5,11,16,-5,7,england8,0.25,0.38,-5,1.38,4.0,2.63,10
Bognor Regis,8,2,1,5,12,22,-10,7,england8,0.25,0.38,-10,1.5,4.0,2.63,10
Cheshunt,8,1,1,6,6,11,-5,4,england8,0.12,0.25,-5,0.75,8.33,4.0,11
Macclesfield,8,8,0,0,25,3,22,24,england9,1.0,1.0,22,3.12,1.0,1.0,1
Ilkeston Town,8,6,2,0,20,7,13,20,england9,0.75,1.0,13,2.5,1.33,1.0,2
Workington,8,5,1,2,13,8,5,16,england9,0.62,0.75,5,1.62,1.61,1.33,3
Stockton Town,8,5,0,3,13,6,7,15,england9,0.62,0.62,7,1.62,1.61,1.61,4
Hebburn Town,8,4,2,2,16,13,3,14,england9,0.5,0.75,3,2.0,2.0,1.33,5
Guiseley,8,3,4,1,15,10,5,13,england9,0.38,0.88,5,1.88,2.63,1.14,6
Prescot Cables,8,3,4,1,12,9,3,13,england9,0.38,0.88,3,1.5,2.63,1.14,6
Bamber Bridge,8,4,1,3,17,15,2,13,england9,0.5,0.62,2,2.12,2.0,1.61,6
Matlock,8,4,1,3,14,13,1,13,england9,0.5,0.62,1,1.75,2.0,1.61,6
Whitby Town,8,3,3,2,10,6,4,12,england9,0.38,0.75,4,1.25,2.63,1.33,7
Worksop Town,8,3,2,3,14,13,1,11,england9,0.38,0.62,1,1.75,2.63,1.61,8
Rylands,8,3,2,3,12,11,1,11,england9,0.38,0.62,1,1.5,2.63,1.61,8
Hyde Utd,8,2,4,2,11,11,0,10,england9,0.25,0.75,0,1.38,4.0,1.33,9
Gainsborough,8,3,1,4,10,11,-1,10,england9,0.38,0.5,-1,1.25,2.63,2.0,9
Ashton Utd,8,3,1,4,13,17,-4,10,england9,0.38,0.5,-4,1.62,2.63,2.0,9
Morpeth Town,8,2,3,3,12,14,-2,9,england9,0.25,0.62,-2,1.5,4.0,1.61,10
Mickleover,8,3,0,5,11,13,-2,9,england9,0.38,0.38,-2,1.38,2.63,2.63,10
Lancaster City,8,1,5,2,11,12,-1,8,england9,0.12,0.75,-1,1.38,8.33,1.33,11
Leek Town,8,2,2,4,10,14,-4,8,england9,0.25,0.5,-4,1.25,4.0,2.0,11
Basford Utd,8,2,1,5,11,19,-8,7,england9,0.25,0.38,-8,1.38,4.0,2.63,12
FC United,8,1,3,4,10,13,-3,6,england9,0.12,0.5,-3,1.25,8.33,2.0,13
Blyth Spartans,8,1,3,4,8,17,-9,6,england9,0.12,0.5,-9,1.0,8.33,2.0,13
Kettering Town,8,7,1,0,19,7,12,22,england10,0.88,1.0,12,2.38,1.14,1.0,1
AFC Sudbury,8,5,3,0,17,4,13,18,england10,0.62,1.0,13,2.12,1.61,1.0,2
Bedford Town,8,6,0,2,19,15,4,18,england10,0.75,0.75,4,2.38,1.33,1.33,2
Telford Utd,8,5,2,1,19,13,6,17,england10,0.62,0.88,6,2.38,1.61,1.14,3
Barwell,8,5,1,2,16,11,5,16,england10,0.62,0.75,5,2.0,1.61,1.33,4
Halesowen Town,8,5,1,2,14,12,2,16,england10,0.62,0.75,2,1.75,1.61,1.33,4
Stamford,8,5,0,3,16,14,2,15,england10,0.62,0.62,2,2.0,1.61,1.61,5
Lowestoft,8,4,2,2,13,13,0,14,england10,0.5,0.75,0,1.62,2.0,1.33,6
Spalding United,8,4,1,3,13,14,-1,13,england10,0.5,0.62,-1,1.62,2.0,1.61,7
Royston,8,4,1,3,8,9,-1,13,england10,0.5,0.62,-1,1.0,2.0,1.61,7
St. Ives Town,8,4,0,4,16,13,3,12,england10,0.5,0.5,3,2.0,2.0,2.0,8
Leiston,8,3,3,2,9,10,-1,12,england10,0.38,0.75,-1,1.12,2.63,1.33,8
Harborough Town,8,3,1,4,12,10,2,10,england10,0.38,0.5,2,1.5,2.63,2.0,9
B. Stortford,8,3,1,4,10,10,0,10,england10,0.38,0.5,0,1.25,2.63,2.0,9
Stourbridge,8,2,4,2,9,9,0,10,england10,0.25,0.75,0,1.12,4.0,1.33,9
Alvechurch,8,3,0,5,5,7,-2,9,england10,0.38,0.38,-2,0.62,2.63,2.63,10
Stratford Town,8,1,5,2,7,8,-1,8,england10,0.12,0.75,-1,0.88,8.33,1.33,11
Redditch Utd,8,2,2,4,10,12,-2,8,england10,0.25,0.5,-2,1.25,4.0,2.0,11
Banbury Utd,8,2,2,4,5,7,-2,8,england10,0.25,0.5,-2,0.62,4.0,2.0,11
Hitchin Town,8,2,1,5,10,17,-7,7,england10,0.25,0.38,-7,1.25,4.0,2.63,12
Bromsgrove,8,2,0,6,10,15,-5,6,england10,0.25,0.25,-5,1.25,4.0,4.0,13
Biggleswade,8,0,3,5,6,16,-10,3,england10,0.0,0.38,-10,0.75,0.0,2.63,14
Flora,8,8,0,0,22,6,16,24,estonia,1.0,1.0,16,2.75,1.0,1.0,1
Paide,8,6,1,1,22,10,12,19,estonia,0.75,0.88,12,2.75,1.33,1.14,2
Levadia,8,5,3,0,18,5,13,18,estonia,0.62,1.0,13,2.25,1.61,1.0,3
Nomme Kalju,8,5,1,2,20,13,7,16,estonia,0.62,0.75,7,2.5,1.61,1.33,4
Tallinna Kalev,8,3,1,4,8,12,-4,10,estonia,0.38,0.5,-4,1.0,2.63,2.0,5
Tammeka,8,2,2,4,13,16,-3,8,estonia,0.25,0.5,-3,1.62,4.0,2.0,6
Vaprus,8,2,2,4,8,13,-5,8,estonia,0.25,0.5,-5,1.0,4.0,2.0,6
Kuressaare,8,2,1,5,11,13,-2,7,estonia,0.25,0.38,-2,1.38,4.0,2.63,7
Narva Trans,8,1,3,4,6,13,-7,6,estonia,0.12,0.5,-7,0.75,8.33,2.0,8
Nomme Utd,8,0,2,6,4,20,-16,2,estonia,0.0,0.25,-16,0.5,0.0,4.0,9
Viimsi,8,7,1,0,16,4,12,22,estonia2,0.88,1.0,12,2.0,1.14,1.0,1
Harju JK,8,5,3,0,22,6,16,18,estonia2,0.62,1.0,16,2.75,1.61,1.0,2
Tallinna K. B,8,5,1,2,20,15,5,16,estonia2,0.62,0.75,5,2.5,1.61,1.33,3
Flora B,8,5,0,3,22,9,13,15,estonia2,0.62,0.62,13,2.75,1.61,1.61,4
Elva,8,4,1,3,13,9,4,13,estonia2,0.5,0.62,4,1.62,2.0,1.61,5
Levadia B,8,4,1,3,13,15,-2,13,estonia2,0.5,0.62,-2,1.62,2.0,1.61,5
Tartu Welco,8,2,3,3,17,15,2,9,estonia2,0.25,0.62,2,2.12,4.0,1.61,6
Tabasalu,8,2,0,6,8,21,-13,6,estonia2,0.25,0.25,-13,1.0,4.0,4.0,7
FC Tallinn,8,1,2,5,11,16,-5,5,estonia2,0.12,0.38,-5,1.38,8.33,2.63,8
Paide B,8,1,2,5,16,30,-14,5,estonia2,0.12,0.38,-14,2.0,8.33,2.63,8
HB Torshavn,8,7,1,0,15,2,13,22,faroeislands,0.88,1.0,13,1.88,1.14,1.0,1
Vikingur,8,7,0,1,23,3,20,21,faroeislands,0.88,0.88,20,2.88,1.14,1.14,2
Klaksvik,8,6,1,1,17,10,7,19,faroeislands,0.75,0.88,7,2.12,1.33,1.14,3
NSI Runavik,8,5,0,3,21,11,10,15,faroeislands,0.62,0.62,10,2.62,1.61,1.61,4
Streymur,8,5,0,3,15,14,1,15,faroeislands,0.62,0.62,1,1.88,1.61,1.61,4
B36 Torshavn,8,3,3,2,15,11,4,12,faroeislands,0.38,0.75,4,1.88,2.63,1.33,5
07 Vestur,8,4,0,4,12,13,-1,12,faroeislands,0.5,0.5,-1,1.5,2.0,2.0,5
B68 Toftir,8,3,1,4,8,13,-5,10,faroeislands,0.38,0.5,-5,1.0,2.63,2.0,6
Skala,8,2,3,3,12,16,-4,9,faroeislands,0.25,0.62,-4,1.5,4.0,1.61,7
IF Fuglafjordur,8,1,0,7,7,25,-18,3,faroeislands,0.12,0.12,-18,0.88,8.33,8.33,8
Vikingur B,8,6,2,0,27,10,17,20,faroeislands2,0.75,1.0,17,3.38,1.33,1.0,1
Suduroy,8,5,3,0,20,7,13,18,faroeislands2,0.62,1.0,13,2.5,1.61,1.0,2
B71 Sandur,8,4,3,1,18,6,12,15,faroeislands2,0.5,0.88,12,2.25,2.0,1.14,3
TB Tvoroyri,8,4,2,2,12,8,4,14,faroeislands2,0.5,0.75,4,1.5,2.0,1.33,4
AB Argir,8,2,5,1,14,8,6,11,faroeislands2,0.25,0.88,6,1.75,4.0,1.14,5
B36 Torshavn B,8,2,2,4,9,13,-4,8,faroeislands2,0.25,0.5,-4,1.12,4.0,2.0,6
NSI Runavik B,8,2,1,5,9,15,-6,7,faroeislands2,0.25,0.38,-6,1.12,4.0,2.63,7
Klaksvik B,8,2,1,5,8,16,-8,7,faroeislands2,0.25,0.38,-8,1.0,4.0,2.63,7
Hoyvik,8,1,3,4,9,16,-7,6,faroeislands2,0.12,0.5,-7,1.12,8.33,2.0,8
HB T. B,8,0,3,5,10,24,-14,3,faroeislands2,0.0,0.38,-14,1.25,0.0,2.63,9
Ilves,8,7,1,0,23,6,17,22,finland,0.88,1.0,17,2.88,1.14,1.0,1
KuPS,8,7,0,1,14,4,10,21,finland,0.88,0.88,10,1.75,1.14,1.14,2
Inter Turku,8,6,2,0,21,7,14,20,finland,0.75,1.0,14,2.62,1.33,1.0,3
Gnistan,8,5,2,1,14,7,7,17,finland,0.62,0.88,7,1.75,1.61,1.14,4
HJK Helsinki,8,5,1,2,15,6,9,16,finland,0.62,0.75,9,1.88,1.61,1.33,5
Lahti,8,3,4,1,14,9,5,13,finland,0.38,0.88,5,1.75,2.63,1.14,6
Oulu,8,4,0,4,9,6,3,12,finland,0.5,0.5,3,1.12,2.0,2.0,7
SJK,8,3,1,4,14,16,-2,10,finland,0.38,0.5,-2,1.75,2.63,2.0,8
Haka,8,2,3,3,12,14,-2,9,finland,0.25,0.62,-2,1.5,4.0,1.61,9
VPS,8,2,3,3,11,14,-3,9,finland,0.25,0.62,-3,1.38,4.0,1.61,9
Mariehamn,8,2,2,4,6,11,-5,8,finland,0.25,0.5,-5,0.75,4.0,2.0,10
Ekenas IF,8,1,2,5,8,19,-11,5,finland,0.12,0.38,-11,1.0,8.33,2.63,11
Jaro,8,7,0,1,22,7,15,21,finland2,0.88,0.88,15,2.75,1.14,1.14,1
JIPPO,8,5,1,2,17,10,7,16,finland2,0.62,0.75,7,2.12,1.61,1.33,2
KTP,8,4,2,2,22,11,11,14,finland2,0.5,0.75,11,2.75,2.0,1.33,3
PK-35,8,4,1,3,9,7,2,13,finland2,0.5,0.62,2,1.12,2.0,1.61,4
SJK Akatemia,8,3,3,2,17,10,7,12,finland2,0.38,0.75,7,2.12,2.63,1.33,5
TPS,8,4,0,4,18,12,6,12,finland2,0.5,0.5,6,2.25,2.0,2.0,5
JaPS,8,2,4,2,12,12,0,10,finland2,0.25,0.75,0,1.5,4.0,1.33,6
KaPa,8,2,2,4,11,21,-10,8,finland2,0.25,0.5,-10,1.38,4.0,2.0,7
SalPa,8,1,3,4,8,16,-8,6,finland2,0.12,0.5,-8,1.0,8.33,2.0,8
Mikkelin,8,1,1,6,8,21,-13,4,finland2,0.12,0.25,-13,1.0,8.33,4.0,9
Klubi-04,8,6,1,1,28,10,18,19,finland3,0.75,0.88,18,3.5,1.33,1.14,1
KPV Kokkola,8,6,0,2,12,6,6,18,finland3,0.75,0.75,6,1.5,1.33,1.33,2
OLS Oulu,8,5,2,1,22,17,5,17,finland3,0.62,0.88,5,2.75,1.61,1.14,3
EPS,8,5,0,3,21,18,3,15,finland3,0.62,0.62,3,2.62,1.61,1.61,4
Rovaniemi,8,4,1,3,14,12,2,13,finland3,0.5,0.62,2,1.75,2.0,1.61,5
Atlantis,8,3,3,2,15,12,3,12,finland3,0.38,0.75,3,1.88,2.63,1.33,6
JJK,8,3,2,3,8,13,-5,11,finland3,0.38,0.62,-5,1.0,2.63,1.61,7
PKKU,8,3,1,4,20,16,4,10,finland3,0.38,0.5,4,2.5,2.63,2.0,8
Jazz Pori,8,2,3,3,12,13,-1,9,finland3,0.25,0.62,-1,1.5,4.0,1.61,9
KuPS Ak.,8,3,0,5,14,17,-3,9,finland3,0.38,0.38,-3,1.75,2.63,2.63,9
Vaajakoski,8,1,4,3,12,17,-5,7,finland3,0.12,0.62,-5,1.5,8.33,1.61,10
VIFK,8,2,1,5,10,16,-6,7,finland3,0.25,0.38,-6,1.25,4.0,2.63,10
Atlantis B,8,6,0,2,19,13,6,18,finland4,0.75,0.75,6,2.38,1.33,1.33,1
Reipas,8,5,2,1,23,8,15,17,finland4,0.62,0.88,15,2.88,1.61,1.14,2
Kiffen,8,5,1,2,22,9,13,16,finland4,0.62,0.75,13,2.75,1.61,1.33,3
JaPS B,8,5,1,2,16,11,5,16,finland4,0.62,0.75,5,2.0,1.61,1.33,3
PEPO,8,5,1,2,13,8,5,16,finland4,0.62,0.75,5,1.62,1.61,1.33,3
MYPA,8,4,2,2,13,9,4,14,finland4,0.5,0.75,4,1.62,2.0,1.33,4
GrIFK,8,3,3,2,11,10,1,12,finland4,0.38,0.75,1,1.38,2.63,1.33,5
NJS,8,2,5,1,13,11,2,11,finland4,0.25,0.88,2,1.62,4.0,1.14,6
PPJ,8,3,2,3,12,10,2,11,finland4,0.38,0.62,2,1.5,2.63,1.61,6
Futura,8,0,1,7,7,25,-18,1,finland4,0.0,0.12,-18,0.88,0.0,8.33,7
Inter Turku B,8,7,0,1,37,10,27,21,finland5,0.88,0.88,27,4.62,1.14,1.14,1
P-Iirot,8,6,0,2,26,11,15,18,finland5,0.75,0.75,15,3.25,1.33,1.33,2
HJS Akatemia,8,5,2,1,19,8,11,17,finland5,0.62,0.88,11,2.38,1.61,1.14,3
VJS,8,5,2,1,17,9,8,17,finland5,0.62,0.88,8,2.12,1.61,1.14,3
Tampere Utd,8,5,1,2,20,8,12,16,finland5,0.62,0.75,12,2.5,1.61,1.33,4
TPV,8,3,4,1,15,12,3,13,finland5,0.38,0.88,3,1.88,2.63,1.14,5
Honka,8,4,1,3,16,17,-1,13,finland5,0.5,0.62,-1,2.0,2.0,1.61,5
Ilves B,8,3,0,5,16,20,-4,9,finland5,0.38,0.38,-4,2.0,2.63,2.63,6
EBK,8,2,1,5,13,14,-1,7,finland5,0.25,0.38,-1,1.62,4.0,2.63,7
Ilves-Kissat,8,2,1,5,13,29,-16,7,finland5,0.25,0.38,-16,1.62,4.0,2.63,7
Poxyt,8,0,0,8,6,23,-17,0,finland5,0.0,0.0,-17,0.75,0.0,0.0,8
TP-47,8,6,1,1,20,13,7,19,finland6,0.75,0.88,7,2.5,1.33,1.14,1
GBK,8,6,0,2,23,17,6,18,finland6,0.75,0.75,6,2.88,1.33,1.33,2
Narpes Kraft,8,5,2,1,22,11,11,17,finland6,0.62,0.88,11,2.75,1.61,1.14,3
Kuopion Elo,8,5,1,2,24,14,10,16,finland6,0.62,0.75,10,3.0,1.61,1.33,4
JBK,8,5,1,2,17,8,9,16,finland6,0.62,0.75,9,2.12,1.61,1.33,4
JPS,8,3,2,3,23,14,9,11,finland6,0.38,0.62,9,2.88,2.63,1.61,5
SJK Akatemia B,8,3,2,3,15,15,0,11,finland6,0.38,0.62,0,1.88,2.63,1.61,5
JS Hercules,8,3,1,4,14,20,-6,10,finland6,0.38,0.5,-6,1.75,2.63,2.0,6
OPS,8,2,3,3,15,14,1,9,finland6,0.25,0.62,1,1.88,4.0,1.61,7
OTP,8,1,0,7,12,27,-15,3,finland6,0.12,0.12,-15,1.5,8.33,8.33,8
Paris SG,8,7,1,0,24,6,18,22,france,0.88,1.0,18,3.0,1.14,1.0,1
Auxerre,8,5,2,1,14,7,7,17,france,0.62,0.88,7,1.75,1.61,1.14,2
Rennes,8,5,1,2,16,5,11,16,france,0.62,0.75,11,2.0,1.61,1.33,3
Brest,8,5,1,2,17,9,8,16,france,0.62,0.75,8,2.12,1.61,1.33,3
Nice,7,4,3,0,18,7,11,15,france,0.57,1.0,11,2.57,1.75,1.0,4
Lille,7,4,2,1,13,9,4,14,france,0.57,0.86,4,1.86,1.75,1.16,5
Monaco,8,4,2,2,13,10,3,14,france,0.5,0.75,3,1.62,2.0,1.33,5
Toulouse,8,4,2,2,10,7,3,14,france,0.5,0.75,3,1.25,2.0,1.33,5
Lyon,7,4,1,2,15,11,4,13,france,0.57,0.71,4,2.14,1.75,1.41,6
Strasbourg,7,3,3,1,11,8,3,12,france,0.43,0.86,3,1.57,2.33,1.16,7
Saint-Etienne,7,4,0,3,7,7,0,12,france,0.57,0.57,0,1.0,1.75,1.75,7
Lens,7,3,2,2,8,7,1,11,france,0.43,0.71,1,1.14,2.33,1.41,8
Marseille,7,2,3,2,9,11,-2,9,france,0.29,0.71,-2,1.29,3.45,1.41,9
Reims,8,2,3,3,9,11,-2,9,france,0.25,0.62,-2,1.12,4.0,1.61,9
Montpellier,8,2,3,3,12,19,-7,9,france,0.25,0.62,-7,1.5,4.0,1.61,9
Nantes,7,2,2,3,8,9,-1,8,france,0.29,0.57,-1,1.14,3.45,1.75,10
Le Havre,8,2,0,6,5,19,-14,6,france,0.25,0.25,-14,0.62,4.0,4.0,11
Angers,7,1,1,5,9,18,-9,4,france,0.14,0.29,-9,1.29,7.14,3.45,12
Lorient,8,8,0,0,22,6,16,24,france2,1.0,1.0,16,2.75,1.0,1.0,1
USL Dunkerque,8,8,0,0,17,6,11,24,france2,1.0,1.0,11,2.12,1.0,1.0,1
Annecy,8,6,1,1,13,4,9,19,france2,0.75,0.88,9,1.62,1.33,1.14,2
Metz,8,5,3,0,16,5,11,18,france2,0.62,1.0,11,2.0,1.61,1.0,3
Pau FC,8,5,2,1,11,4,7,17,france2,0.62,0.88,7,1.38,1.61,1.14,4
Amiens,8,5,2,1,12,6,6,17,france2,0.62,0.88,6,1.5,1.61,1.14,4
Guingamp,8,5,1,2,19,8,11,16,france2,0.62,0.75,11,2.38,1.61,1.33,5
Grenoble,8,4,2,2,11,6,5,14,france2,0.5,0.75,5,1.38,2.0,1.33,6
Paris FC,7,4,2,1,12,8,4,14,france2,0.57,0.86,4,1.71,1.75,1.16,6
SC Bastia,8,3,5,0,10,6,4,14,france2,0.38,1.0,4,1.25,2.63,1.0,6
AC Ajaccio,8,4,2,2,8,5,3,14,france2,0.5,0.75,3,1.0,2.0,1.33,6
Laval,7,3,2,2,11,9,2,11,france2,0.43,0.71,2,1.57,2.33,1.41,7
Troyes,8,3,2,3,9,8,1,11,france2,0.38,0.62,1,1.12,2.63,1.61,7
Caen,8,3,2,3,10,10,0,11,france2,0.38,0.62,0,1.25,2.63,1.61,7
Red Star,8,3,2,3,8,12,-4,11,france2,0.38,0.62,-4,1.0,2.63,1.61,7
Rodez Aveyron,7,3,1,3,14,13,1,10,france2,0.43,0.57,1,2.0,2.33,1.75,8
Clermont,8,2,3,3,9,8,1,9,france2,0.25,0.62,1,1.12,4.0,1.61,9
Martigues,8,0,1,7,1,16,-15,1,france2,0.0,0.12,-15,0.12,0.0,8.33,10
Boulogne,7,5,2,0,12,4,8,17,france3,0.71,1.0,8,1.71,1.41,1.0,1
Concarneau,8,4,3,1,11,6,5,15,france3,0.5,0.88,5,1.38,2.0,1.14,2
Aubagne,7,4,2,1,14,6,8,14,france3,0.57,0.86,8,2.0,1.75,1.16,3
Valenciennes,7,4,2,1,14,8,6,14,france3,0.57,0.86,6,2.0,1.75,1.16,3
Dijon,7,4,2,1,6,1,5,14,france3,0.57,0.86,5,0.86,1.75,1.16,3
Sochaux,8,4,2,2,11,7,4,14,france3,0.5,0.75,4,1.38,2.0,1.33,3
Rouen,8,3,4,1,12,6,6,13,france3,0.38,0.88,6,1.5,2.63,1.14,4
Nancy,6,4,0,2,8,3,5,12,france3,0.67,0.67,5,1.33,1.49,1.49,5
Nimes,8,3,3,2,8,7,1,12,france3,0.38,0.75,1,1.0,2.63,1.33,5
Orleans,6,3,2,1,12,7,5,11,france3,0.5,0.83,5,2.0,2.0,1.2,6
Quevilly Rouen,7,3,2,2,8,6,2,11,france3,0.43,0.71,2,1.14,2.33,1.41,6
Bourg-en-Bresse,6,3,1,2,6,7,-1,10,france3,0.5,0.67,-1,1.0,2.0,1.49,7
Villefranche,7,2,3,2,7,8,-1,9,france3,0.29,0.71,-1,1.0,3.45,1.41,8
Versailles,8,2,3,3,8,10,-2,9,france3,0.25,0.62,-2,1.0,4.0,1.61,8
Chateauroux,7,2,1,4,10,16,-6,7,france3,0.29,0.43,-6,1.43,3.45,2.33,9
Paris 13 A.,7,1,3,3,6,8,-2,6,france3,0.14,0.57,-2,0.86,7.14,1.75,10
Le Mans,6,1,2,3,3,9,-6,5,france3,0.17,0.5,-6,0.5,5.88,2.0,11
Torpedo Kutaisi,8,7,0,1,12,6,6,21,georgia,0.88,0.88,6,1.5,1.14,1.14,1
Iberia,8,5,3,0,18,6,12,18,georgia,0.62,1.0,12,2.25,1.61,1.0,2
Samgurali,8,4,2,2,19,14,5,14,georgia,0.5,0.75,5,2.38,2.0,1.33,3
Telavi,8,4,1,3,13,8,5,13,georgia,0.5,0.62,5,1.62,2.0,1.61,4
Samtredia,8,3,2,3,9,8,1,11,georgia,0.38,0.62,1,1.12,2.63,1.61,5
Dila Gori,8,3,2,3,11,12,-1,11,georgia,0.38,0.62,-1,1.38,2.63,1.61,5
Kolkheti Poti,8,2,4,2,11,11,0,10,georgia,0.25,0.75,0,1.38,4.0,1.33,6
Gagra,8,3,1,4,9,15,-6,10,georgia,0.38,0.5,-6,1.12,2.63,2.0,6
Dinamo Batumi,8,2,3,3,7,9,-2,9,georgia,0.25,0.62,-2,0.88,4.0,1.61,7
Dinamo Tbilisi,8,2,2,4,12,12,0,8,georgia,0.25,0.5,0,1.5,4.0,2.0,8
Gareji Sagarejo,8,6,2,0,26,4,22,20,georgia2,0.75,1.0,22,3.25,1.33,1.0,1
Shturmi,8,6,2,0,13,5,8,20,georgia2,0.75,1.0,8,1.62,1.33,1.0,1
Bolnisi,8,6,1,1,21,5,16,19,georgia2,0.75,0.88,16,2.62,1.33,1.14,2
Rustavi,8,6,0,2,18,8,10,18,georgia2,0.75,0.75,10,2.25,1.33,1.33,3
Aragvi Dusheti,8,4,3,1,10,7,3,15,georgia2,0.5,0.88,3,1.25,2.0,1.14,4
L. Tbilisi,8,4,2,2,12,9,3,14,georgia2,0.5,0.75,3,1.5,2.0,1.33,5
Spaeri,8,3,2,3,15,11,4,11,georgia2,0.38,0.62,4,1.88,2.63,1.61,6
D. Tbilisi B,8,3,1,4,12,17,-5,10,georgia2,0.38,0.5,-5,1.5,2.63,2.0,7
WIT Georgia,8,2,0,6,10,17,-7,6,georgia2,0.25,0.25,-7,1.25,4.0,4.0,8
Kolkheti Khobi,8,0,1,7,2,18,-16,1,georgia2,0.0,0.12,-16,0.25,0.0,8.33,9
Dortmund,8,6,2,0,20,8,12,20,germany,0.75,1.0,12,2.5,1.33,1.0,1
Bayern Munich,7,6,1,0,22,4,18,19,germany,0.86,1.0,18,3.14,1.16,1.0,2
Leverkusen,8,5,2,1,22,13,9,17,germany,0.62,0.88,9,2.75,1.61,1.14,3
Monchengladbach,8,5,1,2,18,11,7,16,germany,0.62,0.75,7,2.25,1.61,1.33,4
Freiburg,7,5,1,1,14,9,5,16,germany,0.71,0.86,5,2.0,1.41,1.16,4
E. Frankfurt,7,4,2,1,19,11,8,14,germany,0.57,0.86,8,2.71,1.75,1.16,5
Stuttgart,8,4,2,2,18,12,6,14,germany,0.5,0.75,6,2.25,2.0,1.33,5
RB Leipzig,7,4,2,1,11,7,4,14,germany,0.57,0.86,4,1.57,1.75,1.16,5
FC Augsburg,8,4,2,2,12,10,2,14,germany,0.5,0.75,2,1.5,2.0,1.33,5
Union Berlin,7,3,3,1,8,6,2,12,germany,0.43,0.86,2,1.14,2.33,1.16,6
FSV Mainz,8,3,2,3,10,10,0,11,germany,0.38,0.62,0,1.25,2.63,1.61,7
Hoffenheim,8,3,1,4,16,19,-3,10,germany,0.38,0.5,-3,2.0,2.63,2.0,8
Werder Bremen,7,2,3,2,10,12,-2,9,germany,0.29,0.71,-2,1.43,3.45,1.41,9
Wolfsburg,8,2,2,4,14,18,-4,8,germany,0.25,0.5,-4,1.75,4.0,2.0,10
Holstein Kiel,8,2,0,6,9,20,-11,6,germany,0.25,0.25,-11,1.12,4.0,4.0,11
Sankt Pauli,7,1,2,4,3,9,-6,5,germany,0.14,0.43,-6,0.43,7.14,2.33,12
Bochum,7,1,2,4,6,14,-8,5,germany,0.14,0.43,-8,0.86,7.14,2.33,12
Heidenheim,7,1,1,5,6,14,-8,4,germany,0.14,0.29,-8,0.86,7.14,3.45,13
Hannover 96,8,6,1,1,13,6,7,19,germany2,0.75,0.88,7,1.62,1.33,1.14,1
Hamburger SV,8,4,4,0,24,9,15,16,germany2,0.5,1.0,15,3.0,2.0,1.0,2
Elversberg,8,5,0,3,17,14,3,15,germany2,0.62,0.62,3,2.12,1.61,1.61,3
FC Koln,8,4,2,2,19,11,8,14,germany2,0.5,0.75,8,2.38,2.0,1.33,4
Paderborn,8,4,2,2,14,10,4,14,germany2,0.5,0.75,4,1.75,2.0,1.33,4
FC Nurnberg,8,4,2,2,17,14,3,14,germany2,0.5,0.75,3,2.12,2.0,1.33,4
Karlsruher SC,8,4,2,2,18,16,2,14,germany2,0.5,0.75,2,2.25,2.0,1.33,4
Darmstadt,8,3,4,1,17,8,9,13,germany2,0.38,0.88,9,2.12,2.63,1.14,5
Kaiserslautern,8,3,3,2,18,14,4,12,germany2,0.38,0.75,4,2.25,2.63,1.33,6
Braunschweig,8,3,2,3,10,10,0,11,germany2,0.38,0.62,0,1.25,2.63,1.61,7
Schalke 04,8,2,2,4,17,19,-2,8,germany2,0.25,0.5,-2,2.12,4.0,2.0,8
Dusseldorf,8,2,2,4,14,17,-3,8,germany2,0.25,0.5,-3,1.75,4.0,2.0,8
Greuther Furth,8,2,2,4,8,16,-8,8,germany2,0.25,0.5,-8,1.0,4.0,2.0,8
Hertha Berlin,8,2,1,5,10,14,-4,7,germany2,0.25,0.38,-4,1.25,4.0,2.63,9
Regensburg,8,2,1,5,3,13,-10,7,germany2,0.25,0.38,-10,0.38,4.0,2.63,9
Ulm,8,1,3,4,8,10,-2,6,germany2,0.12,0.5,-2,1.0,8.33,2.0,10
Preuss. Munster,8,1,3,4,7,10,-3,6,germany2,0.12,0.5,-3,0.88,8.33,2.0,10
Magdeburg,8,0,6,2,8,13,-5,6,germany2,0.0,0.75,-5,1.0,0.0,1.33,10
Energie Cottbus,8,6,2,0,24,8,16,20,germany3,0.75,1.0,16,3.0,1.33,1.0,1
Hansa Rostock,8,6,1,1,16,5,11,19,germany3,0.75,0.88,11,2.0,1.33,1.14,2
Dynamo Dresden,8,4,4,0,14,7,7,16,germany3,0.5,1.0,7,1.75,2.0,1.0,3
FC Ingolstadt,8,4,4,0,17,11,6,16,germany3,0.5,1.0,6,2.12,2.0,1.0,3
Viktoria Koln,8,5,1,2,17,11,6,16,germany3,0.62,0.75,6,2.12,1.61,1.33,3
Bielefeld,8,4,3,1,13,8,5,15,germany3,0.5,0.88,5,1.62,2.0,1.14,4
Saarbrucken,8,4,3,1,11,6,5,15,germany3,0.5,0.88,5,1.38,2.0,1.14,4
Dortmund B,8,4,2,2,14,8,6,14,germany3,0.5,0.75,6,1.75,2.0,1.33,5
Mannheim,8,4,2,2,12,8,4,14,germany3,0.5,0.75,4,1.5,2.0,1.33,5
Alemannia A.,8,3,5,0,8,4,4,14,germany3,0.38,1.0,4,1.0,2.63,1.0,5
VfB Stuttgart B,8,4,1,3,15,13,2,13,germany3,0.5,0.62,2,1.88,2.0,1.61,6
Sandhausen,8,4,1,3,20,19,1,13,germany3,0.5,0.62,1,2.5,2.0,1.61,6
Wehen Wiesbaden,8,4,1,3,12,16,-4,13,germany3,0.5,0.62,-4,1.5,2.0,1.61,6
Osnabruck,8,3,3,2,12,13,-1,12,germany3,0.38,0.75,-1,1.5,2.63,1.33,7
RW Essen,8,3,2,3,13,14,-1,11,germany3,0.38,0.62,-1,1.62,2.63,1.61,8
Verl,8,2,4,2,8,11,-3,10,germany3,0.25,0.75,-3,1.0,4.0,1.33,9
Erzgebirge Aue,8,3,1,4,13,17,-4,10,germany3,0.38,0.5,-4,1.62,2.63,2.0,9
1860 Munchen,8,2,1,5,12,17,-5,7,germany3,0.25,0.38,-5,1.5,4.0,2.63,10
Hannover 96 B,8,2,1,5,9,16,-7,7,germany3,0.25,0.38,-7,1.12,4.0,2.63,10
Unterhaching,8,0,6,2,8,12,-4,6,germany3,0.0,0.75,-4,1.0,0.0,1.33,11
Bibiani GS,7,6,1,0,10,2,8,19,ghana,0.86,1.0,8,1.43,1.16,1.0,1
Heart of Lions,7,5,2,0,10,1,9,17,ghana,0.71,1.0,9,1.43,1.41,1.0,2
Bechem Utd,7,5,2,0,6,0,6,17,ghana,0.71,1.0,6,0.86,1.41,1.0,2
Holy Stars,7,4,2,1,9,4,5,14,ghana,0.57,0.86,5,1.29,1.75,1.16,3
Nsoatreman,7,3,4,0,11,5,6,13,ghana,0.43,1.0,6,1.57,2.33,1.0,4
Samartex,7,4,1,2,7,4,3,13,ghana,0.57,0.71,3,1.0,1.75,1.41,4
Asante Kotoko,7,4,1,2,5,4,1,13,ghana,0.57,0.71,1,0.71,1.75,1.41,4
Nations,7,3,3,1,10,2,8,12,ghana,0.43,0.86,8,1.43,2.33,1.16,5
Berekum Chelsea,7,3,3,1,9,6,3,12,ghana,0.43,0.86,3,1.29,2.33,1.16,5
Hearts of Oak,7,3,2,2,7,4,3,11,ghana,0.43,0.71,3,1.0,2.33,1.41,6
Medeama,6,3,2,1,4,2,2,11,ghana,0.5,0.83,2,0.67,2.0,1.2,6
Accra Lions,7,2,4,1,6,5,1,10,ghana,0.29,0.86,1,0.86,3.45,1.16,7
Vision,7,2,4,1,6,5,1,10,ghana,0.29,0.86,1,0.86,3.45,1.16,7
Legon Cities,7,3,1,3,6,7,-1,10,ghana,0.43,0.57,-1,0.86,2.33,1.75,7
Aduana Stars,7,2,3,2,7,7,0,9,ghana,0.29,0.71,0,1.0,3.45,1.41,8
Young Apostles,7,2,3,2,6,6,0,9,ghana,0.29,0.71,0,0.86,3.45,1.41,8
Dreams,7,1,3,3,4,6,-2,6,ghana,0.14,0.57,-2,0.57,7.14,1.75,9
Karela,7,1,3,3,4,6,-2,6,ghana,0.14,0.57,-2,0.57,7.14,1.75,9
St Josephs,7,7,0,0,15,4,11,21,gibraltar,1.0,1.0,11,2.14,1.0,1.0,1
Lincoln RI,7,6,1,0,18,1,17,19,gibraltar,0.86,1.0,17,2.57,1.16,1.0,2
Europa FC,7,4,2,1,17,6,11,14,gibraltar,0.57,0.86,11,2.43,1.75,1.16,3
Magpies,7,4,1,2,12,10,2,13,gibraltar,0.57,0.71,2,1.71,1.75,1.41,4
Manchester 62,7,3,2,2,14,13,1,11,gibraltar,0.43,0.71,1,2.0,2.33,1.41,5
Lions FC,7,3,1,3,14,14,0,10,gibraltar,0.43,0.57,0,2.0,2.33,1.75,6
Lynx,7,3,1,3,12,14,-2,10,gibraltar,0.43,0.57,-2,1.71,2.33,1.75,6
Mons Calpe,8,3,0,5,10,17,-7,9,gibraltar,0.38,0.38,-7,1.25,2.63,2.63,7
Glacis Utd,8,2,1,5,11,20,-9,7,gibraltar,0.25,0.38,-9,1.38,4.0,2.63,8
College 1975,7,1,2,4,3,16,-13,5,gibraltar,0.14,0.43,-13,0.43,7.14,2.33,9
Europa Point,8,0,1,7,4,36,-32,1,gibraltar,0.0,0.12,-32,0.5,0.0,8.33,10
Olympiakos,8,6,2,0,16,5,11,20,greece,0.75,1.0,11,2.0,1.33,1.0,1
Aris,8,6,1,1,13,5,8,19,greece,0.75,0.88,8,1.62,1.33,1.14,2
AEK Athens,8,5,3,0,17,3,14,18,greece,0.62,1.0,14,2.12,1.61,1.0,3
Panathinaikos,8,4,3,1,8,4,4,15,greece,0.5,0.88,4,1.0,2.0,1.14,4
PAOK,8,3,2,3,13,10,3,11,greece,0.38,0.62,3,1.62,2.63,1.61,5
Asteras T.,8,3,1,4,9,8,1,10,greece,0.38,0.5,1,1.12,2.63,2.0,6
Panaitolikos,8,3,1,4,8,7,1,10,greece,0.38,0.5,1,1.0,2.63,2.0,6
OFI Crete,8,2,2,4,12,12,0,8,greece,0.25,0.5,0,1.5,4.0,2.0,7
Atromitos,8,2,2,4,9,11,-2,8,greece,0.25,0.5,-2,1.12,4.0,2.0,7
Panserraikos,8,2,2,4,10,14,-4,8,greece,0.25,0.5,-4,1.25,4.0,2.0,7
Levadiakos,8,1,4,3,7,12,-5,7,greece,0.12,0.62,-5,0.88,8.33,1.61,8
Volos,8,1,2,5,5,13,-8,5,greece,0.12,0.38,-8,0.62,8.33,2.63,9
A. Kallithea,8,0,4,4,8,16,-8,4,greece,0.0,0.5,-8,1.0,0.0,2.0,10
Lamia,8,0,3,5,3,10,-7,3,greece,0.0,0.38,-7,0.38,0.0,2.63,11
Municipal,8,6,2,0,20,5,15,20,guatemala,0.75,1.0,15,2.5,1.33,1.0,1
Xelaju,8,6,2,0,18,4,14,20,guatemala,0.75,1.0,14,2.25,1.33,1.0,1
Antigua GFC,8,5,2,1,18,9,9,17,guatemala,0.62,0.88,9,2.25,1.61,1.14,2
Malacateco,8,5,1,2,12,3,9,16,guatemala,0.62,0.75,9,1.5,1.61,1.33,3
Xinabajul,8,5,1,2,15,9,6,16,guatemala,0.62,0.75,6,1.88,1.61,1.33,3
Coban Imperial,8,4,3,1,17,8,9,15,guatemala,0.5,0.88,9,2.12,2.0,1.14,4
Mixco,8,4,3,1,7,3,4,15,guatemala,0.5,0.88,4,0.88,2.0,1.14,4
Achuapa,8,3,4,1,10,7,3,13,guatemala,0.38,0.88,3,1.25,2.63,1.14,5
Comunicaciones,8,4,1,3,13,11,2,13,guatemala,0.5,0.62,2,1.62,2.0,1.61,5
Guastatoya,8,2,4,2,12,8,4,10,guatemala,0.25,0.75,4,1.5,4.0,1.33,6
Marquense,8,2,4,2,8,7,1,10,guatemala,0.25,0.75,1,1.0,4.0,1.33,6
Zacapa Tellioz,8,0,4,4,2,7,-5,4,guatemala,0.0,0.5,-5,0.25,0.0,2.0,7
Olimpia,8,6,2,0,23,6,17,20,honduras,0.75,1.0,17,2.88,1.33,1.0,1
Olancho,8,5,2,1,20,6,14,17,honduras,0.62,0.88,14,2.5,1.61,1.14,2
Victoria,8,5,1,2,18,10,8,16,honduras,0.62,0.75,8,2.25,1.61,1.33,3
Motagua,8,4,2,2,16,12,4,14,honduras,0.5,0.75,4,2.0,2.0,1.33,4
UPNFM,8,4,1,3,11,11,0,13,honduras,0.5,0.62,0,1.38,2.0,1.61,5
Marathon,8,3,3,2,11,7,4,12,honduras,0.38,0.75,4,1.38,2.63,1.33,6
Genesis,8,3,3,2,11,8,3,12,honduras,0.38,0.75,3,1.38,2.63,1.33,6
Real Espana,8,3,3,2,8,8,0,12,honduras,0.38,0.75,0,1.0,2.63,1.33,6
Juticalpa,8,2,2,4,6,8,-2,8,honduras,0.25,0.5,-2,0.75,4.0,2.0,7
Real Sociedad,8,1,4,3,5,11,-6,7,honduras,0.12,0.62,-6,0.62,8.33,1.61,8
Tai Po,6,5,1,0,14,4,10,16,hongkong,0.83,1.0,10,2.33,1.2,1.0,1
Eastern,4,4,0,0,13,2,11,12,hongkong,1.0,1.0,11,3.25,1.0,1.0,2
LM Warriors,5,4,0,1,13,6,7,12,hongkong,0.8,0.8,7,2.6,1.25,1.25,2
Kitchee,5,3,2,0,20,3,17,11,hongkong,0.6,1.0,17,4.0,1.67,1.0,3
Kowloon City,4,2,1,1,5,7,-2,7,hongkong,0.5,0.75,-2,1.25,2.0,1.33,4
Hong Kong FC,5,2,0,3,7,9,-2,6,hongkong,0.4,0.4,-2,1.4,2.5,2.5,5
Southern D.,4,1,1,2,4,5,-1,4,hongkong,0.25,0.5,-1,1.0,4.0,2.0,6
North District,4,0,2,2,7,11,-4,2,hongkong,0.0,0.5,-4,1.75,0.0,2.0,7
HK Rangers,2,0,1,1,3,6,-3,1,hongkong,0.0,0.5,-3,1.5,0.0,2.0,8
Ferencvaros,8,6,2,0,15,6,9,20,hungary,0.75,1.0,9,1.88,1.33,1.0,1
Paks,8,6,1,1,19,12,7,19,hungary,0.75,0.88,7,2.38,1.33,1.14,2
Puskas A.,8,5,2,1,13,7,6,17,hungary,0.62,0.88,6,1.62,1.61,1.14,3
Fehervar,8,5,1,2,16,6,10,16,hungary,0.62,0.75,10,2.0,1.61,1.33,4
Ujpest,8,3,5,0,9,2,7,14,hungary,0.38,1.0,7,1.12,2.63,1.0,5
MTK Budapest,8,4,2,2,17,12,5,14,hungary,0.5,0.75,5,2.12,2.0,1.33,5
DVTK,8,4,2,2,9,8,1,14,hungary,0.5,0.75,1,1.12,2.0,1.33,5
Zalaegerszegi,8,4,0,4,12,11,1,12,hungary,0.5,0.5,1,1.5,2.0,2.0,6
Nyiregyhaza,8,3,2,3,13,14,-1,11,hungary,0.38,0.62,-1,1.62,2.63,1.61,7
Gyor,8,2,2,4,12,14,-2,8,hungary,0.25,0.5,-2,1.5,4.0,2.0,8
Debrecen,8,2,2,4,15,20,-5,8,hungary,0.25,0.5,-5,1.88,4.0,2.0,8
Kecskemeti TE,8,1,3,4,4,11,-7,6,hungary,0.12,0.5,-7,0.5,8.33,2.0,9
Kozarmisleny,8,5,2,1,15,8,7,17,hungary2,0.62,0.88,7,1.88,1.61,1.14,1
Soroksar,8,5,1,2,15,8,7,16,hungary2,0.62,0.75,7,1.88,1.61,1.33,2
Kisvarda,7,5,1,1,16,10,6,16,hungary2,0.71,0.86,6,2.29,1.41,1.16,2
Vasas,8,5,1,2,15,10,5,16,hungary2,0.62,0.75,5,1.88,1.61,1.33,2
Kazincbarcika,8,5,1,2,13,8,5,16,hungary2,0.62,0.75,5,1.62,1.61,1.33,2
Csakvari,8,4,2,2,13,10,3,14,hungary2,0.5,0.75,3,1.62,2.0,1.33,3
Szeged,6,3,2,1,10,7,3,11,hungary2,0.5,0.83,3,1.67,2.0,1.2,4
Ajka,8,2,5,1,11,9,2,11,hungary2,0.25,0.88,2,1.38,4.0,1.14,4
Bekescsaba,7,3,2,2,10,8,2,11,hungary2,0.43,0.71,2,1.43,2.33,1.41,4
Szentlorinc,7,3,2,2,10,8,2,11,hungary2,0.43,0.71,2,1.43,2.33,1.41,4
Gyirmot,5,3,1,1,9,5,4,10,hungary2,0.6,0.8,4,1.8,1.67,1.25,5
Honved,7,3,1,3,6,6,0,10,hungary2,0.43,0.57,0,0.86,2.33,1.75,5
Budafoki,8,2,3,3,9,14,-5,9,hungary2,0.25,0.62,-5,1.12,4.0,1.61,6
Tatabanya,8,2,1,5,6,16,-10,7,hungary2,0.25,0.38,-10,0.75,4.0,2.63,7
Mezokovesd,8,1,3,4,11,13,-2,6,hungary2,0.12,0.5,-2,1.38,8.33,2.0,8
BVSC,5,0,4,1,1,3,-2,4,hungary2,0.0,0.8,-2,0.2,0.0,1.25,9
Breidablik,8,6,2,0,22,10,12,20,iceland,0.75,1.0,12,2.75,1.33,1.0,1
Stjarnan,8,6,1,1,17,10,7,19,iceland,0.75,0.88,7,2.12,1.33,1.14,2
Valur,8,5,1,2,26,11,15,16,iceland,0.62,0.75,15,3.25,1.61,1.33,3
KR Reykjavik,8,4,3,1,24,11,13,15,iceland,0.5,0.88,13,3.0,2.0,1.14,4
IA Akranes,8,5,0,3,22,12,10,15,iceland,0.62,0.62,10,2.75,1.61,1.61,4
Vikingur R.,8,4,2,2,17,12,5,14,iceland,0.5,0.75,5,2.12,2.0,1.33,5
HK Kopavogur,8,4,2,2,14,13,1,14,iceland,0.5,0.75,1,1.75,2.0,1.33,5
KA Akureyri,8,4,2,2,13,14,-1,14,iceland,0.5,0.75,-1,1.62,2.0,1.33,5
Fram,8,4,1,3,16,15,1,13,iceland,0.5,0.62,1,2.0,2.0,1.61,6
Vestri,8,2,3,3,7,10,-3,9,iceland,0.25,0.62,-3,0.88,4.0,1.61,7
Fylkir,8,2,2,4,10,16,-6,8,iceland,0.25,0.5,-6,1.25,4.0,2.0,8
Hafnarfjordur,8,1,4,3,10,13,-3,7,iceland,0.12,0.62,-3,1.25,8.33,1.61,9
Keflavik,8,6,2,0,19,9,10,20,iceland2,0.75,1.0,10,2.38,1.33,1.0,1
IBV,8,6,1,1,21,7,14,19,iceland2,0.75,0.88,14,2.62,1.33,1.14,2
IR Reykjavik,8,5,2,1,12,4,8,17,iceland2,0.62,0.88,8,1.5,1.61,1.14,3
Throttur R.,8,5,1,2,16,10,6,16,iceland2,0.62,0.75,6,2.0,1.61,1.33,4
Leiknir R.,8,4,2,2,16,9,7,14,iceland2,0.5,0.75,7,2.0,2.0,1.33,5
Fjolnir,8,4,2,2,16,11,5,14,iceland2,0.5,0.75,5,2.0,2.0,1.33,5
Grindavik,8,3,4,1,18,14,4,13,iceland2,0.38,0.88,4,2.25,2.63,1.14,6
Njardvik,8,3,3,2,10,9,1,12,iceland2,0.38,0.75,1,1.25,2.63,1.33,7
Thor Akureyri,8,2,4,2,11,11,0,10,iceland2,0.25,0.75,0,1.38,4.0,1.33,8
Afturelding,8,3,1,4,10,12,-2,10,iceland2,0.38,0.5,-2,1.25,2.63,2.0,8
Grotta,8,2,0,6,12,20,-8,6,iceland2,0.25,0.25,-8,1.5,4.0,4.0,9
Dalvik / Reynir,8,0,3,5,6,20,-14,3,iceland2,0.0,0.38,-14,0.75,0.0,2.63,10
V. Olafsvik,8,8,0,0,23,7,16,24,iceland3,1.0,1.0,16,2.88,1.0,1.0,1
Throttur Vogar,8,7,0,1,29,7,22,21,iceland3,0.88,0.88,22,3.62,1.14,1.14,2
Volsungur,8,5,1,2,17,7,10,16,iceland3,0.62,0.75,10,2.12,1.61,1.33,3
Selfoss,8,4,2,2,20,14,6,14,iceland3,0.5,0.75,6,2.5,2.0,1.33,4
Fjallabyggd,8,4,2,2,14,12,2,14,iceland3,0.5,0.75,2,1.75,2.0,1.33,4
Fjardabyggd/L.,8,4,1,3,24,17,7,13,iceland3,0.5,0.62,7,3.0,2.0,1.61,5
Haukar,8,4,0,4,20,19,1,12,iceland3,0.5,0.5,1,2.5,2.0,2.0,6
KFG,8,2,3,3,21,23,-2,9,iceland3,0.25,0.62,-2,2.62,4.0,1.61,7
Hottur/Huginn,8,3,0,5,10,12,-2,9,iceland3,0.38,0.38,-2,1.25,2.63,2.63,7
AEggir,8,1,3,4,7,11,-4,6,iceland3,0.12,0.5,-4,0.88,8.33,2.0,8
Reynir,8,1,2,5,6,14,-8,5,iceland3,0.12,0.38,-8,0.75,8.33,2.63,9
Kormakur/Hvot,8,1,1,6,7,18,-11,4,iceland3,0.12,0.25,-11,0.88,8.33,4.0,10
Bengaluru,7,5,2,0,16,6,10,17,india,0.71,1.0,10,2.29,1.41,1.0,1
Mohun Bagan,6,5,1,0,15,6,9,16,india,0.83,1.0,9,2.5,1.2,1.0,2
Jamshedpur,6,5,0,1,13,10,3,15,india,0.83,0.83,3,2.17,1.2,1.2,3
Punjab,5,4,0,1,10,5,5,12,india,0.8,0.8,5,2.0,1.25,1.25,4
Odisha FC,7,3,3,1,13,10,3,12,india,0.43,0.86,3,1.86,2.33,1.16,4
Mumbai City,6,3,2,1,7,6,1,11,india,0.5,0.83,1,1.17,2.0,1.2,5
Goa,6,3,1,2,12,9,3,10,india,0.5,0.67,3,2.0,2.0,1.49,6
East Bengal,7,3,1,3,9,9,0,10,india,0.43,0.57,0,1.29,2.33,1.75,6
Kerala Blasters,7,3,0,4,11,9,2,9,india,0.43,0.43,2,1.57,2.33,2.33,7
NorthEast Utd,5,2,1,2,11,8,3,7,india,0.4,0.6,3,2.2,2.5,1.67,8
Chennaiyin,5,1,2,2,4,6,-2,5,india,0.2,0.6,-2,0.8,5.0,1.67,9
Mohammedan,6,0,1,5,3,11,-8,1,india,0.0,0.17,-8,0.5,0.0,5.88,10
Hyderabad,5,0,1,4,2,15,-13,1,india,0.0,0.2,-13,0.4,0.0,5.0,10
Inter Kashi,4,3,0,1,10,5,5,9,india2,0.75,0.75,5,2.5,1.33,1.33,1
Real Kashmir,4,2,2,0,6,3,3,8,india2,0.5,1.0,3,1.5,2.0,1.0,2
Namdhari,5,2,1,2,5,5,0,7,india2,0.4,0.6,0,1.0,2.5,1.67,3
Shillong Lajong,5,1,3,1,10,4,6,6,india2,0.2,0.8,6,2.0,5.0,1.25,4
Sreenidi Deccan,5,2,0,3,6,7,-1,6,india2,0.4,0.4,-1,1.2,2.5,2.5,4
Aizawl,4,1,2,1,4,3,1,5,india2,0.25,0.75,1,1.0,4.0,1.33,5
SC Bengaluru,4,1,2,1,6,6,0,5,india2,0.25,0.75,0,1.5,4.0,1.33,5
Delhi FC,1,1,0,0,3,1,2,3,india2,1.0,1.0,2,3.0,1.0,1.0,6
Churchill B.,1,1,0,0,2,0,2,3,india2,1.0,1.0,2,2.0,1.0,1.0,6
Gokulam,3,0,2,1,1,2,-1,2,india2,0.0,0.67,-1,0.33,0.0,1.49,7
Rajasthan,1,0,1,0,0,0,0,1,india2,0.0,1.0,0,0.0,0.0,1.0,8
Dempo,0,0,0,0,0,0,0,0,india2,0.0,0.0,0,0.0,0.0,0.0,9
Persib,8,6,2,0,14,4,10,20,indonesia,0.75,1.0,10,1.75,1.33,1.0,1
Persebaya S.,8,6,2,0,16,8,8,20,indonesia,0.75,1.0,8,2.0,1.33,1.0,1
Persija,8,5,3,0,16,5,11,18,indonesia,0.62,1.0,11,2.0,1.61,1.0,2
Borneo,7,5,2,0,12,0,12,17,indonesia,0.71,1.0,12,1.71,1.41,1.0,3
Bali Utd,7,4,3,0,12,4,8,15,indonesia,0.57,1.0,8,1.71,1.75,1.0,4
Dewa Utd,8,4,3,1,15,11,4,15,indonesia,0.5,0.88,4,1.88,2.0,1.14,4
PSM,8,3,4,1,8,5,3,13,indonesia,0.38,0.88,3,1.0,2.63,1.14,5
Persik Kediri,8,4,1,3,6,5,1,13,indonesia,0.5,0.62,1,0.75,2.0,1.61,5
PSBS Biak N.,8,4,0,4,13,13,0,12,indonesia,0.5,0.5,0,1.62,2.0,2.0,6
Arema,7,3,2,2,11,8,3,11,indonesia,0.43,0.71,3,1.57,2.33,1.41,7
Malut United,7,2,4,1,9,8,1,10,indonesia,0.29,0.86,1,1.29,3.45,1.16,8
PSIS Semarang,8,3,0,5,6,10,-4,9,indonesia,0.38,0.38,-4,0.75,2.63,2.63,9
Persis Solo,7,2,2,3,8,7,1,8,indonesia,0.29,0.57,1,1.14,3.45,1.75,10
Madura Utd,8,2,2,4,10,12,-2,8,indonesia,0.25,0.5,-2,1.25,4.0,2.0,10
Persita,7,2,2,3,4,7,-3,8,indonesia,0.29,0.57,-3,0.57,3.45,1.75,10
PSS Sleman,8,2,1,5,8,11,-3,7,indonesia,0.25,0.38,-3,1.0,4.0,2.63,11
Semen Padang,8,1,3,4,5,15,-10,6,indonesia,0.12,0.5,-10,0.62,8.33,2.0,12
Barito Putera,8,1,2,5,6,16,-10,5,indonesia,0.12,0.38,-10,0.75,8.33,2.63,13
Sepahan,7,5,1,1,9,4,5,16,iran,0.71,0.86,5,1.29,1.41,1.16,1
Chadormalu,6,4,2,0,6,2,4,14,iran,0.67,1.0,4,1.0,1.49,1.0,2
Persepolis,7,4,1,2,9,5,4,13,iran,0.57,0.71,4,1.29,1.75,1.41,3
E. Khuzestan,7,3,3,1,6,4,2,12,iran,0.43,0.86,2,0.86,2.33,1.16,4
Malavan,7,4,0,3,8,7,1,12,iran,0.57,0.57,1,1.14,1.75,1.75,4
Aluminium Arak,6,2,4,0,7,4,3,10,iran,0.33,1.0,3,1.17,3.03,1.0,5
Foolad,6,2,3,1,6,6,0,9,iran,0.33,0.83,0,1.0,3.03,1.2,6
K. Khorramabad,7,2,2,3,8,9,-1,8,iran,0.29,0.57,-1,1.14,3.45,1.75,7
Zob Ahan,6,2,2,2,5,7,-2,8,iran,0.33,0.67,-2,0.83,3.03,1.49,7
Tractor Sazi,6,2,1,3,5,5,0,7,iran,0.33,0.5,0,0.83,3.03,2.0,8
Shams A. Qazvin,6,1,3,2,6,8,-2,6,iran,0.17,0.67,-2,1.0,5.88,1.49,9
Mes Rafsanjan,7,1,3,3,5,9,-4,6,iran,0.14,0.57,-4,0.71,7.14,1.75,9
Gol Gohar,6,1,2,3,3,5,-2,5,iran,0.17,0.5,-2,0.5,5.88,2.0,10
Esteghlal,6,1,2,3,3,8,-5,5,iran,0.17,0.5,-5,0.5,5.88,2.0,10
N. Mazandaran,7,0,4,3,3,6,-3,4,iran,0.0,0.57,-3,0.43,0.0,1.75,11
Havadar,7,0,0,7,1,11,-10,0,iran,0.0,0.0,-10,0.14,0.0,0.0,12
Erbil,6,4,2,0,14,7,7,14,iraq,0.67,1.0,7,2.33,1.49,1.0,1
Al Quwa Al J.,5,4,1,0,7,2,5,13,iraq,0.8,1.0,5,1.4,1.25,1.0,2
Al Zawraa,6,4,1,1,10,6,4,13,iraq,0.67,0.83,4,1.67,1.49,1.2,2
Al Talaba,6,4,1,1,5,1,4,13,iraq,0.67,0.83,4,0.83,1.49,1.2,2
Zakho,5,3,2,0,12,4,8,11,iraq,0.6,1.0,8,2.4,1.67,1.0,3
Al Minaa Basra,6,3,2,1,7,3,4,11,iraq,0.5,0.83,4,1.17,2.0,1.2,3
Al Najaf,5,3,1,1,8,3,5,10,iraq,0.6,0.8,5,1.6,1.67,1.25,4
Karbala,6,2,4,0,6,4,2,10,iraq,0.33,1.0,2,1.0,3.03,1.0,4
Al Naft,5,3,0,2,5,3,2,9,iraq,0.6,0.6,2,1.0,1.67,1.67,5
Naft Maysan,6,2,3,1,3,2,1,9,iraq,0.33,0.83,1,0.5,3.03,1.2,5
Naft Al-Basra,6,2,2,2,4,8,-4,8,iraq,0.33,0.67,-4,0.67,3.03,1.49,6
Al Kahrabaa,4,2,1,1,3,2,1,7,iraq,0.5,0.75,1,0.75,2.0,1.33,7
Duhok,6,2,1,3,6,6,0,7,iraq,0.33,0.5,0,1.0,3.03,2.0,7
Al-Karma,5,2,1,2,5,5,0,7,iraq,0.4,0.6,0,1.0,2.5,1.67,7
Al-Qasim,5,1,3,1,5,2,3,6,iraq,0.2,0.8,3,1.0,5.0,1.25,8
Al Shorta,5,1,3,1,5,5,0,6,iraq,0.2,0.8,0,1.0,5.0,1.25,8
Newroz SC,4,2,0,2,5,6,-1,6,iraq,0.5,0.5,-1,1.25,2.0,2.0,8
Al Karkh,5,1,2,2,5,7,-2,5,iraq,0.2,0.6,-2,1.0,5.0,1.67,9
Diala,6,0,2,4,2,11,-9,2,iraq,0.0,0.33,-9,0.33,0.0,3.03,10
Al Hudod,5,0,0,5,1,8,-7,0,iraq,0.0,0.0,-7,0.2,0.0,0.0,11
St. Patricks,8,6,1,1,17,8,9,19,ireland,0.75,0.88,9,2.12,1.33,1.14,1
Sligo Rovers,8,6,0,2,12,7,5,18,ireland,0.75,0.75,5,1.5,1.33,1.33,2
Shamrock Rovers,8,5,2,1,12,6,6,17,ireland,0.62,0.88,6,1.5,1.61,1.14,3
Shelbourne,8,4,3,1,11,6,5,15,ireland,0.5,0.88,5,1.38,2.0,1.14,4
Drogheda Utd,8,3,4,1,14,5,9,13,ireland,0.38,0.88,9,1.75,2.63,1.14,5
Derry City,8,3,4,1,14,6,8,13,ireland,0.38,0.88,8,1.75,2.63,1.14,5
Galway Utd,8,3,4,1,9,7,2,13,ireland,0.38,0.88,2,1.12,2.63,1.14,5
Waterford,8,2,2,4,6,8,-2,8,ireland,0.25,0.5,-2,0.75,4.0,2.0,6
Bohemians,8,1,3,4,8,13,-5,6,ireland,0.12,0.5,-5,1.0,8.33,2.0,7
Dundalk,8,1,0,7,5,14,-9,3,ireland,0.12,0.12,-9,0.62,8.33,8.33,8
Cork City,8,5,3,0,16,5,11,18,ireland2,0.62,1.0,11,2.0,1.61,1.0,1
Wexford,8,5,1,2,14,5,9,16,ireland2,0.62,0.75,9,1.75,1.61,1.33,2
Bray Wanderers,8,4,2,2,16,8,8,14,ireland2,0.5,0.75,8,2.0,2.0,1.33,3
Longford Town,8,3,3,2,12,10,2,12,ireland2,0.38,0.75,2,1.5,2.63,1.33,4
Finn Harps,8,3,2,3,9,9,0,11,ireland2,0.38,0.62,0,1.12,2.63,1.61,5
UC Dublin,8,2,4,2,10,8,2,10,ireland2,0.25,0.75,2,1.25,4.0,1.33,6
Athlone Town,8,3,1,4,16,15,1,10,ireland2,0.38,0.5,1,2.0,2.63,2.0,6
Cobh Ramblers,8,3,1,4,10,11,-1,10,ireland2,0.38,0.5,-1,1.25,2.63,2.0,6
Treaty Utd,8,2,3,3,10,11,-1,9,ireland2,0.25,0.62,-1,1.25,4.0,1.61,7
Kerry,8,2,3,3,10,13,-3,9,ireland2,0.25,0.62,-3,1.25,4.0,1.61,7
H. Beer Sheva,8,7,1,0,22,6,16,22,israel,0.88,1.0,16,2.75,1.14,1.0,1
B. Jerusalem,8,6,2,0,19,7,12,20,israel,0.75,1.0,12,2.38,1.33,1.0,2
Kiryat Shmona,8,5,1,2,12,10,2,16,israel,0.62,0.75,2,1.5,1.61,1.33,3
M. Tel Aviv,7,4,2,1,11,7,4,14,israel,0.57,0.86,4,1.57,1.75,1.16,4
Maccabi Haifa,5,4,0,1,13,5,8,12,israel,0.8,0.8,8,2.6,1.25,1.25,5
H. Jerusalem,8,3,2,3,13,11,2,11,israel,0.38,0.62,2,1.62,2.63,1.61,6
Sakhnin,7,3,2,2,7,9,-2,11,israel,0.43,0.71,-2,1.0,2.33,1.41,6
Hapoel Haifa,6,3,1,2,11,8,3,10,israel,0.5,0.67,3,1.83,2.0,1.49,7
M. Bnei Raina,8,3,1,4,9,12,-3,10,israel,0.38,0.5,-3,1.12,2.63,2.0,7
Ironi Tiberias,7,2,2,3,5,8,-3,8,israel,0.29,0.57,-3,0.71,3.45,1.75,8
Maccabi Netanya,7,2,1,4,8,11,-3,7,israel,0.29,0.43,-3,1.14,3.45,2.33,9
Ashdod,8,2,1,5,7,12,-5,7,israel,0.25,0.38,-5,0.88,4.0,2.63,9
Hapoel Hadera,8,1,4,3,5,12,-7,7,israel,0.12,0.62,-7,0.62,8.33,1.61,9
M. Petah Tikva,8,1,3,4,6,13,-7,6,israel,0.12,0.5,-7,0.75,8.33,2.0,10
H. Kfar Shalem,8,6,1,1,16,8,8,19,israel2,0.75,0.88,8,2.0,1.33,1.14,1
Hapoel Tel Aviv,8,5,2,1,17,6,11,17,israel2,0.62,0.88,11,2.12,1.61,1.14,2
H. Petah Tikva,8,5,2,1,14,8,6,17,israel2,0.62,0.88,6,1.75,1.61,1.14,2
Bnei Yehuda,8,5,1,2,12,7,5,16,israel2,0.62,0.75,5,1.5,1.61,1.33,3
H. Ramat Gan,7,5,0,2,17,9,8,15,israel2,0.71,0.71,8,2.43,1.41,1.41,4
M. Herziliya,8,4,3,1,13,12,1,15,israel2,0.5,0.88,1,1.62,2.0,1.14,4
Ramat Hasharon,8,4,1,3,20,15,5,13,israel2,0.5,0.62,5,2.5,2.0,1.61,5
Kafr Qasim,8,3,3,2,10,4,6,12,israel2,0.38,0.75,6,1.25,2.63,1.33,6
Maccabi Jaffa,8,3,3,2,14,12,2,12,israel2,0.38,0.75,2,1.75,2.63,1.33,6
H. Ironi Rishon,8,3,0,5,8,11,-3,9,israel2,0.38,0.38,-3,1.0,2.63,2.63,7
H. Kfar Saba,8,1,5,2,13,15,-2,8,israel2,0.12,0.75,-2,1.62,8.33,1.33,8
Hapoel Raanana,8,2,2,4,8,10,-2,8,israel2,0.25,0.5,-2,1.0,4.0,2.0,8
Hapoel Akko,7,2,0,5,5,10,-5,6,israel2,0.29,0.29,-5,0.71,3.45,3.45,9
H. Umm al-Fahm,8,1,2,5,4,10,-6,5,israel2,0.12,0.38,-6,0.5,8.33,2.63,10
H. Nof Hagalil,8,1,2,5,10,17,-7,5,israel2,0.12,0.38,-7,1.25,8.33,2.63,10
Hapoel Afula,8,0,4,4,6,18,-12,4,israel2,0.0,0.5,-12,0.75,0.0,2.0,11
Atalanta,8,7,0,1,25,11,14,21,italy,0.88,0.88,14,3.12,1.14,1.14,1
Lazio,8,6,1,1,17,12,5,19,italy,0.75,0.88,5,2.12,1.33,1.14,2
Napoli,8,6,0,2,12,6,6,18,italy,0.75,0.75,6,1.5,1.33,1.33,3
Inter Milan,8,5,2,1,19,10,9,17,italy,0.62,0.88,9,2.38,1.61,1.14,4
Fiorentina,8,5,2,1,16,8,8,17,italy,0.62,0.88,8,2.0,1.61,1.14,4
AS Roma,8,5,0,3,17,8,9,15,italy,0.62,0.62,9,2.12,1.61,1.61,5
AC Milan,8,4,3,1,13,4,9,15,italy,0.5,0.88,9,1.62,2.0,1.14,5
Bologna,7,3,4,0,8,3,5,13,italy,0.43,1.0,5,1.14,2.33,1.0,6
Juventus,8,2,6,0,10,7,3,12,italy,0.25,1.0,3,1.25,4.0,1.0,7
Udinese,8,4,0,4,9,11,-2,12,italy,0.5,0.5,-2,1.12,2.0,2.0,7
Lecce,8,3,3,2,9,13,-4,12,italy,0.38,0.75,-4,1.12,2.63,1.33,7
Venezia,8,3,1,4,10,11,-1,10,italy,0.38,0.5,-1,1.25,2.63,2.0,8
Como,7,2,3,2,10,13,-3,9,italy,0.29,0.71,-3,1.43,3.45,1.41,9
Torino,8,2,2,4,6,9,-3,8,italy,0.25,0.5,-3,0.75,4.0,2.0,10
Cagliari,8,2,2,4,8,15,-7,8,italy,0.25,0.5,-7,1.0,4.0,2.0,10
Parma,8,2,1,5,13,16,-3,7,italy,0.25,0.38,-3,1.62,4.0,2.63,11
Empoli,8,1,4,3,2,6,-4,7,italy,0.12,0.62,-4,0.25,8.33,1.61,11
Hellas Verona,8,2,0,6,8,22,-14,6,italy,0.25,0.25,-14,1.0,4.0,4.0,12
Genoa,8,0,5,3,7,12,-5,5,italy,0.0,0.62,-5,0.88,0.0,1.61,13
Monza,8,0,3,5,7,12,-5,3,italy,0.0,0.38,-5,0.88,0.0,2.63,14
Spezia,8,7,1,0,18,4,14,22,italy2,0.88,1.0,14,2.25,1.14,1.0,1
Pisa,8,6,2,0,16,5,11,20,italy2,0.75,1.0,11,2.0,1.33,1.0,2
Sassuolo,8,6,1,1,21,7,14,19,italy2,0.75,0.88,14,2.62,1.33,1.14,3
Cesena,8,5,2,1,17,11,6,17,italy2,0.62,0.88,6,2.12,1.61,1.14,4
Mantova,8,4,3,1,9,5,4,15,italy2,0.5,0.88,4,1.12,2.0,1.14,5
Carrarese,8,4,3,1,7,3,4,15,italy2,0.5,0.88,4,0.88,2.0,1.14,5
Bari,8,3,4,1,10,7,3,13,italy2,0.38,0.88,3,1.25,2.63,1.14,6
Catanzaro,8,3,3,2,13,9,4,12,italy2,0.38,0.75,4,1.62,2.63,1.33,7
Modena,8,3,3,2,12,9,3,12,italy2,0.38,0.75,3,1.5,2.63,1.33,7
Juve Stabia,8,3,2,3,9,11,-2,11,italy2,0.38,0.62,-2,1.12,2.63,1.61,8
Palermo,8,2,3,3,7,6,1,9,italy2,0.25,0.62,1,0.88,4.0,1.61,9
Brescia,8,2,3,3,13,13,0,9,italy2,0.25,0.62,0,1.62,4.0,1.61,9
Sampdoria,8,2,3,3,6,7,-1,9,italy2,0.25,0.62,-1,0.75,4.0,1.61,9
Cremonese,8,2,3,3,7,10,-3,9,italy2,0.25,0.62,-3,0.88,4.0,1.61,9
Cittadella,8,1,5,2,6,7,-1,8,italy2,0.12,0.75,-1,0.75,8.33,1.33,10
Reggiana,8,2,2,4,7,9,-2,8,italy2,0.25,0.5,-2,0.88,4.0,2.0,10
Cosenza,8,1,4,3,5,8,-3,7,italy2,0.12,0.62,-3,0.62,8.33,1.61,11
Frosinone,8,1,4,3,6,10,-4,7,italy2,0.12,0.62,-4,0.75,8.33,1.61,11
Salernitana,8,1,3,4,8,11,-3,6,italy2,0.12,0.5,-3,1.0,8.33,2.0,12
Sudtirol,8,1,2,5,9,17,-8,5,italy2,0.12,0.38,-8,1.12,8.33,2.63,13
Vicenza,8,7,1,0,15,1,14,22,italy3,0.88,1.0,14,1.88,1.14,1.0,1
Atalanta B,8,7,0,1,23,8,15,21,italy3,0.88,0.88,15,2.88,1.14,1.14,2
FeralpiSalo,8,6,2,0,14,4,10,20,italy3,0.75,1.0,10,1.75,1.33,1.0,3
Padova,8,6,2,0,14,4,10,20,italy3,0.75,1.0,10,1.75,1.33,1.0,3
Lecco,8,5,1,2,13,10,3,16,italy3,0.62,0.75,3,1.62,1.61,1.33,4
Trento,8,4,2,2,10,8,2,14,italy3,0.5,0.75,2,1.25,2.0,1.33,5
AlbinoLeffe,8,3,4,1,9,5,4,13,italy3,0.38,0.88,4,1.12,2.63,1.14,6
Arzignano,8,4,1,3,10,8,2,13,italy3,0.5,0.62,2,1.25,2.0,1.61,6
Novara,8,3,3,2,10,6,4,12,italy3,0.38,0.75,4,1.25,2.63,1.33,7
Alcione,8,4,0,4,7,7,0,12,italy3,0.5,0.5,0,0.88,2.0,2.0,7
Virtus Verona,8,3,2,3,11,9,2,11,italy3,0.38,0.62,2,1.38,2.63,1.61,8
Pergolettese,8,3,2,3,9,9,0,11,italy3,0.38,0.62,0,1.12,2.63,1.61,8
Pro Patria,8,1,7,0,8,7,1,10,italy3,0.12,1.0,1,1.0,8.33,1.0,9
Pro Vercelli,8,3,1,4,7,12,-5,10,italy3,0.38,0.5,-5,0.88,2.63,2.0,9
Lumezzane,8,3,1,4,7,13,-6,10,italy3,0.38,0.5,-6,0.88,2.63,2.0,9
Giana Erminio,8,2,3,3,5,7,-2,9,italy3,0.25,0.62,-2,0.62,4.0,1.61,10
Renate,8,2,3,3,4,6,-2,9,italy3,0.25,0.62,-2,0.5,4.0,1.61,10
Caldiero Terme,8,1,3,4,7,14,-7,6,italy3,0.12,0.5,-7,0.88,8.33,2.0,11
Triestina,8,1,2,5,7,14,-7,5,italy3,0.12,0.38,-7,0.88,8.33,2.63,12
Clodiense,8,0,3,5,9,15,-6,3,italy3,0.0,0.38,-6,1.12,0.0,2.63,13
Ternana,8,5,3,0,25,4,21,18,italy4,0.62,1.0,21,3.12,1.61,1.0,1
Entella,8,4,3,1,14,6,8,15,italy4,0.5,0.88,8,1.75,2.0,1.14,2
Vis Pesaro,8,4,3,1,12,7,5,15,italy4,0.5,0.88,5,1.5,2.0,1.14,2
Pianese,8,4,2,2,11,7,4,14,italy4,0.5,0.75,4,1.38,2.0,1.33,3
Pescara,8,4,2,2,9,5,4,14,italy4,0.5,0.75,4,1.12,2.0,1.33,3
Arezzo,8,3,4,1,12,8,4,13,italy4,0.38,0.88,4,1.5,2.63,1.14,4
Campobasso,8,3,3,2,14,8,6,12,italy4,0.38,0.75,6,1.75,2.63,1.33,5
Rimini,8,3,3,2,8,4,4,12,italy4,0.38,0.75,4,1.0,2.63,1.33,5
Athletic Carpi,8,3,3,2,10,8,2,12,italy4,0.38,0.75,2,1.25,2.63,1.33,5
Perugia,8,3,2,3,10,9,1,11,italy4,0.38,0.62,1,1.25,2.63,1.61,6
Pineto,8,3,2,3,9,10,-1,11,italy4,0.38,0.62,-1,1.12,2.63,1.61,6
SPAL,8,3,1,4,8,10,-2,10,italy4,0.38,0.5,-2,1.0,2.63,2.0,7
Pontedera,8,2,3,3,13,11,2,9,italy4,0.25,0.62,2,1.62,4.0,1.61,8
Ascoli,8,2,3,3,9,8,1,9,italy4,0.25,0.62,1,1.12,4.0,1.61,8
Torres,8,2,3,3,8,8,0,9,italy4,0.25,0.62,0,1.0,4.0,1.61,8
Lucchese,8,1,5,2,11,13,-2,8,italy4,0.12,0.75,-2,1.38,8.33,1.33,9
Gubbio,8,2,2,4,6,9,-3,8,italy4,0.25,0.5,-3,0.75,4.0,2.0,9
AC Milan B,8,2,2,4,9,13,-4,8,italy4,0.25,0.5,-4,1.12,4.0,2.0,9
Sestri Levante,8,1,3,4,6,12,-6,6,italy4,0.12,0.5,-6,0.75,8.33,2.0,10
Legnago Salus,8,1,1,6,7,17,-10,4,italy4,0.12,0.25,-10,0.88,8.33,4.0,11
Benevento,8,5,2,1,19,6,13,17,italy5,0.62,0.88,13,2.38,1.61,1.14,1
Picerno,8,5,2,1,15,7,8,17,italy5,0.62,0.88,8,1.88,1.61,1.14,1
Avellino,8,5,1,2,17,5,12,16,italy5,0.62,0.75,12,2.12,1.61,1.33,2
Trapani,8,4,2,2,17,6,11,14,italy5,0.5,0.75,11,2.12,2.0,1.33,3
Monopoli,8,3,5,0,14,6,8,14,italy5,0.38,1.0,8,1.75,2.63,1.0,3
Catania,8,4,2,2,10,5,5,14,italy5,0.5,0.75,5,1.25,2.0,1.33,3
A. Cerignola,8,3,4,1,12,8,4,13,italy5,0.38,0.88,4,1.5,2.63,1.14,4
Crotone,8,4,1,3,14,15,-1,13,italy5,0.5,0.62,-1,1.75,2.0,1.61,4
Potenza,8,3,3,2,17,12,5,12,italy5,0.38,0.75,5,2.12,2.63,1.33,5
Foggia,8,3,3,2,8,6,2,12,italy5,0.38,0.75,2,1.0,2.63,1.33,5
Altamura,8,3,2,3,10,11,-1,11,italy5,0.38,0.62,-1,1.25,2.63,1.61,6
Cavese,8,3,1,4,8,7,1,10,italy5,0.38,0.5,1,1.0,2.63,2.0,7
Sorrento,8,2,4,2,9,10,-1,10,italy5,0.25,0.75,-1,1.12,4.0,1.33,7
Giugliano,8,3,1,4,11,13,-2,10,italy5,0.38,0.5,-2,1.38,2.63,2.0,7
ACR Messina,8,2,3,3,8,10,-2,9,italy5,0.25,0.62,-2,1.0,4.0,1.61,8
Juventus U23,8,2,3,3,7,9,-2,9,italy5,0.25,0.62,-2,0.88,4.0,1.61,8
Taranto,8,2,2,4,6,13,-7,8,italy5,0.25,0.5,-7,0.75,4.0,2.0,9
Casertana,8,1,4,3,4,8,-4,7,italy5,0.12,0.62,-4,0.5,8.33,1.61,10
Latina,8,2,1,5,5,10,-5,7,italy5,0.25,0.38,-5,0.62,4.0,2.63,10
Turris,8,1,3,4,6,14,-8,6,italy5,0.12,0.5,-8,0.75,8.33,2.0,11
Bra,8,7,0,1,26,3,23,21,italy6,0.88,0.88,23,3.25,1.14,1.14,1
Vado,8,6,2,0,16,6,10,20,italy6,0.75,1.0,10,2.0,1.33,1.0,2
Citta di Varese,8,5,2,1,12,6,6,17,italy6,0.62,0.88,6,1.5,1.61,1.14,3
NovaRomentin,8,4,3,1,13,4,9,15,italy6,0.5,0.88,9,1.62,2.0,1.14,4
Chisola,8,5,0,3,16,10,6,15,italy6,0.62,0.62,6,2.0,1.61,1.61,4
Gozzano,8,4,3,1,11,7,4,15,italy6,0.5,0.88,4,1.38,2.0,1.14,4
Asti,8,4,2,2,7,7,0,14,italy6,0.5,0.75,0,0.88,2.0,1.33,5
Lavagnese,8,4,1,3,17,6,11,13,italy6,0.5,0.62,11,2.12,2.0,1.61,6
Vogherese,8,4,1,3,12,9,3,13,italy6,0.5,0.62,3,1.5,2.0,1.61,6
Oltrepo,8,3,4,1,13,11,2,13,italy6,0.38,0.88,2,1.62,2.63,1.14,6
Derthona,8,4,1,3,11,12,-1,13,italy6,0.5,0.62,-1,1.38,2.0,1.61,6
Saluzzo,8,3,3,2,11,10,1,12,italy6,0.38,0.75,1,1.38,2.63,1.33,7
Pro Imperia,8,3,2,3,16,11,5,11,italy6,0.38,0.62,5,2.0,2.63,1.61,8
Sanremese,8,2,5,1,6,3,3,11,italy6,0.25,0.88,3,0.75,4.0,1.14,8
Cairese,8,3,2,3,8,7,1,11,italy6,0.38,0.62,1,1.0,2.63,1.61,8
Ligorna,8,3,2,3,10,11,-1,11,italy6,0.38,0.62,-1,1.25,2.63,1.61,8
Albenga,8,3,1,4,12,17,-5,10,italy6,0.38,0.5,-5,1.5,2.63,2.0,9
Borgaro Nobis,8,2,1,5,7,18,-11,7,italy6,0.25,0.38,-11,0.88,4.0,2.63,10
Chieri,8,1,3,4,6,9,-3,6,italy6,0.12,0.5,-3,0.75,8.33,2.0,11
Fossano,8,0,2,6,4,13,-9,2,italy6,0.0,0.25,-9,0.5,0.0,4.0,12
F. Caratese,8,7,1,0,20,6,14,22,italy7,0.88,1.0,14,2.5,1.14,1.0,1
Chievo,8,6,1,1,15,9,6,19,italy7,0.75,0.88,6,1.88,1.33,1.14,2
Desenxano,8,5,3,0,12,3,9,18,italy7,0.62,1.0,9,1.5,1.61,1.0,3
USD Casatese,8,5,3,0,9,2,7,18,italy7,0.62,1.0,7,1.12,1.61,1.0,3
Pro Palazzolo,8,5,2,1,19,6,13,17,italy7,0.62,0.88,13,2.38,1.61,1.14,4
Varesina,8,4,4,0,13,7,6,16,italy7,0.5,1.0,6,1.62,2.0,1.0,5
Ospitaletto,8,4,3,1,15,6,9,15,italy7,0.5,0.88,9,1.88,2.0,1.14,6
Magenta,8,3,5,0,9,5,4,14,italy7,0.38,1.0,4,1.12,2.63,1.0,7
Breno,8,4,2,2,8,6,2,14,italy7,0.5,0.75,2,1.0,2.0,1.33,7
SantAngelo,8,3,4,1,7,4,3,13,italy7,0.38,0.88,3,0.88,2.63,1.14,8
Sangiuliano C.,8,3,2,3,9,10,-1,11,italy7,0.38,0.62,-1,1.12,2.63,1.61,9
Vigasio,8,2,4,2,8,6,2,10,italy7,0.25,0.75,2,1.0,4.0,1.33,10
Fanfulla,8,2,4,2,7,7,0,10,italy7,0.25,0.75,0,0.88,4.0,1.33,10
Crema,8,3,1,4,10,11,-1,10,italy7,0.38,0.5,-1,1.25,2.63,2.0,10
Pro Sesto,8,2,4,2,9,10,-1,10,italy7,0.25,0.75,-1,1.12,4.0,1.33,10
Arconatese,8,2,3,3,7,11,-4,9,italy7,0.25,0.62,-4,0.88,4.0,1.61,11
Sondrio,8,1,4,3,4,9,-5,7,italy7,0.12,0.62,-5,0.5,8.33,1.61,12
Castellanzese,8,1,4,3,8,14,-6,7,italy7,0.12,0.62,-6,1.0,8.33,1.61,12
Club Milano,8,2,1,5,6,12,-6,7,italy7,0.25,0.38,-6,0.75,4.0,2.63,12
Ciliverghe,8,1,0,7,7,16,-9,3,italy7,0.12,0.12,-9,0.88,8.33,8.33,13
D. Bellunesi,8,7,0,1,13,4,9,21,italy8,0.88,0.88,9,1.62,1.14,1.14,1
Adriese,8,6,2,0,16,3,13,20,italy8,0.75,1.0,13,2.0,1.33,1.0,2
Calvi Noale,8,6,1,1,12,4,8,19,italy8,0.75,0.88,8,1.5,1.33,1.14,3
Treviso,8,5,3,0,13,5,8,18,italy8,0.62,1.0,8,1.62,1.61,1.0,4
Brusaporto,8,5,2,1,15,9,6,17,italy8,0.62,0.88,6,1.88,1.61,1.14,5
Mestre,8,5,1,2,12,8,4,16,italy8,0.62,0.75,4,1.5,1.61,1.33,6
Caravaggio,8,5,1,2,11,8,3,16,italy8,0.62,0.75,3,1.38,1.61,1.33,6
Campodarsego,8,4,3,1,17,9,8,15,italy8,0.5,0.88,8,2.12,2.0,1.14,7
Luparense,8,3,5,0,10,5,5,14,italy8,0.38,1.0,5,1.25,2.63,1.0,8
Villa Alme,8,4,2,2,13,9,4,14,italy8,0.5,0.75,4,1.62,2.0,1.33,8
Bassano Virtus,8,3,4,1,8,4,4,13,italy8,0.38,0.88,4,1.0,2.63,1.14,9
Cjarlins Muzane,8,4,1,3,10,8,2,13,italy8,0.5,0.62,2,1.25,2.0,1.61,9
Este,8,3,3,2,10,10,0,12,italy8,0.38,0.75,0,1.25,2.63,1.33,10
Portogruaro,8,3,3,2,6,7,-1,12,italy8,0.38,0.75,-1,0.75,2.63,1.33,10
Brian Lignano,8,3,2,3,10,8,2,11,italy8,0.38,0.62,2,1.25,2.63,1.61,11
Real Calepina,8,3,1,4,7,8,-1,10,italy8,0.38,0.5,-1,0.88,2.63,2.0,12
Montecchio M.,8,2,2,4,8,10,-2,8,italy8,0.25,0.5,-2,1.0,4.0,2.0,13
Chions,8,1,4,3,6,7,-1,7,italy8,0.12,0.62,-1,0.75,8.33,1.61,14
Ciserano,8,1,3,4,10,14,-4,6,italy8,0.12,0.5,-4,1.25,8.33,2.0,15
Lavis,8,1,1,6,7,18,-11,4,italy8,0.12,0.25,-11,0.88,8.33,4.0,16
Tau Altopascio,8,7,0,1,17,6,11,21,italy9,0.88,0.88,11,2.12,1.14,1.14,1
Forli,8,6,2,0,22,4,18,20,italy9,0.75,1.0,18,2.75,1.33,1.0,2
Ravenna,8,6,1,1,13,5,8,19,italy9,0.75,0.88,8,1.62,1.33,1.14,3
Pistoiese,8,6,0,2,11,6,5,18,italy9,0.75,0.75,5,1.38,1.33,1.33,4
Tuttocuoio,8,4,3,1,8,6,2,15,italy9,0.5,0.88,2,1.0,2.0,1.14,5
Lentigione,8,4,2,2,10,6,4,14,italy9,0.5,0.75,4,1.25,2.0,1.33,6
Prato,8,3,4,1,12,4,8,13,italy9,0.38,0.88,8,1.5,2.63,1.14,7
Imolese,8,4,1,3,13,8,5,13,italy9,0.5,0.62,5,1.62,2.0,1.61,7
Piacenza,8,3,4,1,11,6,5,13,italy9,0.38,0.88,5,1.38,2.63,1.14,7
Victor San M.,8,3,2,3,8,9,-1,11,italy9,0.38,0.62,-1,1.0,2.63,1.61,8
Corticella,8,3,1,4,12,11,1,10,italy9,0.38,0.5,1,1.5,2.63,2.0,9
Progresso,8,2,4,2,2,3,-1,10,italy9,0.25,0.75,-1,0.25,4.0,1.33,9
United Riccione,8,2,3,3,8,9,-1,9,italy9,0.25,0.62,-1,1.0,4.0,1.61,10
Sasso Marconi,8,2,3,3,9,12,-3,9,italy9,0.25,0.62,-3,1.12,4.0,1.61,10
Zenith Prato,8,2,2,4,6,14,-8,8,italy9,0.25,0.5,-8,0.75,4.0,2.0,11
Sammaurese,8,2,1,5,9,11,-2,7,italy9,0.25,0.38,-2,1.12,4.0,2.63,12
Cittadella Vis,8,1,2,5,7,11,-4,5,italy9,0.12,0.38,-4,0.88,8.33,2.63,13
Fiorenzuola,8,1,2,5,5,9,-4,5,italy9,0.12,0.38,-4,0.62,8.33,2.63,13
Livorno,8,5,2,1,20,8,12,17,italy10,0.62,0.88,12,2.5,1.61,1.14,1
Grosseto,8,5,1,2,12,5,7,16,italy10,0.62,0.75,7,1.5,1.61,1.33,2
Sangiovannese,8,5,1,2,12,6,6,16,italy10,0.62,0.75,6,1.5,1.61,1.33,2
Seravezza,8,5,1,2,14,9,5,16,italy10,0.62,0.75,5,1.75,1.61,1.33,2
Ostia Mare,8,4,1,3,15,11,4,13,italy10,0.5,0.62,4,1.88,2.0,1.61,3
T. Traiana,8,3,4,1,10,6,4,13,italy10,0.38,0.88,4,1.25,2.63,1.14,3
Montevarchi,8,4,1,3,12,9,3,13,italy10,0.5,0.62,3,1.5,2.0,1.61,3
Figline,8,3,3,2,6,4,2,12,italy10,0.38,0.75,2,0.75,2.63,1.33,4
San Donato,8,3,3,2,6,4,2,12,italy10,0.38,0.75,2,0.75,2.63,1.33,4
Fulgens Foligno,8,3,3,2,14,13,1,12,italy10,0.38,0.75,1,1.75,2.63,1.33,4
S. Trestina,8,2,5,1,14,11,3,11,italy10,0.25,0.88,3,1.75,4.0,1.14,5
Gavorrano,8,3,1,4,12,9,3,10,italy10,0.38,0.5,3,1.5,2.63,2.0,6
Ghiviborgo,8,3,1,4,15,17,-2,10,italy10,0.38,0.5,-2,1.88,2.63,2.0,6
FC Siena,8,3,0,5,8,11,-3,9,italy10,0.38,0.38,-3,1.0,2.63,2.63,7
Poggibonsi,8,2,2,4,9,10,-1,8,italy10,0.25,0.5,-1,1.12,4.0,2.0,8
Orvietana,8,2,1,5,7,12,-5,7,italy10,0.25,0.38,-5,0.88,4.0,2.63,9
Fezzanese,8,2,0,6,7,13,-6,6,italy10,0.25,0.25,-6,0.88,4.0,4.0,10
Flaminia,8,0,2,6,6,15,-9,2,italy10,0.0,0.25,-9,0.75,0.0,4.0,11
Sambenedettese,8,7,0,1,15,3,12,21,italy11,0.88,0.88,12,1.88,1.14,1.14,1
LAquila,8,7,0,1,16,5,11,21,italy11,0.88,0.88,11,2.0,1.14,1.14,1
Teramo,8,4,3,1,8,4,4,15,italy11,0.5,0.88,4,1.0,2.0,1.14,2
Ancona 1905,8,4,2,2,8,4,4,14,italy11,0.5,0.75,4,1.0,2.0,1.33,3
Castelfidardo,8,4,1,3,14,10,4,13,italy11,0.5,0.62,4,1.75,2.0,1.61,4
Fossombrone,8,3,4,1,13,9,4,13,italy11,0.38,0.88,4,1.62,2.63,1.14,4
Roma City,8,4,1,3,10,8,2,13,italy11,0.5,0.62,2,1.25,2.0,1.61,4
Chieti,8,3,3,2,11,8,3,12,italy11,0.38,0.75,3,1.38,2.63,1.33,5
V. Senigallia,8,3,3,2,9,7,2,12,italy11,0.38,0.75,2,1.12,2.63,1.33,5
Recanatese,8,3,2,3,16,16,0,11,italy11,0.38,0.62,0,2.0,2.63,1.61,6
Atletico Ascoli,8,2,3,3,10,10,0,9,italy11,0.25,0.62,0,1.25,4.0,1.61,7
Sora,8,1,5,2,8,9,-1,8,italy11,0.12,0.75,-1,1.0,8.33,1.33,8
Termoli Calcio,8,2,1,5,10,10,0,7,italy11,0.25,0.38,0,1.25,4.0,2.63,9
Civitanovese,8,1,4,3,7,10,-3,7,italy11,0.12,0.62,-3,0.88,8.33,1.61,9
San Nicolo,8,2,1,5,5,9,-4,7,italy11,0.25,0.38,-4,0.62,4.0,2.63,9
Fermana,8,0,6,2,5,8,-3,6,italy11,0.0,0.75,-3,0.62,0.0,1.33,10
Isernia,8,1,3,4,4,15,-11,6,italy11,0.12,0.5,-11,0.5,8.33,2.0,10
Avezzano,8,1,2,5,6,14,-8,5,italy11,0.12,0.38,-8,0.75,8.33,2.63,11
Savoia,8,6,1,1,12,6,6,19,italy12,0.75,0.88,6,1.5,1.33,1.14,1
Paganese,8,5,3,0,10,1,9,18,italy12,0.62,1.0,9,1.25,1.61,1.0,2
Cassino,8,5,3,0,13,5,8,18,italy12,0.62,1.0,8,1.62,1.61,1.0,2
Latte Dolce,8,5,2,1,17,7,10,17,italy12,0.62,0.88,10,2.12,1.61,1.14,3
Puteolana,8,5,2,1,17,9,8,17,italy12,0.62,0.88,8,2.12,1.61,1.14,3
Guidonia,8,4,3,1,16,6,10,15,italy12,0.5,0.88,10,2.0,2.0,1.14,4
Anzio,8,5,0,3,11,11,0,15,italy12,0.62,0.62,0,1.38,1.61,1.61,4
Gelbison,8,4,2,2,17,10,7,14,italy12,0.5,0.75,7,2.12,2.0,1.33,5
Sarnese,8,4,2,2,14,7,7,14,italy12,0.5,0.75,7,1.75,2.0,1.33,5
R. Monterotondo,8,3,2,3,15,7,8,11,italy12,0.38,0.62,8,1.88,2.63,1.61,6
Trastevere,8,3,2,3,14,12,2,11,italy12,0.38,0.62,2,1.75,2.63,1.61,6
Ilvamaddalena,8,2,3,3,7,7,0,9,italy12,0.25,0.62,0,0.88,4.0,1.61,7
A. Lodigiani,8,2,3,3,9,10,-1,9,italy12,0.25,0.62,-1,1.12,4.0,1.61,7
Atletico Uri,8,1,5,2,7,8,-1,8,italy12,0.12,0.75,-1,0.88,8.33,1.33,8
Terracina,8,2,2,4,8,10,-2,8,italy12,0.25,0.5,-2,1.0,4.0,2.0,8
CynthiAlbalonga,8,2,2,4,6,9,-3,8,italy12,0.25,0.5,-3,0.75,4.0,2.0,8
Olbia,8,2,1,5,6,12,-6,7,italy12,0.25,0.38,-6,0.75,4.0,2.63,9
S. Ogliastra,8,0,2,6,4,14,-10,2,italy12,0.0,0.25,-10,0.5,0.0,4.0,10
Fidelis Andria,8,7,0,1,13,3,10,21,italy13,0.88,0.88,10,1.62,1.14,1.14,1
Casarano,8,6,2,0,14,6,8,20,italy13,0.75,1.0,8,1.75,1.33,1.0,2
V. Francavilla,8,5,1,2,16,8,8,16,italy13,0.62,0.75,8,2.0,1.61,1.33,3
Ugento,8,4,2,2,9,5,4,14,italy13,0.5,0.75,4,1.12,2.0,1.33,4
Martina Franca,8,4,1,3,11,7,4,13,italy13,0.5,0.62,4,1.38,2.0,1.61,5
Gravina,8,4,1,3,12,9,3,13,italy13,0.5,0.62,3,1.5,2.0,1.61,5
Nocerina,8,3,4,1,10,7,3,13,italy13,0.38,0.88,3,1.25,2.63,1.14,5
Brindisi,8,3,3,2,11,5,6,12,italy13,0.38,0.75,6,1.38,2.63,1.33,6
Real Acerrana,8,3,3,2,11,10,1,12,italy13,0.38,0.75,1,1.38,2.63,1.33,6
USD Palmese,8,3,2,3,11,10,1,11,italy13,0.38,0.62,1,1.38,2.63,1.61,7
Matera,8,2,4,2,8,7,1,10,italy13,0.25,0.75,1,1.0,4.0,1.33,8
Citta di Fasano,8,2,4,2,7,6,1,10,italy13,0.25,0.75,1,0.88,4.0,1.33,8
Angri Calcio,8,2,3,3,9,12,-3,9,italy13,0.25,0.62,-3,1.12,4.0,1.61,9
Francavilla,8,3,0,5,8,13,-5,9,italy13,0.38,0.38,-5,1.0,2.63,2.63,9
Ischia,8,2,2,4,14,19,-5,8,italy13,0.25,0.5,-5,1.75,4.0,2.0,10
Costa DAmalfi,8,1,4,3,6,11,-5,7,italy13,0.12,0.62,-5,0.75,8.33,1.61,11
Nardo,8,1,3,4,8,11,-3,6,italy13,0.12,0.5,-3,1.0,8.33,2.0,12
Manfredonia,8,1,2,5,8,15,-7,5,italy13,0.12,0.38,-7,1.0,8.33,2.63,13
Siracusa,8,8,0,0,22,0,22,24,italy14,1.0,1.0,22,2.75,1.0,1.0,1
Scafatese,8,6,1,1,19,3,16,19,italy14,0.75,0.88,16,2.38,1.33,1.14,2
Reggina,8,5,3,0,14,6,8,18,italy14,0.62,1.0,8,1.75,1.61,1.0,3
Sambiase,8,5,2,1,15,7,8,17,italy14,0.62,0.88,8,1.88,1.61,1.14,4
Paterno,8,5,2,1,7,3,4,17,italy14,0.62,0.88,4,0.88,1.61,1.14,4
Vibonese,8,4,0,4,11,8,3,12,italy14,0.5,0.5,3,1.38,2.0,2.0,5
Sancataldese,8,2,6,0,10,8,2,12,italy14,0.25,1.0,2,1.25,4.0,1.0,5
Igea Virtus,8,3,3,2,8,7,1,12,italy14,0.38,0.75,1,1.0,2.63,1.33,5
Acireale,8,4,0,4,11,11,0,12,italy14,0.5,0.5,0,1.38,2.0,2.0,5
CD S. Agata,8,3,2,3,14,11,3,11,italy14,0.38,0.62,3,1.75,2.63,1.61,6
Ragusa,8,2,5,1,8,5,3,11,italy14,0.25,0.88,3,1.0,4.0,1.14,6
Licata,8,3,2,3,11,9,2,11,italy14,0.38,0.62,2,1.38,2.63,1.61,6
Pompei,8,3,2,3,8,8,0,11,italy14,0.38,0.62,0,1.0,2.63,1.61,6
Nissa,8,2,4,2,10,10,0,10,italy14,0.25,0.75,0,1.25,4.0,1.33,7
Locri 1909,8,3,1,4,8,10,-2,10,italy14,0.38,0.5,-2,1.0,2.63,2.0,7
CastrumFavara,7,2,3,2,8,6,2,9,italy14,0.29,0.71,2,1.14,3.45,1.41,8
Akragas,8,2,3,3,6,8,-2,9,italy14,0.25,0.62,-2,0.75,4.0,1.61,8
Enna,8,1,4,3,5,12,-7,7,italy14,0.12,0.62,-7,0.62,8.33,1.61,9
Roma U20,8,5,3,0,15,5,10,18,italy15,0.62,1.0,10,1.88,1.61,1.0,1
Sassuolo U20,8,5,2,1,18,9,9,17,italy15,0.62,0.88,9,2.25,1.61,1.14,2
Empoli U20,8,5,2,1,14,7,7,17,italy15,0.62,0.88,7,1.75,1.61,1.14,2
Juventus U20,8,5,1,2,15,8,7,16,italy15,0.62,0.75,7,1.88,1.61,1.33,3
Torino U20,8,5,1,2,8,4,4,16,italy15,0.62,0.75,4,1.0,1.61,1.33,3
Cagliari U20,8,4,3,1,12,6,6,15,italy15,0.5,0.88,6,1.5,2.0,1.14,4
Lazio U20,8,4,2,2,15,9,6,14,italy15,0.5,0.75,6,1.88,2.0,1.33,5
Lecce U20,8,4,2,2,14,9,5,14,italy15,0.5,0.75,5,1.75,2.0,1.33,5
H. Verona U20,8,4,2,2,16,14,2,14,italy15,0.5,0.75,2,2.0,2.0,1.33,5
Inter Milan U20,8,4,2,2,16,15,1,14,italy15,0.5,0.75,1,2.0,2.0,1.33,5
Fiorentina U20,8,4,1,3,15,10,5,13,italy15,0.5,0.62,5,1.88,2.0,1.61,6
Milan U20,8,4,1,3,15,10,5,13,italy15,0.5,0.62,5,1.88,2.0,1.61,6
Genoa U20,8,4,0,4,14,12,2,12,italy15,0.5,0.5,2,1.75,2.0,2.0,7
Cremonese U20,8,3,2,3,17,16,1,11,italy15,0.38,0.62,1,2.12,2.63,1.61,8
Bologna U20,8,3,1,4,17,16,1,10,italy15,0.38,0.5,1,2.12,2.63,2.0,9
Cesena U20,8,2,4,2,12,11,1,10,italy15,0.25,0.75,1,1.5,4.0,1.33,9
Monza U20,8,2,3,3,13,12,1,9,italy15,0.25,0.62,1,1.62,4.0,1.61,10
Atalanta U20,8,1,2,5,11,17,-6,5,italy15,0.12,0.38,-6,1.38,8.33,2.63,11
Udinese U20,8,1,2,5,9,24,-15,5,italy15,0.12,0.38,-15,1.12,8.33,2.63,11
Sampdoria U20,8,1,1,6,12,18,-6,4,italy15,0.12,0.25,-6,1.5,8.33,4.0,12
Mount Pleasant,7,6,1,0,16,1,15,19,jamaica,0.86,1.0,15,2.29,1.16,1.0,1
Cavalier,7,5,1,1,19,10,9,16,jamaica,0.71,0.86,9,2.71,1.41,1.16,2
Waterhouse,8,5,1,2,10,7,3,16,jamaica,0.62,0.75,3,1.25,1.61,1.33,2
Montego Bay,7,4,2,1,11,4,7,14,jamaica,0.57,0.86,7,1.57,1.75,1.16,3
Arnett Gardens,7,4,2,1,12,6,6,14,jamaica,0.57,0.86,6,1.71,1.75,1.16,3
Portmore Utd,8,4,2,2,11,6,5,14,jamaica,0.5,0.75,5,1.38,2.0,1.33,3
Dunbeholden,7,4,1,2,11,9,2,13,jamaica,0.57,0.71,2,1.57,1.75,1.41,4
Racing United,7,3,3,1,6,7,-1,12,jamaica,0.43,0.86,-1,0.86,2.33,1.16,5
Chapelton,7,2,3,2,8,7,1,9,jamaica,0.29,0.71,1,1.14,3.45,1.41,6
Tivoli Gardens,6,2,2,2,10,6,4,8,jamaica,0.33,0.67,4,1.67,3.03,1.49,7
Harbour View,6,2,2,2,7,6,1,8,jamaica,0.33,0.67,1,1.17,3.03,1.49,7
Vere Utd,6,2,2,2,9,14,-5,8,jamaica,0.33,0.67,-5,1.5,3.03,1.49,7
Molynes Utd,7,2,0,5,8,13,-5,6,jamaica,0.29,0.29,-5,1.14,3.45,3.45,8
Humble Lions,8,0,5,3,4,9,-5,5,jamaica,0.0,0.62,-5,0.5,0.0,1.61,9
S. Hiroshima,8,7,0,1,21,6,15,21,japan,0.88,0.88,15,2.62,1.14,1.14,1
Vissel Kobe,8,5,2,1,15,8,7,17,japan,0.62,0.88,7,1.88,1.61,1.14,2
C. Sapporo,8,4,3,1,14,9,5,15,japan,0.5,0.88,5,1.75,2.0,1.14,3
Nagoya G.,8,5,0,3,11,8,3,15,japan,0.62,0.62,3,1.38,1.61,1.61,3
K. Frontale,8,4,2,2,18,12,6,14,japan,0.5,0.75,6,2.25,2.0,1.33,4
Kashima Antlers,8,3,5,0,10,4,6,14,japan,0.38,1.0,6,1.25,2.63,1.0,4
Kyoto Sanga,8,3,4,1,13,8,5,13,japan,0.38,0.88,5,1.62,2.63,1.14,5
Gamba Osaka,8,3,3,2,11,9,2,12,japan,0.38,0.75,2,1.38,2.63,1.33,6
Machida Zelvia,8,3,2,3,12,9,3,11,japan,0.38,0.62,3,1.5,2.63,1.61,7
FC Tokyo,8,3,2,3,10,8,2,11,japan,0.38,0.62,2,1.25,2.63,1.61,7
Tokyo Verdy,8,3,1,4,11,12,-1,10,japan,0.38,0.5,-1,1.38,2.63,2.0,8
Avispa Fukuoka,8,3,0,5,5,10,-5,9,japan,0.38,0.38,-5,0.62,2.63,2.63,9
Urawa RD,8,2,2,4,10,11,-1,8,japan,0.25,0.5,-1,1.25,4.0,2.0,10
Yokohama M.,8,2,2,4,10,11,-1,8,japan,0.25,0.5,-1,1.25,4.0,2.0,10
Shonan Bellmare,8,2,2,4,11,13,-2,8,japan,0.25,0.5,-2,1.38,4.0,2.0,10
Sagan Tosu,8,2,2,4,9,12,-3,8,japan,0.25,0.5,-3,1.12,4.0,2.0,10
Albirex Niigata,8,2,2,4,9,13,-4,8,japan,0.25,0.5,-4,1.12,4.0,2.0,10
Cerezo Osaka,8,2,2,4,7,11,-4,8,japan,0.25,0.5,-4,0.88,4.0,2.0,10
Kashiwa Reysol,8,1,4,3,8,11,-3,7,japan,0.12,0.62,-3,1.0,8.33,1.61,11
Jubilo Iwata,8,2,1,5,12,16,-4,7,japan,0.25,0.38,-4,1.5,4.0,2.63,11
M. Yamagata,8,6,0,2,18,7,11,18,japan2,0.75,0.75,11,2.25,1.33,1.33,1
Shimizu S-Pulse,8,5,2,1,16,5,11,17,japan2,0.62,0.88,11,2.0,1.61,1.14,2
V-V. Nagasaki,8,5,1,2,20,9,11,16,japan2,0.62,0.75,11,2.5,1.61,1.33,3
Vegalta Sendai,8,5,1,2,14,8,6,16,japan2,0.62,0.75,6,1.75,1.61,1.33,3
Blaublitz Akita,8,5,1,2,8,4,4,16,japan2,0.62,0.75,4,1.0,1.61,1.33,3
Fagiano Okayama,8,4,3,1,9,3,6,15,japan2,0.5,0.88,6,1.12,2.0,1.14,4
JEF Utd Chiba,8,5,0,3,16,11,5,15,japan2,0.62,0.62,5,2.0,1.61,1.61,4
Yokohama FC,8,4,3,1,9,6,3,15,japan2,0.5,0.88,3,1.12,2.0,1.14,4
Tokushima V.,8,4,2,2,13,7,6,14,japan2,0.5,0.75,6,1.62,2.0,1.33,5
Ventforet Kofu,8,4,1,3,16,12,4,13,japan2,0.5,0.62,4,2.0,2.0,1.61,6
R. Yamaguchi,8,4,1,3,10,8,2,13,japan2,0.5,0.62,2,1.25,2.0,1.61,6
Oita Trinita,8,3,2,3,6,9,-3,11,japan2,0.38,0.62,-3,0.75,2.63,1.61,7
R. Kumamoto,8,3,1,4,13,10,3,10,japan2,0.38,0.5,3,1.62,2.63,2.0,8
Fujieda MYFC,8,3,1,4,12,10,2,10,japan2,0.38,0.5,2,1.5,2.63,2.0,8
Iwaki,8,3,1,4,11,10,1,10,japan2,0.38,0.5,1,1.38,2.63,2.0,8
Mito Hollyhock,8,2,4,2,11,11,0,10,japan2,0.25,0.75,0,1.38,4.0,1.33,8
Kagoshima Utd,8,2,2,4,11,10,1,8,japan2,0.25,0.5,1,1.38,4.0,2.0,9
Tochigi SC,8,1,4,3,7,9,-2,7,japan2,0.12,0.62,-2,0.88,8.33,1.61,10
Kusatsu,8,1,2,5,5,10,-5,5,japan2,0.12,0.38,-5,0.62,8.33,2.63,11
Ehime FC,8,1,1,6,7,19,-12,4,japan2,0.12,0.25,-12,0.88,8.33,4.0,12
FC Imabari,8,6,2,0,19,6,13,20,japan3,0.75,1.0,13,2.38,1.33,1.0,1
Omiya Ardija,8,6,1,1,22,10,12,19,japan3,0.75,0.88,12,2.75,1.33,1.14,2
T. Miyazaki,8,6,1,1,15,7,8,19,japan3,0.75,0.88,8,1.88,1.33,1.14,2
Gainare Tottori,8,6,1,1,14,11,3,19,japan3,0.75,0.88,3,1.75,1.33,1.14,2
FC Gifu,8,5,1,2,17,8,9,16,japan3,0.62,0.75,9,2.12,1.61,1.33,3
Kataller Toyama,8,4,3,1,19,12,7,15,japan3,0.5,0.88,7,2.38,2.0,1.14,4
Osaka,8,4,2,2,13,8,5,14,japan3,0.5,0.75,5,1.62,2.0,1.33,5
Fukushima Utd,8,4,1,3,14,11,3,13,japan3,0.5,0.62,3,1.75,2.0,1.61,6
V. Hachinohe,8,3,3,2,13,10,3,12,japan3,0.38,0.75,3,1.62,2.63,1.33,7
Matsumoto Y.,8,3,3,2,12,11,1,12,japan3,0.38,0.75,1,1.5,2.63,1.33,7
SC Sagamihara,8,3,2,3,9,10,-1,11,japan3,0.38,0.62,-1,1.12,2.63,1.61,8
FC Ryukyu,8,2,4,2,10,10,0,10,japan3,0.25,0.75,0,1.25,4.0,1.33,9
G. Kitakyushu,8,2,3,3,7,10,-3,9,japan3,0.25,0.62,-3,0.88,4.0,1.61,10
Nara Club,8,1,5,2,6,8,-2,8,japan3,0.12,0.75,-2,0.75,8.33,1.33,11
YSCC,8,1,4,3,9,11,-2,7,japan3,0.12,0.62,-2,1.12,8.33,1.61,12
AC Numazu,8,2,1,5,8,10,-2,7,japan3,0.25,0.38,-2,1.0,4.0,2.63,12
Kamatamare S.,8,2,1,5,10,13,-3,7,japan3,0.25,0.38,-3,1.25,4.0,2.63,12
Nagano Parceiro,8,1,4,3,6,9,-3,7,japan3,0.12,0.62,-3,0.75,8.33,1.61,12
Z. Kanazawa,8,1,2,5,6,11,-5,5,japan3,0.12,0.38,-5,0.75,8.33,2.63,13
Morioka,8,1,0,7,8,26,-18,3,japan3,0.12,0.12,-18,1.0,8.33,8.33,14
FC Astana,8,6,0,2,18,8,10,18,kazakhstan,0.75,0.75,10,2.25,1.33,1.33,1
Kairat Almaty,8,5,2,1,19,9,10,17,kazakhstan,0.62,0.88,10,2.38,1.61,1.14,2
Kaisar K.,8,5,2,1,13,5,8,17,kazakhstan,0.62,0.88,8,1.62,1.61,1.14,2
Aktobe,8,5,1,2,15,9,6,16,kazakhstan,0.62,0.75,6,1.88,1.61,1.33,3
Tobol,8,5,1,2,10,5,5,16,kazakhstan,0.62,0.75,5,1.25,1.61,1.33,3
Ordabasy,8,5,1,2,14,10,4,16,kazakhstan,0.62,0.75,4,1.75,1.61,1.33,3
Yelimay Semey,8,4,3,1,15,9,6,15,kazakhstan,0.5,0.88,6,1.88,2.0,1.14,4
Atyrau,8,4,3,1,10,5,5,15,kazakhstan,0.5,0.88,5,1.25,2.0,1.14,4
Kyzylzhar,8,4,1,3,10,8,2,13,kazakhstan,0.5,0.62,2,1.25,2.0,1.61,5
Turan,8,3,2,3,8,9,-1,11,kazakhstan,0.38,0.62,-1,1.0,2.63,1.61,6
Zhenys,8,3,1,4,7,9,-2,10,kazakhstan,0.38,0.5,-2,0.88,2.63,2.0,7
Zhetysu,8,1,3,4,7,12,-5,6,kazakhstan,0.12,0.5,-5,0.88,8.33,2.0,8
S. Karagandy,8,0,3,5,5,15,-10,3,kazakhstan,0.0,0.38,-10,0.62,0.0,2.63,9
Aksu,0,0,0,0,0,0,0,0,kazakhstan,0.0,0.0,0,0.0,0.0,0.0,10
Drita,8,7,1,0,18,6,12,22,kosovo,0.88,1.0,12,2.25,1.14,1.0,1
Ballkani,8,6,1,1,17,8,9,19,kosovo,0.75,0.88,9,2.12,1.33,1.14,2
Prishtina,8,4,4,0,13,6,7,16,kosovo,0.5,1.0,7,1.62,2.0,1.0,3
Malisheva,8,4,2,2,11,10,1,14,kosovo,0.5,0.75,1,1.38,2.0,1.33,4
Suhareka,8,4,1,3,13,10,3,13,kosovo,0.5,0.62,3,1.62,2.0,1.61,5
Gjilani,8,4,1,3,10,8,2,13,kosovo,0.5,0.62,2,1.25,2.0,1.61,5
Llapi,8,2,5,1,8,5,3,11,kosovo,0.25,0.88,3,1.0,4.0,1.14,6
Dukagjini,8,3,2,3,7,9,-2,11,kosovo,0.38,0.62,-2,0.88,2.63,1.61,6
Ferizaj,8,2,2,4,9,11,-2,8,kosovo,0.25,0.5,-2,1.12,4.0,2.0,7
Feronikeli,8,2,2,4,6,12,-6,8,kosovo,0.25,0.5,-6,0.75,4.0,2.0,7
Al Kuwait,4,4,0,0,9,0,9,12,kuwait,1.0,1.0,9,2.25,1.0,1.0,1
Al Arabi SC,4,4,0,0,8,2,6,12,kuwait,1.0,1.0,6,2.0,1.0,1.0,1
Al Qadsia,5,4,0,1,8,3,5,12,kuwait,0.8,0.8,5,1.6,1.25,1.25,1
Al Salmiyah,6,3,1,2,13,12,1,10,kuwait,0.5,0.67,1,2.17,2.0,1.49,2
Kazma,4,2,1,1,6,4,2,7,kuwait,0.5,0.75,2,1.5,2.0,1.33,3
Al Tadhamon,5,2,1,2,7,9,-2,7,kuwait,0.4,0.6,-2,1.4,2.5,1.67,3
Al Fahaheel,5,2,0,3,8,9,-1,6,kuwait,0.4,0.4,-1,1.6,2.5,2.5,4
Khaitan,4,0,2,2,4,10,-6,2,kuwait,0.0,0.5,-6,1.0,0.0,2.0,5
Yarmouk,4,0,1,3,7,13,-6,1,kuwait,0.0,0.25,-6,1.75,0.0,4.0,6
Al Nasar,3,0,1,2,3,9,-6,1,kuwait,0.0,0.33,-6,1.0,0.0,3.03,6
Riga FC,8,7,1,0,29,3,26,22,latvia,0.88,1.0,26,3.62,1.14,1.0,1
RFS,8,6,0,2,27,7,20,18,latvia,0.75,0.75,20,3.38,1.33,1.33,2
Auda,8,5,2,1,16,4,12,17,latvia,0.62,0.88,12,2.0,1.61,1.14,3
Liepaja,8,3,2,3,12,12,0,11,latvia,0.38,0.62,0,1.5,2.63,1.61,4
Valmiera,8,3,1,4,16,12,4,10,latvia,0.38,0.5,4,2.0,2.63,2.0,5
Metta,8,3,1,4,11,15,-4,10,latvia,0.38,0.5,-4,1.38,2.63,2.0,5
Daugavpils,8,2,2,4,12,16,-4,8,latvia,0.25,0.5,-4,1.5,4.0,2.0,6
FS Jelgava,8,2,2,4,6,13,-7,8,latvia,0.25,0.5,-7,0.75,4.0,2.0,6
Grobina,8,2,0,6,11,17,-6,6,latvia,0.25,0.25,-6,1.38,4.0,4.0,7
Tukums,8,1,2,5,8,20,-12,5,latvia,0.12,0.38,-12,1.0,8.33,2.63,8
Zalgiris,8,6,1,1,20,9,11,19,lithuania,0.75,0.88,11,2.5,1.33,1.14,1
Hegelmann L.,8,5,2,1,17,8,9,17,lithuania,0.62,0.88,9,2.12,1.61,1.14,2
Siauliai,8,5,1,2,10,9,1,16,lithuania,0.62,0.75,1,1.25,1.61,1.33,3
Suduva,8,2,5,1,6,4,2,11,lithuania,0.25,0.88,2,0.75,4.0,1.14,4
Kauno Zalgiris,8,3,2,3,8,8,0,11,lithuania,0.38,0.62,0,1.0,2.63,1.61,4
TransINVEST,8,3,2,3,9,10,-1,11,lithuania,0.38,0.62,-1,1.12,2.63,1.61,4
Banga,8,2,3,3,12,14,-2,9,lithuania,0.25,0.62,-2,1.5,4.0,1.61,5
Panevezys,8,2,3,3,5,7,-2,9,lithuania,0.25,0.62,-2,0.62,4.0,1.61,5
Dainava,8,2,1,5,7,15,-8,7,lithuania,0.25,0.38,-8,0.88,4.0,2.63,6
Dziugas Telsiai,8,1,2,5,8,17,-9,5,lithuania,0.12,0.38,-9,1.0,8.33,2.63,7
Be1 NFA,8,7,1,0,21,3,18,22,lithuania2,0.88,1.0,18,2.62,1.14,1.0,1
Riteriai,8,7,0,1,25,3,22,21,lithuania2,0.88,0.88,22,3.12,1.14,1.14,2
Babrungas,8,6,2,0,17,3,14,20,lithuania2,0.75,1.0,14,2.12,1.33,1.0,3
Hegelmann B,8,6,1,1,14,6,8,19,lithuania2,0.75,0.88,8,1.75,1.33,1.14,4
Neptuna K.,8,5,1,2,21,14,7,16,lithuania2,0.62,0.75,7,2.62,1.61,1.33,5
Nevezis,8,4,3,1,20,9,11,15,lithuania2,0.5,0.88,11,2.5,2.0,1.14,6
Tauras,8,4,1,3,13,6,7,13,lithuania2,0.5,0.62,7,1.62,2.0,1.61,7
Atmosfera,8,4,0,4,10,10,0,12,lithuania2,0.5,0.5,0,1.25,2.0,2.0,8
BFA Vilnius,8,3,1,4,16,12,4,10,lithuania2,0.38,0.5,4,2.0,2.63,2.0,9
Ekranas,8,3,1,4,10,11,-1,10,lithuania2,0.38,0.5,-1,1.25,2.63,2.0,9
Minija,8,2,3,3,5,9,-4,9,lithuania2,0.25,0.62,-4,0.62,4.0,1.61,10
Kauno Z. B,8,2,3,3,9,16,-7,9,lithuania2,0.25,0.62,-7,1.12,4.0,1.61,10
Garliava,8,2,2,4,12,17,-5,8,lithuania2,0.25,0.5,-5,1.5,4.0,2.0,11
Panevezys B,8,2,2,4,7,14,-7,8,lithuania2,0.25,0.5,-7,0.88,4.0,2.0,11
Siauliai B,8,2,0,6,11,16,-5,6,lithuania2,0.25,0.25,-5,1.38,4.0,4.0,12
Banga B,8,0,3,5,5,16,-11,3,lithuania2,0.0,0.38,-11,0.62,0.0,2.63,13
Racing,8,8,0,0,21,5,16,24,luxembourg,1.0,1.0,16,2.62,1.0,1.0,1
Hesperange,7,6,1,0,21,1,20,19,luxembourg,0.86,1.0,20,3.0,1.16,1.0,2
Differdange,7,6,1,0,14,1,13,19,luxembourg,0.86,1.0,13,2.0,1.16,1.0,2
Dudelange,8,6,1,1,23,11,12,19,luxembourg,0.75,0.88,12,2.88,1.33,1.14,2
Niedercorn,8,5,3,0,21,9,12,18,luxembourg,0.62,1.0,12,2.62,1.61,1.0,3
Jeunesse Esch,7,4,3,0,14,7,7,15,luxembourg,0.57,1.0,7,2.0,1.75,1.0,4
UNA Strassen,8,4,2,2,16,6,10,14,luxembourg,0.5,0.75,10,2.0,2.0,1.33,5
Mondorf,8,4,2,2,12,13,-1,14,luxembourg,0.5,0.75,-1,1.5,2.0,1.33,5
V. Rosport,7,4,1,2,7,5,2,13,luxembourg,0.57,0.71,2,1.0,1.75,1.41,6
Petange,8,3,2,3,13,6,7,11,luxembourg,0.38,0.62,7,1.62,2.63,1.61,7
Rodange,7,2,2,3,10,16,-6,8,luxembourg,0.29,0.57,-6,1.43,3.45,1.75,8
Hostert,7,2,1,4,12,20,-8,7,luxembourg,0.29,0.43,-8,1.71,3.45,2.33,9
Fola Esch,8,2,1,5,2,16,-14,7,luxembourg,0.25,0.38,-14,0.25,4.0,2.63,9
Wiltz,7,1,2,4,7,14,-7,5,luxembourg,0.14,0.43,-7,1.0,7.14,2.33,10
Bettembourg,8,1,0,7,7,20,-13,3,luxembourg,0.12,0.12,-13,0.88,8.33,8.33,11
Mondercange,7,0,1,6,3,14,-11,1,luxembourg,0.0,0.14,-11,0.43,0.0,7.14,12
Johor Darul,8,8,0,0,29,2,27,24,malaysia,1.0,1.0,27,3.62,1.0,1.0,1
Selangor,7,6,0,1,17,5,12,18,malaysia,0.86,0.86,12,2.43,1.16,1.16,2
Kuala Lumpur,8,5,1,2,16,10,6,16,malaysia,0.62,0.75,6,2.0,1.61,1.33,3
Sabah,8,4,2,2,16,10,6,14,malaysia,0.5,0.75,6,2.0,2.0,1.33,4
Terengganu,7,4,2,1,12,6,6,14,malaysia,0.57,0.86,6,1.71,1.75,1.16,4
PDRM,8,3,4,1,12,6,6,13,malaysia,0.38,0.88,6,1.5,2.63,1.14,5
Kuching,8,3,4,1,13,9,4,13,malaysia,0.38,0.88,4,1.62,2.63,1.14,5
Kedah,8,3,4,1,11,7,4,13,malaysia,0.38,0.88,4,1.38,2.63,1.14,5
Pulau Pinang,7,2,2,3,7,8,-1,8,malaysia,0.29,0.57,-1,1.0,3.45,1.75,6
Pahang,7,2,1,4,10,13,-3,7,malaysia,0.29,0.43,-3,1.43,3.45,2.33,7
Perak,8,1,2,5,8,18,-10,5,malaysia,0.12,0.38,-10,1.0,8.33,2.63,8
Kelantan United,7,1,1,5,8,18,-10,4,malaysia,0.14,0.29,-10,1.14,7.14,3.45,9
Negeri Sembilan,6,0,0,6,3,17,-14,0,malaysia,0.0,0.0,-14,0.5,0.0,0.0,10
Sliema,8,6,2,0,16,5,11,20,malta,0.75,1.0,11,2.0,1.33,1.0,1
Floriana,8,5,2,1,11,4,7,17,malta,0.62,0.88,7,1.38,1.61,1.14,2
Balzan,8,3,2,3,11,11,0,11,malta,0.38,0.62,0,1.38,2.63,1.61,3
Gzira Utd,8,3,2,3,9,9,0,11,malta,0.38,0.62,0,1.12,2.63,1.61,3
Mosta,6,3,1,2,8,7,1,10,malta,0.5,0.67,1,1.33,2.0,1.49,4
Hibernians,6,3,1,2,7,7,0,10,malta,0.5,0.67,0,1.17,2.0,1.49,4
Marsaxlokk,8,2,4,2,11,12,-1,10,malta,0.25,0.75,-1,1.38,4.0,1.33,4
Birkirkara,8,3,1,4,8,11,-3,10,malta,0.38,0.5,-3,1.0,2.63,2.0,4
Hamrun Spartans,6,2,1,3,9,10,-1,7,malta,0.33,0.5,-1,1.5,3.03,2.0,5
Melita,8,2,0,6,7,15,-8,6,malta,0.25,0.25,-8,0.88,4.0,4.0,6
Naxxar Lions,8,1,3,4,3,16,-13,6,malta,0.12,0.5,-13,0.38,8.33,2.0,6
Zabbar,5,0,1,4,6,14,-8,1,malta,0.0,0.2,-8,1.2,0.0,5.0,7
A. San Luis,8,7,1,0,18,5,13,22,mexico,0.88,1.0,13,2.25,1.14,1.0,1
Toluca,8,6,2,0,25,5,20,20,mexico,0.75,1.0,20,3.12,1.33,1.0,2
Cruz Azul,8,6,2,0,19,3,16,20,mexico,0.75,1.0,16,2.38,1.33,1.0,2
Tigres,8,6,2,0,11,5,6,20,mexico,0.75,1.0,6,1.38,1.33,1.0,2
CF America,8,6,0,2,14,5,9,18,mexico,0.75,0.75,9,1.75,1.33,1.33,3
Pumas UNAM,8,6,0,2,14,6,8,18,mexico,0.75,0.75,8,1.75,1.33,1.33,3
Monterrey,8,5,2,1,16,8,8,17,mexico,0.62,0.88,8,2.0,1.61,1.14,4
Tijuana,8,5,2,1,14,11,3,17,mexico,0.62,0.88,3,1.75,1.61,1.14,4
Guadalajara,8,4,2,2,15,7,8,14,mexico,0.5,0.75,8,1.88,2.0,1.33,5
Atlas,8,3,4,1,8,5,3,13,mexico,0.38,0.88,3,1.0,2.63,1.14,6
Club Leon,8,2,5,1,9,5,4,11,mexico,0.25,0.88,4,1.12,4.0,1.14,7
Mazatlan,8,2,4,2,10,11,-1,10,mexico,0.25,0.75,-1,1.25,4.0,1.33,8
Necaxa,8,2,3,3,9,8,1,9,mexico,0.25,0.62,1,1.12,4.0,1.61,9
Pachuca,8,2,2,4,13,13,0,8,mexico,0.25,0.5,0,1.62,4.0,2.0,10
Santos Laguna,8,2,2,4,6,12,-6,8,mexico,0.25,0.5,-6,0.75,4.0,2.0,10
Puebla,8,2,1,5,12,15,-3,7,mexico,0.25,0.38,-3,1.5,4.0,2.63,11
Queretaro,8,2,1,5,6,11,-5,7,mexico,0.25,0.38,-5,0.75,4.0,2.63,11
Juarez,8,1,2,5,10,15,-5,5,mexico,0.12,0.38,-5,1.25,8.33,2.63,12
Buducnost,8,5,2,1,18,6,12,17,montenegro,0.62,0.88,12,2.25,1.61,1.14,1
Mornar Bar,8,4,2,2,11,7,4,14,montenegro,0.5,0.75,4,1.38,2.0,1.33,2
Jedinstvo,8,4,2,2,12,10,2,14,montenegro,0.5,0.75,2,1.5,2.0,1.33,2
Petrovac,8,4,2,2,11,9,2,14,montenegro,0.5,0.75,2,1.38,2.0,1.33,2
Bokelj,8,4,0,4,9,10,-1,12,montenegro,0.5,0.5,-1,1.12,2.0,2.0,3
Decic,8,3,2,3,8,7,1,11,montenegro,0.38,0.62,1,1.0,2.63,1.61,4
Sutjeska,8,2,3,3,8,8,0,9,montenegro,0.25,0.62,0,1.0,4.0,1.61,5
Arsenal Tivat,8,1,5,2,7,5,2,8,montenegro,0.12,0.75,2,0.88,8.33,1.33,6
Jezero,8,1,4,3,4,7,-3,7,montenegro,0.12,0.62,-3,0.5,8.33,1.61,7
Otrant,8,1,1,6,7,16,-9,4,montenegro,0.12,0.25,-9,0.88,8.33,4.0,8
Wydad,7,5,1,1,14,6,8,16,morocco,0.71,0.86,8,2.0,1.41,1.16,1
FAR Rabat,8,4,4,0,13,6,7,16,morocco,0.5,1.0,7,1.62,2.0,1.0,1
Berkane,7,5,1,1,10,3,7,16,morocco,0.71,0.86,7,1.43,1.41,1.16,1
Raja Casablanca,8,4,3,1,9,3,6,15,morocco,0.5,0.88,6,1.12,2.0,1.14,2
Meknes,7,4,2,1,10,4,6,14,morocco,0.57,0.86,6,1.43,1.75,1.16,3
R. Zemamra,8,4,2,2,12,7,5,14,morocco,0.5,0.75,5,1.5,2.0,1.33,3
Maghreb de Fes,8,4,1,3,5,4,1,13,morocco,0.5,0.62,1,0.62,2.0,1.61,4
FUS Rabat,7,3,3,1,16,6,10,12,morocco,0.43,0.86,10,2.29,2.33,1.16,5
Difaa El Jadida,6,3,2,1,7,4,3,11,morocco,0.5,0.83,3,1.17,2.0,1.2,6
Union Touarga,8,2,5,1,9,7,2,11,morocco,0.25,0.88,2,1.12,4.0,1.14,6
JS Sousalem,8,3,2,3,7,9,-2,11,morocco,0.38,0.62,-2,0.88,2.63,1.61,6
Olympic Safi,7,3,1,3,10,9,1,10,morocco,0.43,0.57,1,1.43,2.33,1.75,7
Hassania Agadir,8,3,1,4,9,9,0,10,morocco,0.38,0.5,0,1.12,2.63,2.0,7
Ittihad Tanger,7,1,4,2,8,8,0,7,morocco,0.14,0.71,0,1.14,7.14,1.41,8
Moghreb Tetouan,7,1,4,2,5,6,-1,7,morocco,0.14,0.71,-1,0.71,7.14,1.41,8
C. Mohammedia,6,0,1,5,2,15,-13,1,morocco,0.0,0.17,-13,0.33,0.0,5.88,9
USM Oujda,6,4,2,0,8,4,4,14,morocco2,0.67,1.0,4,1.33,1.49,1.0,1
Dcheira,6,4,1,1,14,5,9,13,morocco2,0.67,0.83,9,2.33,1.49,1.2,2
Kawkab M.,5,3,2,0,11,4,7,11,morocco2,0.6,1.0,7,2.2,1.67,1.0,3
Yacoub El Manso,5,3,2,0,12,7,5,11,morocco2,0.6,1.0,5,2.4,1.67,1.0,3
R. Beni Mellal,4,3,1,0,9,3,6,10,morocco2,0.75,1.0,6,2.25,1.33,1.0,4
KAC Kenitra,6,2,3,1,11,6,5,9,morocco2,0.33,0.83,5,1.83,3.03,1.2,5
Stade Marocain,5,2,3,0,8,6,2,9,morocco2,0.4,1.0,2,1.6,2.5,1.0,5
C. Benguerir,5,2,2,1,4,3,1,8,morocco2,0.4,0.8,1,0.8,2.5,1.25,6
Youssoufia B.,5,2,2,1,3,3,0,8,morocco2,0.4,0.8,0,0.6,2.5,1.25,6
Wydad Fes,4,2,1,1,5,4,1,7,morocco2,0.5,0.75,1,1.25,2.0,1.33,7
Chabab Atlas K.,6,1,4,1,3,3,0,7,morocco2,0.17,0.83,0,0.5,5.88,1.2,7
RAC Casablanca,5,2,1,2,7,8,-1,7,morocco2,0.4,0.6,-1,1.4,2.5,1.67,7
El Massira,4,1,2,1,5,5,0,5,morocco2,0.25,0.75,0,1.25,4.0,1.33,8
Rapide Oued Z.,5,0,4,1,4,5,-1,4,morocco2,0.0,0.8,-1,0.8,0.0,1.25,9
Khouribga,5,1,1,3,6,8,-2,4,morocco2,0.2,0.4,-2,1.2,5.0,2.5,9
Mouloudia Oujda,4,1,1,2,2,4,-2,4,morocco2,0.25,0.5,-2,0.5,4.0,2.0,9
Yangon Utd,8,6,2,0,21,5,16,20,myanmar,0.75,1.0,16,2.62,1.33,1.0,1
Shan Utd,7,6,1,0,15,3,12,19,myanmar,0.86,1.0,12,2.14,1.16,1.0,2
Ispe FC,8,6,0,2,20,7,13,18,myanmar,0.75,0.75,13,2.5,1.33,1.33,3
Hantharwady,8,5,2,1,13,9,4,17,myanmar,0.62,0.88,4,1.62,1.61,1.14,4
Dagon,6,5,1,0,13,5,8,16,myanmar,0.83,1.0,8,2.17,1.2,1.0,5
Yadanarbon,7,3,2,2,13,15,-2,11,myanmar,0.43,0.71,-2,1.86,2.33,1.41,6
Sagaing Utd,7,3,1,3,17,16,1,10,myanmar,0.43,0.57,1,2.43,2.33,1.75,7
Dagon Port,6,2,1,3,10,16,-6,7,myanmar,0.33,0.5,-6,1.67,3.03,2.0,8
Ayeyawady,7,1,1,5,6,9,-3,4,myanmar,0.14,0.29,-3,0.86,7.14,3.45,9
Thitsar Arman,7,1,1,5,10,18,-8,4,myanmar,0.14,0.29,-8,1.43,7.14,3.45,9
Myawady,6,0,1,5,4,11,-7,1,myanmar,0.0,0.17,-7,0.67,0.0,5.88,10
Rakhine Utd,6,0,1,5,4,24,-20,1,myanmar,0.0,0.17,-20,0.67,0.0,5.88,10
PSV Eindhoven,8,8,0,0,32,3,29,24,netherlands,1.0,1.0,29,4.0,1.0,1.0,1
Ajax Amsterdam,8,7,1,0,20,5,15,22,netherlands,0.88,1.0,15,2.5,1.14,1.0,2
FC Twente,8,5,3,0,17,6,11,18,netherlands,0.62,1.0,11,2.12,1.61,1.0,3
Heerenveen,8,5,3,0,13,4,9,18,netherlands,0.62,1.0,9,1.62,1.61,1.0,3
Go Ahead Eagles,8,5,2,1,20,10,10,17,netherlands,0.62,0.88,10,2.5,1.61,1.14,4
Feyenoord,8,5,2,1,17,9,8,17,netherlands,0.62,0.88,8,2.12,1.61,1.14,4
Fortuna Sittard,8,5,0,3,13,10,3,15,netherlands,0.62,0.62,3,1.62,1.61,1.61,5
NAC Breda,8,5,0,3,11,9,2,15,netherlands,0.62,0.62,2,1.38,1.61,1.61,5
AZ Alkmaar,8,4,1,3,18,10,8,13,netherlands,0.5,0.62,8,2.25,2.0,1.61,6
FC Utrecht,8,4,1,3,16,20,-4,13,netherlands,0.5,0.62,-4,2.0,2.0,1.61,6
FC Groningen,8,3,3,2,9,5,4,12,netherlands,0.38,0.75,4,1.12,2.63,1.33,7
PEC Zwolle,8,4,0,4,11,11,0,12,netherlands,0.5,0.5,0,1.38,2.0,2.0,7
NEC Nijmegen,8,3,2,3,15,8,7,11,netherlands,0.38,0.62,7,1.88,2.63,1.61,8
Heracles Almelo,8,2,4,2,13,13,0,10,netherlands,0.25,0.75,0,1.62,4.0,1.33,9
Willem II,8,2,2,4,11,10,1,8,netherlands,0.25,0.5,1,1.38,4.0,2.0,10
Almere City,8,2,1,5,8,21,-13,7,netherlands,0.25,0.38,-13,1.0,4.0,2.63,11
RKC Waalwijk,8,1,2,5,8,16,-8,5,netherlands,0.12,0.38,-8,1.0,8.33,2.63,12
Sparta,8,0,3,5,7,16,-9,3,netherlands,0.0,0.38,-9,0.88,0.0,2.63,13
FC Volendam,8,7,0,1,20,8,12,21,netherlands2,0.88,0.88,12,2.5,1.14,1.14,1
Excelsior,8,6,1,1,18,7,11,19,netherlands2,0.75,0.88,11,2.25,1.33,1.14,2
De Graafschap,8,6,0,2,21,9,12,18,netherlands2,0.75,0.75,12,2.62,1.33,1.33,3
ADO Den Haag,8,5,2,1,13,5,8,17,netherlands2,0.62,0.88,8,1.62,1.61,1.14,4
FC Dordrecht,8,4,4,0,21,12,9,16,netherlands2,0.5,1.0,9,2.62,2.0,1.0,5
Roda JC,8,5,1,2,12,7,5,16,netherlands2,0.62,0.75,5,1.5,1.61,1.33,5
Telstar,8,3,5,0,17,6,11,14,netherlands2,0.38,1.0,11,2.12,2.63,1.0,6
MVV Maastricht,8,3,4,1,16,10,6,13,netherlands2,0.38,0.88,6,2.0,2.63,1.14,7
FC Emmen,8,3,3,2,14,11,3,12,netherlands2,0.38,0.75,3,1.75,2.63,1.33,8
FC Den Bosch,8,3,3,2,13,12,1,12,netherlands2,0.38,0.75,1,1.62,2.63,1.33,8
Jong Ajax,8,3,2,3,9,5,4,11,netherlands2,0.38,0.62,4,1.12,2.63,1.61,9
Helmond Sport,8,3,2,3,11,11,0,11,netherlands2,0.38,0.62,0,1.38,2.63,1.61,9
TOP Oss,8,3,2,3,8,16,-8,11,netherlands2,0.38,0.62,-8,1.0,2.63,1.61,9
Cambuur,8,3,1,4,8,10,-2,10,netherlands2,0.38,0.5,-2,1.0,2.63,2.0,10
Vitesse Arnhem,8,2,3,3,9,16,-7,9,netherlands2,0.25,0.62,-7,1.12,4.0,1.61,11
Jong Utrecht,8,2,2,4,9,17,-8,8,netherlands2,0.25,0.5,-8,1.12,4.0,2.0,12
Jong PSV,8,2,1,5,17,23,-6,7,netherlands2,0.25,0.38,-6,2.12,4.0,2.63,13
FC Eindhoven,8,1,3,4,3,14,-11,6,netherlands2,0.12,0.5,-11,0.38,8.33,2.0,14
Jong AZ,8,0,3,5,14,19,-5,3,netherlands2,0.0,0.38,-5,1.75,0.0,2.63,15
VVV,8,0,2,6,4,12,-8,2,netherlands2,0.0,0.25,-8,0.5,0.0,4.0,16
Diriangen,8,7,0,1,26,5,21,21,nicaragua,0.88,0.88,21,3.25,1.14,1.14,1
Matagalpa,8,5,3,0,20,8,12,18,nicaragua,0.62,1.0,12,2.5,1.61,1.0,2
Walter Ferreti,8,4,3,1,12,7,5,15,nicaragua,0.5,0.88,5,1.5,2.0,1.14,3
Real Esteli,8,3,5,0,15,4,11,14,nicaragua,0.38,1.0,11,1.88,2.63,1.0,4
Export Sebaco,8,4,2,2,15,7,8,14,nicaragua,0.5,0.75,8,1.88,2.0,1.33,4
Jalapa,8,3,3,2,8,5,3,12,nicaragua,0.38,0.75,3,1.0,2.63,1.33,5
Managua FC,8,4,0,4,13,11,2,12,nicaragua,0.5,0.5,2,1.62,2.0,2.0,5
UNAN Managua,8,3,3,2,9,12,-3,12,nicaragua,0.38,0.75,-3,1.12,2.63,1.33,5
D. Ocotal,8,3,0,5,9,14,-5,9,nicaragua,0.38,0.38,-5,1.12,2.63,2.63,6
Rancho Santana,8,2,2,4,9,17,-8,8,nicaragua,0.25,0.5,-8,1.12,4.0,2.0,7
Portadown,8,5,2,1,10,5,5,17,northernireland,0.62,0.88,5,1.25,1.61,1.14,1
Linfield,8,5,0,3,11,7,4,15,northernireland,0.62,0.62,4,1.38,1.61,1.61,2
Glentoran,8,4,2,2,7,5,2,14,northernireland,0.5,0.75,2,0.88,2.0,1.33,3
Coleraine,8,4,1,3,13,11,2,13,northernireland,0.5,0.62,2,1.62,2.0,1.61,4
Dungannon,8,4,0,4,11,9,2,12,northernireland,0.5,0.5,2,1.38,2.0,2.0,5
Ballymena Utd,8,4,0,4,12,11,1,12,northernireland,0.5,0.5,1,1.5,2.0,2.0,5
Cliftonville,8,3,2,3,9,7,2,11,northernireland,0.38,0.62,2,1.12,2.63,1.61,6
Larne,8,3,2,3,8,8,0,11,northernireland,0.38,0.62,0,1.0,2.63,1.61,6
Glenavon,8,2,4,2,10,11,-1,10,northernireland,0.25,0.75,-1,1.25,4.0,1.33,7
Carrick Rangers,8,3,1,4,9,10,-1,10,northernireland,0.38,0.5,-1,1.12,2.63,2.0,7
Crusaders,8,3,1,4,11,14,-3,10,northernireland,0.38,0.5,-3,1.38,2.63,2.0,7
Loughgall,8,1,1,6,9,23,-14,4,northernireland,0.12,0.25,-14,1.12,8.33,4.0,8
Bangor,8,6,1,1,17,9,8,19,northernireland2,0.75,0.88,8,2.12,1.33,1.14,1
Annagh Utd,8,5,2,1,12,2,10,17,northernireland2,0.62,0.88,10,1.5,1.61,1.14,2
HW Welders,8,5,0,3,15,10,5,15,northernireland2,0.62,0.62,5,1.88,1.61,1.61,3
Institute,8,4,2,2,14,9,5,14,northernireland2,0.5,0.75,5,1.75,2.0,1.33,4
Limavady,8,4,1,3,13,10,3,13,northernireland2,0.5,0.62,3,1.62,2.0,1.61,5
Dundela,8,4,1,3,14,12,2,13,northernireland2,0.5,0.62,2,1.75,2.0,1.61,5
Ards,8,3,2,3,10,8,2,11,northernireland2,0.38,0.62,2,1.25,2.63,1.61,6
Armagh City,8,3,1,4,17,16,1,10,northernireland2,0.38,0.5,1,2.12,2.63,2.0,7
Newry City,8,2,2,4,9,15,-6,8,northernireland2,0.25,0.5,-6,1.12,4.0,2.0,8
Ballinamallard,8,2,1,5,14,15,-1,7,northernireland2,0.25,0.38,-1,1.75,4.0,2.63,9
Newington,8,1,4,3,5,10,-5,7,northernireland2,0.12,0.62,-5,0.62,8.33,1.61,9
Ballyclare,8,2,1,5,14,27,-13,7,northernireland2,0.25,0.38,-13,1.75,4.0,2.63,9
Shkendija,8,6,2,0,20,6,14,20,northmacedonia,0.75,1.0,14,2.5,1.33,1.0,1
Rabotnicki,8,6,2,0,16,4,12,20,northmacedonia,0.75,1.0,12,2.0,1.33,1.0,1
Sileks,8,5,2,1,12,5,7,17,northmacedonia,0.62,0.88,7,1.5,1.61,1.14,2
Gostivar,8,4,4,0,14,4,10,16,northmacedonia,0.5,1.0,10,1.75,2.0,1.0,3
Struga,8,5,1,2,10,10,0,16,northmacedonia,0.62,0.75,0,1.25,1.61,1.33,3
Shkupi,8,4,2,2,14,8,6,14,northmacedonia,0.5,0.75,6,1.75,2.0,1.33,4
Pelister,8,3,4,1,4,2,2,13,northmacedonia,0.38,0.88,2,0.5,2.63,1.14,5
Besa,8,3,1,4,7,8,-1,10,northmacedonia,0.38,0.5,-1,0.88,2.63,2.0,6
Brera Strumica,8,2,3,3,10,10,0,9,northmacedonia,0.25,0.62,0,1.25,4.0,1.61,7
Tikves,8,1,4,3,2,4,-2,7,northmacedonia,0.12,0.62,-2,0.25,8.33,1.61,8
Voska Sport,8,1,4,3,5,9,-4,7,northmacedonia,0.12,0.62,-4,0.62,8.33,1.61,8
Vardar,8,1,2,5,6,14,-8,5,northmacedonia,0.12,0.38,-8,0.75,8.33,2.63,9
Viking,8,6,2,0,21,9,12,20,norway,0.75,1.0,12,2.62,1.33,1.0,1
Bodo/Glimt,8,6,1,1,29,10,19,19,norway,0.75,0.88,19,3.62,1.33,1.14,2
Rosenborg,8,6,1,1,16,5,11,19,norway,0.75,0.88,11,2.0,1.33,1.14,2
Fredrikstad,8,5,2,1,10,8,2,17,norway,0.62,0.88,2,1.25,1.61,1.14,3
Molde,8,5,1,2,24,12,12,16,norway,0.62,0.75,12,3.0,1.61,1.33,4
Stromsgodset,8,5,1,2,12,8,4,16,norway,0.62,0.75,4,1.5,1.61,1.33,4
Brann,8,4,3,1,15,7,8,15,norway,0.5,0.88,8,1.88,2.0,1.14,5
Sandefjord,8,4,2,2,12,10,2,14,norway,0.5,0.75,2,1.5,2.0,1.33,6
Haugesund,8,4,1,3,6,6,0,13,norway,0.5,0.62,0,0.75,2.0,1.61,7
HamKam,8,3,2,3,11,10,1,11,norway,0.38,0.62,1,1.38,2.63,1.61,8
Tromso,8,2,4,2,11,9,2,10,norway,0.25,0.75,2,1.38,4.0,1.33,9
KFUM Oslo,8,2,3,3,7,7,0,9,norway,0.25,0.62,0,0.88,4.0,1.61,10
Sarpsborg 08,8,2,3,3,10,12,-2,9,norway,0.25,0.62,-2,1.25,4.0,1.61,10
Kristiansund,8,2,3,3,6,13,-7,9,norway,0.25,0.62,-7,0.75,4.0,1.61,10
Odd,8,2,1,5,7,14,-7,7,norway,0.25,0.38,-7,0.88,4.0,2.63,11
Lillestrom,8,1,2,5,8,14,-6,5,norway,0.12,0.38,-6,1.0,8.33,2.63,12
Valerenga,8,7,1,0,28,7,21,22,norway2,0.88,1.0,21,3.5,1.14,1.0,1
Moss,8,6,1,1,20,7,13,19,norway2,0.75,0.88,13,2.5,1.33,1.14,2
Bryne,8,5,3,0,17,7,10,18,norway2,0.62,1.0,10,2.12,1.61,1.0,3
Egersund,8,5,0,3,14,12,2,15,norway2,0.62,0.62,2,1.75,1.61,1.61,4
Lyn,8,4,2,2,17,9,8,14,norway2,0.5,0.75,8,2.12,2.0,1.33,5
Asane,8,4,1,3,16,12,4,13,norway2,0.5,0.62,4,2.0,2.0,1.61,6
Aalesund,8,4,0,4,14,12,2,12,norway2,0.5,0.5,2,1.75,2.0,2.0,7
Start,8,3,2,3,11,12,-1,11,norway2,0.38,0.62,-1,1.38,2.63,1.61,8
Stabaek,8,3,1,4,14,12,2,10,norway2,0.38,0.5,2,1.75,2.63,2.0,9
Raufoss,8,2,3,3,11,11,0,9,norway2,0.25,0.62,0,1.38,4.0,1.61,10
Mjondalen,8,2,2,4,8,9,-1,8,norway2,0.25,0.5,-1,1.0,4.0,2.0,11
Levanger,8,2,1,5,12,15,-3,7,norway2,0.25,0.38,-3,1.5,4.0,2.63,12
Kongsvinger,8,1,4,3,9,15,-6,7,norway2,0.12,0.62,-6,1.12,8.33,1.61,12
Ranheim,8,1,3,4,8,13,-5,6,norway2,0.12,0.5,-5,1.0,8.33,2.0,13
Sogndal,8,1,1,6,7,13,-6,4,norway2,0.12,0.25,-6,0.88,8.33,4.0,14
Sandnes Ulf,8,1,0,7,4,21,-17,3,norway2,0.12,0.12,-17,0.5,8.33,8.33,15
Hodd,8,8,0,0,15,5,10,24,norway3,1.0,1.0,10,1.88,1.0,1.0,1
Brattvag,8,5,2,1,21,10,11,17,norway3,0.62,0.88,11,2.62,1.61,1.14,2
Jerv,8,4,3,1,15,8,7,15,norway3,0.5,0.88,7,1.88,2.0,1.14,3
Lysekloster,8,5,0,3,12,9,3,15,norway3,0.62,0.62,3,1.5,1.61,1.61,3
Eik Tonsberg,8,4,2,2,13,10,3,14,norway3,0.5,0.75,3,1.62,2.0,1.33,4
V. Haugesund,8,4,1,3,18,11,7,13,norway3,0.5,0.62,7,2.25,2.0,1.61,5
Flekkeroy,8,4,1,3,13,12,1,13,norway3,0.5,0.62,1,1.62,2.0,1.61,5
Brann B,8,4,1,3,11,10,1,13,norway3,0.5,0.62,1,1.38,2.0,1.61,5
Sotra,8,3,2,3,16,10,6,11,norway3,0.38,0.62,6,2.0,2.63,1.61,6
Notodden,8,3,2,3,10,6,4,11,norway3,0.38,0.62,4,1.25,2.63,1.61,6
Viking B,8,3,1,4,17,13,4,10,norway3,0.38,0.5,4,2.12,2.63,2.0,7
Arendal,8,3,0,5,11,16,-5,9,norway3,0.38,0.38,-5,1.38,2.63,2.63,8
Kvik Halden,8,2,1,5,11,14,-3,7,norway3,0.25,0.38,-3,1.38,4.0,2.63,9
Orn Horten,8,1,3,4,5,8,-3,6,norway3,0.12,0.5,-3,0.62,8.33,2.0,10
Tromsdalen,8,7,1,0,31,12,19,22,norway4,0.88,1.0,19,3.88,1.14,1.0,1
Skeid,8,6,2,0,22,7,15,20,norway4,0.75,1.0,15,2.75,1.33,1.0,2
Ullensaker . K.,8,6,1,1,21,10,11,19,norway4,0.75,0.88,11,2.62,1.33,1.14,3
Stjordals-Blink,8,5,2,1,22,4,18,17,norway4,0.62,0.88,18,2.75,1.61,1.14,4
Alta,8,4,2,2,26,15,11,14,norway4,0.5,0.75,11,3.25,2.0,1.33,5
Grorud,8,4,2,2,22,12,10,14,norway4,0.5,0.75,10,2.75,2.0,1.33,5
Follo,8,4,2,2,18,14,4,14,norway4,0.5,0.75,4,2.25,2.0,1.33,5
Strommen,8,4,2,2,15,11,4,14,norway4,0.5,0.75,4,1.88,2.0,1.33,5
Eidsvold,8,4,2,2,14,11,3,14,norway4,0.5,0.75,3,1.75,2.0,1.33,5
Junkeren,8,4,1,3,15,12,3,13,norway4,0.5,0.62,3,1.88,2.0,1.61,6
Kjelsas,8,3,2,3,15,16,-1,11,norway4,0.38,0.62,-1,1.88,2.63,1.61,7
Strindheim,8,2,2,4,14,12,2,8,norway4,0.25,0.5,2,1.75,4.0,2.0,8
Valerenga B,8,1,0,7,9,29,-20,3,norway4,0.12,0.12,-20,1.12,8.33,8.33,9
Gjovik-Lyn,8,0,0,8,3,18,-15,0,norway4,0.0,0.0,-15,0.38,0.0,0.0,10
Bjarg,8,8,0,0,30,8,22,24,norway5,1.0,1.0,22,3.75,1.0,1.0,1
Sandviken,8,7,1,0,26,9,17,22,norway5,0.88,1.0,17,3.25,1.14,1.0,2
Askoy,8,7,1,0,24,9,15,22,norway5,0.88,1.0,15,3.0,1.14,1.0,2
Djerv,8,5,2,1,28,16,12,17,norway5,0.62,0.88,12,3.5,1.61,1.14,3
Os,8,5,0,3,30,17,13,15,norway5,0.62,0.62,13,3.75,1.61,1.61,4
Fana,8,4,3,1,18,15,3,15,norway5,0.5,0.88,3,2.25,2.0,1.14,4
Ardal,8,4,0,4,26,22,4,12,norway5,0.5,0.5,4,3.25,2.0,2.0,5
Forde,8,4,0,4,19,19,0,12,norway5,0.5,0.5,0,2.38,2.0,2.0,5
Haugesund B,8,3,2,3,20,17,3,11,norway5,0.38,0.62,3,2.5,2.63,1.61,6
Loddefjord,8,2,3,3,22,22,0,9,norway5,0.25,0.62,0,2.75,4.0,1.61,7
Froya,8,2,2,4,8,9,-1,8,norway5,0.25,0.5,-1,1.0,4.0,2.0,8
Stord,8,2,1,5,12,19,-7,7,norway5,0.25,0.38,-7,1.5,4.0,2.63,9
Asane B,8,2,0,6,11,27,-16,6,norway5,0.25,0.25,-16,1.38,4.0,4.0,10
Floro,8,1,0,7,11,40,-29,3,norway5,0.12,0.12,-29,1.38,8.33,8.33,11
Vidar,8,7,0,1,31,4,27,21,norway6,0.88,0.88,27,3.88,1.14,1.14,1
Fram,8,6,2,0,25,16,9,20,norway6,0.75,1.0,9,3.12,1.33,1.0,2
Madla,8,6,1,1,23,10,13,19,norway6,0.75,0.88,13,2.88,1.33,1.14,3
Vindbjart,8,6,1,1,19,8,11,19,norway6,0.75,0.88,11,2.38,1.33,1.14,3
Brodd,8,6,1,1,20,11,9,19,norway6,0.75,0.88,9,2.5,1.33,1.14,3
Pors Grenland,8,5,2,1,11,7,4,17,norway6,0.62,0.88,4,1.38,1.61,1.14,4
Mandalskamerat.,8,5,1,2,20,12,8,16,norway6,0.62,0.75,8,2.5,1.61,1.33,5
Odd B,8,5,0,3,29,12,17,15,norway6,0.62,0.62,17,3.62,1.61,1.61,6
Sola,8,5,0,3,24,13,11,15,norway6,0.62,0.62,11,3.0,1.61,1.61,6
Sandefjord B,8,5,0,3,22,13,9,15,norway6,0.62,0.62,9,2.75,1.61,1.61,6
Staal Jorpeland,8,5,0,3,19,15,4,15,norway6,0.62,0.62,4,2.38,1.61,1.61,6
Start B,8,3,1,4,20,16,4,10,norway6,0.38,0.5,4,2.5,2.63,2.0,7
Sandnes Ulf B,8,2,1,5,11,20,-9,7,norway6,0.25,0.38,-9,1.38,4.0,2.63,8
Vigor,8,1,0,7,7,32,-25,3,norway6,0.12,0.12,-25,0.88,8.33,8.33,9
Asker,8,7,0,1,22,11,11,21,norway7,0.88,0.88,11,2.75,1.14,1.14,1
Frigg,8,6,2,0,43,11,32,20,norway7,0.75,1.0,32,5.38,1.33,1.0,2
Nordstrand,8,6,1,1,23,8,15,19,norway7,0.75,0.88,15,2.88,1.33,1.14,3
Gamle Oslo,8,6,0,2,22,13,9,18,norway7,0.75,0.75,9,2.75,1.33,1.33,4
Sarpsborg 08 B,8,4,3,1,18,10,8,15,norway7,0.5,0.88,8,2.25,2.0,1.14,5
Flint,8,5,0,3,22,16,6,15,norway7,0.62,0.62,6,2.75,1.61,1.61,5
Oppsal,8,4,2,2,17,5,12,14,norway7,0.5,0.75,12,2.12,2.0,1.33,6
Ullern,8,4,2,2,21,17,4,14,norway7,0.5,0.75,4,2.62,2.0,1.33,6
Baerum,8,3,3,2,18,16,2,12,norway7,0.38,0.75,2,2.25,2.63,1.33,7
Assiden IF,8,4,0,4,15,28,-13,12,norway7,0.5,0.5,-13,1.88,2.0,2.0,7
Mjondalen B,8,3,0,5,11,16,-5,9,norway7,0.38,0.38,-5,1.38,2.63,2.63,8
KFUM B,8,2,2,4,15,17,-2,8,norway7,0.25,0.5,-2,1.88,4.0,2.0,9
Skeid B,8,2,2,4,17,22,-5,8,norway7,0.25,0.5,-5,2.12,4.0,2.0,9
Askollen,8,1,1,6,8,33,-25,4,norway7,0.12,0.25,-25,1.0,8.33,4.0,10
Rana,8,7,0,1,30,4,26,21,norway8,0.88,0.88,26,3.75,1.14,1.14,1
Nardo,8,6,0,2,32,9,23,18,norway8,0.75,0.75,23,4.0,1.33,1.33,2
Lillestrom B,8,5,1,2,20,13,7,16,norway8,0.62,0.75,7,2.5,1.61,1.33,3
Rosenborg B,8,5,1,2,16,10,6,16,norway8,0.62,0.75,6,2.0,1.61,1.33,3
Trygg/Lade,8,5,0,3,24,10,14,15,norway8,0.62,0.62,14,3.0,1.61,1.61,4
Melhus,8,5,0,3,18,10,8,15,norway8,0.62,0.62,8,2.25,1.61,1.61,4
Stromsgodset B,8,4,1,3,26,16,10,13,norway8,0.5,0.62,10,3.25,2.0,1.61,5
Surnadal,8,4,0,4,23,22,1,12,norway8,0.5,0.5,1,2.88,2.0,2.0,6
Tiller,8,3,3,2,14,18,-4,12,norway8,0.38,0.75,-4,1.75,2.63,1.33,6
Byasen,8,3,2,3,17,14,3,11,norway8,0.38,0.62,3,2.12,2.63,1.61,7
Verdal,8,3,2,3,16,19,-3,11,norway8,0.38,0.62,-3,2.0,2.63,1.61,7
Stabaek B,8,0,5,3,6,16,-10,5,norway8,0.0,0.62,-10,0.75,0.0,1.61,8
Mosjoen,8,1,2,5,13,29,-16,5,norway8,0.12,0.38,-16,1.62,8.33,2.63,8
Orkla,8,1,1,6,9,21,-12,4,norway8,0.12,0.25,-12,1.12,8.33,4.0,9
Traef,8,7,1,0,26,5,21,22,norway9,0.88,1.0,21,3.25,1.14,1.0,1
Skjetten,8,6,1,1,23,8,15,19,norway9,0.75,0.88,15,2.88,1.33,1.14,2
IF Ready,8,6,1,1,24,10,14,19,norway9,0.75,0.88,14,3.0,1.33,1.14,2
Lokomotiv Oslo,8,5,3,0,16,9,7,18,norway9,0.62,1.0,7,2.0,1.61,1.0,3
Lorenskog,8,5,1,2,23,14,9,16,norway9,0.62,0.75,9,2.88,1.61,1.33,4
Spjelkavik,8,4,2,2,19,11,8,14,norway9,0.5,0.75,8,2.38,2.0,1.33,5
Kristiansund B,8,4,2,2,11,6,5,14,norway9,0.5,0.75,5,1.38,2.0,1.33,5
Bjorkelangen,8,4,1,3,12,11,1,13,norway9,0.5,0.62,1,1.5,2.0,1.61,6
Gjellerasen,8,3,2,3,16,20,-4,11,norway9,0.38,0.62,-4,2.0,2.63,1.61,7
Skedsmo,8,3,1,4,14,10,4,10,norway9,0.38,0.5,4,1.75,2.63,2.0,8
Molde B,8,3,1,4,11,16,-5,10,norway9,0.38,0.5,-5,1.38,2.63,2.0,8
Funnefoss . V.,8,2,3,3,10,13,-3,9,norway9,0.25,0.62,-3,1.25,4.0,1.61,9
Aalesund B,8,1,0,7,10,19,-9,3,norway9,0.12,0.12,-9,1.25,8.33,8.33,10
Hodd B,8,0,1,7,7,23,-16,1,norway9,0.0,0.12,-16,0.88,0.0,8.33,11
Elverum,8,7,0,1,33,9,24,21,norway10,0.88,0.88,24,4.12,1.14,1.14,1
Floya,8,7,0,1,28,8,20,21,norway10,0.88,0.88,20,3.5,1.14,1.14,1
Honefoss,8,6,2,0,42,6,36,20,norway10,0.75,1.0,36,5.25,1.33,1.0,2
Skjervoy,8,6,0,2,21,12,9,18,norway10,0.75,0.75,9,2.62,1.33,1.33,3
Kongsvinger B,8,5,2,1,19,9,10,17,norway10,0.62,0.88,10,2.38,1.61,1.14,4
Harstad,8,5,2,1,16,11,5,17,norway10,0.62,0.88,5,2.0,1.61,1.14,4
Fyllingsdalen,8,4,0,4,14,16,-2,12,norway10,0.5,0.5,-2,1.75,2.0,2.0,5
Fredrikstad B,8,4,0,4,11,15,-4,12,norway10,0.5,0.5,-4,1.38,2.0,2.0,5
HamKam B,8,3,1,4,15,14,1,10,norway10,0.38,0.5,1,1.88,2.63,2.0,6
Mjolner,8,3,0,5,14,17,-3,9,norway10,0.38,0.38,-3,1.75,2.63,2.63,7
Ulfstind,8,1,4,3,17,22,-5,7,norway10,0.12,0.62,-5,2.12,8.33,1.61,8
Innstranden,8,2,0,6,13,23,-10,6,norway10,0.25,0.25,-10,1.62,4.0,4.0,9
Sprint-Jeloy,8,1,1,6,7,21,-14,4,norway10,0.12,0.25,-14,0.88,8.33,4.0,10
Bodo/Glimt B,8,0,1,7,9,33,-24,1,norway10,0.0,0.12,-24,1.12,0.0,8.33,11
Al Seeb,5,5,0,0,14,2,12,15,oman,1.0,1.0,12,2.8,1.0,1.0,1
Al-Nahda,4,3,1,0,4,0,4,10,oman,0.75,1.0,4,1.0,1.33,1.0,2
Oman Club,5,3,1,1,5,4,1,10,oman,0.6,0.8,1,1.0,1.67,1.25,2
Al-Shabab Club,6,3,1,2,6,7,-1,10,oman,0.5,0.67,-1,1.0,2.0,1.49,2
Bahla,5,2,1,2,6,4,2,7,oman,0.4,0.6,2,1.2,2.5,1.67,3
Al Nasr,5,2,1,2,9,9,0,7,oman,0.4,0.6,0,1.8,2.5,1.67,3
Sohar,5,2,1,2,5,5,0,7,oman,0.4,0.6,0,1.0,2.5,1.67,3
Saham,5,2,1,2,4,7,-3,7,oman,0.4,0.6,-3,0.8,2.5,1.67,3
Sur,5,2,0,3,2,3,-1,6,oman,0.4,0.4,-1,0.4,2.5,2.5,4
Ibri,5,2,0,3,3,5,-2,6,oman,0.4,0.4,-2,0.6,2.5,2.5,4
Al-Rustaq,5,1,2,2,5,6,-1,5,oman,0.2,0.6,-1,1.0,5.0,1.67,5
Al-Khabourah,5,1,1,3,5,8,-3,4,oman,0.2,0.4,-3,1.0,5.0,2.5,6
Plaza Amador,8,6,1,1,10,6,4,19,panama2,0.75,0.88,4,1.25,1.33,1.14,1
Independiente,8,5,2,1,10,6,4,17,panama2,0.62,0.88,4,1.25,1.61,1.14,2
Arabe Unido,6,5,1,0,13,5,8,16,panama2,0.83,1.0,8,2.17,1.2,1.0,3
Tauro,8,3,5,0,11,5,6,14,panama2,0.38,1.0,6,1.38,2.63,1.0,4
Alianza,8,4,2,2,8,5,3,14,panama2,0.5,0.75,3,1.0,2.0,1.33,4
Universitario,8,4,1,3,12,9,3,13,panama2,0.5,0.62,3,1.5,2.0,1.61,5
San Miguelito,6,4,1,1,8,5,3,13,panama2,0.67,0.83,3,1.33,1.49,1.2,5
Costa del Este,8,3,3,2,11,12,-1,12,panama2,0.38,0.75,-1,1.38,2.63,1.33,6
UMECIT,8,3,1,4,6,6,0,10,panama2,0.38,0.5,0,0.75,2.63,2.0,7
Veraguas,8,2,3,3,7,7,0,9,panama2,0.25,0.62,0,0.88,4.0,1.61,8
Herrera,6,1,2,3,7,8,-1,5,panama2,0.17,0.5,-1,1.17,5.88,2.0,9
San Francisco,8,1,2,5,5,10,-5,5,panama2,0.12,0.38,-5,0.62,8.33,2.63,9
Olimpia,8,5,3,0,15,7,8,18,paraguay2,0.62,1.0,8,1.88,1.61,1.0,1
Nacional,8,5,3,0,11,4,7,18,paraguay2,0.62,1.0,7,1.38,1.61,1.0,1
S. Ameliano,8,5,0,3,7,5,2,15,paraguay2,0.62,0.62,2,0.88,1.61,1.61,2
S. Trinidense,8,4,1,3,11,11,0,13,paraguay2,0.5,0.62,0,1.38,2.0,1.61,3
Guarani,8,2,6,0,7,5,2,12,paraguay2,0.25,1.0,2,0.88,4.0,1.0,4
G. Caballero,8,2,5,1,7,8,-1,11,paraguay2,0.25,0.88,-1,0.88,4.0,1.14,5
Libertad,8,3,1,4,6,7,-1,10,paraguay2,0.38,0.5,-1,0.75,2.63,2.0,6
Sol de America,8,2,3,3,8,9,-1,9,paraguay2,0.25,0.62,-1,1.0,4.0,1.61,7
S. Luqueno,8,2,3,3,8,10,-2,9,paraguay2,0.25,0.62,-2,1.0,4.0,1.61,7
Cerro Porteno,8,2,3,3,10,13,-3,9,paraguay2,0.25,0.62,-3,1.25,4.0,1.61,7
2 de Mayo,8,2,2,4,8,10,-2,8,paraguay2,0.25,0.5,-2,1.0,4.0,2.0,8
Tacuary,8,1,1,6,3,14,-11,4,paraguay2,0.12,0.25,-11,0.38,8.33,4.0,9
Universitario,8,8,0,0,16,4,12,24,peru2,1.0,1.0,12,2.0,1.0,1.0,1
S. Cristal,8,7,1,0,23,3,20,22,peru2,0.88,1.0,20,2.88,1.14,1.0,2
FBC Melgar,8,6,2,0,15,3,12,20,peru2,0.75,1.0,12,1.88,1.33,1.0,3
Cusco,8,5,2,1,14,7,7,17,peru2,0.62,0.88,7,1.75,1.61,1.14,4
Alianza Lima,8,5,2,1,11,4,7,17,peru2,0.62,0.88,7,1.38,1.61,1.14,4
Alianza A.,8,5,2,1,10,6,4,17,peru2,0.62,0.88,4,1.25,1.61,1.14,4
Cienciano,8,5,1,2,18,5,13,16,peru2,0.62,0.75,13,2.25,1.61,1.33,5
Atletico Grau,8,4,4,0,16,6,10,16,peru2,0.5,1.0,10,2.0,2.0,1.0,5
D. Garcilaso,8,5,0,3,9,6,3,15,peru2,0.62,0.62,3,1.12,1.61,1.61,6
Los Chankas,8,3,4,1,10,7,3,13,peru2,0.38,0.88,3,1.25,2.63,1.14,7
ADT,8,4,1,3,10,8,2,13,peru2,0.5,0.62,2,1.25,2.0,1.61,7
Cajamarca,8,3,3,2,11,8,3,12,peru2,0.38,0.75,3,1.38,2.63,1.33,8
Comerciantes U.,8,3,3,2,8,8,0,12,peru2,0.38,0.75,0,1.0,2.63,1.33,8
Sport Huancayo,8,3,2,3,12,13,-1,11,peru2,0.38,0.62,-1,1.5,2.63,1.61,9
Sport Boys,8,3,2,3,9,14,-5,11,peru2,0.38,0.62,-5,1.12,2.63,1.61,9
Carlos Manucci,8,2,4,2,13,11,2,10,peru2,0.25,0.75,2,1.62,4.0,1.33,10
Cesar Vallejo,8,2,4,2,7,8,-1,10,peru2,0.25,0.75,-1,0.88,4.0,1.33,10
Union Comercio,8,2,1,5,10,25,-15,7,peru2,0.25,0.38,-15,1.25,4.0,2.63,11
Kaya FC,3,3,0,0,16,4,12,9,philippines,1.0,1.0,12,5.33,1.0,1.0,1
One Taguig,4,2,0,2,11,3,8,6,philippines,0.5,0.5,8,2.75,2.0,2.0,2
Manila Digger,4,2,0,2,9,4,5,6,philippines,0.5,0.5,5,2.25,2.0,2.0,2
PFF Development,3,2,0,1,5,4,1,6,philippines,0.67,0.67,1,1.67,1.49,1.49,2
DH Cebu,3,1,1,1,1,1,0,4,philippines,0.33,0.67,0,0.33,3.03,1.49,3
Stallion,4,1,0,3,5,9,-4,3,philippines,0.25,0.25,-4,1.25,4.0,4.0,4
Maharlika,4,0,2,2,5,12,-7,2,philippines,0.0,0.5,-7,1.25,0.0,2.0,5
Davao Aguilas,4,0,1,3,4,7,-3,1,philippines,0.0,0.25,-3,1.0,0.0,4.0,6
Loyola,3,0,1,2,3,9,-6,1,philippines,0.0,0.33,-6,1.0,0.0,3.03,6
Mendiola,2,0,0,2,2,9,-7,0,philippines,0.0,0.0,-7,1.0,0.0,0.0,7
Lech Poznan,8,7,0,1,21,6,15,21,poland,0.88,0.88,15,2.62,1.14,1.14,1
Pogon Szczecin,8,6,1,1,13,6,7,19,poland,0.75,0.88,7,1.62,1.33,1.14,2
Legia Warsaw,8,5,1,2,20,11,9,16,poland,0.62,0.75,9,2.5,1.61,1.33,3
Rakow C.,8,4,3,1,12,5,7,15,poland,0.5,0.88,7,1.5,2.0,1.14,4
Jagiellonia,8,4,3,1,16,12,4,15,poland,0.5,0.88,4,2.0,2.0,1.14,4
Stal Mielec,8,4,2,2,11,8,3,14,poland,0.5,0.75,3,1.38,2.0,1.33,5
Motor Lublin,8,4,2,2,12,10,2,14,poland,0.5,0.75,2,1.5,2.0,1.33,5
Gornik Zabrze,8,4,1,3,11,8,3,13,poland,0.5,0.62,3,1.38,2.0,1.61,6
Widzew Lodz,8,4,1,3,10,9,1,13,poland,0.5,0.62,1,1.25,2.0,1.61,6
Katowice,8,3,3,2,11,7,4,12,poland,0.38,0.75,4,1.38,2.63,1.33,7
Puszcza Niepolo,8,3,3,2,12,12,0,12,poland,0.38,0.75,0,1.5,2.63,1.33,7
Zaglebie Lubin,8,4,0,4,8,9,-1,12,poland,0.5,0.5,-1,1.0,2.0,2.0,7
Radomiak Radom,8,3,2,3,12,9,3,11,poland,0.38,0.62,3,1.5,2.63,1.61,8
Cracovia Krakow,8,3,2,3,17,16,1,11,poland,0.38,0.62,1,2.12,2.63,1.61,8
Piast Gliwice,8,1,5,2,9,10,-1,8,poland,0.12,0.75,-1,1.12,8.33,1.33,9
Korona Kielce,8,2,2,4,8,12,-4,8,poland,0.25,0.5,-4,1.0,4.0,2.0,9
Lechia Gdansk,8,2,2,4,6,11,-5,8,poland,0.25,0.5,-5,0.75,4.0,2.0,9
Slask Wroclaw,8,1,3,4,7,11,-4,6,poland,0.12,0.5,-4,0.88,8.33,2.0,10
Arka Gdynia,8,6,1,1,20,6,14,19,poland2,0.75,0.88,14,2.5,1.33,1.14,1
Polonia Warszaw,8,6,0,2,11,3,8,18,poland2,0.75,0.75,8,1.38,1.33,1.33,2
Ruch Chorzow,7,5,2,0,18,4,14,17,poland2,0.71,1.0,14,2.57,1.41,1.0,3
Wisla Plock,8,4,3,1,16,9,7,15,poland2,0.5,0.88,7,2.0,2.0,1.14,4
T. Nieciecza,8,4,3,1,17,11,6,15,poland2,0.5,0.88,6,2.12,2.0,1.14,4
Miedz Legnica,8,4,2,2,17,9,8,14,poland2,0.5,0.75,8,2.12,2.0,1.33,5
Wisla Krakow,8,3,4,1,13,6,7,13,poland2,0.38,0.88,7,1.62,2.63,1.14,6
Gornik Leczna,8,3,3,2,12,10,2,12,poland2,0.38,0.75,2,1.5,2.63,1.33,7
Znicz Pruszkow,8,3,2,3,15,12,3,11,poland2,0.38,0.62,3,1.88,2.63,1.61,8
LKS Lodz,8,3,2,3,8,5,3,11,poland2,0.38,0.62,3,1.0,2.63,1.61,8
Stal Rzeszow,8,3,1,4,16,15,1,10,poland2,0.38,0.5,1,2.0,2.63,2.0,9
Warta Poznan,8,3,1,4,8,12,-4,10,poland2,0.38,0.5,-4,1.0,2.63,2.0,9
Chrobry Glogow,8,2,3,3,8,12,-4,9,poland2,0.25,0.62,-4,1.0,4.0,1.61,10
Odra Opole,8,2,2,4,8,14,-6,8,poland2,0.25,0.5,-6,1.0,4.0,2.0,11
K. Kolobrzeg,8,2,2,4,6,12,-6,8,poland2,0.25,0.5,-6,0.75,4.0,2.0,11
Tychy,8,1,4,3,6,8,-2,7,poland2,0.12,0.62,-2,0.75,8.33,1.61,12
Stalowa Wola,8,1,3,4,9,17,-8,6,poland2,0.12,0.5,-8,1.12,8.33,2.0,13
Pogon Siedlce,8,1,2,5,8,14,-6,5,poland2,0.12,0.38,-6,1.0,8.33,2.63,14
Polonia Bytom,8,7,0,1,23,5,18,21,poland3,0.88,0.88,18,2.88,1.14,1.14,1
Wieczysta K.,8,6,2,0,20,4,16,20,poland3,0.75,1.0,16,2.5,1.33,1.0,2
Pogon Grodzisk,8,6,2,0,18,7,11,20,poland3,0.75,1.0,11,2.25,1.33,1.0,2
Chojniczanka,8,5,2,1,13,5,8,17,poland3,0.62,0.88,8,1.62,1.61,1.14,3
Hutnik Krakow,8,5,2,1,12,9,3,17,poland3,0.62,0.88,3,1.5,1.61,1.14,3
SKRA Czestochow,8,5,1,2,11,7,4,16,poland3,0.62,0.75,4,1.38,1.61,1.33,4
Swit Skolwin,8,4,2,2,16,14,2,14,poland3,0.5,0.75,2,2.0,2.0,1.33,5
Zaglebie L. B,8,3,3,2,17,10,7,12,poland3,0.38,0.75,7,2.12,2.63,1.33,6
Wisla Pulawy,8,4,0,4,10,14,-4,12,poland3,0.5,0.5,-4,1.25,2.0,2.0,6
Resovia Rzeszow,8,3,2,3,15,15,0,11,poland3,0.38,0.62,0,1.88,2.63,1.61,7
Kalisz,8,3,2,3,10,11,-1,11,poland3,0.38,0.62,-1,1.25,2.63,1.61,7
Podbeskidzie,8,3,2,3,7,8,-1,11,poland3,0.38,0.62,-1,0.88,2.63,1.61,7
Z. Sosnowiec,8,3,2,3,15,18,-3,11,poland3,0.38,0.62,-3,1.88,2.63,1.61,7
O. Grudziadz,8,2,2,4,12,12,0,8,poland3,0.25,0.5,0,1.5,4.0,2.0,8
Olimpia Elblag,8,2,2,4,9,13,-4,8,poland3,0.25,0.5,-4,1.12,4.0,2.0,8
LKS Lodz B,8,1,3,4,6,10,-4,6,poland3,0.12,0.5,-4,0.75,8.33,2.0,9
Jastrzebie,8,1,2,5,7,13,-6,5,poland3,0.12,0.38,-6,0.88,8.33,2.63,10
Rekord Bielsko,8,0,3,5,9,16,-7,3,poland3,0.0,0.38,-7,1.12,0.0,2.63,11
Benfica,8,8,0,0,26,3,23,24,portugal,1.0,1.0,23,3.25,1.0,1.0,1
FC Porto,8,8,0,0,21,2,19,24,portugal,1.0,1.0,19,2.62,1.0,1.0,1
Sporting CP,7,6,0,1,18,5,13,18,portugal,0.86,0.86,13,2.57,1.16,1.16,2
Santa Clara,8,6,0,2,8,6,2,18,portugal,0.75,0.75,2,1.0,1.33,1.33,2
Guimaraes,7,4,2,1,12,8,4,14,portugal,0.57,0.86,4,1.71,1.75,1.16,3
Moreirense,7,4,2,1,10,8,2,14,portugal,0.57,0.86,2,1.43,1.75,1.16,3
Estrela Amadora,8,4,2,2,11,10,1,14,portugal,0.5,0.75,1,1.38,2.0,1.33,3
Rio Ave,7,3,4,0,12,9,3,13,portugal,0.43,1.0,3,1.71,2.33,1.0,4
Gil Vicente,7,3,3,1,11,6,5,12,portugal,0.43,0.86,5,1.57,2.33,1.16,5
Sporting Braga,8,3,3,2,17,13,4,12,portugal,0.38,0.75,4,2.12,2.63,1.33,5
Casa Pia,8,3,3,2,10,8,2,12,portugal,0.38,0.75,2,1.25,2.63,1.33,5
Estoril,8,3,2,3,8,11,-3,11,portugal,0.38,0.62,-3,1.0,2.63,1.61,6
Famalicao,8,2,4,2,6,7,-1,10,portugal,0.25,0.75,-1,0.75,4.0,1.33,7
Nacional,7,3,1,3,6,11,-5,10,portugal,0.43,0.57,-5,0.86,2.33,1.75,7
AVS,8,2,3,3,6,11,-5,9,portugal,0.25,0.62,-5,0.75,4.0,1.61,8
Arouca,7,2,1,4,4,9,-5,7,portugal,0.29,0.43,-5,0.57,3.45,2.33,9
Farense,7,2,0,5,4,11,-7,6,portugal,0.29,0.29,-7,0.57,3.45,3.45,10
Boavista,7,0,3,4,1,9,-8,3,portugal,0.0,0.43,-8,0.14,0.0,2.33,11
Tondela,7,5,2,0,15,6,9,17,portugal2,0.71,1.0,9,2.14,1.41,1.0,1
Leixoes,8,5,2,1,17,9,8,17,portugal2,0.62,0.88,8,2.12,1.61,1.14,1
Benfica B,8,5,1,2,11,11,0,16,portugal2,0.62,0.75,0,1.38,1.61,1.33,2
Penafiel,8,4,3,1,14,11,3,15,portugal2,0.5,0.88,3,1.75,2.0,1.14,3
Torreense,8,5,0,3,10,7,3,15,portugal2,0.62,0.62,3,1.25,1.61,1.61,3
Feirense,8,3,4,1,12,7,5,13,portugal2,0.38,0.88,5,1.5,2.63,1.14,4
Academico Viseu,7,4,1,2,9,6,3,13,portugal2,0.57,0.71,3,1.29,1.75,1.41,4
Alverca,7,3,3,1,12,11,1,12,portugal2,0.43,0.86,1,1.71,2.33,1.16,5
Chaves,7,3,3,1,8,8,0,12,portugal2,0.43,0.86,0,1.14,2.33,1.16,5
FC Porto B,7,2,4,1,7,7,0,10,portugal2,0.29,0.86,0,1.0,3.45,1.16,6
Vizela,7,2,2,3,8,7,1,8,portugal2,0.29,0.57,1,1.14,3.45,1.75,7
Uniao de Leiria,7,2,2,3,5,8,-3,8,portugal2,0.29,0.57,-3,0.71,3.45,1.75,7
Mafra,8,2,2,4,9,14,-5,8,portugal2,0.25,0.5,-5,1.12,4.0,2.0,7
Felgueiras,8,1,4,3,7,10,-3,7,portugal2,0.12,0.62,-3,0.88,8.33,1.61,8
Maritimo,7,1,3,3,7,11,-4,6,portugal2,0.14,0.57,-4,1.0,7.14,1.75,9
Portimonense,7,1,2,4,8,12,-4,5,portugal2,0.14,0.43,-4,1.14,7.14,2.33,10
Pacos Ferreira,8,1,2,5,7,15,-8,5,portugal2,0.12,0.38,-8,0.88,8.33,2.63,10
Oliveirense,8,1,1,6,3,14,-11,4,portugal2,0.12,0.25,-11,0.38,8.33,4.0,11
Al Gharafa,5,4,1,0,12,5,7,13,qatar,0.8,1.0,7,2.4,1.25,1.0,1
Al Sadd,5,4,0,1,16,8,8,12,qatar,0.8,0.8,8,3.2,1.25,1.25,2
Al Ahli Doha,6,3,2,1,10,8,2,11,qatar,0.5,0.83,2,1.67,2.0,1.2,3
Al Duhail,5,3,1,1,12,4,8,10,qatar,0.6,0.8,8,2.4,1.67,1.25,4
Umm Salal,5,2,2,1,9,9,0,8,qatar,0.4,0.8,0,1.8,2.5,1.25,5
Al Arabi,6,2,2,2,8,12,-4,8,qatar,0.33,0.67,-4,1.33,3.03,1.49,5
Al Rayyan,5,2,1,2,10,9,1,7,qatar,0.4,0.6,1,2.0,2.5,1.67,6
Al Shahaniya,5,2,1,2,6,6,0,7,qatar,0.4,0.6,0,1.2,2.5,1.67,6
Al Wakrah,6,2,1,3,8,11,-3,7,qatar,0.33,0.5,-3,1.33,3.03,2.0,6
Al Shamal,5,2,0,3,11,14,-3,6,qatar,0.4,0.4,-3,2.2,2.5,2.5,7
Qatar SC,7,1,0,6,7,21,-14,3,qatar,0.14,0.14,-14,1.0,7.14,7.14,8
Al Khor,6,0,2,4,5,11,-6,2,qatar,0.0,0.33,-6,0.83,0.0,3.03,9
FCSB,8,5,2,1,14,7,7,17,romania,0.62,0.88,7,1.75,1.61,1.14,1
Univ. Craiova,8,4,3,1,15,7,8,15,romania,0.5,0.88,8,1.88,2.0,1.14,2
Rapid Bucharest,8,4,3,1,12,4,8,15,romania,0.5,0.88,8,1.5,2.0,1.14,2
CFR Cluj,8,4,3,1,18,12,6,15,romania,0.5,0.88,6,2.25,2.0,1.14,2
Sepsi OSK,8,4,2,2,9,3,6,14,romania,0.5,0.75,6,1.12,2.0,1.33,3
U. Cluj,8,4,2,2,13,8,5,14,romania,0.5,0.75,5,1.62,2.0,1.33,3
Hermannstadt,8,4,2,2,11,9,2,14,romania,0.5,0.75,2,1.38,2.0,1.33,3
Farul Constanta,8,4,2,2,12,11,1,14,romania,0.5,0.75,1,1.5,2.0,1.33,3
Petrolul,8,3,4,1,11,6,5,13,romania,0.38,0.88,5,1.38,2.63,1.14,4
Din. Bucharest,8,3,4,1,8,6,2,13,romania,0.38,0.88,2,1.0,2.63,1.14,4
P. Iasi,8,4,1,3,10,9,1,13,romania,0.5,0.62,1,1.25,2.0,1.61,4
UTA Arad,8,3,3,2,12,9,3,12,romania,0.38,0.75,3,1.5,2.63,1.33,5
FC Buzau,8,3,1,4,6,5,1,10,romania,0.38,0.5,1,0.75,2.63,2.0,6
Botosani,8,2,3,3,9,10,-1,9,romania,0.25,0.62,-1,1.12,4.0,1.61,7
Unirea Slobozia,8,2,2,4,9,11,-2,8,romania,0.25,0.5,-2,1.12,4.0,2.0,8
Otelul,8,1,4,3,6,10,-4,7,romania,0.12,0.62,-4,0.75,8.33,1.61,9
Spartak Moscow,8,6,1,1,21,7,14,19,russia,0.75,0.88,14,2.62,1.33,1.14,1
FC Krasnodar,8,6,1,1,16,5,11,19,russia,0.75,0.88,11,2.0,1.33,1.14,1
Lokomotiv M.,8,6,0,2,13,10,3,18,russia,0.75,0.75,3,1.62,1.33,1.33,2
Rostov,8,5,1,2,19,10,9,16,russia,0.62,0.75,9,2.38,1.61,1.33,3
Dinamo Moscow,8,5,1,2,17,9,8,16,russia,0.62,0.75,8,2.12,1.61,1.33,3
Zenit,8,4,2,2,11,8,3,14,russia,0.5,0.75,3,1.38,2.0,1.33,4
Rubin Kazan,8,3,2,3,11,11,0,11,russia,0.38,0.62,0,1.38,2.63,1.61,5
Krylya Sovetov,8,3,1,4,10,10,0,10,russia,0.38,0.5,0,1.25,2.63,2.0,6
Akron,8,3,1,4,11,16,-5,10,russia,0.38,0.5,-5,1.38,2.63,2.0,6
Fakel Voronezh,8,1,6,1,4,4,0,9,russia,0.12,0.88,0,0.5,8.33,1.14,7
Makhachkala,8,2,3,3,7,8,-1,9,russia,0.25,0.62,-1,0.88,4.0,1.61,7
CSKA Moscow,8,2,2,4,10,8,2,8,russia,0.25,0.5,2,1.25,4.0,2.0,8
Khimki,8,1,4,3,10,13,-3,7,russia,0.12,0.62,-3,1.25,8.33,1.61,9
Akhmat Grozny,8,1,4,3,9,12,-3,7,russia,0.12,0.62,-3,1.12,8.33,1.61,9
Nizhny Novgorod,8,1,2,5,5,16,-11,5,russia,0.12,0.38,-11,0.62,8.33,2.63,10
Orenburg,8,0,4,4,10,15,-5,4,russia,0.0,0.5,-5,1.25,0.0,2.0,11
PFC Sochi,8,7,1,0,21,5,16,22,russia2,0.88,1.0,16,2.62,1.14,1.0,1
Baltika,8,6,2,0,12,3,9,20,russia2,0.75,1.0,9,1.5,1.33,1.0,2
Torpedo Moscow,8,5,3,0,18,6,12,18,russia2,0.62,1.0,12,2.25,1.61,1.0,3
SKA Khabarovsk,8,5,3,0,19,9,10,18,russia2,0.62,1.0,10,2.38,1.61,1.0,3
Yenisey,8,5,2,1,12,4,8,17,russia2,0.62,0.88,8,1.5,1.61,1.14,4
Chernomorets,8,5,2,1,13,7,6,17,russia2,0.62,0.88,6,1.62,1.61,1.14,4
Ural,8,4,4,0,12,6,6,16,russia2,0.5,1.0,6,1.5,2.0,1.0,5
Kamaz,8,4,1,3,10,5,5,13,russia2,0.5,0.62,5,1.25,2.0,1.61,6
Ufa,8,4,1,3,11,9,2,13,russia2,0.5,0.62,2,1.38,2.0,1.61,6
Shinnik,8,3,3,2,7,6,1,12,russia2,0.38,0.75,1,0.88,2.63,1.33,7
Chayka,8,2,5,1,10,6,4,11,russia2,0.25,0.88,4,1.25,4.0,1.14,8
Arsenal Tula,8,2,5,1,6,5,1,11,russia2,0.25,0.88,1,0.75,4.0,1.14,8
Rotor Volgograd,8,2,5,1,6,5,1,11,russia2,0.25,0.88,1,0.75,4.0,1.14,8
Rodina Moskva,8,2,4,2,9,9,0,10,russia2,0.25,0.75,0,1.12,4.0,1.33,9
Neftekhimik,8,2,4,2,7,7,0,10,russia2,0.25,0.75,0,0.88,4.0,1.33,9
Sokol Saratov,8,1,2,5,3,7,-4,5,russia2,0.12,0.38,-4,0.38,8.33,2.63,10
Tyumen,8,1,2,5,7,13,-6,5,russia2,0.12,0.38,-6,0.88,8.33,2.63,10
A. Vladikavkaz,8,1,2,5,6,12,-6,5,russia2,0.12,0.38,-6,0.75,8.33,2.63,10
Al Ittihad,7,7,0,0,21,5,16,21,saudiarabia,1.0,1.0,16,3.0,1.0,1.0,1
Al Hilal,6,6,0,0,17,6,11,18,saudiarabia,1.0,1.0,11,2.83,1.0,1.0,2
Al Quadisiya,6,5,0,1,9,2,7,15,saudiarabia,0.83,0.83,7,1.5,1.2,1.2,3
Al Taawon,7,4,2,1,10,6,4,14,saudiarabia,0.57,0.86,4,1.43,1.75,1.16,4
Al Ahli Jeddah,6,4,1,1,11,5,6,13,saudiarabia,0.67,0.83,6,1.83,1.49,1.2,5
Al Nassr,7,3,3,1,11,5,6,12,saudiarabia,0.43,0.86,6,1.57,2.33,1.16,6
Damak,7,3,3,1,12,9,3,12,saudiarabia,0.43,0.86,3,1.71,2.33,1.16,6
Al Shabab,7,3,1,3,10,9,1,10,saudiarabia,0.43,0.57,1,1.43,2.33,1.75,7
Al Khaleej,7,3,1,3,9,8,1,10,saudiarabia,0.43,0.57,1,1.29,2.33,1.75,7
Al Wahda,8,2,2,4,13,16,-3,8,saudiarabia,0.25,0.5,-3,1.62,4.0,2.0,8
Al Raed,6,2,1,3,8,8,0,7,saudiarabia,0.33,0.5,0,1.33,3.03,2.0,9
Al Riyadh,6,2,1,3,5,7,-2,7,saudiarabia,0.33,0.5,-2,0.83,3.03,2.0,9
Al Orubah,5,2,0,3,2,6,-4,6,saudiarabia,0.4,0.4,-4,0.4,2.5,2.5,10
Al Akhdoud,7,1,2,4,7,9,-2,5,saudiarabia,0.14,0.43,-2,1.0,7.14,2.33,11
Al Fateh,7,1,2,4,8,12,-4,5,saudiarabia,0.14,0.43,-4,1.14,7.14,2.33,11
Al Feiha,6,1,1,4,4,12,-8,4,saudiarabia,0.17,0.33,-8,0.67,5.88,3.03,12
Al Ittifaq,6,1,0,5,3,13,-10,3,saudiarabia,0.17,0.17,-10,0.5,5.88,5.88,13
Al Kholood,6,0,2,4,8,16,-8,2,saudiarabia,0.0,0.33,-8,1.33,0.0,3.03,14
Al Hazm,7,6,1,0,15,4,11,19,saudiarabia2,0.86,1.0,11,2.14,1.16,1.0,1
Al Adalha,6,5,1,0,12,5,7,16,saudiarabia2,0.83,1.0,7,2.0,1.2,1.0,2
Al Najma,7,5,0,2,13,6,7,15,saudiarabia2,0.71,0.71,7,1.86,1.41,1.41,3
Neom SC,6,4,2,0,11,2,9,14,saudiarabia2,0.67,1.0,9,1.83,1.49,1.0,4
Al Zulfi,7,4,2,1,8,2,6,14,saudiarabia2,0.57,0.86,6,1.14,1.75,1.16,4
Al Jandal,7,4,1,2,10,6,4,13,saudiarabia2,0.57,0.71,4,1.43,1.75,1.41,5
Jeddah,7,3,3,1,9,5,4,12,saudiarabia2,0.43,0.86,4,1.29,2.33,1.16,6
Abha,7,3,3,1,12,10,2,12,saudiarabia2,0.43,0.86,2,1.71,2.33,1.16,6
Al Jabalain,7,3,3,1,7,5,2,12,saudiarabia2,0.43,0.86,2,1.0,2.33,1.16,6
Al Tai,6,3,2,1,13,5,8,11,saudiarabia2,0.5,0.83,8,2.17,2.0,1.2,7
Al Arabi,6,3,2,1,13,8,5,11,saudiarabia2,0.5,0.83,5,2.17,2.0,1.2,7
Al Safa,8,3,1,4,10,12,-2,10,saudiarabia2,0.38,0.5,-2,1.25,2.63,2.0,8
Al Batin,7,3,1,3,9,11,-2,10,saudiarabia2,0.43,0.57,-2,1.29,2.33,1.75,8
Al Faisaly,7,2,2,3,7,6,1,8,saudiarabia2,0.29,0.57,1,1.0,3.45,1.75,9
Al Bukayriyah,7,2,2,3,5,5,0,8,saudiarabia2,0.29,0.57,0,0.71,3.45,1.75,9
Al Ain,7,1,3,3,3,6,-3,6,saudiarabia2,0.14,0.57,-3,0.43,7.14,1.75,10
Al Jubail,7,2,0,5,7,12,-5,6,saudiarabia2,0.29,0.29,-5,1.0,3.45,3.45,10
Ohod,8,2,0,6,10,16,-6,6,saudiarabia2,0.25,0.25,-6,1.25,4.0,4.0,10
Rangers,8,7,1,0,20,2,18,22,scotland,0.88,1.0,18,2.5,1.14,1.0,1
Celtic,7,6,1,0,21,2,19,19,scotland,0.86,1.0,19,3.0,1.16,1.0,2
Aberdeen,8,5,1,2,14,10,4,16,scotland,0.62,0.75,4,1.75,1.61,1.33,3
Dundee Utd,8,4,2,2,12,6,6,14,scotland,0.5,0.75,6,1.5,2.0,1.33,4
Dundee FC,8,4,1,3,20,14,6,13,scotland,0.5,0.62,6,2.5,2.0,1.61,5
Motherwell,8,4,1,3,12,14,-2,13,scotland,0.5,0.62,-2,1.5,2.0,1.61,5
Hearts,8,3,2,3,12,10,2,11,scotland,0.38,0.62,2,1.5,2.63,1.61,6
Ross County,8,3,2,3,11,12,-1,11,scotland,0.38,0.62,-1,1.38,2.63,1.61,6
St. Mirren,8,3,2,3,9,10,-1,11,scotland,0.38,0.62,-1,1.12,2.63,1.61,6
Hibernian,8,2,4,2,14,12,2,10,scotland,0.25,0.75,2,1.75,4.0,1.33,7
Kilmarnock,7,2,3,2,7,10,-3,9,scotland,0.29,0.71,-3,1.0,3.45,1.41,8
St. Johnstone,8,2,0,6,9,16,-7,6,scotland,0.25,0.25,-7,1.12,4.0,4.0,9
Falkirk,8,7,1,0,18,2,16,22,scotland2,0.88,1.0,16,2.25,1.14,1.0,1
Ayr Utd,8,6,1,1,17,9,8,19,scotland2,0.75,0.88,8,2.12,1.33,1.14,2
Partick Thistle,8,5,3,0,14,4,10,18,scotland2,0.62,1.0,10,1.75,1.61,1.0,3
Livingston,8,5,2,1,12,5,7,17,scotland2,0.62,0.88,7,1.5,1.61,1.14,4
Dunfermline,8,4,2,2,11,6,5,14,scotland2,0.5,0.75,5,1.38,2.0,1.33,5
Raith Rovers,8,4,2,2,12,8,4,14,scotland2,0.5,0.75,4,1.5,2.0,1.33,5
Queens Park,8,4,1,3,8,6,2,13,scotland2,0.5,0.62,2,1.0,2.0,1.61,6
Hamilton,8,4,1,3,11,11,0,13,scotland2,0.5,0.62,0,1.38,2.0,1.61,6
Greenock Morton,8,3,3,2,9,5,4,12,scotland2,0.38,0.75,4,1.12,2.63,1.33,7
Airdrieonians,8,0,2,6,3,17,-14,2,scotland2,0.0,0.25,-14,0.38,0.0,4.0,8
Queen of South,8,6,1,1,13,9,4,19,scotland3,0.75,0.88,4,1.62,1.33,1.14,1
Stenhousemuir,8,5,1,2,15,6,9,16,scotland3,0.62,0.75,9,1.88,1.61,1.33,2
Arbroath,8,5,1,2,9,8,1,16,scotland3,0.62,0.75,1,1.12,1.61,1.33,2
Kelty Hearts,8,4,1,3,11,9,2,13,scotland3,0.5,0.62,2,1.38,2.0,1.61,3
Inverness,8,3,4,1,6,5,1,13,scotland3,0.38,0.88,1,0.75,2.63,1.14,3
Alloa Athletic,8,3,2,3,12,9,3,11,scotland3,0.38,0.62,3,1.5,2.63,1.61,4
Montrose,8,3,2,3,12,11,1,11,scotland3,0.38,0.62,1,1.5,2.63,1.61,4
Cove Rangers,8,3,2,3,9,10,-1,11,scotland3,0.38,0.62,-1,1.12,2.63,1.61,4
Annan Athletic,8,2,3,3,5,10,-5,9,scotland3,0.25,0.62,-5,0.62,4.0,1.61,5
Dumbarton,8,2,2,4,11,18,-7,8,scotland3,0.25,0.5,-7,1.38,4.0,2.0,6
East Fife,8,6,1,1,23,7,16,19,scotland4,0.75,0.88,16,2.88,1.33,1.14,1
Elgin City,8,5,2,1,19,14,5,17,scotland4,0.62,0.88,5,2.38,1.61,1.14,2
Bonnyrigg Rose,8,5,1,2,11,5,6,16,scotland4,0.62,0.75,6,1.38,1.61,1.33,3
Peterhead,8,5,1,2,12,8,4,16,scotland4,0.62,0.75,4,1.5,1.61,1.33,3
Clyde,8,3,4,1,12,9,3,13,scotland4,0.38,0.88,3,1.5,2.63,1.14,4
Spartans,8,4,1,3,11,9,2,13,scotland4,0.5,0.62,2,1.38,2.0,1.61,4
Edinburgh City,8,4,1,3,10,10,0,13,scotland4,0.5,0.62,0,1.25,2.0,1.61,4
Forfar Athletic,8,2,4,2,9,10,-1,10,scotland4,0.25,0.75,-1,1.12,4.0,1.33,5
Stirling Albion,8,3,1,4,9,15,-6,10,scotland4,0.38,0.5,-6,1.12,2.63,2.0,5
Stranraer,7,1,4,2,6,8,-2,7,scotland4,0.14,0.71,-2,0.86,7.14,1.41,6
Red Star,8,8,0,0,30,6,24,24,serbia,1.0,1.0,24,3.75,1.0,1.0,1
Partizan,8,4,3,1,16,10,6,15,serbia,0.5,0.88,6,2.0,2.0,1.14,2
Radnicki 1923,8,4,2,2,12,7,5,14,serbia,0.5,0.75,5,1.5,2.0,1.33,3
Tekstilac Odzac,8,4,2,2,9,8,1,14,serbia,0.5,0.75,1,1.12,2.0,1.33,3
Vojvodina,8,3,3,2,10,8,2,12,serbia,0.38,0.75,2,1.25,2.63,1.33,4
Radnicki Nis,8,3,3,2,12,11,1,12,serbia,0.38,0.75,1,1.5,2.63,1.33,4
Napredak,8,4,0,4,11,13,-2,12,serbia,0.5,0.5,-2,1.38,2.0,2.0,4
IMT N. Beograd,8,3,2,3,12,15,-3,11,serbia,0.38,0.62,-3,1.5,2.63,1.61,5
S. Subotica,8,3,2,3,7,13,-6,11,serbia,0.38,0.62,-6,0.88,2.63,1.61,5
Cukaricki,8,3,1,4,10,10,0,10,serbia,0.38,0.5,0,1.25,2.63,2.0,6
OFK Beograd,8,2,4,2,14,15,-1,10,serbia,0.25,0.75,-1,1.75,4.0,1.33,6
Mladost Lucani,8,3,1,4,9,12,-3,10,serbia,0.38,0.5,-3,1.12,2.63,2.0,6
Novi Pazar,8,3,1,4,14,20,-6,10,serbia,0.38,0.5,-6,1.75,2.63,2.0,6
Backa Topola,8,3,0,5,14,13,1,9,serbia,0.38,0.38,1,1.75,2.63,2.63,7
Z. Pancevo,8,2,2,4,13,9,4,8,serbia,0.25,0.5,4,1.62,4.0,2.0,8
Jedinstvo U.,8,2,1,5,7,13,-6,7,serbia,0.25,0.38,-6,0.88,4.0,2.63,9
Borac Cacak,8,6,2,0,18,5,13,20,serbia2,0.75,1.0,13,2.25,1.33,1.0,1
Vrsac,8,6,2,0,12,1,11,20,serbia2,0.75,1.0,11,1.5,1.33,1.0,1
Mladost,8,6,2,0,12,4,8,20,serbia2,0.75,1.0,8,1.5,1.33,1.0,1
Macva Sabac,8,6,1,1,10,3,7,19,serbia2,0.75,0.88,7,1.25,1.33,1.14,2
R. Surdulica,8,5,3,0,16,2,14,18,serbia2,0.62,1.0,14,2.0,1.61,1.0,3
Javor Ivanjica,8,5,2,1,9,4,5,17,serbia2,0.62,0.88,5,1.12,1.61,1.14,4
Smederevo,8,4,3,1,11,7,4,15,serbia2,0.5,0.88,4,1.38,2.0,1.14,5
Graficar,8,3,4,1,9,6,3,13,serbia2,0.38,0.88,3,1.12,2.63,1.14,6
Vozdovac,8,3,3,2,10,5,5,12,serbia2,0.38,0.75,5,1.25,2.63,1.33,7
S. Mitrovica,8,3,3,2,7,4,3,12,serbia2,0.38,0.75,3,0.88,2.63,1.33,7
Zemun,8,3,2,3,9,8,1,11,serbia2,0.38,0.62,1,1.12,2.63,1.61,8
Sloven Ruma,8,2,3,3,7,8,-1,9,serbia2,0.25,0.62,-1,0.88,4.0,1.61,9
Trajal Krusevac,8,2,2,4,10,10,0,8,serbia2,0.25,0.5,0,1.25,4.0,2.0,10
Indija,8,2,2,4,12,13,-1,8,serbia2,0.25,0.5,-1,1.5,4.0,2.0,10
Sloboda Uzice,8,1,4,3,3,6,-3,7,serbia2,0.12,0.62,-3,0.38,8.33,1.61,11
Dubocica,8,1,3,4,7,16,-9,6,serbia2,0.12,0.5,-9,0.88,8.33,2.0,12
Lion City,8,6,1,1,28,11,17,19,singapore,0.75,0.88,17,3.5,1.33,1.14,1
Tampines Rovers,8,4,3,1,24,11,13,15,singapore,0.5,0.88,13,3.0,2.0,1.14,2
A. Niigata (S),8,5,0,3,22,19,3,15,singapore,0.62,0.62,3,2.75,1.61,1.61,2
Hougang,8,3,4,1,22,12,10,13,singapore,0.38,0.88,10,2.75,2.63,1.14,3
Khalsa,8,4,1,3,22,20,2,13,singapore,0.5,0.62,2,2.75,2.0,1.61,3
Geylang,8,3,2,3,21,17,4,11,singapore,0.38,0.62,4,2.62,2.63,1.61,4
DPMM FC,8,1,5,2,11,15,-4,8,singapore,0.12,0.75,-4,1.38,8.33,1.33,5
Young Lions,8,2,1,5,12,27,-15,7,singapore,0.25,0.38,-15,1.5,4.0,2.63,6
Tanjong Pagar,8,2,1,5,9,28,-19,7,singapore,0.25,0.38,-19,1.12,4.0,2.63,6
Zilina,8,7,1,0,21,9,12,22,slovakia,0.88,1.0,12,2.62,1.14,1.0,1
S. Bratislava,8,6,1,1,19,11,8,19,slovakia,0.75,0.88,8,2.38,1.33,1.14,2
Spartak Trnava,8,5,2,1,12,6,6,17,slovakia,0.62,0.88,6,1.5,1.61,1.14,3
Podbrezova,8,3,3,2,15,10,5,12,slovakia,0.38,0.75,5,1.88,2.63,1.33,4
Banska Bystrica,8,4,0,4,14,12,2,12,slovakia,0.5,0.5,2,1.75,2.0,2.0,4
Z. Michalovce,8,3,3,2,13,14,-1,12,slovakia,0.38,0.75,-1,1.62,2.63,1.33,4
Ruzomberok,8,3,2,3,8,10,-2,11,slovakia,0.38,0.62,-2,1.0,2.63,1.61,5
FC Kosice,8,2,4,2,9,7,2,10,slovakia,0.25,0.75,2,1.12,4.0,1.33,6
Skalica,8,2,2,4,9,10,-1,8,slovakia,0.25,0.5,-1,1.12,4.0,2.0,7
Komarno,8,2,1,5,10,12,-2,7,slovakia,0.25,0.38,-2,1.25,4.0,2.63,8
Trencin,8,1,4,3,9,14,-5,7,slovakia,0.12,0.62,-5,1.12,8.33,1.61,8
DAC Streda,8,1,3,4,8,12,-4,6,slovakia,0.12,0.5,-4,1.0,8.33,2.0,9
Presov,7,6,1,0,17,3,14,19,slovakia2,0.86,1.0,14,2.43,1.16,1.0,1
Malzenice,8,5,1,2,14,8,6,16,slovakia2,0.62,0.75,6,1.75,1.61,1.33,2
L. Mikulas,7,5,0,2,10,6,4,15,slovakia2,0.71,0.71,4,1.43,1.41,1.41,3
P. Bystrica,7,5,0,2,17,14,3,15,slovakia2,0.71,0.71,3,2.43,1.41,1.41,3
Pohronie,7,4,1,2,14,12,2,13,slovakia2,0.57,0.71,2,2.0,1.75,1.41,4
Zlate Moravce,7,3,2,2,12,7,5,11,slovakia2,0.43,0.71,5,1.71,2.33,1.41,5
Zilina B,7,3,2,2,10,5,5,11,slovakia2,0.43,0.71,5,1.43,2.33,1.41,5
Zvolen,7,3,2,2,10,12,-2,11,slovakia2,0.43,0.71,-2,1.43,2.33,1.41,5
Samorin,6,3,1,2,9,6,3,10,slovakia2,0.5,0.67,3,1.5,2.0,1.49,6
Puchov,7,3,1,3,9,7,2,10,slovakia2,0.43,0.57,2,1.29,2.33,1.75,6
S. Lubovna,7,2,4,1,8,6,2,10,slovakia2,0.29,0.86,2,1.14,3.45,1.16,6
Petrzalka,7,3,0,4,10,7,3,9,slovakia2,0.43,0.43,3,1.43,2.33,2.33,7
S. Bratislava B,6,3,0,3,7,7,0,9,slovakia2,0.5,0.5,0,1.17,2.0,2.0,7
Humenne,7,2,2,3,6,7,-1,8,slovakia2,0.29,0.57,-1,0.86,3.45,1.75,8
Maribor,8,5,2,1,16,6,10,17,slovenia,0.62,0.88,10,2.0,1.61,1.14,1
NK Celje,8,5,1,2,16,13,3,16,slovenia,0.62,0.75,3,2.0,1.61,1.33,2
NK Olimpija,8,4,3,1,14,4,10,15,slovenia,0.5,0.88,10,1.75,2.0,1.14,3
Koper,8,4,3,1,15,7,8,15,slovenia,0.5,0.88,8,1.88,2.0,1.14,3
Bravo,8,4,3,1,9,5,4,15,slovenia,0.5,0.88,4,1.12,2.0,1.14,3
Primorje,8,4,1,3,8,8,0,13,slovenia,0.5,0.62,0,1.0,2.0,1.61,4
Radomlje,8,3,3,2,12,11,1,12,slovenia,0.38,0.75,1,1.5,2.63,1.33,5
Mura,8,3,1,4,10,9,1,10,slovenia,0.38,0.5,1,1.25,2.63,2.0,6
Nafta,8,1,2,5,6,12,-6,5,slovenia,0.12,0.38,-6,0.75,8.33,2.63,7
Domzale,8,1,2,5,5,17,-12,5,slovenia,0.12,0.38,-12,0.62,8.33,2.63,7
Orlando Pirates,7,6,0,1,18,4,14,18,southafrica,0.86,0.86,14,2.57,1.16,1.16,1
Mamelodi S.,6,6,0,0,16,2,14,18,southafrica,1.0,1.0,14,2.67,1.0,1.0,1
Polokwane,6,4,2,0,8,3,5,14,southafrica,0.67,1.0,5,1.33,1.49,1.0,2
Sekhukhune,6,4,1,1,8,4,4,13,southafrica,0.67,0.83,4,1.33,1.49,1.2,3
Chippa Utd,7,4,1,2,7,4,3,13,southafrica,0.57,0.71,3,1.0,1.75,1.41,3
SuperSport Utd,5,3,1,1,3,1,2,10,southafrica,0.6,0.8,2,0.6,1.67,1.25,4
Tshakhuma,4,2,1,1,6,4,2,7,southafrica,0.5,0.75,2,1.5,2.0,1.33,5
Cape Town City,3,2,1,0,2,0,2,7,southafrica,0.67,1.0,2,0.67,1.49,1.0,5
Golden Arrows,5,2,1,2,5,4,1,7,southafrica,0.4,0.6,1,1.0,2.5,1.67,5
Stellenbosch,5,2,1,2,5,4,1,7,southafrica,0.4,0.6,1,1.0,2.5,1.67,5
AmaZulu,4,2,0,2,5,5,0,6,southafrica,0.5,0.5,0,1.25,2.0,2.0,6
Royal AM,5,1,2,2,5,5,0,5,southafrica,0.2,0.6,0,1.0,5.0,1.67,7
Kaizer Chiefs,3,1,1,1,5,5,0,4,southafrica,0.33,0.67,0,1.67,3.03,1.49,8
TS Galaxy,3,1,1,1,2,3,-1,4,southafrica,0.33,0.67,-1,0.67,3.03,1.49,8
Richards Bay,5,1,1,3,2,5,-3,4,southafrica,0.2,0.4,-3,0.4,5.0,2.5,8
Magesi,3,0,2,1,2,4,-2,2,southafrica,0.0,0.67,-2,0.67,0.0,1.49,9
Durban City,7,5,1,1,13,5,8,16,southafrica2,0.71,0.86,8,1.86,1.41,1.16,1
JDR Stars,6,5,0,1,8,4,4,15,southafrica2,0.83,0.83,4,1.33,1.2,1.2,2
Baroka,7,4,2,1,15,9,6,14,southafrica2,0.57,0.86,6,2.14,1.75,1.16,3
Black Leopards,8,3,4,1,9,5,4,13,southafrica2,0.38,0.88,4,1.12,2.63,1.14,4
Milford,7,4,1,2,8,4,4,13,southafrica2,0.57,0.71,4,1.14,1.75,1.41,4
Pretoria U.,8,3,4,1,11,9,2,13,southafrica2,0.38,0.88,2,1.38,2.63,1.14,4
Hungry Lions,7,3,3,1,10,5,5,12,southafrica2,0.43,0.86,5,1.43,2.33,1.16,5
Orbit College,7,3,2,2,7,4,3,11,southafrica2,0.43,0.71,3,1.0,2.33,1.41,6
Kruger United,7,3,2,2,7,6,1,11,southafrica2,0.43,0.71,1,1.0,2.33,1.41,6
Casric Stars,6,3,1,2,9,7,2,10,southafrica2,0.5,0.67,2,1.5,2.0,1.49,7
Highbury,7,3,1,3,5,6,-1,10,southafrica2,0.43,0.57,-1,0.71,2.33,1.75,7
Cape Town Spurs,6,2,2,2,6,6,0,8,southafrica2,0.33,0.67,0,1.0,3.03,1.49,8
Upington City,7,2,2,3,10,11,-1,8,southafrica2,0.29,0.57,-1,1.43,3.45,1.75,8
Pretoria C.,7,2,2,3,5,8,-3,8,southafrica2,0.29,0.57,-3,0.71,3.45,1.75,8
Leruma United,8,2,1,5,6,12,-6,7,southafrica2,0.25,0.38,-6,0.75,4.0,2.63,9
Venda FC,7,1,2,4,3,8,-5,5,southafrica2,0.14,0.43,-5,0.43,7.14,2.33,10
Ulsan,8,7,0,1,18,10,8,21,southkorea,0.88,0.88,8,2.25,1.14,1.14,1
Gangwon,8,6,2,0,17,7,10,20,southkorea,0.75,1.0,10,2.12,1.33,1.0,2
Seoul,8,5,2,1,11,6,5,17,southkorea,0.62,0.88,5,1.38,1.61,1.14,3
Jeju Utd,8,5,1,2,7,7,0,16,southkorea,0.62,0.75,0,0.88,1.61,1.33,4
Gimcheon Sangmu,8,4,2,2,13,7,6,14,southkorea,0.5,0.75,6,1.62,2.0,1.33,5
Daejeon Citizen,8,4,2,2,9,6,3,14,southkorea,0.5,0.75,3,1.12,2.0,1.33,5
Jeonbuk Motors,8,4,2,2,9,6,3,14,southkorea,0.5,0.75,3,1.12,2.0,1.33,5
Gwangju,8,3,3,2,8,7,1,12,southkorea,0.38,0.75,1,1.0,2.63,1.33,6
Daegu,8,2,3,3,13,13,0,9,southkorea,0.25,0.62,0,1.62,4.0,1.61,7
Suwon City,8,2,2,4,15,16,-1,8,southkorea,0.25,0.5,-1,1.88,4.0,2.0,8
Pohang Steelers,8,2,2,4,7,12,-5,8,southkorea,0.25,0.5,-5,0.88,4.0,2.0,8
Incheon Utd,8,1,1,6,5,13,-8,4,southkorea,0.12,0.25,-8,0.62,8.33,4.0,9
Asan,8,5,2,1,14,5,9,17,southkorea2,0.62,0.88,9,1.75,1.61,1.14,1
Suwon Bluewings,8,5,1,2,10,7,3,16,southkorea2,0.62,0.75,3,1.25,1.61,1.33,2
Gimpo,8,4,3,1,13,8,5,15,southkorea2,0.5,0.88,5,1.62,2.0,1.14,3
Bucheon FC,8,4,3,1,9,4,5,15,southkorea2,0.5,0.88,5,1.12,2.0,1.14,3
Ansan Greeners,8,4,3,1,11,12,-1,15,southkorea2,0.5,0.88,-1,1.38,2.0,1.14,3
Anyang,8,3,3,2,11,9,2,12,southkorea2,0.38,0.75,2,1.38,2.63,1.33,4
Busan IPark,8,3,3,2,9,7,2,12,southkorea2,0.38,0.75,2,1.12,2.63,1.33,4
Seoul E-Land,8,4,0,4,10,13,-3,12,southkorea2,0.5,0.5,-3,1.25,2.0,2.0,4
Cheonan City,8,3,1,4,11,13,-2,10,southkorea2,0.38,0.5,-2,1.38,2.63,2.0,5
Jeonnam,8,2,3,3,12,11,1,9,southkorea2,0.25,0.62,1,1.5,4.0,1.61,6
Gyeongnam,8,1,5,2,13,15,-2,8,southkorea2,0.12,0.75,-2,1.62,8.33,1.33,7
Seongnam,8,0,3,5,8,13,-5,3,southkorea2,0.0,0.38,-5,1.0,0.0,2.63,8
Cheongju,8,0,3,5,6,16,-10,3,southkorea2,0.0,0.38,-10,0.75,0.0,2.63,8
Real Madrid,8,7,0,1,21,9,12,21,spain,0.88,0.88,12,2.62,1.14,1.14,1
Atletico Madrid,8,6,2,0,16,6,10,20,spain,0.75,1.0,10,2.0,1.33,1.0,2
Athletic Bilbao,8,5,2,1,14,6,8,17,spain,0.62,0.88,8,1.75,1.61,1.14,3
Sevilla FC,8,5,1,2,7,6,1,16,spain,0.62,0.75,1,0.88,1.61,1.33,4
FC Barcelona,8,5,0,3,20,8,12,15,spain,0.62,0.62,12,2.5,1.61,1.61,5
Real Betis,8,4,3,1,12,8,4,15,spain,0.5,0.88,4,1.5,2.0,1.14,5
Celta Vigo,8,4,2,2,12,7,5,14,spain,0.5,0.75,5,1.5,2.0,1.33,6
Osasuna,8,4,2,2,16,13,3,14,spain,0.5,0.75,3,2.0,2.0,1.33,6
Espanyol,8,4,2,2,12,10,2,14,spain,0.5,0.75,2,1.5,2.0,1.33,6
Girona,8,4,1,3,14,13,1,13,spain,0.5,0.62,1,1.75,2.0,1.61,7
Mallorca,8,4,1,3,8,10,-2,13,spain,0.5,0.62,-2,1.0,2.0,1.61,7
Getafe,8,3,3,2,8,5,3,12,spain,0.38,0.75,3,1.0,2.63,1.33,8
Villarreal,8,3,3,2,16,15,1,12,spain,0.38,0.75,1,2.0,2.63,1.33,8
Alaves,8,3,3,2,9,9,0,12,spain,0.38,0.75,0,1.12,2.63,1.33,8
Real Sociedad,8,3,2,3,8,7,1,11,spain,0.38,0.62,1,1.0,2.63,1.61,9
Las Palmas,8,3,2,3,10,10,0,11,spain,0.38,0.62,0,1.25,2.63,1.61,9
Valencia,8,2,3,3,12,11,1,9,spain,0.25,0.62,1,1.5,4.0,1.61,10
Rayo Vallecano,8,2,3,3,12,13,-1,9,spain,0.25,0.62,-1,1.5,4.0,1.61,10
Leganes,8,2,1,5,6,14,-8,7,spain,0.25,0.38,-8,0.75,4.0,2.63,11
Valladolid,8,1,3,4,5,12,-7,6,spain,0.12,0.5,-7,0.62,8.33,2.0,12
Cordoba,8,6,2,0,18,7,11,20,spain2,0.75,1.0,11,2.25,1.33,1.0,1
Almeria,8,6,2,0,17,6,11,20,spain2,0.75,1.0,11,2.12,1.33,1.0,1
Elche,8,6,1,1,14,4,10,19,spain2,0.75,0.88,10,1.75,1.33,1.14,2
Real Oviedo,8,6,0,2,18,11,7,18,spain2,0.75,0.75,7,2.25,1.33,1.33,3
Granada,8,5,2,1,18,7,11,17,spain2,0.62,0.88,11,2.25,1.61,1.14,4
Mirandes,8,5,2,1,11,6,5,17,spain2,0.62,0.88,5,1.38,1.61,1.14,4
Levante,8,4,4,0,17,10,7,16,spain2,0.5,1.0,7,2.12,2.0,1.0,5
Huesca,8,4,4,0,16,9,7,16,spain2,0.5,1.0,7,2.0,2.0,1.0,5
Eibar,8,5,1,2,9,7,2,16,spain2,0.62,0.75,2,1.12,1.61,1.33,5
Malaga,8,4,3,1,7,4,3,15,spain2,0.5,0.88,3,0.88,2.0,1.14,6
Sporting Gijon,8,5,0,3,12,10,2,15,spain2,0.62,0.62,2,1.5,1.61,1.61,6
Castellon,8,4,1,3,13,10,3,13,spain2,0.5,0.62,3,1.62,2.0,1.61,7
Eldense,8,3,3,2,10,8,2,12,spain2,0.38,0.75,2,1.25,2.63,1.33,8
Burgos,8,3,3,2,6,6,0,12,spain2,0.38,0.75,0,0.75,2.63,1.33,8
Racing,8,3,2,3,9,7,2,11,spain2,0.38,0.62,2,1.12,2.63,1.61,9
Cadiz,8,3,2,3,11,10,1,11,spain2,0.38,0.62,1,1.38,2.63,1.61,9
Albacete,8,2,5,1,12,12,0,11,spain2,0.25,0.88,0,1.5,4.0,1.14,9
Deportivo,8,2,4,2,10,10,0,10,spain2,0.25,0.75,0,1.25,4.0,1.33,10
Tenerife,8,2,3,3,7,7,0,9,spain2,0.25,0.62,0,0.88,4.0,1.61,11
Cartagena,8,2,2,4,5,10,-5,8,spain2,0.25,0.5,-5,0.62,4.0,2.0,12
Real Zaragoza,8,2,1,5,9,12,-3,7,spain2,0.25,0.38,-3,1.12,4.0,2.63,13
Racing Ferrol,8,1,3,4,6,16,-10,6,spain2,0.12,0.5,-10,0.75,8.33,2.0,14
Real Sociedad B,8,7,0,1,20,6,14,21,spain3,0.88,0.88,14,2.5,1.14,1.14,1
Barakaldo,8,6,0,2,14,6,8,18,spain3,0.75,0.75,8,1.75,1.33,1.33,2
Celta Vigo B,8,5,2,1,14,5,9,17,spain3,0.62,0.88,9,1.75,1.61,1.14,3
Ponferradina,8,5,2,1,16,8,8,17,spain3,0.62,0.88,8,2.0,1.61,1.14,3
Gimnastic T.,8,5,2,1,12,7,5,17,spain3,0.62,0.88,5,1.5,1.61,1.14,3
Zamora,8,5,1,2,15,4,11,16,spain3,0.62,0.75,11,1.88,1.61,1.33,4
FC Andorra,8,4,4,0,16,6,10,16,spain3,0.5,1.0,10,2.0,2.0,1.0,4
Gimnastica,8,4,4,0,13,7,6,16,spain3,0.5,1.0,6,1.62,2.0,1.0,4
Arenteiro,8,4,3,1,13,4,9,15,spain3,0.5,0.88,9,1.62,2.0,1.14,5
Unionistas,8,4,3,1,12,7,5,15,spain3,0.5,0.88,5,1.5,2.0,1.14,5
Leonesa,8,4,1,3,13,10,3,13,spain3,0.5,0.62,3,1.62,2.0,1.61,6
Lugo,8,3,4,1,8,5,3,13,spain3,0.38,0.88,3,1.0,2.63,1.14,6
Amorebieta,8,3,3,2,12,10,2,12,spain3,0.38,0.75,2,1.5,2.63,1.33,7
Real Union,8,3,3,2,10,8,2,12,spain3,0.38,0.75,2,1.25,2.63,1.33,7
FC Barcelona B,8,2,5,1,12,10,2,11,spain3,0.25,0.88,2,1.5,4.0,1.14,8
Tarazona,8,2,4,2,8,6,2,10,spain3,0.25,0.75,2,1.0,4.0,1.33,9
Ourense CF,8,2,4,2,8,9,-1,10,spain3,0.25,0.75,-1,1.0,4.0,1.33,9
Sestao River,8,2,1,5,7,9,-2,7,spain3,0.25,0.38,-2,0.88,4.0,2.63,10
Osasuna B,8,2,1,5,8,14,-6,7,spain3,0.25,0.38,-6,1.0,4.0,2.63,10
Athletic B. B,8,1,3,4,7,12,-5,6,spain3,0.12,0.5,-5,0.88,8.33,2.0,11
Antequera,8,4,4,0,13,6,7,16,spain4,0.5,1.0,7,1.62,2.0,1.0,1
Merida,8,4,4,0,12,8,4,16,spain4,0.5,1.0,4,1.5,2.0,1.0,1
Hercules,8,5,1,2,9,6,3,16,spain4,0.62,0.75,3,1.12,1.61,1.33,1
Real Madrid B,8,4,3,1,18,6,12,15,spain4,0.5,0.88,12,2.25,2.0,1.14,2
Real Betis B,8,4,2,2,12,6,6,14,spain4,0.5,0.75,6,1.5,2.0,1.33,3
Ceuta,8,4,2,2,13,11,2,14,spain4,0.5,0.75,2,1.62,2.0,1.33,3
Recreativo H.,8,4,2,2,11,10,1,14,spain4,0.5,0.75,1,1.38,2.0,1.33,3
Real Murcia,8,3,4,1,10,5,5,13,spain4,0.38,0.88,5,1.25,2.63,1.14,4
Villarreal B,8,3,3,2,11,7,4,12,spain4,0.38,0.75,4,1.38,2.63,1.33,5
Algeciras,8,3,3,2,11,10,1,12,spain4,0.38,0.75,1,1.38,2.63,1.33,5
Sevilla FC B,8,3,3,2,11,10,1,12,spain4,0.38,0.75,1,1.38,2.63,1.33,5
Marbella,8,3,3,2,10,9,1,12,spain4,0.38,0.75,1,1.25,2.63,1.33,5
Fuenlabrada,8,3,3,2,7,7,0,12,spain4,0.38,0.75,0,0.88,2.63,1.33,5
Atletico M. B,8,2,4,2,6,6,0,10,spain4,0.25,0.75,0,0.75,4.0,1.33,6
Alcoyano,8,2,4,2,7,9,-2,10,spain4,0.25,0.75,-2,0.88,4.0,1.33,6
Yeclano,8,2,3,3,7,6,1,9,spain4,0.25,0.62,1,0.88,4.0,1.61,7
UD Ibiza,8,2,3,3,8,8,0,9,spain4,0.25,0.62,0,1.0,4.0,1.61,7
Sanluqueno,8,1,5,2,9,11,-2,8,spain4,0.12,0.75,-2,1.12,8.33,1.33,8
Alcorcon,8,1,3,4,12,15,-3,6,spain4,0.12,0.5,-3,1.5,8.33,2.0,9
Intercity,8,1,2,5,8,14,-6,5,spain4,0.12,0.38,-6,1.0,8.33,2.63,10
Pontevedra,8,6,1,1,12,6,6,19,spain5,0.75,0.88,6,1.5,1.33,1.14,1
Numancia,8,5,3,0,12,5,7,18,spain5,0.62,1.0,7,1.5,1.61,1.0,2
D. Fabril,8,5,1,2,13,4,9,16,spain5,0.62,0.75,9,1.62,1.61,1.33,3
Marino de L.,8,4,2,2,10,7,3,14,spain5,0.5,0.75,3,1.25,2.0,1.33,4
Real Aviles,8,4,2,2,9,6,3,14,spain5,0.5,0.75,3,1.12,2.0,1.33,4
Compostela,8,4,2,2,8,7,1,14,spain5,0.5,0.75,1,1.0,2.0,1.33,4
Salamanca CF,8,3,4,1,14,12,2,13,spain5,0.38,0.88,2,1.75,2.63,1.14,5
Real Avila,8,4,1,3,10,8,2,13,spain5,0.5,0.62,2,1.25,2.0,1.61,5
Valladolid B,8,3,3,2,12,8,4,12,spain5,0.38,0.75,4,1.5,2.63,1.33,6
Rayo Cantabria,8,3,3,2,12,10,2,12,spain5,0.38,0.75,2,1.5,2.63,1.33,6
Coruxo,8,3,2,3,11,7,4,11,spain5,0.38,0.62,4,1.38,2.63,1.61,7
Bergantinos,8,2,4,2,12,15,-3,10,spain5,0.25,0.75,-3,1.5,4.0,1.33,8
Langreo,8,3,1,4,11,15,-4,10,spain5,0.38,0.5,-4,1.38,2.63,2.0,8
Guijuelo,8,2,3,3,5,6,-1,9,spain5,0.25,0.62,-1,0.62,4.0,1.61,9
Torrelavega,8,2,2,4,8,11,-3,8,spain5,0.25,0.5,-3,1.0,4.0,2.0,10
Llanera,8,2,2,4,5,9,-4,8,spain5,0.25,0.5,-4,0.62,4.0,2.0,10
Escobedo,8,0,4,4,5,17,-12,4,spain5,0.0,0.5,-12,0.62,0.0,2.0,11
Laredo,8,0,3,5,4,14,-10,3,spain5,0.0,0.38,-10,0.5,0.0,2.63,12
Utebo,8,7,1,0,22,7,15,22,spain6,0.88,1.0,15,2.75,1.14,1.0,1
Arenas Club,8,7,1,0,15,3,12,22,spain6,0.88,1.0,12,1.88,1.14,1.0,1
UD Logrones,8,6,2,0,15,3,12,20,spain6,0.75,1.0,12,1.88,1.33,1.0,2
Eibar B,8,6,1,1,13,4,9,19,spain6,0.75,0.88,9,1.62,1.33,1.14,3
Ejea,7,5,2,0,13,6,7,17,spain6,0.71,1.0,7,1.86,1.41,1.0,4
Gernika,8,3,4,1,11,7,4,13,spain6,0.38,0.88,4,1.38,2.63,1.14,5
Teruel,8,3,4,1,8,6,2,13,spain6,0.38,0.88,2,1.0,2.63,1.14,5
Barbastro,8,4,0,4,9,6,3,12,spain6,0.5,0.5,3,1.12,2.0,2.0,6
Calahorra,8,2,5,1,7,5,2,11,spain6,0.25,0.88,2,0.88,4.0,1.14,7
Real Sociedad C,8,3,2,3,10,9,1,11,spain6,0.38,0.62,1,1.25,2.63,1.61,7
Real Zaragoza B,8,3,2,3,15,15,0,11,spain6,0.38,0.62,0,1.88,2.63,1.61,7
Alfaro,8,3,1,4,10,12,-2,10,spain6,0.38,0.5,-2,1.25,2.63,2.0,8
Anguiano,8,3,1,4,8,12,-4,10,spain6,0.38,0.5,-4,1.0,2.63,2.0,8
Izarra,8,2,3,3,8,7,1,9,spain6,0.25,0.62,1,1.0,4.0,1.61,9
Alaves B,8,2,3,3,6,9,-3,9,spain6,0.25,0.62,-3,0.75,4.0,1.61,9
SD Logrones,8,1,5,2,6,7,-1,8,spain6,0.12,0.75,-1,0.75,8.33,1.33,10
Subiza,8,2,1,5,9,14,-5,7,spain6,0.25,0.38,-5,1.12,4.0,2.63,11
Tudelano,8,2,1,5,7,12,-5,7,spain6,0.25,0.38,-5,0.88,4.0,2.63,11
A. Baleares,8,5,1,2,12,5,7,16,spain7,0.62,0.75,7,1.5,1.61,1.33,1
Europa,8,5,1,2,19,13,6,16,spain7,0.62,0.75,6,2.38,1.61,1.33,1
Lleida,8,4,2,2,12,6,6,14,spain7,0.5,0.75,6,1.5,2.0,1.33,2
Pena Deportiva,8,4,2,2,12,6,6,14,spain7,0.5,0.75,6,1.5,2.0,1.33,2
Sabadell,8,3,4,1,11,7,4,13,spain7,0.38,0.88,4,1.38,2.63,1.14,3
Sant Andreu,8,4,1,3,10,6,4,13,spain7,0.5,0.62,4,1.25,2.0,1.61,3
Elche B,8,3,3,2,12,9,3,12,spain7,0.38,0.75,3,1.5,2.63,1.33,4
Espanyol B,8,3,3,2,8,9,-1,12,spain7,0.38,0.75,-1,1.0,2.63,1.33,4
Torrent,8,3,2,3,10,7,3,11,spain7,0.38,0.62,3,1.25,2.63,1.61,5
Olot,8,2,5,1,10,9,1,11,spain7,0.25,0.88,1,1.25,4.0,1.14,5
Alzira,8,3,2,3,6,7,-1,11,spain7,0.38,0.62,-1,0.75,2.63,1.61,5
Badalona,8,2,3,3,8,10,-2,9,spain7,0.25,0.62,-2,1.0,4.0,1.61,6
Valencia B,8,2,2,4,7,9,-2,8,spain7,0.25,0.5,-2,0.88,4.0,2.0,7
SD Ibiza,8,2,1,5,8,9,-1,7,spain7,0.25,0.38,-1,1.0,4.0,2.63,8
Terrassa,8,1,4,3,6,8,-2,7,spain7,0.12,0.62,-2,0.75,8.33,1.61,8
Cornella,8,1,3,4,9,10,-1,6,spain7,0.12,0.5,-1,1.12,8.33,2.0,9
Andratx,8,1,3,4,7,10,-3,6,spain7,0.12,0.5,-3,0.88,8.33,2.0,9
Mallorca B,8,0,3,5,4,13,-9,3,spain7,0.0,0.38,-9,0.5,0.0,2.63,10
UCAM Murcia,8,6,2,0,16,4,12,20,spain8,0.75,1.0,12,2.0,1.33,1.0,1
Antoniano,8,5,3,0,11,5,6,18,spain8,0.62,1.0,6,1.38,1.61,1.0,2
Aguilas CF,8,3,5,0,8,3,5,14,spain8,0.38,1.0,5,1.0,2.63,1.0,3
Torremolinos,8,3,4,1,12,8,4,13,spain8,0.38,0.88,4,1.5,2.63,1.14,4
La Union,8,4,1,3,6,4,2,13,spain8,0.5,0.62,2,0.75,2.0,1.61,4
Linares,8,4,1,3,8,8,0,13,spain8,0.5,0.62,0,1.0,2.0,1.61,4
Orihuela,8,3,3,2,11,6,5,12,spain8,0.38,0.75,5,1.38,2.63,1.33,5
D. Minera,8,3,3,2,7,6,1,12,spain8,0.38,0.75,1,0.88,2.63,1.33,5
Almeria B,8,4,0,4,8,9,-1,12,spain8,0.5,0.5,-1,1.0,2.0,2.0,5
Villanovense,8,3,2,3,8,6,2,11,spain8,0.38,0.62,2,1.0,2.63,1.61,6
Granada B,8,3,2,3,13,12,1,11,spain8,0.38,0.62,1,1.62,2.63,1.61,6
Xerez D. FC,8,2,5,1,9,9,0,11,spain8,0.25,0.88,0,1.12,4.0,1.14,6
Xerez CD,8,3,2,3,7,7,0,11,spain8,0.38,0.62,0,0.88,2.63,1.61,6
Don Benito,8,3,2,3,5,5,0,11,spain8,0.38,0.62,0,0.62,2.63,1.61,6
San Fernando,8,3,1,4,6,7,-1,10,spain8,0.38,0.5,-1,0.75,2.63,2.0,7
Linense,8,3,1,4,9,11,-2,10,spain8,0.38,0.5,-2,1.12,2.63,2.0,7
Cadiz B,8,3,0,5,5,12,-7,9,spain8,0.38,0.38,-7,0.62,2.63,2.63,8
CD Estepona,8,1,5,2,10,8,2,8,spain8,0.12,0.75,2,1.25,8.33,1.33,9
Guadalajara,8,8,0,0,21,0,21,24,spain9,1.0,1.0,21,2.62,1.0,1.0,1
Getafe B,8,6,2,0,17,4,13,20,spain9,0.75,1.0,13,2.12,1.33,1.0,2
Tenerife B,8,5,3,0,18,7,11,18,spain9,0.62,1.0,11,2.25,1.61,1.0,3
Cacereno,8,5,2,1,15,6,9,17,spain9,0.62,0.88,9,1.88,1.61,1.14,4
Talavera CF,8,5,2,1,9,4,5,17,spain9,0.62,0.88,5,1.12,1.61,1.14,4
Conquense,8,5,1,2,12,8,4,16,spain9,0.62,0.75,4,1.5,1.61,1.33,5
Union Sur Yaiza,8,4,2,2,12,8,4,14,spain9,0.5,0.75,4,1.5,2.0,1.33,6
Union Adarve,8,4,2,2,6,4,2,14,spain9,0.5,0.75,2,0.75,2.0,1.33,6
R. Majadahonda,8,4,1,3,11,7,4,13,spain9,0.5,0.62,4,1.38,2.0,1.61,7
CD Coria,8,4,1,3,10,11,-1,13,spain9,0.5,0.62,-1,1.25,2.0,1.61,7
CDC Moscardo,8,4,1,3,13,16,-3,13,spain9,0.5,0.62,-3,1.62,2.0,1.61,7
S. Sebastian R.,8,3,3,2,16,11,5,12,spain9,0.38,0.75,5,2.0,2.63,1.33,8
Real Madrid C,8,3,3,2,10,7,3,12,spain9,0.38,0.75,3,1.25,2.63,1.33,8
Melilla,8,3,3,2,8,6,2,12,spain9,0.38,0.75,2,1.0,2.63,1.33,8
Illescas,8,4,0,4,9,9,0,12,spain9,0.5,0.5,0,1.12,2.0,2.0,8
Navalcarnero,8,2,4,2,12,14,-2,10,spain9,0.25,0.75,-2,1.5,4.0,1.33,9
Atletico Paso,8,1,3,4,9,13,-4,6,spain9,0.12,0.5,-4,1.12,8.33,2.0,10
CD Mostoles,8,1,2,5,6,9,-3,5,spain9,0.12,0.38,-3,0.75,8.33,2.63,11
Malmo FF,8,6,1,1,17,5,12,19,sweden,0.75,0.88,12,2.12,1.33,1.14,1
Mjallby,8,5,3,0,14,8,6,18,sweden,0.62,1.0,6,1.75,1.61,1.0,2
Hammarby,8,4,4,0,14,6,8,16,sweden,0.5,1.0,8,1.75,2.0,1.0,3
AIK,8,5,1,2,11,6,5,16,sweden,0.62,0.75,5,1.38,1.61,1.33,3
GAIS,8,4,3,1,11,4,7,15,sweden,0.5,0.88,7,1.38,2.0,1.14,4
Djurgarden,8,4,3,1,11,8,3,15,sweden,0.5,0.88,3,1.38,2.0,1.14,4
Elfsborg,8,4,2,2,13,10,3,14,sweden,0.5,0.75,3,1.62,2.0,1.33,5
Brommapojkarna,8,3,2,3,13,11,2,11,sweden,0.38,0.62,2,1.62,2.63,1.61,6
Halmstad,8,3,2,3,7,6,1,11,sweden,0.38,0.62,1,0.88,2.63,1.61,6
Vasteras,8,3,2,3,11,11,0,11,sweden,0.38,0.62,0,1.38,2.63,1.61,6
Norrkoping,8,3,2,3,10,11,-1,11,sweden,0.38,0.62,-1,1.25,2.63,1.61,6
Sirius,8,3,1,4,14,14,0,10,sweden,0.38,0.5,0,1.75,2.63,2.0,7
Kalmar,8,3,1,4,10,15,-5,10,sweden,0.38,0.5,-5,1.25,2.63,2.0,7
Hacken,8,2,2,4,15,14,1,8,sweden,0.25,0.5,1,1.88,4.0,2.0,8
IFK Goteborg,8,1,4,3,9,10,-1,7,sweden,0.12,0.62,-1,1.12,8.33,1.61,9
Varnamo,8,1,3,4,8,13,-5,6,sweden,0.12,0.5,-5,1.0,8.33,2.0,10
Orgryte,8,6,1,1,21,13,8,19,sweden2,0.75,0.88,8,2.62,1.33,1.14,1
Orebro,8,5,2,1,12,4,8,17,sweden2,0.62,0.88,8,1.5,1.61,1.14,2
Oster,8,5,1,2,22,13,9,16,sweden2,0.62,0.75,9,2.75,1.61,1.33,3
Utsikten,8,5,1,2,16,10,6,16,sweden2,0.62,0.75,6,2.0,1.61,1.33,3
Sandviken,8,4,2,2,18,8,10,14,sweden2,0.5,0.75,10,2.25,2.0,1.33,4
Degerfors,8,4,2,2,12,7,5,14,sweden2,0.5,0.75,5,1.5,2.0,1.33,4
GIF Sundsvall,8,4,2,2,11,6,5,14,sweden2,0.5,0.75,5,1.38,2.0,1.33,4
Helsingborg,8,4,2,2,12,9,3,14,sweden2,0.5,0.75,3,1.5,2.0,1.33,4
Trelleborg,8,4,1,3,8,10,-2,13,sweden2,0.5,0.62,-2,1.0,2.0,1.61,5
Ostersunds,8,3,3,2,9,9,0,12,sweden2,0.38,0.75,0,1.12,2.63,1.33,6
Gefle,8,3,3,2,11,12,-1,12,sweden2,0.38,0.75,-1,1.38,2.63,1.33,6
Varberg BoIS,8,2,4,2,8,8,0,10,sweden2,0.25,0.75,0,1.0,4.0,1.33,7
Brage,8,3,1,4,7,9,-2,10,sweden2,0.38,0.5,-2,0.88,2.63,2.0,7
Oddevold,8,2,4,2,10,14,-4,10,sweden2,0.25,0.75,-4,1.25,4.0,1.33,7
Landskrona,8,2,3,3,9,9,0,9,sweden2,0.25,0.62,0,1.12,4.0,1.61,8
Skovde AIK,8,1,3,4,7,13,-6,6,sweden2,0.12,0.5,-6,0.88,8.33,2.0,9
Lausanne Sport,8,6,0,2,17,7,10,18,switzerland,0.75,0.75,10,2.12,1.33,1.33,1
BSC Young Boys,8,5,2,1,15,10,5,17,switzerland,0.62,0.88,5,1.88,1.61,1.14,2
FC Basel,8,5,1,2,14,6,8,16,switzerland,0.62,0.75,8,1.75,1.61,1.33,3
Lugano,8,5,1,2,17,11,6,16,switzerland,0.62,0.75,6,2.12,1.61,1.33,3
Servette,8,4,3,1,14,12,2,15,switzerland,0.5,0.88,2,1.75,2.0,1.14,4
Luzern,8,4,2,2,13,10,3,14,switzerland,0.5,0.75,3,1.62,2.0,1.33,5
Sion,8,3,4,1,13,9,4,13,switzerland,0.38,0.88,4,1.62,2.63,1.14,6
St. Gallen,8,2,5,1,12,9,3,11,switzerland,0.25,0.88,3,1.5,4.0,1.14,7
FC Zurich,8,2,4,2,7,8,-1,10,switzerland,0.25,0.75,-1,0.88,4.0,1.33,8
Yverdon,8,3,1,4,8,12,-4,10,switzerland,0.38,0.5,-4,1.0,2.63,2.0,8
Grasshopper,8,1,4,3,10,13,-3,7,switzerland,0.12,0.62,-3,1.25,8.33,1.61,9
Winterthur,8,2,1,5,8,18,-10,7,switzerland,0.25,0.38,-10,1.0,4.0,2.63,9
Buriram Utd,8,7,1,0,24,3,21,22,thailand,0.88,1.0,21,3.0,1.14,1.0,1
Prachuap,8,5,3,0,18,6,12,18,thailand,0.62,1.0,12,2.25,1.61,1.0,2
Ratchaburi,8,5,3,0,18,6,12,18,thailand,0.62,1.0,12,2.25,1.61,1.0,2
Muang Thong Utd,8,5,2,1,13,7,6,17,thailand,0.62,0.88,6,1.62,1.61,1.14,3
Sukhothai,7,5,0,2,18,9,9,15,thailand,0.71,0.71,9,2.57,1.41,1.41,4
Port FC,7,4,2,1,15,6,9,14,thailand,0.57,0.86,9,2.14,1.75,1.16,5
Bangkok Utd,6,4,2,0,11,4,7,14,thailand,0.67,1.0,7,1.83,1.49,1.0,5
Pathum Utd,6,4,1,1,9,4,5,13,thailand,0.67,0.83,5,1.5,1.49,1.2,6
N. Bua Pitchaya,8,4,1,3,18,16,2,13,thailand,0.5,0.62,2,2.25,2.0,1.61,6
Lamphun Warrior,7,3,3,1,11,7,4,12,thailand,0.43,0.86,4,1.57,2.33,1.16,7
Uthai Thani,5,3,2,0,10,4,6,11,thailand,0.6,1.0,6,2.0,1.67,1.0,8
N. Ratchasima,7,3,2,2,10,12,-2,11,thailand,0.43,0.71,-2,1.43,2.33,1.41,8
Chiangrai Utd,8,3,2,3,9,11,-2,11,thailand,0.38,0.62,-2,1.12,2.63,1.61,8
Rayong,8,2,4,2,11,12,-1,10,thailand,0.25,0.75,-1,1.38,4.0,1.33,9
Nakhon Pathom,6,1,1,4,4,11,-7,4,thailand,0.17,0.33,-7,0.67,5.88,3.03,10
Khon Kaen Utd,8,0,2,6,3,13,-10,2,thailand,0.0,0.25,-10,0.38,0.0,4.0,11
Mahasarakham,8,7,0,1,18,9,9,21,thailand2,0.88,0.88,9,2.25,1.14,1.14,1
Phrae Utd,8,5,1,2,20,11,9,16,thailand2,0.62,0.75,9,2.5,1.61,1.33,2
Nakhon Si,8,5,1,2,18,11,7,16,thailand2,0.62,0.75,7,2.25,1.61,1.33,2
Chonburi,8,5,1,2,12,5,7,16,thailand2,0.62,0.75,7,1.5,1.61,1.33,2
Bangkok FC,8,5,1,2,11,6,5,16,thailand2,0.62,0.75,5,1.38,1.61,1.33,2
Chanthaburi,8,5,1,2,12,8,4,16,thailand2,0.62,0.75,4,1.5,1.61,1.33,2
Ayutthaya Utd,8,4,3,1,12,7,5,15,thailand2,0.5,0.88,5,1.5,2.0,1.14,3
Chiangmai Utd,8,4,2,2,11,9,2,14,thailand2,0.5,0.75,2,1.38,2.0,1.33,4
Lampang,8,4,1,3,17,12,5,13,thailand2,0.5,0.62,5,2.12,2.0,1.61,5
Chainat,8,3,4,1,11,7,4,13,thailand2,0.38,0.88,4,1.38,2.63,1.14,5
Sisaket Utd,8,3,4,1,10,8,2,13,thailand2,0.38,0.88,2,1.25,2.63,1.14,5
Trat FC,8,4,1,3,13,12,1,13,thailand2,0.5,0.62,1,1.62,2.0,1.61,5
Kasetsart,8,3,3,2,9,9,0,12,thailand2,0.38,0.75,0,1.12,2.63,1.33,6
Kanchanaburi,8,3,2,3,13,9,4,11,thailand2,0.38,0.62,4,1.62,2.63,1.61,7
Pattaya United,8,2,4,2,8,10,-2,10,thailand2,0.25,0.75,-2,1.0,4.0,1.33,8
Police Tero,8,2,3,3,7,9,-2,9,thailand2,0.25,0.62,-2,0.88,4.0,1.61,9
Samut Prakan,8,1,5,2,7,10,-3,8,thailand2,0.12,0.75,-3,0.88,8.33,1.33,10
Suphanburi,8,0,2,6,7,20,-13,2,thailand2,0.0,0.25,-13,0.88,0.0,4.0,11
Goztepe,8,7,1,0,20,6,14,22,turkey,0.88,1.0,14,2.5,1.14,1.0,1
Galatasaray,8,6,2,0,23,12,11,20,turkey,0.75,1.0,11,2.88,1.33,1.0,2
Fenerbahce,7,6,0,1,17,5,12,18,turkey,0.86,0.86,12,2.43,1.16,1.16,3
Eyupspor,8,5,2,1,15,6,9,17,turkey,0.62,0.88,9,1.88,1.61,1.14,4
Gaziantep,8,5,2,1,12,4,8,17,turkey,0.62,0.88,8,1.5,1.61,1.14,4
Basaksehir,8,4,4,0,20,9,11,16,turkey,0.5,1.0,11,2.5,2.0,1.0,5
Besiktas,8,5,1,2,15,11,4,16,turkey,0.62,0.75,4,1.88,1.61,1.33,5
Antalyaspor,8,5,1,2,12,11,1,16,turkey,0.62,0.75,1,1.5,1.61,1.33,5
Trabzonspor,8,4,3,1,17,10,7,15,turkey,0.5,0.88,7,2.12,2.0,1.14,6
Samsunspor,8,4,2,2,15,9,6,14,turkey,0.5,0.75,6,1.88,2.0,1.33,7
Alanyaspor,8,3,3,2,10,7,3,12,turkey,0.38,0.75,3,1.25,2.63,1.33,8
Sivasspor,8,3,2,3,11,11,0,11,turkey,0.38,0.62,0,1.38,2.63,1.61,9
Rizespor,8,3,2,3,10,11,-1,11,turkey,0.38,0.62,-1,1.25,2.63,1.61,9
Bodrumspor,8,3,1,4,8,6,2,10,turkey,0.38,0.5,2,1.0,2.63,2.0,10
Konyaspor,7,2,4,1,8,7,1,10,turkey,0.29,0.86,1,1.14,3.45,1.16,10
Kasimpasa,8,1,3,4,8,13,-5,6,turkey,0.12,0.5,-5,1.0,8.33,2.0,11
Hatayspor,8,1,3,4,7,12,-5,6,turkey,0.12,0.5,-5,0.88,8.33,2.0,11
Kayserispor,8,1,3,4,10,20,-10,6,turkey,0.12,0.5,-10,1.25,8.33,2.0,11
Adana Demirspor,8,1,0,7,7,19,-12,3,turkey,0.12,0.12,-12,0.88,8.33,8.33,12
F. Karagumruk,8,6,1,1,21,7,14,19,turkey2,0.75,0.88,14,2.62,1.33,1.14,1
Erzurum BB,8,6,1,1,14,3,11,19,turkey2,0.75,0.88,11,1.75,1.33,1.14,1
Bandirmaspor,8,5,2,1,12,5,7,17,turkey2,0.62,0.88,7,1.5,1.61,1.14,2
Sanliurfaspor,8,5,1,2,18,13,5,16,turkey2,0.62,0.75,5,2.25,1.61,1.33,3
Boluspor,8,5,0,3,14,9,5,15,turkey2,0.62,0.62,5,1.75,1.61,1.61,4
Istanbulspor,8,4,2,2,14,7,7,14,turkey2,0.5,0.75,7,1.75,2.0,1.33,5
Manisa BB,8,4,2,2,12,6,6,14,turkey2,0.5,0.75,6,1.5,2.0,1.33,5
Ankaragucu,8,4,2,2,12,7,5,14,turkey2,0.5,0.75,5,1.5,2.0,1.33,5
Sakaryaspor,8,4,2,2,11,8,3,14,turkey2,0.5,0.75,3,1.38,2.0,1.33,5
Amed SK,8,4,2,2,11,9,2,14,turkey2,0.5,0.75,2,1.38,2.0,1.33,5
Kocaelispor,8,4,2,2,9,7,2,14,turkey2,0.5,0.75,2,1.12,2.0,1.33,5
Genclerbirligi,8,4,2,2,7,6,1,14,turkey2,0.5,0.75,1,0.88,2.0,1.33,5
Umraniyespor,8,3,3,2,17,11,6,12,turkey2,0.38,0.75,6,2.12,2.63,1.33,6
Keciorengucu,8,3,2,3,13,9,4,11,turkey2,0.38,0.62,4,1.62,2.63,1.61,7
Igdir,8,3,2,3,8,6,2,11,turkey2,0.38,0.62,2,1.0,2.63,1.61,7
Erokspor,8,2,4,2,13,10,3,10,turkey2,0.25,0.75,3,1.62,4.0,1.33,8
Corum,8,2,4,2,5,6,-1,10,turkey2,0.25,0.75,-1,0.62,4.0,1.33,8
Pendikspor,8,2,3,3,8,8,0,9,turkey2,0.25,0.62,0,1.0,4.0,1.61,9
Adanaspor,8,2,2,4,11,15,-4,8,turkey2,0.25,0.5,-4,1.38,4.0,2.0,10
Y. Malatyaspor,8,0,0,8,4,24,-20,0,turkey2,0.0,0.0,-20,0.5,0.0,0.0,11
B. Petrolspor,8,8,0,0,22,3,19,24,turkey3,1.0,1.0,19,2.75,1.0,1.0,1
Sariyer,8,7,1,0,20,3,17,22,turkey3,0.88,1.0,17,2.5,1.14,1.0,2
B. Anadolu,8,6,1,1,14,6,8,19,turkey3,0.75,0.88,8,1.75,1.33,1.14,3
Adana,8,6,0,2,23,7,16,18,turkey3,0.75,0.75,16,2.88,1.33,1.33,4
Altinordu,8,5,2,1,14,7,7,17,turkey3,0.62,0.88,7,1.75,1.61,1.14,5
Kastamonuspor,8,4,4,0,11,4,7,16,turkey3,0.5,1.0,7,1.38,2.0,1.0,6
Kirklarelispor,8,4,3,1,14,7,7,15,turkey3,0.5,0.88,7,1.75,2.0,1.14,7
24 Erzincanspor,8,4,3,1,10,7,3,15,turkey3,0.5,0.88,3,1.25,2.0,1.14,7
Iskenderun,8,3,4,1,12,5,7,13,turkey3,0.38,0.88,7,1.5,2.63,1.14,8
Kepez Belediyes,8,4,1,3,15,11,4,13,turkey3,0.5,0.62,4,1.88,2.0,1.61,8
Inegolspor,8,2,5,1,9,8,1,11,turkey3,0.25,0.88,1,1.12,4.0,1.14,9
Isparta Davrazs,8,2,4,2,8,7,1,10,turkey3,0.25,0.75,1,1.0,4.0,1.33,10
Fethiyespor,8,2,2,4,8,10,-2,8,turkey3,0.25,0.5,-2,1.0,4.0,2.0,11
Ankaraspor,8,2,2,4,6,9,-3,8,turkey3,0.25,0.5,-3,0.75,4.0,2.0,11
Trabzon FK,8,2,1,5,8,11,-3,7,turkey3,0.25,0.38,-3,1.0,4.0,2.63,12
Karakopru,8,1,3,4,13,18,-5,6,turkey3,0.12,0.5,-5,1.62,8.33,2.0,13
Altay,8,1,2,5,8,18,-10,5,turkey3,0.12,0.38,-10,1.0,8.33,2.63,14
Afyonspor,8,0,1,7,3,27,-24,1,turkey3,0.0,0.12,-24,0.38,0.0,8.33,15
Aksaray B.,8,7,1,0,15,5,10,22,turkey4,0.88,1.0,10,1.88,1.14,1.0,1
Serik Belediyes,8,6,1,1,15,7,8,19,turkey4,0.75,0.88,8,1.88,1.33,1.14,2
Beyoglu Yeni C.,8,5,2,1,13,5,8,17,turkey4,0.62,0.88,8,1.62,1.61,1.14,3
Elazigspor,8,5,2,1,15,8,7,17,turkey4,0.62,0.88,7,1.88,1.61,1.14,3
Bucaspor,8,5,1,2,15,12,3,16,turkey4,0.62,0.75,3,1.88,1.61,1.33,4
Menemen B.,8,4,2,2,10,6,4,14,turkey4,0.5,0.75,4,1.25,2.0,1.33,5
Somaspor,8,4,1,3,15,11,4,13,turkey4,0.5,0.62,4,1.88,2.0,1.61,6
Van Spor,8,4,0,4,14,10,4,12,turkey4,0.5,0.5,4,1.75,2.0,2.0,7
Karacabey,8,3,3,2,12,11,1,12,turkey4,0.38,0.75,1,1.5,2.63,1.33,7
Arnavutkoy B.,8,3,3,2,9,9,0,12,turkey4,0.38,0.75,0,1.12,2.63,1.33,7
A. Demirspor,8,2,4,2,10,9,1,10,turkey4,0.25,0.75,1,1.25,4.0,1.33,8
Derince,8,2,3,3,6,16,-10,9,turkey4,0.25,0.62,-10,0.75,4.0,1.61,9
Karaman,8,2,2,4,8,10,-2,8,turkey4,0.25,0.5,-2,1.0,4.0,2.0,10
Nazillispor,8,2,2,4,11,17,-6,8,turkey4,0.25,0.5,-6,1.38,4.0,2.0,10
Erbaaspor,8,2,2,4,8,16,-8,8,turkey4,0.25,0.5,-8,1.0,4.0,2.0,10
Diyarbekirspor,8,1,3,4,4,10,-6,6,turkey4,0.12,0.5,-6,0.5,8.33,2.0,11
Yeni Mersin,8,2,0,6,5,13,-8,6,turkey4,0.25,0.25,-8,0.62,4.0,4.0,11
Giresunspor,8,1,2,5,5,17,-12,5,turkey4,0.12,0.38,-12,0.62,8.33,2.63,12
Bursaspor,8,6,2,0,18,2,16,20,turkey5,0.75,1.0,16,2.25,1.33,1.0,1
Musspor,8,5,3,0,10,4,6,18,turkey5,0.62,1.0,6,1.25,1.61,1.0,2
Silifke,8,4,4,0,14,5,9,16,turkey5,0.5,1.0,9,1.75,2.0,1.0,3
Kutahyaspor,8,5,1,2,16,10,6,16,turkey5,0.62,0.75,6,2.0,1.61,1.33,3
Kahramanmar.,8,5,1,2,9,3,6,16,turkey5,0.62,0.75,6,1.12,1.61,1.33,3
Karsiyaka,7,4,3,0,11,5,6,15,turkey5,0.57,1.0,6,1.57,1.75,1.0,4
Duzcespor,7,4,1,2,12,4,8,13,turkey5,0.57,0.71,8,1.71,1.75,1.41,5
Viven Bornova,7,3,2,2,14,13,1,11,turkey5,0.43,0.71,1,2.0,2.33,1.41,6
Anadolu U.,8,2,4,2,6,8,-2,10,turkey5,0.25,0.75,-2,0.75,4.0,1.33,7
Elaziz K.,7,2,3,2,6,7,-1,9,turkey5,0.29,0.71,-1,0.86,3.45,1.41,8
Tokat,7,2,2,3,7,8,-1,8,turkey5,0.29,0.57,-1,1.0,3.45,1.75,9
Artvin Hopaspor,7,1,3,3,2,9,-7,6,turkey5,0.14,0.57,-7,0.29,7.14,1.75,10
Kusadasispor,7,1,1,5,5,10,-5,4,turkey5,0.14,0.29,-5,0.71,7.14,3.45,11
Ergene Velimese,7,1,1,5,3,11,-8,4,turkey5,0.14,0.29,-8,0.43,7.14,3.45,11
K. Bulvarspor,8,0,3,5,8,15,-7,3,turkey5,0.0,0.38,-7,1.0,0.0,2.63,12
Kirsehir B.,8,0,2,6,6,18,-12,2,turkey5,0.0,0.25,-12,0.75,0.0,4.0,13
Muglaspor,7,4,3,0,8,1,7,15,turkey6,0.57,1.0,7,1.14,1.75,1.0,1
Silivrispor,8,4,2,2,12,8,4,14,turkey6,0.5,0.75,4,1.5,2.0,1.33,2
Etimesgut,7,4,1,2,14,8,6,13,turkey6,0.57,0.71,6,2.0,1.75,1.41,3
Balikesirspor,7,4,1,2,11,5,6,13,turkey6,0.57,0.71,6,1.57,1.75,1.41,3
Amasyaspor,7,3,3,1,10,6,4,12,turkey6,0.43,0.86,4,1.43,2.33,1.16,4
Cayelispor,7,3,3,1,9,7,2,12,turkey6,0.43,0.86,2,1.29,2.33,1.16,4
Fatsa B.,8,3,2,3,12,7,5,11,turkey6,0.38,0.62,5,1.5,2.63,1.61,5
Nevsehirspor,8,2,5,1,3,4,-1,11,turkey6,0.25,0.88,-1,0.38,4.0,1.14,5
Kelkit,8,3,1,4,10,10,0,10,turkey6,0.38,0.5,0,1.25,2.63,2.0,6
Mazidagi,7,2,4,1,4,4,0,10,turkey6,0.29,0.86,0,0.57,3.45,1.16,6
Inegol Kafkas,8,2,3,3,9,10,-1,9,turkey6,0.25,0.62,-1,1.12,4.0,1.61,7
Usakspor,8,2,2,4,14,10,4,8,turkey6,0.25,0.5,4,1.75,4.0,2.0,8
Tire 2021 FK,7,1,3,3,8,10,-2,6,turkey6,0.14,0.57,-2,1.14,7.14,1.75,9
Turk Metal 1963,8,1,2,5,5,12,-7,5,turkey6,0.12,0.38,-7,0.62,8.33,2.63,10
Beykoz Ishaklis,7,1,1,5,9,15,-6,4,turkey6,0.14,0.29,-6,1.29,7.14,3.45,11
Adiyaman,8,0,2,6,5,22,-17,2,turkey6,0.0,0.25,-17,0.62,0.0,4.0,12
Corluspor,8,5,1,2,15,8,7,16,turkey7,0.62,0.75,7,1.88,1.61,1.33,1
Orduspor,7,5,1,1,11,4,7,16,turkey7,0.71,0.86,7,1.57,1.41,1.16,1
Ayvalikgucu,7,5,1,1,12,9,3,16,turkey7,0.71,0.86,3,1.71,1.41,1.16,1
Kucukcekmece,7,4,3,0,12,4,8,15,turkey7,0.57,1.0,8,1.71,1.75,1.0,2
Pazarspor,8,4,3,1,12,5,7,15,turkey7,0.5,0.88,7,1.5,2.0,1.14,2
Yozgat Bld Bozo,7,4,3,0,10,4,6,15,turkey7,0.57,1.0,6,1.43,1.75,1.0,2
Aliaga FAS,8,3,5,0,15,4,11,14,turkey7,0.38,1.0,11,1.88,2.63,1.0,3
Osmaniyespor,7,4,2,1,12,4,8,14,turkey7,0.57,0.86,8,1.71,1.75,1.16,3
Alanya 1221,8,4,2,2,15,10,5,14,turkey7,0.5,0.75,5,1.88,2.0,1.33,3
Cankaya FK,8,3,5,0,5,2,3,14,turkey7,0.38,1.0,3,0.62,2.63,1.0,3
Bayburt,7,3,3,1,8,7,1,12,turkey7,0.43,0.86,1,1.14,2.33,1.16,4
K. Idmanyurdu,7,3,2,2,8,5,3,11,turkey7,0.43,0.71,3,1.14,2.33,1.41,5
Efeler 09,8,3,2,3,8,10,-2,11,turkey7,0.38,0.62,-2,1.0,2.63,1.61,5
Viransehir,8,1,5,2,7,9,-2,8,turkey7,0.12,0.75,-2,0.88,8.33,1.33,6
1922 Konyaspor,8,2,2,4,6,9,-3,8,turkey7,0.25,0.5,-3,0.75,4.0,2.0,6
Bursa,7,2,0,5,5,8,-3,6,turkey7,0.29,0.29,-3,0.71,3.45,3.45,7
Orduspor 1967,8,7,1,0,24,2,22,22,turkey8,0.88,1.0,22,3.0,1.14,1.0,1
Mardin BB,8,6,2,0,18,3,15,20,turkey8,0.75,1.0,15,2.25,1.33,1.0,2
Z. Komurspor,7,6,1,0,10,2,8,19,turkey8,0.86,1.0,8,1.43,1.16,1.0,3
Sebat G.,7,6,0,1,24,4,20,18,turkey8,0.86,0.86,20,3.43,1.16,1.16,4
Bergama B.,8,5,2,1,13,8,5,17,turkey8,0.62,0.88,5,1.62,1.61,1.14,5
K. Istiklalspor,7,4,3,0,10,3,7,15,turkey8,0.57,1.0,7,1.43,1.75,1.0,6
Agri 1970,7,5,0,2,8,4,4,15,turkey8,0.71,0.71,4,1.14,1.41,1.41,6
Kirikkale B.,7,4,2,1,11,6,5,14,turkey8,0.57,0.86,5,1.57,1.75,1.16,7
Talasgucu,8,4,2,2,12,13,-1,14,turkey8,0.5,0.75,-1,1.5,2.0,1.33,7
Polatli B.,8,3,3,2,14,14,0,12,turkey8,0.38,0.75,0,1.75,2.63,1.33,8
Nilufer B.,8,2,5,1,10,9,1,11,turkey8,0.25,0.88,1,1.25,4.0,1.14,9
Nigde Belediyes,8,3,1,4,10,20,-10,10,turkey8,0.38,0.5,-10,1.25,2.63,2.0,10
Edirnespor,7,2,0,5,8,12,-4,6,turkey8,0.29,0.29,-4,1.14,3.45,3.45,11
Tepecik,8,0,4,4,4,13,-9,4,turkey8,0.0,0.5,-9,0.5,0.0,2.0,12
Denizlispor,7,1,1,5,4,17,-13,4,turkey8,0.14,0.29,-13,0.57,7.14,3.45,12
Turgutluspor,7,0,2,5,5,13,-8,2,turkey8,0.0,0.29,-8,0.71,0.0,3.45,13
Al Sharjah,5,5,0,0,12,1,11,15,uae,1.0,1.0,11,2.4,1.0,1.0,1
Al Nasr,5,4,1,0,13,5,8,13,uae,0.8,1.0,8,2.6,1.25,1.0,2
Shabab Al Ahli,5,4,1,0,12,6,6,13,uae,0.8,1.0,6,2.4,1.25,1.0,2
Al Jazira,5,4,0,1,14,6,8,12,uae,0.8,0.8,8,2.8,1.25,1.25,3
Al Wahda,5,3,2,0,11,5,6,11,uae,0.6,1.0,6,2.2,1.67,1.0,4
Al Ain,5,3,1,1,15,6,9,10,uae,0.6,0.8,9,3.0,1.67,1.25,5
Al Wasl,5,3,1,1,12,8,4,10,uae,0.6,0.8,4,2.4,1.67,1.25,5
Ittihad Kalba,5,2,3,0,12,6,6,9,uae,0.4,1.0,6,2.4,2.5,1.0,6
Ajman,5,2,1,2,8,5,3,7,uae,0.4,0.6,3,1.6,2.5,1.67,7
Bani Yas,5,2,1,2,8,11,-3,7,uae,0.4,0.6,-3,1.6,2.5,1.67,7
Dibba Al Hisn,5,1,1,3,6,14,-8,4,uae,0.2,0.4,-8,1.2,5.0,2.5,8
Al Urooba,6,1,0,5,6,17,-11,3,uae,0.17,0.17,-11,1.0,5.88,5.88,9
Khorfakkan,4,0,2,2,2,5,-3,2,uae,0.0,0.5,-3,0.5,0.0,2.0,10
Al Bataeh,4,0,1,3,7,12,-5,1,uae,0.0,0.25,-5,1.75,0.0,4.0,11
Shakhtar,8,7,1,0,29,7,22,22,ukraine,0.88,1.0,22,3.62,1.14,1.0,1
Dynamo Kyiv,8,6,2,0,17,6,11,20,ukraine,0.75,1.0,11,2.12,1.33,1.0,2
Oleksandria,8,5,3,0,12,3,9,18,ukraine,0.62,1.0,9,1.5,1.61,1.0,3
Kryvbas KR,8,4,3,1,12,6,6,15,ukraine,0.5,0.88,6,1.5,2.0,1.14,4
Karpaty Lviv,8,4,2,2,13,7,6,14,ukraine,0.5,0.75,6,1.62,2.0,1.33,5
LNZ Cherkasy,8,4,1,3,10,8,2,13,ukraine,0.5,0.62,2,1.25,2.0,1.61,6
Polessya,8,3,4,1,8,6,2,13,ukraine,0.38,0.88,2,1.0,2.63,1.14,6
Rukh Lviv,8,3,3,2,12,6,6,12,ukraine,0.38,0.75,6,1.5,2.63,1.33,7
Zorya Luhansk,8,4,0,4,10,10,0,12,ukraine,0.5,0.5,0,1.25,2.0,2.0,7
Veres,8,2,4,2,11,12,-1,10,ukraine,0.25,0.75,-1,1.38,4.0,1.33,8
Chornomorets,8,3,1,4,6,10,-4,10,ukraine,0.38,0.5,-4,0.75,2.63,2.0,8
Kolos Kovalivka,8,1,5,2,4,5,-1,8,ukraine,0.12,0.75,-1,0.5,8.33,1.33,9
Livyi Bereh,8,2,2,4,5,9,-4,8,ukraine,0.25,0.5,-4,0.62,4.0,2.0,9
Vorskla Poltava,7,2,1,4,4,10,-6,7,ukraine,0.29,0.43,-6,0.57,3.45,2.33,10
Obolon,8,1,3,4,5,15,-10,6,ukraine,0.12,0.5,-10,0.62,8.33,2.0,11
Dnipro-1,0,0,0,0,0,0,0,0,ukraine,0.0,0.0,0,0.0,0.0,0.0,12
Inhulets,1,0,0,1,0,2,-2,0,ukraine,0.0,0.0,-2,0.0,0.0,0.0,12
Nacional,4,3,1,0,8,2,6,10,uruguay2,0.75,1.0,6,2.0,1.33,1.0,1
Wanderers,4,3,0,1,8,5,3,9,uruguay2,0.75,0.75,3,2.0,1.33,1.33,2
Penarol,4,2,2,0,5,2,3,8,uruguay2,0.5,1.0,3,1.25,2.0,1.0,3
Cerro,4,2,1,1,7,2,5,7,uruguay2,0.5,0.75,5,1.75,2.0,1.33,4
Fenix,4,2,1,1,6,4,2,7,uruguay2,0.5,0.75,2,1.5,2.0,1.33,4
Boston River,4,2,0,2,5,5,0,6,uruguay2,0.5,0.5,0,1.25,2.0,2.0,5
Progreso,4,2,0,2,4,5,-1,6,uruguay2,0.5,0.5,-1,1.0,2.0,2.0,5
Danubio,3,2,0,1,4,6,-2,6,uruguay2,0.67,0.67,-2,1.33,1.49,1.49,5
Rampla Juniors,3,1,1,1,5,5,0,4,uruguay2,0.33,0.67,0,1.67,3.03,1.49,6
Miramar Misione,3,1,1,1,3,3,0,4,uruguay2,0.33,0.67,0,1.0,3.03,1.49,6
Cerro Largo,4,1,1,2,3,7,-4,4,uruguay2,0.25,0.5,-4,0.75,4.0,2.0,6
Racing CM,3,1,0,2,2,3,-1,3,uruguay2,0.33,0.33,-1,0.67,3.03,3.03,7
Liverpool M.,3,1,0,2,1,2,-1,3,uruguay2,0.33,0.33,-1,0.33,3.03,3.03,7
Defensor S.,3,0,2,1,2,3,-1,2,uruguay2,0.0,0.67,-1,0.67,0.0,1.49,8
River Plate,3,0,2,1,4,6,-2,2,uruguay2,0.0,0.67,-2,1.33,0.0,1.49,8
D. Maldonado,3,0,1,2,2,6,-4,1,uruguay2,0.0,0.33,-4,0.67,0.0,3.03,9
LA Galaxy,8,7,0,1,21,12,9,21,usa,0.88,0.88,9,2.62,1.14,1.14,1
Inter Miami,8,6,2,0,22,10,12,20,usa,0.75,1.0,12,2.75,1.33,1.0,2
Orlando City,8,6,1,1,21,6,15,19,usa,0.75,0.88,15,2.62,1.33,1.14,3
Portland,8,5,2,1,19,10,9,17,usa,0.62,0.88,9,2.38,1.61,1.14,4
Real Salt Lake,8,5,2,1,18,12,6,17,usa,0.62,0.88,6,2.25,1.61,1.14,4
Seattle,8,5,2,1,12,7,5,17,usa,0.62,0.88,5,1.5,1.61,1.14,4
Columbus Crew,8,5,1,2,22,15,7,16,usa,0.62,0.75,7,2.75,1.61,1.33,5
Colorado Rapids,8,5,1,2,15,10,5,16,usa,0.62,0.75,5,1.88,1.61,1.33,5
CF Montreal,8,5,1,2,11,8,3,16,usa,0.62,0.75,3,1.38,1.61,1.33,5
Houston Dynamo,8,4,3,1,11,6,5,15,usa,0.5,0.88,5,1.38,2.0,1.14,6
Dallas,8,5,0,3,16,12,4,15,usa,0.62,0.62,4,2.0,1.61,1.61,6
Charlotte,8,4,2,2,15,9,6,14,usa,0.5,0.75,6,1.88,2.0,1.33,7
Los Angeles FC,8,4,2,2,16,12,4,14,usa,0.5,0.75,4,2.0,2.0,1.33,7
New York City,8,4,2,2,18,16,2,14,usa,0.5,0.75,2,2.25,2.0,1.33,7
Sporting KC,8,4,1,3,16,13,3,13,usa,0.5,0.62,3,2.0,2.0,1.61,8
St. Louis City,8,4,1,3,13,13,0,13,usa,0.5,0.62,0,1.62,2.0,1.61,8
Atlanta Utd,8,3,3,2,13,13,0,12,usa,0.38,0.75,0,1.62,2.63,1.33,9
Philadelphia,8,3,2,3,14,7,7,11,usa,0.38,0.62,7,1.75,2.63,1.61,10
Chicago Fire,8,3,2,3,11,15,-4,11,usa,0.38,0.62,-4,1.38,2.63,1.61,10
Minnesota Utd,8,3,0,5,15,13,2,9,usa,0.38,0.38,2,1.88,2.63,2.63,11
Austin,8,2,3,3,10,11,-1,9,usa,0.25,0.62,-1,1.25,4.0,1.61,11
New England,8,2,3,3,11,16,-5,9,usa,0.25,0.62,-5,1.38,4.0,1.61,11
Vancouver,8,2,2,4,9,12,-3,8,usa,0.25,0.5,-3,1.12,4.0,2.0,12
Cincinnati,8,2,1,5,14,13,1,7,usa,0.25,0.38,1,1.75,4.0,2.63,13
New York RB,8,1,4,3,13,18,-5,7,usa,0.12,0.62,-5,1.62,8.33,1.61,13
Nashville SC,8,2,1,5,9,15,-6,7,usa,0.25,0.38,-6,1.12,4.0,2.63,13
SJ Earthquakes,8,2,0,6,7,13,-6,6,usa,0.25,0.25,-6,0.88,4.0,4.0,14
Toronto,8,2,0,6,8,16,-8,6,usa,0.25,0.25,-8,1.0,4.0,4.0,14
DC United,8,1,2,5,11,19,-8,5,usa,0.12,0.38,-8,1.38,8.33,2.63,15
Louisville City,8,8,0,0,25,9,16,24,usa2,1.0,1.0,16,3.12,1.0,1.0,1
Charleston,8,6,2,0,24,7,17,20,usa2,0.75,1.0,17,3.0,1.33,1.0,2
Rhode Island,8,6,2,0,21,5,16,20,usa2,0.75,1.0,16,2.62,1.33,1.0,2
North Carolina,8,6,1,1,24,10,14,19,usa2,0.75,0.88,14,3.0,1.33,1.14,3
Hartford A.,8,5,2,1,11,7,4,17,usa2,0.62,0.88,4,1.38,1.61,1.14,4
Memphis,8,4,4,0,12,2,10,16,usa2,0.5,1.0,10,1.5,2.0,1.0,5
Pittsburgh,8,4,4,0,13,5,8,16,usa2,0.5,1.0,8,1.62,2.0,1.0,5
Sacramento R.,8,4,2,2,11,4,7,14,usa2,0.5,0.75,7,1.38,2.0,1.33,6
Colorado S.,8,4,2,2,14,8,6,14,usa2,0.5,0.75,6,1.75,2.0,1.33,6
Indy Eleven,8,4,2,2,15,11,4,14,usa2,0.5,0.75,4,1.88,2.0,1.33,6
Detroit City,8,3,4,1,8,4,4,13,usa2,0.38,0.88,4,1.0,2.63,1.14,7
Tampa Bay,8,4,1,3,15,12,3,13,usa2,0.5,0.62,3,1.88,2.0,1.61,7
Las Vegas L.,8,3,4,1,12,9,3,13,usa2,0.38,0.88,3,1.5,2.63,1.14,7
Orange County,8,4,1,3,10,7,3,13,usa2,0.5,0.62,3,1.25,2.0,1.61,7
New Mexico,8,4,1,3,14,12,2,13,usa2,0.5,0.62,2,1.75,2.0,1.61,7
El Paso,8,3,3,2,9,9,0,12,usa2,0.38,0.75,0,1.12,2.63,1.33,8
Phoenix Rising,8,3,2,3,9,5,4,11,usa2,0.38,0.62,4,1.12,2.63,1.61,9
San Antonio,8,3,2,3,10,14,-4,11,usa2,0.38,0.62,-4,1.25,2.63,1.61,9
Loudoun Utd,8,3,1,4,12,9,3,10,usa2,0.38,0.5,3,1.5,2.63,2.0,10
Birmingham L.,8,3,1,4,10,12,-2,10,usa2,0.38,0.5,-2,1.25,2.63,2.0,10
Oakland Roots,8,2,1,5,7,15,-8,7,usa2,0.25,0.38,-8,0.88,4.0,2.63,11
FC Tulsa,8,1,3,4,6,11,-5,6,usa2,0.12,0.5,-5,0.75,8.33,2.0,12
Monterey Bay,8,0,4,4,3,8,-5,4,usa2,0.0,0.5,-5,0.38,0.0,2.0,13
Miami FC,8,1,1,6,7,23,-16,4,usa2,0.12,0.25,-16,0.88,8.33,4.0,13
N. Colorado,8,6,1,1,19,5,14,19,usa3,0.75,0.88,14,2.38,1.33,1.14,1
Union Omaha,8,6,1,1,18,6,12,19,usa3,0.75,0.88,12,2.25,1.33,1.14,1
Forward Madison,8,4,3,1,8,3,5,15,usa3,0.5,0.88,5,1.0,2.0,1.14,2
Greenville,8,3,3,2,13,9,4,12,usa3,0.38,0.75,4,1.62,2.63,1.33,3
One Knoxville,8,3,3,2,11,9,2,12,usa3,0.38,0.75,2,1.38,2.63,1.33,3
Spokane V.,8,3,3,2,12,12,0,12,usa3,0.38,0.75,0,1.5,2.63,1.33,3
Richmond K.,8,3,2,3,8,7,1,11,usa3,0.38,0.62,1,1.0,2.63,1.61,4
Central Valley,8,3,1,4,8,12,-4,10,usa3,0.38,0.5,-4,1.0,2.63,2.0,5
Lexington,8,2,3,3,16,13,3,9,usa3,0.25,0.62,3,2.0,4.0,1.61,6
Charlotte I.,8,2,2,4,16,17,-1,8,usa3,0.25,0.5,-1,2.0,4.0,2.0,7
Tormenta,8,1,4,3,15,16,-1,7,usa3,0.12,0.62,-1,1.88,8.33,1.61,8
Chattanooga RW,8,1,1,6,8,18,-10,4,usa3,0.12,0.25,-10,1.0,8.33,4.0,9
AGMK,8,6,1,1,13,7,6,19,uzbekistan,0.75,0.88,6,1.62,1.33,1.14,1
Pakhtakor,8,5,1,2,17,7,10,16,uzbekistan,0.62,0.75,10,2.12,1.61,1.33,2
Nasaf Qarshi,8,5,1,2,12,6,6,16,uzbekistan,0.62,0.75,6,1.5,1.61,1.33,2
Termez Surkhon,8,5,1,2,9,4,5,16,uzbekistan,0.62,0.75,5,1.12,1.61,1.33,2
Neftchi,8,4,2,2,14,12,2,14,uzbekistan,0.5,0.75,2,1.75,2.0,1.33,3
Qizilqum,8,4,1,3,8,9,-1,13,uzbekistan,0.5,0.62,-1,1.0,2.0,1.61,4
Sogdiana,8,3,3,2,13,11,2,12,uzbekistan,0.38,0.75,2,1.62,2.63,1.33,5
Andijan,8,3,2,3,12,8,4,11,uzbekistan,0.38,0.62,4,1.5,2.63,1.61,6
Dinamo Samarqan,8,3,1,4,12,11,1,10,uzbekistan,0.38,0.5,1,1.5,2.63,2.0,7
Navbahor,8,2,4,2,11,11,0,10,uzbekistan,0.25,0.75,0,1.38,4.0,1.33,7
Bunyodkor,8,2,4,2,9,9,0,10,uzbekistan,0.25,0.75,0,1.12,4.0,1.33,7
Metallurg,8,2,4,2,7,9,-2,10,uzbekistan,0.25,0.75,-2,0.88,4.0,1.33,7
FK Olympic,8,2,1,5,5,10,-5,7,uzbekistan,0.25,0.38,-5,0.62,4.0,2.63,8
L. Tashkent,8,1,1,6,10,15,-5,4,uzbekistan,0.12,0.25,-5,1.25,8.33,4.0,9
Nam Dinh,4,3,0,1,10,4,6,9,vietnam,0.75,0.75,6,2.5,1.33,1.33,1
Cong An Nhan,4,3,0,1,7,1,6,9,vietnam,0.75,0.75,6,1.75,1.33,1.33,1
Ha Noi,5,2,3,0,6,4,2,9,vietnam,0.4,1.0,2,1.2,2.5,1.0,1
Hong Linh Ha T.,5,2,3,0,3,1,2,9,vietnam,0.4,1.0,2,0.6,2.5,1.0,1
Gia Lai,4,2,2,0,4,1,3,8,vietnam,0.5,1.0,3,1.0,2.0,1.0,2
Binh Duong,4,2,1,1,9,6,3,7,vietnam,0.5,0.75,3,2.25,2.0,1.33,3
Thanh Hoa,4,2,1,1,6,4,2,7,vietnam,0.5,0.75,2,1.5,2.0,1.33,3
Viettel,5,2,1,2,5,5,0,7,vietnam,0.4,0.6,0,1.0,2.5,1.67,3
Binh Dinh,5,2,1,2,6,8,-2,7,vietnam,0.4,0.6,-2,1.2,2.5,1.67,3
Quang Nam,5,1,3,1,5,8,-3,6,vietnam,0.2,0.8,-3,1.0,5.0,1.25,4
Ho Chi Minh,5,1,2,2,2,6,-4,5,vietnam,0.2,0.6,-4,0.4,5.0,1.67,5
Hai Phong,4,1,1,2,6,6,0,4,vietnam,0.25,0.5,0,1.5,4.0,2.0,6
Da Nang,4,0,3,1,3,5,-2,3,vietnam,0.0,0.75,-2,0.75,0.0,1.33,7
Song Lam Nghe,5,0,3,2,1,7,-6,3,vietnam,0.0,0.6,-6,0.2,0.0,1.67,7
Ba Ria Vung Tau,3,2,0,1,7,4,3,6,vietnam2,0.67,0.67,3,2.33,1.49,1.49,1
Binh Phuoc,2,2,0,0,5,2,3,6,vietnam2,1.0,1.0,3,2.5,1.0,1.0,1
Phu Dong,2,2,0,0,4,1,3,6,vietnam2,1.0,1.0,3,2.0,1.0,1.0,1
Dong Thap,3,1,2,0,1,0,1,5,vietnam2,0.33,1.0,1,0.33,3.03,1.0,2
S. Khanh Hoa,2,1,0,1,2,2,0,3,vietnam2,0.5,0.5,0,1.0,2.0,2.0,3
PVF-CAND,2,1,0,1,2,4,-2,3,vietnam2,0.5,0.5,-2,1.0,2.0,2.0,3
Long An,2,0,2,0,1,1,0,2,vietnam2,0.0,1.0,0,0.5,0.0,1.0,4
Hoa Binh,2,0,2,0,0,0,0,2,vietnam2,0.0,1.0,0,0.0,0.0,1.0,4
Ho Chi Minh B,2,0,1,1,0,1,-1,1,vietnam2,0.0,0.5,-1,0.0,0.0,2.0,5
Dong Nai,2,0,1,1,1,3,-2,1,vietnam2,0.0,0.5,-2,0.5,0.0,2.0,5
Hue,3,0,1,2,1,5,-4,1,vietnam2,0.0,0.33,-4,0.33,0.0,3.03,5
Penybont,8,6,1,1,18,6,12,19,wales,0.75,0.88,12,2.25,1.33,1.14,1
The New Saints,8,6,0,2,25,10,15,18,wales,0.75,0.75,15,3.12,1.33,1.33,2
Barry,8,5,1,2,15,13,2,16,wales,0.62,0.75,2,1.88,1.61,1.33,3
Cardiff MU,8,4,3,1,14,8,6,15,wales,0.5,0.88,6,1.75,2.0,1.14,4
Haverfordwest,8,3,4,1,9,3,6,13,wales,0.38,0.88,6,1.12,2.63,1.14,5
Bala Town,8,3,2,3,10,8,2,11,wales,0.38,0.62,2,1.25,2.63,1.61,6
Connahs Quay,8,3,2,3,10,8,2,11,wales,0.38,0.62,2,1.25,2.63,1.61,6
Briton Ferry,8,3,2,3,14,13,1,11,wales,0.38,0.62,1,1.75,2.63,1.61,6
Flint,8,3,1,4,10,9,1,10,wales,0.38,0.5,1,1.25,2.63,2.0,7
Caernarfon,8,3,1,4,13,18,-5,10,wales,0.38,0.5,-5,1.62,2.63,2.0,7
Aberystwyth,8,3,0,5,10,16,-6,9,wales,0.38,0.38,-6,1.25,2.63,2.63,8
Newtown,8,2,1,5,8,22,-14,7,wales,0.25,0.38,-14,1.0,4.0,2.63,9
