Equipe_Fora,GP,W,D,L,GF,GA,GD,Pts_Away,Liga,PIA,PIA_HA,GD_Away,GF_AVG_Away,PPG_Away,Odd_Justa_MO,Odd_Justa_HA,Rank_Away
Skenderbeu K.,8,3,3,2,9,6,3,12,Albania - Abissnet Superiore,0.38,0.62,3,1.12,1.5,2.63,1.61,1
AF Elbasani,8,2,5,1,9,8,1,11,Albania - Abissnet Superiore,0.25,0.75,1,1.12,1.38,4.0,1.33,2
Vllaznia S.,8,2,4,2,11,8,3,10,Albania - Abissnet Superiore,0.25,0.75,3,1.38,1.25,4.0,1.33,3
Bylis,8,2,3,3,12,14,-2,9,Albania - Abissnet Superiore,0.25,0.75,-2,1.5,1.12,4.0,1.33,4
Dinamo Tirana,8,1,4,3,8,11,-3,7,Albania - Abissnet Superiore,0.12,0.88,-3,1.0,0.88,8.33,1.14,5
Laci,8,2,1,5,6,11,-5,7,Albania - Abissnet Superiore,0.25,0.75,-5,0.75,0.88,4.0,1.33,5
Partizani T.,8,2,1,5,5,10,-5,7,Albania - Abissnet Superiore,0.25,0.75,-5,0.62,0.88,4.0,1.33,5
KF Tirana,8,1,2,5,10,13,-3,5,Albania - Abissnet Superiore,0.12,0.88,-3,1.25,0.62,8.33,1.14,6
Teuta Durres,8,0,4,4,4,11,-7,4,Albania - Abissnet Superiore,0.0,1.0,-7,0.5,0.5,0.0,1.0,7
MC Alger,8,6,2,0,13,3,10,20,Algeria - Ligue 1,0.75,0.25,10,1.62,2.5,1.33,4.0,1
CR Belouizdad,8,4,2,2,9,5,4,14,Algeria - Ligue 1,0.5,0.5,4,1.12,1.75,2.0,2.0,2
Paradou AC,8,3,2,3,9,10,-1,11,Algeria - Ligue 1,0.38,0.62,-1,1.12,1.38,2.63,1.61,3
El Bayadh,8,3,2,3,5,8,-3,11,Algeria - Ligue 1,0.38,0.62,-3,0.62,1.38,2.63,1.61,3
JS Kabylie,8,1,5,2,8,9,-1,8,Algeria - Ligue 1,0.12,0.88,-1,1.0,1.0,8.33,1.14,4
ES Setif,8,2,2,4,5,7,-2,8,Algeria - Ligue 1,0.25,0.75,-2,0.62,1.0,4.0,1.33,4
ASO Chlef,8,1,4,3,7,10,-3,7,Algeria - Ligue 1,0.12,0.88,-3,0.88,0.88,8.33,1.14,5
USM Alger,8,0,6,2,3,5,-2,6,Algeria - Ligue 1,0.0,1.0,-2,0.38,0.75,0.0,1.0,6
O. Akbou,8,1,3,4,4,7,-3,6,Algeria - Ligue 1,0.12,0.88,-3,0.5,0.75,8.33,1.14,6
CS Constantine,8,1,2,5,4,9,-5,5,Algeria - Ligue 1,0.12,0.88,-5,0.5,0.62,8.33,1.14,7
Mostaganem,8,1,2,5,4,9,-5,5,Algeria - Ligue 1,0.12,0.88,-5,0.5,0.62,8.33,1.14,7
Khenchela,8,1,2,5,4,16,-12,5,Algeria - Ligue 1,0.12,0.88,-12,0.5,0.62,8.33,1.14,7
JS Saoura,8,1,1,6,4,12,-8,4,Algeria - Ligue 1,0.12,0.88,-8,0.5,0.5,8.33,1.14,8
Biskra,8,0,3,5,3,10,-7,3,Algeria - Ligue 1,0.0,1.0,-7,0.38,0.38,0.0,1.0,9
NC Magra,8,0,2,6,3,13,-10,2,Algeria - Ligue 1,0.0,1.0,-10,0.38,0.25,0.0,1.0,10
MC Oran,8,0,1,7,5,16,-11,1,Algeria - Ligue 1,0.0,1.0,-11,0.62,0.12,0.0,1.0,11
Tigre,6,4,0,2,10,6,4,12,Argentina - Liga Profesional,0.67,0.33,4,1.67,2.0,1.49,3.03,1
D. Riestra,6,3,2,1,8,3,5,11,Argentina - Liga Profesional,0.5,0.5,5,1.33,1.83,2.0,2.0,2
Argentinos Jrs,5,3,2,0,7,4,3,11,Argentina - Liga Profesional,0.6,0.4,3,1.4,2.2,1.67,2.5,2
San Lorenzo,6,3,2,1,4,2,2,11,Argentina - Liga Profesional,0.5,0.5,2,0.67,1.83,2.0,2.0,2
Rosario Central,7,2,4,1,7,4,3,10,Argentina - Liga Profesional,0.29,0.71,3,1.0,1.43,3.45,1.41,3
Defensa y J.,7,3,1,3,9,11,-2,10,Argentina - Liga Profesional,0.43,0.57,-2,1.29,1.43,2.33,1.75,3
Huracan,6,2,3,1,6,4,2,9,Argentina - Liga Profesional,0.33,0.67,2,1.0,1.5,3.03,1.49,4
Independiente,6,2,3,1,7,7,0,9,Argentina - Liga Profesional,0.33,0.67,0,1.17,1.5,3.03,1.49,4
River Plate,6,1,5,0,4,2,2,8,Argentina - Liga Profesional,0.17,0.83,2,0.67,1.33,5.88,1.2,5
I. Rivadavia,6,2,2,2,5,5,0,8,Argentina - Liga Profesional,0.33,0.67,0,0.83,1.33,3.03,1.49,5
Godoy Cruz,6,2,2,2,5,9,-4,8,Argentina - Liga Profesional,0.33,0.67,-4,0.83,1.33,3.03,1.49,5
Barracas C.,6,1,4,1,6,5,1,7,Argentina - Liga Profesional,0.17,0.83,1,1.0,1.17,5.88,1.2,6
Platense,5,2,1,2,5,4,1,7,Argentina - Liga Profesional,0.4,0.6,1,1.0,1.4,2.5,1.67,6
Boca Juniors,5,2,1,2,5,5,0,7,Argentina - Liga Profesional,0.4,0.6,0,1.0,1.4,2.5,1.67,6
T. de Cordoba,6,1,4,1,2,2,0,7,Argentina - Liga Profesional,0.17,0.83,0,0.33,1.17,5.88,1.2,6
Racing Club,7,2,1,4,8,10,-2,7,Argentina - Liga Profesional,0.29,0.71,-2,1.14,1.0,3.45,1.41,6
Estudiantes,6,1,3,2,7,7,0,6,Argentina - Liga Profesional,0.17,0.83,0,1.17,1.0,5.88,1.2,7
Lanus,6,1,3,2,4,5,-1,6,Argentina - Liga Profesional,0.17,0.83,-1,0.67,1.0,5.88,1.2,7
Belgrano,6,1,2,3,3,12,-9,5,Argentina - Liga Profesional,0.17,0.83,-9,0.5,0.83,5.88,1.2,8
Central Cordoba,5,1,1,3,8,10,-2,4,Argentina - Liga Profesional,0.2,0.8,-2,1.6,0.8,5.0,1.25,9
Aldosivi,6,1,1,4,6,9,-3,4,Argentina - Liga Profesional,0.17,0.83,-3,1.0,0.67,5.88,1.2,9
A. Tucuman,6,1,1,4,4,9,-5,4,Argentina - Liga Profesional,0.17,0.83,-5,0.67,0.67,5.88,1.2,9
Newells,5,1,1,3,3,9,-6,4,Argentina - Liga Profesional,0.2,0.8,-6,0.6,0.8,5.0,1.25,9
Velez Sarsfield,6,1,1,4,3,11,-8,4,Argentina - Liga Profesional,0.17,0.83,-8,0.5,0.67,5.88,1.2,9
Gimnasia,7,1,1,5,2,10,-8,4,Argentina - Liga Profesional,0.14,0.86,-8,0.29,0.57,7.14,1.16,9
Banfield,6,1,0,5,3,10,-7,3,Argentina - Liga Profesional,0.17,0.83,-7,0.5,0.5,5.88,1.2,10
SM San Juan,5,0,2,3,1,4,-3,2,Argentina - Liga Profesional,0.0,1.0,-3,0.2,0.4,0.0,1.0,11
Sarmiento,6,0,2,4,3,12,-9,2,Argentina - Liga Profesional,0.0,1.0,-9,0.5,0.33,0.0,1.0,11
Instituto,6,0,1,5,1,10,-9,1,Argentina - Liga Profesional,0.0,1.0,-9,0.17,0.17,0.0,1.0,12
E. Rio Cuarto,5,3,1,1,8,4,4,10,Argentina - Primera Nacional,0.6,0.4,4,1.6,2.0,1.67,2.5,1
Chacarita J.,5,3,1,1,6,2,4,10,Argentina - Primera Nacional,0.6,0.4,4,1.2,2.0,1.67,2.5,1
SM Tucuman,5,2,3,0,3,1,2,9,Argentina - Primera Nacional,0.4,0.6,2,0.6,1.8,2.5,1.67,2
Gimnasia Jujuy,4,2,2,0,5,1,4,8,Argentina - Primera Nacional,0.5,0.5,4,1.25,2.0,2.0,2.0,3
G. Mendoza,4,2,2,0,4,1,3,8,Argentina - Primera Nacional,0.5,0.5,3,1.0,2.0,2.0,2.0,3
Atletico Mitre,4,2,1,1,3,2,1,7,Argentina - Primera Nacional,0.5,0.5,1,0.75,1.75,2.0,2.0,4
CA Estudiantes,5,2,1,2,4,4,0,7,Argentina - Primera Nacional,0.4,0.6,0,0.8,1.4,2.5,1.67,4
D. de Belgrano,5,1,3,1,4,2,2,6,Argentina - Primera Nacional,0.2,0.8,2,0.8,1.2,5.0,1.25,5
San Telmo,5,1,3,1,6,5,1,6,Argentina - Primera Nacional,0.2,0.8,1,1.2,1.2,5.0,1.25,5
Ferro Carril,4,2,0,2,3,3,0,6,Argentina - Primera Nacional,0.5,0.5,0,0.75,1.5,2.0,2.0,5
Gimnasia y Tiro,5,1,3,1,2,2,0,6,Argentina - Primera Nacional,0.2,0.8,0,0.4,1.2,5.0,1.25,5
Racing Cordoba,3,2,0,1,3,5,-2,6,Argentina - Primera Nacional,0.67,0.33,-2,1.0,2.0,1.49,3.03,5
Los Andes,4,1,2,1,4,4,0,5,Argentina - Primera Nacional,0.25,0.75,0,1.0,1.25,4.0,1.33,6
Patronato,5,1,2,2,6,8,-2,5,Argentina - Primera Nacional,0.2,0.8,-2,1.2,1.0,5.0,1.25,6
Tristan Suarez,5,1,2,2,3,5,-2,5,Argentina - Primera Nacional,0.2,0.8,-2,0.6,1.0,5.0,1.25,6
Deportivo Maipu,5,1,2,2,3,6,-3,5,Argentina - Primera Nacional,0.2,0.8,-3,0.6,1.0,5.0,1.25,6
Atlanta,4,0,4,0,2,2,0,4,Argentina - Primera Nacional,0.0,1.0,0,0.5,1.0,0.0,1.0,7
Chaco For Ever,4,1,1,2,3,4,-1,4,Argentina - Primera Nacional,0.25,0.75,-1,0.75,1.0,4.0,1.33,7
Colon Santa Fe,3,1,1,1,2,3,-1,4,Argentina - Primera Nacional,0.33,0.67,-1,0.67,1.33,3.03,1.49,7
Temperley,5,1,1,3,3,6,-3,4,Argentina - Primera Nacional,0.2,0.8,-3,0.6,0.8,5.0,1.25,7
Quilmes,4,1,1,2,1,4,-3,4,Argentina - Primera Nacional,0.25,0.75,-3,0.25,1.0,4.0,1.33,7
Defensores U.,5,1,1,3,2,8,-6,4,Argentina - Primera Nacional,0.2,0.8,-6,0.4,0.8,5.0,1.25,7
Nueva Chicago,3,1,0,2,3,4,-1,3,Argentina - Primera Nacional,0.33,0.67,-1,1.0,1.0,3.03,1.49,8
D. Madryn,5,0,3,2,1,3,-2,3,Argentina - Primera Nacional,0.0,1.0,-2,0.2,0.6,0.0,1.0,8
Alvarado,5,0,3,2,2,5,-3,3,Argentina - Primera Nacional,0.0,1.0,-3,0.4,0.6,0.0,1.0,8
Colegiales,4,0,2,2,0,2,-2,2,Argentina - Primera Nacional,0.0,1.0,-2,0.0,0.5,0.0,1.0,9
Almagro,4,0,2,2,5,8,-3,2,Argentina - Primera Nacional,0.0,1.0,-3,1.25,0.5,0.0,1.0,9
Arsenal Sarandi,3,0,2,1,2,5,-3,2,Argentina - Primera Nacional,0.0,1.0,-3,0.67,0.67,0.0,1.0,9
Deportivo Moron,5,0,2,3,2,5,-3,2,Argentina - Primera Nacional,0.0,1.0,-3,0.4,0.4,0.0,1.0,9
Deportivo Merlo,8,5,2,1,7,2,5,17,Argentina - Primera B,0.62,0.38,5,0.88,2.12,1.61,2.63,1
A. Quilmes,8,4,3,1,8,3,5,15,Argentina - Primera B,0.5,0.5,5,1.0,1.88,2.0,2.0,2
Dock Sud,8,4,2,2,11,8,3,14,Argentina - Primera B,0.5,0.5,3,1.38,1.75,2.0,2.0,3
D. Armenio,8,4,2,2,10,7,3,14,Argentina - Primera B,0.5,0.5,3,1.25,1.75,2.0,2.0,3
Comunicaciones,8,4,2,2,7,4,3,14,Argentina - Primera B,0.5,0.5,3,0.88,1.75,2.0,2.0,3
Argentino Merlo,8,4,2,2,8,8,0,14,Argentina - Primera B,0.5,0.5,0,1.0,1.75,2.0,2.0,3
Colegiales,8,4,0,4,11,11,0,12,Argentina - Primera B,0.5,0.5,0,1.38,1.5,2.0,2.0,4
Villa Dalmine,8,3,2,3,4,4,0,11,Argentina - Primera B,0.38,0.62,0,0.5,1.38,2.63,1.61,5
Midland,8,2,4,2,9,7,2,10,Argentina - Primera B,0.25,0.75,2,1.12,1.25,4.0,1.33,6
Acassuso,8,2,4,2,6,7,-1,10,Argentina - Primera B,0.25,0.75,-1,0.75,1.25,4.0,1.33,6
UAI Urquiza,8,3,1,4,8,12,-4,10,Argentina - Primera B,0.38,0.62,-4,1.0,1.25,2.63,1.61,6
V. San Carlos,8,2,3,3,5,9,-4,9,Argentina - Primera B,0.25,0.75,-4,0.62,1.12,4.0,1.33,7
Sacachispas,8,2,2,4,4,8,-4,8,Argentina - Primera B,0.25,0.75,-4,0.5,1.0,4.0,1.33,8
Flandria,8,2,2,4,6,11,-5,8,Argentina - Primera B,0.25,0.75,-5,0.75,1.0,4.0,1.33,8
Excursionistas,8,1,4,3,8,12,-4,7,Argentina - Primera B,0.12,0.88,-4,1.0,0.88,8.33,1.14,9
Liniers,8,1,4,3,3,8,-5,7,Argentina - Primera B,0.12,0.88,-5,0.38,0.88,8.33,1.14,9
S. Italiano,8,1,3,4,7,13,-6,6,Argentina - Primera B,0.12,0.88,-6,0.88,0.75,8.33,1.14,10
Canuelas,8,1,2,5,6,10,-4,5,Argentina - Primera B,0.12,0.88,-4,0.75,0.62,8.33,1.14,11
D. Laferrere,8,0,4,4,1,12,-11,4,Argentina - Primera B,0.0,1.0,-11,0.12,0.5,0.0,1.0,12
Los Andes,8,0,2,6,4,13,-9,2,Argentina - Primera B,0.0,1.0,-9,0.5,0.25,0.0,1.0,13
SM Burzaco,8,0,1,7,2,14,-12,1,Argentina - Primera B,0.0,1.0,-12,0.25,0.12,0.0,1.0,14
Fenix,8,0,1,7,1,15,-14,1,Argentina - Primera B,0.0,1.0,-14,0.12,0.12,0.0,1.0,14
Circulo D.,2,2,0,0,6,2,4,6,Argentina - Torneo Federal,1.0,0.0,4,3.0,3.0,1.0,0.0,1
Olimpo Bahia B.,2,2,0,0,2,0,2,6,Argentina - Torneo Federal,1.0,0.0,2,1.0,3.0,1.0,0.0,1
Douglas Haig,2,1,1,0,3,2,1,4,Argentina - Torneo Federal,0.5,0.5,1,1.5,2.0,2.0,2.0,2
SM Formosa,2,1,0,1,3,1,2,3,Argentina - Torneo Federal,0.5,0.5,2,1.5,1.5,2.0,2.0,3
Bartolom√© Mitre,2,1,0,1,3,2,1,3,Argentina - Torneo Federal,0.5,0.5,1,1.5,1.5,2.0,2.0,3
Sarmiento DLB,2,1,0,1,3,2,1,3,Argentina - Torneo Federal,0.5,0.5,1,1.5,1.5,2.0,2.0,3
Kimberley,1,1,0,0,1,0,1,3,Argentina - Torneo Federal,1.0,0.0,1,1.0,3.0,1.0,0.0,3
SM Mendoza,2,1,0,1,5,5,0,3,Argentina - Torneo Federal,0.5,0.5,0,2.5,1.5,2.0,2.0,3
Cipolletti,3,1,0,2,4,4,0,3,Argentina - Torneo Federal,0.33,0.67,0,1.33,1.0,3.03,1.49,3
D. Rincon,2,1,0,1,1,1,0,3,Argentina - Torneo Federal,0.5,0.5,0,0.5,1.5,2.0,2.0,3
Huracan Las H.,2,1,0,1,3,4,-1,3,Argentina - Torneo Federal,0.5,0.5,-1,1.5,1.5,2.0,2.0,3
Guillermo Brown,2,1,0,1,2,5,-3,3,Argentina - Torneo Federal,0.5,0.5,-3,1.0,1.5,2.0,2.0,3
Gimnasia E.,3,1,0,2,1,5,-4,3,Argentina - Torneo Federal,0.33,0.67,-4,0.33,1.0,3.03,1.49,3
Juventud U. U.,2,0,2,0,2,2,0,2,Argentina - Torneo Federal,0.0,1.0,0,1.0,1.0,0.0,1.0,4
Costa Brava,2,0,2,0,1,1,0,2,Argentina - Torneo Federal,0.0,1.0,0,0.5,1.0,0.0,1.0,4
Villa Mitre,2,0,2,0,1,1,0,2,Argentina - Torneo Federal,0.0,1.0,0,0.5,1.0,0.0,1.0,4
G. Chivilcoy,2,0,2,0,0,0,0,2,Argentina - Torneo Federal,0.0,1.0,0,0.0,1.0,0.0,1.0,4
D. Belgrano VR,3,0,2,1,1,3,-2,2,Argentina - Torneo Federal,0.0,1.0,-2,0.33,0.67,0.0,1.0,4
Santamarina,1,0,1,0,2,2,0,1,Argentina - Torneo Federal,0.0,1.0,0,2.0,1.0,0.0,1.0,5
Sol de America,1,0,1,0,2,2,0,1,Argentina - Torneo Federal,0.0,1.0,0,2.0,1.0,0.0,1.0,5
S. Belgrano,1,0,1,0,1,1,0,1,Argentina - Torneo Federal,0.0,1.0,0,1.0,1.0,0.0,1.0,5
Ciudad Bolivar,1,0,1,0,0,0,0,1,Argentina - Torneo Federal,0.0,1.0,0,0.0,1.0,0.0,1.0,5
Boca Unidos,2,0,1,1,2,3,-1,1,Argentina - Torneo Federal,0.0,1.0,-1,1.0,0.5,0.0,1.0,5
I. Chivilcoy,2,0,1,1,0,1,-1,1,Argentina - Torneo Federal,0.0,1.0,-1,0.0,0.5,0.0,1.0,5
El Linqueno,2,0,1,1,2,4,-2,1,Argentina - Torneo Federal,0.0,1.0,-2,1.0,0.5,0.0,1.0,5
Argentino MM,2,0,1,1,0,3,-3,1,Argentina - Torneo Federal,0.0,1.0,-3,0.0,0.5,0.0,1.0,5
J. Antoniana,1,0,0,1,0,1,-1,0,Argentina - Torneo Federal,0.0,1.0,-1,0.0,0.0,0.0,1.0,6
S. Estudiantes,1,0,0,1,0,1,-1,0,Argentina - Torneo Federal,0.0,1.0,-1,0.0,0.0,0.0,1.0,6
Sarmiento R.,2,0,0,2,1,3,-2,0,Argentina - Torneo Federal,0.0,1.0,-2,0.5,0.0,0.0,1.0,6
Noah,8,6,1,1,21,5,16,19,Armenia - Premier League,0.75,0.25,16,2.62,2.38,1.33,4.0,1
Pyunik,8,6,0,2,19,7,12,18,Armenia - Premier League,0.75,0.25,12,2.38,2.25,1.33,4.0,2
Ararat-Armenia,8,5,2,1,17,8,9,17,Armenia - Premier League,0.62,0.38,9,2.12,2.12,1.61,2.63,3
Urartu,8,4,1,3,15,10,5,13,Armenia - Premier League,0.5,0.5,5,1.88,1.62,2.0,2.0,4
Shirak,8,4,1,3,10,15,-5,13,Armenia - Premier League,0.5,0.5,-5,1.25,1.62,2.0,2.0,4
Van,8,3,2,3,10,12,-2,11,Armenia - Premier League,0.38,0.62,-2,1.25,1.38,2.63,1.61,5
BKMA,8,2,2,4,12,13,-1,8,Armenia - Premier League,0.25,0.75,-1,1.5,1.0,4.0,1.33,6
Ararat Yerevan,8,2,1,5,6,17,-11,7,Armenia - Premier League,0.25,0.75,-11,0.75,0.88,4.0,1.33,7
West Armenia,8,2,0,6,6,25,-19,6,Armenia - Premier League,0.25,0.75,-19,0.75,0.75,4.0,1.33,8
Alashkert,8,1,2,5,3,13,-10,5,Armenia - Premier League,0.12,0.88,-10,0.38,0.62,8.33,1.14,9
Gandzasar,8,0,2,6,3,18,-15,2,Armenia - Premier League,0.0,1.0,-15,0.38,0.25,0.0,1.0,10
Western United,8,6,1,1,26,15,11,19,Australia - A-League,0.75,0.25,11,3.25,2.38,1.33,4.0,1
WS Wanderers,8,4,4,0,18,11,7,16,Australia - A-League,0.5,0.5,7,2.25,2.0,2.0,2.0,2
Macarthur FC,8,5,0,3,21,14,7,15,Australia - A-League,0.62,0.38,7,2.62,1.88,1.61,2.63,3
Auckland,8,4,3,1,14,7,7,15,Australia - A-League,0.5,0.5,7,1.75,1.88,2.0,2.0,3
Newcastle Jets,8,4,2,2,15,11,4,14,Australia - A-League,0.5,0.5,4,1.88,1.75,2.0,2.0,4
Adelaide Utd,8,4,1,3,17,18,-1,13,Australia - A-League,0.5,0.5,-1,2.12,1.62,2.0,2.0,5
Sydney FC,8,2,4,2,11,11,0,10,Australia - A-League,0.25,0.75,0,1.38,1.25,4.0,1.33,6
Brisbane Roar,8,2,3,3,12,13,-1,9,Australia - A-League,0.25,0.75,-1,1.5,1.12,4.0,1.33,7
Melbourne City,8,2,3,3,8,11,-3,9,Australia - A-League,0.25,0.75,-3,1.0,1.12,4.0,1.33,7
Melbourne V.,8,2,2,4,10,15,-5,8,Australia - A-League,0.25,0.75,-5,1.25,1.0,4.0,1.33,8
Central Coast,8,1,4,3,9,14,-5,7,Australia - A-League,0.12,0.88,-5,1.12,0.88,8.33,1.14,9
Wellington,8,2,1,5,8,20,-12,7,Australia - A-League,0.25,0.75,-12,1.0,0.88,4.0,1.33,9
Perth Glory,8,1,1,6,6,18,-12,4,Australia - A-League,0.12,0.88,-12,0.75,0.5,8.33,1.14,10
Oakleigh C.,5,4,1,0,12,3,9,13,Australia - NPL Victoria,0.8,0.2,9,2.4,2.6,1.25,5.0,1
Avondale,5,4,0,1,13,5,8,12,Australia - NPL Victoria,0.8,0.2,8,2.6,2.4,1.25,5.0,2
Dandenong City,4,2,2,0,10,3,7,8,Australia - NPL Victoria,0.5,0.5,7,2.5,2.0,2.0,2.0,3
St. Albans,6,2,1,3,12,12,0,7,Australia - NPL Victoria,0.33,0.67,0,2.0,1.17,3.03,1.49,4
Heidelberg Utd,4,2,0,2,8,7,1,6,Australia - NPL Victoria,0.5,0.5,1,2.0,1.5,2.0,2.0,5
M. Victory B,4,2,0,2,6,6,0,6,Australia - NPL Victoria,0.5,0.5,0,1.5,1.5,2.0,2.0,5
South Melbourne,6,1,3,2,5,7,-2,6,Australia - NPL Victoria,0.17,0.83,-2,0.83,1.0,5.88,1.2,5
Preston Lions,5,1,2,2,7,9,-2,5,Australia - NPL Victoria,0.2,0.8,-2,1.4,1.0,5.0,1.25,6
Green Gully,5,1,1,3,4,8,-4,4,Australia - NPL Victoria,0.2,0.8,-4,0.8,0.8,5.0,1.25,7
Hume City,5,1,1,3,6,11,-5,4,Australia - NPL Victoria,0.2,0.8,-5,1.2,0.8,5.0,1.25,7
Dandenong T.,3,1,0,2,3,5,-2,3,Australia - NPL Victoria,0.33,0.67,-2,1.0,1.0,3.03,1.49,8
Altona Magic,4,0,1,3,2,7,-5,1,Australia - NPL Victoria,0.0,1.0,-5,0.5,0.25,0.0,1.0,9
Melbourne K.,3,0,0,3,1,9,-8,0,Australia - NPL Victoria,0.0,1.0,-8,0.33,0.0,0.0,1.0,10
Port Melbourne,4,0,0,4,2,15,-13,0,Australia - NPL Victoria,0.0,1.0,-13,0.5,0.0,0.0,1.0,10
Moreton City E.,3,3,0,0,7,3,4,9,Australia - NPL Queensland,1.0,0.0,4,2.33,3.0,1.0,0.0,1
Gold C. Knights,2,2,0,0,3,0,3,6,Australia - NPL Queensland,1.0,0.0,3,1.5,3.0,1.0,0.0,2
Eastern Suburbs,2,1,1,0,5,3,2,4,Australia - NPL Queensland,0.5,0.5,2,2.5,2.0,2.0,2.0,3
Olympic FC,1,1,0,0,2,0,2,3,Australia - NPL Queensland,1.0,0.0,2,2.0,3.0,1.0,0.0,4
St George W.,4,0,2,2,4,7,-3,2,Australia - NPL Queensland,0.0,1.0,-3,1.0,0.5,0.0,1.0,5
Q. Lions,3,0,1,2,3,7,-4,1,Australia - NPL Queensland,0.0,1.0,-4,1.0,0.33,0.0,1.0,6
Brisbane City,0,0,0,0,0,0,0,0,Australia - NPL Queensland,0.0,0.0,0,0.0,0.0,0.0,0.0,7
Peninsula,0,0,0,0,0,0,0,0,Australia - NPL Queensland,0.0,0.0,0,0.0,0.0,0.0,0.0,7
SC Wanderers,1,0,0,1,1,3,-2,0,Australia - NPL Queensland,0.0,1.0,-2,1.0,0.0,0.0,1.0,7
Wynnum Wolves,1,0,0,1,1,3,-2,0,Australia - NPL Queensland,0.0,1.0,-2,1.0,0.0,0.0,1.0,7
Gold C. Utd,1,0,0,1,0,3,-3,0,Australia - NPL Queensland,0.0,1.0,-3,0.0,0.0,0.0,1.0,7
Brisbane Roar B,2,0,0,2,0,7,-7,0,Australia - NPL Queensland,0.0,1.0,-7,0.0,0.0,0.0,1.0,7
Wolfsberger AC,8,5,1,2,18,10,8,16,Austria - Bundesliga,0.62,0.38,8,2.25,2.0,1.61,2.63,1
Austria Wien,8,5,1,2,12,8,4,16,Austria - Bundesliga,0.62,0.38,4,1.5,2.0,1.61,2.63,1
Sturm Graz,8,5,1,2,13,11,2,16,Austria - Bundesliga,0.62,0.38,2,1.62,2.0,1.61,2.63,1
LASK Linz,8,4,2,2,12,11,1,14,Austria - Bundesliga,0.5,0.5,1,1.5,1.75,2.0,2.0,2
BW Linz,8,3,2,3,8,8,0,11,Austria - Bundesliga,0.38,0.62,0,1.0,1.38,2.63,1.61,3
Salzburg,8,1,5,2,3,9,-6,8,Austria - Bundesliga,0.12,0.88,-6,0.38,1.0,8.33,1.14,4
Tirol,8,2,1,5,10,12,-2,7,Austria - Bundesliga,0.25,0.75,-2,1.25,0.88,4.0,1.33,5
Rapid Wien,8,1,4,3,8,10,-2,7,Austria - Bundesliga,0.12,0.88,-2,1.0,0.88,8.33,1.14,5
Grazer AK,8,2,1,5,11,20,-9,7,Austria - Bundesliga,0.25,0.75,-9,1.38,0.88,4.0,1.33,5
Hartberg,8,1,3,4,6,12,-6,6,Austria - Bundesliga,0.12,0.88,-6,0.75,0.75,8.33,1.14,6
Altach,8,1,1,6,6,18,-12,4,Austria - Bundesliga,0.12,0.88,-12,0.75,0.5,8.33,1.14,7
A. Klagenfurt,8,0,2,6,4,23,-19,2,Austria - Bundesliga,0.0,1.0,-19,0.5,0.25,0.0,1.0,8
St. Polten,8,6,2,0,17,5,12,20,Austria - 2. Liga,0.75,0.25,12,2.12,2.5,1.33,4.0,1
Admira Wacker,8,5,2,1,15,9,6,17,Austria - 2. Liga,0.62,0.38,6,1.88,2.12,1.61,2.63,2
Ried,8,5,1,2,11,7,4,16,Austria - 2. Liga,0.62,0.38,4,1.38,2.0,1.61,2.63,3
First Vienna,8,4,1,3,17,14,3,13,Austria - 2. Liga,0.5,0.5,3,2.12,1.62,2.0,2.0,4
Sturm Graz B,8,3,3,2,16,10,6,12,Austria - 2. Liga,0.38,0.62,6,2.0,1.5,2.63,1.61,5
Bregenz,8,3,2,3,13,12,1,11,Austria - 2. Liga,0.38,0.62,1,1.62,1.38,2.63,1.61,6
Voitsberg,8,3,1,4,11,11,0,10,Austria - 2. Liga,0.38,0.62,0,1.38,1.25,2.63,1.61,7
Liefering,8,3,1,4,4,10,-6,10,Austria - 2. Liga,0.38,0.62,-6,0.5,1.25,2.63,1.61,7
A. Lustenau,8,2,3,3,5,9,-4,9,Austria - 2. Liga,0.25,0.75,-4,0.62,1.12,4.0,1.33,8
Rapid Wien B,8,2,2,4,11,16,-5,8,Austria - 2. Liga,0.25,0.75,-5,1.38,1.0,4.0,1.33,9
Kapfenberger,8,2,2,4,7,17,-10,8,Austria - 2. Liga,0.25,0.75,-10,0.88,1.0,4.0,1.33,9
Stripfing,8,1,4,3,8,10,-2,7,Austria - 2. Liga,0.12,0.88,-2,1.0,0.88,8.33,1.14,10
Amstetten,8,2,1,5,7,10,-3,7,Austria - 2. Liga,0.25,0.75,-3,0.88,0.88,4.0,1.33,10
Floridsdorfer,8,1,1,6,6,14,-8,4,Austria - 2. Liga,0.12,0.88,-8,0.75,0.5,8.33,1.14,11
Lafnitz,8,1,1,6,10,27,-17,4,Austria - 2. Liga,0.12,0.88,-17,1.25,0.5,8.33,1.14,11
SV Horn,8,1,0,7,4,20,-16,3,Austria - 2. Liga,0.12,0.88,-16,0.5,0.38,8.33,1.14,12
Qarabag,8,5,2,1,14,6,8,17,Azerbaijan - Premier League,0.62,0.38,8,1.75,2.12,1.61,2.63,1
Zira,8,5,1,2,14,5,9,16,Azerbaijan - Premier League,0.62,0.38,9,1.75,2.0,1.61,2.63,2
Neftci,8,3,2,3,8,8,0,11,Azerbaijan - Premier League,0.38,0.62,0,1.0,1.38,2.63,1.61,3
Araz,8,2,3,3,7,7,0,9,Azerbaijan - Premier League,0.25,0.75,0,0.88,1.12,4.0,1.33,4
Turan,8,2,3,3,7,10,-3,9,Azerbaijan - Premier League,0.25,0.75,-3,0.88,1.12,4.0,1.33,4
Kapaz,8,2,2,4,5,10,-5,8,Azerbaijan - Premier League,0.25,0.75,-5,0.62,1.0,4.0,1.33,5
Sabah,8,1,4,3,9,12,-3,7,Azerbaijan - Premier League,0.12,0.88,-3,1.12,0.88,8.33,1.14,6
Sebail,8,1,4,3,4,9,-5,7,Azerbaijan - Premier League,0.12,0.88,-5,0.5,0.88,8.33,1.14,6
Shamakhi,8,1,2,5,9,14,-5,5,Azerbaijan - Premier League,0.12,0.88,-5,1.12,0.62,8.33,1.14,7
Sumqayit,8,1,2,5,3,13,-10,5,Azerbaijan - Premier League,0.12,0.88,-10,0.38,0.62,8.33,1.14,7
Al-Najma,7,4,1,2,11,8,3,13,Bahrain - Premier League,0.57,0.43,3,1.57,1.86,1.75,2.33,1
Sitra,7,3,3,1,12,7,5,12,Bahrain - Premier League,0.43,0.57,5,1.71,1.71,2.33,1.75,2
Al Shabbab,6,4,0,2,9,8,1,12,Bahrain - Premier League,0.67,0.33,1,1.5,2.0,1.49,3.03,2
Khalidiya,7,3,2,2,15,10,5,11,Bahrain - Premier League,0.43,0.57,5,2.14,1.57,2.33,1.75,3
Al-Muharraq,6,3,2,1,8,4,4,11,Bahrain - Premier League,0.5,0.5,4,1.33,1.83,2.0,2.0,3
Malkiya,7,3,1,3,7,11,-4,10,Bahrain - Premier League,0.43,0.57,-4,1.0,1.43,2.33,1.75,4
Al Riffa,6,2,2,2,5,4,1,8,Bahrain - Premier League,0.33,0.67,1,0.83,1.33,3.03,1.49,5
Bahrain SC,7,2,2,3,7,14,-7,8,Bahrain - Premier League,0.29,0.71,-7,1.0,1.14,3.45,1.41,5
AAli FC,7,1,2,4,8,16,-8,5,Bahrain - Premier League,0.14,0.86,-8,1.14,0.71,7.14,1.16,6
Al Ahli M.,6,1,1,4,9,13,-4,4,Bahrain - Premier League,0.17,0.83,-4,1.5,0.67,5.88,1.2,7
Manama,6,1,1,4,5,13,-8,4,Bahrain - Premier League,0.17,0.83,-8,0.83,0.67,5.88,1.2,7
East Riffa,6,0,2,4,5,9,-4,2,Bahrain - Premier League,0.0,1.0,-4,0.83,0.33,0.0,1.0,8
Mohammedan,5,5,0,0,18,3,15,15,Bangladesh - Premier League,1.0,0.0,15,3.6,3.0,1.0,0.0,1
Abahani,6,3,2,1,7,1,6,11,Bangladesh - Premier League,0.5,0.5,6,1.17,1.83,2.0,2.0,2
Bashundhara K.,6,3,1,2,13,3,10,10,Bangladesh - Premier League,0.5,0.5,10,2.17,1.67,2.0,2.0,3
Rahmatgonj,5,2,0,3,11,10,1,6,Bangladesh - Premier League,0.4,0.6,1,2.2,1.2,2.5,1.67,4
Fakirerpool,6,2,0,4,6,17,-11,6,Bangladesh - Premier League,0.33,0.67,-11,1.0,1.0,3.03,1.49,4
Brothers Union,5,1,2,2,7,7,0,5,Bangladesh - Premier League,0.2,0.8,0,1.4,1.0,5.0,1.25,5
Fortis,4,1,1,2,5,5,0,4,Bangladesh - Premier League,0.25,0.75,0,1.25,1.0,4.0,1.33,6
B. Police,4,1,0,3,5,5,0,3,Bangladesh - Premier League,0.25,0.75,0,1.25,0.75,4.0,1.33,7
Dhaka Wanderers,5,0,1,4,3,15,-12,1,Bangladesh - Premier League,0.0,1.0,-12,0.6,0.2,0.0,1.0,8
Chittagong,4,0,0,4,0,11,-11,0,Bangladesh - Premier League,0.0,1.0,-11,0.0,0.0,0.0,1.0,9
Maxline,2,2,0,0,3,0,3,6,Belarus - Vysshaya Liga,1.0,0.0,3,1.5,3.0,1.0,0.0,1
BATE Borisov,2,2,0,0,2,0,2,6,Belarus - Vysshaya Liga,1.0,0.0,2,1.0,3.0,1.0,0.0,1
Slavia Mozyr,2,1,1,0,3,2,1,4,Belarus - Vysshaya Liga,0.5,0.5,1,1.5,2.0,2.0,2.0,2
Gomel,1,1,0,0,1,0,1,3,Belarus - Vysshaya Liga,1.0,0.0,1,1.0,3.0,1.0,0.0,3
Isloch,1,1,0,0,1,0,1,3,Belarus - Vysshaya Liga,1.0,0.0,1,1.0,3.0,1.0,0.0,3
Naftan,2,1,0,1,2,3,-1,3,Belarus - Vysshaya Liga,0.5,0.5,-1,1.0,1.5,2.0,2.0,3
Dinamo Brest,2,0,2,0,3,3,0,2,Belarus - Vysshaya Liga,0.0,1.0,0,1.5,1.0,0.0,1.0,4
T. Zhodino,2,0,2,0,1,1,0,2,Belarus - Vysshaya Liga,0.0,1.0,0,0.5,1.0,0.0,1.0,4
Arsenal D.,1,0,1,0,2,2,0,1,Belarus - Vysshaya Liga,0.0,1.0,0,2.0,1.0,0.0,1.0,5
FC Minsk,1,0,1,0,1,1,0,1,Belarus - Vysshaya Liga,0.0,1.0,0,1.0,1.0,0.0,1.0,5
Dinamo Minsk,1,0,1,0,0,0,0,1,Belarus - Vysshaya Liga,0.0,1.0,0,0.0,1.0,0.0,1.0,5
Smorgon,3,0,1,2,1,4,-3,1,Belarus - Vysshaya Liga,0.0,1.0,-3,0.33,0.33,0.0,1.0,5
Neman Grodno,0,0,0,0,0,0,0,0,Belarus - Vysshaya Liga,0.0,0.0,0,0.0,0.0,0.0,0.0,6
Slutsk,0,0,0,0,0,0,0,0,Belarus - Vysshaya Liga,0.0,0.0,0,0.0,0.0,0.0,0.0,6
Vitebsk,1,0,0,1,1,2,-1,0,Belarus - Vysshaya Liga,0.0,1.0,-1,1.0,0.0,0.0,1.0,6
Molodechno,2,0,0,2,1,7,-6,0,Belarus - Vysshaya Liga,0.0,1.0,-6,0.5,0.0,0.0,1.0,6
Slonim,1,1,0,0,2,1,1,3,Belarus - First League,1.0,0.0,1,2.0,3.0,1.0,0.0,1
Orsha,2,1,0,1,3,7,-4,3,Belarus - First League,0.5,0.5,-4,1.5,1.5,2.0,2.0,1
Volna Pinsk,1,0,1,0,3,3,0,1,Belarus - First League,0.0,1.0,0,3.0,1.0,0.0,1.0,2
Dnepr Mogilev,1,0,1,0,2,2,0,1,Belarus - First League,0.0,1.0,0,2.0,1.0,0.0,1.0,2
Lokomotiv Gomel,1,0,1,0,2,2,0,1,Belarus - First League,0.0,1.0,0,2.0,1.0,0.0,1.0,2
Bumprom,1,0,1,0,1,1,0,1,Belarus - First League,0.0,1.0,0,1.0,1.0,0.0,1.0,2
Niva,1,0,1,0,1,1,0,1,Belarus - First League,0.0,1.0,0,1.0,1.0,0.0,1.0,2
ABFF U19,1,0,1,0,0,0,0,1,Belarus - First League,0.0,1.0,0,0.0,1.0,0.0,1.0,2
Uni X L. Minsk,2,0,1,1,2,4,-2,1,Belarus - First League,0.0,1.0,-2,1.0,0.5,0.0,1.0,2
Baranovichi,0,0,0,0,0,0,0,0,Belarus - First League,0.0,0.0,0,0.0,0.0,0.0,0.0,3
BATE B,0,0,0,0,0,0,0,0,Belarus - First League,0.0,0.0,0,0.0,0.0,0.0,0.0,3
Dinamo Minsk B,0,0,0,0,0,0,0,0,Belarus - First League,0.0,0.0,0,0.0,0.0,0.0,0.0,3
Lida,1,0,0,1,2,3,-1,0,Belarus - First League,0.0,1.0,-1,2.0,0.0,0.0,1.0,3
Osipovichy,1,0,0,1,2,3,-1,0,Belarus - First League,0.0,1.0,-1,2.0,0.0,0.0,1.0,3
Gomel B,1,0,0,1,0,1,-1,0,Belarus - First League,0.0,1.0,-1,0.0,0.0,0.0,1.0,3
Belshina,1,0,0,1,0,2,-2,0,Belarus - First League,0.0,1.0,-2,0.0,0.0,0.0,1.0,3
Minsk B,1,0,0,1,1,4,-3,0,Belarus - First League,0.0,1.0,-3,1.0,0.0,0.0,1.0,3
Ostrovets,1,0,0,1,1,4,-3,0,Belarus - First League,0.0,1.0,-3,1.0,0.0,0.0,1.0,3
Royale Union SG,8,5,2,1,15,6,9,17,Belgium - Pro League,0.62,0.38,9,1.88,2.12,1.61,2.63,1
KRC Genk,8,4,3,1,12,10,2,15,Belgium - Pro League,0.5,0.5,2,1.5,1.88,2.0,2.0,2
Club Brugge,8,3,4,1,16,11,5,13,Belgium - Pro League,0.38,0.62,5,2.0,1.62,2.63,1.61,3
Anderlecht,8,4,1,3,7,5,2,13,Belgium - Pro League,0.5,0.5,2,0.88,1.62,2.0,2.0,3
Charleroi,8,3,2,3,11,12,-1,11,Belgium - Pro League,0.38,0.62,-1,1.38,1.38,2.63,1.61,4
Gent,8,2,5,1,7,11,-4,11,Belgium - Pro League,0.25,0.75,-4,0.88,1.38,4.0,1.33,4
Standard Liege,8,2,4,2,8,11,-3,10,Belgium - Pro League,0.25,0.75,-3,1.0,1.25,4.0,1.33,5
Antwerp,8,1,5,2,7,8,-1,8,Belgium - Pro League,0.12,0.88,-1,0.88,1.0,8.33,1.14,6
Westerlo,8,2,2,4,11,14,-3,8,Belgium - Pro League,0.25,0.75,-3,1.38,1.0,4.0,1.33,6
Cercle Brugge,8,1,4,3,8,12,-4,7,Belgium - Pro League,0.12,0.88,-4,1.0,0.88,8.33,1.14,7
KV Mechelen,8,2,1,5,5,11,-6,7,Belgium - Pro League,0.25,0.75,-6,0.62,0.88,4.0,1.33,7
Dender,8,2,0,6,11,21,-10,6,Belgium - Pro League,0.25,0.75,-10,1.38,0.75,4.0,1.33,8
Kortrijk,8,1,2,5,10,18,-8,5,Belgium - Pro League,0.12,0.88,-8,1.25,0.62,8.33,1.14,9
Sint-Truiden,8,1,1,6,8,20,-12,4,Belgium - Pro League,0.12,0.88,-12,1.0,0.5,8.33,1.14,10
OH Leuven,8,0,3,5,4,11,-7,3,Belgium - Pro League,0.0,1.0,-7,0.5,0.38,0.0,1.0,11
Beerschot,8,0,1,7,5,17,-12,1,Belgium - Pro League,0.0,1.0,-12,0.62,0.12,0.0,1.0,12
Beveren,8,5,2,1,11,9,2,17,Belgium - Challenger Pro League,0.62,0.38,2,1.38,2.12,1.61,2.63,1
RWDM,8,4,4,0,13,6,7,16,Belgium - Challenger Pro League,0.5,0.5,7,1.62,2.0,2.0,2.0,2
La Louviere,8,4,3,1,14,7,7,15,Belgium - Challenger Pro League,0.5,0.5,7,1.75,1.88,2.0,2.0,3
Patro Eisden,8,4,3,1,13,8,5,15,Belgium - Challenger Pro League,0.5,0.5,5,1.62,1.88,2.0,2.0,3
Club Brugge B,8,5,0,3,14,10,4,15,Belgium - Challenger Pro League,0.62,0.38,4,1.75,1.88,1.61,2.63,3
Lokeren-Temse,8,4,2,2,11,10,1,14,Belgium - Challenger Pro League,0.5,0.5,1,1.38,1.75,2.0,2.0,4
Zulte-Waregem,8,3,4,1,11,6,5,13,Belgium - Challenger Pro League,0.38,0.62,5,1.38,1.62,2.63,1.61,5
Francs Borains,8,3,1,4,7,12,-5,10,Belgium - Challenger Pro League,0.38,0.62,-5,0.88,1.25,2.63,1.61,6
RFC Liege,8,3,0,5,12,13,-1,9,Belgium - Challenger Pro League,0.38,0.62,-1,1.5,1.12,2.63,1.61,7
Lierse K.,8,2,1,5,8,10,-2,7,Belgium - Challenger Pro League,0.25,0.75,-2,1.0,0.88,4.0,1.33,8
Eupen,8,1,3,4,10,13,-3,6,Belgium - Challenger Pro League,0.12,0.88,-3,1.25,0.75,8.33,1.14,9
Anderlecht B,8,1,3,4,9,16,-7,6,Belgium - Challenger Pro League,0.12,0.88,-7,1.12,0.75,8.33,1.14,9
Seraing,8,1,3,4,11,21,-10,6,Belgium - Challenger Pro League,0.12,0.88,-10,1.38,0.75,8.33,1.14,9
Lommel SK,8,2,0,6,7,20,-13,6,Belgium - Challenger Pro League,0.25,0.75,-13,0.88,0.75,4.0,1.33,9
KRC Genk B,8,0,1,7,5,18,-13,1,Belgium - Challenger Pro League,0.0,1.0,-13,0.62,0.12,0.0,1.0,10
Deinze,0,0,0,0,0,0,0,0,Belgium - Challenger Pro League,0.0,0.0,0,0.0,0.0,0.0,0.0,11
Gualberto V. SJ,1,1,0,0,2,0,2,3,Bolivia - Primera Div. - Apertura,1.0,0.0,2,2.0,3.0,1.0,0.0,1
ABB,1,1,0,0,1,0,1,3,Bolivia - Primera Div. - Apertura,1.0,0.0,1,1.0,3.0,1.0,0.0,1
Always Ready,1,1,0,0,1,0,1,3,Bolivia - Primera Div. - Apertura,1.0,0.0,1,1.0,3.0,1.0,0.0,1
I. Petrolero,1,1,0,0,1,0,1,3,Bolivia - Primera Div. - Apertura,1.0,0.0,1,1.0,3.0,1.0,0.0,1
U. de Vinto,1,0,1,0,0,0,0,1,Bolivia - Primera Div. - Apertura,0.0,1.0,0,0.0,1.0,0.0,1.0,2
Blooming,1,0,0,1,1,2,-1,0,Bolivia - Primera Div. - Apertura,0.0,1.0,-1,1.0,0.0,0.0,1.0,3
Bolivar,1,0,0,1,1,2,-1,0,Bolivia - Primera Div. - Apertura,0.0,1.0,-1,1.0,0.0,0.0,1.0,3
Guabira,1,0,0,1,2,4,-2,0,Bolivia - Primera Div. - Apertura,0.0,1.0,-2,2.0,0.0,0.0,1.0,3
Real Oruro,1,0,0,1,1,3,-2,0,Bolivia - Primera Div. - Apertura,0.0,1.0,-2,1.0,0.0,0.0,1.0,3
Real Tomayapo,1,0,0,1,1,3,-2,0,Bolivia - Primera Div. - Apertura,0.0,1.0,-2,1.0,0.0,0.0,1.0,3
The Strongest,1,0,0,1,1,3,-2,0,Bolivia - Primera Div. - Apertura,0.0,1.0,-2,1.0,0.0,0.0,1.0,3
Nacional Potosi,1,0,0,1,0,2,-2,0,Bolivia - Primera Div. - Apertura,0.0,1.0,-2,0.0,0.0,0.0,1.0,3
SA Bulo Bulo,1,0,0,1,0,2,-2,0,Bolivia - Primera Div. - Apertura,0.0,1.0,-2,0.0,0.0,0.0,1.0,3
Wilstermann,1,0,0,1,0,2,-2,0,Bolivia - Primera Div. - Apertura,0.0,1.0,-2,0.0,0.0,0.0,1.0,3
Aurora,1,0,0,1,2,5,-3,0,Bolivia - Primera Div. - Apertura,0.0,1.0,-3,2.0,0.0,0.0,1.0,3
Oriente P.,1,0,0,1,1,5,-4,0,Bolivia - Primera Div. - Apertura,0.0,1.0,-4,1.0,0.0,0.0,1.0,3
Bolivar,8,5,2,1,24,12,12,17,Bolivia - Primera Div. - Clausura,0.62,0.38,12,3.0,2.12,1.61,2.63,1
Always Ready,8,4,1,3,16,12,4,13,Bolivia - Primera Div. - Clausura,0.5,0.5,4,2.0,1.62,2.0,2.0,2
Aurora,8,3,3,2,14,16,-2,12,Bolivia - Primera Div. - Clausura,0.38,0.62,-2,1.75,1.5,2.63,1.61,3
Nacional Potosi,8,3,2,3,15,16,-1,11,Bolivia - Primera Div. - Clausura,0.38,0.62,-1,1.88,1.38,2.63,1.61,4
Wilstermann,8,3,2,3,9,10,-1,11,Bolivia - Primera Div. - Clausura,0.38,0.62,-1,1.12,1.38,2.63,1.61,4
The Strongest,8,3,1,4,11,14,-3,10,Bolivia - Primera Div. - Clausura,0.38,0.62,-3,1.38,1.25,2.63,1.61,5
SA Bulo Bulo,8,3,1,4,7,13,-6,10,Bolivia - Primera Div. - Clausura,0.38,0.62,-6,0.88,1.25,2.63,1.61,5
Blooming,8,3,1,4,6,18,-12,10,Bolivia - Primera Div. - Clausura,0.38,0.62,-12,0.75,1.25,2.63,1.61,5
Santa Cruz,8,3,0,5,11,25,-14,9,Bolivia - Primera Div. - Clausura,0.38,0.62,-14,1.38,1.12,2.63,1.61,6
Gualberto V. SJ,8,2,2,4,11,15,-4,8,Bolivia - Primera Div. - Clausura,0.25,0.75,-4,1.38,1.0,4.0,1.33,7
U. de Vinto,8,2,2,4,9,16,-7,8,Bolivia - Primera Div. - Clausura,0.25,0.75,-7,1.12,1.0,4.0,1.33,7
I. Petrolero,8,2,1,5,8,15,-7,7,Bolivia - Primera Div. - Clausura,0.25,0.75,-7,1.0,0.88,4.0,1.33,8
Guabira,8,1,2,5,8,18,-10,5,Bolivia - Primera Div. - Clausura,0.12,0.88,-10,1.0,0.62,8.33,1.14,9
Royal Pari,8,1,2,5,6,17,-11,5,Bolivia - Primera Div. - Clausura,0.12,0.88,-11,0.75,0.62,8.33,1.14,9
Real Tomayapo,8,1,0,7,10,19,-9,3,Bolivia - Primera Div. - Clausura,0.12,0.88,-9,1.25,0.38,8.33,1.14,10
Oriente P.,8,0,2,6,10,24,-14,2,Bolivia - Primera Div. - Clausura,0.0,1.0,-14,1.25,0.25,0.0,1.0,11
Flamengo,1,1,0,0,2,1,1,3,Brazil - Serie A,1.0,0.0,1,2.0,3.0,1.0,0.0,1
Palmeiras,1,1,0,0,2,1,1,3,Brazil - Serie A,1.0,0.0,1,2.0,3.0,1.0,0.0,1
Bahia,1,0,1,0,2,2,0,1,Brazil - Serie A,0.0,1.0,0,2.0,1.0,0.0,1.0,2
Ceara,1,0,1,0,2,2,0,1,Brazil - Serie A,0.0,1.0,0,2.0,1.0,0.0,1.0,2
Corinthians,1,0,1,0,1,1,0,1,Brazil - Serie A,0.0,1.0,0,1.0,1.0,0.0,1.0,2
Fortaleza,1,0,1,0,1,1,0,1,Brazil - Serie A,0.0,1.0,0,1.0,1.0,0.0,1.0,2
Internacional,1,0,1,0,1,1,0,1,Brazil - Serie A,0.0,1.0,0,1.0,1.0,0.0,1.0,2
Botafogo,1,0,1,0,0,0,0,1,Brazil - Serie A,0.0,1.0,0,0.0,1.0,0.0,1.0,2
Sao Paulo,1,0,1,0,0,0,0,1,Brazil - Serie A,0.0,1.0,0,0.0,1.0,0.0,1.0,2
Sport Recife,1,0,1,0,0,0,0,1,Brazil - Serie A,0.0,1.0,0,0.0,1.0,0.0,1.0,2
Atletico MG,1,0,0,1,1,2,-1,0,Brazil - Serie A,0.0,1.0,-1,1.0,0.0,0.0,1.0,3
Bragantino,1,0,0,1,1,2,-1,0,Brazil - Serie A,0.0,1.0,-1,1.0,0.0,0.0,1.0,3
Mirassol,1,0,0,1,1,2,-1,0,Brazil - Serie A,0.0,1.0,-1,1.0,0.0,0.0,1.0,3
Santos,1,0,0,1,1,2,-1,0,Brazil - Serie A,0.0,1.0,-1,1.0,0.0,0.0,1.0,3
Fluminense,1,0,0,1,0,2,-2,0,Brazil - Serie A,0.0,1.0,-2,0.0,0.0,0.0,1.0,3
Gremio,1,0,0,1,0,2,-2,0,Brazil - Serie A,0.0,1.0,-2,0.0,0.0,0.0,1.0,3
Juventude,1,0,0,1,0,2,-2,0,Brazil - Serie A,0.0,1.0,-2,0.0,0.0,0.0,1.0,3
Vitoria,1,0,0,1,0,2,-2,0,Brazil - Serie A,0.0,1.0,-2,0.0,0.0,0.0,1.0,3
Cruzeiro,1,0,0,1,0,3,-3,0,Brazil - Serie A,0.0,1.0,-3,0.0,0.0,0.0,1.0,3
Vasco da Gama,1,0,0,1,0,3,-3,0,Brazil - Serie A,0.0,1.0,-3,0.0,0.0,0.0,1.0,3
Athletico PR,1,1,0,0,2,1,1,3,Brazil - Serie B,1.0,0.0,1,2.0,3.0,1.0,0.0,1
Operario PR,1,1,0,0,2,1,1,3,Brazil - Serie B,1.0,0.0,1,2.0,3.0,1.0,0.0,1
Cuiaba,1,1,0,0,1,0,1,3,Brazil - Serie B,1.0,0.0,1,1.0,3.0,1.0,0.0,1
Novorizontino,1,0,1,0,1,1,0,1,Brazil - Serie B,0.0,1.0,0,1.0,1.0,0.0,1.0,2
Remo,1,0,1,0,1,1,0,1,Brazil - Serie B,0.0,1.0,0,1.0,1.0,0.0,1.0,2
America MG,0,0,0,0,0,0,0,0,Brazil - Serie B,0.0,0.0,0,0.0,0.0,0.0,0.0,3
Athletic Club,0,0,0,0,0,0,0,0,Brazil - Serie B,0.0,0.0,0,0.0,0.0,0.0,0.0,3
Atletico GO,0,0,0,0,0,0,0,0,Brazil - Serie B,0.0,0.0,0,0.0,0.0,0.0,0.0,3
Avai,0,0,0,0,0,0,0,0,Brazil - Serie B,0.0,0.0,0,0.0,0.0,0.0,0.0,3
Coritiba,0,0,0,0,0,0,0,0,Brazil - Serie B,0.0,0.0,0,0.0,0.0,0.0,0.0,3
CRB,0,0,0,0,0,0,0,0,Brazil - Serie B,0.0,0.0,0,0.0,0.0,0.0,0.0,3
Criciuma,0,0,0,0,0,0,0,0,Brazil - Serie B,0.0,0.0,0,0.0,0.0,0.0,0.0,3
Ferroviaria,0,0,0,0,0,0,0,0,Brazil - Serie B,0.0,0.0,0,0.0,0.0,0.0,0.0,3
Goias,0,0,0,0,0,0,0,0,Brazil - Serie B,0.0,0.0,0,0.0,0.0,0.0,0.0,3
Paysandu,0,0,0,0,0,0,0,0,Brazil - Serie B,0.0,0.0,0,0.0,0.0,0.0,0.0,3
Volta Redonda,0,0,0,0,0,0,0,0,Brazil - Serie B,0.0,0.0,0,0.0,0.0,0.0,0.0,3
Amazonas,1,0,0,1,0,1,-1,0,Brazil - Serie B,0.0,1.0,-1,0.0,0.0,0.0,1.0,3
Botafogo SP,1,0,0,1,0,1,-1,0,Brazil - Serie B,0.0,1.0,-1,0.0,0.0,0.0,1.0,3
Chapecoense,1,0,0,1,0,1,-1,0,Brazil - Serie B,0.0,1.0,-1,0.0,0.0,0.0,1.0,3
Vila Nova,1,0,0,1,0,1,-1,0,Brazil - Serie B,0.0,1.0,-1,0.0,0.0,0.0,1.0,3
ABC,0,0,0,0,0,0,0,0,Brazil - Serie C,0.0,0.0,0,0.0,0.0,0.0,0.0,1
Anapolis,0,0,0,0,0,0,0,0,Brazil - Serie C,0.0,0.0,0,0.0,0.0,0.0,0.0,1
Botafogo PB,0,0,0,0,0,0,0,0,Brazil - Serie C,0.0,0.0,0,0.0,0.0,0.0,0.0,1
Brusque,0,0,0,0,0,0,0,0,Brazil - Serie C,0.0,0.0,0,0.0,0.0,0.0,0.0,1
Caxias,0,0,0,0,0,0,0,0,Brazil - Serie C,0.0,0.0,0,0.0,0.0,0.0,0.0,1
Confianca,0,0,0,0,0,0,0,0,Brazil - Serie C,0.0,0.0,0,0.0,0.0,0.0,0.0,1
CSA,0,0,0,0,0,0,0,0,Brazil - Serie C,0.0,0.0,0,0.0,0.0,0.0,0.0,1
Figueirense,0,0,0,0,0,0,0,0,Brazil - Serie C,0.0,0.0,0,0.0,0.0,0.0,0.0,1
Floresta,0,0,0,0,0,0,0,0,Brazil - Serie C,0.0,0.0,0,0.0,0.0,0.0,0.0,1
Guarani,0,0,0,0,0,0,0,0,Brazil - Serie C,0.0,0.0,0,0.0,0.0,0.0,0.0,1
Itabaiana,0,0,0,0,0,0,0,0,Brazil - Serie C,0.0,0.0,0,0.0,0.0,0.0,0.0,1
Ituano,0,0,0,0,0,0,0,0,Brazil - Serie C,0.0,0.0,0,0.0,0.0,0.0,0.0,1
Londrina,0,0,0,0,0,0,0,0,Brazil - Serie C,0.0,0.0,0,0.0,0.0,0.0,0.0,1
Maringa,0,0,0,0,0,0,0,0,Brazil - Serie C,0.0,0.0,0,0.0,0.0,0.0,0.0,1
Nautico,0,0,0,0,0,0,0,0,Brazil - Serie C,0.0,0.0,0,0.0,0.0,0.0,0.0,1
Ponte Preta,0,0,0,0,0,0,0,0,Brazil - Serie C,0.0,0.0,0,0.0,0.0,0.0,0.0,1
Retro,0,0,0,0,0,0,0,0,Brazil - Serie C,0.0,0.0,0,0.0,0.0,0.0,0.0,1
Sao Bernardo,0,0,0,0,0,0,0,0,Brazil - Serie C,0.0,0.0,0,0.0,0.0,0.0,0.0,1
Tombense,0,0,0,0,0,0,0,0,Brazil - Serie C,0.0,0.0,0,0.0,0.0,0.0,0.0,1
Ypiranga,0,0,0,0,0,0,0,0,Brazil - Serie C,0.0,0.0,0,0.0,0.0,0.0,0.0,1
Agua Santa,0,0,0,0,0,0,0,0,Brazil - Serie D,0.0,0.0,0,0.0,0.0,0.0,0.0,1
Aguia de Maraba,0,0,0,0,0,0,0,0,Brazil - Serie D,0.0,0.0,0,0.0,0.0,0.0,0.0,1
Altos,0,0,0,0,0,0,0,0,Brazil - Serie D,0.0,0.0,0,0.0,0.0,0.0,0.0,1
America RN,0,0,0,0,0,0,0,0,Brazil - Serie D,0.0,0.0,0,0.0,0.0,0.0,0.0,1
Aparecidense,0,0,0,0,0,0,0,0,Brazil - Serie D,0.0,0.0,0,0.0,0.0,0.0,0.0,1
ASA,0,0,0,0,0,0,0,0,Brazil - Serie D,0.0,0.0,0,0.0,0.0,0.0,0.0,1
Azuriz,0,0,0,0,0,0,0,0,Brazil - Serie D,0.0,0.0,0,0.0,0.0,0.0,0.0,1
Barcelona BA,0,0,0,0,0,0,0,0,Brazil - Serie D,0.0,0.0,0,0.0,0.0,0.0,0.0,1
Barra FC,0,0,0,0,0,0,0,0,Brazil - Serie D,0.0,0.0,0,0.0,0.0,0.0,0.0,1
Boavista,0,0,0,0,0,0,0,0,Brazil - Serie D,0.0,0.0,0,0.0,0.0,0.0,0.0,1
Brasil de P.,0,0,0,0,0,0,0,0,Brazil - Serie D,0.0,0.0,0,0.0,0.0,0.0,0.0,1
Capital,0,0,0,0,0,0,0,0,Brazil - Serie D,0.0,0.0,0,0.0,0.0,0.0,0.0,1
Cascavel,0,0,0,0,0,0,0,0,Brazil - Serie D,0.0,0.0,0,0.0,0.0,0.0,0.0,1
Ceilandia,0,0,0,0,0,0,0,0,Brazil - Serie D,0.0,0.0,0,0.0,0.0,0.0,0.0,1
Central,0,0,0,0,0,0,0,0,Brazil - Serie D,0.0,0.0,0,0.0,0.0,0.0,0.0,1
CFRJ . Marica,0,0,0,0,0,0,0,0,Brazil - Serie D,0.0,0.0,0,0.0,0.0,0.0,0.0,1
Cianorte,0,0,0,0,0,0,0,0,Brazil - Serie D,0.0,0.0,0,0.0,0.0,0.0,0.0,1
EC Sao Jose,0,0,0,0,0,0,0,0,Brazil - Serie D,0.0,0.0,0,0.0,0.0,0.0,0.0,1
Ferroviario,0,0,0,0,0,0,0,0,Brazil - Serie D,0.0,0.0,0,0.0,0.0,0.0,0.0,1
GAS,0,0,0,0,0,0,0,0,Brazil - Serie D,0.0,0.0,0,0.0,0.0,0.0,0.0,1
Goianesia,0,0,0,0,0,0,0,0,Brazil - Serie D,0.0,0.0,0,0.0,0.0,0.0,0.0,1
Goiania,0,0,0,0,0,0,0,0,Brazil - Serie D,0.0,0.0,0,0.0,0.0,0.0,0.0,1
Goiatuba EC,0,0,0,0,0,0,0,0,Brazil - Serie D,0.0,0.0,0,0.0,0.0,0.0,0.0,1
Guarany de Bage,0,0,0,0,0,0,0,0,Brazil - Serie D,0.0,0.0,0,0.0,0.0,0.0,0.0,1
Horizonte,0,0,0,0,0,0,0,0,Brazil - Serie D,0.0,0.0,0,0.0,0.0,0.0,0.0,1
Humaita,0,0,0,0,0,0,0,0,Brazil - Serie D,0.0,0.0,0,0.0,0.0,0.0,0.0,1
Iguatu,0,0,0,0,0,0,0,0,Brazil - Serie D,0.0,0.0,0,0.0,0.0,0.0,0.0,1
Imperatriz,0,0,0,0,0,0,0,0,Brazil - Serie D,0.0,0.0,0,0.0,0.0,0.0,0.0,1
Independencia,0,0,0,0,0,0,0,0,Brazil - Serie D,0.0,0.0,0,0.0,0.0,0.0,0.0,1
Flamengo,5,3,2,0,13,1,12,11,Brazil - Carioca,0.6,0.4,12,2.6,2.2,1.67,2.5,1
Volta Redonda,6,3,1,2,8,8,0,10,Brazil - Carioca,0.5,0.5,0,1.33,1.67,2.0,2.0,2
Madureira,6,2,1,3,7,6,1,7,Brazil - Carioca,0.33,0.67,1,1.17,1.17,3.03,1.49,3
Fluminense,5,2,1,2,6,5,1,7,Brazil - Carioca,0.4,0.6,1,1.2,1.4,2.5,1.67,3
Nova Iguacu,5,2,1,2,3,5,-2,7,Brazil - Carioca,0.4,0.6,-2,0.6,1.4,2.5,1.67,3
Boavista,5,1,3,1,3,3,0,6,Brazil - Carioca,0.2,0.8,0,0.6,1.2,5.0,1.25,4
Vasco da Gama,5,1,3,1,3,4,-1,6,Brazil - Carioca,0.2,0.8,-1,0.6,1.2,5.0,1.25,4
Sampaio Correa,6,1,3,2,4,6,-2,6,Brazil - Carioca,0.17,0.83,-2,0.67,1.0,5.88,1.2,4
Botafogo,5,1,1,3,3,5,-2,4,Brazil - Carioca,0.2,0.8,-2,0.6,0.8,5.0,1.25,5
Portuguesa RJ,6,1,1,4,6,13,-7,4,Brazil - Carioca,0.17,0.83,-7,1.0,0.67,5.88,1.2,5
CFRJ . Marica,6,1,1,4,5,13,-8,4,Brazil - Carioca,0.17,0.83,-8,0.83,0.67,5.88,1.2,5
Bangu,6,0,3,3,4,10,-6,3,Brazil - Carioca,0.0,1.0,-6,0.67,0.5,0.0,1.0,6
Betim,4,3,1,0,8,2,6,10,Brazil - Mineiro,0.75,0.25,6,2.0,2.5,1.33,4.0,1
Atletico MG,4,2,2,0,3,0,3,8,Brazil - Mineiro,0.5,0.5,3,0.75,2.0,2.0,2.0,2
Democrata GV,4,2,2,0,4,2,2,8,Brazil - Mineiro,0.5,0.5,2,1.0,2.0,2.0,2.0,2
Tombense,4,2,0,2,4,4,0,6,Brazil - Mineiro,0.5,0.5,0,1.0,1.5,2.0,2.0,3
America MG,4,1,2,1,4,4,0,5,Brazil - Mineiro,0.25,0.75,0,1.0,1.25,4.0,1.33,4
Cruzeiro,4,1,1,2,6,5,1,4,Brazil - Mineiro,0.25,0.75,1,1.5,1.0,4.0,1.33,5
Itabirito,4,1,1,2,5,6,-1,4,Brazil - Mineiro,0.25,0.75,-1,1.25,1.0,4.0,1.33,5
Uberlandia,4,1,1,2,4,6,-2,4,Brazil - Mineiro,0.25,0.75,-2,1.0,1.0,4.0,1.33,5
Pouso Alegre,4,1,1,2,5,11,-6,4,Brazil - Mineiro,0.25,0.75,-6,1.25,1.0,4.0,1.33,5
Villa Nova,4,1,1,2,3,9,-6,4,Brazil - Mineiro,0.25,0.75,-6,0.75,1.0,4.0,1.33,5
Athletic Club,4,1,0,3,1,6,-5,3,Brazil - Mineiro,0.25,0.75,-5,0.25,0.75,4.0,1.33,6
Aymores,4,0,2,2,0,3,-3,2,Brazil - Mineiro,0.0,1.0,-3,0.0,0.5,0.0,1.0,7
Atletico GO,5,3,1,1,10,4,6,10,Brazil - Goiano,0.6,0.4,6,2.0,2.0,1.67,2.5,1
Anapolis,5,3,1,1,6,3,3,10,Brazil - Goiano,0.6,0.4,3,1.2,2.0,1.67,2.5,1
Vila Nova,5,3,1,1,7,5,2,10,Brazil - Goiano,0.6,0.4,2,1.4,2.0,1.67,2.5,1
CRAC,6,2,2,2,4,4,0,8,Brazil - Goiano,0.33,0.67,0,0.67,1.33,3.03,1.49,2
Goias,5,2,1,2,4,4,0,7,Brazil - Goiano,0.4,0.6,0,0.8,1.4,2.5,1.67,3
Goiatuba EC,6,1,4,1,4,4,0,7,Brazil - Goiano,0.17,0.83,0,0.67,1.17,5.88,1.2,3
Inhumas,6,1,2,3,3,6,-3,5,Brazil - Goiano,0.17,0.83,-3,0.5,0.83,5.88,1.2,4
Jataiense,6,1,1,4,4,8,-4,4,Brazil - Goiano,0.17,0.83,-4,0.67,0.67,5.88,1.2,5
Goianesia,6,1,1,4,4,9,-5,4,Brazil - Goiano,0.17,0.83,-5,0.67,0.67,5.88,1.2,5
ABECAT Ouvidore,6,1,1,4,3,8,-5,4,Brazil - Goiano,0.17,0.83,-5,0.5,0.67,5.88,1.2,5
Aparecidense,5,0,2,3,2,5,-3,2,Brazil - Goiano,0.0,1.0,-3,0.4,0.4,0.0,1.0,6
Goiania,5,0,0,5,2,12,-10,0,Brazil - Goiano,0.0,1.0,-10,0.4,0.0,0.0,1.0,7
Sport Recife,4,2,1,1,5,3,2,7,Brazil - Pernambucano,0.5,0.5,2,1.25,1.75,2.0,2.0,1
Maguary PE,5,2,1,2,5,9,-4,7,Brazil - Pernambucano,0.4,0.6,-4,1.0,1.4,2.5,1.67,1
Santa Cruz,4,1,2,1,6,3,3,5,Brazil - Pernambucano,0.25,0.75,3,1.5,1.25,4.0,1.33,2
Decisao,5,1,2,2,5,10,-5,5,Brazil - Pernambucano,0.2,0.8,-5,1.0,1.0,5.0,1.25,2
Retro,4,1,1,2,3,5,-2,4,Brazil - Pernambucano,0.25,0.75,-2,0.75,1.0,4.0,1.33,3
Nautico,4,1,0,3,3,5,-2,3,Brazil - Pernambucano,0.25,0.75,-2,0.75,0.75,4.0,1.33,4
Central,4,0,2,2,2,4,-2,2,Brazil - Pernambucano,0.0,1.0,-2,0.5,0.5,0.0,1.0,5
Jaguar,5,0,2,3,5,10,-5,2,Brazil - Pernambucano,0.0,1.0,-5,1.0,0.4,0.0,1.0,5
Petrolina,5,0,2,3,3,9,-6,2,Brazil - Pernambucano,0.0,1.0,-6,0.6,0.4,0.0,1.0,5
Afogados,5,0,1,4,1,9,-8,1,Brazil - Pernambucano,0.0,1.0,-8,0.2,0.2,0.0,1.0,6
Ponte Preta,6,5,1,0,9,4,5,16,Brazil - Paulista,0.83,0.17,5,1.5,2.67,1.2,5.88,1
Palmeiras,6,4,2,0,14,6,8,14,Brazil - Paulista,0.67,0.33,8,2.33,2.33,1.49,3.03,2
Sao Bernardo,6,4,1,1,9,7,2,13,Brazil - Paulista,0.67,0.33,2,1.5,2.17,1.49,3.03,3
Novorizontino,6,3,3,0,9,6,3,12,Brazil - Paulista,0.5,0.5,3,1.5,2.0,2.0,2.0,4
Corinthians,6,3,2,1,8,7,1,11,Brazil - Paulista,0.5,0.5,1,1.33,1.83,2.0,2.0,5
Sao Paulo,6,2,2,2,6,6,0,8,Brazil - Paulista,0.33,0.67,0,1.0,1.33,3.03,1.49,6
Mirassol,6,2,0,4,6,12,-6,6,Brazil - Paulista,0.33,0.67,-6,1.0,1.0,3.03,1.49,7
Santos,6,1,2,3,7,8,-1,5,Brazil - Paulista,0.17,0.83,-1,1.17,0.83,5.88,1.2,8
Bragantino,6,1,2,3,5,8,-3,5,Brazil - Paulista,0.17,0.83,-3,0.83,0.83,5.88,1.2,8
Inter Limeira,6,0,4,2,6,9,-3,4,Brazil - Paulista,0.0,1.0,-3,1.0,0.67,0.0,1.0,9
Portuguesa,6,0,4,2,4,7,-3,4,Brazil - Paulista,0.0,1.0,-3,0.67,0.67,0.0,1.0,9
Noroeste,6,1,1,4,5,10,-5,4,Brazil - Paulista,0.17,0.83,-5,0.83,0.67,5.88,1.2,9
Velo Clube,6,0,3,3,6,9,-3,3,Brazil - Paulista,0.0,1.0,-3,1.0,0.5,0.0,1.0,10
Botafogo SP,6,0,3,3,4,9,-5,3,Brazil - Paulista,0.0,1.0,-5,0.67,0.5,0.0,1.0,10
Guarani,6,0,2,4,4,9,-5,2,Brazil - Paulista,0.0,1.0,-5,0.67,0.33,0.0,1.0,11
Agua Santa,6,0,1,5,3,17,-14,1,Brazil - Paulista,0.0,1.0,-14,0.5,0.17,0.0,1.0,12
EC de Patos,5,3,0,2,11,8,3,9,Brazil - Paraibano,0.6,0.4,3,2.2,1.8,1.67,2.5,1
Sousa,4,2,2,0,5,1,4,8,Brazil - Paraibano,0.5,0.5,4,1.25,2.0,2.0,2.0,2
Treze,4,2,1,1,11,6,5,7,Brazil - Paraibano,0.5,0.5,5,2.75,1.75,2.0,2.0,3
Botafogo PB,4,2,0,2,4,4,0,6,Brazil - Paraibano,0.5,0.5,0,1.0,1.5,2.0,2.0,4
Auto Esporte,5,1,2,2,6,11,-5,5,Brazil - Paraibano,0.2,0.8,-5,1.2,1.0,5.0,1.25,5
Serra Branca,4,1,1,2,3,4,-1,4,Brazil - Paraibano,0.25,0.75,-1,0.75,1.0,4.0,1.33,6
Pombal,5,1,1,3,4,6,-2,4,Brazil - Paraibano,0.2,0.8,-2,0.8,0.8,5.0,1.25,6
Campinense,5,1,1,3,3,8,-5,4,Brazil - Paraibano,0.2,0.8,-5,0.6,0.8,5.0,1.25,6
Nacional Patos,5,0,2,3,7,13,-6,2,Brazil - Paraibano,0.0,1.0,-6,1.4,0.4,0.0,1.0,7
Picuiense,4,0,1,3,2,19,-17,1,Brazil - Paraibano,0.0,1.0,-17,0.5,0.25,0.0,1.0,8
Criciuma,5,3,2,0,8,3,5,11,Brazil - Catarinense,0.6,0.4,5,1.6,2.2,1.67,2.5,1
Chapecoense,6,2,3,1,11,9,2,9,Brazil - Catarinense,0.33,0.67,2,1.83,1.5,3.03,1.49,2
Avai,5,1,3,1,3,1,2,6,Brazil - Catarinense,0.2,0.8,2,0.6,1.2,5.0,1.25,3
Santa Catarina,6,1,3,2,8,9,-1,6,Brazil - Catarinense,0.17,0.83,-1,1.33,1.0,5.88,1.2,3
Brusque,5,1,2,2,5,4,1,5,Brazil - Catarinense,0.2,0.8,1,1.0,1.0,5.0,1.25,4
Figueirense,5,1,2,2,4,5,-1,5,Brazil - Catarinense,0.2,0.8,-1,0.8,1.0,5.0,1.25,4
Barra FC,5,1,2,2,2,5,-3,5,Brazil - Catarinense,0.2,0.8,-3,0.4,1.0,5.0,1.25,4
Joinville,6,1,2,3,3,9,-6,5,Brazil - Catarinense,0.17,0.83,-6,0.5,0.83,5.88,1.2,4
Caravaggio,6,1,1,4,5,13,-8,4,Brazil - Catarinense,0.17,0.83,-8,0.83,0.67,5.88,1.2,5
Hercilio Luz,6,0,2,4,3,8,-5,2,Brazil - Catarinense,0.0,1.0,-5,0.5,0.33,0.0,1.0,6
Marcilio Dias,5,0,2,3,2,7,-5,2,Brazil - Catarinense,0.0,1.0,-5,0.4,0.4,0.0,1.0,6
Concordia,6,0,1,5,3,14,-11,1,Brazil - Catarinense,0.0,1.0,-11,0.5,0.17,0.0,1.0,7
Internacional,4,2,2,0,8,4,4,8,Brazil - Gaucho,0.5,0.5,4,2.0,2.0,2.0,2.0,1
Gremio,4,2,1,1,4,2,2,7,Brazil - Gaucho,0.5,0.5,2,1.0,1.75,2.0,2.0,2
Juventude,4,2,1,1,6,5,1,7,Brazil - Gaucho,0.5,0.5,1,1.5,1.75,2.0,2.0,2
Caxias,4,2,1,1,2,4,-2,7,Brazil - Gaucho,0.5,0.5,-2,0.5,1.75,2.0,2.0,2
Ypiranga,4,1,2,1,2,3,-1,5,Brazil - Gaucho,0.25,0.75,-1,0.5,1.25,4.0,1.33,3
Guarany de Bage,4,1,1,2,3,3,0,4,Brazil - Gaucho,0.25,0.75,0,0.75,1.0,4.0,1.33,4
Monsoon,4,1,1,2,4,6,-2,4,Brazil - Gaucho,0.25,0.75,-2,1.0,1.0,4.0,1.33,4
Sao Luiz,4,1,1,2,2,7,-5,4,Brazil - Gaucho,0.25,0.75,-5,0.5,1.0,4.0,1.33,4
EC Sao Jose,4,0,2,2,3,6,-3,2,Brazil - Gaucho,0.0,1.0,-3,0.75,0.5,0.0,1.0,5
Brasil de P.,4,0,2,2,3,8,-5,2,Brazil - Gaucho,0.0,1.0,-5,0.75,0.5,0.0,1.0,5
Pelotas,4,0,2,2,2,8,-6,2,Brazil - Gaucho,0.0,1.0,-6,0.5,0.5,0.0,1.0,5
Avenida,4,0,0,4,2,6,-4,0,Brazil - Gaucho,0.0,1.0,-4,0.5,0.0,0.0,1.0,6
Arda,8,5,2,1,15,5,10,17,Bulgaria - Parva Liga,0.62,0.38,10,1.88,2.12,1.61,2.63,1
CSKA Sofia,8,5,2,1,13,5,8,17,Bulgaria - Parva Liga,0.62,0.38,8,1.62,2.12,1.61,2.63,1
Cherno More,8,5,2,1,13,9,4,17,Bulgaria - Parva Liga,0.62,0.38,4,1.62,2.12,1.61,2.63,1
Ludogorets,8,4,2,2,17,10,7,14,Bulgaria - Parva Liga,0.5,0.5,7,2.12,1.75,2.0,2.0,2
Levski Sofia,8,4,2,2,13,7,6,14,Bulgaria - Parva Liga,0.5,0.5,6,1.62,1.75,2.0,2.0,2
Septemvri Sofia,8,4,1,3,11,13,-2,13,Bulgaria - Parva Liga,0.5,0.5,-2,1.38,1.62,2.0,2.0,3
Beroe,8,3,2,3,11,8,3,11,Bulgaria - Parva Liga,0.38,0.62,3,1.38,1.38,2.63,1.61,4
Lokomotiv Sofia,8,3,0,5,10,12,-2,9,Bulgaria - Parva Liga,0.38,0.62,-2,1.25,1.12,2.63,1.61,5
Lok. Plovdiv,8,2,2,4,8,11,-3,8,Bulgaria - Parva Liga,0.25,0.75,-3,1.0,1.0,4.0,1.33,6
Botev Plovdiv,8,2,2,4,6,10,-4,8,Bulgaria - Parva Liga,0.25,0.75,-4,0.75,1.0,4.0,1.33,6
Spartak Varna,8,2,2,4,7,13,-6,8,Bulgaria - Parva Liga,0.25,0.75,-6,0.88,1.0,4.0,1.33,6
CSKA 1948 Sofia,8,1,4,3,10,11,-1,7,Bulgaria - Parva Liga,0.12,0.88,-1,1.25,0.88,8.33,1.14,7
Slavia Sofia,8,1,3,4,12,15,-3,6,Bulgaria - Parva Liga,0.12,0.88,-3,1.5,0.75,8.33,1.14,8
L. Krumovgrad,8,1,3,4,4,11,-7,6,Bulgaria - Parva Liga,0.12,0.88,-7,0.5,0.75,8.33,1.14,8
Botev Vratsa,8,0,1,7,4,18,-14,1,Bulgaria - Parva Liga,0.0,1.0,-14,0.5,0.12,0.0,1.0,9
Hebar,8,0,1,7,5,21,-16,1,Bulgaria - Parva Liga,0.0,1.0,-16,0.62,0.12,0.0,1.0,9
York Utd,1,1,0,0,2,0,2,3,Canada - Premier League,1.0,0.0,2,2.0,3.0,1.0,0.0,1
HFX Wanderers,1,0,1,0,2,2,0,1,Canada - Premier League,0.0,1.0,0,2.0,1.0,0.0,1.0,2
A. Ottawa,0,0,0,0,0,0,0,0,Canada - Premier League,0.0,0.0,0,0.0,0.0,0.0,0.0,3
Forge,0,0,0,0,0,0,0,0,Canada - Premier League,0.0,0.0,0,0.0,0.0,0.0,0.0,3
Pacific,0,0,0,0,0,0,0,0,Canada - Premier League,0.0,0.0,0,0.0,0.0,0.0,0.0,3
Vancouver FC,0,0,0,0,0,0,0,0,Canada - Premier League,0.0,0.0,0,0.0,0.0,0.0,0.0,3
Cavalry,1,0,0,1,0,1,-1,0,Canada - Premier League,0.0,1.0,-1,0.0,0.0,0.0,1.0,3
Valour,1,0,0,1,0,2,-2,0,Canada - Premier League,0.0,1.0,-2,0.0,0.0,0.0,1.0,3
Palestino,3,2,1,0,7,2,5,7,Chile - Primera Division,0.67,0.33,5,2.33,2.33,1.49,3.03,1
Coquimbo Unido,3,2,1,0,5,1,4,7,Chile - Primera Division,0.67,0.33,4,1.67,2.33,1.49,3.03,1
OHiggins,3,1,2,0,3,2,1,5,Chile - Primera Division,0.33,0.67,1,1.0,1.67,3.03,1.49,2
Huachipato,3,1,1,1,3,3,0,4,Chile - Primera Division,0.33,0.67,0,1.0,1.33,3.03,1.49,3
U. Catolica,3,1,1,1,3,3,0,4,Chile - Primera Division,0.33,0.67,0,1.0,1.33,3.03,1.49,3
Colo-Colo,2,1,0,1,4,3,1,3,Chile - Primera Division,0.5,0.5,1,2.0,1.5,2.0,2.0,4
Audax Italiano,3,1,0,2,4,5,-1,3,Chile - Primera Division,0.33,0.67,-1,1.33,1.0,3.03,1.49,4
Union Espanola,3,1,0,2,4,5,-1,3,Chile - Primera Division,0.33,0.67,-1,1.33,1.0,3.03,1.49,4
Nublense,3,1,0,2,2,8,-6,3,Chile - Primera Division,0.33,0.67,-6,0.67,1.0,3.03,1.49,4
Cobresal,3,0,1,2,3,5,-2,1,Chile - Primera Division,0.0,1.0,-2,1.0,0.33,0.0,1.0,5
D. Iquique,3,0,1,2,3,6,-3,1,Chile - Primera Division,0.0,1.0,-3,1.0,0.33,0.0,1.0,5
U. de Chile,3,0,1,2,2,5,-3,1,Chile - Primera Division,0.0,1.0,-3,0.67,0.33,0.0,1.0,5
D. Limache,3,0,1,2,3,7,-4,1,Chile - Primera Division,0.0,1.0,-4,1.0,0.33,0.0,1.0,5
La Serena,3,0,1,2,3,7,-4,1,Chile - Primera Division,0.0,1.0,-4,1.0,0.33,0.0,1.0,5
Everton,3,0,1,2,1,7,-6,1,Chile - Primera Division,0.0,1.0,-6,0.33,0.33,0.0,1.0,5
Union La Calera,2,0,0,2,0,2,-2,0,Chile - Primera Division,0.0,1.0,-2,0.0,0.0,0.0,1.0,6
San Marcos,2,2,0,0,4,1,3,6,Chile - Primera B,1.0,0.0,3,2.0,3.0,1.0,0.0,1
Rangers,3,2,0,1,4,3,1,6,Chile - Primera B,0.67,0.33,1,1.33,2.0,1.49,3.03,1
S. Wanderers,3,2,0,1,3,4,-1,6,Chile - Primera B,0.67,0.33,-1,1.0,2.0,1.49,3.03,1
U. Concepcion,2,1,1,0,2,0,2,4,Chile - Primera B,0.5,0.5,2,1.0,2.0,2.0,2.0,2
Copiapo,2,1,1,0,2,1,1,4,Chile - Primera B,0.5,0.5,1,1.0,2.0,2.0,2.0,2
Curico Unido,2,1,1,0,2,1,1,4,Chile - Primera B,0.5,0.5,1,1.0,2.0,2.0,2.0,2
San Luis,3,1,1,1,4,4,0,4,Chile - Primera B,0.33,0.67,0,1.33,1.33,3.03,1.49,2
Recoleta,3,1,1,1,1,3,-2,4,Chile - Primera B,0.33,0.67,-2,0.33,1.33,3.03,1.49,2
Concepcion,3,1,0,2,4,7,-3,3,Chile - Primera B,0.33,0.67,-3,1.33,1.0,3.03,1.49,3
Cobreloa,2,0,2,0,2,2,0,2,Chile - Primera B,0.0,1.0,0,1.0,1.0,0.0,1.0,4
Deportes Temuco,3,0,2,1,3,4,-1,2,Chile - Primera B,0.0,1.0,-1,1.0,0.67,0.0,1.0,4
Magallanes,2,0,1,1,2,3,-1,1,Chile - Primera B,0.0,1.0,-1,1.0,0.5,0.0,1.0,5
S. Morning,2,0,1,1,2,3,-1,1,Chile - Primera B,0.0,1.0,-1,1.0,0.5,0.0,1.0,5
U. San Felipe,2,0,1,1,2,3,-1,1,Chile - Primera B,0.0,1.0,-1,1.0,0.5,0.0,1.0,5
CD Santa Cruz,3,0,1,2,3,5,-2,1,Chile - Primera B,0.0,1.0,-2,1.0,0.33,0.0,1.0,5
Antofagasta,3,0,1,2,2,8,-6,1,Chile - Primera B,0.0,1.0,-6,0.67,0.33,0.0,1.0,5
Shandong T.,2,2,0,0,6,4,2,6,China - Super League,1.0,0.0,2,3.0,3.0,1.0,0.0,1
Beijing Guoan,3,1,2,0,6,4,2,5,China - Super League,0.33,0.67,2,2.0,1.67,3.03,1.49,2
Chengdu,2,1,1,0,4,1,3,4,China - Super League,0.5,0.5,3,2.0,2.0,2.0,2.0,3
Zhejiang,3,1,1,1,5,3,2,4,China - Super League,0.33,0.67,2,1.67,1.33,3.03,1.49,3
S. Shenhua,2,1,1,0,4,2,2,4,China - Super League,0.5,0.5,2,2.0,2.0,2.0,2.0,3
Qingdao West C.,2,1,1,0,5,4,1,4,China - Super League,0.5,0.5,1,2.5,2.0,2.0,2.0,3
Henan SL,3,1,1,1,4,3,1,4,China - Super League,0.33,0.67,1,1.33,1.33,3.03,1.49,3
Tianjin T.,2,1,1,0,4,3,1,4,China - Super League,0.5,0.5,1,2.0,2.0,2.0,2.0,3
Yunnan Yukun,2,1,0,1,5,6,-1,3,China - Super League,0.5,0.5,-1,2.5,1.5,2.0,2.0,4
Sichuan Jiuniu,3,1,0,2,2,6,-4,3,China - Super League,0.33,0.67,-4,0.67,1.0,3.03,1.49,4
Dalian Yingbo,4,0,2,2,3,8,-5,2,China - Super League,0.0,1.0,-5,0.75,0.5,0.0,1.0,5
Shanghai Port,1,0,1,0,3,3,0,1,China - Super League,0.0,1.0,0,3.0,1.0,0.0,1.0,6
Meizhou Hakka,2,0,1,1,3,4,-1,1,China - Super League,0.0,1.0,-1,1.5,0.5,0.0,1.0,6
Wuhan Three T.,4,0,1,3,2,7,-5,1,China - Super League,0.0,1.0,-5,0.5,0.25,0.0,1.0,6
Qingdao Hainiu,2,0,0,2,0,2,-2,0,China - Super League,0.0,1.0,-2,0.0,0.0,0.0,1.0,7
Changchun Yatai,3,0,0,3,1,6,-5,0,China - Super League,0.0,1.0,-5,0.33,0.0,0.0,1.0,7
S. Gongfu,3,2,1,0,6,2,4,7,China - League One,0.67,0.33,4,2.0,2.33,1.49,3.03,1
Guangdong GZP,2,1,1,0,3,1,2,4,China - League One,0.5,0.5,2,1.5,2.0,2.0,2.0,2
Dalian Kuncheng,2,1,1,0,2,1,1,4,China - League One,0.5,0.5,1,1.0,2.0,2.0,2.0,2
Chongqing T.,1,1,0,0,3,0,3,3,China - League One,1.0,0.0,3,3.0,3.0,1.0,0.0,3
Liaoning Tieren,2,1,0,1,4,2,2,3,China - League One,0.5,0.5,2,2.0,1.5,2.0,2.0,3
Suzhou Dongwu,1,1,0,0,2,0,2,3,China - League One,1.0,0.0,2,2.0,3.0,1.0,0.0,3
Nanjing City,1,1,0,0,1,0,1,3,China - League One,1.0,0.0,1,1.0,3.0,1.0,0.0,3
Qingdao RL,1,0,1,0,1,1,0,1,China - League One,0.0,1.0,0,1.0,1.0,0.0,1.0,4
Guangxi Baoyun,1,0,1,0,0,0,0,1,China - League One,0.0,1.0,0,0.0,1.0,0.0,1.0,4
Nantong Zhiyun,1,0,1,0,0,0,0,1,China - League One,0.0,1.0,0,0.0,1.0,0.0,1.0,4
Shaanxi Union,2,0,1,1,1,2,-1,1,China - League One,0.0,1.0,-1,0.5,0.5,0.0,1.0,4
Yanbian Longdin,3,0,1,2,2,7,-5,1,China - League One,0.0,1.0,-5,0.67,0.33,0.0,1.0,4
Foshan Nanshi,1,0,0,1,1,2,-1,0,China - League One,0.0,1.0,-1,1.0,0.0,0.0,1.0,5
Shenzhen J.,1,0,0,1,1,2,-1,0,China - League One,0.0,1.0,-1,1.0,0.0,0.0,1.0,5
Shanghai Jiadin,1,0,0,1,0,1,-1,0,China - League One,0.0,1.0,-1,0.0,0.0,0.0,1.0,5
Heilongjiang IC,1,0,0,1,1,3,-2,0,China - League One,0.0,1.0,-2,1.0,0.0,0.0,1.0,5
Changchun Xidu,3,3,0,0,6,2,4,9,China - League Two,1.0,0.0,4,2.0,3.0,1.0,0.0,1
Jiangxi DH,2,1,1,0,1,0,1,4,China - League Two,0.5,0.5,1,0.5,2.0,2.0,2.0,2
Guangzhou Dande,2,1,0,1,4,2,2,3,China - League Two,0.5,0.5,2,2.0,1.5,2.0,2.0,3
Chengdu Rongche,1,1,0,0,3,1,2,3,China - League Two,1.0,0.0,2,3.0,3.0,1.0,0.0,3
Guangxi H.,1,1,0,0,2,0,2,3,China - League Two,1.0,0.0,2,2.0,3.0,1.0,0.0,3
Guizhou Zhuchen,1,1,0,0,2,0,2,3,China - League Two,1.0,0.0,2,2.0,3.0,1.0,0.0,3
Shandong T. B,1,1,0,0,2,0,2,3,China - League Two,1.0,0.0,2,2.0,3.0,1.0,0.0,3
Wuxi Wugou,1,1,0,0,1,0,1,3,China - League Two,1.0,0.0,1,1.0,3.0,1.0,0.0,3
Shenzhen 2028,2,1,0,1,1,2,-1,3,China - League Two,0.5,0.5,-1,0.5,1.5,2.0,2.0,3
Haikou M.,2,0,2,0,2,2,0,2,China - League Two,0.0,1.0,0,1.0,1.0,0.0,1.0,4
Ganzhou Ruishi,2,0,2,0,1,1,0,2,China - League Two,0.0,1.0,0,0.5,1.0,0.0,1.0,4
Wuhan Three Tow,2,0,2,0,1,1,0,2,China - League Two,0.0,1.0,0,0.5,1.0,0.0,1.0,4
Xian Ronghai,3,0,2,1,1,6,-5,2,China - League Two,0.0,1.0,-5,0.33,0.67,0.0,1.0,4
Jiangxi Lushan,1,0,1,0,1,1,0,1,China - League Two,0.0,1.0,0,1.0,1.0,0.0,1.0,5
Langfang Glory,1,0,1,0,1,1,0,1,China - League Two,0.0,1.0,0,1.0,1.0,0.0,1.0,5
Quanzhou Yassin,1,0,1,0,1,1,0,1,China - League Two,0.0,1.0,0,1.0,1.0,0.0,1.0,5
Hubei Istar,1,0,1,0,0,0,0,1,China - League Two,0.0,1.0,0,0.0,1.0,0.0,1.0,5
Rizhao Yuqi,1,0,1,0,0,0,0,1,China - League Two,0.0,1.0,0,0.0,1.0,0.0,1.0,5
Taian Tiankuang,2,0,1,1,1,2,-1,1,China - League Two,0.0,1.0,-1,0.5,0.5,0.0,1.0,5
Nantong Haimen,2,0,1,1,3,7,-4,1,China - League Two,0.0,1.0,-4,1.5,0.5,0.0,1.0,5
Beijing IT,1,0,0,1,1,2,-1,0,China - League Two,0.0,1.0,-1,1.0,0.0,0.0,1.0,6
Guangxi Lanhang,1,0,0,1,0,1,-1,0,China - League Two,0.0,1.0,-1,0.0,0.0,0.0,1.0,6
Shanghai Port B,1,0,0,1,0,1,-1,0,China - League Two,0.0,1.0,-1,0.0,0.0,0.0,1.0,6
Guangdong Mingt,1,0,0,1,0,2,-2,0,China - League Two,0.0,1.0,-2,0.0,0.0,0.0,1.0,6
Junior,5,3,2,0,5,1,4,11,Colombia - Primera A - Apertura,0.6,0.4,4,1.0,2.2,1.67,2.5,1
Santa Fe,6,3,1,2,9,5,4,10,Colombia - Primera A - Apertura,0.5,0.5,4,1.5,1.67,2.0,2.0,2
Millonarios,7,3,1,3,12,11,1,10,Colombia - Primera A - Apertura,0.43,0.57,1,1.71,1.43,2.33,1.75,2
Envigado,7,3,1,3,7,8,-1,10,Colombia - Primera A - Apertura,0.43,0.57,-1,1.0,1.43,2.33,1.75,2
I. Medelin,6,2,3,1,4,3,1,9,Colombia - Primera A - Apertura,0.33,0.67,1,0.67,1.5,3.03,1.49,3
A. Nacional,6,2,2,2,10,8,2,8,Colombia - Primera A - Apertura,0.33,0.67,2,1.67,1.33,3.03,1.49,4
A. Bucaramanga,7,2,2,3,6,7,-1,8,Colombia - Primera A - Apertura,0.29,0.71,-1,0.86,1.14,3.45,1.41,4
Deportivo Cali,6,1,4,1,4,4,0,7,Colombia - Primera A - Apertura,0.17,0.83,0,0.67,1.17,5.88,1.2,5
Deportes Tolima,6,1,3,2,8,8,0,6,Colombia - Primera A - Apertura,0.17,0.83,0,1.33,1.0,5.88,1.2,6
Deportivo Pasto,6,1,3,2,3,5,-2,6,Colombia - Primera A - Apertura,0.17,0.83,-2,0.5,1.0,5.88,1.2,6
Boyaca Chico,7,1,3,3,3,11,-8,6,Colombia - Primera A - Apertura,0.14,0.86,-8,0.43,0.86,7.14,1.16,6
America de Cali,5,1,2,2,5,5,0,5,Colombia - Primera A - Apertura,0.2,0.8,0,1.0,1.0,5.0,1.25,7
A. Petrolera,6,1,2,3,3,9,-6,5,Colombia - Primera A - Apertura,0.17,0.83,-6,0.5,0.83,5.88,1.2,7
Llaneros,7,1,1,5,7,13,-6,4,Colombia - Primera A - Apertura,0.14,0.86,-6,1.0,0.57,7.14,1.16,8
Once Caldas,5,1,1,3,2,9,-7,4,Colombia - Primera A - Apertura,0.2,0.8,-7,0.4,0.8,5.0,1.25,8
R. Aguilas,5,0,3,2,4,6,-2,3,Colombia - Primera A - Apertura,0.0,1.0,-2,0.8,0.6,0.0,1.0,9
D. Pereira,6,1,0,5,4,12,-8,3,Colombia - Primera A - Apertura,0.17,0.83,-8,0.67,0.5,5.88,1.2,9
La Equidad,6,0,2,4,4,9,-5,2,Colombia - Primera A - Apertura,0.0,1.0,-5,0.67,0.33,0.0,1.0,10
Fortaleza CEIF,6,0,2,4,2,8,-6,2,Colombia - Primera A - Apertura,0.0,1.0,-6,0.33,0.33,0.0,1.0,10
Union Magdalena,6,0,1,5,3,9,-6,1,Colombia - Primera A - Apertura,0.0,1.0,-6,0.5,0.17,0.0,1.0,11
A. Bucaramanga,8,5,2,1,13,5,8,17,Colombia - Primera A - Clausura,0.62,0.38,8,1.62,2.12,1.61,2.63,1
Santa Fe,8,4,4,0,11,5,6,16,Colombia - Primera A - Clausura,0.5,0.5,6,1.38,2.0,2.0,2.0,2
Millonarios,8,4,2,2,13,7,6,14,Colombia - Primera A - Clausura,0.5,0.5,6,1.62,1.75,2.0,2.0,3
A. Nacional,8,4,1,3,8,7,1,13,Colombia - Primera A - Clausura,0.5,0.5,1,1.0,1.62,2.0,2.0,4
Deportes Tolima,8,4,0,4,7,5,2,12,Colombia - Primera A - Clausura,0.5,0.5,2,0.88,1.5,2.0,2.0,5
America de Cali,8,3,2,3,11,12,-1,11,Colombia - Primera A - Clausura,0.38,0.62,-1,1.38,1.38,2.63,1.61,6
Junior,8,2,4,2,5,3,2,10,Colombia - Primera A - Clausura,0.25,0.75,2,0.62,1.25,4.0,1.33,7
I. Medelin,8,2,4,2,10,9,1,10,Colombia - Primera A - Clausura,0.25,0.75,1,1.25,1.25,4.0,1.33,7
Fortaleza CEIF,8,2,3,3,9,9,0,9,Colombia - Primera A - Clausura,0.25,0.75,0,1.12,1.12,4.0,1.33,8
Deportivo Pasto,8,2,3,3,6,6,0,9,Colombia - Primera A - Clausura,0.25,0.75,0,0.75,1.12,4.0,1.33,8
R. Aguilas,8,2,3,3,7,13,-6,9,Colombia - Primera A - Clausura,0.25,0.75,-6,0.88,1.12,4.0,1.33,8
Once Caldas,8,2,2,4,6,11,-5,8,Colombia - Primera A - Clausura,0.25,0.75,-5,0.75,1.0,4.0,1.33,9
D. Pereira,8,1,4,3,6,9,-3,7,Colombia - Primera A - Clausura,0.12,0.88,-3,0.75,0.88,8.33,1.14,10
Deportivo Cali,8,1,4,3,7,13,-6,7,Colombia - Primera A - Clausura,0.12,0.88,-6,0.88,0.88,8.33,1.14,10
La Equidad,8,1,3,4,7,13,-6,6,Colombia - Primera A - Clausura,0.12,0.88,-6,0.88,0.75,8.33,1.14,11
Patriotas,8,1,1,6,8,18,-10,4,Colombia - Primera A - Clausura,0.12,0.88,-10,1.0,0.5,8.33,1.14,12
Jaguares de C.,8,1,1,6,4,15,-11,4,Colombia - Primera A - Clausura,0.12,0.88,-11,0.5,0.5,8.33,1.14,12
Boyaca Chico,8,1,0,7,5,20,-15,3,Colombia - Primera A - Clausura,0.12,0.88,-15,0.62,0.38,8.33,1.14,13
A. Petrolera,8,0,2,6,4,13,-9,2,Colombia - Primera A - Clausura,0.0,1.0,-9,0.5,0.25,0.0,1.0,14
Envigado,8,0,1,7,2,15,-13,1,Colombia - Primera A - Clausura,0.0,1.0,-13,0.25,0.12,0.0,1.0,15
San Carlos,8,5,1,2,19,17,2,16,Costa Rica - Primera Div. - Apertura,0.62,0.38,2,2.38,2.0,1.61,2.63,1
Saprissa,8,4,2,2,10,7,3,14,Costa Rica - Primera Div. - Apertura,0.5,0.5,3,1.25,1.75,2.0,2.0,2
Alajuelense,8,3,3,2,10,9,1,12,Costa Rica - Primera Div. - Apertura,0.38,0.62,1,1.25,1.5,2.63,1.61,3
Herediano,8,3,2,3,11,11,0,11,Costa Rica - Primera Div. - Apertura,0.38,0.62,0,1.38,1.38,2.63,1.61,4
Santos Guapiles,8,1,4,3,11,13,-2,7,Costa Rica - Primera Div. - Apertura,0.12,0.88,-2,1.38,0.88,8.33,1.14,5
M. Liberia,8,2,1,5,10,14,-4,7,Costa Rica - Primera Div. - Apertura,0.25,0.75,-4,1.25,0.88,4.0,1.33,5
Zeledon,8,1,4,3,6,11,-5,7,Costa Rica - Primera Div. - Apertura,0.12,0.88,-5,0.75,0.88,8.33,1.14,5
Santa Ana,8,2,0,6,8,12,-4,6,Costa Rica - Primera Div. - Apertura,0.25,0.75,-4,1.0,0.75,4.0,1.33,6
Guanacasteca,8,1,3,4,6,15,-9,6,Costa Rica - Primera Div. - Apertura,0.12,0.88,-9,0.75,0.75,8.33,1.14,6
Cartagines,8,1,1,6,8,17,-9,4,Costa Rica - Primera Div. - Apertura,0.12,0.88,-9,1.0,0.5,8.33,1.14,7
Puntarenas,8,1,1,6,8,17,-9,4,Costa Rica - Primera Div. - Apertura,0.12,0.88,-9,1.0,0.5,8.33,1.14,7
Sporting SJ,8,0,1,7,3,12,-9,1,Costa Rica - Primera Div. - Apertura,0.0,1.0,-9,0.38,0.12,0.0,1.0,8
Banik Ostrava,8,6,0,2,14,7,7,18,CzechRepublic - 1. Liga,0.75,0.25,7,1.75,2.25,1.33,4.0,1
Slavia Prague,8,5,1,2,12,5,7,16,CzechRepublic - 1. Liga,0.62,0.38,7,1.5,2.0,1.61,2.63,2
Viktoria Plzen,8,5,1,2,12,6,6,16,CzechRepublic - 1. Liga,0.62,0.38,6,1.5,2.0,1.61,2.63,2
Hradec Kralove,8,4,1,3,10,10,0,13,CzechRepublic - 1. Liga,0.5,0.5,0,1.25,1.62,2.0,2.0,3
Sparta Prague,8,3,3,2,11,9,2,12,CzechRepublic - 1. Liga,0.38,0.62,2,1.38,1.5,2.63,1.61,4
Sigma Olomouc,8,3,2,3,10,8,2,11,CzechRepublic - 1. Liga,0.38,0.62,2,1.25,1.38,2.63,1.61,5
Mlada Boleslav,8,3,1,4,12,10,2,10,CzechRepublic - 1. Liga,0.38,0.62,2,1.5,1.25,2.63,1.61,6
Bohemians,8,3,1,4,7,11,-4,10,CzechRepublic - 1. Liga,0.38,0.62,-4,0.88,1.25,2.63,1.61,6
Slovan Liberec,8,2,3,3,11,7,4,9,CzechRepublic - 1. Liga,0.25,0.75,4,1.38,1.12,4.0,1.33,7
Karvina,8,2,3,3,11,18,-7,9,CzechRepublic - 1. Liga,0.25,0.75,-7,1.38,1.12,4.0,1.33,7
Dukla Praha,8,2,3,3,5,12,-7,9,CzechRepublic - 1. Liga,0.25,0.75,-7,0.62,1.12,4.0,1.33,7
Jablonec,8,2,2,4,8,13,-5,8,CzechRepublic - 1. Liga,0.25,0.75,-5,1.0,1.0,4.0,1.33,8
Teplice,8,0,5,3,6,12,-6,5,CzechRepublic - 1. Liga,0.0,1.0,-6,0.75,0.62,0.0,1.0,9
Slovacko,8,1,1,6,9,18,-9,4,CzechRepublic - 1. Liga,0.12,0.88,-9,1.12,0.5,8.33,1.14,10
Pardubice,8,0,2,6,4,18,-14,2,CzechRepublic - 1. Liga,0.0,1.0,-14,0.5,0.25,0.0,1.0,11
C. Budejovice,8,0,1,7,4,20,-16,1,CzechRepublic - 1. Liga,0.0,1.0,-16,0.5,0.12,0.0,1.0,12
FC Kobenhavn,8,3,4,1,10,8,2,13,Denmark - Superligaen,0.38,0.62,2,1.25,1.62,2.63,1.61,1
Randers FC,8,3,2,3,12,10,2,11,Denmark - Superligaen,0.38,0.62,2,1.5,1.38,2.63,1.61,2
Silkeborg,8,2,4,2,15,12,3,10,Denmark - Superligaen,0.25,0.75,3,1.88,1.25,4.0,1.33,3
Viborg,8,2,3,3,13,10,3,9,Denmark - Superligaen,0.25,0.75,3,1.62,1.12,4.0,1.33,4
Brondby IF,8,2,3,3,17,17,0,9,Denmark - Superligaen,0.25,0.75,0,2.12,1.12,4.0,1.33,4
FC Midtjylland,8,2,1,5,12,12,0,7,Denmark - Superligaen,0.25,0.75,0,1.5,0.88,4.0,1.33,5
AGF Aarhus,8,1,4,3,9,10,-1,7,Denmark - Superligaen,0.12,0.88,-1,1.12,0.88,8.33,1.14,5
Aalborg BK,8,1,4,3,9,13,-4,7,Denmark - Superligaen,0.12,0.88,-4,1.12,0.88,8.33,1.14,5
Nordsjaelland,8,2,1,5,9,15,-6,7,Denmark - Superligaen,0.25,0.75,-6,1.12,0.88,4.0,1.33,5
Vejle BK,8,2,1,5,10,17,-7,7,Denmark - Superligaen,0.25,0.75,-7,1.25,0.88,4.0,1.33,5
Lyngby,8,1,2,5,6,11,-5,5,Denmark - Superligaen,0.12,0.88,-5,0.75,0.62,8.33,1.14,6
SonderjyskE,8,1,2,5,9,16,-7,5,Denmark - Superligaen,0.12,0.88,-7,1.12,0.62,8.33,1.14,6
Fredericia,8,7,0,1,19,2,17,21,Denmark - 1st Division,0.88,0.12,17,2.38,2.62,1.14,8.33,1
Hillerod,8,4,3,1,16,8,8,15,Denmark - 1st Division,0.5,0.5,8,2.0,1.88,2.0,2.0,2
HB Koge,8,3,5,0,12,6,6,14,Denmark - 1st Division,0.38,0.62,6,1.5,1.75,2.63,1.61,3
Kolding IF,8,4,2,2,6,4,2,14,Denmark - 1st Division,0.5,0.5,2,0.75,1.75,2.0,2.0,3
Odense BK,8,3,4,1,15,8,7,13,Denmark - 1st Division,0.38,0.62,7,1.88,1.62,2.63,1.61,4
Esbjerg,8,4,0,4,15,10,5,12,Denmark - 1st Division,0.5,0.5,5,1.88,1.5,2.0,2.0,5
AC Horsens,8,4,0,4,13,13,0,12,Denmark - 1st Division,0.5,0.5,0,1.62,1.5,2.0,2.0,5
B 93,8,2,2,4,12,20,-8,8,Denmark - 1st Division,0.25,0.75,-8,1.5,1.0,4.0,1.33,6
Roskilde,8,2,1,5,8,15,-7,7,Denmark - 1st Division,0.25,0.75,-7,1.0,0.88,4.0,1.33,7
Vendsyssel,8,1,3,4,6,11,-5,6,Denmark - 1st Division,0.12,0.88,-5,0.75,0.75,8.33,1.14,8
Hvidovre,8,2,0,6,5,11,-6,6,Denmark - 1st Division,0.25,0.75,-6,0.62,0.75,4.0,1.33,8
Hobro,8,1,1,6,6,15,-9,4,Denmark - 1st Division,0.12,0.88,-9,0.75,0.5,8.33,1.14,9
Middelfart,8,5,3,0,14,6,8,18,Denmark - 2nd Division,0.62,0.38,8,1.75,2.25,1.61,2.63,1
Ishoj,8,5,2,1,12,8,4,17,Denmark - 2nd Division,0.62,0.38,4,1.5,2.12,1.61,2.63,2
Naestved,8,4,2,2,8,5,3,14,Denmark - 2nd Division,0.5,0.5,3,1.0,1.75,2.0,2.0,3
Aarhus Fremad,8,4,1,3,11,4,7,13,Denmark - 2nd Division,0.5,0.5,7,1.38,1.62,2.0,2.0,4
Skive,8,4,1,3,10,13,-3,13,Denmark - 2nd Division,0.5,0.5,-3,1.25,1.62,2.0,2.0,4
Helsingor,8,3,3,2,10,10,0,12,Denmark - 2nd Division,0.38,0.62,0,1.25,1.5,2.63,1.61,5
BK Frem,8,3,2,3,10,9,1,11,Denmark - 2nd Division,0.38,0.62,1,1.25,1.38,2.63,1.61,6
Fremad Amager,8,3,2,3,9,10,-1,11,Denmark - 2nd Division,0.38,0.62,-1,1.12,1.38,2.63,1.61,6
Hellerup IK,8,3,2,3,7,9,-2,11,Denmark - 2nd Division,0.38,0.62,-2,0.88,1.38,2.63,1.61,6
AB Copenhagen,8,2,4,2,13,13,0,10,Denmark - 2nd Division,0.25,0.75,0,1.62,1.25,4.0,1.33,7
Thisted,8,1,3,4,8,12,-4,6,Denmark - 2nd Division,0.12,0.88,-4,1.0,0.75,8.33,1.14,8
Nykobing,8,1,0,7,5,16,-11,3,Denmark - 2nd Division,0.12,0.88,-11,0.62,0.38,8.33,1.14,9
Barcelona SC,3,3,0,0,8,3,5,9,Ecuador - Liga Pro 1st Stage,1.0,0.0,5,2.67,3.0,1.0,0.0,1
I. del Valle,3,2,0,1,6,3,3,6,Ecuador - Liga Pro 1st Stage,0.67,0.33,3,2.0,2.0,1.49,3.03,2
Cuniburo,4,1,3,0,4,3,1,6,Ecuador - Liga Pro 1st Stage,0.25,0.75,1,1.0,1.5,4.0,1.33,2
Libertad,3,1,2,0,4,3,1,5,Ecuador - Liga Pro 1st Stage,0.33,0.67,1,1.33,1.67,3.03,1.49,3
Macara,4,1,2,1,3,3,0,5,Ecuador - Liga Pro 1st Stage,0.25,0.75,0,0.75,1.25,4.0,1.33,3
Aucas,4,1,2,1,3,4,-1,5,Ecuador - Liga Pro 1st Stage,0.25,0.75,-1,0.75,1.25,4.0,1.33,3
U. Catolica,3,1,1,1,7,4,3,4,Ecuador - Liga Pro 1st Stage,0.33,0.67,3,2.33,1.33,3.03,1.49,4
El Nacional,3,1,1,1,7,6,1,4,Ecuador - Liga Pro 1st Stage,0.33,0.67,1,2.33,1.33,3.03,1.49,4
LDU Quito,3,1,1,1,3,3,0,4,Ecuador - Liga Pro 1st Stage,0.33,0.67,0,1.0,1.33,3.03,1.49,4
Tecnico U.,4,1,1,2,3,6,-3,4,Ecuador - Liga Pro 1st Stage,0.25,0.75,-3,0.75,1.0,4.0,1.33,4
D. Cuenca,4,1,1,2,2,7,-5,4,Ecuador - Liga Pro 1st Stage,0.25,0.75,-5,0.5,1.0,4.0,1.33,4
Orense,4,1,0,3,2,9,-7,3,Ecuador - Liga Pro 1st Stage,0.25,0.75,-7,0.5,0.75,4.0,1.33,5
Mushuc Runa,3,0,2,1,2,3,-1,2,Ecuador - Liga Pro 1st Stage,0.0,1.0,-1,0.67,0.67,0.0,1.0,6
Emelec,3,0,1,2,2,5,-3,1,Ecuador - Liga Pro 1st Stage,0.0,1.0,-3,0.67,0.33,0.0,1.0,7
Manta,3,0,1,2,2,6,-4,1,Ecuador - Liga Pro 1st Stage,0.0,1.0,-4,0.67,0.33,0.0,1.0,7
Delfin,4,0,1,3,2,9,-7,1,Ecuador - Liga Pro 1st Stage,0.0,1.0,-7,0.5,0.25,0.0,1.0,7
Leones Norte,2,1,1,0,4,2,2,4,Ecuador - Serie B,0.5,0.5,2,2.0,2.0,2.0,2.0,1
Cumbaya,1,1,0,0,2,0,2,3,Ecuador - Serie B,1.0,0.0,2,2.0,3.0,1.0,0.0,2
Gualaceo,1,0,1,0,1,1,0,1,Ecuador - Serie B,0.0,1.0,0,1.0,1.0,0.0,1.0,3
Nueve Octubre,1,0,1,0,1,1,0,1,Ecuador - Serie B,0.0,1.0,0,1.0,1.0,0.0,1.0,3
Chacaritas,2,0,1,1,2,3,-1,1,Ecuador - Serie B,0.0,1.0,-1,1.0,0.5,0.0,1.0,3
Imbabura,2,0,1,1,2,3,-1,1,Ecuador - Serie B,0.0,1.0,-1,1.0,0.5,0.0,1.0,3
Guayaquil City,2,0,1,1,1,2,-1,1,Ecuador - Serie B,0.0,1.0,-1,0.5,0.5,0.0,1.0,3
22 de Julio,2,0,1,1,0,4,-4,1,Ecuador - Serie B,0.0,1.0,-4,0.0,0.5,0.0,1.0,3
Vargas Torres,1,0,0,1,1,2,-1,0,Ecuador - Serie B,0.0,1.0,-1,1.0,0.0,0.0,1.0,4
I. Juniors,1,0,0,1,0,2,-2,0,Ecuador - Serie B,0.0,1.0,-2,0.0,0.0,0.0,1.0,4
Vinotinto,2,0,0,2,0,2,-2,0,Ecuador - Serie B,0.0,1.0,-2,0.0,0.0,0.0,1.0,4
San Antonio,1,0,0,1,1,4,-3,0,Ecuador - Serie B,0.0,1.0,-3,1.0,0.0,0.0,1.0,4
National Bank,8,5,2,1,12,6,6,17,Egypt - Premier League,0.62,0.38,6,1.5,2.12,1.61,2.63,1
Pyramids FC,8,5,2,1,10,5,5,17,Egypt - Premier League,0.62,0.38,5,1.25,2.12,1.61,2.63,1
Al Ahly,8,4,3,1,11,5,6,15,Egypt - Premier League,0.5,0.5,6,1.38,1.88,2.0,2.0,2
Zamalek,8,4,2,2,13,7,6,14,Egypt - Premier League,0.5,0.5,6,1.62,1.75,2.0,2.0,3
El Geish,8,4,1,3,8,10,-2,13,Egypt - Premier League,0.5,0.5,-2,1.0,1.62,2.0,2.0,4
ZED FC,8,3,3,2,9,6,3,12,Egypt - Premier League,0.38,0.62,3,1.12,1.5,2.63,1.61,5
Ceramica C.,8,3,3,2,7,7,0,12,Egypt - Premier League,0.38,0.62,0,0.88,1.5,2.63,1.61,5
Petrojet,8,3,2,3,9,10,-1,11,Egypt - Premier League,0.38,0.62,-1,1.12,1.38,2.63,1.61,6
Pharco,8,3,2,3,6,8,-2,11,Egypt - Premier League,0.38,0.62,-2,0.75,1.38,2.63,1.61,6
Al Masry,8,2,4,2,8,6,2,10,Egypt - Premier League,0.25,0.75,2,1.0,1.25,4.0,1.33,7
Smouha,8,3,0,5,4,8,-4,9,Egypt - Premier League,0.38,0.62,-4,0.5,1.12,2.63,1.61,8
Ismaily,8,2,2,4,6,8,-2,8,Egypt - Premier League,0.25,0.75,-2,0.75,1.0,4.0,1.33,9
Haras El Hodood,8,2,2,4,9,14,-5,8,Egypt - Premier League,0.25,0.75,-5,1.12,1.0,4.0,1.33,9
Ghazl El M.,8,2,1,5,8,13,-5,7,Egypt - Premier League,0.25,0.75,-5,1.0,0.88,4.0,1.33,10
El Gouna,8,1,3,4,4,10,-6,6,Egypt - Premier League,0.12,0.88,-6,0.5,0.75,8.33,1.14,11
Al Ittihad,8,0,5,3,5,10,-5,5,Egypt - Premier League,0.0,1.0,-5,0.62,0.62,0.0,1.0,12
ENPPI,8,0,3,5,6,13,-7,3,Egypt - Premier League,0.0,1.0,-7,0.75,0.38,0.0,1.0,13
Modern Sport,8,0,3,5,5,13,-8,3,Egypt - Premier League,0.0,1.0,-8,0.62,0.38,0.0,1.0,13
Crystal Palace,8,6,2,0,13,2,11,20,Premier League,0.75,0.25,11,1.62,2.5,1.33,4.0,1
Brentford,8,5,1,2,16,6,10,16,Premier League,0.62,0.38,10,2.0,2.0,1.61,2.63,3
Arsenal,8,4,4,0,14,5,9,16,Premier League,0.5,0.5,9,1.75,2.0,2.0,2.0,3
Liverpool,8,4,3,1,18,8,10,15,Premier League,0.5,0.5,10,2.25,1.88,2.0,2.0,4
Newcastle Utd,8,5,0,3,14,12,2,15,Premier League,0.62,0.38,2,1.75,1.88,1.61,2.63,4
Bournemouth,8,3,4,1,19,12,7,13,Premier League,0.38,0.62,7,2.38,1.62,2.63,1.61,6
Fulham,8,4,1,3,14,12,2,13,Premier League,0.5,0.5,2,1.75,1.62,2.0,2.0,6
Wolverhampton,8,4,1,3,12,12,0,13,Premier League,0.5,0.5,0,1.5,1.62,2.0,2.0,6
Nottm Forest,8,4,0,4,16,15,1,12,Premier League,0.5,0.5,1,2.0,1.5,2.0,2.0,7
Brighton,8,3,3,2,15,15,0,12,Premier League,0.38,0.62,0,1.88,1.5,2.63,1.61,7
Manchester City,8,3,2,3,13,10,3,11,Premier League,0.38,0.62,3,1.62,1.38,2.63,1.61,8
Manchester Utd,8,3,2,3,10,9,1,11,Premier League,0.38,0.62,1,1.25,1.38,2.63,1.61,8
Everton,8,2,4,2,6,6,0,10,Premier League,0.25,0.75,0,0.75,1.25,4.0,1.33,9
Aston Villa,8,3,1,4,9,13,-4,10,Premier League,0.38,0.62,-4,1.12,1.25,2.63,1.61,9
Tottenham,8,3,0,5,14,10,4,9,Premier League,0.38,0.62,4,1.75,1.12,2.63,1.61,10
West Ham Utd,8,2,3,3,7,10,-3,9,Premier League,0.25,0.75,-3,0.88,1.12,4.0,1.33,10
Ipswich Town,8,2,2,4,10,14,-4,8,Premier League,0.25,0.75,-4,1.25,1.0,4.0,1.33,11
Southampton,8,1,1,6,8,19,-11,4,Premier League,0.12,0.88,-11,1.0,0.5,8.33,1.14,15
Chelsea,8,0,3,5,3,12,-9,3,Premier League,0.0,1.0,-9,0.38,0.38,0.0,1.0,16
Leicester City,8,1,0,7,4,19,-15,3,Premier League,0.12,0.88,-15,0.5,0.38,8.33,1.14,16
Burnley,8,5,3,0,12,2,10,18,Premier League,0.62,0.38,10,1.5,2.25,1.61,2.63,2
Sheffield Utd,8,6,0,2,10,6,4,18,Premier League,0.75,0.25,4,1.25,2.25,1.33,4.0,2
Hull City,8,4,2,2,8,5,3,14,Premier League,0.5,0.5,3,1.0,1.75,2.0,2.0,5
Leeds Utd,8,3,4,1,15,8,7,13,Premier League,0.38,0.62,7,1.88,1.62,2.63,1.61,6
Coventry City,8,4,1,3,12,11,1,13,Premier League,0.5,0.5,1,1.5,1.62,2.0,2.0,6
Sheffield Wed,8,4,1,3,11,12,-1,13,Premier League,0.5,0.5,-1,1.38,1.62,2.0,2.0,6
Sunderland,8,4,1,3,8,9,-1,13,Premier League,0.5,0.5,-1,1.0,1.62,2.0,2.0,6
Millwall,8,4,1,3,7,10,-3,13,Premier League,0.5,0.5,-3,0.88,1.62,2.0,2.0,6
Watford,8,2,3,3,8,8,0,9,Premier League,0.25,0.75,0,1.0,1.12,4.0,1.33,10
Bristol City,8,1,5,2,9,9,0,8,Premier League,0.12,0.88,0,1.12,1.0,8.33,1.14,11
Preston,8,2,2,4,6,9,-3,8,Premier League,0.25,0.75,-3,0.75,1.0,4.0,1.33,11
Norwich City,8,2,2,4,6,10,-4,8,Premier League,0.25,0.75,-4,0.75,1.0,4.0,1.33,11
Middlesbrough,8,2,1,5,9,11,-2,7,Premier League,0.25,0.75,-2,1.12,0.88,4.0,1.33,12
Plymouth,8,1,4,3,5,10,-5,7,Premier League,0.12,0.88,-5,0.62,0.88,8.33,1.14,12
Cardiff City,8,1,4,3,8,16,-8,7,Premier League,0.12,0.88,-8,1.0,0.88,8.33,1.14,12
Luton Town,8,2,1,5,7,15,-8,7,Premier League,0.25,0.75,-8,0.88,0.88,4.0,1.33,12
QP Rangers,8,2,0,6,7,12,-5,6,Premier League,0.25,0.75,-5,0.88,0.75,4.0,1.33,13
West Brom,8,0,5,3,6,10,-4,5,Premier League,0.0,1.0,-4,0.75,0.62,0.0,1.0,14
Stoke City,8,1,2,5,9,16,-7,5,Premier League,0.12,0.88,-7,1.12,0.62,8.33,1.14,14
Swansea City,8,1,2,5,5,18,-13,5,Premier League,0.12,0.88,-13,0.62,0.62,8.33,1.14,14
Oxford Utd,8,0,4,4,4,9,-5,4,Premier League,0.0,1.0,-5,0.5,0.5,0.0,1.0,15
Derby County,8,1,1,6,7,16,-9,4,Premier League,0.12,0.88,-9,0.88,0.5,8.33,1.14,15
Blackburn,8,1,0,7,5,12,-7,3,Premier League,0.12,0.88,-7,0.62,0.38,8.33,1.14,16
Portsmouth,8,1,0,7,6,16,-10,3,Premier League,0.12,0.88,-10,0.75,0.38,8.33,1.14,16
Wrexham,8,6,1,1,12,6,6,19,League One,0.75,0.25,6,1.5,2.38,1.33,4.0,1
Northampton,8,4,3,1,11,6,5,15,League One,0.5,0.5,5,1.38,1.88,2.0,2.0,2
Blackpool,8,4,2,2,14,7,7,14,League One,0.5,0.5,7,1.75,1.75,2.0,2.0,3
Stockport,8,4,2,2,8,5,3,14,League One,0.5,0.5,3,1.0,1.75,2.0,2.0,3
Charlton,8,4,2,2,9,9,0,14,League One,0.5,0.5,0,1.12,1.75,2.0,2.0,3
Birmingham City,8,3,4,1,10,7,3,13,League One,0.38,0.62,3,1.25,1.62,2.63,1.61,4
Bolton,8,4,1,3,10,9,1,13,League One,0.5,0.5,1,1.25,1.62,2.0,2.0,4
Peterborough,8,3,2,3,10,12,-2,11,League One,0.38,0.62,-2,1.25,1.38,2.63,1.61,5
Leyton Orient,8,3,1,4,12,11,1,10,League One,0.38,0.62,1,1.5,1.25,2.63,1.61,6
Burton Albion,8,3,1,4,6,10,-4,10,League One,0.38,0.62,-4,0.75,1.25,2.63,1.61,6
Exeter City,8,2,4,2,6,10,-4,10,League One,0.25,0.75,-4,0.75,1.25,4.0,1.33,6
Wycombe,8,2,3,3,9,10,-1,9,League One,0.25,0.75,-1,1.12,1.12,4.0,1.33,7
Reading,8,2,3,3,8,11,-3,9,League One,0.25,0.75,-3,1.0,1.12,4.0,1.33,7
Huddersfield,8,3,0,5,8,13,-5,9,League One,0.38,0.62,-5,1.0,1.12,2.63,1.61,7
Lincoln City,8,2,2,4,12,12,0,8,League One,0.25,0.75,0,1.5,1.0,4.0,1.33,8
Rotherham,8,2,2,4,9,11,-2,8,League One,0.25,0.75,-2,1.12,1.0,4.0,1.33,8
Cambridge Utd,8,2,2,4,7,11,-4,8,League One,0.25,0.75,-4,0.88,1.0,4.0,1.33,8
Wigan Athletic,8,1,4,3,5,7,-2,7,League One,0.12,0.88,-2,0.62,0.88,8.33,1.14,9
Barnsley,8,2,1,5,9,15,-6,7,League One,0.25,0.75,-6,1.12,0.88,4.0,1.33,9
Stevenage,8,2,1,5,5,12,-7,7,League One,0.25,0.75,-7,0.62,0.88,4.0,1.33,9
Mansfield,8,1,3,4,9,15,-6,6,League One,0.12,0.88,-6,1.12,0.75,8.33,1.14,10
Crawley Town,8,2,0,6,12,21,-9,6,League One,0.25,0.75,-9,1.5,0.75,4.0,1.33,10
Shrewsbury,8,1,2,5,5,13,-8,5,League One,0.12,0.88,-8,0.62,0.62,8.33,1.14,11
Bristol Rovers,8,0,1,7,1,15,-14,1,League One,0.0,1.0,-14,0.12,0.12,0.0,1.0,12
Doncaster,8,5,1,2,12,9,3,16,League Two,0.62,0.38,3,1.5,2.0,1.61,2.63,1
Swindon Town,8,4,1,3,14,8,6,13,League Two,0.5,0.5,6,1.75,1.62,2.0,2.0,2
Fleetwood,8,4,1,3,15,11,4,13,League Two,0.5,0.5,4,1.88,1.62,2.0,2.0,2
Notts County,8,4,1,3,11,7,4,13,League Two,0.5,0.5,4,1.38,1.62,2.0,2.0,2
Port Vale,8,3,4,1,13,11,2,13,League Two,0.38,0.62,2,1.62,1.62,2.63,1.61,2
Colchester Utd,8,3,4,1,8,7,1,13,League Two,0.38,0.62,1,1.0,1.62,2.63,1.61,2
Grimsby,8,4,1,3,11,12,-1,13,League Two,0.5,0.5,-1,1.38,1.62,2.0,2.0,2
Barrow,8,3,2,3,12,12,0,11,League Two,0.38,0.62,0,1.5,1.38,2.63,1.61,3
Bradford,8,3,2,3,4,5,-1,11,League Two,0.38,0.62,-1,0.5,1.38,2.63,1.61,3
Crewe Alexandra,8,2,4,2,6,8,-2,10,League Two,0.25,0.75,-2,0.75,1.25,4.0,1.33,4
Salford City,8,2,3,3,11,12,-1,9,League Two,0.25,0.75,-1,1.38,1.12,4.0,1.33,5
Bromley,8,2,3,3,9,12,-3,9,League Two,0.25,0.75,-3,1.12,1.12,4.0,1.33,5
Chesterfield,8,3,0,5,8,11,-3,9,League Two,0.38,0.62,-3,1.0,1.12,2.63,1.61,5
Walsall,8,1,5,2,10,11,-1,8,League Two,0.12,0.88,-1,1.25,1.0,8.33,1.14,6
AFC Wimbledon,8,1,5,2,6,7,-1,8,League Two,0.12,0.88,-1,0.75,1.0,8.33,1.14,6
Cheltenham,8,2,2,4,8,13,-5,8,League Two,0.25,0.75,-5,1.0,1.0,4.0,1.33,6
Gillingham,8,0,6,2,7,12,-5,6,League Two,0.0,1.0,-5,0.88,0.75,0.0,1.0,7
Carlisle Utd,8,2,0,6,5,11,-6,6,League Two,0.25,0.75,-6,0.62,0.75,4.0,1.33,7
Tranmere,8,1,2,5,6,13,-7,5,League Two,0.12,0.88,-7,0.75,0.62,8.33,1.14,8
Milton Keynes,8,1,2,5,5,15,-10,5,League Two,0.12,0.88,-10,0.62,0.62,8.33,1.14,8
Newport,8,1,1,6,9,18,-9,4,League Two,0.12,0.88,-9,1.12,0.5,8.33,1.14,9
Accrington,8,1,1,6,3,13,-10,4,League Two,0.12,0.88,-10,0.38,0.5,8.33,1.14,9
Harrogate,8,0,2,6,1,10,-9,2,League Two,0.0,1.0,-9,0.12,0.25,0.0,1.0,10
Morecambe,8,0,0,8,3,13,-10,0,League Two,0.0,1.0,-10,0.38,0.0,0.0,1.0,11
Barnet,8,6,1,1,14,2,12,19,England - National League,0.75,0.25,12,1.75,2.38,1.33,4.0,1
York City,8,6,0,2,16,7,9,18,England - National League,0.75,0.25,9,2.0,2.25,1.33,4.0,2
Boston Utd,8,5,0,3,13,10,3,15,England - National League,0.62,0.38,3,1.62,1.88,1.61,2.63,3
Tamworth,8,4,2,2,14,11,3,14,England - National League,0.5,0.5,3,1.75,1.75,2.0,2.0,4
Altrincham,8,4,2,2,12,12,0,14,England - National League,0.5,0.5,0,1.5,1.75,2.0,2.0,4
Oldham,8,3,4,1,8,6,2,13,England - National League,0.38,0.62,2,1.0,1.62,2.63,1.61,5
Aldershot Town,8,4,1,3,11,12,-1,13,England - National League,0.5,0.5,-1,1.38,1.62,2.0,2.0,5
Braintree Town,8,3,3,2,14,12,2,12,England - National League,0.38,0.62,2,1.75,1.5,2.63,1.61,6
Halifax Town,8,3,3,2,11,9,2,12,England - National League,0.38,0.62,2,1.38,1.5,2.63,1.61,6
Sutton Utd,8,3,2,3,11,11,0,11,England - National League,0.38,0.62,0,1.38,1.38,2.63,1.61,7
Southend Utd,8,2,4,2,10,11,-1,10,England - National League,0.25,0.75,-1,1.25,1.25,4.0,1.33,8
Wealdstone,8,3,1,4,9,17,-8,10,England - National League,0.38,0.62,-8,1.12,1.25,2.63,1.61,8
Rochdale,8,1,6,1,8,7,1,9,England - National League,0.12,0.88,1,1.0,1.12,8.33,1.14,9
Hartlepool,8,2,3,3,9,11,-2,9,England - National League,0.25,0.75,-2,1.12,1.12,4.0,1.33,9
Gateshead FC,8,2,2,4,10,10,0,8,England - National League,0.25,0.75,0,1.25,1.0,4.0,1.33,10
Woking,8,1,5,2,9,12,-3,8,England - National League,0.12,0.88,-3,1.12,1.0,8.33,1.14,10
Yeovil Town,8,2,2,4,8,14,-6,8,England - National League,0.25,0.75,-6,1.0,1.0,4.0,1.33,10
Eastleigh,8,2,1,5,7,12,-5,7,England - National League,0.25,0.75,-5,0.88,0.88,4.0,1.33,11
AFC Fylde,8,2,1,5,6,13,-7,7,England - National League,0.25,0.75,-7,0.75,0.88,4.0,1.33,11
Maidenhead Utd,8,2,1,5,4,13,-9,7,England - National League,0.25,0.75,-9,0.5,0.88,4.0,1.33,11
Forest Green,8,1,3,4,6,11,-5,6,England - National League,0.12,0.88,-5,0.75,0.75,8.33,1.14,12
Dagenham & R.,8,1,3,4,5,10,-5,6,England - National League,0.12,0.88,-5,0.62,0.75,8.33,1.14,12
Solihull Moors,8,0,3,5,5,12,-7,3,England - National League,0.0,1.0,-7,0.62,0.38,0.0,1.0,13
Ebbsfleet Utd,8,0,3,5,9,17,-8,3,England - National League,0.0,1.0,-8,1.12,0.38,0.0,1.0,13
Hereford Utd,8,5,1,2,12,4,8,16,England - National L. North,0.62,0.38,8,1.5,2.0,1.61,2.63,1
Kidderminster,8,4,3,1,18,6,12,15,England - National L. North,0.5,0.5,12,2.25,1.88,2.0,2.0,2
Marine,8,5,0,3,8,8,0,15,England - National L. North,0.62,0.38,0,1.0,1.88,1.61,2.63,2
Buxton,8,4,1,3,17,9,8,13,England - National L. North,0.5,0.5,8,2.12,1.62,2.0,2.0,3
Brackley Town,8,4,1,3,14,14,0,13,England - National L. North,0.5,0.5,0,1.75,1.62,2.0,2.0,3
Kings Lynn,8,4,1,3,6,6,0,13,England - National L. North,0.5,0.5,0,0.75,1.62,2.0,2.0,3
Curzon,8,3,3,2,14,10,4,12,England - National L. North,0.38,0.62,4,1.75,1.5,2.63,1.61,4
Scunthorpe,8,3,3,2,9,5,4,12,England - National L. North,0.38,0.62,4,1.12,1.5,2.63,1.61,4
Spennymoor,8,4,0,4,13,12,1,12,England - National L. North,0.5,0.5,1,1.62,1.5,2.0,2.0,4
Chester,8,3,2,3,10,10,0,11,England - National L. North,0.38,0.62,0,1.25,1.38,2.63,1.61,5
Peterborough S.,8,3,2,3,9,9,0,11,England - National L. North,0.38,0.62,0,1.12,1.38,2.63,1.61,5
Darlington,8,3,2,3,9,11,-2,11,England - National L. North,0.38,0.62,-2,1.12,1.38,2.63,1.61,5
Scarborough,8,3,1,4,11,10,1,10,England - National L. North,0.38,0.62,1,1.38,1.25,2.63,1.61,6
Southport,8,3,1,4,8,9,-1,10,England - National L. North,0.38,0.62,-1,1.0,1.25,2.63,1.61,6
Oxford City,8,2,3,3,10,13,-3,9,England - National L. North,0.25,0.75,-3,1.25,1.12,4.0,1.33,7
Radcliffe,8,2,2,4,7,10,-3,8,England - National L. North,0.25,0.75,-3,0.88,1.0,4.0,1.33,8
Alfreton Town,8,2,1,5,8,12,-4,7,England - National L. North,0.25,0.75,-4,1.0,0.88,4.0,1.33,9
Leamington,8,2,1,5,5,10,-5,7,England - National L. North,0.25,0.75,-5,0.62,0.88,4.0,1.33,9
South Shields,8,2,0,6,9,15,-6,6,England - National L. North,0.25,0.75,-6,1.12,0.75,4.0,1.33,10
Chorley,8,1,3,4,7,13,-6,6,England - National L. North,0.12,0.88,-6,0.88,0.75,8.33,1.14,10
Needham Market,8,1,1,6,9,17,-8,4,England - National L. North,0.12,0.88,-8,1.12,0.5,8.33,1.14,11
Farsley Celtic,8,1,0,7,6,25,-19,3,England - National L. North,0.12,0.88,-19,0.75,0.38,8.33,1.14,12
Rushall,8,0,3,5,6,26,-20,3,England - National L. North,0.0,1.0,-20,0.75,0.38,0.0,1.0,12
Warrington,8,0,1,7,6,19,-13,1,England - National L. North,0.0,1.0,-13,0.75,0.12,0.0,1.0,13
Weston-s.-Mare,8,7,0,1,17,7,10,21,England - National L. South,0.88,0.12,10,2.12,2.62,1.14,8.33,1
Dorking,8,5,3,0,11,4,7,18,England - National L. South,0.62,0.38,7,1.38,2.25,1.61,2.63,2
Truro City,8,5,1,2,15,9,6,16,England - National L. South,0.62,0.38,6,1.88,2.0,1.61,2.63,3
Worthing,8,5,0,3,11,13,-2,15,England - National L. South,0.62,0.38,-2,1.38,1.88,1.61,2.63,4
Torquay Utd,8,4,2,2,11,8,3,14,England - National L. South,0.5,0.5,3,1.38,1.75,2.0,2.0,5
Hemel Hempstead,8,3,4,1,9,9,0,13,England - National L. South,0.38,0.62,0,1.12,1.62,2.63,1.61,6
Enfield Town,8,3,3,2,10,12,-2,12,England - National L. South,0.38,0.62,-2,1.25,1.5,2.63,1.61,7
Bath City,8,3,2,3,11,7,4,11,England - National L. South,0.38,0.62,4,1.38,1.38,2.63,1.61,8
Eastbourne,8,3,2,3,10,8,2,11,England - National L. South,0.38,0.62,2,1.25,1.38,2.63,1.61,8
Chippenham,8,3,2,3,12,15,-3,11,England - National L. South,0.38,0.62,-3,1.5,1.38,2.63,1.61,8
Chelmsford City,8,3,1,4,13,13,0,10,England - National L. South,0.38,0.62,0,1.62,1.25,2.63,1.61,9
Boreham Wood,8,3,1,4,14,16,-2,10,England - National L. South,0.38,0.62,-2,1.75,1.25,2.63,1.61,9
Hornchurch,8,2,3,3,10,11,-1,9,England - National L. South,0.25,0.75,-1,1.25,1.12,4.0,1.33,10
Maidstone Utd,8,2,3,3,4,5,-1,9,England - National L. South,0.25,0.75,-1,0.5,1.12,4.0,1.33,10
Farnborough,8,2,3,3,10,12,-2,9,England - National L. South,0.25,0.75,-2,1.25,1.12,4.0,1.33,10
Chesham Utd,8,2,2,4,7,12,-5,8,England - National L. South,0.25,0.75,-5,0.88,1.0,4.0,1.33,11
St Albans,8,1,4,3,6,8,-2,7,England - National L. South,0.12,0.88,-2,0.75,0.88,8.33,1.14,12
Tonbridge,8,2,1,5,7,12,-5,7,England - National L. South,0.25,0.75,-5,0.88,0.88,4.0,1.33,12
Salisbury,8,1,3,4,12,17,-5,6,England - National L. South,0.12,0.88,-5,1.5,0.75,8.33,1.14,13
Hampton & R.,8,2,0,6,7,14,-7,6,England - National L. South,0.25,0.75,-7,0.88,0.75,4.0,1.33,13
Welling Utd,8,1,1,6,10,20,-10,4,England - National L. South,0.12,0.88,-10,1.25,0.5,8.33,1.14,14
Slough Town,8,1,1,6,7,19,-12,4,England - National L. South,0.12,0.88,-12,0.88,0.5,8.33,1.14,14
Aveley,8,1,1,6,5,17,-12,4,England - National L. South,0.12,0.88,-12,0.62,0.5,8.33,1.14,14
Weymouth,8,0,2,6,4,16,-12,2,England - National L. South,0.0,1.0,-12,0.5,0.25,0.0,1.0,15
Billericay Town,8,6,0,2,19,9,10,18,England - Isthmian league,0.75,0.25,10,2.38,2.25,1.33,4.0,1
Dartford,8,6,0,2,16,10,6,18,England - Isthmian league,0.75,0.25,6,2.0,2.25,1.33,4.0,1
Horsham,8,6,0,2,14,8,6,18,England - Isthmian league,0.75,0.25,6,1.75,2.25,1.33,4.0,1
Chichester City,8,5,1,2,15,8,7,16,England - Isthmian league,0.62,0.38,7,1.88,2.0,1.61,2.63,2
Wingate & F.,8,4,2,2,15,7,8,14,England - Isthmian league,0.5,0.5,8,1.88,1.75,2.0,2.0,3
Dover Athletic,8,4,1,3,12,8,4,13,England - Isthmian league,0.5,0.5,4,1.5,1.62,2.0,2.0,4
Potters Bar,8,4,1,3,12,8,4,13,England - Isthmian league,0.5,0.5,4,1.5,1.62,2.0,2.0,4
Chatham Town,8,4,1,3,8,6,2,13,England - Isthmian league,0.5,0.5,2,1.0,1.62,2.0,2.0,4
Cray Valley PM,8,4,1,3,13,12,1,13,England - Isthmian league,0.5,0.5,1,1.62,1.62,2.0,2.0,4
Hashtag United,8,3,3,2,17,11,6,12,England - Isthmian league,0.38,0.62,6,2.12,1.5,2.63,1.61,5
Cheshunt,8,4,0,4,11,10,1,12,England - Isthmian league,0.5,0.5,1,1.38,1.5,2.0,2.0,5
Carshalton,8,4,0,4,10,12,-2,12,England - Isthmian league,0.5,0.5,-2,1.25,1.5,2.0,2.0,5
Cray Wanderers,8,3,0,5,11,11,0,9,England - Isthmian league,0.38,0.62,0,1.38,1.12,2.63,1.61,6
Bognor Regis,8,2,3,3,16,20,-4,9,England - Isthmian league,0.25,0.75,-4,2.0,1.12,4.0,1.33,6
Folkestone,8,2,2,4,14,16,-2,8,England - Isthmian league,0.25,0.75,-2,1.75,1.0,4.0,1.33,7
Lewes,8,2,2,4,8,15,-7,8,England - Isthmian league,0.25,0.75,-7,1.0,1.0,4.0,1.33,7
Whitehawk,8,2,1,5,13,16,-3,7,England - Isthmian league,0.25,0.75,-3,1.62,0.88,4.0,1.33,8
Hendon,8,0,5,3,9,13,-4,5,England - Isthmian league,0.0,1.0,-4,1.12,0.62,0.0,1.0,9
Dulwich Hamlet,8,1,2,5,5,13,-8,5,England - Isthmian league,0.12,0.88,-8,0.62,0.62,8.33,1.14,9
Hastings Utd,8,1,1,6,6,13,-7,4,England - Isthmian league,0.12,0.88,-7,0.75,0.5,8.33,1.14,10
Canvey Island,8,0,1,7,5,18,-13,1,England - Isthmian league,0.0,1.0,-13,0.62,0.12,0.0,1.0,11
Bowers & Pitsea,8,0,1,7,2,20,-18,1,England - Isthmian league,0.0,1.0,-18,0.25,0.12,0.0,1.0,11
Stockton Town,8,7,0,1,13,5,8,21,England - Northern league,0.88,0.12,8,1.62,2.62,1.14,8.33,1
Macclesfield,8,6,1,1,25,6,19,19,England - Northern league,0.75,0.25,19,3.12,2.38,1.33,4.0,2
Morpeth Town,8,5,2,1,12,8,4,17,England - Northern league,0.62,0.38,4,1.5,2.12,1.61,2.63,3
Rylands,8,5,1,2,17,9,8,16,England - Northern league,0.62,0.38,8,2.12,2.0,1.61,2.63,4
Worksop Town,8,5,1,2,17,12,5,16,England - Northern league,0.62,0.38,5,2.12,2.0,1.61,2.63,4
Leek Town,8,4,2,2,12,8,4,14,England - Northern league,0.5,0.5,4,1.5,1.75,2.0,2.0,5
Guiseley,8,3,3,2,10,8,2,12,England - Northern league,0.38,0.62,2,1.25,1.5,2.63,1.61,6
FC United,8,3,3,2,7,8,-1,12,England - Northern league,0.38,0.62,-1,0.88,1.5,2.63,1.61,6
Gainsborough,8,2,4,2,9,10,-1,10,England - Northern league,0.25,0.75,-1,1.12,1.25,4.0,1.33,7
Whitby Town,8,3,1,4,10,14,-4,10,England - Northern league,0.38,0.62,-4,1.25,1.25,2.63,1.61,7
Ashton Utd,8,2,2,4,9,12,-3,8,England - Northern league,0.25,0.75,-3,1.12,1.0,4.0,1.33,8
Hyde Utd,8,2,2,4,8,11,-3,8,England - Northern league,0.25,0.75,-3,1.0,1.0,4.0,1.33,8
Hebburn Town,8,1,5,2,9,13,-4,8,England - Northern league,0.12,0.88,-4,1.12,1.0,8.33,1.14,8
Workington,8,2,1,5,12,16,-4,7,England - Northern league,0.25,0.75,-4,1.5,0.88,4.0,1.33,9
Prescot Cables,8,2,1,5,8,15,-7,7,England - Northern league,0.25,0.75,-7,1.0,0.88,4.0,1.33,9
Lancaster City,8,2,0,6,9,15,-6,6,England - Northern league,0.25,0.75,-6,1.12,0.75,4.0,1.33,10
Ilkeston Town,8,1,3,4,6,13,-7,6,England - Northern league,0.12,0.88,-7,0.75,0.75,8.33,1.14,10
Bamber Bridge,8,1,2,5,9,13,-4,5,England - Northern league,0.12,0.88,-4,1.12,0.62,8.33,1.14,11
Matlock,8,0,3,5,9,17,-8,3,England - Northern league,0.0,1.0,-8,1.12,0.38,0.0,1.0,12
Mickleover,8,0,2,6,2,21,-19,2,England - Northern league,0.0,1.0,-19,0.25,0.25,0.0,1.0,13
Basford Utd,8,0,1,7,1,12,-11,1,England - Northern league,0.0,1.0,-11,0.12,0.12,0.0,1.0,14
Blyth Spartans,8,0,1,7,7,24,-17,1,England - Northern league,0.0,1.0,-17,0.88,0.12,0.0,1.0,14
Harborough Town,8,4,4,0,14,5,9,16,England - Southern Central,0.5,0.5,9,1.75,2.0,2.0,2.0,1
Bedford Town,8,5,1,2,11,10,1,16,England - Southern Central,0.62,0.38,1,1.38,2.0,1.61,2.63,1
Bromsgrove,8,5,0,3,13,11,2,15,England - Southern Central,0.62,0.38,2,1.62,1.88,1.61,2.63,2
Kettering Town,8,4,2,2,9,6,3,14,England - Southern Central,0.5,0.5,3,1.12,1.75,2.0,2.0,3
Spalding United,8,4,1,3,18,11,7,13,England - Southern Central,0.5,0.5,7,2.25,1.62,2.0,2.0,4
Stourbridge,8,4,1,3,13,12,1,13,England - Southern Central,0.5,0.5,1,1.62,1.62,2.0,2.0,4
Leiston,8,3,3,2,8,10,-2,12,England - Southern Central,0.38,0.62,-2,1.0,1.5,2.63,1.61,5
Banbury Utd,8,3,2,3,11,11,0,11,England - Southern Central,0.38,0.62,0,1.38,1.38,2.63,1.61,6
Stamford,8,3,2,3,6,10,-4,11,England - Southern Central,0.38,0.62,-4,0.75,1.38,2.63,1.61,6
Halesowen Town,8,2,4,2,4,6,-2,10,England - Southern Central,0.25,0.75,-2,0.5,1.25,4.0,1.33,7
Royston,8,2,3,3,8,8,0,9,England - Southern Central,0.25,0.75,0,1.0,1.12,4.0,1.33,8
Telford Utd,8,1,5,2,13,18,-5,8,England - Southern Central,0.12,0.88,-5,1.62,1.0,8.33,1.14,9
AFC Sudbury,8,2,2,4,8,13,-5,8,England - Southern Central,0.25,0.75,-5,1.0,1.0,4.0,1.33,9
St. Ives Town,8,1,3,4,10,15,-5,6,England - Southern Central,0.12,0.88,-5,1.25,0.75,8.33,1.14,10
Stratford Town,8,1,3,4,6,12,-6,6,England - Southern Central,0.12,0.88,-6,0.75,0.75,8.33,1.14,10
B. Stortford,8,1,3,4,5,13,-8,6,England - Southern Central,0.12,0.88,-8,0.62,0.75,8.33,1.14,10
Alvechurch,8,1,2,5,8,9,-1,5,England - Southern Central,0.12,0.88,-1,1.0,0.62,8.33,1.14,11
Lowestoft,8,1,2,5,10,19,-9,5,England - Southern Central,0.12,0.88,-9,1.25,0.62,8.33,1.14,11
Biggleswade,8,1,1,6,8,16,-8,4,England - Southern Central,0.12,0.88,-8,1.0,0.5,8.33,1.14,12
Barwell,8,1,1,6,9,19,-10,4,England - Southern Central,0.12,0.88,-10,1.12,0.5,8.33,1.14,12
Hitchin Town,8,0,2,6,9,17,-8,2,England - Southern Central,0.0,1.0,-8,1.12,0.25,0.0,1.0,13
Redditch Utd,8,0,1,7,4,12,-8,1,England - Southern Central,0.0,1.0,-8,0.5,0.12,0.0,1.0,14
Levadia,3,3,0,0,6,3,3,9,Estonia - Meistriliiga,1.0,0.0,3,2.0,3.0,1.0,0.0,1
Vaprus,2,2,0,0,6,0,6,6,Estonia - Meistriliiga,1.0,0.0,6,3.0,3.0,1.0,0.0,2
Flora,2,2,0,0,6,1,5,6,Estonia - Meistriliiga,1.0,0.0,5,3.0,3.0,1.0,0.0,2
Narva Trans,2,1,1,0,5,2,3,4,Estonia - Meistriliiga,0.5,0.5,3,2.5,2.0,2.0,2.0,3
Tammeka,3,1,1,1,4,4,0,4,Estonia - Meistriliiga,0.33,0.67,0,1.33,1.33,3.03,1.49,3
Harju JK,3,1,1,1,3,7,-4,4,Estonia - Meistriliiga,0.33,0.67,-4,1.0,1.33,3.03,1.49,3
Paide,2,1,0,1,2,2,0,3,Estonia - Meistriliiga,0.5,0.5,0,1.0,1.5,2.0,2.0,4
Nomme Kalju,3,1,0,2,4,6,-2,3,Estonia - Meistriliiga,0.33,0.67,-2,1.33,1.0,3.03,1.49,4
Kuressaare,3,1,0,2,3,9,-6,3,Estonia - Meistriliiga,0.33,0.67,-6,1.0,1.0,3.03,1.49,4
Tallinna Kalev,2,0,0,2,0,7,-7,0,Estonia - Meistriliiga,0.0,1.0,-7,0.0,0.0,0.0,1.0,5
Nomme Utd,3,3,0,0,6,2,4,9,Estonia - Esiliiga,1.0,0.0,4,2.0,3.0,1.0,0.0,1
Elva,3,2,1,0,6,3,3,7,Estonia - Esiliiga,0.67,0.33,3,2.0,2.33,1.49,3.03,2
Nomme Kalju B,3,2,0,1,4,6,-2,6,Estonia - Esiliiga,0.67,0.33,-2,1.33,2.0,1.49,3.03,3
Levadia B,3,1,1,1,2,3,-1,4,Estonia - Esiliiga,0.33,0.67,-1,0.67,1.33,3.03,1.49,4
Tartu Welco,2,1,0,1,2,3,-1,3,Estonia - Esiliiga,0.5,0.5,-1,1.0,1.5,2.0,2.0,5
Viimsi,2,1,0,1,1,2,-1,3,Estonia - Esiliiga,0.5,0.5,-1,0.5,1.5,2.0,2.0,5
Flora B,2,0,1,1,3,4,-1,1,Estonia - Esiliiga,0.0,1.0,-1,1.5,0.5,0.0,1.0,6
Tallinna K. B,2,0,1,1,2,5,-3,1,Estonia - Esiliiga,0.0,1.0,-3,1.0,0.5,0.0,1.0,6
Tammeka B,2,0,0,2,5,7,-2,0,Estonia - Esiliiga,0.0,1.0,-2,2.5,0.0,0.0,1.0,7
FC Tallinn,3,0,0,3,2,8,-6,0,Estonia - Esiliiga,0.0,1.0,-6,0.67,0.0,0.0,1.0,7
HB Torshavn,2,2,0,0,5,1,4,6,FaroeIslands - Premier League,1.0,0.0,4,2.5,3.0,1.0,0.0,1
Klaksvik,2,2,0,0,5,1,4,6,FaroeIslands - Premier League,1.0,0.0,4,2.5,3.0,1.0,0.0,1
NSI Runavik,1,1,0,0,3,0,3,3,FaroeIslands - Premier League,1.0,0.0,3,3.0,3.0,1.0,0.0,2
Streymur,2,1,0,1,3,2,1,3,FaroeIslands - Premier League,0.5,0.5,1,1.5,1.5,2.0,2.0,2
B36 Torshavn,2,1,0,1,4,4,0,3,FaroeIslands - Premier League,0.5,0.5,0,2.0,1.5,2.0,2.0,2
TB Tvoroyri,2,0,1,1,2,3,-1,1,FaroeIslands - Premier League,0.0,1.0,-1,1.0,0.5,0.0,1.0,3
Vikingur,2,0,1,1,1,2,-1,1,FaroeIslands - Premier League,0.0,1.0,-1,0.5,0.5,0.0,1.0,3
07 Vestur,3,0,1,2,2,7,-5,1,FaroeIslands - Premier League,0.0,1.0,-5,0.67,0.33,0.0,1.0,3
Suduroy,2,0,0,2,0,6,-6,0,FaroeIslands - Premier League,0.0,1.0,-6,0.0,0.0,0.0,1.0,4
B68 Toftir,2,0,0,2,2,14,-12,0,FaroeIslands - Premier League,0.0,1.0,-12,1.0,0.0,0.0,1.0,4
Skala,2,2,0,0,8,0,8,6,FaroeIslands - 1. Deild,1.0,0.0,8,4.0,3.0,1.0,0.0,1
Vikingur B,2,2,0,0,6,3,3,6,FaroeIslands - 1. Deild,1.0,0.0,3,3.0,3.0,1.0,0.0,1
B71 Sandur,3,2,0,1,3,3,0,6,FaroeIslands - 1. Deild,0.67,0.33,0,1.0,2.0,1.49,3.03,1
NSI Runavik B,2,1,0,1,6,2,4,3,FaroeIslands - 1. Deild,0.5,0.5,4,3.0,1.5,2.0,2.0,2
Streymur B,1,1,0,0,1,0,1,3,FaroeIslands - 1. Deild,1.0,0.0,1,1.0,3.0,1.0,0.0,2
IF Fuglafjordur,2,0,2,0,3,3,0,2,FaroeIslands - 1. Deild,0.0,1.0,0,1.5,1.0,0.0,1.0,3
AB Argir,1,0,1,0,0,0,0,1,FaroeIslands - 1. Deild,0.0,1.0,0,0.0,1.0,0.0,1.0,4
Klaksvik B,2,0,1,1,3,5,-2,1,FaroeIslands - 1. Deild,0.0,1.0,-2,1.5,0.5,0.0,1.0,4
B36 Torshavn B,2,0,0,2,1,4,-3,0,FaroeIslands - 1. Deild,0.0,1.0,-3,0.5,0.0,0.0,1.0,5
07 Vestur B,2,0,0,2,1,5,-4,0,FaroeIslands - 1. Deild,0.0,1.0,-4,0.5,0.0,0.0,1.0,5
Jaro,1,1,0,0,2,0,2,3,Finland - Veikkausliiga,1.0,0.0,2,2.0,3.0,1.0,0.0,1
SJK,1,1,0,0,1,0,1,3,Finland - Veikkausliiga,1.0,0.0,1,1.0,3.0,1.0,0.0,1
KuPS,1,0,1,0,1,1,0,1,Finland - Veikkausliiga,0.0,1.0,0,1.0,1.0,0.0,1.0,2
Haka,0,0,0,0,0,0,0,0,Finland - Veikkausliiga,0.0,0.0,0,0.0,0.0,0.0,0.0,3
Ilves,0,0,0,0,0,0,0,0,Finland - Veikkausliiga,0.0,0.0,0,0.0,0.0,0.0,0.0,3
Inter Turku,0,0,0,0,0,0,0,0,Finland - Veikkausliiga,0.0,0.0,0,0.0,0.0,0.0,0.0,3
KTP,0,0,0,0,0,0,0,0,Finland - Veikkausliiga,0.0,0.0,0,0.0,0.0,0.0,0.0,3
Mariehamn,0,0,0,0,0,0,0,0,Finland - Veikkausliiga,0.0,0.0,0,0.0,0.0,0.0,0.0,3
VPS,0,0,0,0,0,0,0,0,Finland - Veikkausliiga,0.0,0.0,0,0.0,0.0,0.0,0.0,3
Oulu,1,0,0,1,3,4,-1,0,Finland - Veikkausliiga,0.0,1.0,-1,3.0,0.0,0.0,1.0,3
Gnistan,1,0,0,1,2,3,-1,0,Finland - Veikkausliiga,0.0,1.0,-1,2.0,0.0,0.0,1.0,3
HJK Helsinki,1,0,0,1,2,3,-1,0,Finland - Veikkausliiga,0.0,1.0,-1,2.0,0.0,0.0,1.0,3
KTP,8,5,1,2,24,12,12,16,Finland - Ykkosliga,0.62,0.38,12,3.0,2.0,1.61,2.63,1
JIPPO,8,5,0,3,15,8,7,15,Finland - Ykkosliga,0.62,0.38,7,1.88,1.88,1.61,2.63,2
Jaro,8,4,1,3,13,13,0,13,Finland - Ykkosliga,0.5,0.5,0,1.62,1.62,2.0,2.0,3
JaPS,8,4,1,3,15,19,-4,13,Finland - Ykkosliga,0.5,0.5,-4,1.88,1.62,2.0,2.0,3
SalPa,8,4,0,4,8,16,-8,12,Finland - Ykkosliga,0.5,0.5,-8,1.0,1.5,2.0,2.0,4
TPS,8,2,5,1,7,5,2,11,Finland - Ykkosliga,0.25,0.75,2,0.88,1.38,4.0,1.33,5
PK-35,8,2,3,3,8,11,-3,9,Finland - Ykkosliga,0.25,0.75,-3,1.0,1.12,4.0,1.33,6
Mikkelin,8,2,2,4,11,16,-5,8,Finland - Ykkosliga,0.25,0.75,-5,1.38,1.0,4.0,1.33,7
KaPa,8,2,1,5,19,26,-7,7,Finland - Ykkosliga,0.25,0.75,-7,2.38,0.88,4.0,1.33,8
SJK Akatemia,8,1,3,4,10,15,-5,6,Finland - Ykkosliga,0.12,0.88,-5,1.25,0.75,8.33,1.14,9
PKKU,8,6,2,0,24,16,8,20,Finland - Ykkonen,0.75,0.25,8,3.0,2.5,1.33,4.0,1
KPV Kokkola,8,6,1,1,20,12,8,19,Finland - Ykkonen,0.75,0.25,8,2.5,2.38,1.33,4.0,2
JJK,8,4,2,2,14,13,1,14,Finland - Ykkonen,0.5,0.5,1,1.75,1.75,2.0,2.0,3
Klubi-04,8,4,1,3,13,10,3,13,Finland - Ykkonen,0.5,0.5,3,1.62,1.62,2.0,2.0,4
Atlantis,8,3,2,3,17,16,1,11,Finland - Ykkonen,0.38,0.62,1,2.12,1.38,2.63,1.61,5
VIFK,8,2,3,3,18,21,-3,9,Finland - Ykkonen,0.25,0.75,-3,2.25,1.12,4.0,1.33,6
Jazz Pori,8,3,0,5,16,20,-4,9,Finland - Ykkonen,0.38,0.62,-4,2.0,1.12,2.63,1.61,6
OLS Oulu,8,2,3,3,12,17,-5,9,Finland - Ykkonen,0.25,0.75,-5,1.5,1.12,4.0,1.33,6
EPS,8,1,4,3,8,10,-2,7,Finland - Ykkonen,0.12,0.88,-2,1.0,0.88,8.33,1.14,7
Rovaniemi,8,2,1,5,10,13,-3,7,Finland - Ykkonen,0.25,0.75,-3,1.25,0.88,4.0,1.33,7
KuPS Ak.,8,1,1,6,9,19,-10,4,Finland - Ykkonen,0.12,0.88,-10,1.12,0.5,8.33,1.14,8
Vaajakoski,8,0,1,7,8,23,-15,1,Finland - Ykkonen,0.0,1.0,-15,1.0,0.12,0.0,1.0,9
NJS,8,4,2,2,14,10,4,14,Finland - Kakkonen Group A,0.5,0.5,4,1.75,1.75,2.0,2.0,1
Reipas,8,3,2,3,12,11,1,11,Finland - Kakkonen Group A,0.38,0.62,1,1.5,1.38,2.63,1.61,2
PEPO,8,2,4,2,17,15,2,10,Finland - Kakkonen Group A,0.25,0.75,2,2.12,1.25,4.0,1.33,3
PPJ,8,3,1,4,13,12,1,10,Finland - Kakkonen Group A,0.38,0.62,1,1.62,1.25,2.63,1.61,3
Kiffen,8,3,1,4,9,12,-3,10,Finland - Kakkonen Group A,0.38,0.62,-3,1.12,1.25,2.63,1.61,3
GrIFK,8,2,3,3,8,11,-3,9,Finland - Kakkonen Group A,0.25,0.75,-3,1.0,1.12,4.0,1.33,4
Atlantis B,8,2,2,4,8,10,-2,8,Finland - Kakkonen Group A,0.25,0.75,-2,1.0,1.0,4.0,1.33,5
Futura,8,2,0,6,10,21,-11,6,Finland - Kakkonen Group A,0.25,0.75,-11,1.25,0.75,4.0,1.33,6
MYPA,8,1,2,5,12,24,-12,5,Finland - Kakkonen Group A,0.12,0.88,-12,1.5,0.62,8.33,1.14,7
JaPS B,8,1,1,6,8,25,-17,4,Finland - Kakkonen Group A,0.12,0.88,-17,1.0,0.5,8.33,1.14,8
Inter Turku B,8,5,1,2,18,10,8,16,Finland - Kakkonen Group B,0.62,0.38,8,2.25,2.0,1.61,2.63,1
Tampere Utd,8,4,2,2,18,10,8,14,Finland - Kakkonen Group B,0.5,0.5,8,2.25,1.75,2.0,2.0,2
HJS Akatemia,8,4,2,2,16,10,6,14,Finland - Kakkonen Group B,0.5,0.5,6,2.0,1.75,2.0,2.0,2
VJS,8,3,3,2,16,13,3,12,Finland - Kakkonen Group B,0.38,0.62,3,2.0,1.5,2.63,1.61,3
TPV,8,3,2,3,15,18,-3,11,Finland - Kakkonen Group B,0.38,0.62,-3,1.88,1.38,2.63,1.61,4
Honka,8,2,3,3,14,14,0,9,Finland - Kakkonen Group B,0.25,0.75,0,1.75,1.12,4.0,1.33,5
Ilves B,8,3,0,5,16,21,-5,9,Finland - Kakkonen Group B,0.38,0.62,-5,2.0,1.12,2.63,1.61,5
Poxyt,8,3,0,5,17,25,-8,9,Finland - Kakkonen Group B,0.38,0.62,-8,2.12,1.12,2.63,1.61,5
Ilves-Kissat,8,2,1,5,14,24,-10,7,Finland - Kakkonen Group B,0.25,0.75,-10,1.75,0.88,4.0,1.33,6
P-Iirot,8,2,0,6,8,16,-8,6,Finland - Kakkonen Group B,0.25,0.75,-8,1.0,0.75,4.0,1.33,7
EBK,8,1,0,7,6,41,-35,3,Finland - Kakkonen Group B,0.12,0.88,-35,0.75,0.38,8.33,1.14,8
JBK,8,6,2,0,19,7,12,20,Finland - Kakkonen Group C,0.75,0.25,12,2.38,2.5,1.33,4.0,1
GBK,8,6,0,2,22,13,9,18,Finland - Kakkonen Group C,0.75,0.25,9,2.75,2.25,1.33,4.0,2
Narpes Kraft,8,4,1,3,17,18,-1,13,Finland - Kakkonen Group C,0.5,0.5,-1,2.12,1.62,2.0,2.0,3
SJK Akatemia B,8,4,0,4,21,17,4,12,Finland - Kakkonen Group C,0.5,0.5,4,2.62,1.5,2.0,2.0,4
TP-47,8,3,2,3,20,13,7,11,Finland - Kakkonen Group C,0.38,0.62,7,2.5,1.38,2.63,1.61,5
JS Hercules,8,2,1,5,15,24,-9,7,Finland - Kakkonen Group C,0.25,0.75,-9,1.88,0.88,4.0,1.33,6
JPS,8,1,3,4,10,14,-4,6,Finland - Kakkonen Group C,0.12,0.88,-4,1.25,0.75,8.33,1.14,7
Kuopion Elo,8,0,4,4,13,21,-8,4,Finland - Kakkonen Group C,0.0,1.0,-8,1.62,0.5,0.0,1.0,8
OTP,8,1,1,6,6,23,-17,4,Finland - Kakkonen Group C,0.12,0.88,-17,0.75,0.5,8.33,1.14,8
OPS,8,1,0,7,10,31,-21,3,Finland - Kakkonen Group C,0.12,0.88,-21,1.25,0.38,8.33,1.14,9
Paris SG,8,7,1,0,25,9,16,22,France - Ligue 1,0.88,0.12,16,3.12,2.75,1.14,8.33,1
Strasbourg,8,6,1,1,11,3,8,19,France - Ligue 1,0.75,0.25,8,1.38,2.38,1.33,4.0,2
Brest,8,4,1,3,11,10,1,13,France - Ligue 1,0.5,0.5,1,1.38,1.62,2.0,2.0,3
Lens,8,4,1,3,10,9,1,13,France - Ligue 1,0.5,0.5,1,1.25,1.62,2.0,2.0,3
Marseille,8,4,0,4,11,13,-2,12,France - Ligue 1,0.5,0.5,-2,1.38,1.5,2.0,2.0,4
Toulouse,8,3,2,3,14,10,4,11,France - Ligue 1,0.38,0.62,4,1.75,1.38,2.63,1.61,5
Nice,8,3,2,3,16,15,1,11,France - Ligue 1,0.38,0.62,1,2.0,1.38,2.63,1.61,5
Le Havre,8,3,2,3,14,17,-3,11,France - Ligue 1,0.38,0.62,-3,1.75,1.38,2.63,1.61,5
Lyon,8,3,1,4,16,14,2,10,France - Ligue 1,0.38,0.62,2,2.0,1.25,2.63,1.61,6
Angers,8,3,1,4,8,10,-2,10,France - Ligue 1,0.38,0.62,-2,1.0,1.25,2.63,1.61,6
Rennes,8,3,0,5,13,9,4,9,France - Ligue 1,0.38,0.62,4,1.62,1.12,2.63,1.61,7
Auxerre,8,2,2,4,9,14,-5,8,France - Ligue 1,0.25,0.75,-5,1.12,1.0,4.0,1.33,8
Nantes,8,2,2,4,10,20,-10,8,France - Ligue 1,0.25,0.75,-10,1.25,1.0,4.0,1.33,8
Monaco,8,1,3,4,9,13,-4,6,France - Ligue 1,0.12,0.88,-4,1.12,0.75,8.33,1.14,9
Lille,8,1,3,4,8,12,-4,6,France - Ligue 1,0.12,0.88,-4,1.0,0.75,8.33,1.14,9
Reims,8,1,3,4,5,12,-7,6,France - Ligue 1,0.12,0.88,-7,0.62,0.75,8.33,1.14,9
Saint-Etienne,8,1,2,5,8,16,-8,5,France - Ligue 1,0.12,0.88,-8,1.0,0.62,8.33,1.14,10
Montpellier,8,1,0,7,2,11,-9,3,France - Ligue 1,0.12,0.88,-9,0.25,0.38,8.33,1.14,11
Guingamp,8,5,1,2,13,8,5,16,France - Ligue 2,0.62,0.38,5,1.62,2.0,1.61,2.63,1
Metz,8,3,5,0,12,7,5,14,France - Ligue 2,0.38,0.62,5,1.5,1.75,2.63,1.61,2
Laval,8,4,2,2,10,8,2,14,France - Ligue 2,0.5,0.5,2,1.25,1.75,2.0,2.0,2
Lorient,8,4,1,3,9,9,0,13,France - Ligue 2,0.5,0.5,0,1.12,1.62,2.0,2.0,3
Grenoble,8,3,2,3,8,9,-1,11,France - Ligue 2,0.38,0.62,-1,1.0,1.38,2.63,1.61,4
USL Dunkerque,8,3,2,3,9,12,-3,11,France - Ligue 2,0.38,0.62,-3,1.12,1.38,2.63,1.61,4
Paris FC,8,3,1,4,7,11,-4,10,France - Ligue 2,0.38,0.62,-4,0.88,1.25,2.63,1.61,5
AC Ajaccio,8,3,1,4,6,11,-5,10,France - Ligue 2,0.38,0.62,-5,0.75,1.25,2.63,1.61,5
Annecy,8,3,1,4,5,10,-5,10,France - Ligue 2,0.38,0.62,-5,0.62,1.25,2.63,1.61,5
Troyes,8,3,0,5,9,9,0,9,France - Ligue 2,0.38,0.62,0,1.12,1.12,2.63,1.61,6
Martigues,8,3,0,5,4,9,-5,9,France - Ligue 2,0.38,0.62,-5,0.5,1.12,2.63,1.61,6
Rodez Aveyron,8,1,4,3,13,14,-1,7,France - Ligue 2,0.12,0.88,-1,1.62,0.88,8.33,1.14,7
Pau FC,8,1,4,3,9,15,-6,7,France - Ligue 2,0.12,0.88,-6,1.12,0.88,8.33,1.14,7
Red Star,8,1,3,4,8,14,-6,6,France - Ligue 2,0.12,0.88,-6,1.0,0.75,8.33,1.14,8
SC Bastia,8,1,3,4,6,12,-6,6,France - Ligue 2,0.12,0.88,-6,0.75,0.75,8.33,1.14,8
Clermont,8,2,0,6,6,16,-10,6,France - Ligue 2,0.25,0.75,-10,0.75,0.75,4.0,1.33,8
Amiens,8,1,2,5,6,13,-7,5,France - Ligue 2,0.12,0.88,-7,0.75,0.62,8.33,1.14,9
Caen,8,1,0,7,6,16,-10,3,France - Ligue 2,0.12,0.88,-10,0.75,0.38,8.33,1.14,10
Le Mans,8,4,2,2,14,7,7,14,France - National,0.5,0.5,7,1.75,1.75,2.0,2.0,1
Boulogne,8,4,2,2,12,10,2,14,France - National,0.5,0.5,2,1.5,1.75,2.0,2.0,1
Nancy,8,4,1,3,10,8,2,13,France - National,0.5,0.5,2,1.25,1.62,2.0,2.0,2
Aubagne,8,3,2,3,12,9,3,11,France - National,0.38,0.62,3,1.5,1.38,2.63,1.61,3
Villefranche,8,3,2,3,10,9,1,11,France - National,0.38,0.62,1,1.25,1.38,2.63,1.61,3
Bourg-en-Bresse,8,3,2,3,9,8,1,11,France - National,0.38,0.62,1,1.12,1.38,2.63,1.61,3
Valenciennes,8,3,2,3,9,8,1,11,France - National,0.38,0.62,1,1.12,1.38,2.63,1.61,3
Rouen,8,3,2,3,8,7,1,11,France - National,0.38,0.62,1,1.0,1.38,2.63,1.61,3
Dijon,8,2,4,2,6,7,-1,10,France - National,0.25,0.75,-1,0.75,1.25,4.0,1.33,4
Orleans,8,2,3,3,7,8,-1,9,France - National,0.25,0.75,-1,0.88,1.12,4.0,1.33,5
Quevilly Rouen,8,2,3,3,9,12,-3,9,France - National,0.25,0.75,-3,1.12,1.12,4.0,1.33,5
Concarneau,8,2,1,5,9,14,-5,7,France - National,0.25,0.75,-5,1.12,0.88,4.0,1.33,6
Chateauroux,8,1,4,3,9,15,-6,7,France - National,0.12,0.88,-6,1.12,0.88,8.33,1.14,6
Versailles,8,1,3,4,9,14,-5,6,France - National,0.12,0.88,-5,1.12,0.75,8.33,1.14,7
Paris 13 A.,8,1,3,4,8,13,-5,6,France - National,0.12,0.88,-5,1.0,0.75,8.33,1.14,7
Sochaux,8,0,5,3,6,10,-4,5,France - National,0.0,1.0,-4,0.75,0.62,0.0,1.0,8
Nimes,8,1,2,5,7,12,-5,5,France - National,0.12,0.88,-5,0.88,0.62,8.33,1.14,8
Dinamo Tbilisi,4,1,2,1,5,2,3,5,Georgia - Erovnuli Liga,0.25,0.75,3,1.25,1.25,4.0,1.33,1
Samgurali,3,1,1,1,4,3,1,4,Georgia - Erovnuli Liga,0.33,0.67,1,1.33,1.33,3.03,1.49,2
Dila Gori,2,1,1,0,2,1,1,4,Georgia - Erovnuli Liga,0.5,0.5,1,1.0,2.0,2.0,2.0,2
Iberia,2,1,1,0,1,0,1,4,Georgia - Erovnuli Liga,0.5,0.5,1,0.5,2.0,2.0,2.0,2
Gagra,2,1,0,1,3,2,1,3,Georgia - Erovnuli Liga,0.5,0.5,1,1.5,1.5,2.0,2.0,3
Dinamo Batumi,3,0,3,0,2,2,0,3,Georgia - Erovnuli Liga,0.0,1.0,0,0.67,1.0,0.0,1.0,3
Torpedo Kutaisi,3,1,0,2,2,4,-2,3,Georgia - Erovnuli Liga,0.33,0.67,-2,0.67,1.0,3.03,1.49,3
Gareji Sagarejo,5,1,0,4,3,7,-4,3,Georgia - Erovnuli Liga,0.2,0.8,-4,0.6,0.6,5.0,1.25,3
Kolkheti Poti,3,1,0,2,1,5,-4,3,Georgia - Erovnuli Liga,0.33,0.67,-4,0.33,1.0,3.03,1.49,3
Telavi,3,1,0,2,3,9,-6,3,Georgia - Erovnuli Liga,0.33,0.67,-6,1.0,1.0,3.03,1.49,3
Spaeri,2,2,0,0,7,4,3,6,Georgia - Erovnuli Liga 2,1.0,0.0,3,3.5,3.0,1.0,0.0,1
Merani Martvili,3,2,0,1,5,4,1,6,Georgia - Erovnuli Liga 2,0.67,0.33,1,1.67,2.0,1.49,3.03,1
Gonio,3,1,2,0,3,2,1,5,Georgia - Erovnuli Liga 2,0.33,0.67,1,1.0,1.67,3.03,1.49,2
Meshakhte,3,1,1,1,2,4,-2,4,Georgia - Erovnuli Liga 2,0.33,0.67,-2,0.67,1.33,3.03,1.49,3
Samtredia,2,1,0,1,2,2,0,3,Georgia - Erovnuli Liga 2,0.5,0.5,0,1.0,1.5,2.0,2.0,4
Rustavi,2,0,2,0,3,3,0,2,Georgia - Erovnuli Liga 2,0.0,1.0,0,1.5,1.0,0.0,1.0,5
L. Tbilisi,2,0,2,0,2,2,0,2,Georgia - Erovnuli Liga 2,0.0,1.0,0,1.0,1.0,0.0,1.0,5
D. Tbilisi B,3,0,2,1,5,7,-2,2,Georgia - Erovnuli Liga 2,0.0,1.0,-2,1.67,0.67,0.0,1.0,5
Iberia B,3,0,2,1,2,4,-2,2,Georgia - Erovnuli Liga 2,0.0,1.0,-2,0.67,0.67,0.0,1.0,5
Bolnisi,2,0,1,1,1,2,-1,1,Georgia - Erovnuli Liga 2,0.0,1.0,-1,0.5,0.5,0.0,1.0,6
Leverkusen,8,6,2,0,18,8,10,20,Germany - Bundesliga,0.75,0.25,10,2.25,2.5,1.33,4.0,1
Monchengladbach,8,5,1,2,16,14,2,16,Germany - Bundesliga,0.62,0.38,2,2.0,2.0,1.61,2.63,2
Bayern Munich,8,4,3,1,12,7,5,15,Germany - Bundesliga,0.5,0.5,5,1.5,1.88,2.0,2.0,3
FC Augsburg,8,4,3,1,11,7,4,15,Germany - Bundesliga,0.5,0.5,4,1.38,1.88,2.0,2.0,3
Stuttgart,8,4,2,2,13,8,5,14,Germany - Bundesliga,0.5,0.5,5,1.62,1.75,2.0,2.0,4
Werder Bremen,8,4,1,3,12,14,-2,13,Germany - Bundesliga,0.5,0.5,-2,1.5,1.62,2.0,2.0,5
FSV Mainz,8,4,0,4,12,10,2,12,Germany - Bundesliga,0.5,0.5,2,1.5,1.5,2.0,2.0,6
Dortmund,8,4,0,4,13,13,0,12,Germany - Bundesliga,0.5,0.5,0,1.62,1.5,2.0,2.0,6
E. Frankfurt,8,3,2,3,12,12,0,11,Germany - Bundesliga,0.38,0.62,0,1.5,1.38,2.63,1.61,7
Wolfsburg,8,3,1,4,10,11,-1,10,Germany - Bundesliga,0.38,0.62,-1,1.25,1.25,2.63,1.61,8
Hoffenheim,8,3,1,4,10,15,-5,10,Germany - Bundesliga,0.38,0.62,-5,1.25,1.25,2.63,1.61,8
Union Berlin,8,3,0,5,11,20,-9,9,Germany - Bundesliga,0.38,0.62,-9,1.38,1.12,2.63,1.61,9
Freiburg,8,2,3,3,7,16,-9,9,Germany - Bundesliga,0.25,0.75,-9,0.88,1.12,4.0,1.33,9
Bochum,8,2,2,4,9,14,-5,8,Germany - Bundesliga,0.25,0.75,-5,1.12,1.0,4.0,1.33,10
RB Leipzig,8,1,4,3,7,11,-4,7,Germany - Bundesliga,0.12,0.88,-4,0.88,0.88,8.33,1.14,11
Sankt Pauli,8,2,1,5,7,11,-4,7,Germany - Bundesliga,0.25,0.75,-4,0.88,0.88,4.0,1.33,11
Heidenheim,8,1,3,4,10,15,-5,6,Germany - Bundesliga,0.12,0.88,-5,1.25,0.75,8.33,1.14,12
Holstein Kiel,8,1,2,5,12,20,-8,5,Germany - Bundesliga,0.12,0.88,-8,1.5,0.62,8.33,1.14,13
Magdeburg,8,5,2,1,20,11,9,17,Germany - 2. Bundesliga,0.62,0.38,9,2.5,2.12,1.61,2.63,1
Hamburger SV,8,5,2,1,16,8,8,17,Germany - 2. Bundesliga,0.62,0.38,8,2.0,2.12,1.61,2.63,1
FC Koln,8,5,0,3,7,7,0,15,Germany - 2. Bundesliga,0.62,0.38,0,0.88,1.88,1.61,2.63,2
Paderborn,8,3,4,1,11,7,4,13,Germany - 2. Bundesliga,0.38,0.62,4,1.38,1.62,2.63,1.61,3
Elversberg,8,3,3,2,9,3,6,12,Germany - 2. Bundesliga,0.38,0.62,6,1.12,1.5,2.63,1.61,4
Schalke 04,8,3,3,2,15,12,3,12,Germany - 2. Bundesliga,0.38,0.62,3,1.88,1.5,2.63,1.61,4
Hannover 96,8,3,3,2,9,8,1,12,Germany - 2. Bundesliga,0.38,0.62,1,1.12,1.5,2.63,1.61,4
Hertha Berlin,8,3,1,4,10,12,-2,10,Germany - 2. Bundesliga,0.38,0.62,-2,1.25,1.25,2.63,1.61,5
Kaiserslautern,8,3,1,4,12,17,-5,10,Germany - 2. Bundesliga,0.38,0.62,-5,1.5,1.25,2.63,1.61,5
Preuss. Munster,8,2,2,4,6,9,-3,8,Germany - 2. Bundesliga,0.25,0.75,-3,0.75,1.0,4.0,1.33,6
FC Nurnberg,8,2,1,5,11,16,-5,7,Germany - 2. Bundesliga,0.25,0.75,-5,1.38,0.88,4.0,1.33,7
Dusseldorf,8,1,4,3,10,15,-5,7,Germany - 2. Bundesliga,0.12,0.88,-5,1.25,0.88,8.33,1.14,7
Karlsruher SC,8,2,1,5,11,18,-7,7,Germany - 2. Bundesliga,0.25,0.75,-7,1.38,0.88,4.0,1.33,7
Greuther Furth,8,2,1,5,6,16,-10,7,Germany - 2. Bundesliga,0.25,0.75,-10,0.75,0.88,4.0,1.33,7
Braunschweig,8,1,3,4,7,15,-8,6,Germany - 2. Bundesliga,0.12,0.88,-8,0.88,0.75,8.33,1.14,8
Ulm,8,0,3,5,7,13,-6,3,Germany - 2. Bundesliga,0.0,1.0,-6,0.88,0.38,0.0,1.0,9
Darmstadt,8,0,2,6,8,16,-8,2,Germany - 2. Bundesliga,0.0,1.0,-8,1.0,0.25,0.0,1.0,10
Regensburg,8,0,1,7,4,23,-19,1,Germany - 2. Bundesliga,0.0,1.0,-19,0.5,0.12,0.0,1.0,11
Verl,8,5,1,2,17,10,7,16,Germany - 3. Liga,0.62,0.38,7,2.12,2.0,1.61,2.63,1
Osnabruck,8,4,3,1,14,9,5,15,Germany - 3. Liga,0.5,0.5,5,1.75,1.88,2.0,2.0,2
Dynamo Dresden,8,4,2,2,14,9,5,14,Germany - 3. Liga,0.5,0.5,5,1.75,1.75,2.0,2.0,3
Bielefeld,8,4,1,3,11,7,4,13,Germany - 3. Liga,0.5,0.5,4,1.38,1.62,2.0,2.0,4
Wehen Wiesbaden,8,3,2,3,11,10,1,11,Germany - 3. Liga,0.38,0.62,1,1.38,1.38,2.63,1.61,5
Energie Cottbus,8,3,2,3,7,10,-3,11,Germany - 3. Liga,0.38,0.62,-3,0.88,1.38,2.63,1.61,5
1860 Munchen,8,3,1,4,11,15,-4,10,Germany - 3. Liga,0.38,0.62,-4,1.38,1.25,2.63,1.61,6
FC Ingolstadt,8,2,3,3,13,12,1,9,Germany - 3. Liga,0.25,0.75,1,1.62,1.12,4.0,1.33,7
Alemannia A.,8,2,3,3,11,10,1,9,Germany - 3. Liga,0.25,0.75,1,1.38,1.12,4.0,1.33,7
Dortmund B,8,2,3,3,7,7,0,9,Germany - 3. Liga,0.25,0.75,0,0.88,1.12,4.0,1.33,7
Viktoria Koln,8,2,3,3,11,14,-3,9,Germany - 3. Liga,0.25,0.75,-3,1.38,1.12,4.0,1.33,7
Saarbrucken,8,2,3,3,8,11,-3,9,Germany - 3. Liga,0.25,0.75,-3,1.0,1.12,4.0,1.33,7
Hansa Rostock,8,3,0,5,10,14,-4,9,Germany - 3. Liga,0.38,0.62,-4,1.25,1.12,2.63,1.61,7
RW Essen,8,3,0,5,6,11,-5,9,Germany - 3. Liga,0.38,0.62,-5,0.75,1.12,2.63,1.61,7
Erzgebirge Aue,8,2,0,6,12,16,-4,6,Germany - 3. Liga,0.25,0.75,-4,1.5,0.75,4.0,1.33,8
VfB Stuttgart B,8,1,3,4,9,14,-5,6,Germany - 3. Liga,0.12,0.88,-5,1.12,0.75,8.33,1.14,8
Mannheim,8,1,2,5,6,11,-5,5,Germany - 3. Liga,0.12,0.88,-5,0.75,0.62,8.33,1.14,9
Hannover 96 B,8,1,2,5,9,18,-9,5,Germany - 3. Liga,0.12,0.88,-9,1.12,0.62,8.33,1.14,9
Unterhaching,8,0,3,5,9,17,-8,3,Germany - 3. Liga,0.0,1.0,-8,1.12,0.38,0.0,1.0,10
Sandhausen,8,0,1,7,8,16,-8,1,Germany - 3. Liga,0.0,1.0,-8,1.0,0.12,0.0,1.0,11
Dreams,8,3,4,1,6,6,0,13,Ghana - Premier League,0.38,0.62,0,0.75,1.62,2.63,1.61,1
Hearts of Oak,8,3,3,2,7,5,2,12,Ghana - Premier League,0.38,0.62,2,0.88,1.5,2.63,1.61,2
Heart of Lions,8,3,2,3,7,7,0,11,Ghana - Premier League,0.38,0.62,0,0.88,1.38,2.63,1.61,3
Nations,8,3,2,3,5,5,0,11,Ghana - Premier League,0.38,0.62,0,0.62,1.38,2.63,1.61,3
Asante Kotoko,8,2,4,2,7,6,1,10,Ghana - Premier League,0.25,0.75,1,0.88,1.25,4.0,1.33,4
Aduana Stars,8,2,4,2,5,6,-1,10,Ghana - Premier League,0.25,0.75,-1,0.62,1.25,4.0,1.33,4
Samartex,8,2,3,3,5,6,-1,9,Ghana - Premier League,0.25,0.75,-1,0.62,1.12,4.0,1.33,5
Bechem Utd,8,2,1,5,6,11,-5,7,Ghana - Premier League,0.25,0.75,-5,0.75,0.88,4.0,1.33,6
Bibiani GS,8,2,1,5,5,10,-5,7,Ghana - Premier League,0.25,0.75,-5,0.62,0.88,4.0,1.33,6
Young Apostles,8,2,1,5,5,12,-7,7,Ghana - Premier League,0.25,0.75,-7,0.62,0.88,4.0,1.33,6
Medeama,8,1,1,6,8,12,-4,4,Ghana - Premier League,0.12,0.88,-4,1.0,0.5,8.33,1.14,7
Accra Lions,8,1,1,6,5,10,-5,4,Ghana - Premier League,0.12,0.88,-5,0.62,0.5,8.33,1.14,7
Karela,8,1,1,6,1,7,-6,4,Ghana - Premier League,0.12,0.88,-6,0.12,0.5,8.33,1.14,7
Berekum Chelsea,8,1,0,7,5,13,-8,3,Ghana - Premier League,0.12,0.88,-8,0.62,0.38,8.33,1.14,8
Vision,8,0,3,5,4,13,-9,3,Ghana - Premier League,0.0,1.0,-9,0.5,0.38,0.0,1.0,8
Holy Stars,8,0,2,6,8,16,-8,2,Ghana - Premier League,0.0,1.0,-8,1.0,0.25,0.0,1.0,9
Nsoatreman,8,0,1,7,2,15,-13,1,Ghana - Premier League,0.0,1.0,-13,0.25,0.12,0.0,1.0,10
Legon Cities,8,0,1,7,1,14,-13,1,Ghana - Premier League,0.0,1.0,-13,0.12,0.12,0.0,1.0,10
Lincoln RI,8,7,1,0,27,1,26,22,Gibraltar - Premier Division,0.88,0.12,26,3.38,2.75,1.14,8.33,1
St Josephs,8,6,2,0,27,6,21,20,Gibraltar - Premier Division,0.75,0.25,21,3.38,2.5,1.33,4.0,2
Manchester 62,8,5,0,3,17,8,9,15,Gibraltar - Premier Division,0.62,0.38,9,2.12,1.88,1.61,2.63,3
Europa FC,8,4,2,2,19,11,8,14,Gibraltar - Premier Division,0.5,0.5,8,2.38,1.75,2.0,2.0,4
Magpies,8,4,0,4,24,10,14,12,Gibraltar - Premier Division,0.5,0.5,14,3.0,1.5,2.0,2.0,5
Lions FC,8,3,2,3,12,11,1,11,Gibraltar - Premier Division,0.38,0.62,1,1.5,1.38,2.63,1.61,6
College 1975,8,2,1,5,9,17,-8,7,Gibraltar - Premier Division,0.25,0.75,-8,1.12,0.88,4.0,1.33,7
Glacis Utd,8,2,0,6,11,26,-15,6,Gibraltar - Premier Division,0.25,0.75,-15,1.38,0.75,4.0,1.33,8
Lynx,8,1,1,6,7,19,-12,4,Gibraltar - Premier Division,0.12,0.88,-12,0.88,0.5,8.33,1.14,9
Mons Calpe,8,1,1,6,8,23,-15,4,Gibraltar - Premier Division,0.12,0.88,-15,1.0,0.5,8.33,1.14,9
Europa Point,8,0,1,7,5,23,-18,1,Gibraltar - Premier Division,0.0,1.0,-18,0.62,0.12,0.0,1.0,10
Olympiakos,8,6,1,1,14,4,10,19,Greece - Super League,0.75,0.25,10,1.75,2.38,1.33,4.0,1
AEK Athens,8,5,1,2,13,8,5,16,Greece - Super League,0.62,0.38,5,1.62,2.0,1.61,2.63,2
Levadiakos,8,4,3,1,11,6,5,15,Greece - Super League,0.5,0.5,5,1.38,1.88,2.0,2.0,3
PAOK,8,4,1,3,16,9,7,13,Greece - Super League,0.5,0.5,7,2.0,1.62,2.0,2.0,4
Atromitos,8,4,1,3,10,9,1,13,Greece - Super League,0.5,0.5,1,1.25,1.62,2.0,2.0,4
Panathinaikos,8,2,3,3,9,13,-4,9,Greece - Super League,0.25,0.75,-4,1.12,1.12,4.0,1.33,5
OFI Crete,8,2,2,4,8,10,-2,8,Greece - Super League,0.25,0.75,-2,1.0,1.0,4.0,1.33,6
Panaitolikos,8,2,2,4,3,7,-4,8,Greece - Super League,0.25,0.75,-4,0.38,1.0,4.0,1.33,6
A. Kallithea,8,2,1,5,7,11,-4,7,Greece - Super League,0.25,0.75,-4,0.88,0.88,4.0,1.33,7
Asteras T.,8,2,1,5,7,13,-6,7,Greece - Super League,0.25,0.75,-6,0.88,0.88,4.0,1.33,7
Aris,8,2,1,5,8,15,-7,7,Greece - Super League,0.25,0.75,-7,1.0,0.88,4.0,1.33,7
Panserraikos,8,2,0,6,6,16,-10,6,Greece - Super League,0.25,0.75,-10,0.75,0.75,4.0,1.33,8
Volos,8,1,2,5,5,15,-10,5,Greece - Super League,0.12,0.88,-10,0.62,0.62,8.33,1.14,9
Lamia,8,0,2,6,2,17,-15,2,Greece - Super League,0.0,1.0,-15,0.25,0.25,0.0,1.0,10
Comunicaciones,8,3,2,3,11,12,-1,11,Guatemala - Liga Nacional - Apertura,0.38,0.62,-1,1.38,1.38,2.63,1.61,1
Xelaju,8,2,4,2,8,5,3,10,Guatemala - Liga Nacional - Apertura,0.25,0.75,3,1.0,1.25,4.0,1.33,2
Coban Imperial,8,3,1,4,8,8,0,10,Guatemala - Liga Nacional - Apertura,0.38,0.62,0,1.0,1.25,2.63,1.61,2
Municipal,8,2,4,2,5,10,-5,10,Guatemala - Liga Nacional - Apertura,0.25,0.75,-5,0.62,1.25,4.0,1.33,2
Malacateco,8,2,3,3,7,10,-3,9,Guatemala - Liga Nacional - Apertura,0.25,0.75,-3,0.88,1.12,4.0,1.33,3
Xinabajul,8,2,3,3,11,15,-4,9,Guatemala - Liga Nacional - Apertura,0.25,0.75,-4,1.38,1.12,4.0,1.33,3
Achuapa,8,2,2,4,5,10,-5,8,Guatemala - Liga Nacional - Apertura,0.25,0.75,-5,0.62,1.0,4.0,1.33,4
Mixco,8,2,1,5,8,16,-8,7,Guatemala - Liga Nacional - Apertura,0.25,0.75,-8,1.0,0.88,4.0,1.33,5
Antigua GFC,8,1,3,4,9,15,-6,6,Guatemala - Liga Nacional - Apertura,0.12,0.88,-6,1.12,0.75,8.33,1.14,6
Guastatoya,8,0,4,4,3,11,-8,4,Guatemala - Liga Nacional - Apertura,0.0,1.0,-8,0.38,0.5,0.0,1.0,7
Marquense,8,0,2,6,3,19,-16,2,Guatemala - Liga Nacional - Apertura,0.0,1.0,-16,0.38,0.25,0.0,1.0,8
Zacapa Tellioz,8,0,2,6,3,21,-18,2,Guatemala - Liga Nacional - Apertura,0.0,1.0,-18,0.38,0.25,0.0,1.0,8
Municipal,7,3,2,2,8,5,3,11,guatemala2,0.43,0.57,3,1.14,1.57,2.33,1.75,1
Comunicaciones,8,2,4,2,6,6,0,10,guatemala2,0.25,0.75,0,0.75,1.25,4.0,1.33,2
Antigua GFC,7,3,1,3,7,11,-4,10,guatemala2,0.43,0.57,-4,1.0,1.43,2.33,1.75,2
Coban Imperial,8,3,0,5,11,17,-6,9,guatemala2,0.38,0.62,-6,1.38,1.12,2.63,1.61,3
Marquense,8,2,2,4,7,11,-4,8,guatemala2,0.25,0.75,-4,0.88,1.0,4.0,1.33,4
Mixco,7,1,4,2,6,8,-2,7,guatemala2,0.14,0.86,-2,0.86,1.0,7.14,1.16,5
Guastatoya,7,2,1,4,6,12,-6,7,guatemala2,0.29,0.71,-6,0.86,1.0,3.45,1.41,5
Xinabajul,7,2,1,4,8,18,-10,7,guatemala2,0.29,0.71,-10,1.14,1.0,3.45,1.41,5
Malacateco,8,1,2,5,9,14,-5,5,guatemala2,0.12,0.88,-5,1.12,0.62,8.33,1.14,6
Achuapa,7,1,0,6,6,10,-4,3,guatemala2,0.14,0.86,-4,0.86,0.43,7.14,1.16,7
Xelaju,8,0,2,6,4,11,-7,2,guatemala2,0.0,1.0,-7,0.5,0.25,0.0,1.0,8
Motagua,8,5,2,1,17,6,11,17,Honduras - Liga Nacional - Apertura,0.62,0.38,11,2.12,2.12,1.61,2.63,1
Olimpia,8,4,2,2,10,7,3,14,Honduras - Liga Nacional - Apertura,0.5,0.5,3,1.25,1.75,2.0,2.0,2
Real Espana,8,3,2,3,8,6,2,11,Honduras - Liga Nacional - Apertura,0.38,0.62,2,1.0,1.38,2.63,1.61,3
Marathon,8,3,2,3,8,10,-2,11,Honduras - Liga Nacional - Apertura,0.38,0.62,-2,1.0,1.38,2.63,1.61,3
Genesis,8,2,2,4,10,15,-5,8,Honduras - Liga Nacional - Apertura,0.25,0.75,-5,1.25,1.0,4.0,1.33,4
Olancho,8,1,4,3,6,12,-6,7,Honduras - Liga Nacional - Apertura,0.12,0.88,-6,0.75,0.88,8.33,1.14,5
Real Sociedad,8,1,3,4,11,19,-8,6,Honduras - Liga Nacional - Apertura,0.12,0.88,-8,1.38,0.75,8.33,1.14,6
UPNFM,8,1,2,5,4,16,-12,5,Honduras - Liga Nacional - Apertura,0.12,0.88,-12,0.5,0.62,8.33,1.14,7
Juticalpa,8,1,2,5,5,20,-15,5,Honduras - Liga Nacional - Apertura,0.12,0.88,-15,0.62,0.62,8.33,1.14,7
Victoria,8,0,2,6,8,18,-10,2,Honduras - Liga Nacional - Apertura,0.0,1.0,-10,1.0,0.25,0.0,1.0,8
Olimpia,7,4,1,2,10,5,5,13,honduras2,0.57,0.43,5,1.43,1.86,1.75,2.33,1
Real Espana,7,4,1,2,11,7,4,13,honduras2,0.57,0.43,4,1.57,1.86,1.75,2.33,1
Marathon,7,3,3,1,11,6,5,12,honduras2,0.43,0.57,5,1.57,1.71,2.33,1.75,2
Victoria,7,2,3,2,10,9,1,9,honduras2,0.29,0.71,1,1.43,1.29,3.45,1.41,3
Motagua,6,1,3,2,6,6,0,6,honduras2,0.17,0.83,0,1.0,1.0,5.88,1.2,4
Genesis,6,1,3,2,5,8,-3,6,honduras2,0.17,0.83,-3,0.83,1.0,5.88,1.2,4
Juticalpa,7,1,2,4,2,12,-10,5,honduras2,0.14,0.86,-10,0.29,0.71,7.14,1.16,5
Olancho,7,0,4,3,8,12,-4,4,honduras2,0.0,1.0,-4,1.14,0.57,0.0,1.0,6
Real Sociedad,7,0,4,3,4,11,-7,4,honduras2,0.0,1.0,-7,0.57,0.57,0.0,1.0,6
UPNFM,7,0,3,4,4,16,-12,3,honduras2,0.0,1.0,-12,0.57,0.43,0.0,1.0,7
Tai Po,8,7,0,1,29,11,18,21,Hong Kong - Premier League,0.88,0.12,18,3.62,2.62,1.14,8.33,1
Eastern,8,6,1,1,18,8,10,19,Hong Kong - Premier League,0.75,0.25,10,2.25,2.38,1.33,4.0,2
Kitchee,8,5,2,1,17,7,10,17,Hong Kong - Premier League,0.62,0.38,10,2.12,2.12,1.61,2.63,3
LM Warriors,8,5,1,2,12,9,3,16,Hong Kong - Premier League,0.62,0.38,3,1.5,2.0,1.61,2.63,4
Kowloon City,8,3,2,3,12,13,-1,11,Hong Kong - Premier League,0.38,0.62,-1,1.5,1.38,2.63,1.61,5
North District,8,2,0,6,12,24,-12,6,Hong Kong - Premier League,0.25,0.75,-12,1.5,0.75,4.0,1.33,6
Southern D.,8,1,2,5,10,15,-5,5,Hong Kong - Premier League,0.12,0.88,-5,1.25,0.62,8.33,1.14,7
HK Rangers,8,1,2,5,11,24,-13,5,Hong Kong - Premier League,0.12,0.88,-13,1.38,0.62,8.33,1.14,7
Hong Kong FC,8,0,1,7,4,20,-16,1,Hong Kong - Premier League,0.0,1.0,-16,0.5,0.12,0.0,1.0,8
Puskas A.,8,5,1,2,12,5,7,16,Hungary - NB I,0.62,0.38,7,1.5,2.0,1.61,2.63,1
Gyor,8,3,5,0,13,8,5,14,Hungary - NB I,0.38,0.62,5,1.62,1.75,2.63,1.61,2
Ferencvaros,8,3,3,2,12,10,2,12,Hungary - NB I,0.38,0.62,2,1.5,1.5,2.63,1.61,3
Paks,8,2,3,3,11,13,-2,9,Hungary - NB I,0.25,0.75,-2,1.38,1.12,4.0,1.33,4
DVTK,8,2,3,3,13,19,-6,9,Hungary - NB I,0.25,0.75,-6,1.62,1.12,4.0,1.33,4
Ujpest,8,2,3,3,6,14,-8,9,Hungary - NB I,0.25,0.75,-8,0.75,1.12,4.0,1.33,4
Debrecen,8,2,2,4,12,14,-2,8,Hungary - NB I,0.25,0.75,-2,1.5,1.0,4.0,1.33,5
Zalaegerszegi,8,2,2,4,8,10,-2,8,Hungary - NB I,0.25,0.75,-2,1.0,1.0,4.0,1.33,5
Fehervar,8,2,2,4,9,13,-4,8,Hungary - NB I,0.25,0.75,-4,1.12,1.0,4.0,1.33,5
MTK Budapest,8,1,3,4,10,16,-6,6,Hungary - NB I,0.12,0.88,-6,1.25,0.75,8.33,1.14,6
Kecskemeti TE,8,1,3,4,8,19,-11,6,Hungary - NB I,0.12,0.88,-11,1.0,0.75,8.33,1.14,6
Nyiregyhaza,8,1,2,5,4,13,-9,5,Hungary - NB I,0.12,0.88,-9,0.5,0.62,8.33,1.14,7
Kisvarda,8,6,1,1,16,9,7,19,Hungary - NB II,0.75,0.25,7,2.0,2.38,1.33,4.0,1
Kazincbarcika,8,2,5,1,14,7,7,11,Hungary - NB II,0.25,0.75,7,1.75,1.38,4.0,1.33,2
Mezokovesd,8,3,2,3,10,8,2,11,Hungary - NB II,0.38,0.62,2,1.25,1.38,2.63,1.61,2
Vasas,8,3,2,3,8,7,1,11,Hungary - NB II,0.38,0.62,1,1.0,1.38,2.63,1.61,2
BVSC,8,3,2,3,9,9,0,11,Hungary - NB II,0.38,0.62,0,1.12,1.38,2.63,1.61,2
Kozarmisleny,8,3,2,3,8,12,-4,11,Hungary - NB II,0.38,0.62,-4,1.0,1.38,2.63,1.61,2
Ajka,8,3,1,4,11,16,-5,10,Hungary - NB II,0.38,0.62,-5,1.38,1.25,2.63,1.61,3
Csakvari,8,3,0,5,12,12,0,9,Hungary - NB II,0.38,0.62,0,1.5,1.12,2.63,1.61,4
Szentlorinc,8,2,3,3,9,9,0,9,Hungary - NB II,0.25,0.75,0,1.12,1.12,4.0,1.33,4
Szeged,8,1,5,2,5,6,-1,8,Hungary - NB II,0.12,0.88,-1,0.62,1.0,8.33,1.14,5
Honved,8,2,2,4,9,13,-4,8,Hungary - NB II,0.25,0.75,-4,1.12,1.0,4.0,1.33,5
Bekescsaba,8,2,1,5,4,8,-4,7,Hungary - NB II,0.25,0.75,-4,0.5,0.88,4.0,1.33,6
Budafoki,8,2,1,5,8,13,-5,7,Hungary - NB II,0.25,0.75,-5,1.0,0.88,4.0,1.33,6
Tatabanya,8,1,2,5,7,14,-7,5,Hungary - NB II,0.12,0.88,-7,0.88,0.62,8.33,1.14,7
Soroksar,8,1,2,5,7,16,-9,5,Hungary - NB II,0.12,0.88,-9,0.88,0.62,8.33,1.14,7
Gyirmot,8,0,4,4,12,18,-6,4,Hungary - NB II,0.0,1.0,-6,1.5,0.5,0.0,1.0,8
IA Akranes,1,1,0,0,1,0,1,3,Iceland - Besta deild,1.0,0.0,1,1.0,3.0,1.0,0.0,1
KR Reykjavik,1,0,1,0,2,2,0,1,Iceland - Besta deild,0.0,1.0,0,2.0,1.0,0.0,1.0,2
Vestri,1,0,1,0,1,1,0,1,Iceland - Besta deild,0.0,1.0,0,1.0,1.0,0.0,1.0,2
Breidablik,0,0,0,0,0,0,0,0,Iceland - Besta deild,0.0,0.0,0,0.0,0.0,0.0,0.0,3
Fram,0,0,0,0,0,0,0,0,Iceland - Besta deild,0.0,0.0,0,0.0,0.0,0.0,0.0,3
Hafnarfjordur,0,0,0,0,0,0,0,0,Iceland - Besta deild,0.0,0.0,0,0.0,0.0,0.0,0.0,3
IBV,0,0,0,0,0,0,0,0,Iceland - Besta deild,0.0,0.0,0,0.0,0.0,0.0,0.0,3
KA Akureyri,0,0,0,0,0,0,0,0,Iceland - Besta deild,0.0,0.0,0,0.0,0.0,0.0,0.0,3
Stjarnan,0,0,0,0,0,0,0,0,Iceland - Besta deild,0.0,0.0,0,0.0,0.0,0.0,0.0,3
Valur,0,0,0,0,0,0,0,0,Iceland - Besta deild,0.0,0.0,0,0.0,0.0,0.0,0.0,3
Vikingur R.,0,0,0,0,0,0,0,0,Iceland - Besta deild,0.0,0.0,0,0.0,0.0,0.0,0.0,3
Afturelding,1,0,0,1,0,2,-2,0,Iceland - Besta deild,0.0,1.0,-2,0.0,0.0,0.0,1.0,3
Afturelding,8,6,0,2,20,12,8,18,Iceland - 1. Deild,0.75,0.25,8,2.5,2.25,1.33,4.0,1
IBV,8,4,1,3,19,10,9,13,Iceland - 1. Deild,0.5,0.5,9,2.38,1.62,2.0,2.0,2
Leiknir R.,8,3,2,3,12,12,0,11,Iceland - 1. Deild,0.38,0.62,0,1.5,1.38,2.63,1.61,3
Thor Akureyri,8,3,1,4,12,15,-3,10,Iceland - 1. Deild,0.38,0.62,-3,1.5,1.25,2.63,1.61,4
Keflavik,8,2,4,2,6,9,-3,10,Iceland - 1. Deild,0.25,0.75,-3,0.75,1.25,4.0,1.33,4
Throttur R.,8,2,3,3,11,11,0,9,Iceland - 1. Deild,0.25,0.75,0,1.38,1.12,4.0,1.33,5
Fjolnir,8,2,3,3,5,10,-5,9,Iceland - 1. Deild,0.25,0.75,-5,0.62,1.12,4.0,1.33,5
IR Reykjavik,8,2,3,3,9,17,-8,9,Iceland - 1. Deild,0.25,0.75,-8,1.12,1.12,4.0,1.33,5
Njardvik,8,1,5,2,11,14,-3,8,Iceland - 1. Deild,0.12,0.88,-3,1.38,1.0,8.33,1.14,6
Grindavik,8,2,1,5,13,22,-9,7,Iceland - 1. Deild,0.25,0.75,-9,1.62,0.88,4.0,1.33,7
Dalvik / Reynir,8,1,1,6,8,18,-10,4,Iceland - 1. Deild,0.12,0.88,-10,1.0,0.5,8.33,1.14,8
Grotta,8,0,0,8,8,21,-13,0,Iceland - 1. Deild,0.0,1.0,-13,1.0,0.0,0.0,1.0,9
Selfoss,8,7,0,1,16,8,8,21,Iceland - 2. Deild,0.88,0.12,8,2.0,2.62,1.14,8.33,1
Throttur Vogar,8,5,2,1,26,14,12,17,Iceland - 2. Deild,0.62,0.38,12,3.25,2.12,1.61,2.63,2
Volsungur,8,5,2,1,19,14,5,17,Iceland - 2. Deild,0.62,0.38,5,2.38,2.12,1.61,2.63,2
Hottur/Huginn,8,4,1,3,19,24,-5,13,Iceland - 2. Deild,0.5,0.5,-5,2.38,1.62,2.0,2.0,3
Fjardabyggd/L.,8,4,0,4,12,15,-3,12,Iceland - 2. Deild,0.5,0.5,-3,1.5,1.5,2.0,2.0,4
KFG,8,3,2,3,12,12,0,11,Iceland - 2. Deild,0.38,0.62,0,1.5,1.38,2.63,1.61,5
Haukar,8,3,1,4,11,15,-4,10,Iceland - 2. Deild,0.38,0.62,-4,1.38,1.25,2.63,1.61,6
AEggir,8,2,2,4,9,16,-7,8,Iceland - 2. Deild,0.25,0.75,-7,1.12,1.0,4.0,1.33,7
Kormakur/Hvot,8,2,2,4,5,16,-11,8,Iceland - 2. Deild,0.25,0.75,-11,0.62,1.0,4.0,1.33,7
V. Olafsvik,8,1,3,4,14,18,-4,6,Iceland - 2. Deild,0.12,0.88,-4,1.75,0.75,8.33,1.14,8
Reynir,8,2,0,6,14,22,-8,6,Iceland - 2. Deild,0.25,0.75,-8,1.75,0.75,4.0,1.33,8
Fjallabyggd,8,0,1,7,5,23,-18,1,Iceland - 2. Deild,0.0,1.0,-18,0.62,0.12,0.0,1.0,9
NorthEast Utd,8,5,2,1,17,6,11,17,India - Super League,0.62,0.38,11,2.12,2.12,1.61,2.63,1
Mohun Bagan,8,4,3,1,16,6,10,15,India - Super League,0.5,0.5,10,2.0,1.88,2.0,2.0,2
Mumbai City,8,4,3,1,9,4,5,15,India - Super League,0.5,0.5,5,1.12,1.88,2.0,2.0,2
Goa,8,4,2,2,14,11,3,14,India - Super League,0.5,0.5,3,1.75,1.75,2.0,2.0,3
Odisha FC,8,3,2,3,13,13,0,11,India - Super League,0.38,0.62,0,1.62,1.38,2.63,1.61,4
East Bengal,8,3,2,3,9,9,0,11,India - Super League,0.38,0.62,0,1.12,1.38,2.63,1.61,4
Jamshedpur,8,3,1,4,12,14,-2,10,India - Super League,0.38,0.62,-2,1.5,1.25,2.63,1.61,5
Bengaluru,8,2,2,4,13,14,-1,8,India - Super League,0.25,0.75,-1,1.62,1.0,4.0,1.33,6
Chennaiyin,8,2,1,5,10,11,-1,7,India - Super League,0.25,0.75,-1,1.25,0.88,4.0,1.33,7
Kerala Blasters,8,2,1,5,10,14,-4,7,India - Super League,0.25,0.75,-4,1.25,0.88,4.0,1.33,7
Punjab,8,1,3,4,11,16,-5,6,India - Super League,0.12,0.88,-5,1.38,0.75,8.33,1.14,8
Mohammedan,8,1,2,5,2,13,-11,5,India - Super League,0.12,0.88,-11,0.25,0.62,8.33,1.14,9
Hyderabad,8,1,1,6,5,16,-11,4,India - Super League,0.12,0.88,-11,0.62,0.5,8.33,1.14,10
Gokulam,8,6,0,2,19,8,11,18,India - I-League,0.75,0.25,11,2.38,2.25,1.33,4.0,1
Churchill B.,8,4,3,1,12,7,5,15,India - I-League,0.5,0.5,5,1.5,1.88,2.0,2.0,2
Real Kashmir,8,3,2,3,11,14,-3,11,India - I-League,0.38,0.62,-3,1.38,1.38,2.63,1.61,3
Sreenidi Deccan,8,3,2,3,8,11,-3,11,India - I-League,0.38,0.62,-3,1.0,1.38,2.63,1.61,3
Inter Kashi,8,2,4,2,11,13,-2,10,India - I-League,0.25,0.75,-2,1.38,1.25,4.0,1.33,4
Dempo,8,3,1,4,10,13,-3,10,India - I-League,0.38,0.62,-3,1.25,1.25,2.63,1.61,4
Rajasthan,8,2,3,3,11,18,-7,9,India - I-League,0.25,0.75,-7,1.38,1.12,4.0,1.33,5
Aizawl,8,2,2,4,14,19,-5,8,India - I-League,0.25,0.75,-5,1.75,1.0,4.0,1.33,6
Namdhari,8,2,1,5,10,14,-4,7,India - I-League,0.25,0.75,-4,1.25,0.88,4.0,1.33,7
Shillong Lajong,8,2,1,5,11,22,-11,7,India - I-League,0.25,0.75,-11,1.38,0.88,4.0,1.33,7
Delhi FC,8,1,3,4,11,18,-7,6,India - I-League,0.12,0.88,-7,1.38,0.75,8.33,1.14,8
SC Bengaluru,8,1,2,5,7,23,-16,5,India - I-League,0.12,0.88,-16,0.88,0.62,8.33,1.14,9
Persib,8,4,3,1,14,10,4,15,Indonesia - Liga 1,0.5,0.5,4,1.75,1.88,2.0,2.0,1
Dewa Utd,8,4,1,3,15,10,5,13,Indonesia - Liga 1,0.5,0.5,5,1.88,1.62,2.0,2.0,2
Malut United,8,3,4,1,12,8,4,13,Indonesia - Liga 1,0.38,0.62,4,1.5,1.62,2.63,1.61,2
Persis Solo,8,3,2,3,8,9,-1,11,Indonesia - Liga 1,0.38,0.62,-1,1.0,1.38,2.63,1.61,3
Persija,8,3,1,4,10,12,-2,10,Indonesia - Liga 1,0.38,0.62,-2,1.25,1.25,2.63,1.61,4
Semen Padang,8,3,1,4,11,16,-5,10,Indonesia - Liga 1,0.38,0.62,-5,1.38,1.25,2.63,1.61,4
PSM,8,2,3,3,11,11,0,9,Indonesia - Liga 1,0.25,0.75,0,1.38,1.12,4.0,1.33,5
Barito Putera,8,2,3,3,13,14,-1,9,Indonesia - Liga 1,0.25,0.75,-1,1.62,1.12,4.0,1.33,5
Arema,8,3,0,5,13,15,-2,9,Indonesia - Liga 1,0.38,0.62,-2,1.62,1.12,2.63,1.61,5
PSBS Biak N.,8,1,5,2,9,9,0,8,Indonesia - Liga 1,0.12,0.88,0,1.12,1.0,8.33,1.14,6
Madura Utd,8,2,2,4,5,16,-11,8,Indonesia - Liga 1,0.25,0.75,-11,0.62,1.0,4.0,1.33,6
Bali Utd,8,2,1,5,12,13,-1,7,Indonesia - Liga 1,0.25,0.75,-1,1.5,0.88,4.0,1.33,7
PSIS Semarang,8,1,4,3,8,10,-2,7,Indonesia - Liga 1,0.12,0.88,-2,1.0,0.88,8.33,1.14,7
Persik Kediri,8,2,1,5,11,15,-4,7,Indonesia - Liga 1,0.25,0.75,-4,1.38,0.88,4.0,1.33,7
Borneo,8,2,1,5,7,12,-5,7,Indonesia - Liga 1,0.25,0.75,-5,0.88,0.88,4.0,1.33,7
Persebaya S.,8,2,1,5,5,13,-8,7,Indonesia - Liga 1,0.25,0.75,-8,0.62,0.88,4.0,1.33,7
Persita,8,1,2,5,7,15,-8,5,Indonesia - Liga 1,0.12,0.88,-8,0.88,0.62,8.33,1.14,8
PSS Sleman,8,1,2,5,7,15,-8,5,Indonesia - Liga 1,0.12,0.88,-8,0.88,0.62,8.33,1.14,8
Tractor Sazi,8,6,1,1,10,3,7,19,Iran - Pro League,0.75,0.25,7,1.25,2.38,1.33,4.0,1
Persepolis,8,3,3,2,13,8,5,12,Iran - Pro League,0.38,0.62,5,1.62,1.5,2.63,1.61,2
Zob Ahan,8,3,2,3,8,8,0,11,Iran - Pro League,0.38,0.62,0,1.0,1.38,2.63,1.61,3
Sepahan,8,1,7,0,8,7,1,10,Iran - Pro League,0.12,0.88,1,1.0,1.25,8.33,1.14,4
Gol Gohar,8,2,4,2,5,5,0,10,Iran - Pro League,0.25,0.75,0,0.62,1.25,4.0,1.33,4
Foolad,8,3,1,4,9,13,-4,10,Iran - Pro League,0.38,0.62,-4,1.12,1.25,2.63,1.61,4
Shams A. Qazvin,8,3,0,5,5,12,-7,9,Iran - Pro League,0.38,0.62,-7,0.62,1.12,2.63,1.61,5
Esteghlal,8,1,5,2,6,6,0,8,Iran - Pro League,0.12,0.88,0,0.75,1.0,8.33,1.14,6
Mes Rafsanjan,8,2,2,4,7,14,-7,8,Iran - Pro League,0.25,0.75,-7,0.88,1.0,4.0,1.33,6
Havadar,8,2,2,4,6,17,-11,8,Iran - Pro League,0.25,0.75,-11,0.75,1.0,4.0,1.33,6
Malavan,8,2,0,6,4,10,-6,6,Iran - Pro League,0.25,0.75,-6,0.5,0.75,4.0,1.33,7
N. Mazandaran,8,1,2,5,2,7,-5,5,Iran - Pro League,0.12,0.88,-5,0.25,0.62,8.33,1.14,8
Aluminium Arak,8,1,2,5,5,11,-6,5,Iran - Pro League,0.12,0.88,-6,0.62,0.62,8.33,1.14,8
Chadormalu,8,1,2,5,3,9,-6,5,Iran - Pro League,0.12,0.88,-6,0.38,0.62,8.33,1.14,8
E. Khuzestan,8,0,4,4,2,11,-9,4,Iran - Pro League,0.0,1.0,-9,0.25,0.5,0.0,1.0,9
K. Khorramabad,8,0,3,5,4,12,-8,3,Iran - Pro League,0.0,1.0,-8,0.5,0.38,0.0,1.0,10
Shelbourne,4,2,2,0,4,2,2,8,Ireland - Premier Division,0.5,0.5,2,1.0,2.0,2.0,2.0,1
Drogheda Utd,4,2,2,0,3,1,2,8,Ireland - Premier Division,0.5,0.5,2,0.75,2.0,2.0,2.0,1
Shamrock Rovers,5,2,1,2,5,5,0,7,Ireland - Premier Division,0.4,0.6,0,1.0,1.4,2.5,1.67,2
Galway Utd,4,1,3,0,6,4,2,6,Ireland - Premier Division,0.25,0.75,2,1.5,1.5,4.0,1.33,3
Waterford,4,2,0,2,5,6,-1,6,Ireland - Premier Division,0.5,0.5,-1,1.25,1.5,2.0,2.0,3
Derry City,4,1,1,2,2,5,-3,4,Ireland - Premier Division,0.25,0.75,-3,0.5,1.0,4.0,1.33,4
St. Patricks,3,1,0,2,3,4,-1,3,Ireland - Premier Division,0.33,0.67,-1,1.0,1.0,3.03,1.49,5
Bohemians,4,1,0,3,4,6,-2,3,Ireland - Premier Division,0.25,0.75,-2,1.0,0.75,4.0,1.33,5
Cork City,3,0,1,2,3,5,-2,1,Ireland - Premier Division,0.0,1.0,-2,1.0,0.33,0.0,1.0,6
Sligo Rovers,4,0,1,3,6,12,-6,1,Ireland - Premier Division,0.0,1.0,-6,1.5,0.25,0.0,1.0,6
Dundalk,4,4,0,0,6,1,5,12,Ireland - First Division,1.0,0.0,5,1.5,3.0,1.0,0.0,1
Bray Wanderers,6,4,0,2,4,7,-3,12,Ireland - First Division,0.67,0.33,-3,0.67,2.0,1.49,3.03,1
Wexford,4,3,0,1,7,4,3,9,Ireland - First Division,0.75,0.25,3,1.75,2.25,1.33,4.0,2
Cobh Ramblers,4,2,1,1,7,6,1,7,Ireland - First Division,0.5,0.5,1,1.75,1.75,2.0,2.0,3
Treaty Utd,4,1,2,1,7,4,3,5,Ireland - First Division,0.25,0.75,3,1.75,1.25,4.0,1.33,4
Athlone Town,4,1,1,2,2,4,-2,4,Ireland - First Division,0.25,0.75,-2,0.5,1.0,4.0,1.33,5
Kerry,4,1,1,2,4,7,-3,4,Ireland - First Division,0.25,0.75,-3,1.0,1.0,4.0,1.33,5
Finn Harps,4,1,1,2,3,6,-3,4,Ireland - First Division,0.25,0.75,-3,0.75,1.0,4.0,1.33,5
UC Dublin,2,1,0,1,2,2,0,3,Ireland - First Division,0.5,0.5,0,1.0,1.5,2.0,2.0,6
Longford Town,3,0,1,2,2,8,-6,1,Ireland - First Division,0.0,1.0,-6,0.67,0.33,0.0,1.0,7
Maccabi Haifa,8,5,3,0,16,6,10,18,Israel - Ligat HaAl,0.62,0.38,10,2.0,2.25,1.61,2.63,1
M. Tel Aviv,8,5,3,0,19,11,8,18,Israel - Ligat HaAl,0.62,0.38,8,2.38,2.25,1.61,2.63,1
H. Beer Sheva,8,5,2,1,10,4,6,17,Israel - Ligat HaAl,0.62,0.38,6,1.25,2.12,1.61,2.63,2
B. Jerusalem,8,4,2,2,15,12,3,14,Israel - Ligat HaAl,0.5,0.5,3,1.88,1.75,2.0,2.0,3
Ashdod,8,3,2,3,14,15,-1,11,Israel - Ligat HaAl,0.38,0.62,-1,1.75,1.38,2.63,1.61,4
Hapoel Haifa,8,3,2,3,7,8,-1,11,Israel - Ligat HaAl,0.38,0.62,-1,0.88,1.38,2.63,1.61,4
M. Bnei Raina,8,3,1,4,8,8,0,10,Israel - Ligat HaAl,0.38,0.62,0,1.0,1.25,2.63,1.61,5
Hapoel Hadera,8,2,4,2,7,9,-2,10,Israel - Ligat HaAl,0.25,0.75,-2,0.88,1.25,4.0,1.33,5
Maccabi Netanya,8,3,1,4,8,13,-5,10,Israel - Ligat HaAl,0.38,0.62,-5,1.0,1.25,2.63,1.61,5
M. Petah Tikva,8,3,0,5,8,13,-5,9,Israel - Ligat HaAl,0.38,0.62,-5,1.0,1.12,2.63,1.61,6
H. Jerusalem,8,1,5,2,9,10,-1,8,Israel - Ligat HaAl,0.12,0.88,-1,1.12,1.0,8.33,1.14,7
Kiryat Shmona,8,2,1,5,9,18,-9,7,Israel - Ligat HaAl,0.25,0.75,-9,1.12,0.88,4.0,1.33,8
Ironi Tiberias,8,1,3,4,5,14,-9,6,Israel - Ligat HaAl,0.12,0.88,-9,0.62,0.75,8.33,1.14,9
Sakhnin,8,1,1,6,9,19,-10,4,Israel - Ligat HaAl,0.12,0.88,-10,1.12,0.5,8.33,1.14,10
H. Petah Tikva,8,7,1,0,13,3,10,22,Israel - Leumit League,0.88,0.12,10,1.62,2.75,1.14,8.33,1
Hapoel Tel Aviv,8,6,2,0,16,4,12,20,Israel - Leumit League,0.75,0.25,12,2.0,2.5,1.33,4.0,2
Bnei Yehuda,8,5,0,3,11,8,3,15,Israel - Leumit League,0.62,0.38,3,1.38,1.88,1.61,2.63,3
Hapoel Raanana,8,3,3,2,6,4,2,12,Israel - Leumit League,0.38,0.62,2,0.75,1.5,2.63,1.61,4
H. Ironi Rishon,8,3,2,3,9,12,-3,11,Israel - Leumit League,0.38,0.62,-3,1.12,1.38,2.63,1.61,5
Kafr Qasim,8,3,1,4,5,6,-1,10,Israel - Leumit League,0.38,0.62,-1,0.62,1.25,2.63,1.61,6
M. Herziliya,8,3,1,4,9,17,-8,10,Israel - Leumit League,0.38,0.62,-8,1.12,1.25,2.63,1.61,6
H. Ramat Gan,8,2,3,3,6,6,0,9,Israel - Leumit League,0.25,0.75,0,0.75,1.12,4.0,1.33,7
Hapoel Akko,8,3,0,5,8,15,-7,9,Israel - Leumit League,0.38,0.62,-7,1.0,1.12,2.63,1.61,7
H. Kfar Shalem,8,2,2,4,12,11,1,8,Israel - Leumit League,0.25,0.75,1,1.5,1.0,4.0,1.33,8
Maccabi Jaffa,8,1,5,2,7,8,-1,8,Israel - Leumit League,0.12,0.88,-1,0.88,1.0,8.33,1.14,8
H. Kfar Saba,8,1,2,5,5,11,-6,5,Israel - Leumit League,0.12,0.88,-6,0.62,0.62,8.33,1.14,9
Ramat Hasharon,8,1,1,6,7,25,-18,4,Israel - Leumit League,0.12,0.88,-18,0.88,0.5,8.33,1.14,10
Hapoel Afula,8,1,0,7,3,16,-13,3,Israel - Leumit League,0.12,0.88,-13,0.38,0.38,8.33,1.14,11
H. Nof Hagalil,8,0,2,6,5,15,-10,2,Israel - Leumit League,0.0,1.0,-10,0.62,0.25,0.0,1.0,12
H. Umm al-Fahm,8,0,2,6,8,19,-11,2,Israel - Leumit League,0.0,1.0,-11,1.0,0.25,0.0,1.0,12
Atalanta,8,5,2,1,18,3,15,17,Italy - Serie A,0.62,0.38,15,2.25,2.12,1.61,2.63,1
AS Roma,8,5,2,1,9,6,3,17,Italy - Serie A,0.62,0.38,3,1.12,2.12,1.61,2.63,1
Lazio,8,5,1,2,10,10,0,16,Italy - Serie A,0.62,0.38,0,1.25,2.0,1.61,2.63,2
Napoli,8,4,3,1,15,9,6,15,Italy - Serie A,0.5,0.5,6,1.88,1.88,2.0,2.0,3
Bologna,8,3,4,1,10,8,2,13,Italy - Serie A,0.38,0.62,2,1.25,1.62,2.63,1.61,4
Inter Milan,8,3,3,2,11,8,3,12,Italy - Serie A,0.38,0.62,3,1.38,1.5,2.63,1.61,5
AC Milan,8,4,0,4,11,11,0,12,Italy - Serie A,0.5,0.5,0,1.38,1.5,2.0,2.0,5
Juventus,8,3,3,2,9,10,-1,12,Italy - Serie A,0.38,0.62,-1,1.12,1.5,2.63,1.61,5
Torino,8,2,5,1,12,10,2,11,Italy - Serie A,0.25,0.75,2,1.5,1.38,4.0,1.33,6
Hellas Verona,8,3,2,3,7,9,-2,11,Italy - Serie A,0.38,0.62,-2,0.88,1.38,2.63,1.61,6
Udinese,8,2,3,3,7,10,-3,9,Italy - Serie A,0.25,0.75,-3,0.88,1.12,4.0,1.33,7
Como,8,2,2,4,10,12,-2,8,Italy - Serie A,0.25,0.75,-2,1.25,1.0,4.0,1.33,8
Lecce,8,2,1,5,9,15,-6,7,Italy - Serie A,0.25,0.75,-6,1.12,0.88,4.0,1.33,9
Genoa,8,1,3,4,6,10,-4,6,Italy - Serie A,0.12,0.88,-4,0.75,0.75,8.33,1.14,10
Cagliari,8,1,3,4,5,9,-4,6,Italy - Serie A,0.12,0.88,-4,0.62,0.75,8.33,1.14,10
Fiorentina,8,1,2,5,9,13,-4,5,Italy - Serie A,0.12,0.88,-4,1.12,0.62,8.33,1.14,11
Venezia,8,0,5,3,7,11,-4,5,Italy - Serie A,0.0,1.0,-4,0.88,0.62,0.0,1.0,11
Parma,8,0,3,5,4,13,-9,3,Italy - Serie A,0.0,1.0,-9,0.5,0.38,0.0,1.0,12
Empoli,8,0,3,5,7,17,-10,3,Italy - Serie A,0.0,1.0,-10,0.88,0.38,0.0,1.0,12
Monza,8,0,0,8,6,24,-18,0,Italy - Serie A,0.0,1.0,-18,0.75,0.0,0.0,1.0,13
Cremonese,8,4,3,1,12,7,5,15,Italy - Serie B,0.5,0.5,5,1.5,1.88,2.0,2.0,1
Cittadella,8,4,2,2,7,9,-2,14,Italy - Serie B,0.5,0.5,-2,0.88,1.75,2.0,2.0,2
Spezia,8,3,4,1,9,4,5,13,Italy - Serie B,0.38,0.62,5,1.12,1.62,2.63,1.61,3
Sassuolo,8,4,1,3,14,13,1,13,Italy - Serie B,0.5,0.5,1,1.75,1.62,2.0,2.0,3
Frosinone,8,3,3,2,10,8,2,12,Italy - Serie B,0.38,0.62,2,1.25,1.5,2.63,1.61,4
Catanzaro,8,3,3,2,10,12,-2,12,Italy - Serie B,0.38,0.62,-2,1.25,1.5,2.63,1.61,4
Sudtirol,8,3,2,3,13,11,2,11,Italy - Serie B,0.38,0.62,2,1.62,1.38,2.63,1.61,5
Pisa,8,3,2,3,9,7,2,11,Italy - Serie B,0.38,0.62,2,1.12,1.38,2.63,1.61,5
Cesena,8,3,2,3,9,11,-2,11,Italy - Serie B,0.38,0.62,-2,1.12,1.38,2.63,1.61,5
Brescia,8,2,3,3,7,9,-2,9,Italy - Serie B,0.25,0.75,-2,0.88,1.12,4.0,1.33,6
Mantova,8,2,3,3,12,15,-3,9,Italy - Serie B,0.25,0.75,-3,1.5,1.12,4.0,1.33,6
Palermo,8,2,2,4,11,11,0,8,Italy - Serie B,0.25,0.75,0,1.38,1.0,4.0,1.33,7
Modena,8,2,2,4,10,12,-2,8,Italy - Serie B,0.25,0.75,-2,1.25,1.0,4.0,1.33,7
Juve Stabia,8,2,2,4,8,12,-4,8,Italy - Serie B,0.25,0.75,-4,1.0,1.0,4.0,1.33,7
Bari,8,1,4,3,8,11,-3,7,Italy - Serie B,0.12,0.88,-3,1.0,0.88,8.33,1.14,8
Carrarese,8,0,5,3,7,10,-3,5,Italy - Serie B,0.0,1.0,-3,0.88,0.62,0.0,1.0,9
Sampdoria,8,0,5,3,9,16,-7,5,Italy - Serie B,0.0,1.0,-7,1.12,0.62,0.0,1.0,9
Reggiana,8,1,2,5,7,15,-8,5,Italy - Serie B,0.12,0.88,-8,0.88,0.62,8.33,1.14,9
Salernitana,8,0,2,6,2,10,-8,2,Italy - Serie B,0.0,1.0,-8,0.25,0.25,0.0,1.0,10
Cosenza,8,0,2,6,5,17,-12,2,Italy - Serie B,0.0,1.0,-12,0.62,0.25,0.0,1.0,10
Virtus Verona,8,6,1,1,15,5,10,19,Italy - Serie C - Group A,0.75,0.25,10,1.88,2.38,1.33,4.0,1
Vicenza,8,4,3,1,9,5,4,15,Italy - Serie C - Group A,0.5,0.5,4,1.12,1.88,2.0,2.0,2
FeralpiSalo,8,4,2,2,11,11,0,14,Italy - Serie C - Group A,0.5,0.5,0,1.38,1.75,2.0,2.0,3
Giana Erminio,8,4,1,3,8,7,1,13,Italy - Serie C - Group A,0.5,0.5,1,1.0,1.62,2.0,2.0,4
Triestina,8,4,1,3,10,11,-1,13,Italy - Serie C - Group A,0.5,0.5,-1,1.25,1.62,2.0,2.0,4
AlbinoLeffe,8,4,1,3,11,14,-3,13,Italy - Serie C - Group A,0.5,0.5,-3,1.38,1.62,2.0,2.0,4
Pergolettese,8,3,2,3,7,8,-1,11,Italy - Serie C - Group A,0.38,0.62,-1,0.88,1.38,2.63,1.61,5
Renate,8,3,1,4,9,10,-1,10,Italy - Serie C - Group A,0.38,0.62,-1,1.12,1.25,2.63,1.61,6
Trento,8,3,1,4,6,10,-4,10,Italy - Serie C - Group A,0.38,0.62,-4,0.75,1.25,2.63,1.61,6
Atalanta B,8,2,3,3,8,10,-2,9,Italy - Serie C - Group A,0.25,0.75,-2,1.0,1.12,4.0,1.33,7
Arzignano,8,2,3,3,6,9,-3,9,Italy - Serie C - Group A,0.25,0.75,-3,0.75,1.12,4.0,1.33,7
Padova,8,2,2,4,8,9,-1,8,Italy - Serie C - Group A,0.25,0.75,-1,1.0,1.0,4.0,1.33,8
Lumezzane,8,1,5,2,9,11,-2,8,Italy - Serie C - Group A,0.12,0.88,-2,1.12,1.0,8.33,1.14,8
Pro Vercelli,8,2,1,5,7,12,-5,7,Italy - Serie C - Group A,0.25,0.75,-5,0.88,0.88,4.0,1.33,9
Novara,8,1,3,4,5,9,-4,6,Italy - Serie C - Group A,0.12,0.88,-4,0.62,0.75,8.33,1.14,10
Alcione,8,1,3,4,4,9,-5,6,Italy - Serie C - Group A,0.12,0.88,-5,0.5,0.75,8.33,1.14,10
Lecco,8,0,5,3,3,10,-7,5,Italy - Serie C - Group A,0.0,1.0,-7,0.38,0.62,0.0,1.0,11
Pro Patria,8,1,1,6,4,10,-6,4,Italy - Serie C - Group A,0.12,0.88,-6,0.5,0.5,8.33,1.14,12
Caldiero Terme,8,0,3,5,8,16,-8,3,Italy - Serie C - Group A,0.0,1.0,-8,1.0,0.38,0.0,1.0,13
Clodiense,8,1,0,7,6,20,-14,3,Italy - Serie C - Group A,0.12,0.88,-14,0.75,0.38,8.33,1.14,13
Entella,8,5,3,0,13,4,9,18,Italy - Serie C - Group B,0.62,0.38,9,1.62,2.25,1.61,2.63,1
Arezzo,8,5,1,2,10,4,6,16,Italy - Serie C - Group B,0.62,0.38,6,1.25,2.0,1.61,2.63,2
Pontedera,8,4,2,2,12,7,5,14,Italy - Serie C - Group B,0.5,0.5,5,1.5,1.75,2.0,2.0,3
Rimini,8,4,2,2,10,6,4,14,Italy - Serie C - Group B,0.5,0.5,4,1.25,1.75,2.0,2.0,3
Ternana,8,4,1,3,9,6,3,13,Italy - Serie C - Group B,0.5,0.5,3,1.12,1.62,2.0,2.0,4
Pianese,8,4,1,3,9,8,1,13,Italy - Serie C - Group B,0.5,0.5,1,1.12,1.62,2.0,2.0,4
Torres,8,3,2,3,12,9,3,11,Italy - Serie C - Group B,0.38,0.62,3,1.5,1.38,2.63,1.61,5
Athletic Carpi,8,3,2,3,8,7,1,11,Italy - Serie C - Group B,0.38,0.62,1,1.0,1.38,2.63,1.61,5
Pineto,8,3,2,3,13,14,-1,11,Italy - Serie C - Group B,0.38,0.62,-1,1.62,1.38,2.63,1.61,5
Pescara,8,3,1,4,11,11,0,10,Italy - Serie C - Group B,0.38,0.62,0,1.38,1.25,2.63,1.61,6
Vis Pesaro,8,2,4,2,7,7,0,10,Italy - Serie C - Group B,0.25,0.75,0,0.88,1.25,4.0,1.33,6
Gubbio,8,2,3,3,8,8,0,9,Italy - Serie C - Group B,0.25,0.75,0,1.0,1.12,4.0,1.33,7
SPAL,8,2,3,3,9,10,-1,9,Italy - Serie C - Group B,0.25,0.75,-1,1.12,1.12,4.0,1.33,7
AC Milan B,8,2,2,4,8,10,-2,8,Italy - Serie C - Group B,0.25,0.75,-2,1.0,1.0,4.0,1.33,8
Legnago Salus,8,1,4,3,6,8,-2,7,Italy - Serie C - Group B,0.12,0.88,-2,0.75,0.88,8.33,1.14,9
Ascoli,8,1,3,4,6,11,-5,6,Italy - Serie C - Group B,0.12,0.88,-5,0.75,0.75,8.33,1.14,10
Lucchese,8,1,3,4,7,15,-8,6,Italy - Serie C - Group B,0.12,0.88,-8,0.88,0.75,8.33,1.14,10
Perugia,8,0,4,4,3,8,-5,4,Italy - Serie C - Group B,0.0,1.0,-5,0.38,0.5,0.0,1.0,11
Campobasso,8,1,1,6,6,13,-7,4,Italy - Serie C - Group B,0.12,0.88,-7,0.75,0.5,8.33,1.14,11
Sestri Levante,8,0,2,6,4,14,-10,2,Italy - Serie C - Group B,0.0,1.0,-10,0.5,0.25,0.0,1.0,12
A. Cerignola,8,6,1,1,13,5,8,19,Italy - Serie C - Group C,0.75,0.25,8,1.62,2.38,1.33,4.0,1
Avellino,8,5,2,1,13,6,7,17,Italy - Serie C - Group C,0.62,0.38,7,1.62,2.12,1.61,2.63,2
Catania,8,4,2,2,14,9,5,14,Italy - Serie C - Group C,0.5,0.5,5,1.75,1.75,2.0,2.0,3
Picerno,8,3,5,0,8,4,4,14,Italy - Serie C - Group C,0.38,0.62,4,1.0,1.75,2.63,1.61,3
Juventus U23,8,3,3,2,12,11,1,12,Italy - Serie C - Group C,0.38,0.62,1,1.5,1.5,2.63,1.61,4
Crotone,8,3,2,3,12,10,2,11,Italy - Serie C - Group C,0.38,0.62,2,1.5,1.38,2.63,1.61,5
Giugliano,8,3,2,3,11,12,-1,11,Italy - Serie C - Group C,0.38,0.62,-1,1.38,1.38,2.63,1.61,5
Potenza,8,3,2,3,11,12,-1,11,Italy - Serie C - Group C,0.38,0.62,-1,1.38,1.38,2.63,1.61,5
Monopoli,8,3,2,3,7,8,-1,11,Italy - Serie C - Group C,0.38,0.62,-1,0.88,1.38,2.63,1.61,5
Altamura,8,2,4,2,10,11,-1,10,Italy - Serie C - Group C,0.25,0.75,-1,1.25,1.25,4.0,1.33,6
Trapani,8,3,1,4,5,7,-2,10,Italy - Serie C - Group C,0.38,0.62,-2,0.62,1.25,2.63,1.61,6
Cavese,8,2,3,3,10,11,-1,9,Italy - Serie C - Group C,0.25,0.75,-1,1.25,1.12,4.0,1.33,7
Benevento,8,2,3,3,9,13,-4,9,Italy - Serie C - Group C,0.25,0.75,-4,1.12,1.12,4.0,1.33,7
ACR Messina,8,1,3,4,10,14,-4,6,Italy - Serie C - Group C,0.12,0.88,-4,1.25,0.75,8.33,1.14,8
Casertana,8,1,3,4,5,9,-4,6,Italy - Serie C - Group C,0.12,0.88,-4,0.62,0.75,8.33,1.14,8
Foggia,8,1,2,5,7,13,-6,5,Italy - Serie C - Group C,0.12,0.88,-6,0.88,0.62,8.33,1.14,9
Latina,8,1,2,5,7,16,-9,5,Italy - Serie C - Group C,0.12,0.88,-9,0.88,0.62,8.33,1.14,9
Sorrento,8,0,3,5,3,15,-12,3,Italy - Serie C - Group C,0.0,1.0,-12,0.38,0.38,0.0,1.0,10
Taranto,0,0,0,0,0,0,0,0,Italy - Serie C - Group C,0.0,0.0,0,0.0,0.0,0.0,0.0,11
Turris,0,0,0,0,0,0,0,0,Italy - Serie C - Group C,0.0,0.0,0,0.0,0.0,0.0,0.0,11
NovaRomentin,8,6,1,1,19,6,13,19,Italy - Serie D - Group A,0.75,0.25,13,2.38,2.38,1.33,4.0,1
Bra,8,5,3,0,10,3,7,18,Italy - Serie D - Group A,0.62,0.38,7,1.25,2.25,1.61,2.63,2
Vado,8,5,2,1,11,6,5,17,Italy - Serie D - Group A,0.62,0.38,5,1.38,2.12,1.61,2.63,3
Lavagnese,8,4,4,0,14,6,8,16,Italy - Serie D - Group A,0.5,0.5,8,1.75,2.0,2.0,2.0,4
Chisola,8,5,1,2,12,6,6,16,Italy - Serie D - Group A,0.62,0.38,6,1.5,2.0,1.61,2.63,4
Gozzano,8,5,1,2,12,8,4,16,Italy - Serie D - Group A,0.62,0.38,4,1.5,2.0,1.61,2.63,4
Ligorna,8,4,2,2,9,8,1,14,Italy - Serie D - Group A,0.5,0.5,1,1.12,1.75,2.0,2.0,5
Derthona,8,3,2,3,8,7,1,11,Italy - Serie D - Group A,0.38,0.62,1,1.0,1.38,2.63,1.61,6
Cairese,8,3,2,3,8,9,-1,11,Italy - Serie D - Group A,0.38,0.62,-1,1.0,1.38,2.63,1.61,6
Citta di Varese,8,3,2,3,6,7,-1,11,Italy - Serie D - Group A,0.38,0.62,-1,0.75,1.38,2.63,1.61,6
Sanremese,8,2,4,2,8,10,-2,10,Italy - Serie D - Group A,0.25,0.75,-2,1.0,1.25,4.0,1.33,7
Oltrepo,8,3,1,4,6,12,-6,10,Italy - Serie D - Group A,0.38,0.62,-6,0.75,1.25,2.63,1.61,7
Asti,8,2,3,3,7,10,-3,9,Italy - Serie D - Group A,0.25,0.75,-3,0.88,1.12,4.0,1.33,8
Chieri,8,1,4,3,4,11,-7,7,Italy - Serie D - Group A,0.12,0.88,-7,0.5,0.88,8.33,1.14,9
Saluzzo,8,1,3,4,7,11,-4,6,Italy - Serie D - Group A,0.12,0.88,-4,0.88,0.75,8.33,1.14,10
Vogherese,8,1,2,5,5,13,-8,5,Italy - Serie D - Group A,0.12,0.88,-8,0.62,0.62,8.33,1.14,11
Pro Imperia,8,1,2,5,8,18,-10,5,Italy - Serie D - Group A,0.12,0.88,-10,1.0,0.62,8.33,1.14,11
Fossano,8,1,1,6,7,16,-9,4,Italy - Serie D - Group A,0.12,0.88,-9,0.88,0.5,8.33,1.14,12
Borgaro Nobis,8,1,1,6,9,24,-15,4,Italy - Serie D - Group A,0.12,0.88,-15,1.12,0.5,8.33,1.14,12
Albenga,0,0,0,0,0,0,0,0,Italy - Serie D - Group A,0.0,0.0,0,0.0,0.0,0.0,0.0,13
F. Caratese,8,5,3,0,12,3,9,18,Italy - Serie D - Group B,0.62,0.38,9,1.5,2.25,1.61,2.63,1
Ospitaletto,8,5,2,1,14,6,8,17,Italy - Serie D - Group B,0.62,0.38,8,1.75,2.12,1.61,2.63,2
Chievo,8,5,2,1,13,6,7,17,Italy - Serie D - Group B,0.62,0.38,7,1.62,2.12,1.61,2.63,2
USD Casatese,8,4,4,0,13,5,8,16,Italy - Serie D - Group B,0.5,0.5,8,1.62,2.0,2.0,2.0,3
Crema,8,4,2,2,10,11,-1,14,Italy - Serie D - Group B,0.5,0.5,-1,1.25,1.75,2.0,2.0,4
Pro Palazzolo,8,3,2,3,12,11,1,11,Italy - Serie D - Group B,0.38,0.62,1,1.5,1.38,2.63,1.61,5
Vigasio,8,3,2,3,6,6,0,11,Italy - Serie D - Group B,0.38,0.62,0,0.75,1.38,2.63,1.61,5
Sondrio,8,3,2,3,8,10,-2,11,Italy - Serie D - Group B,0.38,0.62,-2,1.0,1.38,2.63,1.61,5
Varesina,8,2,4,2,12,12,0,10,Italy - Serie D - Group B,0.25,0.75,0,1.5,1.25,4.0,1.33,6
Castellanzese,8,2,4,2,9,9,0,10,Italy - Serie D - Group B,0.25,0.75,0,1.12,1.25,4.0,1.33,6
Arconatese,8,2,4,2,9,11,-2,10,Italy - Serie D - Group B,0.25,0.75,-2,1.12,1.25,4.0,1.33,6
Pro Sesto,8,2,3,3,8,10,-2,9,Italy - Serie D - Group B,0.25,0.75,-2,1.0,1.12,4.0,1.33,7
Desenxano,8,2,2,4,9,9,0,8,Italy - Serie D - Group B,0.25,0.75,0,1.12,1.0,4.0,1.33,8
Club Milano,8,2,2,4,7,13,-6,8,Italy - Serie D - Group B,0.25,0.75,-6,0.88,1.0,4.0,1.33,8
Magenta,8,2,1,5,11,13,-2,7,Italy - Serie D - Group B,0.25,0.75,-2,1.38,0.88,4.0,1.33,9
SantAngelo,8,1,3,4,9,12,-3,6,Italy - Serie D - Group B,0.12,0.88,-3,1.12,0.75,8.33,1.14,10
Fanfulla,8,1,3,4,5,12,-7,6,Italy - Serie D - Group B,0.12,0.88,-7,0.62,0.75,8.33,1.14,10
Breno,8,1,3,4,8,16,-8,6,Italy - Serie D - Group B,0.12,0.88,-8,1.0,0.75,8.33,1.14,10
Sangiuliano C.,8,1,2,5,5,11,-6,5,Italy - Serie D - Group B,0.12,0.88,-6,0.62,0.62,8.33,1.14,11
Ciliverghe,8,0,0,8,4,23,-19,0,Italy - Serie D - Group B,0.0,1.0,-19,0.5,0.0,0.0,1.0,12
Mestre,8,5,2,1,6,3,3,17,Italy - Serie D - Group C,0.62,0.38,3,0.75,2.12,1.61,2.63,1
Cjarlins Muzane,8,5,1,2,13,6,7,16,Italy - Serie D - Group C,0.62,0.38,7,1.62,2.0,1.61,2.63,2
Treviso,8,4,2,2,12,8,4,14,Italy - Serie D - Group C,0.5,0.5,4,1.5,1.75,2.0,2.0,3
Real Calepina,8,3,4,1,10,9,1,13,Italy - Serie D - Group C,0.38,0.62,1,1.25,1.62,2.63,1.61,4
Adriese,8,4,1,3,9,9,0,13,Italy - Serie D - Group C,0.5,0.5,0,1.12,1.62,2.0,2.0,4
Portogruaro,8,3,3,2,9,5,4,12,Italy - Serie D - Group C,0.38,0.62,4,1.12,1.5,2.63,1.61,5
D. Bellunesi,8,3,3,2,13,12,1,12,Italy - Serie D - Group C,0.38,0.62,1,1.62,1.5,2.63,1.61,5
Brusaporto,8,3,3,2,7,6,1,12,Italy - Serie D - Group C,0.38,0.62,1,0.88,1.5,2.63,1.61,5
Luparense,8,3,2,3,11,11,0,11,Italy - Serie D - Group C,0.38,0.62,0,1.38,1.38,2.63,1.61,6
Campodarsego,8,1,7,0,5,3,2,10,Italy - Serie D - Group C,0.12,0.88,2,0.62,1.25,8.33,1.14,7
Villa Alme,8,2,4,2,10,9,1,10,Italy - Serie D - Group C,0.25,0.75,1,1.25,1.25,4.0,1.33,7
Brian Lignano,8,2,4,2,11,11,0,10,Italy - Serie D - Group C,0.25,0.75,0,1.38,1.25,4.0,1.33,7
Bassano Virtus,8,3,1,4,9,10,-1,10,Italy - Serie D - Group C,0.38,0.62,-1,1.12,1.25,2.63,1.61,7
Ciserano,8,2,3,3,8,9,-1,9,Italy - Serie D - Group C,0.25,0.75,-1,1.0,1.12,4.0,1.33,8
Calvi Noale,8,2,2,4,10,11,-1,8,Italy - Serie D - Group C,0.25,0.75,-1,1.25,1.0,4.0,1.33,9
Caravaggio,8,1,2,5,10,11,-1,5,Italy - Serie D - Group C,0.12,0.88,-1,1.25,0.62,8.33,1.14,10
Chions,8,1,2,5,8,16,-8,5,Italy - Serie D - Group C,0.12,0.88,-8,1.0,0.62,8.33,1.14,10
Montecchio M.,8,1,2,5,5,13,-8,5,Italy - Serie D - Group C,0.12,0.88,-8,0.62,0.62,8.33,1.14,10
Este,8,1,2,5,6,15,-9,5,Italy - Serie D - Group C,0.12,0.88,-9,0.75,0.62,8.33,1.14,10
Lavis,8,0,0,8,4,24,-20,0,Italy - Serie D - Group C,0.0,1.0,-20,0.5,0.0,0.0,1.0,11
Forli,8,8,0,0,18,1,17,24,Italy - Serie D - Group D,1.0,0.0,17,2.25,3.0,1.0,0.0,1
Zenith Prato,8,5,1,2,15,8,7,16,Italy - Serie D - Group D,0.62,0.38,7,1.88,2.0,1.61,2.63,2
Ravenna,8,4,3,1,12,7,5,15,Italy - Serie D - Group D,0.5,0.5,5,1.5,1.88,2.0,2.0,3
Lentigione,8,4,2,2,15,10,5,14,Italy - Serie D - Group D,0.5,0.5,5,1.88,1.75,2.0,2.0,4
Pistoiese,8,4,2,2,9,5,4,14,Italy - Serie D - Group D,0.5,0.5,4,1.12,1.75,2.0,2.0,4
Tau Altopascio,8,4,1,3,14,4,10,13,Italy - Serie D - Group D,0.5,0.5,10,1.75,1.62,2.0,2.0,5
Prato,8,3,3,2,8,4,4,12,Italy - Serie D - Group D,0.38,0.62,4,1.0,1.5,2.63,1.61,6
Sasso Marconi,8,3,2,3,10,9,1,11,Italy - Serie D - Group D,0.38,0.62,1,1.25,1.38,2.63,1.61,7
Tuttocuoio,8,3,2,3,12,16,-4,11,Italy - Serie D - Group D,0.38,0.62,-4,1.5,1.38,2.63,1.61,7
San Marino C.,8,2,3,3,11,11,0,9,Italy - Serie D - Group D,0.25,0.75,0,1.38,1.12,4.0,1.33,8
Cittadella Vis,8,2,3,3,10,12,-2,9,Italy - Serie D - Group D,0.25,0.75,-2,1.25,1.12,4.0,1.33,8
Progresso,8,2,3,3,5,9,-4,9,Italy - Serie D - Group D,0.25,0.75,-4,0.62,1.12,4.0,1.33,8
Sammaurese,8,2,2,4,4,6,-2,8,Italy - Serie D - Group D,0.25,0.75,-2,0.5,1.0,4.0,1.33,9
Imolese,8,2,2,4,4,12,-8,8,Italy - Serie D - Group D,0.25,0.75,-8,0.5,1.0,4.0,1.33,9
Corticella,8,1,3,4,7,15,-8,6,Italy - Serie D - Group D,0.12,0.88,-8,0.88,0.75,8.33,1.14,10
Piacenza,8,1,3,4,8,17,-9,6,Italy - Serie D - Group D,0.12,0.88,-9,1.0,0.75,8.33,1.14,10
Fiorenzuola,8,2,0,6,6,16,-10,6,Italy - Serie D - Group D,0.25,0.75,-10,0.75,0.75,4.0,1.33,10
United Riccione,8,0,0,8,0,21,-21,0,Italy - Serie D - Group D,0.0,1.0,-21,0.0,0.0,0.0,1.0,11
Orvietana,8,5,1,2,13,11,2,16,Italy - Serie D - Group E,0.62,0.38,2,1.62,2.0,1.61,2.63,1
Livorno,8,4,3,1,13,12,1,15,Italy - Serie D - Group E,0.5,0.5,1,1.62,1.88,2.0,2.0,2
Seravezza,8,3,5,0,9,4,5,14,Italy - Serie D - Group E,0.38,0.62,5,1.12,1.75,2.63,1.61,3
Ghiviborgo,8,4,1,3,11,8,3,13,Italy - Serie D - Group E,0.5,0.5,3,1.38,1.62,2.0,2.0,4
Flaminia,8,3,2,3,12,8,4,11,Italy - Serie D - Group E,0.38,0.62,4,1.5,1.38,2.63,1.61,5
Ostia Mare,8,3,2,3,15,14,1,11,Italy - Serie D - Group E,0.38,0.62,1,1.88,1.38,2.63,1.61,5
Poggibonsi,8,3,2,3,5,5,0,11,Italy - Serie D - Group E,0.38,0.62,0,0.62,1.38,2.63,1.61,5
Grosseto,8,3,2,3,7,9,-2,11,Italy - Serie D - Group E,0.38,0.62,-2,0.88,1.38,2.63,1.61,5
FC Siena,8,3,2,3,6,8,-2,11,Italy - Serie D - Group E,0.38,0.62,-2,0.75,1.38,2.63,1.61,5
Gavorrano,8,3,2,3,6,10,-4,11,Italy - Serie D - Group E,0.38,0.62,-4,0.75,1.38,2.63,1.61,5
Fulgens Foligno,8,2,4,2,11,11,0,10,Italy - Serie D - Group E,0.25,0.75,0,1.38,1.25,4.0,1.33,6
Montevarchi,8,2,4,2,9,9,0,10,Italy - Serie D - Group E,0.25,0.75,0,1.12,1.25,4.0,1.33,6
San Donato,8,3,0,5,7,9,-2,9,Italy - Serie D - Group E,0.38,0.62,-2,0.88,1.12,2.63,1.61,7
T. Traiana,8,2,3,3,8,13,-5,9,Italy - Serie D - Group E,0.25,0.75,-5,1.0,1.12,4.0,1.33,7
Figline,8,2,2,4,9,9,0,8,Italy - Serie D - Group E,0.25,0.75,0,1.12,1.0,4.0,1.33,8
Sangiovannese,8,1,5,2,8,10,-2,8,Italy - Serie D - Group E,0.12,0.88,-2,1.0,1.0,8.33,1.14,8
Fezzanese,8,2,2,4,9,15,-6,8,Italy - Serie D - Group E,0.25,0.75,-6,1.12,1.0,4.0,1.33,8
S. Trestina,8,2,1,5,10,13,-3,7,Italy - Serie D - Group E,0.25,0.75,-3,1.25,0.88,4.0,1.33,9
Teramo,8,6,1,1,11,5,6,19,Italy - Serie D - Group F,0.75,0.25,6,1.38,2.38,1.33,4.0,1
Sambenedettese,8,5,2,1,18,8,10,17,Italy - Serie D - Group F,0.62,0.38,10,2.25,2.12,1.61,2.63,2
Chieti,8,4,3,1,12,8,4,15,Italy - Serie D - Group F,0.5,0.5,4,1.5,1.88,2.0,2.0,3
LAquila,8,4,2,2,8,5,3,14,Italy - Serie D - Group F,0.5,0.5,3,1.0,1.75,2.0,2.0,4
Ancona 1905,8,3,4,1,12,9,3,13,Italy - Serie D - Group F,0.38,0.62,3,1.5,1.62,2.63,1.61,5
Fossombrone,8,3,3,2,6,4,2,12,Italy - Serie D - Group F,0.38,0.62,2,0.75,1.5,2.63,1.61,6
Civitanovese,8,3,2,3,9,8,1,11,Italy - Serie D - Group F,0.38,0.62,1,1.12,1.38,2.63,1.61,7
Roma City,8,2,4,2,10,8,2,10,Italy - Serie D - Group F,0.25,0.75,2,1.25,1.25,4.0,1.33,8
Termoli Calcio,8,2,4,2,10,13,-3,10,Italy - Serie D - Group F,0.25,0.75,-3,1.25,1.25,4.0,1.33,8
Recanatese,8,2,4,2,6,9,-3,10,Italy - Serie D - Group F,0.25,0.75,-3,0.75,1.25,4.0,1.33,8
San Nicolo,8,3,0,5,14,15,-1,9,Italy - Serie D - Group F,0.38,0.62,-1,1.75,1.12,2.63,1.61,9
V. Senigallia,8,2,3,3,8,10,-2,9,Italy - Serie D - Group F,0.25,0.75,-2,1.0,1.12,4.0,1.33,9
Sora,8,2,3,3,5,7,-2,9,Italy - Serie D - Group F,0.25,0.75,-2,0.62,1.12,4.0,1.33,9
Isernia,8,2,3,3,9,14,-5,9,Italy - Serie D - Group F,0.25,0.75,-5,1.12,1.12,4.0,1.33,9
Castelfidardo,8,1,4,3,6,9,-3,7,Italy - Serie D - Group F,0.12,0.88,-3,0.75,0.88,8.33,1.14,10
Fermana,8,1,3,4,5,10,-5,6,Italy - Serie D - Group F,0.12,0.88,-5,0.62,0.75,8.33,1.14,11
Avezzano,8,1,3,4,6,13,-7,6,Italy - Serie D - Group F,0.12,0.88,-7,0.75,0.75,8.33,1.14,11
Atletico Ascoli,8,1,3,4,4,11,-7,6,Italy - Serie D - Group F,0.12,0.88,-7,0.5,0.75,8.33,1.14,11
Sarnese,8,4,2,2,14,8,6,14,Italy - Serie D - Group G,0.5,0.5,6,1.75,1.75,2.0,2.0,1
Guidonia,8,4,2,2,13,11,2,14,Italy - Serie D - Group G,0.5,0.5,2,1.62,1.75,2.0,2.0,1
Gelbison,8,3,3,2,12,10,2,12,Italy - Serie D - Group G,0.38,0.62,2,1.5,1.5,2.63,1.61,2
Savoia,8,3,3,2,8,10,-2,12,Italy - Serie D - Group G,0.38,0.62,-2,1.0,1.5,2.63,1.61,2
Ilvamaddalena,8,3,1,4,11,8,3,10,Italy - Serie D - Group G,0.38,0.62,3,1.38,1.25,2.63,1.61,3
Cassino,8,2,3,3,6,7,-1,9,Italy - Serie D - Group G,0.25,0.75,-1,0.75,1.12,4.0,1.33,4
Paganese,8,2,3,3,9,11,-2,9,Italy - Serie D - Group G,0.25,0.75,-2,1.12,1.12,4.0,1.33,4
CynthiAlbalonga,8,3,0,5,9,15,-6,9,Italy - Serie D - Group G,0.38,0.62,-6,1.12,1.12,2.63,1.61,4
S. Ogliastra,8,2,2,4,9,15,-6,8,Italy - Serie D - Group G,0.25,0.75,-6,1.12,1.0,4.0,1.33,5
Terracina,8,2,1,5,11,19,-8,7,Italy - Serie D - Group G,0.25,0.75,-8,1.38,0.88,4.0,1.33,6
Atletico Uri,8,1,3,4,7,13,-6,6,Italy - Serie D - Group G,0.12,0.88,-6,0.88,0.75,8.33,1.14,7
Olbia,8,1,2,5,9,15,-6,5,Italy - Serie D - Group G,0.12,0.88,-6,1.12,0.62,8.33,1.14,8
R. Monterotondo,8,1,2,5,5,11,-6,5,Italy - Serie D - Group G,0.12,0.88,-6,0.62,0.62,8.33,1.14,8
A. Lodigiani,8,1,1,6,7,15,-8,4,Italy - Serie D - Group G,0.12,0.88,-8,0.88,0.5,8.33,1.14,9
Anzio,8,0,3,5,7,15,-8,3,Italy - Serie D - Group G,0.0,1.0,-8,0.88,0.38,0.0,1.0,10
Puteolana,8,1,0,7,5,13,-8,3,Italy - Serie D - Group G,0.12,0.88,-8,0.62,0.38,8.33,1.14,10
Latte Dolce,8,0,0,8,6,23,-17,0,Italy - Serie D - Group G,0.0,1.0,-17,0.75,0.0,0.0,1.0,11
Trastevere,8,0,0,8,3,21,-18,0,Italy - Serie D - Group G,0.0,1.0,-18,0.38,0.0,0.0,1.0,11
Casarano,8,6,1,1,27,8,19,19,Italy - Serie D - Group H,0.75,0.25,19,3.38,2.38,1.33,4.0,1
Nocerina,8,4,3,1,12,7,5,15,Italy - Serie D - Group H,0.5,0.5,5,1.5,1.88,2.0,2.0,2
Martina Franca,8,3,4,1,8,7,1,13,Italy - Serie D - Group H,0.38,0.62,1,1.0,1.62,2.63,1.61,3
Francavilla,8,3,2,3,7,7,0,11,Italy - Serie D - Group H,0.38,0.62,0,0.88,1.38,2.63,1.61,4
Citta di Fasano,8,2,3,3,6,6,0,9,Italy - Serie D - Group H,0.25,0.75,0,0.75,1.12,4.0,1.33,5
Brindisi,8,1,4,3,11,12,-1,7,Italy - Serie D - Group H,0.12,0.88,-1,1.38,0.88,8.33,1.14,6
Fidelis Andria,8,2,1,5,8,11,-3,7,Italy - Serie D - Group H,0.25,0.75,-3,1.0,0.88,4.0,1.33,6
Nardo,8,2,1,5,6,11,-5,7,Italy - Serie D - Group H,0.25,0.75,-5,0.75,0.88,4.0,1.33,6
V. Francavilla,8,1,3,4,4,8,-4,6,Italy - Serie D - Group H,0.12,0.88,-4,0.5,0.75,8.33,1.14,7
Ischia,8,1,3,4,2,9,-7,6,Italy - Serie D - Group H,0.12,0.88,-7,0.25,0.75,8.33,1.14,7
Manfredonia,8,1,3,4,6,17,-11,6,Italy - Serie D - Group H,0.12,0.88,-11,0.75,0.75,8.33,1.14,7
Real Acerrana,8,1,2,5,4,14,-10,5,Italy - Serie D - Group H,0.12,0.88,-10,0.5,0.62,8.33,1.14,8
Angri Calcio,8,1,2,5,8,20,-12,5,Italy - Serie D - Group H,0.12,0.88,-12,1.0,0.62,8.33,1.14,8
Ugento,8,1,2,5,4,16,-12,5,Italy - Serie D - Group H,0.12,0.88,-12,0.5,0.62,8.33,1.14,8
USD Palmese,8,0,4,4,6,13,-7,4,Italy - Serie D - Group H,0.0,1.0,-7,0.75,0.5,0.0,1.0,9
Gravina,8,0,3,5,7,14,-7,3,Italy - Serie D - Group H,0.0,1.0,-7,0.88,0.38,0.0,1.0,10
Costa DAmalfi,8,0,1,7,3,16,-13,1,Italy - Serie D - Group H,0.0,1.0,-13,0.38,0.12,0.0,1.0,11
Matera,8,0,1,7,7,25,-18,1,Italy - Serie D - Group H,0.0,1.0,-18,0.88,0.12,0.0,1.0,11
Reggina,8,7,1,0,17,3,14,22,Italy - Serie D - Group I,0.88,0.12,14,2.12,2.75,1.14,8.33,1
Siracusa,8,6,1,1,11,5,6,19,Italy - Serie D - Group I,0.75,0.25,6,1.38,2.38,1.33,4.0,2
Sambiase,8,4,2,2,11,7,4,14,Italy - Serie D - Group I,0.5,0.5,4,1.38,1.75,2.0,2.0,3
Scafatese,8,4,2,2,8,6,2,14,Italy - Serie D - Group I,0.5,0.5,2,1.0,1.75,2.0,2.0,3
Vibonese,8,4,1,3,8,5,3,13,Italy - Serie D - Group I,0.5,0.5,3,1.0,1.62,2.0,2.0,4
Pompei,8,3,2,3,4,7,-3,11,Italy - Serie D - Group I,0.38,0.62,-3,0.5,1.38,2.63,1.61,5
Ragusa,8,3,1,4,14,12,2,10,Italy - Serie D - Group I,0.38,0.62,2,1.75,1.25,2.63,1.61,6
Paterno,8,2,4,2,10,12,-2,10,Italy - Serie D - Group I,0.25,0.75,-2,1.25,1.25,4.0,1.33,6
Nissa,8,2,3,3,11,18,-7,9,Italy - Serie D - Group I,0.25,0.75,-7,1.38,1.12,4.0,1.33,7
CastrumFavara,8,1,5,2,5,10,-5,8,Italy - Serie D - Group I,0.12,0.88,-5,0.62,1.0,8.33,1.14,8
Licata,8,2,2,4,8,14,-6,8,Italy - Serie D - Group I,0.25,0.75,-6,1.0,1.0,4.0,1.33,8
CD S. Agata,8,2,1,5,11,17,-6,7,Italy - Serie D - Group I,0.25,0.75,-6,1.38,0.88,4.0,1.33,9
Enna,8,1,3,4,1,7,-6,6,Italy - Serie D - Group I,0.12,0.88,-6,0.12,0.75,8.33,1.14,10
Acireale,8,0,5,3,9,14,-5,5,Italy - Serie D - Group I,0.0,1.0,-5,1.12,0.62,0.0,1.0,11
Igea Virtus,8,1,2,5,8,18,-10,5,Italy - Serie D - Group I,0.12,0.88,-10,1.0,0.62,8.33,1.14,11
Sancataldese,8,0,3,5,4,13,-9,3,Italy - Serie D - Group I,0.0,1.0,-9,0.5,0.38,0.0,1.0,12
Locri 1909,8,1,0,7,9,23,-14,3,Italy - Serie D - Group I,0.12,0.88,-14,1.12,0.38,8.33,1.14,12
Akragas,0,0,0,0,0,0,0,0,Italy - Serie D - Group I,0.0,0.0,0,0.0,0.0,0.0,0.0,13
Roma U20,8,7,0,1,24,12,12,21,Italy - Primavera 1,0.88,0.12,12,3.0,2.62,1.14,8.33,1
H. Verona U20,8,6,1,1,15,5,10,19,Italy - Primavera 1,0.75,0.25,10,1.88,2.38,1.33,4.0,2
Sassuolo U20,8,6,0,2,13,9,4,18,Italy - Primavera 1,0.75,0.25,4,1.62,2.25,1.33,4.0,3
Inter Milan U20,8,5,1,2,16,9,7,16,Italy - Primavera 1,0.62,0.38,7,2.0,2.0,1.61,2.63,4
Fiorentina U20,8,5,0,3,14,6,8,15,Italy - Primavera 1,0.62,0.38,8,1.75,1.88,1.61,2.63,5
Genoa U20,8,5,0,3,12,11,1,15,Italy - Primavera 1,0.62,0.38,1,1.5,1.88,1.61,2.63,5
Juventus U20,8,4,2,2,17,15,2,14,Italy - Primavera 1,0.5,0.5,2,2.12,1.75,2.0,2.0,6
Monza U20,8,4,1,3,15,17,-2,13,Italy - Primavera 1,0.5,0.5,-2,1.88,1.62,2.0,2.0,7
Milan U20,8,3,3,2,11,10,1,12,Italy - Primavera 1,0.38,0.62,1,1.38,1.5,2.63,1.61,8
Atalanta U20,8,3,1,4,11,12,-1,10,Italy - Primavera 1,0.38,0.62,-1,1.38,1.25,2.63,1.61,9
Lazio U20,8,2,3,3,4,8,-4,9,Italy - Primavera 1,0.25,0.75,-4,0.5,1.12,4.0,1.33,10
Cesena U20,8,2,2,4,14,15,-1,8,Italy - Primavera 1,0.25,0.75,-1,1.75,1.0,4.0,1.33,11
Bologna U20,8,2,2,4,7,11,-4,8,Italy - Primavera 1,0.25,0.75,-4,0.88,1.0,4.0,1.33,11
Cagliari U20,8,2,2,4,7,11,-4,8,Italy - Primavera 1,0.25,0.75,-4,0.88,1.0,4.0,1.33,11
Empoli U20,8,1,4,3,12,17,-5,7,Italy - Primavera 1,0.12,0.88,-5,1.5,0.88,8.33,1.14,12
Lecce U20,8,2,1,5,8,16,-8,7,Italy - Primavera 1,0.25,0.75,-8,1.0,0.88,4.0,1.33,12
Sampdoria U20,8,2,1,5,7,15,-8,7,Italy - Primavera 1,0.25,0.75,-8,0.88,0.88,4.0,1.33,12
Torino U20,8,1,2,5,9,13,-4,5,Italy - Primavera 1,0.12,0.88,-4,1.12,0.62,8.33,1.14,13
Cremonese U20,8,0,5,3,7,13,-6,5,Italy - Primavera 1,0.0,1.0,-6,0.88,0.62,0.0,1.0,13
Udinese U20,8,0,1,7,5,20,-15,1,Italy - Primavera 1,0.0,1.0,-15,0.62,0.12,0.0,1.0,14
Arnett Gardens,8,5,2,1,22,10,12,17,Jamaica - Premier League,0.62,0.38,12,2.75,2.12,1.61,2.63,1
Mount Pleasant,8,5,1,2,18,8,10,16,Jamaica - Premier League,0.62,0.38,10,2.25,2.0,1.61,2.63,2
Racing United,8,3,4,1,11,5,6,13,Jamaica - Premier League,0.38,0.62,6,1.38,1.62,2.63,1.61,3
Portmore Utd,8,3,4,1,5,2,3,13,Jamaica - Premier League,0.38,0.62,3,0.62,1.62,2.63,1.61,3
Montego Bay,8,3,4,1,7,5,2,13,Jamaica - Premier League,0.38,0.62,2,0.88,1.62,2.63,1.61,3
Cavalier,8,3,3,2,12,12,0,12,Jamaica - Premier League,0.38,0.62,0,1.5,1.5,2.63,1.61,4
Chapelton,8,3,2,3,7,7,0,11,Jamaica - Premier League,0.38,0.62,0,0.88,1.38,2.63,1.61,5
Dunbeholden,8,2,2,4,5,11,-6,8,Jamaica - Premier League,0.25,0.75,-6,0.62,1.0,4.0,1.33,6
Tivoli Gardens,8,1,4,3,10,13,-3,7,Jamaica - Premier League,0.12,0.88,-3,1.25,0.88,8.33,1.14,7
Harbour View,8,2,1,5,3,10,-7,7,Jamaica - Premier League,0.25,0.75,-7,0.38,0.88,4.0,1.33,7
Molynes Utd,8,1,3,4,5,14,-9,6,Jamaica - Premier League,0.12,0.88,-9,0.62,0.75,8.33,1.14,8
Waterhouse,8,1,1,6,8,14,-6,4,Jamaica - Premier League,0.12,0.88,-6,1.0,0.5,8.33,1.14,9
Vere Utd,8,0,1,7,7,18,-11,1,Jamaica - Premier League,0.0,1.0,-11,0.88,0.12,0.0,1.0,10
Humble Lions,8,0,1,7,7,23,-16,1,Jamaica - Premier League,0.0,1.0,-16,0.88,0.12,0.0,1.0,10
Machida Zelvia,5,4,1,0,8,3,5,13,Japan - J1 League,0.8,0.2,5,1.6,2.6,1.25,5.0,1
Kyoto Sanga,5,3,1,1,8,7,1,10,Japan - J1 League,0.6,0.4,1,1.6,2.0,1.67,2.5,2
K. Frontale,5,2,3,0,8,4,4,9,Japan - J1 League,0.4,0.6,4,1.6,1.8,2.5,1.67,3
Avispa Fukuoka,4,3,0,1,4,2,2,9,Japan - J1 League,0.75,0.25,2,1.0,2.25,1.33,4.0,3
Kashiwa Reysol,4,2,2,0,5,2,3,8,Japan - J1 League,0.5,0.5,3,1.25,2.0,2.0,2.0,4
Vissel Kobe,4,2,1,1,5,4,1,7,Japan - J1 League,0.5,0.5,1,1.25,1.75,2.0,2.0,5
Tokyo Verdy,5,1,3,1,3,6,-3,6,Japan - J1 League,0.2,0.8,-3,0.6,1.2,5.0,1.25,6
Shonan Bellmare,5,1,2,2,3,7,-4,5,Japan - J1 League,0.2,0.8,-4,0.6,1.0,5.0,1.25,7
S. Hiroshima,3,1,1,1,3,3,0,4,Japan - J1 League,0.33,0.67,0,1.0,1.33,3.03,1.49,8
Cerezo Osaka,5,1,1,3,9,10,-1,4,Japan - J1 League,0.2,0.8,-1,1.8,0.8,5.0,1.25,8
Urawa RD,6,0,4,2,4,6,-2,4,Japan - J1 League,0.0,1.0,-2,0.67,0.67,0.0,1.0,8
Albirex Niigata,5,1,1,3,3,6,-3,4,Japan - J1 League,0.2,0.8,-3,0.6,0.8,5.0,1.25,8
FC Tokyo,5,1,1,3,3,6,-3,4,Japan - J1 League,0.2,0.8,-3,0.6,0.8,5.0,1.25,8
Shimizu S-Pulse,5,1,1,3,3,6,-3,4,Japan - J1 League,0.2,0.8,-3,0.6,0.8,5.0,1.25,8
Gamba Osaka,5,1,1,3,4,8,-4,4,Japan - J1 League,0.2,0.8,-4,0.8,0.8,5.0,1.25,8
Kashima Antlers,3,1,0,2,3,3,0,3,Japan - J1 League,0.33,0.67,0,1.0,1.0,3.03,1.49,9
Yokohama FC,3,0,1,2,1,3,-2,1,Japan - J1 League,0.0,1.0,-2,0.33,0.33,0.0,1.0,10
Nagoya G.,5,0,1,4,4,12,-8,1,Japan - J1 League,0.0,1.0,-8,0.8,0.2,0.0,1.0,10
Fagiano Okayama,3,0,0,3,1,4,-3,0,Japan - J1 League,0.0,1.0,-3,0.33,0.0,0.0,1.0,11
Yokohama M.,3,0,0,3,0,4,-4,0,Japan - J1 League,0.0,1.0,-4,0.0,0.0,0.0,1.0,11
FC Imabari,3,3,0,0,8,3,5,9,Japan - J2 League,1.0,0.0,5,2.67,3.0,1.0,0.0,1
JEF Utd Chiba,4,3,0,1,7,3,4,9,Japan - J2 League,0.75,0.25,4,1.75,2.25,1.33,4.0,1
Vegalta Sendai,4,2,1,1,4,3,1,7,Japan - J2 League,0.5,0.5,1,1.0,1.75,2.0,2.0,2
C. Sapporo,5,2,0,3,5,9,-4,6,Japan - J2 League,0.4,0.6,-4,1.0,1.2,2.5,1.67,3
Blaublitz Akita,6,2,0,4,7,13,-6,6,Japan - J2 League,0.33,0.67,-6,1.17,1.0,3.03,1.49,3
Tokushima V.,5,1,2,2,3,3,0,5,Japan - J2 League,0.2,0.8,0,0.6,1.0,5.0,1.25,4
Oita Trinita,4,1,2,1,4,5,-1,5,Japan - J2 League,0.25,0.75,-1,1.0,1.25,4.0,1.33,4
Kataller Toyama,5,1,2,2,1,3,-2,5,Japan - J2 League,0.2,0.8,-2,0.2,1.0,5.0,1.25,4
R. Kumamoto,3,1,1,1,3,3,0,4,Japan - J2 League,0.33,0.67,0,1.0,1.33,3.03,1.49,5
M. Yamagata,5,1,1,3,8,9,-1,4,Japan - J2 League,0.2,0.8,-1,1.6,0.8,5.0,1.25,5
Jubilo Iwata,4,1,1,2,4,6,-2,4,Japan - J2 League,0.25,0.75,-2,1.0,1.0,4.0,1.33,5
Omiya Ardija,3,1,0,2,4,2,2,3,Japan - J2 League,0.33,0.67,2,1.33,1.0,3.03,1.49,6
Fujieda MYFC,4,0,3,1,4,5,-1,3,Japan - J2 League,0.0,1.0,-1,1.0,0.75,0.0,1.0,6
Ventforet Kofu,4,1,0,3,2,5,-3,3,Japan - J2 League,0.25,0.75,-3,0.5,0.75,4.0,1.33,6
V-V. Nagasaki,4,0,2,2,6,10,-4,2,Japan - J2 League,0.0,1.0,-4,1.5,0.5,0.0,1.0,7
Ehime FC,3,0,2,1,3,7,-4,2,Japan - J2 League,0.0,1.0,-4,1.0,0.67,0.0,1.0,7
Sagan Tosu,3,0,1,2,2,5,-3,1,Japan - J2 League,0.0,1.0,-3,0.67,0.33,0.0,1.0,8
Mito Hollyhock,4,0,1,3,3,7,-4,1,Japan - J2 League,0.0,1.0,-4,0.75,0.25,0.0,1.0,8
Iwaki,4,0,1,3,1,7,-6,1,Japan - J2 League,0.0,1.0,-6,0.25,0.25,0.0,1.0,8
R. Yamaguchi,3,0,0,3,1,4,-3,0,Japan - J2 League,0.0,1.0,-3,0.33,0.0,0.0,1.0,9
Kagoshima Utd,4,2,2,0,8,4,4,8,Japan - J3 League,0.5,0.5,4,2.0,2.0,2.0,2.0,1
Z. Kanazawa,5,2,2,1,6,5,1,8,Japan - J3 League,0.4,0.6,1,1.2,1.6,2.5,1.67,1
T. Miyazaki,4,2,1,1,5,4,1,7,Japan - J3 League,0.5,0.5,1,1.25,1.75,2.0,2.0,2
V. Hachinohe,4,2,1,1,3,2,1,7,Japan - J3 League,0.5,0.5,1,0.75,1.75,2.0,2.0,2
Tochigi City,4,2,1,1,4,4,0,7,Japan - J3 League,0.5,0.5,0,1.0,1.75,2.0,2.0,2
Kochi United,4,2,0,2,9,5,4,6,Japan - J3 League,0.5,0.5,4,2.25,1.5,2.0,2.0,3
Osaka,4,2,0,2,3,3,0,6,Japan - J3 League,0.5,0.5,0,0.75,1.5,2.0,2.0,3
Fukushima Utd,5,1,2,2,6,9,-3,5,Japan - J3 League,0.2,0.8,-3,1.2,1.0,5.0,1.25,4
G. Kitakyushu,3,1,0,2,3,3,0,3,Japan - J3 League,0.33,0.67,0,1.0,1.0,3.03,1.49,5
Matsumoto Y.,4,0,3,1,3,4,-1,3,Japan - J3 League,0.0,1.0,-1,0.75,0.75,0.0,1.0,5
Kamatamare S.,4,0,3,1,3,5,-2,3,Japan - J3 League,0.0,1.0,-2,0.75,0.75,0.0,1.0,5
Nagano Parceiro,3,1,0,2,2,5,-3,3,Japan - J3 League,0.33,0.67,-3,0.67,1.0,3.03,1.49,5
SC Sagamihara,4,1,0,3,3,7,-4,3,Japan - J3 League,0.25,0.75,-4,0.75,0.75,4.0,1.33,5
FC Ryukyu,4,0,2,2,2,4,-2,2,Japan - J3 League,0.0,1.0,-2,0.5,0.5,0.0,1.0,6
Nara Club,3,0,2,1,2,4,-2,2,Japan - J3 League,0.0,1.0,-2,0.67,0.67,0.0,1.0,6
Gifu,4,0,2,2,5,9,-4,2,Japan - J3 League,0.0,1.0,-4,1.25,0.5,0.0,1.0,6
AC Numazu,2,0,1,1,1,3,-2,1,Japan - J3 League,0.0,1.0,-2,0.5,0.5,0.0,1.0,7
Tochigi SC,3,0,1,2,1,3,-2,1,Japan - J3 League,0.0,1.0,-2,0.33,0.33,0.0,1.0,7
Gainare Tottori,5,0,1,4,0,9,-9,1,Japan - J3 League,0.0,1.0,-9,0.0,0.2,0.0,1.0,7
Kusatsu,3,0,0,3,5,11,-6,0,Japan - J3 League,0.0,1.0,-6,1.67,0.0,0.0,1.0,8
Al Hussein,8,7,1,0,21,6,15,22,Jordan - Premier League,0.88,0.12,15,2.62,2.75,1.14,8.33,1
Al Ramtha,8,5,2,1,15,7,8,17,Jordan - Premier League,0.62,0.38,8,1.88,2.12,1.61,2.63,2
Al Wihdat,8,5,1,2,14,5,9,16,Jordan - Premier League,0.62,0.38,9,1.75,2.0,1.61,2.63,3
Al Faysali,8,2,5,1,9,6,3,11,Jordan - Premier League,0.25,0.75,3,1.12,1.38,4.0,1.33,4
Al Salt,8,2,3,3,8,8,0,9,Jordan - Premier League,0.25,0.75,0,1.0,1.12,4.0,1.33,5
Al Jazeera,8,2,3,3,8,9,-1,9,Jordan - Premier League,0.25,0.75,-1,1.0,1.12,4.0,1.33,5
Moghayer Al S.,7,2,2,3,8,13,-5,8,Jordan - Premier League,0.29,0.71,-5,1.14,1.14,3.45,1.41,6
Aqaba,8,2,2,4,11,17,-6,8,Jordan - Premier League,0.25,0.75,-6,1.38,1.0,4.0,1.33,6
Al Ahli,8,1,3,4,7,11,-4,6,Jordan - Premier League,0.12,0.88,-4,0.88,0.75,8.33,1.14,7
Maan,8,2,0,6,7,16,-9,6,Jordan - Premier League,0.25,0.75,-9,0.88,0.75,4.0,1.33,7
Shabab Al Ordon,8,1,2,5,8,11,-3,5,Jordan - Premier League,0.12,0.88,-3,1.0,0.62,8.33,1.14,8
Al Sareeh,8,1,2,5,8,12,-4,5,Jordan - Premier League,0.12,0.88,-4,1.0,0.62,8.33,1.14,8
Kairat Almaty,3,2,1,0,7,3,4,7,Kazakhstan - Premier League,0.67,0.33,4,2.33,2.33,1.49,3.03,1
Aktobe,2,1,1,0,4,0,4,4,Kazakhstan - Premier League,0.5,0.5,4,2.0,2.0,2.0,2.0,2
Tobol,2,1,1,0,1,0,1,4,Kazakhstan - Premier League,0.5,0.5,1,0.5,2.0,2.0,2.0,2
FC Astana,1,1,0,0,2,0,2,3,Kazakhstan - Premier League,1.0,0.0,2,2.0,3.0,1.0,0.0,3
Turan,2,1,0,1,4,4,0,3,Kazakhstan - Premier League,0.5,0.5,0,2.0,1.5,2.0,2.0,3
Zhenys,3,0,3,0,1,1,0,3,Kazakhstan - Premier League,0.0,1.0,0,0.33,1.0,0.0,1.0,3
Kyzylzhar,1,0,1,0,0,0,0,1,Kazakhstan - Premier League,0.0,1.0,0,0.0,1.0,0.0,1.0,4
Yelimay Semey,2,0,1,1,2,3,-1,1,Kazakhstan - Premier League,0.0,1.0,-1,1.0,0.5,0.0,1.0,4
Okzhetpes,2,0,1,1,2,4,-2,1,Kazakhstan - Premier League,0.0,1.0,-2,1.0,0.5,0.0,1.0,4
Ulytau,2,0,1,1,0,2,-2,1,Kazakhstan - Premier League,0.0,1.0,-2,0.0,0.5,0.0,1.0,4
Zhetysu,2,0,1,1,1,4,-3,1,Kazakhstan - Premier League,0.0,1.0,-3,0.5,0.5,0.0,1.0,4
Atyrau,1,0,0,1,1,2,-1,0,Kazakhstan - Premier League,0.0,1.0,-1,1.0,0.0,0.0,1.0,5
Kaisar K.,1,0,0,1,0,2,-2,0,Kazakhstan - Premier League,0.0,1.0,-2,0.0,0.0,0.0,1.0,5
Ordabasy,2,0,0,2,1,6,-5,0,Kazakhstan - Premier League,0.0,1.0,-5,0.5,0.0,0.0,1.0,5
Drita,8,3,3,2,12,11,1,12,Kosovo - Superliga,0.38,0.62,1,1.5,1.5,2.63,1.61,1
Gjilani,8,3,3,2,13,13,0,12,Kosovo - Superliga,0.38,0.62,0,1.62,1.5,2.63,1.61,1
Dukagjini,8,3,1,4,6,8,-2,10,Kosovo - Superliga,0.38,0.62,-2,0.75,1.25,2.63,1.61,2
Ballkani,8,2,3,3,10,10,0,9,Kosovo - Superliga,0.25,0.75,0,1.25,1.12,4.0,1.33,3
Malisheva,8,1,4,3,2,5,-3,7,Kosovo - Superliga,0.12,0.88,-3,0.25,0.88,8.33,1.14,4
Prishtina,8,1,3,4,5,10,-5,6,Kosovo - Superliga,0.12,0.88,-5,0.62,0.75,8.33,1.14,5
Ferizaj,8,1,2,5,5,10,-5,5,Kosovo - Superliga,0.12,0.88,-5,0.62,0.62,8.33,1.14,6
Suhareka,8,1,2,5,9,18,-9,5,Kosovo - Superliga,0.12,0.88,-9,1.12,0.62,8.33,1.14,6
Llapi,8,1,1,6,8,15,-7,4,Kosovo - Superliga,0.12,0.88,-7,1.0,0.5,8.33,1.14,7
Feronikeli,8,0,2,6,6,14,-8,2,Kosovo - Superliga,0.0,1.0,-8,0.75,0.25,0.0,1.0,8
Al Arabi SC,8,6,1,1,17,6,11,19,Kuwait - Premier League,0.75,0.25,11,2.12,2.38,1.33,4.0,1
Al Kuwait,8,5,2,1,19,9,10,17,Kuwait - Premier League,0.62,0.38,10,2.38,2.12,1.61,2.63,2
Al Qadsia,8,4,2,2,12,10,2,14,Kuwait - Premier League,0.5,0.5,2,1.5,1.75,2.0,2.0,3
Al Salmiyah,8,3,4,1,14,11,3,13,Kuwait - Premier League,0.38,0.62,3,1.75,1.62,2.63,1.61,4
Al Fahaheel,8,2,4,2,13,14,-1,10,Kuwait - Premier League,0.25,0.75,-1,1.62,1.25,4.0,1.33,5
Al Nasar,8,2,1,5,9,15,-6,7,Kuwait - Premier League,0.25,0.75,-6,1.12,0.88,4.0,1.33,6
Al Tadhamon,8,2,0,6,8,17,-9,6,Kuwait - Premier League,0.25,0.75,-9,1.0,0.75,4.0,1.33,7
Kazma,8,1,1,6,7,15,-8,4,Kuwait - Premier League,0.12,0.88,-8,0.88,0.5,8.33,1.14,8
Yarmouk,8,0,2,6,7,22,-15,2,Kuwait - Premier League,0.0,1.0,-15,0.88,0.25,0.0,1.0,9
Khaitan,8,0,1,7,2,15,-13,1,Kuwait - Premier League,0.0,1.0,-13,0.25,0.12,0.0,1.0,10
RFS,3,2,0,1,4,3,1,6,Latvia - Virsliga,0.67,0.33,1,1.33,2.0,1.49,3.03,1
Riga FC,2,1,1,0,6,3,3,4,Latvia - Virsliga,0.5,0.5,3,3.0,2.0,2.0,2.0,2
Daugavpils,2,1,0,1,4,4,0,3,Latvia - Virsliga,0.5,0.5,0,2.0,1.5,2.0,2.0,3
Metta,3,1,0,2,4,10,-6,3,Latvia - Virsliga,0.33,0.67,-6,1.33,1.0,3.03,1.49,3
Auda,2,0,1,1,3,4,-1,1,Latvia - Virsliga,0.0,1.0,-1,1.5,0.5,0.0,1.0,4
FS Jelgava,3,0,1,2,1,4,-3,1,Latvia - Virsliga,0.0,1.0,-3,0.33,0.33,0.0,1.0,4
Super Nova,4,0,1,3,3,7,-4,1,Latvia - Virsliga,0.0,1.0,-4,0.75,0.25,0.0,1.0,4
Tukums,3,0,1,2,2,6,-4,1,Latvia - Virsliga,0.0,1.0,-4,0.67,0.33,0.0,1.0,4
Liepaja,1,0,0,1,1,4,-3,0,Latvia - Virsliga,0.0,1.0,-3,1.0,0.0,0.0,1.0,5
Grobina,2,0,0,2,1,6,-5,0,Latvia - Virsliga,0.0,1.0,-5,0.5,0.0,0.0,1.0,5
Kauno Zalgiris,4,2,2,0,6,3,3,8,Lithuania - A Lyga,0.5,0.5,3,1.5,2.0,2.0,2.0,1
Siauliai,3,2,0,1,5,3,2,6,Lithuania - A Lyga,0.67,0.33,2,1.67,2.0,1.49,3.03,2
Dziugas Telsiai,4,2,0,2,5,4,1,6,Lithuania - A Lyga,0.5,0.5,1,1.25,1.5,2.0,2.0,2
Zalgiris,2,1,1,0,4,3,1,4,Lithuania - A Lyga,0.5,0.5,1,2.0,2.0,2.0,2.0,3
Hegelmann L.,2,1,0,1,2,2,0,3,Lithuania - A Lyga,0.5,0.5,0,1.0,1.5,2.0,2.0,4
Suduva,2,1,0,1,4,5,-1,3,Lithuania - A Lyga,0.5,0.5,-1,2.0,1.5,2.0,2.0,4
Banga,3,0,2,1,2,3,-1,2,Lithuania - A Lyga,0.0,1.0,-1,0.67,0.67,0.0,1.0,5
Dainava,2,0,1,1,2,3,-1,1,Lithuania - A Lyga,0.0,1.0,-1,1.0,0.5,0.0,1.0,6
Riteriai,1,0,0,1,1,2,-1,0,Lithuania - A Lyga,0.0,1.0,-1,1.0,0.0,0.0,1.0,7
Panevezys,2,0,0,2,2,5,-3,0,Lithuania - A Lyga,0.0,1.0,-3,1.0,0.0,0.0,1.0,7
BFA Vilnius,3,3,0,0,5,1,4,9,Lithuania - 1st League,1.0,0.0,4,1.67,3.0,1.0,0.0,1
Tauras,2,1,1,0,2,0,2,4,Lithuania - 1st League,0.5,0.5,2,1.0,2.0,2.0,2.0,2
Babrungas,2,1,1,0,4,3,1,4,Lithuania - 1st League,0.5,0.5,1,2.0,2.0,2.0,2.0,2
Atmosfera,2,1,1,0,3,2,1,4,Lithuania - 1st League,0.5,0.5,1,1.5,2.0,2.0,2.0,2
Hegelmann B,2,1,1,0,3,2,1,4,Lithuania - 1st League,0.5,0.5,1,1.5,2.0,2.0,2.0,2
TransINVEST,1,1,0,0,6,2,4,3,Lithuania - 1st League,1.0,0.0,4,6.0,3.0,1.0,0.0,3
Nevezis,2,1,0,1,4,2,2,3,Lithuania - 1st League,0.5,0.5,2,2.0,1.5,2.0,2.0,3
Neptuna K.,2,1,0,1,4,3,1,3,Lithuania - 1st League,0.5,0.5,1,2.0,1.5,2.0,2.0,3
Siauliai B,2,1,0,1,5,7,-2,3,Lithuania - 1st League,0.5,0.5,-2,2.5,1.5,2.0,2.0,3
Panevezys B,2,1,0,1,4,7,-3,3,Lithuania - 1st League,0.5,0.5,-3,2.0,1.5,2.0,2.0,3
Zalgiris B,2,0,1,1,1,3,-2,1,Lithuania - 1st League,0.0,1.0,-2,0.5,0.5,0.0,1.0,4
Jonava,3,0,1,2,0,2,-2,1,Lithuania - 1st League,0.0,1.0,-2,0.0,0.33,0.0,1.0,4
Ekranas,2,0,0,2,0,3,-3,0,Lithuania - 1st League,0.0,1.0,-3,0.0,0.0,0.0,1.0,5
Kauno Z. B,2,0,0,2,0,3,-3,0,Lithuania - 1st League,0.0,1.0,-3,0.0,0.0,0.0,1.0,5
Be1 NFA,1,0,0,1,0,4,-4,0,Lithuania - 1st League,0.0,1.0,-4,0.0,0.0,0.0,1.0,5
Minija,2,0,0,2,0,4,-4,0,Lithuania - 1st League,0.0,1.0,-4,0.0,0.0,0.0,1.0,5
Differdange,8,7,0,1,18,3,15,21,Luxembourg - National Division,0.88,0.12,15,2.25,2.62,1.14,8.33,1
Dudelange,8,4,4,0,16,7,9,16,Luxembourg - National Division,0.5,0.5,9,2.0,2.0,2.0,2.0,2
UNA Strassen,8,4,3,1,14,7,7,15,Luxembourg - National Division,0.5,0.5,7,1.75,1.88,2.0,2.0,3
Mondorf,8,4,2,2,12,9,3,14,Luxembourg - National Division,0.5,0.5,3,1.5,1.75,2.0,2.0,4
Hostert,8,4,0,4,16,16,0,12,Luxembourg - National Division,0.5,0.5,0,2.0,1.5,2.0,2.0,5
V. Rosport,8,3,3,2,12,13,-1,12,Luxembourg - National Division,0.38,0.62,-1,1.5,1.5,2.63,1.61,5
Hesperange,8,2,5,1,12,9,3,11,Luxembourg - National Division,0.25,0.75,3,1.5,1.38,4.0,1.33,6
Petange,8,3,2,3,9,6,3,11,Luxembourg - National Division,0.38,0.62,3,1.12,1.38,2.63,1.61,6
Racing,8,3,1,4,8,6,2,10,Luxembourg - National Division,0.38,0.62,2,1.0,1.25,2.63,1.61,7
Niedercorn,8,2,4,2,8,8,0,10,Luxembourg - National Division,0.25,0.75,0,1.0,1.25,4.0,1.33,7
Bettembourg,8,3,1,4,9,11,-2,10,Luxembourg - National Division,0.38,0.62,-2,1.12,1.25,2.63,1.61,7
Jeunesse Esch,8,2,3,3,7,12,-5,9,Luxembourg - National Division,0.25,0.75,-5,0.88,1.12,4.0,1.33,8
Rodange,8,2,1,5,14,16,-2,7,Luxembourg - National Division,0.25,0.75,-2,1.75,0.88,4.0,1.33,9
Wiltz,8,2,0,6,8,17,-9,6,Luxembourg - National Division,0.25,0.75,-9,1.0,0.75,4.0,1.33,10
Mondercange,8,1,1,6,7,17,-10,4,Luxembourg - National Division,0.12,0.88,-10,0.88,0.5,8.33,1.14,11
Fola Esch,8,0,0,8,6,26,-20,0,Luxembourg - National Division,0.0,1.0,-20,0.75,0.0,0.0,1.0,12
Johor Darul,8,8,0,0,31,3,28,24,Malaysia - Super League,1.0,0.0,28,3.88,3.0,1.0,0.0,1
Selangor,8,5,2,1,18,5,13,17,Malaysia - Super League,0.62,0.38,13,2.25,2.12,1.61,2.63,2
Perak,8,4,3,1,14,9,5,15,Malaysia - Super League,0.5,0.5,5,1.75,1.88,2.0,2.0,3
Terengganu,8,4,2,2,14,7,7,14,Malaysia - Super League,0.5,0.5,7,1.75,1.75,2.0,2.0,4
Sabah,8,4,2,2,14,11,3,14,Malaysia - Super League,0.5,0.5,3,1.75,1.75,2.0,2.0,4
Kuching,8,4,2,2,13,10,3,14,Malaysia - Super League,0.5,0.5,3,1.62,1.75,2.0,2.0,4
Kuala Lumpur,8,3,2,3,11,13,-2,11,Malaysia - Super League,0.38,0.62,-2,1.38,1.38,2.63,1.61,5
Pahang,8,2,4,2,11,11,0,10,Malaysia - Super League,0.25,0.75,0,1.38,1.25,4.0,1.33,6
Pulau Pinang,8,2,1,5,13,18,-5,7,Malaysia - Super League,0.25,0.75,-5,1.62,0.88,4.0,1.33,7
Kedah,8,2,1,5,5,22,-17,7,Malaysia - Super League,0.25,0.75,-17,0.62,0.88,4.0,1.33,7
PDRM,8,1,2,5,6,18,-12,5,Malaysia - Super League,0.12,0.88,-12,0.75,0.62,8.33,1.14,8
Negeri Sembilan,8,0,4,4,9,14,-5,4,Malaysia - Super League,0.0,1.0,-5,1.12,0.5,0.0,1.0,9
Kelantan United,8,1,0,7,4,27,-23,3,Malaysia - Super League,0.12,0.88,-23,0.5,0.38,8.33,1.14,10
Hamrun Spartans,8,5,2,1,15,6,9,17,Malta - Premier League,0.62,0.38,9,1.88,2.12,1.61,2.63,1
Floriana,8,5,2,1,12,5,7,17,Malta - Premier League,0.62,0.38,7,1.5,2.12,1.61,2.63,1
Birkirkara,8,5,1,2,12,4,8,16,Malta - Premier League,0.62,0.38,8,1.5,2.0,1.61,2.63,2
Sliema,8,5,1,2,13,7,6,16,Malta - Premier League,0.62,0.38,6,1.62,2.0,1.61,2.63,2
Marsaxlokk,8,4,1,3,13,6,7,13,Malta - Premier League,0.5,0.5,7,1.62,1.62,2.0,2.0,3
Hibernians,8,4,1,3,14,13,1,13,Malta - Premier League,0.5,0.5,1,1.75,1.62,2.0,2.0,3
Zabbar,8,3,3,2,13,8,5,12,Malta - Premier League,0.38,0.62,5,1.62,1.5,2.63,1.61,4
Melita,8,2,4,2,9,9,0,10,Malta - Premier League,0.25,0.75,0,1.12,1.25,4.0,1.33,5
Mosta,8,3,1,4,11,15,-4,10,Malta - Premier League,0.38,0.62,-4,1.38,1.25,2.63,1.61,5
Gzira Utd,8,2,2,4,7,11,-4,8,Malta - Premier League,0.25,0.75,-4,0.88,1.0,4.0,1.33,6
Balzan,8,1,2,5,6,12,-6,5,Malta - Premier League,0.12,0.88,-6,0.75,0.62,8.33,1.14,7
Naxxar Lions,8,1,0,7,8,21,-13,3,Malta - Premier League,0.12,0.88,-13,1.0,0.38,8.33,1.14,8
Cruz Azul,8,6,1,1,19,9,10,19,Mexico - Liga MX - Apertura,0.75,0.25,10,2.38,2.38,1.33,4.0,1
Monterrey,8,4,2,2,10,7,3,14,Mexico - Liga MX - Apertura,0.5,0.5,3,1.25,1.75,2.0,2.0,2
Tigres,8,4,1,3,13,9,4,13,Mexico - Liga MX - Apertura,0.5,0.5,4,1.62,1.62,2.0,2.0,3
Toluca,8,3,3,2,10,9,1,12,Mexico - Liga MX - Apertura,0.38,0.62,1,1.25,1.5,2.63,1.61,4
Pumas UNAM,8,3,3,2,6,6,0,12,Mexico - Liga MX - Apertura,0.38,0.62,0,0.75,1.5,2.63,1.61,4
Juarez,8,4,0,4,10,18,-8,12,Mexico - Liga MX - Apertura,0.5,0.5,-8,1.25,1.5,2.0,2.0,4
Guadalajara,8,3,1,4,9,8,1,10,Mexico - Liga MX - Apertura,0.38,0.62,1,1.12,1.25,2.63,1.61,5
CF America,8,2,3,3,12,14,-2,9,Mexico - Liga MX - Apertura,0.25,0.75,-2,1.5,1.12,4.0,1.33,6
Tijuana,8,2,3,3,6,12,-6,9,Mexico - Liga MX - Apertura,0.25,0.75,-6,0.75,1.12,4.0,1.33,6
Atlas,8,2,2,4,7,16,-9,8,Mexico - Liga MX - Apertura,0.25,0.75,-9,0.88,1.0,4.0,1.33,7
A. San Luis,8,2,1,5,7,12,-5,7,Mexico - Liga MX - Apertura,0.25,0.75,-5,0.88,0.88,4.0,1.33,8
Club Leon,8,1,3,4,12,18,-6,6,Mexico - Liga MX - Apertura,0.12,0.88,-6,1.5,0.75,8.33,1.14,9
Queretaro,8,1,2,5,6,17,-11,5,Mexico - Liga MX - Apertura,0.12,0.88,-11,0.75,0.62,8.33,1.14,10
Mazatlan,8,0,4,4,0,7,-7,4,Mexico - Liga MX - Apertura,0.0,1.0,-7,0.0,0.5,0.0,1.0,11
Pachuca,8,1,1,6,7,16,-9,4,Mexico - Liga MX - Apertura,0.12,0.88,-9,0.88,0.5,8.33,1.14,11
Puebla,8,1,1,6,4,16,-12,4,Mexico - Liga MX - Apertura,0.12,0.88,-12,0.5,0.5,8.33,1.14,11
Necaxa,8,0,3,5,7,17,-10,3,Mexico - Liga MX - Apertura,0.0,1.0,-10,0.88,0.38,0.0,1.0,12
Santos Laguna,8,0,1,7,5,17,-12,1,Mexico - Liga MX - Apertura,0.0,1.0,-12,0.62,0.12,0.0,1.0,13
CF America,7,5,1,1,12,4,8,16,Mexico - Liga MX - Clausura,0.71,0.29,8,1.71,2.29,1.41,3.45,1
Club Leon,8,4,2,2,12,10,2,14,Mexico - Liga MX - Clausura,0.5,0.5,2,1.5,1.75,2.0,2.0,2
Cruz Azul,7,4,1,2,10,7,3,13,Mexico - Liga MX - Clausura,0.57,0.43,3,1.43,1.86,1.75,2.33,3
Necaxa,7,4,0,3,15,11,4,12,Mexico - Liga MX - Clausura,0.57,0.43,4,2.14,1.71,1.75,2.33,4
Toluca,7,3,2,2,16,11,5,11,Mexico - Liga MX - Clausura,0.43,0.57,5,2.29,1.57,2.33,1.75,5
Monterrey,7,2,3,2,13,11,2,9,Mexico - Liga MX - Clausura,0.29,0.71,2,1.86,1.29,3.45,1.41,6
Pumas UNAM,7,3,0,4,15,16,-1,9,Mexico - Liga MX - Clausura,0.43,0.57,-1,2.14,1.29,2.33,1.75,6
Tigres,7,2,2,3,6,8,-2,8,Mexico - Liga MX - Clausura,0.29,0.71,-2,0.86,1.14,3.45,1.41,7
Juarez,7,2,2,3,5,9,-4,8,Mexico - Liga MX - Clausura,0.29,0.71,-4,0.71,1.14,3.45,1.41,7
Pachuca,6,2,1,3,10,11,-1,7,Mexico - Liga MX - Clausura,0.33,0.67,-1,1.67,1.17,3.03,1.49,8
Atlas,7,1,3,3,8,11,-3,6,Mexico - Liga MX - Clausura,0.14,0.86,-3,1.14,0.86,7.14,1.16,9
A. San Luis,7,2,0,5,7,16,-9,6,Mexico - Liga MX - Clausura,0.29,0.71,-9,1.0,0.86,3.45,1.41,9
Puebla,7,1,2,4,7,11,-4,5,Mexico - Liga MX - Clausura,0.14,0.86,-4,1.0,0.71,7.14,1.16,10
Mazatlan,7,1,1,5,5,10,-5,4,Mexico - Liga MX - Clausura,0.14,0.86,-5,0.71,0.57,7.14,1.16,11
Guadalajara,7,1,1,5,8,14,-6,4,Mexico - Liga MX - Clausura,0.14,0.86,-6,1.14,0.57,7.14,1.16,11
Tijuana,7,1,1,5,6,16,-10,4,Mexico - Liga MX - Clausura,0.14,0.86,-10,0.86,0.57,7.14,1.16,11
Santos Laguna,8,0,1,7,7,17,-10,1,Mexico - Liga MX - Clausura,0.0,1.0,-10,0.88,0.12,0.0,1.0,12
Queretaro,6,0,1,5,2,12,-10,1,Mexico - Liga MX - Clausura,0.0,1.0,-10,0.33,0.17,0.0,1.0,12
Buducnost,8,5,3,0,23,10,13,18,Montenegro - First League,0.62,0.38,13,2.88,2.25,1.61,2.63,1
Sutjeska,8,5,0,3,9,7,2,15,Montenegro - First League,0.62,0.38,2,1.12,1.88,1.61,2.63,2
Petrovac,8,4,1,3,14,9,5,13,Montenegro - First League,0.5,0.5,5,1.75,1.62,2.0,2.0,3
Bokelj,8,4,1,3,8,7,1,13,Montenegro - First League,0.5,0.5,1,1.0,1.62,2.0,2.0,3
Arsenal Tivat,8,3,2,3,5,6,-1,11,Montenegro - First League,0.38,0.62,-1,0.62,1.38,2.63,1.61,4
Mornar Bar,8,3,1,4,10,18,-8,10,Montenegro - First League,0.38,0.62,-8,1.25,1.25,2.63,1.61,5
Jezero,8,2,2,4,8,10,-2,8,Montenegro - First League,0.25,0.75,-2,1.0,1.0,4.0,1.33,6
Decic,8,1,5,2,6,9,-3,8,Montenegro - First League,0.12,0.88,-3,0.75,1.0,8.33,1.14,6
Jedinstvo,8,0,3,5,7,19,-12,3,Montenegro - First League,0.0,1.0,-12,0.88,0.38,0.0,1.0,7
Otrant,8,0,2,6,3,13,-10,2,Montenegro - First League,0.0,1.0,-10,0.38,0.25,0.0,1.0,8
Berkane,8,7,1,0,15,2,13,22,morocco,0.88,0.12,13,1.88,2.75,1.14,8.33,1
Wydad,8,3,5,0,13,6,7,14,morocco,0.38,0.62,7,1.62,1.75,2.63,1.61,2
Maghreb de Fes,8,3,3,2,13,9,4,12,morocco,0.38,0.62,4,1.62,1.5,2.63,1.61,3
FUS Rabat,8,3,3,2,9,7,2,12,morocco,0.38,0.62,2,1.12,1.5,2.63,1.61,3
FAR Rabat,8,3,2,3,11,10,1,11,morocco,0.38,0.62,1,1.38,1.38,2.63,1.61,4
Raja Casablanca,8,3,2,3,8,9,-1,11,morocco,0.38,0.62,-1,1.0,1.38,2.63,1.61,4
Difaa El Jadida,8,2,4,2,12,10,2,10,morocco,0.25,0.75,2,1.5,1.25,4.0,1.33,5
R. Zemamra,8,3,1,4,5,7,-2,10,morocco,0.38,0.62,-2,0.62,1.25,2.63,1.61,5
Olympic Safi,8,2,3,3,9,11,-2,9,morocco,0.25,0.75,-2,1.12,1.12,4.0,1.33,6
Moghreb Tetouan,8,1,2,5,5,10,-5,5,morocco,0.12,0.88,-5,0.62,0.62,8.33,1.14,7
Meknes,8,1,2,5,8,18,-10,5,morocco,0.12,0.88,-10,1.0,0.62,8.33,1.14,7
Hassania Agadir,8,1,1,6,6,10,-4,4,morocco,0.12,0.88,-4,0.75,0.5,8.33,1.14,8
Union Touarga,8,0,3,5,5,11,-6,3,morocco,0.0,1.0,-6,0.62,0.38,0.0,1.0,9
Ittihad Tanger,8,0,3,5,8,15,-7,3,morocco,0.0,1.0,-7,1.0,0.38,0.0,1.0,9
C. Mohammedia,8,0,3,5,5,13,-8,3,morocco,0.0,1.0,-8,0.62,0.38,0.0,1.0,9
JS Sousalem,8,0,1,7,4,17,-13,1,morocco,0.0,1.0,-13,0.5,0.12,0.0,1.0,10
Shan Utd,8,7,1,0,27,5,22,22,myanmar,0.88,0.12,22,3.38,2.75,1.14,8.33,1
Yangon Utd,8,6,2,0,28,7,21,20,myanmar,0.75,0.25,21,3.5,2.5,1.33,4.0,2
Dagon,8,5,1,2,16,8,8,16,myanmar,0.62,0.38,8,2.0,2.0,1.61,2.63,3
Hantharwady,8,4,2,2,10,8,2,14,myanmar,0.5,0.5,2,1.25,1.75,2.0,2.0,4
Thitsar Arman,8,4,1,3,16,14,2,13,myanmar,0.5,0.5,2,2.0,1.62,2.0,2.0,5
Ayeyawady,8,3,1,4,12,13,-1,10,myanmar,0.38,0.62,-1,1.5,1.25,2.63,1.61,6
Ispe FC,8,2,3,3,10,9,1,9,myanmar,0.25,0.75,1,1.25,1.12,4.0,1.33,7
Yadanarbon,8,2,3,3,10,13,-3,9,myanmar,0.25,0.75,-3,1.25,1.12,4.0,1.33,7
Sagaing Utd,8,2,1,5,10,16,-6,7,myanmar,0.25,0.75,-6,1.25,0.88,4.0,1.33,8
Rakhine Utd,8,2,1,5,13,20,-7,7,myanmar,0.25,0.75,-7,1.62,0.88,4.0,1.33,8
Dagon Port,8,0,4,4,13,29,-16,4,myanmar,0.0,1.0,-16,1.62,0.5,0.0,1.0,9
Myawady,8,0,1,7,6,18,-12,1,myanmar,0.0,1.0,-12,0.75,0.12,0.0,1.0,10
Ajax Amsterdam,8,7,0,1,13,3,10,21,netherlands,0.88,0.12,10,1.62,2.62,1.14,8.33,1
Feyenoord,8,4,2,2,16,11,5,14,netherlands,0.5,0.5,5,2.0,1.75,2.0,2.0,2
FC Utrecht,8,3,5,0,18,14,4,14,netherlands,0.38,0.62,4,2.25,1.75,2.63,1.61,2
PSV Eindhoven,8,4,1,3,20,13,7,13,netherlands,0.5,0.5,7,2.5,1.62,2.0,2.0,3
AZ Alkmaar,8,3,4,1,14,12,2,13,netherlands,0.38,0.62,2,1.75,1.62,2.63,1.61,3
Fortuna Sittard,8,2,3,3,13,14,-1,9,netherlands,0.25,0.75,-1,1.62,1.12,4.0,1.33,4
Sparta,8,2,3,3,8,9,-1,9,netherlands,0.25,0.75,-1,1.0,1.12,4.0,1.33,4
Almere City,8,2,2,4,6,9,-3,8,netherlands,0.25,0.75,-3,0.75,1.0,4.0,1.33,5
Go Ahead Eagles,8,2,1,5,15,18,-3,7,netherlands,0.25,0.75,-3,1.88,0.88,4.0,1.33,6
PEC Zwolle,8,1,4,3,10,13,-3,7,netherlands,0.12,0.88,-3,1.25,0.88,8.33,1.14,6
Heerenveen,8,2,1,5,8,15,-7,7,netherlands,0.25,0.75,-7,1.0,0.88,4.0,1.33,6
NEC Nijmegen,8,2,1,5,4,15,-11,7,netherlands,0.25,0.75,-11,0.5,0.88,4.0,1.33,6
RKC Waalwijk,8,1,3,4,11,14,-3,6,netherlands,0.12,0.88,-3,1.38,0.75,8.33,1.14,7
FC Twente,8,1,3,4,11,18,-7,6,netherlands,0.12,0.88,-7,1.38,0.75,8.33,1.14,7
Heracles Almelo,8,1,3,4,6,13,-7,6,netherlands,0.12,0.88,-7,0.75,0.75,8.33,1.14,7
NAC Breda,8,1,2,5,9,17,-8,5,netherlands,0.12,0.88,-8,1.12,0.62,8.33,1.14,8
FC Groningen,8,1,2,5,7,17,-10,5,netherlands,0.12,0.88,-10,0.88,0.62,8.33,1.14,8
Willem II,8,1,1,6,5,19,-14,4,netherlands,0.12,0.88,-14,0.62,0.5,8.33,1.14,9
FC Volendam,8,5,2,1,13,7,6,17,netherlands2,0.62,0.38,6,1.62,2.12,1.61,2.63,1
ADO Den Haag,8,5,0,3,12,8,4,15,netherlands2,0.62,0.38,4,1.5,1.88,1.61,2.63,2
Cambuur,8,4,1,3,13,13,0,13,netherlands2,0.5,0.5,0,1.62,1.62,2.0,2.0,3
FC Emmen,8,4,1,3,11,12,-1,13,netherlands2,0.5,0.5,-1,1.38,1.62,2.0,2.0,3
FC Eindhoven,8,3,3,2,16,12,4,12,netherlands2,0.38,0.62,4,2.0,1.5,2.63,1.61,4
Jong AZ,8,3,3,2,14,13,1,12,netherlands2,0.38,0.62,1,1.75,1.5,2.63,1.61,4
FC Dordrecht,8,4,0,4,8,10,-2,12,netherlands2,0.5,0.5,-2,1.0,1.5,2.0,2.0,4
Excelsior,8,3,2,3,12,11,1,11,netherlands2,0.38,0.62,1,1.5,1.38,2.63,1.61,5
VVV,8,3,1,4,11,17,-6,10,netherlands2,0.38,0.62,-6,1.38,1.25,2.63,1.61,6
De Graafschap,8,2,2,4,9,12,-3,8,netherlands2,0.25,0.75,-3,1.12,1.0,4.0,1.33,7
FC Den Bosch,8,2,2,4,9,13,-4,8,netherlands2,0.25,0.75,-4,1.12,1.0,4.0,1.33,7
Vitesse Arnhem,8,2,2,4,14,20,-6,8,netherlands2,0.25,0.75,-6,1.75,1.0,4.0,1.33,7
Roda JC,8,2,1,5,11,16,-5,7,netherlands2,0.25,0.75,-5,1.38,0.88,4.0,1.33,8
Telstar,8,2,1,5,9,17,-8,7,netherlands2,0.25,0.75,-8,1.12,0.88,4.0,1.33,8
TOP Oss,8,0,5,3,5,10,-5,5,netherlands2,0.0,1.0,-5,0.62,0.62,0.0,1.0,9
MVV Maastricht,8,1,2,5,4,13,-9,5,netherlands2,0.12,0.88,-9,0.5,0.62,8.33,1.14,9
Helmond Sport,8,0,3,5,9,19,-10,3,netherlands2,0.0,1.0,-10,1.12,0.38,0.0,1.0,10
Jong Ajax,8,1,0,7,5,16,-11,3,netherlands2,0.12,0.88,-11,0.62,0.38,8.33,1.14,10
Jong Utrecht,8,1,0,7,4,24,-20,3,netherlands2,0.12,0.88,-20,0.5,0.38,8.33,1.14,10
Jong PSV,8,0,2,6,5,18,-13,2,netherlands2,0.0,1.0,-13,0.62,0.25,0.0,1.0,11
Diriangen,8,4,4,0,21,7,14,16,nicaragua,0.5,0.5,14,2.62,2.0,2.0,2.0,1
Real Esteli,8,5,1,2,14,9,5,16,nicaragua,0.62,0.38,5,1.75,2.0,1.61,2.63,1
Walter Ferreti,8,4,2,2,8,5,3,14,nicaragua,0.5,0.5,3,1.0,1.75,2.0,2.0,2
Matagalpa,8,3,3,2,9,7,2,12,nicaragua,0.38,0.62,2,1.12,1.5,2.63,1.61,3
Export Sebaco,8,1,4,3,7,10,-3,7,nicaragua,0.12,0.88,-3,0.88,0.88,8.33,1.14,4
Managua FC,8,1,3,4,9,15,-6,6,nicaragua,0.12,0.88,-6,1.12,0.75,8.33,1.14,5
Jalapa,8,1,2,5,8,21,-13,5,nicaragua,0.12,0.88,-13,1.0,0.62,8.33,1.14,6
UNAN Managua,8,1,1,6,7,17,-10,4,nicaragua,0.12,0.88,-10,0.88,0.5,8.33,1.14,7
Rancho Santana,8,1,1,6,5,15,-10,4,nicaragua,0.12,0.88,-10,0.62,0.5,8.33,1.14,7
D. Ocotal,8,0,2,6,3,24,-21,2,nicaragua,0.0,1.0,-21,0.38,0.25,0.0,1.0,8
Real Esteli,7,6,0,1,18,9,9,18,nicaragua2,0.86,0.14,9,2.57,2.57,1.16,7.14,1
Diriangen,6,4,1,1,10,6,4,13,nicaragua2,0.67,0.33,4,1.67,2.17,1.49,3.03,2
Managua FC,6,3,2,1,10,4,6,11,nicaragua2,0.5,0.5,6,1.67,1.83,2.0,2.0,3
CS Sebaco,7,2,1,4,8,12,-4,7,nicaragua2,0.29,0.71,-4,1.14,1.0,3.45,1.41,4
Matagalpa,6,1,2,3,4,8,-4,5,nicaragua2,0.17,0.83,-4,0.67,0.83,5.88,1.2,5
Walter Ferreti,7,1,2,4,3,8,-5,5,nicaragua2,0.14,0.86,-5,0.43,0.71,7.14,1.16,5
UNAN Managua,8,1,2,5,7,17,-10,5,nicaragua2,0.12,0.88,-10,0.88,0.62,8.33,1.14,5
Jalapa,7,1,1,5,7,18,-11,4,nicaragua2,0.14,0.86,-11,1.0,0.57,7.14,1.16,6
Rancho Santana,8,0,2,6,2,12,-10,2,nicaragua2,0.0,1.0,-10,0.25,0.25,0.0,1.0,7
D. Ocotal,6,0,1,5,4,19,-15,1,nicaragua2,0.0,1.0,-15,0.67,0.17,0.0,1.0,8
Dungannon,8,5,2,1,13,5,8,17,northernireland,0.62,0.38,8,1.62,2.12,1.61,2.63,1
Linfield,8,5,2,1,12,4,8,17,northernireland,0.62,0.38,8,1.5,2.12,1.61,2.63,1
Glentoran,8,5,2,1,12,7,5,17,northernireland,0.62,0.38,5,1.5,2.12,1.61,2.63,1
Coleraine,8,4,3,1,12,9,3,15,northernireland,0.5,0.5,3,1.5,1.88,2.0,2.0,2
Larne,8,4,1,3,10,8,2,13,northernireland,0.5,0.5,2,1.25,1.62,2.0,2.0,3
Crusaders,8,4,1,3,7,6,1,13,northernireland,0.5,0.5,1,0.88,1.62,2.0,2.0,3
Glenavon,8,3,2,3,11,10,1,11,northernireland,0.38,0.62,1,1.38,1.38,2.63,1.61,4
Ballymena Utd,8,2,2,4,11,12,-1,8,northernireland,0.25,0.75,-1,1.38,1.0,4.0,1.33,5
Portadown,8,1,2,5,6,13,-7,5,northernireland,0.12,0.88,-7,0.75,0.62,8.33,1.14,6
Carrick Rangers,8,1,1,6,4,16,-12,4,northernireland,0.12,0.88,-12,0.5,0.5,8.33,1.14,7
Loughgall,8,0,3,5,3,13,-10,3,northernireland,0.0,1.0,-10,0.38,0.38,0.0,1.0,8
Cliftonville,8,0,2,6,4,14,-10,2,northernireland,0.0,1.0,-10,0.5,0.25,0.0,1.0,9
Annagh Utd,8,5,0,3,20,10,10,15,northernireland2,0.62,0.38,10,2.5,1.88,1.61,2.63,1
Ards,8,4,3,1,10,8,2,15,northernireland2,0.5,0.5,2,1.25,1.88,2.0,2.0,1
HW Welders,8,4,2,2,15,11,4,14,northernireland2,0.5,0.5,4,1.88,1.75,2.0,2.0,2
Limavady,8,3,4,1,13,7,6,13,northernireland2,0.38,0.62,6,1.62,1.62,2.63,1.61,3
Dundela,8,3,2,3,12,16,-4,11,northernireland2,0.38,0.62,-4,1.5,1.38,2.63,1.61,4
Newington,8,2,4,2,15,16,-1,10,northernireland2,0.25,0.75,-1,1.88,1.25,4.0,1.33,5
Institute,8,3,1,4,13,14,-1,10,northernireland2,0.38,0.62,-1,1.62,1.25,2.63,1.61,5
Bangor,8,2,3,3,12,11,1,9,northernireland2,0.25,0.75,1,1.5,1.12,4.0,1.33,6
Armagh City,8,2,3,3,12,14,-2,9,northernireland2,0.25,0.75,-2,1.5,1.12,4.0,1.33,6
Ballyclare,8,2,1,5,10,19,-9,7,northernireland2,0.25,0.75,-9,1.25,0.88,4.0,1.33,7
Newry City,8,1,2,5,7,18,-11,5,northernireland2,0.12,0.88,-11,0.88,0.62,8.33,1.14,8
Ballinamallard,8,1,0,7,4,18,-14,3,northernireland2,0.12,0.88,-14,0.5,0.38,8.33,1.14,9
Sileks,8,6,1,1,18,6,12,19,northmacedonia,0.75,0.25,12,2.25,2.38,1.33,4.0,1
Shkendija,8,4,3,1,6,5,1,15,northmacedonia,0.5,0.5,1,0.75,1.88,2.0,2.0,2
Vardar,8,4,2,2,10,4,6,14,northmacedonia,0.5,0.5,6,1.25,1.75,2.0,2.0,3
Gostivar,8,3,2,3,6,5,1,11,northmacedonia,0.38,0.62,1,0.75,1.38,2.63,1.61,4
Rabotnicki,8,2,4,2,7,6,1,10,northmacedonia,0.25,0.75,1,0.88,1.25,4.0,1.33,5
Brera Strumica,8,2,2,4,9,13,-4,8,northmacedonia,0.25,0.75,-4,1.12,1.0,4.0,1.33,6
Struga,8,2,2,4,9,13,-4,8,northmacedonia,0.25,0.75,-4,1.12,1.0,4.0,1.33,6
Shkupi,8,2,2,4,6,10,-4,8,northmacedonia,0.25,0.75,-4,0.75,1.0,4.0,1.33,6
Pelister,8,2,0,6,5,14,-9,6,northmacedonia,0.25,0.75,-9,0.62,0.75,4.0,1.33,7
Besa,8,1,2,5,5,12,-7,5,northmacedonia,0.12,0.88,-7,0.62,0.62,8.33,1.14,8
Tikves,8,0,4,4,4,9,-5,4,northmacedonia,0.0,1.0,-5,0.5,0.5,0.0,1.0,9
Voska Sport,8,1,1,6,5,14,-9,4,northmacedonia,0.12,0.88,-9,0.62,0.5,8.33,1.14,9
Stromsgodset,1,1,0,0,5,0,5,3,norway,1.0,0.0,5,5.0,3.0,1.0,0.0,1
Sarpsborg 08,1,1,0,0,2,0,2,3,norway,1.0,0.0,2,2.0,3.0,1.0,0.0,1
Rosenborg,1,1,0,0,2,1,1,3,norway,1.0,0.0,1,2.0,3.0,1.0,0.0,1
Bodo.Glimt,1,1,0,0,1,0,1,3,norway,1.0,0.0,1,1.0,3.0,1.0,0.0,1
Valerenga,1,0,1,0,1,1,0,1,norway,0.0,1.0,0,1.0,1.0,0.0,1.0,2
Bryne,1,0,0,1,1,2,-1,0,norway,0.0,1.0,-1,1.0,0.0,0.0,1.0,3
Kristiansund,1,0,0,1,1,2,-1,0,norway,0.0,1.0,-1,1.0,0.0,0.0,1.0,3
Fredrikstad,1,0,0,1,0,1,-1,0,norway,0.0,1.0,-1,0.0,0.0,0.0,1.0,3
Haugesund,1,0,0,1,0,1,-1,0,norway,0.0,1.0,-1,0.0,0.0,0.0,1.0,3
KFUM Oslo,1,0,0,1,1,3,-2,0,norway,0.0,1.0,-2,1.0,0.0,0.0,1.0,3
Sandefjord,1,0,0,1,1,3,-2,0,norway,0.0,1.0,-2,1.0,0.0,0.0,1.0,3
Tromso,1,0,0,1,1,3,-2,0,norway,0.0,1.0,-2,1.0,0.0,0.0,1.0,3
Viking,1,0,0,1,1,3,-2,0,norway,0.0,1.0,-2,1.0,0.0,0.0,1.0,3
Brann,1,0,0,1,0,3,-3,0,norway,0.0,1.0,-3,0.0,0.0,0.0,1.0,3
HamKam,1,0,0,1,0,3,-3,0,norway,0.0,1.0,-3,0.0,0.0,0.0,1.0,3
Molde,1,0,0,1,0,3,-3,0,norway,0.0,1.0,-3,0.0,0.0,0.0,1.0,3
Lyn,1,1,0,0,3,0,3,3,norway2,1.0,0.0,3,3.0,3.0,1.0,0.0,1
Start,1,1,0,0,3,1,2,3,norway2,1.0,0.0,2,3.0,3.0,1.0,0.0,1
Egersund,1,1,0,0,2,0,2,3,norway2,1.0,0.0,2,2.0,3.0,1.0,0.0,1
Kongsvinger,1,1,0,0,2,0,2,3,norway2,1.0,0.0,2,2.0,3.0,1.0,0.0,1
Aalesund,1,1,0,0,4,3,1,3,norway2,1.0,0.0,1,4.0,3.0,1.0,0.0,1
Stabaek,1,1,0,0,1,0,1,3,norway2,1.0,0.0,1,1.0,3.0,1.0,0.0,1
Lillestrom,1,0,1,0,2,2,0,1,norway2,0.0,1.0,0,2.0,1.0,0.0,1.0,2
Asane,1,0,1,0,1,1,0,1,norway2,0.0,1.0,0,1.0,1.0,0.0,1.0,2
Hodd,1,0,1,0,1,1,0,1,norway2,0.0,1.0,0,1.0,1.0,0.0,1.0,2
Raufoss,1,0,1,0,1,1,0,1,norway2,0.0,1.0,0,1.0,1.0,0.0,1.0,2
Mjondalen,1,0,0,1,2,3,-1,0,norway2,0.0,1.0,-1,2.0,0.0,0.0,1.0,3
Moss,1,0,0,1,2,3,-1,0,norway2,0.0,1.0,-1,2.0,0.0,0.0,1.0,3
Skeid,1,0,0,1,1,2,-1,0,norway2,0.0,1.0,-1,1.0,0.0,0.0,1.0,3
Sogndal,1,0,0,1,1,2,-1,0,norway2,0.0,1.0,-1,1.0,0.0,0.0,1.0,3
Odd,1,0,0,1,0,1,-1,0,norway2,0.0,1.0,-1,0.0,0.0,0.0,1.0,3
Ranheim,1,0,0,1,0,2,-2,0,norway2,0.0,1.0,-2,0.0,0.0,0.0,1.0,3
Brann B,1,1,0,0,4,3,1,3,norway3,1.0,0.0,1,4.0,3.0,1.0,0.0,1
Jerv,1,1,0,0,2,1,1,3,norway3,1.0,0.0,1,2.0,3.0,1.0,0.0,1
Sandnes Ulf,1,0,1,0,3,3,0,1,norway3,0.0,1.0,0,3.0,1.0,0.0,1.0,2
Arendal,1,0,1,0,1,1,0,1,norway3,0.0,1.0,0,1.0,1.0,0.0,1.0,2
Notodden,1,0,1,0,1,1,0,1,norway3,0.0,1.0,0,1.0,1.0,0.0,1.0,2
Pors Grenland,1,0,1,0,1,1,0,1,norway3,0.0,1.0,0,1.0,1.0,0.0,1.0,2
Traef,1,0,1,0,1,1,0,1,norway3,0.0,1.0,0,1.0,1.0,0.0,1.0,2
Sotra,1,0,1,0,0,0,0,1,norway3,0.0,1.0,0,0.0,1.0,0.0,1.0,2
Brattvag,1,0,0,1,3,4,-1,0,norway3,0.0,1.0,-1,3.0,0.0,0.0,1.0,3
Lysekloster,1,0,0,1,1,2,-1,0,norway3,0.0,1.0,-1,1.0,0.0,0.0,1.0,3
Sandviken,1,0,0,1,1,2,-1,0,norway3,0.0,1.0,-1,1.0,0.0,0.0,1.0,3
V. Haugesund,1,0,0,1,1,2,-1,0,norway3,0.0,1.0,-1,1.0,0.0,0.0,1.0,3
Eik Tonsberg,1,0,0,1,1,3,-2,0,norway3,0.0,1.0,-2,1.0,0.0,0.0,1.0,3
Flekkeroy,1,0,0,1,1,6,-5,0,norway3,0.0,1.0,-5,1.0,0.0,0.0,1.0,3
Honefoss,1,1,0,0,3,0,3,3,norway4,1.0,0.0,3,3.0,3.0,1.0,0.0,1
Tromsdalen,1,1,0,0,3,0,3,3,norway4,1.0,0.0,3,3.0,3.0,1.0,0.0,1
Eidsvold,1,1,0,0,3,2,1,3,norway4,1.0,0.0,1,3.0,3.0,1.0,0.0,1
Grorud,1,1,0,0,2,1,1,3,norway4,1.0,0.0,1,2.0,3.0,1.0,0.0,1
Kjelsas,1,1,0,0,2,1,1,3,norway4,1.0,0.0,1,2.0,3.0,1.0,0.0,1
Stjordals-Blink,1,1,0,0,2,1,1,3,norway4,1.0,0.0,1,2.0,3.0,1.0,0.0,1
Strommen,1,1,0,0,2,1,1,3,norway4,1.0,0.0,1,2.0,3.0,1.0,0.0,1
Ull/Kisa,1,1,0,0,1,0,1,3,norway4,1.0,0.0,1,1.0,3.0,1.0,0.0,1
Follo,1,0,1,0,2,2,0,1,norway4,0.0,1.0,0,2.0,1.0,0.0,1.0,2
Asker,1,0,1,0,1,1,0,1,norway4,0.0,1.0,0,1.0,1.0,0.0,1.0,2
Levanger,1,0,0,1,3,4,-1,0,norway4,0.0,1.0,-1,3.0,0.0,0.0,1.0,3
Strindheim,1,0,0,1,1,2,-1,0,norway4,0.0,1.0,-1,1.0,0.0,0.0,1.0,3
Alta,1,0,0,1,0,2,-2,0,norway4,0.0,1.0,-2,0.0,0.0,0.0,1.0,3
Rana,1,0,0,1,1,4,-3,0,norway4,0.0,1.0,-3,1.0,0.0,0.0,1.0,3
Gamle Oslo,1,1,0,0,5,0,5,3,norway5,1.0,0.0,5,5.0,3.0,1.0,0.0,1
Tromso B,1,1,0,0,4,0,4,3,norway5,1.0,0.0,4,4.0,3.0,1.0,0.0,1
Harstad,1,1,0,0,5,2,3,3,norway5,1.0,0.0,3,5.0,3.0,1.0,0.0,1
Ullern,1,1,0,0,4,1,3,3,norway5,1.0,0.0,3,4.0,3.0,1.0,0.0,1
Floya,1,1,0,0,5,3,2,3,norway5,1.0,0.0,2,5.0,3.0,1.0,0.0,1
Junkeren,1,1,0,0,2,1,1,3,norway5,1.0,0.0,1,2.0,3.0,1.0,0.0,1
Sortland,1,1,0,0,2,1,1,3,norway5,1.0,0.0,1,2.0,3.0,1.0,0.0,1
Skjervoy,1,0,1,0,3,3,0,1,norway5,0.0,1.0,0,3.0,1.0,0.0,1.0,2
Alta B,1,0,1,0,2,2,0,1,norway5,0.0,1.0,0,2.0,1.0,0.0,1.0,2
Frigg,1,0,1,0,2,2,0,1,norway5,0.0,1.0,0,2.0,1.0,0.0,1.0,2
KFUM B,0,0,0,0,0,0,0,0,norway5,0.0,0.0,0,0.0,0.0,0.0,0.0,3
Baerum,1,0,0,1,0,1,-1,0,norway5,0.0,1.0,-1,0.0,0.0,0.0,1.0,3
Funnefoss/V,1,0,0,1,2,4,-2,0,norway5,0.0,1.0,-2,2.0,0.0,0.0,1.0,3
Ulfstind,1,0,0,1,0,2,-2,0,norway5,0.0,1.0,-2,0.0,0.0,0.0,1.0,3
Melhus,1,1,0,0,7,0,7,3,norway6,1.0,0.0,7,7.0,3.0,1.0,0.0,1
Ranheim B,1,1,0,0,3,1,2,3,norway6,1.0,0.0,2,3.0,3.0,1.0,0.0,1
Rosenborg B,1,1,0,0,2,0,2,3,norway6,1.0,0.0,2,2.0,3.0,1.0,0.0,1
Volda,1,1,0,0,2,0,2,3,norway6,1.0,0.0,2,2.0,3.0,1.0,0.0,1
Nardo,1,0,1,0,1,1,0,1,norway6,0.0,1.0,0,1.0,1.0,0.0,1.0,2
Tiller,1,0,1,0,1,1,0,1,norway6,0.0,1.0,0,1.0,1.0,0.0,1.0,2
Byasen,1,0,1,0,0,0,0,1,norway6,0.0,1.0,0,0.0,1.0,0.0,1.0,2
Kristiansund B,1,0,0,1,0,1,-1,0,norway6,0.0,1.0,-1,0.0,0.0,0.0,1.0,3
Trygg/Lade,1,0,0,1,0,1,-1,0,norway6,0.0,1.0,-1,0.0,0.0,0.0,1.0,3
Molde B,1,0,0,1,2,4,-2,0,norway6,0.0,1.0,-2,2.0,0.0,0.0,1.0,3
Kvik Trondheim,1,0,0,1,2,5,-3,0,norway6,0.0,1.0,-3,2.0,0.0,0.0,1.0,3
Aalesund B,1,0,0,1,0,3,-3,0,norway6,0.0,1.0,-3,0.0,0.0,0.0,1.0,3
Spjelkavik,1,0,0,1,0,4,-4,0,norway6,0.0,1.0,-4,0.0,0.0,0.0,1.0,3
Surnadal,1,0,0,1,1,7,-6,0,norway6,0.0,1.0,-6,1.0,0.0,0.0,1.0,3
Skjetten,1,1,0,0,5,0,5,3,norway7,1.0,0.0,5,5.0,3.0,1.0,0.0,1
Lorenskog,1,1,0,0,6,2,4,3,norway7,1.0,0.0,4,6.0,3.0,1.0,0.0,1
Skedsmo,1,1,0,0,4,0,4,3,norway7,1.0,0.0,4,4.0,3.0,1.0,0.0,1
Kongsvinger B,1,1,0,0,2,1,1,3,norway7,1.0,0.0,1,2.0,3.0,1.0,0.0,1
Bjorkelangen,1,0,1,0,2,2,0,1,norway7,0.0,1.0,0,2.0,1.0,0.0,1.0,2
Lillehammer,1,0,1,0,2,2,0,1,norway7,0.0,1.0,0,2.0,1.0,0.0,1.0,2
Gjovik-Lyn,1,0,1,0,1,1,0,1,norway7,0.0,1.0,0,1.0,1.0,0.0,1.0,2
Elverum,0,0,0,0,0,0,0,0,norway7,0.0,0.0,0,0.0,0.0,0.0,0.0,3
Nordstrand,0,0,0,0,0,0,0,0,norway7,0.0,0.0,0,0.0,0.0,0.0,0.0,3
Stromsgodset B,1,0,0,1,0,1,-1,0,norway7,0.0,1.0,-1,0.0,0.0,0.0,1.0,3
HamKam B,1,0,0,1,1,3,-2,0,norway7,0.0,1.0,-2,1.0,0.0,0.0,1.0,3
Assiden IF,1,0,0,1,0,2,-2,0,norway7,0.0,1.0,-2,0.0,0.0,0.0,1.0,3
Lillestrom B,1,0,0,1,1,5,-4,0,norway7,0.0,1.0,-4,1.0,0.0,0.0,1.0,3
Ull/Kisa B,1,0,0,1,1,6,-5,0,norway7,0.0,1.0,-5,1.0,0.0,0.0,1.0,3
Bjarg,1,1,0,0,5,0,5,3,norway8,1.0,0.0,5,5.0,3.0,1.0,0.0,1
Forde,1,1,0,0,2,0,2,3,norway8,1.0,0.0,2,2.0,3.0,1.0,0.0,1
Gneist,1,1,0,0,3,2,1,3,norway8,1.0,0.0,1,3.0,3.0,1.0,0.0,1
Lyn B,1,1,0,0,2,1,1,3,norway8,1.0,0.0,1,2.0,3.0,1.0,0.0,1
Askoy,1,1,0,0,1,0,1,3,norway8,1.0,0.0,1,1.0,3.0,1.0,0.0,1
Fana,1,0,1,0,1,1,0,1,norway8,0.0,1.0,0,1.0,1.0,0.0,1.0,2
Sandefjord B,0,0,0,0,0,0,0,0,norway8,0.0,0.0,0,0.0,0.0,0.0,0.0,3
Asane B,1,0,0,1,3,4,-1,0,norway8,0.0,1.0,-1,3.0,0.0,0.0,1.0,3
Fyllingsdalen,1,0,0,1,2,3,-1,0,norway8,0.0,1.0,-1,2.0,0.0,0.0,1.0,3
Valerenga B,1,0,0,1,2,3,-1,0,norway8,0.0,1.0,-1,2.0,0.0,0.0,1.0,3
OS,1,0,0,1,1,2,-1,0,norway8,0.0,1.0,-1,1.0,0.0,0.0,1.0,3
Lyngbo,1,0,0,1,1,3,-2,0,norway8,0.0,1.0,-2,1.0,0.0,0.0,1.0,3
Fjora,1,0,0,1,2,7,-5,0,norway8,0.0,1.0,-5,2.0,0.0,0.0,1.0,3
Loddefjord,1,0,0,1,0,8,-8,0,norway8,0.0,1.0,-8,0.0,0.0,0.0,1.0,3
Vidar,1,1,0,0,3,1,2,3,norway9,1.0,0.0,2,3.0,3.0,1.0,0.0,1
Vindbjart,1,1,0,0,2,1,1,3,norway9,1.0,0.0,1,2.0,3.0,1.0,0.0,1
Torvastad,1,0,1,0,2,2,0,1,norway9,0.0,1.0,0,2.0,1.0,0.0,1.0,2
Madla,1,0,1,0,1,1,0,1,norway9,0.0,1.0,0,1.0,1.0,0.0,1.0,2
Stord,1,0,1,0,1,1,0,1,norway9,0.0,1.0,0,1.0,1.0,0.0,1.0,2
Viking B,1,0,1,0,1,1,0,1,norway9,0.0,1.0,0,1.0,1.0,0.0,1.0,2
Sandnes Ulf B,0,0,0,0,0,0,0,0,norway9,0.0,0.0,0,0.0,0.0,0.0,0.0,3
Sola,0,0,0,0,0,0,0,0,norway9,0.0,0.0,0,0.0,0.0,0.0,0.0,3
Staal Jorpeland,1,0,0,1,2,3,-1,0,norway9,0.0,1.0,-1,2.0,0.0,0.0,1.0,3
Brodd,1,0,0,1,0,1,-1,0,norway9,0.0,1.0,-1,0.0,0.0,0.0,1.0,3
Djerv,1,0,0,1,2,5,-3,0,norway9,0.0,1.0,-3,2.0,0.0,0.0,1.0,3
Hinna,1,0,0,1,2,5,-3,0,norway9,0.0,1.0,-3,2.0,0.0,0.0,1.0,3
Haugesund B,1,0,0,1,1,4,-3,0,norway9,0.0,1.0,-3,1.0,0.0,0.0,1.0,3
Vag,1,0,0,1,0,4,-4,0,norway9,0.0,1.0,-4,0.0,0.0,0.0,1.0,3
Stabaek B,1,1,0,0,3,0,3,3,norway10,1.0,0.0,3,3.0,3.0,1.0,0.0,1
Sarpsborg 08 B,1,1,0,0,2,1,1,3,norway10,1.0,0.0,1,2.0,3.0,1.0,0.0,1
Grei,1,0,1,0,1,1,0,1,norway10,0.0,1.0,0,1.0,1.0,0.0,1.0,2
Drobak-Frogn,0,0,0,0,0,0,0,0,norway10,0.0,0.0,0,0.0,0.0,0.0,0.0,3
Odd B,0,0,0,0,0,0,0,0,norway10,0.0,0.0,0,0.0,0.0,0.0,0.0,3
Flint,1,0,0,1,2,3,-1,0,norway10,0.0,1.0,-1,2.0,0.0,0.0,1.0,3
Fram,1,0,0,1,2,3,-1,0,norway10,0.0,1.0,-1,2.0,0.0,0.0,1.0,3
Fredrikstad B,1,0,0,1,1,2,-1,0,norway10,0.0,1.0,-1,1.0,0.0,0.0,1.0,3
Kvik Halden,1,0,0,1,1,2,-1,0,norway10,0.0,1.0,-1,1.0,0.0,0.0,1.0,3
Oppsal,1,0,0,1,1,2,-1,0,norway10,0.0,1.0,-1,1.0,0.0,0.0,1.0,3
Orn Horten,1,0,0,1,1,2,-1,0,norway10,0.0,1.0,-1,1.0,0.0,0.0,1.0,3
Pors Grenland B,1,0,0,1,1,2,-1,0,norway10,0.0,1.0,-1,1.0,0.0,0.0,1.0,3
IF Ready,1,0,0,1,0,3,-3,0,norway10,0.0,1.0,-3,0.0,0.0,0.0,1.0,3
Lokomotiv Oslo,1,0,0,1,0,4,-4,0,norway10,0.0,1.0,-4,0.0,0.0,0.0,1.0,3
San Francisco,7,4,2,1,7,3,4,14,panama,0.57,0.43,4,1.0,2.0,1.75,2.33,1
Plaza Amador,6,3,2,1,7,6,1,11,panama,0.5,0.5,1,1.17,1.83,2.0,2.0,2
Alianza,7,2,4,1,12,12,0,10,panama,0.29,0.71,0,1.71,1.43,3.45,1.41,3
San Miguelito,7,3,1,3,5,8,-3,10,panama,0.43,0.57,-3,0.71,1.43,2.33,1.75,3
Arabe Unido,5,2,2,1,5,3,2,8,panama,0.4,0.6,2,1.0,1.6,2.5,1.67,4
Universitario,5,2,2,1,5,4,1,8,panama,0.4,0.6,1,1.0,1.6,2.5,1.67,4
Independiente,6,2,1,3,6,7,-1,7,panama,0.33,0.67,-1,1.0,1.17,3.03,1.49,5
UMECIT,7,1,3,3,9,11,-2,6,panama,0.14,0.86,-2,1.29,0.86,7.14,1.16,6
Tauro,6,1,2,3,7,8,-1,5,panama,0.17,0.83,-1,1.17,0.83,5.88,1.2,7
Costa del Este,5,1,2,2,4,5,-1,5,panama,0.2,0.8,-1,0.8,1.0,5.0,1.25,7
Herrera,5,0,2,3,2,6,-4,2,panama,0.0,1.0,-4,0.4,0.4,0.0,1.0,8
Veraguas,5,0,2,3,3,13,-10,2,panama,0.0,1.0,-10,0.6,0.4,0.0,1.0,8
Independiente,8,4,2,2,12,9,3,14,panama2,0.5,0.5,3,1.5,1.75,2.0,2.0,1
San Miguelito,8,3,3,2,5,4,1,12,panama2,0.38,0.62,1,0.62,1.5,2.63,1.61,2
Plaza Amador,8,2,5,1,8,7,1,11,panama2,0.25,0.75,1,1.0,1.38,4.0,1.33,3
Veraguas,7,3,1,3,11,12,-1,10,panama2,0.43,0.57,-1,1.57,1.43,2.33,1.75,4
Tauro,8,3,1,4,7,10,-3,10,panama2,0.38,0.62,-3,0.88,1.25,2.63,1.61,4
Universitario,8,3,1,4,6,9,-3,10,panama2,0.38,0.62,-3,0.75,1.25,2.63,1.61,4
Arabe Unido,8,2,3,3,6,5,1,9,panama2,0.25,0.75,1,0.75,1.12,4.0,1.33,5
UMECIT,8,2,3,3,6,7,-1,9,panama2,0.25,0.75,-1,0.75,1.12,4.0,1.33,5
Alianza,7,2,1,4,7,10,-3,7,panama2,0.29,0.71,-3,1.0,1.0,3.45,1.41,6
San Francisco,8,1,3,4,8,11,-3,6,panama2,0.12,0.88,-3,1.0,0.75,8.33,1.14,7
Costa del Este,8,0,4,4,3,11,-8,4,panama2,0.0,1.0,-8,0.38,0.5,0.0,1.0,8
Herrera,8,0,2,6,5,12,-7,2,panama2,0.0,1.0,-7,0.62,0.25,0.0,1.0,9
Guarani,6,5,0,1,7,3,4,15,paraguay,0.83,0.17,4,1.17,2.5,1.2,5.88,1
Libertad,6,4,2,0,14,4,10,14,paraguay,0.67,0.33,10,2.33,2.33,1.49,3.03,2
S. Trinidense,6,2,3,1,10,9,1,9,paraguay,0.33,0.67,1,1.67,1.5,3.03,1.49,3
D. Recoleta,6,2,2,2,12,13,-1,8,paraguay,0.33,0.67,-1,2.0,1.33,3.03,1.49,4
2 de Mayo,6,1,3,2,5,5,0,6,paraguay,0.17,0.83,0,0.83,1.0,5.88,1.2,5
Olimpia,6,1,3,2,7,8,-1,6,paraguay,0.17,0.83,-1,1.17,1.0,5.88,1.2,5
Cerro Porteno,6,1,2,3,4,6,-2,5,paraguay,0.17,0.83,-2,0.67,0.83,5.88,1.2,6
S. Luqueno,6,1,2,3,4,10,-6,5,paraguay,0.17,0.83,-6,0.67,0.83,5.88,1.2,6
Nacional,6,1,1,4,4,8,-4,4,paraguay,0.17,0.83,-4,0.67,0.67,5.88,1.2,7
G. Caballero,6,1,1,4,3,7,-4,4,paraguay,0.17,0.83,-4,0.5,0.67,5.88,1.2,7
S. Ameliano,6,1,1,4,3,8,-5,4,paraguay,0.17,0.83,-5,0.5,0.67,5.88,1.2,7
A. Tembetary,6,0,3,3,2,7,-5,3,paraguay,0.0,1.0,-5,0.33,0.5,0.0,1.0,8
Guarani,8,4,3,1,9,5,4,15,paraguay2,0.5,0.5,4,1.12,1.88,2.0,2.0,1
S. Ameliano,8,4,2,2,12,5,7,14,paraguay2,0.5,0.5,7,1.5,1.75,2.0,2.0,2
Olimpia,8,4,2,2,5,4,1,14,paraguay2,0.5,0.5,1,0.62,1.75,2.0,2.0,2
2 de Mayo,8,3,3,2,10,7,3,12,paraguay2,0.38,0.62,3,1.25,1.5,2.63,1.61,3
G. Caballero,8,3,2,3,7,6,1,11,paraguay2,0.38,0.62,1,0.88,1.38,2.63,1.61,4
Sol de America,8,2,3,3,9,8,1,9,paraguay2,0.25,0.75,1,1.12,1.12,4.0,1.33,5
S. Luqueno,8,2,3,3,14,14,0,9,paraguay2,0.25,0.75,0,1.75,1.12,4.0,1.33,5
Libertad,8,2,2,4,8,12,-4,8,paraguay2,0.25,0.75,-4,1.0,1.0,4.0,1.33,6
Cerro Porteno,8,2,1,5,7,12,-5,7,paraguay2,0.25,0.75,-5,0.88,0.88,4.0,1.33,7
Nacional,8,1,3,4,8,10,-2,6,paraguay2,0.12,0.88,-2,1.0,0.75,8.33,1.14,8
Tacuary,8,1,2,5,7,12,-5,5,paraguay2,0.12,0.88,-5,0.88,0.62,8.33,1.14,9
S. Trinidense,8,0,4,4,5,9,-4,4,paraguay2,0.0,1.0,-4,0.62,0.5,0.0,1.0,10
D. Garcilaso,4,2,2,0,8,4,4,8,peru,0.5,0.5,4,2.0,2.0,2.0,2.0,1
FBC Melgar,2,2,0,0,4,2,2,6,peru,1.0,0.0,2,2.0,3.0,1.0,0.0,2
Cusco,3,2,0,1,6,6,0,6,peru,0.67,0.33,0,2.0,2.0,1.49,3.03,2
Universitario,3,1,2,0,4,2,2,5,peru,0.33,0.67,2,1.33,1.67,3.03,1.49,3
Sport Huancayo,3,1,1,1,3,4,-1,4,peru,0.33,0.67,-1,1.0,1.33,3.03,1.49,4
S. Cristal,4,1,1,2,4,7,-3,4,peru,0.25,0.75,-3,1.0,1.0,4.0,1.33,4
ADT,4,1,1,2,6,10,-4,4,peru,0.25,0.75,-4,1.5,1.0,4.0,1.33,4
Comerciantes U.,3,1,0,2,5,5,0,3,peru,0.33,0.67,0,1.67,1.0,3.03,1.49,5
Binacional,3,1,0,2,5,9,-4,3,peru,0.33,0.67,-4,1.67,1.0,3.03,1.49,5
Alianza Lima,3,1,0,2,3,7,-4,3,peru,0.33,0.67,-4,1.0,1.0,3.03,1.49,5
Cienciano,3,0,2,1,3,4,-1,2,peru,0.0,1.0,-1,1.0,0.67,0.0,1.0,6
Los Chankas,3,0,2,1,3,4,-1,2,peru,0.0,1.0,-1,1.0,0.67,0.0,1.0,6
Alianza A.,3,0,1,2,2,4,-2,1,peru,0.0,1.0,-2,0.67,0.33,0.0,1.0,7
Atletico Grau,3,0,1,2,5,8,-3,1,peru,0.0,1.0,-3,1.67,0.33,0.0,1.0,7
Ayacucho,4,0,1,3,2,6,-4,1,peru,0.0,1.0,-4,0.5,0.25,0.0,1.0,7
Cajamarca,3,0,1,2,3,8,-5,1,peru,0.0,1.0,-5,1.0,0.33,0.0,1.0,7
Sport Boys,3,0,1,2,3,8,-5,1,peru,0.0,1.0,-5,1.0,0.33,0.0,1.0,7
Juan Pablo II C,4,0,0,4,2,8,-6,0,peru,0.0,1.0,-6,0.5,0.0,0.0,1.0,8
A. Huanuco,3,0,0,3,3,10,-7,0,peru,0.0,1.0,-7,1.0,0.0,0.0,1.0,8
Manila Digger,8,7,1,0,31,3,28,22,philippines,0.88,0.12,28,3.88,2.75,1.14,8.33,1
Kaya FC,8,6,1,1,18,7,11,19,philippines,0.75,0.25,11,2.25,2.38,1.33,4.0,2
Davao Aguilas,8,6,0,2,15,4,11,18,philippines,0.75,0.25,11,1.88,2.25,1.33,4.0,3
Stallion,8,5,2,1,19,7,12,17,philippines,0.62,0.38,12,2.38,2.12,1.61,2.63,4
One Taguig,8,5,2,1,15,6,9,17,philippines,0.62,0.38,9,1.88,2.12,1.61,2.63,4
DH Cebu,8,3,2,3,16,12,4,11,philippines,0.38,0.62,4,2.0,1.38,2.63,1.61,5
Maharlika,8,3,1,4,9,11,-2,10,philippines,0.38,0.62,-2,1.12,1.25,2.63,1.61,6
Loyola,8,3,0,5,10,17,-7,9,philippines,0.38,0.62,-7,1.25,1.12,2.63,1.61,7
Mendiola,8,1,1,6,8,35,-27,4,philippines,0.12,0.88,-27,1.0,0.5,8.33,1.14,8
PFF Development,8,0,2,6,4,25,-21,2,philippines,0.0,1.0,-21,0.5,0.25,0.0,1.0,9
Rakow C.,8,5,3,0,13,4,9,18,poland,0.62,0.38,9,1.62,2.25,1.61,2.63,1
Gornik Zabrze,8,4,1,3,11,10,1,13,poland,0.5,0.5,1,1.38,1.62,2.0,2.0,2
Pogon Szczecin,8,3,3,2,12,7,5,12,poland,0.38,0.62,5,1.5,1.5,2.63,1.61,3
Jagiellonia,8,3,3,2,11,8,3,12,poland,0.38,0.62,3,1.38,1.5,2.63,1.61,3
Piast Gliwice,8,3,3,2,9,6,3,12,poland,0.38,0.62,3,1.12,1.5,2.63,1.61,3
Cracovia Krakow,8,3,3,2,13,13,0,12,poland,0.38,0.62,0,1.62,1.5,2.63,1.61,3
Radomiak Radom,8,4,0,4,11,14,-3,12,poland,0.5,0.5,-3,1.38,1.5,2.0,2.0,3
Motor Lublin,8,3,2,3,9,14,-5,11,poland,0.38,0.62,-5,1.12,1.38,2.63,1.61,4
Korona Kielce,8,2,4,2,8,10,-2,10,poland,0.25,0.75,-2,1.0,1.25,4.0,1.33,5
Legia Warsaw,8,2,2,4,15,18,-3,8,poland,0.25,0.75,-3,1.88,1.0,4.0,1.33,6
Zaglebie Lubin,8,2,2,4,7,11,-4,8,poland,0.25,0.75,-4,0.88,1.0,4.0,1.33,6
Widzew Lodz,8,2,2,4,10,16,-6,8,poland,0.25,0.75,-6,1.25,1.0,4.0,1.33,6
Lech Poznan,8,2,1,5,8,10,-2,7,poland,0.25,0.75,-2,1.0,0.88,4.0,1.33,7
Puszcza Niepolo,8,2,1,5,7,12,-5,7,poland,0.25,0.75,-5,0.88,0.88,4.0,1.33,7
Katowice,8,2,1,5,9,16,-7,7,poland,0.25,0.75,-7,1.12,0.88,4.0,1.33,7
Lechia Gdansk,8,1,3,4,9,14,-5,6,poland,0.12,0.88,-5,1.12,0.75,8.33,1.14,8
Slask Wroclaw,8,1,3,4,8,13,-5,6,poland,0.12,0.88,-5,1.0,0.75,8.33,1.14,8
Stal Mielec,8,1,1,6,8,16,-8,4,poland,0.12,0.88,-8,1.0,0.5,8.33,1.14,9
Arka Gdynia,8,6,1,1,14,3,11,19,poland2,0.75,0.25,11,1.75,2.38,1.33,4.0,1
Wisla Krakow,8,5,1,2,20,8,12,16,poland2,0.62,0.38,12,2.5,2.0,1.61,2.63,2
Tychy,8,4,2,2,16,9,7,14,poland2,0.5,0.5,7,2.0,1.75,2.0,2.0,3
Miedz Legnica,8,4,2,2,12,7,5,14,poland2,0.5,0.5,5,1.5,1.75,2.0,2.0,3
LKS Lodz,8,3,4,1,15,10,5,13,poland2,0.38,0.62,5,1.88,1.62,2.63,1.61,4
T. Nieciecza,8,3,3,2,15,12,3,12,poland2,0.38,0.62,3,1.88,1.5,2.63,1.61,5
Znicz Pruszkow,8,3,3,2,10,9,1,12,poland2,0.38,0.62,1,1.25,1.5,2.63,1.61,5
Polonia Warszaw,8,3,3,2,9,10,-1,12,poland2,0.38,0.62,-1,1.12,1.5,2.63,1.61,5
Odra Opole,8,3,3,2,8,12,-4,12,poland2,0.38,0.62,-4,1.0,1.5,2.63,1.61,5
Gornik Leczna,8,2,4,2,11,8,3,10,poland2,0.25,0.75,3,1.38,1.25,4.0,1.33,6
Ruch Chorzow,8,3,1,4,7,11,-4,10,poland2,0.38,0.62,-4,0.88,1.25,2.63,1.61,6
Stal Rzeszow,8,1,4,3,10,13,-3,7,poland2,0.12,0.88,-3,1.25,0.88,8.33,1.14,7
Wisla Plock,8,1,4,3,8,11,-3,7,poland2,0.12,0.88,-3,1.0,0.88,8.33,1.14,7
Warta Poznan,8,1,4,3,4,10,-6,7,poland2,0.12,0.88,-6,0.5,0.88,8.33,1.14,7
Stalowa Wola,8,1,3,4,4,12,-8,6,poland2,0.12,0.88,-8,0.5,0.75,8.33,1.14,8
Pogon Siedlce,8,1,1,6,8,15,-7,4,poland2,0.12,0.88,-7,1.0,0.5,8.33,1.14,9
K. Kolobrzeg,8,0,2,6,7,16,-9,2,poland2,0.0,1.0,-9,0.88,0.25,0.0,1.0,10
Chrobry Glogow,8,0,1,7,5,19,-14,1,poland2,0.0,1.0,-14,0.62,0.12,0.0,1.0,11
Pogon Grodzisk,8,7,0,1,15,4,11,21,poland3,0.88,0.12,11,1.88,2.62,1.14,8.33,1
Wieczysta K.,8,5,1,2,18,7,11,16,poland3,0.62,0.38,11,2.25,2.0,1.61,2.63,2
Rekord Bielsko,8,4,2,2,18,13,5,14,poland3,0.5,0.5,5,2.25,1.75,2.0,2.0,3
LKS Lodz B,8,4,2,2,11,7,4,14,poland3,0.5,0.5,4,1.38,1.75,2.0,2.0,3
Podbeskidzie,8,4,2,2,11,7,4,14,poland3,0.5,0.5,4,1.38,1.75,2.0,2.0,3
Chojniczanka,8,4,1,3,7,7,0,13,poland3,0.5,0.5,0,0.88,1.62,2.0,2.0,4
Jastrzebie,8,4,0,4,12,9,3,12,poland3,0.5,0.5,3,1.5,1.5,2.0,2.0,5
Polonia Bytom,8,3,3,2,9,8,1,12,poland3,0.38,0.62,1,1.12,1.5,2.63,1.61,5
Swit Skolwin,8,3,2,3,14,15,-1,11,poland3,0.38,0.62,-1,1.75,1.38,2.63,1.61,6
Kalisz,8,3,1,4,6,9,-3,10,poland3,0.38,0.62,-3,0.75,1.25,2.63,1.61,7
Z. Sosnowiec,8,2,3,3,10,9,1,9,poland3,0.25,0.75,1,1.25,1.12,4.0,1.33,8
O. Grudziadz,8,2,3,3,8,9,-1,9,poland3,0.25,0.75,-1,1.0,1.12,4.0,1.33,8
Resovia Rzeszow,8,2,1,5,10,14,-4,7,poland3,0.25,0.75,-4,1.25,0.88,4.0,1.33,9
Wisla Pulawy,8,2,0,6,9,22,-13,6,poland3,0.25,0.75,-13,1.12,0.75,4.0,1.33,10
Olimpia Elblag,8,1,1,6,8,16,-8,4,poland3,0.12,0.88,-8,1.0,0.5,8.33,1.14,11
Hutnik Krakow,8,0,4,4,7,15,-8,4,poland3,0.0,1.0,-8,0.88,0.5,0.0,1.0,11
Zaglebie L. B,8,0,3,5,12,21,-9,3,poland3,0.0,1.0,-9,1.5,0.38,0.0,1.0,12
SKRA Czestochow,8,0,1,7,5,21,-16,1,poland3,0.0,1.0,-16,0.62,0.12,0.0,1.0,13
Sporting Braga,8,6,1,1,10,4,6,19,portugal,0.75,0.25,6,1.25,2.38,1.33,4.0,1
Benfica,8,6,0,2,17,9,8,18,portugal,0.75,0.25,8,2.12,2.25,1.33,4.0,2
Estoril,8,4,2,2,16,14,2,14,portugal,0.5,0.5,2,2.0,1.75,2.0,2.0,3
Sporting CP,8,3,4,1,17,10,7,13,portugal,0.38,0.62,7,2.12,1.62,2.63,1.61,4
FC Porto,8,4,1,3,11,9,2,13,portugal,0.5,0.5,2,1.38,1.62,2.0,2.0,4
Arouca,8,3,2,3,13,13,0,11,portugal,0.38,0.62,0,1.62,1.38,2.63,1.61,5
Santa Clara,8,3,2,3,6,7,-1,11,portugal,0.38,0.62,-1,0.75,1.38,2.63,1.61,5
Famalicao,8,3,2,3,12,14,-2,11,portugal,0.38,0.62,-2,1.5,1.38,2.63,1.61,5
Casa Pia,8,3,0,5,11,14,-3,9,portugal,0.38,0.62,-3,1.38,1.12,2.63,1.61,6
Estrela Amadora,8,2,3,3,4,7,-3,9,portugal,0.25,0.75,-3,0.5,1.12,4.0,1.33,6
Guimaraes,8,1,5,2,9,10,-1,8,portugal,0.12,0.88,-1,1.12,1.0,8.33,1.14,7
Farense,8,1,5,2,10,12,-2,8,portugal,0.12,0.88,-2,1.25,1.0,8.33,1.14,7
Gil Vicente,8,2,2,4,6,11,-5,8,portugal,0.25,0.75,-5,0.75,1.0,4.0,1.33,7
AVS,8,1,3,4,5,13,-8,6,portugal,0.12,0.88,-8,0.62,0.75,8.33,1.14,8
Rio Ave,8,1,2,5,6,10,-4,5,portugal,0.12,0.88,-4,0.75,0.62,8.33,1.14,9
Moreirense,8,1,2,5,8,13,-5,5,portugal,0.12,0.88,-5,1.0,0.62,8.33,1.14,9
Nacional,8,1,1,6,6,13,-7,4,portugal,0.12,0.88,-7,0.75,0.5,8.33,1.14,10
Boavista,8,1,1,6,5,17,-12,4,portugal,0.12,0.88,-12,0.62,0.5,8.33,1.14,10
Uniao de Leiria,8,5,1,2,17,8,9,16,portugal2,0.62,0.38,9,2.12,2.0,1.61,2.63,1
Torreense,8,3,5,0,14,8,6,14,portugal2,0.38,0.62,6,1.75,1.75,2.63,1.61,2
Alverca,8,4,2,2,14,9,5,14,portugal2,0.5,0.5,5,1.75,1.75,2.0,2.0,2
Vizela,8,4,2,2,15,11,4,14,portugal2,0.5,0.5,4,1.88,1.75,2.0,2.0,2
Oliveirense,8,4,1,3,10,13,-3,13,portugal2,0.5,0.5,-3,1.25,1.62,2.0,2.0,3
Chaves,8,3,3,2,7,8,-1,12,portugal2,0.38,0.62,-1,0.88,1.5,2.63,1.61,4
Tondela,8,2,5,1,11,9,2,11,portugal2,0.25,0.75,2,1.38,1.38,4.0,1.33,5
Maritimo,8,3,2,3,8,12,-4,11,portugal2,0.38,0.62,-4,1.0,1.38,2.63,1.61,5
Feirense,8,3,2,3,7,11,-4,11,portugal2,0.38,0.62,-4,0.88,1.38,2.63,1.61,5
Pacos Ferreira,8,2,2,4,6,10,-4,8,portugal2,0.25,0.75,-4,0.75,1.0,4.0,1.33,6
Penafiel,8,2,1,5,6,10,-4,7,portugal2,0.25,0.75,-4,0.75,0.88,4.0,1.33,7
Portimonense,8,2,1,5,5,12,-7,7,portugal2,0.25,0.75,-7,0.62,0.88,4.0,1.33,7
Benfica B,8,1,3,4,7,11,-4,6,portugal2,0.12,0.88,-4,0.88,0.75,8.33,1.14,8
Leixoes,8,1,3,4,4,11,-7,6,portugal2,0.12,0.88,-7,0.5,0.75,8.33,1.14,8
FC Porto B,8,1,2,5,7,11,-4,5,portugal2,0.12,0.88,-4,0.88,0.62,8.33,1.14,9
Felgueiras,8,1,2,5,7,11,-4,5,portugal2,0.12,0.88,-4,0.88,0.62,8.33,1.14,9
Academico Viseu,8,0,3,5,8,15,-7,3,portugal2,0.0,1.0,-7,1.0,0.38,0.0,1.0,10
Mafra,8,0,0,8,4,16,-12,0,portugal2,0.0,1.0,-12,0.5,0.0,0.0,1.0,11
Al Sadd,8,7,1,0,25,6,19,22,qatar,0.88,0.12,19,3.12,2.75,1.14,8.33,1
Al Gharafa,8,5,2,1,18,12,6,17,qatar,0.62,0.38,6,2.25,2.12,1.61,2.63,2
Al Duhail,8,5,1,2,17,7,10,16,qatar,0.62,0.38,10,2.12,2.0,1.61,2.63,3
Al Ahli Doha,8,4,1,3,17,16,1,13,qatar,0.5,0.5,1,2.12,1.62,2.0,2.0,4
Al Rayyan,8,4,0,4,17,11,6,12,qatar,0.5,0.5,6,2.12,1.5,2.0,2.0,5
Qatar SC,8,3,2,3,13,16,-3,11,qatar,0.38,0.62,-3,1.62,1.38,2.63,1.61,6
Al Shamal,8,3,1,4,11,8,3,10,qatar,0.38,0.62,3,1.38,1.25,2.63,1.61,7
Al Wakrah,8,3,0,5,11,17,-6,9,qatar,0.38,0.62,-6,1.38,1.12,2.63,1.61,8
Umm Salal,8,2,1,5,11,19,-8,7,qatar,0.25,0.75,-8,1.38,0.88,4.0,1.33,9
Al Khor,8,2,1,5,7,16,-9,7,qatar,0.25,0.75,-9,0.88,0.88,4.0,1.33,9
Al Shahaniya,8,2,0,6,11,19,-8,6,qatar,0.25,0.75,-8,1.38,0.75,4.0,1.33,10
Al Arabi,8,1,2,5,14,25,-11,5,qatar,0.12,0.88,-11,1.75,0.62,8.33,1.14,11
Din. Bucharest,8,5,2,1,12,5,7,17,romania,0.62,0.38,7,1.5,2.12,1.61,2.63,1
FCSB,8,4,3,1,10,3,7,15,romania,0.5,0.5,7,1.25,1.88,2.0,2.0,2
UTA Arad,8,3,4,1,6,5,1,13,romania,0.38,0.62,1,0.75,1.62,2.63,1.61,3
Hermannstadt,8,4,1,3,11,11,0,13,romania,0.5,0.5,0,1.38,1.62,2.0,2.0,3
CFR Cluj,8,2,5,1,13,9,4,11,romania,0.25,0.75,4,1.62,1.38,4.0,1.33,4
Univ. Craiova,8,3,2,3,10,9,1,11,romania,0.38,0.62,1,1.25,1.38,2.63,1.61,4
U. Cluj,8,2,4,2,7,7,0,10,romania,0.25,0.75,0,0.88,1.25,4.0,1.33,5
Farul Constanta,8,2,3,3,6,7,-1,9,romania,0.25,0.75,-1,0.75,1.12,4.0,1.33,6
Sepsi OSK,8,2,2,4,8,12,-4,8,romania,0.25,0.75,-4,1.0,1.0,4.0,1.33,7
Rapid Bucharest,8,1,4,3,6,8,-2,7,romania,0.12,0.88,-2,0.75,0.88,8.33,1.14,8
Botosani,8,2,1,5,5,9,-4,7,romania,0.25,0.75,-4,0.62,0.88,4.0,1.33,8
Otelul,8,2,0,6,6,11,-5,6,romania,0.25,0.75,-5,0.75,0.75,4.0,1.33,9
Petrolul,8,1,3,4,5,11,-6,6,romania,0.12,0.88,-6,0.62,0.75,8.33,1.14,9
Unirea Slobozia,8,2,0,6,10,17,-7,6,romania,0.25,0.75,-7,1.25,0.75,4.0,1.33,9
P. Iasi,8,1,3,4,8,15,-7,6,romania,0.12,0.88,-7,1.0,0.75,8.33,1.14,9
FC Buzau,8,0,0,8,3,18,-15,0,romania,0.0,1.0,-15,0.38,0.0,0.0,1.0,10
FC Krasnodar,8,6,2,0,20,6,14,20,russia,0.75,0.25,14,2.5,2.5,1.33,4.0,1
CSKA Moscow,8,6,2,0,11,4,7,20,russia,0.75,0.25,7,1.38,2.5,1.33,4.0,1
Zenit,8,5,1,2,13,6,7,16,russia,0.62,0.38,7,1.62,2.0,1.61,2.63,2
Spartak Moscow,8,4,2,2,13,6,7,14,russia,0.5,0.5,7,1.62,1.75,2.0,2.0,3
Dinamo Moscow,8,3,3,2,14,11,3,12,russia,0.38,0.62,3,1.75,1.5,2.63,1.61,4
Rostov,8,3,2,3,11,14,-3,11,russia,0.38,0.62,-3,1.38,1.38,2.63,1.61,5
Akron,8,3,1,4,8,12,-4,10,russia,0.38,0.62,-4,1.0,1.25,2.63,1.61,6
Rubin Kazan,8,2,3,3,9,13,-4,9,russia,0.25,0.75,-4,1.12,1.12,4.0,1.33,7
Lokomotiv M.,8,2,3,3,12,17,-5,9,russia,0.25,0.75,-5,1.5,1.12,4.0,1.33,7
Nizhny Novgorod,8,2,1,5,7,16,-9,7,russia,0.25,0.75,-9,0.88,0.88,4.0,1.33,8
Akhmat Grozny,8,1,3,4,8,15,-7,6,russia,0.12,0.88,-7,1.0,0.75,8.33,1.14,9
Krylya Sovetov,8,1,3,4,8,16,-8,6,russia,0.12,0.88,-8,1.0,0.75,8.33,1.14,9
Makhachkala,8,1,3,4,3,11,-8,6,russia,0.12,0.88,-8,0.38,0.75,8.33,1.14,9
Fakel Voronezh,8,1,2,5,5,14,-9,5,russia,0.12,0.88,-9,0.62,0.62,8.33,1.14,10
Khimki,8,1,2,5,7,18,-11,5,russia,0.12,0.88,-11,0.88,0.62,8.33,1.14,10
Orenburg,8,1,0,7,4,17,-13,3,russia,0.12,0.88,-13,0.5,0.38,8.33,1.14,11
Baltika,8,8,0,0,18,3,15,24,russia2,1.0,0.0,15,2.25,3.0,1.0,0.0,1
Chernomorets,8,5,0,3,15,11,4,15,russia2,0.62,0.38,4,1.88,1.88,1.61,2.63,2
Torpedo Moscow,8,4,3,1,11,7,4,15,russia2,0.5,0.5,4,1.38,1.88,2.0,2.0,2
SKA Khabarovsk,8,4,3,1,8,6,2,15,russia2,0.5,0.5,2,1.0,1.88,2.0,2.0,2
Shinnik,8,3,4,1,7,5,2,13,russia2,0.38,0.62,2,0.88,1.62,2.63,1.61,3
Rotor Volgograd,8,3,2,3,5,6,-1,11,russia2,0.38,0.62,-1,0.62,1.38,2.63,1.61,4
Ural,8,2,4,2,8,7,1,10,russia2,0.25,0.75,1,1.0,1.25,4.0,1.33,5
PFC Sochi,8,2,4,2,8,9,-1,10,russia2,0.25,0.75,-1,1.0,1.25,4.0,1.33,5
Tyumen,8,3,1,4,7,10,-3,10,russia2,0.38,0.62,-3,0.88,1.25,2.63,1.61,5
Neftekhimik,8,2,3,3,9,8,1,9,russia2,0.25,0.75,1,1.12,1.12,4.0,1.33,6
Rodina Moskva,8,2,3,3,5,6,-1,9,russia2,0.25,0.75,-1,0.62,1.12,4.0,1.33,6
A. Vladikavkaz,8,1,3,4,2,12,-10,6,russia2,0.12,0.88,-10,0.25,0.75,8.33,1.14,7
Arsenal Tula,8,0,5,3,5,9,-4,5,russia2,0.0,1.0,-4,0.62,0.62,0.0,1.0,8
Chayka,8,1,2,5,5,18,-13,5,russia2,0.12,0.88,-13,0.62,0.62,8.33,1.14,8
Yenisey,8,1,1,6,8,17,-9,4,russia2,0.12,0.88,-9,1.0,0.5,8.33,1.14,9
Ufa,8,0,3,5,5,12,-7,3,russia2,0.0,1.0,-7,0.62,0.38,0.0,1.0,10
Sokol Saratov,8,0,3,5,4,15,-11,3,russia2,0.0,1.0,-11,0.5,0.38,0.0,1.0,10
Kamaz,8,0,2,6,4,11,-7,2,russia2,0.0,1.0,-7,0.5,0.25,0.0,1.0,11
Al Ittifaq,8,5,3,0,16,8,8,18,saudiarabia,0.62,0.38,8,2.0,2.25,1.61,2.63,1
Al Ahli Jeddah,8,6,0,2,15,8,7,18,saudiarabia,0.75,0.25,7,1.88,2.25,1.33,4.0,1
Al Nassr,8,5,1,2,16,10,6,16,saudiarabia,0.62,0.38,6,2.0,2.0,1.61,2.63,2
Al Quadisiya,8,5,1,2,15,9,6,16,saudiarabia,0.62,0.38,6,1.88,2.0,1.61,2.63,2
Al Taawon,8,5,1,2,9,3,6,16,saudiarabia,0.62,0.38,6,1.12,2.0,1.61,2.63,2
Al Ittihad,8,3,4,1,16,9,7,13,saudiarabia,0.38,0.62,7,2.0,1.62,2.63,1.61,3
Al Hilal,8,4,1,3,17,12,5,13,saudiarabia,0.5,0.5,5,2.12,1.62,2.0,2.0,3
Al Feiha,8,3,2,3,9,10,-1,11,saudiarabia,0.38,0.62,-1,1.12,1.38,2.63,1.61,4
Al Akhdoud,8,3,1,4,8,13,-5,10,saudiarabia,0.38,0.62,-5,1.0,1.25,2.63,1.61,5
Al Shabab,8,2,3,3,14,15,-1,9,saudiarabia,0.25,0.75,-1,1.75,1.12,4.0,1.33,6
Al Khaleej,8,2,3,3,10,14,-4,9,saudiarabia,0.25,0.75,-4,1.25,1.12,4.0,1.33,6
Al Fateh,8,2,2,4,10,21,-11,8,saudiarabia,0.25,0.75,-11,1.25,1.0,4.0,1.33,7
Al Wahda,8,2,1,5,7,12,-5,7,saudiarabia,0.25,0.75,-5,0.88,0.88,4.0,1.33,8
Al Riyadh,8,2,1,5,8,15,-7,7,saudiarabia,0.25,0.75,-7,1.0,0.88,4.0,1.33,8
Al Orubah,8,2,1,5,4,18,-14,7,saudiarabia,0.25,0.75,-14,0.5,0.88,4.0,1.33,8
Damak,8,1,3,4,4,10,-6,6,saudiarabia,0.12,0.88,-6,0.5,0.75,8.33,1.14,9
Al Kholood,8,2,0,6,11,20,-9,6,saudiarabia,0.25,0.75,-9,1.38,0.75,4.0,1.33,9
Al Raed,8,1,0,7,9,20,-11,3,saudiarabia,0.12,0.88,-11,1.12,0.38,8.33,1.14,10
Neom SC,8,6,0,2,11,6,5,18,saudiarabia2,0.75,0.25,5,1.38,2.25,1.33,4.0,1
Al Bukayriyah,8,5,1,2,14,5,9,16,saudiarabia2,0.62,0.38,9,1.75,2.0,1.61,2.63,2
Al Adalha,8,4,4,0,16,11,5,16,saudiarabia2,0.5,0.5,5,2.0,2.0,2.0,2.0,2
Al Hazm,8,4,2,2,11,9,2,14,saudiarabia2,0.5,0.5,2,1.38,1.75,2.0,2.0,3
Al Najma,8,4,1,3,11,9,2,13,saudiarabia2,0.5,0.5,2,1.38,1.62,2.0,2.0,4
Al Tai,8,3,3,2,14,12,2,12,saudiarabia2,0.38,0.62,2,1.75,1.5,2.63,1.61,5
Jeddah,8,3,1,4,7,7,0,10,saudiarabia2,0.38,0.62,0,0.88,1.25,2.63,1.61,6
Al Faisaly,8,2,4,2,11,14,-3,10,saudiarabia2,0.25,0.75,-3,1.38,1.25,4.0,1.33,6
Al Jabalain,8,2,3,3,9,11,-2,9,saudiarabia2,0.25,0.75,-2,1.12,1.12,4.0,1.33,7
Abha,8,2,3,3,9,13,-4,9,saudiarabia2,0.25,0.75,-4,1.12,1.12,4.0,1.33,7
Al Zulfi,8,1,5,2,9,9,0,8,saudiarabia2,0.12,0.88,0,1.12,1.0,8.33,1.14,8
Ohod,8,2,2,4,7,10,-3,8,saudiarabia2,0.25,0.75,-3,0.88,1.0,4.0,1.33,8
Al Jandal,8,1,4,3,5,6,-1,7,saudiarabia2,0.12,0.88,-1,0.62,0.88,8.33,1.14,9
Al Arabi,8,1,3,4,11,15,-4,6,saudiarabia2,0.12,0.88,-4,1.38,0.75,8.33,1.14,10
Al Jubail,8,1,2,5,6,14,-8,5,saudiarabia2,0.12,0.88,-8,0.75,0.62,8.33,1.14,11
Al Ain,8,0,3,5,6,17,-11,3,saudiarabia2,0.0,1.0,-11,0.75,0.38,0.0,1.0,12
Al Safa,8,0,2,6,6,19,-13,2,saudiarabia2,0.0,1.0,-13,0.75,0.25,0.0,1.0,13
Al Batin,8,0,1,7,4,21,-17,1,saudiarabia2,0.0,1.0,-17,0.5,0.12,0.0,1.0,14
Rangers,8,5,3,0,23,15,8,18,scotland,0.62,0.38,8,2.88,2.25,1.61,2.63,1
Hibernian,8,4,4,0,13,6,7,16,scotland,0.5,0.5,7,1.62,2.0,2.0,2.0,2
Dundee Utd,8,4,1,3,7,9,-2,13,scotland,0.5,0.5,-2,0.88,1.62,2.0,2.0,3
Ross County,8,4,0,4,10,11,-1,12,scotland,0.5,0.5,-1,1.25,1.5,2.0,2.0,4
Celtic,8,3,2,3,16,13,3,11,scotland,0.38,0.62,3,2.0,1.38,2.63,1.61,5
Hearts,8,3,2,3,12,9,3,11,scotland,0.38,0.62,3,1.5,1.38,2.63,1.61,5
St. Mirren,8,3,1,4,10,13,-3,10,scotland,0.38,0.62,-3,1.25,1.25,2.63,1.61,6
Dundee FC,8,3,0,5,11,18,-7,9,scotland,0.38,0.62,-7,1.38,1.12,2.63,1.61,7
Aberdeen,8,2,1,5,4,14,-10,7,scotland,0.25,0.75,-10,0.5,0.88,4.0,1.33,8
St. Johnstone,8,1,2,5,6,17,-11,5,scotland,0.12,0.88,-11,0.75,0.62,8.33,1.14,9
Motherwell,8,1,1,6,5,14,-9,4,scotland,0.12,0.88,-9,0.62,0.5,8.33,1.14,10
Kilmarnock,8,0,2,6,5,19,-14,2,scotland,0.0,1.0,-14,0.62,0.25,0.0,1.0,11
Falkirk,8,4,2,2,18,11,7,14,scotland2,0.5,0.5,7,2.25,1.75,2.0,2.0,1
Ayr Utd,8,4,1,3,11,9,2,13,scotland2,0.5,0.5,2,1.38,1.62,2.0,2.0,2
Livingston,8,3,2,3,12,11,1,11,scotland2,0.38,0.62,1,1.5,1.38,2.63,1.61,3
Raith Rovers,8,2,3,3,10,10,0,9,scotland2,0.25,0.75,0,1.25,1.12,4.0,1.33,4
Greenock Morton,8,2,3,3,11,15,-4,9,scotland2,0.25,0.75,-4,1.38,1.12,4.0,1.33,4
Partick Thistle,8,3,0,5,10,15,-5,9,scotland2,0.38,0.62,-5,1.25,1.12,2.63,1.61,4
Hamilton,8,2,1,5,5,12,-7,7,scotland2,0.25,0.75,-7,0.62,0.88,4.0,1.33,5
Queens Park,8,1,2,5,8,11,-3,5,scotland2,0.12,0.88,-3,1.0,0.62,8.33,1.14,6
Airdrieonians,8,1,2,5,12,16,-4,5,scotland2,0.12,0.88,-4,1.5,0.62,8.33,1.14,6
Dunfermline,8,1,1,6,4,13,-9,4,scotland2,0.12,0.88,-9,0.5,0.5,8.33,1.14,7
Arbroath,8,5,1,2,15,8,7,16,scotland3,0.62,0.38,7,1.88,2.0,1.61,2.63,1
Inverness,8,5,0,3,13,11,2,15,scotland3,0.62,0.38,2,1.62,1.88,1.61,2.63,2
Stenhousemuir,8,4,2,2,13,8,5,14,scotland3,0.5,0.5,5,1.62,1.75,2.0,2.0,3
Montrose,8,3,4,1,12,12,0,13,scotland3,0.38,0.62,0,1.5,1.62,2.63,1.61,4
Alloa Athletic,8,3,3,2,17,14,3,12,scotland3,0.38,0.62,3,2.12,1.5,2.63,1.61,5
Cove Rangers,8,3,2,3,16,8,8,11,scotland3,0.38,0.62,8,2.0,1.38,2.63,1.61,6
Annan Athletic,8,3,2,3,13,13,0,11,scotland3,0.38,0.62,0,1.62,1.38,2.63,1.61,6
Dumbarton,8,3,1,4,15,13,2,10,scotland3,0.38,0.62,2,1.88,1.25,2.63,1.61,7
Queen of South,8,2,2,4,8,9,-1,8,scotland3,0.25,0.75,-1,1.0,1.0,4.0,1.33,8
Kelty Hearts,8,1,3,4,3,8,-5,6,scotland3,0.12,0.88,-5,0.38,0.75,8.33,1.14,9
Forfar Athletic,8,4,2,2,10,8,2,14,scotland4,0.5,0.5,2,1.25,1.75,2.0,2.0,1
Spartans,8,4,1,3,13,14,-1,13,scotland4,0.5,0.5,-1,1.62,1.62,2.0,2.0,2
East Fife,8,4,0,4,11,11,0,12,scotland4,0.5,0.5,0,1.38,1.5,2.0,2.0,3
Peterhead,8,3,3,2,7,7,0,12,scotland4,0.38,0.62,0,0.88,1.5,2.63,1.61,3
Edinburgh City,8,4,0,4,8,10,-2,12,scotland4,0.5,0.5,-2,1.0,1.5,2.0,2.0,3
Stranraer,8,3,1,4,8,9,-1,10,scotland4,0.38,0.62,-1,1.0,1.25,2.63,1.61,4
Elgin City,8,2,2,4,5,9,-4,8,scotland4,0.25,0.75,-4,0.62,1.0,4.0,1.33,5
Clyde,8,2,2,4,8,13,-5,8,scotland4,0.25,0.75,-5,1.0,1.0,4.0,1.33,5
Stirling Albion,8,1,3,4,10,15,-5,6,scotland4,0.12,0.88,-5,1.25,0.75,8.33,1.14,6
Bonnyrigg Rose,8,0,1,7,3,22,-19,1,scotland4,0.0,1.0,-19,0.38,0.12,0.0,1.0,7
Red Star,8,8,0,0,30,6,24,24,serbia,1.0,0.0,24,3.75,3.0,1.0,0.0,1
Partizan,8,5,2,1,13,6,7,17,serbia,0.62,0.38,7,1.62,2.12,1.61,2.63,2
Cukaricki,8,4,1,3,11,12,-1,13,serbia,0.5,0.5,-1,1.38,1.62,2.0,2.0,3
Vojvodina,8,3,3,2,15,11,4,12,serbia,0.38,0.62,4,1.88,1.5,2.63,1.61,4
Z. Pancevo,8,3,3,2,9,9,0,12,serbia,0.38,0.62,0,1.12,1.5,2.63,1.61,4
S. Subotica,8,3,2,3,10,11,-1,11,serbia,0.38,0.62,-1,1.25,1.38,2.63,1.61,5
Tekstilac Odzac,8,3,2,3,8,15,-7,11,serbia,0.38,0.62,-7,1.0,1.38,2.63,1.61,5
Novi Pazar,8,2,4,2,9,9,0,10,serbia,0.25,0.75,0,1.12,1.25,4.0,1.33,6
IMT N. Beograd,8,3,1,4,8,14,-6,10,serbia,0.38,0.62,-6,1.0,1.25,2.63,1.61,6
OFK Beograd,8,3,1,4,6,12,-6,10,serbia,0.38,0.62,-6,0.75,1.25,2.63,1.61,6
Backa Topola,8,2,3,3,10,13,-3,9,serbia,0.25,0.75,-3,1.25,1.12,4.0,1.33,7
Radnicki 1923,8,2,3,3,9,15,-6,9,serbia,0.25,0.75,-6,1.12,1.12,4.0,1.33,7
Napredak,8,2,2,4,8,10,-2,8,serbia,0.25,0.75,-2,1.0,1.0,4.0,1.33,8
Radnicki Nis,8,1,3,4,8,14,-6,6,serbia,0.12,0.88,-6,1.0,0.75,8.33,1.14,9
Mladost Lucani,8,1,3,4,2,8,-6,6,serbia,0.12,0.88,-6,0.25,0.75,8.33,1.14,9
Jedinstvo U.,8,1,0,7,5,19,-14,3,serbia,0.12,0.88,-14,0.62,0.38,8.33,1.14,10
R. Surdulica,8,5,1,2,13,3,10,16,serbia2,0.62,0.38,10,1.62,2.0,1.61,2.63,1
Zemun,8,4,2,2,13,5,8,14,serbia2,0.5,0.5,8,1.62,1.75,2.0,2.0,2
Vrsac,8,4,2,2,6,6,0,14,serbia2,0.5,0.5,0,0.75,1.75,2.0,2.0,2
Vozdovac,8,3,3,2,7,8,-1,12,serbia2,0.38,0.62,-1,0.88,1.5,2.63,1.61,3
Javor Ivanjica,8,2,4,2,5,6,-1,10,serbia2,0.25,0.75,-1,0.62,1.25,4.0,1.33,4
S. Mitrovica,8,2,3,3,7,8,-1,9,serbia2,0.25,0.75,-1,0.88,1.12,4.0,1.33,5
Graficar,8,2,3,3,7,13,-6,9,serbia2,0.25,0.75,-6,0.88,1.12,4.0,1.33,5
Borac Cacak,8,2,2,4,7,12,-5,8,serbia2,0.25,0.75,-5,0.88,1.0,4.0,1.33,6
Trajal Krusevac,8,2,1,5,7,12,-5,7,serbia2,0.25,0.75,-5,0.88,0.88,4.0,1.33,7
Dubocica,8,2,1,5,5,10,-5,7,serbia2,0.25,0.75,-5,0.62,0.88,4.0,1.33,7
Mladost,8,1,4,3,2,7,-5,7,serbia2,0.12,0.88,-5,0.25,0.88,8.33,1.14,7
Macva Sabac,8,0,6,2,5,9,-4,6,serbia2,0.0,1.0,-4,0.62,0.75,0.0,1.0,8
Sloven Ruma,8,1,3,4,9,14,-5,6,serbia2,0.12,0.88,-5,1.12,0.75,8.33,1.14,8
Indija,8,1,2,5,5,11,-6,5,serbia2,0.12,0.88,-6,0.62,0.62,8.33,1.14,9
Smederevo,8,1,2,5,8,16,-8,5,serbia2,0.12,0.88,-8,1.0,0.62,8.33,1.14,9
Sloboda Uzice,8,0,3,5,2,10,-8,3,serbia2,0.0,1.0,-8,0.25,0.38,0.0,1.0,10
Lion City,8,5,2,1,29,10,19,17,singapore,0.62,0.38,19,3.62,2.12,1.61,2.63,1
Geylang,8,5,2,1,23,11,12,17,singapore,0.62,0.38,12,2.88,2.12,1.61,2.63,1
Tampines Rovers,8,4,2,2,20,8,12,14,singapore,0.5,0.5,12,2.5,1.75,2.0,2.0,2
Young Lions,8,4,2,2,18,15,3,14,singapore,0.5,0.5,3,2.25,1.75,2.0,2.0,2
A. Niigata (S),8,4,1,3,10,17,-7,13,singapore,0.5,0.5,-7,1.25,1.62,2.0,2.0,3
Khalsa,8,3,1,4,17,20,-3,10,singapore,0.38,0.62,-3,2.12,1.25,2.63,1.61,4
DPMM FC,8,2,2,4,10,17,-7,8,singapore,0.25,0.75,-7,1.25,1.0,4.0,1.33,5
Hougang,8,2,1,5,14,23,-9,7,singapore,0.25,0.75,-9,1.75,0.88,4.0,1.33,6
Tanjong Pagar,8,0,3,5,7,29,-22,3,singapore,0.0,1.0,-22,0.88,0.38,0.0,1.0,7
S. Bratislava,8,5,2,1,22,10,12,17,slovakia,0.62,0.38,12,2.75,2.12,1.61,2.63,1
Spartak Trnava,8,5,1,2,15,10,5,16,slovakia,0.62,0.38,5,1.88,2.0,1.61,2.63,2
FC Kosice,8,3,2,3,10,8,2,11,slovakia,0.38,0.62,2,1.25,1.38,2.63,1.61,3
Zilina,8,3,2,3,12,11,1,11,slovakia,0.38,0.62,1,1.5,1.38,2.63,1.61,3
Podbrezova,8,2,4,2,9,11,-2,10,slovakia,0.25,0.75,-2,1.12,1.25,4.0,1.33,4
DAC Streda,8,1,6,1,8,8,0,9,slovakia,0.12,0.88,0,1.0,1.12,8.33,1.14,5
Z. Michalovce,8,2,2,4,8,11,-3,8,slovakia,0.25,0.75,-3,1.0,1.0,4.0,1.33,6
Komarno,8,2,2,4,8,14,-6,8,slovakia,0.25,0.75,-6,1.0,1.0,4.0,1.33,6
Trencin,8,1,4,3,9,15,-6,7,slovakia,0.12,0.88,-6,1.12,0.88,8.33,1.14,7
Skalica,8,1,2,5,8,14,-6,5,slovakia,0.12,0.88,-6,1.0,0.62,8.33,1.14,8
Banska Bystrica,8,1,1,6,4,15,-11,4,slovakia,0.12,0.88,-11,0.5,0.5,8.33,1.14,9
Ruzomberok,8,0,1,7,5,17,-12,1,slovakia,0.0,1.0,-12,0.62,0.12,0.0,1.0,10
Presov,8,6,0,2,12,7,5,18,slovakia2,0.75,0.25,5,1.5,2.25,1.33,4.0,1
Zlate Moravce,8,4,2,2,6,5,1,14,slovakia2,0.5,0.5,1,0.75,1.75,2.0,2.0,2
L. Mikulas,8,3,3,2,12,12,0,12,slovakia2,0.38,0.62,0,1.5,1.5,2.63,1.61,3
P. Bystrica,8,3,2,3,8,9,-1,11,slovakia2,0.38,0.62,-1,1.0,1.38,2.63,1.61,4
Zvolen,8,3,2,3,8,11,-3,11,slovakia2,0.38,0.62,-3,1.0,1.38,2.63,1.61,4
Petrzalka,8,2,3,3,7,10,-3,9,slovakia2,0.25,0.75,-3,0.88,1.12,4.0,1.33,5
S. Bratislava B,8,2,1,5,9,13,-4,7,slovakia2,0.25,0.75,-4,1.12,0.88,4.0,1.33,6
Pohronie,8,2,1,5,9,17,-8,7,slovakia2,0.25,0.75,-8,1.12,0.88,4.0,1.33,6
S. Lubovna,8,2,0,6,5,8,-3,6,slovakia2,0.25,0.75,-3,0.62,0.75,4.0,1.33,7
Puchov,8,1,3,4,8,16,-8,6,slovakia2,0.12,0.88,-8,1.0,0.75,8.33,1.14,7
Samorin,8,2,0,6,10,19,-9,6,slovakia2,0.25,0.75,-9,1.25,0.75,4.0,1.33,7
Zilina B,8,2,0,6,9,18,-9,6,slovakia2,0.25,0.75,-9,1.12,0.75,4.0,1.33,7
Malzenice,8,1,2,5,7,13,-6,5,slovakia2,0.12,0.88,-6,0.88,0.62,8.33,1.14,8
Humenne,8,1,2,5,4,18,-14,5,slovakia2,0.12,0.88,-14,0.5,0.62,8.33,1.14,8
NK Olimpija,8,5,1,2,11,6,5,16,slovenia,0.62,0.38,5,1.38,2.0,1.61,2.63,1
NK Celje,8,4,2,2,10,9,1,14,slovenia,0.5,0.5,1,1.25,1.75,2.0,2.0,2
Koper,8,4,1,3,14,13,1,13,slovenia,0.5,0.5,1,1.75,1.62,2.0,2.0,3
Bravo,8,4,1,3,13,15,-2,13,slovenia,0.5,0.5,-2,1.62,1.62,2.0,2.0,3
Maribor,8,2,3,3,9,8,1,9,slovenia,0.25,0.75,1,1.12,1.12,4.0,1.33,4
Primorje,8,1,4,3,11,19,-8,7,slovenia,0.12,0.88,-8,1.38,0.88,8.33,1.14,5
Mura,8,2,0,6,9,14,-5,6,slovenia,0.25,0.75,-5,1.12,0.75,4.0,1.33,6
Domzale,8,1,2,5,9,18,-9,5,slovenia,0.12,0.88,-9,1.12,0.62,8.33,1.14,7
Nafta,8,0,4,4,5,14,-9,4,slovenia,0.0,1.0,-9,0.62,0.5,0.0,1.0,8
Radomlje,8,0,2,6,4,20,-16,2,slovenia,0.0,1.0,-16,0.5,0.25,0.0,1.0,9
Mamelodi S.,8,5,1,2,16,8,8,16,southafrica,0.62,0.38,8,2.0,2.0,1.61,2.63,1
Stellenbosch,8,5,1,2,14,7,7,16,southafrica,0.62,0.38,7,1.75,2.0,1.61,2.63,1
Sekhukhune,8,5,1,2,12,6,6,16,southafrica,0.62,0.38,6,1.5,2.0,1.61,2.63,1
TS Galaxy,8,3,4,1,13,11,2,13,southafrica,0.38,0.62,2,1.62,1.62,2.63,1.61,2
Orlando Pirates,8,4,1,3,6,8,-2,13,southafrica,0.5,0.5,-2,0.75,1.62,2.0,2.0,2
Golden Arrows,8,3,2,3,6,10,-4,11,southafrica,0.38,0.62,-4,0.75,1.38,2.63,1.61,3
SuperSport Utd,8,2,3,3,9,9,0,9,southafrica,0.25,0.75,0,1.12,1.12,4.0,1.33,4
Chippa Utd,8,2,2,4,6,6,0,8,southafrica,0.25,0.75,0,0.75,1.0,4.0,1.33,5
AmaZulu,8,2,2,4,7,11,-4,8,southafrica,0.25,0.75,-4,0.88,1.0,4.0,1.33,5
Polokwane,8,1,4,3,2,6,-4,7,southafrica,0.12,0.88,-4,0.25,0.88,8.33,1.14,6
Marumo G.,8,2,1,5,7,17,-10,7,southafrica,0.25,0.75,-10,0.88,0.88,4.0,1.33,6
Richards Bay,8,1,2,5,5,10,-5,5,southafrica,0.12,0.88,-5,0.62,0.62,8.33,1.14,7
Magesi,8,1,2,5,3,10,-7,5,southafrica,0.12,0.88,-7,0.38,0.62,8.33,1.14,7
Cape Town City,8,1,2,5,2,9,-7,5,southafrica,0.12,0.88,-7,0.25,0.62,8.33,1.14,7
Kaizer Chiefs,8,1,1,6,3,10,-7,4,southafrica,0.12,0.88,-7,0.38,0.5,8.33,1.14,8
Royal AM,5,0,3,2,4,6,-2,3,southafrica,0.0,1.0,-2,0.8,0.6,0.0,1.0,9
Orbit College,8,4,3,1,10,6,4,15,southafrica2,0.5,0.5,4,1.25,1.88,2.0,2.0,1
Durban City,8,3,3,2,10,8,2,12,southafrica2,0.38,0.62,2,1.25,1.5,2.63,1.61,2
Kruger United,8,3,3,2,12,11,1,12,southafrica2,0.38,0.62,1,1.5,1.5,2.63,1.61,2
Casric Stars,8,3,3,2,10,9,1,12,southafrica2,0.38,0.62,1,1.25,1.5,2.63,1.61,2
Highbury,8,3,2,3,8,7,1,11,southafrica2,0.38,0.62,1,1.0,1.38,2.63,1.61,3
Upington City,8,2,3,3,6,8,-2,9,southafrica2,0.25,0.75,-2,0.75,1.12,4.0,1.33,4
Pretoria U.,8,2,2,4,3,7,-4,8,southafrica2,0.25,0.75,-4,0.38,1.0,4.0,1.33,5
Pretoria C.,8,1,4,3,3,5,-2,7,southafrica2,0.12,0.88,-2,0.38,0.88,8.33,1.14,6
Hungry Lions,8,2,1,5,7,11,-4,7,southafrica2,0.25,0.75,-4,0.88,0.88,4.0,1.33,6
Black Leopards,8,2,1,5,11,16,-5,7,southafrica2,0.25,0.75,-5,1.38,0.88,4.0,1.33,6
Milford,8,1,4,3,11,17,-6,7,southafrica2,0.12,0.88,-6,1.38,0.88,8.33,1.14,6
Baroka,8,1,4,3,8,14,-6,7,southafrica2,0.12,0.88,-6,1.0,0.88,8.33,1.14,6
Leruma United,8,1,3,4,6,12,-6,6,southafrica2,0.12,0.88,-6,0.75,0.75,8.33,1.14,7
Cape Town Spurs,8,1,2,5,6,12,-6,5,southafrica2,0.12,0.88,-6,0.75,0.62,8.33,1.14,8
JDR Stars,8,1,2,5,8,17,-9,5,southafrica2,0.12,0.88,-9,1.0,0.62,8.33,1.14,8
Venda FC,8,0,2,6,4,11,-7,2,southafrica2,0.0,1.0,-7,0.5,0.25,0.0,1.0,9
Daejeon Citizen,4,4,0,0,11,4,7,12,southkorea,1.0,0.0,7,2.75,3.0,1.0,0.0,1
Gimcheon Sangmu,4,2,1,1,7,5,2,7,southkorea,0.5,0.5,2,1.75,1.75,2.0,2.0,2
Jeonbuk Motors,3,2,0,1,3,1,2,6,southkorea,0.67,0.33,2,1.0,2.0,1.49,3.03,3
Anyang,4,2,0,2,4,4,0,6,southkorea,0.5,0.5,0,1.0,1.5,2.0,2.0,3
Pohang Steelers,4,1,2,1,7,7,0,5,southkorea,0.25,0.75,0,1.75,1.25,4.0,1.33,4
Seoul,4,1,2,1,1,2,-1,5,southkorea,0.25,0.75,-1,0.25,1.25,4.0,1.33,4
Ulsan,3,1,1,1,3,2,1,4,southkorea,0.33,0.67,1,1.0,1.33,3.03,1.49,5
Gwangju,3,0,3,0,3,3,0,3,southkorea,0.0,1.0,0,1.0,1.0,0.0,1.0,6
Gangwon,4,1,0,3,2,5,-3,3,southkorea,0.25,0.75,-3,0.5,0.75,4.0,1.33,6
Daegu,3,0,1,2,2,5,-3,1,southkorea,0.0,1.0,-3,0.67,0.33,0.0,1.0,7
Jeju Utd,3,0,1,2,0,3,-3,1,southkorea,0.0,1.0,-3,0.0,0.33,0.0,1.0,7
Suwon City,4,0,1,3,1,5,-4,1,southkorea,0.0,1.0,-4,0.25,0.25,0.0,1.0,7
Jeonnam,6,3,2,1,8,5,3,11,southkorea2,0.5,0.5,3,1.33,1.83,2.0,2.0,1
Gimpo,3,2,1,0,4,0,4,7,southkorea2,0.67,0.33,4,1.33,2.33,1.49,3.03,2
Bucheon FC,3,2,0,1,6,5,1,6,southkorea2,0.67,0.33,1,2.0,2.0,1.49,3.03,3
Busan IPark,2,1,1,0,3,1,2,4,southkorea2,0.5,0.5,2,1.5,2.0,2.0,2.0,4
Gyeongnam,4,1,1,2,2,7,-5,4,southkorea2,0.25,0.75,-5,0.5,1.0,4.0,1.33,4
Cheongju,6,1,1,4,7,14,-7,4,southkorea2,0.17,0.83,-7,1.17,0.67,5.88,1.2,4
Incheon Utd,2,1,0,1,2,2,0,3,southkorea2,0.5,0.5,0,1.0,1.5,2.0,2.0,5
Suwon Bluewings,3,1,0,2,3,6,-3,3,southkorea2,0.33,0.67,-3,1.0,1.0,3.03,1.49,5
Seongnam,2,0,2,0,1,1,0,2,southkorea2,0.0,1.0,0,0.5,1.0,0.0,1.0,6
Asan,4,0,2,2,2,4,-2,2,southkorea2,0.0,1.0,-2,0.5,0.5,0.0,1.0,6
Hwaseong,2,0,1,1,3,5,-2,1,southkorea2,0.0,1.0,-2,1.5,0.5,0.0,1.0,7
Seoul E-Land,1,0,0,1,0,1,-1,0,southkorea2,0.0,1.0,-1,0.0,0.0,0.0,1.0,8
Ansan Greeners,2,0,0,2,1,4,-3,0,southkorea2,0.0,1.0,-3,0.5,0.0,0.0,1.0,8
Cheonan City,2,0,0,2,1,5,-4,0,southkorea2,0.0,1.0,-4,0.5,0.0,0.0,1.0,8
Getafe,8,6,0,2,14,5,9,18,spain,0.75,0.25,9,1.75,2.25,1.33,4.0,1
FC Barcelona,8,4,3,1,20,10,10,15,spain,0.5,0.5,10,2.5,1.88,2.0,2.0,2
Atletico Madrid,8,4,2,2,15,7,8,14,spain,0.5,0.5,8,1.88,1.75,2.0,2.0,3
Real Madrid,8,4,2,2,15,9,6,14,spain,0.5,0.5,6,1.88,1.75,2.0,2.0,3
Villarreal,8,4,1,3,11,9,2,13,spain,0.5,0.5,2,1.38,1.62,2.0,2.0,4
Athletic Bilbao,8,3,4,1,9,7,2,13,spain,0.38,0.62,2,1.12,1.62,2.63,1.61,4
Real Betis,8,4,1,3,11,11,0,13,spain,0.5,0.5,0,1.38,1.62,2.0,2.0,4
Rayo Vallecano,8,3,3,2,8,6,2,12,spain,0.38,0.62,2,1.0,1.5,2.63,1.61,5
Alaves,8,2,5,1,14,12,2,11,spain,0.25,0.75,2,1.75,1.38,4.0,1.33,6
Sevilla FC,8,3,2,3,14,12,2,11,spain,0.38,0.62,2,1.75,1.38,2.63,1.61,6
Celta Vigo,8,2,3,3,9,10,-1,9,spain,0.25,0.75,-1,1.12,1.12,4.0,1.33,7
Valencia,8,1,5,2,10,16,-6,8,spain,0.12,0.88,-6,1.25,1.0,8.33,1.14,8
Mallorca,8,2,2,4,6,13,-7,8,spain,0.25,0.75,-7,0.75,1.0,4.0,1.33,8
Espanyol,8,2,1,5,9,11,-2,7,spain,0.25,0.75,-2,1.12,0.88,4.0,1.33,9
Real Sociedad,8,2,1,5,9,15,-6,7,spain,0.25,0.75,-6,1.12,0.88,4.0,1.33,9
Las Palmas,8,1,3,4,7,13,-6,6,spain,0.12,0.88,-6,0.88,0.75,8.33,1.14,10
Leganes,8,1,3,4,6,12,-6,6,spain,0.12,0.88,-6,0.75,0.75,8.33,1.14,10
Osasuna,8,0,5,3,3,8,-5,5,spain,0.0,1.0,-5,0.38,0.62,0.0,1.0,11
Girona,8,1,2,5,7,16,-9,5,spain,0.12,0.88,-9,0.88,0.62,8.33,1.14,11
Valladolid,8,0,0,8,6,24,-18,0,spain,0.0,1.0,-18,0.75,0.0,0.0,1.0,12
Cordoba,8,6,2,0,13,7,6,20,spain2,0.75,0.25,6,1.62,2.5,1.33,4.0,1
Levante,8,4,3,1,10,5,5,15,spain2,0.5,0.5,5,1.25,1.88,2.0,2.0,2
Deportivo,8,4,3,1,8,6,2,15,spain2,0.5,0.5,2,1.0,1.88,2.0,2.0,2
Real Oviedo,8,4,2,2,13,8,5,14,spain2,0.5,0.5,5,1.62,1.75,2.0,2.0,3
Eldense,8,4,2,2,9,9,0,14,spain2,0.5,0.5,0,1.12,1.75,2.0,2.0,3
Burgos,8,3,3,2,5,5,0,12,spain2,0.38,0.62,0,0.62,1.5,2.63,1.61,4
Cadiz,8,3,2,3,11,10,1,11,spain2,0.38,0.62,1,1.38,1.38,2.63,1.61,5
Elche,8,2,4,2,7,9,-2,10,spain2,0.25,0.75,-2,0.88,1.25,4.0,1.33,6
Eibar,8,2,3,3,6,7,-1,9,spain2,0.25,0.75,-1,0.75,1.12,4.0,1.33,7
Huesca,8,2,3,3,6,8,-2,9,spain2,0.25,0.75,-2,0.75,1.12,4.0,1.33,7
Malaga,8,2,2,4,10,12,-2,8,spain2,0.25,0.75,-2,1.25,1.0,4.0,1.33,8
Almeria,8,2,1,5,12,14,-2,7,spain2,0.25,0.75,-2,1.5,0.88,4.0,1.33,9
Albacete,8,1,3,4,6,9,-3,6,spain2,0.12,0.88,-3,0.75,0.75,8.33,1.14,10
Racing,8,1,3,4,10,16,-6,6,spain2,0.12,0.88,-6,1.25,0.75,8.33,1.14,10
Racing Ferrol,8,2,0,6,6,20,-14,6,spain2,0.25,0.75,-14,0.75,0.75,4.0,1.33,10
Mirandes,8,1,2,5,9,11,-2,5,spain2,0.12,0.88,-2,1.12,0.62,8.33,1.14,11
Sporting Gijon,8,0,5,3,7,11,-4,5,spain2,0.0,1.0,-4,0.88,0.62,0.0,1.0,11
Real Zaragoza,8,1,2,5,8,15,-7,5,spain2,0.12,0.88,-7,1.0,0.62,8.33,1.14,11
Castellon,8,1,2,5,9,17,-8,5,spain2,0.12,0.88,-8,1.12,0.62,8.33,1.14,11
Granada,8,1,2,5,7,15,-8,5,spain2,0.12,0.88,-8,0.88,0.62,8.33,1.14,11
Tenerife,8,1,1,6,6,12,-6,4,spain2,0.12,0.88,-6,0.75,0.5,8.33,1.14,12
Cartagena,8,0,2,6,7,24,-17,2,spain2,0.0,1.0,-17,0.88,0.25,0.0,1.0,13
Athletic B. B,8,4,4,0,12,5,7,16,spain3,0.5,0.5,7,1.5,2.0,2.0,2.0,1
Real Sociedad B,8,3,3,2,6,5,1,12,spain3,0.38,0.62,1,0.75,1.5,2.63,1.61,2
Osasuna B,8,3,2,3,13,11,2,11,spain3,0.38,0.62,2,1.62,1.38,2.63,1.61,3
Tarazona,8,3,2,3,9,9,0,11,spain3,0.38,0.62,0,1.12,1.38,2.63,1.61,3
Ponferradina,8,3,2,3,10,12,-2,11,spain3,0.38,0.62,-2,1.25,1.38,2.63,1.61,3
Gimnastica,8,3,2,3,8,19,-11,11,spain3,0.38,0.62,-11,1.0,1.38,2.63,1.61,3
Leonesa,8,2,4,2,10,11,-1,10,spain3,0.25,0.75,-1,1.25,1.25,4.0,1.33,4
Sestao River,8,2,3,3,11,11,0,9,spain3,0.25,0.75,0,1.38,1.12,4.0,1.33,5
Barakaldo,8,2,3,3,9,9,0,9,spain3,0.25,0.75,0,1.12,1.12,4.0,1.33,5
Ourense CF,8,2,3,3,8,8,0,9,spain3,0.25,0.75,0,1.0,1.12,4.0,1.33,5
Zamora,8,2,2,4,6,8,-2,8,spain3,0.25,0.75,-2,0.75,1.0,4.0,1.33,6
Lugo,8,2,2,4,8,11,-3,8,spain3,0.25,0.75,-3,1.0,1.0,4.0,1.33,6
Gimnastic T.,8,1,4,3,7,9,-2,7,spain3,0.12,0.88,-2,0.88,0.88,8.33,1.14,7
Real Union,8,2,1,5,6,11,-5,7,spain3,0.25,0.75,-5,0.75,0.88,4.0,1.33,7
Celta Vigo B,8,2,1,5,6,12,-6,7,spain3,0.25,0.75,-6,0.75,0.88,4.0,1.33,7
Arenteiro,8,2,1,5,6,13,-7,7,spain3,0.25,0.75,-7,0.75,0.88,4.0,1.33,7
FC Barcelona B,8,1,3,4,9,15,-6,6,spain3,0.12,0.88,-6,1.12,0.75,8.33,1.14,8
FC Andorra,8,1,2,5,7,16,-9,5,spain3,0.12,0.88,-9,0.88,0.62,8.33,1.14,9
Unionistas,8,0,2,6,9,16,-7,2,spain3,0.0,1.0,-7,1.12,0.25,0.0,1.0,10
Amorebieta,8,0,2,6,3,13,-10,2,spain3,0.0,1.0,-10,0.38,0.25,0.0,1.0,10
Real Murcia,8,4,2,2,13,7,6,14,spain4,0.5,0.5,6,1.62,1.75,2.0,2.0,1
UD Ibiza,8,4,1,3,12,10,2,13,spain4,0.5,0.5,2,1.5,1.62,2.0,2.0,2
Ceuta,8,2,6,0,7,5,2,12,spain4,0.25,0.75,2,0.88,1.5,4.0,1.33,3
Real Madrid B,8,2,5,1,12,8,4,11,spain4,0.25,0.75,4,1.5,1.38,4.0,1.33,4
Alcorcon,8,3,1,4,12,12,0,10,spain4,0.38,0.62,0,1.5,1.25,2.63,1.61,5
Marbella,8,2,4,2,10,10,0,10,spain4,0.25,0.75,0,1.25,1.25,4.0,1.33,5
Sevilla FC B,8,3,1,4,5,6,-1,10,spain4,0.38,0.62,-1,0.62,1.25,2.63,1.61,5
Antequera,8,2,4,2,13,15,-2,10,spain4,0.25,0.75,-2,1.62,1.25,4.0,1.33,5
Algeciras,8,3,1,4,9,11,-2,10,spain4,0.38,0.62,-2,1.12,1.25,2.63,1.61,5
Villarreal B,8,1,5,2,11,11,0,8,spain4,0.12,0.88,0,1.38,1.0,8.33,1.14,6
Hercules,8,2,2,4,9,11,-2,8,spain4,0.25,0.75,-2,1.12,1.0,4.0,1.33,6
Sanluqueno,8,2,2,4,11,15,-4,8,spain4,0.25,0.75,-4,1.38,1.0,4.0,1.33,6
Merida,8,2,2,4,10,14,-4,8,spain4,0.25,0.75,-4,1.25,1.0,4.0,1.33,6
Recreativo H.,8,1,4,3,5,9,-4,7,spain4,0.12,0.88,-4,0.62,0.88,8.33,1.14,7
Intercity,8,2,1,5,6,12,-6,7,spain4,0.25,0.75,-6,0.75,0.88,4.0,1.33,7
Real Betis B,8,1,4,3,8,15,-7,7,spain4,0.12,0.88,-7,1.0,0.88,8.33,1.14,7
Alcoyano,8,2,1,5,3,10,-7,7,spain4,0.25,0.75,-7,0.38,0.88,4.0,1.33,7
Atletico M. B,8,1,3,4,7,9,-2,6,spain4,0.12,0.88,-2,0.88,0.75,8.33,1.14,8
Fuenlabrada,8,1,3,4,8,12,-4,6,spain4,0.12,0.88,-4,1.0,0.75,8.33,1.14,8
Yeclano,8,1,2,5,5,9,-4,5,spain4,0.12,0.88,-4,0.62,0.62,8.33,1.14,9
D. Fabril,8,4,1,3,11,7,4,13,spain5,0.5,0.5,4,1.38,1.62,2.0,2.0,1
Real Avila,8,3,4,1,5,3,2,13,spain5,0.38,0.62,2,0.62,1.62,2.63,1.61,1
Llanera,8,3,2,3,9,9,0,11,spain5,0.38,0.62,0,1.12,1.38,2.63,1.61,2
Langreo,8,3,2,3,4,6,-2,11,spain5,0.38,0.62,-2,0.5,1.38,2.63,1.61,2
Escobedo,8,3,2,3,3,6,-3,11,spain5,0.38,0.62,-3,0.38,1.38,2.63,1.61,2
Bergantinos,8,3,1,4,6,8,-2,10,spain5,0.38,0.62,-2,0.75,1.25,2.63,1.61,3
Real Aviles,8,1,6,1,9,8,1,9,spain5,0.12,0.88,1,1.12,1.12,8.33,1.14,4
Pontevedra,8,2,3,3,7,8,-1,9,spain5,0.25,0.75,-1,0.88,1.12,4.0,1.33,4
Numancia,8,2,2,4,8,8,0,8,spain5,0.25,0.75,0,1.0,1.0,4.0,1.33,5
Rayo Cantabria,8,2,2,4,13,18,-5,8,spain5,0.25,0.75,-5,1.62,1.0,4.0,1.33,5
Valladolid B,8,2,2,4,10,17,-7,8,spain5,0.25,0.75,-7,1.25,1.0,4.0,1.33,5
Guijuelo,8,2,2,4,6,14,-8,8,spain5,0.25,0.75,-8,0.75,1.0,4.0,1.33,5
Laredo,8,1,4,3,5,11,-6,7,spain5,0.12,0.88,-6,0.62,0.88,8.33,1.14,6
Salamanca CF,8,2,0,6,9,14,-5,6,spain5,0.25,0.75,-5,1.12,0.75,4.0,1.33,7
Marino de L.,8,1,3,4,6,11,-5,6,spain5,0.12,0.88,-5,0.75,0.75,8.33,1.14,7
Coruxo,8,1,3,4,4,10,-6,6,spain5,0.12,0.88,-6,0.5,0.75,8.33,1.14,7
Torrelavega,8,1,2,5,7,15,-8,5,spain5,0.12,0.88,-8,0.88,0.62,8.33,1.14,8
Compostela,8,0,2,6,3,13,-10,2,spain5,0.0,1.0,-10,0.38,0.25,0.0,1.0,9
SD Logrones,8,6,1,1,14,9,5,19,spain6,0.75,0.25,5,1.75,2.38,1.33,4.0,1
Alaves B,8,4,4,0,9,5,4,16,spain6,0.5,0.5,4,1.12,2.0,2.0,2.0,2
Teruel,8,4,3,1,6,4,2,15,spain6,0.5,0.5,2,0.75,1.88,2.0,2.0,3
Eibar B,8,4,2,2,13,5,8,14,spain6,0.5,0.5,8,1.62,1.75,2.0,2.0,4
Arenas Club,8,4,2,2,7,3,4,14,spain6,0.5,0.5,4,0.88,1.75,2.0,2.0,4
Utebo,8,3,5,0,6,2,4,14,spain6,0.38,0.62,4,0.75,1.75,2.63,1.61,4
Tudelano,8,3,4,1,14,11,3,13,spain6,0.38,0.62,3,1.75,1.62,2.63,1.61,5
Alfaro,8,3,2,3,11,13,-2,11,spain6,0.38,0.62,-2,1.38,1.38,2.63,1.61,6
Ejea,8,2,3,3,12,10,2,9,spain6,0.25,0.75,2,1.5,1.12,4.0,1.33,7
Gernika,8,3,0,5,7,12,-5,9,spain6,0.38,0.62,-5,0.88,1.12,2.63,1.61,7
Anguiano,8,3,0,5,9,17,-8,9,spain6,0.38,0.62,-8,1.12,1.12,2.63,1.61,7
Barbastro,8,2,2,4,7,10,-3,8,spain6,0.25,0.75,-3,0.88,1.0,4.0,1.33,8
Subiza,8,2,1,5,10,15,-5,7,spain6,0.25,0.75,-5,1.25,0.88,4.0,1.33,9
Real Zaragoza B,8,2,1,5,5,10,-5,7,spain6,0.25,0.75,-5,0.62,0.88,4.0,1.33,9
UD Logrones,8,1,3,4,6,8,-2,6,spain6,0.12,0.88,-2,0.75,0.75,8.33,1.14,10
Izarra,8,2,0,6,8,16,-8,6,spain6,0.25,0.75,-8,1.0,0.75,4.0,1.33,10
Calahorra,8,0,4,4,5,11,-6,4,spain6,0.0,1.0,-6,0.62,0.5,0.0,1.0,11
Real Sociedad C,8,1,0,7,3,14,-11,3,spain6,0.12,0.88,-11,0.38,0.38,8.33,1.14,12
A. Baleares,8,5,2,1,8,4,4,17,spain7,0.62,0.38,4,1.0,2.12,1.61,2.63,1
Sant Andreu,8,4,4,0,17,9,8,16,spain7,0.5,0.5,8,2.12,2.0,2.0,2.0,2
Europa,8,4,2,2,10,6,4,14,spain7,0.5,0.5,4,1.25,1.75,2.0,2.0,3
Terrassa,8,4,1,3,7,3,4,13,spain7,0.5,0.5,4,0.88,1.62,2.0,2.0,4
Andratx,8,4,1,3,11,11,0,13,spain7,0.5,0.5,0,1.38,1.62,2.0,2.0,4
Espanyol B,8,3,3,2,9,8,1,12,spain7,0.38,0.62,1,1.12,1.5,2.63,1.61,5
SD Ibiza,8,3,3,2,9,8,1,12,spain7,0.38,0.62,1,1.12,1.5,2.63,1.61,5
Olot,8,3,3,2,7,8,-1,12,spain7,0.38,0.62,-1,0.88,1.5,2.63,1.61,5
Torrent,8,3,3,2,10,12,-2,12,spain7,0.38,0.62,-2,1.25,1.5,2.63,1.61,5
Elche B,8,3,2,3,10,7,3,11,spain7,0.38,0.62,3,1.25,1.38,2.63,1.61,6
Lleida,8,2,5,1,9,6,3,11,spain7,0.25,0.75,3,1.12,1.38,4.0,1.33,6
Sabadell,8,3,2,3,10,10,0,11,spain7,0.38,0.62,0,1.25,1.38,2.63,1.61,6
Valencia B,8,2,4,2,5,6,-1,10,spain7,0.25,0.75,-1,0.62,1.25,4.0,1.33,7
Cornella,8,2,1,5,6,12,-6,7,spain7,0.25,0.75,-6,0.75,0.88,4.0,1.33,8
Badalona,8,1,2,5,6,17,-11,5,spain7,0.12,0.88,-11,0.75,0.62,8.33,1.14,9
Alzira,8,1,2,5,8,20,-12,5,spain7,0.12,0.88,-12,1.0,0.62,8.33,1.14,9
Pena Deportiva,8,0,1,7,5,15,-10,1,spain7,0.0,1.0,-10,0.62,0.12,0.0,1.0,10
Mallorca B,8,0,0,8,4,21,-17,0,spain7,0.0,1.0,-17,0.5,0.0,0.0,1.0,11
Torremolinos,8,6,2,0,12,1,11,20,spain8,0.75,0.25,11,1.5,2.5,1.33,4.0,1
La Union,8,5,2,1,9,2,7,17,spain8,0.62,0.38,7,1.12,2.12,1.61,2.63,2
Antoniano,8,5,1,2,13,9,4,16,spain8,0.62,0.38,4,1.62,2.0,1.61,2.63,3
Aguilas CF,8,4,3,1,10,6,4,15,spain8,0.5,0.5,4,1.25,1.88,2.0,2.0,4
Xerez CD,8,4,2,2,9,4,5,14,spain8,0.5,0.5,5,1.12,1.75,2.0,2.0,5
Cadiz B,8,3,2,3,8,10,-2,11,spain8,0.38,0.62,-2,1.0,1.38,2.63,1.61,6
UCAM Murcia,8,2,4,2,7,6,1,10,spain8,0.25,0.75,1,0.88,1.25,4.0,1.33,7
CD Estepona,8,2,4,2,6,6,0,10,spain8,0.25,0.75,0,0.75,1.25,4.0,1.33,7
D. Minera,8,3,1,4,9,12,-3,10,spain8,0.38,0.62,-3,1.12,1.25,2.63,1.61,7
Linares,8,2,3,3,7,10,-3,9,spain8,0.25,0.75,-3,0.88,1.12,4.0,1.33,8
Linense,8,3,0,5,5,8,-3,9,spain8,0.38,0.62,-3,0.62,1.12,2.63,1.61,8
Villanovense,8,2,2,4,6,8,-2,8,spain8,0.25,0.75,-2,0.75,1.0,4.0,1.33,9
San Fernando,8,1,5,2,5,8,-3,8,spain8,0.12,0.88,-3,0.62,1.0,8.33,1.14,9
Almeria B,8,2,2,4,4,8,-4,8,spain8,0.25,0.75,-4,0.5,1.0,4.0,1.33,9
Orihuela,8,1,3,4,5,8,-3,6,spain8,0.12,0.88,-3,0.62,0.75,8.33,1.14,10
Xerez D. FC,8,1,3,4,4,10,-6,6,spain8,0.12,0.88,-6,0.5,0.75,8.33,1.14,10
Don Benito,8,1,1,6,5,12,-7,4,spain8,0.12,0.88,-7,0.62,0.5,8.33,1.14,11
Granada B,8,1,0,7,6,14,-8,3,spain8,0.12,0.88,-8,0.75,0.38,8.33,1.14,12
Talavera CF,8,5,2,1,17,8,9,17,spain9,0.62,0.38,9,2.12,2.12,1.61,2.63,1
Cacereno,8,5,2,1,11,5,6,17,spain9,0.62,0.38,6,1.38,2.12,1.61,2.63,1
Guadalajara,8,4,4,0,11,6,5,16,spain9,0.5,0.5,5,1.38,2.0,2.0,2.0,2
R. Majadahonda,8,4,3,1,14,8,6,15,spain9,0.5,0.5,6,1.75,1.88,2.0,2.0,3
CD Coria,8,4,3,1,10,6,4,15,spain9,0.5,0.5,4,1.25,1.88,2.0,2.0,3
Navalcarnero,8,4,1,3,9,7,2,13,spain9,0.5,0.5,2,1.12,1.62,2.0,2.0,4
Getafe B,8,3,2,3,9,12,-3,11,spain9,0.38,0.62,-3,1.12,1.38,2.63,1.61,5
Melilla,8,3,1,4,8,9,-1,10,spain9,0.38,0.62,-1,1.0,1.25,2.63,1.61,6
CD Mostoles,8,3,0,5,10,13,-3,9,spain9,0.38,0.62,-3,1.25,1.12,2.63,1.61,7
S. Sebastian R.,8,2,3,3,6,10,-4,9,spain9,0.25,0.75,-4,0.75,1.12,4.0,1.33,7
Conquense,8,3,0,5,5,10,-5,9,spain9,0.38,0.62,-5,0.62,1.12,2.63,1.61,7
Real Madrid C,8,2,1,5,5,10,-5,7,spain9,0.25,0.75,-5,0.62,0.88,4.0,1.33,8
Illescas,8,0,3,5,6,11,-5,3,spain9,0.0,1.0,-5,0.75,0.38,0.0,1.0,9
Colonia M.,8,0,3,5,5,13,-8,3,spain9,0.0,1.0,-8,0.62,0.38,0.0,1.0,9
Yaiza,8,0,2,6,8,16,-8,2,spain9,0.0,1.0,-8,1.0,0.25,0.0,1.0,10
Union Adarve,8,0,2,6,3,11,-8,2,spain9,0.0,1.0,-8,0.38,0.25,0.0,1.0,10
Atletico Paso,8,0,2,6,9,18,-9,2,spain9,0.0,1.0,-9,1.12,0.25,0.0,1.0,10
Tenerife B,8,0,1,7,7,19,-12,1,spain9,0.0,1.0,-12,0.88,0.12,0.0,1.0,11
Degerfors,1,1,0,0,5,0,5,3,sweden,1.0,0.0,5,5.0,3.0,1.0,0.0,1
Hammarby,1,1,0,0,2,0,2,3,sweden,1.0,0.0,2,2.0,3.0,1.0,0.0,1
Sirius,1,1,0,0,2,1,1,3,sweden,1.0,0.0,1,2.0,3.0,1.0,0.0,1
AIK,1,1,0,0,1,0,1,3,sweden,1.0,0.0,1,1.0,3.0,1.0,0.0,1
Djurgarden,1,1,0,0,1,0,1,3,sweden,1.0,0.0,1,1.0,3.0,1.0,0.0,1
Malmo FF,1,1,0,0,1,0,1,3,sweden,1.0,0.0,1,1.0,3.0,1.0,0.0,1
Mjallby,1,0,1,0,2,2,0,1,sweden,0.0,1.0,0,2.0,1.0,0.0,1.0,2
GAIS,1,0,1,0,1,1,0,1,sweden,0.0,1.0,0,1.0,1.0,0.0,1.0,2
Elfsborg,0,0,0,0,0,0,0,0,sweden,0.0,0.0,0,0.0,0.0,0.0,0.0,3
Norrkoping,1,0,0,1,3,4,-1,0,sweden,0.0,1.0,-1,3.0,0.0,0.0,1.0,3
Oster,1,0,0,1,3,4,-1,0,sweden,0.0,1.0,-1,3.0,0.0,0.0,1.0,3
Halmstad,1,0,0,1,0,1,-1,0,sweden,0.0,1.0,-1,0.0,0.0,0.0,1.0,3
Varnamo,1,0,0,1,0,1,-1,0,sweden,0.0,1.0,-1,0.0,0.0,0.0,1.0,3
Brommapojkarna,1,0,0,1,0,2,-2,0,sweden,0.0,1.0,-2,0.0,0.0,0.0,1.0,3
Hacken,1,0,0,1,0,2,-2,0,sweden,0.0,1.0,-2,0.0,0.0,0.0,1.0,3
IFK Goteborg,1,0,0,1,0,4,-4,0,sweden,0.0,1.0,-4,0.0,0.0,0.0,1.0,3
Oddevold,1,1,0,0,2,0,2,3,sweden2,1.0,0.0,2,2.0,3.0,1.0,0.0,1
Vasteras,1,1,0,0,2,0,2,3,sweden2,1.0,0.0,2,2.0,3.0,1.0,0.0,1
Sandviken,1,1,0,0,2,1,1,3,sweden2,1.0,0.0,1,2.0,3.0,1.0,0.0,1
Ostersunds,1,1,0,0,1,0,1,3,sweden2,1.0,0.0,1,1.0,3.0,1.0,0.0,1
Trelleborg,1,1,0,0,1,0,1,3,sweden2,1.0,0.0,1,1.0,3.0,1.0,0.0,1
Landskrona,1,0,1,0,3,3,0,1,sweden2,0.0,1.0,0,3.0,1.0,0.0,1.0,2
Brage,1,0,1,0,2,2,0,1,sweden2,0.0,1.0,0,2.0,1.0,0.0,1.0,2
Varberg BoIS,1,0,1,0,2,2,0,1,sweden2,0.0,1.0,0,2.0,1.0,0.0,1.0,2
Kalmar,1,0,1,0,0,0,0,1,sweden2,0.0,1.0,0,0.0,1.0,0.0,1.0,2
Falkenberg,0,0,0,0,0,0,0,0,sweden2,0.0,0.0,0,0.0,0.0,0.0,0.0,3
Orebro,0,0,0,0,0,0,0,0,sweden2,0.0,0.0,0,0.0,0.0,0.0,0.0,3
Orgryte,0,0,0,0,0,0,0,0,sweden2,0.0,0.0,0,0.0,0.0,0.0,0.0,3
Utsikten,1,0,0,1,1,2,-1,0,sweden2,0.0,1.0,-1,1.0,0.0,0.0,1.0,3
GIF Sundsvall,1,0,0,1,0,1,-1,0,sweden2,0.0,1.0,-1,0.0,0.0,0.0,1.0,3
Umea,1,0,0,1,0,1,-1,0,sweden2,0.0,1.0,-1,0.0,0.0,0.0,1.0,3
Helsingborg,1,0,0,1,0,2,-2,0,sweden2,0.0,1.0,-2,0.0,0.0,0.0,1.0,3
Servette,8,4,2,2,12,8,4,14,switzerland,0.5,0.5,4,1.5,1.75,2.0,2.0,1
FC Basel,8,3,4,1,14,9,5,13,switzerland,0.38,0.62,5,1.75,1.62,2.63,1.61,2
BSC Young Boys,8,3,2,3,7,8,-1,11,switzerland,0.38,0.62,-1,0.88,1.38,2.63,1.61,3
Lausanne Sport,8,2,4,2,14,13,1,10,switzerland,0.25,0.75,1,1.75,1.25,4.0,1.33,4
Grasshopper,8,2,4,2,9,10,-1,10,switzerland,0.25,0.75,-1,1.12,1.25,4.0,1.33,4
FC Zurich,8,3,1,4,10,13,-3,10,switzerland,0.38,0.62,-3,1.25,1.25,2.63,1.61,4
Lugano,8,3,0,5,11,13,-2,9,switzerland,0.38,0.62,-2,1.38,1.12,2.63,1.61,5
Luzern,8,2,2,4,14,16,-2,8,switzerland,0.25,0.75,-2,1.75,1.0,4.0,1.33,6
St. Gallen,8,2,2,4,6,11,-5,8,switzerland,0.25,0.75,-5,0.75,1.0,4.0,1.33,6
Yverdon,8,1,3,4,9,18,-9,6,switzerland,0.12,0.88,-9,1.12,0.75,8.33,1.14,7
Winterthur,8,1,2,5,8,15,-7,5,switzerland,0.12,0.88,-7,1.0,0.62,8.33,1.14,8
Sion,8,1,1,6,7,19,-12,4,switzerland,0.12,0.88,-12,0.88,0.5,8.33,1.14,9
Aarau,8,5,3,0,18,9,9,18,switzerland2,0.62,0.38,9,2.25,2.25,1.61,2.63,1
Wil,8,4,2,2,13,6,7,14,switzerland2,0.5,0.5,7,1.62,1.75,2.0,2.0,2
Thun,8,4,2,2,16,12,4,14,switzerland2,0.5,0.5,4,2.0,1.75,2.0,2.0,2
Lausanne Ouchy,8,4,1,3,8,9,-1,13,switzerland2,0.5,0.5,-1,1.0,1.62,2.0,2.0,3
Vaduz,8,2,4,2,12,11,1,10,switzerland2,0.25,0.75,1,1.5,1.25,4.0,1.33,4
Schaffhausen,8,2,1,5,6,18,-12,7,switzerland2,0.25,0.75,-12,0.75,0.88,4.0,1.33,5
Etoile Carouge,8,1,3,4,9,10,-1,6,switzerland2,0.12,0.88,-1,1.12,0.75,8.33,1.14,6
Neuchatel Xamax,8,2,0,6,10,15,-5,6,switzerland2,0.25,0.75,-5,1.25,0.75,4.0,1.33,6
Stade Nyonnais,8,1,3,4,9,18,-9,6,switzerland2,0.12,0.88,-9,1.12,0.75,8.33,1.14,6
Bellinzona,8,1,2,5,7,20,-13,5,switzerland2,0.12,0.88,-13,0.88,0.62,8.33,1.14,7
Buriram Utd,8,6,1,1,16,8,8,19,thailand,0.75,0.25,8,2.0,2.38,1.33,4.0,1
Ratchaburi,8,5,2,1,21,13,8,17,thailand,0.62,0.38,8,2.62,2.12,1.61,2.63,2
Bangkok Utd,8,5,1,2,12,7,5,16,thailand,0.62,0.38,5,1.5,2.0,1.61,2.63,3
Lamphun Warrior,8,2,3,3,9,8,1,9,thailand,0.25,0.75,1,1.12,1.12,4.0,1.33,4
Muang Thong Utd,8,3,0,5,14,16,-2,9,thailand,0.38,0.62,-2,1.75,1.12,2.63,1.61,4
Rayong,8,2,3,3,10,14,-4,9,thailand,0.25,0.75,-4,1.25,1.12,4.0,1.33,4
Pathum Utd,8,1,5,2,10,9,1,8,thailand,0.12,0.88,1,1.25,1.0,8.33,1.14,5
Prachuap,8,2,1,5,11,12,-1,7,thailand,0.25,0.75,-1,1.38,0.88,4.0,1.33,6
Port FC,8,2,1,5,8,12,-4,7,thailand,0.25,0.75,-4,1.0,0.88,4.0,1.33,6
Nakhon Pathom,8,1,3,4,8,12,-4,6,thailand,0.12,0.88,-4,1.0,0.75,8.33,1.14,7
Chiangrai Utd,8,2,0,6,10,19,-9,6,thailand,0.25,0.75,-9,1.25,0.75,4.0,1.33,7
N. Ratchasima,8,1,2,5,8,18,-10,5,thailand,0.12,0.88,-10,1.0,0.62,8.33,1.14,8
Uthai Thani,8,1,1,6,7,14,-7,4,thailand,0.12,0.88,-7,0.88,0.5,8.33,1.14,9
Sukhothai,8,0,4,4,5,12,-7,4,thailand,0.0,1.0,-7,0.62,0.5,0.0,1.0,9
N. Bua Pitchaya,8,1,1,6,5,15,-10,4,thailand,0.12,0.88,-10,0.62,0.5,8.33,1.14,9
Khon Kaen Utd,8,1,1,6,5,25,-20,4,thailand,0.12,0.88,-20,0.62,0.5,8.33,1.14,9
Kanchanaburi,8,4,3,1,15,8,7,15,thailand2,0.5,0.5,7,1.88,1.88,2.0,2.0,1
Chonburi,8,4,2,2,9,6,3,14,thailand2,0.5,0.5,3,1.12,1.75,2.0,2.0,2
Mahasarakham,8,2,5,1,8,6,2,11,thailand2,0.25,0.75,2,1.0,1.38,4.0,1.33,3
Ayutthaya Utd,8,3,2,3,13,12,1,11,thailand2,0.38,0.62,1,1.62,1.38,2.63,1.61,3
Pattaya United,8,3,2,3,9,12,-3,11,thailand2,0.38,0.62,-3,1.12,1.38,2.63,1.61,3
Lampang,8,3,1,4,9,11,-2,10,thailand2,0.38,0.62,-2,1.12,1.25,2.63,1.61,4
Bangkok FC,8,3,0,5,12,15,-3,9,thailand2,0.38,0.62,-3,1.5,1.12,2.63,1.61,5
Chanthaburi,8,2,3,3,11,14,-3,9,thailand2,0.25,0.75,-3,1.38,1.12,4.0,1.33,5
Nakhon Si,8,2,2,4,10,12,-2,8,thailand2,0.25,0.75,-2,1.25,1.0,4.0,1.33,6
Phrae Utd,8,2,2,4,12,15,-3,8,thailand2,0.25,0.75,-3,1.5,1.0,4.0,1.33,6
Suphanburi,8,2,2,4,13,21,-8,8,thailand2,0.25,0.75,-8,1.62,1.0,4.0,1.33,6
Sisaket Utd,8,1,3,4,6,13,-7,6,thailand2,0.12,0.88,-7,0.75,0.75,8.33,1.14,7
Police Tero,8,2,0,6,8,18,-10,6,thailand2,0.25,0.75,-10,1.0,0.75,4.0,1.33,7
Kasetsart,8,1,2,5,6,13,-7,5,thailand2,0.12,0.88,-7,0.75,0.62,8.33,1.14,8
Chiangmai Utd,8,1,2,5,9,17,-8,5,thailand2,0.12,0.88,-8,1.12,0.62,8.33,1.14,8
Chainat,8,1,1,6,3,8,-5,4,thailand2,0.12,0.88,-5,0.38,0.5,8.33,1.14,9
Trat FC,8,0,1,7,4,18,-14,1,thailand2,0.0,1.0,-14,0.5,0.12,0.0,1.0,10
Samut Prakan,0,0,0,0,0,0,0,0,thailand2,0.0,0.0,0,0.0,0.0,0.0,0.0,11
Fenerbahce,8,5,2,1,20,8,12,17,turkey,0.62,0.38,12,2.5,2.12,1.61,2.63,1
Galatasaray,8,5,2,1,17,10,7,17,turkey,0.62,0.38,7,2.12,2.12,1.61,2.63,1
Eyupspor,8,3,2,3,10,10,0,11,turkey,0.38,0.62,0,1.25,1.38,2.63,1.61,2
Bodrumspor,8,3,2,3,6,6,0,11,turkey,0.38,0.62,0,0.75,1.38,2.63,1.61,2
Besiktas,8,2,4,2,9,7,2,10,turkey,0.25,0.75,2,1.12,1.25,4.0,1.33,3
Samsunspor,8,2,4,2,5,8,-3,10,turkey,0.25,0.75,-3,0.62,1.25,4.0,1.33,3
Kasimpasa,8,2,2,4,14,19,-5,8,turkey,0.25,0.75,-5,1.75,1.0,4.0,1.33,4
Basaksehir,8,2,1,5,12,18,-6,7,turkey,0.25,0.75,-6,1.5,0.88,4.0,1.33,5
Rizespor,8,2,0,6,10,17,-7,6,turkey,0.25,0.75,-7,1.25,0.75,4.0,1.33,6
Konyaspor,8,1,2,5,7,11,-4,5,turkey,0.12,0.88,-4,0.88,0.62,8.33,1.14,7
Alanyaspor,8,1,2,5,6,13,-7,5,turkey,0.12,0.88,-7,0.75,0.62,8.33,1.14,7
Kayserispor,8,1,2,5,6,15,-9,5,turkey,0.12,0.88,-9,0.75,0.62,8.33,1.14,7
Antalyaspor,8,1,2,5,5,19,-14,5,turkey,0.12,0.88,-14,0.62,0.62,8.33,1.14,7
Trabzonspor,8,1,1,6,10,15,-5,4,turkey,0.12,0.88,-5,1.25,0.5,8.33,1.14,8
Gaziantep,8,1,1,6,9,18,-9,4,turkey,0.12,0.88,-9,1.12,0.5,8.33,1.14,8
Hatayspor,8,1,1,6,8,20,-12,4,turkey,0.12,0.88,-12,1.0,0.5,8.33,1.14,8
Goztepe,8,0,3,5,7,15,-8,3,turkey,0.0,1.0,-8,0.88,0.38,0.0,1.0,9
Adana Demirspor,8,1,0,7,11,22,-11,3,turkey,0.12,0.88,-11,1.38,0.38,8.33,1.14,9
Sivasspor,8,0,1,7,5,16,-11,1,turkey,0.0,1.0,-11,0.62,0.12,0.0,1.0,10
Erzurum BB,8,5,2,1,16,5,11,17,turkey2,0.62,0.38,11,2.0,2.12,1.61,2.63,1
F. Karagumruk,8,5,2,1,12,7,5,17,turkey2,0.62,0.38,5,1.5,2.12,1.61,2.63,1
Manisa BB,8,4,1,3,14,10,4,13,turkey2,0.5,0.5,4,1.75,1.62,2.0,2.0,2
Boluspor,8,4,1,3,12,8,4,13,turkey2,0.5,0.5,4,1.5,1.62,2.0,2.0,2
Erokspor,8,3,4,1,13,12,1,13,turkey2,0.38,0.62,1,1.62,1.62,2.63,1.61,2
Genclerbirligi,8,3,4,1,13,12,1,13,turkey2,0.38,0.62,1,1.62,1.62,2.63,1.61,2
Keciorengucu,8,4,1,3,11,12,-1,13,turkey2,0.5,0.5,-1,1.38,1.62,2.0,2.0,2
Kocaelispor,8,2,5,1,8,6,2,11,turkey2,0.25,0.75,2,1.0,1.38,4.0,1.33,3
Amed SK,8,2,4,2,5,5,0,10,turkey2,0.25,0.75,0,0.62,1.25,4.0,1.33,4
Sakaryaspor,8,2,4,2,8,11,-3,10,turkey2,0.25,0.75,-3,1.0,1.25,4.0,1.33,4
Igdir,8,2,3,3,6,8,-2,9,turkey2,0.25,0.75,-2,0.75,1.12,4.0,1.33,5
Umraniyespor,8,2,2,4,10,9,1,8,turkey2,0.25,0.75,1,1.25,1.0,4.0,1.33,6
Sanliurfaspor,8,2,2,4,11,11,0,8,turkey2,0.25,0.75,0,1.38,1.0,4.0,1.33,6
Corum,8,2,2,4,6,9,-3,8,turkey2,0.25,0.75,-3,0.75,1.0,4.0,1.33,6
Istanbulspor,8,2,1,5,6,9,-3,7,turkey2,0.25,0.75,-3,0.75,0.88,4.0,1.33,7
Pendikspor,8,2,1,5,7,13,-6,7,turkey2,0.25,0.75,-6,0.88,0.88,4.0,1.33,7
Bandirmaspor,8,1,3,4,6,16,-10,6,turkey2,0.12,0.88,-10,0.75,0.75,8.33,1.14,8
Ankaragucu,8,1,2,5,6,12,-6,5,turkey2,0.12,0.88,-6,0.75,0.62,8.33,1.14,9
Adanaspor,8,1,1,6,5,13,-8,4,turkey2,0.12,0.88,-8,0.62,0.5,8.33,1.14,10
Y. Malatyaspor,8,0,0,8,0,33,-33,0,turkey2,0.0,1.0,-33,0.0,0.0,0.0,1.0,11
B. Petrolspor,8,6,1,1,11,5,6,19,turkey3,0.75,0.25,6,1.38,2.38,1.33,4.0,1
Trabzon FK,8,5,1,2,18,7,11,16,turkey3,0.62,0.38,11,2.25,2.0,1.61,2.63,2
Sariyer,8,5,1,2,16,9,7,16,turkey3,0.62,0.38,7,2.0,2.0,1.61,2.63,2
Adana,8,3,3,2,7,6,1,12,turkey3,0.38,0.62,1,0.88,1.5,2.63,1.61,3
Altinordu,8,3,2,3,13,7,6,11,turkey3,0.38,0.62,6,1.62,1.38,2.63,1.61,4
Kastamonuspor,8,2,5,1,10,10,0,11,turkey3,0.25,0.75,0,1.25,1.38,4.0,1.33,4
Kepez Belediyes,8,2,3,3,12,12,0,9,turkey3,0.25,0.75,0,1.5,1.12,4.0,1.33,5
Ankaraspor,8,3,0,5,10,11,-1,9,turkey3,0.38,0.62,-1,1.25,1.12,2.63,1.61,5
B. Anadolu,8,2,3,3,8,9,-1,9,turkey3,0.25,0.75,-1,1.0,1.12,4.0,1.33,5
Inegolspor,8,3,0,5,12,21,-9,9,turkey3,0.38,0.62,-9,1.5,1.12,2.63,1.61,5
Kirklarelispor,8,2,2,4,13,17,-4,8,turkey3,0.25,0.75,-4,1.62,1.0,4.0,1.33,6
Fethiyespor,8,1,3,4,5,10,-5,6,turkey3,0.12,0.88,-5,0.62,0.75,8.33,1.14,7
Karakopru,8,1,2,5,5,9,-4,5,turkey3,0.12,0.88,-4,0.62,0.62,8.33,1.14,8
Isparta Davrazs,8,1,2,5,6,14,-8,5,turkey3,0.12,0.88,-8,0.75,0.62,8.33,1.14,8
Iskenderun,8,1,2,5,4,13,-9,5,turkey3,0.12,0.88,-9,0.5,0.62,8.33,1.14,8
Altay,8,1,1,6,6,20,-14,4,turkey3,0.12,0.88,-14,0.75,0.5,8.33,1.14,9
24 Erzincanspor,8,0,2,6,8,22,-14,2,turkey3,0.0,1.0,-14,1.0,0.25,0.0,1.0,10
Afyonspor,8,0,0,8,1,32,-31,0,turkey3,0.0,1.0,-31,0.12,0.0,0.0,1.0,11
Aksaray B.,8,4,2,2,11,8,3,14,turkey4,0.5,0.5,3,1.38,1.75,2.0,2.0,1
Serik Belediyes,8,4,1,3,14,9,5,13,turkey4,0.5,0.5,5,1.75,1.62,2.0,2.0,2
Van Spor,8,4,1,3,16,13,3,13,turkey4,0.5,0.5,3,2.0,1.62,2.0,2.0,2
Beyoglu Yeni C.,8,3,3,2,11,7,4,12,turkey4,0.38,0.62,4,1.38,1.5,2.63,1.61,3
Arnavutkoy B.,8,3,3,2,12,10,2,12,turkey4,0.38,0.62,2,1.5,1.5,2.63,1.61,3
Elazigspor,8,3,2,3,16,10,6,11,turkey4,0.38,0.62,6,2.0,1.38,2.63,1.61,4
Erbaaspor,8,3,2,3,14,15,-1,11,turkey4,0.38,0.62,-1,1.75,1.38,2.63,1.61,4
Menemen B.,8,2,4,2,16,12,4,10,turkey4,0.25,0.75,4,2.0,1.25,4.0,1.33,5
A. Demirspor,8,2,4,2,13,12,1,10,turkey4,0.25,0.75,1,1.62,1.25,4.0,1.33,5
Karaman,8,2,4,2,11,10,1,10,turkey4,0.25,0.75,1,1.38,1.25,4.0,1.33,5
Karacabey,8,2,3,3,14,12,2,9,turkey4,0.25,0.75,2,1.75,1.12,4.0,1.33,6
Bucaspor,8,2,2,4,8,13,-5,8,turkey4,0.25,0.75,-5,1.0,1.0,4.0,1.33,7
Yeni Mersin,8,2,2,4,10,17,-7,8,turkey4,0.25,0.75,-7,1.25,1.0,4.0,1.33,7
Somaspor,8,1,3,4,5,6,-1,6,turkey4,0.12,0.88,-1,0.62,0.75,8.33,1.14,8
Derince,8,1,1,6,6,18,-12,4,turkey4,0.12,0.88,-12,0.75,0.5,8.33,1.14,9
Nazillispor,8,1,0,7,8,20,-12,3,turkey4,0.12,0.88,-12,1.0,0.38,8.33,1.14,10
Diyarbekirspor,8,0,2,6,2,12,-10,2,turkey4,0.0,1.0,-10,0.25,0.25,0.0,1.0,11
Giresunspor,8,0,0,8,4,28,-24,0,turkey4,0.0,1.0,-24,0.5,0.0,0.0,1.0,12
Bursaspor,8,5,2,1,18,7,11,17,turkey5,0.62,0.38,11,2.25,2.12,1.61,2.63,1
Musspor,8,5,1,2,14,7,7,16,turkey5,0.62,0.38,7,1.75,2.0,1.61,2.63,2
Kutahyaspor,8,4,3,1,17,10,7,15,turkey5,0.5,0.5,7,2.12,1.88,2.0,2.0,3
Karsiyaka,8,4,3,1,14,8,6,15,turkey5,0.5,0.5,6,1.75,1.88,2.0,2.0,3
Artvin Hopaspor,8,4,0,4,6,6,0,12,turkey5,0.5,0.5,0,0.75,1.5,2.0,2.0,4
Anadolu U.,8,3,1,4,12,14,-2,10,turkey5,0.38,0.62,-2,1.5,1.25,2.63,1.61,5
Silifke,8,2,3,3,10,10,0,9,turkey5,0.25,0.75,0,1.25,1.12,4.0,1.33,6
Kahramanmar.,8,2,3,3,10,12,-2,9,turkey5,0.25,0.75,-2,1.25,1.12,4.0,1.33,6
Duzcespor,8,2,3,3,5,9,-4,9,turkey5,0.25,0.75,-4,0.62,1.12,4.0,1.33,6
K. Bulvarspor,8,2,2,4,12,18,-6,8,turkey5,0.25,0.75,-6,1.5,1.0,4.0,1.33,7
Elaziz K.,8,2,1,5,6,8,-2,7,turkey5,0.25,0.75,-2,0.75,0.88,4.0,1.33,8
Kirsehir B.,8,2,1,5,10,16,-6,7,turkey5,0.25,0.75,-6,1.25,0.88,4.0,1.33,8
Viven Bornova,8,1,3,4,7,11,-4,6,turkey5,0.12,0.88,-4,0.88,0.75,8.33,1.14,9
Kusadasispor,8,2,0,6,8,15,-7,6,turkey5,0.25,0.75,-7,1.0,0.75,4.0,1.33,9
Tokat,8,0,4,4,5,10,-5,4,turkey5,0.0,1.0,-5,0.62,0.5,0.0,1.0,10
Ergene Velimese,8,1,0,7,3,17,-14,3,turkey5,0.12,0.88,-14,0.38,0.38,8.33,1.14,11
Balikesirspor,8,6,1,1,18,4,14,19,turkey6,0.75,0.25,14,2.25,2.38,1.33,4.0,1
Tire 2021 FK,8,5,2,1,10,3,7,17,turkey6,0.62,0.38,7,1.25,2.12,1.61,2.63,2
Muglaspor,8,4,2,2,15,6,9,14,turkey6,0.5,0.5,9,1.88,1.75,2.0,2.0,3
Silivrispor,8,4,2,2,13,13,0,14,turkey6,0.5,0.5,0,1.62,1.75,2.0,2.0,3
Cayelispor,8,3,3,2,8,5,3,12,turkey6,0.38,0.62,3,1.0,1.5,2.63,1.61,4
Etimesgut,8,3,3,2,8,11,-3,12,turkey6,0.38,0.62,-3,1.0,1.5,2.63,1.61,4
Turk Metal 1963,8,2,4,2,11,12,-1,10,turkey6,0.25,0.75,-1,1.38,1.25,4.0,1.33,5
Fatsa B.,8,3,1,4,8,14,-6,10,turkey6,0.38,0.62,-6,1.0,1.25,2.63,1.61,5
Amasyaspor,8,2,3,3,10,11,-1,9,turkey6,0.25,0.75,-1,1.25,1.12,4.0,1.33,6
Inegol Kafkas,8,2,3,3,6,9,-3,9,turkey6,0.25,0.75,-3,0.75,1.12,4.0,1.33,6
Mazidagi,8,1,5,2,4,6,-2,8,turkey6,0.12,0.88,-2,0.5,1.0,8.33,1.14,7
Usakspor,8,1,4,3,6,9,-3,7,turkey6,0.12,0.88,-3,0.75,0.88,8.33,1.14,8
Kelkit,8,1,3,4,7,9,-2,6,turkey6,0.12,0.88,-2,0.88,0.75,8.33,1.14,9
Beykoz Ishaklis,8,1,3,4,7,13,-6,6,turkey6,0.12,0.88,-6,0.88,0.75,8.33,1.14,9
Nevsehirspor,8,1,2,5,7,13,-6,5,turkey6,0.12,0.88,-6,0.88,0.62,8.33,1.14,10
Adiyaman,8,0,1,7,4,27,-23,1,turkey6,0.0,1.0,-23,0.5,0.12,0.0,1.0,11
Orduspor,8,5,2,1,14,4,10,17,turkey7,0.62,0.38,10,1.75,2.12,1.61,2.63,1
Kucukcekmece,8,4,2,2,15,9,6,14,turkey7,0.5,0.5,6,1.88,1.75,2.0,2.0,2
Aliaga FAS,8,3,5,0,7,4,3,14,turkey7,0.38,0.62,3,0.88,1.75,2.63,1.61,2
Ayvalikgucu,8,3,4,1,5,3,2,13,turkey7,0.38,0.62,2,0.62,1.62,2.63,1.61,3
Pazarspor,8,3,2,3,12,11,1,11,turkey7,0.38,0.62,1,1.5,1.38,2.63,1.61,4
Alanya 1221,8,3,1,4,10,10,0,10,turkey7,0.38,0.62,0,1.25,1.25,2.63,1.61,5
1922 Konyaspor,8,2,3,3,10,13,-3,9,turkey7,0.25,0.75,-3,1.25,1.12,4.0,1.33,6
Efeler 09,8,2,2,4,5,12,-7,8,turkey7,0.25,0.75,-7,0.62,1.0,4.0,1.33,7
Yozgat Bld Bozo,8,2,1,5,9,13,-4,7,turkey7,0.25,0.75,-4,1.12,0.88,4.0,1.33,8
Corluspor,8,1,3,4,4,9,-5,6,turkey7,0.12,0.88,-5,0.5,0.75,8.33,1.14,9
Viransehir,8,1,1,6,2,12,-10,4,turkey7,0.12,0.88,-10,0.25,0.5,8.33,1.14,10
Osmaniyespor,8,1,1,6,5,16,-11,4,turkey7,0.12,0.88,-11,0.62,0.5,8.33,1.14,10
1923 M.,8,1,1,6,6,18,-12,4,turkey7,0.12,0.88,-12,0.75,0.5,8.33,1.14,10
Cankaya FK,8,1,1,6,9,22,-13,4,turkey7,0.12,0.88,-13,1.12,0.5,8.33,1.14,10
Bayburt,8,0,3,5,7,17,-10,3,turkey7,0.0,1.0,-10,0.88,0.38,0.0,1.0,11
K. Idmanyurdu,8,0,2,6,7,17,-10,2,turkey7,0.0,1.0,-10,0.88,0.25,0.0,1.0,12
Mardin BB,8,5,1,2,13,10,3,16,turkey8,0.62,0.38,3,1.62,2.0,1.61,2.63,1
Orduspor 1967,8,5,0,3,13,9,4,15,turkey8,0.62,0.38,4,1.62,1.88,1.61,2.63,2
Agri 1970,8,4,3,1,13,10,3,15,turkey8,0.5,0.5,3,1.62,1.88,2.0,2.0,2
Sebat G.,8,4,2,2,14,9,5,14,turkey8,0.5,0.5,5,1.75,1.75,2.0,2.0,3
Kirikkale B.,8,4,0,4,13,14,-1,12,turkey8,0.5,0.5,-1,1.62,1.5,2.0,2.0,4
Nilufer B.,8,2,3,3,4,5,-1,9,turkey8,0.25,0.75,-1,0.5,1.12,4.0,1.33,5
Tepecik,8,2,2,4,10,16,-6,8,turkey8,0.25,0.75,-6,1.25,1.0,4.0,1.33,6
Z. Komurspor,8,2,2,4,6,12,-6,8,turkey8,0.25,0.75,-6,0.75,1.0,4.0,1.33,6
K. Istiklalspor,8,1,3,4,9,11,-2,6,turkey8,0.12,0.88,-2,1.12,0.75,8.33,1.14,7
Edirnespor,8,1,3,4,5,19,-14,6,turkey8,0.12,0.88,-14,0.62,0.75,8.33,1.14,7
Erciyes,8,1,2,5,11,16,-5,5,turkey8,0.12,0.88,-5,1.38,0.62,8.33,1.14,8
Polatli B.,8,1,2,5,6,17,-11,5,turkey8,0.12,0.88,-11,0.75,0.62,8.33,1.14,8
Denizlispor,8,0,4,4,6,17,-11,4,turkey8,0.0,1.0,-11,0.75,0.5,0.0,1.0,9
Turgutluspor,8,0,3,5,5,16,-11,3,turkey8,0.0,1.0,-11,0.62,0.38,0.0,1.0,10
Coruhlu,8,0,3,5,10,22,-12,3,turkey8,0.0,1.0,-12,1.25,0.38,0.0,1.0,10
Nigde Belediyes,8,0,2,6,4,13,-9,2,turkey8,0.0,1.0,-9,0.5,0.25,0.0,1.0,11
Shabab Al Ahli,8,6,2,0,19,5,14,20,uae,0.75,0.25,14,2.38,2.5,1.33,4.0,1
Al Sharjah,8,5,1,2,11,5,6,16,uae,0.62,0.38,6,1.38,2.0,1.61,2.63,2
Al Jazira,8,4,2,2,21,13,8,14,uae,0.5,0.5,8,2.62,1.75,2.0,2.0,3
Khorfakkan,8,4,0,4,13,15,-2,12,uae,0.5,0.5,-2,1.62,1.5,2.0,2.0,4
Al Wahda,8,3,2,3,13,12,1,11,uae,0.38,0.62,1,1.62,1.38,2.63,1.61,5
Al Bataeh,8,3,1,4,8,11,-3,10,uae,0.38,0.62,-3,1.0,1.25,2.63,1.61,6
Ajman,8,3,1,4,9,13,-4,10,uae,0.38,0.62,-4,1.12,1.25,2.63,1.61,6
Al Wasl,8,2,3,3,9,13,-4,9,uae,0.25,0.75,-4,1.12,1.12,4.0,1.33,7
Bani Yas,8,3,0,5,7,15,-8,9,uae,0.38,0.62,-8,0.88,1.12,2.63,1.61,7
Al Ain,8,2,2,4,17,18,-1,8,uae,0.25,0.75,-1,2.12,1.0,4.0,1.33,8
Dibba Al Hisn,8,1,3,4,9,14,-5,6,uae,0.12,0.88,-5,1.12,0.75,8.33,1.14,9
Al Nasr,8,1,2,5,9,19,-10,5,uae,0.12,0.88,-10,1.12,0.62,8.33,1.14,10
Ittihad Kalba,8,0,4,4,8,14,-6,4,uae,0.0,1.0,-6,1.0,0.5,0.0,1.0,11
Al Urooba,8,0,0,8,2,22,-20,0,uae,0.0,1.0,-20,0.25,0.0,0.0,1.0,12
Dynamo Kyiv,8,5,3,0,16,4,12,18,ukraine,0.62,0.38,12,2.0,2.25,1.61,2.63,1
Kryvbas KR,8,4,2,2,8,6,2,14,ukraine,0.5,0.5,2,1.0,1.75,2.0,2.0,2
Oleksandria,8,4,2,2,6,8,-2,14,ukraine,0.5,0.5,-2,0.75,1.75,2.0,2.0,2
Shakhtar,8,3,3,2,9,7,2,12,ukraine,0.38,0.62,2,1.12,1.5,2.63,1.61,3
Rukh Lviv,8,3,3,2,6,7,-1,12,ukraine,0.38,0.62,-1,0.75,1.5,2.63,1.61,3
Kolos Kovalivka,8,3,2,3,8,6,2,11,ukraine,0.38,0.62,2,1.0,1.38,2.63,1.61,4
Obolon,8,3,2,3,7,9,-2,11,ukraine,0.38,0.62,-2,0.88,1.38,2.63,1.61,4
Zorya Luhansk,8,2,2,4,10,12,-2,8,ukraine,0.25,0.75,-2,1.25,1.0,4.0,1.33,5
Livyi Bereh,8,2,2,4,2,7,-5,8,ukraine,0.25,0.75,-5,0.25,1.0,4.0,1.33,5
Polessya,8,2,2,4,6,12,-6,8,ukraine,0.25,0.75,-6,0.75,1.0,4.0,1.33,5
Veres,8,2,2,4,5,12,-7,8,ukraine,0.25,0.75,-7,0.62,1.0,4.0,1.33,5
Vorskla Poltava,8,2,1,5,6,11,-5,7,ukraine,0.25,0.75,-5,0.75,0.88,4.0,1.33,6
LNZ Cherkasy,8,2,1,5,6,12,-6,7,ukraine,0.25,0.75,-6,0.75,0.88,4.0,1.33,6
Karpaty Lviv,8,2,1,5,5,14,-9,7,ukraine,0.25,0.75,-9,0.62,0.88,4.0,1.33,6
Inhulets,8,1,2,5,7,17,-10,5,ukraine,0.12,0.88,-10,0.88,0.62,8.33,1.14,7
Chornomorets,8,1,0,7,6,19,-13,3,ukraine,0.12,0.88,-13,0.75,0.38,8.33,1.14,8
Dnipro-1,0,0,0,0,0,0,0,0,ukraine,0.0,0.0,0,0.0,0.0,0.0,0.0,9
Nacional,6,4,1,1,15,6,9,13,uruguay,0.67,0.33,9,2.5,2.17,1.49,3.03,1
Racing CM,6,4,1,1,7,3,4,13,uruguay,0.67,0.33,4,1.17,2.17,1.49,3.03,1
Liverpool M.,5,3,2,0,7,2,5,11,uruguay,0.6,0.4,5,1.4,2.2,1.67,2.5,2
Penarol,6,3,2,1,8,4,4,11,uruguay,0.5,0.5,4,1.33,1.83,2.0,2.0,2
Plaza Colonia,5,3,2,0,6,3,3,11,uruguay,0.6,0.4,3,1.2,2.2,1.67,2.5,2
Juventud,5,3,1,1,10,7,3,10,uruguay,0.6,0.4,3,2.0,2.0,1.67,2.5,3
Boston River,6,2,2,2,7,9,-2,8,uruguay,0.33,0.67,-2,1.17,1.33,3.03,1.49,4
Defensor S.,4,2,1,1,5,4,1,7,uruguay,0.5,0.5,1,1.25,1.75,2.0,2.0,5
Cerro,4,1,2,1,3,3,0,5,uruguay,0.25,0.75,0,0.75,1.25,4.0,1.33,6
Cerro Largo,4,1,2,1,2,3,-1,5,uruguay,0.25,0.75,-1,0.5,1.25,4.0,1.33,6
Montevideo City,5,1,2,2,4,8,-4,5,uruguay,0.2,0.8,-4,0.8,1.0,5.0,1.25,6
Progreso,5,0,4,1,4,7,-3,4,uruguay,0.0,1.0,-3,0.8,0.8,0.0,1.0,7
Danubio,4,0,3,1,4,5,-1,3,uruguay,0.0,1.0,-1,1.0,0.75,0.0,1.0,8
River Plate,6,0,3,3,6,9,-3,3,uruguay,0.0,1.0,-3,1.0,0.5,0.0,1.0,8
Miramar Misione,4,1,0,3,5,8,-3,3,uruguay,0.25,0.75,-3,1.25,0.75,4.0,1.33,8
Wanderers,4,0,1,3,3,7,-4,1,uruguay,0.0,1.0,-4,0.75,0.25,0.0,1.0,9
Defensor S.,4,3,0,1,5,2,3,9,uruguay2,0.75,0.25,3,1.25,2.25,1.33,4.0,1
Danubio,4,2,2,0,7,5,2,8,uruguay2,0.5,0.5,2,1.75,2.0,2.0,2.0,2
Cerro Largo,3,2,1,0,3,0,3,7,uruguay2,0.67,0.33,3,1.0,2.33,1.49,3.03,3
Nacional,3,2,0,1,10,3,7,6,uruguay2,0.67,0.33,7,3.33,2.0,1.49,3.03,4
Penarol,3,2,0,1,5,3,2,6,uruguay2,0.67,0.33,2,1.67,2.0,1.49,3.03,4
River Plate,4,2,0,2,4,3,1,6,uruguay2,0.5,0.5,1,1.0,1.5,2.0,2.0,4
Miramar Misione,4,2,0,2,4,7,-3,6,uruguay2,0.5,0.5,-3,1.0,1.5,2.0,2.0,4
D. Maldonado,4,1,2,1,3,3,0,5,uruguay2,0.25,0.75,0,0.75,1.25,4.0,1.33,5
Wanderers,3,1,1,1,3,4,-1,4,uruguay2,0.33,0.67,-1,1.0,1.33,3.03,1.49,6
Rampla Juniors,4,1,1,2,3,7,-4,4,uruguay2,0.25,0.75,-4,0.75,1.0,4.0,1.33,6
Racing CM,4,0,3,1,6,7,-1,3,uruguay2,0.0,1.0,-1,1.5,0.75,0.0,1.0,7
Fenix,3,1,0,2,4,5,-1,3,uruguay2,0.33,0.67,-1,1.33,1.0,3.03,1.49,7
Cerro,3,1,0,2,1,3,-2,3,uruguay2,0.33,0.67,-2,0.33,1.0,3.03,1.49,7
Progreso,3,0,2,1,4,6,-2,2,uruguay2,0.0,1.0,-2,1.33,0.67,0.0,1.0,8
Boston River,3,0,1,2,1,3,-2,1,uruguay2,0.0,1.0,-2,0.33,0.33,0.0,1.0,9
Liverpool M.,4,0,0,4,3,8,-5,0,uruguay2,0.0,1.0,-5,0.75,0.0,0.0,1.0,10
Chicago Fire,5,3,0,2,11,9,2,9,usa,0.6,0.4,2,2.2,1.8,1.67,2.5,1
Dallas,4,2,2,0,7,5,2,8,usa,0.5,0.5,2,1.75,2.0,2.0,2.0,2
Vancouver,3,2,1,0,5,1,4,7,usa,0.67,0.33,4,1.67,2.33,1.49,3.03,3
Columbus Crew,3,2,1,0,4,2,2,7,usa,0.67,0.33,2,1.33,2.33,1.49,3.03,3
Minnesota Utd,4,2,1,1,6,5,1,7,usa,0.5,0.5,1,1.5,1.75,2.0,2.0,3
Colorado Rapids,4,2,1,1,3,3,0,7,usa,0.5,0.5,0,0.75,1.75,2.0,2.0,3
Inter Miami,2,2,0,0,6,2,4,6,usa,1.0,0.0,4,3.0,3.0,1.0,0.0,4
Philadelphia,3,2,0,1,7,4,3,6,usa,0.67,0.33,3,2.33,2.0,1.49,3.03,4
San Diego,3,2,0,1,6,3,3,6,usa,0.67,0.33,3,2.0,2.0,1.49,3.03,4
Austin,3,2,0,1,2,1,1,6,usa,0.67,0.33,1,0.67,2.0,1.49,3.03,4
Orlando City,4,1,2,1,5,5,0,5,usa,0.25,0.75,0,1.25,1.25,4.0,1.33,5
Portland,3,1,1,1,3,2,1,4,usa,0.33,0.67,1,1.0,1.33,3.03,1.49,6
St. Louis City,4,1,1,2,3,3,0,4,usa,0.25,0.75,0,0.75,1.0,4.0,1.33,6
Nashville SC,3,1,0,2,4,5,-1,3,usa,0.33,0.67,-1,1.33,1.0,3.03,1.49,7
SJ Earthquakes,2,1,0,1,3,5,-2,3,usa,0.5,0.5,-2,1.5,1.5,2.0,2.0,7
Los Angeles FC,4,1,0,3,6,9,-3,3,usa,0.25,0.75,-3,1.5,0.75,4.0,1.33,7
Cincinnati,3,1,0,2,3,7,-4,3,usa,0.33,0.67,-4,1.0,1.0,3.03,1.49,7
Real Salt Lake,3,1,0,2,2,7,-5,3,usa,0.33,0.67,-5,0.67,1.0,3.03,1.49,7
New York City,4,0,2,2,5,7,-2,2,usa,0.0,1.0,-2,1.25,0.5,0.0,1.0,8
Houston Dynamo,3,0,2,1,1,3,-2,2,usa,0.0,1.0,-2,0.33,0.67,0.0,1.0,8
LA Galaxy,4,0,2,2,4,7,-3,2,usa,0.0,1.0,-3,1.0,0.5,0.0,1.0,8
Toronto,5,0,2,3,6,11,-5,2,usa,0.0,1.0,-5,1.2,0.4,0.0,1.0,8
CF Montreal,7,0,2,5,4,12,-8,2,usa,0.0,1.0,-8,0.57,0.29,0.0,1.0,8
Atlanta Utd,2,0,1,1,2,4,-2,1,usa,0.0,1.0,-2,1.0,0.5,0.0,1.0,9
New England,3,0,1,2,1,3,-2,1,usa,0.0,1.0,-2,0.33,0.33,0.0,1.0,9
New York RB,3,0,1,2,1,3,-2,1,usa,0.0,1.0,-2,0.33,0.33,0.0,1.0,9
Charlotte,3,0,1,2,2,5,-3,1,usa,0.0,1.0,-3,0.67,0.33,0.0,1.0,9
Seattle,4,0,1,3,1,7,-6,1,usa,0.0,1.0,-6,0.25,0.25,0.0,1.0,9
DC United,3,0,1,2,4,12,-8,1,usa,0.0,1.0,-8,1.33,0.33,0.0,1.0,9
San Antonio,2,2,0,0,5,3,2,6,usa2,1.0,0.0,2,2.5,3.0,1.0,0.0,1
Loudoun Utd,3,2,0,1,5,4,1,6,usa2,0.67,0.33,1,1.67,2.0,1.49,3.03,1
New Mexico,3,2,0,1,5,4,1,6,usa2,0.67,0.33,1,1.67,2.0,1.49,3.03,1
Detroit City,3,2,0,1,4,3,1,6,usa2,0.67,0.33,1,1.33,2.0,1.49,3.03,1
Colorado S.,3,1,2,0,7,6,1,5,usa2,0.33,0.67,1,2.33,1.67,3.03,1.49,2
Louisville City,3,1,2,0,4,3,1,5,usa2,0.33,0.67,1,1.33,1.67,3.03,1.49,2
Indy Eleven,2,1,1,0,4,2,2,4,usa2,0.5,0.5,2,2.0,2.0,2.0,2.0,3
Monterey Bay,3,1,1,1,3,1,2,4,usa2,0.33,0.67,2,1.0,1.33,3.03,1.49,3
North Carolina,2,1,1,0,3,2,1,4,usa2,0.5,0.5,1,1.5,2.0,2.0,2.0,3
Phoenix Rising,3,1,1,1,7,8,-1,4,usa2,0.33,0.67,-1,2.33,1.33,3.03,1.49,3
Rhode Island,4,1,1,2,5,6,-1,4,usa2,0.25,0.75,-1,1.25,1.0,4.0,1.33,3
FC Tulsa,1,1,0,0,1,0,1,3,usa2,1.0,0.0,1,1.0,3.0,1.0,0.0,4
El Paso,2,1,0,1,2,2,0,3,usa2,0.5,0.5,0,1.0,1.5,2.0,2.0,4
Tampa Bay,4,1,0,3,3,5,-2,3,usa2,0.25,0.75,-2,0.75,0.75,4.0,1.33,4
Las Vegas L.,1,0,1,0,0,0,0,1,usa2,0.0,1.0,0,0.0,1.0,0.0,1.0,5
Lexington,2,0,1,1,3,4,-1,1,usa2,0.0,1.0,-1,1.5,0.5,0.0,1.0,5
Birmingham L.,2,0,1,1,2,4,-2,1,usa2,0.0,1.0,-2,1.0,0.5,0.0,1.0,5
Pittsburgh,2,0,1,1,1,3,-2,1,usa2,0.0,1.0,-2,0.5,0.5,0.0,1.0,5
Miami FC,0,0,0,0,0,0,0,0,usa2,0.0,0.0,0,0.0,0.0,0.0,0.0,6
Charleston,1,0,0,1,1,2,-1,0,usa2,0.0,1.0,-1,1.0,0.0,0.0,1.0,6
Orange County,1,0,0,1,0,1,-1,0,usa2,0.0,1.0,-1,0.0,0.0,0.0,1.0,6
Sacramento R.,1,0,0,1,0,1,-1,0,usa2,0.0,1.0,-1,0.0,0.0,0.0,1.0,6
Oakland Roots,2,0,0,2,4,7,-3,0,usa2,0.0,1.0,-3,2.0,0.0,0.0,1.0,6
Hartford A.,3,0,0,3,0,5,-5,0,usa2,0.0,1.0,-5,0.0,0.0,0.0,1.0,6
Naples,2,2,0,0,4,0,4,6,usa3,1.0,0.0,4,2.0,3.0,1.0,0.0,1
One Knoxville,2,1,1,0,4,2,2,4,usa3,0.5,0.5,2,2.0,2.0,2.0,2.0,2
Westchester SC,3,1,1,1,4,4,0,4,usa3,0.33,0.67,0,1.33,1.33,3.03,1.49,2
Spokane V.,1,1,0,0,4,0,4,3,usa3,1.0,0.0,4,4.0,3.0,1.0,0.0,3
Richmond K.,2,1,0,1,4,3,1,3,usa3,0.5,0.5,1,2.0,1.5,2.0,2.0,3
Union Omaha,2,1,0,1,3,4,-1,3,usa3,0.5,0.5,-1,1.5,1.5,2.0,2.0,3
Forward Madison,2,1,0,1,2,3,-1,3,usa3,0.5,0.5,-1,1.0,1.5,2.0,2.0,3
Chattanooga RW,2,0,2,0,1,1,0,2,usa3,0.0,1.0,0,0.5,1.0,0.0,1.0,4
Portland Hearts,2,0,2,0,0,0,0,2,usa3,0.0,1.0,0,0.0,1.0,0.0,1.0,4
Tormenta,1,0,1,0,2,2,0,1,usa3,0.0,1.0,0,2.0,1.0,0.0,1.0,5
Greenville,0,0,0,0,0,0,0,0,usa3,0.0,0.0,0,0.0,0.0,0.0,0.0,6
Texoma,0,0,0,0,0,0,0,0,usa3,0.0,0.0,0,0.0,0.0,0.0,0.0,6
Charlotte I.,1,0,0,1,0,1,-1,0,usa3,0.0,1.0,-1,0.0,0.0,0.0,1.0,6
Alta,2,0,0,2,1,5,-4,0,usa3,0.0,1.0,-4,0.5,0.0,0.0,1.0,6
Carabobo,6,4,1,1,8,5,3,13,venezuela,0.67,0.33,3,1.33,2.17,1.49,3.03,1
UCV,5,3,1,1,6,3,3,10,venezuela,0.6,0.4,3,1.2,2.0,1.67,2.5,2
Puerto Cabello,6,2,2,2,6,3,3,8,venezuela,0.33,0.67,3,1.0,1.33,3.03,1.49,3
D. La Guaira,5,2,2,1,7,5,2,8,venezuela,0.4,0.6,2,1.4,1.6,2.5,1.67,3
D. Tachira,4,2,1,1,7,4,3,7,venezuela,0.5,0.5,3,1.75,1.75,2.0,2.0,4
Portuguesa,5,1,3,1,3,2,1,6,venezuela,0.2,0.8,1,0.6,1.2,5.0,1.25,5
Caracas,5,1,2,2,6,6,0,5,venezuela,0.2,0.8,0,1.2,1.0,5.0,1.25,6
A. Anzoategui,4,1,2,1,5,5,0,5,venezuela,0.25,0.75,0,1.25,1.25,4.0,1.33,6
Metropolitanos,6,1,2,3,5,10,-5,5,venezuela,0.17,0.83,-5,0.83,0.83,5.88,1.2,6
Zamora,6,0,3,3,4,8,-4,3,venezuela,0.0,1.0,-4,0.67,0.5,0.0,1.0,7
Yaracuyanos,5,0,2,3,4,8,-4,2,venezuela,0.0,1.0,-4,0.8,0.4,0.0,1.0,8
Monagas,5,0,2,3,2,6,-4,2,venezuela,0.0,1.0,-4,0.4,0.4,0.0,1.0,8
E. Merida,4,0,1,3,3,6,-3,1,venezuela,0.0,1.0,-3,0.75,0.25,0.0,1.0,9
Rayo Zuliano,4,0,0,4,1,6,-5,0,venezuela,0.0,1.0,-5,0.25,0.0,0.0,1.0,10
Bunyodkor,2,2,0,0,4,0,4,6,uzbekistan,1.0,0.0,4,2.0,3.0,1.0,0.0,1
D. Samarqand,3,1,2,0,1,0,1,5,uzbekistan,0.33,0.67,1,0.33,1.67,3.03,1.49,2
Nasaf Qarshi,2,1,1,0,5,2,3,4,uzbekistan,0.5,0.5,3,2.5,2.0,2.0,2.0,3
Buxoro,2,1,0,1,5,3,2,3,uzbekistan,0.5,0.5,2,2.5,1.5,2.0,2.0,4
AGMK,1,1,0,0,3,1,2,3,uzbekistan,1.0,0.0,2,3.0,3.0,1.0,0.0,4
Xorazm,1,1,0,0,2,0,2,3,uzbekistan,1.0,0.0,2,2.0,3.0,1.0,0.0,4
Navbahor,2,1,0,1,5,5,0,3,uzbekistan,0.5,0.5,0,2.5,1.5,2.0,2.0,4
Andijan,2,0,2,0,3,3,0,2,uzbekistan,0.0,1.0,0,1.5,1.0,0.0,1.0,5
Neftchi,2,0,2,0,2,2,0,2,uzbekistan,0.0,1.0,0,1.0,1.0,0.0,1.0,5
Kokand-1912,2,0,1,1,1,3,-2,1,uzbekistan,0.0,1.0,-2,0.5,0.5,0.0,1.0,6
Shurtan,2,0,1,1,0,2,-2,1,uzbekistan,0.0,1.0,-2,0.0,0.5,0.0,1.0,6
Qizilqum,1,0,0,1,0,2,-2,0,uzbekistan,0.0,1.0,-2,0.0,0.0,0.0,1.0,7
Sogdiana,2,0,0,2,0,2,-2,0,uzbekistan,0.0,1.0,-2,0.0,0.0,0.0,1.0,7
Termez Surkhon,2,0,0,2,1,5,-4,0,uzbekistan,0.0,1.0,-4,0.5,0.0,0.0,1.0,7
Pakhtakor,2,0,0,2,0,4,-4,0,uzbekistan,0.0,1.0,-4,0.0,0.0,0.0,1.0,7
Mashal,3,0,0,3,0,7,-7,0,uzbekistan,0.0,1.0,-7,0.0,0.0,0.0,1.0,7
Nam Dinh,8,4,4,0,13,4,9,16,vietnam,0.5,0.5,9,1.62,2.0,2.0,2.0,1
Viettel,8,4,3,1,13,6,7,15,vietnam,0.5,0.5,7,1.62,1.88,2.0,2.0,2
Ha Noi,8,3,3,2,12,7,5,12,vietnam,0.38,0.62,5,1.5,1.5,2.63,1.61,3
Thanh Hoa,8,3,3,2,11,9,2,12,vietnam,0.38,0.62,2,1.38,1.5,2.63,1.61,3
Hong Linh Ha T.,8,2,5,1,10,8,2,11,vietnam,0.25,0.75,2,1.25,1.38,4.0,1.33,4
Cong An Nhan,8,2,3,3,9,8,1,9,vietnam,0.25,0.75,1,1.12,1.12,4.0,1.33,5
Quang Nam,8,1,5,2,8,9,-1,8,vietnam,0.12,0.88,-1,1.0,1.0,8.33,1.14,6
Ho Chi Minh,8,1,4,3,7,13,-6,7,vietnam,0.12,0.88,-6,0.88,0.88,8.33,1.14,7
Binh Duong,8,2,1,5,4,10,-6,7,vietnam,0.25,0.75,-6,0.5,0.88,4.0,1.33,7
Hai Phong,8,1,3,4,6,11,-5,6,vietnam,0.12,0.88,-5,0.75,0.75,8.33,1.14,8
Gia Lai,8,1,2,5,6,13,-7,5,vietnam,0.12,0.88,-7,0.75,0.62,8.33,1.14,9
Binh Dinh,8,1,2,5,4,11,-7,5,vietnam,0.12,0.88,-7,0.5,0.62,8.33,1.14,9
Song Lam Nghe,8,0,4,4,7,16,-9,4,vietnam,0.0,1.0,-9,0.88,0.5,0.0,1.0,10
Da Nang,8,1,0,7,6,18,-12,3,vietnam,0.12,0.88,-12,0.75,0.38,8.33,1.14,11
Phu Dong,6,6,0,0,12,0,12,18,vietnam2,1.0,0.0,12,2.0,3.0,1.0,0.0,1
Binh Phuoc,6,5,1,0,8,1,7,16,vietnam2,0.83,0.17,7,1.33,2.67,1.2,5.88,2
PVF-CAND,5,2,3,0,6,2,4,9,vietnam2,0.4,0.6,4,1.2,1.8,2.5,1.67,3
S. Khanh Hoa,6,1,3,2,5,8,-3,6,vietnam2,0.17,0.83,-3,0.83,1.0,5.88,1.2,4
Long An,6,1,3,2,2,5,-3,6,vietnam2,0.17,0.83,-3,0.33,1.0,5.88,1.2,4
Hue,6,2,0,4,6,10,-4,6,vietnam2,0.33,0.67,-4,1.0,1.0,3.03,1.49,4
Ho Chi Minh B,7,1,3,3,4,8,-4,6,vietnam2,0.14,0.86,-4,0.57,0.86,7.14,1.16,4
Ba Ria Vung Tau,6,2,0,4,6,12,-6,6,vietnam2,0.33,0.67,-6,1.0,1.0,3.03,1.49,4
Dong Thap,6,0,4,2,2,4,-2,4,vietnam2,0.0,1.0,-2,0.33,0.67,0.0,1.0,5
Dong Nai,6,0,3,3,3,8,-5,3,vietnam2,0.0,1.0,-5,0.5,0.5,0.0,1.0,6
Hoa Binh,5,0,1,4,1,6,-5,1,vietnam2,0.0,1.0,-5,0.2,0.2,0.0,1.0,7
The New Saints,8,5,0,3,17,7,10,15,wales,0.62,0.38,10,2.12,1.88,1.61,2.63,1
Briton Ferry,8,4,1,3,17,17,0,13,wales,0.5,0.5,0,2.12,1.62,2.0,2.0,2
Penybont,8,4,0,4,16,16,0,12,wales,0.5,0.5,0,2.0,1.5,2.0,2.0,3
Barry,8,3,2,3,14,15,-1,11,wales,0.38,0.62,-1,1.75,1.38,2.63,1.61,4
Caernarfon,8,3,2,3,11,12,-1,11,wales,0.38,0.62,-1,1.38,1.38,2.63,1.61,4
Connahs Quay,8,3,0,5,12,11,1,9,wales,0.38,0.62,1,1.5,1.12,2.63,1.61,5
Haverfordwest,8,1,4,3,6,10,-4,7,wales,0.12,0.88,-4,0.75,0.88,8.33,1.14,6
Bala Town,8,1,3,4,10,16,-6,6,wales,0.12,0.88,-6,1.25,0.75,8.33,1.14,7
Newtown,8,1,1,6,6,13,-7,4,wales,0.12,0.88,-7,0.75,0.5,8.33,1.14,8
Flint,8,1,1,6,8,25,-17,4,wales,0.12,0.88,-17,1.0,0.5,8.33,1.14,8
Cardiff MU,8,0,3,5,4,12,-8,3,wales,0.0,1.0,-8,0.5,0.38,0.0,1.0,9
Aberystwyth,8,1,0,7,4,20,-16,3,wales,0.12,0.88,-16,0.5,0.38,8.33,1.14,9
