Team_Home,GP,W,D,L,GF,GA,GD,Pts_Home,Liga,PIH,PIH_HA,GD_Home,PPG_Home,GF_AVG_Home,Odd_Justa_MO,Odd_Justa_HA,Rank_Home
Teuta Durres,8,4,2,2,7,7,0,14,Albania - Abissnet Superiore,0.5,0.75,0,1.75,0.88,2.0,1.33,1
Egnatia R.,8,3,4,1,11,7,4,13,Albania - Abissnet Superiore,0.38,0.88,4,1.62,1.38,2.63,1.14,2
Partizani T.,8,3,4,1,9,6,3,13,Albania - Abissnet Superiore,0.38,0.88,3,1.62,1.12,2.63,1.14,2
Vllaznia S.,8,3,3,2,11,6,5,12,Albania - Abissnet Superiore,0.38,0.75,5,1.5,1.38,2.63,1.33,3
KF Tirana,8,3,3,2,12,9,3,12,Albania - Abissnet Superiore,0.38,0.75,3,1.5,1.5,2.63,1.33,3
AF Elbasani,8,3,3,2,9,7,2,12,Albania - Abissnet Superiore,0.38,0.75,2,1.5,1.12,2.63,1.33,3
Bylis,8,3,2,3,4,9,-5,11,Albania - Abissnet Superiore,0.38,0.62,-5,1.38,0.5,2.63,1.61,4
Skenderbeu K.,8,3,1,4,10,13,-3,10,Albania - Abissnet Superiore,0.38,0.5,-3,1.25,1.25,2.63,2.0,5
Laci,8,2,3,3,8,9,-1,9,Albania - Abissnet Superiore,0.25,0.62,-1,1.12,1.0,4.0,1.61,6
Boca Juniors,8,7,1,0,14,2,12,22,Argentina - Liga Profesional,0.88,1.0,12,2.75,1.75,1.14,1.0,1
Independiente,8,6,2,0,16,2,14,20,Argentina - Liga Profesional,0.75,1.0,14,2.5,2.0,1.33,1.0,2
Rosario Central,6,6,0,0,13,4,9,18,Argentina - Liga Profesional,1.0,1.0,9,3.0,2.17,1.0,1.0,3
Argentinos Jrs,8,5,2,1,15,4,11,17,Argentina - Liga Profesional,0.62,0.88,11,2.12,1.88,1.61,1.14,4
River Plate,8,5,2,1,10,6,4,17,Argentina - Liga Profesional,0.62,0.88,4,2.12,1.25,1.61,1.14,4
Barracas C.,8,5,1,2,13,10,3,16,Argentina - Liga Profesional,0.62,0.75,3,2.0,1.62,1.61,1.33,5
Racing Club,7,5,0,2,14,5,9,15,Argentina - Liga Profesional,0.71,0.71,9,2.14,2.0,1.41,1.41,6
Huracan,7,4,3,0,11,4,7,15,Argentina - Liga Profesional,0.57,1.0,7,2.14,1.57,1.75,1.0,6
I. Rivadavia,8,4,3,1,12,10,2,15,Argentina - Liga Profesional,0.5,0.88,2,1.88,1.5,2.0,1.14,6
Instituto,7,4,2,1,11,3,8,14,Argentina - Liga Profesional,0.57,0.86,8,2.0,1.57,1.75,1.16,7
Estudiantes,7,4,2,1,10,5,5,14,Argentina - Liga Profesional,0.57,0.86,5,2.0,1.43,1.75,1.16,7
San Lorenzo,8,4,2,2,9,7,2,14,Argentina - Liga Profesional,0.5,0.75,2,1.75,1.12,2.0,1.33,7
Lanus,8,3,4,1,9,5,4,13,Argentina - Liga Profesional,0.38,0.88,4,1.62,1.12,2.63,1.14,8
Tigre,7,4,1,2,7,4,3,13,Argentina - Liga Profesional,0.57,0.71,3,1.86,1.0,1.75,1.41,8
Platense,8,3,4,1,7,5,2,13,Argentina - Liga Profesional,0.38,0.88,2,1.62,0.88,2.63,1.14,8
Union Santa Fe,8,3,3,2,7,5,2,12,Argentina - Liga Profesional,0.38,0.75,2,1.5,0.88,2.63,1.33,9
Central Cordoba,8,3,2,3,11,8,3,11,Argentina - Liga Profesional,0.38,0.62,3,1.38,1.38,2.63,1.61,10
Newells,8,3,2,3,6,4,2,11,Argentina - Liga Profesional,0.38,0.62,2,1.38,0.75,2.63,1.61,10
Banfield,8,2,4,2,9,6,3,10,Argentina - Liga Profesional,0.25,0.75,3,1.25,1.12,4.0,1.33,11
Belgrano,8,2,4,2,9,10,-1,10,Argentina - Liga Profesional,0.25,0.75,-1,1.25,1.12,4.0,1.33,11
A. Tucuman,7,3,0,4,12,10,2,9,Argentina - Liga Profesional,0.43,0.43,2,1.29,1.71,2.33,2.33,12
D. Riestra,7,1,6,0,2,1,1,9,Argentina - Liga Profesional,0.14,1.0,1,1.29,0.29,7.14,1.0,12
Gimnasia,7,2,3,2,6,7,-1,9,Argentina - Liga Profesional,0.29,0.71,-1,1.29,0.86,3.45,1.41,12
Godoy Cruz,8,1,6,1,3,5,-2,9,Argentina - Liga Profesional,0.12,0.88,-2,1.12,0.38,8.33,1.14,12
Sarmiento,7,1,5,1,5,5,0,8,Argentina - Liga Profesional,0.14,0.86,0,1.14,0.71,7.14,1.16,13
Defensa y J.,7,2,2,3,6,7,-1,8,Argentina - Liga Profesional,0.29,0.57,-1,1.14,0.86,3.45,1.75,13
Aldosivi,8,2,2,4,9,18,-9,8,Argentina - Liga Profesional,0.25,0.5,-9,1.0,1.12,4.0,2.0,13
SM San Juan,8,2,1,5,4,8,-4,7,Argentina - Liga Profesional,0.25,0.38,-4,0.88,0.5,4.0,2.63,14
Velez Sarsfield,8,2,1,5,2,7,-5,7,Argentina - Liga Profesional,0.25,0.38,-5,0.88,0.25,4.0,2.63,14
Atlanta,7,5,2,0,8,2,6,17,Argentina - Primera Nacional,0.71,1.0,6,2.43,1.14,1.41,1.0,1
Agropecuario,6,5,0,1,10,3,7,15,Argentina - Primera Nacional,0.83,0.83,7,2.5,1.67,1.2,1.2,2
San Miguel,7,4,3,0,10,4,6,15,Argentina - Primera Nacional,0.57,1.0,6,2.14,1.43,1.75,1.0,2
G. Mendoza,7,4,3,0,9,3,6,15,Argentina - Primera Nacional,0.57,1.0,6,2.14,1.29,1.75,1.0,2
Quilmes,7,4,2,1,11,4,7,14,Argentina - Primera Nacional,0.57,0.86,7,2.0,1.57,1.75,1.16,3
Racing Cordoba,7,3,3,1,12,5,7,12,Argentina - Primera Nacional,0.43,0.86,7,1.71,1.71,2.33,1.16,4
SM Tucuman,6,3,3,0,6,2,4,12,Argentina - Primera Nacional,0.5,1.0,4,2.0,1.0,2.0,1.0,4
Chaco For Ever,7,4,0,3,8,6,2,12,Argentina - Primera Nacional,0.57,0.57,2,1.71,1.14,1.75,1.75,4
Temperley,6,4,0,2,6,5,1,12,Argentina - Primera Nacional,0.67,0.67,1,2.0,1.0,1.49,1.49,4
Deportivo Moron,5,3,2,0,7,1,6,11,Argentina - Primera Nacional,0.6,1.0,6,2.2,1.4,1.67,1.0,5
Los Andes,6,3,2,1,9,4,5,11,Argentina - Primera Nacional,0.5,0.83,5,1.83,1.5,2.0,1.2,5
Tristan Suarez,5,3,2,0,7,3,4,11,Argentina - Primera Nacional,0.6,1.0,4,2.2,1.4,1.67,1.0,5
Gimnasia Jujuy,6,3,2,1,4,1,3,11,Argentina - Primera Nacional,0.5,0.83,3,1.83,0.67,2.0,1.2,5
D. Madryn,6,3,2,1,6,4,2,11,Argentina - Primera Nacional,0.5,0.83,2,1.83,1.0,2.0,1.2,5
Central Norte,7,3,2,2,8,7,1,11,Argentina - Primera Nacional,0.43,0.71,1,1.57,1.14,2.33,1.41,5
All Boys,6,3,1,2,9,5,4,10,Argentina - Primera Nacional,0.5,0.67,4,1.67,1.5,2.0,1.49,6
Deportivo Maipu,5,3,1,1,7,3,4,10,Argentina - Primera Nacional,0.6,0.8,4,2.0,1.4,1.67,1.25,6
CA Estudiantes,6,3,1,2,8,6,2,10,Argentina - Primera Nacional,0.5,0.67,2,1.67,1.33,2.0,1.49,6
Colon Santa Fe,7,3,1,3,6,5,1,10,Argentina - Primera Nacional,0.43,0.57,1,1.43,0.86,2.33,1.75,6
Ferro Carril,6,2,3,1,4,1,3,9,Argentina - Primera Nacional,0.33,0.83,3,1.5,0.67,3.03,1.2,7
D. de Belgrano,5,2,3,0,4,2,2,9,Argentina - Primera Nacional,0.4,1.0,2,1.8,0.8,2.5,1.0,7
E. Rio Cuarto,5,2,3,0,4,2,2,9,Argentina - Primera Nacional,0.4,1.0,2,1.8,0.8,2.5,1.0,7
Alvarado,6,2,3,1,6,5,1,9,Argentina - Primera Nacional,0.33,0.83,1,1.5,1.0,3.03,1.2,7
Almagro,6,2,3,1,3,2,1,9,Argentina - Primera Nacional,0.33,0.83,1,1.5,0.5,3.03,1.2,7
Colegiales,7,2,3,2,3,3,0,9,Argentina - Primera Nacional,0.29,0.71,0,1.29,0.43,3.45,1.41,7
Almirante Brown,6,1,5,0,5,3,2,8,Argentina - Primera Nacional,0.17,1.0,2,1.33,0.83,5.88,1.0,8
Chacarita J.,5,2,2,1,7,6,1,8,Argentina - Primera Nacional,0.4,0.8,1,1.6,1.4,2.5,1.25,8
Atletico Mitre,7,2,2,3,5,4,1,8,Argentina - Primera Nacional,0.29,0.57,1,1.14,0.71,3.45,1.75,8
Gimnasia y Tiro,5,2,2,1,5,4,1,8,Argentina - Primera Nacional,0.4,0.8,1,1.6,1.0,2.5,1.25,8
A. Quilmes,8,6,2,0,14,3,11,20,Argentina - Primera B,0.75,1.0,11,2.5,1.75,1.33,1.0,1
Deportivo Merlo,8,5,3,0,12,5,7,18,Argentina - Primera B,0.62,1.0,7,2.25,1.5,1.61,1.0,2
Excursionistas,8,5,2,1,18,7,11,17,Argentina - Primera B,0.62,0.88,11,2.12,2.25,1.61,1.14,3
D. Armenio,8,5,2,1,14,4,10,17,Argentina - Primera B,0.62,0.88,10,2.12,1.75,1.61,1.14,3
Colegiales,8,5,2,1,10,1,9,17,Argentina - Primera B,0.62,0.88,9,2.12,1.25,1.61,1.14,3
Liniers,8,4,3,1,12,6,6,15,Argentina - Primera B,0.5,0.88,6,1.88,1.5,2.0,1.14,4
Flandria,8,4,3,1,8,3,5,15,Argentina - Primera B,0.5,0.88,5,1.88,1.0,2.0,1.14,4
Villa Dalmine,8,4,3,1,6,4,2,15,Argentina - Primera B,0.5,0.88,2,1.88,0.75,2.0,1.14,4
S. Italiano,8,4,2,2,11,3,8,14,Argentina - Primera B,0.5,0.75,8,1.75,1.38,2.0,1.33,5
Midland,8,4,2,2,11,5,6,14,Argentina - Primera B,0.5,0.75,6,1.75,1.38,2.0,1.33,5
SM Burzaco,8,4,2,2,9,4,5,14,Argentina - Primera B,0.5,0.75,5,1.75,1.12,2.0,1.33,5
Los Andes,8,4,1,3,9,6,3,13,Argentina - Primera B,0.5,0.62,3,1.62,1.12,2.0,1.61,6
UAI Urquiza,8,3,3,2,10,9,1,12,Argentina - Primera B,0.38,0.75,1,1.5,1.25,2.63,1.33,7
Sacachispas,8,3,2,3,5,7,-2,11,Argentina - Primera B,0.38,0.62,-2,1.38,0.62,2.63,1.61,8
Comunicaciones,8,2,4,2,8,8,0,10,Argentina - Primera B,0.25,0.75,0,1.25,1.0,4.0,1.33,9
Argentino Merlo,8,3,1,4,8,11,-3,10,Argentina - Primera B,0.38,0.5,-3,1.25,1.0,2.63,2.0,9
Fenix,8,2,2,4,6,7,-1,8,Argentina - Primera B,0.25,0.5,-1,1.0,0.75,4.0,2.0,10
Dock Sud,8,2,2,4,8,10,-2,8,Argentina - Primera B,0.25,0.5,-2,1.0,1.0,4.0,2.0,10
Acassuso,8,2,2,4,6,11,-5,8,Argentina - Primera B,0.25,0.5,-5,1.0,0.75,4.0,2.0,10
Canuelas,8,2,2,4,3,9,-6,8,Argentina - Primera B,0.25,0.5,-6,1.0,0.38,4.0,2.0,10
D. Laferrere,8,1,4,3,7,9,-2,7,Argentina - Primera B,0.12,0.62,-2,0.88,0.88,8.33,1.61,11
V. San Carlos,8,1,3,4,3,4,-1,6,Argentina - Primera B,0.12,0.5,-1,0.75,0.38,8.33,2.0,12
G. Chivilcoy,4,4,0,0,7,3,4,12,Argentina - Torneo Federal,1.0,1.0,4,3.0,1.75,1.0,1.0,1
S. Belgrano,4,3,1,0,7,1,6,10,Argentina - Torneo Federal,0.75,1.0,6,2.5,1.75,1.33,1.0,2
Cipolletti,3,3,0,0,9,0,9,9,Argentina - Torneo Federal,1.0,1.0,9,3.0,3.0,1.0,1.0,3
Ciudad Bolivar,3,3,0,0,9,1,8,9,Argentina - Torneo Federal,1.0,1.0,8,3.0,3.0,1.0,1.0,3
Sarmiento DLB,3,3,0,0,6,1,5,9,Argentina - Torneo Federal,1.0,1.0,5,3.0,2.0,1.0,1.0,3
A. Rafaela,3,3,0,0,5,1,4,9,Argentina - Torneo Federal,1.0,1.0,4,3.0,1.67,1.0,1.0,3
S. Las Parejas,4,2,2,0,6,0,6,8,Argentina - Torneo Federal,0.5,1.0,6,2.0,1.5,2.0,1.0,4
Costa Brava,4,2,2,0,6,2,4,8,Argentina - Torneo Federal,0.5,1.0,4,2.0,1.5,2.0,1.0,4
Sol de America,3,2,1,0,8,2,6,7,Argentina - Torneo Federal,0.67,1.0,6,2.33,2.67,1.49,1.0,5
I. Chivilcoy,3,2,1,0,7,3,4,7,Argentina - Torneo Federal,0.67,1.0,4,2.33,2.33,1.49,1.0,5
J. Antoniana,3,2,1,0,6,2,4,7,Argentina - Torneo Federal,0.67,1.0,4,2.33,2.0,1.49,1.0,5
Ben Hur,3,2,1,0,5,1,4,7,Argentina - Torneo Federal,0.67,1.0,4,2.33,1.67,1.49,1.0,5
D. Belgrano VR,3,2,1,0,3,1,2,7,Argentina - Torneo Federal,0.67,1.0,2,2.33,1.0,1.49,1.0,5
Sarmiento R.,4,2,1,1,4,4,0,7,Argentina - Torneo Federal,0.5,0.75,0,1.75,1.0,2.0,1.33,5
Argentino MM,3,2,0,1,4,1,3,6,Argentina - Torneo Federal,0.67,0.67,3,2.0,1.33,1.49,1.49,6
Villa Mitre,3,2,0,1,4,3,1,6,Argentina - Torneo Federal,0.67,0.67,1,2.0,1.33,1.49,1.49,6
D. Rincon,4,2,0,2,6,6,0,6,Argentina - Torneo Federal,0.5,0.5,0,1.5,1.5,2.0,2.0,6
Crucero del N.,3,2,0,1,5,5,0,6,Argentina - Torneo Federal,0.67,0.67,0,2.0,1.67,1.49,1.49,6
Boca Unidos,3,2,0,1,4,4,0,6,Argentina - Torneo Federal,0.67,0.67,0,2.0,1.33,1.49,1.49,6
SM Mendoza,3,1,2,0,5,1,4,5,Argentina - Torneo Federal,0.33,1.0,4,1.67,1.67,3.03,1.0,7
Gimnasia E.,3,1,2,0,3,0,3,5,Argentina - Torneo Federal,0.33,1.0,3,1.67,1.0,3.03,1.0,7
Douglas Haig,3,1,2,0,3,1,2,5,Argentina - Torneo Federal,0.33,1.0,2,1.67,1.0,3.03,1.0,7
S. Estudiantes,3,1,2,0,2,0,2,5,Argentina - Torneo Federal,0.33,1.0,2,1.67,0.67,3.03,1.0,7
Huracan Las H.,3,1,2,0,3,2,1,5,Argentina - Torneo Federal,0.33,1.0,1,1.67,1.0,3.03,1.0,7
SM Formosa,3,1,2,0,2,1,1,5,Argentina - Torneo Federal,0.33,1.0,1,1.67,0.67,3.03,1.0,7
Olimpo Bahia B.,4,1,2,1,4,4,0,5,Argentina - Torneo Federal,0.25,0.75,0,1.25,1.0,4.0,1.33,7
Santamarina,4,1,2,1,3,3,0,5,Argentina - Torneo Federal,0.25,0.75,0,1.25,0.75,4.0,1.33,7
Circulo D.,3,1,1,1,3,3,0,4,Argentina - Torneo Federal,0.33,0.67,0,1.33,1.0,3.03,1.49,8
Bartolomé Mitre,3,1,1,1,2,2,0,4,Argentina - Torneo Federal,0.33,0.67,0,1.33,0.67,3.03,1.49,8
Noah,8,8,0,0,32,3,29,24,Armenia - Premier League,1.0,1.0,29,3.0,4.0,1.0,1.0,1
Urartu,8,6,0,2,14,10,4,18,Armenia - Premier League,0.75,0.75,4,2.25,1.75,1.33,1.33,2
Ararat-Armenia,8,5,1,2,17,8,9,16,Armenia - Premier League,0.62,0.75,9,2.0,2.12,1.61,1.33,3
Van,8,5,1,2,17,8,9,16,Armenia - Premier League,0.62,0.75,9,2.0,2.12,1.61,1.33,3
BKMA,8,3,2,3,14,16,-2,11,Armenia - Premier League,0.38,0.62,-2,1.38,1.75,2.63,1.61,4
West Armenia,8,3,2,3,7,10,-3,11,Armenia - Premier League,0.38,0.62,-3,1.38,0.88,2.63,1.61,4
Pyunik,8,3,1,4,14,14,0,10,Armenia - Premier League,0.38,0.5,0,1.25,1.75,2.63,2.0,5
Alashkert,8,2,3,3,9,11,-2,9,Armenia - Premier League,0.25,0.62,-2,1.12,1.12,4.0,1.61,6
Ararat Yerevan,8,1,3,4,8,12,-4,6,Armenia - Premier League,0.12,0.5,-4,0.75,1.0,8.33,2.0,7
Shirak,8,1,3,4,4,10,-6,6,Armenia - Premier League,0.12,0.5,-6,0.75,0.5,8.33,2.0,7
Gandzasar,8,0,0,8,2,27,-25,0,Armenia - Premier League,0.0,0.0,-25,0.0,0.25,0.0,0.0,8
Western United,8,6,1,1,20,9,11,19,Australia - A-League,0.75,0.88,11,2.38,2.5,1.33,1.14,1
Melbourne City,8,6,1,1,13,4,9,19,Australia - A-League,0.75,0.88,9,2.38,1.62,1.33,1.14,1
Auckland,8,4,4,0,19,9,10,16,Australia - A-League,0.5,1.0,10,2.0,2.38,2.0,1.0,2
Melbourne V.,8,4,2,2,18,13,5,14,Australia - A-League,0.5,0.75,5,1.75,2.25,2.0,1.33,3
WS Wanderers,8,4,1,3,17,13,4,13,Australia - A-League,0.5,0.62,4,1.62,2.12,2.0,1.61,4
Sydney FC,8,3,3,2,22,17,5,12,Australia - A-League,0.38,0.75,5,1.5,2.75,2.63,1.33,5
Newcastle Jets,8,3,2,3,18,13,5,11,Australia - A-League,0.38,0.62,5,1.38,2.25,2.63,1.61,6
Adelaide Utd,8,3,2,3,17,17,0,11,Australia - A-League,0.38,0.62,0,1.38,2.12,2.63,1.61,6
Perth Glory,8,2,2,4,10,12,-2,8,Australia - A-League,0.25,0.5,-2,1.0,1.25,4.0,2.0,7
Brisbane Roar,8,2,2,4,6,12,-6,8,Australia - A-League,0.25,0.5,-6,1.0,0.75,4.0,2.0,7
Wellington,8,1,4,3,8,10,-2,7,Australia - A-League,0.12,0.62,-2,0.88,1.0,8.33,1.61,8
Central Coast,8,1,3,4,11,19,-8,6,Australia - A-League,0.12,0.5,-8,0.75,1.38,8.33,2.0,9
Macarthur FC,8,1,2,5,10,16,-6,5,Australia - A-League,0.12,0.38,-6,0.62,1.25,8.33,2.63,10
Heidelberg Utd,6,5,1,0,17,5,12,16,Australia - NPL Victoria,0.83,1.0,12,2.67,2.83,1.2,1.0,1
Dandenong T.,6,5,1,0,15,7,8,16,Australia - NPL Victoria,0.83,1.0,8,2.67,2.5,1.2,1.0,1
Avondale,5,5,0,0,17,3,14,15,Australia - NPL Victoria,1.0,1.0,14,3.0,3.4,1.0,1.0,2
Preston Lions,6,5,0,1,12,7,5,15,Australia - NPL Victoria,0.83,0.83,5,2.5,2.0,1.2,1.2,2
Hume City,5,3,1,1,7,6,1,10,Australia - NPL Victoria,0.6,0.8,1,2.0,1.4,1.67,1.25,3
Oakleigh C.,6,3,0,3,12,7,5,9,Australia - NPL Victoria,0.5,0.5,5,1.5,2.0,2.0,2.0,4
Melbourne K.,7,3,0,4,11,12,-1,9,Australia - NPL Victoria,0.43,0.43,-1,1.29,1.57,2.33,2.33,4
Green Gully,5,2,2,1,6,7,-1,8,Australia - NPL Victoria,0.4,0.8,-1,1.6,1.2,2.5,1.25,5
Port Melbourne,7,2,1,4,8,14,-6,7,Australia - NPL Victoria,0.29,0.43,-6,1.0,1.14,3.45,2.33,6
Altona Magic,6,1,3,2,3,4,-1,6,Australia - NPL Victoria,0.17,0.67,-1,1.0,0.5,5.88,1.49,7
M. Victory B,7,1,3,3,11,15,-4,6,Australia - NPL Victoria,0.14,0.57,-4,0.86,1.57,7.14,1.75,7
Dandenong City,6,1,2,3,11,15,-4,5,Australia - NPL Victoria,0.17,0.5,-4,0.83,1.83,5.88,2.0,8
St. Albans,4,1,0,3,6,8,-2,3,Australia - NPL Victoria,0.25,0.25,-2,0.75,1.5,4.0,4.0,9
South Melbourne,4,1,0,3,4,10,-6,3,Australia - NPL Victoria,0.25,0.25,-6,0.75,1.0,4.0,4.0,9
Gold C. Utd,3,3,0,0,6,1,5,9,Australia - NPL Queensland,1.0,1.0,5,3.0,2.0,1.0,1.0,1
Peninsula,3,2,1,0,8,2,6,7,Australia - NPL Queensland,0.67,1.0,6,2.33,2.67,1.49,1.0,2
Gold C. Knights,2,2,0,0,4,1,3,6,Australia - NPL Queensland,1.0,1.0,3,3.0,2.0,1.0,1.0,3
SC Wanderers,3,1,1,1,3,3,0,4,Australia - NPL Queensland,0.33,0.67,0,1.33,1.0,3.03,1.49,4
Q. Lions,1,1,0,0,3,0,3,3,Australia - NPL Queensland,1.0,1.0,3,3.0,3.0,1.0,1.0,5
Moreton City E.,1,1,0,0,3,1,2,3,Australia - NPL Queensland,1.0,1.0,2,3.0,3.0,1.0,1.0,5
Olympic FC,3,1,0,2,5,4,1,3,Australia - NPL Queensland,0.33,0.33,1,1.0,1.67,3.03,3.03,5
Brisbane Roar B,2,1,0,1,3,3,0,3,Australia - NPL Queensland,0.5,0.5,0,1.5,1.5,2.0,2.0,5
Brisbane City,4,1,0,3,5,9,-4,3,Australia - NPL Queensland,0.25,0.25,-4,0.75,1.25,4.0,4.0,5
Eastern Suburbs,1,0,1,0,1,1,0,1,Australia - NPL Queensland,0.0,1.0,0,1.0,1.0,0.0,1.0,6
Wynnum Wolves,2,0,1,1,2,4,-2,1,Australia - NPL Queensland,0.0,0.5,-2,0.5,1.0,0.0,2.0,6
St George W.,1,0,0,1,0,3,-3,0,Australia - NPL Queensland,0.0,0.0,-3,0.0,0.0,0.0,0.0,7
Austria Wien,8,7,0,1,15,4,11,21,Austria - Bundesliga,0.88,0.88,11,2.62,1.88,1.14,1.14,1
Sturm Graz,8,5,2,1,26,11,15,17,Austria - Bundesliga,0.62,0.88,15,2.12,3.25,1.61,1.14,2
Rapid Wien,8,5,1,2,16,7,9,16,Austria - Bundesliga,0.62,0.75,9,2.0,2.0,1.61,1.33,3
Salzburg,8,4,3,1,15,6,9,15,Austria - Bundesliga,0.5,0.88,9,1.88,1.88,2.0,1.14,4
LASK Linz,8,4,2,2,15,10,5,14,Austria - Bundesliga,0.5,0.75,5,1.75,1.88,2.0,1.33,5
Hartberg,8,4,2,2,10,9,1,14,Austria - Bundesliga,0.5,0.75,1,1.75,1.25,2.0,1.33,5
BW Linz,8,4,0,4,13,11,2,12,Austria - Bundesliga,0.5,0.5,2,1.5,1.62,2.0,2.0,6
Wolfsberger AC,8,3,1,4,11,10,1,10,Austria - Bundesliga,0.38,0.5,1,1.25,1.38,2.63,2.0,7
A. Klagenfurt,8,2,3,3,11,13,-2,9,Austria - Bundesliga,0.25,0.62,-2,1.12,1.38,4.0,1.61,8
Tirol,8,1,4,3,6,11,-5,7,Austria - Bundesliga,0.12,0.62,-5,0.88,0.75,8.33,1.61,9
Grazer AK,8,1,2,5,8,14,-6,5,Austria - Bundesliga,0.12,0.38,-6,0.62,1.0,8.33,2.63,10
Altach,8,0,4,4,6,10,-4,4,Austria - Bundesliga,0.0,0.5,-4,0.5,0.75,0.0,2.0,11
First Vienna,8,7,0,1,15,5,10,21,Austria - 2. Liga,0.88,0.88,10,2.62,1.88,1.14,1.14,1
Ried,8,6,2,0,18,3,15,20,Austria - 2. Liga,0.75,1.0,15,2.5,2.25,1.33,1.0,2
Admira Wacker,8,5,2,1,17,9,8,17,Austria - 2. Liga,0.62,0.88,8,2.12,2.12,1.61,1.14,3
St. Polten,8,5,1,2,20,11,9,16,Austria - 2. Liga,0.62,0.75,9,2.0,2.5,1.61,1.33,4
Kapfenberger,8,5,1,2,21,14,7,16,Austria - 2. Liga,0.62,0.75,7,2.0,2.62,1.61,1.33,4
Liefering,8,4,1,3,17,12,5,13,Austria - 2. Liga,0.5,0.62,5,1.62,2.12,2.0,1.61,5
Sturm Graz B,8,4,1,3,9,9,0,13,Austria - 2. Liga,0.5,0.62,0,1.62,1.12,2.0,1.61,5
Floridsdorfer,8,3,3,2,7,8,-1,12,Austria - 2. Liga,0.38,0.75,-1,1.5,0.88,2.63,1.33,6
Bregenz,8,4,0,4,13,16,-3,12,Austria - 2. Liga,0.5,0.5,-3,1.5,1.62,2.0,2.0,6
Stripfing,8,3,2,3,12,11,1,11,Austria - 2. Liga,0.38,0.62,1,1.38,1.5,2.63,1.61,7
SV Horn,8,3,2,3,10,9,1,11,Austria - 2. Liga,0.38,0.62,1,1.38,1.25,2.63,1.61,7
Voitsberg,8,3,2,3,9,8,1,11,Austria - 2. Liga,0.38,0.62,1,1.38,1.12,2.63,1.61,7
Rapid Wien B,8,3,1,4,9,13,-4,10,Austria - 2. Liga,0.38,0.5,-4,1.25,1.12,2.63,2.0,8
Amstetten,8,2,3,3,11,11,0,9,Austria - 2. Liga,0.25,0.62,0,1.12,1.38,4.0,1.61,9
Lafnitz,8,2,3,3,15,18,-3,9,Austria - 2. Liga,0.25,0.62,-3,1.12,1.88,4.0,1.61,9
A. Lustenau,8,2,1,5,6,9,-3,7,Austria - 2. Liga,0.25,0.38,-3,0.88,0.75,4.0,2.63,10
Zira,8,7,0,1,15,5,10,21,Azerbaijan - Premier League,0.88,0.88,10,2.62,1.88,1.14,1.14,1
Qarabag,8,6,1,1,21,5,16,19,Azerbaijan - Premier League,0.75,0.88,16,2.38,2.62,1.33,1.14,2
Kapaz,8,3,4,1,11,7,4,13,Azerbaijan - Premier League,0.38,0.88,4,1.62,1.38,2.63,1.14,3
Neftci,8,3,3,2,9,9,0,12,Azerbaijan - Premier League,0.38,0.75,0,1.5,1.12,2.63,1.33,4
Shamakhi,8,4,0,4,8,8,0,12,Azerbaijan - Premier League,0.5,0.5,0,1.5,1.0,2.0,2.0,4
Sabah,8,2,5,1,10,9,1,11,Azerbaijan - Premier League,0.25,0.88,1,1.38,1.25,4.0,1.14,5
Araz,8,2,4,2,7,7,0,10,Azerbaijan - Premier League,0.25,0.75,0,1.25,0.88,4.0,1.33,6
Turan,8,2,3,3,8,12,-4,9,Azerbaijan - Premier League,0.25,0.62,-4,1.12,1.0,4.0,1.61,7
Sumqayit,8,1,3,4,9,14,-5,6,Azerbaijan - Premier League,0.12,0.5,-5,0.75,1.12,8.33,2.0,8
Sebail,8,1,3,4,4,10,-6,6,Azerbaijan - Premier League,0.12,0.5,-6,0.75,0.5,8.33,2.0,8
Al-Muharraq,8,8,0,0,27,5,22,24,Bahrain - Premier League,1.0,1.0,22,3.0,3.38,1.0,1.0,1
Khalidiya,8,7,0,1,16,6,10,21,Bahrain - Premier League,0.88,0.88,10,2.62,2.0,1.14,1.14,2
Al Riffa,8,5,1,2,18,9,9,16,Bahrain - Premier League,0.62,0.75,9,2.0,2.25,1.61,1.33,3
Al Ahli M.,8,4,1,3,15,12,3,13,Bahrain - Premier League,0.5,0.62,3,1.62,1.88,2.0,1.61,4
Sitra,8,3,3,2,11,8,3,12,Bahrain - Premier League,0.38,0.75,3,1.5,1.38,2.63,1.33,5
Malkiya,8,1,6,1,5,5,0,9,Bahrain - Premier League,0.12,0.88,0,1.12,0.62,8.33,1.14,6
East Riffa,8,2,3,3,10,14,-4,9,Bahrain - Premier League,0.25,0.62,-4,1.12,1.25,4.0,1.61,6
Al-Najma,8,1,3,4,11,13,-2,6,Bahrain - Premier League,0.12,0.5,-2,0.75,1.38,8.33,2.0,7
Bahrain SC,8,1,3,4,10,15,-5,6,Bahrain - Premier League,0.12,0.5,-5,0.75,1.25,8.33,2.0,7
Al Shabbab,8,1,3,4,7,12,-5,6,Bahrain - Premier League,0.12,0.5,-5,0.75,0.88,8.33,2.0,7
Manama,8,1,3,4,4,14,-10,6,Bahrain - Premier League,0.12,0.5,-10,0.75,0.5,8.33,2.0,7
AAli FC,8,1,2,5,8,15,-7,5,Bahrain - Premier League,0.12,0.38,-7,0.62,1.0,8.33,2.63,8
Mohammedan,6,5,0,1,9,2,7,15,Bangladesh - Premier League,0.83,0.83,7,2.5,1.5,1.2,1.2,1
Bashundhara K.,6,4,1,1,19,5,14,13,Bangladesh - Premier League,0.67,0.83,14,2.17,3.17,1.49,1.2,2
Abahani,5,4,1,0,10,1,9,13,Bangladesh - Premier League,0.8,1.0,9,2.6,2.0,1.25,1.0,2
Rahmatgonj,7,4,1,2,15,7,8,13,Bangladesh - Premier League,0.57,0.71,8,1.86,2.14,1.75,1.41,2
B. Police,7,4,1,2,10,11,-1,13,Bangladesh - Premier League,0.57,0.71,-1,1.86,1.43,1.75,1.41,2
Fortis,7,2,5,0,8,5,3,11,Bangladesh - Premier League,0.29,1.0,3,1.57,1.14,3.45,1.0,3
Brothers Union,7,3,2,2,7,4,3,11,Bangladesh - Premier League,0.43,0.71,3,1.57,1.0,2.33,1.41,3
Fakirerpool,6,2,0,4,8,17,-9,6,Bangladesh - Premier League,0.33,0.33,-9,1.0,1.33,3.03,3.03,4
Dhaka Wanderers,7,2,0,5,4,23,-19,6,Bangladesh - Premier League,0.29,0.29,-19,0.86,0.57,3.45,3.45,4
Chittagong,7,1,0,6,2,17,-15,3,Bangladesh - Premier League,0.14,0.14,-15,0.43,0.29,7.14,7.14,5
Dinamo Minsk,3,3,0,0,7,2,5,9,Belarus - Vysshaya Liga,1.0,1.0,5,3.0,2.33,1.0,1.0,1
FC Minsk,4,3,0,1,7,5,2,9,Belarus - Vysshaya Liga,0.75,0.75,2,2.25,1.75,1.33,1.33,1
Isloch,4,2,2,0,10,3,7,8,Belarus - Vysshaya Liga,0.5,1.0,7,2.0,2.5,2.0,1.0,2
Slavia Mozyr,3,2,1,0,8,2,6,7,Belarus - Vysshaya Liga,0.67,1.0,6,2.33,2.67,1.49,1.0,3
Vitebsk,4,2,1,1,7,4,3,7,Belarus - Vysshaya Liga,0.5,0.75,3,1.75,1.75,2.0,1.33,3
Neman Grodno,4,2,0,2,5,3,2,6,Belarus - Vysshaya Liga,0.5,0.5,2,1.5,1.25,2.0,2.0,4
T. Zhodino,3,1,2,0,3,2,1,5,Belarus - Vysshaya Liga,0.33,1.0,1,1.67,1.0,3.03,1.0,5
Maxline,2,1,1,0,5,3,2,4,Belarus - Vysshaya Liga,0.5,1.0,2,2.0,2.5,2.0,1.0,6
BATE Borisov,3,1,1,1,2,1,1,4,Belarus - Vysshaya Liga,0.33,0.67,1,1.33,0.67,3.03,1.49,6
Slutsk,4,1,1,2,3,3,0,4,Belarus - Vysshaya Liga,0.25,0.5,0,1.0,0.75,4.0,2.0,6
Dinamo Brest,3,1,1,1,2,2,0,4,Belarus - Vysshaya Liga,0.33,0.67,0,1.33,0.67,3.03,1.49,6
Naftan,3,1,1,1,5,6,-1,4,Belarus - Vysshaya Liga,0.33,0.67,-1,1.33,1.67,3.03,1.49,6
Arsenal D.,4,0,2,2,2,6,-4,2,Belarus - Vysshaya Liga,0.0,0.5,-4,0.5,0.5,0.0,2.0,7
Gomel,2,0,1,1,1,2,-1,1,Belarus - Vysshaya Liga,0.0,0.5,-1,0.5,0.5,0.0,2.0,8
Smorgon,0,0,0,0,0,0,0,0,Belarus - Vysshaya Liga,0.0,0.0,0,0.0,0.0,0.0,0.0,9
Molodechno,3,0,0,3,0,7,-7,0,Belarus - Vysshaya Liga,0.0,0.0,-7,0.0,0.0,0.0,0.0,9
BATE B,4,3,1,0,16,5,11,10,Belarus - First League,0.75,1.0,11,2.5,4.0,1.33,1.0,1
Dnepr Mogilev,3,3,0,0,8,3,5,9,Belarus - First League,1.0,1.0,5,3.0,2.67,1.0,1.0,2
Dinamo Minsk B,5,2,2,1,6,4,2,8,Belarus - First League,0.4,0.8,2,1.6,1.2,2.5,1.25,3
Volna Pinsk,3,2,1,0,7,4,3,7,Belarus - First League,0.67,1.0,3,2.33,2.33,1.49,1.0,4
Ostrovets,3,2,0,1,6,4,2,6,Belarus - First League,0.67,0.67,2,2.0,2.0,1.49,1.49,5
ABFF U19,3,2,0,1,3,2,1,6,Belarus - First League,0.67,0.67,1,2.0,1.0,1.49,1.49,5
Niva,3,1,2,0,6,5,1,5,Belarus - First League,0.33,1.0,1,1.67,2.0,3.03,1.0,6
Osipovichy,2,1,1,0,5,3,2,4,Belarus - First League,0.5,1.0,2,2.0,2.5,2.0,1.0,7
Lokomotiv Gomel,2,1,1,0,4,3,1,4,Belarus - First League,0.5,1.0,1,2.0,2.0,2.0,1.0,7
Lida,2,1,0,1,5,3,2,3,Belarus - First League,0.5,0.5,2,1.5,2.5,2.0,2.0,8
Gomel B,3,0,3,0,5,5,0,3,Belarus - First League,0.0,1.0,0,1.0,1.67,0.0,1.0,8
Uni X L. Minsk,2,1,0,1,3,4,-1,3,Belarus - First League,0.5,0.5,-1,1.5,1.5,2.0,2.0,8
Slonim,2,1,0,1,2,3,-1,3,Belarus - First League,0.5,0.5,-1,1.5,1.0,2.0,2.0,8
Belshina,1,0,1,0,2,2,0,1,Belarus - First League,0.0,1.0,0,1.0,2.0,0.0,1.0,9
Baranovichi,2,0,1,1,2,3,-1,1,Belarus - First League,0.0,0.5,-1,0.5,1.0,0.0,2.0,9
Bumprom,2,0,1,1,2,3,-1,1,Belarus - First League,0.0,0.5,-1,0.5,1.0,0.0,2.0,9
Orsha,1,0,0,1,1,3,-2,0,Belarus - First League,0.0,0.0,-2,0.0,1.0,0.0,0.0,10
Minsk B,3,0,0,3,2,6,-4,0,Belarus - First League,0.0,0.0,-4,0.0,0.67,0.0,0.0,10
KRC Genk,8,7,1,0,15,4,11,22,Belgium - Pro League,0.88,1.0,11,2.75,1.88,1.14,1.0,1
Club Brugge,8,6,1,1,21,11,10,19,Belgium - Pro League,0.75,0.88,10,2.38,2.62,1.33,1.14,2
Royale Union SG,8,6,1,1,17,7,10,19,Belgium - Pro League,0.75,0.88,10,2.38,2.12,1.33,1.14,2
OH Leuven,8,5,3,0,10,4,6,18,Belgium - Pro League,0.62,1.0,6,2.25,1.25,1.61,1.0,3
Anderlecht,8,5,0,3,19,10,9,15,Belgium - Pro League,0.62,0.62,9,1.88,2.38,1.61,1.61,4
Gent,8,3,3,2,11,10,1,12,Belgium - Pro League,0.38,0.75,1,1.5,1.38,2.63,1.33,5
Antwerp,8,3,3,2,13,13,0,12,Belgium - Pro League,0.38,0.75,0,1.5,1.62,2.63,1.33,5
Westerlo,8,3,2,3,16,12,4,11,Belgium - Pro League,0.38,0.62,4,1.38,2.0,2.63,1.61,6
Standard Liege,8,3,2,3,5,6,-1,11,Belgium - Pro League,0.38,0.62,-1,1.38,0.62,2.63,1.61,6
KV Mechelen,8,2,4,2,12,10,2,10,Belgium - Pro League,0.25,0.75,2,1.25,1.5,4.0,1.33,7
Sint-Truiden,8,2,4,2,13,12,1,10,Belgium - Pro League,0.25,0.75,1,1.25,1.62,4.0,1.33,7
Beerschot,8,2,4,2,9,12,-3,10,Belgium - Pro League,0.25,0.75,-3,1.25,1.12,4.0,1.33,7
Cercle Brugge,8,2,4,2,5,10,-5,10,Belgium - Pro League,0.25,0.75,-5,1.25,0.62,4.0,1.33,7
Charleroi,8,2,3,3,11,8,3,9,Belgium - Pro League,0.25,0.62,3,1.12,1.38,4.0,1.61,8
Dender,8,2,3,3,5,7,-2,9,Belgium - Pro League,0.25,0.62,-2,1.12,0.62,4.0,1.61,8
Kortrijk,8,2,1,5,8,12,-4,7,Belgium - Pro League,0.25,0.38,-4,0.88,1.0,4.0,2.63,9
Zulte-Waregem,8,7,0,1,23,9,14,21,Belgium - Challenger Pro League,0.88,0.88,14,2.62,2.88,1.14,1.14,1
RWDM,8,7,0,1,10,2,8,21,Belgium - Challenger Pro League,0.88,0.88,8,2.62,1.25,1.14,1.14,1
La Louviere,8,5,3,0,14,6,8,18,Belgium - Challenger Pro League,0.62,1.0,8,2.25,1.75,1.61,1.0,2
Beveren,8,4,3,1,12,7,5,15,Belgium - Challenger Pro League,0.5,0.88,5,1.88,1.5,2.0,1.14,3
Club Brugge B,8,5,0,3,12,7,5,15,Belgium - Challenger Pro League,0.62,0.62,5,1.88,1.5,1.61,1.61,3
Patro Eisden,8,4,2,2,15,8,7,14,Belgium - Challenger Pro League,0.5,0.75,7,1.75,1.88,2.0,1.33,4
Lierse K.,8,4,2,2,8,6,2,14,Belgium - Challenger Pro League,0.5,0.75,2,1.75,1.0,2.0,1.33,4
Lokeren-Temse,8,4,2,2,8,9,-1,14,Belgium - Challenger Pro League,0.5,0.75,-1,1.75,1.0,2.0,1.33,4
Eupen,8,4,1,3,12,11,1,13,Belgium - Challenger Pro League,0.5,0.62,1,1.62,1.5,2.0,1.61,5
RFC Liege,8,3,3,2,11,9,2,12,Belgium - Challenger Pro League,0.38,0.75,2,1.5,1.38,2.63,1.33,6
Francs Borains,8,3,2,3,12,14,-2,11,Belgium - Challenger Pro League,0.38,0.62,-2,1.38,1.5,2.63,1.61,7
Anderlecht B,8,2,2,4,15,16,-1,8,Belgium - Challenger Pro League,0.25,0.5,-1,1.0,1.88,4.0,2.0,8
Lommel SK,8,1,1,6,7,13,-6,4,Belgium - Challenger Pro League,0.12,0.25,-6,0.5,0.88,8.33,4.0,9
KRC Genk B,8,0,3,5,10,17,-7,3,Belgium - Challenger Pro League,0.0,0.38,-7,0.38,1.25,0.0,2.63,10
Seraing,8,0,3,5,7,17,-10,3,Belgium - Challenger Pro League,0.0,0.38,-10,0.38,0.88,0.0,2.63,10
Deinze,0,0,0,0,0,0,0,0,Belgium - Challenger Pro League,0.0,0.0,0,0.0,0.0,0.0,0.0,11
Bolivar,3,3,0,0,13,3,10,9,Bolivia - Primera Div. - Apertura,1.0,1.0,10,3.0,4.33,1.0,1.0,1
Aurora,3,2,1,0,9,3,6,7,Bolivia - Primera Div. - Apertura,0.67,1.0,6,2.33,3.0,1.49,1.0,2
SA Bulo Bulo,3,2,1,0,8,4,4,7,Bolivia - Primera Div. - Apertura,0.67,1.0,4,2.33,2.67,1.49,1.0,2
Blooming,2,2,0,0,6,2,4,6,Bolivia - Primera Div. - Apertura,1.0,1.0,4,3.0,3.0,1.0,1.0,3
The Strongest,2,2,0,0,5,2,3,6,Bolivia - Primera Div. - Apertura,1.0,1.0,3,3.0,2.5,1.0,1.0,3
Always Ready,2,2,0,0,4,1,3,6,Bolivia - Primera Div. - Apertura,1.0,1.0,3,3.0,2.0,1.0,1.0,3
Guabira,3,2,0,1,8,6,2,6,Bolivia - Primera Div. - Apertura,0.67,0.67,2,2.0,2.67,1.49,1.49,3
ABB,2,1,1,0,2,0,2,4,Bolivia - Primera Div. - Apertura,0.5,1.0,2,2.0,1.0,2.0,1.0,4
Real Tomayapo,2,1,1,0,3,2,1,4,Bolivia - Primera Div. - Apertura,0.5,1.0,1,2.0,1.5,2.0,1.0,4
Gualberto V. SJ,3,1,1,1,4,6,-2,4,Bolivia - Primera Div. - Apertura,0.33,0.67,-2,1.33,1.33,3.03,1.49,4
Nacional Potosi,3,1,0,2,4,3,1,3,Bolivia - Primera Div. - Apertura,0.33,0.33,1,1.0,1.33,3.03,3.03,5
U. de Vinto,3,1,0,2,5,11,-6,3,Bolivia - Primera Div. - Apertura,0.33,0.33,-6,1.0,1.67,3.03,3.03,5
Oriente P.,3,0,2,1,2,3,-1,2,Bolivia - Primera Div. - Apertura,0.0,0.67,-1,0.67,0.67,0.0,1.49,6
I. Petrolero,3,0,2,1,1,3,-2,2,Bolivia - Primera Div. - Apertura,0.0,0.67,-2,0.67,0.33,0.0,1.49,6
Real Oruro,2,0,1,1,1,2,-1,1,Bolivia - Primera Div. - Apertura,0.0,0.5,-1,0.5,0.5,0.0,2.0,7
Wilstermann,2,0,0,2,0,2,-2,0,Bolivia - Primera Div. - Apertura,0.0,0.0,-2,0.0,0.0,0.0,0.0,8
Gualberto V. SJ,8,7,1,0,31,6,25,22,Bolivia - Primera Div. - Clausura,0.88,1.0,25,2.75,3.88,1.14,1.0,1
The Strongest,8,7,1,0,27,6,21,22,Bolivia - Primera Div. - Clausura,0.88,1.0,21,2.75,3.38,1.14,1.0,1
Bolivar,8,6,1,1,25,8,17,19,Bolivia - Primera Div. - Clausura,0.75,0.88,17,2.38,3.12,1.33,1.14,2
Nacional Potosi,8,5,1,2,17,8,9,16,Bolivia - Primera Div. - Clausura,0.62,0.75,9,2.0,2.12,1.61,1.33,3
Aurora,8,5,1,2,15,8,7,16,Bolivia - Primera Div. - Clausura,0.62,0.75,7,2.0,1.88,1.61,1.33,3
Real Tomayapo,8,5,1,2,12,8,4,16,Bolivia - Primera Div. - Clausura,0.62,0.75,4,2.0,1.5,1.61,1.33,3
Always Ready,8,4,2,2,15,11,4,14,Bolivia - Primera Div. - Clausura,0.5,0.75,4,1.75,1.88,2.0,1.33,4
Wilstermann,8,3,4,1,15,11,4,13,Bolivia - Primera Div. - Clausura,0.38,0.88,4,1.62,1.88,2.63,1.14,5
Blooming,8,3,4,1,11,7,4,13,Bolivia - Primera Div. - Clausura,0.38,0.88,4,1.62,1.38,2.63,1.14,5
Oriente P.,8,4,1,3,18,15,3,13,Bolivia - Primera Div. - Clausura,0.5,0.62,3,1.62,2.25,2.0,1.61,5
Guabira,8,4,1,3,11,9,2,13,Bolivia - Primera Div. - Clausura,0.5,0.62,2,1.62,1.38,2.0,1.61,5
Royal Pari,8,4,1,3,9,7,2,13,Bolivia - Primera Div. - Clausura,0.5,0.62,2,1.62,1.12,2.0,1.61,5
I. Petrolero,8,3,2,3,17,18,-1,11,Bolivia - Primera Div. - Clausura,0.38,0.62,-1,1.38,2.12,2.63,1.61,6
U. de Vinto,8,3,1,4,11,12,-1,10,Bolivia - Primera Div. - Clausura,0.38,0.5,-1,1.25,1.38,2.63,2.0,7
SA Bulo Bulo,8,1,2,5,15,19,-4,5,Bolivia - Primera Div. - Clausura,0.12,0.38,-4,0.62,1.88,8.33,2.63,8
Santa Cruz,8,1,1,6,7,17,-10,4,Bolivia - Primera Div. - Clausura,0.12,0.25,-10,0.5,0.88,8.33,4.0,9
Cruzeiro,3,3,0,0,6,1,5,9,Brazil - Serie A,1.0,1.0,5,3.0,2.0,1.0,1.0,1
Flamengo,3,2,1,0,11,1,10,7,Brazil - Serie A,0.67,1.0,10,2.33,3.67,1.49,1.0,2
Botafogo,3,2,1,0,6,2,4,7,Brazil - Serie A,0.67,1.0,4,2.33,2.0,1.49,1.0,2
Juventude,3,2,1,0,6,3,3,7,Brazil - Serie A,0.67,1.0,3,2.33,2.0,1.49,1.0,2
Ceara,3,2,1,0,5,2,3,7,Brazil - Serie A,0.67,1.0,3,2.33,1.67,1.49,1.0,2
Vasco da Gama,3,2,1,0,5,2,3,7,Brazil - Serie A,0.67,1.0,3,2.33,1.67,1.49,1.0,2
Bragantino,3,2,1,0,4,2,2,7,Brazil - Serie A,0.67,1.0,2,2.33,1.33,1.49,1.0,2
Fluminense,3,2,1,0,4,2,2,7,Brazil - Serie A,0.67,1.0,2,2.33,1.33,1.49,1.0,2
Internacional,3,2,0,1,6,2,4,6,Brazil - Serie A,0.67,0.67,4,2.0,2.0,1.49,1.49,3
Corinthians,3,2,0,1,5,3,2,6,Brazil - Serie A,0.67,0.67,2,2.0,1.67,1.49,1.49,3
Sao Paulo,4,1,3,0,3,2,1,6,Brazil - Serie A,0.25,1.0,1,1.5,0.75,4.0,1.0,3
Mirassol,3,1,2,0,7,4,3,5,Brazil - Serie A,0.33,1.0,3,1.67,2.33,3.03,1.0,4
Atletico MG,3,1,2,0,3,2,1,5,Brazil - Serie A,0.33,1.0,1,1.67,1.0,3.03,1.0,4
Bahia,3,1,2,0,3,2,1,5,Brazil - Serie A,0.33,1.0,1,1.67,1.0,3.03,1.0,4
Santos,3,1,1,1,5,4,1,4,Brazil - Serie A,0.33,0.67,1,1.33,1.67,3.03,1.49,5
Fortaleza,3,1,1,1,3,2,1,4,Brazil - Serie A,0.33,0.67,1,1.33,1.0,3.03,1.49,5
Palmeiras,3,1,1,1,2,1,1,4,Brazil - Serie A,0.33,0.67,1,1.33,0.67,3.03,1.49,5
Vitoria,3,1,1,1,4,4,0,4,Brazil - Serie A,0.33,0.67,0,1.33,1.33,3.03,1.49,5
Gremio,3,1,1,1,3,4,-1,4,Brazil - Serie A,0.33,0.67,-1,1.33,1.0,3.03,1.49,5
Sport Recife,3,0,1,2,1,3,-2,1,Brazil - Serie A,0.0,0.33,-2,0.33,0.33,0.0,3.03,6
America MG,3,3,0,0,5,1,4,9,Brazil - Serie B,1.0,1.0,4,3.0,1.67,1.0,1.0,1
Vila Nova,3,3,0,0,4,0,4,9,Brazil - Serie B,1.0,1.0,4,3.0,1.33,1.0,1.0,1
Avai,3,2,1,0,5,1,4,7,Brazil - Serie B,0.67,1.0,4,2.33,1.67,1.49,1.0,2
Ferroviaria,3,2,1,0,5,2,3,7,Brazil - Serie B,0.67,1.0,3,2.33,1.67,1.49,1.0,2
Coritiba,3,2,1,0,3,0,3,7,Brazil - Serie B,0.67,1.0,3,2.33,1.0,1.49,1.0,2
Cuiaba,3,2,1,0,5,3,2,7,Brazil - Serie B,0.67,1.0,2,2.33,1.67,1.49,1.0,2
Novorizontino,3,2,1,0,4,2,2,7,Brazil - Serie B,0.67,1.0,2,2.33,1.33,1.49,1.0,2
Athletico PR,2,2,0,0,4,1,3,6,Brazil - Serie B,1.0,1.0,3,3.0,2.0,1.0,1.0,3
Remo,2,2,0,0,3,0,3,6,Brazil - Serie B,1.0,1.0,3,3.0,1.5,1.0,1.0,3
CRB,2,2,0,0,2,0,2,6,Brazil - Serie B,1.0,1.0,2,3.0,1.0,1.0,1.0,3
Criciuma,3,1,1,1,6,3,3,4,Brazil - Serie B,0.33,0.67,3,1.33,2.0,3.03,1.49,4
Atletico GO,2,1,1,0,5,3,2,4,Brazil - Serie B,0.5,1.0,2,2.0,2.5,2.0,1.0,4
Goias,2,1,1,0,3,2,1,4,Brazil - Serie B,0.5,1.0,1,2.0,1.5,2.0,1.0,4
Athletic Club,2,1,0,1,3,3,0,3,Brazil - Serie B,0.5,0.5,0,1.5,1.5,2.0,2.0,5
Chapecoense,2,1,0,1,2,2,0,3,Brazil - Serie B,0.5,0.5,0,1.5,1.0,2.0,2.0,5
Botafogo SP,3,0,2,1,3,4,-1,2,Brazil - Serie B,0.0,0.67,-1,0.67,1.0,0.0,1.49,6
Amazonas,3,0,2,1,1,3,-2,2,Brazil - Serie B,0.0,0.67,-2,0.67,0.33,0.0,1.49,6
Operario PR,2,0,1,1,1,2,-1,1,Brazil - Serie B,0.0,0.5,-1,0.5,0.5,0.0,2.0,7
Volta Redonda,2,0,1,1,0,1,-1,1,Brazil - Serie B,0.0,0.5,-1,0.5,0.0,0.0,2.0,7
Paysandu,3,0,1,2,2,5,-3,1,Brazil - Serie B,0.0,0.33,-3,0.33,0.67,0.0,3.03,7
Caxias,2,2,0,0,3,0,3,6,Brazil - Serie C,1.0,1.0,3,3.0,1.5,1.0,1.0,1
Brusque,2,2,0,0,2,0,2,6,Brazil - Serie C,1.0,1.0,2,3.0,1.0,1.0,1.0,1
Botafogo PB,2,1,1,0,3,0,3,4,Brazil - Serie C,0.5,1.0,3,2.0,1.5,2.0,1.0,2
Londrina,2,1,1,0,4,2,2,4,Brazil - Serie C,0.5,1.0,2,2.0,2.0,2.0,1.0,2
Ituano,2,1,1,0,3,1,2,4,Brazil - Serie C,0.5,1.0,2,2.0,1.5,2.0,1.0,2
CSA,2,1,1,0,3,2,1,4,Brazil - Serie C,0.5,1.0,1,2.0,1.5,2.0,1.0,2
Retro,2,1,1,0,2,1,1,4,Brazil - Serie C,0.5,1.0,1,2.0,1.0,2.0,1.0,2
Tombense,1,1,0,0,3,2,1,3,Brazil - Serie C,1.0,1.0,1,3.0,3.0,1.0,1.0,3
Ypiranga,1,1,0,0,3,2,1,3,Brazil - Serie C,1.0,1.0,1,3.0,3.0,1.0,1.0,3
Maringa,1,1,0,0,1,0,1,3,Brazil - Serie C,1.0,1.0,1,3.0,1.0,1.0,1.0,3
Ponte Preta,1,1,0,0,1,0,1,3,Brazil - Serie C,1.0,1.0,1,3.0,1.0,1.0,1.0,3
Confianca,2,1,0,1,3,3,0,3,Brazil - Serie C,0.5,0.5,0,1.5,1.5,2.0,2.0,3
Itabaiana,2,1,0,1,2,2,0,3,Brazil - Serie C,0.5,0.5,0,1.5,1.0,2.0,2.0,3
ABC,1,0,1,0,1,1,0,1,Brazil - Serie C,0.0,1.0,0,1.0,1.0,0.0,1.0,4
Figueirense,1,0,1,0,1,1,0,1,Brazil - Serie C,0.0,1.0,0,1.0,1.0,0.0,1.0,4
Sao Bernardo,1,0,1,0,1,1,0,1,Brazil - Serie C,0.0,1.0,0,1.0,1.0,0.0,1.0,4
Nautico,1,0,1,0,0,0,0,1,Brazil - Serie C,0.0,1.0,0,1.0,0.0,0.0,1.0,4
Anapolis,2,0,1,1,0,1,-1,1,Brazil - Serie C,0.0,0.5,-1,0.5,0.0,0.0,2.0,4
Guarani,1,0,0,1,2,3,-1,0,Brazil - Serie C,0.0,0.0,-1,0.0,2.0,0.0,0.0,5
Floresta,1,0,0,1,0,2,-2,0,Brazil - Serie C,0.0,0.0,-2,0.0,0.0,0.0,0.0,5
America RN,1,1,0,0,4,0,4,3,Brazil - Serie D,1.0,1.0,4,3.0,4.0,1.0,1.0,1
Manaus,1,1,0,0,4,0,4,3,Brazil - Serie D,1.0,1.0,4,3.0,4.0,1.0,1.0,1
Santa Cruz,1,1,0,0,4,0,4,3,Brazil - Serie D,1.0,1.0,4,3.0,4.0,1.0,1.0,1
Barra FC,1,1,0,0,3,0,3,3,Brazil - Serie D,1.0,1.0,3,3.0,3.0,1.0,1.0,1
ASA,1,1,0,0,4,2,2,3,Brazil - Serie D,1.0,1.0,2,3.0,4.0,1.0,1.0,1
Tuna Luso,1,1,0,0,4,2,2,3,Brazil - Serie D,1.0,1.0,2,3.0,4.0,1.0,1.0,1
Ferroviario,1,1,0,0,3,1,2,3,Brazil - Serie D,1.0,1.0,2,3.0,3.0,1.0,1.0,1
CFRJ . Marica,1,1,0,0,2,0,2,3,Brazil - Serie D,1.0,1.0,2,3.0,2.0,1.0,1.0,1
Rio Branco ES,1,1,0,0,2,0,2,3,Brazil - Serie D,1.0,1.0,2,3.0,2.0,1.0,1.0,1
Mixto,1,1,0,0,4,3,1,3,Brazil - Serie D,1.0,1.0,1,3.0,4.0,1.0,1.0,1
Central,1,1,0,0,2,1,1,3,Brazil - Serie D,1.0,1.0,1,3.0,2.0,1.0,1.0,1
Imperatriz,1,1,0,0,2,1,1,3,Brazil - Serie D,1.0,1.0,1,3.0,2.0,1.0,1.0,1
Lagarto,1,1,0,0,2,1,1,3,Brazil - Serie D,1.0,1.0,1,3.0,2.0,1.0,1.0,1
Portuguesa,1,1,0,0,2,1,1,3,Brazil - Serie D,1.0,1.0,1,3.0,2.0,1.0,1.0,1
Aguia de Maraba,1,1,0,0,1,0,1,3,Brazil - Serie D,1.0,1.0,1,3.0,1.0,1.0,1.0,1
Azuriz,1,1,0,0,1,0,1,3,Brazil - Serie D,1.0,1.0,1,3.0,1.0,1.0,1.0,1
Brasil de P.,1,1,0,0,1,0,1,3,Brazil - Serie D,1.0,1.0,1,3.0,1.0,1.0,1.0,1
Ceilandia,1,1,0,0,1,0,1,3,Brazil - Serie D,1.0,1.0,1,3.0,1.0,1.0,1.0,1
Cianorte,1,1,0,0,1,0,1,3,Brazil - Serie D,1.0,1.0,1,3.0,1.0,1.0,1.0,1
Iguatu,1,1,0,0,1,0,1,3,Brazil - Serie D,1.0,1.0,1,3.0,1.0,1.0,1.0,1
Inter Limeira,1,1,0,0,1,0,1,3,Brazil - Serie D,1.0,1.0,1,3.0,1.0,1.0,1.0,1
Jequié,1,1,0,0,1,0,1,3,Brazil - Serie D,1.0,1.0,1,3.0,1.0,1.0,1.0,1
Joinville,1,1,0,0,1,0,1,3,Brazil - Serie D,1.0,1.0,1,3.0,1.0,1.0,1.0,1
Luverdense,1,1,0,0,1,0,1,3,Brazil - Serie D,1.0,1.0,1,3.0,1.0,1.0,1.0,1
Sampaio Correa,1,1,0,0,1,0,1,3,Brazil - Serie D,1.0,1.0,1,3.0,1.0,1.0,1.0,1
Santa Cruz de N,1,1,0,0,1,0,1,3,Brazil - Serie D,1.0,1.0,1,3.0,1.0,1.0,1.0,1
Guarany de Bage,1,0,1,0,3,3,0,1,Brazil - Serie D,0.0,1.0,0,1.0,3.0,0.0,1.0,2
Barcelona BA,1,0,1,0,2,2,0,1,Brazil - Serie D,0.0,1.0,0,1.0,2.0,0.0,1.0,2
Boavista,1,0,1,0,2,2,0,1,Brazil - Serie D,0.0,1.0,0,1.0,2.0,0.0,1.0,2
Flamengo,6,4,0,2,12,4,8,12,Brazil - Carioca,0.67,0.67,8,2.0,2.0,1.49,1.49,1
Vasco da Gama,6,3,2,1,10,5,5,11,Brazil - Carioca,0.5,0.83,5,1.83,1.67,2.0,1.2,2
Sampaio Correa,5,3,1,1,9,5,4,10,Brazil - Carioca,0.6,0.8,4,2.0,1.8,1.67,1.25,3
Fluminense,6,2,4,0,7,4,3,10,Brazil - Carioca,0.33,1.0,3,1.67,1.17,3.03,1.0,3
Volta Redonda,5,3,1,1,5,4,1,10,Brazil - Carioca,0.6,0.8,1,2.0,1.0,1.67,1.25,3
Botafogo,6,3,0,3,8,7,1,9,Brazil - Carioca,0.5,0.5,1,1.5,1.33,2.0,2.0,4
Nova Iguacu,6,2,3,1,5,4,1,9,Brazil - Carioca,0.33,0.83,1,1.5,0.83,3.03,1.2,4
Boavista,6,1,5,0,7,5,2,8,Brazil - Carioca,0.17,1.0,2,1.33,1.17,5.88,1.0,5
CFRJ . Marica,5,2,2,1,6,4,2,8,Brazil - Carioca,0.4,0.8,2,1.6,1.2,2.5,1.25,5
Madureira,5,2,2,1,4,2,2,8,Brazil - Carioca,0.4,0.8,2,1.6,0.8,2.5,1.25,5
Portuguesa RJ,5,2,0,3,6,11,-5,6,Brazil - Carioca,0.4,0.4,-5,1.2,1.2,2.5,2.5,6
Bangu,5,0,1,4,0,10,-10,1,Brazil - Carioca,0.0,0.2,-10,0.2,0.0,0.0,5.0,7
Tombense,4,3,1,0,4,1,3,10,Brazil - Mineiro,0.75,1.0,3,2.5,1.0,1.33,1.0,1
Athletic Club,4,3,0,1,11,6,5,9,Brazil - Mineiro,0.75,0.75,5,2.25,2.75,1.33,1.33,2
America MG,4,2,2,0,10,1,9,8,Brazil - Mineiro,0.5,1.0,9,2.0,2.5,2.0,1.0,3
Atletico MG,4,2,2,0,6,2,4,8,Brazil - Mineiro,0.5,1.0,4,2.0,1.5,2.0,1.0,3
Cruzeiro,4,2,1,1,5,4,1,7,Brazil - Mineiro,0.5,0.75,1,1.75,1.25,2.0,1.33,4
Uberlandia,4,1,2,1,6,4,2,5,Brazil - Mineiro,0.25,0.75,2,1.25,1.5,4.0,1.33,5
Betim,4,1,2,1,4,3,1,5,Brazil - Mineiro,0.25,0.75,1,1.25,1.0,4.0,1.33,5
Aymores,4,1,2,1,3,2,1,5,Brazil - Mineiro,0.25,0.75,1,1.25,0.75,4.0,1.33,5
Pouso Alegre,4,1,1,2,2,4,-2,4,Brazil - Mineiro,0.25,0.5,-2,1.0,0.5,4.0,2.0,6
Itabirito,4,1,1,2,2,5,-3,4,Brazil - Mineiro,0.25,0.5,-3,1.0,0.5,4.0,2.0,6
Democrata GV,4,1,0,3,4,7,-3,3,Brazil - Mineiro,0.25,0.25,-3,0.75,1.0,4.0,4.0,7
Villa Nova,4,0,0,4,1,8,-7,0,Brazil - Mineiro,0.0,0.0,-7,0.0,0.25,0.0,0.0,8
Anapolis,6,4,1,1,9,4,5,13,Brazil - Goiano,0.67,0.83,5,2.17,1.5,1.49,1.2,1
Vila Nova,6,3,3,0,3,0,3,12,Brazil - Goiano,0.5,1.0,3,2.0,0.5,2.0,1.0,2
Goias,6,3,2,1,7,3,4,11,Brazil - Goiano,0.5,0.83,4,1.83,1.17,2.0,1.2,3
Aparecidense,6,3,1,2,6,3,3,10,Brazil - Goiano,0.5,0.67,3,1.67,1.0,2.0,1.49,4
Jataiense,5,3,0,2,9,5,4,9,Brazil - Goiano,0.6,0.6,4,1.8,1.8,1.67,1.67,5
CRAC,5,2,3,0,6,3,3,9,Brazil - Goiano,0.4,1.0,3,1.8,1.2,2.5,1.0,5
ABECAT Ouvidore,5,3,0,2,6,4,2,9,Brazil - Goiano,0.6,0.6,2,1.8,1.2,1.67,1.67,5
Atletico GO,6,2,3,1,4,4,0,9,Brazil - Goiano,0.33,0.83,0,1.5,0.67,3.03,1.2,5
Inhumas,5,3,0,2,6,8,-2,9,Brazil - Goiano,0.6,0.6,-2,1.8,1.2,1.67,1.67,5
Goiania,6,2,1,3,6,8,-2,7,Brazil - Goiano,0.33,0.5,-2,1.17,1.0,3.03,2.0,6
Goianesia,5,1,3,1,7,5,2,6,Brazil - Goiano,0.2,0.8,2,1.2,1.4,5.0,1.25,7
Goiatuba EC,5,2,0,3,3,6,-3,6,Brazil - Goiano,0.4,0.4,-3,1.2,0.6,2.5,2.5,7
Santa Cruz,5,5,0,0,8,1,7,15,Brazil - Pernambucano,1.0,1.0,7,3.0,1.6,1.0,1.0,1
Nautico,5,4,1,0,12,4,8,13,Brazil - Pernambucano,0.8,1.0,8,2.6,2.4,1.25,1.0,2
Maguary PE,4,3,1,0,8,1,7,10,Brazil - Pernambucano,0.75,1.0,7,2.5,2.0,1.33,1.0,3
Jaguar,4,3,0,1,5,6,-1,9,Brazil - Pernambucano,0.75,0.75,-1,2.25,1.25,1.33,1.33,4
Sport Recife,5,2,2,1,12,5,7,8,Brazil - Pernambucano,0.4,0.8,7,1.6,2.4,2.5,1.25,5
Decisao,4,2,2,0,6,2,4,8,Brazil - Pernambucano,0.5,1.0,4,2.0,1.5,2.0,1.0,5
Retro,5,2,2,1,5,5,0,8,Brazil - Pernambucano,0.4,0.8,0,1.6,1.0,2.5,1.25,5
Central,5,2,1,2,6,5,1,7,Brazil - Pernambucano,0.4,0.6,1,1.4,1.2,2.5,1.67,6
Afogados,4,0,4,0,4,4,0,4,Brazil - Pernambucano,0.0,1.0,0,1.0,1.0,0.0,1.0,7
Petrolina,4,0,1,3,1,5,-4,1,Brazil - Pernambucano,0.0,0.25,-4,0.25,0.25,0.0,4.0,8
Corinthians,6,5,1,0,12,6,6,16,Brazil - Paulista,0.83,1.0,6,2.67,2.0,1.2,1.0,1
Santos,6,4,1,1,13,6,7,13,Brazil - Paulista,0.67,0.83,7,2.17,2.17,1.49,1.2,2
Bragantino,6,4,0,2,9,5,4,12,Brazil - Paulista,0.67,0.67,4,2.0,1.5,1.49,1.49,3
Sao Paulo,6,3,2,1,12,7,5,11,Brazil - Paulista,0.5,0.83,5,1.83,2.0,2.0,1.2,4
Guarani,6,3,2,1,10,5,5,11,Brazil - Paulista,0.5,0.83,5,1.83,1.67,2.0,1.2,4
Mirassol,6,3,1,2,15,9,6,10,Brazil - Paulista,0.5,0.67,6,1.67,2.5,2.0,1.49,5
Sao Bernardo,6,3,1,2,10,9,1,10,Brazil - Paulista,0.5,0.67,1,1.67,1.67,2.0,1.49,5
Velo Clube,6,3,1,2,7,7,0,10,Brazil - Paulista,0.5,0.67,0,1.67,1.17,2.0,1.49,5
Palmeiras,6,2,3,1,7,4,3,9,Brazil - Paulista,0.33,0.83,3,1.5,1.17,3.03,1.2,6
Portuguesa,6,2,3,1,11,9,2,9,Brazil - Paulista,0.33,0.83,2,1.5,1.83,3.03,1.2,6
Botafogo SP,6,2,2,2,4,4,0,8,Brazil - Paulista,0.33,0.67,0,1.33,0.67,3.03,1.49,7
Agua Santa,6,1,3,2,7,6,1,6,Brazil - Paulista,0.17,0.67,1,1.0,1.17,5.88,1.49,8
Novorizontino,6,1,3,2,4,5,-1,6,Brazil - Paulista,0.17,0.67,-1,1.0,0.67,5.88,1.49,8
Ponte Preta,6,1,3,2,3,4,-1,6,Brazil - Paulista,0.17,0.67,-1,1.0,0.5,5.88,1.49,8
Noroeste,6,0,4,2,7,9,-2,4,Brazil - Paulista,0.0,0.67,-2,0.67,1.17,0.0,1.49,9
Inter Limeira,6,0,3,3,3,10,-7,3,Brazil - Paulista,0.0,0.5,-7,0.5,0.5,0.0,2.0,10
Serra Branca,5,4,1,0,18,4,14,13,Brazil - Paraibano,0.8,1.0,14,2.6,3.6,1.25,1.0,1
Botafogo PB,5,4,1,0,15,4,11,13,Brazil - Paraibano,0.8,1.0,11,2.6,3.0,1.25,1.0,1
Sousa,5,4,0,1,9,2,7,12,Brazil - Paraibano,0.8,0.8,7,2.4,1.8,1.25,1.25,2
Treze,5,3,2,0,7,2,5,11,Brazil - Paraibano,0.6,1.0,5,2.2,1.4,1.67,1.0,3
Campinense,4,3,1,0,11,2,9,10,Brazil - Paraibano,0.75,1.0,9,2.5,2.75,1.33,1.0,4
Nacional Patos,4,2,1,1,8,8,0,7,Brazil - Paraibano,0.5,0.75,0,1.75,2.0,2.0,1.33,5
Pombal,4,1,2,1,3,5,-2,5,Brazil - Paraibano,0.25,0.75,-2,1.25,0.75,4.0,1.33,6
Auto Esporte,4,0,2,2,3,5,-2,2,Brazil - Paraibano,0.0,0.5,-2,0.5,0.75,0.0,2.0,7
EC de Patos,4,0,1,3,3,8,-5,1,Brazil - Paraibano,0.0,0.25,-5,0.25,0.75,0.0,4.0,8
Picuiense,5,0,0,5,3,16,-13,0,Brazil - Paraibano,0.0,0.0,-13,0.0,0.6,0.0,0.0,9
Santa Catarina,5,4,1,0,11,4,7,13,Brazil - Catarinense,0.8,1.0,7,2.6,2.2,1.25,1.0,1
Avai,6,4,0,2,10,5,5,12,Brazil - Catarinense,0.67,0.67,5,2.0,1.67,1.49,1.49,2
Marcilio Dias,6,3,3,0,6,2,4,12,Brazil - Catarinense,0.5,1.0,4,2.0,1.0,2.0,1.0,2
Brusque,6,3,2,1,8,4,4,11,Brazil - Catarinense,0.5,0.83,4,1.83,1.33,2.0,1.2,3
Figueirense,6,3,1,2,15,10,5,10,Brazil - Catarinense,0.5,0.67,5,1.67,2.5,2.0,1.49,4
Barra FC,6,2,4,0,6,4,2,10,Brazil - Catarinense,0.33,1.0,2,1.67,1.0,3.03,1.0,4
Concordia,5,3,1,1,6,5,1,10,Brazil - Catarinense,0.6,0.8,1,2.0,1.2,1.67,1.25,4
Criciuma,6,2,3,1,8,4,4,9,Brazil - Catarinense,0.33,0.83,4,1.5,1.33,3.03,1.2,5
Joinville,5,2,3,0,8,6,2,9,Brazil - Catarinense,0.4,1.0,2,1.8,1.6,2.5,1.0,5
Chapecoense,5,1,4,0,3,2,1,7,Brazil - Catarinense,0.2,1.0,1,1.4,0.6,5.0,1.0,6
Caravaggio,5,1,2,2,2,3,-1,5,Brazil - Catarinense,0.2,0.6,-1,1.0,0.4,5.0,1.67,7
Hercilio Luz,5,1,1,3,4,8,-4,4,Brazil - Catarinense,0.2,0.4,-4,0.8,0.8,5.0,2.5,8
Internacional,4,4,0,0,8,0,8,12,Brazil - Gaucho,1.0,1.0,8,3.0,2.0,1.0,1.0,1
Juventude,4,4,0,0,8,1,7,12,Brazil - Gaucho,1.0,1.0,7,3.0,2.0,1.0,1.0,1
Gremio,4,3,1,0,15,1,14,10,Brazil - Gaucho,0.75,1.0,14,2.5,3.75,1.33,1.0,2
Caxias,4,2,1,1,6,5,1,7,Brazil - Gaucho,0.5,0.75,1,1.75,1.5,2.0,1.33,3
Ypiranga,4,2,1,1,4,3,1,7,Brazil - Gaucho,0.5,0.75,1,1.75,1.0,2.0,1.33,3
Guarany de Bage,4,1,2,1,3,3,0,5,Brazil - Gaucho,0.25,0.75,0,1.25,0.75,4.0,1.33,4
Brasil de P.,4,1,2,1,2,2,0,5,Brazil - Gaucho,0.25,0.75,0,1.25,0.5,4.0,1.33,4
Sao Luiz,4,1,2,1,5,6,-1,5,Brazil - Gaucho,0.25,0.75,-1,1.25,1.25,4.0,1.33,4
Pelotas,4,1,1,2,4,5,-1,4,Brazil - Gaucho,0.25,0.5,-1,1.0,1.0,4.0,2.0,5
Avenida,4,0,3,1,2,3,-1,3,Brazil - Gaucho,0.0,0.75,-1,0.75,0.5,0.0,1.33,6
EC Sao Jose,4,0,3,1,2,4,-2,3,Brazil - Gaucho,0.0,0.75,-2,0.75,0.5,0.0,1.33,6
Monsoon,4,1,0,3,3,8,-5,3,Brazil - Gaucho,0.25,0.25,-5,0.75,0.75,4.0,4.0,6
Ludogorets,8,7,1,0,17,2,15,22,Bulgaria - Parva Liga,0.88,1.0,15,2.75,2.12,1.14,1.0,1
CSKA Sofia,8,4,4,0,15,8,7,16,Bulgaria - Parva Liga,0.5,1.0,7,2.0,1.88,2.0,1.0,2
Slavia Sofia,8,5,1,2,16,12,4,16,Bulgaria - Parva Liga,0.62,0.75,4,2.0,2.0,1.61,1.33,2
Arda,8,4,3,1,18,10,8,15,Bulgaria - Parva Liga,0.5,0.88,8,1.88,2.25,2.0,1.14,3
Levski Sofia,8,4,3,1,14,9,5,15,Bulgaria - Parva Liga,0.5,0.88,5,1.88,1.75,2.0,1.14,3
Lokomotiv Sofia,8,4,1,3,13,10,3,13,Bulgaria - Parva Liga,0.5,0.62,3,1.62,1.62,2.0,1.61,4
Beroe,8,4,1,3,12,9,3,13,Bulgaria - Parva Liga,0.5,0.62,3,1.62,1.5,2.0,1.61,4
Spartak Varna,8,4,1,3,9,10,-1,13,Bulgaria - Parva Liga,0.5,0.62,-1,1.62,1.12,2.0,1.61,4
CSKA 1948 Sofia,8,4,0,4,12,13,-1,12,Bulgaria - Parva Liga,0.5,0.5,-1,1.5,1.5,2.0,2.0,5
Cherno More,8,2,5,1,12,8,4,11,Bulgaria - Parva Liga,0.25,0.88,4,1.38,1.5,4.0,1.14,6
Botev Vratsa,8,3,2,3,10,12,-2,11,Bulgaria - Parva Liga,0.38,0.62,-2,1.38,1.25,2.63,1.61,6
Septemvri Sofia,8,3,1,4,12,11,1,10,Bulgaria - Parva Liga,0.38,0.5,1,1.25,1.5,2.63,2.0,7
L. Krumovgrad,8,2,3,3,3,6,-3,9,Bulgaria - Parva Liga,0.25,0.62,-3,1.12,0.38,4.0,1.61,8
Lok. Plovdiv,8,2,1,5,5,8,-3,7,Bulgaria - Parva Liga,0.25,0.38,-3,0.88,0.62,4.0,2.63,9
Botev Plovdiv,8,1,4,3,8,15,-7,7,Bulgaria - Parva Liga,0.12,0.62,-7,0.88,1.0,8.33,1.61,9
Hebar,8,1,1,6,4,14,-10,4,Bulgaria - Parva Liga,0.12,0.25,-10,0.5,0.5,8.33,4.0,10
A. Ottawa,2,1,1,0,5,4,1,4,Canada - Premier League,0.5,1.0,1,2.0,2.5,2.0,1.0,1
Forge,2,1,1,0,2,1,1,4,Canada - Premier League,0.5,1.0,1,2.0,1.0,2.0,1.0,1
HFX Wanderers,1,1,0,0,3,1,2,3,Canada - Premier League,1.0,1.0,2,3.0,3.0,1.0,1.0,2
Pacific,2,1,0,1,2,2,0,3,Canada - Premier League,0.5,0.5,0,1.5,1.0,2.0,2.0,2
York Utd,3,0,1,2,4,6,-2,1,Canada - Premier League,0.0,0.33,-2,0.33,1.33,0.0,3.03,3
Cavalry,2,0,1,1,2,4,-2,1,Canada - Premier League,0.0,0.5,-2,0.5,1.0,0.0,2.0,3
Vancouver FC,3,0,1,2,2,7,-5,1,Canada - Premier League,0.0,0.33,-5,0.33,0.67,0.0,3.03,3
Valour,1,0,0,1,0,1,-1,0,Canada - Premier League,0.0,0.0,-1,0.0,0.0,0.0,0.0,4
Audax Italiano,5,4,1,0,11,4,7,13,Chile - Primera Division,0.8,1.0,7,2.6,2.2,1.25,1.0,1
Union La Calera,5,4,1,0,10,3,7,13,Chile - Primera Division,0.8,1.0,7,2.6,2.0,1.25,1.0,1
U. Catolica,4,4,0,0,12,2,10,12,Chile - Primera Division,1.0,1.0,10,3.0,3.0,1.0,1.0,2
Huachipato,5,4,0,1,11,4,7,12,Chile - Primera Division,0.8,0.8,7,2.4,2.2,1.25,1.25,2
Cobresal,5,3,2,0,9,4,5,11,Chile - Primera Division,0.6,1.0,5,2.2,1.8,1.67,1.0,3
U. de Chile,3,3,0,0,9,1,8,9,Chile - Primera Division,1.0,1.0,8,3.0,3.0,1.0,1.0,4
OHiggins,5,2,3,0,7,4,3,9,Chile - Primera Division,0.4,1.0,3,1.8,1.4,2.5,1.0,4
Palestino,5,3,0,2,7,6,1,9,Chile - Primera Division,0.6,0.6,1,1.8,1.4,1.67,1.67,4
La Serena,4,3,0,1,5,4,1,9,Chile - Primera Division,0.75,0.75,1,2.25,1.25,1.33,1.33,4
Coquimbo Unido,4,2,2,0,4,2,2,8,Chile - Primera Division,0.5,1.0,2,2.0,1.0,2.0,1.0,5
Colo-Colo,4,2,1,1,5,2,3,7,Chile - Primera Division,0.5,0.75,3,1.75,1.25,2.0,1.33,6
Nublense,5,1,4,0,5,3,2,7,Chile - Primera Division,0.2,1.0,2,1.4,1.0,5.0,1.0,6
D. Limache,5,2,1,2,7,6,1,7,Chile - Primera Division,0.4,0.6,1,1.4,1.4,2.5,1.67,6
Everton,4,1,2,1,4,3,1,5,Chile - Primera Division,0.25,0.75,1,1.25,1.0,4.0,1.33,7
Union Espanola,4,1,0,3,4,6,-2,3,Chile - Primera Division,0.25,0.25,-2,0.75,1.0,4.0,4.0,8
D. Iquique,3,0,0,3,1,10,-9,0,Chile - Primera Division,0.0,0.0,-9,0.0,0.33,0.0,0.0,9
Recoleta,4,3,0,1,6,4,2,9,Chile - Primera B,0.75,0.75,2,2.25,1.5,1.33,1.33,1
Copiapo,4,2,2,0,9,3,6,8,Chile - Primera B,0.5,1.0,6,2.0,2.25,2.0,1.0,2
S. Wanderers,4,2,2,0,7,2,5,8,Chile - Primera B,0.5,1.0,5,2.0,1.75,2.0,1.0,2
Magallanes,4,2,1,1,5,2,3,7,Chile - Primera B,0.5,0.75,3,1.75,1.25,2.0,1.33,3
Cobreloa,4,2,1,1,7,5,2,7,Chile - Primera B,0.5,0.75,2,1.75,1.75,2.0,1.33,3
U. Concepcion,5,2,1,2,5,5,0,7,Chile - Primera B,0.4,0.6,0,1.4,1.0,2.5,1.67,3
San Luis,4,1,3,0,4,3,1,6,Chile - Primera B,0.25,1.0,1,1.5,1.0,4.0,1.0,4
Antofagasta,4,1,2,1,7,6,1,5,Chile - Primera B,0.25,0.75,1,1.25,1.75,4.0,1.33,5
Concepcion,3,1,1,1,4,3,1,4,Chile - Primera B,0.33,0.67,1,1.33,1.33,3.03,1.49,6
San Marcos,4,1,1,2,4,5,-1,4,Chile - Primera B,0.25,0.5,-1,1.0,1.0,4.0,2.0,6
U. San Felipe,4,1,1,2,1,2,-1,4,Chile - Primera B,0.25,0.5,-1,1.0,0.25,4.0,2.0,6
Deportes Temuco,4,1,1,2,3,5,-2,4,Chile - Primera B,0.25,0.5,-2,1.0,0.75,4.0,2.0,6
S. Morning,5,1,1,3,2,6,-4,4,Chile - Primera B,0.2,0.4,-4,0.8,0.4,5.0,2.5,6
Rangers,4,0,3,1,6,7,-1,3,Chile - Primera B,0.0,0.75,-1,0.75,1.5,0.0,1.33,7
CD Santa Cruz,4,1,0,3,2,6,-4,3,Chile - Primera B,0.25,0.25,-4,0.75,0.5,4.0,4.0,7
Curico Unido,4,0,2,2,6,8,-2,2,Chile - Primera B,0.0,0.5,-2,0.5,1.5,0.0,2.0,8
S. Shenhua,6,5,1,0,15,8,7,16,China - Super League,0.83,1.0,7,2.67,2.5,1.2,1.0,1
Zhejiang,5,3,2,0,12,6,6,11,China - Super League,0.6,1.0,6,2.2,2.4,1.67,1.0,2
Qingdao West C.,6,3,2,1,13,11,2,11,China - Super League,0.5,0.83,2,1.83,2.17,2.0,1.2,2
Beijing Guoan,4,3,1,0,10,2,8,10,China - Super League,0.75,1.0,8,2.5,2.5,1.33,1.0,3
Dalian Yingbo,4,3,1,0,7,3,4,10,China - Super League,0.75,1.0,4,2.5,1.75,1.33,1.0,3
Chengdu,5,3,1,1,6,3,3,10,China - Super League,0.6,0.8,3,2.0,1.2,1.67,1.25,3
Shanghai Port,6,3,1,2,10,8,2,10,China - Super League,0.5,0.67,2,1.67,1.67,2.0,1.49,3
Meizhou Hakka,5,3,0,2,12,9,3,9,China - Super League,0.6,0.6,3,1.8,2.4,1.67,1.67,4
Shandong T.,6,2,2,2,9,6,3,8,China - Super League,0.33,0.67,3,1.33,1.5,3.03,1.49,5
Tianjin T.,5,2,2,1,8,8,0,8,China - Super League,0.4,0.8,0,1.6,1.6,2.5,1.25,5
Sichuan Jiuniu,5,2,1,2,9,9,0,7,China - Super League,0.4,0.6,0,1.4,1.8,2.5,1.67,6
Wuhan Three T.,4,2,1,1,9,10,-1,7,China - Super League,0.5,0.75,-1,1.75,2.25,2.0,1.33,6
Yunnan Yukun,4,1,1,2,4,6,-2,4,China - Super League,0.25,0.5,-2,1.0,1.0,4.0,2.0,7
Henan SL,4,1,0,3,7,9,-2,3,China - Super League,0.25,0.25,-2,0.75,1.75,4.0,4.0,8
Qingdao Hainiu,5,0,3,2,4,6,-2,3,China - Super League,0.0,0.6,-2,0.6,0.8,0.0,1.67,8
Changchun Yatai,4,0,2,2,3,5,-2,2,China - Super League,0.0,0.5,-2,0.5,0.75,0.0,2.0,9
Chongqing T.,3,2,1,0,5,3,2,7,China - League One,0.67,1.0,2,2.33,1.67,1.49,1.0,1
Liaoning Tieren,2,2,0,0,9,2,7,6,China - League One,1.0,1.0,7,3.0,4.5,1.0,1.0,2
Guangdong GZP,3,2,0,1,6,2,4,6,China - League One,0.67,0.67,4,2.0,2.0,1.49,1.49,2
Yanbian Longdin,2,2,0,0,4,2,2,6,China - League One,1.0,1.0,2,3.0,2.0,1.0,1.0,2
Heilongjiang IC,4,1,3,0,6,5,1,6,China - League One,0.25,1.0,1,1.5,1.5,4.0,1.0,2
Shanghai Jiadin,3,2,0,1,4,3,1,6,China - League One,0.67,0.67,1,2.0,1.33,1.49,1.49,2
Shenzhen J.,3,2,0,1,4,4,0,6,China - League One,0.67,0.67,0,2.0,1.33,1.49,1.49,2
Nantong Zhiyun,4,2,0,2,5,6,-1,6,China - League One,0.5,0.5,-1,1.5,1.25,2.0,2.0,2
Suzhou Dongwu,3,1,2,0,2,0,2,5,China - League One,0.33,1.0,2,1.67,0.67,3.03,1.0,3
Dalian Kuncheng,4,1,2,1,3,4,-1,5,China - League One,0.25,0.75,-1,1.25,0.75,4.0,1.33,3
S. Gongfu,2,1,1,0,3,1,2,4,China - League One,0.5,1.0,2,2.0,1.5,2.0,1.0,4
Shaanxi Union,3,1,1,1,4,3,1,4,China - League One,0.33,0.67,1,1.33,1.33,3.03,1.49,4
Foshan Nanshi,3,1,1,1,2,3,-1,4,China - League One,0.33,0.67,-1,1.33,0.67,3.03,1.49,4
Nanjing City,4,0,2,2,2,4,-2,2,China - League One,0.0,0.5,-2,0.5,0.5,0.0,2.0,5
Qingdao RL,3,0,2,1,2,4,-2,2,China - League One,0.0,0.67,-2,0.67,0.67,0.0,1.49,5
Guangxi Baoyun,3,0,0,3,1,7,-6,0,China - League One,0.0,0.0,-6,0.0,0.33,0.0,0.0,6
Guizhou Zhuchen,4,3,1,0,6,2,4,10,China - League Two,0.75,1.0,4,2.5,1.5,1.33,1.0,1
Shanghai Port B,4,3,0,1,9,3,6,9,China - League Two,0.75,0.75,6,2.25,2.25,1.33,1.33,2
Wuxi Wugou,4,2,2,0,6,1,5,8,China - League Two,0.5,1.0,5,2.0,1.5,2.0,1.0,3
Chengdu Rongche,4,2,2,0,5,2,3,8,China - League Two,0.5,1.0,3,2.0,1.25,2.0,1.0,3
Jiangxi Lushan,4,2,2,0,5,2,3,8,China - League Two,0.5,1.0,3,2.0,1.25,2.0,1.0,3
Ganzhou Ruishi,3,2,1,0,4,1,3,7,China - League Two,0.67,1.0,3,2.33,1.33,1.49,1.0,4
Nantong Haimen,3,2,1,0,4,1,3,7,China - League Two,0.67,1.0,3,2.33,1.33,1.49,1.0,4
Guangzhou Dande,3,2,1,0,3,0,3,7,China - League Two,0.67,1.0,3,2.33,1.0,1.49,1.0,4
Guangxi H.,4,2,1,1,4,4,0,7,China - League Two,0.5,0.75,0,1.75,1.0,2.0,1.33,4
Wenzhou Pro.,2,1,1,0,5,2,3,4,China - League Two,0.5,1.0,3,2.0,2.5,2.0,1.0,5
Haikou M.,3,1,1,1,2,2,0,4,China - League Two,0.33,0.67,0,1.33,0.67,3.03,1.49,5
Shenzhen 2028,3,1,1,1,2,2,0,4,China - League Two,0.33,0.67,0,1.33,0.67,3.03,1.49,5
Rizhao Yuqi,4,1,1,2,3,4,-1,4,China - League Two,0.25,0.5,-1,1.0,0.75,4.0,2.0,5
Langfang Glory,3,1,1,1,3,5,-2,4,China - League Two,0.33,0.67,-2,1.33,1.0,3.03,1.49,5
Taian Tiankuang,3,1,0,2,4,3,1,3,China - League Two,0.33,0.33,1,1.0,1.33,3.03,3.03,6
Changchun Xidu,2,1,0,1,2,1,1,3,China - League Two,0.5,0.5,1,1.5,1.0,2.0,2.0,6
Shandong T. B,3,0,3,0,3,3,0,3,China - League Two,0.0,1.0,0,1.0,1.0,0.0,1.0,6
Beijing IT,4,1,0,3,2,4,-2,3,China - League Two,0.25,0.25,-2,0.75,0.5,4.0,4.0,6
Wuhan Three Tow,3,0,2,1,1,2,-1,2,China - League Two,0.0,0.67,-1,0.67,0.33,0.0,1.49,7
Xian Ronghai,3,0,2,1,0,3,-3,2,China - League Two,0.0,0.67,-3,0.67,0.0,0.0,1.49,7
Hubei Istar,4,0,2,2,1,5,-4,2,China - League Two,0.0,0.5,-4,0.5,0.25,0.0,2.0,7
Quanzhou Yassin,4,0,2,2,1,6,-5,2,China - League Two,0.0,0.5,-5,0.5,0.25,0.0,2.0,7
Guangxi Lanhang,4,0,1,3,0,9,-9,1,China - League Two,0.0,0.25,-9,0.25,0.0,0.0,4.0,8
Guangdong Mingt,4,0,0,4,2,9,-7,0,China - League Two,0.0,0.0,-7,0.0,0.5,0.0,0.0,9
A. Nacional,8,7,1,0,21,5,16,22,Colombia - Primera A - Apertura,0.88,1.0,16,2.75,2.62,1.14,1.0,1
America de Cali,8,6,2,0,14,1,13,20,Colombia - Primera A - Apertura,0.75,1.0,13,2.5,1.75,1.33,1.0,2
Deportes Tolima,8,6,2,0,12,3,9,20,Colombia - Primera A - Apertura,0.75,1.0,9,2.5,1.5,1.33,1.0,2
Once Caldas,8,6,0,2,15,6,9,18,Colombia - Primera A - Apertura,0.75,0.75,9,2.25,1.88,1.33,1.33,3
Deportivo Pasto,8,5,2,1,13,7,6,17,Colombia - Primera A - Apertura,0.62,0.88,6,2.12,1.62,1.61,1.14,4
Junior,8,5,2,1,12,6,6,17,Colombia - Primera A - Apertura,0.62,0.88,6,2.12,1.5,1.61,1.14,4
D. Pereira,8,4,4,0,9,2,7,16,Colombia - Primera A - Apertura,0.5,1.0,7,2.0,1.12,2.0,1.0,5
Millonarios,7,5,1,1,9,2,7,16,Colombia - Primera A - Apertura,0.71,0.86,7,2.29,1.29,1.41,1.16,5
Deportivo Cali,8,4,4,0,9,3,6,16,Colombia - Primera A - Apertura,0.5,1.0,6,2.0,1.12,2.0,1.0,5
I. Medelin,7,4,3,0,10,1,9,15,Colombia - Primera A - Apertura,0.57,1.0,9,2.14,1.43,1.75,1.0,6
A. Petrolera,8,3,3,2,8,7,1,12,Colombia - Primera A - Apertura,0.38,0.75,1,1.5,1.0,2.63,1.33,7
Fortaleza CEIF,8,3,3,2,6,9,-3,12,Colombia - Primera A - Apertura,0.38,0.75,-3,1.5,0.75,2.63,1.33,7
Santa Fe,8,2,5,1,10,8,2,11,Colombia - Primera A - Apertura,0.25,0.88,2,1.38,1.25,4.0,1.14,8
A. Bucaramanga,8,3,2,3,8,8,0,11,Colombia - Primera A - Apertura,0.38,0.62,0,1.38,1.0,2.63,1.61,8
Llaneros,8,3,1,4,7,7,0,10,Colombia - Primera A - Apertura,0.38,0.5,0,1.25,0.88,2.63,2.0,9
La Equidad,8,2,2,4,7,9,-2,8,Colombia - Primera A - Apertura,0.25,0.5,-2,1.0,0.88,4.0,2.0,10
Envigado,8,2,2,4,8,14,-6,8,Colombia - Primera A - Apertura,0.25,0.5,-6,1.0,1.0,4.0,2.0,10
Boyaca Chico,8,1,4,3,5,11,-6,7,Colombia - Primera A - Apertura,0.12,0.62,-6,0.88,0.62,8.33,1.61,11
Union Magdalena,8,0,6,2,7,10,-3,6,Colombia - Primera A - Apertura,0.0,0.75,-3,0.75,0.88,0.0,1.33,12
R. Aguilas,8,1,3,4,4,7,-3,6,Colombia - Primera A - Apertura,0.12,0.5,-3,0.75,0.5,8.33,2.0,12
Guanacasteca,8,8,0,0,13,3,10,24,Costa Rica - Primera Div. - Apertura,1.0,1.0,10,3.0,1.62,1.0,1.0,1
Alajuelense,8,6,2,0,19,5,14,20,Costa Rica - Primera Div. - Apertura,0.75,1.0,14,2.5,2.38,1.33,1.0,2
Cartagines,8,6,2,0,16,8,8,20,Costa Rica - Primera Div. - Apertura,0.75,1.0,8,2.5,2.0,1.33,1.0,2
Saprissa,8,5,2,1,17,11,6,17,Costa Rica - Primera Div. - Apertura,0.62,0.88,6,2.12,2.12,1.61,1.14,3
Herediano,8,4,1,3,15,14,1,13,Costa Rica - Primera Div. - Apertura,0.5,0.62,1,1.62,1.88,2.0,1.61,4
San Carlos,8,2,6,0,9,6,3,12,Costa Rica - Primera Div. - Apertura,0.25,1.0,3,1.5,1.12,4.0,1.0,5
Santos Guapiles,8,4,0,4,13,11,2,12,Costa Rica - Primera Div. - Apertura,0.5,0.5,2,1.5,1.62,2.0,2.0,5
Zeledon,8,3,3,2,10,8,2,12,Costa Rica - Primera Div. - Apertura,0.38,0.75,2,1.5,1.25,2.63,1.33,5
Santa Ana,8,3,3,2,11,11,0,12,Costa Rica - Primera Div. - Apertura,0.38,0.75,0,1.5,1.38,2.63,1.33,5
Sporting SJ,8,3,1,4,12,11,1,10,Costa Rica - Primera Div. - Apertura,0.38,0.5,1,1.25,1.5,2.63,2.0,6
Puntarenas,8,2,3,3,7,9,-2,9,Costa Rica - Primera Div. - Apertura,0.25,0.62,-2,1.12,0.88,4.0,1.61,7
M. Liberia,8,2,2,4,12,11,1,8,Costa Rica - Primera Div. - Apertura,0.25,0.5,1,1.0,1.5,4.0,2.0,8
Slavia Prague,8,8,0,0,17,2,15,24,CzechRepublic - 1. Liga,1.0,1.0,15,3.0,2.12,1.0,1.0,1
Sparta Prague,8,7,0,1,18,7,11,21,CzechRepublic - 1. Liga,0.88,0.88,11,2.62,2.25,1.14,1.14,2
Banik Ostrava,8,6,1,1,16,7,9,19,CzechRepublic - 1. Liga,0.75,0.88,9,2.38,2.0,1.33,1.14,3
Jablonec,8,5,2,1,17,4,13,17,CzechRepublic - 1. Liga,0.62,0.88,13,2.12,2.12,1.61,1.14,4
Viktoria Plzen,8,5,1,2,20,11,9,16,CzechRepublic - 1. Liga,0.62,0.75,9,2.0,2.5,1.61,1.33,5
Teplice,8,5,1,2,8,5,3,16,CzechRepublic - 1. Liga,0.62,0.75,3,2.0,1.0,1.61,1.33,5
Slovan Liberec,8,4,2,2,12,6,6,14,CzechRepublic - 1. Liga,0.5,0.75,6,1.75,1.5,2.0,1.33,6
Karvina,8,4,1,3,12,12,0,13,CzechRepublic - 1. Liga,0.5,0.62,0,1.62,1.5,2.0,1.61,7
Hradec Kralove,8,2,3,3,8,8,0,9,CzechRepublic - 1. Liga,0.25,0.62,0,1.12,1.0,4.0,1.61,8
Sigma Olomouc,8,3,0,5,13,14,-1,9,CzechRepublic - 1. Liga,0.38,0.38,-1,1.12,1.62,2.63,2.63,8
Mlada Boleslav,8,3,0,5,8,10,-2,9,CzechRepublic - 1. Liga,0.38,0.38,-2,1.12,1.0,2.63,2.63,8
Slovacko,8,2,3,3,7,15,-8,9,CzechRepublic - 1. Liga,0.25,0.62,-8,1.12,0.88,4.0,1.61,8
Bohemians,8,1,4,3,9,13,-4,7,CzechRepublic - 1. Liga,0.12,0.62,-4,0.88,1.12,8.33,1.61,9
Pardubice,8,1,3,4,6,11,-5,6,CzechRepublic - 1. Liga,0.12,0.5,-5,0.75,0.75,8.33,2.0,10
Dukla Praha,8,0,4,4,6,11,-5,4,CzechRepublic - 1. Liga,0.0,0.5,-5,0.5,0.75,0.0,2.0,11
C. Budejovice,8,0,2,6,6,21,-15,2,CzechRepublic - 1. Liga,0.0,0.25,-15,0.25,0.75,0.0,4.0,12
Nordsjaelland,8,6,1,1,18,10,8,19,Denmark - Superligaen,0.75,0.88,8,2.38,2.25,1.33,1.14,1
FC Midtjylland,8,6,0,2,18,12,6,18,Denmark - Superligaen,0.75,0.75,6,2.25,2.25,1.33,1.33,2
Randers FC,8,5,2,1,16,9,7,17,Denmark - Superligaen,0.62,0.88,7,2.12,2.0,1.61,1.14,3
FC Kobenhavn,8,5,2,1,14,8,6,17,Denmark - Superligaen,0.62,0.88,6,2.12,1.75,1.61,1.14,3
Brondby IF,8,4,4,0,15,9,6,16,Denmark - Superligaen,0.5,1.0,6,2.0,1.88,2.0,1.0,4
Viborg,8,5,1,2,14,12,2,16,Denmark - Superligaen,0.62,0.75,2,2.0,1.75,1.61,1.33,4
AGF Aarhus,8,4,3,1,13,7,6,15,Denmark - Superligaen,0.5,0.88,6,1.88,1.62,2.0,1.14,5
Silkeborg,8,3,3,2,11,7,4,12,Denmark - Superligaen,0.38,0.75,4,1.5,1.38,2.63,1.33,6
Vejle BK,8,2,4,2,12,16,-4,10,Denmark - Superligaen,0.25,0.75,-4,1.25,1.5,4.0,1.33,7
Lyngby,8,2,3,3,6,8,-2,9,Denmark - Superligaen,0.25,0.62,-2,1.12,0.75,4.0,1.61,8
SonderjyskE,8,2,2,4,10,19,-9,8,Denmark - Superligaen,0.25,0.5,-9,1.0,1.25,4.0,2.0,9
Aalborg BK,8,0,3,5,6,16,-10,3,Denmark - Superligaen,0.0,0.38,-10,0.38,0.75,0.0,2.63,10
Hillerod,8,5,2,1,16,6,10,17,Denmark - 1st Division,0.62,0.88,10,2.12,2.0,1.61,1.14,1
AC Horsens,8,5,1,2,14,9,5,16,Denmark - 1st Division,0.62,0.75,5,2.0,1.75,1.61,1.33,2
Odense BK,8,3,5,0,15,12,3,14,Denmark - 1st Division,0.38,1.0,3,1.75,1.88,2.63,1.0,3
Hvidovre,8,4,2,2,6,5,1,14,Denmark - 1st Division,0.5,0.75,1,1.75,0.75,2.0,1.33,3
Kolding IF,8,4,1,3,11,7,4,13,Denmark - 1st Division,0.5,0.62,4,1.62,1.38,2.0,1.61,4
B 93,8,3,3,2,16,14,2,12,Denmark - 1st Division,0.38,0.75,2,1.5,2.0,2.63,1.33,5
Vendsyssel,8,2,4,2,10,8,2,10,Denmark - 1st Division,0.25,0.75,2,1.25,1.25,4.0,1.33,6
Fredericia,8,3,1,4,11,12,-1,10,Denmark - 1st Division,0.38,0.5,-1,1.25,1.38,2.63,2.0,6
Hobro,8,2,4,2,9,11,-2,10,Denmark - 1st Division,0.25,0.75,-2,1.25,1.12,4.0,1.33,6
Roskilde,8,2,1,5,10,16,-6,7,Denmark - 1st Division,0.25,0.38,-6,0.88,1.25,4.0,2.63,7
HB Koge,8,2,1,5,4,13,-9,7,Denmark - 1st Division,0.25,0.38,-9,0.88,0.5,4.0,2.63,7
Esbjerg,8,2,0,6,6,15,-9,6,Denmark - 1st Division,0.25,0.25,-9,0.75,0.75,4.0,4.0,8
Aarhus Fremad,8,7,0,1,16,5,11,21,Denmark - 2nd Division,0.88,0.88,11,2.62,2.0,1.14,1.14,1
Fremad Amager,8,6,0,2,13,5,8,18,Denmark - 2nd Division,0.75,0.75,8,2.25,1.62,1.33,1.33,2
Naestved,8,4,2,2,11,10,1,14,Denmark - 2nd Division,0.5,0.75,1,1.75,1.38,2.0,1.33,3
Middelfart,8,4,1,3,10,10,0,13,Denmark - 2nd Division,0.5,0.62,0,1.62,1.25,2.0,1.61,4
Skive,8,3,3,2,9,5,4,12,Denmark - 2nd Division,0.38,0.75,4,1.5,1.12,2.63,1.33,5
AB Copenhagen,8,3,2,3,12,8,4,11,Denmark - 2nd Division,0.38,0.62,4,1.38,1.5,2.63,1.61,6
BK Frem,8,2,3,3,10,9,1,9,Denmark - 2nd Division,0.25,0.62,1,1.12,1.25,4.0,1.61,7
Thisted,8,2,3,3,9,11,-2,9,Denmark - 2nd Division,0.25,0.62,-2,1.12,1.12,4.0,1.61,7
Ishoj,8,2,2,4,8,10,-2,8,Denmark - 2nd Division,0.25,0.5,-2,1.0,1.0,4.0,2.0,8
Hellerup IK,8,2,2,4,6,13,-7,8,Denmark - 2nd Division,0.25,0.5,-7,1.0,0.75,4.0,2.0,8
Helsingor,8,1,4,3,9,13,-4,7,Denmark - 2nd Division,0.12,0.62,-4,0.88,1.12,8.33,1.61,9
Nykobing,8,1,3,4,9,14,-5,6,Denmark - 2nd Division,0.12,0.5,-5,0.75,1.12,8.33,2.0,10
Libertad,6,4,0,2,13,10,3,12,Ecuador - Liga Pro 1st Stage,0.67,0.67,3,2.0,2.17,1.49,1.49,1
U. Catolica,5,3,2,0,8,2,6,11,Ecuador - Liga Pro 1st Stage,0.6,1.0,6,2.2,1.6,1.67,1.0,2
LDU Quito,4,3,1,0,10,1,9,10,Ecuador - Liga Pro 1st Stage,0.75,1.0,9,2.5,2.5,1.33,1.0,3
Aucas,5,3,1,1,11,6,5,10,Ecuador - Liga Pro 1st Stage,0.6,0.8,5,2.0,2.2,1.67,1.25,3
Mushuc Runa,5,3,1,1,8,4,4,10,Ecuador - Liga Pro 1st Stage,0.6,0.8,4,2.0,1.6,1.67,1.25,3
Orense,5,3,1,1,8,5,3,10,Ecuador - Liga Pro 1st Stage,0.6,0.8,3,2.0,1.6,1.67,1.25,3
I. del Valle,5,2,3,0,9,3,6,9,Ecuador - Liga Pro 1st Stage,0.4,1.0,6,1.8,1.8,2.5,1.0,4
Cuniburo,5,3,0,2,11,6,5,9,Ecuador - Liga Pro 1st Stage,0.6,0.6,5,1.8,2.2,1.67,1.67,4
Manta,6,2,3,1,12,11,1,9,Ecuador - Liga Pro 1st Stage,0.33,0.83,1,1.5,2.0,3.03,1.2,4
Barcelona SC,4,3,0,1,4,4,0,9,Ecuador - Liga Pro 1st Stage,0.75,0.75,0,2.25,1.0,1.33,1.33,4
Delfin,4,1,3,0,3,1,2,6,Ecuador - Liga Pro 1st Stage,0.25,1.0,2,1.5,0.75,4.0,1.0,5
D. Cuenca,5,2,0,3,5,4,1,6,Ecuador - Liga Pro 1st Stage,0.4,0.4,1,1.2,1.0,2.5,2.5,5
Emelec,6,1,3,2,3,7,-4,6,Ecuador - Liga Pro 1st Stage,0.17,0.67,-4,1.0,0.5,5.88,1.49,5
Macara,5,1,1,3,2,4,-2,4,Ecuador - Liga Pro 1st Stage,0.2,0.4,-2,0.8,0.4,5.0,2.5,6
El Nacional,6,1,1,4,4,8,-4,4,Ecuador - Liga Pro 1st Stage,0.17,0.33,-4,0.67,0.67,5.88,3.03,6
Tecnico U.,4,0,2,2,4,7,-3,2,Ecuador - Liga Pro 1st Stage,0.0,0.5,-3,0.5,1.0,0.0,2.0,7
Gualaceo,4,3,1,0,7,4,3,10,Ecuador - Serie B,0.75,1.0,3,2.5,1.75,1.33,1.0,1
Vinotinto,3,3,0,0,9,3,6,9,Ecuador - Serie B,1.0,1.0,6,3.0,3.0,1.0,1.0,2
San Antonio,4,3,0,1,5,2,3,9,Ecuador - Serie B,0.75,0.75,3,2.25,1.25,1.33,1.33,2
Cumbaya,4,2,1,1,7,4,3,7,Ecuador - Serie B,0.5,0.75,3,1.75,1.75,2.0,1.33,3
I. Juniors,4,2,1,1,5,4,1,7,Ecuador - Serie B,0.5,0.75,1,1.75,1.25,2.0,1.33,3
Guayaquil City,3,2,0,1,7,4,3,6,Ecuador - Serie B,0.67,0.67,3,2.0,2.33,1.49,1.49,4
Vargas Torres,4,1,3,0,3,2,1,6,Ecuador - Serie B,0.25,1.0,1,1.5,0.75,4.0,1.0,4
22 de Julio,3,1,2,0,4,2,2,5,Ecuador - Serie B,0.33,1.0,2,1.67,1.33,3.03,1.0,5
Leones Norte,3,1,2,0,4,2,2,5,Ecuador - Serie B,0.33,1.0,2,1.67,1.33,3.03,1.0,5
Nueve Octubre,3,1,1,1,3,3,0,4,Ecuador - Serie B,0.33,0.67,0,1.33,1.0,3.03,1.49,6
Chacaritas,3,0,3,0,2,2,0,3,Ecuador - Serie B,0.0,1.0,0,1.0,0.67,0.0,1.0,7
Imbabura,3,0,2,1,1,3,-2,2,Ecuador - Serie B,0.0,0.67,-2,0.67,0.33,0.0,1.49,8
Pyramids FC,8,6,2,0,17,3,14,20,Egypt - Premier League,0.75,1.0,14,2.5,2.12,1.33,1.0,1
Zamalek,8,5,3,0,17,6,11,18,Egypt - Premier League,0.62,1.0,11,2.25,2.12,1.61,1.0,2
Al Ahly,8,5,3,0,13,5,8,18,Egypt - Premier League,0.62,1.0,8,2.25,1.62,1.61,1.0,2
Al Masry,8,4,3,1,11,5,6,15,Egypt - Premier League,0.5,0.88,6,1.88,1.38,2.0,1.14,3
El Gouna,8,4,1,3,9,5,4,13,Egypt - Premier League,0.5,0.62,4,1.62,1.12,2.0,1.61,4
Haras El Hodood,8,4,0,4,9,7,2,12,Egypt - Premier League,0.5,0.5,2,1.5,1.12,2.0,2.0,5
Petrojet,8,3,3,2,9,8,1,12,Egypt - Premier League,0.38,0.75,1,1.5,1.12,2.63,1.33,5
National Bank,8,3,3,2,8,8,0,12,Egypt - Premier League,0.38,0.75,0,1.5,1.0,2.63,1.33,5
Pharco,8,3,3,2,8,8,0,12,Egypt - Premier League,0.38,0.75,0,1.5,1.0,2.63,1.33,5
Ghazl El M.,8,4,0,4,7,7,0,12,Egypt - Premier League,0.5,0.5,0,1.5,0.88,2.0,2.0,5
ENPPI,8,3,2,3,5,7,-2,11,Egypt - Premier League,0.38,0.62,-2,1.38,0.62,2.63,1.61,6
Ceramica C.,8,2,3,3,15,13,2,9,Egypt - Premier League,0.25,0.62,2,1.12,1.88,4.0,1.61,7
ZED FC,8,1,5,2,8,8,0,8,Egypt - Premier League,0.12,0.75,0,1.0,1.0,8.33,1.33,8
Smouha,8,2,2,4,7,14,-7,8,Egypt - Premier League,0.25,0.5,-7,1.0,0.88,4.0,2.0,8
El Geish,8,1,4,3,6,8,-2,7,Egypt - Premier League,0.12,0.62,-2,0.88,0.75,8.33,1.61,9
Al Ittihad,8,2,1,5,4,8,-4,7,Egypt - Premier League,0.25,0.38,-4,0.88,0.5,4.0,2.63,9
Modern Sport,8,2,1,5,6,11,-5,7,Egypt - Premier League,0.25,0.38,-5,0.88,0.75,4.0,2.63,9
Ismaily,8,1,3,4,5,13,-8,6,Egypt - Premier League,0.12,0.5,-8,0.75,0.62,8.33,2.0,10
Liverpool,8,7,1,0,21,7,14,22,Premier League,0.88,1.0,14,2.75,2.62,1.14,1.0,1
Chelsea,8,6,2,0,16,6,10,20,Premier League,0.75,1.0,10,2.5,2.0,1.33,1.0,2
Manchester City,8,6,1,1,19,8,11,19,Premier League,0.75,0.88,11,2.38,2.38,1.33,1.14,3
Newcastle Utd,8,6,0,2,23,11,12,18,Premier League,0.75,0.75,12,2.25,2.88,1.33,1.33,4
Aston Villa,8,4,4,0,16,10,6,16,Premier League,0.5,1.0,6,2.0,2.0,2.0,1.0,6
Arsenal,8,4,3,1,15,9,6,15,Premier League,0.5,0.88,6,1.88,1.88,2.0,1.14,7
Nottm Forest,8,4,2,2,13,6,7,14,Premier League,0.5,0.75,7,1.75,1.62,2.0,1.33,8
Crystal Palace,8,4,2,2,12,8,4,14,Premier League,0.5,0.75,4,1.75,1.5,2.0,1.33,8
Brighton,8,4,2,2,13,11,2,14,Premier League,0.5,0.75,2,1.75,1.62,2.0,1.33,8
Wolverhampton,8,4,1,3,12,9,3,13,Premier League,0.5,0.62,3,1.62,1.5,2.0,1.61,9
Fulham,8,3,2,3,12,12,0,11,Premier League,0.38,0.62,0,1.38,1.5,2.63,1.61,11
Everton,8,2,4,2,13,11,2,10,Premier League,0.25,0.75,2,1.25,1.62,4.0,1.33,12
Bournemouth,8,3,1,4,10,8,2,10,Premier League,0.38,0.5,2,1.25,1.25,2.63,2.0,12
Tottenham,8,2,2,4,11,12,-1,8,Premier League,0.25,0.5,-1,1.0,1.38,4.0,2.0,14
Manchester Utd,8,2,2,4,8,12,-4,8,Premier League,0.25,0.5,-4,1.0,1.0,4.0,2.0,14
West Ham Utd,8,2,2,4,8,14,-6,8,Premier League,0.25,0.5,-6,1.0,1.0,4.0,2.0,14
Brentford,8,1,3,4,8,13,-5,6,Premier League,0.12,0.5,-5,0.75,1.0,8.33,2.0,16
Ipswich Town,8,1,0,7,7,24,-17,3,Premier League,0.12,0.12,-17,0.38,0.88,8.33,8.33,18
Southampton,8,0,1,7,5,23,-18,1,Premier League,0.0,0.12,-18,0.12,0.62,0.0,8.33,19
Leicester City,8,0,0,8,0,19,-19,0,Premier League,0.0,0.0,-19,0.0,0.0,0.0,0.0,20
Burnley,8,7,1,0,17,3,14,22,Premier League,0.88,1.0,14,2.75,2.12,1.14,1.0,1
Leeds Utd,8,6,2,0,26,5,21,20,Premier League,0.75,1.0,21,2.5,3.25,1.33,1.0,2
Bristol City,8,6,1,1,13,7,6,19,Premier League,0.75,0.88,6,2.38,1.62,1.33,1.14,3
Millwall,8,6,1,1,11,6,5,19,Premier League,0.75,0.88,5,2.38,1.38,1.33,1.14,3
Coventry City,8,6,0,2,13,7,6,18,Premier League,0.75,0.75,6,2.25,1.62,1.33,1.33,4
Portsmouth,8,5,2,1,10,6,4,17,Premier League,0.62,0.88,4,2.12,1.25,1.61,1.14,5
Plymouth,8,5,1,2,17,12,5,16,Premier League,0.62,0.75,5,2.0,2.12,1.61,1.33,6
Sheffield Utd,8,5,1,2,13,8,5,16,Premier League,0.62,0.75,5,2.0,1.62,1.61,1.33,6
Swansea City,8,5,0,3,9,5,4,15,Premier League,0.62,0.62,4,1.88,1.12,1.61,1.61,7
Blackburn,8,4,2,2,14,10,4,14,Premier League,0.5,0.75,4,1.75,1.75,2.0,1.33,8
Stoke City,8,4,2,2,11,8,3,14,Premier League,0.5,0.75,3,1.75,1.38,2.0,1.33,8
Middlesbrough,8,4,1,3,9,8,1,13,Premier League,0.5,0.62,1,1.62,1.12,2.0,1.61,9
West Brom,8,4,1,3,9,9,0,13,Premier League,0.5,0.62,0,1.62,1.12,2.0,1.61,9
Luton Town,8,3,3,2,7,5,2,12,Premier League,0.38,0.75,2,1.5,0.88,2.63,1.33,10
Derby County,8,3,2,3,6,4,2,11,Premier League,0.38,0.62,2,1.38,0.75,2.63,1.61,11
Hull City,8,3,2,3,9,8,1,11,Premier League,0.38,0.62,1,1.38,1.12,2.63,1.61,11
Sunderland,8,3,2,3,8,7,1,11,Premier League,0.38,0.62,1,1.38,1.0,2.63,1.61,11
Oxford Utd,8,3,1,4,8,10,-2,10,Premier League,0.38,0.5,-2,1.25,1.0,2.63,2.0,12
Watford,8,3,1,4,6,9,-3,10,Premier League,0.38,0.5,-3,1.25,0.75,2.63,2.0,12
Norwich City,8,2,3,3,12,13,-1,9,Premier League,0.25,0.62,-1,1.12,1.5,4.0,1.61,13
QP Rangers,8,2,3,3,11,13,-2,9,Premier League,0.25,0.62,-2,1.12,1.38,4.0,1.61,13
Preston,8,1,5,2,8,9,-1,8,Premier League,0.12,0.75,-1,1.0,1.0,8.33,1.33,14
Cardiff City,8,1,4,3,6,8,-2,7,Premier League,0.12,0.62,-2,0.88,0.75,8.33,1.61,15
Sheffield Wed,8,1,2,5,6,10,-4,5,Premier League,0.12,0.38,-4,0.62,0.75,8.33,2.63,17
Birmingham City,8,7,1,0,20,4,16,22,League One,0.88,1.0,16,2.75,2.5,1.14,1.0,1
Charlton,8,7,1,0,18,5,13,22,League One,0.88,1.0,13,2.75,2.25,1.14,1.0,1
Stockport,8,7,1,0,17,7,10,22,League One,0.88,1.0,10,2.75,2.12,1.14,1.0,1
Leyton Orient,8,5,1,2,14,9,5,16,League One,0.62,0.75,5,2.0,1.75,1.61,1.33,2
Lincoln City,8,4,3,1,16,6,10,15,League One,0.5,0.88,10,1.88,2.0,2.0,1.14,3
Reading,8,4,3,1,9,4,5,15,League One,0.5,0.88,5,1.88,1.12,2.0,1.14,3
Bolton,8,5,0,3,13,10,3,15,League One,0.62,0.62,3,1.88,1.62,1.61,1.61,3
Wrexham,8,4,2,2,12,6,6,14,League One,0.5,0.75,6,1.75,1.5,2.0,1.33,4
Wycombe,8,4,2,2,6,5,1,14,League One,0.5,0.75,1,1.75,0.75,2.0,1.33,4
Blackpool,8,4,1,3,12,9,3,13,League One,0.5,0.62,3,1.62,1.5,2.0,1.61,5
Burton Albion,8,3,3,2,12,9,3,12,League One,0.38,0.75,3,1.5,1.5,2.63,1.33,6
Exeter City,8,3,3,2,9,7,2,12,League One,0.38,0.75,2,1.5,1.12,2.63,1.33,6
Peterborough,8,3,3,2,11,10,1,12,League One,0.38,0.75,1,1.5,1.38,2.63,1.33,6
Wigan Athletic,8,3,3,2,7,6,1,12,League One,0.38,0.75,1,1.5,0.88,2.63,1.33,6
Crawley Town,8,3,1,4,12,12,0,10,League One,0.38,0.5,0,1.25,1.5,2.63,2.0,7
Northampton,8,2,3,3,9,10,-1,9,League One,0.25,0.62,-1,1.12,1.12,4.0,1.61,8
Barnsley,8,2,2,4,13,15,-2,8,League One,0.25,0.5,-2,1.0,1.62,4.0,2.0,9
Rotherham,8,2,2,4,10,15,-5,8,League One,0.25,0.5,-5,1.0,1.25,4.0,2.0,9
Huddersfield,8,2,1,5,8,8,0,7,League One,0.25,0.38,0,0.88,1.0,4.0,2.63,10
Mansfield,8,2,1,5,11,18,-7,7,League One,0.25,0.38,-7,0.88,1.38,4.0,2.63,10
Stevenage,8,1,3,4,8,11,-3,6,League One,0.12,0.5,-3,0.75,1.0,8.33,2.0,11
Bristol Rovers,8,2,0,6,9,14,-5,6,League One,0.25,0.25,-5,0.75,1.12,4.0,4.0,11
Cambridge Utd,8,1,2,5,6,9,-3,5,League One,0.12,0.38,-3,0.62,0.75,8.33,2.63,12
Shrewsbury,8,0,1,7,3,12,-9,1,League One,0.0,0.12,-9,0.12,0.38,0.0,8.33,13
Bradford,8,6,1,1,14,3,11,19,League Two,0.75,0.88,11,2.38,1.75,1.33,1.14,1
Port Vale,8,5,2,1,15,4,11,17,League Two,0.62,0.88,11,2.12,1.88,1.61,1.14,2
Colchester Utd,8,5,2,1,11,5,6,17,League Two,0.62,0.88,6,2.12,1.38,1.61,1.14,2
Harrogate,8,5,2,1,14,10,4,17,League Two,0.62,0.88,4,2.12,1.75,1.61,1.14,2
Bromley,8,5,1,2,13,6,7,16,League Two,0.62,0.75,7,2.0,1.62,1.61,1.33,3
Doncaster,8,4,3,1,17,8,9,15,League Two,0.5,0.88,9,1.88,2.12,2.0,1.14,4
Chesterfield,8,4,3,1,16,10,6,15,League Two,0.5,0.88,6,1.88,2.0,2.0,1.14,4
Gillingham,8,4,3,1,7,4,3,15,League Two,0.5,0.88,3,1.88,0.88,2.0,1.14,4
Tranmere,8,4,2,2,12,7,5,14,League Two,0.5,0.75,5,1.75,1.5,2.0,1.33,5
Swindon Town,8,3,4,1,16,14,2,13,League Two,0.38,0.88,2,1.62,2.0,2.63,1.14,6
Carlisle Utd,8,3,4,1,12,10,2,13,League Two,0.38,0.88,2,1.62,1.5,2.63,1.14,6
Grimsby,8,4,1,3,9,11,-2,13,League Two,0.5,0.62,-2,1.62,1.12,2.0,1.61,6
Barrow,8,3,3,2,10,7,3,12,League Two,0.38,0.75,3,1.5,1.25,2.63,1.33,7
AFC Wimbledon,8,3,2,3,7,7,0,11,League Two,0.38,0.62,0,1.38,0.88,2.63,1.61,8
Fleetwood,8,2,5,1,7,7,0,11,League Two,0.25,0.88,0,1.38,0.88,4.0,1.14,8
Accrington,8,2,4,2,14,11,3,10,League Two,0.25,0.75,3,1.25,1.75,4.0,1.33,9
Morecambe,8,3,1,4,7,10,-3,10,League Two,0.38,0.5,-3,1.25,0.88,2.63,2.0,9
Salford City,8,2,3,3,12,13,-1,9,League Two,0.25,0.62,-1,1.12,1.5,4.0,1.61,10
Cheltenham,8,2,3,3,10,12,-2,9,League Two,0.25,0.62,-2,1.12,1.25,4.0,1.61,10
Newport,8,2,3,3,7,9,-2,9,League Two,0.25,0.62,-2,1.12,0.88,4.0,1.61,10
Notts County,8,2,2,4,10,11,-1,8,League Two,0.25,0.5,-1,1.0,1.25,4.0,2.0,11
Milton Keynes,8,2,2,4,6,11,-5,8,League Two,0.25,0.5,-5,1.0,0.75,4.0,2.0,11
Crewe Alexandra,8,2,1,5,9,13,-4,7,League Two,0.25,0.38,-4,0.88,1.12,4.0,2.63,12
Walsall,8,1,3,4,10,13,-3,6,League Two,0.12,0.5,-3,0.75,1.25,8.33,2.0,13
Barnet,8,6,2,0,21,5,16,20,England - National League,0.75,1.0,16,2.5,2.62,1.33,1.0,1
Forest Green,8,5,2,1,14,7,7,17,England - National League,0.62,0.88,7,2.12,1.75,1.61,1.14,2
Boston Utd,8,5,2,1,13,6,7,17,England - National League,0.62,0.88,7,2.12,1.62,1.61,1.14,2
Rochdale,8,5,1,2,22,9,13,16,England - National League,0.62,0.75,13,2.0,2.75,1.61,1.33,3
York City,8,4,3,1,20,8,12,15,England - National League,0.5,0.88,12,1.88,2.5,2.0,1.14,4
Tamworth,8,4,3,1,18,11,7,15,England - National League,0.5,0.88,7,1.88,2.25,2.0,1.14,4
Eastleigh,8,4,3,1,12,5,7,15,England - National League,0.5,0.88,7,1.88,1.5,2.0,1.14,4
Aldershot Town,8,4,3,1,16,10,6,15,England - National League,0.5,0.88,6,1.88,2.0,2.0,1.14,4
Southend Utd,8,4,3,1,11,6,5,15,England - National League,0.5,0.88,5,1.88,1.38,2.0,1.14,4
Woking,8,4,3,1,10,5,5,15,England - National League,0.5,0.88,5,1.88,1.25,2.0,1.14,4
Braintree Town,8,4,2,2,9,6,3,14,England - National League,0.5,0.75,3,1.75,1.12,2.0,1.33,5
Wealdstone,8,4,2,2,13,14,-1,14,England - National League,0.5,0.75,-1,1.75,1.62,2.0,1.33,5
Hartlepool,8,3,3,2,14,11,3,12,England - National League,0.38,0.75,3,1.5,1.75,2.63,1.33,6
Dagenham & R.,8,3,2,3,14,12,2,11,England - National League,0.38,0.62,2,1.38,1.75,2.63,1.61,7
Oldham,8,3,2,3,8,8,0,11,England - National League,0.38,0.62,0,1.38,1.0,2.63,1.61,7
Yeovil Town,8,3,2,3,9,11,-2,11,England - National League,0.38,0.62,-2,1.38,1.12,2.63,1.61,7
Halifax Town,8,3,1,4,4,8,-4,10,England - National League,0.38,0.5,-4,1.25,0.5,2.63,2.0,8
Sutton Utd,8,2,3,3,7,11,-4,9,England - National League,0.25,0.62,-4,1.12,0.88,4.0,1.61,9
Ebbsfleet Utd,8,2,2,4,9,14,-5,8,England - National League,0.25,0.5,-5,1.0,1.12,4.0,2.0,10
Altrincham,8,2,1,5,9,11,-2,7,England - National League,0.25,0.38,-2,0.88,1.12,4.0,2.63,11
AFC Fylde,8,2,1,5,9,12,-3,7,England - National League,0.25,0.38,-3,0.88,1.12,4.0,2.63,11
Gateshead FC,8,2,1,5,9,16,-7,7,England - National League,0.25,0.38,-7,0.88,1.12,4.0,2.63,11
Solihull Moors,8,2,1,5,7,14,-7,7,England - National League,0.25,0.38,-7,0.88,0.88,4.0,2.63,11
Maidenhead Utd,8,1,3,4,10,14,-4,6,England - National League,0.12,0.5,-4,0.75,1.25,8.33,2.0,12
Chorley,8,7,1,0,24,4,20,22,England - National L. North,0.88,1.0,20,2.75,3.0,1.14,1.0,1
Scunthorpe,8,7,1,0,18,3,15,22,England - National L. North,0.88,1.0,15,2.75,2.25,1.14,1.0,1
Kidderminster,8,7,0,1,22,5,17,21,England - National L. North,0.88,0.88,17,2.62,2.75,1.14,1.14,2
Spennymoor,8,6,2,0,15,5,10,20,England - National L. North,0.75,1.0,10,2.5,1.88,1.33,1.0,3
Brackley Town,8,6,0,2,17,3,14,18,England - National L. North,0.75,0.75,14,2.25,2.12,1.33,1.33,4
Chester,8,5,3,0,15,6,9,18,England - National L. North,0.62,1.0,9,2.25,1.88,1.61,1.0,4
Marine,8,5,2,1,14,7,7,17,England - National L. North,0.62,0.88,7,2.12,1.75,1.61,1.14,5
Scarborough,8,5,1,2,14,6,8,16,England - National L. North,0.62,0.75,8,2.0,1.75,1.61,1.33,6
Hereford Utd,8,5,1,2,15,9,6,16,England - National L. North,0.62,0.75,6,2.0,1.88,1.61,1.33,6
Peterborough S.,8,4,3,1,13,7,6,15,England - National L. North,0.5,0.88,6,1.88,1.62,2.0,1.14,7
Darlington,8,4,3,1,16,12,4,15,England - National L. North,0.5,0.88,4,1.88,2.0,2.0,1.14,7
Buxton,8,4,2,2,7,4,3,14,England - National L. North,0.5,0.75,3,1.75,0.88,2.0,1.33,8
Alfreton Town,8,3,4,1,11,9,2,13,England - National L. North,0.38,0.88,2,1.62,1.38,2.63,1.14,9
Leamington,8,3,3,2,10,7,3,12,England - National L. North,0.38,0.75,3,1.5,1.25,2.63,1.33,10
Curzon,8,3,3,2,8,7,1,12,England - National L. North,0.38,0.75,1,1.5,1.0,2.63,1.33,10
Oxford City,8,3,2,3,10,12,-2,11,England - National L. North,0.38,0.62,-2,1.38,1.25,2.63,1.61,11
Kings Lynn,8,3,2,3,6,10,-4,11,England - National L. North,0.38,0.62,-4,1.38,0.75,2.63,1.61,11
Needham Market,8,3,1,4,11,9,2,10,England - National L. North,0.38,0.5,2,1.25,1.38,2.63,2.0,12
Radcliffe,8,3,1,4,11,10,1,10,England - National L. North,0.38,0.5,1,1.25,1.38,2.63,2.0,12
South Shields,8,3,1,4,6,11,-5,10,England - National L. North,0.38,0.5,-5,1.25,0.75,2.63,2.0,12
Southport,8,2,2,4,5,9,-4,8,England - National L. North,0.25,0.5,-4,1.0,0.62,4.0,2.0,13
Rushall,8,2,1,5,7,17,-10,7,England - National L. North,0.25,0.38,-10,0.88,0.88,4.0,2.63,14
Warrington,8,1,2,5,6,11,-5,5,England - National L. North,0.12,0.38,-5,0.62,0.75,8.33,2.63,15
Farsley Celtic,8,0,0,8,4,26,-22,0,England - National L. North,0.0,0.0,-22,0.0,0.5,0.0,0.0,16
Eastbourne,8,6,2,0,23,7,16,20,England - National L. South,0.75,1.0,16,2.5,2.88,1.33,1.0,1
Boreham Wood,8,6,0,2,15,3,12,18,England - National L. South,0.75,0.75,12,2.25,1.88,1.33,1.33,2
Dorking,8,5,2,1,17,9,8,17,England - National L. South,0.62,0.88,8,2.12,2.12,1.61,1.14,3
Torquay Utd,8,5,2,1,15,7,8,17,England - National L. South,0.62,0.88,8,2.12,1.88,1.61,1.14,3
Truro City,8,5,2,1,15,8,7,17,England - National L. South,0.62,0.88,7,2.12,1.88,1.61,1.14,3
Worthing,8,5,1,2,17,7,10,16,England - National L. South,0.62,0.75,10,2.0,2.12,1.61,1.33,4
Maidstone Utd,8,4,3,1,15,6,9,15,England - National L. South,0.5,0.88,9,1.88,1.88,2.0,1.14,5
St Albans,8,4,3,1,10,5,5,15,England - National L. South,0.5,0.88,5,1.88,1.25,2.0,1.14,5
Hemel Hempstead,8,4,3,1,12,8,4,15,England - National L. South,0.5,0.88,4,1.88,1.5,2.0,1.14,5
Slough Town,8,4,2,2,14,8,6,14,England - National L. South,0.5,0.75,6,1.75,1.75,2.0,1.33,6
Hornchurch,8,4,1,3,13,12,1,13,England - National L. South,0.5,0.62,1,1.62,1.62,2.0,1.61,7
Weston-s.-Mare,8,3,3,2,12,7,5,12,England - National L. South,0.38,0.75,5,1.5,1.5,2.63,1.33,8
Chelmsford City,8,3,2,3,12,9,3,11,England - National L. South,0.38,0.62,3,1.38,1.5,2.63,1.61,9
Weymouth,8,3,2,3,16,18,-2,11,England - National L. South,0.38,0.62,-2,1.38,2.0,2.63,1.61,9
Farnborough,8,3,1,4,12,13,-1,10,England - National L. South,0.38,0.5,-1,1.25,1.5,2.63,2.0,10
Chesham Utd,8,3,1,4,13,15,-2,10,England - National L. South,0.38,0.5,-2,1.25,1.62,2.63,2.0,10
Bath City,8,2,3,3,6,6,0,9,England - National L. South,0.25,0.62,0,1.12,0.75,4.0,1.61,11
Chippenham,8,2,2,4,6,13,-7,8,England - National L. South,0.25,0.5,-7,1.0,0.75,4.0,2.0,12
Enfield Town,8,2,2,4,7,18,-11,8,England - National L. South,0.25,0.5,-11,1.0,0.88,4.0,2.0,12
Welling Utd,8,1,4,3,7,11,-4,7,England - National L. South,0.12,0.62,-4,0.88,0.88,8.33,1.61,13
Salisbury,8,2,0,6,7,13,-6,6,England - National L. South,0.25,0.25,-6,0.75,0.88,4.0,4.0,14
Tonbridge,8,2,0,6,7,13,-6,6,England - National L. South,0.25,0.25,-6,0.75,0.88,4.0,4.0,14
Aveley,8,1,2,5,8,13,-5,5,England - National L. South,0.12,0.38,-5,0.62,1.0,8.33,2.63,15
Hampton & R.,8,1,0,7,10,24,-14,3,England - National L. South,0.12,0.12,-14,0.38,1.25,8.33,8.33,16
Carshalton,8,6,1,1,22,12,10,19,England - Isthmian league,0.75,0.88,10,2.38,2.75,1.33,1.14,1
Horsham,8,6,1,1,15,5,10,19,England - Isthmian league,0.75,0.88,10,2.38,1.88,1.33,1.14,1
Cray Wanderers,8,5,2,1,20,10,10,17,England - Isthmian league,0.62,0.88,10,2.12,2.5,1.61,1.14,2
Dartford,8,5,2,1,16,8,8,17,England - Isthmian league,0.62,0.88,8,2.12,2.0,1.61,1.14,2
Chichester City,8,5,1,2,16,9,7,16,England - Isthmian league,0.62,0.75,7,2.0,2.0,1.61,1.33,3
Cray Valley PM,8,4,3,1,13,6,7,15,England - Isthmian league,0.5,0.88,7,1.88,1.62,2.0,1.14,4
Wingate & F.,8,4,3,1,14,9,5,15,England - Isthmian league,0.5,0.88,5,1.88,1.75,2.0,1.14,4
Billericay Town,8,5,0,3,17,14,3,15,England - Isthmian league,0.62,0.62,3,1.88,2.12,1.61,1.61,4
Lewes,8,4,2,2,16,12,4,14,England - Isthmian league,0.5,0.75,4,1.75,2.0,2.0,1.33,5
Hashtag United,8,4,2,2,15,13,2,14,England - Isthmian league,0.5,0.75,2,1.75,1.88,2.0,1.33,5
Canvey Island,8,4,2,2,9,8,1,14,England - Isthmian league,0.5,0.75,1,1.75,1.12,2.0,1.33,5
Chatham Town,8,4,1,3,14,9,5,13,England - Isthmian league,0.5,0.62,5,1.62,1.75,2.0,1.61,6
Cheshunt,8,4,1,3,13,9,4,13,England - Isthmian league,0.5,0.62,4,1.62,1.62,2.0,1.61,6
Folkestone,8,4,1,3,13,12,1,13,England - Isthmian league,0.5,0.62,1,1.62,1.62,2.0,1.61,6
Dover Athletic,8,4,1,3,11,10,1,13,England - Isthmian league,0.5,0.62,1,1.62,1.38,2.0,1.61,6
Whitehawk,8,3,1,4,12,8,4,10,England - Isthmian league,0.38,0.5,4,1.25,1.5,2.63,2.0,7
Dulwich Hamlet,8,3,1,4,11,13,-2,10,England - Isthmian league,0.38,0.5,-2,1.25,1.38,2.63,2.0,7
Bognor Regis,8,3,1,4,7,12,-5,10,England - Isthmian league,0.38,0.5,-5,1.25,0.88,2.63,2.0,7
Hendon,8,2,2,4,16,20,-4,8,England - Isthmian league,0.25,0.5,-4,1.0,2.0,4.0,2.0,8
Potters Bar,8,2,1,5,7,12,-5,7,England - Isthmian league,0.25,0.38,-5,0.88,0.88,4.0,2.63,9
Hastings Utd,8,1,3,4,6,13,-7,6,England - Isthmian league,0.12,0.5,-7,0.75,0.75,8.33,2.0,10
Bowers & Pitsea,8,1,0,7,5,19,-14,3,England - Isthmian league,0.12,0.12,-14,0.38,0.62,8.33,8.33,11
Macclesfield,8,8,0,0,23,4,19,24,England - Northern league,1.0,1.0,19,3.0,2.88,1.0,1.0,1
Worksop Town,8,6,0,2,24,9,15,18,England - Northern league,0.75,0.75,15,2.25,3.0,1.33,1.33,2
Prescot Cables,8,6,0,2,9,3,6,18,England - Northern league,0.75,0.75,6,2.25,1.12,1.33,1.33,2
Ashton Utd,8,5,1,2,17,7,10,16,England - Northern league,0.62,0.75,10,2.0,2.12,1.61,1.33,3
Workington,8,5,1,2,17,7,10,16,England - Northern league,0.62,0.75,10,2.0,2.12,1.61,1.33,3
Ilkeston Town,8,4,3,1,15,8,7,15,England - Northern league,0.5,0.88,7,1.88,1.88,2.0,1.14,4
Bamber Bridge,8,5,0,3,14,10,4,15,England - Northern league,0.62,0.62,4,1.88,1.75,1.61,1.61,4
Gainsborough,8,4,2,2,11,8,3,14,England - Northern league,0.5,0.75,3,1.75,1.38,2.0,1.33,5
Stockton Town,8,4,2,2,11,8,3,14,England - Northern league,0.5,0.75,3,1.75,1.38,2.0,1.33,5
Leek Town,8,4,1,3,10,8,2,13,England - Northern league,0.5,0.62,2,1.62,1.25,2.0,1.61,6
Mickleover,8,4,1,3,10,9,1,13,England - Northern league,0.5,0.62,1,1.62,1.25,2.0,1.61,6
Morpeth Town,8,3,3,2,11,12,-1,12,England - Northern league,0.38,0.75,-1,1.5,1.38,2.63,1.33,7
Guiseley,8,3,2,3,8,9,-1,11,England - Northern league,0.38,0.62,-1,1.38,1.0,2.63,1.61,8
Basford Utd,8,3,2,3,12,14,-2,11,England - Northern league,0.38,0.62,-2,1.38,1.5,2.63,1.61,8
Hyde Utd,8,3,2,3,10,13,-3,11,England - Northern league,0.38,0.62,-3,1.38,1.25,2.63,1.61,8
Whitby Town,8,3,1,4,7,11,-4,10,England - Northern league,0.38,0.5,-4,1.25,0.88,2.63,2.0,9
Rylands,8,2,3,3,8,12,-4,9,England - Northern league,0.25,0.62,-4,1.12,1.0,4.0,1.61,10
FC United,8,2,2,4,12,16,-4,8,England - Northern league,0.25,0.5,-4,1.0,1.5,4.0,2.0,11
Lancaster City,8,2,2,4,8,13,-5,8,England - Northern league,0.25,0.5,-5,1.0,1.0,4.0,2.0,11
Matlock,8,1,4,3,9,10,-1,7,England - Northern league,0.12,0.62,-1,0.88,1.12,8.33,1.61,12
Hebburn Town,8,1,2,5,7,11,-4,5,England - Northern league,0.12,0.38,-4,0.62,0.88,8.33,2.63,13
Blyth Spartans,8,0,2,6,6,18,-12,2,England - Northern league,0.0,0.25,-12,0.25,0.75,0.0,4.0,14
Bedford Town,8,6,2,0,18,5,13,20,England - Southern Central,0.75,1.0,13,2.5,2.25,1.33,1.0,1
Telford Utd,8,5,3,0,20,6,14,18,England - Southern Central,0.62,1.0,14,2.25,2.5,1.61,1.0,2
Halesowen Town,8,5,3,0,16,6,10,18,England - Southern Central,0.62,1.0,10,2.25,2.0,1.61,1.0,2
Spalding United,8,5,2,1,15,5,10,17,England - Southern Central,0.62,0.88,10,2.12,1.88,1.61,1.14,3
Stratford Town,8,5,2,1,14,4,10,17,England - Southern Central,0.62,0.88,10,2.12,1.75,1.61,1.14,3
Harborough Town,8,5,1,2,11,6,5,16,England - Southern Central,0.62,0.75,5,2.0,1.38,1.61,1.33,4
Stamford,8,4,3,1,11,7,4,15,England - Southern Central,0.5,0.88,4,1.88,1.38,2.0,1.14,5
Stourbridge,8,4,2,2,12,8,4,14,England - Southern Central,0.5,0.75,4,1.75,1.5,2.0,1.33,6
Alvechurch,8,4,2,2,12,9,3,14,England - Southern Central,0.5,0.75,3,1.75,1.5,2.0,1.33,6
Royston,8,3,5,0,10,7,3,14,England - Southern Central,0.38,1.0,3,1.75,1.25,2.63,1.0,6
Redditch Utd,8,3,4,1,11,6,5,13,England - Southern Central,0.38,0.88,5,1.62,1.38,2.63,1.14,7
Kettering Town,8,3,4,1,13,9,4,13,England - Southern Central,0.38,0.88,4,1.62,1.62,2.63,1.14,7
Banbury Utd,8,3,4,1,8,4,4,13,England - Southern Central,0.38,0.88,4,1.62,1.0,2.63,1.14,7
Barwell,8,4,0,4,15,18,-3,12,England - Southern Central,0.5,0.5,-3,1.5,1.88,2.0,2.0,8
Bromsgrove,8,3,2,3,14,9,5,11,England - Southern Central,0.38,0.62,5,1.38,1.75,2.63,1.61,9
Hitchin Town,8,3,2,3,11,10,1,11,England - Southern Central,0.38,0.62,1,1.38,1.38,2.63,1.61,9
B. Stortford,8,3,2,3,12,12,0,11,England - Southern Central,0.38,0.62,0,1.38,1.5,2.63,1.61,9
St. Ives Town,8,1,5,2,11,13,-2,8,England - Southern Central,0.12,0.75,-2,1.0,1.38,8.33,1.33,10
AFC Sudbury,8,2,2,4,8,11,-3,8,England - Southern Central,0.25,0.5,-3,1.0,1.0,4.0,2.0,10
Leiston,8,2,1,5,12,17,-5,7,England - Southern Central,0.25,0.38,-5,0.88,1.5,4.0,2.63,11
Biggleswade,8,1,2,5,7,12,-5,5,England - Southern Central,0.12,0.38,-5,0.62,0.88,8.33,2.63,12
Lowestoft,8,1,2,5,8,19,-11,5,England - Southern Central,0.12,0.38,-11,0.62,1.0,8.33,2.63,12
Paide,5,5,0,0,13,1,12,15,Estonia - Meistriliiga,1.0,1.0,12,3.0,2.6,1.0,1.0,1
Levadia,5,4,1,0,13,2,11,13,Estonia - Meistriliiga,0.8,1.0,11,2.6,2.6,1.25,1.0,2
Flora,6,3,1,2,14,7,7,10,Estonia - Meistriliiga,0.5,0.67,7,1.67,2.33,2.0,1.49,3
Nomme Kalju,4,2,1,1,12,5,7,7,Estonia - Meistriliiga,0.5,0.75,7,1.75,3.0,2.0,1.33,4
Harju JK,5,2,0,3,7,7,0,6,Estonia - Meistriliiga,0.4,0.4,0,1.2,1.4,2.5,2.5,5
Kuressaare,5,2,0,3,5,7,-2,6,Estonia - Meistriliiga,0.4,0.4,-2,1.2,1.0,2.5,2.5,5
Narva Trans,5,2,0,3,3,5,-2,6,Estonia - Meistriliiga,0.4,0.4,-2,1.2,0.6,2.5,2.5,5
Tallinna Kalev,5,2,0,3,6,16,-10,6,Estonia - Meistriliiga,0.4,0.4,-10,1.2,1.2,2.5,2.5,5
Tammeka,5,1,0,4,5,12,-7,3,Estonia - Meistriliiga,0.2,0.2,-7,0.6,1.0,5.0,5.0,6
Vaprus,6,0,2,4,5,13,-8,2,Estonia - Meistriliiga,0.0,0.33,-8,0.33,0.83,0.0,3.03,7
Tartu Welco,5,4,1,0,11,5,6,13,Estonia - Esiliiga,0.8,1.0,6,2.6,2.2,1.25,1.0,1
Viimsi,5,3,2,0,14,5,9,11,Estonia - Esiliiga,0.6,1.0,9,2.2,2.8,1.67,1.0,2
Flora B,5,3,1,1,16,5,11,10,Estonia - Esiliiga,0.6,0.8,11,2.0,3.2,1.67,1.25,3
Levadia B,3,2,0,1,8,5,3,6,Estonia - Esiliiga,0.67,0.67,3,2.0,2.67,1.49,1.49,4
Nomme Utd,3,2,0,1,5,3,2,6,Estonia - Esiliiga,0.67,0.67,2,2.0,1.67,1.49,1.49,4
Elva,3,2,0,1,7,6,1,6,Estonia - Esiliiga,0.67,0.67,1,2.0,2.33,1.49,1.49,4
FC Tallinn,4,1,2,1,6,5,1,5,Estonia - Esiliiga,0.25,0.75,1,1.25,1.5,4.0,1.33,5
Tammeka B,4,1,0,3,5,5,0,3,Estonia - Esiliiga,0.25,0.25,0,0.75,1.25,4.0,4.0,6
Nomme Kalju B,5,1,0,4,4,12,-8,3,Estonia - Esiliiga,0.2,0.2,-8,0.6,0.8,5.0,5.0,6
Tallinna K. B,5,0,1,4,4,12,-8,1,Estonia - Esiliiga,0.0,0.2,-8,0.2,0.8,0.0,5.0,7
Klaksvik,5,5,0,0,21,2,19,15,FaroeIslands - Premier League,1.0,1.0,19,3.0,4.2,1.0,1.0,1
NSI Runavik,4,4,0,0,20,4,16,12,FaroeIslands - Premier League,1.0,1.0,16,3.0,5.0,1.0,1.0,2
HB Torshavn,4,3,0,1,12,7,5,9,FaroeIslands - Premier League,0.75,0.75,5,2.25,3.0,1.33,1.33,3
Vikingur,3,1,1,1,4,4,0,4,FaroeIslands - Premier League,0.33,0.67,0,1.33,1.33,3.03,1.49,4
B36 Torshavn,3,1,1,1,3,4,-1,4,FaroeIslands - Premier League,0.33,0.67,-1,1.33,1.0,3.03,1.49,4
TB Tvoroyri,4,1,1,2,4,8,-4,4,FaroeIslands - Premier League,0.25,0.5,-4,1.0,1.0,4.0,2.0,4
Streymur,4,1,1,2,3,10,-7,4,FaroeIslands - Premier League,0.25,0.5,-7,1.0,0.75,4.0,2.0,4
B68 Toftir,3,1,0,2,2,3,-1,3,FaroeIslands - Premier League,0.33,0.33,-1,1.0,0.67,3.03,3.03,5
Suduroy,3,1,0,2,1,6,-5,3,FaroeIslands - Premier League,0.33,0.33,-5,1.0,0.33,3.03,3.03,5
07 Vestur,3,0,0,3,3,7,-4,0,FaroeIslands - Premier League,0.0,0.0,-4,0.0,1.0,0.0,0.0,6
Skala,4,3,1,0,14,1,13,10,FaroeIslands - 1. Deild,0.75,1.0,13,2.5,3.5,1.33,1.0,1
AB Argir,4,3,1,0,13,3,10,10,FaroeIslands - 1. Deild,0.75,1.0,10,2.5,3.25,1.33,1.0,1
B71 Sandur,3,3,0,0,7,2,5,9,FaroeIslands - 1. Deild,1.0,1.0,5,3.0,2.33,1.0,1.0,2
Streymur B,4,3,0,1,7,4,3,9,FaroeIslands - 1. Deild,0.75,0.75,3,2.25,1.75,1.33,1.33,2
Klaksvik B,5,3,0,2,8,6,2,9,FaroeIslands - 1. Deild,0.6,0.6,2,1.8,1.6,1.67,1.67,2
Vikingur B,4,2,0,2,10,5,5,6,FaroeIslands - 1. Deild,0.5,0.5,5,1.5,2.5,2.0,2.0,3
IF Fuglafjordur,4,2,0,2,7,8,-1,6,FaroeIslands - 1. Deild,0.5,0.5,-1,1.5,1.75,2.0,2.0,3
NSI Runavik B,4,0,1,3,4,10,-6,1,FaroeIslands - 1. Deild,0.0,0.25,-6,0.25,1.0,0.0,4.0,4
B36 Torshavn B,3,0,1,2,2,12,-10,1,FaroeIslands - 1. Deild,0.0,0.33,-10,0.33,0.67,0.0,3.03,4
07 Vestur B,4,0,0,4,4,11,-7,0,FaroeIslands - 1. Deild,0.0,0.0,-7,0.0,1.0,0.0,0.0,5
KuPS,4,4,0,0,7,1,6,12,Finland - Veikkausliiga,1.0,1.0,6,3.0,1.75,1.0,1.0,1
SJK,3,2,1,0,6,3,3,7,Finland - Veikkausliiga,0.67,1.0,3,2.33,2.0,1.49,1.0,2
Ilves,2,2,0,0,5,3,2,6,Finland - Veikkausliiga,1.0,1.0,2,3.0,2.5,1.0,1.0,3
Haka,4,2,0,2,5,5,0,6,Finland - Veikkausliiga,0.5,0.5,0,1.5,1.25,2.0,2.0,3
VPS,3,2,0,1,5,5,0,6,Finland - Veikkausliiga,0.67,0.67,0,2.0,1.67,1.49,1.49,3
Inter Turku,2,1,1,0,4,1,3,4,Finland - Veikkausliiga,0.5,1.0,3,2.0,2.0,2.0,1.0,4
HJK Helsinki,2,1,0,1,3,2,1,3,Finland - Veikkausliiga,0.5,0.5,1,1.5,1.5,2.0,2.0,5
Mariehamn,3,1,0,2,4,6,-2,3,Finland - Veikkausliiga,0.33,0.33,-2,1.0,1.33,3.03,3.03,5
KTP,4,0,1,3,3,11,-8,1,Finland - Veikkausliiga,0.0,0.25,-8,0.25,0.75,0.0,4.0,6
Jaro,1,0,0,1,2,3,-1,0,Finland - Veikkausliiga,0.0,0.0,-1,0.0,2.0,0.0,0.0,7
Gnistan,1,0,0,1,1,2,-1,0,Finland - Veikkausliiga,0.0,0.0,-1,0.0,1.0,0.0,0.0,7
Oulu,1,0,0,1,1,4,-3,0,Finland - Veikkausliiga,0.0,0.0,-3,0.0,1.0,0.0,0.0,7
Ekenas IF,2,2,0,0,8,4,4,6,Finland - Ykkosliga,1.0,1.0,4,3.0,4.0,1.0,1.0,1
JIPPO,1,1,0,0,2,0,2,3,Finland - Ykkosliga,1.0,1.0,2,3.0,2.0,1.0,1.0,2
TPS,1,1,0,0,2,1,1,3,Finland - Ykkosliga,1.0,1.0,1,3.0,2.0,1.0,1.0,2
PK-35,2,0,1,1,1,2,-1,1,Finland - Ykkosliga,0.0,0.5,-1,0.5,0.5,0.0,2.0,3
Lahti,0,0,0,0,0,0,0,0,Finland - Ykkosliga,0.0,0.0,0,0.0,0.0,0.0,0.0,4
SJK Akatemia,1,0,0,1,3,4,-1,0,Finland - Ykkosliga,0.0,0.0,-1,0.0,3.0,0.0,0.0,4
SalPa,1,0,0,1,1,2,-1,0,Finland - Ykkosliga,0.0,0.0,-1,0.0,1.0,0.0,0.0,4
KaPa,1,0,0,1,0,3,-3,0,Finland - Ykkosliga,0.0,0.0,-3,0.0,0.0,0.0,0.0,4
Klubi-04,2,0,0,2,4,8,-4,0,Finland - Ykkosliga,0.0,0.0,-4,0.0,2.0,0.0,0.0,4
JaPS,1,0,0,1,0,6,-6,0,Finland - Ykkosliga,0.0,0.0,-6,0.0,0.0,0.0,0.0,4
KuPS Ak.,2,2,0,0,4,2,2,6,Finland - Ykkonen,1.0,1.0,2,3.0,2.0,1.0,1.0,1
Tampere Utd,3,2,0,1,3,2,1,6,Finland - Ykkonen,0.67,0.67,1,2.0,1.0,1.49,1.49,1
KPV Kokkola,2,1,1,0,3,2,1,4,Finland - Ykkonen,0.5,1.0,1,2.0,1.5,2.0,1.0,2
Inter Turku B,2,1,0,1,6,3,3,3,Finland - Ykkonen,0.5,0.5,3,1.5,3.0,2.0,2.0,3
JJK,1,1,0,0,4,1,3,3,Finland - Ykkonen,1.0,1.0,3,3.0,4.0,1.0,1.0,3
EPS,2,1,0,1,3,2,1,3,Finland - Ykkonen,0.5,0.5,1,1.5,1.5,2.0,2.0,3
Rovaniemi,2,1,0,1,4,6,-2,3,Finland - Ykkonen,0.5,0.5,-2,1.5,2.0,2.0,2.0,3
OLS Oulu,1,0,1,0,2,2,0,1,Finland - Ykkonen,0.0,1.0,0,1.0,2.0,0.0,1.0,4
PKKU,1,0,1,0,2,2,0,1,Finland - Ykkonen,0.0,1.0,0,1.0,2.0,0.0,1.0,4
Mikkelin,1,0,0,1,0,1,-1,0,Finland - Ykkonen,0.0,0.0,-1,0.0,0.0,0.0,0.0,5
Atlantis,2,0,0,2,2,5,-3,0,Finland - Ykkonen,0.0,0.0,-3,0.0,1.0,0.0,0.0,5
Jazz Pori,1,0,0,1,0,3,-3,0,Finland - Ykkonen,0.0,0.0,-3,0.0,0.0,0.0,0.0,5
Honka,1,1,0,0,5,0,5,3,Finland - Kakkonen Group A,1.0,1.0,5,3.0,5.0,1.0,1.0,1
VJS,1,1,0,0,5,1,4,3,Finland - Kakkonen Group A,1.0,1.0,4,3.0,5.0,1.0,1.0,1
GrIFK,1,1,0,0,4,1,3,3,Finland - Kakkonen Group A,1.0,1.0,3,3.0,4.0,1.0,1.0,1
MYPA,1,1,0,0,2,1,1,3,Finland - Kakkonen Group A,1.0,1.0,1,3.0,2.0,1.0,1.0,1
Vaajakoski,1,0,1,0,3,3,0,1,Finland - Kakkonen Group A,0.0,1.0,0,1.0,3.0,0.0,1.0,2
HaPK,2,0,1,1,1,4,-3,1,Finland - Kakkonen Group A,0.0,0.5,-3,0.5,0.5,0.0,2.0,2
PEPO,0,0,0,0,0,0,0,0,Finland - Kakkonen Group A,0.0,0.0,0,0.0,0.0,0.0,0.0,3
PuiU Helsinki,0,0,0,0,0,0,0,0,Finland - Kakkonen Group A,0.0,0.0,0,0.0,0.0,0.0,0.0,3
Reipas,2,0,0,2,1,5,-4,0,Finland - Kakkonen Group A,0.0,0.0,-4,0.0,0.5,0.0,0.0,3
JPS,2,0,0,2,0,8,-8,0,Finland - Kakkonen Group A,0.0,0.0,-8,0.0,0.0,0.0,0.0,3
Ilves B,2,2,0,0,10,1,9,6,Finland - Kakkonen Group B,1.0,1.0,9,3.0,5.0,1.0,1.0,1
TPV,1,1,0,0,4,0,4,3,Finland - Kakkonen Group B,1.0,1.0,4,3.0,4.0,1.0,1.0,2
P-Iirot,1,1,0,0,3,0,3,3,Finland - Kakkonen Group B,1.0,1.0,3,3.0,3.0,1.0,1.0,2
PPJ,1,1,0,0,3,2,1,3,Finland - Kakkonen Group B,1.0,1.0,1,3.0,3.0,1.0,1.0,2
MuSa,0,0,0,0,0,0,0,0,Finland - Kakkonen Group B,0.0,0.0,0,0.0,0.0,0.0,0.0,3
Atlantis B,1,0,0,1,2,3,-1,0,Finland - Kakkonen Group B,0.0,0.0,-1,0.0,2.0,0.0,0.0,3
NJS,1,0,0,1,1,2,-1,0,Finland - Kakkonen Group B,0.0,0.0,-1,0.0,1.0,0.0,0.0,3
Kiffen,2,0,0,2,3,5,-2,0,Finland - Kakkonen Group B,0.0,0.0,-2,0.0,1.5,0.0,0.0,3
HJS,1,0,0,1,2,4,-2,0,Finland - Kakkonen Group B,0.0,0.0,-2,0.0,2.0,0.0,0.0,3
HPS,2,0,0,2,1,4,-3,0,Finland - Kakkonen Group B,0.0,0.0,-3,0.0,0.5,0.0,0.0,3
SJK Akatemia B,2,2,0,0,9,2,7,6,Finland - Kakkonen Group C,1.0,1.0,7,3.0,4.5,1.0,1.0,1
OsPa,2,1,1,0,7,2,5,4,Finland - Kakkonen Group C,0.5,1.0,5,2.0,3.5,2.0,1.0,2
VPS B,1,1,0,0,9,0,9,3,Finland - Kakkonen Group C,1.0,1.0,9,3.0,9.0,1.0,1.0,3
JBK,1,1,0,0,3,2,1,3,Finland - Kakkonen Group C,1.0,1.0,1,3.0,3.0,1.0,1.0,3
JS Hercules,1,1,0,0,3,2,1,3,Finland - Kakkonen Group C,1.0,1.0,1,3.0,3.0,1.0,1.0,3
VIFK,1,0,1,0,1,1,0,1,Finland - Kakkonen Group C,0.0,1.0,0,1.0,1.0,0.0,1.0,4
GBK Kokkola,2,0,1,1,1,4,-3,1,Finland - Kakkonen Group C,0.0,0.5,-3,0.5,0.5,0.0,2.0,4
Narpes Kraft,0,0,0,0,0,0,0,0,Finland - Kakkonen Group C,0.0,0.0,0,0.0,0.0,0.0,0.0,5
TP-47,0,0,0,0,0,0,0,0,Finland - Kakkonen Group C,0.0,0.0,0,0.0,0.0,0.0,0.0,5
Kuopion Elo,1,0,0,1,1,3,-2,0,Finland - Kakkonen Group C,0.0,0.0,-2,0.0,1.0,0.0,0.0,5
Strasbourg,8,6,2,0,18,8,10,20,France - Ligue 1,0.75,1.0,10,2.5,2.25,1.33,1.0,1
Monaco,8,6,1,1,24,10,14,19,France - Ligue 1,0.75,0.88,14,2.38,3.0,1.33,1.14,2
Marseille,8,6,1,1,23,9,14,19,France - Ligue 1,0.75,0.88,14,2.38,2.88,1.33,1.14,2
Lyon,8,6,1,1,19,8,11,19,France - Ligue 1,0.75,0.88,11,2.38,2.38,1.33,1.14,2
Paris SG,8,6,1,1,18,9,9,19,France - Ligue 1,0.75,0.88,9,2.38,2.25,1.33,1.14,2
Lille,8,6,1,1,15,7,8,19,France - Ligue 1,0.75,0.88,8,2.38,1.88,1.33,1.14,2
Nice,8,5,1,2,11,6,5,16,France - Ligue 1,0.62,0.75,5,2.0,1.38,1.61,1.33,3
Brest,8,4,2,2,15,13,2,14,France - Ligue 1,0.5,0.75,2,1.75,1.88,2.0,1.33,4
Auxerre,8,2,4,2,10,9,1,10,France - Ligue 1,0.25,0.75,1,1.25,1.25,4.0,1.33,5
Nantes,8,2,4,2,8,8,0,10,France - Ligue 1,0.25,0.75,0,1.25,1.0,4.0,1.33,5
Rennes,8,3,0,5,7,12,-5,9,France - Ligue 1,0.38,0.38,-5,1.12,0.88,2.63,2.63,6
Saint-Etienne,8,2,3,3,14,20,-6,9,France - Ligue 1,0.25,0.62,-6,1.12,1.75,4.0,1.61,6
Lens,8,3,0,5,7,14,-7,9,France - Ligue 1,0.38,0.38,-7,1.12,0.88,2.63,2.63,6
Reims,8,2,1,5,8,12,-4,7,France - Ligue 1,0.25,0.38,-4,0.88,1.0,4.0,2.63,7
Angers,8,2,1,5,5,14,-9,7,France - Ligue 1,0.25,0.38,-9,0.88,0.62,4.0,2.63,7
Toulouse,8,1,2,5,9,14,-5,5,France - Ligue 1,0.12,0.38,-5,0.62,1.12,8.33,2.63,8
Le Havre,8,1,2,5,9,19,-10,5,France - Ligue 1,0.12,0.38,-10,0.62,1.12,8.33,2.63,8
Montpellier,8,1,1,6,4,18,-14,4,France - Ligue 1,0.12,0.25,-14,0.5,0.5,8.33,4.0,9
Paris FC,8,8,0,0,19,6,13,24,France - Ligue 2,1.0,1.0,13,3.0,2.38,1.0,1.0,1
Lorient,8,6,1,1,22,5,17,19,France - Ligue 2,0.75,0.88,17,2.38,2.75,1.33,1.14,2
Amiens,8,6,0,2,14,11,3,18,France - Ligue 2,0.75,0.75,3,2.25,1.75,1.33,1.33,3
Metz,8,5,2,1,21,10,11,17,France - Ligue 2,0.62,0.88,11,2.12,2.62,1.61,1.14,4
SC Bastia,8,5,2,1,17,7,10,17,France - Ligue 2,0.62,0.88,10,2.12,2.12,1.61,1.14,4
AC Ajaccio,8,5,1,2,13,10,3,16,France - Ligue 2,0.62,0.75,3,2.0,1.62,1.61,1.33,5
USL Dunkerque,8,4,1,3,11,6,5,13,France - Ligue 2,0.5,0.62,5,1.62,1.38,2.0,1.61,6
Guingamp,8,4,1,3,13,10,3,13,France - Ligue 2,0.5,0.62,3,1.62,1.62,2.0,1.61,6
Laval,8,4,1,3,9,6,3,13,France - Ligue 2,0.5,0.62,3,1.62,1.12,2.0,1.61,6
Rodez Aveyron,8,3,3,2,13,10,3,12,France - Ligue 2,0.38,0.75,3,1.5,1.62,2.63,1.33,7
Grenoble,8,3,3,2,11,9,2,12,France - Ligue 2,0.38,0.75,2,1.5,1.38,2.63,1.33,7
Pau FC,8,3,3,2,8,12,-4,12,France - Ligue 2,0.38,0.75,-4,1.5,1.0,2.63,1.33,7
Troyes,8,3,2,3,8,5,3,11,France - Ligue 2,0.38,0.62,3,1.38,1.0,2.63,1.61,8
Martigues,8,3,2,3,12,10,2,11,France - Ligue 2,0.38,0.62,2,1.38,1.5,2.63,1.61,8
Red Star,8,3,2,3,10,9,1,11,France - Ligue 2,0.38,0.62,1,1.38,1.25,2.63,1.61,8
Annecy,8,2,3,3,8,11,-3,9,France - Ligue 2,0.25,0.62,-3,1.12,1.0,4.0,1.61,9
Clermont,8,1,4,3,6,9,-3,7,France - Ligue 2,0.12,0.62,-3,0.88,0.75,8.33,1.61,10
Caen,8,0,3,5,5,13,-8,3,France - Ligue 2,0.0,0.38,-8,0.38,0.62,0.0,2.63,11
Nancy,8,7,0,1,14,5,9,21,France - National,0.88,0.88,9,2.62,1.75,1.14,1.14,1
Le Mans,8,5,3,0,14,5,9,18,France - National,0.62,1.0,9,2.25,1.75,1.61,1.0,2
Chateauroux,8,4,3,1,14,11,3,15,France - National,0.5,0.88,3,1.88,1.75,2.0,1.14,3
Rouen,8,4,2,2,13,11,2,14,France - National,0.5,0.75,2,1.75,1.62,2.0,1.33,4
Aubagne,8,4,1,3,13,9,4,13,France - National,0.5,0.62,4,1.62,1.62,2.0,1.61,5
Concarneau,8,3,3,2,15,11,4,12,France - National,0.38,0.75,4,1.5,1.88,2.63,1.33,6
Versailles,8,3,3,2,14,10,4,12,France - National,0.38,0.75,4,1.5,1.75,2.63,1.33,6
Boulogne,8,3,3,2,13,11,2,12,France - National,0.38,0.75,2,1.5,1.62,2.63,1.33,6
Paris 13 A.,8,3,3,2,8,7,1,12,France - National,0.38,0.75,1,1.5,1.0,2.63,1.33,6
Bourg-en-Bresse,8,2,5,1,3,2,1,11,France - National,0.25,0.88,1,1.38,0.38,4.0,1.14,7
Dijon,8,3,2,3,13,13,0,11,France - National,0.38,0.62,0,1.38,1.62,2.63,1.61,7
Nimes,8,2,4,2,6,5,1,10,France - National,0.25,0.75,1,1.25,0.75,4.0,1.33,8
Valenciennes,8,2,4,2,5,5,0,10,France - National,0.25,0.75,0,1.25,0.62,4.0,1.33,8
Villefranche,8,2,3,3,7,9,-2,9,France - National,0.25,0.62,-2,1.12,0.88,4.0,1.61,9
Quevilly Rouen,8,3,0,5,6,9,-3,9,France - National,0.38,0.38,-3,1.12,0.75,2.63,2.63,9
Sochaux,8,1,5,2,7,8,-1,8,France - National,0.12,0.75,-1,1.0,0.88,8.33,1.33,10
Orleans,8,1,3,4,11,17,-6,6,France - National,0.12,0.5,-6,0.75,1.38,8.33,2.0,11
Iberia,6,5,1,0,12,2,10,16,Georgia - Erovnuli Liga,0.83,1.0,10,2.67,2.0,1.2,1.0,1
Dinamo Batumi,6,5,1,0,9,2,7,16,Georgia - Erovnuli Liga,0.83,1.0,7,2.67,1.5,1.2,1.0,1
Dila Gori,6,4,1,1,13,4,9,13,Georgia - Erovnuli Liga,0.67,0.83,9,2.17,2.17,1.49,1.2,2
Dinamo Tbilisi,5,3,1,1,7,5,2,10,Georgia - Erovnuli Liga,0.6,0.8,2,2.0,1.4,1.67,1.25,3
Samgurali,6,2,2,2,10,3,7,8,Georgia - Erovnuli Liga,0.33,0.67,7,1.33,1.67,3.03,1.49,4
Telavi,5,2,2,1,3,2,1,8,Georgia - Erovnuli Liga,0.4,0.8,1,1.6,0.6,2.5,1.25,4
Kolkheti Poti,7,2,2,3,5,8,-3,8,Georgia - Erovnuli Liga,0.29,0.57,-3,1.14,0.71,3.45,1.75,4
Torpedo Kutaisi,6,2,1,3,7,7,0,7,Georgia - Erovnuli Liga,0.33,0.5,0,1.17,1.17,3.03,2.0,5
Gareji Sagarejo,4,0,2,2,1,3,-2,2,Georgia - Erovnuli Liga,0.0,0.5,-2,0.5,0.25,0.0,2.0,6
Gagra,5,0,1,4,1,9,-8,1,Georgia - Erovnuli Liga,0.0,0.2,-8,0.2,0.2,0.0,5.0,7
Spaeri,5,3,2,0,12,5,7,11,Georgia - Erovnuli Liga 2,0.6,1.0,7,2.2,2.4,1.67,1.0,1
Bolnisi,5,3,1,1,7,3,4,10,Georgia - Erovnuli Liga 2,0.6,0.8,4,2.0,1.4,1.67,1.25,2
Rustavi,5,3,1,1,8,6,2,10,Georgia - Erovnuli Liga 2,0.6,0.8,2,2.0,1.6,1.67,1.25,2
Iberia B,5,2,1,2,5,4,1,7,Georgia - Erovnuli Liga 2,0.4,0.6,1,1.4,1.0,2.5,1.67,3
Merani Martvili,5,2,1,2,8,10,-2,7,Georgia - Erovnuli Liga 2,0.4,0.6,-2,1.4,1.6,2.5,1.67,3
L. Tbilisi,5,1,3,1,9,8,1,6,Georgia - Erovnuli Liga 2,0.2,0.8,1,1.2,1.8,5.0,1.25,4
Meshakhte,5,0,4,1,4,5,-1,4,Georgia - Erovnuli Liga 2,0.0,0.8,-1,0.8,0.8,0.0,1.25,5
Samtredia,5,0,4,1,3,4,-1,4,Georgia - Erovnuli Liga 2,0.0,0.8,-1,0.8,0.6,0.0,1.25,5
Gonio,5,1,1,3,5,8,-3,4,Georgia - Erovnuli Liga 2,0.2,0.4,-3,0.8,1.0,5.0,2.5,5
D. Tbilisi B,5,0,2,3,2,5,-3,2,Georgia - Erovnuli Liga 2,0.0,0.4,-3,0.4,0.4,0.0,2.5,6
Bayern Munich,8,6,1,1,24,12,12,19,Germany - Bundesliga,0.75,0.88,12,2.38,3.0,1.33,1.14,1
Leverkusen,8,5,2,1,12,5,7,17,Germany - Bundesliga,0.62,0.88,7,2.12,1.5,1.61,1.14,2
E. Frankfurt,8,5,1,2,16,8,8,16,Germany - Bundesliga,0.62,0.75,8,2.0,2.0,1.61,1.33,3
FSV Mainz,8,4,4,0,13,6,7,16,Germany - Bundesliga,0.5,1.0,7,2.0,1.62,2.0,1.0,3
RB Leipzig,8,4,3,1,17,10,7,15,Germany - Bundesliga,0.5,0.88,7,1.88,2.12,2.0,1.14,4
Freiburg,8,4,1,3,15,12,3,13,Germany - Bundesliga,0.5,0.62,3,1.62,1.88,2.0,1.61,5
Dortmund,8,3,2,3,18,12,6,11,Germany - Bundesliga,0.38,0.62,6,1.38,2.25,2.63,1.61,6
Monchengladbach,8,3,1,4,11,11,0,10,Germany - Bundesliga,0.38,0.5,0,1.25,1.38,2.63,2.0,7
Werder Bremen,8,3,1,4,8,11,-3,10,Germany - Bundesliga,0.38,0.5,-3,1.25,1.0,2.63,2.0,7
Sankt Pauli,8,2,3,3,7,7,0,9,Germany - Bundesliga,0.25,0.62,0,1.12,0.88,4.0,1.61,8
Union Berlin,8,2,3,3,9,11,-2,9,Germany - Bundesliga,0.25,0.62,-2,1.12,1.12,4.0,1.61,8
FC Augsburg,8,2,3,3,4,7,-3,9,Germany - Bundesliga,0.25,0.62,-3,1.12,0.5,4.0,1.61,8
Holstein Kiel,8,2,2,4,14,19,-5,8,Germany - Bundesliga,0.25,0.5,-5,1.0,1.75,4.0,2.0,9
Wolfsburg,8,1,4,3,11,10,1,7,Germany - Bundesliga,0.12,0.62,1,0.88,1.38,8.33,1.61,10
Hoffenheim,8,1,4,3,9,13,-4,7,Germany - Bundesliga,0.12,0.62,-4,0.88,1.12,8.33,1.61,10
Stuttgart,8,2,0,6,13,15,-2,6,Germany - Bundesliga,0.25,0.25,-2,0.75,1.62,4.0,4.0,11
Bochum,8,1,2,5,8,15,-7,5,Germany - Bundesliga,0.12,0.38,-7,0.62,1.0,8.33,2.63,12
Heidenheim,8,1,1,6,4,15,-11,4,Germany - Bundesliga,0.12,0.25,-11,0.5,0.5,8.33,4.0,13
Kaiserslautern,8,5,2,1,14,7,7,17,Germany - 2. Bundesliga,0.62,0.88,7,2.12,1.75,1.61,1.14,1
FC Koln,8,5,2,1,13,7,6,17,Germany - 2. Bundesliga,0.62,0.88,6,2.12,1.62,1.61,1.14,1
Darmstadt,8,5,1,2,14,6,8,16,Germany - 2. Bundesliga,0.62,0.75,8,2.0,1.75,1.61,1.33,2
Karlsruher SC,8,5,1,2,12,8,4,16,Germany - 2. Bundesliga,0.62,0.75,4,2.0,1.5,1.61,1.33,2
Regensburg,8,4,3,1,10,5,5,15,Germany - 2. Bundesliga,0.5,0.88,5,1.88,1.25,2.0,1.14,3
FC Nurnberg,8,5,0,3,12,9,3,15,Germany - 2. Bundesliga,0.62,0.62,3,1.88,1.5,1.61,1.61,3
Hamburger SV,8,4,2,2,18,9,9,14,Germany - 2. Bundesliga,0.5,0.75,9,1.75,2.25,2.0,1.33,4
Dusseldorf,8,4,2,2,15,15,0,14,Germany - 2. Bundesliga,0.5,0.75,0,1.75,1.88,2.0,1.33,4
Magdeburg,8,4,1,3,16,14,2,13,Germany - 2. Bundesliga,0.5,0.62,2,1.62,2.0,2.0,1.61,5
Schalke 04,8,4,1,3,13,14,-1,13,Germany - 2. Bundesliga,0.5,0.62,-1,1.62,1.62,2.0,1.61,5
Greuther Furth,8,3,3,2,13,11,2,12,Germany - 2. Bundesliga,0.38,0.75,2,1.5,1.62,2.63,1.33,6
Elversberg,8,3,2,3,18,13,5,11,Germany - 2. Bundesliga,0.38,0.62,5,1.38,2.25,2.63,1.61,7
Ulm,8,3,2,3,11,9,2,11,Germany - 2. Bundesliga,0.38,0.62,2,1.38,1.38,2.63,1.61,7
Braunschweig,8,3,2,3,9,13,-4,11,Germany - 2. Bundesliga,0.38,0.62,-4,1.38,1.12,2.63,1.61,7
Paderborn,8,3,1,4,14,12,2,10,Germany - 2. Bundesliga,0.38,0.5,2,1.25,1.75,2.63,2.0,8
Preuss. Munster,8,2,4,2,8,7,1,10,Germany - 2. Bundesliga,0.25,0.75,1,1.25,1.0,4.0,1.33,8
Hannover 96,8,1,6,1,7,8,-1,9,Germany - 2. Bundesliga,0.12,0.88,-1,1.12,0.88,8.33,1.14,9
Hertha Berlin,8,1,3,4,9,11,-2,6,Germany - 2. Bundesliga,0.12,0.5,-2,0.75,1.12,8.33,2.0,10
Dynamo Dresden,8,5,2,1,16,7,9,17,Germany - 3. Liga,0.62,0.88,9,2.12,2.0,1.61,1.14,1
Hansa Rostock,8,5,2,1,14,6,8,17,Germany - 3. Liga,0.62,0.88,8,2.12,1.75,1.61,1.14,1
RW Essen,8,5,2,1,16,9,7,17,Germany - 3. Liga,0.62,0.88,7,2.12,2.0,1.61,1.14,1
1860 Munchen,8,5,2,1,14,8,6,17,Germany - 3. Liga,0.62,0.88,6,2.12,1.75,1.61,1.14,1
Erzgebirge Aue,8,5,2,1,11,6,5,17,Germany - 3. Liga,0.62,0.88,5,2.12,1.38,1.61,1.14,1
Bielefeld,8,5,1,2,20,11,9,16,Germany - 3. Liga,0.62,0.75,9,2.0,2.5,1.61,1.33,2
Saarbrucken,8,5,1,2,16,10,6,16,Germany - 3. Liga,0.62,0.75,6,2.0,2.0,1.61,1.33,2
Verl,8,5,1,2,15,9,6,16,Germany - 3. Liga,0.62,0.75,6,2.0,1.88,1.61,1.33,2
Viktoria Koln,8,5,0,3,12,8,4,15,Germany - 3. Liga,0.62,0.62,4,1.88,1.5,1.61,1.61,3
Alemannia A.,8,4,2,2,9,6,3,14,Germany - 3. Liga,0.5,0.75,3,1.75,1.12,2.0,1.33,4
Energie Cottbus,8,4,2,2,9,7,2,14,Germany - 3. Liga,0.5,0.75,2,1.75,1.12,2.0,1.33,4
FC Ingolstadt,8,4,2,2,13,13,0,14,Germany - 3. Liga,0.5,0.75,0,1.75,1.62,2.0,1.33,4
Osnabruck,8,4,1,3,6,4,2,13,Germany - 3. Liga,0.5,0.62,2,1.62,0.75,2.0,1.61,5
VfB Stuttgart B,8,4,1,3,11,11,0,13,Germany - 3. Liga,0.5,0.62,0,1.62,1.38,2.0,1.61,5
Mannheim,8,3,3,2,12,10,2,12,Germany - 3. Liga,0.38,0.75,2,1.5,1.5,2.63,1.33,6
Wehen Wiesbaden,8,2,3,3,9,9,0,9,Germany - 3. Liga,0.25,0.62,0,1.12,1.12,4.0,1.61,7
Hannover 96 B,8,2,3,3,13,18,-5,9,Germany - 3. Liga,0.25,0.62,-5,1.12,1.62,4.0,1.61,7
Dortmund B,8,2,2,4,9,16,-7,8,Germany - 3. Liga,0.25,0.5,-7,1.0,1.12,4.0,2.0,8
Unterhaching,8,1,2,5,9,15,-6,5,Germany - 3. Liga,0.12,0.38,-6,0.62,1.12,8.33,2.63,9
Sandhausen,8,1,1,6,11,19,-8,4,Germany - 3. Liga,0.12,0.25,-8,0.5,1.38,8.33,4.0,10
Medeama,8,7,1,0,19,4,15,22,Ghana - Premier League,0.88,1.0,15,2.75,2.38,1.14,1.0,1
Asante Kotoko,8,7,1,0,13,2,11,22,Ghana - Premier League,0.88,1.0,11,2.75,1.62,1.14,1.0,1
Berekum Chelsea,8,6,2,0,11,2,9,20,Ghana - Premier League,0.75,1.0,9,2.5,1.38,1.33,1.0,2
Bibiani GS,8,6,2,0,10,3,7,20,Ghana - Premier League,0.75,1.0,7,2.5,1.25,1.33,1.0,2
Bechem Utd,8,6,0,2,13,4,9,18,Ghana - Premier League,0.75,0.75,9,2.25,1.62,1.33,1.33,3
Nations,8,6,0,2,13,5,8,18,Ghana - Premier League,0.75,0.75,8,2.25,1.62,1.33,1.33,3
Vision,8,5,3,0,13,7,6,18,Ghana - Premier League,0.62,1.0,6,2.25,1.62,1.61,1.0,3
Aduana Stars,8,5,2,1,11,3,8,17,Ghana - Premier League,0.62,0.88,8,2.12,1.38,1.61,1.14,4
Holy Stars,8,5,2,1,11,3,8,17,Ghana - Premier League,0.62,0.88,8,2.12,1.38,1.61,1.14,4
Dreams,8,5,2,1,9,4,5,17,Ghana - Premier League,0.62,0.88,5,2.12,1.12,1.61,1.14,4
Samartex,8,4,4,0,12,4,8,16,Ghana - Premier League,0.5,1.0,8,2.0,1.5,2.0,1.0,5
Hearts of Oak,8,5,1,2,8,3,5,16,Ghana - Premier League,0.62,0.75,5,2.0,1.0,1.61,1.33,5
Young Apostles,8,4,4,0,7,2,5,16,Ghana - Premier League,0.5,1.0,5,2.0,0.88,2.0,1.0,5
Accra Lions,8,5,1,2,12,8,4,16,Ghana - Premier League,0.62,0.75,4,2.0,1.5,1.61,1.33,5
Heart of Lions,8,5,1,2,10,6,4,16,Ghana - Premier League,0.62,0.75,4,2.0,1.25,1.61,1.33,5
Karela,8,4,3,1,12,7,5,15,Ghana - Premier League,0.5,0.88,5,1.88,1.5,2.0,1.14,6
Legon Cities,8,4,1,3,10,6,4,13,Ghana - Premier League,0.5,0.62,4,1.62,1.25,2.0,1.61,7
Nsoatreman,8,2,1,5,3,14,-11,7,Ghana - Premier League,0.25,0.38,-11,0.88,0.38,4.0,2.63,8
Lincoln RI,8,7,0,1,19,4,15,21,Gibraltar - Premier Division,0.88,0.88,15,2.62,2.38,1.14,1.14,1
St Josephs,8,6,1,1,12,6,6,19,Gibraltar - Premier Division,0.75,0.88,6,2.38,1.5,1.33,1.14,2
Europa FC,8,5,1,2,20,7,13,16,Gibraltar - Premier Division,0.62,0.75,13,2.0,2.5,1.61,1.33,3
Magpies,8,4,0,4,14,13,1,12,Gibraltar - Premier Division,0.5,0.5,1,1.5,1.75,2.0,2.0,4
Lynx,8,4,0,4,13,22,-9,12,Gibraltar - Premier Division,0.5,0.5,-9,1.5,1.62,2.0,2.0,4
Manchester 62,8,3,2,3,15,11,4,11,Gibraltar - Premier Division,0.38,0.62,4,1.38,1.88,2.63,1.61,5
Lions FC,8,3,0,5,14,19,-5,9,Gibraltar - Premier Division,0.38,0.38,-5,1.12,1.75,2.63,2.63,6
Glacis Utd,8,3,0,5,12,22,-10,9,Gibraltar - Premier Division,0.38,0.38,-10,1.12,1.5,2.63,2.63,6
College 1975,8,2,2,4,7,14,-7,8,Gibraltar - Premier Division,0.25,0.5,-7,1.0,0.88,4.0,2.0,7
Mons Calpe,8,2,0,6,9,21,-12,6,Gibraltar - Premier Division,0.25,0.25,-12,0.75,1.12,4.0,4.0,8
Europa Point,8,0,2,6,6,32,-26,2,Gibraltar - Premier Division,0.0,0.25,-26,0.25,0.75,0.0,4.0,9
Panathinaikos,8,8,0,0,17,6,11,24,Greece - Super League,1.0,1.0,11,3.0,2.12,1.0,1.0,1
Olympiakos,8,6,2,0,13,6,7,20,Greece - Super League,0.75,1.0,7,2.5,1.62,1.33,1.0,2
PAOK,8,6,0,2,19,6,13,18,Greece - Super League,0.75,0.75,13,2.25,2.38,1.33,1.33,3
Aris,8,4,2,2,7,5,2,14,Greece - Super League,0.5,0.75,2,1.75,0.88,2.0,1.33,4
AEK Athens,8,4,1,3,13,8,5,13,Greece - Super League,0.5,0.62,5,1.62,1.62,2.0,1.61,5
OFI Crete,8,4,1,3,13,12,1,13,Greece - Super League,0.5,0.62,1,1.62,1.62,2.0,1.61,5
Panserraikos,8,3,4,1,12,11,1,13,Greece - Super League,0.38,0.88,1,1.62,1.5,2.63,1.14,5
Asteras T.,8,4,0,4,8,9,-1,12,Greece - Super League,0.5,0.5,-1,1.5,1.0,2.0,2.0,6
A. Kallithea,8,3,2,3,9,11,-2,11,Greece - Super League,0.38,0.62,-2,1.38,1.12,2.63,1.61,7
Levadiakos,8,3,1,4,10,7,3,10,Greece - Super League,0.38,0.5,3,1.25,1.25,2.63,2.0,8
Panaitolikos,8,3,1,4,5,6,-1,10,Greece - Super League,0.38,0.5,-1,1.25,0.62,2.63,2.0,8
Volos,8,2,2,4,8,9,-1,8,Greece - Super League,0.25,0.5,-1,1.0,1.0,4.0,2.0,9
Atromitos,8,2,2,4,6,8,-2,8,Greece - Super League,0.25,0.5,-2,1.0,0.75,4.0,2.0,9
Lamia,8,2,0,6,5,14,-9,6,Greece - Super League,0.25,0.25,-9,0.75,0.62,4.0,4.0,10
Municipal,8,6,2,0,20,5,15,20,Guatemala - Liga Nacional - Apertura,0.75,1.0,15,2.5,2.5,1.33,1.0,1
Xelaju,8,6,2,0,18,4,14,20,Guatemala - Liga Nacional - Apertura,0.75,1.0,14,2.5,2.25,1.33,1.0,1
Antigua GFC,8,5,2,1,18,9,9,17,Guatemala - Liga Nacional - Apertura,0.62,0.88,9,2.12,2.25,1.61,1.14,2
Malacateco,8,5,1,2,12,3,9,16,Guatemala - Liga Nacional - Apertura,0.62,0.75,9,2.0,1.5,1.61,1.33,3
Xinabajul,8,5,1,2,15,9,6,16,Guatemala - Liga Nacional - Apertura,0.62,0.75,6,2.0,1.88,1.61,1.33,3
Coban Imperial,8,4,3,1,17,8,9,15,Guatemala - Liga Nacional - Apertura,0.5,0.88,9,1.88,2.12,2.0,1.14,4
Mixco,8,4,3,1,7,3,4,15,Guatemala - Liga Nacional - Apertura,0.5,0.88,4,1.88,0.88,2.0,1.14,4
Achuapa,8,3,4,1,10,7,3,13,Guatemala - Liga Nacional - Apertura,0.38,0.88,3,1.62,1.25,2.63,1.14,5
Comunicaciones,8,4,1,3,13,11,2,13,Guatemala - Liga Nacional - Apertura,0.5,0.62,2,1.62,1.62,2.0,1.61,5
Guastatoya,8,2,4,2,12,8,4,10,Guatemala - Liga Nacional - Apertura,0.25,0.75,4,1.25,1.5,4.0,1.33,6
Marquense,8,2,4,2,8,7,1,10,Guatemala - Liga Nacional - Apertura,0.25,0.75,1,1.25,1.0,4.0,1.33,6
Zacapa Tellioz,8,0,4,4,2,7,-5,4,Guatemala - Liga Nacional - Apertura,0.0,0.5,-5,0.5,0.25,0.0,2.0,7
Comunicaciones,8,6,1,1,13,9,4,19,guatemala2,0.75,0.88,4,2.38,1.62,1.33,1.14,1
Malacateco,8,5,2,1,17,8,9,17,guatemala2,0.62,0.88,9,2.12,2.12,1.61,1.14,2
Xelaju,8,5,2,1,16,9,7,17,guatemala2,0.62,0.88,7,2.12,2.0,1.61,1.14,2
Coban Imperial,8,5,2,1,11,4,7,17,guatemala2,0.62,0.88,7,2.12,1.38,1.61,1.14,2
Municipal,8,5,2,1,10,6,4,17,guatemala2,0.62,0.88,4,2.12,1.25,1.61,1.14,2
Mixco,8,5,1,2,11,8,3,16,guatemala2,0.62,0.75,3,2.0,1.38,1.61,1.33,3
Marquense,8,4,3,1,9,4,5,15,guatemala2,0.5,0.88,5,1.88,1.12,2.0,1.14,4
Antigua GFC,8,4,2,2,16,9,7,14,guatemala2,0.5,0.75,7,1.75,2.0,2.0,1.33,5
Guastatoya,8,4,2,2,8,7,1,14,guatemala2,0.5,0.75,1,1.75,1.0,2.0,1.33,5
Achuapa,8,3,3,2,8,7,1,12,guatemala2,0.38,0.75,1,1.5,1.0,2.63,1.33,6
Xinabajul,8,1,4,3,7,9,-2,7,guatemala2,0.12,0.62,-2,0.88,0.88,8.33,1.61,7
Olimpia,8,6,2,0,23,6,17,20,Honduras - Liga Nacional - Apertura,0.75,1.0,17,2.5,2.88,1.33,1.0,1
Olancho,8,5,2,1,20,6,14,17,Honduras - Liga Nacional - Apertura,0.62,0.88,14,2.12,2.5,1.61,1.14,2
Victoria,8,5,1,2,18,10,8,16,Honduras - Liga Nacional - Apertura,0.62,0.75,8,2.0,2.25,1.61,1.33,3
Motagua,8,4,2,2,16,12,4,14,Honduras - Liga Nacional - Apertura,0.5,0.75,4,1.75,2.0,2.0,1.33,4
UPNFM,8,4,1,3,11,11,0,13,Honduras - Liga Nacional - Apertura,0.5,0.62,0,1.62,1.38,2.0,1.61,5
Marathon,8,3,3,2,11,7,4,12,Honduras - Liga Nacional - Apertura,0.38,0.75,4,1.5,1.38,2.63,1.33,6
Genesis,8,3,3,2,11,8,3,12,Honduras - Liga Nacional - Apertura,0.38,0.75,3,1.5,1.38,2.63,1.33,6
Real Espana,8,3,3,2,8,8,0,12,Honduras - Liga Nacional - Apertura,0.38,0.75,0,1.5,1.0,2.63,1.33,6
Juticalpa,8,2,2,4,6,8,-2,8,Honduras - Liga Nacional - Apertura,0.25,0.5,-2,1.0,0.75,4.0,2.0,7
Real Sociedad,8,1,4,3,5,11,-6,7,Honduras - Liga Nacional - Apertura,0.12,0.62,-6,0.88,0.62,8.33,1.61,8
Motagua,8,5,2,1,20,8,12,17,honduras2,0.62,0.88,12,2.12,2.5,1.61,1.14,1
Real Espana,8,5,2,1,13,6,7,17,honduras2,0.62,0.88,7,2.12,1.62,1.61,1.14,1
Olimpia,8,4,3,1,12,6,6,15,honduras2,0.5,0.88,6,1.88,1.5,2.0,1.14,2
Marathon,8,3,4,1,13,7,6,13,honduras2,0.38,0.88,6,1.62,1.62,2.63,1.14,3
Genesis,8,2,6,0,13,10,3,12,honduras2,0.25,1.0,3,1.5,1.62,4.0,1.0,4
UPNFM,8,3,3,2,11,10,1,12,honduras2,0.38,0.75,1,1.5,1.38,2.63,1.33,4
Olancho,8,3,2,3,9,10,-1,11,honduras2,0.38,0.62,-1,1.38,1.12,2.63,1.61,5
Victoria,8,2,4,2,6,8,-2,10,honduras2,0.25,0.75,-2,1.25,0.75,4.0,1.33,6
Real Sociedad,8,1,5,2,6,10,-4,8,honduras2,0.12,0.75,-4,1.0,0.75,8.33,1.33,7
Juticalpa,8,1,1,6,3,10,-7,4,honduras2,0.12,0.25,-7,0.5,0.38,8.33,4.0,8
LM Warriors,8,6,1,1,23,15,8,19,Hong Kong - Premier League,0.75,0.88,8,2.38,2.88,1.33,1.14,1
Tai Po,8,5,1,2,13,9,4,16,Hong Kong - Premier League,0.62,0.75,4,2.0,1.62,1.61,1.33,2
Eastern,8,4,3,1,18,11,7,15,Hong Kong - Premier League,0.5,0.88,7,1.88,2.25,2.0,1.14,3
Kitchee,8,4,1,3,19,8,11,13,Hong Kong - Premier League,0.5,0.62,11,1.62,2.38,2.0,1.61,4
Southern D.,8,3,2,3,11,9,2,11,Hong Kong - Premier League,0.38,0.62,2,1.38,1.38,2.63,1.61,5
North District,8,3,2,3,18,18,0,11,Hong Kong - Premier League,0.38,0.62,0,1.38,2.25,2.63,1.61,5
HK Rangers,8,2,2,4,12,16,-4,8,Hong Kong - Premier League,0.25,0.5,-4,1.0,1.5,4.0,2.0,6
Hong Kong FC,8,2,1,5,8,16,-8,7,Hong Kong - Premier League,0.25,0.38,-8,0.88,1.0,4.0,2.63,7
Kowloon City,8,2,0,6,11,28,-17,6,Hong Kong - Premier League,0.25,0.25,-17,0.75,1.38,4.0,4.0,8
Paks,8,5,3,0,23,11,12,18,Hungary - NB I,0.62,1.0,12,2.25,2.88,1.61,1.0,1
Puskas A.,8,5,2,1,15,10,5,17,Hungary - NB I,0.62,0.88,5,2.12,1.88,1.61,1.14,2
Gyor,8,5,1,2,14,7,7,16,Hungary - NB I,0.62,0.75,7,2.0,1.75,1.61,1.33,3
Ferencvaros,8,4,3,1,19,7,12,15,Hungary - NB I,0.5,0.88,12,1.88,2.38,2.0,1.14,4
MTK Budapest,8,4,0,4,16,11,5,12,Hungary - NB I,0.5,0.5,5,1.5,2.0,2.0,2.0,5
Debrecen,8,4,0,4,19,16,3,12,Hungary - NB I,0.5,0.5,3,1.5,2.38,2.0,2.0,5
Kecskemeti TE,8,2,5,1,12,8,4,11,Hungary - NB I,0.25,0.88,4,1.38,1.5,4.0,1.14,6
Zalaegerszegi,8,2,5,1,8,8,0,11,Hungary - NB I,0.25,0.88,0,1.38,1.0,4.0,1.14,6
Nyiregyhaza,8,3,2,3,6,6,0,11,Hungary - NB I,0.38,0.62,0,1.38,0.75,2.63,1.61,6
DVTK,8,3,2,3,12,13,-1,11,Hungary - NB I,0.38,0.62,-1,1.38,1.5,2.63,1.61,6
Fehervar,8,2,2,4,5,8,-3,8,Hungary - NB I,0.25,0.5,-3,1.0,0.62,4.0,2.0,7
Ujpest,8,1,5,2,9,13,-4,8,Hungary - NB I,0.12,0.75,-4,1.0,1.12,8.33,1.33,7
Vasas,8,8,0,0,17,3,14,24,Hungary - NB II,1.0,1.0,14,3.0,2.12,1.0,1.0,1
Kisvarda,8,6,2,0,17,8,9,20,Hungary - NB II,0.75,1.0,9,2.5,2.12,1.33,1.0,2
Honved,8,6,1,1,18,7,11,19,Hungary - NB II,0.75,0.88,11,2.38,2.25,1.33,1.14,3
Kazincbarcika,8,5,3,0,12,4,8,18,Hungary - NB II,0.62,1.0,8,2.25,1.5,1.61,1.0,4
Kozarmisleny,8,5,0,3,12,8,4,15,Hungary - NB II,0.62,0.62,4,1.88,1.5,1.61,1.61,5
Mezokovesd,8,4,2,2,13,7,6,14,Hungary - NB II,0.5,0.75,6,1.75,1.62,2.0,1.33,6
Soroksar,8,4,2,2,15,10,5,14,Hungary - NB II,0.5,0.75,5,1.75,1.88,2.0,1.33,6
Szeged,8,4,1,3,13,10,3,13,Hungary - NB II,0.5,0.62,3,1.62,1.62,2.0,1.61,7
Szentlorinc,8,3,4,1,9,7,2,13,Hungary - NB II,0.38,0.88,2,1.62,1.12,2.63,1.14,7
Tatabanya,8,3,3,2,8,10,-2,12,Hungary - NB II,0.38,0.75,-2,1.5,1.0,2.63,1.33,8
Bekescsaba,8,3,2,3,10,11,-1,11,Hungary - NB II,0.38,0.62,-1,1.38,1.25,2.63,1.61,9
Ajka,8,2,3,3,8,7,1,9,Hungary - NB II,0.25,0.62,1,1.12,1.0,4.0,1.61,10
Gyirmot,8,2,3,3,10,10,0,9,Hungary - NB II,0.25,0.62,0,1.12,1.25,4.0,1.61,10
BVSC,8,2,3,3,7,9,-2,9,Hungary - NB II,0.25,0.62,-2,1.12,0.88,4.0,1.61,10
Csakvari,8,2,3,3,10,14,-4,9,Hungary - NB II,0.25,0.62,-4,1.12,1.25,4.0,1.61,10
Budafoki,8,2,2,4,13,15,-2,8,Hungary - NB II,0.25,0.5,-2,1.0,1.62,4.0,2.0,11
Vikingur R.,2,2,0,0,6,0,6,6,Iceland - Besta deild,1.0,1.0,6,3.0,3.0,1.0,1.0,1
Fram,3,2,0,1,7,3,4,6,Iceland - Besta deild,0.67,0.67,4,2.0,2.33,1.49,1.49,1
Breidablik,2,2,0,0,4,1,3,6,Iceland - Besta deild,1.0,1.0,3,3.0,2.0,1.0,1.0,1
Stjarnan,3,2,0,1,6,5,1,6,Iceland - Besta deild,0.67,0.67,1,2.0,2.0,1.49,1.49,1
Valur,3,1,2,0,5,3,2,5,Iceland - Besta deild,0.33,1.0,2,1.67,1.67,3.03,1.0,2
KR Reykjavik,2,1,1,0,8,3,5,4,Iceland - Besta deild,0.5,1.0,5,2.0,4.0,2.0,1.0,3
KA Akureyri,2,1,1,0,5,4,1,4,Iceland - Besta deild,0.5,1.0,1,2.0,2.5,2.0,1.0,3
Afturelding,2,1,1,0,1,0,1,4,Iceland - Besta deild,0.5,1.0,1,2.0,0.5,2.0,1.0,3
IBV,1,1,0,0,3,1,2,3,Iceland - Besta deild,1.0,1.0,2,3.0,3.0,1.0,1.0,4
Vestri,2,1,0,1,1,1,0,3,Iceland - Besta deild,0.5,0.5,0,1.5,0.5,2.0,2.0,4
Hafnarfjordur,1,0,1,0,2,2,0,1,Iceland - Besta deild,0.0,1.0,0,1.0,2.0,0.0,1.0,5
IA Akranes,1,0,0,1,0,2,-2,0,Iceland - Besta deild,0.0,0.0,-2,0.0,0.0,0.0,0.0,6
Selfoss,1,1,0,0,2,1,1,3,Iceland - 1. Deild,1.0,1.0,1,3.0,2.0,1.0,1.0,1
Njardvik,1,0,1,0,1,1,0,1,Iceland - 1. Deild,0.0,1.0,0,1.0,1.0,0.0,1.0,2
Thor Akureyri,1,0,1,0,1,1,0,1,Iceland - 1. Deild,0.0,1.0,0,1.0,1.0,0.0,1.0,2
Throttur R.,1,0,1,0,1,1,0,1,Iceland - 1. Deild,0.0,1.0,0,1.0,1.0,0.0,1.0,2
Fylkir,0,0,0,0,0,0,0,0,Iceland - 1. Deild,0.0,0.0,0,0.0,0.0,0.0,0.0,3
Grindavik,0,0,0,0,0,0,0,0,Iceland - 1. Deild,0.0,0.0,0,0.0,0.0,0.0,0.0,3
HK Kopavogur,0,0,0,0,0,0,0,0,Iceland - 1. Deild,0.0,0.0,0,0.0,0.0,0.0,0.0,3
IR Reykjavik,0,0,0,0,0,0,0,0,Iceland - 1. Deild,0.0,0.0,0,0.0,0.0,0.0,0.0,3
Keflavik,0,0,0,0,0,0,0,0,Iceland - 1. Deild,0.0,0.0,0,0.0,0.0,0.0,0.0,3
Leiknir R.,0,0,0,0,0,0,0,0,Iceland - 1. Deild,0.0,0.0,0,0.0,0.0,0.0,0.0,3
Volsungur,0,0,0,0,0,0,0,0,Iceland - 1. Deild,0.0,0.0,0,0.0,0.0,0.0,0.0,3
Fjolnir,1,0,0,1,1,3,-2,0,Iceland - 1. Deild,0.0,0.0,-2,0.0,1.0,0.0,0.0,3
KFG,1,0,1,0,0,0,0,1,Iceland - 2. Deild,0.0,1.0,0,1.0,0.0,0.0,1.0,1
Aeggir,0,0,0,0,0,0,0,0,Iceland - 2. Deild,0.0,0.0,0,0.0,0.0,0.0,0.0,2
Dalvik/Reynir,0,0,0,0,0,0,0,0,Iceland - 2. Deild,0.0,0.0,0,0.0,0.0,0.0,0.0,2
Grotta,0,0,0,0,0,0,0,0,Iceland - 2. Deild,0.0,0.0,0,0.0,0.0,0.0,0.0,2
Haukar,0,0,0,0,0,0,0,0,Iceland - 2. Deild,0.0,0.0,0,0.0,0.0,0.0,0.0,2
Hottur/Huginn,0,0,0,0,0,0,0,0,Iceland - 2. Deild,0.0,0.0,0,0.0,0.0,0.0,0.0,2
Kari,0,0,0,0,0,0,0,0,Iceland - 2. Deild,0.0,0.0,0,0.0,0.0,0.0,0.0,2
KFA,0,0,0,0,0,0,0,0,Iceland - 2. Deild,0.0,0.0,0,0.0,0.0,0.0,0.0,2
Kormakur/Hvot,0,0,0,0,0,0,0,0,Iceland - 2. Deild,0.0,0.0,0,0.0,0.0,0.0,0.0,2
Throttur Vogar,0,0,0,0,0,0,0,0,Iceland - 2. Deild,0.0,0.0,0,0.0,0.0,0.0,0.0,2
V. Olafsvik,0,0,0,0,0,0,0,0,Iceland - 2. Deild,0.0,0.0,0,0.0,0.0,0.0,0.0,2
Vidir,0,0,0,0,0,0,0,0,Iceland - 2. Deild,0.0,0.0,0,0.0,0.0,0.0,0.0,2
Mohun Bagan,8,8,0,0,15,2,13,24,India - Super League,1.0,1.0,13,3.0,1.88,1.0,1.0,1
Goa,8,7,1,0,14,4,10,22,India - Super League,0.88,1.0,10,2.75,1.75,1.14,1.0,2
Jamshedpur,8,5,1,2,14,10,4,16,India - Super League,0.62,0.75,4,2.0,1.75,1.61,1.33,3
Kerala Blasters,8,4,2,2,11,7,4,14,India - Super League,0.5,0.75,4,1.75,1.38,2.0,1.33,4
East Bengal,8,4,1,3,13,12,1,13,India - Super League,0.5,0.62,1,1.62,1.62,2.0,1.61,5
Bengaluru,8,3,2,3,14,12,2,11,India - Super League,0.38,0.62,2,1.38,1.75,2.63,1.61,6
Odisha FC,8,2,5,1,13,11,2,11,India - Super League,0.25,0.88,2,1.38,1.62,4.0,1.14,6
Chennaiyin,8,3,2,3,13,15,-2,11,India - Super League,0.38,0.62,-2,1.38,1.62,2.63,1.61,6
Mumbai City,8,3,2,3,8,11,-3,11,India - Super League,0.38,0.62,-3,1.38,1.0,2.63,1.61,6
Hyderabad,8,2,4,2,12,14,-2,10,India - Super League,0.25,0.75,-2,1.25,1.5,4.0,1.33,7
NorthEast Utd,8,2,3,3,10,9,1,9,India - Super League,0.25,0.62,1,1.12,1.25,4.0,1.61,8
Punjab,8,2,1,5,9,13,-4,7,India - Super League,0.25,0.38,-4,0.88,1.12,4.0,2.63,9
Mohammedan,8,0,3,5,6,16,-10,3,India - Super League,0.0,0.38,-10,0.38,0.75,0.0,2.63,10
Shillong Lajong,8,5,3,0,25,6,19,18,India - I-League,0.62,1.0,19,2.25,3.12,1.61,1.0,1
Real Kashmir,8,5,3,0,14,6,8,18,India - I-League,0.62,1.0,8,2.25,1.75,1.61,1.0,1
Inter Kashi,8,6,0,2,19,15,4,18,India - I-League,0.75,0.75,4,2.25,2.38,1.33,1.33,1
Namdhari,8,5,2,1,16,9,7,17,India - I-League,0.62,0.88,7,2.12,2.0,1.61,1.14,2
Churchill B.,8,4,4,0,20,10,10,16,India - I-League,0.5,1.0,10,2.0,2.5,2.0,1.0,3
Rajasthan,8,4,2,2,15,8,7,14,India - I-League,0.5,0.75,7,1.75,1.88,2.0,1.33,4
Gokulam,8,4,0,4,21,16,5,12,India - I-League,0.5,0.5,5,1.5,2.62,2.0,2.0,5
SC Bengaluru,8,3,3,2,10,8,2,12,India - I-League,0.38,0.75,2,1.5,1.25,2.63,1.33,5
Dempo,8,2,3,3,21,18,3,9,India - I-League,0.25,0.62,3,1.12,2.62,4.0,1.61,6
Aizawl,8,2,2,4,14,16,-2,8,India - I-League,0.25,0.5,-2,1.0,1.75,4.0,2.0,7
Sreenidi Deccan,8,1,4,3,13,13,0,7,India - I-League,0.12,0.62,0,0.88,1.62,8.33,1.61,8
Delhi FC,8,1,0,7,4,12,-8,3,India - I-League,0.12,0.12,-8,0.38,0.5,8.33,8.33,9
Persib,8,6,1,1,15,5,10,19,Indonesia - Liga 1,0.75,0.88,10,2.38,1.88,1.33,1.14,1
Malut United,8,6,1,1,12,5,7,19,Indonesia - Liga 1,0.75,0.88,7,2.38,1.5,1.33,1.14,1
Dewa Utd,8,6,0,2,18,6,12,18,Indonesia - Liga 1,0.75,0.75,12,2.25,2.25,1.33,1.33,2
Persebaya S.,8,5,2,1,14,7,7,17,Indonesia - Liga 1,0.62,0.88,7,2.12,1.75,1.61,1.14,3
Madura Utd,8,5,1,2,13,10,3,16,Indonesia - Liga 1,0.62,0.75,3,2.0,1.62,1.61,1.33,4
PSM,8,4,2,2,9,6,3,14,Indonesia - Liga 1,0.5,0.75,3,1.75,1.12,2.0,1.33,5
PSBS Biak N.,8,4,2,2,12,11,1,14,Indonesia - Liga 1,0.5,0.75,1,1.75,1.5,2.0,1.33,5
Persita,8,4,1,3,11,11,0,13,Indonesia - Liga 1,0.5,0.62,0,1.62,1.38,2.0,1.61,6
Arema,8,3,3,2,16,12,4,12,Indonesia - Liga 1,0.38,0.75,4,1.5,2.0,2.63,1.33,7
Barito Putera,8,3,3,2,12,8,4,12,Indonesia - Liga 1,0.38,0.75,4,1.5,1.5,2.63,1.33,7
Persija,8,3,3,2,13,11,2,12,Indonesia - Liga 1,0.38,0.75,2,1.5,1.62,2.63,1.33,7
Borneo,8,3,2,3,10,13,-3,11,Indonesia - Liga 1,0.38,0.62,-3,1.38,1.25,2.63,1.61,8
Bali Utd,8,2,4,2,11,10,1,10,Indonesia - Liga 1,0.25,0.75,1,1.25,1.38,4.0,1.33,9
Persik Kediri,8,2,4,2,8,7,1,10,Indonesia - Liga 1,0.25,0.75,1,1.25,1.0,4.0,1.33,9
PSS Sleman,8,3,0,5,14,15,-1,9,Indonesia - Liga 1,0.38,0.38,-1,1.12,1.75,2.63,2.63,10
Persis Solo,8,2,3,3,10,12,-2,9,Indonesia - Liga 1,0.25,0.62,-2,1.12,1.25,4.0,1.61,10
Semen Padang,8,2,3,3,10,15,-5,9,Indonesia - Liga 1,0.25,0.62,-5,1.12,1.25,4.0,1.61,10
PSIS Semarang,8,0,2,6,7,18,-11,2,Indonesia - Liga 1,0.0,0.25,-11,0.25,0.88,0.0,4.0,11
Tractor Sazi,8,7,1,0,20,3,17,22,Iran - Pro League,0.88,1.0,17,2.75,2.5,1.14,1.0,1
Sepahan,8,6,1,1,18,5,13,19,Iran - Pro League,0.75,0.88,13,2.38,2.25,1.33,1.14,2
K. Khorramabad,8,6,1,1,10,2,8,19,Iran - Pro League,0.75,0.88,8,2.38,1.25,1.33,1.14,2
Foolad,8,5,2,1,12,5,7,17,Iran - Pro League,0.62,0.88,7,2.12,1.5,1.61,1.14,3
Persepolis,8,5,1,2,10,7,3,16,Iran - Pro League,0.62,0.75,3,2.0,1.25,1.61,1.33,4
Gol Gohar,8,4,3,1,8,4,4,15,Iran - Pro League,0.5,0.88,4,1.88,1.0,2.0,1.14,5
Malavan,8,3,4,1,12,7,5,13,Iran - Pro League,0.38,0.88,5,1.62,1.5,2.63,1.14,6
Esteghlal,8,3,3,2,12,7,5,12,Iran - Pro League,0.38,0.75,5,1.5,1.5,2.63,1.33,7
Aluminium Arak,8,2,5,1,8,4,4,11,Iran - Pro League,0.25,0.88,4,1.38,1.0,4.0,1.14,8
E. Khuzestan,8,2,5,1,6,4,2,11,Iran - Pro League,0.25,0.88,2,1.38,0.75,4.0,1.14,8
Zob Ahan,8,2,4,2,7,5,2,10,Iran - Pro League,0.25,0.75,2,1.25,0.88,4.0,1.33,9
Chadormalu,8,2,3,3,9,8,1,9,Iran - Pro League,0.25,0.62,1,1.12,1.12,4.0,1.61,10
Shams A. Qazvin,8,2,3,3,9,12,-3,9,Iran - Pro League,0.25,0.62,-3,1.12,1.12,4.0,1.61,10
N. Mazandaran,8,1,5,2,4,5,-1,8,Iran - Pro League,0.12,0.75,-1,1.0,0.5,8.33,1.33,11
Mes Rafsanjan,8,1,4,3,5,9,-4,7,Iran - Pro League,0.12,0.62,-4,0.88,0.62,8.33,1.61,12
Havadar,8,2,1,5,6,15,-9,7,Iran - Pro League,0.25,0.38,-9,0.88,0.75,4.0,2.63,12
St. Patricks,7,4,3,0,13,5,8,15,Ireland - Premier Division,0.57,1.0,8,2.14,1.86,1.75,1.0,1
Derry City,7,4,1,2,11,7,4,13,Ireland - Premier Division,0.57,0.71,4,1.86,1.57,1.75,1.41,2
Bohemians,7,4,0,3,9,8,1,12,Ireland - Premier Division,0.57,0.57,1,1.71,1.29,1.75,1.75,3
Shamrock Rovers,6,3,2,1,11,6,5,11,Ireland - Premier Division,0.5,0.83,5,1.83,1.83,2.0,1.2,4
Galway Utd,6,3,1,2,8,7,1,10,Ireland - Premier Division,0.5,0.67,1,1.67,1.33,2.0,1.49,5
Cork City,7,2,4,1,9,9,0,10,Ireland - Premier Division,0.29,0.86,0,1.43,1.29,3.45,1.16,5
Drogheda Utd,6,2,3,1,9,5,4,9,Ireland - Premier Division,0.33,0.83,4,1.5,1.5,3.03,1.2,6
Shelbourne,6,2,3,1,8,6,2,9,Ireland - Premier Division,0.33,0.83,2,1.5,1.33,3.03,1.2,6
Waterford,6,2,0,4,5,12,-7,6,Ireland - Premier Division,0.33,0.33,-7,1.0,0.83,3.03,3.03,7
Sligo Rovers,7,1,2,4,9,12,-3,5,Ireland - Premier Division,0.14,0.43,-3,0.71,1.29,7.14,2.33,8
Cobh Ramblers,7,5,1,1,14,5,9,16,Ireland - First Division,0.71,0.86,9,2.29,2.0,1.41,1.16,1
Bray Wanderers,6,5,0,1,15,7,8,15,Ireland - First Division,0.83,0.83,8,2.5,2.5,1.2,1.2,2
Dundalk,6,4,2,0,10,4,6,14,Ireland - First Division,0.67,1.0,6,2.33,1.67,1.49,1.0,3
Treaty Utd,6,3,1,2,10,6,4,10,Ireland - First Division,0.5,0.67,4,1.67,1.67,2.0,1.49,4
Wexford,7,3,1,3,10,7,3,10,Ireland - First Division,0.43,0.57,3,1.43,1.43,2.33,1.75,4
Finn Harps,6,2,1,3,11,8,3,7,Ireland - First Division,0.33,0.5,3,1.17,1.83,3.03,2.0,5
Longford Town,6,2,1,3,6,8,-2,7,Ireland - First Division,0.33,0.5,-2,1.17,1.0,3.03,2.0,5
Kerry,6,2,0,4,5,5,0,6,Ireland - First Division,0.33,0.33,0,1.0,0.83,3.03,3.03,6
Athlone Town,7,1,3,3,4,10,-6,6,Ireland - First Division,0.14,0.57,-6,0.86,0.57,7.14,1.75,6
UC Dublin,7,0,3,4,2,8,-6,3,Ireland - First Division,0.0,0.43,-6,0.43,0.29,0.0,2.33,7
M. Tel Aviv,8,5,2,1,18,6,12,17,Israel - Ligat HaAl,0.62,0.88,12,2.12,2.25,1.61,1.14,1
H. Beer Sheva,8,5,2,1,21,10,11,17,Israel - Ligat HaAl,0.62,0.88,11,2.12,2.62,1.61,1.14,1
H. Jerusalem,8,4,2,2,13,6,7,14,Israel - Ligat HaAl,0.5,0.75,7,1.75,1.62,2.0,1.33,2
Maccabi Netanya,8,4,2,2,14,9,5,14,Israel - Ligat HaAl,0.5,0.75,5,1.75,1.75,2.0,1.33,2
Ironi Tiberias,8,3,3,2,11,10,1,12,Israel - Ligat HaAl,0.38,0.75,1,1.5,1.38,2.63,1.33,3
Hapoel Haifa,8,4,0,4,14,17,-3,12,Israel - Ligat HaAl,0.5,0.5,-3,1.5,1.75,2.0,2.0,3
M. Petah Tikva,8,2,3,3,11,9,2,9,Israel - Ligat HaAl,0.25,0.62,2,1.12,1.38,4.0,1.61,4
B. Jerusalem,8,2,3,3,8,10,-2,9,Israel - Ligat HaAl,0.25,0.62,-2,1.12,1.0,4.0,1.61,4
Maccabi Haifa,8,2,3,3,10,15,-5,9,Israel - Ligat HaAl,0.25,0.62,-5,1.12,1.25,4.0,1.61,4
Sakhnin,8,2,2,4,4,8,-4,8,Israel - Ligat HaAl,0.25,0.5,-4,1.0,0.5,4.0,2.0,5
M. Bnei Raina,8,2,2,4,7,12,-5,8,Israel - Ligat HaAl,0.25,0.5,-5,1.0,0.88,4.0,2.0,5
Ashdod,8,1,4,3,12,14,-2,7,Israel - Ligat HaAl,0.12,0.62,-2,0.88,1.5,8.33,1.61,6
Kiryat Shmona,8,2,1,5,5,12,-7,7,Israel - Ligat HaAl,0.25,0.38,-7,0.88,0.62,4.0,2.63,6
Hapoel Hadera,8,1,1,6,7,14,-7,4,Israel - Ligat HaAl,0.12,0.25,-7,0.5,0.88,8.33,4.0,7
H. Petah Tikva,8,8,0,0,18,0,18,24,Israel - Leumit League,1.0,1.0,18,3.0,2.25,1.0,1.0,1
Hapoel Tel Aviv,8,7,1,0,16,0,16,22,Israel - Leumit League,0.88,1.0,16,2.75,2.0,1.14,1.0,2
Hapoel Akko,8,5,3,0,9,2,7,18,Israel - Leumit League,0.62,1.0,7,2.25,1.12,1.61,1.0,3
H. Kfar Saba,8,5,2,1,11,4,7,17,Israel - Leumit League,0.62,0.88,7,2.12,1.38,1.61,1.14,4
H. Ramat Gan,8,5,1,2,21,8,13,16,Israel - Leumit League,0.62,0.75,13,2.0,2.62,1.61,1.33,5
H. Kfar Shalem,8,5,1,2,13,10,3,16,Israel - Leumit League,0.62,0.75,3,2.0,1.62,1.61,1.33,5
H. Umm al-Fahm,8,4,2,2,5,5,0,14,Israel - Leumit League,0.5,0.75,0,1.75,0.62,2.0,1.33,6
H. Ironi Rishon,8,4,1,3,15,9,6,13,Israel - Leumit League,0.5,0.62,6,1.62,1.88,2.0,1.61,7
Hapoel Afula,8,3,4,1,11,7,4,13,Israel - Leumit League,0.38,0.88,4,1.62,1.38,2.63,1.14,7
Kafr Qasim,8,3,3,2,10,10,0,12,Israel - Leumit League,0.38,0.75,0,1.5,1.25,2.63,1.33,8
Maccabi Jaffa,8,3,2,3,10,13,-3,11,Israel - Leumit League,0.38,0.62,-3,1.38,1.25,2.63,1.61,9
M. Herziliya,8,3,1,4,8,13,-5,10,Israel - Leumit League,0.38,0.5,-5,1.25,1.0,2.63,2.0,10
Hapoel Raanana,8,2,3,3,9,10,-1,9,Israel - Leumit League,0.25,0.62,-1,1.12,1.12,4.0,1.61,11
Bnei Yehuda,8,2,2,4,9,14,-5,8,Israel - Leumit League,0.25,0.5,-5,1.0,1.12,4.0,2.0,12
Ramat Hasharon,8,1,4,3,8,11,-3,7,Israel - Leumit League,0.12,0.62,-3,0.88,1.0,8.33,1.61,13
H. Nof Hagalil,8,2,1,5,4,7,-3,7,Israel - Leumit League,0.25,0.38,-3,0.88,0.5,4.0,2.63,13
Bologna,8,7,1,0,19,6,13,22,Italy - Serie A,0.88,1.0,13,2.75,2.38,1.14,1.0,1
Juventus,8,7,0,1,14,6,8,21,Italy - Serie A,0.88,0.88,8,2.62,1.75,1.14,1.14,2
AS Roma,8,6,2,0,15,4,11,20,Italy - Serie A,0.75,1.0,11,2.5,1.88,1.33,1.0,3
Napoli,8,6,2,0,15,5,10,20,Italy - Serie A,0.75,1.0,10,2.5,1.88,1.33,1.0,3
Fiorentina,8,6,1,1,12,4,8,19,Italy - Serie A,0.75,0.88,8,2.38,1.5,1.33,1.14,4
Inter Milan,8,6,1,1,16,9,7,19,Italy - Serie A,0.75,0.88,7,2.38,2.0,1.33,1.14,4
Torino,8,4,4,0,11,5,6,16,Italy - Serie A,0.5,1.0,6,2.0,1.38,2.0,1.0,5
Genoa,8,5,1,2,10,6,4,16,Italy - Serie A,0.62,0.75,4,2.0,1.25,1.61,1.33,5
Como,8,4,2,2,12,8,4,14,Italy - Serie A,0.5,0.75,4,1.75,1.5,2.0,1.33,6
AC Milan,8,3,3,2,11,10,1,12,Italy - Serie A,0.38,0.75,1,1.5,1.38,2.63,1.33,7
Parma,8,3,3,2,11,10,1,12,Italy - Serie A,0.38,0.75,1,1.5,1.38,2.63,1.33,7
Udinese,8,3,2,3,8,9,-1,11,Italy - Serie A,0.38,0.62,-1,1.38,1.0,2.63,1.61,8
Cagliari,8,3,1,4,12,11,1,10,Italy - Serie A,0.38,0.5,1,1.25,1.5,2.63,2.0,9
Lazio,8,1,6,1,14,11,3,9,Italy - Serie A,0.12,0.88,3,1.12,1.75,8.33,1.14,10
Atalanta,8,1,4,3,6,8,-2,7,Italy - Serie A,0.12,0.62,-2,0.88,0.75,8.33,1.61,11
Venezia,8,1,3,4,2,6,-4,6,Italy - Serie A,0.12,0.5,-4,0.75,0.25,8.33,2.0,12
Hellas Verona,8,1,3,4,2,12,-10,6,Italy - Serie A,0.12,0.5,-10,0.75,0.25,8.33,2.0,12
Monza,8,1,2,5,5,11,-6,5,Italy - Serie A,0.12,0.38,-6,0.62,0.62,8.33,2.63,13
Lecce,8,0,3,5,3,13,-10,3,Italy - Serie A,0.0,0.38,-10,0.38,0.38,0.0,2.63,14
Empoli,8,0,3,5,5,16,-11,3,Italy - Serie A,0.0,0.38,-11,0.38,0.62,0.0,2.63,14
Sassuolo,8,7,1,0,20,6,14,22,Italy - Serie B,0.88,1.0,14,2.75,2.5,1.14,1.0,1
Juve Stabia,8,6,1,1,14,5,9,19,Italy - Serie B,0.75,0.88,9,2.38,1.75,1.33,1.14,2
Pisa,8,6,0,2,14,7,7,18,Italy - Serie B,0.75,0.75,7,2.25,1.75,1.33,1.33,3
Salernitana,8,5,1,2,12,8,4,16,Italy - Serie B,0.62,0.75,4,2.0,1.5,1.61,1.33,4
Cremonese,8,4,3,1,20,11,9,15,Italy - Serie B,0.5,0.88,9,1.88,2.5,2.0,1.14,5
Catanzaro,8,4,3,1,15,9,6,15,Italy - Serie B,0.5,0.88,6,1.88,1.88,2.0,1.14,5
Spezia,8,4,2,2,12,8,4,14,Italy - Serie B,0.5,0.75,4,1.75,1.5,2.0,1.33,6
Sudtirol,8,3,4,1,12,8,4,13,Italy - Serie B,0.38,0.88,4,1.62,1.5,2.63,1.14,7
Palermo,8,4,1,3,15,12,3,13,Italy - Serie B,0.5,0.62,3,1.62,1.88,2.0,1.61,7
Bari,8,3,4,1,11,8,3,13,Italy - Serie B,0.38,0.88,3,1.62,1.38,2.63,1.14,7
Sampdoria,8,3,3,2,5,6,-1,12,Italy - Serie B,0.38,0.75,-1,1.5,0.62,2.63,1.33,8
Carrarese,8,3,2,3,11,14,-3,11,Italy - Serie B,0.38,0.62,-3,1.38,1.38,2.63,1.61,9
Cosenza,8,3,2,3,6,10,-4,11,Italy - Serie B,0.38,0.62,-4,1.38,0.75,2.63,1.61,9
Modena,8,2,4,2,11,11,0,10,Italy - Serie B,0.25,0.75,0,1.25,1.38,4.0,1.33,10
Frosinone,8,2,4,2,10,14,-4,10,Italy - Serie B,0.25,0.75,-4,1.25,1.25,4.0,1.33,10
Mantova,8,2,3,3,10,11,-1,9,Italy - Serie B,0.25,0.62,-1,1.12,1.25,4.0,1.61,11
Reggiana,8,2,3,3,9,11,-2,9,Italy - Serie B,0.25,0.62,-2,1.12,1.12,4.0,1.61,11
Cesena,8,1,5,2,6,7,-1,8,Italy - Serie B,0.12,0.75,-1,1.0,0.75,8.33,1.33,12
Brescia,8,0,5,3,9,12,-3,5,Italy - Serie B,0.0,0.62,-3,0.62,1.12,0.0,1.61,13
Cittadella,8,1,1,6,5,15,-10,4,Italy - Serie B,0.12,0.25,-10,0.5,0.62,8.33,4.0,14
Vicenza,8,7,1,0,17,4,13,22,Italy - Serie C - Group A,0.88,1.0,13,2.75,2.12,1.14,1.0,1
Giana Erminio,8,6,2,0,17,6,11,20,Italy - Serie C - Group A,0.75,1.0,11,2.5,2.12,1.33,1.0,2
Padova,8,6,2,0,17,6,11,20,Italy - Serie C - Group A,0.75,1.0,11,2.5,2.12,1.33,1.0,2
FeralpiSalo,8,6,1,1,13,4,9,19,Italy - Serie C - Group A,0.75,0.88,9,2.38,1.62,1.33,1.14,3
Novara,8,6,1,1,13,4,9,19,Italy - Serie C - Group A,0.75,0.88,9,2.38,1.62,1.33,1.14,3
AlbinoLeffe,8,5,2,1,10,5,5,17,Italy - Serie C - Group A,0.62,0.88,5,2.12,1.25,1.61,1.14,4
Trento,8,4,4,0,17,5,12,16,Italy - Serie C - Group A,0.5,1.0,12,2.0,2.12,2.0,1.0,5
Arzignano,8,5,1,2,11,7,4,16,Italy - Serie C - Group A,0.62,0.75,4,2.0,1.38,1.61,1.33,5
Lecco,8,4,3,1,9,6,3,15,Italy - Serie C - Group A,0.5,0.88,3,1.88,1.12,2.0,1.14,6
Renate,8,5,0,3,9,9,0,15,Italy - Serie C - Group A,0.62,0.62,0,1.88,1.12,1.61,1.61,6
Triestina,8,4,2,2,11,4,7,14,Italy - Serie C - Group A,0.5,0.75,7,1.75,1.38,2.0,1.33,7
Virtus Verona,8,3,3,2,13,10,3,12,Italy - Serie C - Group A,0.38,0.75,3,1.5,1.62,2.63,1.33,8
Caldiero Terme,8,3,2,3,10,9,1,11,Italy - Serie C - Group A,0.38,0.62,1,1.38,1.25,2.63,1.61,9
Pro Patria,8,3,2,3,10,9,1,11,Italy - Serie C - Group A,0.38,0.62,1,1.38,1.25,2.63,1.61,9
Pergolettese,8,3,1,4,8,9,-1,10,Italy - Serie C - Group A,0.38,0.5,-1,1.25,1.0,2.63,2.0,10
Atalanta B,8,2,3,3,12,13,-1,9,Italy - Serie C - Group A,0.25,0.62,-1,1.12,1.5,4.0,1.61,11
Alcione,8,2,3,3,8,10,-2,9,Italy - Serie C - Group A,0.25,0.62,-2,1.12,1.0,4.0,1.61,11
Pro Vercelli,8,1,4,3,4,6,-2,7,Italy - Serie C - Group A,0.12,0.62,-2,0.88,0.5,8.33,1.61,12
Clodiense,8,2,1,5,8,12,-4,7,Italy - Serie C - Group A,0.25,0.38,-4,0.88,1.0,4.0,2.63,12
Lumezzane,8,0,4,4,6,13,-7,4,Italy - Serie C - Group A,0.0,0.5,-7,0.5,0.75,0.0,2.0,13
Entella,8,6,2,0,15,4,11,20,Italy - Serie C - Group B,0.75,1.0,11,2.5,1.88,1.33,1.0,1
Lucchese,8,6,2,0,18,9,9,20,Italy - Serie C - Group B,0.75,1.0,9,2.5,2.25,1.33,1.0,1
Ternana,8,6,1,1,13,5,8,19,Italy - Serie C - Group B,0.75,0.88,8,2.38,1.62,1.33,1.14,2
Torres,8,5,3,0,11,4,7,18,Italy - Serie C - Group B,0.62,1.0,7,2.25,1.38,1.61,1.0,3
Pineto,8,5,3,0,11,6,5,18,Italy - Serie C - Group B,0.62,1.0,5,2.25,1.38,1.61,1.0,3
Perugia,8,5,2,1,13,5,8,17,Italy - Serie C - Group B,0.62,0.88,8,2.12,1.62,1.61,1.14,4
Gubbio,8,4,2,2,7,8,-1,14,Italy - Serie C - Group B,0.5,0.75,-1,1.75,0.88,2.0,1.33,5
Pontedera,8,4,1,3,13,11,2,13,Italy - Serie C - Group B,0.5,0.62,2,1.62,1.62,2.0,1.61,6
Campobasso,8,4,1,3,9,10,-1,13,Italy - Serie C - Group B,0.5,0.62,-1,1.62,1.12,2.0,1.61,6
Pescara,8,3,3,2,14,8,6,12,Italy - Serie C - Group B,0.38,0.75,6,1.5,1.75,2.63,1.33,7
Vis Pesaro,8,3,3,2,9,5,4,12,Italy - Serie C - Group B,0.38,0.75,4,1.5,1.12,2.63,1.33,7
Arezzo,8,4,0,4,11,9,2,12,Italy - Serie C - Group B,0.5,0.5,2,1.5,1.38,2.0,2.0,7
Pianese,8,4,0,4,11,9,2,12,Italy - Serie C - Group B,0.5,0.5,2,1.5,1.38,2.0,2.0,7
AC Milan B,8,2,4,2,8,9,-1,10,Italy - Serie C - Group B,0.25,0.75,-1,1.25,1.0,4.0,1.33,8
Sestri Levante,8,2,3,3,10,9,1,9,Italy - Serie C - Group B,0.25,0.62,1,1.12,1.25,4.0,1.61,9
Rimini,8,2,3,3,9,9,0,9,Italy - Serie C - Group B,0.25,0.62,0,1.12,1.12,4.0,1.61,9
Ascoli,8,2,2,4,7,11,-4,8,Italy - Serie C - Group B,0.25,0.5,-4,1.0,0.88,4.0,2.0,10
Athletic Carpi,8,2,2,4,5,9,-4,8,Italy - Serie C - Group B,0.25,0.5,-4,1.0,0.62,4.0,2.0,10
SPAL,8,1,2,5,7,14,-7,5,Italy - Serie C - Group B,0.12,0.38,-7,0.62,0.88,8.33,2.63,11
Legnago Salus,8,1,2,5,6,15,-9,5,Italy - Serie C - Group B,0.12,0.38,-9,0.62,0.75,8.33,2.63,11
Avellino,8,8,0,0,14,5,9,24,Italy - Serie C - Group C,1.0,1.0,9,3.0,1.75,1.0,1.0,1
Crotone,8,6,2,0,19,7,12,20,Italy - Serie C - Group C,0.75,1.0,12,2.5,2.38,1.33,1.0,2
Juventus U23,8,6,1,1,15,4,11,19,Italy - Serie C - Group C,0.75,0.88,11,2.38,1.88,1.33,1.14,3
Monopoli,8,5,2,1,13,7,6,17,Italy - Serie C - Group C,0.62,0.88,6,2.12,1.62,1.61,1.14,4
A. Cerignola,8,5,2,1,14,10,4,17,Italy - Serie C - Group C,0.62,0.88,4,2.12,1.75,1.61,1.14,4
Cavese,8,3,3,2,9,9,0,12,Italy - Serie C - Group C,0.38,0.75,0,1.5,1.12,2.63,1.33,5
Casertana,8,3,2,3,13,6,7,11,Italy - Serie C - Group C,0.38,0.62,7,1.38,1.62,2.63,1.61,6
Giugliano,8,3,1,4,17,14,3,10,Italy - Serie C - Group C,0.38,0.5,3,1.25,2.12,2.63,2.0,7
Potenza,8,2,4,2,16,15,1,10,Italy - Serie C - Group C,0.25,0.75,1,1.25,2.0,4.0,1.33,7
ACR Messina,8,3,1,4,7,8,-1,10,Italy - Serie C - Group C,0.38,0.5,-1,1.25,0.88,2.63,2.0,7
Foggia,8,3,1,4,10,12,-2,10,Italy - Serie C - Group C,0.38,0.5,-2,1.25,1.25,2.63,2.0,7
Latina,8,3,1,4,7,13,-6,10,Italy - Serie C - Group C,0.38,0.5,-6,1.25,0.88,2.63,2.0,7
Catania,8,2,3,3,11,9,2,9,Italy - Serie C - Group C,0.25,0.62,2,1.12,1.38,4.0,1.61,8
Picerno,8,1,6,1,7,6,1,9,Italy - Serie C - Group C,0.12,0.88,1,1.12,0.88,8.33,1.14,8
Benevento,8,1,6,1,6,6,0,9,Italy - Serie C - Group C,0.12,0.88,0,1.12,0.75,8.33,1.14,8
Altamura,8,2,3,3,8,9,-1,9,Italy - Serie C - Group C,0.25,0.62,-1,1.12,1.0,4.0,1.61,8
Sorrento,8,2,1,5,7,11,-4,7,Italy - Serie C - Group C,0.25,0.38,-4,0.88,0.88,4.0,2.63,9
Trapani,8,2,1,5,7,12,-5,7,Italy - Serie C - Group C,0.25,0.38,-5,0.88,0.88,4.0,2.63,9
Taranto,0,0,0,0,0,0,0,0,Italy - Serie C - Group C,0.0,0.0,0,0.0,0.0,0.0,0.0,10
Turris,0,0,0,0,0,0,0,0,Italy - Serie C - Group C,0.0,0.0,0,0.0,0.0,0.0,0.0,10
NovaRomentin,8,6,0,2,25,9,16,18,Italy - Serie D - Group A,0.75,0.75,16,2.25,3.12,1.33,1.33,1
Gozzano,8,5,3,0,13,6,7,18,Italy - Serie D - Group A,0.62,1.0,7,2.25,1.62,1.61,1.0,1
Citta di Varese,8,5,2,1,11,4,7,17,Italy - Serie D - Group A,0.62,0.88,7,2.12,1.38,1.61,1.14,2
Lavagnese,8,5,2,1,12,6,6,17,Italy - Serie D - Group A,0.62,0.88,6,2.12,1.5,1.61,1.14,2
Bra,8,5,1,2,14,8,6,16,Italy - Serie D - Group A,0.62,0.75,6,2.0,1.75,1.61,1.33,3
Saluzzo,8,5,1,2,10,6,4,16,Italy - Serie D - Group A,0.62,0.75,4,2.0,1.25,1.61,1.33,3
Ligorna,8,4,3,1,18,9,9,15,Italy - Serie D - Group A,0.5,0.88,9,1.88,2.25,2.0,1.14,4
Asti,8,3,2,3,8,5,3,11,Italy - Serie D - Group A,0.38,0.62,3,1.38,1.0,2.63,1.61,5
Vado,8,3,1,4,9,9,0,10,Italy - Serie D - Group A,0.38,0.5,0,1.25,1.12,2.63,2.0,6
Vogherese,8,1,6,1,6,7,-1,9,Italy - Serie D - Group A,0.12,0.88,-1,1.12,0.75,8.33,1.14,7
Fossano,8,3,0,5,7,11,-4,9,Italy - Serie D - Group A,0.38,0.38,-4,1.12,0.88,2.63,2.63,7
Cairese,8,2,2,4,6,9,-3,8,Italy - Serie D - Group A,0.25,0.5,-3,1.0,0.75,4.0,2.0,8
Oltrepo,8,2,2,4,6,10,-4,8,Italy - Serie D - Group A,0.25,0.5,-4,1.0,0.75,4.0,2.0,8
Derthona,8,2,2,4,7,12,-5,8,Italy - Serie D - Group A,0.25,0.5,-5,1.0,0.88,4.0,2.0,8
Pro Imperia,8,1,4,3,9,11,-2,7,Italy - Serie D - Group A,0.12,0.62,-2,0.88,1.12,8.33,1.61,9
Chieri,8,2,1,5,11,15,-4,7,Italy - Serie D - Group A,0.25,0.38,-4,0.88,1.38,4.0,2.63,9
Borgaro Nobis,8,2,1,5,6,10,-4,7,Italy - Serie D - Group A,0.25,0.38,-4,0.88,0.75,4.0,2.63,9
Sanremese,8,1,3,4,4,7,-3,6,Italy - Serie D - Group A,0.12,0.5,-3,0.75,0.5,8.33,2.0,10
Chisola,8,0,4,4,6,11,-5,4,Italy - Serie D - Group A,0.0,0.5,-5,0.5,0.75,0.0,2.0,11
Albenga,0,0,0,0,0,0,0,0,Italy - Serie D - Group A,0.0,0.0,0,0.0,0.0,0.0,0.0,12
Pro Palazzolo,8,6,1,1,20,4,16,19,Italy - Serie D - Group B,0.75,0.88,16,2.38,2.5,1.33,1.14,1
Club Milano,8,6,0,2,16,7,9,18,Italy - Serie D - Group B,0.75,0.75,9,2.25,2.0,1.33,1.33,2
F. Caratese,8,5,1,2,21,11,10,16,Italy - Serie D - Group B,0.62,0.75,10,2.0,2.62,1.61,1.33,3
USD Casatese,8,5,1,2,14,4,10,16,Italy - Serie D - Group B,0.62,0.75,10,2.0,1.75,1.61,1.33,3
Sangiuliano C.,8,4,3,1,11,6,5,15,Italy - Serie D - Group B,0.5,0.88,5,1.88,1.38,2.0,1.14,4
Desenxano,8,4,3,1,9,4,5,15,Italy - Serie D - Group B,0.5,0.88,5,1.88,1.12,2.0,1.14,4
Ciliverghe,8,4,3,1,13,11,2,15,Italy - Serie D - Group B,0.5,0.88,2,1.88,1.62,2.0,1.14,4
Sondrio,8,4,2,2,13,7,6,14,Italy - Serie D - Group B,0.5,0.75,6,1.75,1.62,2.0,1.33,5
Varesina,8,4,2,2,14,10,4,14,Italy - Serie D - Group B,0.5,0.75,4,1.75,1.75,2.0,1.33,5
Vigasio,8,4,1,3,13,12,1,13,Italy - Serie D - Group B,0.5,0.62,1,1.62,1.62,2.0,1.61,6
Ospitaletto,8,3,3,2,12,10,2,12,Italy - Serie D - Group B,0.38,0.75,2,1.5,1.5,2.63,1.33,7
Pro Sesto,8,3,3,2,8,8,0,12,Italy - Serie D - Group B,0.38,0.75,0,1.5,1.0,2.63,1.33,7
Breno,8,2,4,2,11,10,1,10,Italy - Serie D - Group B,0.25,0.75,1,1.25,1.38,4.0,1.33,8
Chievo,8,3,1,4,9,8,1,10,Italy - Serie D - Group B,0.38,0.5,1,1.25,1.12,2.63,2.0,8
Fanfulla,8,2,4,2,8,8,0,10,Italy - Serie D - Group B,0.25,0.75,0,1.25,1.0,4.0,1.33,8
Crema,8,2,3,3,14,12,2,9,Italy - Serie D - Group B,0.25,0.62,2,1.12,1.75,4.0,1.61,9
Castellanzese,8,1,6,1,11,12,-1,9,Italy - Serie D - Group B,0.12,0.88,-1,1.12,1.38,8.33,1.14,9
Arconatese,8,2,2,4,8,10,-2,8,Italy - Serie D - Group B,0.25,0.5,-2,1.0,1.0,4.0,2.0,10
SantAngelo,8,1,4,3,7,10,-3,7,Italy - Serie D - Group B,0.12,0.62,-3,0.88,0.88,8.33,1.61,11
Magenta,8,1,3,4,4,10,-6,6,Italy - Serie D - Group B,0.12,0.5,-6,0.75,0.5,8.33,2.0,12
D. Bellunesi,8,5,3,0,17,7,10,18,Italy - Serie D - Group C,0.62,1.0,10,2.25,2.12,1.61,1.0,1
Este,8,5,3,0,14,6,8,18,Italy - Serie D - Group C,0.62,1.0,8,2.25,1.75,1.61,1.0,1
Mestre,8,6,0,2,11,7,4,18,Italy - Serie D - Group C,0.75,0.75,4,2.25,1.38,1.33,1.33,1
Villa Alme,8,5,1,2,18,13,5,16,Italy - Serie D - Group C,0.62,0.75,5,2.0,2.25,1.61,1.33,2
Bassano Virtus,8,4,3,1,15,4,11,15,Italy - Serie D - Group C,0.5,0.88,11,1.88,1.88,2.0,1.14,3
Luparense,8,3,5,0,10,6,4,14,Italy - Serie D - Group C,0.38,1.0,4,1.75,1.25,2.63,1.0,4
Real Calepina,8,4,2,2,11,9,2,14,Italy - Serie D - Group C,0.5,0.75,2,1.75,1.38,2.0,1.33,4
Adriese,8,3,4,1,10,5,5,13,Italy - Serie D - Group C,0.38,0.88,5,1.62,1.25,2.63,1.14,5
Campodarsego,8,4,1,3,14,14,0,13,Italy - Serie D - Group C,0.5,0.62,0,1.62,1.75,2.0,1.61,5
Treviso,8,4,0,4,6,7,-1,12,Italy - Serie D - Group C,0.5,0.5,-1,1.5,0.75,2.0,2.0,6
Brusaporto,8,3,2,3,11,10,1,11,Italy - Serie D - Group C,0.38,0.62,1,1.38,1.38,2.63,1.61,7
Portogruaro,8,2,4,2,4,4,0,10,Italy - Serie D - Group C,0.25,0.75,0,1.25,0.5,4.0,1.33,8
Brian Lignano,8,1,4,3,7,9,-2,7,Italy - Serie D - Group C,0.12,0.62,-2,0.88,0.88,8.33,1.61,9
Chions,8,1,4,3,5,8,-3,7,Italy - Serie D - Group C,0.12,0.62,-3,0.88,0.62,8.33,1.61,9
Cjarlins Muzane,8,1,4,3,11,15,-4,7,Italy - Serie D - Group C,0.12,0.62,-4,0.88,1.38,8.33,1.61,9
Calvi Noale,8,1,3,4,6,12,-6,6,Italy - Serie D - Group C,0.12,0.5,-6,0.75,0.75,8.33,2.0,10
Montecchio M.,8,1,2,5,6,11,-5,5,Italy - Serie D - Group C,0.12,0.38,-5,0.62,0.75,8.33,2.63,11
Caravaggio,8,1,2,5,7,13,-6,5,Italy - Serie D - Group C,0.12,0.38,-6,0.62,0.88,8.33,2.63,11
Ciserano,8,0,4,4,7,13,-6,4,Italy - Serie D - Group C,0.0,0.5,-6,0.5,0.88,0.0,2.0,12
Lavis,8,1,1,6,4,15,-11,4,Italy - Serie D - Group C,0.12,0.25,-11,0.5,0.5,8.33,4.0,12
Ravenna,8,7,0,1,22,6,16,21,Italy - Serie D - Group D,0.88,0.88,16,2.62,2.75,1.14,1.14,1
Forli,8,7,0,1,16,6,10,21,Italy - Serie D - Group D,0.88,0.88,10,2.62,2.0,1.14,1.14,1
Pistoiese,8,6,1,1,16,3,13,19,Italy - Serie D - Group D,0.75,0.88,13,2.38,2.0,1.33,1.14,2
Tau Altopascio,8,3,4,1,12,8,4,13,Italy - Serie D - Group D,0.38,0.88,4,1.62,1.5,2.63,1.14,3
Imolese,8,3,3,2,15,11,4,12,Italy - Serie D - Group D,0.38,0.75,4,1.5,1.88,2.63,1.33,4
Lentigione,8,3,3,2,11,8,3,12,Italy - Serie D - Group D,0.38,0.75,3,1.5,1.38,2.63,1.33,4
Piacenza,8,3,2,3,7,6,1,11,Italy - Serie D - Group D,0.38,0.62,1,1.38,0.88,2.63,1.61,5
Cittadella Vis,8,3,1,4,12,11,1,10,Italy - Serie D - Group D,0.38,0.5,1,1.25,1.5,2.63,2.0,6
Corticella,8,3,1,4,7,14,-7,10,Italy - Serie D - Group D,0.38,0.5,-7,1.25,0.88,2.63,2.0,6
Progresso,8,2,3,3,7,6,1,9,Italy - Serie D - Group D,0.25,0.62,1,1.12,0.88,4.0,1.61,7
Sammaurese,8,2,2,4,9,7,2,8,Italy - Serie D - Group D,0.25,0.5,2,1.0,1.12,4.0,2.0,8
San Marino C.,8,2,2,4,9,13,-4,8,Italy - Serie D - Group D,0.25,0.5,-4,1.0,1.12,4.0,2.0,8
Zenith Prato,8,1,4,3,5,6,-1,7,Italy - Serie D - Group D,0.12,0.62,-1,0.88,0.62,8.33,1.61,9
Tuttocuoio,8,1,4,3,5,7,-2,7,Italy - Serie D - Group D,0.12,0.62,-2,0.88,0.62,8.33,1.61,9
Prato,8,2,1,5,4,13,-9,7,Italy - Serie D - Group D,0.25,0.38,-9,0.88,0.5,4.0,2.63,9
Fiorenzuola,8,1,1,6,4,11,-7,4,Italy - Serie D - Group D,0.12,0.25,-7,0.5,0.5,8.33,4.0,10
Sasso Marconi,8,1,1,6,8,16,-8,4,Italy - Serie D - Group D,0.12,0.25,-8,0.5,1.0,8.33,4.0,10
United Riccione,8,1,1,6,4,22,-18,4,Italy - Serie D - Group D,0.12,0.25,-18,0.5,0.5,8.33,4.0,10
Fulgens Foligno,8,7,0,1,20,8,12,21,Italy - Serie D - Group E,0.88,0.88,12,2.62,2.5,1.14,1.14,1
Livorno,8,6,1,1,22,10,12,19,Italy - Serie D - Group E,0.75,0.88,12,2.38,2.75,1.33,1.14,2
FC Siena,8,4,4,0,12,4,8,16,Italy - Serie D - Group E,0.5,1.0,8,2.0,1.5,2.0,1.0,3
Ostia Mare,8,4,3,1,10,8,2,15,Italy - Serie D - Group E,0.5,0.88,2,1.88,1.25,2.0,1.14,4
Flaminia,8,4,2,2,11,7,4,14,Italy - Serie D - Group E,0.5,0.75,4,1.75,1.38,2.0,1.33,5
Ghiviborgo,8,4,1,3,19,15,4,13,Italy - Serie D - Group E,0.5,0.62,4,1.62,2.38,2.0,1.61,6
San Donato,8,4,1,3,9,6,3,13,Italy - Serie D - Group E,0.5,0.62,3,1.62,1.12,2.0,1.61,6
S. Trestina,8,4,1,3,6,10,-4,13,Italy - Serie D - Group E,0.5,0.62,-4,1.62,0.75,2.0,1.61,6
Orvietana,8,3,3,2,10,7,3,12,Italy - Serie D - Group E,0.38,0.75,3,1.5,1.25,2.63,1.33,7
Grosseto,8,2,5,1,7,5,2,11,Italy - Serie D - Group E,0.25,0.88,2,1.38,0.88,4.0,1.14,8
Seravezza,8,3,2,3,12,13,-1,11,Italy - Serie D - Group E,0.38,0.62,-1,1.38,1.5,2.63,1.61,8
Sangiovannese,8,2,3,3,6,7,-1,9,Italy - Serie D - Group E,0.25,0.62,-1,1.12,0.75,4.0,1.61,9
Fezzanese,8,2,3,3,11,13,-2,9,Italy - Serie D - Group E,0.25,0.62,-2,1.12,1.38,4.0,1.61,9
Figline,8,2,3,3,4,7,-3,9,Italy - Serie D - Group E,0.25,0.62,-3,1.12,0.5,4.0,1.61,9
T. Traiana,8,1,5,2,6,8,-2,8,Italy - Serie D - Group E,0.12,0.75,-2,1.0,0.75,8.33,1.33,10
Gavorrano,8,1,4,3,9,14,-5,7,Italy - Serie D - Group E,0.12,0.62,-5,0.88,1.12,8.33,1.61,11
Montevarchi,8,0,5,3,3,7,-4,5,Italy - Serie D - Group E,0.0,0.62,-4,0.62,0.38,0.0,1.61,12
Poggibonsi,8,1,2,5,5,11,-6,5,Italy - Serie D - Group E,0.12,0.38,-6,0.62,0.62,8.33,2.63,12
Avezzano,8,5,3,0,13,4,9,18,Italy - Serie D - Group F,0.62,1.0,9,2.25,1.62,1.61,1.0,1
Chieti,8,5,2,1,12,8,4,17,Italy - Serie D - Group F,0.62,0.88,4,2.12,1.5,1.61,1.14,2
Teramo,8,5,0,3,18,9,9,15,Italy - Serie D - Group F,0.62,0.62,9,1.88,2.25,1.61,1.61,3
Sambenedettese,8,4,3,1,11,4,7,15,Italy - Serie D - Group F,0.5,0.88,7,1.88,1.38,2.0,1.14,3
Recanatese,8,4,1,3,12,15,-3,13,Italy - Serie D - Group F,0.5,0.62,-3,1.62,1.5,2.0,1.61,4
LAquila,8,3,3,2,11,7,4,12,Italy - Serie D - Group F,0.38,0.75,4,1.5,1.38,2.63,1.33,5
San Nicolo,8,3,3,2,8,7,1,12,Italy - Serie D - Group F,0.38,0.75,1,1.5,1.0,2.63,1.33,5
Castelfidardo,8,3,2,3,10,6,4,11,Italy - Serie D - Group F,0.38,0.62,4,1.38,1.25,2.63,1.61,6
Fossombrone,8,2,5,1,12,9,3,11,Italy - Serie D - Group F,0.25,0.88,3,1.38,1.5,4.0,1.14,6
Termoli Calcio,8,2,5,1,8,7,1,11,Italy - Serie D - Group F,0.25,0.88,1,1.38,1.0,4.0,1.14,6
Atletico Ascoli,8,2,4,2,9,9,0,10,Italy - Serie D - Group F,0.25,0.75,0,1.25,1.12,4.0,1.33,7
Sora,8,2,3,3,9,9,0,9,Italy - Serie D - Group F,0.25,0.62,0,1.12,1.12,4.0,1.61,8
Roma City,8,2,3,3,8,9,-1,9,Italy - Serie D - Group F,0.25,0.62,-1,1.12,1.0,4.0,1.61,8
Isernia,8,2,2,4,7,13,-6,8,Italy - Serie D - Group F,0.25,0.5,-6,1.0,0.88,4.0,2.0,9
Fermana,8,2,1,5,7,12,-5,7,Italy - Serie D - Group F,0.25,0.38,-5,0.88,0.88,4.0,2.63,10
V. Senigallia,8,1,4,3,7,12,-5,7,Italy - Serie D - Group F,0.12,0.62,-5,0.88,0.88,8.33,1.61,10
Ancona 1905,8,2,1,5,8,14,-6,7,Italy - Serie D - Group F,0.25,0.38,-6,0.88,1.0,4.0,2.63,10
Civitanovese,8,0,6,2,4,6,-2,6,Italy - Serie D - Group F,0.0,0.75,-2,0.75,0.5,0.0,1.33,11
CynthiAlbalonga,8,7,1,0,19,4,15,22,Italy - Serie D - Group G,0.88,1.0,15,2.75,2.38,1.14,1.0,1
Guidonia,8,7,1,0,18,5,13,22,Italy - Serie D - Group G,0.88,1.0,13,2.75,2.25,1.14,1.0,1
Gelbison,8,7,1,0,16,7,9,22,Italy - Serie D - Group G,0.88,1.0,9,2.75,2.0,1.14,1.0,1
Savoia,8,6,1,1,17,4,13,19,Italy - Serie D - Group G,0.75,0.88,13,2.38,2.12,1.33,1.14,2
Cassino,8,6,1,1,13,3,10,19,Italy - Serie D - Group G,0.75,0.88,10,2.38,1.62,1.33,1.14,2
Trastevere,8,5,2,1,16,7,9,17,Italy - Serie D - Group G,0.62,0.88,9,2.12,2.0,1.61,1.14,3
S. Ogliastra,8,5,2,1,14,9,5,17,Italy - Serie D - Group G,0.62,0.88,5,2.12,1.75,1.61,1.14,3
Olbia,8,5,1,2,15,9,6,16,Italy - Serie D - Group G,0.62,0.75,6,2.0,1.88,1.61,1.33,4
Latte Dolce,8,5,1,2,14,8,6,16,Italy - Serie D - Group G,0.62,0.75,6,2.0,1.75,1.61,1.33,4
Sarnese,8,5,1,2,15,13,2,16,Italy - Serie D - Group G,0.62,0.75,2,2.0,1.88,1.61,1.33,4
Paganese,8,4,3,1,9,4,5,15,Italy - Serie D - Group G,0.5,0.88,5,1.88,1.12,2.0,1.14,5
A. Lodigiani,8,3,4,1,15,11,4,13,Italy - Serie D - Group G,0.38,0.88,4,1.62,1.88,2.63,1.14,6
Ilvamaddalena,8,4,1,3,11,8,3,13,Italy - Serie D - Group G,0.5,0.62,3,1.62,1.38,2.0,1.61,6
Atletico Uri,8,3,1,4,13,11,2,10,Italy - Serie D - Group G,0.38,0.5,2,1.25,1.62,2.63,2.0,7
R. Monterotondo,8,2,4,2,6,9,-3,10,Italy - Serie D - Group G,0.25,0.75,-3,1.25,0.75,4.0,1.33,7
Puteolana,8,2,4,2,8,12,-4,10,Italy - Serie D - Group G,0.25,0.75,-4,1.25,1.0,4.0,1.33,7
Anzio,8,0,5,3,9,20,-11,5,Italy - Serie D - Group G,0.0,0.62,-11,0.62,1.12,0.0,1.61,8
Terracina,8,0,2,6,2,13,-11,2,Italy - Serie D - Group G,0.0,0.25,-11,0.25,0.25,0.0,4.0,9
Nocerina,8,6,2,0,18,2,16,20,Italy - Serie D - Group H,0.75,1.0,16,2.5,2.25,1.33,1.0,1
Casarano,8,6,2,0,18,4,14,20,Italy - Serie D - Group H,0.75,1.0,14,2.5,2.25,1.33,1.0,1
Citta di Fasano,8,6,1,1,20,7,13,19,Italy - Serie D - Group H,0.75,0.88,13,2.38,2.5,1.33,1.14,2
Nardo,8,5,2,1,15,5,10,17,Italy - Serie D - Group H,0.62,0.88,10,2.12,1.88,1.61,1.14,3
Martina Franca,8,5,2,1,13,4,9,17,Italy - Serie D - Group H,0.62,0.88,9,2.12,1.62,1.61,1.14,3
Brindisi,8,5,2,1,17,10,7,17,Italy - Serie D - Group H,0.62,0.88,7,2.12,2.12,1.61,1.14,3
Francavilla,8,5,0,3,13,7,6,15,Italy - Serie D - Group H,0.62,0.62,6,1.88,1.62,1.61,1.61,4
Manfredonia,8,4,3,1,12,7,5,15,Italy - Serie D - Group H,0.5,0.88,5,1.88,1.5,2.0,1.14,4
Fidelis Andria,8,4,3,1,7,4,3,15,Italy - Serie D - Group H,0.5,0.88,3,1.88,0.88,2.0,1.14,4
Matera,8,3,5,0,13,7,6,14,Italy - Serie D - Group H,0.38,1.0,6,1.75,1.62,2.63,1.0,5
Ischia,8,3,5,0,10,5,5,14,Italy - Serie D - Group H,0.38,1.0,5,1.75,1.25,2.63,1.0,5
USD Palmese,8,4,2,2,9,8,1,14,Italy - Serie D - Group H,0.5,0.75,1,1.75,1.12,2.0,1.33,5
Ugento,8,4,0,4,15,12,3,12,Italy - Serie D - Group H,0.5,0.5,3,1.5,1.88,2.0,2.0,6
Gravina,8,3,3,2,12,9,3,12,Italy - Serie D - Group H,0.38,0.75,3,1.5,1.5,2.63,1.33,6
Real Acerrana,8,3,2,3,9,10,-1,11,Italy - Serie D - Group H,0.38,0.62,-1,1.38,1.12,2.63,1.61,7
V. Francavilla,8,1,5,2,12,12,0,8,Italy - Serie D - Group H,0.12,0.75,0,1.0,1.5,8.33,1.33,8
Costa DAmalfi,8,1,3,4,9,15,-6,6,Italy - Serie D - Group H,0.12,0.5,-6,0.75,1.12,8.33,2.0,9
Angri Calcio,8,1,2,5,7,14,-7,5,Italy - Serie D - Group H,0.12,0.38,-7,0.62,0.88,8.33,2.63,10
Siracusa,8,8,0,0,28,4,24,24,Italy - Serie D - Group I,1.0,1.0,24,3.0,3.5,1.0,1.0,1
Reggina,8,7,0,1,21,6,15,21,Italy - Serie D - Group I,0.88,0.88,15,2.62,2.62,1.14,1.14,2
Scafatese,8,5,2,1,17,6,11,17,Italy - Serie D - Group I,0.62,0.88,11,2.12,2.12,1.61,1.14,3
Nissa,8,5,2,1,16,9,7,17,Italy - Serie D - Group I,0.62,0.88,7,2.12,2.0,1.61,1.14,3
Igea Virtus,8,5,0,3,14,7,7,15,Italy - Serie D - Group I,0.62,0.62,7,1.88,1.75,1.61,1.61,4
Sancataldese,8,4,3,1,10,7,3,15,Italy - Serie D - Group I,0.5,0.88,3,1.88,1.25,2.0,1.14,4
Acireale,8,4,2,2,10,10,0,14,Italy - Serie D - Group I,0.5,0.75,0,1.75,1.25,2.0,1.33,5
Ragusa,8,4,1,3,10,8,2,13,Italy - Serie D - Group I,0.5,0.62,2,1.62,1.25,2.0,1.61,6
Sambiase,8,4,1,3,7,5,2,13,Italy - Serie D - Group I,0.5,0.62,2,1.62,0.88,2.0,1.61,6
Pompei,8,4,1,3,9,11,-2,13,Italy - Serie D - Group I,0.5,0.62,-2,1.62,1.12,2.0,1.61,6
Vibonese,8,3,1,4,13,8,5,10,Italy - Serie D - Group I,0.38,0.5,5,1.25,1.62,2.63,2.0,7
Licata,8,3,0,5,9,14,-5,9,Italy - Serie D - Group I,0.38,0.38,-5,1.12,1.12,2.63,2.63,8
Paterno,8,1,5,2,3,5,-2,8,Italy - Serie D - Group I,0.12,0.75,-2,1.0,0.38,8.33,1.33,9
Enna,8,0,6,2,6,10,-4,6,Italy - Serie D - Group I,0.0,0.75,-4,0.75,0.75,0.0,1.33,10
Locri 1909,8,1,2,5,10,14,-4,5,Italy - Serie D - Group I,0.12,0.38,-4,0.62,1.25,8.33,2.63,11
CD S. Agata,8,0,5,3,9,13,-4,5,Italy - Serie D - Group I,0.0,0.62,-4,0.62,1.12,0.0,1.61,11
CastrumFavara,8,0,5,3,7,11,-4,5,Italy - Serie D - Group I,0.0,0.62,-4,0.62,0.88,0.0,1.61,11
Akragas,0,0,0,0,0,0,0,0,Italy - Serie D - Group I,0.0,0.0,0,0.0,0.0,0.0,0.0,12
Cesena U20,8,6,0,2,22,15,7,18,Italy - Primavera 1,0.75,0.75,7,2.25,2.75,1.33,1.33,1
Roma U20,8,5,1,2,19,9,10,16,Italy - Primavera 1,0.62,0.75,10,2.0,2.38,1.61,1.33,2
Atalanta U20,8,5,1,2,15,6,9,16,Italy - Primavera 1,0.62,0.75,9,2.0,1.88,1.61,1.33,2
Cagliari U20,8,4,3,1,10,7,3,15,Italy - Primavera 1,0.5,0.88,3,1.88,1.25,2.0,1.14,3
Juventus U20,8,5,0,3,16,16,0,15,Italy - Primavera 1,0.62,0.62,0,1.88,2.0,1.61,1.61,3
Inter Milan U20,8,4,2,2,14,5,9,14,Italy - Primavera 1,0.5,0.75,9,1.75,1.75,2.0,1.33,4
Lazio U20,8,4,2,2,13,11,2,14,Italy - Primavera 1,0.5,0.75,2,1.75,1.62,2.0,1.33,4
Fiorentina U20,8,4,1,3,18,12,6,13,Italy - Primavera 1,0.5,0.62,6,1.62,2.25,2.0,1.61,5
Monza U20,8,4,1,3,18,13,5,13,Italy - Primavera 1,0.5,0.62,5,1.62,2.25,2.0,1.61,5
H. Verona U20,8,3,2,3,11,10,1,11,Italy - Primavera 1,0.38,0.62,1,1.38,1.38,2.63,1.61,6
Milan U20,8,3,2,3,10,9,1,11,Italy - Primavera 1,0.38,0.62,1,1.38,1.25,2.63,1.61,6
Lecce U20,8,3,2,3,9,9,0,11,Italy - Primavera 1,0.38,0.62,0,1.38,1.12,2.63,1.61,6
Torino U20,8,3,1,4,13,14,-1,10,Italy - Primavera 1,0.38,0.5,-1,1.25,1.62,2.63,2.0,7
Bologna U20,8,2,3,3,8,11,-3,9,Italy - Primavera 1,0.25,0.62,-3,1.12,1.0,4.0,1.61,8
Genoa U20,8,2,2,4,11,11,0,8,Italy - Primavera 1,0.25,0.5,0,1.0,1.38,4.0,2.0,9
Cremonese U20,8,2,2,4,8,8,0,8,Italy - Primavera 1,0.25,0.5,0,1.0,1.0,4.0,2.0,9
Sassuolo U20,8,2,2,4,7,11,-4,8,Italy - Primavera 1,0.25,0.5,-4,1.0,0.88,4.0,2.0,9
Empoli U20,8,2,1,5,4,8,-4,7,Italy - Primavera 1,0.25,0.38,-4,0.88,0.5,4.0,2.63,10
Sampdoria U20,8,1,3,4,12,16,-4,6,Italy - Primavera 1,0.12,0.5,-4,0.75,1.5,8.33,2.0,11
Udinese U20,8,1,2,5,8,18,-10,5,Italy - Primavera 1,0.12,0.38,-10,0.62,1.0,8.33,2.63,12
Mount Pleasant,8,7,1,0,17,1,16,22,Jamaica - Premier League,0.88,1.0,16,2.75,2.12,1.14,1.0,1
Humble Lions,8,5,2,1,13,7,6,17,Jamaica - Premier League,0.62,0.88,6,2.12,1.62,1.61,1.14,2
Cavalier,8,5,2,1,10,4,6,17,Jamaica - Premier League,0.62,0.88,6,2.12,1.25,1.61,1.14,2
Tivoli Gardens,8,5,2,1,16,11,5,17,Jamaica - Premier League,0.62,0.88,5,2.12,2.0,1.61,1.14,2
Montego Bay,8,4,4,0,14,3,11,16,Jamaica - Premier League,0.5,1.0,11,2.0,1.75,2.0,1.0,3
Racing United,8,5,1,2,12,10,2,16,Jamaica - Premier League,0.62,0.75,2,2.0,1.5,1.61,1.33,3
Waterhouse,8,4,2,2,9,8,1,14,Jamaica - Premier League,0.5,0.75,1,1.75,1.12,2.0,1.33,4
Portmore Utd,8,4,2,2,6,5,1,14,Jamaica - Premier League,0.5,0.75,1,1.75,0.75,2.0,1.33,4
Arnett Gardens,8,3,4,1,14,10,4,13,Jamaica - Premier League,0.38,0.88,4,1.62,1.75,2.63,1.14,5
Harbour View,8,2,4,2,13,7,6,10,Jamaica - Premier League,0.25,0.75,6,1.25,1.62,4.0,1.33,6
Dunbeholden,8,3,0,5,7,13,-6,9,Jamaica - Premier League,0.38,0.38,-6,1.12,0.88,2.63,2.63,7
Molynes Utd,8,2,2,4,8,14,-6,8,Jamaica - Premier League,0.25,0.5,-6,1.0,1.0,4.0,2.0,8
Chapelton,8,1,3,4,7,15,-8,6,Jamaica - Premier League,0.12,0.5,-8,0.75,0.88,8.33,2.0,9
Vere Utd,8,1,2,5,6,12,-6,5,Jamaica - Premier League,0.12,0.38,-6,0.62,0.75,8.33,2.63,10
Kashima Antlers,8,6,1,1,15,6,9,19,Japan - J1 League,0.75,0.88,9,2.38,1.88,1.33,1.14,1
Urawa RD,7,6,0,1,11,5,6,18,Japan - J1 League,0.86,0.86,6,2.57,1.57,1.16,1.16,2
S. Hiroshima,8,5,1,2,8,5,3,16,Japan - J1 League,0.62,0.75,3,2.0,1.0,1.61,1.33,3
Gamba Osaka,7,5,0,2,13,8,5,15,Japan - J1 League,0.71,0.71,5,2.14,1.86,1.41,1.41,4
Fagiano Okayama,8,4,2,2,8,4,4,14,Japan - J1 League,0.5,0.75,4,1.75,1.0,2.0,1.33,5
Shimizu S-Pulse,7,3,2,2,11,8,3,11,Japan - J1 League,0.43,0.71,3,1.57,1.57,2.33,1.41,6
Kyoto Sanga,7,3,2,2,9,7,2,11,Japan - J1 League,0.43,0.71,2,1.57,1.29,2.33,1.41,6
Vissel Kobe,7,3,2,2,6,4,2,11,Japan - J1 League,0.43,0.71,2,1.57,0.86,2.33,1.41,6
Avispa Fukuoka,7,3,2,2,8,7,1,11,Japan - J1 League,0.43,0.71,1,1.57,1.14,2.33,1.41,6
Nagoya G.,6,3,1,2,10,8,2,10,Japan - J1 League,0.5,0.67,2,1.67,1.67,2.0,1.49,7
Shonan Bellmare,6,3,1,2,6,5,1,10,Japan - J1 League,0.5,0.67,1,1.67,1.0,2.0,1.49,7
Yokohama FC,8,3,1,4,6,8,-2,10,Japan - J1 League,0.38,0.5,-2,1.25,0.75,2.63,2.0,7
Cerezo Osaka,7,2,3,2,8,8,0,9,Japan - J1 League,0.29,0.71,0,1.29,1.14,3.45,1.41,8
Kashiwa Reysol,6,2,3,1,6,6,0,9,Japan - J1 League,0.33,0.83,0,1.5,1.0,3.03,1.2,8
K. Frontale,5,2,2,1,9,4,5,8,Japan - J1 League,0.4,0.8,5,1.6,1.8,2.5,1.25,9
FC Tokyo,7,2,2,3,7,8,-1,8,Japan - J1 League,0.29,0.57,-1,1.14,1.0,3.45,1.75,9
Yokohama M.,6,1,4,1,6,5,1,7,Japan - J1 League,0.17,0.83,1,1.17,1.0,5.88,1.2,10
Tokyo Verdy,6,2,1,3,5,6,-1,7,Japan - J1 League,0.33,0.5,-1,1.17,0.83,3.03,2.0,10
Albirex Niigata,7,0,4,3,10,13,-3,4,Japan - J1 League,0.0,0.57,-3,0.57,1.43,0.0,1.75,11
Machida Zelvia,6,1,1,4,4,8,-4,4,Japan - J1 League,0.17,0.33,-4,0.67,0.67,5.88,3.03,11
JEF Utd Chiba,6,6,0,0,16,5,11,18,Japan - J2 League,1.0,1.0,11,3.0,2.67,1.0,1.0,1
Omiya Ardija,7,5,2,0,12,6,6,17,Japan - J2 League,0.71,1.0,6,2.43,1.71,1.41,1.0,2
Sagan Tosu,8,4,2,2,9,9,0,14,Japan - J2 League,0.5,0.75,0,1.75,1.12,2.0,1.33,3
Mito Hollyhock,7,3,4,0,11,5,6,13,Japan - J2 League,0.43,1.0,6,1.86,1.57,2.33,1.0,4
V-V. Nagasaki,7,4,1,2,14,10,4,13,Japan - J2 League,0.57,0.71,4,1.86,2.0,1.75,1.41,4
Oita Trinita,7,3,4,0,6,2,4,13,Japan - J2 League,0.43,1.0,4,1.86,0.86,2.33,1.0,4
Jubilo Iwata,7,4,1,2,8,8,0,13,Japan - J2 League,0.57,0.71,0,1.86,1.14,1.75,1.41,4
Vegalta Sendai,7,3,3,1,10,6,4,12,Japan - J2 League,0.43,0.86,4,1.71,1.43,2.33,1.16,5
Tokushima V.,5,3,1,1,3,1,2,10,Japan - J2 League,0.6,0.8,2,2.0,0.6,1.67,1.25,6
Fujieda MYFC,7,3,0,4,9,12,-3,9,Japan - J2 League,0.43,0.43,-3,1.29,1.29,2.33,2.33,7
FC Imabari,7,1,5,1,9,7,2,8,Japan - J2 League,0.14,0.86,2,1.14,1.29,7.14,1.16,8
Kataller Toyama,6,2,2,2,8,6,2,8,Japan - J2 League,0.33,0.67,2,1.33,1.33,3.03,1.49,8
Ventforet Kofu,7,2,2,3,8,10,-2,8,Japan - J2 League,0.29,0.57,-2,1.14,1.14,3.45,1.75,8
R. Kumamoto,7,2,2,3,7,9,-2,8,Japan - J2 League,0.29,0.57,-2,1.14,1.0,3.45,1.75,8
C. Sapporo,5,2,1,2,6,7,-1,7,Japan - J2 League,0.4,0.6,-1,1.4,1.2,2.5,1.67,9
R. Yamaguchi,6,1,3,2,7,7,0,6,Japan - J2 League,0.17,0.67,0,1.0,1.17,5.88,1.49,10
Blaublitz Akita,5,2,0,3,5,8,-3,6,Japan - J2 League,0.4,0.4,-3,1.2,1.0,2.5,2.5,10
Iwaki,7,1,3,3,5,8,-3,6,Japan - J2 League,0.14,0.57,-3,0.86,0.71,7.14,1.75,10
M. Yamagata,5,1,2,2,6,6,0,5,Japan - J2 League,0.2,0.6,0,1.0,1.2,5.0,1.67,11
Ehime FC,7,0,1,6,6,13,-7,1,Japan - J2 League,0.0,0.14,-7,0.14,0.86,0.0,7.14,12
Osaka,6,5,1,0,11,5,6,16,Japan - J3 League,0.83,1.0,6,2.67,1.83,1.2,1.0,1
Nara Club,6,4,2,0,11,6,5,14,Japan - J3 League,0.67,1.0,5,2.33,1.83,1.49,1.0,2
G. Kitakyushu,7,4,2,1,8,3,5,14,Japan - J3 League,0.57,0.86,5,2.0,1.14,1.75,1.16,2
T. Miyazaki,6,3,2,1,9,6,3,11,Japan - J3 League,0.5,0.83,3,1.83,1.5,2.0,1.2,3
Tochigi City,5,3,2,0,9,6,3,11,Japan - J3 League,0.6,1.0,3,2.2,1.8,1.67,1.0,3
Fukushima Utd,5,3,1,1,12,8,4,10,Japan - J3 League,0.6,0.8,4,2.0,2.4,1.67,1.25,4
V. Hachinohe,5,3,1,1,8,5,3,10,Japan - J3 League,0.6,0.8,3,2.0,1.6,1.67,1.25,4
Gainare Tottori,5,2,3,0,7,2,5,9,Japan - J3 League,0.4,1.0,5,1.8,1.4,2.5,1.0,5
Kusatsu,6,2,3,1,5,3,2,9,Japan - J3 League,0.33,0.83,2,1.5,0.83,3.03,1.2,5
Kagoshima Utd,6,2,2,2,10,8,2,8,Japan - J3 League,0.33,0.67,2,1.33,1.67,3.03,1.49,6
Nagano Parceiro,6,2,2,2,9,9,0,8,Japan - J3 League,0.33,0.67,0,1.33,1.5,3.03,1.49,6
FC Ryukyu,5,2,1,2,5,4,1,7,Japan - J3 League,0.4,0.6,1,1.4,1.0,2.5,1.67,7
Gifu,6,2,1,3,5,6,-1,7,Japan - J3 League,0.33,0.5,-1,1.17,0.83,3.03,2.0,7
Kamatamare S.,6,2,1,3,5,6,-1,7,Japan - J3 League,0.33,0.5,-1,1.17,0.83,3.03,2.0,7
Tochigi SC,6,2,1,3,4,5,-1,7,Japan - J3 League,0.33,0.5,-1,1.17,0.67,3.03,2.0,7
Z. Kanazawa,3,2,0,1,6,4,2,6,Japan - J3 League,0.67,0.67,2,2.0,2.0,1.49,1.49,8
AC Numazu,6,1,3,2,5,4,1,6,Japan - J3 League,0.17,0.67,1,1.0,0.83,5.88,1.49,8
SC Sagamihara,5,1,3,1,4,5,-1,6,Japan - J3 League,0.2,0.8,-1,1.2,0.8,5.0,1.25,8
Matsumoto Y.,4,2,0,2,4,7,-3,6,Japan - J3 League,0.5,0.5,-3,1.5,1.0,2.0,2.0,8
Kochi United,5,0,3,2,4,10,-6,3,Japan - J3 League,0.0,0.6,-6,0.6,0.8,0.0,1.67,9
Al Hussein,8,6,2,0,22,4,18,20,jordan,0.75,1.0,18,2.5,2.75,1.33,1.0,1
Al Wihdat,8,6,2,0,17,8,9,20,jordan,0.75,1.0,9,2.5,2.12,1.33,1.0,1
Al Jazeera,8,5,1,2,17,10,7,16,jordan,0.62,0.75,7,2.0,2.12,1.61,1.33,2
Al Faysali,8,4,4,0,13,7,6,16,jordan,0.5,1.0,6,2.0,1.62,2.0,1.0,2
Al Salt,8,5,1,2,12,6,6,16,jordan,0.62,0.75,6,2.0,1.5,1.61,1.33,2
Shabab Al Ordon,8,4,1,3,14,13,1,13,jordan,0.5,0.62,1,1.62,1.75,2.0,1.61,3
Al Sareeh,8,2,3,3,7,11,-4,9,jordan,0.25,0.62,-4,1.12,0.88,4.0,1.61,4
Al Ramtha,8,2,2,4,5,10,-5,8,jordan,0.25,0.5,-5,1.0,0.62,4.0,2.0,5
Maan,8,2,2,4,9,15,-6,8,jordan,0.25,0.5,-6,1.0,1.12,4.0,2.0,5
Aqaba,8,2,2,4,7,14,-7,8,jordan,0.25,0.5,-7,1.0,0.88,4.0,2.0,5
Al Ahli,8,2,1,5,5,10,-5,7,jordan,0.25,0.38,-5,0.88,0.62,4.0,2.63,6
Moghayer Al S.,8,1,1,6,5,12,-7,4,jordan,0.12,0.25,-7,0.5,0.62,8.33,4.0,7
FC Astana,4,3,1,0,8,3,5,10,Kazakhstan - Premier League,0.75,1.0,5,2.5,2.0,1.33,1.0,1
Kairat Almaty,3,3,0,0,10,1,9,9,Kazakhstan - Premier League,1.0,1.0,9,3.0,3.33,1.0,1.0,2
Aktobe,3,3,0,0,7,2,5,9,Kazakhstan - Premier League,1.0,1.0,5,3.0,2.33,1.0,1.0,2
Ordabasy,4,2,2,0,2,0,2,8,Kazakhstan - Premier League,0.5,1.0,2,2.0,0.5,2.0,1.0,3
Tobol,3,2,1,0,5,1,4,7,Kazakhstan - Premier League,0.67,1.0,4,2.33,1.67,1.49,1.0,4
Yelimay Semey,2,2,0,0,5,0,5,6,Kazakhstan - Premier League,1.0,1.0,5,3.0,2.5,1.0,1.0,5
Turan,3,1,1,1,4,3,1,4,Kazakhstan - Premier League,0.33,0.67,1,1.33,1.33,3.03,1.49,6
Okzhetpes,3,1,1,1,3,3,0,4,Kazakhstan - Premier League,0.33,0.67,0,1.33,1.0,3.03,1.49,6
Kyzylzhar,4,1,1,2,5,7,-2,4,Kazakhstan - Premier League,0.25,0.5,-2,1.0,1.25,4.0,2.0,6
Kaisar K.,3,0,3,0,2,2,0,3,Kazakhstan - Premier League,0.0,1.0,0,1.0,0.67,0.0,1.0,7
Atyrau,5,1,0,4,4,13,-9,3,Kazakhstan - Premier League,0.2,0.2,-9,0.6,0.8,5.0,5.0,7
Zhetysu,3,0,2,1,0,3,-3,2,Kazakhstan - Premier League,0.0,0.67,-3,0.67,0.0,0.0,1.49,8
Zhenys,3,0,1,2,0,2,-2,1,Kazakhstan - Premier League,0.0,0.33,-2,0.33,0.0,0.0,3.03,9
Ulytau,3,0,1,2,2,6,-4,1,Kazakhstan - Premier League,0.0,0.33,-4,0.33,0.67,0.0,3.03,9
Drita,8,8,0,0,19,4,15,24,kosovo,1.0,1.0,15,3.0,2.38,1.0,1.0,1
Malisheva,8,5,2,1,15,8,7,17,kosovo,0.62,0.88,7,2.12,1.88,1.61,1.14,2
Ballkani,8,5,2,1,15,9,6,17,kosovo,0.62,0.88,6,2.12,1.88,1.61,1.14,2
Ferizaj,8,5,2,1,14,8,6,17,kosovo,0.62,0.88,6,2.12,1.75,1.61,1.14,2
Gjilani,8,4,2,2,9,7,2,14,kosovo,0.5,0.75,2,1.75,1.12,2.0,1.33,3
Dukagjini,8,3,4,1,7,5,2,13,kosovo,0.38,0.88,2,1.62,0.88,2.63,1.14,4
Llapi,8,2,5,1,7,5,2,11,kosovo,0.25,0.88,2,1.38,0.88,4.0,1.14,5
Suhareka,8,3,1,4,11,10,1,10,kosovo,0.38,0.5,1,1.25,1.38,2.63,2.0,6
Feronikeli,8,3,1,4,6,12,-6,10,kosovo,0.38,0.5,-6,1.25,0.75,2.63,2.0,6
Prishtina,8,0,7,1,9,10,-1,7,kosovo,0.0,0.88,-1,0.88,1.12,0.0,1.14,7
Al Kuwait,8,8,0,0,30,2,28,24,kuwait,1.0,1.0,28,3.0,3.75,1.0,1.0,1
Al Arabi SC,8,5,3,0,10,4,6,18,kuwait,0.62,1.0,6,2.25,1.25,1.61,1.0,2
Al Qadsia,8,6,0,2,18,13,5,18,kuwait,0.75,0.75,5,2.25,2.25,1.33,1.33,2
Al Fahaheel,8,4,2,2,16,11,5,14,kuwait,0.5,0.75,5,1.75,2.0,2.0,1.33,3
Kazma,8,3,3,2,10,6,4,12,kuwait,0.38,0.75,4,1.5,1.25,2.63,1.33,4
Al Salmiyah,8,3,1,4,15,16,-1,10,kuwait,0.38,0.5,-1,1.25,1.88,2.63,2.0,5
Al Tadhamon,8,3,1,4,9,18,-9,10,kuwait,0.38,0.5,-9,1.25,1.12,2.63,2.0,5
Al Nasar,8,2,2,4,10,14,-4,8,kuwait,0.25,0.5,-4,1.0,1.25,4.0,2.0,6
Khaitan,8,1,4,3,7,11,-4,7,kuwait,0.12,0.62,-4,0.88,0.88,8.33,1.61,7
Yarmouk,8,1,3,4,7,15,-8,6,kuwait,0.12,0.5,-8,0.75,0.88,8.33,2.0,8
Auda,6,5,0,1,11,2,9,15,latvia,0.83,0.83,9,2.5,1.83,1.2,1.2,1
Daugavpils,6,4,1,1,13,6,7,13,latvia,0.67,0.83,7,2.17,2.17,1.49,1.2,2
FS Jelgava,5,4,1,0,10,4,6,13,latvia,0.8,1.0,6,2.6,2.0,1.25,1.0,2
RFS,5,4,0,1,8,2,6,12,latvia,0.8,0.8,6,2.4,1.6,1.25,1.25,3
Liepaja,6,3,2,1,13,8,5,11,latvia,0.5,0.83,5,1.83,2.17,2.0,1.2,4
Riga FC,5,2,2,1,9,5,4,8,latvia,0.4,0.8,4,1.6,1.8,2.5,1.25,5
Metta,5,2,1,2,6,7,-1,7,latvia,0.4,0.6,-1,1.4,1.2,2.5,1.67,6
Tukums,4,1,2,1,4,5,-1,5,latvia,0.25,0.75,-1,1.25,1.0,4.0,1.33,7
Super Nova,4,1,1,2,7,8,-1,4,latvia,0.25,0.5,-1,1.0,1.75,4.0,2.0,8
Grobina,4,1,1,2,7,11,-4,4,latvia,0.25,0.5,-4,1.0,1.75,4.0,2.0,8
Hegelmann L.,5,5,0,0,10,5,5,15,Lithuania - A Lyga,1.0,1.0,5,3.0,2.0,1.0,1.0,1
Suduva,5,4,1,0,8,1,7,13,Lithuania - A Lyga,0.8,1.0,7,2.6,1.6,1.25,1.0,2
Zalgiris,5,2,2,1,8,5,3,8,Lithuania - A Lyga,0.4,0.8,3,1.6,1.6,2.5,1.25,3
Banga,5,2,0,3,6,7,-1,6,Lithuania - A Lyga,0.4,0.4,-1,1.2,1.2,2.5,2.5,4
Riteriai,5,1,2,2,9,9,0,5,Lithuania - A Lyga,0.2,0.6,0,1.0,1.8,5.0,1.67,5
Siauliai,5,1,2,2,8,10,-2,5,Lithuania - A Lyga,0.2,0.6,-2,1.0,1.6,5.0,1.67,5
Kauno Zalgiris,4,1,1,2,4,4,0,4,Lithuania - A Lyga,0.25,0.5,0,1.0,1.0,4.0,2.0,6
Panevezys,5,1,1,3,4,7,-3,4,Lithuania - A Lyga,0.2,0.4,-3,0.8,0.8,5.0,2.5,6
Dainava,5,0,1,4,3,10,-7,1,Lithuania - A Lyga,0.0,0.2,-7,0.2,0.6,0.0,5.0,7
Dziugas Telsiai,2,0,0,2,0,3,-3,0,Lithuania - A Lyga,0.0,0.0,-3,0.0,0.0,0.0,0.0,8
Tauras,4,4,0,0,13,1,12,12,lithuania2,1.0,1.0,12,3.0,3.25,1.0,1.0,1
TransINVEST,4,4,0,0,11,1,10,12,lithuania2,1.0,1.0,10,3.0,2.75,1.0,1.0,1
Neptuna K.,3,3,0,0,10,1,9,9,lithuania2,1.0,1.0,9,3.0,3.33,1.0,1.0,2
Kauno Z. B,3,3,0,0,4,0,4,9,lithuania2,1.0,1.0,4,3.0,1.33,1.0,1.0,2
Panevezys B,3,2,0,1,6,5,1,6,lithuania2,0.67,0.67,1,2.0,2.0,1.49,1.49,3
BFA Vilnius,2,1,1,0,4,2,2,4,lithuania2,0.5,1.0,2,2.0,2.0,2.0,1.0,4
Zalgiris B,3,1,1,1,4,5,-1,4,lithuania2,0.33,0.67,-1,1.33,1.33,3.03,1.49,4
Babrungas,3,1,1,1,4,7,-3,4,lithuania2,0.33,0.67,-3,1.33,1.33,3.03,1.49,4
Ekranas,3,1,0,2,5,5,0,3,lithuania2,0.33,0.33,0,1.0,1.67,3.03,3.03,5
Atmosfera,3,1,0,2,2,5,-3,3,lithuania2,0.33,0.33,-3,1.0,0.67,3.03,3.03,5
Minija,3,1,0,2,3,8,-5,3,lithuania2,0.33,0.33,-5,1.0,1.0,3.03,3.03,5
Be1 NFA,4,0,2,2,3,6,-3,2,lithuania2,0.0,0.5,-3,0.5,0.75,0.0,2.0,6
Hegelmann B,2,0,1,1,2,3,-1,1,lithuania2,0.0,0.5,-1,0.5,1.0,0.0,2.0,7
Jonava,3,0,1,2,2,4,-2,1,lithuania2,0.0,0.33,-2,0.33,0.67,0.0,3.03,7
Nevezis,3,0,1,2,4,9,-5,1,lithuania2,0.0,0.33,-5,0.33,1.33,0.0,3.03,7
Siauliai B,3,0,1,2,1,6,-5,1,lithuania2,0.0,0.33,-5,0.33,0.33,0.0,3.03,7
Differdange,8,8,0,0,25,1,24,24,luxembourg,1.0,1.0,24,3.0,3.12,1.0,1.0,1
UNA Strassen,8,6,0,2,25,6,19,18,luxembourg,0.75,0.75,19,2.25,3.12,1.33,1.33,2
Niedercorn,8,5,2,1,12,8,4,17,luxembourg,0.62,0.88,4,2.12,1.5,1.61,1.14,3
Racing,8,5,1,2,14,8,6,16,luxembourg,0.62,0.75,6,2.0,1.75,1.61,1.33,4
Wiltz,8,5,1,2,14,10,4,16,luxembourg,0.62,0.75,4,2.0,1.75,1.61,1.33,4
Hesperange,8,4,2,2,10,5,5,14,luxembourg,0.5,0.75,5,1.75,1.25,2.0,1.33,5
Jeunesse Esch,8,4,2,2,18,14,4,14,luxembourg,0.5,0.75,4,1.75,2.25,2.0,1.33,5
Dudelange,8,4,2,2,14,10,4,14,luxembourg,0.5,0.75,4,1.75,1.75,2.0,1.33,5
Hostert,8,4,2,2,14,14,0,14,luxembourg,0.5,0.75,0,1.75,1.75,2.0,1.33,5
Mondorf,8,4,1,3,11,9,2,13,luxembourg,0.5,0.62,2,1.62,1.38,2.0,1.61,6
Petange,8,2,4,2,8,8,0,10,luxembourg,0.25,0.75,0,1.25,1.0,4.0,1.33,7
Rodange,8,1,3,4,8,15,-7,6,luxembourg,0.12,0.5,-7,0.75,1.0,8.33,2.0,8
V. Rosport,8,1,3,4,4,11,-7,6,luxembourg,0.12,0.5,-7,0.75,0.5,8.33,2.0,8
Mondercange,8,1,2,5,5,16,-11,5,luxembourg,0.12,0.38,-11,0.62,0.62,8.33,2.63,9
Fola Esch,8,1,1,6,2,17,-15,4,luxembourg,0.12,0.25,-15,0.5,0.25,8.33,4.0,10
Bettembourg,8,1,0,7,6,18,-12,3,luxembourg,0.12,0.12,-12,0.38,0.75,8.33,8.33,11
Johor Darul,8,8,0,0,35,1,34,24,Malaysia - Super League,1.0,1.0,34,3.0,4.38,1.0,1.0,1
Selangor,8,6,1,1,12,3,9,19,Malaysia - Super League,0.75,0.88,9,2.38,1.5,1.33,1.14,2
Kuala Lumpur,8,6,0,2,22,10,12,18,Malaysia - Super League,0.75,0.75,12,2.25,2.75,1.33,1.33,3
Kuching,8,4,2,2,12,8,4,14,Malaysia - Super League,0.5,0.75,4,1.75,1.5,2.0,1.33,4
PDRM,8,4,2,2,12,8,4,14,Malaysia - Super League,0.5,0.75,4,1.75,1.5,2.0,1.33,4
Sabah,8,3,3,2,15,10,5,12,Malaysia - Super League,0.38,0.75,5,1.5,1.88,2.63,1.33,5
Pahang,8,3,1,4,17,17,0,10,Malaysia - Super League,0.38,0.5,0,1.25,2.12,2.63,2.0,6
Terengganu,8,2,3,3,10,9,1,9,Malaysia - Super League,0.25,0.62,1,1.12,1.25,4.0,1.61,7
Kedah,8,2,3,3,9,14,-5,9,Malaysia - Super League,0.25,0.62,-5,1.12,1.12,4.0,1.61,7
Pulau Pinang,8,2,3,3,8,13,-5,9,Malaysia - Super League,0.25,0.62,-5,1.12,1.0,4.0,1.61,7
Perak,8,1,3,4,13,15,-2,6,Malaysia - Super League,0.12,0.5,-2,0.75,1.62,8.33,2.0,8
Negeri Sembilan,8,2,0,6,6,18,-12,6,Malaysia - Super League,0.25,0.25,-12,0.75,0.75,4.0,4.0,8
Kelantan United,8,0,1,7,5,25,-20,1,Malaysia - Super League,0.0,0.12,-20,0.12,0.62,0.0,8.33,9
Mosta,8,6,1,1,13,6,7,19,Malta - Premier League,0.75,0.88,7,2.38,1.62,1.33,1.14,1
Floriana,8,4,3,1,11,6,5,15,Malta - Premier League,0.5,0.88,5,1.88,1.38,2.0,1.14,2
Marsaxlokk,8,3,4,1,13,14,-1,13,Malta - Premier League,0.38,0.88,-1,1.62,1.62,2.63,1.14,3
Birkirkara,8,3,3,2,13,9,4,12,Malta - Premier League,0.38,0.75,4,1.5,1.62,2.63,1.33,4
Sliema,8,3,1,4,13,10,3,10,Malta - Premier League,0.38,0.5,3,1.25,1.62,2.63,2.0,5
Hibernians,8,3,1,4,9,14,-5,10,Malta - Premier League,0.38,0.5,-5,1.25,1.12,2.63,2.0,5
Zabbar,8,3,0,5,10,12,-2,9,Malta - Premier League,0.38,0.38,-2,1.12,1.25,2.63,2.63,6
Naxxar Lions,8,2,3,3,5,12,-7,9,Malta - Premier League,0.25,0.62,-7,1.12,0.62,4.0,1.61,6
Balzan,8,2,2,4,9,13,-4,8,Malta - Premier League,0.25,0.5,-4,1.0,1.12,4.0,2.0,7
Gzira Utd,8,2,2,4,6,13,-7,8,Malta - Premier League,0.25,0.5,-7,1.0,0.75,4.0,2.0,7
Hamrun Spartans,8,2,1,5,9,9,0,7,Malta - Premier League,0.25,0.38,0,0.88,1.12,4.0,2.63,8
Melita,8,2,1,5,11,19,-8,7,Malta - Premier League,0.25,0.38,-8,0.88,1.38,4.0,2.63,8
A. San Luis,8,7,1,0,18,5,13,22,Mexico - Liga MX - Apertura,0.88,1.0,13,2.75,2.25,1.14,1.0,1
Toluca,8,6,2,0,25,5,20,20,Mexico - Liga MX - Apertura,0.75,1.0,20,2.5,3.12,1.33,1.0,2
Cruz Azul,8,6,2,0,19,3,16,20,Mexico - Liga MX - Apertura,0.75,1.0,16,2.5,2.38,1.33,1.0,2
Tigres,8,6,2,0,11,5,6,20,Mexico - Liga MX - Apertura,0.75,1.0,6,2.5,1.38,1.33,1.0,2
CF America,8,6,0,2,14,5,9,18,Mexico - Liga MX - Apertura,0.75,0.75,9,2.25,1.75,1.33,1.33,3
Pumas UNAM,8,6,0,2,14,6,8,18,Mexico - Liga MX - Apertura,0.75,0.75,8,2.25,1.75,1.33,1.33,3
Monterrey,8,5,2,1,16,8,8,17,Mexico - Liga MX - Apertura,0.62,0.88,8,2.12,2.0,1.61,1.14,4
Tijuana,8,5,2,1,14,11,3,17,Mexico - Liga MX - Apertura,0.62,0.88,3,2.12,1.75,1.61,1.14,4
Guadalajara,8,4,2,2,15,7,8,14,Mexico - Liga MX - Apertura,0.5,0.75,8,1.75,1.88,2.0,1.33,5
Atlas,8,3,4,1,8,5,3,13,Mexico - Liga MX - Apertura,0.38,0.88,3,1.62,1.0,2.63,1.14,6
Club Leon,8,2,5,1,9,5,4,11,Mexico - Liga MX - Apertura,0.25,0.88,4,1.38,1.12,4.0,1.14,7
Mazatlan,8,2,4,2,10,11,-1,10,Mexico - Liga MX - Apertura,0.25,0.75,-1,1.25,1.25,4.0,1.33,8
Necaxa,8,2,3,3,9,8,1,9,Mexico - Liga MX - Apertura,0.25,0.62,1,1.12,1.12,4.0,1.61,9
Pachuca,8,2,2,4,13,13,0,8,Mexico - Liga MX - Apertura,0.25,0.5,0,1.0,1.62,4.0,2.0,10
Santos Laguna,8,2,2,4,6,12,-6,8,Mexico - Liga MX - Apertura,0.25,0.5,-6,1.0,0.75,4.0,2.0,10
Puebla,8,2,1,5,12,15,-3,7,Mexico - Liga MX - Apertura,0.25,0.38,-3,0.88,1.5,4.0,2.63,11
Queretaro,8,2,1,5,6,11,-5,7,Mexico - Liga MX - Apertura,0.25,0.38,-5,0.88,0.75,4.0,2.63,11
Juarez,8,1,2,5,10,15,-5,5,Mexico - Liga MX - Apertura,0.12,0.38,-5,0.62,1.25,8.33,2.63,12
Tigres,8,7,0,1,16,5,11,21,Mexico - Liga MX - Clausura,0.88,0.88,11,2.62,2.0,1.14,1.14,1
Toluca,8,6,2,0,21,9,12,20,Mexico - Liga MX - Clausura,0.75,1.0,12,2.5,2.62,1.33,1.0,2
Cruz Azul,8,5,3,0,14,7,7,18,Mexico - Liga MX - Clausura,0.62,1.0,7,2.25,1.75,1.61,1.0,3
CF America,8,5,2,1,21,4,17,17,Mexico - Liga MX - Clausura,0.62,0.88,17,2.12,2.62,1.61,1.14,4
Monterrey,8,5,1,2,16,10,6,16,Mexico - Liga MX - Clausura,0.62,0.75,6,2.0,2.0,1.61,1.33,5
Club Leon,8,5,1,2,11,9,2,16,Mexico - Liga MX - Clausura,0.62,0.75,2,2.0,1.38,1.61,1.33,5
Pachuca,8,4,3,1,11,6,5,15,Mexico - Liga MX - Clausura,0.5,0.88,5,1.88,1.38,2.0,1.14,6
Guadalajara,8,4,3,1,8,5,3,15,Mexico - Liga MX - Clausura,0.5,0.88,3,1.88,1.0,2.0,1.14,6
Necaxa,8,5,0,3,18,16,2,15,Mexico - Liga MX - Clausura,0.62,0.62,2,1.88,2.25,1.61,1.61,6
Queretaro,8,4,1,3,11,10,1,13,Mexico - Liga MX - Clausura,0.5,0.62,1,1.62,1.38,2.0,1.61,7
Mazatlan,8,3,3,2,10,10,0,12,Mexico - Liga MX - Clausura,0.38,0.75,0,1.5,1.25,2.63,1.33,8
A. San Luis,8,4,0,4,11,12,-1,12,Mexico - Liga MX - Clausura,0.5,0.5,-1,1.5,1.38,2.0,2.0,8
Juarez,8,3,3,2,10,12,-2,12,Mexico - Liga MX - Clausura,0.38,0.75,-2,1.5,1.25,2.63,1.33,8
Tijuana,8,3,0,5,17,19,-2,9,Mexico - Liga MX - Clausura,0.38,0.38,-2,1.12,2.12,2.63,2.63,9
Pumas UNAM,8,2,3,3,5,7,-2,9,Mexico - Liga MX - Clausura,0.25,0.62,-2,1.12,0.62,4.0,1.61,9
Atlas,8,2,3,3,14,18,-4,9,Mexico - Liga MX - Clausura,0.25,0.62,-4,1.12,1.75,4.0,1.61,9
Santos Laguna,8,2,0,6,8,17,-9,6,Mexico - Liga MX - Clausura,0.25,0.25,-9,0.75,1.0,4.0,4.0,10
Puebla,8,1,1,6,5,12,-7,4,Mexico - Liga MX - Clausura,0.12,0.25,-7,0.5,0.62,8.33,4.0,11
Buducnost,8,7,1,0,27,7,20,22,montenegro,0.88,1.0,20,2.75,3.38,1.14,1.0,1
Petrovac,8,4,3,1,13,11,2,15,montenegro,0.5,0.88,2,1.88,1.62,2.0,1.14,2
Decic,8,4,2,2,10,4,6,14,montenegro,0.5,0.75,6,1.75,1.25,2.0,1.33,3
Otrant,8,4,1,3,13,10,3,13,montenegro,0.5,0.62,3,1.62,1.62,2.0,1.61,4
Jedinstvo,8,4,1,3,11,8,3,13,montenegro,0.5,0.62,3,1.62,1.38,2.0,1.61,4
Sutjeska,8,3,3,2,10,9,1,12,montenegro,0.38,0.75,1,1.5,1.25,2.63,1.33,5
Arsenal Tivat,8,3,2,3,8,11,-3,11,montenegro,0.38,0.62,-3,1.38,1.0,2.63,1.61,6
Jezero,8,2,3,3,12,13,-1,9,montenegro,0.25,0.62,-1,1.12,1.5,4.0,1.61,7
Mornar Bar,8,2,3,3,6,8,-2,9,montenegro,0.25,0.62,-2,1.12,0.75,4.0,1.61,7
Bokelj,8,2,1,5,5,15,-10,7,montenegro,0.25,0.38,-10,0.88,0.62,4.0,2.63,8
FUS Rabat,8,6,1,1,21,9,12,19,morocco,0.75,0.88,12,2.38,2.62,1.33,1.14,1
Berkane,8,5,3,0,13,3,10,18,morocco,0.62,1.0,10,2.25,1.62,1.61,1.0,2
FAR Rabat,8,5,3,0,14,7,7,18,morocco,0.62,1.0,7,2.25,1.75,1.61,1.0,2
Olympic Safi,8,4,4,0,8,3,5,16,morocco,0.5,1.0,5,2.0,1.0,2.0,1.0,3
Wydad,8,4,3,1,12,8,4,15,morocco,0.5,0.88,4,1.88,1.5,2.0,1.14,4
Ittihad Tanger,8,4,3,1,11,8,3,15,morocco,0.5,0.88,3,1.88,1.38,2.0,1.14,4
Meknes,8,4,3,1,8,5,3,15,morocco,0.5,0.88,3,1.88,1.0,2.0,1.14,4
Raja Casablanca,8,3,5,0,11,5,6,14,morocco,0.38,1.0,6,1.75,1.38,2.63,1.0,5
R. Zemamra,8,4,2,2,11,6,5,14,morocco,0.5,0.75,5,1.75,1.38,2.0,1.33,5
Difaa El Jadida,8,4,2,2,8,8,0,14,morocco,0.5,0.75,0,1.75,1.0,2.0,1.33,5
Union Touarga,8,4,1,3,10,9,1,13,morocco,0.5,0.62,1,1.62,1.25,2.0,1.61,6
Maghreb de Fes,8,4,1,3,7,7,0,13,morocco,0.5,0.62,0,1.62,0.88,2.0,1.61,6
Hassania Agadir,8,3,3,2,12,10,2,12,morocco,0.38,0.75,2,1.5,1.5,2.63,1.33,7
JS Sousalem,8,2,2,4,6,10,-4,8,morocco,0.25,0.5,-4,1.0,0.75,4.0,2.0,8
Moghreb Tetouan,8,1,2,5,6,13,-7,5,morocco,0.12,0.38,-7,0.62,0.75,8.33,2.63,9
C. Mohammedia,8,0,0,8,2,23,-21,0,morocco,0.0,0.0,-21,0.0,0.25,0.0,0.0,10
Shan Utd,8,8,0,0,23,1,22,24,myanmar,1.0,1.0,22,3.0,2.88,1.0,1.0,1
Yangon Utd,8,5,2,1,16,7,9,17,myanmar,0.62,0.88,9,2.12,2.0,1.61,1.14,2
Sagaing Utd,8,5,1,2,20,13,7,16,myanmar,0.62,0.75,7,2.0,2.5,1.61,1.33,3
Hantharwady,8,4,2,2,13,12,1,14,myanmar,0.5,0.75,1,1.75,1.62,2.0,1.33,4
Yadanarbon,8,3,3,2,16,14,2,12,myanmar,0.38,0.75,2,1.5,2.0,2.63,1.33,5
Dagon,8,3,3,2,7,7,0,12,myanmar,0.38,0.75,0,1.5,0.88,2.63,1.33,5
Ispe FC,8,3,2,3,12,15,-3,11,myanmar,0.38,0.62,-3,1.38,1.5,2.63,1.61,6
Thitsar Arman,8,2,2,4,14,19,-5,8,myanmar,0.25,0.5,-5,1.0,1.75,4.0,2.0,7
Rakhine Utd,8,1,3,4,7,21,-14,6,myanmar,0.12,0.5,-14,0.75,0.88,8.33,2.0,8
Myawady,8,1,1,6,12,22,-10,4,myanmar,0.12,0.25,-10,0.5,1.5,8.33,4.0,9
Dagon Port,8,1,1,6,9,21,-12,4,myanmar,0.12,0.25,-12,0.5,1.12,8.33,4.0,9
Ayeyawady,8,1,0,7,5,14,-9,3,myanmar,0.12,0.12,-9,0.38,0.62,8.33,8.33,10
Ajax Amsterdam,8,6,2,0,19,6,13,20,Netherlands - Eredivisie,0.75,1.0,13,2.5,2.38,1.33,1.0,1
Go Ahead Eagles,8,6,2,0,18,8,10,20,Netherlands - Eredivisie,0.75,1.0,10,2.5,2.25,1.33,1.0,1
Feyenoord,8,6,1,1,22,8,14,19,Netherlands - Eredivisie,0.75,0.88,14,2.38,2.75,1.33,1.14,2
Heracles Almelo,8,4,4,0,16,10,6,16,Netherlands - Eredivisie,0.5,1.0,6,2.0,2.0,2.0,1.0,3
FC Twente,8,5,1,2,17,12,5,16,Netherlands - Eredivisie,0.62,0.75,5,2.0,2.12,1.61,1.33,3
PSV Eindhoven,8,4,3,1,18,10,8,15,Netherlands - Eredivisie,0.5,0.88,8,1.88,2.25,2.0,1.14,4
Heerenveen,8,4,3,1,15,11,4,15,Netherlands - Eredivisie,0.5,0.88,4,1.88,1.88,2.0,1.14,4
FC Groningen,8,4,3,1,10,6,4,15,Netherlands - Eredivisie,0.5,0.88,4,1.88,1.25,2.0,1.14,4
Sparta,8,4,2,2,12,7,5,14,Netherlands - Eredivisie,0.5,0.75,5,1.75,1.5,2.0,1.33,5
AZ Alkmaar,8,4,2,2,10,7,3,14,Netherlands - Eredivisie,0.5,0.75,3,1.75,1.25,2.0,1.33,5
FC Utrecht,8,4,1,3,12,8,4,13,Netherlands - Eredivisie,0.5,0.62,4,1.62,1.5,2.0,1.61,6
NEC Nijmegen,8,2,4,2,18,16,2,10,Netherlands - Eredivisie,0.25,0.75,2,1.25,2.25,4.0,1.33,7
PEC Zwolle,8,2,3,3,10,9,1,9,Netherlands - Eredivisie,0.25,0.62,1,1.12,1.25,4.0,1.61,8
Fortuna Sittard,8,3,0,5,6,16,-10,9,Netherlands - Eredivisie,0.38,0.38,-10,1.12,0.75,2.63,2.63,8
RKC Waalwijk,8,2,2,4,11,13,-2,8,Netherlands - Eredivisie,0.25,0.5,-2,1.0,1.38,4.0,2.0,9
NAC Breda,8,1,5,2,9,11,-2,8,Netherlands - Eredivisie,0.12,0.75,-2,1.0,1.12,8.33,1.33,9
Almere City,8,1,3,4,8,13,-5,6,Netherlands - Eredivisie,0.12,0.5,-5,0.75,1.0,8.33,2.0,10
Willem II,8,1,1,6,10,16,-6,4,Netherlands - Eredivisie,0.12,0.25,-6,0.5,1.25,8.33,4.0,11
Cambuur,8,7,1,0,18,6,12,22,Netherlands - Eerste Divisie,0.88,1.0,12,2.75,2.25,1.14,1.0,1
FC Dordrecht,8,6,2,0,21,3,18,20,Netherlands - Eerste Divisie,0.75,1.0,18,2.5,2.62,1.33,1.0,2
Telstar,8,6,1,1,23,7,16,19,Netherlands - Eerste Divisie,0.75,0.88,16,2.38,2.88,1.33,1.14,3
De Graafschap,8,6,1,1,15,5,10,19,Netherlands - Eerste Divisie,0.75,0.88,10,2.38,1.88,1.33,1.14,3
FC Volendam,8,6,0,2,22,11,11,18,Netherlands - Eerste Divisie,0.75,0.75,11,2.25,2.75,1.33,1.33,4
ADO Den Haag,8,6,0,2,16,13,3,18,Netherlands - Eerste Divisie,0.75,0.75,3,2.25,2.0,1.33,1.33,4
Excelsior,8,5,2,1,18,6,12,17,Netherlands - Eerste Divisie,0.62,0.88,12,2.12,2.25,1.61,1.14,5
VVV,8,4,3,1,13,8,5,15,Netherlands - Eerste Divisie,0.5,0.88,5,1.88,1.62,2.0,1.14,6
Roda JC,8,4,3,1,14,11,3,15,Netherlands - Eerste Divisie,0.5,0.88,3,1.88,1.75,2.0,1.14,6
FC Den Bosch,8,4,2,2,11,6,5,14,Netherlands - Eerste Divisie,0.5,0.75,5,1.75,1.38,2.0,1.33,7
Vitesse Arnhem,8,4,1,3,11,10,1,13,Netherlands - Eerste Divisie,0.5,0.62,1,1.62,1.38,2.0,1.61,8
Helmond Sport,8,3,3,2,14,8,6,12,Netherlands - Eerste Divisie,0.38,0.75,6,1.5,1.75,2.63,1.33,9
Jong AZ,8,3,3,2,14,8,6,12,Netherlands - Eerste Divisie,0.38,0.75,6,1.5,1.75,2.63,1.33,9
MVV Maastricht,8,4,0,4,14,11,3,12,Netherlands - Eerste Divisie,0.5,0.5,3,1.5,1.75,2.0,2.0,9
FC Emmen,8,4,0,4,14,12,2,12,Netherlands - Eerste Divisie,0.5,0.5,2,1.5,1.75,2.0,2.0,9
Jong Ajax,8,3,2,3,10,10,0,11,Netherlands - Eerste Divisie,0.38,0.62,0,1.38,1.25,2.63,1.61,10
FC Eindhoven,8,2,2,4,13,17,-4,8,Netherlands - Eerste Divisie,0.25,0.5,-4,1.0,1.62,4.0,2.0,11
TOP Oss,8,2,2,4,7,14,-7,8,Netherlands - Eerste Divisie,0.25,0.5,-7,1.0,0.88,4.0,2.0,11
Jong Utrecht,8,1,4,3,7,10,-3,7,Netherlands - Eerste Divisie,0.12,0.62,-3,0.88,0.88,8.33,1.61,12
Jong PSV,8,1,1,6,11,20,-9,4,Netherlands - Eerste Divisie,0.12,0.25,-9,0.5,1.38,8.33,4.0,13
Real Esteli,8,6,1,1,18,6,12,19,nicaragua2,0.75,0.88,12,2.38,2.25,1.33,1.14,1
Managua FC,8,6,1,1,15,4,11,19,nicaragua2,0.75,0.88,11,2.38,1.88,1.33,1.14,1
Diriangen,8,6,0,2,19,8,11,18,nicaragua2,0.75,0.75,11,2.25,2.38,1.33,1.33,2
CS Sebaco,8,4,3,1,10,7,3,15,nicaragua2,0.5,0.88,3,1.88,1.25,2.0,1.14,3
Matagalpa,8,4,2,2,20,14,6,14,nicaragua2,0.5,0.75,6,1.75,2.5,2.0,1.33,4
Walter Ferreti,8,4,2,2,12,7,5,14,nicaragua2,0.5,0.75,5,1.75,1.5,2.0,1.33,4
UNAN Managua,8,4,2,2,13,9,4,14,nicaragua2,0.5,0.75,4,1.75,1.62,2.0,1.33,4
Jalapa,8,3,3,2,10,5,5,12,nicaragua2,0.38,0.75,5,1.5,1.25,2.63,1.33,5
D. Ocotal,8,3,2,3,11,10,1,11,nicaragua2,0.38,0.62,1,1.38,1.38,2.63,1.61,6
Rancho Santana,8,2,4,2,10,9,1,10,nicaragua2,0.25,0.75,1,1.25,1.25,4.0,1.33,7
Linfield,8,7,0,1,13,5,8,21,Northern Ireland - NIFL Premiership,0.88,0.88,8,2.62,1.62,1.14,1.14,1
Cliftonville,8,6,1,1,19,4,15,19,Northern Ireland - NIFL Premiership,0.75,0.88,15,2.38,2.38,1.33,1.14,2
Portadown,8,5,2,1,13,7,6,17,Northern Ireland - NIFL Premiership,0.62,0.88,6,2.12,1.62,1.61,1.14,3
Glentoran,8,4,3,1,10,7,3,15,Northern Ireland - NIFL Premiership,0.5,0.88,3,1.88,1.25,2.0,1.14,4
Coleraine,8,4,2,2,11,8,3,14,Northern Ireland - NIFL Premiership,0.5,0.75,3,1.75,1.38,2.0,1.33,5
Ballymena Utd,8,3,3,2,13,10,3,12,Northern Ireland - NIFL Premiership,0.38,0.75,3,1.5,1.62,2.63,1.33,6
Glenavon,8,4,0,4,9,6,3,12,Northern Ireland - NIFL Premiership,0.5,0.5,3,1.5,1.12,2.0,2.0,6
Dungannon,8,3,2,3,11,14,-3,11,Northern Ireland - NIFL Premiership,0.38,0.62,-3,1.38,1.38,2.63,1.61,7
Crusaders,8,3,2,3,13,17,-4,11,Northern Ireland - NIFL Premiership,0.38,0.62,-4,1.38,1.62,2.63,1.61,7
Larne,8,2,4,2,7,7,0,10,Northern Ireland - NIFL Premiership,0.25,0.75,0,1.25,0.88,4.0,1.33,8
Carrick Rangers,8,2,2,4,7,11,-4,8,Northern Ireland - NIFL Premiership,0.25,0.5,-4,1.0,0.88,4.0,2.0,9
Loughgall,8,1,1,6,7,17,-10,4,Northern Ireland - NIFL Premiership,0.12,0.25,-10,0.5,0.88,8.33,4.0,10
Annagh Utd,8,6,1,1,19,9,10,19,northernireland2,0.75,0.88,10,2.38,2.38,1.33,1.14,1
Ballinamallard,8,5,2,1,15,7,8,17,northernireland2,0.62,0.88,8,2.12,1.88,1.61,1.14,2
Bangor,8,5,1,2,21,11,10,16,northernireland2,0.62,0.75,10,2.0,2.62,1.61,1.33,3
HW Welders,8,5,0,3,18,8,10,15,northernireland2,0.62,0.62,10,1.88,2.25,1.61,1.61,4
Newington,8,5,0,3,15,12,3,15,northernireland2,0.62,0.62,3,1.88,1.88,1.61,1.61,4
Limavady,8,4,2,2,13,8,5,14,northernireland2,0.5,0.75,5,1.75,1.62,2.0,1.33,5
Newry City,8,3,3,2,11,9,2,12,northernireland2,0.38,0.75,2,1.5,1.38,2.63,1.33,6
Ards,8,3,3,2,14,13,1,12,northernireland2,0.38,0.75,1,1.5,1.75,2.63,1.33,6
Institute,8,3,3,2,15,17,-2,12,northernireland2,0.38,0.75,-2,1.5,1.88,2.63,1.33,6
Ballyclare,8,1,4,3,11,16,-5,7,northernireland2,0.12,0.62,-5,0.88,1.38,8.33,1.61,7
Dundela,8,2,1,5,9,14,-5,7,northernireland2,0.25,0.38,-5,0.88,1.12,4.0,2.63,7
Armagh City,8,1,2,5,10,20,-10,5,northernireland2,0.12,0.38,-10,0.62,1.25,8.33,2.63,8
Shkendija,8,6,2,0,17,6,11,20,northmacedonia,0.75,1.0,11,2.5,2.12,1.33,1.0,1
Rabotnicki,8,6,0,2,12,5,7,18,northmacedonia,0.75,0.75,7,2.25,1.5,1.33,1.33,2
Struga,8,5,2,1,12,5,7,17,northmacedonia,0.62,0.88,7,2.12,1.5,1.61,1.14,3
Sileks,8,4,4,0,16,5,11,16,northmacedonia,0.5,1.0,11,2.0,2.0,2.0,1.0,4
Tikves,8,4,1,3,8,7,1,13,northmacedonia,0.5,0.62,1,1.62,1.0,2.0,1.61,5
Pelister,8,4,1,3,6,6,0,13,northmacedonia,0.5,0.62,0,1.62,0.75,2.0,1.61,5
Gostivar,8,3,3,2,8,7,1,12,northmacedonia,0.38,0.75,1,1.5,1.0,2.63,1.33,6
Voska Sport,8,2,4,2,8,6,2,10,northmacedonia,0.25,0.75,2,1.25,1.0,4.0,1.33,7
Shkupi,8,3,1,4,11,10,1,10,northmacedonia,0.38,0.5,1,1.25,1.38,2.63,2.0,7
Vardar,8,2,4,2,11,11,0,10,northmacedonia,0.25,0.75,0,1.25,1.38,4.0,1.33,7
Besa,8,2,1,5,8,15,-7,7,northmacedonia,0.25,0.38,-7,0.88,1.0,4.0,2.63,8
Brera Strumica,8,1,1,6,6,12,-6,4,northmacedonia,0.12,0.25,-6,0.5,0.75,8.33,4.0,9
Viking,4,3,1,0,15,7,8,10,Norway - Eliteserien,0.75,1.0,8,2.5,3.75,1.33,1.0,1
Fredrikstad,3,3,0,0,8,1,7,9,Norway - Eliteserien,1.0,1.0,7,3.0,2.67,1.0,1.0,2
Brann,3,3,0,0,8,4,4,9,Norway - Eliteserien,1.0,1.0,4,3.0,2.67,1.0,1.0,2
Bodo.Glimt,2,2,0,0,6,0,6,6,Norway - Eliteserien,1.0,1.0,6,3.0,3.0,1.0,1.0,3
Sandefjord,2,2,0,0,5,0,5,6,Norway - Eliteserien,1.0,1.0,5,3.0,2.5,1.0,1.0,3
Rosenborg,3,1,2,0,2,1,1,5,Norway - Eliteserien,0.33,1.0,1,1.67,0.67,3.03,1.0,4
HamKam,3,1,1,1,4,6,-2,4,Norway - Eliteserien,0.33,0.67,-2,1.33,1.33,3.03,1.49,5
Bryne,2,1,0,1,3,2,1,3,Norway - Eliteserien,0.5,0.5,1,1.5,1.5,2.0,2.0,6
KFUM Oslo,2,1,0,1,4,4,0,3,Norway - Eliteserien,0.5,0.5,0,1.5,2.0,2.0,2.0,6
Tromso,2,1,0,1,3,3,0,3,Norway - Eliteserien,0.5,0.5,0,1.5,1.5,2.0,2.0,6
Valerenga,2,1,0,1,3,3,0,3,Norway - Eliteserien,0.5,0.5,0,1.5,1.5,2.0,2.0,6
Kristiansund,2,1,0,1,2,3,-1,3,Norway - Eliteserien,0.5,0.5,-1,1.5,1.0,2.0,2.0,6
Sarpsborg 08,2,0,1,1,3,4,-1,1,Norway - Eliteserien,0.0,0.5,-1,0.5,1.5,0.0,2.0,7
Molde,2,0,1,1,2,4,-2,1,Norway - Eliteserien,0.0,0.5,-2,0.5,1.0,0.0,2.0,7
Haugesund,2,0,1,1,0,5,-5,1,Norway - Eliteserien,0.0,0.5,-5,0.5,0.0,0.0,2.0,7
Stromsgodset,2,0,0,2,2,4,-2,0,Norway - Eliteserien,0.0,0.0,-2,0.0,1.0,0.0,0.0,8
Moss,2,2,0,0,6,2,4,6,Norway - 1st Division,1.0,1.0,4,3.0,3.0,1.0,1.0,1
Egersund,2,2,0,0,7,5,2,6,Norway - 1st Division,1.0,1.0,2,3.0,3.5,1.0,1.0,1
Odd,2,2,0,0,4,2,2,6,Norway - 1st Division,1.0,1.0,2,3.0,2.0,1.0,1.0,1
Raufoss,3,2,0,1,6,5,1,6,Norway - 1st Division,0.67,0.67,1,2.0,2.0,1.49,1.49,1
Kongsvinger,2,1,1,0,7,1,6,4,Norway - 1st Division,0.5,1.0,6,2.0,3.5,2.0,1.0,2
Lillestrom,1,1,0,0,1,0,1,3,Norway - 1st Division,1.0,1.0,1,3.0,1.0,1.0,1.0,3
Sogndal,2,1,0,1,6,6,0,3,Norway - 1st Division,0.5,0.5,0,1.5,3.0,2.0,2.0,3
Start,2,1,0,1,3,3,0,3,Norway - 1st Division,0.5,0.5,0,1.5,1.5,2.0,2.0,3
Aalesund,2,0,2,0,2,2,0,2,Norway - 1st Division,0.0,1.0,0,1.0,1.0,0.0,1.0,4
Mjondalen,2,0,1,1,3,4,-1,1,Norway - 1st Division,0.0,0.5,-1,0.5,1.5,0.0,2.0,5
Asane,2,0,1,1,0,2,-2,1,Norway - 1st Division,0.0,0.5,-2,0.5,0.0,0.0,2.0,5
Stabaek,2,0,1,1,1,4,-3,1,Norway - 1st Division,0.0,0.5,-3,0.5,0.5,0.0,2.0,5
Lyn,2,0,0,2,0,2,-2,0,Norway - 1st Division,0.0,0.0,-2,0.0,0.0,0.0,0.0,6
Hodd,2,0,0,2,0,3,-3,0,Norway - 1st Division,0.0,0.0,-3,0.0,0.0,0.0,0.0,6
Ranheim,2,0,0,2,1,5,-4,0,Norway - 1st Division,0.0,0.0,-4,0.0,0.5,0.0,0.0,6
Skeid,2,0,0,2,2,7,-5,0,Norway - 1st Division,0.0,0.0,-5,0.0,1.0,0.0,0.0,6
Sandviken,2,2,0,0,7,4,3,6,norway3,1.0,1.0,3,3.0,3.5,1.0,1.0,1
Sandnes Ulf,2,2,0,0,5,2,3,6,norway3,1.0,1.0,3,3.0,2.5,1.0,1.0,1
Brann B,2,2,0,0,6,4,2,6,norway3,1.0,1.0,2,3.0,3.0,1.0,1.0,1
Arendal,3,1,2,0,5,4,1,5,norway3,0.33,1.0,1,1.67,1.67,3.03,1.0,2
Lysekloster,2,1,1,0,3,2,1,4,norway3,0.5,1.0,1,2.0,1.5,2.0,1.0,3
Notodden,2,1,1,0,3,2,1,4,norway3,0.5,1.0,1,2.0,1.5,2.0,1.0,3
Pors Grenland,2,1,1,0,3,2,1,4,norway3,0.5,1.0,1,2.0,1.5,2.0,1.0,3
Sotra,2,1,0,1,7,4,3,3,norway3,0.5,0.5,3,1.5,3.5,2.0,2.0,4
Brattvag,2,1,0,1,4,4,0,3,norway3,0.5,0.5,0,1.5,2.0,2.0,2.0,4
Traef,2,1,0,1,4,4,0,3,norway3,0.5,0.5,0,1.5,2.0,2.0,2.0,4
Eik Tonsberg,2,0,2,0,2,2,0,2,norway3,0.0,1.0,0,1.0,1.0,0.0,1.0,5
Jerv,2,0,1,1,2,3,-1,1,norway3,0.0,0.5,-1,0.5,1.0,0.0,2.0,6
Flekkeroy,2,0,1,1,1,3,-2,1,norway3,0.0,0.5,-2,0.5,0.5,0.0,2.0,6
V. Haugesund,2,0,0,2,1,4,-3,0,norway3,0.0,0.0,-3,0.0,0.5,0.0,0.0,7
Strommen,2,2,0,0,6,2,4,6,norway4,1.0,1.0,4,3.0,3.0,1.0,1.0,1
Follo,2,2,0,0,3,1,2,6,norway4,1.0,1.0,2,3.0,1.5,1.0,1.0,1
Rana,2,1,1,0,3,1,2,4,norway4,0.5,1.0,2,2.0,1.5,2.0,1.0,2
Tromsdalen,2,1,1,0,4,3,1,4,norway4,0.5,1.0,1,2.0,2.0,2.0,1.0,2
Grorud,2,1,0,1,5,4,1,3,norway4,0.5,0.5,1,1.5,2.5,2.0,2.0,3
Eidsvold,2,1,0,1,4,3,1,3,norway4,0.5,0.5,1,1.5,2.0,2.0,2.0,3
Kjelsas,2,1,0,1,3,3,0,3,norway4,0.5,0.5,0,1.5,1.5,2.0,2.0,3
Alta,2,1,0,1,4,5,-1,3,norway4,0.5,0.5,-1,1.5,2.0,2.0,2.0,3
Stjordals-Blink,2,1,0,1,2,4,-2,3,norway4,0.5,0.5,-2,1.5,1.0,2.0,2.0,3
Asker,2,0,2,0,3,3,0,2,norway4,0.0,1.0,0,1.0,1.5,0.0,1.0,4
Levanger,2,0,1,1,3,4,-1,1,norway4,0.0,0.5,-1,0.5,1.5,0.0,2.0,5
Ull/Kisa,2,0,0,2,3,5,-2,0,norway4,0.0,0.0,-2,0.0,1.5,0.0,0.0,6
Honefoss,2,0,0,2,2,4,-2,0,norway4,0.0,0.0,-2,0.0,1.0,0.0,0.0,6
Strindheim,2,0,0,2,2,4,-2,0,norway4,0.0,0.0,-2,0.0,1.0,0.0,0.0,6
Frigg,2,2,0,0,7,2,5,6,norway5,1.0,1.0,5,3.0,3.5,1.0,1.0,1
Junkeren,2,2,0,0,6,2,4,6,norway5,1.0,1.0,4,3.0,3.0,1.0,1.0,1
Floya,2,2,0,0,4,1,3,6,norway5,1.0,1.0,3,3.0,2.0,1.0,1.0,1
Ulfstind,3,2,0,1,3,3,0,6,norway5,0.67,0.67,0,2.0,1.0,1.49,1.49,1
Ullern,3,1,0,2,6,6,0,3,norway5,0.33,0.33,0,1.0,2.0,3.03,3.03,2
Baerum,2,1,0,1,4,4,0,3,norway5,0.5,0.5,0,1.5,2.0,2.0,2.0,2
Skjervoy,2,1,0,1,4,6,-2,3,norway5,0.5,0.5,-2,1.5,2.0,2.0,2.0,2
Funnefoss/V,2,0,2,0,5,5,0,2,norway5,0.0,1.0,0,1.0,2.5,0.0,1.0,3
Gamle Oslo,2,0,2,0,3,3,0,2,norway5,0.0,1.0,0,1.0,1.5,0.0,1.0,3
KFUM B,2,0,1,1,4,6,-2,1,norway5,0.0,0.5,-2,0.5,2.0,0.0,2.0,4
Sortland,2,0,1,1,2,8,-6,1,norway5,0.0,0.5,-6,0.5,1.0,0.0,2.0,4
Tromso B,2,0,0,2,5,10,-5,0,norway5,0.0,0.0,-5,0.0,2.5,0.0,0.0,5
Harstad,1,0,0,1,0,5,-5,0,norway5,0.0,0.0,-5,0.0,0.0,0.0,0.0,5
Alta B,2,0,0,2,0,8,-8,0,norway5,0.0,0.0,-8,0.0,0.0,0.0,0.0,5
Trygg/Lade,2,2,0,0,11,0,11,6,norway6,1.0,1.0,11,3.0,5.5,1.0,1.0,1
Spjelkavik,2,2,0,0,9,1,8,6,norway6,1.0,1.0,8,3.0,4.5,1.0,1.0,1
Melhus,2,2,0,0,8,0,8,6,norway6,1.0,1.0,8,3.0,4.0,1.0,1.0,1
Rosenborg B,2,2,0,0,4,0,4,6,norway6,1.0,1.0,4,3.0,2.0,1.0,1.0,1
Byasen,2,1,1,0,6,3,3,4,norway6,0.5,1.0,3,2.0,3.0,2.0,1.0,2
Volda,2,1,1,0,5,3,2,4,norway6,0.5,1.0,2,2.0,2.5,2.0,1.0,2
Nardo,2,1,0,1,6,5,1,3,norway6,0.5,0.5,1,1.5,3.0,2.0,2.0,3
Aalesund B,2,1,0,1,6,6,0,3,norway6,0.5,0.5,0,1.5,3.0,2.0,2.0,3
Kvik Trondheim,2,1,0,1,1,2,-1,3,norway6,0.5,0.5,-1,1.5,0.5,2.0,2.0,3
Tiller,2,0,1,1,1,2,-1,1,norway6,0.0,0.5,-1,0.5,0.5,0.0,2.0,4
Kristiansund B,2,0,1,1,1,6,-5,1,norway6,0.0,0.5,-5,0.5,0.5,0.0,2.0,4
Molde B,2,0,0,2,2,6,-4,0,norway6,0.0,0.0,-4,0.0,1.0,0.0,0.0,5
Ranheim B,2,0,0,2,0,6,-6,0,norway6,0.0,0.0,-6,0.0,0.0,0.0,0.0,5
Surnadal,2,0,0,2,2,10,-8,0,norway6,0.0,0.0,-8,0.0,1.0,0.0,0.0,5
Lillehammer,2,2,0,0,7,1,6,6,norway7,1.0,1.0,6,3.0,3.5,1.0,1.0,1
Assiden IF,2,1,1,0,8,2,6,4,norway7,0.5,1.0,6,2.0,4.0,2.0,1.0,2
Kongsvinger B,2,1,1,0,6,3,3,4,norway7,0.5,1.0,3,2.0,3.0,2.0,1.0,2
Gjovik-Lyn,2,1,1,0,3,1,2,4,norway7,0.5,1.0,2,2.0,1.5,2.0,1.0,2
Nordstrand,2,1,1,0,4,3,1,4,norway7,0.5,1.0,1,2.0,2.0,2.0,1.0,2
Elverum,2,1,0,1,5,2,3,3,norway7,0.5,0.5,3,1.5,2.5,2.0,2.0,3
Lillestrom B,2,1,0,1,4,3,1,3,norway7,0.5,0.5,1,1.5,2.0,2.0,2.0,3
Lorenskog,2,1,0,1,4,3,1,3,norway7,0.5,0.5,1,1.5,2.0,2.0,2.0,3
Skjetten,2,1,0,1,5,5,0,3,norway7,0.5,0.5,0,1.5,2.5,2.0,2.0,3
Bjorkelangen,2,1,0,1,4,5,-1,3,norway7,0.5,0.5,-1,1.5,2.0,2.0,2.0,3
Stromsgodset B,2,1,0,1,4,6,-2,3,norway7,0.5,0.5,-2,1.5,2.0,2.0,2.0,3
Skedsmo,2,1,0,1,6,9,-3,3,norway7,0.5,0.5,-3,1.5,3.0,2.0,2.0,3
HamKam B,2,0,0,2,2,5,-3,0,norway7,0.0,0.0,-3,0.0,1.0,0.0,0.0,4
Ull/Kisa B,2,0,0,2,1,7,-6,0,norway7,0.0,0.0,-6,0.0,0.5,0.0,0.0,4
Fana,2,2,0,0,14,1,13,6,norway8,1.0,1.0,13,3.0,7.0,1.0,1.0,1
Bjarg,2,2,0,0,10,1,9,6,norway8,1.0,1.0,9,3.0,5.0,1.0,1.0,1
Lyn B,2,2,0,0,10,3,7,6,norway8,1.0,1.0,7,3.0,5.0,1.0,1.0,1
Fjora,3,2,0,1,6,5,1,6,norway8,0.67,0.67,1,2.0,2.0,1.49,1.49,1
Sandefjord B,2,1,1,0,7,6,1,4,norway8,0.5,1.0,1,2.0,3.5,2.0,1.0,2
Gneist,2,1,1,0,4,3,1,4,norway8,0.5,1.0,1,2.0,2.0,2.0,1.0,2
Forde,2,1,1,0,3,2,1,4,norway8,0.5,1.0,1,2.0,1.5,2.0,1.0,2
OS,2,1,0,1,9,3,6,3,norway8,0.5,0.5,6,1.5,4.5,2.0,2.0,3
Lyngbo,2,1,0,1,5,1,4,3,norway8,0.5,0.5,4,1.5,2.5,2.0,2.0,3
Asane B,1,1,0,0,3,2,1,3,norway8,1.0,1.0,1,3.0,3.0,1.0,1.0,3
Loddefjord,2,1,0,1,4,4,0,3,norway8,0.5,0.5,0,1.5,2.0,2.0,2.0,3
Fyllingsdalen,2,1,0,1,4,5,-1,3,norway8,0.5,0.5,-1,1.5,2.0,2.0,2.0,3
Askoy,2,1,0,1,3,6,-3,3,norway8,0.5,0.5,-3,1.5,1.5,2.0,2.0,3
Valerenga B,2,0,0,2,2,7,-5,0,norway8,0.0,0.0,-5,0.0,1.0,0.0,0.0,4
Torvastad,3,3,0,0,8,1,7,9,norway9,1.0,1.0,7,3.0,2.67,1.0,1.0,1
Hinna,2,2,0,0,13,2,11,6,norway9,1.0,1.0,11,3.0,6.5,1.0,1.0,2
Viking B,2,2,0,0,9,1,8,6,norway9,1.0,1.0,8,3.0,4.5,1.0,1.0,2
Brodd,2,2,0,0,6,3,3,6,norway9,1.0,1.0,3,3.0,3.0,1.0,1.0,2
Vidar,2,2,0,0,3,0,3,6,norway9,1.0,1.0,3,3.0,1.5,1.0,1.0,2
Madla,2,1,1,0,4,3,1,4,norway9,0.5,1.0,1,2.0,2.0,2.0,1.0,3
Vindbjart,2,1,1,0,2,1,1,4,norway9,0.5,1.0,1,2.0,1.0,2.0,1.0,3
Vag,2,1,0,1,9,5,4,3,norway9,0.5,0.5,4,1.5,4.5,2.0,2.0,4
Djerv,3,1,0,2,8,7,1,3,norway9,0.33,0.33,1,1.0,2.67,3.03,3.03,4
Haugesund B,2,1,0,1,5,5,0,3,norway9,0.5,0.5,0,1.5,2.5,2.0,2.0,4
Sandnes Ulf B,2,1,0,1,5,7,-2,3,norway9,0.5,0.5,-2,1.5,2.5,2.0,2.0,4
Sola,3,1,0,2,7,11,-4,3,norway9,0.33,0.33,-4,1.0,2.33,3.03,3.03,4
Stord,2,0,1,1,2,5,-3,1,norway9,0.0,0.5,-3,0.5,1.0,0.0,2.0,5
Staal Jorpeland,2,0,1,1,3,7,-4,1,norway9,0.0,0.5,-4,0.5,1.5,0.0,2.0,5
Fredrikstad B,2,2,0,0,7,3,4,6,norway10,1.0,1.0,4,3.0,3.5,1.0,1.0,1
Kvik Halden,2,2,0,0,7,3,4,6,norway10,1.0,1.0,4,3.0,3.5,1.0,1.0,1
Pors Grenland B,2,2,0,0,4,2,2,6,norway10,1.0,1.0,2,3.0,2.0,1.0,1.0,1
Drobak-Frogn,3,1,2,0,3,2,1,5,norway10,0.33,1.0,1,1.67,1.0,3.03,1.0,2
Sarpsborg 08 B,2,1,1,0,6,2,4,4,norway10,0.5,1.0,4,2.0,3.0,2.0,1.0,3
Fram,2,1,1,0,5,1,4,4,norway10,0.5,1.0,4,2.0,2.5,2.0,1.0,3
Grei,2,1,1,0,3,2,1,4,norway10,0.5,1.0,1,2.0,1.5,2.0,1.0,3
Odd B,2,1,0,1,5,3,2,3,norway10,0.5,0.5,2,1.5,2.5,2.0,2.0,4
Orn Horten,2,1,0,1,6,5,1,3,norway10,0.5,0.5,1,1.5,3.0,2.0,2.0,4
Flint,2,1,0,1,4,3,1,3,norway10,0.5,0.5,1,1.5,2.0,2.0,2.0,4
Lokomotiv Oslo,1,1,0,0,2,1,1,3,norway10,1.0,1.0,1,3.0,2.0,1.0,1.0,4
Oppsal,2,1,0,1,4,4,0,3,norway10,0.5,0.5,0,1.5,2.0,2.0,2.0,4
Stabaek B,2,1,0,1,3,7,-4,3,norway10,0.5,0.5,-4,1.5,1.5,2.0,2.0,4
IF Ready,2,0,0,2,1,4,-3,0,norway10,0.0,0.0,-3,0.0,0.5,0.0,0.0,5
Universitario,8,4,4,0,12,5,7,16,panama,0.5,1.0,7,2.0,1.5,2.0,1.0,1
Veraguas,8,4,1,3,9,8,1,13,panama,0.5,0.62,1,1.62,1.12,2.0,1.61,2
Independiente,7,3,3,1,10,5,5,12,panama,0.43,0.86,5,1.71,1.43,2.33,1.16,3
San Miguelito,6,3,2,1,6,3,3,11,panama,0.5,0.83,3,1.83,1.0,2.0,1.2,4
Plaza Amador,7,3,2,2,12,10,2,11,panama,0.43,0.71,2,1.57,1.71,2.33,1.41,4
Arabe Unido,8,3,2,3,9,8,1,11,panama,0.38,0.62,1,1.38,1.12,2.63,1.61,4
Tauro,6,2,2,2,11,7,4,8,panama,0.33,0.67,4,1.33,1.83,3.03,1.49,5
UMECIT,6,2,2,2,4,5,-1,8,panama,0.33,0.67,-1,1.33,0.67,3.03,1.49,5
Herrera,7,2,2,3,7,9,-2,8,panama,0.29,0.57,-2,1.14,1.0,3.45,1.75,5
Costa del Este,7,1,4,2,10,12,-2,7,panama,0.14,0.71,-2,1.0,1.43,7.14,1.41,6
San Francisco,7,1,3,3,8,8,0,6,panama,0.14,0.57,0,0.86,1.14,7.14,1.75,7
Alianza,7,1,2,4,3,7,-4,5,panama,0.14,0.43,-4,0.71,0.43,7.14,2.33,8
Plaza Amador,8,6,1,1,10,6,4,19,panama2,0.75,0.88,4,2.38,1.25,1.33,1.14,1
Arabe Unido,8,5,3,0,13,5,8,18,panama2,0.62,1.0,8,2.25,1.62,1.61,1.0,2
Independiente,8,5,2,1,10,6,4,17,panama2,0.62,0.88,4,2.12,1.25,1.61,1.14,3
Tauro,8,3,5,0,11,5,6,14,panama2,0.38,1.0,6,1.75,1.38,2.63,1.0,4
Alianza,8,4,2,2,8,5,3,14,panama2,0.5,0.75,3,1.75,1.0,2.0,1.33,4
San Miguelito,7,4,2,1,8,5,3,14,panama2,0.57,0.86,3,2.0,1.14,1.75,1.16,4
Universitario,8,4,1,3,12,9,3,13,panama2,0.5,0.62,3,1.62,1.5,2.0,1.61,5
Costa del Este,8,3,3,2,11,12,-1,12,panama2,0.38,0.75,-1,1.5,1.38,2.63,1.33,6
UMECIT,8,3,1,4,6,6,0,10,panama2,0.38,0.5,0,1.25,0.75,2.63,2.0,7
Veraguas,8,2,3,3,7,7,0,9,panama2,0.25,0.62,0,1.12,0.88,4.0,1.61,8
Herrera,7,1,3,3,7,8,-1,6,panama2,0.14,0.57,-1,0.86,1.0,7.14,1.75,9
San Francisco,8,1,2,5,5,10,-5,5,panama2,0.12,0.38,-5,0.62,0.62,8.33,2.63,10
Libertad,8,6,1,1,16,7,9,19,Paraguay - Primera Div. - Apertura,0.75,0.88,9,2.38,2.0,1.33,1.14,1
Cerro Porteno,8,5,2,1,11,5,6,17,Paraguay - Primera Div. - Apertura,0.62,0.88,6,2.12,1.38,1.61,1.14,2
Olimpia,8,5,1,2,14,7,7,16,Paraguay - Primera Div. - Apertura,0.62,0.75,7,2.0,1.75,1.61,1.33,3
S. Trinidense,8,2,5,1,7,6,1,11,Paraguay - Primera Div. - Apertura,0.25,0.88,1,1.38,0.88,4.0,1.14,4
Nacional,8,3,2,3,7,10,-3,11,Paraguay - Primera Div. - Apertura,0.38,0.62,-3,1.38,0.88,2.63,1.61,4
S. Ameliano,8,2,4,2,9,8,1,10,Paraguay - Primera Div. - Apertura,0.25,0.75,1,1.25,1.12,4.0,1.33,5
S. Luqueno,8,2,4,2,5,5,0,10,Paraguay - Primera Div. - Apertura,0.25,0.75,0,1.25,0.62,4.0,1.33,5
Guarani,8,3,1,4,8,11,-3,10,Paraguay - Primera Div. - Apertura,0.38,0.5,-3,1.25,1.0,2.63,2.0,5
A. Tembetary,8,2,3,3,9,10,-1,9,Paraguay - Primera Div. - Apertura,0.25,0.62,-1,1.12,1.12,4.0,1.61,6
D. Recoleta,8,2,3,3,8,11,-3,9,Paraguay - Primera Div. - Apertura,0.25,0.62,-3,1.12,1.0,4.0,1.61,6
G. Caballero,8,2,3,3,7,10,-3,9,Paraguay - Primera Div. - Apertura,0.25,0.62,-3,1.12,0.88,4.0,1.61,6
2 de Mayo,8,0,4,4,5,15,-10,4,Paraguay - Primera Div. - Apertura,0.0,0.5,-10,0.5,0.62,0.0,2.0,7
Universitario,5,5,0,0,20,4,16,15,Peru - Liga 1 - Apertura,1.0,1.0,16,3.0,4.0,1.0,1.0,1
FBC Melgar,6,4,1,1,12,4,8,13,Peru - Liga 1 - Apertura,0.67,0.83,8,2.17,2.0,1.49,1.2,2
Alianza Lima,6,4,1,1,8,2,6,13,Peru - Liga 1 - Apertura,0.67,0.83,6,2.17,1.33,1.49,1.2,2
S. Cristal,5,4,0,1,12,5,7,12,Peru - Liga 1 - Apertura,0.8,0.8,7,2.4,2.4,1.25,1.25,3
Sport Huancayo,6,4,0,2,11,8,3,12,Peru - Liga 1 - Apertura,0.67,0.67,3,2.0,1.83,1.49,1.49,3
ADT,5,3,2,0,12,7,5,11,Peru - Liga 1 - Apertura,0.6,1.0,5,2.2,2.4,1.67,1.0,4
D. Garcilaso,5,3,0,2,8,3,5,9,Peru - Liga 1 - Apertura,0.6,0.6,5,1.8,1.6,1.67,1.67,5
Alianza A.,4,3,0,1,10,6,4,9,Peru - Liga 1 - Apertura,0.75,0.75,4,2.25,2.5,1.33,1.33,5
Atletico Grau,4,2,2,0,7,5,2,8,Peru - Liga 1 - Apertura,0.5,1.0,2,2.0,1.75,2.0,1.0,6
Sport Boys,5,2,2,1,6,6,0,8,Peru - Liga 1 - Apertura,0.4,0.8,0,1.6,1.2,2.5,1.25,6
Cusco,4,2,1,1,8,4,4,7,Peru - Liga 1 - Apertura,0.5,0.75,4,1.75,2.0,2.0,1.33,7
Cienciano,5,2,1,2,9,9,0,7,Peru - Liga 1 - Apertura,0.4,0.6,0,1.4,1.8,2.5,1.67,7
Juan Pablo II C,3,2,0,1,5,3,2,6,Peru - Liga 1 - Apertura,0.67,0.67,2,2.0,1.67,1.49,1.49,8
Los Chankas,5,1,3,1,7,7,0,6,Peru - Liga 1 - Apertura,0.2,0.8,0,1.2,1.4,5.0,1.25,8
Binacional,4,1,1,2,5,6,-1,4,Peru - Liga 1 - Apertura,0.25,0.5,-1,1.0,1.25,4.0,2.0,9
Cajamarca,4,1,1,2,4,6,-2,4,Peru - Liga 1 - Apertura,0.25,0.5,-2,1.0,1.0,4.0,2.0,9
Ayacucho,5,1,1,3,6,9,-3,4,Peru - Liga 1 - Apertura,0.2,0.4,-3,0.8,1.2,5.0,2.5,9
A. Huanuco,5,0,3,2,4,7,-3,3,Peru - Liga 1 - Apertura,0.0,0.6,-3,0.6,0.8,0.0,1.67,10
Comerciantes U.,4,0,3,1,4,8,-4,3,Peru - Liga 1 - Apertura,0.0,0.75,-4,0.75,1.0,0.0,1.33,10
Kaya FC,8,6,1,1,23,5,18,19,philippines,0.75,0.88,18,2.38,2.88,1.33,1.14,1
DH Cebu,8,6,1,1,17,5,12,19,philippines,0.75,0.88,12,2.38,2.12,1.33,1.14,1
Manila Digger,8,6,0,2,19,4,15,18,philippines,0.75,0.75,15,2.25,2.38,1.33,1.33,2
One Taguig,8,4,1,3,19,5,14,13,philippines,0.5,0.62,14,1.62,2.38,2.0,1.61,3
PFF Development,8,3,1,4,12,20,-8,10,philippines,0.38,0.5,-8,1.25,1.5,2.63,2.0,4
Stallion,8,2,1,5,13,16,-3,7,philippines,0.25,0.38,-3,0.88,1.62,4.0,2.63,5
Davao Aguilas,8,1,2,5,7,10,-3,5,philippines,0.12,0.38,-3,0.62,0.88,8.33,2.63,6
Loyola,8,1,2,5,7,17,-10,5,philippines,0.12,0.38,-10,0.62,0.88,8.33,2.63,6
Maharlika,8,0,2,6,6,24,-18,2,philippines,0.0,0.25,-18,0.25,0.75,0.0,4.0,7
Mendiola,8,0,1,7,6,40,-34,1,philippines,0.0,0.12,-34,0.12,0.75,0.0,8.33,8
Lech Poznan,8,7,0,1,21,7,14,21,Poland - Ekstraklasa,0.88,0.88,14,2.62,2.62,1.14,1.14,1
Rakow C.,8,5,2,1,16,9,7,17,Poland - Ekstraklasa,0.62,0.88,7,2.12,2.0,1.61,1.14,2
Legia Warsaw,8,5,2,1,13,7,6,17,Poland - Ekstraklasa,0.62,0.88,6,2.12,1.62,1.61,1.14,2
Pogon Szczecin,8,5,1,2,15,7,8,16,Poland - Ekstraklasa,0.62,0.75,8,2.0,1.88,1.61,1.33,3
Katowice,8,5,1,2,11,7,4,16,Poland - Ekstraklasa,0.62,0.75,4,2.0,1.38,1.61,1.33,3
Korona Kielce,8,5,1,2,13,10,3,16,Poland - Ekstraklasa,0.62,0.75,3,2.0,1.62,1.61,1.33,3
Jagiellonia,8,4,3,1,17,9,8,15,Poland - Ekstraklasa,0.5,0.88,8,1.88,2.12,2.0,1.14,4
Lechia Gdansk,8,5,0,3,10,10,0,15,Poland - Ekstraklasa,0.62,0.62,0,1.88,1.25,1.61,1.61,4
Motor Lublin,8,4,2,2,17,12,5,14,Poland - Ekstraklasa,0.5,0.75,5,1.75,2.12,2.0,1.33,5
Gornik Zabrze,8,4,2,2,12,7,5,14,Poland - Ekstraklasa,0.5,0.75,5,1.75,1.5,2.0,1.33,5
Radomiak Radom,8,2,4,2,11,10,1,10,Poland - Ekstraklasa,0.25,0.75,1,1.25,1.38,4.0,1.33,6
Widzew Lodz,8,3,1,4,9,12,-3,10,Poland - Ekstraklasa,0.38,0.5,-3,1.25,1.12,2.63,2.0,6
Piast Gliwice,8,2,4,2,6,9,-3,10,Poland - Ekstraklasa,0.25,0.75,-3,1.25,0.75,4.0,1.33,6
Puszcza Niepolo,8,2,3,3,13,13,0,9,Poland - Ekstraklasa,0.25,0.62,0,1.12,1.62,4.0,1.61,7
Stal Mielec,8,2,3,3,9,11,-2,9,Poland - Ekstraklasa,0.25,0.62,-2,1.12,1.12,4.0,1.61,7
Slask Wroclaw,8,2,2,4,10,11,-1,8,Poland - Ekstraklasa,0.25,0.5,-1,1.0,1.25,4.0,2.0,8
Cracovia Krakow,8,1,4,3,13,15,-2,7,Poland - Ekstraklasa,0.12,0.62,-2,0.88,1.62,8.33,1.61,9
Zaglebie Lubin,8,1,2,5,7,15,-8,5,Poland - Ekstraklasa,0.12,0.38,-8,0.62,0.88,8.33,2.63,10
Arka Gdynia,8,6,2,0,17,4,13,20,Poland - 1. Liga,0.75,1.0,13,2.5,2.12,1.33,1.0,1
Polonia Warszaw,8,6,2,0,14,6,8,20,Poland - 1. Liga,0.75,1.0,8,2.5,1.75,1.33,1.0,1
Tychy,8,5,3,0,15,5,10,18,Poland - 1. Liga,0.62,1.0,10,2.25,1.88,1.61,1.0,2
Wisla Plock,8,5,1,2,19,10,9,16,Poland - 1. Liga,0.62,0.75,9,2.0,2.38,1.61,1.33,3
Wisla Krakow,8,5,1,2,10,8,2,16,Poland - 1. Liga,0.62,0.75,2,2.0,1.25,1.61,1.33,3
T. Nieciecza,8,4,3,1,14,12,2,15,Poland - 1. Liga,0.5,0.88,2,1.88,1.75,2.0,1.14,4
Chrobry Glogow,8,3,4,1,11,8,3,13,Poland - 1. Liga,0.38,0.88,3,1.62,1.38,2.63,1.14,5
Gornik Leczna,8,3,2,3,9,8,1,11,Poland - 1. Liga,0.38,0.62,1,1.38,1.12,2.63,1.61,6
Miedz Legnica,8,3,2,3,17,17,0,11,Poland - 1. Liga,0.38,0.62,0,1.38,2.12,2.63,1.61,6
Znicz Pruszkow,8,3,2,3,10,10,0,11,Poland - 1. Liga,0.38,0.62,0,1.38,1.25,2.63,1.61,6
Pogon Siedlce,8,2,4,2,8,9,-1,10,Poland - 1. Liga,0.25,0.75,-1,1.25,1.0,4.0,1.33,7
Stal Rzeszow,8,2,2,4,9,15,-6,8,Poland - 1. Liga,0.25,0.5,-6,1.0,1.12,4.0,2.0,8
K. Kolobrzeg,8,1,4,3,6,11,-5,7,Poland - 1. Liga,0.12,0.62,-5,0.88,0.75,8.33,1.61,9
Odra Opole,8,1,3,4,7,12,-5,6,Poland - 1. Liga,0.12,0.5,-5,0.75,0.88,8.33,2.0,10
Ruch Chorzow,8,1,2,5,7,14,-7,5,Poland - 1. Liga,0.12,0.38,-7,0.62,0.88,8.33,2.63,11
LKS Lodz,8,1,1,6,6,12,-6,4,Poland - 1. Liga,0.12,0.25,-6,0.5,0.75,8.33,4.0,12
Stalowa Wola,8,0,4,4,5,13,-8,4,Poland - 1. Liga,0.0,0.5,-8,0.5,0.62,0.0,2.0,12
Warta Poznan,8,1,0,7,4,12,-8,3,Poland - 1. Liga,0.12,0.12,-8,0.38,0.5,8.33,8.33,13
Polonia Bytom,8,7,0,1,22,8,14,21,poland3,0.88,0.88,14,2.62,2.75,1.14,1.14,1
Chojniczanka,8,6,1,1,14,4,10,19,poland3,0.75,0.88,10,2.38,1.75,1.33,1.14,2
Wieczysta K.,8,5,2,1,16,8,8,17,poland3,0.62,0.88,8,2.12,2.0,1.61,1.14,3
Pogon Grodzisk,8,5,2,1,16,10,6,17,poland3,0.62,0.88,6,2.12,2.0,1.61,1.14,3
SKRA Czestochow,8,5,1,2,8,5,3,16,poland3,0.62,0.75,3,2.0,1.0,1.61,1.33,4
Hutnik Krakow,8,5,1,2,11,10,1,16,poland3,0.62,0.75,1,2.0,1.38,1.61,1.33,4
Zaglebie L. B,8,5,0,3,17,8,9,15,poland3,0.62,0.62,9,1.88,2.12,1.61,1.61,5
Swit Skolwin,8,4,2,2,18,15,3,14,poland3,0.5,0.75,3,1.75,2.25,2.0,1.33,6
Podbeskidzie,8,4,1,3,9,11,-2,13,poland3,0.5,0.62,-2,1.62,1.12,2.0,1.61,7
Rekord Bielsko,8,2,5,1,11,7,4,11,poland3,0.25,0.88,4,1.38,1.38,4.0,1.14,8
LKS Lodz B,8,3,2,3,9,11,-2,11,poland3,0.38,0.62,-2,1.38,1.12,2.63,1.61,8
Z. Sosnowiec,8,3,2,3,11,15,-4,11,poland3,0.38,0.62,-4,1.38,1.38,2.63,1.61,8
Kalisz,8,3,1,4,11,11,0,10,poland3,0.38,0.5,0,1.25,1.38,2.63,2.0,9
O. Grudziadz,8,3,1,4,11,15,-4,10,poland3,0.38,0.5,-4,1.25,1.38,2.63,2.0,9
Olimpia Elblag,8,2,2,4,7,10,-3,8,poland3,0.25,0.5,-3,1.0,0.88,4.0,2.0,10
Jastrzebie,8,2,2,4,3,6,-3,8,poland3,0.25,0.5,-3,1.0,0.38,4.0,2.0,10
Wisla Pulawy,8,2,1,5,5,15,-10,7,poland3,0.25,0.38,-10,0.88,0.62,4.0,2.63,11
Resovia Rzeszow,8,1,3,4,8,12,-4,6,poland3,0.12,0.5,-4,0.75,1.0,8.33,2.0,12
Sporting CP,8,6,2,0,18,7,11,20,Portugal - Liga Portugal,0.75,1.0,11,2.5,2.25,1.33,1.0,1
Benfica,8,6,1,1,25,8,17,19,Portugal - Liga Portugal,0.75,0.88,17,2.38,3.12,1.33,1.14,2
Sporting Braga,8,6,1,1,17,7,10,19,Portugal - Liga Portugal,0.75,0.88,10,2.38,2.12,1.33,1.14,2
Guimaraes,8,5,2,1,12,5,7,17,Portugal - Liga Portugal,0.62,0.88,7,2.12,1.5,1.61,1.14,3
Famalicao,8,4,3,1,12,4,8,15,Portugal - Liga Portugal,0.5,0.88,8,1.88,1.5,2.0,1.14,4
FC Porto,8,4,3,1,15,9,6,15,Portugal - Liga Portugal,0.5,0.88,6,1.88,1.88,2.0,1.14,4
Nacional,8,4,1,3,13,11,2,13,Portugal - Liga Portugal,0.5,0.62,2,1.62,1.62,2.0,1.61,5
Casa Pia,8,4,1,3,10,10,0,13,Portugal - Liga Portugal,0.5,0.62,0,1.62,1.25,2.0,1.61,5
Santa Clara,8,3,2,3,8,7,1,11,Portugal - Liga Portugal,0.38,0.62,1,1.38,1.0,2.63,1.61,6
Estoril,8,3,2,3,10,12,-2,11,Portugal - Liga Portugal,0.38,0.62,-2,1.38,1.25,2.63,1.61,6
Moreirense,8,2,4,2,9,10,-1,10,Portugal - Liga Portugal,0.25,0.75,-1,1.25,1.12,4.0,1.33,7
Arouca,8,2,4,2,8,9,-1,10,Portugal - Liga Portugal,0.25,0.75,-1,1.25,1.0,4.0,1.33,7
Rio Ave,8,2,3,3,10,14,-4,9,Portugal - Liga Portugal,0.25,0.62,-4,1.12,1.25,4.0,1.61,8
AVS,8,1,4,3,7,11,-4,7,Portugal - Liga Portugal,0.12,0.62,-4,0.88,0.88,8.33,1.61,9
Gil Vicente,8,2,0,6,5,11,-6,6,Portugal - Liga Portugal,0.25,0.25,-6,0.75,0.62,4.0,4.0,10
Estrela Amadora,8,1,2,5,7,13,-6,5,Portugal - Liga Portugal,0.12,0.38,-6,0.62,0.88,8.33,2.63,11
Boavista,8,1,0,7,5,17,-12,3,Portugal - Liga Portugal,0.12,0.12,-12,0.38,0.62,8.33,8.33,12
Farense,8,0,2,6,3,10,-7,2,Portugal - Liga Portugal,0.0,0.25,-7,0.25,0.38,0.0,4.0,13
Felgueiras,8,6,1,1,12,4,8,19,Portugal - Liga Portugal 2,0.75,0.88,8,2.38,1.5,1.33,1.14,1
Alverca,8,5,3,0,18,4,14,18,Portugal - Liga Portugal 2,0.62,1.0,14,2.25,2.25,1.61,1.0,2
Vizela,8,5,3,0,14,5,9,18,Portugal - Liga Portugal 2,0.62,1.0,9,2.25,1.75,1.61,1.0,2
Academico Viseu,8,4,3,1,12,8,4,15,Portugal - Liga Portugal 2,0.5,0.88,4,1.88,1.5,2.0,1.14,3
Benfica B,8,4,2,2,10,4,6,14,Portugal - Liga Portugal 2,0.5,0.75,6,1.75,1.25,2.0,1.33,4
Uniao de Leiria,8,4,2,2,13,8,5,14,Portugal - Liga Portugal 2,0.5,0.75,5,1.75,1.62,2.0,1.33,4
Tondela,8,4,2,2,10,9,1,14,Portugal - Liga Portugal 2,0.5,0.75,1,1.75,1.25,2.0,1.33,4
Chaves,8,4,1,3,14,6,8,13,Portugal - Liga Portugal 2,0.5,0.62,8,1.62,1.75,2.0,1.61,5
Portimonense,8,4,1,3,15,12,3,13,Portugal - Liga Portugal 2,0.5,0.62,3,1.62,1.88,2.0,1.61,5
Feirense,8,4,1,3,10,8,2,13,Portugal - Liga Portugal 2,0.5,0.62,2,1.62,1.25,2.0,1.61,5
Mafra,8,3,4,1,8,6,2,13,Portugal - Liga Portugal 2,0.38,0.88,2,1.62,1.0,2.63,1.14,5
Penafiel,8,3,2,3,13,10,3,11,Portugal - Liga Portugal 2,0.38,0.62,3,1.38,1.62,2.63,1.61,6
Maritimo,8,2,4,2,10,8,2,10,Portugal - Liga Portugal 2,0.25,0.75,2,1.25,1.25,4.0,1.33,7
Pacos Ferreira,8,3,1,4,11,11,0,10,Portugal - Liga Portugal 2,0.38,0.5,0,1.25,1.38,2.63,2.0,7
FC Porto B,8,3,1,4,11,12,-1,10,Portugal - Liga Portugal 2,0.38,0.5,-1,1.25,1.38,2.63,2.0,7
Torreense,8,2,3,3,13,14,-1,9,Portugal - Liga Portugal 2,0.25,0.62,-1,1.12,1.62,4.0,1.61,8
Oliveirense,8,2,3,3,9,12,-3,9,Portugal - Liga Portugal 2,0.25,0.62,-3,1.12,1.12,4.0,1.61,8
Leixoes,8,1,4,3,7,8,-1,7,Portugal - Liga Portugal 2,0.12,0.62,-1,0.88,0.88,8.33,1.61,9
Al Sadd,8,7,0,1,20,4,16,21,qatar,0.88,0.88,16,2.62,2.5,1.14,1.14,1
Al Duhail,8,5,1,2,15,11,4,16,qatar,0.62,0.75,4,2.0,1.88,1.61,1.33,2
Al Shamal,8,5,0,3,21,15,6,15,qatar,0.62,0.62,6,1.88,2.62,1.61,1.61,3
Al Gharafa,8,5,0,3,16,13,3,15,qatar,0.62,0.62,3,1.88,2.0,1.61,1.61,3
Al Shahaniya,8,4,1,3,14,17,-3,13,qatar,0.5,0.62,-3,1.62,1.75,2.0,1.61,4
Al Rayyan,8,3,3,2,15,10,5,12,qatar,0.38,0.75,5,1.5,1.88,2.63,1.33,5
Al Arabi,8,4,0,4,14,18,-4,12,qatar,0.5,0.5,-4,1.5,1.75,2.0,2.0,5
Al Ahli Doha,8,3,2,3,12,12,0,11,qatar,0.38,0.62,0,1.38,1.5,2.63,1.61,6
Qatar SC,8,2,2,4,9,13,-4,8,qatar,0.25,0.5,-4,1.0,1.12,4.0,2.0,7
Al Wakrah,8,2,2,4,9,16,-7,8,qatar,0.25,0.5,-7,1.0,1.12,4.0,2.0,7
Umm Salal,8,1,1,6,5,14,-9,4,qatar,0.12,0.25,-9,0.5,0.62,8.33,4.0,8
Al Khor,8,1,0,7,11,18,-7,3,qatar,0.12,0.12,-7,0.38,1.38,8.33,8.33,9
CFR Cluj,8,6,2,0,21,8,13,20,romania,0.75,1.0,13,2.5,2.62,1.33,1.0,1
Rapid Bucharest,8,6,2,0,11,3,8,20,romania,0.75,1.0,8,2.5,1.38,1.33,1.0,1
Univ. Craiova,8,6,1,1,14,7,7,19,romania,0.75,0.88,7,2.38,1.75,1.33,1.14,2
FCSB,8,5,3,0,13,4,9,18,romania,0.62,1.0,9,2.25,1.62,1.61,1.0,3
U. Cluj,8,5,1,2,16,11,5,16,romania,0.62,0.75,5,2.0,2.0,1.61,1.33,4
Sepsi OSK,8,4,3,1,11,5,6,15,romania,0.5,0.88,6,1.88,1.38,2.0,1.14,5
Hermannstadt,8,4,3,1,7,5,2,15,romania,0.5,0.88,2,1.88,0.88,2.0,1.14,5
Petrolul,8,4,2,2,10,6,4,14,romania,0.5,0.75,4,1.75,1.25,2.0,1.33,6
Din. Bucharest,8,3,4,1,7,4,3,13,romania,0.38,0.88,3,1.62,0.88,2.63,1.14,7
Farul Constanta,8,3,3,2,10,10,0,12,romania,0.38,0.75,0,1.5,1.25,2.63,1.33,8
Botosani,8,1,6,1,7,7,0,9,romania,0.12,0.88,0,1.12,0.88,8.33,1.14,9
P. Iasi,8,2,2,4,7,11,-4,8,romania,0.25,0.5,-4,1.0,0.88,4.0,2.0,10
FC Buzau,8,2,1,5,6,9,-3,7,romania,0.25,0.38,-3,0.88,0.75,4.0,2.63,11
Otelul,8,1,3,4,7,12,-5,6,romania,0.12,0.5,-5,0.75,0.88,8.33,2.0,12
UTA Arad,8,2,0,6,9,15,-6,6,romania,0.25,0.25,-6,0.75,1.12,4.0,4.0,12
Unirea Slobozia,8,1,2,5,6,11,-5,5,romania,0.12,0.38,-5,0.62,0.75,8.33,2.63,13
Rubin Kazan,8,6,1,1,12,7,5,19,russia,0.75,0.88,5,2.38,1.5,1.33,1.14,1
Dinamo Moscow,8,5,2,1,22,8,14,17,russia,0.62,0.88,14,2.12,2.75,1.61,1.14,2
FC Krasnodar,8,5,2,1,18,5,13,17,russia,0.62,0.88,13,2.12,2.25,1.61,1.14,2
Lokomotiv M.,8,5,2,1,12,7,5,17,russia,0.62,0.88,5,2.12,1.5,1.61,1.14,2
Spartak Moscow,8,5,0,3,18,10,8,15,russia,0.62,0.62,8,1.88,2.25,1.61,1.61,3
Zenit,8,4,2,2,15,8,7,14,russia,0.5,0.75,7,1.75,1.88,2.0,1.33,4
Makhachkala,8,3,3,2,16,10,6,12,russia,0.38,0.75,6,1.5,2.0,2.63,1.33,5
Khimki,8,3,3,2,14,12,2,12,russia,0.38,0.75,2,1.5,1.75,2.63,1.33,5
CSKA Moscow,8,3,3,2,10,8,2,12,russia,0.38,0.75,2,1.5,1.25,2.63,1.33,5
Akron,8,4,0,4,10,13,-3,12,russia,0.5,0.5,-3,1.5,1.25,2.0,2.0,5
Rostov,8,3,2,3,14,11,3,11,russia,0.38,0.62,3,1.38,1.75,2.63,1.61,6
Krylya Sovetov,8,3,2,3,12,9,3,11,russia,0.38,0.62,3,1.38,1.5,2.63,1.61,6
Akhmat Grozny,8,3,2,3,9,10,-1,11,russia,0.38,0.62,-1,1.38,1.12,2.63,1.61,6
Nizhny Novgorod,8,2,3,3,6,10,-4,9,russia,0.25,0.62,-4,1.12,0.75,4.0,1.61,7
Orenburg,8,2,1,5,8,12,-4,7,russia,0.25,0.38,-4,0.88,1.0,4.0,2.63,8
Fakel Voronezh,8,0,5,3,3,8,-5,5,russia,0.0,0.62,-5,0.62,0.38,0.0,1.61,9
PFC Sochi,8,6,1,1,18,7,11,19,russia2,0.75,0.88,11,2.38,2.25,1.33,1.14,1
Baltika,8,5,3,0,14,2,12,18,russia2,0.62,1.0,12,2.25,1.75,1.61,1.0,2
Ural,8,5,2,1,14,12,2,17,russia2,0.62,0.88,2,2.12,1.75,1.61,1.14,3
Kamaz,8,5,1,2,12,7,5,16,russia2,0.62,0.75,5,2.0,1.5,1.61,1.33,4
Torpedo Moscow,8,4,3,1,12,2,10,15,russia2,0.5,0.88,10,1.88,1.5,2.0,1.14,5
Chernomorets,8,4,3,1,10,6,4,15,russia2,0.5,0.88,4,1.88,1.25,2.0,1.14,5
Yenisey,8,4,3,1,7,3,4,15,russia2,0.5,0.88,4,1.88,0.88,2.0,1.14,5
Ufa,8,5,0,3,9,12,-3,15,russia2,0.62,0.62,-3,1.88,1.12,1.61,1.61,5
Rodina Moskva,8,4,1,3,12,7,5,13,russia2,0.5,0.62,5,1.62,1.5,2.0,1.61,6
Rotor Volgograd,8,3,4,1,8,6,2,13,russia2,0.38,0.88,2,1.62,1.0,2.63,1.14,6
SKA Khabarovsk,8,4,1,3,9,8,1,13,russia2,0.5,0.62,1,1.62,1.12,2.0,1.61,6
Shinnik,8,3,2,3,7,8,-1,11,russia2,0.38,0.62,-1,1.38,0.88,2.63,1.61,7
Chayka,8,2,4,2,9,9,0,10,russia2,0.25,0.75,0,1.25,1.12,4.0,1.33,8
Tyumen,8,3,1,4,9,10,-1,10,russia2,0.38,0.5,-1,1.25,1.12,2.63,2.0,8
Neftekhimik,8,2,3,3,6,7,-1,9,russia2,0.25,0.62,-1,1.12,0.75,4.0,1.61,9
Arsenal Tula,8,1,5,2,5,6,-1,8,russia2,0.12,0.75,-1,1.0,0.62,8.33,1.33,10
A. Vladikavkaz,8,1,2,5,8,14,-6,5,russia2,0.12,0.38,-6,0.62,1.0,8.33,2.63,11
Sokol Saratov,8,1,1,6,5,11,-6,4,russia2,0.12,0.25,-6,0.5,0.62,8.33,4.0,12
Al Ittihad,8,7,1,0,22,10,12,22,saudiarabia,0.88,1.0,12,2.75,2.75,1.14,1.0,1
Al Quadisiya,8,6,2,0,15,5,10,20,saudiarabia,0.75,1.0,10,2.5,1.88,1.33,1.0,2
Al Shabab,8,6,1,1,21,6,15,19,saudiarabia,0.75,0.88,15,2.38,2.62,1.33,1.14,3
Al Nassr,8,6,1,1,20,9,11,19,saudiarabia,0.75,0.88,11,2.38,2.5,1.33,1.14,3
Al Ahli Jeddah,8,5,2,1,25,10,15,17,saudiarabia,0.62,0.88,15,2.12,3.12,1.61,1.14,4
Al Fateh,8,5,1,2,14,8,6,16,saudiarabia,0.62,0.75,6,2.0,1.75,1.61,1.33,5
Al Kholood,8,5,0,3,11,11,0,15,saudiarabia,0.62,0.62,0,1.88,1.38,1.61,1.61,6
Al Hilal,8,4,2,2,22,11,11,14,saudiarabia,0.5,0.75,11,1.75,2.75,2.0,1.33,7
Al Ittifaq,8,4,1,3,10,9,1,13,saudiarabia,0.5,0.62,1,1.62,1.25,2.0,1.61,8
Al Feiha,8,3,4,1,6,5,1,13,saudiarabia,0.38,0.88,1,1.62,0.75,2.63,1.14,8
Al Riyadh,8,3,3,2,8,9,-1,12,saudiarabia,0.38,0.75,-1,1.5,1.0,2.63,1.33,9
Al Orubah,8,3,1,4,11,14,-3,10,saudiarabia,0.38,0.5,-3,1.25,1.38,2.63,2.0,10
Al Taawon,8,2,3,3,11,12,-1,9,saudiarabia,0.25,0.62,-1,1.12,1.38,4.0,1.61,11
Damak,8,2,1,5,8,14,-6,7,saudiarabia,0.25,0.38,-6,0.88,1.0,4.0,2.63,12
Al Khaleej,8,1,3,4,8,14,-6,6,saudiarabia,0.12,0.5,-6,0.75,1.0,8.33,2.0,13
Al Akhdoud,8,1,2,5,7,13,-6,5,saudiarabia,0.12,0.38,-6,0.62,0.88,8.33,2.63,14
Al Wahda,8,1,1,6,11,21,-10,4,saudiarabia,0.12,0.25,-10,0.5,1.38,8.33,4.0,15
Al Raed,8,0,1,7,4,15,-11,1,saudiarabia,0.0,0.12,-11,0.12,0.5,0.0,8.33,16
Neom SC,8,5,3,0,19,8,11,18,saudiarabia2,0.62,1.0,11,2.25,2.38,1.61,1.0,1
Al Jabalain,8,5,2,1,15,8,7,17,saudiarabia2,0.62,0.88,7,2.12,1.88,1.61,1.14,2
Al Najma,8,4,3,1,13,7,6,15,saudiarabia2,0.5,0.88,6,1.88,1.62,2.0,1.14,3
Al Bukayriyah,8,4,2,2,14,5,9,14,saudiarabia2,0.5,0.75,9,1.75,1.75,2.0,1.33,4
Al Hazm,8,4,2,2,14,10,4,14,saudiarabia2,0.5,0.75,4,1.75,1.75,2.0,1.33,4
Al Jubail,8,3,5,0,13,10,3,14,saudiarabia2,0.38,1.0,3,1.75,1.62,2.63,1.0,4
Al Zulfi,8,4,2,2,10,7,3,14,saudiarabia2,0.5,0.75,3,1.75,1.25,2.0,1.33,4
Al Batin,8,4,2,2,11,12,-1,14,saudiarabia2,0.5,0.75,-1,1.75,1.38,2.0,1.33,4
Abha,8,2,5,1,11,8,3,11,saudiarabia2,0.25,0.88,3,1.38,1.38,4.0,1.14,5
Al Adalha,8,2,4,2,14,13,1,10,saudiarabia2,0.25,0.75,1,1.25,1.75,4.0,1.33,6
Al Ain,8,2,3,3,9,11,-2,9,saudiarabia2,0.25,0.62,-2,1.12,1.12,4.0,1.61,7
Jeddah,8,2,3,3,3,10,-7,9,saudiarabia2,0.25,0.62,-7,1.12,0.38,4.0,1.61,7
Al Jandal,8,2,1,5,6,10,-4,7,saudiarabia2,0.25,0.38,-4,0.88,0.75,4.0,2.63,8
Al Tai,8,2,1,5,5,11,-6,7,saudiarabia2,0.25,0.38,-6,0.88,0.62,4.0,2.63,8
Al Safa,8,1,2,5,7,14,-7,5,saudiarabia2,0.12,0.38,-7,0.62,0.88,8.33,2.63,9
Ohod,8,1,1,6,7,14,-7,4,saudiarabia2,0.12,0.25,-7,0.5,0.88,8.33,4.0,10
Al Arabi,8,1,1,6,8,19,-11,4,saudiarabia2,0.12,0.25,-11,0.5,1.0,8.33,4.0,10
Al Faisaly,8,0,3,5,5,11,-6,3,saudiarabia2,0.0,0.38,-6,0.38,0.62,0.0,2.63,11
Hibernian,8,7,1,0,20,6,14,22,Scotland - Premiership,0.88,1.0,14,2.75,2.5,1.14,1.0,1
Celtic,8,7,0,1,29,5,24,21,Scotland - Premiership,0.88,0.88,24,2.62,3.62,1.14,1.14,2
Rangers,8,5,0,3,15,7,8,15,Scotland - Premiership,0.62,0.62,8,1.88,1.88,1.61,1.61,3
Kilmarnock,8,4,2,2,11,7,4,14,Scotland - Premiership,0.5,0.75,4,1.75,1.38,2.0,1.33,4
Aberdeen,8,3,3,2,11,10,1,12,Scotland - Premiership,0.38,0.75,1,1.5,1.38,2.63,1.33,5
Hearts,8,4,0,4,11,10,1,12,Scotland - Premiership,0.5,0.5,1,1.5,1.38,2.0,2.0,5
Motherwell,8,3,3,2,12,13,-1,12,Scotland - Premiership,0.38,0.75,-1,1.5,1.5,2.63,1.33,5
St. Johnstone,8,3,2,3,8,9,-1,11,Scotland - Premiership,0.38,0.62,-1,1.38,1.0,2.63,1.61,6
Dundee Utd,8,3,0,5,7,16,-9,9,Scotland - Premiership,0.38,0.38,-9,1.12,0.88,2.63,2.63,7
St. Mirren,8,2,2,4,13,14,-1,8,Scotland - Premiership,0.25,0.5,-1,1.0,1.62,4.0,2.0,8
Ross County,8,2,2,4,9,12,-3,8,Scotland - Premiership,0.25,0.5,-3,1.0,1.12,4.0,2.0,8
Dundee FC,8,1,3,4,12,19,-7,6,Scotland - Premiership,0.12,0.5,-7,0.75,1.5,8.33,2.0,9
Livingston,8,5,2,1,15,3,12,17,Scotland - Championship,0.62,0.88,12,2.12,1.88,1.61,1.14,1
Falkirk,8,5,1,2,20,10,10,16,Scotland - Championship,0.62,0.75,10,2.0,2.5,1.61,1.33,2
Ayr Utd,8,4,3,1,17,8,9,15,Scotland - Championship,0.5,0.88,9,1.88,2.12,2.0,1.14,3
Raith Rovers,8,4,2,2,10,8,2,14,Scotland - Championship,0.5,0.75,2,1.75,1.25,2.0,1.33,4
Greenock Morton,8,4,1,3,12,10,2,13,Scotland - Championship,0.5,0.62,2,1.62,1.5,2.0,1.61,5
Airdrieonians,8,4,1,3,10,11,-1,13,Scotland - Championship,0.5,0.62,-1,1.62,1.25,2.0,1.61,5
Dunfermline,8,3,3,2,6,5,1,12,Scotland - Championship,0.38,0.75,1,1.5,0.75,2.63,1.33,6
Partick Thistle,8,2,4,2,10,11,-1,10,Scotland - Championship,0.25,0.75,-1,1.25,1.25,4.0,1.33,7
Hamilton,8,1,2,5,3,15,-12,5,Scotland - Championship,0.12,0.38,-12,0.62,0.38,8.33,2.63,8
Queens Park,8,0,0,8,5,24,-19,0,Scotland - Championship,0.0,0.0,-19,0.0,0.62,0.0,0.0,9
Arbroath,8,6,1,1,18,5,13,19,scotland3,0.75,0.88,13,2.38,2.25,1.33,1.14,1
Queen of South,8,6,0,2,17,11,6,18,scotland3,0.75,0.75,6,2.25,2.12,1.33,1.33,2
Inverness,8,4,2,2,12,6,6,14,scotland3,0.5,0.75,6,1.75,1.5,2.0,1.33,3
Alloa Athletic,8,4,1,3,13,11,2,13,scotland3,0.5,0.62,2,1.62,1.62,2.0,1.61,4
Cove Rangers,8,3,4,1,12,10,2,13,scotland3,0.38,0.88,2,1.62,1.5,2.63,1.14,4
Annan Athletic,8,3,1,4,14,16,-2,10,scotland3,0.38,0.5,-2,1.25,1.75,2.63,2.0,5
Stenhousemuir,8,2,3,3,9,14,-5,9,scotland3,0.25,0.62,-5,1.12,1.12,4.0,1.61,6
Montrose,8,1,4,3,9,14,-5,7,scotland3,0.12,0.62,-5,0.88,1.12,8.33,1.61,7
Dumbarton,8,1,2,5,9,14,-5,5,scotland3,0.12,0.38,-5,0.62,1.12,8.33,2.63,8
Kelty Hearts,8,0,3,5,3,18,-15,3,scotland3,0.0,0.38,-15,0.38,0.38,0.0,2.63,9
Peterhead,8,6,2,0,18,6,12,20,scotland4,0.75,1.0,12,2.5,2.25,1.33,1.0,1
East Fife,8,5,2,1,15,7,8,17,scotland4,0.62,0.88,8,2.12,1.88,1.61,1.14,2
Edinburgh City,8,5,1,2,18,8,10,16,scotland4,0.62,0.75,10,2.0,2.25,1.61,1.33,3
Stirling Albion,8,5,0,3,15,13,2,15,scotland4,0.62,0.62,2,1.88,1.88,1.61,1.61,4
Spartans,8,4,2,2,10,6,4,14,scotland4,0.5,0.75,4,1.75,1.25,2.0,1.33,5
Stranraer,8,4,1,3,10,5,5,13,scotland4,0.5,0.62,5,1.62,1.25,2.0,1.61,6
Elgin City,8,4,0,4,13,7,6,12,scotland4,0.5,0.5,6,1.5,1.62,2.0,2.0,7
Clyde,8,3,2,3,9,8,1,11,scotland4,0.38,0.62,1,1.38,1.12,2.63,1.61,8
Bonnyrigg Rose,8,2,1,5,8,13,-5,7,scotland4,0.25,0.38,-5,0.88,1.0,4.0,2.63,9
Forfar Athletic,8,1,2,5,2,8,-6,5,scotland4,0.12,0.38,-6,0.62,0.25,8.33,2.63,10
Red Star,8,7,1,0,30,10,20,22,Serbia - Super Liga,0.88,1.0,20,2.75,3.75,1.14,1.0,1
Partizan,8,4,4,0,17,9,8,16,Serbia - Super Liga,0.5,1.0,8,2.0,2.12,2.0,1.0,2
Radnicki 1923,8,5,0,3,13,9,4,15,Serbia - Super Liga,0.62,0.62,4,1.88,1.62,1.61,1.61,3
Napredak,8,4,2,2,8,9,-1,14,Serbia - Super Liga,0.5,0.75,-1,1.75,1.0,2.0,1.33,4
OFK Beograd,8,4,1,3,15,9,6,13,Serbia - Super Liga,0.5,0.62,6,1.62,1.88,2.0,1.61,5
Backa Topola,8,4,0,4,15,13,2,12,Serbia - Super Liga,0.5,0.5,2,1.5,1.88,2.0,2.0,6
Mladost Lucani,8,3,3,2,12,10,2,12,Serbia - Super Liga,0.38,0.75,2,1.5,1.5,2.63,1.33,6
S. Subotica,8,3,3,2,6,6,0,12,Serbia - Super Liga,0.38,0.75,0,1.5,0.75,2.63,1.33,6
Z. Pancevo,8,3,2,3,16,9,7,11,Serbia - Super Liga,0.38,0.62,7,1.38,2.0,2.63,1.61,7
IMT N. Beograd,8,3,2,3,12,10,2,11,Serbia - Super Liga,0.38,0.62,2,1.38,1.5,2.63,1.61,7
Jedinstvo U.,8,3,2,3,11,10,1,11,Serbia - Super Liga,0.38,0.62,1,1.38,1.38,2.63,1.61,7
Vojvodina,8,3,1,4,11,15,-4,10,Serbia - Super Liga,0.38,0.5,-4,1.25,1.38,2.63,2.0,8
Novi Pazar,8,3,1,4,13,20,-7,10,Serbia - Super Liga,0.38,0.5,-7,1.25,1.62,2.63,2.0,8
T. Odzaci,8,3,0,5,7,9,-2,9,Serbia - Super Liga,0.38,0.38,-2,1.12,0.88,2.63,2.63,9
Cukaricki,8,0,5,3,4,8,-4,5,Serbia - Super Liga,0.0,0.62,-4,0.62,0.5,0.0,1.61,10
Radnicki Nis,8,1,1,6,8,17,-9,4,Serbia - Super Liga,0.12,0.25,-9,0.5,1.0,8.33,4.0,11
R. Surdulica,8,8,0,0,19,3,16,24,serbia2,1.0,1.0,16,3.0,2.38,1.0,1.0,1
Javor Ivanjica,8,6,1,1,12,6,6,19,serbia2,0.75,0.88,6,2.38,1.5,1.33,1.14,2
Mladost,8,5,2,1,10,8,2,17,serbia2,0.62,0.88,2,2.12,1.25,1.61,1.14,3
Vozdovac,8,4,4,0,10,4,6,16,serbia2,0.5,1.0,6,2.0,1.25,2.0,1.0,4
Macva Sabac,8,5,1,2,9,6,3,16,serbia2,0.62,0.75,3,2.0,1.12,1.61,1.33,4
Sloven Ruma,8,4,3,1,11,5,6,15,serbia2,0.5,0.88,6,1.88,1.38,2.0,1.14,5
Dubocica,8,4,1,3,16,13,3,13,serbia2,0.5,0.62,3,1.62,2.0,2.0,1.61,6
S. Mitrovica,8,3,4,1,8,6,2,13,serbia2,0.38,0.88,2,1.62,1.0,2.63,1.14,6
Borac Cacak,8,4,0,4,11,9,2,12,serbia2,0.5,0.5,2,1.5,1.38,2.0,2.0,7
Graficar,8,2,5,1,8,6,2,11,serbia2,0.25,0.88,2,1.38,1.0,4.0,1.14,8
Zemun,8,2,4,2,11,12,-1,10,serbia2,0.25,0.75,-1,1.25,1.38,4.0,1.33,9
Trajal Krusevac,8,2,4,2,4,6,-2,10,serbia2,0.25,0.75,-2,1.25,0.5,4.0,1.33,9
Smederevo,8,1,6,1,3,3,0,9,serbia2,0.12,0.88,0,1.12,0.38,8.33,1.14,10
Sloboda Uzice,8,2,1,5,6,10,-4,7,serbia2,0.25,0.38,-4,0.88,0.75,4.0,2.63,11
Vrsac,8,1,2,5,5,7,-2,5,serbia2,0.12,0.38,-2,0.62,0.62,8.33,2.63,12
Indija,8,1,2,5,8,12,-4,5,serbia2,0.12,0.38,-4,0.62,1.0,8.33,2.63,12
Lion City,8,6,2,0,22,6,16,20,singapore,0.75,1.0,16,2.5,2.75,1.33,1.0,1
Tampines Rovers,8,4,2,2,20,13,7,14,singapore,0.5,0.75,7,1.75,2.5,2.0,1.33,2
Geylang,8,4,0,4,23,16,7,12,singapore,0.5,0.5,7,1.5,2.88,2.0,2.0,3
Hougang,8,3,3,2,19,14,5,12,singapore,0.38,0.75,5,1.5,2.38,2.63,1.33,3
DPMM FC,8,4,0,4,14,16,-2,12,singapore,0.5,0.5,-2,1.5,1.75,2.0,2.0,3
A. Niigata (S),8,3,2,3,13,12,1,11,singapore,0.38,0.62,1,1.38,1.62,2.63,1.61,4
Khalsa,8,2,2,4,16,22,-6,8,singapore,0.25,0.5,-6,1.0,2.0,4.0,2.0,5
Tanjong Pagar,8,1,0,7,7,28,-21,3,singapore,0.12,0.12,-21,0.38,0.88,8.33,8.33,6
Young Lions,8,0,3,5,9,31,-22,3,singapore,0.0,0.38,-22,0.38,1.12,0.0,2.63,6
DAC Streda,8,5,2,1,18,10,8,17,Slovakia - Fortuna Liga,0.62,0.88,8,2.12,2.25,1.61,1.14,1
Z. Michalovce,8,4,4,0,16,11,5,16,Slovakia - Fortuna Liga,0.5,1.0,5,2.0,2.0,2.0,1.0,2
S. Bratislava,8,4,3,1,18,8,10,15,Slovakia - Fortuna Liga,0.5,0.88,10,1.88,2.25,2.0,1.14,3
Skalica,8,4,2,2,5,3,2,14,Slovakia - Fortuna Liga,0.5,0.75,2,1.75,0.62,2.0,1.33,4
FC Kosice,8,3,4,1,16,11,5,13,Slovakia - Fortuna Liga,0.38,0.88,5,1.62,2.0,2.63,1.14,5
Trencin,8,3,4,1,12,11,1,13,Slovakia - Fortuna Liga,0.38,0.88,1,1.62,1.5,2.63,1.14,5
Komarno,8,3,3,2,9,6,3,12,Slovakia - Fortuna Liga,0.38,0.75,3,1.5,1.12,2.63,1.33,6
Spartak Trnava,8,3,3,2,13,11,2,12,Slovakia - Fortuna Liga,0.38,0.75,2,1.5,1.62,2.63,1.33,6
Zilina,8,3,3,2,8,11,-3,12,Slovakia - Fortuna Liga,0.38,0.75,-3,1.5,1.0,2.63,1.33,6
Podbrezova,8,2,4,2,8,7,1,10,Slovakia - Fortuna Liga,0.25,0.75,1,1.25,1.0,4.0,1.33,7
Ruzomberok,8,3,0,5,9,16,-7,9,Slovakia - Fortuna Liga,0.38,0.38,-7,1.12,1.12,2.63,2.63,8
Banska Bystrica,8,2,0,6,12,16,-4,6,Slovakia - Fortuna Liga,0.25,0.25,-4,0.75,1.5,4.0,4.0,9
Presov,8,7,1,0,16,3,13,22,slovakia2,0.88,1.0,13,2.75,2.0,1.14,1.0,1
Zlate Moravce,8,6,1,1,14,4,10,19,slovakia2,0.75,0.88,10,2.38,1.75,1.33,1.14,2
Malzenice,8,6,0,2,14,9,5,18,slovakia2,0.75,0.75,5,2.25,1.75,1.33,1.33,3
Puchov,8,5,1,2,16,8,8,16,slovakia2,0.62,0.75,8,2.0,2.0,1.61,1.33,4
Petrzalka,8,5,1,2,12,5,7,16,slovakia2,0.62,0.75,7,2.0,1.5,1.61,1.33,4
P. Bystrica,8,5,1,2,16,12,4,16,slovakia2,0.62,0.75,4,2.0,2.0,1.61,1.33,4
L. Mikulas,8,4,2,2,14,8,6,14,slovakia2,0.5,0.75,6,1.75,1.75,2.0,1.33,5
Humenne,8,4,1,3,8,6,2,13,slovakia2,0.5,0.62,2,1.62,1.0,2.0,1.61,6
S. Bratislava B,8,3,1,4,10,11,-1,10,slovakia2,0.38,0.5,-1,1.25,1.25,2.63,2.0,7
Zilina B,8,3,1,4,10,11,-1,10,slovakia2,0.38,0.5,-1,1.25,1.25,2.63,2.0,7
Zvolen,8,3,1,4,7,9,-2,10,slovakia2,0.38,0.5,-2,1.25,0.88,2.63,2.0,7
Pohronie,8,3,1,4,14,17,-3,10,slovakia2,0.38,0.5,-3,1.25,1.75,2.63,2.0,7
S. Lubovna,8,2,3,3,12,12,0,9,slovakia2,0.25,0.62,0,1.12,1.5,4.0,1.61,8
Samorin,8,2,1,5,7,12,-5,7,slovakia2,0.25,0.38,-5,0.88,0.88,4.0,2.63,9
NK Olimpija,8,7,1,0,20,2,18,22,Slovenia - Prva Liga,0.88,1.0,18,2.75,2.5,1.14,1.0,1
Maribor,8,7,0,1,20,6,14,21,Slovenia - Prva Liga,0.88,0.88,14,2.62,2.5,1.14,1.14,2
Koper,8,3,4,1,9,6,3,13,Slovenia - Prva Liga,0.38,0.88,3,1.62,1.12,2.63,1.14,3
NK Celje,8,3,3,2,24,16,8,12,Slovenia - Prva Liga,0.38,0.75,8,1.5,3.0,2.63,1.33,4
Primorje,8,3,3,2,10,8,2,12,Slovenia - Prva Liga,0.38,0.75,2,1.5,1.25,2.63,1.33,4
Nafta,8,3,3,2,14,15,-1,12,Slovenia - Prva Liga,0.38,0.75,-1,1.5,1.75,2.63,1.33,4
Bravo,8,2,5,1,13,11,2,11,Slovenia - Prva Liga,0.25,0.88,2,1.38,1.62,4.0,1.14,5
Radomlje,8,3,1,4,10,14,-4,10,Slovenia - Prva Liga,0.38,0.5,-4,1.25,1.25,2.63,2.0,6
Mura,8,2,3,3,8,9,-1,9,Slovenia - Prva Liga,0.25,0.62,-1,1.12,1.0,4.0,1.61,7
Domzale,8,2,1,5,10,12,-2,7,Slovenia - Prva Liga,0.25,0.38,-2,0.88,1.25,4.0,2.63,8
Mamelodi S.,8,8,0,0,23,2,21,24,South Africa - Premier Division ,1.0,1.0,21,3.0,2.88,1.0,1.0,1
Orlando Pirates,8,6,0,2,16,6,10,18,South Africa - Premier Division ,0.75,0.75,10,2.25,2.0,1.33,1.33,2
Magesi,8,6,0,2,10,7,3,18,South Africa - Premier Division ,0.75,0.75,3,2.25,1.25,1.33,1.33,2
Richards Bay,8,5,2,1,9,4,5,17,South Africa - Premier Division ,0.62,0.88,5,2.12,1.12,1.61,1.14,3
AmaZulu,8,5,1,2,12,9,3,16,South Africa - Premier Division ,0.62,0.75,3,2.0,1.5,1.61,1.33,4
TS Galaxy,8,4,2,2,11,7,4,14,South Africa - Premier Division ,0.5,0.75,4,1.75,1.38,2.0,1.33,5
Sekhukhune,8,4,1,3,13,11,2,13,South Africa - Premier Division ,0.5,0.62,2,1.62,1.62,2.0,1.61,6
Stellenbosch,8,3,4,1,7,5,2,13,South Africa - Premier Division ,0.38,0.88,2,1.62,0.88,2.63,1.14,6
Chippa Utd,8,3,2,3,8,6,2,11,South Africa - Premier Division ,0.38,0.62,2,1.38,1.0,2.63,1.61,7
Polokwane,8,3,2,3,7,6,1,11,South Africa - Premier Division ,0.38,0.62,1,1.38,0.88,2.63,1.61,7
Cape Town City,8,3,2,3,7,8,-1,11,South Africa - Premier Division ,0.38,0.62,-1,1.38,0.88,2.63,1.61,7
Golden Arrows,8,2,4,2,7,7,0,10,South Africa - Premier Division ,0.25,0.75,0,1.25,0.88,4.0,1.33,8
Marumo G.,8,2,3,3,7,8,-1,9,South Africa - Premier Division ,0.25,0.62,-1,1.12,0.88,4.0,1.61,9
Kaizer Chiefs,8,2,3,3,7,10,-3,9,South Africa - Premier Division ,0.25,0.62,-3,1.12,0.88,4.0,1.61,9
SuperSport Utd,8,1,3,4,2,9,-7,6,South Africa - Premier Division ,0.12,0.5,-7,0.75,0.25,8.33,2.0,10
Royal AM,6,1,2,3,6,8,-2,5,South Africa - Premier Division ,0.17,0.5,-2,0.83,1.0,5.88,2.0,11
Durban City,8,7,1,0,18,4,14,22,southafrica2,0.88,1.0,14,2.75,2.25,1.14,1.0,1
Kruger United,8,5,2,1,10,5,5,17,southafrica2,0.62,0.88,5,2.12,1.25,1.61,1.14,2
Black Leopards,8,4,4,0,13,7,6,16,southafrica2,0.5,1.0,6,2.0,1.62,2.0,1.0,3
Venda FC,8,4,3,1,14,5,9,15,southafrica2,0.5,0.88,9,1.88,1.75,2.0,1.14,4
Highbury,8,4,3,1,11,4,7,15,southafrica2,0.5,0.88,7,1.88,1.38,2.0,1.14,4
Baroka,8,4,3,1,15,11,4,15,southafrica2,0.5,0.88,4,1.88,1.88,2.0,1.14,4
Pretoria U.,8,4,3,1,13,10,3,15,southafrica2,0.5,0.88,3,1.88,1.62,2.0,1.14,4
JDR Stars,8,3,5,0,9,6,3,14,southafrica2,0.38,1.0,3,1.75,1.12,2.63,1.0,5
Cape Town Spurs,8,3,4,1,11,6,5,13,southafrica2,0.38,0.88,5,1.62,1.38,2.63,1.14,6
Casric Stars,8,3,4,1,11,7,4,13,southafrica2,0.38,0.88,4,1.62,1.38,2.63,1.14,6
Pretoria C.,8,4,0,4,12,13,-1,12,southafrica2,0.5,0.5,-1,1.5,1.5,2.0,2.0,7
Orbit College,8,2,5,1,8,5,3,11,southafrica2,0.25,0.88,3,1.38,1.0,4.0,1.14,8
Hungry Lions,8,2,3,3,10,9,1,9,southafrica2,0.25,0.62,1,1.12,1.25,4.0,1.61,9
Milford,8,3,0,5,7,10,-3,9,southafrica2,0.38,0.38,-3,1.12,0.88,2.63,2.63,9
Leruma United,8,1,4,3,5,7,-2,7,southafrica2,0.12,0.62,-2,0.88,0.62,8.33,1.61,10
Upington City,8,0,3,5,4,11,-7,3,southafrica2,0.0,0.38,-7,0.38,0.5,0.0,2.63,11
Ulsan,7,3,1,3,9,6,3,10,South Korea - K League 1,0.43,0.57,3,1.43,1.29,2.33,1.75,1
Gimcheon Sangmu,5,3,1,1,5,2,3,10,South Korea - K League 1,0.6,0.8,3,2.0,1.0,1.67,1.25,1
Gwangju,5,3,1,1,7,5,2,10,South Korea - K League 1,0.6,0.8,2,2.0,1.4,1.67,1.25,1
Daejeon Citizen,6,3,1,2,5,6,-1,10,South Korea - K League 1,0.5,0.67,-1,1.67,0.83,2.0,1.49,1
Pohang Steelers,6,3,1,2,5,6,-1,10,South Korea - K League 1,0.5,0.67,-1,1.67,0.83,2.0,1.49,1
Jeonbuk Motors,6,2,3,1,10,8,2,9,South Korea - K League 1,0.33,0.83,2,1.5,1.67,3.03,1.2,2
Daegu,6,3,0,3,9,7,2,9,South Korea - K League 1,0.5,0.5,2,1.5,1.5,2.0,2.0,2
Jeju Utd,5,3,0,2,8,6,2,9,South Korea - K League 1,0.6,0.6,2,1.8,1.6,1.67,1.67,2
Anyang,6,3,0,3,8,7,1,9,South Korea - K League 1,0.5,0.5,1,1.5,1.33,2.0,2.0,2
Gangwon,5,2,2,1,3,2,1,8,South Korea - K League 1,0.4,0.8,1,1.6,0.6,2.5,1.25,3
Seoul,6,2,2,2,8,8,0,8,South Korea - K League 1,0.33,0.67,0,1.33,1.33,3.03,1.49,3
Suwon City,5,1,3,1,6,6,0,6,South Korea - K League 1,0.2,0.8,0,1.2,1.2,5.0,1.25,4
Incheon Utd,6,5,1,0,11,2,9,16,South Korea - K League 2,0.83,1.0,9,2.67,1.83,1.2,1.0,1
Seoul E-Land,7,5,1,1,15,9,6,16,South Korea - K League 2,0.71,0.86,6,2.29,2.14,1.41,1.16,1
Suwon Bluewings,5,4,1,0,12,4,8,13,South Korea - K League 2,0.8,1.0,8,2.6,2.4,1.25,1.0,2
Seongnam,5,3,2,0,6,2,4,11,South Korea - K League 2,0.6,1.0,4,2.2,1.2,1.67,1.0,3
Asan,4,2,2,0,7,2,5,8,South Korea - K League 2,0.5,1.0,5,2.0,1.75,2.0,1.0,4
Busan IPark,6,2,2,2,7,7,0,8,South Korea - K League 2,0.33,0.67,0,1.33,1.17,3.03,1.49,4
Gyeongnam,4,2,1,1,7,4,3,7,South Korea - K League 2,0.5,0.75,3,1.75,1.75,2.0,1.33,5
Bucheon FC,5,2,1,2,8,8,0,7,South Korea - K League 2,0.4,0.6,0,1.4,1.6,2.5,1.67,5
Hwaseong,5,1,2,2,5,6,-1,5,South Korea - K League 2,0.2,0.6,-1,1.0,1.0,5.0,1.67,6
Cheonan City,6,1,0,5,2,8,-6,3,South Korea - K League 2,0.17,0.17,-6,0.5,0.33,5.88,5.88,7
Gimpo,5,0,2,3,4,7,-3,2,South Korea - K League 2,0.0,0.4,-3,0.4,0.8,0.0,2.5,8
Ansan Greeners,5,0,1,4,4,10,-6,1,South Korea - K League 2,0.0,0.2,-6,0.2,0.8,0.0,5.0,9
Cheongju,0,0,0,0,0,0,0,0,South Korea - K League 2,0.0,0.0,0,0.0,0.0,0.0,0.0,10
Jeonnam,0,0,0,0,0,0,0,0,South Korea - K League 2,0.0,0.0,0,0.0,0.0,0.0,0.0,10
FC Barcelona,8,7,1,0,19,5,14,22,Spain - La Liga,0.88,1.0,14,2.75,2.38,1.14,1.0,1
Real Madrid,8,6,1,1,18,9,9,19,Spain - La Liga,0.75,0.88,9,2.38,2.25,1.33,1.14,2
Valencia,8,6,1,1,10,6,4,19,Spain - La Liga,0.75,0.88,4,2.38,1.25,1.33,1.14,2
Athletic Bilbao,8,5,3,0,17,3,14,18,Spain - La Liga,0.62,1.0,14,2.25,2.12,1.61,1.0,3
Atletico Madrid,8,5,2,1,15,8,7,17,Spain - La Liga,0.62,0.88,7,2.12,1.88,1.61,1.14,4
Real Betis,8,5,1,2,17,10,7,16,Spain - La Liga,0.62,0.75,7,2.0,2.12,1.61,1.33,5
Celta Vigo,8,5,1,2,13,8,5,16,Spain - La Liga,0.62,0.75,5,2.0,1.62,1.61,1.33,5
Espanyol,8,3,5,0,9,6,3,14,Spain - La Liga,0.38,1.0,3,1.75,1.12,2.63,1.0,6
Villarreal,8,3,4,1,15,7,8,13,Spain - La Liga,0.38,0.88,8,1.62,1.88,2.63,1.14,7
Real Sociedad,8,4,1,3,8,8,0,13,Spain - La Liga,0.5,0.62,0,1.62,1.0,2.0,1.61,7
Mallorca,8,3,3,2,10,8,2,12,Spain - La Liga,0.38,0.75,2,1.5,1.25,2.63,1.33,8
Osasuna,8,3,3,2,12,11,1,12,Spain - La Liga,0.38,0.75,1,1.5,1.5,2.63,1.33,8
Rayo Vallecano,8,3,3,2,8,10,-2,12,Spain - La Liga,0.38,0.75,-2,1.5,1.0,2.63,1.33,8
Leganes,8,2,3,3,9,10,-1,9,Spain - La Liga,0.25,0.62,-1,1.12,1.12,4.0,1.61,9
Girona,8,2,2,4,11,12,-1,8,Spain - La Liga,0.25,0.5,-1,1.0,1.38,4.0,2.0,10
Las Palmas,8,2,2,4,8,12,-4,8,Spain - La Liga,0.25,0.5,-4,1.0,1.0,4.0,2.0,10
Sevilla FC,8,1,4,3,7,11,-4,7,Spain - La Liga,0.12,0.62,-4,0.88,0.88,8.33,1.61,11
Alaves,8,2,1,5,3,7,-4,7,Spain - La Liga,0.25,0.38,-4,0.88,0.38,4.0,2.63,11
Valladolid,8,2,1,5,5,16,-11,7,Spain - La Liga,0.25,0.38,-11,0.88,0.62,4.0,2.63,11
Getafe,8,1,2,5,6,11,-5,5,Spain - La Liga,0.12,0.38,-5,0.62,0.75,8.33,2.63,12
Mirandes,8,7,1,0,19,7,12,22,Spain - La Liga 2,0.88,1.0,12,2.75,2.38,1.14,1.0,1
Elche,8,7,1,0,15,4,11,22,Spain - La Liga 2,0.88,1.0,11,2.75,1.88,1.14,1.0,1
Racing,8,6,1,1,19,7,12,19,Spain - La Liga 2,0.75,0.88,12,2.38,2.38,1.33,1.14,2
Levante,8,6,1,1,18,7,11,19,Spain - La Liga 2,0.75,0.88,11,2.38,2.25,1.33,1.14,2
Albacete,8,6,0,2,15,8,7,18,Spain - La Liga 2,0.75,0.75,7,2.25,1.88,1.33,1.33,3
Real Oviedo,8,5,2,1,10,4,6,17,Spain - La Liga 2,0.62,0.88,6,2.12,1.25,1.61,1.14,4
Granada,8,4,4,0,13,5,8,16,Spain - La Liga 2,0.5,1.0,8,2.0,1.62,2.0,1.0,5
Huesca,8,5,1,2,15,9,6,16,Spain - La Liga 2,0.62,0.75,6,2.0,1.88,1.61,1.33,5
Almeria,8,4,4,0,13,7,6,16,Spain - La Liga 2,0.5,1.0,6,2.0,1.62,2.0,1.0,5
Burgos,8,5,1,2,12,8,4,16,Spain - La Liga 2,0.62,0.75,4,2.0,1.5,1.61,1.33,5
Cadiz,8,4,3,1,10,4,6,15,Spain - La Liga 2,0.5,0.88,6,1.88,1.25,2.0,1.14,6
Tenerife,8,4,3,1,12,7,5,15,Spain - La Liga 2,0.5,0.88,5,1.88,1.5,2.0,1.14,6
Castellon,8,3,2,3,13,11,2,11,Spain - La Liga 2,0.38,0.62,2,1.38,1.62,2.63,1.61,7
Eibar,8,2,5,1,10,9,1,11,Spain - La Liga 2,0.25,0.88,1,1.38,1.25,4.0,1.14,7
Malaga,8,3,2,3,7,7,0,11,Spain - La Liga 2,0.38,0.62,0,1.38,0.88,2.63,1.61,7
Sporting Gijon,8,2,4,2,9,9,0,10,Spain - La Liga 2,0.25,0.75,0,1.25,1.12,4.0,1.33,8
Deportivo,8,2,4,2,8,10,-2,10,Spain - La Liga 2,0.25,0.75,-2,1.25,1.0,4.0,1.33,8
Cordoba,8,2,3,3,15,11,4,9,Spain - La Liga 2,0.25,0.62,4,1.12,1.88,4.0,1.61,9
Real Zaragoza,8,1,5,2,8,10,-2,8,Spain - La Liga 2,0.12,0.75,-2,1.0,1.0,8.33,1.33,10
Eldense,8,1,3,4,8,14,-6,6,Spain - La Liga 2,0.12,0.5,-6,0.75,1.0,8.33,2.0,11
Racing Ferrol,8,1,2,5,3,10,-7,5,Spain - La Liga 2,0.12,0.38,-7,0.62,0.38,8.33,2.63,12
Cartagena,8,0,1,7,4,12,-8,1,Spain - La Liga 2,0.0,0.12,-8,0.12,0.5,0.0,8.33,13
Gimnastic T.,8,6,1,1,23,7,16,19,spain3,0.75,0.88,16,2.38,2.88,1.33,1.14,1
Ourense CF,8,6,1,1,10,5,5,19,spain3,0.75,0.88,5,2.38,1.25,1.33,1.14,1
Leonesa,8,5,3,0,14,8,6,18,spain3,0.62,1.0,6,2.25,1.75,1.61,1.0,2
FC Andorra,8,5,2,1,13,5,8,17,spain3,0.62,0.88,8,2.12,1.62,1.61,1.14,3
Ponferradina,8,5,0,3,14,7,7,15,spain3,0.62,0.62,7,1.88,1.75,1.61,1.61,4
Unionistas,8,4,3,1,10,7,3,15,spain3,0.5,0.88,3,1.88,1.25,2.0,1.14,4
Tarazona,8,4,3,1,6,3,3,15,spain3,0.5,0.88,3,1.88,0.75,2.0,1.14,4
Athletic B. B,8,4,2,2,12,9,3,14,spain3,0.5,0.75,3,1.75,1.5,2.0,1.33,5
Zamora,8,4,2,2,8,7,1,14,spain3,0.5,0.75,1,1.75,1.0,2.0,1.33,5
Real Union,8,4,1,3,14,8,6,13,spain3,0.5,0.62,6,1.62,1.75,2.0,1.61,6
Arenteiro,8,3,3,2,12,9,3,12,spain3,0.38,0.75,3,1.5,1.5,2.63,1.33,7
Real Sociedad B,8,3,3,2,12,9,3,12,spain3,0.38,0.75,3,1.5,1.5,2.63,1.33,7
Amorebieta,8,3,3,2,11,8,3,12,spain3,0.38,0.75,3,1.5,1.38,2.63,1.33,7
Celta Vigo B,8,3,3,2,11,9,2,12,spain3,0.38,0.75,2,1.5,1.38,2.63,1.33,7
Lugo,8,4,0,4,10,12,-2,12,spain3,0.5,0.5,-2,1.5,1.25,2.0,2.0,7
Osasuna B,8,2,4,2,10,11,-1,10,spain3,0.25,0.75,-1,1.25,1.25,4.0,1.33,8
Sestao River,8,2,4,2,8,9,-1,10,spain3,0.25,0.75,-1,1.25,1.0,4.0,1.33,8
Barakaldo,8,2,2,4,11,13,-2,8,spain3,0.25,0.5,-2,1.0,1.38,4.0,2.0,9
FC Barcelona B,8,2,2,4,9,13,-4,8,spain3,0.25,0.5,-4,1.0,1.12,4.0,2.0,9
Gimnastica,8,0,4,4,6,13,-7,4,spain3,0.0,0.5,-7,0.5,0.75,0.0,2.0,10
Merida,8,7,0,1,18,11,7,21,spain4,0.88,0.88,7,2.62,2.25,1.14,1.14,1
Ceuta,8,6,2,0,17,6,11,20,spain4,0.75,1.0,11,2.5,2.12,1.33,1.0,2
Alcorcon,8,6,2,0,13,4,9,20,spain4,0.75,1.0,9,2.5,1.62,1.33,1.0,2
Atletico M. B,8,6,2,0,13,4,9,20,spain4,0.75,1.0,9,2.5,1.62,1.33,1.0,2
UD Ibiza,8,6,1,1,19,9,10,19,spain4,0.75,0.88,10,2.38,2.38,1.33,1.14,3
Sevilla FC B,8,6,1,1,9,1,8,19,spain4,0.75,0.88,8,2.38,1.12,1.33,1.14,3
Hercules,8,4,3,1,15,8,7,15,spain4,0.5,0.88,7,1.88,1.88,2.0,1.14,4
Sanluqueno,8,4,3,1,9,5,4,15,spain4,0.5,0.88,4,1.88,1.12,2.0,1.14,4
Real Madrid B,8,3,4,1,9,5,4,13,spain4,0.38,0.88,4,1.62,1.12,2.63,1.14,5
Real Murcia,8,4,1,3,8,6,2,13,spain4,0.5,0.62,2,1.62,1.0,2.0,1.61,5
Algeciras,8,2,5,1,8,8,0,11,spain4,0.25,0.88,0,1.38,1.0,4.0,1.14,6
Antequera,8,3,2,3,12,13,-1,11,spain4,0.38,0.62,-1,1.38,1.5,2.63,1.61,6
Fuenlabrada,8,2,4,2,10,8,2,10,spain4,0.25,0.75,2,1.25,1.25,4.0,1.33,7
Marbella,8,3,1,4,12,15,-3,10,spain4,0.38,0.5,-3,1.25,1.5,2.63,2.0,7
Recreativo H.,8,2,4,2,8,11,-3,10,spain4,0.25,0.75,-3,1.25,1.0,4.0,1.33,7
Villarreal B,8,2,3,3,9,8,1,9,spain4,0.25,0.62,1,1.12,1.12,4.0,1.61,8
Yeclano,8,1,6,1,8,7,1,9,spain4,0.12,0.88,1,1.12,1.0,8.33,1.14,8
Intercity,8,1,4,3,9,10,-1,7,spain4,0.12,0.62,-1,0.88,1.12,8.33,1.61,9
Alcoyano,8,1,4,3,6,9,-3,7,spain4,0.12,0.62,-3,0.88,0.75,8.33,1.61,9
Real Betis B,8,2,1,5,9,17,-8,7,spain4,0.25,0.38,-8,0.88,1.12,4.0,2.63,9
Pontevedra,8,8,0,0,17,4,13,24,spain5,1.0,1.0,13,3.0,2.12,1.0,1.0,1
Real Aviles,8,6,2,0,17,6,11,20,spain5,0.75,1.0,11,2.5,2.12,1.33,1.0,2
Numancia,8,6,2,0,15,4,11,20,spain5,0.75,1.0,11,2.5,1.88,1.33,1.0,2
Real Avila,8,5,1,2,11,5,6,16,spain5,0.62,0.75,6,2.0,1.38,1.61,1.33,3
Llanera,8,4,4,0,15,11,4,16,spain5,0.5,1.0,4,2.0,1.88,2.0,1.0,3
Coruxo,8,4,3,1,11,6,5,15,spain5,0.5,0.88,5,1.88,1.38,2.0,1.14,4
Marino de L.,8,4,2,2,10,5,5,14,spain5,0.5,0.75,5,1.75,1.25,2.0,1.33,5
Rayo Cantabria,8,4,2,2,12,8,4,14,spain5,0.5,0.75,4,1.75,1.5,2.0,1.33,5
Langreo,8,4,2,2,9,7,2,14,spain5,0.5,0.75,2,1.75,1.12,2.0,1.33,5
Escobedo,8,3,4,1,5,2,3,13,spain5,0.38,0.88,3,1.62,0.62,2.63,1.14,6
Torrelavega,8,3,3,2,12,3,9,12,spain5,0.38,0.75,9,1.5,1.5,2.63,1.33,7
Valladolid B,8,3,2,3,11,8,3,11,spain5,0.38,0.62,3,1.38,1.38,2.63,1.61,8
Compostela,8,3,2,3,12,13,-1,11,spain5,0.38,0.62,-1,1.38,1.5,2.63,1.61,8
Bergantinos,8,3,1,4,12,14,-2,10,spain5,0.38,0.5,-2,1.25,1.5,2.63,2.0,9
D. Fabril,8,2,3,3,5,5,0,9,spain5,0.25,0.62,0,1.12,0.62,4.0,1.61,10
Salamanca CF,8,2,2,4,10,12,-2,8,spain5,0.25,0.5,-2,1.0,1.25,4.0,2.0,11
Guijuelo,8,2,2,4,7,13,-6,8,spain5,0.25,0.5,-6,1.0,0.88,4.0,2.0,11
Laredo,8,2,2,4,8,16,-8,8,spain5,0.25,0.5,-8,1.0,1.0,4.0,2.0,11
Teruel,8,7,0,1,17,3,14,21,spain6,0.88,0.88,14,2.62,2.12,1.14,1.14,1
SD Logrones,8,6,1,1,15,4,11,19,spain6,0.75,0.88,11,2.38,1.88,1.33,1.14,2
Arenas Club,8,5,1,2,15,9,6,16,spain6,0.62,0.75,6,2.0,1.88,1.61,1.33,3
Utebo,8,5,1,2,16,11,5,16,spain6,0.62,0.75,5,2.0,2.0,1.61,1.33,3
Barbastro,8,4,3,1,12,7,5,15,spain6,0.5,0.88,5,1.88,1.5,2.0,1.14,4
Ejea,8,4,3,1,9,4,5,15,spain6,0.5,0.88,5,1.88,1.12,2.0,1.14,4
Real Zaragoza B,8,5,0,3,12,10,2,15,spain6,0.62,0.62,2,1.88,1.5,1.61,1.61,4
UD Logrones,8,3,5,0,13,3,10,14,spain6,0.38,1.0,10,1.75,1.62,2.63,1.0,5
Eibar B,8,4,2,2,9,5,4,14,spain6,0.5,0.75,4,1.75,1.12,2.0,1.33,5
Calahorra,8,4,1,3,7,9,-2,13,spain6,0.5,0.62,-2,1.62,0.88,2.0,1.61,6
Alfaro,8,3,3,2,6,6,0,12,spain6,0.38,0.75,0,1.5,0.75,2.63,1.33,7
Gernika,8,3,2,3,10,15,-5,11,spain6,0.38,0.62,-5,1.38,1.25,2.63,1.61,8
Real Sociedad C,8,3,1,4,11,12,-1,10,spain6,0.38,0.5,-1,1.25,1.38,2.63,2.0,9
Alaves B,8,3,1,4,7,8,-1,10,spain6,0.38,0.5,-1,1.25,0.88,2.63,2.0,9
Subiza,8,2,2,4,9,14,-5,8,spain6,0.25,0.5,-5,1.0,1.12,4.0,2.0,10
Anguiano,8,1,3,4,5,10,-5,6,spain6,0.12,0.5,-5,0.75,0.62,8.33,2.0,11
Tudelano,8,1,2,5,7,12,-5,5,spain6,0.12,0.38,-5,0.62,0.88,8.33,2.63,12
Izarra,8,0,1,7,3,13,-10,1,spain6,0.0,0.12,-10,0.12,0.38,0.0,8.33,13
Europa,8,7,1,0,15,4,11,22,spain7,0.88,1.0,11,2.75,1.88,1.14,1.0,1
Valencia B,8,6,0,2,16,7,9,18,spain7,0.75,0.75,9,2.25,2.0,1.33,1.33,2
Cornella,8,5,3,0,17,11,6,18,spain7,0.62,1.0,6,2.25,2.12,1.61,1.0,2
Torrent,8,5,2,1,10,4,6,17,spain7,0.62,0.88,6,2.12,1.25,1.61,1.14,3
Sabadell,8,4,2,2,16,7,9,14,spain7,0.5,0.75,9,1.75,2.0,2.0,1.33,4
A. Baleares,8,3,5,0,13,6,7,14,spain7,0.38,1.0,7,1.75,1.62,2.63,1.0,4
Espanyol B,8,4,2,2,14,9,5,14,spain7,0.5,0.75,5,1.75,1.75,2.0,1.33,4
Terrassa,8,4,2,2,8,5,3,14,spain7,0.5,0.75,3,1.75,1.0,2.0,1.33,4
Andratx,8,4,2,2,8,10,-2,14,spain7,0.5,0.75,-2,1.75,1.0,2.0,1.33,4
SD Ibiza,8,4,1,3,12,11,1,13,spain7,0.5,0.62,1,1.62,1.5,2.0,1.61,5
Sant Andreu,8,3,2,3,15,9,6,11,spain7,0.38,0.62,6,1.38,1.88,2.63,1.61,6
Olot,8,3,2,3,10,8,2,11,spain7,0.38,0.62,2,1.38,1.25,2.63,1.61,6
Ilicitano,8,3,1,4,9,9,0,10,spain7,0.38,0.5,0,1.25,1.12,2.63,2.0,7
Pena Deportiva,8,1,5,2,8,9,-1,8,spain7,0.12,0.75,-1,1.0,1.0,8.33,1.33,8
Lleida,8,0,6,2,6,10,-4,6,spain7,0.0,0.75,-4,0.75,0.75,0.0,1.33,9
Mallorca B,8,1,1,6,6,13,-7,4,spain7,0.12,0.25,-7,0.5,0.75,8.33,4.0,10
Alzira,8,0,1,7,4,16,-12,1,spain7,0.0,0.12,-12,0.12,0.5,0.0,8.33,11
Badalona,8,0,1,7,2,15,-13,1,spain7,0.0,0.12,-13,0.12,0.25,0.0,8.33,11
La Union,8,6,1,1,11,4,7,19,spain8,0.75,0.88,7,2.38,1.38,1.33,1.14,1
Torremolinos,8,6,1,1,12,6,6,19,spain8,0.75,0.88,6,2.38,1.5,1.33,1.14,1
Linares,8,5,2,1,14,5,9,17,spain8,0.62,0.88,9,2.12,1.75,1.61,1.14,2
CD Estepona,8,5,2,1,15,7,8,17,spain8,0.62,0.88,8,2.12,1.88,1.61,1.14,2
Almeria B,8,5,0,3,12,9,3,15,spain8,0.62,0.62,3,1.88,1.5,1.61,1.61,3
Aguilas CF,8,4,2,2,9,7,2,14,spain8,0.5,0.75,2,1.75,1.12,2.0,1.33,4
Antoniano,8,4,2,2,10,9,1,14,spain8,0.5,0.75,1,1.75,1.25,2.0,1.33,4
Xerez D. FC,8,4,1,3,8,6,2,13,spain8,0.5,0.62,2,1.62,1.0,2.0,1.61,5
Orihuela,8,4,1,3,4,4,0,13,spain8,0.5,0.62,0,1.62,0.5,2.0,1.61,5
UCAM Murcia,8,3,3,2,9,5,4,12,spain8,0.38,0.75,4,1.5,1.12,2.63,1.33,6
San Fernando,8,3,3,2,11,8,3,12,spain8,0.38,0.75,3,1.5,1.38,2.63,1.33,6
Xerez CD,8,3,3,2,9,7,2,12,spain8,0.38,0.75,2,1.5,1.12,2.63,1.33,6
Villanovense,8,3,2,3,8,10,-2,11,spain8,0.38,0.62,-2,1.38,1.0,2.63,1.61,7
Cadiz B,8,2,4,2,8,8,0,10,spain8,0.25,0.75,0,1.25,1.0,4.0,1.33,8
D. Minera,8,2,3,3,10,8,2,9,spain8,0.25,0.62,2,1.12,1.25,4.0,1.61,9
Granada B,8,1,2,5,3,9,-6,5,spain8,0.12,0.38,-6,0.62,0.38,8.33,2.63,10
Linense,8,0,3,5,3,10,-7,3,spain8,0.0,0.38,-7,0.38,0.38,0.0,2.63,11
Don Benito,8,0,2,6,4,13,-9,2,spain8,0.0,0.25,-9,0.25,0.5,0.0,4.0,12
Guadalajara,8,7,1,0,13,2,11,22,spain9,0.88,1.0,11,2.75,1.62,1.14,1.0,1
Navalcarnero,8,6,1,1,15,7,8,19,spain9,0.75,0.88,8,2.38,1.88,1.33,1.14,2
Cacereno,8,5,2,1,14,7,7,17,spain9,0.62,0.88,7,2.12,1.75,1.61,1.14,3
S. Sebastian R.,8,5,1,2,12,8,4,16,spain9,0.62,0.75,4,2.0,1.5,1.61,1.33,4
Talavera CF,8,4,3,1,15,5,10,15,spain9,0.5,0.88,10,1.88,1.88,2.0,1.14,5
CD Mostoles,8,5,0,3,16,11,5,15,spain9,0.62,0.62,5,1.88,2.0,1.61,1.61,5
Melilla,8,4,3,1,12,8,4,15,spain9,0.5,0.88,4,1.88,1.5,2.0,1.14,5
CD Coria,8,4,3,1,15,12,3,15,spain9,0.5,0.88,3,1.88,1.88,2.0,1.14,5
Tenerife B,8,4,2,2,13,11,2,14,spain9,0.5,0.75,2,1.75,1.62,2.0,1.33,6
Conquense,8,4,1,3,10,8,2,13,spain9,0.5,0.62,2,1.62,1.25,2.0,1.61,7
Getafe B,8,3,3,2,10,6,4,12,spain9,0.38,0.75,4,1.5,1.25,2.63,1.33,8
Real Madrid C,8,3,3,2,9,7,2,12,spain9,0.38,0.75,2,1.5,1.12,2.63,1.33,8
Atletico Paso,8,3,3,2,10,9,1,12,spain9,0.38,0.75,1,1.5,1.25,2.63,1.33,8
Union Adarve,8,2,4,2,6,6,0,10,spain9,0.25,0.75,0,1.25,0.75,4.0,1.33,9
Illescas,8,3,1,4,8,12,-4,10,spain9,0.38,0.5,-4,1.25,1.0,2.63,2.0,9
R. Majadahonda,8,1,5,2,3,5,-2,8,spain9,0.12,0.75,-2,1.0,0.38,8.33,1.33,10
Colonia M.,8,2,2,4,9,16,-7,8,spain9,0.25,0.5,-7,1.0,1.12,4.0,2.0,10
Yaiza,8,1,2,5,2,11,-9,5,spain9,0.12,0.38,-9,0.62,0.25,8.33,2.63,11
Hammarby,3,3,0,0,8,0,8,9,Sweden - Allsvenskan,1.0,1.0,8,3.0,2.67,1.0,1.0,1
Mjallby,3,2,1,0,8,3,5,7,Sweden - Allsvenskan,0.67,1.0,5,2.33,2.67,1.49,1.0,2
Elfsborg,3,2,1,0,8,5,3,7,Sweden - Allsvenskan,0.67,1.0,3,2.33,2.67,1.49,1.0,2
AIK,3,2,1,0,6,3,3,7,Sweden - Allsvenskan,0.67,1.0,3,2.33,2.0,1.49,1.0,2
Malmo FF,3,2,1,0,5,2,3,7,Sweden - Allsvenskan,0.67,1.0,3,2.33,1.67,1.49,1.0,2
Norrkoping,3,2,0,1,9,6,3,6,Sweden - Allsvenskan,0.67,0.67,3,2.0,3.0,1.49,1.49,3
GAIS,3,1,1,1,3,2,1,4,Sweden - Allsvenskan,0.33,0.67,1,1.33,1.0,3.03,1.49,4
IFK Goteborg,3,1,1,1,4,4,0,4,Sweden - Allsvenskan,0.33,0.67,0,1.33,1.33,3.03,1.49,4
Djurgarden,3,1,1,1,1,1,0,4,Sweden - Allsvenskan,0.33,0.67,0,1.33,0.33,3.03,1.49,4
Hacken,4,1,1,2,6,8,-2,4,Sweden - Allsvenskan,0.25,0.5,-2,1.0,1.5,4.0,2.0,4
Oster,2,1,0,1,2,1,1,3,Sweden - Allsvenskan,0.5,0.5,1,1.5,1.0,2.0,2.0,5
Degerfors,2,1,0,1,1,1,0,3,Sweden - Allsvenskan,0.5,0.5,0,1.5,0.5,2.0,2.0,5
Brommapojkarna,2,1,0,1,3,4,-1,3,Sweden - Allsvenskan,0.5,0.5,-1,1.5,1.5,2.0,2.0,5
Halmstad,3,1,0,2,2,8,-6,3,Sweden - Allsvenskan,0.33,0.33,-6,1.0,0.67,3.03,3.03,5
Sirius,3,0,1,2,1,5,-4,1,Sweden - Allsvenskan,0.0,0.33,-4,0.33,0.33,0.0,3.03,6
Varnamo,4,0,0,4,3,8,-5,0,Sweden - Allsvenskan,0.0,0.0,-5,0.0,0.75,0.0,0.0,7
Orgryte,3,2,1,0,5,1,4,7,Sweden - Superettan,0.67,1.0,4,2.33,1.67,1.49,1.0,1
Landskrona,3,2,1,0,5,3,2,7,Sweden - Superettan,0.67,1.0,2,2.33,1.67,1.49,1.0,1
Varberg BoIS,2,2,0,0,6,1,5,6,Sweden - Superettan,1.0,1.0,5,3.0,3.0,1.0,1.0,2
Kalmar,2,2,0,0,3,0,3,6,Sweden - Superettan,1.0,1.0,3,3.0,1.5,1.0,1.0,2
Falkenberg,3,1,2,0,6,5,1,5,Sweden - Superettan,0.33,1.0,1,1.67,2.0,3.03,1.0,3
Sandviken,2,1,1,0,2,0,2,4,Sweden - Superettan,0.5,1.0,2,2.0,1.0,2.0,1.0,4
Utsikten,3,1,1,1,6,5,1,4,Sweden - Superettan,0.33,0.67,1,1.33,2.0,3.03,1.49,4
Ostersunds,2,1,1,0,5,4,1,4,Sweden - Superettan,0.5,1.0,1,2.0,2.5,2.0,1.0,4
Vasteras,2,1,1,0,2,1,1,4,Sweden - Superettan,0.5,1.0,1,2.0,1.0,2.0,1.0,4
GIF Sundsvall,2,1,0,1,3,2,1,3,Sweden - Superettan,0.5,0.5,1,1.5,1.5,2.0,2.0,5
Oddevold,3,1,0,2,3,5,-2,3,Sweden - Superettan,0.33,0.33,-2,1.0,1.0,3.03,3.03,5
Helsingborg,3,1,0,2,4,7,-3,3,Sweden - Superettan,0.33,0.33,-3,1.0,1.33,3.03,3.03,5
Umea,3,0,1,2,2,4,-2,1,Sweden - Superettan,0.0,0.33,-2,0.33,0.67,0.0,3.03,6
Brage,2,0,1,1,1,3,-2,1,Sweden - Superettan,0.0,0.5,-2,0.5,0.5,0.0,2.0,6
Orebro,2,0,0,2,0,4,-4,0,Sweden - Superettan,0.0,0.0,-4,0.0,0.0,0.0,0.0,7
Trelleborg,3,0,0,3,0,6,-6,0,Sweden - Superettan,0.0,0.0,-6,0.0,0.0,0.0,0.0,7
BSC Young Boys,8,6,2,0,19,4,15,20,Switzerland - Super League,0.75,1.0,15,2.5,2.38,1.33,1.0,1
FC Basel,8,6,1,1,19,6,13,19,Switzerland - Super League,0.75,0.88,13,2.38,2.38,1.33,1.14,2
Luzern,8,5,2,1,18,10,8,17,Switzerland - Super League,0.62,0.88,8,2.12,2.25,1.61,1.14,3
St. Gallen,8,5,2,1,13,9,4,17,Switzerland - Super League,0.62,0.88,4,2.12,1.62,1.61,1.14,3
Sion,8,3,3,2,13,11,2,12,Switzerland - Super League,0.38,0.75,2,1.5,1.62,2.63,1.33,4
Servette,8,3,3,2,12,10,2,12,Switzerland - Super League,0.38,0.75,2,1.5,1.5,2.63,1.33,4
Lugano,8,3,3,2,11,12,-1,12,Switzerland - Super League,0.38,0.75,-1,1.5,1.38,2.63,1.33,4
Lausanne Sport,8,3,2,3,12,10,2,11,Switzerland - Super League,0.38,0.62,2,1.38,1.5,2.63,1.61,5
Yverdon,8,3,2,3,9,8,1,11,Switzerland - Super League,0.38,0.62,1,1.38,1.12,2.63,1.61,5
Winterthur,8,3,1,4,11,11,0,10,Switzerland - Super League,0.38,0.5,0,1.25,1.38,2.63,2.0,6
FC Zurich,8,3,1,4,10,15,-5,10,Switzerland - Super League,0.38,0.5,-5,1.25,1.25,2.63,2.0,6
Grasshopper,8,2,3,3,9,9,0,9,Switzerland - Super League,0.25,0.62,0,1.12,1.12,4.0,1.61,7
Thun,8,7,1,0,23,6,17,22,Switzerland - Challenge League,0.88,1.0,17,2.75,2.88,1.14,1.0,1
Aarau,8,5,3,0,15,7,8,18,Switzerland - Challenge League,0.62,1.0,8,2.25,1.88,1.61,1.0,2
Vaduz,8,5,1,2,11,7,4,16,Switzerland - Challenge League,0.62,0.75,4,2.0,1.38,1.61,1.33,3
Etoile Carouge,8,4,2,2,16,9,7,14,Switzerland - Challenge League,0.5,0.75,7,1.75,2.0,2.0,1.33,4
Bellinzona,8,3,2,3,10,9,1,11,Switzerland - Challenge League,0.38,0.62,1,1.38,1.25,2.63,1.61,5
Lausanne Ouchy,8,3,2,3,9,8,1,11,Switzerland - Challenge League,0.38,0.62,1,1.38,1.12,2.63,1.61,5
Neuchatel Xamax,8,2,3,3,14,11,3,9,Switzerland - Challenge League,0.25,0.62,3,1.12,1.75,4.0,1.61,6
Stade Nyonnais,8,3,0,5,8,10,-2,9,Switzerland - Challenge League,0.38,0.38,-2,1.12,1.0,2.63,2.63,6
Wil,8,2,3,3,12,15,-3,9,Switzerland - Challenge League,0.25,0.62,-3,1.12,1.5,4.0,1.61,6
Schaffhausen,8,0,3,5,9,16,-7,3,Switzerland - Challenge League,0.0,0.38,-7,0.38,1.12,0.0,2.63,7
Chiangrai Utd,8,7,0,1,12,3,9,21,Thailand - Thai League 1,0.88,0.88,9,2.62,1.5,1.14,1.14,1
Bangkok Utd,8,6,2,0,19,7,12,20,Thailand - Thai League 1,0.75,1.0,12,2.5,2.38,1.33,1.0,2
Pathum Utd,8,6,1,1,15,7,8,19,Thailand - Thai League 1,0.75,0.88,8,2.38,1.88,1.33,1.14,3
Buriram Utd,8,6,0,2,33,4,29,18,Thailand - Thai League 1,0.75,0.75,29,2.25,4.12,1.33,1.33,4
Muang Thong Utd,8,6,0,2,16,8,8,18,Thailand - Thai League 1,0.75,0.75,8,2.25,2.0,1.33,1.33,4
Ratchaburi,8,5,2,1,17,9,8,17,Thailand - Thai League 1,0.62,0.88,8,2.12,2.12,1.61,1.14,5
Uthai Thani,8,3,5,0,12,4,8,14,Thailand - Thai League 1,0.38,1.0,8,1.75,1.5,2.63,1.0,6
Prachuap,8,4,2,2,16,10,6,14,Thailand - Thai League 1,0.5,0.75,6,1.75,2.0,2.0,1.33,6
Lamphun Warrior,8,4,1,3,11,11,0,13,Thailand - Thai League 1,0.5,0.62,0,1.62,1.38,2.0,1.61,7
Port FC,8,3,3,2,15,12,3,12,Thailand - Thai League 1,0.38,0.75,3,1.5,1.88,2.63,1.33,8
Rayong,8,3,2,3,17,16,1,11,Thailand - Thai League 1,0.38,0.62,1,1.38,2.12,2.63,1.61,9
Sukhothai,8,3,2,3,12,14,-2,11,Thailand - Thai League 1,0.38,0.62,-2,1.38,1.5,2.63,1.61,9
N. Ratchasima,8,2,4,2,14,17,-3,10,Thailand - Thai League 1,0.25,0.75,-3,1.25,1.75,4.0,1.33,10
N. Bua Pitchaya,8,1,5,2,6,8,-2,8,Thailand - Thai League 1,0.12,0.75,-2,1.0,0.75,8.33,1.33,11
Khon Kaen Utd,8,2,1,5,12,18,-6,7,Thailand - Thai League 1,0.25,0.38,-6,0.88,1.5,4.0,2.63,12
Nakhon Pathom,8,2,1,5,11,22,-11,7,Thailand - Thai League 1,0.25,0.38,-11,0.88,1.38,4.0,2.63,12
Ayutthaya Utd,8,7,1,0,22,5,17,22,thailand2,0.88,1.0,17,2.75,2.75,1.14,1.0,1
Chonburi,8,7,1,0,24,8,16,22,thailand2,0.88,1.0,16,2.75,3.0,1.14,1.0,1
Kasetsart,8,5,3,0,8,2,6,18,thailand2,0.62,1.0,6,2.25,1.0,1.61,1.0,2
Lampang,8,5,2,1,16,9,7,17,thailand2,0.62,0.88,7,2.12,2.0,1.61,1.14,3
Police Tero,8,5,2,1,11,5,6,17,thailand2,0.62,0.88,6,2.12,1.38,1.61,1.14,3
Phrae Utd,8,4,3,1,16,5,11,15,thailand2,0.5,0.88,11,1.88,2.0,2.0,1.14,4
Trat FC,8,4,2,2,15,9,6,14,thailand2,0.5,0.75,6,1.75,1.88,2.0,1.33,5
Chainat,8,4,2,2,12,9,3,14,thailand2,0.5,0.75,3,1.75,1.5,2.0,1.33,5
Chanthaburi,8,4,2,2,11,8,3,14,thailand2,0.5,0.75,3,1.75,1.38,2.0,1.33,5
Sisaket Utd,8,4,2,2,8,6,2,14,thailand2,0.5,0.75,2,1.75,1.0,2.0,1.33,5
Nakhon Si,8,4,1,3,13,13,0,13,thailand2,0.5,0.62,0,1.62,1.62,2.0,1.61,6
Suphanburi,8,3,3,2,18,12,6,12,thailand2,0.38,0.75,6,1.5,2.25,2.63,1.33,7
Kanchanaburi,8,3,3,2,11,8,3,12,thailand2,0.38,0.75,3,1.5,1.38,2.63,1.33,7
Chiangmai Utd,8,3,3,2,13,13,0,12,thailand2,0.38,0.75,0,1.5,1.62,2.63,1.33,7
Bangkok FC,8,2,4,2,10,12,-2,10,thailand2,0.25,0.75,-2,1.25,1.25,4.0,1.33,8
Mahasarakham,8,2,3,3,11,13,-2,9,thailand2,0.25,0.62,-2,1.12,1.38,4.0,1.61,9
Pattaya United,8,2,1,5,4,12,-8,7,thailand2,0.25,0.38,-8,0.88,0.5,4.0,2.63,10
Samut Prakan,0,0,0,0,0,0,0,0,thailand2,0.0,0.0,0,0.0,0.0,0.0,0.0,11
Galatasaray,8,6,2,0,18,6,12,20,Turkey - Super Lig,0.75,1.0,12,2.5,2.25,1.33,1.0,1
Fenerbahce,8,6,2,0,21,10,11,20,Turkey - Super Lig,0.75,1.0,11,2.5,2.62,1.33,1.0,1
Trabzonspor,8,6,1,1,21,8,13,19,Turkey - Super Lig,0.75,0.88,13,2.38,2.62,1.33,1.14,2
Kayserispor,8,6,1,1,14,4,10,19,Turkey - Super Lig,0.75,0.88,10,2.38,1.75,1.33,1.14,2
Konyaspor,8,6,1,1,13,6,7,19,Turkey - Super Lig,0.75,0.88,7,2.38,1.62,1.33,1.14,2
Kasimpasa,8,5,3,0,21,14,7,18,Turkey - Super Lig,0.62,1.0,7,2.25,2.62,1.61,1.0,3
Antalyaspor,8,5,2,1,11,9,2,17,Turkey - Super Lig,0.62,0.88,2,2.12,1.38,1.61,1.14,4
Besiktas,8,5,1,2,14,8,6,16,Turkey - Super Lig,0.62,0.75,6,2.0,1.75,1.61,1.33,5
Gaziantep,8,5,1,2,10,7,3,16,Turkey - Super Lig,0.62,0.75,3,2.0,1.25,1.61,1.33,5
Samsunspor,8,5,0,3,15,11,4,15,Turkey - Super Lig,0.62,0.62,4,1.88,1.88,1.61,1.61,6
Basaksehir,8,5,0,3,11,7,4,15,Turkey - Super Lig,0.62,0.62,4,1.88,1.38,1.61,1.61,6
Alanyaspor,8,5,0,3,15,12,3,15,Turkey - Super Lig,0.62,0.62,3,1.88,1.88,1.61,1.61,6
Sivasspor,8,4,2,2,18,11,7,14,Turkey - Super Lig,0.5,0.75,7,1.75,2.25,2.0,1.33,7
Goztepe,8,3,4,1,15,7,8,13,Turkey - Super Lig,0.38,0.88,8,1.62,1.88,2.63,1.14,8
Eyupspor,8,4,1,3,16,13,3,13,Turkey - Super Lig,0.5,0.62,3,1.62,2.0,2.0,1.61,8
Rizespor,8,3,3,2,11,10,1,12,Turkey - Super Lig,0.38,0.75,1,1.5,1.38,2.63,1.33,9
Bodrumspor,8,2,3,3,6,8,-2,9,Turkey - Super Lig,0.25,0.62,-2,1.12,0.75,4.0,1.61,10
Hatayspor,8,2,1,5,11,15,-4,7,Turkey - Super Lig,0.25,0.38,-4,0.88,1.38,4.0,2.63,11
Adana Demirspor,8,1,2,5,6,15,-9,5,Turkey - Super Lig,0.12,0.38,-9,0.62,0.75,8.33,2.63,12
Istanbulspor,8,7,0,1,22,4,18,21,turkey2,0.88,0.88,18,2.62,2.75,1.14,1.14,1
Kocaelispor,8,5,2,1,21,8,13,17,turkey2,0.62,0.88,13,2.12,2.62,1.61,1.14,2
Igdir,8,5,2,1,14,3,11,17,turkey2,0.62,0.88,11,2.12,1.75,1.61,1.14,2
Genclerbirligi,8,5,2,1,14,5,9,17,turkey2,0.62,0.88,9,2.12,1.75,1.61,1.14,2
Corum,8,5,2,1,19,11,8,17,turkey2,0.62,0.88,8,2.12,2.38,1.61,1.14,2
Sakaryaspor,8,5,2,1,16,9,7,17,turkey2,0.62,0.88,7,2.12,2.0,1.61,1.14,2
Bandirmaspor,8,5,2,1,12,7,5,17,turkey2,0.62,0.88,5,2.12,1.5,1.61,1.14,2
Umraniyespor,8,4,4,0,10,4,6,16,turkey2,0.5,1.0,6,2.0,1.25,2.0,1.0,3
Erokspor,8,4,3,1,15,9,6,15,turkey2,0.5,0.88,6,1.88,1.88,2.0,1.14,4
F. Karagumruk,8,4,3,1,7,4,3,15,turkey2,0.5,0.88,3,1.88,0.88,2.0,1.14,4
Amed SK,8,3,4,1,12,7,5,13,turkey2,0.38,0.88,5,1.62,1.5,2.63,1.14,5
Boluspor,8,3,4,1,6,4,2,13,turkey2,0.38,0.88,2,1.62,0.75,2.63,1.14,5
Keciorengucu,8,3,2,3,21,12,9,11,turkey2,0.38,0.62,9,1.38,2.62,2.63,1.61,6
Pendikspor,8,3,2,3,8,10,-2,11,turkey2,0.38,0.62,-2,1.38,1.0,2.63,1.61,6
Ankaragucu,8,3,1,4,11,12,-1,10,turkey2,0.38,0.5,-1,1.25,1.38,2.63,2.0,7
Erzurum BB,8,2,3,3,9,10,-1,9,turkey2,0.25,0.62,-1,1.12,1.12,4.0,1.61,8
Manisa BB,8,2,2,4,9,12,-3,8,turkey2,0.25,0.5,-3,1.0,1.12,4.0,2.0,9
Sanliurfaspor,8,2,1,5,6,11,-5,7,turkey2,0.25,0.38,-5,0.88,0.75,4.0,2.63,10
Adanaspor,8,2,1,5,7,18,-11,7,turkey2,0.25,0.38,-11,0.88,0.88,4.0,2.63,10
Y. Malatyaspor,8,0,0,8,2,40,-38,0,turkey2,0.0,0.0,-38,0.0,0.25,0.0,0.0,11
Sariyer,8,7,1,0,26,6,20,22,turkey3,0.88,1.0,20,2.75,3.25,1.14,1.0,1
B. Petrolspor,8,7,1,0,18,3,15,22,turkey3,0.88,1.0,15,2.75,2.25,1.14,1.0,1
Iskenderun,8,6,2,0,21,9,12,20,turkey3,0.75,1.0,12,2.5,2.62,1.33,1.0,2
Kastamonuspor,8,6,2,0,15,3,12,20,turkey3,0.75,1.0,12,2.5,1.88,1.33,1.0,2
Adana,8,5,2,1,15,7,8,17,turkey3,0.62,0.88,8,2.12,1.88,1.61,1.14,3
Trabzon FK,8,5,2,1,9,4,5,17,turkey3,0.62,0.88,5,2.12,1.12,1.61,1.14,3
Inegolspor,8,4,4,0,13,6,7,16,turkey3,0.5,1.0,7,2.0,1.62,2.0,1.0,4
B. Anadolu,8,5,1,2,12,11,1,16,turkey3,0.62,0.75,1,2.0,1.5,1.61,1.33,4
Fethiyespor,8,4,3,1,7,4,3,15,turkey3,0.5,0.88,3,1.88,0.88,2.0,1.14,5
Isparta Davrazs,8,4,1,3,15,11,4,13,turkey3,0.5,0.62,4,1.62,1.88,2.0,1.61,6
Altay,8,4,1,3,11,8,3,13,turkey3,0.5,0.62,3,1.62,1.38,2.0,1.61,6
Altinordu,8,3,4,1,12,10,2,13,turkey3,0.38,0.88,2,1.62,1.5,2.63,1.14,6
Ankaraspor,8,3,3,2,16,6,10,12,turkey3,0.38,0.75,10,1.5,2.0,2.63,1.33,7
24 Erzincanspor,8,3,2,3,13,13,0,11,turkey3,0.38,0.62,0,1.38,1.62,2.63,1.61,8
Kirklarelispor,8,3,1,4,11,9,2,10,turkey3,0.38,0.5,2,1.25,1.38,2.63,2.0,9
Karakopru,8,2,2,4,8,10,-2,8,turkey3,0.25,0.5,-2,1.0,1.0,4.0,2.0,10
Kepez Belediyes,8,2,1,5,7,12,-5,7,turkey3,0.25,0.38,-5,0.88,0.88,4.0,2.63,11
Afyonspor,8,0,0,8,0,27,-27,0,turkey3,0.0,0.0,-27,0.0,0.0,0.0,0.0,12
Elazigspor,8,8,0,0,20,4,16,24,turkey4,1.0,1.0,16,3.0,2.5,1.0,1.0,1
Menemen B.,8,7,1,0,20,8,12,22,turkey4,0.88,1.0,12,2.75,2.5,1.14,1.0,2
Karacabey,8,7,0,1,15,8,7,21,turkey4,0.88,0.88,7,2.62,1.88,1.14,1.14,3
Serik Belediyes,8,5,3,0,26,8,18,18,turkey4,0.62,1.0,18,2.25,3.25,1.61,1.0,4
Van Spor,8,5,3,0,15,5,10,18,turkey4,0.62,1.0,10,2.25,1.88,1.61,1.0,4
Erbaaspor,8,6,0,2,21,13,8,18,turkey4,0.75,0.75,8,2.25,2.62,1.33,1.33,4
Diyarbekirspor,8,5,2,1,10,4,6,17,turkey4,0.62,0.88,6,2.12,1.25,1.61,1.14,5
Beyoglu Yeni C.,8,5,1,2,15,9,6,16,turkey4,0.62,0.75,6,2.0,1.88,1.61,1.33,6
Aksaray B.,8,4,3,1,19,11,8,15,turkey4,0.5,0.88,8,1.88,2.38,2.0,1.14,7
A. Demirspor,8,4,3,1,12,7,5,15,turkey4,0.5,0.88,5,1.88,1.5,2.0,1.14,7
Bucaspor,8,4,1,3,11,13,-2,13,turkey4,0.5,0.62,-2,1.62,1.38,2.0,1.61,8
Karaman,8,2,5,1,9,7,2,11,turkey4,0.25,0.88,2,1.38,1.12,4.0,1.14,9
Arnavutkoy B.,8,3,2,3,14,15,-1,11,turkey4,0.38,0.62,-1,1.38,1.75,2.63,1.61,9
Yeni Mersin,8,3,2,3,7,10,-3,11,turkey4,0.38,0.62,-3,1.38,0.88,2.63,1.61,9
Derince,8,3,2,3,12,16,-4,11,turkey4,0.38,0.62,-4,1.38,1.5,2.63,1.61,9
Somaspor,8,3,1,4,9,10,-1,10,turkey4,0.38,0.5,-1,1.25,1.12,2.63,2.0,10
Nazillispor,8,1,1,6,8,28,-20,4,turkey4,0.12,0.25,-20,0.5,1.0,8.33,4.0,11
Giresunspor,8,0,1,7,5,20,-15,1,turkey4,0.0,0.12,-15,0.12,0.62,0.0,8.33,12
Anadolu U.,8,6,2,0,14,3,11,20,turkey5,0.75,1.0,11,2.5,1.75,1.33,1.0,1
Kutahyaspor,8,6,1,1,16,8,8,19,turkey5,0.75,0.88,8,2.38,2.0,1.33,1.14,2
Duzcespor,8,6,1,1,12,8,4,19,turkey5,0.75,0.88,4,2.38,1.5,1.33,1.14,2
Bursaspor,8,5,3,0,18,4,14,18,turkey5,0.62,1.0,14,2.25,2.25,1.61,1.0,3
Karsiyaka,8,6,0,2,18,7,11,18,turkey5,0.75,0.75,11,2.25,2.25,1.33,1.33,3
Musspor,8,5,3,0,18,8,10,18,turkey5,0.62,1.0,10,2.25,2.25,1.61,1.0,3
Artvin Hopaspor,8,4,3,1,14,6,8,15,turkey5,0.5,0.88,8,1.88,1.75,2.0,1.14,4
K. Bulvarspor,8,4,2,2,9,7,2,14,turkey5,0.5,0.75,2,1.75,1.12,2.0,1.33,5
Ergene Velimese,8,4,2,2,11,11,0,14,turkey5,0.5,0.75,0,1.75,1.38,2.0,1.33,5
Tokat,8,4,1,3,14,8,6,13,turkey5,0.5,0.62,6,1.62,1.75,2.0,1.61,6
Silifke,8,4,1,3,14,12,2,13,turkey5,0.5,0.62,2,1.62,1.75,2.0,1.61,6
Kirsehir B.,8,3,2,3,7,13,-6,11,turkey5,0.38,0.62,-6,1.38,0.88,2.63,1.61,7
Kusadasispor,8,3,1,4,5,10,-5,10,turkey5,0.38,0.5,-5,1.25,0.62,2.63,2.0,8
Elaziz K.,8,1,4,3,6,9,-3,7,turkey5,0.12,0.62,-3,0.88,0.75,8.33,1.61,9
Viven Bornova,8,1,2,5,8,18,-10,5,turkey5,0.12,0.38,-10,0.62,1.0,8.33,2.63,10
Kahramanmar.,8,1,1,6,6,12,-6,4,turkey5,0.12,0.25,-6,0.5,0.75,8.33,4.0,11
Beykoz Ishaklis,8,6,1,1,18,4,14,19,turkey6,0.75,0.88,14,2.38,2.25,1.33,1.14,1
Muglaspor,8,6,1,1,9,4,5,19,turkey6,0.75,0.88,5,2.38,1.12,1.33,1.14,1
Amasyaspor,8,6,0,2,15,7,8,18,turkey6,0.75,0.75,8,2.25,1.88,1.33,1.33,2
Usakspor,8,4,4,0,16,5,11,16,turkey6,0.5,1.0,11,2.0,2.0,2.0,1.0,3
Mazidagi,8,4,3,1,18,5,13,15,turkey6,0.5,0.88,13,1.88,2.25,2.0,1.14,4
Tire 2021 FK,8,4,2,2,18,8,10,14,turkey6,0.5,0.75,10,1.75,2.25,2.0,1.33,5
Balikesirspor,8,4,2,2,15,6,9,14,turkey6,0.5,0.75,9,1.75,1.88,2.0,1.33,5
Turk Metal 1963,8,4,2,2,17,11,6,14,turkey6,0.5,0.75,6,1.75,2.12,2.0,1.33,5
Inegol Kafkas,8,4,1,3,11,7,4,13,turkey6,0.5,0.62,4,1.62,1.38,2.0,1.61,6
Cayelispor,8,3,3,2,9,7,2,12,turkey6,0.38,0.75,2,1.5,1.12,2.63,1.33,7
Silivrispor,8,3,2,3,8,10,-2,11,turkey6,0.38,0.62,-2,1.38,1.0,2.63,1.61,8
Etimesgut,8,2,3,3,9,9,0,9,turkey6,0.25,0.62,0,1.12,1.12,4.0,1.61,9
Fatsa B.,8,2,2,4,5,11,-6,8,turkey6,0.25,0.5,-6,1.0,0.62,4.0,2.0,10
Kelkit,8,1,4,3,8,11,-3,7,turkey6,0.12,0.62,-3,0.88,1.0,8.33,1.61,11
Nevsehirspor,8,1,3,4,7,17,-10,6,turkey6,0.12,0.5,-10,0.75,0.88,8.33,2.0,12
Adiyaman,8,0,0,8,2,20,-18,0,turkey6,0.0,0.0,-18,0.0,0.25,0.0,0.0,13
Aliaga FAS,8,8,0,0,23,3,20,24,turkey7,1.0,1.0,20,3.0,2.88,1.0,1.0,1
Corluspor,8,7,1,0,22,9,13,22,turkey7,0.88,1.0,13,2.75,2.75,1.14,1.0,2
Ayvalikgucu,8,6,2,0,17,9,8,20,turkey7,0.75,1.0,8,2.5,2.12,1.33,1.0,3
Yozgat Bld Bozo,8,5,2,1,19,10,9,17,turkey7,0.62,0.88,9,2.12,2.38,1.61,1.14,4
Orduspor,8,5,1,2,18,8,10,16,turkey7,0.62,0.75,10,2.0,2.25,1.61,1.33,5
Kucukcekmece,8,4,4,0,15,6,9,16,turkey7,0.5,1.0,9,2.0,1.88,2.0,1.0,5
1923 M.,8,3,3,2,12,12,0,12,turkey7,0.38,0.75,0,1.5,1.5,2.63,1.33,6
Osmaniyespor,8,3,3,2,16,18,-2,12,turkey7,0.38,0.75,-2,1.5,2.0,2.63,1.33,6
Cankaya FK,8,3,3,2,12,14,-2,12,turkey7,0.38,0.75,-2,1.5,1.5,2.63,1.33,6
Efeler 09,8,3,2,3,8,7,1,11,turkey7,0.38,0.62,1,1.38,1.0,2.63,1.61,7
Pazarspor,8,3,2,3,8,7,1,11,turkey7,0.38,0.62,1,1.38,1.0,2.63,1.61,7
Alanya 1221,8,3,1,4,12,9,3,10,turkey7,0.38,0.5,3,1.25,1.5,2.63,2.0,8
Viransehir,8,3,1,4,9,10,-1,10,turkey7,0.38,0.5,-1,1.25,1.12,2.63,2.0,8
Bayburt,8,3,1,4,5,8,-3,10,turkey7,0.38,0.5,-3,1.25,0.62,2.63,2.0,8
K. Idmanyurdu,8,2,3,3,7,7,0,9,turkey7,0.25,0.62,0,1.12,0.88,4.0,1.61,9
1922 Konyaspor,8,1,3,4,3,8,-5,6,turkey7,0.12,0.5,-5,0.75,0.38,8.33,2.0,10
Mardin BB,8,7,1,0,26,6,20,22,turkey8,0.88,1.0,20,2.75,3.25,1.14,1.0,1
K. Istiklalspor,8,7,1,0,24,8,16,22,turkey8,0.88,1.0,16,2.75,3.0,1.14,1.0,1
Sebat G.,8,7,0,1,23,6,17,21,turkey8,0.88,0.88,17,2.62,2.88,1.14,1.14,2
Kirikkale B.,8,5,3,0,13,5,8,18,turkey8,0.62,1.0,8,2.25,1.62,1.61,1.0,3
Agri 1970,8,5,3,0,11,5,6,18,turkey8,0.62,1.0,6,2.25,1.38,1.61,1.0,3
Z. Komurspor,8,5,2,1,15,9,6,17,turkey8,0.62,0.88,6,2.12,1.88,1.61,1.14,4
Denizlispor,8,3,4,1,11,7,4,13,turkey8,0.38,0.88,4,1.62,1.38,2.63,1.14,5
Orduspor 1967,8,3,3,2,14,8,6,12,turkey8,0.38,0.75,6,1.5,1.75,2.63,1.33,6
Polatli B.,8,3,3,2,11,7,4,12,turkey8,0.38,0.75,4,1.5,1.38,2.63,1.33,6
Nigde Belediyes,8,3,3,2,11,9,2,12,turkey8,0.38,0.75,2,1.5,1.38,2.63,1.33,6
Nilufer B.,8,3,1,4,12,9,3,10,turkey8,0.38,0.5,3,1.25,1.5,2.63,2.0,7
Erciyes,8,3,1,4,7,11,-4,10,turkey8,0.38,0.5,-4,1.25,0.88,2.63,2.0,7
Turgutluspor,8,2,1,5,12,18,-6,7,turkey8,0.25,0.38,-6,0.88,1.5,4.0,2.63,8
Edirnespor,8,1,3,4,11,20,-9,6,turkey8,0.12,0.5,-9,0.75,1.38,8.33,2.0,9
Coruhlu,8,1,2,5,10,15,-5,5,turkey8,0.12,0.38,-5,0.62,1.25,8.33,2.63,10
Tepecik,8,1,2,5,5,12,-7,5,turkey8,0.12,0.38,-7,0.62,0.62,8.33,2.63,10
Shabab Al Ahli,8,7,1,0,18,2,16,22,UAE - Pro League,0.88,1.0,16,2.75,2.25,1.14,1.0,1
Al Ain,8,5,2,1,17,5,12,17,UAE - Pro League,0.62,0.88,12,2.12,2.12,1.61,1.14,2
Al Sharjah,8,5,1,2,12,3,9,16,UAE - Pro League,0.62,0.75,9,2.0,1.5,1.61,1.33,3
Al Wasl,8,4,3,1,17,7,10,15,UAE - Pro League,0.5,0.88,10,1.88,2.12,2.0,1.14,4
Al Wahda,8,4,3,1,18,11,7,15,UAE - Pro League,0.5,0.88,7,1.88,2.25,2.0,1.14,4
Khorfakkan,8,4,3,1,15,9,6,15,UAE - Pro League,0.5,0.88,6,1.88,1.88,2.0,1.14,4
Al Nasr,8,5,0,3,15,12,3,15,UAE - Pro League,0.62,0.62,3,1.88,1.88,1.61,1.61,4
Ajman,8,4,2,2,15,12,3,14,UAE - Pro League,0.5,0.75,3,1.75,1.88,2.0,1.33,5
Ittihad Kalba,8,2,2,4,10,12,-2,8,UAE - Pro League,0.25,0.5,-2,1.0,1.25,4.0,2.0,6
Al Jazira,8,2,2,4,8,12,-4,8,UAE - Pro League,0.25,0.5,-4,1.0,1.0,4.0,2.0,6
Al Urooba,8,2,1,5,11,16,-5,7,UAE - Pro League,0.25,0.38,-5,0.88,1.38,4.0,2.63,7
Dibba Al Hisn,8,2,1,5,8,13,-5,7,UAE - Pro League,0.25,0.38,-5,0.88,1.0,4.0,2.63,7
Al Bataeh,8,1,3,4,7,15,-8,6,UAE - Pro League,0.12,0.5,-8,0.75,0.88,8.33,2.0,8
Bani Yas,8,1,3,4,6,16,-10,6,UAE - Pro League,0.12,0.5,-10,0.75,0.75,8.33,2.0,8
Karpaty Lviv,8,7,1,0,18,1,17,22,Ukraine - Premier League,0.88,1.0,17,2.75,2.25,1.14,1.0,1
Dynamo Kyiv,8,7,1,0,18,4,14,22,Ukraine - Premier League,0.88,1.0,14,2.75,2.25,1.14,1.0,1
Oleksandria,8,6,2,0,15,2,13,20,Ukraine - Premier League,0.75,1.0,13,2.5,1.88,1.33,1.0,2
Veres,8,5,3,0,17,8,9,18,Ukraine - Premier League,0.62,1.0,9,2.25,2.12,1.61,1.0,3
Shakhtar,8,4,3,1,16,9,7,15,Ukraine - Premier League,0.5,0.88,7,1.88,2.0,2.0,1.14,4
Zorya Luhansk,8,5,0,3,12,11,1,15,Ukraine - Premier League,0.62,0.62,1,1.88,1.5,1.61,1.61,4
Kryvbas KR,8,4,1,3,13,10,3,13,Ukraine - Premier League,0.5,0.62,3,1.62,1.62,2.0,1.61,5
Polessya,8,3,4,1,9,6,3,13,Ukraine - Premier League,0.38,0.88,3,1.62,1.12,2.63,1.14,5
Livyi Bereh,8,2,3,3,9,9,0,9,Ukraine - Premier League,0.25,0.62,0,1.12,1.12,4.0,1.61,6
Obolon,8,2,3,3,5,10,-5,9,Ukraine - Premier League,0.25,0.62,-5,1.12,0.62,4.0,1.61,6
Inhulets,8,2,2,4,3,5,-2,8,Ukraine - Premier League,0.25,0.5,-2,1.0,0.38,4.0,2.0,7
LNZ Cherkasy,8,2,1,5,7,10,-3,7,Ukraine - Premier League,0.25,0.38,-3,0.88,0.88,4.0,2.63,8
Chornomorets,8,2,1,5,5,11,-6,7,Ukraine - Premier League,0.25,0.38,-6,0.88,0.62,4.0,2.63,8
Rukh Lviv,8,1,3,4,4,9,-5,6,Ukraine - Premier League,0.12,0.5,-5,0.75,0.5,8.33,2.0,9
Vorskla Poltava,8,1,2,5,6,10,-4,5,Ukraine - Premier League,0.12,0.38,-4,0.62,0.75,8.33,2.63,10
Kolos Kovalivka,8,0,4,4,4,8,-4,4,Ukraine - Premier League,0.0,0.5,-4,0.5,0.5,0.0,2.0,11
Dnipro-1,0,0,0,0,0,0,0,0,Ukraine - Premier League,0.0,0.0,0,0.0,0.0,0.0,0.0,12
Liverpool M.,6,4,2,0,11,5,6,14,uruguay,0.67,1.0,6,2.33,1.83,1.49,1.0,1
Defensor S.,8,4,1,3,10,6,4,13,uruguay,0.5,0.62,4,1.62,1.25,2.0,1.61,2
Juventud,6,4,1,1,10,6,4,13,uruguay,0.67,0.83,4,2.17,1.67,1.49,1.2,2
Cerro Largo,7,3,3,1,10,9,1,12,uruguay,0.43,0.86,1,1.71,1.43,2.33,1.16,3
Boston River,7,3,1,3,7,7,0,10,uruguay,0.43,0.57,0,1.43,1.0,2.33,1.75,4
Nacional,6,2,3,1,11,8,3,9,uruguay,0.33,0.83,3,1.5,1.83,3.03,1.2,5
Cerro,7,2,3,2,7,7,0,9,uruguay,0.29,0.71,0,1.29,1.0,3.45,1.41,5
Wanderers,8,1,5,2,7,6,1,8,uruguay,0.12,0.75,1,1.0,0.88,8.33,1.33,6
Racing CM,6,2,2,2,6,5,1,8,uruguay,0.33,0.67,1,1.33,1.0,3.03,1.49,6
Montevideo City,6,2,2,2,7,8,-1,8,uruguay,0.33,0.67,-1,1.33,1.17,3.03,1.49,6
Plaza Colonia,6,2,1,3,4,4,0,7,uruguay,0.33,0.5,0,1.17,0.67,3.03,2.0,7
River Plate,6,2,1,3,4,6,-2,7,uruguay,0.33,0.5,-2,1.17,0.67,3.03,2.0,7
Danubio,7,0,5,2,6,8,-2,5,uruguay,0.0,0.71,-2,0.71,0.86,0.0,1.41,8
Miramar Misione,7,1,2,4,5,9,-4,5,uruguay,0.14,0.43,-4,0.71,0.71,7.14,2.33,8
Progreso,7,1,2,4,7,15,-8,5,uruguay,0.14,0.43,-8,0.71,1.0,7.14,2.33,8
Penarol,5,1,1,3,5,10,-5,4,uruguay,0.2,0.4,-5,0.8,1.0,5.0,2.5,9
Nacional,4,3,1,0,8,2,6,10,uruguay2,0.75,1.0,6,2.5,2.0,1.33,1.0,1
Wanderers,4,3,0,1,8,5,3,9,uruguay2,0.75,0.75,3,2.25,2.0,1.33,1.33,2
Penarol,4,2,2,0,5,2,3,8,uruguay2,0.5,1.0,3,2.0,1.25,2.0,1.0,3
Cerro,4,2,1,1,7,2,5,7,uruguay2,0.5,0.75,5,1.75,1.75,2.0,1.33,4
Fenix,4,2,1,1,6,4,2,7,uruguay2,0.5,0.75,2,1.75,1.5,2.0,1.33,4
Boston River,4,2,0,2,5,5,0,6,uruguay2,0.5,0.5,0,1.5,1.25,2.0,2.0,5
Progreso,4,2,0,2,4,5,-1,6,uruguay2,0.5,0.5,-1,1.5,1.0,2.0,2.0,5
Danubio,3,2,0,1,4,6,-2,6,uruguay2,0.67,0.67,-2,2.0,1.33,1.49,1.49,5
Rampla Juniors,3,1,1,1,5,5,0,4,uruguay2,0.33,0.67,0,1.33,1.67,3.03,1.49,6
Miramar Misione,3,1,1,1,3,3,0,4,uruguay2,0.33,0.67,0,1.33,1.0,3.03,1.49,6
Cerro Largo,4,1,1,2,3,7,-4,4,uruguay2,0.25,0.5,-4,1.0,0.75,4.0,2.0,6
Racing CM,3,1,0,2,2,3,-1,3,uruguay2,0.33,0.33,-1,1.0,0.67,3.03,3.03,7
Liverpool M.,3,1,0,2,1,2,-1,3,uruguay2,0.33,0.33,-1,1.0,0.33,3.03,3.03,7
Defensor S.,3,0,2,1,2,3,-1,2,uruguay2,0.0,0.67,-1,0.67,0.67,0.0,1.49,8
River Plate,3,0,2,1,4,6,-2,2,uruguay2,0.0,0.67,-2,0.67,1.33,0.0,1.49,8
D. Maldonado,3,0,1,2,2,6,-4,1,uruguay2,0.0,0.33,-4,0.33,0.67,0.0,3.03,9
Charlotte,6,5,0,1,13,3,10,15,USA - MLS,0.83,0.83,10,2.5,2.17,1.2,1.2,1
Nashville SC,6,4,1,1,15,5,10,13,USA - MLS,0.67,0.83,10,2.17,2.5,1.49,1.2,2
Philadelphia,6,4,1,1,12,4,8,13,USA - MLS,0.67,0.83,8,2.17,2.0,1.49,1.2,2
Cincinnati,5,4,1,0,8,3,5,13,USA - MLS,0.8,1.0,5,2.6,1.6,1.25,1.0,2
New York RB,6,4,1,1,10,6,4,13,USA - MLS,0.67,0.83,4,2.17,1.67,1.49,1.2,2
Vancouver,5,4,0,1,12,5,7,12,USA - MLS,0.8,0.8,7,2.4,2.4,1.25,1.25,3
Columbus Crew,6,3,2,1,8,5,3,11,USA - MLS,0.5,0.83,3,1.83,1.33,2.0,1.2,4
Orlando City,5,3,1,1,13,7,6,10,USA - MLS,0.6,0.8,6,2.0,2.6,1.67,1.25,5
Los Angeles FC,5,3,1,1,6,4,2,10,USA - MLS,0.6,0.8,2,2.0,1.2,1.67,1.25,5
Austin,5,3,1,1,4,2,2,10,USA - MLS,0.6,0.8,2,2.0,0.8,1.67,1.25,5
New York City,4,3,0,1,6,4,2,9,USA - MLS,0.75,0.75,2,2.25,1.5,1.33,1.33,6
Seattle,4,2,2,0,10,4,6,8,USA - MLS,0.5,1.0,6,2.0,2.5,2.0,1.0,7
San Diego,5,2,2,1,8,6,2,8,USA - MLS,0.4,0.8,2,1.6,1.6,2.5,1.25,7
Inter Miami,5,2,2,1,9,8,1,8,USA - MLS,0.4,0.8,1,1.6,1.8,2.5,1.25,7
Minnesota Utd,5,2,2,1,6,5,1,8,USA - MLS,0.4,0.8,1,1.6,1.2,2.5,1.25,7
Atlanta Utd,6,2,2,2,9,9,0,8,USA - MLS,0.33,0.67,0,1.33,1.5,3.03,1.49,7
Colorado Rapids,5,2,2,1,9,9,0,8,USA - MLS,0.4,0.8,0,1.6,1.8,2.5,1.25,7
Portland,5,2,2,1,9,9,0,8,USA - MLS,0.4,0.8,0,1.6,1.8,2.5,1.25,7
SJ Earthquakes,6,2,1,3,15,10,5,7,USA - MLS,0.33,0.5,5,1.17,2.5,3.03,2.0,8
Houston Dynamo,6,2,1,3,8,10,-2,7,USA - MLS,0.33,0.5,-2,1.17,1.33,3.03,2.0,8
Real Salt Lake,5,2,0,3,5,5,0,6,USA - MLS,0.4,0.4,0,1.2,1.0,2.5,2.5,9
New England,4,2,0,2,4,4,0,6,USA - MLS,0.5,0.5,0,1.5,1.0,2.0,2.0,9
DC United,5,1,2,2,5,6,-1,5,USA - MLS,0.2,0.6,-1,1.0,1.0,5.0,1.67,10
St. Louis City,5,1,2,2,2,3,-1,5,USA - MLS,0.2,0.6,-1,1.0,0.4,5.0,1.67,10
Sporting KC,5,1,1,3,8,11,-3,4,USA - MLS,0.2,0.4,-3,0.8,1.6,5.0,2.5,11
Chicago Fire,4,0,3,1,5,6,-1,3,USA - MLS,0.0,0.75,-1,0.75,1.25,0.0,1.33,12
Dallas,4,1,0,3,3,6,-3,3,USA - MLS,0.25,0.25,-3,0.75,0.75,4.0,4.0,12
Toronto,4,0,2,2,1,3,-2,2,USA - MLS,0.0,0.5,-2,0.5,0.25,0.0,2.0,13
CF Montreal,2,0,1,1,0,1,-1,1,USA - MLS,0.0,0.5,-1,0.5,0.0,0.0,2.0,14
Louisville City,3,3,0,0,6,0,6,9,USL Championship,1.0,1.0,6,3.0,2.0,1.0,1.0,1
Loudoun Utd,3,3,0,0,6,1,5,9,USL Championship,1.0,1.0,5,3.0,2.0,1.0,1.0,1
Monterey Bay,3,3,0,0,8,4,4,9,USL Championship,1.0,1.0,4,3.0,2.67,1.0,1.0,1
Charleston,4,3,0,1,7,4,3,9,USL Championship,0.75,0.75,3,2.25,1.75,1.33,1.33,1
New Mexico,3,3,0,0,3,0,3,9,USL Championship,1.0,1.0,3,3.0,1.0,1.0,1.0,1
San Antonio,5,3,0,2,8,6,2,9,USL Championship,0.6,0.6,2,1.8,1.6,1.67,1.67,1
Orange County,4,2,1,1,8,8,0,7,USL Championship,0.5,0.75,0,1.75,2.0,2.0,1.33,2
Pittsburgh,2,2,0,0,3,0,3,6,USL Championship,1.0,1.0,3,3.0,1.5,1.0,1.0,3
Lexington,5,1,3,1,5,4,1,6,USL Championship,0.2,0.8,1,1.2,1.0,5.0,1.25,3
FC Tulsa,4,2,0,2,3,3,0,6,USL Championship,0.5,0.5,0,1.5,0.75,2.0,2.0,3
Las Vegas L.,4,2,0,2,5,7,-2,6,USL Championship,0.5,0.5,-2,1.5,1.25,2.0,2.0,3
Detroit City,3,1,2,0,4,2,2,5,USL Championship,0.33,1.0,2,1.67,1.33,3.03,1.0,4
El Paso,3,1,2,0,8,7,1,5,USL Championship,0.33,1.0,1,1.67,2.67,3.03,1.0,4
Sacramento R.,3,1,2,0,5,4,1,5,USL Championship,0.33,1.0,1,1.67,1.67,3.03,1.0,4
Birmingham L.,3,1,1,1,5,5,0,4,USL Championship,0.33,0.67,0,1.33,1.67,3.03,1.49,5
North Carolina,3,1,1,1,4,4,0,4,USL Championship,0.33,0.67,0,1.33,1.33,3.03,1.49,5
Oakland Roots,4,1,1,2,3,5,-2,4,USL Championship,0.25,0.5,-2,1.0,0.75,4.0,2.0,5
Hartford A.,2,1,0,1,2,2,0,3,USL Championship,0.5,0.5,0,1.5,1.0,2.0,2.0,6
Miami FC,5,1,0,4,4,9,-5,3,USL Championship,0.2,0.2,-5,0.6,0.8,5.0,5.0,6
Phoenix Rising,4,0,2,2,6,8,-2,2,USL Championship,0.0,0.5,-2,0.5,1.5,0.0,2.0,7
Colorado S.,2,0,1,1,2,3,-1,1,USL Championship,0.0,0.5,-1,0.5,1.0,0.0,2.0,8
Indy Eleven,3,0,1,2,5,8,-3,1,USL Championship,0.0,0.33,-3,0.33,1.67,0.0,3.03,8
Rhode Island,0,0,0,0,0,0,0,0,USL Championship,0.0,0.0,0,0.0,0.0,0.0,0.0,9
Tampa Bay,2,0,0,2,2,4,-2,0,USL Championship,0.0,0.0,-2,0.0,1.0,0.0,0.0,9
Richmond K.,5,2,2,1,12,10,2,8,USA - USL League One,0.4,0.8,2,1.6,2.4,2.5,1.25,1
Charlotte I.,4,2,2,0,5,3,2,8,USA - USL League One,0.5,1.0,2,2.0,1.25,2.0,1.0,1
Naples,5,2,2,1,5,3,2,8,USA - USL League One,0.4,0.8,2,1.6,1.0,2.5,1.25,1
Greenville,5,2,1,2,5,6,-1,7,USA - USL League One,0.4,0.6,-1,1.4,1.0,2.5,1.67,2
Alta,3,2,0,1,6,4,2,6,USA - USL League One,0.67,0.67,2,2.0,2.0,1.49,1.49,3
Tormenta,4,2,0,2,7,8,-1,6,USA - USL League One,0.5,0.5,-1,1.5,1.75,2.0,2.0,3
Spokane V.,4,1,2,1,6,4,2,5,USA - USL League One,0.25,0.75,2,1.25,1.5,4.0,1.33,4
Chattanooga RW,2,1,1,0,3,2,1,4,USA - USL League One,0.5,1.0,1,2.0,1.5,2.0,1.0,5
Forward Madison,1,0,1,0,1,1,0,1,USA - USL League One,0.0,1.0,0,1.0,1.0,0.0,1.0,6
One Knoxville,0,0,0,0,0,0,0,0,USA - USL League One,0.0,0.0,0,0.0,0.0,0.0,0.0,7
Portland Hearts,0,0,0,0,0,0,0,0,USA - USL League One,0.0,0.0,0,0.0,0.0,0.0,0.0,7
Union Omaha,0,0,0,0,0,0,0,0,USA - USL League One,0.0,0.0,0,0.0,0.0,0.0,0.0,7
Westchester SC,0,0,0,0,0,0,0,0,USA - USL League One,0.0,0.0,0,0.0,0.0,0.0,0.0,7
Texoma,3,0,0,3,1,8,-7,0,USA - USL League One,0.0,0.0,-7,0.0,0.33,0.0,0.0,7
D. Tachira,7,4,3,0,10,3,7,15,venezuela,0.57,1.0,7,2.14,1.43,1.75,1.0,1
Rayo Zuliano,7,4,2,1,8,4,4,14,venezuela,0.57,0.86,4,2.0,1.14,1.75,1.16,2
Puerto Cabello,6,4,1,1,8,6,2,13,venezuela,0.67,0.83,2,2.17,1.33,1.49,1.2,3
A. Anzoategui,7,3,3,1,9,4,5,12,venezuela,0.43,0.86,5,1.71,1.29,2.33,1.16,4
D. La Guaira,6,3,3,0,9,4,5,12,venezuela,0.5,1.0,5,2.0,1.5,2.0,1.0,4
Carabobo,6,3,3,0,5,2,3,12,venezuela,0.5,1.0,3,2.0,0.83,2.0,1.0,4
Portuguesa,7,4,0,3,10,10,0,12,venezuela,0.57,0.57,0,1.71,1.43,1.75,1.75,4
Metropolitanos,6,3,2,1,11,6,5,11,venezuela,0.5,0.83,5,1.83,1.83,2.0,1.2,5
Monagas,7,3,1,3,11,14,-3,10,venezuela,0.43,0.57,-3,1.43,1.57,2.33,1.75,6
UCV,6,2,3,1,6,6,0,9,venezuela,0.33,0.83,0,1.5,1.0,3.03,1.2,7
E. Merida,7,3,0,4,10,11,-1,9,venezuela,0.43,0.43,-1,1.29,1.43,2.33,2.33,7
Caracas,6,2,2,2,3,5,-2,8,venezuela,0.33,0.67,-2,1.33,0.5,3.03,1.49,8
Zamora,6,2,0,4,6,7,-1,6,venezuela,0.33,0.33,-1,1.0,1.0,3.03,3.03,9
Yaracuyanos,7,1,3,3,8,12,-4,6,venezuela,0.14,0.57,-4,0.86,1.14,7.14,1.75,9
Nasaf Qarshi,4,3,1,0,6,0,6,10,uzbekistan,0.75,1.0,6,2.5,1.5,1.33,1.0,1
AGMK,4,3,1,0,7,3,4,10,uzbekistan,0.75,1.0,4,2.5,1.75,1.33,1.0,1
Navbahor,4,2,2,0,7,2,5,8,uzbekistan,0.5,1.0,5,2.0,1.75,2.0,1.0,2
Bunyodkor,5,2,2,1,7,5,2,8,uzbekistan,0.4,0.8,2,1.6,1.4,2.5,1.25,2
Kokand-1912,4,2,2,0,3,1,2,8,uzbekistan,0.5,1.0,2,2.0,0.75,2.0,1.0,2
Pakhtakor,4,2,0,2,8,4,4,6,uzbekistan,0.5,0.5,4,1.5,2.0,2.0,2.0,3
Sogdiana,3,2,0,1,5,3,2,6,uzbekistan,0.67,0.67,2,2.0,1.67,1.49,1.49,3
Qizilqum,3,2,0,1,4,3,1,6,uzbekistan,0.67,0.67,1,2.0,1.33,1.49,1.49,3
Termez Surkhon,3,2,0,1,4,3,1,6,uzbekistan,0.67,0.67,1,2.0,1.33,1.49,1.49,3
Xorazm,5,1,2,2,4,6,-2,5,uzbekistan,0.2,0.6,-2,1.0,0.8,5.0,1.67,4
D. Samarqand,2,1,1,0,2,1,1,4,uzbekistan,0.5,1.0,1,2.0,1.0,2.0,1.0,5
Andijan,3,1,1,1,3,3,0,4,uzbekistan,0.33,0.67,0,1.33,1.0,3.03,1.49,5
Mashal,3,1,1,1,2,4,-2,4,uzbekistan,0.33,0.67,-2,1.33,0.67,3.03,1.49,5
Neftchi,3,1,1,1,3,6,-3,4,uzbekistan,0.33,0.67,-3,1.33,1.0,3.03,1.49,5
Buxoro,3,1,0,2,3,5,-2,3,uzbekistan,0.33,0.33,-2,1.0,1.0,3.03,3.03,6
Shurtan,3,0,0,3,1,7,-6,0,uzbekistan,0.0,0.0,-6,0.0,0.33,0.0,0.0,7
Ha Noi,8,5,2,1,15,8,7,17,Vietnam - V League,0.62,0.88,7,2.12,1.88,1.61,1.14,1
Cong An Nhan,8,4,4,0,17,8,9,16,Vietnam - V League,0.5,1.0,9,2.0,2.12,2.0,1.0,2
Nam Dinh,8,5,1,2,16,8,8,16,Vietnam - V League,0.62,0.75,8,2.0,2.0,1.61,1.33,2
Hai Phong,8,5,1,2,9,3,6,16,Vietnam - V League,0.62,0.75,6,2.0,1.12,1.61,1.33,2
Viettel,8,4,2,2,15,9,6,14,Vietnam - V League,0.5,0.75,6,1.75,1.88,2.0,1.33,3
Thanh Hoa,8,2,6,0,11,8,3,12,Vietnam - V League,0.25,1.0,3,1.5,1.38,4.0,1.0,4
Gia Lai,8,3,3,2,10,8,2,12,Vietnam - V League,0.38,0.75,2,1.5,1.25,2.63,1.33,4
Ho Chi Minh,8,3,3,2,7,8,-1,12,Vietnam - V League,0.38,0.75,-1,1.5,0.88,2.63,1.33,4
Song Lam Nghe,8,3,3,2,5,8,-3,12,Vietnam - V League,0.38,0.75,-3,1.5,0.62,2.63,1.33,4
Binh Duong,8,3,2,3,13,15,-2,11,Vietnam - V League,0.38,0.62,-2,1.38,1.62,2.63,1.61,5
Hong Linh Ha T.,8,1,7,0,6,5,1,10,Vietnam - V League,0.12,1.0,1,1.25,0.75,8.33,1.0,6
Quang Nam,8,2,3,3,9,9,0,9,Vietnam - V League,0.25,0.62,0,1.12,1.12,4.0,1.61,7
Da Nang,8,1,5,2,5,7,-2,8,Vietnam - V League,0.12,0.75,-2,1.0,0.62,8.33,1.33,8
Binh Dinh,8,2,2,4,6,10,-4,8,Vietnam - V League,0.25,0.5,-4,1.0,0.75,4.0,2.0,8
Phu Dong,7,7,0,0,15,1,14,21,vietnam2,1.0,1.0,14,3.0,2.14,1.0,1.0,1
PVF-CAND,8,6,0,2,13,7,6,18,vietnam2,0.75,0.75,6,2.25,1.62,1.33,1.33,2
Binh Phuoc,8,5,2,1,14,7,7,17,vietnam2,0.62,0.88,7,2.12,1.75,1.61,1.14,3
Dong Thap,7,3,2,2,6,2,4,11,vietnam2,0.43,0.71,4,1.57,0.86,2.33,1.41,4
Ba Ria Vung Tau,7,3,2,2,9,8,1,11,vietnam2,0.43,0.71,1,1.57,1.29,2.33,1.41,4
Hoa Binh,8,1,6,1,5,6,-1,9,vietnam2,0.12,0.88,-1,1.12,0.62,8.33,1.14,5
Ho Chi Minh B,7,1,4,2,5,7,-2,7,vietnam2,0.14,0.71,-2,1.0,0.71,7.14,1.41,6
S. Khanh Hoa,7,2,1,4,4,7,-3,7,vietnam2,0.29,0.43,-3,1.0,0.57,3.45,2.33,6
Dong Nai,7,1,3,3,5,5,0,6,vietnam2,0.14,0.57,0,0.86,0.71,7.14,1.75,7
Long An,7,1,3,3,4,7,-3,6,vietnam2,0.14,0.57,-3,0.86,0.57,7.14,1.75,7
Hue,8,0,2,6,5,14,-9,2,vietnam2,0.0,0.25,-9,0.25,0.62,0.0,4.0,8
The New Saints,8,8,0,0,25,7,18,24,wales,1.0,1.0,18,3.0,3.12,1.0,1.0,1
Flint,8,8,0,0,21,5,16,24,wales,1.0,1.0,16,3.0,2.62,1.0,1.0,1
Penybont,8,5,3,0,11,5,6,18,wales,0.62,1.0,6,2.25,1.38,1.61,1.0,2
Caernarfon,8,5,1,2,19,12,7,16,wales,0.62,0.75,7,2.0,2.38,1.61,1.33,3
Barry,8,5,1,2,16,9,7,16,wales,0.62,0.75,7,2.0,2.0,1.61,1.33,3
Haverfordwest,8,4,2,2,13,9,4,14,wales,0.5,0.75,4,1.75,1.62,2.0,1.33,4
Connahs Quay,8,4,1,3,16,8,8,13,wales,0.5,0.62,8,1.62,2.0,2.0,1.61,5
Cardiff MU,8,4,1,3,12,16,-4,13,wales,0.5,0.62,-4,1.62,1.5,2.0,1.61,5
Briton Ferry,8,3,2,3,13,12,1,11,wales,0.38,0.62,1,1.38,1.62,2.63,1.61,6
Bala Town,8,3,2,3,8,10,-2,11,wales,0.38,0.62,-2,1.38,1.0,2.63,1.61,6
Aberystwyth,8,1,2,5,7,14,-7,5,wales,0.12,0.38,-7,0.62,0.88,8.33,2.63,7
Newtown,8,0,3,5,10,18,-8,3,wales,0.0,0.38,-8,0.38,1.25,0.0,2.63,8
