Equipe_Fora,GP,W,D,L,GF,GA,GD,Pts_Away,Liga,PIA,PIA_HA,GD_Away,GF_AVG_Away,Odd_Justa_MO,Odd_Justa_HA,Rank_Away
Egnatia R.,8,3,2,3,12,8,4,11,Albania - Abissnet Superiore,0.38,0.62,4,1.5,2.63,1.61,1
Dinamo Tirana,8,2,4,2,11,10,1,10,Albania - Abissnet Superiore,0.25,0.75,1,1.38,4.0,1.33,2
Skenderbeu K.,8,2,3,3,7,6,1,9,Albania - Abissnet Superiore,0.25,0.62,1,0.88,4.0,1.61,3
AF Elbasani,8,1,5,2,9,11,-2,8,Albania - Abissnet Superiore,0.12,0.75,-2,1.12,8.33,1.33,4
Bylis,8,2,2,4,11,15,-4,8,Albania - Abissnet Superiore,0.25,0.5,-4,1.38,4.0,2.0,4
Partizani T.,8,2,2,4,5,9,-4,8,Albania - Abissnet Superiore,0.25,0.5,-4,0.62,4.0,2.0,4
Laci,8,2,1,5,7,12,-5,7,Albania - Abissnet Superiore,0.25,0.38,-5,0.88,4.0,2.63,5
KF Tirana,8,1,3,4,9,11,-2,6,Albania - Abissnet Superiore,0.12,0.5,-2,1.12,8.33,2.0,6
Teuta Durres,8,0,2,6,4,14,-10,2,Albania - Abissnet Superiore,0.0,0.25,-10,0.5,0.0,4.0,7
MC Alger,8,6,2,0,13,3,10,20,Algeria - Ligue 1,0.75,1.0,10,1.62,1.33,1.0,1
CR Belouizdad,8,4,2,2,9,5,4,14,Algeria - Ligue 1,0.5,0.75,4,1.12,2.0,1.33,2
Paradou AC,8,3,3,2,10,9,1,12,Algeria - Ligue 1,0.38,0.75,1,1.25,2.63,1.33,3
El Bayadh,8,3,1,4,5,9,-4,10,Algeria - Ligue 1,0.38,0.5,-4,0.62,2.63,2.0,4
JS Kabylie,8,1,5,2,8,9,-1,8,Algeria - Ligue 1,0.12,0.75,-1,1.0,8.33,1.33,5
USM Alger,8,1,5,2,3,4,-1,8,Algeria - Ligue 1,0.12,0.75,-1,0.38,8.33,1.33,5
ES Setif,8,2,2,4,5,7,-2,8,Algeria - Ligue 1,0.25,0.5,-2,0.62,4.0,2.0,5
ASO Chlef,8,1,4,3,7,10,-3,7,Algeria - Ligue 1,0.12,0.62,-3,0.88,8.33,1.61,6
O. Akbou,8,1,3,4,4,7,-3,6,Algeria - Ligue 1,0.12,0.5,-3,0.5,8.33,2.0,7
CS Constantine,8,1,2,5,4,9,-5,5,Algeria - Ligue 1,0.12,0.38,-5,0.5,8.33,2.63,8
Khenchela,8,1,2,5,4,16,-12,5,Algeria - Ligue 1,0.12,0.38,-12,0.5,8.33,2.63,8
Mostaganem,8,1,1,6,4,10,-6,4,Algeria - Ligue 1,0.12,0.25,-6,0.5,8.33,4.0,9
JS Saoura,8,1,1,6,5,13,-8,4,Algeria - Ligue 1,0.12,0.25,-8,0.62,8.33,4.0,9
Biskra,8,0,3,5,3,10,-7,3,Algeria - Ligue 1,0.0,0.38,-7,0.38,0.0,2.63,10
NC Magra,8,0,2,6,3,13,-10,2,Algeria - Ligue 1,0.0,0.25,-10,0.38,0.0,4.0,11
MC Oran,8,0,1,7,5,16,-11,1,Algeria - Ligue 1,0.0,0.12,-11,0.62,0.0,8.33,12
Defensa y J.,5,3,1,1,8,3,5,10,Argentina - Liga Profesional,0.6,0.8,5,1.6,1.67,1.25,1
Argentinos Jrs,4,3,1,0,6,3,3,10,Argentina - Liga Profesional,0.75,1.0,3,1.5,1.33,1.0,1
Tigre,5,3,0,2,8,5,3,9,Argentina - Liga Profesional,0.6,0.6,3,1.6,1.67,1.67,2
Rosario Central,6,2,3,1,5,2,3,9,Argentina - Liga Profesional,0.33,0.83,3,0.83,3.03,1.2,2
D. Riestra,5,2,2,1,7,3,4,8,Argentina - Liga Profesional,0.4,0.8,4,1.4,2.5,1.25,3
Huracan,5,2,2,1,6,4,2,8,Argentina - Liga Profesional,0.4,0.8,2,1.2,2.5,1.25,3
San Lorenzo,5,2,2,1,3,2,1,8,Argentina - Liga Profesional,0.4,0.8,1,0.6,2.5,1.25,3
Independiente,5,2,2,1,6,6,0,8,Argentina - Liga Profesional,0.4,0.8,0,1.2,2.5,1.25,3
Godoy Cruz,5,2,2,1,5,5,0,8,Argentina - Liga Profesional,0.4,0.8,0,1.0,2.5,1.25,3
Boca Juniors,4,2,1,1,5,3,2,7,Argentina - Liga Profesional,0.5,0.75,2,1.25,2.0,1.33,4
River Plate,5,1,4,0,3,1,2,7,Argentina - Liga Profesional,0.2,1.0,2,0.6,5.0,1.0,4
I. Rivadavia,5,2,1,2,4,4,0,7,Argentina - Liga Profesional,0.4,0.6,0,0.8,2.5,1.67,4
Barracas C.,4,1,3,0,5,3,2,6,Argentina - Liga Profesional,0.25,1.0,2,1.25,4.0,1.0,5
Estudiantes,5,1,3,1,6,5,1,6,Argentina - Liga Profesional,0.2,0.8,1,1.2,5.0,1.25,5
T. de Cordoba,4,1,2,1,1,1,0,5,Argentina - Liga Profesional,0.25,0.75,0,0.25,4.0,1.33,6
Lanus,5,1,2,2,3,4,-1,5,Argentina - Liga Profesional,0.2,0.6,-1,0.6,5.0,1.67,6
Platense,4,1,1,2,3,4,-1,4,Argentina - Liga Profesional,0.25,0.5,-1,0.75,4.0,2.0,7
A. Tucuman,5,1,1,3,3,7,-4,4,Argentina - Liga Profesional,0.2,0.4,-4,0.6,5.0,2.5,7
Newells,5,1,1,3,3,9,-6,4,Argentina - Liga Profesional,0.2,0.4,-6,0.6,5.0,2.5,7
Gimnasia,6,1,1,4,2,8,-6,4,Argentina - Liga Profesional,0.17,0.33,-6,0.33,5.88,3.03,7
Racing Club,4,1,0,3,5,7,-2,3,Argentina - Liga Profesional,0.25,0.25,-2,1.25,4.0,4.0,8
Banfield,4,1,0,3,1,3,-2,3,Argentina - Liga Profesional,0.25,0.25,-2,0.25,4.0,4.0,8
Aldosivi,5,1,0,4,3,6,-3,3,Argentina - Liga Profesional,0.2,0.2,-3,0.6,5.0,5.0,8
SM San Juan,4,0,2,2,1,3,-2,2,Argentina - Liga Profesional,0.0,0.5,-2,0.25,0.0,2.0,9
Belgrano,5,0,2,3,2,12,-10,2,Argentina - Liga Profesional,0.0,0.4,-10,0.4,0.0,2.5,9
Central Cordoba,3,0,1,2,6,8,-2,1,Argentina - Liga Profesional,0.0,0.33,-2,2.0,0.0,3.03,10
Instituto,5,0,1,4,0,6,-6,1,Argentina - Liga Profesional,0.0,0.2,-6,0.0,0.0,5.0,10
Velez Sarsfield,4,0,1,3,0,8,-8,1,Argentina - Liga Profesional,0.0,0.25,-8,0.0,0.0,4.0,10
Sarmiento,5,0,1,4,3,12,-9,1,Argentina - Liga Profesional,0.0,0.2,-9,0.6,0.0,5.0,10
Chacarita J.,4,2,1,1,4,2,2,7,Argentina - Primera Nacional,0.5,0.75,2,1.0,2.0,1.33,1
CA Estudiantes,3,2,1,0,3,1,2,7,Argentina - Primera Nacional,0.67,1.0,2,1.0,1.49,1.0,1
SM Tucuman,4,1,3,0,2,1,1,6,Argentina - Primera Nacional,0.25,1.0,1,0.5,4.0,1.0,2
D. de Belgrano,3,1,2,0,3,0,3,5,Argentina - Primera Nacional,0.33,1.0,3,1.0,3.03,1.0,3
San Telmo,4,1,2,1,4,3,1,5,Argentina - Primera Nacional,0.25,0.75,1,1.0,4.0,1.33,3
Gimnasia y Tiro,3,1,2,0,2,1,1,5,Argentina - Primera Nacional,0.33,1.0,1,0.67,3.03,1.0,3
E. Rio Cuarto,3,1,1,1,4,3,1,4,Argentina - Primera Nacional,0.33,0.67,1,1.33,3.03,1.49,4
Los Andes,2,1,1,0,2,1,1,4,Argentina - Primera Nacional,0.5,1.0,1,1.0,2.0,1.0,4
G. Mendoza,2,1,1,0,1,0,1,4,Argentina - Primera Nacional,0.5,1.0,1,0.5,2.0,1.0,4
Patronato,3,1,1,1,4,4,0,4,Argentina - Primera Nacional,0.33,0.67,0,1.33,3.03,1.49,4
Tristan Suarez,3,1,1,1,2,2,0,4,Argentina - Primera Nacional,0.33,0.67,0,0.67,3.03,1.49,4
Defensores U.,3,1,1,1,2,3,-1,4,Argentina - Primera Nacional,0.33,0.67,-1,0.67,3.03,1.49,4
Quilmes,3,1,1,1,1,2,-1,4,Argentina - Primera Nacional,0.33,0.67,-1,0.33,3.03,1.49,4
Chaco For Ever,2,1,0,1,3,2,1,3,Argentina - Primera Nacional,0.5,0.5,1,1.5,2.0,2.0,5
Ferro Carril,2,1,0,1,2,2,0,3,Argentina - Primera Nacional,0.5,0.5,0,1.0,2.0,2.0,5
Nueva Chicago,3,1,0,2,3,4,-1,3,Argentina - Primera Nacional,0.33,0.33,-1,1.0,3.03,3.03,5
Atletico Mitre,2,1,0,1,1,2,-1,3,Argentina - Primera Nacional,0.5,0.5,-1,0.5,2.0,2.0,5
Colon Santa Fe,2,1,0,1,1,2,-1,3,Argentina - Primera Nacional,0.5,0.5,-1,0.5,2.0,2.0,5
Racing Cordoba,2,1,0,1,2,5,-3,3,Argentina - Primera Nacional,0.5,0.5,-3,1.0,2.0,2.0,5
Deportivo Maipu,3,1,0,2,1,4,-3,3,Argentina - Primera Nacional,0.33,0.33,-3,0.33,3.03,3.03,5
Atlanta,2,0,2,0,1,1,0,2,Argentina - Primera Nacional,0.0,1.0,0,0.5,0.0,1.0,6
Gimnasia Jujuy,2,0,2,0,1,1,0,2,Argentina - Primera Nacional,0.0,1.0,0,0.5,0.0,1.0,6
All Boys,3,0,2,1,1,3,-2,2,Argentina - Primera Nacional,0.0,0.67,-2,0.33,0.0,1.49,6
CA Guemes,3,0,2,1,1,3,-2,2,Argentina - Primera Nacional,0.0,0.67,-2,0.33,0.0,1.49,6
Colegiales,2,0,1,1,0,1,-1,1,Argentina - Primera Nacional,0.0,0.5,-1,0.0,0.0,2.0,7
D. Madryn,3,0,1,2,1,3,-2,1,Argentina - Primera Nacional,0.0,0.33,-2,0.33,0.0,3.03,7
Deportivo Moron,3,0,1,2,1,3,-2,1,Argentina - Primera Nacional,0.0,0.33,-2,0.33,0.0,3.03,7
Agropecuario,3,0,1,2,2,5,-3,1,Argentina - Primera Nacional,0.0,0.33,-3,0.67,0.0,3.03,7
Alvarado,3,0,1,2,1,4,-3,1,Argentina - Primera Nacional,0.0,0.33,-3,0.33,0.0,3.03,7
Deportivo Merlo,8,5,2,1,7,2,5,17,Argentina - Primera B,0.62,0.88,5,0.88,1.61,1.14,1
A. Quilmes,8,4,3,1,8,3,5,15,Argentina - Primera B,0.5,0.88,5,1.0,2.0,1.14,2
Dock Sud,8,4,2,2,11,8,3,14,Argentina - Primera B,0.5,0.75,3,1.38,2.0,1.33,3
D. Armenio,8,4,2,2,10,7,3,14,Argentina - Primera B,0.5,0.75,3,1.25,2.0,1.33,3
Comunicaciones,8,4,2,2,7,4,3,14,Argentina - Primera B,0.5,0.75,3,0.88,2.0,1.33,3
Argentino Merlo,8,4,2,2,8,8,0,14,Argentina - Primera B,0.5,0.75,0,1.0,2.0,1.33,3
Colegiales,8,4,0,4,11,11,0,12,Argentina - Primera B,0.5,0.5,0,1.38,2.0,2.0,4
Villa Dalmine,8,3,2,3,4,4,0,11,Argentina - Primera B,0.38,0.62,0,0.5,2.63,1.61,5
Midland,8,2,4,2,9,7,2,10,Argentina - Primera B,0.25,0.75,2,1.12,4.0,1.33,6
Acassuso,8,2,4,2,6,7,-1,10,Argentina - Primera B,0.25,0.75,-1,0.75,4.0,1.33,6
UAI Urquiza,8,3,1,4,8,12,-4,10,Argentina - Primera B,0.38,0.5,-4,1.0,2.63,2.0,6
V. San Carlos,8,2,3,3,5,9,-4,9,Argentina - Primera B,0.25,0.62,-4,0.62,4.0,1.61,7
Sacachispas,8,2,2,4,4,8,-4,8,Argentina - Primera B,0.25,0.5,-4,0.5,4.0,2.0,8
Flandria,8,2,2,4,6,11,-5,8,Argentina - Primera B,0.25,0.5,-5,0.75,4.0,2.0,8
Excursionistas,8,1,4,3,8,12,-4,7,Argentina - Primera B,0.12,0.62,-4,1.0,8.33,1.61,9
Liniers,8,1,4,3,3,8,-5,7,Argentina - Primera B,0.12,0.62,-5,0.38,8.33,1.61,9
S. Italiano,8,1,3,4,7,13,-6,6,Argentina - Primera B,0.12,0.5,-6,0.88,8.33,2.0,10
Canuelas,8,1,2,5,6,10,-4,5,Argentina - Primera B,0.12,0.38,-4,0.75,8.33,2.63,11
D. Laferrere,8,0,4,4,1,12,-11,4,Argentina - Primera B,0.0,0.5,-11,0.12,0.0,2.0,12
Los Andes,8,0,2,6,4,13,-9,2,Argentina - Primera B,0.0,0.25,-9,0.5,0.0,4.0,13
SM Burzaco,8,0,1,7,2,14,-12,1,Argentina - Primera B,0.0,0.12,-12,0.25,0.0,8.33,14
Fenix,8,0,1,7,1,15,-14,1,Argentina - Primera B,0.0,0.12,-14,0.12,0.0,8.33,14
SM Mendoza,1,1,0,0,1,0,1,3,Argentina - Torneo Federal,1.0,1.0,1,1.0,1.0,1.0,1
Juventud U. U.,1,0,1,0,1,1,0,1,Argentina - Torneo Federal,0.0,1.0,0,1.0,0.0,1.0,2
Villa Mitre,1,0,1,0,1,1,0,1,Argentina - Torneo Federal,0.0,1.0,0,1.0,0.0,1.0,2
9 Julio Rafaela,0,0,0,0,0,0,0,0,Argentina - Torneo Federal,0.0,0.0,0,0.0,0.0,0.0,3
A. Rafaela,0,0,0,0,0,0,0,0,Argentina - Torneo Federal,0.0,0.0,0,0.0,0.0,0.0,3
Argentino MM,0,0,0,0,0,0,0,0,Argentina - Torneo Federal,0.0,0.0,0,0.0,0.0,0.0,3
Atenas,0,0,0,0,0,0,0,0,Argentina - Torneo Federal,0.0,0.0,0,0.0,0.0,0.0,3
Bartolom√© Mitre,0,0,0,0,0,0,0,0,Argentina - Torneo Federal,0.0,0.0,0,0.0,0.0,0.0,3
Ben Hur,0,0,0,0,0,0,0,0,Argentina - Torneo Federal,0.0,0.0,0,0.0,0.0,0.0,3
Boca Unidos,0,0,0,0,0,0,0,0,Argentina - Torneo Federal,0.0,0.0,0,0.0,0.0,0.0,3
Circulo D.,0,0,0,0,0,0,0,0,Argentina - Torneo Federal,0.0,0.0,0,0.0,0.0,0.0,3
Ciudad Bolivar,0,0,0,0,0,0,0,0,Argentina - Torneo Federal,0.0,0.0,0,0.0,0.0,0.0,3
Costa Brava,0,0,0,0,0,0,0,0,Argentina - Torneo Federal,0.0,0.0,0,0.0,0.0,0.0,3
Crucero del N.,0,0,0,0,0,0,0,0,Argentina - Torneo Federal,0.0,0.0,0,0.0,0.0,0.0,3
D. Belgrano VR,0,0,0,0,0,0,0,0,Argentina - Torneo Federal,0.0,0.0,0,0.0,0.0,0.0,3
D. Rincon,0,0,0,0,0,0,0,0,Argentina - Torneo Federal,0.0,0.0,0,0.0,0.0,0.0,3
Douglas Haig,0,0,0,0,0,0,0,0,Argentina - Torneo Federal,0.0,0.0,0,0.0,0.0,0.0,3
El Linqueno,0,0,0,0,0,0,0,0,Argentina - Torneo Federal,0.0,0.0,0,0.0,0.0,0.0,3
Germinal,0,0,0,0,0,0,0,0,Argentina - Torneo Federal,0.0,0.0,0,0.0,0.0,0.0,3
Gimnasia Chivil,0,0,0,0,0,0,0,0,Argentina - Torneo Federal,0.0,0.0,0,0.0,0.0,0.0,3
Gimnasia E.,0,0,0,0,0,0,0,0,Argentina - Torneo Federal,0.0,0.0,0,0.0,0.0,0.0,3
Guillermo Brown,0,0,0,0,0,0,0,0,Argentina - Torneo Federal,0.0,0.0,0,0.0,0.0,0.0,3
Gutierrez,0,0,0,0,0,0,0,0,Argentina - Torneo Federal,0.0,0.0,0,0.0,0.0,0.0,3
I. Chivilcoy,0,0,0,0,0,0,0,0,Argentina - Torneo Federal,0.0,0.0,0,0.0,0.0,0.0,3
J. Antoniana,0,0,0,0,0,0,0,0,Argentina - Torneo Federal,0.0,0.0,0,0.0,0.0,0.0,3
Kimberley,0,0,0,0,0,0,0,0,Argentina - Torneo Federal,0.0,0.0,0,0.0,0.0,0.0,3
Olimpo Bahia B.,0,0,0,0,0,0,0,0,Argentina - Torneo Federal,0.0,0.0,0,0.0,0.0,0.0,3
S. Belgrano,0,0,0,0,0,0,0,0,Argentina - Torneo Federal,0.0,0.0,0,0.0,0.0,0.0,3
S. Estudiantes,0,0,0,0,0,0,0,0,Argentina - Torneo Federal,0.0,0.0,0,0.0,0.0,0.0,3
Pyunik,8,6,0,2,17,6,11,18,Armenia - Premier League,0.75,0.75,11,2.12,1.33,1.33,1
Ararat-Armenia,8,5,2,1,17,8,9,17,Armenia - Premier League,0.62,0.88,9,2.12,1.61,1.14,2
Noah,8,5,1,2,20,6,14,16,Armenia - Premier League,0.62,0.75,14,2.5,1.61,1.33,3
Urartu,8,4,1,3,15,10,5,13,Armenia - Premier League,0.5,0.62,5,1.88,2.0,1.61,4
Van,8,4,1,3,10,10,0,13,Armenia - Premier League,0.5,0.62,0,1.25,2.0,1.61,4
Shirak,8,3,1,4,8,18,-10,10,Armenia - Premier League,0.38,0.5,-10,1.0,2.63,2.0,5
West Armenia,8,3,0,5,7,20,-13,9,Armenia - Premier League,0.38,0.38,-13,0.88,2.63,2.63,6
BKMA,8,2,2,4,12,13,-1,8,Armenia - Premier League,0.25,0.5,-1,1.5,4.0,2.0,7
Ararat Yerevan,8,2,1,5,6,17,-11,7,Armenia - Premier League,0.25,0.38,-11,0.75,4.0,2.63,8
Alashkert,8,1,2,5,2,12,-10,5,Armenia - Premier League,0.12,0.38,-10,0.25,8.33,2.63,9
Gandzasar,8,0,2,6,4,19,-15,2,Armenia - Premier League,0.0,0.25,-15,0.5,0.0,4.0,10
Western United,8,6,1,1,26,15,11,19,Australia - A-League,0.75,0.88,11,3.25,1.33,1.14,1
WS Wanderers,8,5,2,1,19,12,7,17,Australia - A-League,0.62,0.88,7,2.38,1.61,1.14,2
Adelaide Utd,8,5,1,2,17,15,2,16,Australia - A-League,0.62,0.75,2,2.12,1.61,1.33,3
Auckland,8,4,3,1,13,7,6,15,Australia - A-League,0.5,0.88,6,1.62,2.0,1.14,4
Macarthur FC,8,5,0,3,18,14,4,15,Australia - A-League,0.62,0.62,4,2.25,1.61,1.61,4
Newcastle Jets,8,4,1,3,12,10,2,13,Australia - A-League,0.5,0.62,2,1.5,2.0,1.61,5
Sydney FC,8,2,4,2,11,11,0,10,Australia - A-League,0.25,0.75,0,1.38,4.0,1.33,6
Central Coast,8,2,4,2,12,14,-2,10,Australia - A-League,0.25,0.75,-2,1.5,4.0,1.33,6
Brisbane Roar,8,2,3,3,12,13,-1,9,Australia - A-League,0.25,0.62,-1,1.5,4.0,1.61,7
Melbourne City,8,2,3,3,9,10,-1,9,Australia - A-League,0.25,0.62,-1,1.12,4.0,1.61,7
Melbourne V.,8,2,2,4,10,15,-5,8,Australia - A-League,0.25,0.5,-5,1.25,4.0,2.0,8
Perth Glory,8,1,3,4,6,14,-8,6,Australia - A-League,0.12,0.5,-8,0.75,8.33,2.0,9
Wellington,8,2,0,6,9,20,-11,6,Australia - A-League,0.25,0.25,-11,1.12,4.0,4.0,9
Avondale,3,3,0,0,9,3,6,9,Australia - NPL Victoria,1.0,1.0,6,3.0,1.0,1.0,1
Oakleigh C.,3,2,1,0,6,1,5,7,Australia - NPL Victoria,0.67,1.0,5,2.0,1.49,1.0,2
St. Albans,4,2,1,1,9,6,3,7,Australia - NPL Victoria,0.5,0.75,3,2.25,2.0,1.33,2
Dandenong City,3,1,2,0,7,2,5,5,Australia - NPL Victoria,0.33,1.0,5,2.33,3.03,1.0,3
South Melbourne,4,1,1,2,4,6,-2,4,Australia - NPL Victoria,0.25,0.5,-2,1.0,4.0,2.0,4
Hume City,4,1,1,2,6,9,-3,4,Australia - NPL Victoria,0.25,0.5,-3,1.5,4.0,2.0,4
Dandenong T.,2,1,0,1,2,2,0,3,Australia - NPL Victoria,0.5,0.5,0,1.0,2.0,2.0,5
Heidelberg Utd,3,1,0,2,6,7,-1,3,Australia - NPL Victoria,0.33,0.33,-1,2.0,3.03,3.03,5
M. Victory B,3,1,0,2,4,5,-1,3,Australia - NPL Victoria,0.33,0.33,-1,1.33,3.03,3.03,5
Preston Lions,3,0,2,1,4,6,-2,2,Australia - NPL Victoria,0.0,0.67,-2,1.33,0.0,1.49,6
Altona Magic,3,0,1,2,1,4,-3,1,Australia - NPL Victoria,0.0,0.33,-3,0.33,0.0,3.03,7
Green Gully,2,0,0,2,1,3,-2,0,Australia - NPL Victoria,0.0,0.0,-2,0.5,0.0,0.0,8
Port Melbourne,2,0,0,2,1,7,-6,0,Australia - NPL Victoria,0.0,0.0,-6,0.5,0.0,0.0,8
Melbourne K.,3,0,0,3,1,9,-8,0,Australia - NPL Victoria,0.0,0.0,-8,0.33,0.0,0.0,8
Moreton City E.,2,2,0,0,5,2,3,6,Australia - NPL Queensland,1.0,1.0,3,2.5,1.0,1.0,1
Eastern Suburbs,1,1,0,0,4,2,2,3,Australia - NPL Queensland,1.0,1.0,2,4.0,1.0,1.0,2
Gold C. Knights,1,1,0,0,2,0,2,3,Australia - NPL Queensland,1.0,1.0,2,2.0,1.0,1.0,2
Olympic FC,1,1,0,0,2,0,2,3,Australia - NPL Queensland,1.0,1.0,2,2.0,1.0,1.0,2
St George W.,2,0,1,1,1,3,-2,1,Australia - NPL Queensland,0.0,0.5,-2,0.5,0.0,2.0,3
Brisbane City,0,0,0,0,0,0,0,0,Australia - NPL Queensland,0.0,0.0,0,0.0,0.0,0.0,4
Gold C. Utd,0,0,0,0,0,0,0,0,Australia - NPL Queensland,0.0,0.0,0,0.0,0.0,0.0,4
Peninsula,0,0,0,0,0,0,0,0,Australia - NPL Queensland,0.0,0.0,0,0.0,0.0,0.0,4
Q. Lions,1,0,0,1,1,3,-2,0,Australia - NPL Queensland,0.0,0.0,-2,1.0,0.0,0.0,4
SC Wanderers,1,0,0,1,1,3,-2,0,Australia - NPL Queensland,0.0,0.0,-2,1.0,0.0,0.0,4
Wynnum Wolves,1,0,0,1,1,3,-2,0,Australia - NPL Queensland,0.0,0.0,-2,1.0,0.0,0.0,4
Brisbane Roar B,2,0,0,2,0,7,-7,0,Australia - NPL Queensland,0.0,0.0,-7,0.0,0.0,0.0,4
Wolfsberger AC,8,6,1,1,23,10,13,19,Austria - Bundesliga,0.75,0.88,13,2.88,1.33,1.14,1
Sturm Graz,8,5,1,2,13,11,2,16,Austria - Bundesliga,0.62,0.75,2,1.62,1.61,1.33,2
Austria Wien,8,4,2,2,11,9,2,14,Austria - Bundesliga,0.5,0.75,2,1.38,2.0,1.33,3
LASK Linz,8,4,2,2,10,8,2,14,Austria - Bundesliga,0.5,0.75,2,1.25,2.0,1.33,3
BW Linz,8,3,2,3,8,8,0,11,Austria - Bundesliga,0.38,0.62,0,1.0,2.63,1.61,4
Hartberg,8,2,3,3,8,10,-2,9,Austria - Bundesliga,0.25,0.62,-2,1.0,4.0,1.61,5
Grazer AK,8,2,2,4,12,18,-6,8,Austria - Bundesliga,0.25,0.5,-6,1.5,4.0,2.0,6
Salzburg,8,1,5,2,3,9,-6,8,Austria - Bundesliga,0.12,0.75,-6,0.38,8.33,1.33,6
Tirol,8,2,1,5,10,12,-2,7,Austria - Bundesliga,0.25,0.38,-2,1.25,4.0,2.63,7
Rapid Wien,8,1,4,3,8,10,-2,7,Austria - Bundesliga,0.12,0.62,-2,1.0,8.33,1.61,7
Altach,8,1,1,6,5,17,-12,4,Austria - Bundesliga,0.12,0.25,-12,0.62,8.33,4.0,8
A. Klagenfurt,8,0,2,6,4,23,-19,2,Austria - Bundesliga,0.0,0.25,-19,0.5,0.0,4.0,9
St. Polten,8,6,1,1,17,6,11,19,Austria - 2. Liga,0.75,0.88,11,2.12,1.33,1.14,1
Admira Wacker,8,5,2,1,14,8,6,17,Austria - 2. Liga,0.62,0.88,6,1.75,1.61,1.14,2
Ried,8,5,1,2,13,7,6,16,Austria - 2. Liga,0.62,0.75,6,1.62,1.61,1.33,3
Sturm Graz B,8,3,4,1,17,10,7,13,Austria - 2. Liga,0.38,0.88,7,2.12,2.63,1.14,4
First Vienna,8,4,1,3,19,16,3,13,Austria - 2. Liga,0.5,0.62,3,2.38,2.0,1.61,4
Voitsberg,8,3,2,3,11,9,2,11,Austria - 2. Liga,0.38,0.62,2,1.38,2.63,1.61,5
Liefering,8,3,1,4,5,10,-5,10,Austria - 2. Liga,0.38,0.5,-5,0.62,2.63,2.0,6
Bregenz,8,2,3,3,11,13,-2,9,Austria - 2. Liga,0.25,0.62,-2,1.38,4.0,1.61,7
Kapfenberger,8,2,2,4,7,17,-10,8,Austria - 2. Liga,0.25,0.5,-10,0.88,4.0,2.0,8
Amstetten,8,2,1,5,9,12,-3,7,Austria - 2. Liga,0.25,0.38,-3,1.12,4.0,2.63,9
A. Lustenau,8,1,4,3,4,9,-5,7,Austria - 2. Liga,0.12,0.62,-5,0.5,8.33,1.61,9
Rapid Wien B,8,2,1,5,10,17,-7,7,Austria - 2. Liga,0.25,0.38,-7,1.25,4.0,2.63,9
SV Horn,8,2,0,6,6,19,-13,6,Austria - 2. Liga,0.25,0.25,-13,0.75,4.0,4.0,10
Floridsdorfer,8,1,2,5,7,12,-5,5,Austria - 2. Liga,0.12,0.38,-5,0.88,8.33,2.63,11
Stripfing,8,0,4,4,5,12,-7,4,Austria - 2. Liga,0.0,0.5,-7,0.62,0.0,2.0,12
Lafnitz,8,1,1,6,7,24,-17,4,Austria - 2. Liga,0.12,0.25,-17,0.88,8.33,4.0,12
Qarabag,8,5,2,1,13,5,8,17,Azerbaijan - Premier League,0.62,0.88,8,1.62,1.61,1.14,1
Zira,8,5,1,2,14,8,6,16,Azerbaijan - Premier League,0.62,0.75,6,1.75,1.61,1.33,2
Araz,8,3,2,3,7,6,1,11,Azerbaijan - Premier League,0.38,0.62,1,0.88,2.63,1.61,3
Turan,8,2,3,3,8,11,-3,9,Azerbaijan - Premier League,0.25,0.62,-3,1.0,4.0,1.61,4
Sabah,8,1,4,3,7,10,-3,7,Azerbaijan - Premier League,0.12,0.62,-3,0.88,8.33,1.61,5
Shamakhi,8,1,3,4,11,13,-2,6,Azerbaijan - Premier League,0.12,0.5,-2,1.38,8.33,2.0,6
Sebail,8,1,3,4,3,9,-6,6,Azerbaijan - Premier League,0.12,0.5,-6,0.38,8.33,2.0,6
Kapaz,8,1,2,5,5,12,-7,5,Azerbaijan - Premier League,0.12,0.38,-7,0.62,8.33,2.63,7
Neftci,8,1,2,5,7,15,-8,5,Azerbaijan - Premier League,0.12,0.38,-8,0.88,8.33,2.63,7
Sumqayit,8,1,2,5,2,12,-10,5,Azerbaijan - Premier League,0.12,0.38,-10,0.25,8.33,2.63,7
Al-Najma,6,4,1,1,11,7,4,13,Bahrain - Premier League,0.67,0.83,4,1.83,1.49,1.2,1
Al Shabbab,6,4,0,2,9,8,1,12,Bahrain - Premier League,0.67,0.67,1,1.5,1.49,1.49,2
Al-Muharraq,6,3,2,1,8,4,4,11,Bahrain - Premier League,0.5,0.83,4,1.33,2.0,1.2,3
Malkiya,6,3,1,2,7,8,-1,10,Bahrain - Premier League,0.5,0.67,-1,1.17,2.0,1.49,4
Khalidiya,5,3,0,2,12,7,5,9,Bahrain - Premier League,0.6,0.6,5,2.4,1.67,1.67,5
Al Riffa,6,2,2,2,5,4,1,8,Bahrain - Premier League,0.33,0.67,1,0.83,3.03,1.49,6
Bahrain SC,6,2,2,2,6,11,-5,8,Bahrain - Premier League,0.33,0.67,-5,1.0,3.03,1.49,6
Sitra,5,1,3,1,6,6,0,6,Bahrain - Premier League,0.2,0.8,0,1.2,5.0,1.25,7
Al Ahli M.,6,1,1,4,9,13,-4,4,Bahrain - Premier League,0.17,0.33,-4,1.5,5.88,3.03,8
Manama,6,1,1,4,5,13,-8,4,Bahrain - Premier League,0.17,0.33,-8,0.83,5.88,3.03,8
East Riffa,6,0,2,4,5,9,-4,2,Bahrain - Premier League,0.0,0.33,-4,0.83,0.0,3.03,9
AAli FC,6,0,2,4,5,16,-11,2,Bahrain - Premier League,0.0,0.33,-11,0.83,0.0,3.03,9
Mohammedan,5,5,0,0,18,3,15,15,Bangladesh - Premier League,1.0,1.0,15,3.6,1.0,1.0,1
Abahani,6,3,2,1,7,1,6,11,Bangladesh - Premier League,0.5,0.83,6,1.17,2.0,1.2,2
Bashundhara K.,6,3,1,2,13,3,10,10,Bangladesh - Premier League,0.5,0.67,10,2.17,2.0,1.49,3
Rahmatgonj,5,2,0,3,11,10,1,6,Bangladesh - Premier League,0.4,0.4,1,2.2,2.5,2.5,4
Fakirerpool,6,2,0,4,6,17,-11,6,Bangladesh - Premier League,0.33,0.33,-11,1.0,3.03,3.03,4
Brothers Union,5,1,2,2,7,7,0,5,Bangladesh - Premier League,0.2,0.6,0,1.4,5.0,1.67,5
Fortis,4,1,1,2,5,5,0,4,Bangladesh - Premier League,0.25,0.5,0,1.25,4.0,2.0,6
B. Police,4,1,0,3,5,5,0,3,Bangladesh - Premier League,0.25,0.25,0,1.25,4.0,4.0,7
Dhaka Wanderers,5,0,1,4,3,15,-12,1,Bangladesh - Premier League,0.0,0.2,-12,0.6,0.0,5.0,8
Chittagong,4,0,0,4,0,11,-11,0,Bangladesh - Premier League,0.0,0.0,-11,0.0,0.0,0.0,9
Naftan,1,1,0,0,2,1,1,3,Belarus - Vysshaya Liga,1.0,1.0,1,2.0,1.0,1.0,1
BATE Borisov,1,1,0,0,1,0,1,3,Belarus - Vysshaya Liga,1.0,1.0,1,1.0,1.0,1.0,1
Slavia Mozyr,1,0,1,0,2,2,0,1,Belarus - Vysshaya Liga,0.0,1.0,0,2.0,0.0,1.0,2
T. Zhodino,1,0,1,0,1,1,0,1,Belarus - Vysshaya Liga,0.0,1.0,0,1.0,0.0,1.0,2
Arsenal D.,0,0,0,0,0,0,0,0,Belarus - Vysshaya Liga,0.0,0.0,0,0.0,0.0,0.0,3
Dinamo Brest,0,0,0,0,0,0,0,0,Belarus - Vysshaya Liga,0.0,0.0,0,0.0,0.0,0.0,3
Dinamo Minsk,0,0,0,0,0,0,0,0,Belarus - Vysshaya Liga,0.0,0.0,0,0.0,0.0,0.0,3
FC Minsk,0,0,0,0,0,0,0,0,Belarus - Vysshaya Liga,0.0,0.0,0,0.0,0.0,0.0,3
Gomel,0,0,0,0,0,0,0,0,Belarus - Vysshaya Liga,0.0,0.0,0,0.0,0.0,0.0,3
Isloch,0,0,0,0,0,0,0,0,Belarus - Vysshaya Liga,0.0,0.0,0,0.0,0.0,0.0,3
Maxline,0,0,0,0,0,0,0,0,Belarus - Vysshaya Liga,0.0,0.0,0,0.0,0.0,0.0,3
Neman Grodno,0,0,0,0,0,0,0,0,Belarus - Vysshaya Liga,0.0,0.0,0,0.0,0.0,0.0,3
Slutsk,0,0,0,0,0,0,0,0,Belarus - Vysshaya Liga,0.0,0.0,0,0.0,0.0,0.0,3
Smorgon,0,0,0,0,0,0,0,0,Belarus - Vysshaya Liga,0.0,0.0,0,0.0,0.0,0.0,3
Vitebsk,0,0,0,0,0,0,0,0,Belarus - Vysshaya Liga,0.0,0.0,0,0.0,0.0,0.0,3
Molodechno,1,0,0,1,0,3,-3,0,Belarus - Vysshaya Liga,0.0,0.0,-3,0.0,0.0,0.0,3
Maxline,8,8,0,0,24,6,18,24,Belarus - First League,1.0,1.0,18,3.0,1.0,1.0,1
Dinamo Minsk B,8,5,1,2,17,6,11,16,Belarus - First League,0.62,0.75,11,2.12,1.61,1.33,2
Niva,8,5,1,2,11,5,6,16,Belarus - First League,0.62,0.75,6,1.38,1.61,1.33,2
Belshina,8,4,2,2,26,16,10,14,Belarus - First League,0.5,0.75,10,3.25,2.0,1.33,3
Molodechno,8,4,1,3,11,11,0,13,Belarus - First League,0.5,0.62,0,1.38,2.0,1.61,4
ABFF U17,8,4,1,3,9,9,0,13,Belarus - First League,0.5,0.62,0,1.12,2.0,1.61,4
Orsha,8,3,3,2,15,13,2,12,Belarus - First League,0.38,0.75,2,1.88,2.63,1.33,5
Volna Pinsk,8,4,0,4,13,13,0,12,Belarus - First League,0.5,0.5,0,1.62,2.0,2.0,5
Lida,8,3,2,3,12,10,2,11,Belarus - First League,0.38,0.62,2,1.5,2.63,1.61,6
BATE B,8,3,1,4,9,17,-8,10,Belarus - First League,0.38,0.5,-8,1.12,2.63,2.0,7
Baranovichi,8,2,3,3,9,12,-3,9,Belarus - First League,0.25,0.62,-3,1.12,4.0,1.61,8
Ostrovets,8,3,0,5,11,16,-5,9,Belarus - First League,0.38,0.38,-5,1.38,2.63,2.63,8
S. Soligorsk B,8,2,1,5,5,14,-9,7,Belarus - First League,0.25,0.38,-9,0.62,4.0,2.63,9
Bumprom,8,0,4,4,1,9,-8,4,Belarus - First League,0.0,0.5,-8,0.12,0.0,2.0,10
Energetik-BGU,8,1,1,6,6,15,-9,4,Belarus - First League,0.12,0.25,-9,0.75,8.33,4.0,10
Lokomotiv Gomel,8,0,3,5,4,13,-9,3,Belarus - First League,0.0,0.38,-9,0.5,0.0,2.63,11
T. Zhodhino B,8,1,0,7,3,23,-20,3,Belarus - First League,0.12,0.12,-20,0.38,8.33,8.33,11
Slonim,8,1,0,7,3,25,-22,3,Belarus - First League,0.12,0.12,-22,0.38,8.33,8.33,11
Royale Union SG,8,5,2,1,15,6,9,17,Belgium - Pro League,0.62,0.88,9,1.88,1.61,1.14,1
KRC Genk,8,4,3,1,12,10,2,15,Belgium - Pro League,0.5,0.88,2,1.5,2.0,1.14,2
Club Brugge,8,3,4,1,16,11,5,13,Belgium - Pro League,0.38,0.88,5,2.0,2.63,1.14,3
Anderlecht,8,4,1,3,7,5,2,13,Belgium - Pro League,0.5,0.62,2,0.88,2.0,1.61,3
Charleroi,8,3,2,3,9,10,-1,11,Belgium - Pro League,0.38,0.62,-1,1.12,2.63,1.61,4
Gent,8,2,5,1,7,11,-4,11,Belgium - Pro League,0.25,0.88,-4,0.88,4.0,1.14,4
Antwerp,8,2,4,2,9,9,0,10,Belgium - Pro League,0.25,0.75,0,1.12,4.0,1.33,5
Standard Liege,8,2,4,2,8,11,-3,10,Belgium - Pro League,0.25,0.75,-3,1.0,4.0,1.33,5
Cercle Brugge,8,1,4,3,8,10,-2,7,Belgium - Pro League,0.12,0.62,-2,1.0,8.33,1.61,6
KV Mechelen,8,2,1,5,5,11,-6,7,Belgium - Pro League,0.25,0.38,-6,0.62,4.0,2.63,6
Dender,8,2,1,5,11,20,-9,7,Belgium - Pro League,0.25,0.38,-9,1.38,4.0,2.63,6
Westerlo,8,1,2,5,9,14,-5,5,Belgium - Pro League,0.12,0.38,-5,1.12,8.33,2.63,7
Sint-Truiden,8,1,1,6,7,19,-12,4,Belgium - Pro League,0.12,0.25,-12,0.88,8.33,4.0,8
OH Leuven,8,0,3,5,4,11,-7,3,Belgium - Pro League,0.0,0.38,-7,0.5,0.0,2.63,9
Kortrijk,8,0,2,6,8,21,-13,2,Belgium - Pro League,0.0,0.25,-13,1.0,0.0,4.0,10
Beerschot,8,0,1,7,5,17,-12,1,Belgium - Pro League,0.0,0.12,-12,0.62,0.0,8.33,11
Club Brugge B,8,6,0,2,16,10,6,18,Belgium - Challenger Pro League,0.75,0.75,6,2.0,1.33,1.33,1
Patro Eisden,8,5,2,1,15,6,9,17,Belgium - Challenger Pro League,0.62,0.88,9,1.88,1.61,1.14,2
Beveren,8,5,2,1,12,9,3,17,Belgium - Challenger Pro League,0.62,0.88,3,1.5,1.61,1.14,2
Zulte-Waregem,8,4,3,1,14,8,6,15,Belgium - Challenger Pro League,0.5,0.88,6,1.75,2.0,1.14,3
RWDM,8,4,3,1,13,7,6,15,Belgium - Challenger Pro League,0.5,0.88,6,1.62,2.0,1.14,3
Lokeren-Temse,8,4,2,2,10,10,0,14,Belgium - Challenger Pro League,0.5,0.75,0,1.25,2.0,1.33,4
La Louviere,8,3,3,2,14,9,5,12,Belgium - Challenger Pro League,0.38,0.75,5,1.75,2.63,1.33,5
Francs Borains,8,3,2,3,8,12,-4,11,Belgium - Challenger Pro League,0.38,0.62,-4,1.0,2.63,1.61,6
RFC Liege,8,3,0,5,11,13,-2,9,Belgium - Challenger Pro League,0.38,0.38,-2,1.38,2.63,2.63,7
Seraing,8,2,3,3,12,18,-6,9,Belgium - Challenger Pro League,0.25,0.62,-6,1.5,4.0,1.61,7
Lommel SK,8,3,0,5,11,19,-8,9,Belgium - Challenger Pro League,0.38,0.38,-8,1.38,2.63,2.63,7
Eupen,8,1,4,3,11,11,0,7,Belgium - Challenger Pro League,0.12,0.62,0,1.38,8.33,1.61,8
Lierse K.,8,2,1,5,8,10,-2,7,Belgium - Challenger Pro League,0.25,0.38,-2,1.0,4.0,2.63,8
Anderlecht B,8,1,4,3,9,14,-5,7,Belgium - Challenger Pro League,0.12,0.62,-5,1.12,8.33,1.61,8
KRC Genk B,8,0,2,6,7,18,-11,2,Belgium - Challenger Pro League,0.0,0.25,-11,0.88,0.0,4.0,9
Deinze,0,0,0,0,0,0,0,0,Belgium - Challenger Pro League,0.0,0.0,0,0.0,0.0,0.0,10
Bolivar,4,2,0,2,6,5,1,6,Bolivia - Primera Div. - Apertura,0.5,0.5,1,1.5,2.0,2.0,1
Royal Pari,4,2,0,2,5,6,-1,6,Bolivia - Primera Div. - Apertura,0.5,0.5,-1,1.25,2.0,2.0,1
Blooming,4,1,2,1,7,8,-1,5,Bolivia - Primera Div. - Apertura,0.25,0.75,-1,1.75,4.0,1.33,2
SA Bulo Bulo,4,1,1,2,5,5,0,4,Bolivia - Primera Div. - Apertura,0.25,0.5,0,1.25,4.0,2.0,3
Gualberto V. SJ,4,1,1,2,6,8,-2,4,Bolivia - Primera Div. - Apertura,0.25,0.5,-2,1.5,4.0,2.0,3
Nacional Potosi,4,1,1,2,4,7,-3,4,Bolivia - Primera Div. - Apertura,0.25,0.5,-3,1.0,4.0,2.0,3
Real Tomayapo,4,1,1,2,4,7,-3,4,Bolivia - Primera Div. - Apertura,0.25,0.5,-3,1.0,4.0,2.0,3
The Strongest,4,1,1,2,8,13,-5,4,Bolivia - Primera Div. - Apertura,0.25,0.5,-5,2.0,4.0,2.0,3
I. Petrolero,4,1,0,3,4,7,-3,3,Bolivia - Primera Div. - Apertura,0.25,0.25,-3,1.0,4.0,4.0,4
Oriente P.,4,1,0,3,6,10,-4,3,Bolivia - Primera Div. - Apertura,0.25,0.25,-4,1.5,4.0,4.0,4
Santa Cruz,4,1,0,3,4,8,-4,3,Bolivia - Primera Div. - Apertura,0.25,0.25,-4,1.0,4.0,4.0,4
Aurora,4,0,2,2,1,3,-2,2,Bolivia - Primera Div. - Apertura,0.0,0.5,-2,0.25,0.0,2.0,5
U. de Vinto,4,0,2,2,2,5,-3,2,Bolivia - Primera Div. - Apertura,0.0,0.5,-3,0.5,0.0,2.0,5
Wilstermann,4,0,1,3,4,7,-3,1,Bolivia - Primera Div. - Apertura,0.0,0.25,-3,1.0,0.0,4.0,6
Guabira,4,0,1,3,3,6,-3,1,Bolivia - Primera Div. - Apertura,0.0,0.25,-3,0.75,0.0,4.0,6
Always Ready,4,0,1,3,3,7,-4,1,Bolivia - Primera Div. - Apertura,0.0,0.25,-4,0.75,0.0,4.0,6
Bolivar,8,5,2,1,24,12,12,17,Bolivia - Primera Div. - Clausura,0.62,0.88,12,3.0,1.61,1.14,1
Always Ready,8,4,1,3,16,12,4,13,Bolivia - Primera Div. - Clausura,0.5,0.62,4,2.0,2.0,1.61,2
Aurora,8,3,3,2,14,16,-2,12,Bolivia - Primera Div. - Clausura,0.38,0.75,-2,1.75,2.63,1.33,3
Nacional Potosi,8,3,2,3,15,16,-1,11,Bolivia - Primera Div. - Clausura,0.38,0.62,-1,1.88,2.63,1.61,4
Wilstermann,8,3,2,3,9,10,-1,11,Bolivia - Primera Div. - Clausura,0.38,0.62,-1,1.12,2.63,1.61,4
The Strongest,8,3,1,4,11,14,-3,10,Bolivia - Primera Div. - Clausura,0.38,0.5,-3,1.38,2.63,2.0,5
SA Bulo Bulo,8,3,1,4,7,13,-6,10,Bolivia - Primera Div. - Clausura,0.38,0.5,-6,0.88,2.63,2.0,5
Blooming,8,3,1,4,6,18,-12,10,Bolivia - Primera Div. - Clausura,0.38,0.5,-12,0.75,2.63,2.0,5
Santa Cruz,8,3,0,5,11,25,-14,9,Bolivia - Primera Div. - Clausura,0.38,0.38,-14,1.38,2.63,2.63,6
Gualberto V. SJ,8,2,2,4,11,15,-4,8,Bolivia - Primera Div. - Clausura,0.25,0.5,-4,1.38,4.0,2.0,7
U. de Vinto,8,2,2,4,9,16,-7,8,Bolivia - Primera Div. - Clausura,0.25,0.5,-7,1.12,4.0,2.0,7
I. Petrolero,8,2,1,5,8,15,-7,7,Bolivia - Primera Div. - Clausura,0.25,0.38,-7,1.0,4.0,2.63,8
Guabira,8,1,2,5,8,18,-10,5,Bolivia - Primera Div. - Clausura,0.12,0.38,-10,1.0,8.33,2.63,9
Royal Pari,8,1,2,5,6,17,-11,5,Bolivia - Primera Div. - Clausura,0.12,0.38,-11,0.75,8.33,2.63,9
Real Tomayapo,8,1,0,7,10,19,-9,3,Bolivia - Primera Div. - Clausura,0.12,0.12,-9,1.25,8.33,8.33,10
Oriente P.,8,0,2,6,10,24,-14,2,Bolivia - Primera Div. - Clausura,0.0,0.25,-14,1.25,0.0,4.0,11
Palmeiras,8,6,1,1,13,7,6,19,Brazil - Serie A,0.75,0.88,6,1.62,1.33,1.14,1
Botafogo,8,5,2,1,9,4,5,17,Brazil - Serie A,0.62,0.88,5,1.12,1.61,1.14,2
Flamengo,8,4,2,2,12,7,5,14,Brazil - Serie A,0.5,0.75,5,1.5,2.0,1.33,3
Internacional,8,4,2,2,16,13,3,14,Brazil - Serie A,0.5,0.75,3,2.0,2.0,1.33,3
Corinthians,8,4,1,3,12,9,3,13,Brazil - Serie A,0.5,0.62,3,1.5,2.0,1.61,4
Vitoria,8,3,3,2,12,11,1,12,Brazil - Serie A,0.38,0.75,1,1.5,2.63,1.33,5
Fluminense,8,3,1,4,8,8,0,10,Brazil - Serie A,0.38,0.5,0,1.0,2.63,2.0,6
Juventude,8,2,3,3,11,13,-2,9,Brazil - Serie A,0.25,0.62,-2,1.38,4.0,1.61,7
Sao Paulo,8,2,2,4,8,10,-2,8,Brazil - Serie A,0.25,0.5,-2,1.0,4.0,2.0,8
Vasco da Gama,8,2,2,4,6,15,-9,8,Brazil - Serie A,0.25,0.5,-9,0.75,4.0,2.0,8
Bahia,8,2,1,5,10,16,-6,7,Brazil - Serie A,0.25,0.38,-6,1.25,4.0,2.63,9
Fortaleza,8,1,3,4,11,15,-4,6,Brazil - Serie A,0.12,0.5,-4,1.38,8.33,2.0,10
Cruzeiro,8,1,3,4,5,10,-5,6,Brazil - Serie A,0.12,0.5,-5,0.62,8.33,2.0,10
Gremio,8,0,5,3,7,10,-3,5,Brazil - Serie A,0.0,0.62,-3,0.88,0.0,1.61,11
Bragantino,8,1,2,5,5,13,-8,5,Brazil - Serie A,0.12,0.38,-8,0.62,8.33,2.63,11
Criciuma,8,1,2,5,5,17,-12,5,Brazil - Serie A,0.12,0.38,-12,0.62,8.33,2.63,11
Cuiaba,8,0,4,4,1,7,-6,4,Brazil - Serie A,0.0,0.5,-6,0.12,0.0,2.0,12
Atletico MG,8,0,3,5,4,12,-8,3,Brazil - Serie A,0.0,0.38,-8,0.5,0.0,2.63,13
Athletico PR,8,0,2,6,5,13,-8,2,Brazil - Serie A,0.0,0.25,-8,0.62,0.0,4.0,14
Atletico GO,8,0,1,7,4,18,-14,1,Brazil - Serie A,0.0,0.12,-14,0.5,0.0,8.33,15
Sport Recife,8,4,2,2,13,6,7,14,Brazil - Serie B,0.5,0.75,7,1.62,2.0,1.33,1
Santos,8,4,1,3,11,9,2,13,Brazil - Serie B,0.5,0.62,2,1.38,2.0,1.61,2
Goias,8,3,3,2,12,5,7,12,Brazil - Serie B,0.38,0.75,7,1.5,2.63,1.33,3
Botafogo SP,8,3,2,3,8,9,-1,11,Brazil - Serie B,0.38,0.62,-1,1.0,2.63,1.61,4
CRB,8,3,1,4,8,9,-1,10,Brazil - Serie B,0.38,0.5,-1,1.0,2.63,2.0,5
Ituano,8,3,0,5,13,14,-1,9,Brazil - Serie B,0.38,0.38,-1,1.62,2.63,2.63,6
Mirassol,8,2,3,3,7,8,-1,9,Brazil - Serie B,0.25,0.62,-1,0.88,4.0,1.61,6
Novorizontino,8,2,2,4,7,7,0,8,Brazil - Serie B,0.25,0.5,0,0.88,4.0,2.0,7
Ceara,8,2,2,4,10,11,-1,8,Brazil - Serie B,0.25,0.5,-1,1.25,4.0,2.0,7
Chapecoense,8,2,2,4,8,10,-2,8,Brazil - Serie B,0.25,0.5,-2,1.0,4.0,2.0,7
Operario PR,8,2,2,4,6,10,-4,8,Brazil - Serie B,0.25,0.5,-4,0.75,4.0,2.0,7
Avai,8,2,1,5,7,11,-4,7,Brazil - Serie B,0.25,0.38,-4,0.88,4.0,2.63,8
Coritiba,8,2,0,6,10,14,-4,6,Brazil - Serie B,0.25,0.25,-4,1.25,4.0,4.0,9
Paysandu,8,1,3,4,8,12,-4,6,Brazil - Serie B,0.12,0.5,-4,1.0,8.33,2.0,9
Amazonas,8,1,2,5,2,8,-6,5,Brazil - Serie B,0.12,0.38,-6,0.25,8.33,2.63,10
America MG,8,1,1,6,6,10,-4,4,Brazil - Serie B,0.12,0.25,-4,0.75,8.33,4.0,11
Ponte Preta,8,1,1,6,7,14,-7,4,Brazil - Serie B,0.12,0.25,-7,0.88,8.33,4.0,11
Guarani,8,1,0,7,5,14,-9,3,Brazil - Serie B,0.12,0.12,-9,0.62,8.33,8.33,12
Vila Nova,8,1,0,7,3,18,-15,3,Brazil - Serie B,0.12,0.12,-15,0.38,8.33,8.33,12
Brusque,8,0,2,6,1,12,-11,2,Brazil - Serie B,0.0,0.25,-11,0.12,0.0,4.0,13
Ferroviaria,8,3,4,1,4,2,2,13,Brazil - Serie C,0.38,0.88,2,0.5,2.63,1.14,1
CSA,8,4,1,3,8,7,1,13,Brazil - Serie C,0.5,0.62,1,1.0,2.0,1.61,1
Botafogo PB,8,3,3,2,10,9,1,12,Brazil - Serie C,0.38,0.75,1,1.25,2.63,1.33,2
Londrina,8,3,2,3,7,7,0,11,Brazil - Serie C,0.38,0.62,0,0.88,2.63,1.61,3
Sao Bernardo,8,3,2,3,10,11,-1,11,Brazil - Serie C,0.38,0.62,-1,1.25,2.63,1.61,3
Volta Redonda,8,3,2,3,12,15,-3,11,Brazil - Serie C,0.38,0.62,-3,1.5,2.63,1.61,3
Athletic Club,8,2,4,2,10,11,-1,10,Brazil - Serie C,0.25,0.75,-1,1.25,4.0,1.33,4
Floresta,8,2,3,3,4,8,-4,9,Brazil - Serie C,0.25,0.62,-4,0.5,4.0,1.61,5
Ypiranga,8,2,2,4,6,12,-6,8,Brazil - Serie C,0.25,0.5,-6,0.75,4.0,2.0,6
ABC,8,1,4,3,8,8,0,7,Brazil - Serie C,0.12,0.62,0,1.0,8.33,1.61,7
Tombense,8,1,4,3,10,11,-1,7,Brazil - Serie C,0.12,0.62,-1,1.25,8.33,1.61,7
Remo,8,2,1,5,9,14,-5,7,Brazil - Serie C,0.25,0.38,-5,1.12,4.0,2.63,7
Nautico,8,0,4,4,9,14,-5,4,Brazil - Serie C,0.0,0.5,-5,1.12,0.0,2.0,8
Sampaio Correa,8,0,4,4,3,8,-5,4,Brazil - Serie C,0.0,0.5,-5,0.38,0.0,2.0,8
Ferroviario,8,1,1,6,7,16,-9,4,Brazil - Serie C,0.12,0.25,-9,0.88,8.33,4.0,8
Figueirense,8,1,1,6,7,16,-9,4,Brazil - Serie C,0.12,0.25,-9,0.88,8.33,4.0,8
Aparecidense,8,1,1,6,6,15,-9,4,Brazil - Serie C,0.12,0.25,-9,0.75,8.33,4.0,8
EC Sao Jose,8,0,3,5,5,11,-6,3,Brazil - Serie C,0.0,0.38,-6,0.62,0.0,2.63,9
Confianca,8,0,1,7,4,14,-10,1,Brazil - Serie C,0.0,0.12,-10,0.5,0.0,8.33,10
Caxias,8,0,0,8,4,14,-10,0,Brazil - Serie C,0.0,0.0,-10,0.5,0.0,0.0,11
Manauara,7,4,3,0,14,3,11,15,Brazil - Serie D,0.57,1.0,11,2.0,1.75,1.0,1
Treze,7,4,2,1,15,6,9,14,Brazil - Serie D,0.57,0.86,9,2.14,1.75,1.16,2
Brasiliense,7,4,1,2,13,7,6,13,Brazil - Serie D,0.57,0.71,6,1.86,1.75,1.41,3
Itabuna,7,4,1,2,11,7,4,13,Brazil - Serie D,0.57,0.71,4,1.57,1.75,1.41,3
Anapolis,7,4,1,2,8,5,3,13,Brazil - Serie D,0.57,0.71,3,1.14,1.75,1.41,3
Maranhao,7,3,3,1,8,5,3,12,Brazil - Serie D,0.43,0.86,3,1.14,2.33,1.16,4
Nova Iguacu,7,3,3,1,6,4,2,12,Brazil - Serie D,0.43,0.86,2,0.86,2.33,1.16,4
Cianorte,7,4,0,3,6,6,0,12,Brazil - Serie D,0.57,0.57,0,0.86,1.75,1.75,4
Altos,7,3,2,2,10,9,1,11,Brazil - Serie D,0.43,0.71,1,1.43,2.33,1.41,5
Maringa,7,3,2,2,10,9,1,11,Brazil - Serie D,0.43,0.71,1,1.43,2.33,1.41,5
P. do Solimoes,7,3,2,2,9,10,-1,11,Brazil - Serie D,0.43,0.71,-1,1.29,2.33,1.41,5
Portuguesa RJ,7,2,4,1,6,4,2,10,Brazil - Serie D,0.29,0.86,2,0.86,3.45,1.16,6
Itabaiana,7,3,1,3,8,7,1,10,Brazil - Serie D,0.43,0.57,1,1.14,2.33,1.75,6
CSE,7,3,1,3,9,10,-1,10,Brazil - Serie D,0.43,0.57,-1,1.29,2.33,1.75,6
Juazeirense,7,3,1,3,5,6,-1,10,Brazil - Serie D,0.43,0.57,-1,0.71,2.33,1.75,6
Manaus,7,2,3,2,11,10,1,9,Brazil - Serie D,0.29,0.71,1,1.57,3.45,1.41,7
Hercilio Luz,7,1,6,0,5,4,1,9,Brazil - Serie D,0.14,1.0,1,0.71,7.14,1.0,7
Serra,7,2,3,2,9,10,-1,9,Brazil - Serie D,0.29,0.71,-1,1.29,3.45,1.41,7
Novo Hamburgo,7,2,3,2,8,9,-1,9,Brazil - Serie D,0.29,0.71,-1,1.14,3.45,1.41,7
Atletico CE,7,2,3,2,7,9,-2,9,Brazil - Serie D,0.29,0.71,-2,1.0,3.45,1.41,7
Porto Velho,7,3,0,4,8,11,-3,9,Brazil - Serie D,0.43,0.43,-3,1.14,2.33,2.33,7
Trem,7,3,0,4,11,15,-4,9,Brazil - Serie D,0.43,0.43,-4,1.57,2.33,2.33,7
Barra FC,7,2,2,3,6,5,1,8,Brazil - Serie D,0.29,0.57,1,0.86,3.45,1.75,8
Inter Limeira,7,2,2,3,4,3,1,8,Brazil - Serie D,0.29,0.57,1,0.57,3.45,1.75,8
River,7,2,2,3,8,8,0,8,Brazil - Serie D,0.29,0.57,0,1.14,3.45,1.75,8
ASA,7,2,2,3,8,9,-1,8,Brazil - Serie D,0.29,0.57,-1,1.14,3.45,1.75,8
Retro,7,2,2,3,7,8,-1,8,Brazil - Serie D,0.29,0.57,-1,1.0,3.45,1.75,8
Costa Rica MS,7,2,2,3,5,6,-1,8,Brazil - Serie D,0.29,0.57,-1,0.71,3.45,1.75,8
CRAC,7,1,5,1,4,5,-1,8,Brazil - Serie D,0.14,0.86,-1,0.57,7.14,1.16,8
Flamengo,5,3,2,0,13,1,12,11,Brazil - Carioca,0.6,1.0,12,2.6,1.67,1.0,1
Volta Redonda,6,3,1,2,8,8,0,10,Brazil - Carioca,0.5,0.67,0,1.33,2.0,1.49,2
Madureira,6,2,1,3,7,6,1,7,Brazil - Carioca,0.33,0.5,1,1.17,3.03,2.0,3
Fluminense,5,2,1,2,6,5,1,7,Brazil - Carioca,0.4,0.6,1,1.2,2.5,1.67,3
Nova Iguacu,5,2,1,2,3,5,-2,7,Brazil - Carioca,0.4,0.6,-2,0.6,2.5,1.67,3
Boavista,5,1,3,1,3,3,0,6,Brazil - Carioca,0.2,0.8,0,0.6,5.0,1.25,4
Vasco da Gama,5,1,3,1,3,4,-1,6,Brazil - Carioca,0.2,0.8,-1,0.6,5.0,1.25,4
Sampaio Correa,6,1,3,2,4,6,-2,6,Brazil - Carioca,0.17,0.67,-2,0.67,5.88,1.49,4
Botafogo,5,1,1,3,3,5,-2,4,Brazil - Carioca,0.2,0.4,-2,0.6,5.0,2.5,5
Portuguesa RJ,6,1,1,4,6,13,-7,4,Brazil - Carioca,0.17,0.33,-7,1.0,5.88,3.03,5
CFRJ . Marica,6,1,1,4,5,13,-8,4,Brazil - Carioca,0.17,0.33,-8,0.83,5.88,3.03,5
Bangu,6,0,3,3,4,10,-6,3,Brazil - Carioca,0.0,0.5,-6,0.67,0.0,2.0,6
Betim,4,3,1,0,8,2,6,10,Brazil - Mineiro,0.75,1.0,6,2.0,1.33,1.0,1
Atletico MG,4,2,2,0,3,0,3,8,Brazil - Mineiro,0.5,1.0,3,0.75,2.0,1.0,2
Democrata GV,4,2,2,0,4,2,2,8,Brazil - Mineiro,0.5,1.0,2,1.0,2.0,1.0,2
Tombense,4,2,0,2,4,4,0,6,Brazil - Mineiro,0.5,0.5,0,1.0,2.0,2.0,3
America MG,4,1,2,1,4,4,0,5,Brazil - Mineiro,0.25,0.75,0,1.0,4.0,1.33,4
Cruzeiro,4,1,1,2,6,5,1,4,Brazil - Mineiro,0.25,0.5,1,1.5,4.0,2.0,5
Itabirito,4,1,1,2,5,6,-1,4,Brazil - Mineiro,0.25,0.5,-1,1.25,4.0,2.0,5
Uberlandia,4,1,1,2,4,6,-2,4,Brazil - Mineiro,0.25,0.5,-2,1.0,4.0,2.0,5
Pouso Alegre,4,1,1,2,5,11,-6,4,Brazil - Mineiro,0.25,0.5,-6,1.25,4.0,2.0,5
Villa Nova,4,1,1,2,3,9,-6,4,Brazil - Mineiro,0.25,0.5,-6,0.75,4.0,2.0,5
Athletic Club,4,1,0,3,1,6,-5,3,Brazil - Mineiro,0.25,0.25,-5,0.25,4.0,4.0,6
Aymores,4,0,2,2,0,3,-3,2,Brazil - Mineiro,0.0,0.5,-3,0.0,0.0,2.0,7
Atletico GO,5,3,1,1,10,4,6,10,Brazil - Goiano,0.6,0.8,6,2.0,1.67,1.25,1
Anapolis,5,3,1,1,6,3,3,10,Brazil - Goiano,0.6,0.8,3,1.2,1.67,1.25,1
Vila Nova,5,3,1,1,7,5,2,10,Brazil - Goiano,0.6,0.8,2,1.4,1.67,1.25,1
CRAC,6,2,2,2,4,4,0,8,Brazil - Goiano,0.33,0.67,0,0.67,3.03,1.49,2
Goias,5,2,1,2,4,4,0,7,Brazil - Goiano,0.4,0.6,0,0.8,2.5,1.67,3
Goiatuba EC,6,1,4,1,4,4,0,7,Brazil - Goiano,0.17,0.83,0,0.67,5.88,1.2,3
Inhumas,6,1,2,3,3,6,-3,5,Brazil - Goiano,0.17,0.5,-3,0.5,5.88,2.0,4
Jataiense,6,1,1,4,4,8,-4,4,Brazil - Goiano,0.17,0.33,-4,0.67,5.88,3.03,5
Goianesia,6,1,1,4,4,9,-5,4,Brazil - Goiano,0.17,0.33,-5,0.67,5.88,3.03,5
ABECAT Ouvidore,6,1,1,4,3,8,-5,4,Brazil - Goiano,0.17,0.33,-5,0.5,5.88,3.03,5
Aparecidense,5,0,2,3,2,5,-3,2,Brazil - Goiano,0.0,0.4,-3,0.4,0.0,2.5,6
Goiania,5,0,0,5,2,12,-10,0,Brazil - Goiano,0.0,0.0,-10,0.4,0.0,0.0,7
Sport Recife,4,2,1,1,5,3,2,7,Brazil - Pernambucano,0.5,0.75,2,1.25,2.0,1.33,1
Maguary PE,5,2,1,2,5,9,-4,7,Brazil - Pernambucano,0.4,0.6,-4,1.0,2.5,1.67,1
Santa Cruz,4,1,2,1,6,3,3,5,Brazil - Pernambucano,0.25,0.75,3,1.5,4.0,1.33,2
Decisao,5,1,2,2,5,10,-5,5,Brazil - Pernambucano,0.2,0.6,-5,1.0,5.0,1.67,2
Retro,4,1,1,2,3,5,-2,4,Brazil - Pernambucano,0.25,0.5,-2,0.75,4.0,2.0,3
Nautico,4,1,0,3,3,5,-2,3,Brazil - Pernambucano,0.25,0.25,-2,0.75,4.0,4.0,4
Central,4,0,2,2,2,4,-2,2,Brazil - Pernambucano,0.0,0.5,-2,0.5,0.0,2.0,5
Jaguar,5,0,2,3,5,10,-5,2,Brazil - Pernambucano,0.0,0.4,-5,1.0,0.0,2.5,5
Petrolina,5,0,2,3,3,9,-6,2,Brazil - Pernambucano,0.0,0.4,-6,0.6,0.0,2.5,5
Afogados,5,0,1,4,1,9,-8,1,Brazil - Pernambucano,0.0,0.2,-8,0.2,0.0,5.0,6
Ponte Preta,6,5,1,0,9,4,5,16,Brazil - Paulista,0.83,1.0,5,1.5,1.2,1.0,1
Palmeiras,6,4,2,0,14,6,8,14,Brazil - Paulista,0.67,1.0,8,2.33,1.49,1.0,2
Sao Bernardo,6,4,1,1,9,7,2,13,Brazil - Paulista,0.67,0.83,2,1.5,1.49,1.2,3
Novorizontino,6,3,3,0,9,6,3,12,Brazil - Paulista,0.5,1.0,3,1.5,2.0,1.0,4
Corinthians,6,3,2,1,8,7,1,11,Brazil - Paulista,0.5,0.83,1,1.33,2.0,1.2,5
Sao Paulo,6,2,2,2,6,6,0,8,Brazil - Paulista,0.33,0.67,0,1.0,3.03,1.49,6
Mirassol,6,2,0,4,6,12,-6,6,Brazil - Paulista,0.33,0.33,-6,1.0,3.03,3.03,7
Santos,6,1,2,3,7,8,-1,5,Brazil - Paulista,0.17,0.5,-1,1.17,5.88,2.0,8
Bragantino,6,1,2,3,5,8,-3,5,Brazil - Paulista,0.17,0.5,-3,0.83,5.88,2.0,8
Inter Limeira,6,0,4,2,6,9,-3,4,Brazil - Paulista,0.0,0.67,-3,1.0,0.0,1.49,9
Portuguesa,6,0,4,2,4,7,-3,4,Brazil - Paulista,0.0,0.67,-3,0.67,0.0,1.49,9
Noroeste,6,1,1,4,5,10,-5,4,Brazil - Paulista,0.17,0.33,-5,0.83,5.88,3.03,9
Velo Clube,6,0,3,3,6,9,-3,3,Brazil - Paulista,0.0,0.5,-3,1.0,0.0,2.0,10
Botafogo SP,6,0,3,3,4,9,-5,3,Brazil - Paulista,0.0,0.5,-5,0.67,0.0,2.0,10
Guarani,6,0,2,4,4,9,-5,2,Brazil - Paulista,0.0,0.33,-5,0.67,0.0,3.03,11
Agua Santa,6,0,1,5,3,17,-14,1,Brazil - Paulista,0.0,0.17,-14,0.5,0.0,5.88,12
EC de Patos,5,3,0,2,11,8,3,9,Brazil - Paraibano,0.6,0.6,3,2.2,1.67,1.67,1
Sousa,4,2,2,0,5,1,4,8,Brazil - Paraibano,0.5,1.0,4,1.25,2.0,1.0,2
Treze,4,2,1,1,11,6,5,7,Brazil - Paraibano,0.5,0.75,5,2.75,2.0,1.33,3
Botafogo PB,4,2,0,2,4,4,0,6,Brazil - Paraibano,0.5,0.5,0,1.0,2.0,2.0,4
Auto Esporte,5,1,2,2,6,11,-5,5,Brazil - Paraibano,0.2,0.6,-5,1.2,5.0,1.67,5
Serra Branca,4,1,1,2,3,4,-1,4,Brazil - Paraibano,0.25,0.5,-1,0.75,4.0,2.0,6
Pombal,5,1,1,3,4,6,-2,4,Brazil - Paraibano,0.2,0.4,-2,0.8,5.0,2.5,6
Campinense,5,1,1,3,3,8,-5,4,Brazil - Paraibano,0.2,0.4,-5,0.6,5.0,2.5,6
Nacional Patos,5,0,2,3,7,13,-6,2,Brazil - Paraibano,0.0,0.4,-6,1.4,0.0,2.5,7
Picuiense,4,0,1,3,2,19,-17,1,Brazil - Paraibano,0.0,0.25,-17,0.5,0.0,4.0,8
Criciuma,5,3,2,0,8,3,5,11,Brazil - Catarinense,0.6,1.0,5,1.6,1.67,1.0,1
Chapecoense,6,2,3,1,11,9,2,9,Brazil - Catarinense,0.33,0.83,2,1.83,3.03,1.2,2
Avai,5,1,3,1,3,1,2,6,Brazil - Catarinense,0.2,0.8,2,0.6,5.0,1.25,3
Santa Catarina,6,1,3,2,8,9,-1,6,Brazil - Catarinense,0.17,0.67,-1,1.33,5.88,1.49,3
Brusque,5,1,2,2,5,4,1,5,Brazil - Catarinense,0.2,0.6,1,1.0,5.0,1.67,4
Figueirense,5,1,2,2,4,5,-1,5,Brazil - Catarinense,0.2,0.6,-1,0.8,5.0,1.67,4
Barra FC,5,1,2,2,2,5,-3,5,Brazil - Catarinense,0.2,0.6,-3,0.4,5.0,1.67,4
Joinville,6,1,2,3,3,9,-6,5,Brazil - Catarinense,0.17,0.5,-6,0.5,5.88,2.0,4
Caravaggio,6,1,1,4,5,13,-8,4,Brazil - Catarinense,0.17,0.33,-8,0.83,5.88,3.03,5
Hercilio Luz,6,0,2,4,3,8,-5,2,Brazil - Catarinense,0.0,0.33,-5,0.5,0.0,3.03,6
Marcilio Dias,5,0,2,3,2,7,-5,2,Brazil - Catarinense,0.0,0.4,-5,0.4,0.0,2.5,6
Concordia,6,0,1,5,3,14,-11,1,Brazil - Catarinense,0.0,0.17,-11,0.5,0.0,5.88,7
Internacional,4,2,2,0,8,4,4,8,Brazil - Gaucho,0.5,1.0,4,2.0,2.0,1.0,1
Gremio,4,2,1,1,4,2,2,7,Brazil - Gaucho,0.5,0.75,2,1.0,2.0,1.33,2
Juventude,4,2,1,1,6,5,1,7,Brazil - Gaucho,0.5,0.75,1,1.5,2.0,1.33,2
Caxias,4,2,1,1,2,4,-2,7,Brazil - Gaucho,0.5,0.75,-2,0.5,2.0,1.33,2
Ypiranga,4,1,2,1,2,3,-1,5,Brazil - Gaucho,0.25,0.75,-1,0.5,4.0,1.33,3
Guarany de Bage,4,1,1,2,3,3,0,4,Brazil - Gaucho,0.25,0.5,0,0.75,4.0,2.0,4
Monsoon,4,1,1,2,4,6,-2,4,Brazil - Gaucho,0.25,0.5,-2,1.0,4.0,2.0,4
Sao Luiz,4,1,1,2,2,7,-5,4,Brazil - Gaucho,0.25,0.5,-5,0.5,4.0,2.0,4
EC Sao Jose,4,0,2,2,3,6,-3,2,Brazil - Gaucho,0.0,0.5,-3,0.75,0.0,2.0,5
Brasil de P.,4,0,2,2,3,8,-5,2,Brazil - Gaucho,0.0,0.5,-5,0.75,0.0,2.0,5
Pelotas,4,0,2,2,2,8,-6,2,Brazil - Gaucho,0.0,0.5,-6,0.5,0.0,2.0,5
Avenida,4,0,0,4,2,6,-4,0,Brazil - Gaucho,0.0,0.0,-4,0.5,0.0,0.0,6
Ludogorets,8,5,2,1,19,9,10,17,Bulgaria - Parva Liga,0.62,0.88,10,2.38,1.61,1.14,1
Cherno More,8,5,2,1,13,6,7,17,Bulgaria - Parva Liga,0.62,0.88,7,1.62,1.61,1.14,1
Levski Sofia,8,5,1,2,16,8,8,16,Bulgaria - Parva Liga,0.62,0.75,8,2.0,1.61,1.33,2
CSKA Sofia,8,4,2,2,11,5,6,14,Bulgaria - Parva Liga,0.5,0.75,6,1.38,2.0,1.33,3
Septemvri Sofia,8,4,1,3,8,9,-1,13,Bulgaria - Parva Liga,0.5,0.62,-1,1.0,2.0,1.61,4
Arda,8,3,3,2,9,7,2,12,Bulgaria - Parva Liga,0.38,0.75,2,1.12,2.63,1.33,5
Beroe,8,3,2,3,12,9,3,11,Bulgaria - Parva Liga,0.38,0.62,3,1.5,2.63,1.61,6
Lokomotiv Sofia,8,3,0,5,12,14,-2,9,Bulgaria - Parva Liga,0.38,0.38,-2,1.5,2.63,2.63,7
Botev Plovdiv,8,3,0,5,5,9,-4,9,Bulgaria - Parva Liga,0.38,0.38,-4,0.62,2.63,2.63,7
Spartak Varna,8,2,3,3,7,12,-5,9,Bulgaria - Parva Liga,0.25,0.62,-5,0.88,4.0,1.61,7
L. Krumovgrad,8,1,5,2,3,4,-1,8,Bulgaria - Parva Liga,0.12,0.75,-1,0.38,8.33,1.33,8
Lok. Plovdiv,8,2,1,5,8,12,-4,7,Bulgaria - Parva Liga,0.25,0.38,-4,1.0,4.0,2.63,9
CSKA 1948 Sofia,8,0,6,2,7,11,-4,6,Bulgaria - Parva Liga,0.0,0.75,-4,0.88,0.0,1.33,10
Slavia Sofia,8,1,2,5,11,15,-4,5,Bulgaria - Parva Liga,0.12,0.38,-4,1.38,8.33,2.63,11
Hebar,8,0,2,6,5,20,-15,2,Bulgaria - Parva Liga,0.0,0.25,-15,0.62,0.0,4.0,12
Botev Vratsa,8,0,1,7,4,19,-15,1,Bulgaria - Parva Liga,0.0,0.12,-15,0.5,0.0,8.33,13
Coquimbo Unido,3,2,1,0,5,1,4,7,Chile - Primera Division,0.67,1.0,4,1.67,1.49,1.0,1
Palestino,2,2,0,0,6,1,5,6,Chile - Primera Division,1.0,1.0,5,3.0,1.0,1.0,2
OHiggins,2,1,1,0,3,2,1,4,Chile - Primera Division,0.5,1.0,1,1.5,2.0,1.0,3
Huachipato,3,1,1,1,3,3,0,4,Chile - Primera Division,0.33,0.67,0,1.0,3.03,1.49,3
Colo-Colo,2,1,0,1,4,3,1,3,Chile - Primera Division,0.5,0.5,1,2.0,2.0,2.0,4
Audax Italiano,2,1,0,1,3,3,0,3,Chile - Primera Division,0.5,0.5,0,1.5,2.0,2.0,4
Nublense,2,1,0,1,2,6,-4,3,Chile - Primera Division,0.5,0.5,-4,1.0,2.0,2.0,4
Cobresal,2,0,1,1,2,3,-1,1,Chile - Primera Division,0.0,0.5,-1,1.0,0.0,2.0,5
U. de Chile,2,0,1,1,2,3,-1,1,Chile - Primera Division,0.0,0.5,-1,1.0,0.0,2.0,5
U. Catolica,2,0,1,1,1,2,-1,1,Chile - Primera Division,0.0,0.5,-1,0.5,0.0,2.0,5
D. Limache,2,0,1,1,2,4,-2,1,Chile - Primera Division,0.0,0.5,-2,1.0,0.0,2.0,5
La Serena,2,0,1,1,2,4,-2,1,Chile - Primera Division,0.0,0.5,-2,1.0,0.0,2.0,5
Everton,3,0,1,2,1,7,-6,1,Chile - Primera Division,0.0,0.33,-6,0.33,0.0,3.03,5
Union La Calera,1,0,0,1,0,1,-1,0,Chile - Primera Division,0.0,0.0,-1,0.0,0.0,0.0,6
D. Iquique,2,0,0,2,2,5,-3,0,Chile - Primera Division,0.0,0.0,-3,1.0,0.0,0.0,6
Union Espanola,2,0,0,2,0,5,-5,0,Chile - Primera Division,0.0,0.0,-5,0.0,0.0,0.0,6
U. Concepcion,2,1,1,0,2,0,2,4,Chile - Primera B,0.5,1.0,2,1.0,2.0,1.0,1
San Luis,2,1,1,0,4,3,1,4,Chile - Primera B,0.5,1.0,1,2.0,2.0,1.0,1
Copiapo,2,1,1,0,2,1,1,4,Chile - Primera B,0.5,1.0,1,1.0,2.0,1.0,1
Curico Unido,2,1,1,0,2,1,1,4,Chile - Primera B,0.5,1.0,1,1.0,2.0,1.0,1
S. Wanderers,1,1,0,0,1,0,1,3,Chile - Primera B,1.0,1.0,1,1.0,1.0,1.0,2
San Marcos,1,1,0,0,1,0,1,3,Chile - Primera B,1.0,1.0,1,1.0,1.0,1.0,2
Rangers,2,1,0,1,3,3,0,3,Chile - Primera B,0.5,0.5,0,1.5,2.0,2.0,2
Recoleta,2,1,0,1,1,3,-2,3,Chile - Primera B,0.5,0.5,-2,0.5,2.0,2.0,2
Cobreloa,2,0,2,0,2,2,0,2,Chile - Primera B,0.0,1.0,0,1.0,0.0,1.0,3
S. Morning,1,0,1,0,2,2,0,1,Chile - Primera B,0.0,1.0,0,2.0,0.0,1.0,4
CD Santa Cruz,2,0,1,1,3,4,-1,1,Chile - Primera B,0.0,0.5,-1,1.5,0.0,2.0,4
Deportes Temuco,2,0,1,1,3,4,-1,1,Chile - Primera B,0.0,0.5,-1,1.5,0.0,2.0,4
U. San Felipe,2,0,1,1,2,3,-1,1,Chile - Primera B,0.0,0.5,-1,1.0,0.0,2.0,4
Antofagasta,2,0,1,1,0,4,-4,1,Chile - Primera B,0.0,0.5,-4,0.0,0.0,2.0,4
Magallanes,1,0,0,1,1,2,-1,0,Chile - Primera B,0.0,0.0,-1,1.0,0.0,0.0,5
Concepcion,1,0,0,1,1,3,-2,0,Chile - Primera B,0.0,0.0,-2,1.0,0.0,0.0,5
Beijing Guoan,2,1,1,0,4,2,2,4,China - Super League,0.5,1.0,2,2.0,2.0,1.0,1
Tianjin T.,1,1,0,0,2,1,1,3,China - Super League,1.0,1.0,1,2.0,1.0,1.0,2
Sichuan Jiuniu,2,1,0,1,2,3,-1,3,China - Super League,0.5,0.5,-1,1.0,2.0,2.0,2
Meizhou Hakka,1,0,1,0,2,2,0,1,China - Super League,0.0,1.0,0,2.0,0.0,1.0,3
Qingdao West C.,1,0,1,0,2,2,0,1,China - Super League,0.0,1.0,0,2.0,0.0,1.0,3
Zhejiang,1,0,1,0,1,1,0,1,China - Super League,0.0,1.0,0,1.0,0.0,1.0,3
Henan SL,2,0,1,1,1,2,-1,1,China - Super League,0.0,0.5,-1,0.5,0.0,2.0,3
Dalian Yingbo,2,0,1,1,2,5,-3,1,China - Super League,0.0,0.5,-3,1.0,0.0,2.0,3
Chengdu,0,0,0,0,0,0,0,0,China - Super League,0.0,0.0,0,0.0,0.0,0.0,4
Qingdao Hainiu,0,0,0,0,0,0,0,0,China - Super League,0.0,0.0,0,0.0,0.0,0.0,4
S. Shenhua,0,0,0,0,0,0,0,0,China - Super League,0.0,0.0,0,0.0,0.0,0.0,4
Shandong T.,0,0,0,0,0,0,0,0,China - Super League,0.0,0.0,0,0.0,0.0,0.0,4
Shanghai Port,0,0,0,0,0,0,0,0,China - Super League,0.0,0.0,0,0.0,0.0,0.0,4
Yunnan Yukun,0,0,0,0,0,0,0,0,China - Super League,0.0,0.0,0,0.0,0.0,0.0,4
Changchun Yatai,2,0,0,2,1,4,-3,0,China - Super League,0.0,0.0,-3,0.5,0.0,0.0,4
Wuhan Three T.,2,0,0,2,0,3,-3,0,China - Super League,0.0,0.0,-3,0.0,0.0,0.0,4
Liaoning Tieren,1,1,0,0,3,0,3,3,China - League One,1.0,1.0,3,3.0,1.0,1.0,1
Qingdao RL,1,0,1,0,1,1,0,1,China - League One,0.0,1.0,0,1.0,0.0,1.0,2
Chongqing T.,0,0,0,0,0,0,0,0,China - League One,0.0,0.0,0,0.0,0.0,0.0,3
Dalian Kuncheng,0,0,0,0,0,0,0,0,China - League One,0.0,0.0,0,0.0,0.0,0.0,3
Foshan Nanshi,0,0,0,0,0,0,0,0,China - League One,0.0,0.0,0,0.0,0.0,0.0,3
Guangdong GZP,0,0,0,0,0,0,0,0,China - League One,0.0,0.0,0,0.0,0.0,0.0,3
Guangxi Baoyun,0,0,0,0,0,0,0,0,China - League One,0.0,0.0,0,0.0,0.0,0.0,3
Heilongjiang IC,0,0,0,0,0,0,0,0,China - League One,0.0,0.0,0,0.0,0.0,0.0,3
Nanjing City,0,0,0,0,0,0,0,0,China - League One,0.0,0.0,0,0.0,0.0,0.0,3
Nantong Zhiyun,0,0,0,0,0,0,0,0,China - League One,0.0,0.0,0,0.0,0.0,0.0,3
S. Gongfu,0,0,0,0,0,0,0,0,China - League One,0.0,0.0,0,0.0,0.0,0.0,3
Shaanxi Union,0,0,0,0,0,0,0,0,China - League One,0.0,0.0,0,0.0,0.0,0.0,3
Shenzhen J.,0,0,0,0,0,0,0,0,China - League One,0.0,0.0,0,0.0,0.0,0.0,3
Suzhou Dongwu,0,0,0,0,0,0,0,0,China - League One,0.0,0.0,0,0.0,0.0,0.0,3
Shanghai Jiadin,1,0,0,1,0,1,-1,0,China - League One,0.0,0.0,-1,0.0,0.0,0.0,3
Yanbian Longdin,1,0,0,1,0,4,-4,0,China - League One,0.0,0.0,-4,0.0,0.0,0.0,3
Ganzhou Ruishi,8,4,1,3,11,10,1,13,China - League Two,0.5,0.62,1,1.38,2.0,1.61,1
Shaanxi Union,8,3,2,3,13,12,1,11,China - League Two,0.38,0.62,1,1.62,2.63,1.61,2
Guangxi Lanhang,8,3,2,3,11,10,1,11,China - League Two,0.38,0.62,1,1.38,2.63,1.61,2
Guangdong GZP,8,3,2,3,8,7,1,11,China - League Two,0.38,0.62,1,1.0,2.63,1.61,2
Dalian Kuncheng,8,3,1,4,7,7,0,10,China - League Two,0.38,0.5,0,0.88,2.63,2.0,3
Guangxi H.,8,3,1,4,8,9,-1,10,China - League Two,0.38,0.5,-1,1.0,2.63,2.0,3
Shanghai Port B,8,3,1,4,10,12,-2,10,China - League Two,0.38,0.5,-2,1.25,2.63,2.0,3
Shenzhen J.,8,2,3,3,10,8,2,9,China - League Two,0.25,0.62,2,1.25,4.0,1.61,4
Shandong T. B,8,3,0,5,8,11,-3,9,China - League Two,0.38,0.38,-3,1.0,2.63,2.63,4
Haikou M.,8,2,3,3,10,14,-4,9,China - League Two,0.25,0.62,-4,1.25,4.0,1.61,4
Langfang Glory,8,2,2,4,6,8,-2,8,China - League Two,0.25,0.5,-2,0.75,4.0,2.0,5
Xian Ronghai,8,2,2,4,9,12,-3,8,China - League Two,0.25,0.5,-3,1.12,4.0,2.0,5
Taian Tiankuang,8,2,2,4,8,16,-8,8,China - League Two,0.25,0.5,-8,1.0,4.0,2.0,5
Hubei Istar,8,2,1,5,9,12,-3,7,China - League Two,0.25,0.38,-3,1.12,4.0,2.63,6
Hunan Billows,8,1,4,3,7,15,-8,7,China - League Two,0.12,0.62,-8,0.88,8.33,1.61,6
Jiangxi DH,8,1,3,4,6,7,-1,6,China - League Two,0.12,0.5,-1,0.75,8.33,2.0,7
Beijing IT,8,1,3,4,7,12,-5,6,China - League Two,0.12,0.5,-5,0.88,8.33,2.0,7
Rizhao Yuqi,8,0,5,3,6,12,-6,5,China - League Two,0.0,0.62,-6,0.75,0.0,1.61,8
Nantong Haimen,8,1,2,5,7,19,-12,5,China - League Two,0.12,0.38,-12,0.88,8.33,2.63,8
Quanzhou Yassin,8,0,0,8,5,24,-19,0,China - League Two,0.0,0.0,-19,0.62,0.0,0.0,9
A. Nacional,5,2,2,1,10,6,4,8,Colombia - Primera A - Apertura,0.4,0.8,4,2.0,2.5,1.25,1
I. Medelin,4,2,2,0,3,1,2,8,Colombia - Primera A - Apertura,0.5,1.0,2,0.75,2.0,1.0,1
Santa Fe,4,2,1,1,8,3,5,7,Colombia - Primera A - Apertura,0.5,0.75,5,2.0,2.0,1.33,2
Millonarios,5,2,1,2,8,8,0,7,Colombia - Primera A - Apertura,0.4,0.6,0,1.6,2.5,1.67,2
Envigado,5,2,1,2,5,6,-1,7,Colombia - Primera A - Apertura,0.4,0.6,-1,1.0,2.5,1.67,2
Junior,3,1,2,0,3,1,2,5,Colombia - Primera A - Apertura,0.33,1.0,2,1.0,3.03,1.0,3
Deportivo Cali,4,1,2,1,3,3,0,5,Colombia - Primera A - Apertura,0.25,0.75,0,0.75,4.0,1.33,3
A. Petrolera,5,1,2,2,3,7,-4,5,Colombia - Primera A - Apertura,0.2,0.6,-4,0.6,5.0,1.67,3
America de Cali,3,1,1,1,4,1,3,4,Colombia - Primera A - Apertura,0.33,0.67,3,1.33,3.03,1.49,4
A. Bucaramanga,4,1,1,2,2,3,-1,4,Colombia - Primera A - Apertura,0.25,0.5,-1,0.5,4.0,2.0,4
Deportivo Pasto,4,1,1,2,2,4,-2,4,Colombia - Primera A - Apertura,0.25,0.5,-2,0.5,4.0,2.0,4
Boyaca Chico,4,1,1,2,1,6,-5,4,Colombia - Primera A - Apertura,0.25,0.5,-5,0.25,4.0,2.0,4
Deportes Tolima,4,0,3,1,1,3,-2,3,Colombia - Primera A - Apertura,0.0,0.75,-2,0.25,0.0,1.33,5
D. Pereira,5,1,0,4,3,10,-7,3,Colombia - Primera A - Apertura,0.2,0.2,-7,0.6,5.0,5.0,5
Once Caldas,4,1,0,3,1,8,-7,3,Colombia - Primera A - Apertura,0.25,0.25,-7,0.25,4.0,4.0,5
R. Aguilas,3,0,2,1,4,5,-1,2,Colombia - Primera A - Apertura,0.0,0.67,-1,1.33,0.0,1.49,6
La Equidad,5,0,2,3,3,6,-3,2,Colombia - Primera A - Apertura,0.0,0.4,-3,0.6,0.0,2.5,6
Union Magdalena,4,0,1,3,2,6,-4,1,Colombia - Primera A - Apertura,0.0,0.25,-4,0.5,0.0,4.0,7
Llaneros,4,0,1,3,5,10,-5,1,Colombia - Primera A - Apertura,0.0,0.25,-5,1.25,0.0,4.0,7
Fortaleza CEIF,3,0,0,3,1,6,-5,0,Colombia - Primera A - Apertura,0.0,0.0,-5,0.33,0.0,0.0,8
A. Bucaramanga,8,5,2,1,13,5,8,17,Colombia - Primera A - Clausura,0.62,0.88,8,1.62,1.61,1.14,1
Santa Fe,8,4,4,0,11,5,6,16,Colombia - Primera A - Clausura,0.5,1.0,6,1.38,2.0,1.0,2
Millonarios,8,4,2,2,13,7,6,14,Colombia - Primera A - Clausura,0.5,0.75,6,1.62,2.0,1.33,3
A. Nacional,8,4,1,3,8,7,1,13,Colombia - Primera A - Clausura,0.5,0.62,1,1.0,2.0,1.61,4
Deportes Tolima,8,4,0,4,7,5,2,12,Colombia - Primera A - Clausura,0.5,0.5,2,0.88,2.0,2.0,5
America de Cali,8,3,2,3,11,12,-1,11,Colombia - Primera A - Clausura,0.38,0.62,-1,1.38,2.63,1.61,6
Junior,8,2,4,2,5,3,2,10,Colombia - Primera A - Clausura,0.25,0.75,2,0.62,4.0,1.33,7
I. Medelin,8,2,4,2,10,9,1,10,Colombia - Primera A - Clausura,0.25,0.75,1,1.25,4.0,1.33,7
Fortaleza CEIF,8,2,3,3,9,9,0,9,Colombia - Primera A - Clausura,0.25,0.62,0,1.12,4.0,1.61,8
Deportivo Pasto,8,2,3,3,6,6,0,9,Colombia - Primera A - Clausura,0.25,0.62,0,0.75,4.0,1.61,8
R. Aguilas,8,2,3,3,7,13,-6,9,Colombia - Primera A - Clausura,0.25,0.62,-6,0.88,4.0,1.61,8
Once Caldas,8,2,2,4,6,11,-5,8,Colombia - Primera A - Clausura,0.25,0.5,-5,0.75,4.0,2.0,9
D. Pereira,8,1,4,3,6,9,-3,7,Colombia - Primera A - Clausura,0.12,0.62,-3,0.75,8.33,1.61,10
Deportivo Cali,8,1,4,3,7,13,-6,7,Colombia - Primera A - Clausura,0.12,0.62,-6,0.88,8.33,1.61,10
La Equidad,8,1,3,4,7,13,-6,6,Colombia - Primera A - Clausura,0.12,0.5,-6,0.88,8.33,2.0,11
Patriotas,8,1,1,6,8,18,-10,4,Colombia - Primera A - Clausura,0.12,0.25,-10,1.0,8.33,4.0,12
Jaguares de C.,8,1,1,6,4,15,-11,4,Colombia - Primera A - Clausura,0.12,0.25,-11,0.5,8.33,4.0,12
Boyaca Chico,8,1,0,7,5,20,-15,3,Colombia - Primera A - Clausura,0.12,0.12,-15,0.62,8.33,8.33,13
A. Petrolera,8,0,2,6,4,13,-9,2,Colombia - Primera A - Clausura,0.0,0.25,-9,0.5,0.0,4.0,14
Envigado,8,0,1,7,2,15,-13,1,Colombia - Primera A - Clausura,0.0,0.12,-13,0.25,0.0,8.33,15
San Carlos,8,5,1,2,19,17,2,16,Costa Rica - Primera Div. - Apertura,0.62,0.75,2,2.38,1.61,1.33,1
Saprissa,8,4,2,2,10,7,3,14,Costa Rica - Primera Div. - Apertura,0.5,0.75,3,1.25,2.0,1.33,2
Alajuelense,8,3,3,2,10,9,1,12,Costa Rica - Primera Div. - Apertura,0.38,0.75,1,1.25,2.63,1.33,3
Herediano,8,3,2,3,11,11,0,11,Costa Rica - Primera Div. - Apertura,0.38,0.62,0,1.38,2.63,1.61,4
Santos Guapiles,8,1,4,3,11,13,-2,7,Costa Rica - Primera Div. - Apertura,0.12,0.62,-2,1.38,8.33,1.61,5
M. Liberia,8,2,1,5,10,14,-4,7,Costa Rica - Primera Div. - Apertura,0.25,0.38,-4,1.25,4.0,2.63,5
Zeledon,8,1,4,3,6,11,-5,7,Costa Rica - Primera Div. - Apertura,0.12,0.62,-5,0.75,8.33,1.61,5
Santa Ana,8,2,0,6,8,12,-4,6,Costa Rica - Primera Div. - Apertura,0.25,0.25,-4,1.0,4.0,4.0,6
Guanacasteca,8,1,3,4,6,15,-9,6,Costa Rica - Primera Div. - Apertura,0.12,0.5,-9,0.75,8.33,2.0,6
Cartagines,8,1,1,6,8,17,-9,4,Costa Rica - Primera Div. - Apertura,0.12,0.25,-9,1.0,8.33,4.0,7
Puntarenas,8,1,1,6,8,17,-9,4,Costa Rica - Primera Div. - Apertura,0.12,0.25,-9,1.0,8.33,4.0,7
Sporting SJ,8,0,1,7,3,12,-9,1,Costa Rica - Primera Div. - Apertura,0.0,0.12,-9,0.38,0.0,8.33,8
Slavia Prague,8,5,1,2,13,6,7,16,CzechRepublic - 1. Liga,0.62,0.75,7,1.62,1.61,1.33,1
Banik Ostrava,8,5,1,2,13,7,6,16,CzechRepublic - 1. Liga,0.62,0.75,6,1.62,1.61,1.33,1
Viktoria Plzen,8,5,1,2,11,5,6,16,CzechRepublic - 1. Liga,0.62,0.75,6,1.38,1.61,1.33,1
Bohemians,8,4,1,3,10,10,0,13,CzechRepublic - 1. Liga,0.5,0.62,0,1.25,2.0,1.61,2
Mlada Boleslav,8,3,2,3,13,9,4,11,CzechRepublic - 1. Liga,0.38,0.62,4,1.62,2.63,1.61,3
Sigma Olomouc,8,3,2,3,11,9,2,11,CzechRepublic - 1. Liga,0.38,0.62,2,1.38,2.63,1.61,3
Sparta Prague,8,3,2,3,11,10,1,11,CzechRepublic - 1. Liga,0.38,0.62,1,1.38,2.63,1.61,3
Hradec Kralove,8,3,2,3,7,9,-2,11,CzechRepublic - 1. Liga,0.38,0.62,-2,0.88,2.63,1.61,3
Jablonec,8,2,2,4,12,11,1,8,CzechRepublic - 1. Liga,0.25,0.5,1,1.5,4.0,2.0,4
Slovan Liberec,8,1,4,3,7,7,0,7,CzechRepublic - 1. Liga,0.12,0.62,0,0.88,8.33,1.61,5
Dukla Praha,8,1,3,4,4,15,-11,6,CzechRepublic - 1. Liga,0.12,0.5,-11,0.5,8.33,2.0,6
Teplice,8,0,4,4,5,14,-9,4,CzechRepublic - 1. Liga,0.0,0.5,-9,0.62,0.0,2.0,7
Slovacko,8,1,1,6,9,20,-11,4,CzechRepublic - 1. Liga,0.12,0.25,-11,1.12,8.33,4.0,7
Karvina,8,0,4,4,8,21,-13,4,CzechRepublic - 1. Liga,0.0,0.5,-13,1.0,0.0,2.0,7
Pardubice,8,0,2,6,2,15,-13,2,CzechRepublic - 1. Liga,0.0,0.25,-13,0.25,0.0,4.0,8
C. Budejovice,8,0,1,7,7,26,-19,1,CzechRepublic - 1. Liga,0.0,0.12,-19,0.88,0.0,8.33,9
Silkeborg,8,3,4,1,16,10,6,13,Denmark - Superligaen,0.38,0.88,6,2.0,2.63,1.14,1
Randers FC,8,3,4,1,13,8,5,13,Denmark - Superligaen,0.38,0.88,5,1.62,2.63,1.14,1
AGF Aarhus,8,2,4,2,11,7,4,10,Denmark - Superligaen,0.25,0.75,4,1.38,4.0,1.33,2
FC Midtjylland,8,3,1,4,14,11,3,10,Denmark - Superligaen,0.38,0.5,3,1.75,2.63,2.0,2
FC Kobenhavn,8,2,4,2,10,10,0,10,Denmark - Superligaen,0.25,0.75,0,1.25,4.0,1.33,2
Viborg,8,1,4,3,11,12,-1,7,Denmark - Superligaen,0.12,0.62,-1,1.38,8.33,1.61,3
Nordsjaelland,8,2,1,5,13,19,-6,7,Denmark - Superligaen,0.25,0.38,-6,1.62,4.0,2.63,3
Brondby IF,8,1,3,4,16,20,-4,6,Denmark - Superligaen,0.12,0.5,-4,2.0,8.33,2.0,4
Aalborg BK,8,1,3,4,8,15,-7,6,Denmark - Superligaen,0.12,0.5,-7,1.0,8.33,2.0,4
Lyngby,8,1,2,5,6,11,-5,5,Denmark - Superligaen,0.12,0.38,-5,0.75,8.33,2.63,5
SonderjyskE,8,1,2,5,10,17,-7,5,Denmark - Superligaen,0.12,0.38,-7,1.25,8.33,2.63,5
Vejle BK,8,1,1,6,8,17,-9,4,Denmark - Superligaen,0.12,0.25,-9,1.0,8.33,4.0,6
Fredericia,8,7,0,1,22,5,17,21,Denmark - 1st Division,0.88,0.88,17,2.75,1.14,1.14,1
Odense BK,8,4,4,0,18,7,11,16,Denmark - 1st Division,0.5,1.0,11,2.25,2.0,1.0,2
Hillerod,8,4,3,1,16,8,8,15,Denmark - 1st Division,0.5,0.88,8,2.0,2.0,1.14,3
Kolding IF,8,4,2,2,7,3,4,14,Denmark - 1st Division,0.5,0.75,4,0.88,2.0,1.33,4
HB Koge,8,3,4,1,11,8,3,13,Denmark - 1st Division,0.38,0.88,3,1.38,2.63,1.14,5
AC Horsens,8,4,1,3,16,15,1,13,Denmark - 1st Division,0.5,0.62,1,2.0,2.0,1.61,5
Esbjerg,8,4,0,4,14,11,3,12,Denmark - 1st Division,0.5,0.5,3,1.75,2.0,2.0,6
Hvidovre,8,3,0,5,6,10,-4,9,Denmark - 1st Division,0.38,0.38,-4,0.75,2.63,2.63,7
B 93,8,2,2,4,10,18,-8,8,Denmark - 1st Division,0.25,0.5,-8,1.25,4.0,2.0,8
Roskilde,8,2,1,5,7,14,-7,7,Denmark - 1st Division,0.25,0.38,-7,0.88,4.0,2.63,9
Vendsyssel,8,1,3,4,7,12,-5,6,Denmark - 1st Division,0.12,0.5,-5,0.88,8.33,2.0,10
Hobro,8,1,2,5,7,14,-7,5,Denmark - 1st Division,0.12,0.38,-7,0.88,8.33,2.63,11
Fremad Amager,8,5,1,2,13,9,4,16,Denmark - 2nd Division,0.62,0.75,4,1.62,1.61,1.33,1
Middelfart,8,4,3,1,15,7,8,15,Denmark - 2nd Division,0.5,0.88,8,1.88,2.0,1.14,2
Ishoj,8,4,2,2,10,8,2,14,Denmark - 2nd Division,0.5,0.75,2,1.25,2.0,1.33,3
Aarhus Fremad,8,4,1,3,11,6,5,13,Denmark - 2nd Division,0.5,0.62,5,1.38,2.0,1.61,4
AB Copenhagen,8,3,3,2,11,10,1,12,Denmark - 2nd Division,0.38,0.75,1,1.38,2.63,1.33,5
Helsingor,8,3,3,2,9,10,-1,12,Denmark - 2nd Division,0.38,0.75,-1,1.12,2.63,1.33,5
BK Frem,7,3,2,2,9,8,1,11,Denmark - 2nd Division,0.43,0.71,1,1.29,2.33,1.41,6
Hellerup IK,8,3,2,3,7,7,0,11,Denmark - 2nd Division,0.38,0.62,0,0.88,2.63,1.61,6
Naestved,8,3,2,3,6,7,-1,11,Denmark - 2nd Division,0.38,0.62,-1,0.75,2.63,1.61,6
Skive,8,3,1,4,10,15,-5,10,Denmark - 2nd Division,0.38,0.5,-5,1.25,2.63,2.0,7
Thisted,8,1,3,4,8,12,-4,6,Denmark - 2nd Division,0.12,0.5,-4,1.0,8.33,2.0,8
Nykobing,8,1,0,7,5,16,-11,3,Denmark - 2nd Division,0.12,0.12,-11,0.62,8.33,8.33,9
Barcelona SC,2,2,0,0,7,3,4,6,Ecuador - Liga Pro 1st Stage,1.0,1.0,4,3.5,1.0,1.0,1
Cuniburo,3,1,2,0,4,3,1,5,Ecuador - Liga Pro 1st Stage,0.33,1.0,1,1.33,3.03,1.0,2
U. Catolica,2,1,1,0,5,1,4,4,Ecuador - Liga Pro 1st Stage,0.5,1.0,4,2.5,2.0,1.0,3
Libertad,2,1,1,0,3,2,1,4,Ecuador - Liga Pro 1st Stage,0.5,1.0,1,1.5,2.0,1.0,3
Macara,2,1,1,0,2,1,1,4,Ecuador - Liga Pro 1st Stage,0.5,1.0,1,1.0,2.0,1.0,3
D. Cuenca,3,1,1,1,2,3,-1,4,Ecuador - Liga Pro 1st Stage,0.33,0.67,-1,0.67,3.03,1.49,3
I. del Valle,2,1,0,1,4,2,2,3,Ecuador - Liga Pro 1st Stage,0.5,0.5,2,2.0,2.0,2.0,4
LDU Quito,1,0,1,0,1,1,0,1,Ecuador - Liga Pro 1st Stage,0.0,1.0,0,1.0,0.0,1.0,5
El Nacional,2,0,1,1,4,5,-1,1,Ecuador - Liga Pro 1st Stage,0.0,0.5,-1,2.0,0.0,2.0,5
Mushuc Runa,2,0,1,1,1,2,-1,1,Ecuador - Liga Pro 1st Stage,0.0,0.5,-1,0.5,0.0,2.0,5
Aucas,2,0,1,1,1,3,-2,1,Ecuador - Liga Pro 1st Stage,0.0,0.5,-2,0.5,0.0,2.0,5
Tecnico U.,3,0,1,2,2,6,-4,1,Ecuador - Liga Pro 1st Stage,0.0,0.33,-4,0.67,0.0,3.03,5
Delfin,3,0,1,2,2,7,-5,1,Ecuador - Liga Pro 1st Stage,0.0,0.33,-5,0.67,0.0,3.03,5
Emelec,2,0,0,2,1,4,-3,0,Ecuador - Liga Pro 1st Stage,0.0,0.0,-3,0.5,0.0,0.0,6
Manta,2,0,0,2,1,5,-4,0,Ecuador - Liga Pro 1st Stage,0.0,0.0,-4,0.5,0.0,0.0,6
Orense,3,0,0,3,1,9,-8,0,Ecuador - Liga Pro 1st Stage,0.0,0.0,-8,0.33,0.0,0.0,6
22 de Julio,0,0,0,0,0,0,0,0,Ecuador - Serie B,0.0,0.0,0,0.0,0.0,0.0,1
Chacaritas,0,0,0,0,0,0,0,0,Ecuador - Serie B,0.0,0.0,0,0.0,0.0,0.0,1
Cumbaya,0,0,0,0,0,0,0,0,Ecuador - Serie B,0.0,0.0,0,0.0,0.0,0.0,1
Gualaceo,0,0,0,0,0,0,0,0,Ecuador - Serie B,0.0,0.0,0,0.0,0.0,0.0,1
Guayaquil City,0,0,0,0,0,0,0,0,Ecuador - Serie B,0.0,0.0,0,0.0,0.0,0.0,1
I. Juniors,0,0,0,0,0,0,0,0,Ecuador - Serie B,0.0,0.0,0,0.0,0.0,0.0,1
Imbabura,0,0,0,0,0,0,0,0,Ecuador - Serie B,0.0,0.0,0,0.0,0.0,0.0,1
Leones Norte,0,0,0,0,0,0,0,0,Ecuador - Serie B,0.0,0.0,0,0.0,0.0,0.0,1
Nueve Octubre,0,0,0,0,0,0,0,0,Ecuador - Serie B,0.0,0.0,0,0.0,0.0,0.0,1
San Antonio,0,0,0,0,0,0,0,0,Ecuador - Serie B,0.0,0.0,0,0.0,0.0,0.0,1
Vargas Torres,0,0,0,0,0,0,0,0,Ecuador - Serie B,0.0,0.0,0,0.0,0.0,0.0,1
Vinotinto,0,0,0,0,0,0,0,0,Ecuador - Serie B,0.0,0.0,0,0.0,0.0,0.0,1
National Bank,8,5,2,1,12,6,6,17,Egypt - Premier League,0.62,0.88,6,1.5,1.61,1.14,1
Pyramids FC,8,5,2,1,10,5,5,17,Egypt - Premier League,0.62,0.88,5,1.25,1.61,1.14,1
Al Ahly,8,4,3,1,11,5,6,15,Egypt - Premier League,0.5,0.88,6,1.38,2.0,1.14,2
Zamalek,8,4,2,2,13,7,6,14,Egypt - Premier League,0.5,0.75,6,1.62,2.0,1.33,3
El Geish,8,4,1,3,8,10,-2,13,Egypt - Premier League,0.5,0.62,-2,1.0,2.0,1.61,4
ZED FC,8,3,3,2,9,6,3,12,Egypt - Premier League,0.38,0.75,3,1.12,2.63,1.33,5
Ceramica C.,8,3,3,2,7,7,0,12,Egypt - Premier League,0.38,0.75,0,0.88,2.63,1.33,5
Petrojet,8,3,2,3,9,10,-1,11,Egypt - Premier League,0.38,0.62,-1,1.12,2.63,1.61,6
Pharco,8,3,2,3,6,8,-2,11,Egypt - Premier League,0.38,0.62,-2,0.75,2.63,1.61,6
Al Masry,8,2,4,2,8,6,2,10,Egypt - Premier League,0.25,0.75,2,1.0,4.0,1.33,7
Smouha,8,3,0,5,4,8,-4,9,Egypt - Premier League,0.38,0.38,-4,0.5,2.63,2.63,8
Ismaily,8,2,2,4,6,8,-2,8,Egypt - Premier League,0.25,0.5,-2,0.75,4.0,2.0,9
Haras El Hodood,8,2,2,4,9,14,-5,8,Egypt - Premier League,0.25,0.5,-5,1.12,4.0,2.0,9
Ghazl El M.,8,2,1,5,8,13,-5,7,Egypt - Premier League,0.25,0.38,-5,1.0,4.0,2.63,10
El Gouna,8,1,3,4,4,10,-6,6,Egypt - Premier League,0.12,0.5,-6,0.5,8.33,2.0,11
Al Ittihad,8,0,5,3,5,10,-5,5,Egypt - Premier League,0.0,0.62,-5,0.62,0.0,1.61,12
ENPPI,8,0,3,5,6,13,-7,3,Egypt - Premier League,0.0,0.38,-7,0.75,0.0,2.63,13
Modern Sport,8,0,3,5,5,13,-8,3,Egypt - Premier League,0.0,0.38,-8,0.62,0.0,2.63,13
Crystal Palace,8,6,2,0,14,3,11,20,Premier League,0.75,1.0,11,1.75,1.33,1.0,2
Liverpool,8,5,3,0,22,8,14,18,Premier League,0.62,1.0,14,2.75,1.61,1.0,3
Brentford,8,5,1,2,16,7,9,16,Premier League,0.62,0.75,9,2.0,1.61,1.33,4
Arsenal,8,4,4,0,14,5,9,16,Premier League,0.5,1.0,9,1.75,2.0,1.0,4
Bournemouth,8,4,3,1,19,11,8,15,Premier League,0.5,0.88,8,2.38,2.0,1.14,5
Nottm Forest,8,5,0,3,18,15,3,15,Premier League,0.62,0.62,3,2.25,1.61,1.61,5
Newcastle Utd,8,5,0,3,14,12,2,15,Premier League,0.62,0.62,2,1.75,1.61,1.61,5
Fulham,8,4,2,2,14,11,3,14,Premier League,0.5,0.75,3,1.75,2.0,1.33,6
Brighton,8,3,4,1,16,15,1,13,Premier League,0.38,0.88,1,2.0,2.63,1.14,7
Tottenham,8,4,0,4,18,8,10,12,Premier League,0.5,0.5,10,2.25,2.0,2.0,8
Manchester City,8,3,2,3,15,12,3,11,Premier League,0.38,0.62,3,1.88,2.63,1.61,9
Wolverhampton,8,3,1,4,11,13,-2,10,Premier League,0.38,0.5,-2,1.38,2.63,2.0,10
Everton,8,2,4,2,6,9,-3,10,Premier League,0.25,0.75,-3,0.75,4.0,1.33,10
Manchester Utd,8,2,3,3,8,11,-3,9,Premier League,0.25,0.62,-3,1.0,4.0,1.61,11
West Ham Utd,8,2,3,3,8,12,-4,9,Premier League,0.25,0.62,-4,1.0,4.0,1.61,11
Chelsea,8,2,2,4,12,15,-3,8,Premier League,0.25,0.5,-3,1.5,4.0,2.0,12
Aston Villa,8,2,1,5,6,16,-10,7,Premier League,0.25,0.38,-10,0.75,4.0,2.63,13
Ipswich Town,8,1,2,5,8,14,-6,5,Premier League,0.12,0.38,-6,1.0,8.33,2.63,15
Southampton,8,1,1,6,7,17,-10,4,Premier League,0.12,0.25,-10,0.88,8.33,4.0,16
Leicester City,8,1,0,7,5,21,-16,3,Premier League,0.12,0.12,-16,0.62,8.33,8.33,17
Sheffield Utd,8,7,0,1,12,5,7,21,Premier League,0.88,0.88,7,1.5,1.14,1.14,1
Burnley,8,5,3,0,12,1,11,18,Premier League,0.62,1.0,11,1.5,1.61,1.0,3
Leeds Utd,8,4,3,1,15,7,8,15,Premier League,0.5,0.88,8,1.88,2.0,1.14,5
Hull City,8,4,2,2,8,5,3,14,Premier League,0.5,0.75,3,1.0,2.0,1.33,6
Millwall,8,4,2,2,9,11,-2,14,Premier League,0.5,0.75,-2,1.12,2.0,1.33,6
Coventry City,8,4,1,3,12,12,0,13,Premier League,0.5,0.62,0,1.5,2.0,1.61,7
Sheffield Wed,8,4,0,4,11,14,-3,12,Premier League,0.5,0.5,-3,1.38,2.0,2.0,8
Sunderland,8,3,2,3,9,11,-2,11,Premier League,0.38,0.62,-2,1.12,2.63,1.61,9
Watford,8,2,3,3,8,9,-1,9,Premier League,0.25,0.62,-1,1.0,4.0,1.61,11
Cardiff City,8,2,3,3,10,17,-7,9,Premier League,0.25,0.62,-7,1.25,4.0,1.61,11
Bristol City,8,1,5,2,9,10,-1,8,Premier League,0.12,0.75,-1,1.12,8.33,1.33,12
Preston,8,2,2,4,7,10,-3,8,Premier League,0.25,0.5,-3,0.88,4.0,2.0,12
Norwich City,8,2,2,4,6,10,-4,8,Premier League,0.25,0.5,-4,0.75,4.0,2.0,12
Middlesbrough,8,2,1,5,8,11,-3,7,Premier League,0.25,0.38,-3,1.0,4.0,2.63,13
QP Rangers,8,2,1,5,7,10,-3,7,Premier League,0.25,0.38,-3,0.88,4.0,2.63,13
Plymouth,8,1,3,4,5,14,-9,6,Premier League,0.12,0.5,-9,0.62,8.33,2.0,14
West Brom,8,0,5,3,7,11,-4,5,Premier League,0.0,0.62,-4,0.88,0.0,1.61,15
Oxford Utd,8,0,5,3,4,8,-4,5,Premier League,0.0,0.62,-4,0.5,0.0,1.61,15
Stoke City,8,1,2,5,8,15,-7,5,Premier League,0.12,0.38,-7,1.0,8.33,2.63,15
Blackburn,8,1,1,6,6,12,-6,4,Premier League,0.12,0.25,-6,0.75,8.33,4.0,16
Derby County,8,1,1,6,8,17,-9,4,Premier League,0.12,0.25,-9,1.0,8.33,4.0,16
Luton Town,8,1,1,6,7,17,-10,4,Premier League,0.12,0.25,-10,0.88,8.33,4.0,16
Swansea City,8,1,1,6,4,18,-14,4,Premier League,0.12,0.25,-14,0.5,8.33,4.0,16
Portsmouth,8,1,0,7,5,17,-12,3,Premier League,0.12,0.12,-12,0.62,8.33,8.33,17
Stockport,8,4,3,1,10,6,4,15,League One,0.5,0.88,4,1.25,2.0,1.14,1
Wrexham,8,5,0,3,10,8,2,15,League One,0.62,0.62,2,1.25,1.61,1.61,1
Charlton,8,4,2,2,14,9,5,14,League One,0.5,0.75,5,1.75,2.0,1.33,2
Burton Albion,8,4,2,2,8,7,1,14,League One,0.5,0.75,1,1.0,2.0,1.33,2
Leyton Orient,8,4,1,3,14,11,3,13,League One,0.5,0.62,3,1.75,2.0,1.61,3
Birmingham City,8,3,4,1,9,6,3,13,League One,0.38,0.88,3,1.12,2.63,1.14,3
Huddersfield,8,4,1,3,11,10,1,13,League One,0.5,0.62,1,1.38,2.0,1.61,3
Bolton,8,4,1,3,11,11,0,13,League One,0.5,0.62,0,1.38,2.0,1.61,3
Stevenage,8,4,1,3,9,10,-1,13,League One,0.5,0.62,-1,1.12,2.0,1.61,3
Wycombe,8,3,3,2,13,8,5,12,League One,0.38,0.75,5,1.62,2.63,1.33,4
Blackpool,8,3,3,2,12,7,5,12,League One,0.38,0.75,5,1.5,2.63,1.33,4
Northampton,8,3,3,2,8,10,-2,12,League One,0.38,0.75,-2,1.0,2.63,1.33,4
Wigan Athletic,8,2,3,3,6,7,-1,9,League One,0.25,0.62,-1,0.75,4.0,1.61,5
Barnsley,8,3,0,5,10,12,-2,9,League One,0.38,0.38,-2,1.25,2.63,2.63,5
Reading,8,2,3,3,8,10,-2,9,League One,0.25,0.62,-2,1.0,4.0,1.61,5
Rotherham,8,2,2,4,8,11,-3,8,League One,0.25,0.5,-3,1.0,4.0,2.0,6
Peterborough,8,2,2,4,6,12,-6,8,League One,0.25,0.5,-6,0.75,4.0,2.0,6
Lincoln City,8,2,1,5,10,13,-3,7,League One,0.25,0.38,-3,1.25,4.0,2.63,7
Mansfield,8,1,3,4,10,16,-6,6,League One,0.12,0.5,-6,1.25,8.33,2.0,8
Exeter City,8,1,3,4,5,12,-7,6,League One,0.12,0.5,-7,0.62,8.33,2.0,8
Shrewsbury,8,1,2,5,5,11,-6,5,League One,0.12,0.38,-6,0.62,8.33,2.63,9
Cambridge Utd,8,1,2,5,7,14,-7,5,League One,0.12,0.38,-7,0.88,8.33,2.63,9
Crawley Town,8,1,1,6,11,25,-14,4,League One,0.12,0.25,-14,1.38,8.33,4.0,10
Bristol Rovers,8,1,1,6,2,16,-14,4,League One,0.12,0.25,-14,0.25,8.33,4.0,10
Notts County,8,5,1,2,16,9,7,16,League Two,0.62,0.75,7,2.0,1.61,1.33,1
Colchester Utd,8,4,3,1,9,5,4,15,League Two,0.5,0.88,4,1.12,2.0,1.14,2
Doncaster,8,4,2,2,11,10,1,14,League Two,0.5,0.75,1,1.38,2.0,1.33,3
Swindon Town,8,3,3,2,12,9,3,12,League Two,0.38,0.75,3,1.5,2.63,1.33,4
Salford City,8,3,2,3,10,9,1,11,League Two,0.38,0.62,1,1.25,2.63,1.61,5
AFC Wimbledon,8,2,5,1,6,5,1,11,League Two,0.25,0.88,1,0.75,4.0,1.14,5
Crewe Alexandra,8,2,5,1,7,7,0,11,League Two,0.25,0.88,0,0.88,4.0,1.14,5
Bromley,8,3,2,3,11,13,-2,11,League Two,0.38,0.62,-2,1.38,2.63,1.61,5
Bradford,8,3,2,3,6,8,-2,11,League Two,0.38,0.62,-2,0.75,2.63,1.61,5
Fleetwood,8,3,1,4,11,12,-1,10,League Two,0.38,0.5,-1,1.38,2.63,2.0,6
Grimsby,8,3,1,4,12,15,-3,10,League Two,0.38,0.5,-3,1.5,2.63,2.0,6
Walsall,8,2,3,3,10,13,-3,9,League Two,0.25,0.62,-3,1.25,4.0,1.61,7
Cheltenham,8,2,3,3,8,11,-3,9,League Two,0.25,0.62,-3,1.0,4.0,1.61,7
Accrington,8,3,0,5,6,9,-3,9,League Two,0.38,0.38,-3,0.75,2.63,2.63,7
Chesterfield,8,2,1,5,9,10,-1,7,League Two,0.25,0.38,-1,1.12,4.0,2.63,8
Port Vale,8,1,4,3,10,14,-4,7,League Two,0.12,0.62,-4,1.25,8.33,1.61,8
Carlisle Utd,8,2,0,6,6,10,-4,6,League Two,0.25,0.25,-4,0.75,4.0,4.0,9
Gillingham,8,0,5,3,5,11,-6,5,League Two,0.0,0.62,-6,0.62,0.0,1.61,10
Harrogate,8,1,2,5,4,10,-6,5,League Two,0.12,0.38,-6,0.5,8.33,2.63,10
Barrow,8,1,2,5,7,16,-9,5,League Two,0.12,0.38,-9,0.88,8.33,2.63,10
Newport,8,1,1,6,9,21,-12,4,League Two,0.12,0.25,-12,1.12,8.33,4.0,11
Tranmere,8,1,1,6,5,17,-12,4,League Two,0.12,0.25,-12,0.62,8.33,4.0,11
Morecambe,8,1,0,7,3,10,-7,3,League Two,0.12,0.12,-7,0.38,8.33,8.33,12
Milton Keynes,8,0,1,7,6,18,-12,1,League Two,0.0,0.12,-12,0.75,0.0,8.33,13
Barnet,8,5,3,0,13,1,12,18,England - National League,0.62,1.0,12,1.62,1.61,1.0,1
York City,8,5,1,2,12,8,4,16,England - National League,0.62,0.75,4,1.5,1.61,1.33,2
Halifax Town,8,4,3,1,14,8,6,15,England - National League,0.5,0.88,6,1.75,2.0,1.14,3
Oldham,8,3,5,0,10,7,3,14,England - National League,0.38,1.0,3,1.25,2.63,1.0,4
Boston Utd,8,4,1,3,9,7,2,13,England - National League,0.5,0.62,2,1.12,2.0,1.61,5
Altrincham,8,4,1,3,11,12,-1,13,England - National League,0.5,0.62,-1,1.38,2.0,1.61,5
Braintree Town,8,3,3,2,15,14,1,12,England - National League,0.38,0.75,1,1.88,2.63,1.33,6
Tamworth,8,3,3,2,13,12,1,12,England - National League,0.38,0.75,1,1.62,2.63,1.33,6
Southend Utd,8,3,3,2,10,9,1,12,England - National League,0.38,0.75,1,1.25,2.63,1.33,6
Gateshead FC,8,3,2,3,13,8,5,11,England - National League,0.38,0.62,5,1.62,2.63,1.61,7
Rochdale,8,2,4,2,7,6,1,10,England - National League,0.25,0.75,1,0.88,4.0,1.33,8
Sutton Utd,8,2,3,3,11,12,-1,9,England - National League,0.25,0.62,-1,1.38,4.0,1.61,9
Woking,8,1,6,1,11,13,-2,9,England - National League,0.12,0.88,-2,1.38,8.33,1.14,9
Forest Green,8,1,5,2,8,9,-1,8,England - National League,0.12,0.75,-1,1.0,8.33,1.33,10
Aldershot Town,8,2,2,4,11,13,-2,8,England - National League,0.25,0.5,-2,1.38,4.0,2.0,10
Eastleigh,8,2,2,4,9,12,-3,8,England - National League,0.25,0.5,-3,1.12,4.0,2.0,10
Wealdstone,8,2,1,5,11,20,-9,7,England - National League,0.25,0.38,-9,1.38,4.0,2.63,11
AFC Fylde,8,2,1,5,7,16,-9,7,England - National League,0.25,0.38,-9,0.88,4.0,2.63,11
Maidenhead Utd,8,2,1,5,4,13,-9,7,England - National League,0.25,0.38,-9,0.5,4.0,2.63,11
Hartlepool,8,1,3,4,11,15,-4,6,England - National League,0.12,0.5,-4,1.38,8.33,2.0,12
Solihull Moors,8,1,3,4,6,11,-5,6,England - National League,0.12,0.5,-5,0.75,8.33,2.0,12
Dagenham & R.,8,1,3,4,5,11,-6,6,England - National League,0.12,0.5,-6,0.62,8.33,2.0,12
Yeovil Town,8,1,2,5,6,16,-10,5,England - National League,0.12,0.38,-10,0.75,8.33,2.63,13
Ebbsfleet Utd,8,0,3,5,6,17,-11,3,England - National League,0.0,0.38,-11,0.75,0.0,2.63,14
Chester,8,5,1,2,15,8,7,16,England - National L. North,0.62,0.75,7,1.88,1.61,1.33,1
Marine,8,5,1,2,8,5,3,16,England - National L. North,0.62,0.75,3,1.0,1.61,1.33,1
Kidderminster,8,4,3,1,20,8,12,15,England - National L. North,0.5,0.88,12,2.5,2.0,1.14,2
Scunthorpe,8,4,3,1,11,5,6,15,England - National L. North,0.5,0.88,6,1.38,2.0,1.14,2
Peterborough S.,8,4,3,1,11,6,5,15,England - National L. North,0.5,0.88,5,1.38,2.0,1.14,2
Buxton,8,4,1,3,16,8,8,13,England - National L. North,0.5,0.62,8,2.0,2.0,1.61,3
Spennymoor,8,4,1,3,14,9,5,13,England - National L. North,0.5,0.62,5,1.75,2.0,1.61,3
Hereford Utd,8,4,1,3,10,7,3,13,England - National L. North,0.5,0.62,3,1.25,2.0,1.61,3
Brackley Town,8,4,1,3,16,16,0,13,England - National L. North,0.5,0.62,0,2.0,2.0,1.61,3
Curzon,8,3,3,2,11,8,3,12,England - National L. North,0.38,0.75,3,1.38,2.63,1.33,4
Southport,8,3,1,4,9,9,0,10,England - National L. North,0.38,0.5,0,1.12,2.63,2.0,5
Darlington,8,3,1,4,7,10,-3,10,England - National L. North,0.38,0.5,-3,0.88,2.63,2.0,5
Kings Lynn,8,3,1,4,6,10,-4,10,England - National L. North,0.38,0.5,-4,0.75,2.63,2.0,5
Radcliffe,8,2,3,3,7,9,-2,9,England - National L. North,0.25,0.62,-2,0.88,4.0,1.61,6
Needham Market,8,2,2,4,13,16,-3,8,England - National L. North,0.25,0.5,-3,1.62,4.0,2.0,7
Chorley,8,2,2,4,9,14,-5,8,England - National L. North,0.25,0.5,-5,1.12,4.0,2.0,7
Scarborough,8,2,1,5,13,13,0,7,England - National L. North,0.25,0.38,0,1.62,4.0,2.63,8
South Shields,8,2,1,5,11,15,-4,7,England - National L. North,0.25,0.38,-4,1.38,4.0,2.63,8
Leamington,8,2,1,5,7,11,-4,7,England - National L. North,0.25,0.38,-4,0.88,4.0,2.63,8
Rushall,8,2,1,5,7,24,-17,7,England - National L. North,0.25,0.38,-17,0.88,4.0,2.63,8
Alfreton Town,8,2,0,6,10,15,-5,6,England - National L. North,0.25,0.25,-5,1.25,4.0,4.0,9
Oxford City,8,1,3,4,7,14,-7,6,England - National L. North,0.12,0.5,-7,0.88,8.33,2.0,9
Farsley Celtic,8,1,0,7,5,23,-18,3,England - National L. North,0.12,0.12,-18,0.62,8.33,8.33,10
Warrington,8,0,2,6,6,16,-10,2,England - National L. North,0.0,0.25,-10,0.75,0.0,4.0,11
Worthing,8,7,0,1,15,11,4,21,England - National L. South,0.88,0.88,4,1.88,1.14,1.14,1
Dorking,8,6,2,0,17,5,12,20,England - National L. South,0.75,1.0,12,2.12,1.33,1.0,2
Weston-s.-Mare,8,6,0,2,13,7,6,18,England - National L. South,0.75,0.75,6,1.62,1.33,1.33,3
Truro City,8,4,1,3,13,9,4,13,England - National L. South,0.5,0.62,4,1.62,2.0,1.61,4
Chippenham,8,4,1,3,15,16,-1,13,England - National L. South,0.5,0.62,-1,1.88,2.0,1.61,4
Eastbourne,8,3,3,2,9,5,4,12,England - National L. South,0.38,0.75,4,1.12,2.63,1.33,5
Torquay Utd,8,3,3,2,12,10,2,12,England - National L. South,0.38,0.75,2,1.5,2.63,1.33,5
Boreham Wood,8,3,1,4,15,14,1,10,England - National L. South,0.38,0.5,1,1.88,2.63,2.0,6
Salisbury,8,2,4,2,14,14,0,10,England - National L. South,0.25,0.75,0,1.75,4.0,1.33,6
Enfield Town,8,3,1,4,9,13,-4,10,England - National L. South,0.38,0.5,-4,1.12,2.63,2.0,6
Bath City,8,2,3,3,7,8,-1,9,England - National L. South,0.25,0.62,-1,0.88,4.0,1.61,7
Maidstone Utd,8,2,3,3,4,5,-1,9,England - National L. South,0.25,0.62,-1,0.5,4.0,1.61,7
Hemel Hempstead,8,2,3,3,7,10,-3,9,England - National L. South,0.25,0.62,-3,0.88,4.0,1.61,7
Hampton & R.,8,3,0,5,10,15,-5,9,England - National L. South,0.38,0.38,-5,1.25,2.63,2.63,7
Chelmsford City,8,2,2,4,14,15,-1,8,England - National L. South,0.25,0.5,-1,1.75,4.0,2.0,8
Hornchurch,8,2,2,4,11,13,-2,8,England - National L. South,0.25,0.5,-2,1.38,4.0,2.0,8
Tonbridge,8,2,2,4,8,11,-3,8,England - National L. South,0.25,0.5,-3,1.0,4.0,2.0,8
Farnborough,8,1,4,3,7,9,-2,7,England - National L. South,0.12,0.62,-2,0.88,8.33,1.61,9
St Albans,8,1,4,3,6,8,-2,7,England - National L. South,0.12,0.62,-2,0.75,8.33,1.61,9
Chesham Utd,8,1,3,4,6,12,-6,6,England - National L. South,0.12,0.5,-6,0.75,8.33,2.0,10
Welling Utd,8,1,1,6,10,19,-9,4,England - National L. South,0.12,0.25,-9,1.25,8.33,4.0,11
Slough Town,8,1,1,6,8,19,-11,4,England - National L. South,0.12,0.25,-11,1.0,8.33,4.0,11
Weymouth,8,0,3,5,4,13,-9,3,England - National L. South,0.0,0.38,-9,0.5,0.0,2.63,12
Aveley,8,1,0,7,5,16,-11,3,England - National L. South,0.12,0.12,-11,0.62,8.33,8.33,12
Chichester City,8,6,1,1,17,9,8,19,England - Isthmian league,0.75,0.88,8,2.12,1.33,1.14,1
Horsham,8,6,0,2,18,7,11,18,England - Isthmian league,0.75,0.75,11,2.25,1.33,1.33,2
Dartford,8,6,0,2,13,10,3,18,England - Isthmian league,0.75,0.75,3,1.62,1.33,1.33,2
Billericay Town,8,5,1,2,15,9,6,16,England - Isthmian league,0.62,0.75,6,1.88,1.61,1.33,3
Carshalton,8,5,0,3,13,8,5,15,England - Isthmian league,0.62,0.62,5,1.62,1.61,1.61,4
Cray Valley PM,8,4,2,2,18,14,4,14,England - Isthmian league,0.5,0.75,4,2.25,2.0,1.33,5
Dover Athletic,8,4,1,3,12,8,4,13,England - Isthmian league,0.5,0.62,4,1.5,2.0,1.61,6
Potters Bar,8,4,1,3,13,11,2,13,England - Isthmian league,0.5,0.62,2,1.62,2.0,1.61,6
Cheshunt,8,4,1,3,12,10,2,13,England - Isthmian league,0.5,0.62,2,1.5,2.0,1.61,6
Wingate & F.,8,3,1,4,17,14,3,10,England - Isthmian league,0.38,0.5,3,2.12,2.63,2.0,7
Hashtag United,8,2,4,2,14,12,2,10,England - Isthmian league,0.25,0.75,2,1.75,4.0,1.33,7
Cray Wanderers,8,3,0,5,10,11,-1,9,England - Isthmian league,0.38,0.38,-1,1.25,2.63,2.63,8
Bognor Regis,8,2,3,3,17,19,-2,9,England - Isthmian league,0.25,0.62,-2,2.12,4.0,1.61,8
Whitehawk,8,2,2,4,13,15,-2,8,England - Isthmian league,0.25,0.5,-2,1.62,4.0,2.0,9
Chatham Town,8,2,2,4,7,10,-3,8,England - Isthmian league,0.25,0.5,-3,0.88,4.0,2.0,9
Folkestone,8,2,2,4,13,17,-4,8,England - Isthmian league,0.25,0.5,-4,1.62,4.0,2.0,9
Lewes,8,2,2,4,9,14,-5,8,England - Isthmian league,0.25,0.5,-5,1.12,4.0,2.0,9
Dulwich Hamlet,8,1,3,4,7,13,-6,6,England - Isthmian league,0.12,0.5,-6,0.88,8.33,2.0,10
Hendon,8,0,4,4,8,13,-5,4,England - Isthmian league,0.0,0.5,-5,1.0,0.0,2.0,11
Hastings Utd,8,1,1,6,5,13,-8,4,England - Isthmian league,0.12,0.25,-8,0.62,8.33,4.0,11
Bowers & Pitsea,8,1,1,6,6,15,-9,4,England - Isthmian league,0.12,0.25,-9,0.75,8.33,4.0,11
Canvey Island,8,1,0,7,6,20,-14,3,England - Isthmian league,0.12,0.12,-14,0.75,8.33,8.33,12
Stockton Town,8,6,1,1,13,6,7,19,England - Northern league,0.75,0.88,7,1.62,1.33,1.14,1
Macclesfield,8,5,2,1,22,8,14,17,England - Northern league,0.62,0.88,14,2.75,1.61,1.14,2
Rylands,8,5,2,1,18,9,9,17,England - Northern league,0.62,0.88,9,2.25,1.61,1.14,2
Worksop Town,8,4,2,2,14,12,2,14,England - Northern league,0.5,0.75,2,1.75,2.0,1.33,3
Morpeth Town,8,4,2,2,13,13,0,14,England - Northern league,0.5,0.75,0,1.62,2.0,1.33,3
Leek Town,8,4,1,3,11,9,2,13,England - Northern league,0.5,0.62,2,1.38,2.0,1.61,4
Guiseley,8,3,3,2,11,8,3,12,England - Northern league,0.38,0.75,3,1.38,2.63,1.33,5
FC United,8,3,3,2,9,10,-1,12,England - Northern league,0.38,0.75,-1,1.12,2.63,1.33,5
Ashton Utd,8,3,2,3,13,9,4,11,England - Northern league,0.38,0.62,4,1.62,2.63,1.61,6
Gainsborough,8,2,5,1,10,10,0,11,England - Northern league,0.25,0.88,0,1.25,4.0,1.14,6
Workington,8,3,1,4,13,14,-1,10,England - Northern league,0.38,0.5,-1,1.62,2.63,2.0,7
Whitby Town,8,3,1,4,10,17,-7,10,England - Northern league,0.38,0.5,-7,1.25,2.63,2.0,7
Lancaster City,8,3,0,5,11,13,-2,9,England - Northern league,0.38,0.38,-2,1.38,2.63,2.63,8
Hebburn Town,8,1,5,2,9,10,-1,8,England - Northern league,0.12,0.75,-1,1.12,8.33,1.33,9
Ilkeston Town,8,1,4,3,5,11,-6,7,England - Northern league,0.12,0.62,-6,0.62,8.33,1.61,10
Bamber Bridge,8,1,3,4,10,14,-4,6,England - Northern league,0.12,0.5,-4,1.25,8.33,2.0,11
Hyde Utd,8,1,3,4,7,11,-4,6,England - Northern league,0.12,0.5,-4,0.88,8.33,2.0,11
Matlock,8,0,3,5,11,19,-8,3,England - Northern league,0.0,0.38,-8,1.38,0.0,2.63,12
Prescot Cables,8,0,3,5,7,16,-9,3,England - Northern league,0.0,0.38,-9,0.88,0.0,2.63,12
Mickleover,8,0,2,6,2,20,-18,2,England - Northern league,0.0,0.25,-18,0.25,0.0,4.0,13
Basford Utd,8,0,1,7,2,15,-13,1,England - Northern league,0.0,0.12,-13,0.25,0.0,8.33,14
Blyth Spartans,8,0,1,7,6,28,-22,1,England - Northern league,0.0,0.12,-22,0.75,0.0,8.33,14
Bromsgrove,8,5,1,2,14,11,3,16,England - Southern Central,0.62,0.75,3,1.75,1.61,1.33,1
Bedford Town,8,5,1,2,11,11,0,16,England - Southern Central,0.62,0.75,0,1.38,1.61,1.33,1
Harborough Town,8,4,3,1,14,11,3,15,England - Southern Central,0.5,0.88,3,1.75,2.0,1.14,2
Stamford,8,4,2,2,9,6,3,14,England - Southern Central,0.5,0.75,3,1.12,2.0,1.33,3
Spalding United,8,4,1,3,14,11,3,13,England - Southern Central,0.5,0.62,3,1.75,2.0,1.61,4
Leiston,8,4,1,3,10,12,-2,13,England - Southern Central,0.5,0.62,-2,1.25,2.0,1.61,4
Stourbridge,8,4,0,4,12,12,0,12,England - Southern Central,0.5,0.5,0,1.5,2.0,2.0,5
Kettering Town,8,3,1,4,10,10,0,10,England - Southern Central,0.38,0.5,0,1.25,2.63,2.0,6
Stratford Town,8,3,1,4,9,12,-3,10,England - Southern Central,0.38,0.5,-3,1.12,2.63,2.0,6
Royston,8,2,2,4,6,8,-2,8,England - Southern Central,0.25,0.5,-2,0.75,4.0,2.0,7
Telford Utd,8,1,5,2,15,20,-5,8,England - Southern Central,0.12,0.75,-5,1.88,8.33,1.33,7
Halesowen Town,8,2,2,4,4,10,-6,8,England - Southern Central,0.25,0.5,-6,0.5,4.0,2.0,7
Lowestoft,8,2,2,4,14,23,-9,8,England - Southern Central,0.25,0.5,-9,1.75,4.0,2.0,7
Banbury Utd,8,1,4,3,6,10,-4,7,England - Southern Central,0.12,0.62,-4,0.75,8.33,1.61,8
Barwell,8,2,1,5,11,17,-6,7,England - Southern Central,0.25,0.38,-6,1.38,4.0,2.63,8
Alvechurch,8,1,3,4,9,9,0,6,England - Southern Central,0.12,0.5,0,1.12,8.33,2.0,9
Biggleswade,8,1,3,4,10,15,-5,6,England - Southern Central,0.12,0.5,-5,1.25,8.33,2.0,9
St. Ives Town,8,1,3,4,8,13,-5,6,England - Southern Central,0.12,0.5,-5,1.0,8.33,2.0,9
B. Stortford,8,1,3,4,5,13,-8,6,England - Southern Central,0.12,0.5,-8,0.62,8.33,2.0,9
AFC Sudbury,8,1,1,6,4,15,-11,4,England - Southern Central,0.12,0.25,-11,0.5,8.33,4.0,10
Hitchin Town,8,0,2,6,7,15,-8,2,England - Southern Central,0.0,0.25,-8,0.88,0.0,4.0,11
Redditch Utd,8,0,1,7,4,13,-9,1,England - Southern Central,0.0,0.12,-9,0.5,0.0,8.33,12
Levadia,2,2,0,0,5,3,2,6,Estonia - Meistriliiga,1.0,1.0,2,2.5,1.0,1.0,1
Flora,1,1,0,0,4,0,4,3,Estonia - Meistriliiga,1.0,1.0,4,4.0,1.0,1.0,2
Kuressaare,1,1,0,0,2,0,2,3,Estonia - Meistriliiga,1.0,1.0,2,2.0,1.0,1.0,2
Tammeka,1,1,0,0,2,1,1,3,Estonia - Meistriliiga,1.0,1.0,1,2.0,1.0,1.0,2
Vaprus,1,1,0,0,1,0,1,3,Estonia - Meistriliiga,1.0,1.0,1,1.0,1.0,1.0,2
Paide,2,1,0,1,2,2,0,3,Estonia - Meistriliiga,0.5,0.5,0,1.0,2.0,2.0,2
Nomme Kalju,2,1,0,1,3,4,-1,3,Estonia - Meistriliiga,0.5,0.5,-1,1.5,2.0,2.0,2
Narva Trans,1,0,1,0,2,2,0,1,Estonia - Meistriliiga,0.0,1.0,0,2.0,0.0,1.0,3
Tallinna Kalev,1,0,0,1,0,2,-2,0,Estonia - Meistriliiga,0.0,0.0,-2,0.0,0.0,0.0,4
Harju JK,1,0,0,1,0,5,-5,0,Estonia - Meistriliiga,0.0,0.0,-5,0.0,0.0,0.0,4
Nomme Kalju B,2,2,0,0,4,1,3,6,Estonia - Esiliiga,1.0,1.0,3,2.0,1.0,1.0,1
Nomme Utd,2,2,0,0,4,2,2,6,Estonia - Esiliiga,1.0,1.0,2,2.0,1.0,1.0,1
Elva,2,1,1,0,5,3,2,4,Estonia - Esiliiga,0.5,1.0,2,2.5,2.0,1.0,2
Viimsi,2,1,0,1,1,2,-1,3,Estonia - Esiliiga,0.5,0.5,-1,0.5,2.0,2.0,3
Tallinna K. B,1,0,1,0,1,1,0,1,Estonia - Esiliiga,0.0,1.0,0,1.0,0.0,1.0,4
Flora B,0,0,0,0,0,0,0,0,Estonia - Esiliiga,0.0,0.0,0,0.0,0.0,0.0,5
Tammeka B,1,0,0,1,2,3,-1,0,Estonia - Esiliiga,0.0,0.0,-1,2.0,0.0,0.0,5
Tartu Welco,1,0,0,1,1,3,-2,0,Estonia - Esiliiga,0.0,0.0,-2,1.0,0.0,0.0,5
FC Tallinn,1,0,0,1,0,2,-2,0,Estonia - Esiliiga,0.0,0.0,-2,0.0,0.0,0.0,5
Levadia B,1,0,0,1,0,2,-2,0,Estonia - Esiliiga,0.0,0.0,-2,0.0,0.0,0.0,5
Vikingur,1,0,1,0,1,1,0,1,FaroeIslands - Premier League,0.0,1.0,0,1.0,0.0,1.0,1
HB Torshavn,0,0,0,0,0,0,0,0,FaroeIslands - Premier League,0.0,0.0,0,0.0,0.0,0.0,2
Klaksvik,0,0,0,0,0,0,0,0,FaroeIslands - Premier League,0.0,0.0,0,0.0,0.0,0.0,2
NSI Runavik,0,0,0,0,0,0,0,0,FaroeIslands - Premier League,0.0,0.0,0,0.0,0.0,0.0,2
Streymur,0,0,0,0,0,0,0,0,FaroeIslands - Premier League,0.0,0.0,0,0.0,0.0,0.0,2
Suduroy,0,0,0,0,0,0,0,0,FaroeIslands - Premier League,0.0,0.0,0,0.0,0.0,0.0,2
TB Tvoroyri,0,0,0,0,0,0,0,0,FaroeIslands - Premier League,0.0,0.0,0,0.0,0.0,0.0,2
B36 Torshavn,1,0,0,1,3,4,-1,0,FaroeIslands - Premier League,0.0,0.0,-1,3.0,0.0,0.0,2
B68 Toftir,1,0,0,1,2,3,-1,0,FaroeIslands - Premier League,0.0,0.0,-1,2.0,0.0,0.0,2
07 Vestur,1,0,0,1,1,3,-2,0,FaroeIslands - Premier League,0.0,0.0,-2,1.0,0.0,0.0,2
Skala,1,1,0,0,4,0,4,3,FaroeIslands - 1. Deild,1.0,1.0,4,4.0,1.0,1.0,1
Vikingur B,1,1,0,0,3,1,2,3,FaroeIslands - 1. Deild,1.0,1.0,2,3.0,1.0,1.0,1
B71 Sandur,1,1,0,0,1,0,1,3,FaroeIslands - 1. Deild,1.0,1.0,1,1.0,1.0,1.0,1
Streymur B,1,1,0,0,1,0,1,3,FaroeIslands - 1. Deild,1.0,1.0,1,1.0,1.0,1.0,1
IF Fuglafjordur,1,0,1,0,2,2,0,1,FaroeIslands - 1. Deild,0.0,1.0,0,2.0,0.0,1.0,2
Klaksvik B,1,0,1,0,2,2,0,1,FaroeIslands - 1. Deild,0.0,1.0,0,2.0,0.0,1.0,2
AB Argir,1,0,1,0,0,0,0,1,FaroeIslands - 1. Deild,0.0,1.0,0,0.0,0.0,1.0,2
NSI Runavik B,1,0,0,1,1,2,-1,0,FaroeIslands - 1. Deild,0.0,0.0,-1,1.0,0.0,0.0,3
B36 Torshavn B,1,0,0,1,1,3,-2,0,FaroeIslands - 1. Deild,0.0,0.0,-2,1.0,0.0,0.0,3
07 Vestur B,1,0,0,1,0,3,-3,0,FaroeIslands - 1. Deild,0.0,0.0,-3,0.0,0.0,0.0,3
Ilves,8,4,2,2,12,8,4,14,Finland - Veikkausliiga,0.5,0.75,4,1.5,2.0,1.33,1
Inter Turku,8,4,1,3,12,4,8,13,Finland - Veikkausliiga,0.5,0.62,8,1.5,2.0,1.61,2
HJK Helsinki,8,4,1,3,14,9,5,13,Finland - Veikkausliiga,0.5,0.62,5,1.75,2.0,1.61,2
KuPS,8,4,1,3,11,10,1,13,Finland - Veikkausliiga,0.5,0.62,1,1.38,2.0,1.61,2
Haka,8,4,0,4,11,11,0,12,Finland - Veikkausliiga,0.5,0.5,0,1.38,2.0,2.0,3
SJK,8,3,2,3,13,13,0,11,Finland - Veikkausliiga,0.38,0.62,0,1.62,2.63,1.61,4
Gnistan,8,2,2,4,12,16,-4,8,Finland - Veikkausliiga,0.25,0.5,-4,1.5,4.0,2.0,5
Ekenas IF,8,2,2,4,6,18,-12,8,Finland - Veikkausliiga,0.25,0.5,-12,0.75,4.0,2.0,5
VPS,8,2,1,5,12,18,-6,7,Finland - Veikkausliiga,0.25,0.38,-6,1.5,4.0,2.63,6
Oulu,8,1,2,5,6,15,-9,5,Finland - Veikkausliiga,0.12,0.38,-9,0.75,8.33,2.63,7
Lahti,8,0,4,4,9,18,-9,4,Finland - Veikkausliiga,0.0,0.5,-9,1.12,0.0,2.0,8
Mariehamn,8,1,0,7,6,17,-11,3,Finland - Veikkausliiga,0.12,0.12,-11,0.75,8.33,8.33,9
KTP,8,5,1,2,24,12,12,16,Finland - Ykkosliga,0.62,0.75,12,3.0,1.61,1.33,1
JIPPO,8,5,0,3,15,8,7,15,Finland - Ykkosliga,0.62,0.62,7,1.88,1.61,1.61,2
Jaro,8,4,1,3,13,13,0,13,Finland - Ykkosliga,0.5,0.62,0,1.62,2.0,1.61,3
JaPS,8,4,1,3,15,19,-4,13,Finland - Ykkosliga,0.5,0.62,-4,1.88,2.0,1.61,3
SalPa,8,4,0,4,8,16,-8,12,Finland - Ykkosliga,0.5,0.5,-8,1.0,2.0,2.0,4
TPS,8,2,5,1,7,5,2,11,Finland - Ykkosliga,0.25,0.88,2,0.88,4.0,1.14,5
PK-35,8,2,3,3,8,11,-3,9,Finland - Ykkosliga,0.25,0.62,-3,1.0,4.0,1.61,6
Mikkelin,8,2,2,4,11,16,-5,8,Finland - Ykkosliga,0.25,0.5,-5,1.38,4.0,2.0,7
KaPa,8,2,1,5,19,26,-7,7,Finland - Ykkosliga,0.25,0.38,-7,2.38,4.0,2.63,8
SJK Akatemia,8,1,3,4,10,15,-5,6,Finland - Ykkosliga,0.12,0.5,-5,1.25,8.33,2.0,9
PKKU,8,6,2,0,24,16,8,20,Finland - Ykkonen,0.75,1.0,8,3.0,1.33,1.0,1
KPV Kokkola,8,6,1,1,20,12,8,19,Finland - Ykkonen,0.75,0.88,8,2.5,1.33,1.14,2
JJK,8,4,2,2,14,13,1,14,Finland - Ykkonen,0.5,0.75,1,1.75,2.0,1.33,3
Klubi-04,8,4,1,3,13,10,3,13,Finland - Ykkonen,0.5,0.62,3,1.62,2.0,1.61,4
Atlantis,8,3,2,3,17,16,1,11,Finland - Ykkonen,0.38,0.62,1,2.12,2.63,1.61,5
VIFK,8,2,3,3,18,21,-3,9,Finland - Ykkonen,0.25,0.62,-3,2.25,4.0,1.61,6
Jazz Pori,8,3,0,5,16,20,-4,9,Finland - Ykkonen,0.38,0.38,-4,2.0,2.63,2.63,6
OLS Oulu,8,2,3,3,12,17,-5,9,Finland - Ykkonen,0.25,0.62,-5,1.5,4.0,1.61,6
EPS,8,1,4,3,8,10,-2,7,Finland - Ykkonen,0.12,0.62,-2,1.0,8.33,1.61,7
Rovaniemi,8,2,1,5,10,13,-3,7,Finland - Ykkonen,0.25,0.38,-3,1.25,4.0,2.63,7
KuPS Ak.,8,1,1,6,9,19,-10,4,Finland - Ykkonen,0.12,0.25,-10,1.12,8.33,4.0,8
Vaajakoski,8,0,1,7,8,23,-15,1,Finland - Ykkonen,0.0,0.12,-15,1.0,0.0,8.33,9
NJS,8,4,2,2,14,10,4,14,Finland - Kakkonen Group A,0.5,0.75,4,1.75,2.0,1.33,1
Reipas,8,3,2,3,12,11,1,11,Finland - Kakkonen Group A,0.38,0.62,1,1.5,2.63,1.61,2
PEPO,8,2,4,2,17,15,2,10,Finland - Kakkonen Group A,0.25,0.75,2,2.12,4.0,1.33,3
PPJ,8,3,1,4,13,12,1,10,Finland - Kakkonen Group A,0.38,0.5,1,1.62,2.63,2.0,3
Kiffen,8,3,1,4,9,12,-3,10,Finland - Kakkonen Group A,0.38,0.5,-3,1.12,2.63,2.0,3
GrIFK,8,2,3,3,8,11,-3,9,Finland - Kakkonen Group A,0.25,0.62,-3,1.0,4.0,1.61,4
Atlantis B,8,2,2,4,8,10,-2,8,Finland - Kakkonen Group A,0.25,0.5,-2,1.0,4.0,2.0,5
Futura,8,2,0,6,10,21,-11,6,Finland - Kakkonen Group A,0.25,0.25,-11,1.25,4.0,4.0,6
MYPA,8,1,2,5,12,24,-12,5,Finland - Kakkonen Group A,0.12,0.38,-12,1.5,8.33,2.63,7
JaPS B,8,1,1,6,8,25,-17,4,Finland - Kakkonen Group A,0.12,0.25,-17,1.0,8.33,4.0,8
Inter Turku B,8,5,1,2,18,10,8,16,Finland - Kakkonen Group B,0.62,0.75,8,2.25,1.61,1.33,1
Tampere Utd,8,4,2,2,18,10,8,14,Finland - Kakkonen Group B,0.5,0.75,8,2.25,2.0,1.33,2
HJS Akatemia,8,4,2,2,16,10,6,14,Finland - Kakkonen Group B,0.5,0.75,6,2.0,2.0,1.33,2
VJS,8,3,3,2,16,13,3,12,Finland - Kakkonen Group B,0.38,0.75,3,2.0,2.63,1.33,3
TPV,8,3,2,3,15,18,-3,11,Finland - Kakkonen Group B,0.38,0.62,-3,1.88,2.63,1.61,4
Honka,8,2,3,3,14,14,0,9,Finland - Kakkonen Group B,0.25,0.62,0,1.75,4.0,1.61,5
Ilves B,8,3,0,5,16,21,-5,9,Finland - Kakkonen Group B,0.38,0.38,-5,2.0,2.63,2.63,5
Poxyt,8,3,0,5,17,25,-8,9,Finland - Kakkonen Group B,0.38,0.38,-8,2.12,2.63,2.63,5
Ilves-Kissat,8,2,1,5,14,24,-10,7,Finland - Kakkonen Group B,0.25,0.38,-10,1.75,4.0,2.63,6
P-Iirot,8,2,0,6,8,16,-8,6,Finland - Kakkonen Group B,0.25,0.25,-8,1.0,4.0,4.0,7
EBK,8,1,0,7,6,41,-35,3,Finland - Kakkonen Group B,0.12,0.12,-35,0.75,8.33,8.33,8
JBK,8,6,2,0,19,7,12,20,Finland - Kakkonen Group C,0.75,1.0,12,2.38,1.33,1.0,1
GBK,8,6,0,2,22,13,9,18,Finland - Kakkonen Group C,0.75,0.75,9,2.75,1.33,1.33,2
Narpes Kraft,8,4,1,3,17,18,-1,13,Finland - Kakkonen Group C,0.5,0.62,-1,2.12,2.0,1.61,3
SJK Akatemia B,8,4,0,4,21,17,4,12,Finland - Kakkonen Group C,0.5,0.5,4,2.62,2.0,2.0,4
TP-47,8,3,2,3,20,13,7,11,Finland - Kakkonen Group C,0.38,0.62,7,2.5,2.63,1.61,5
JS Hercules,8,2,1,5,15,24,-9,7,Finland - Kakkonen Group C,0.25,0.38,-9,1.88,4.0,2.63,6
JPS,8,1,3,4,10,14,-4,6,Finland - Kakkonen Group C,0.12,0.5,-4,1.25,8.33,2.0,7
Kuopion Elo,8,0,4,4,13,21,-8,4,Finland - Kakkonen Group C,0.0,0.5,-8,1.62,0.0,2.0,8
OTP,8,1,1,6,6,23,-17,4,Finland - Kakkonen Group C,0.12,0.25,-17,0.75,8.33,4.0,8
OPS,8,1,0,7,10,31,-21,3,Finland - Kakkonen Group C,0.12,0.12,-21,1.25,8.33,8.33,9
Paris SG,8,7,1,0,23,10,13,22,France - Ligue 1,0.88,1.0,13,2.88,1.14,1.0,1
Marseille,8,6,0,2,16,8,8,18,France - Ligue 1,0.75,0.75,8,2.0,1.33,1.33,2
Strasbourg,8,5,1,2,11,6,5,16,France - Ligue 1,0.62,0.75,5,1.38,1.61,1.33,3
Toulouse,8,4,2,2,13,8,5,14,France - Ligue 1,0.5,0.75,5,1.62,2.0,1.33,4
Nice,8,4,2,2,16,13,3,14,France - Ligue 1,0.5,0.75,3,2.0,2.0,1.33,4
Lens,8,4,1,3,10,9,1,13,France - Ligue 1,0.5,0.62,1,1.25,2.0,1.61,5
Lyon,8,3,2,3,15,11,4,11,France - Ligue 1,0.38,0.62,4,1.88,2.63,1.61,6
Le Havre,8,3,2,3,12,14,-2,11,France - Ligue 1,0.38,0.62,-2,1.5,2.63,1.61,6
Brest,8,3,1,4,9,11,-2,10,France - Ligue 1,0.38,0.5,-2,1.12,2.63,2.0,7
Angers,8,3,1,4,8,10,-2,10,France - Ligue 1,0.38,0.5,-2,1.0,2.63,2.0,7
Auxerre,8,2,2,4,11,15,-4,8,France - Ligue 1,0.25,0.5,-4,1.38,4.0,2.0,8
Lille,8,1,4,3,9,12,-3,7,France - Ligue 1,0.12,0.62,-3,1.12,8.33,1.61,9
Rennes,8,2,0,6,10,13,-3,6,France - Ligue 1,0.25,0.25,-3,1.25,4.0,4.0,10
Monaco,8,1,3,4,9,13,-4,6,France - Ligue 1,0.12,0.5,-4,1.12,8.33,2.0,10
Nantes,8,1,3,4,9,20,-11,6,France - Ligue 1,0.12,0.5,-11,1.12,8.33,2.0,10
Reims,8,1,2,5,5,13,-8,5,France - Ligue 1,0.12,0.38,-8,0.62,8.33,2.63,11
Montpellier,8,1,0,7,2,11,-9,3,France - Ligue 1,0.12,0.12,-9,0.25,8.33,8.33,12
Saint-Etienne,8,0,2,6,6,21,-15,2,France - Ligue 1,0.0,0.25,-15,0.75,0.0,4.0,13
Metz,8,4,4,0,11,5,6,16,France - Ligue 2,0.5,1.0,6,1.38,2.0,1.0,1
Guingamp,8,5,1,2,13,8,5,16,France - Ligue 2,0.62,0.75,5,1.62,1.61,1.33,1
Laval,8,4,3,1,10,6,4,15,France - Ligue 2,0.5,0.88,4,1.25,2.0,1.14,2
USL Dunkerque,8,4,2,2,10,10,0,14,France - Ligue 2,0.5,0.75,0,1.25,2.0,1.33,3
Troyes,8,4,0,4,11,7,4,12,France - Ligue 2,0.5,0.5,4,1.38,2.0,2.0,4
Lorient,8,3,2,3,10,11,-1,11,France - Ligue 2,0.38,0.62,-1,1.25,2.63,1.61,5
Paris FC,8,3,1,4,7,11,-4,10,France - Ligue 2,0.38,0.5,-4,0.88,2.63,2.0,6
AC Ajaccio,8,3,1,4,6,10,-4,10,France - Ligue 2,0.38,0.5,-4,0.75,2.63,2.0,6
Martigues,8,3,1,4,5,9,-4,10,France - Ligue 2,0.38,0.5,-4,0.62,2.63,2.0,6
Annecy,8,3,1,4,6,14,-8,10,France - Ligue 2,0.38,0.5,-8,0.75,2.63,2.0,6
Red Star,8,2,2,4,7,12,-5,8,France - Ligue 2,0.25,0.5,-5,0.88,4.0,2.0,7
Grenoble,8,2,2,4,6,11,-5,8,France - Ligue 2,0.25,0.5,-5,0.75,4.0,2.0,7
Rodez Aveyron,8,1,4,3,15,16,-1,7,France - Ligue 2,0.12,0.62,-1,1.88,8.33,1.61,8
Pau FC,8,1,4,3,9,12,-3,7,France - Ligue 2,0.12,0.62,-3,1.12,8.33,1.61,8
SC Bastia,8,1,3,4,5,11,-6,6,France - Ligue 2,0.12,0.5,-6,0.62,8.33,2.0,9
Clermont,8,2,0,6,6,16,-10,6,France - Ligue 2,0.25,0.25,-10,0.75,4.0,4.0,9
Amiens,8,1,1,6,5,16,-11,4,France - Ligue 2,0.12,0.25,-11,0.62,8.33,4.0,10
Caen,8,1,0,7,4,13,-9,3,France - Ligue 2,0.12,0.12,-9,0.5,8.33,8.33,11
Le Mans,8,5,2,1,16,6,10,17,France - National,0.62,0.88,10,2.0,1.61,1.14,1
Nancy,8,5,0,3,12,6,6,15,France - National,0.62,0.62,6,1.5,1.61,1.61,2
Valenciennes,8,3,3,2,8,7,1,12,France - National,0.38,0.75,1,1.0,2.63,1.33,3
Boulogne,8,3,2,3,9,10,-1,11,France - National,0.38,0.62,-1,1.12,2.63,1.61,4
Aubagne,8,3,1,4,12,10,2,10,France - National,0.38,0.5,2,1.5,2.63,2.0,5
Villefranche,8,3,1,4,9,9,0,10,France - National,0.38,0.5,0,1.12,2.63,2.0,5
Dijon,8,2,4,2,7,8,-1,10,France - National,0.25,0.75,-1,0.88,4.0,1.33,5
Quevilly Rouen,8,2,3,3,10,13,-3,9,France - National,0.25,0.62,-3,1.25,4.0,1.61,6
Rouen,8,2,2,4,6,7,-1,8,France - National,0.25,0.5,-1,0.75,4.0,2.0,7
Bourg-en-Bresse,8,2,2,4,6,8,-2,8,France - National,0.25,0.5,-2,0.75,4.0,2.0,7
Versailles,8,2,2,4,10,13,-3,8,France - National,0.25,0.5,-3,1.25,4.0,2.0,7
Orleans,8,2,2,4,7,11,-4,8,France - National,0.25,0.5,-4,0.88,4.0,2.0,7
Paris 13 A.,8,1,4,3,9,13,-4,7,France - National,0.12,0.62,-4,1.12,8.33,1.61,8
Chateauroux,8,1,4,3,7,13,-6,7,France - National,0.12,0.62,-6,0.88,8.33,1.61,8
Sochaux,8,0,5,3,5,9,-4,5,France - National,0.0,0.62,-4,0.62,0.0,1.61,9
Nimes,8,0,3,5,6,12,-6,3,France - National,0.0,0.38,-6,0.75,0.0,2.63,10
Concarneau,8,1,0,7,8,16,-8,3,France - National,0.12,0.12,-8,1.0,8.33,8.33,10
Dila Gori,2,1,1,0,2,1,1,4,georgia,0.5,1.0,1,1.0,2.0,1.0,1
Iberia,1,1,0,0,1,0,1,3,georgia,1.0,1.0,1,1.0,1.0,1.0,2
Telavi,2,1,0,1,2,3,-1,3,georgia,0.5,0.5,-1,1.0,2.0,2.0,2
Torpedo Kutaisi,2,1,0,1,2,3,-1,3,georgia,0.5,0.5,-1,1.0,2.0,2.0,2
Dinamo Batumi,2,0,2,0,1,1,0,2,georgia,0.0,1.0,0,0.5,0.0,1.0,3
Dinamo Tbilisi,2,0,2,0,1,1,0,2,georgia,0.0,1.0,0,0.5,0.0,1.0,3
Gagra,1,0,0,1,1,2,-1,0,georgia,0.0,0.0,-1,1.0,0.0,0.0,4
Samgurali,1,0,0,1,1,2,-1,0,georgia,0.0,0.0,-1,1.0,0.0,0.0,4
Kolkheti Poti,1,0,0,1,0,1,-1,0,georgia,0.0,0.0,-1,0.0,0.0,0.0,4
Gareji Sagarejo,1,0,0,1,1,3,-2,0,georgia,0.0,0.0,-2,1.0,0.0,0.0,4
Spaeri,1,1,0,0,2,1,1,3,georgia2,1.0,1.0,1,2.0,1.0,1.0,1
Bolnisi,1,0,1,0,1,1,0,1,georgia2,0.0,1.0,0,1.0,0.0,1.0,2
Gonio,1,0,1,0,1,1,0,1,georgia2,0.0,1.0,0,1.0,0.0,1.0,2
Iberia B,1,0,1,0,1,1,0,1,georgia2,0.0,1.0,0,1.0,0.0,1.0,2
L. Tbilisi,1,0,1,0,1,1,0,1,georgia2,0.0,1.0,0,1.0,0.0,1.0,2
D. Tbilisi B,2,0,1,1,4,6,-2,1,georgia2,0.0,0.5,-2,2.0,0.0,2.0,2
Rustavi,0,0,0,0,0,0,0,0,georgia2,0.0,0.0,0,0.0,0.0,0.0,3
Samtredia,0,0,0,0,0,0,0,0,georgia2,0.0,0.0,0,0.0,0.0,0.0,3
Merani Martvili,1,0,0,1,2,3,-1,0,georgia2,0.0,0.0,-1,2.0,0.0,0.0,3
Meshakhte,1,0,0,1,0,3,-3,0,georgia2,0.0,0.0,-3,0.0,0.0,0.0,3
Leverkusen,8,5,3,0,16,7,9,18,germany,0.62,1.0,9,2.0,1.61,1.0,1
FC Augsburg,8,4,3,1,12,8,4,15,germany,0.5,0.88,4,1.5,2.0,1.14,2
Bayern Munich,8,4,3,1,10,6,4,15,germany,0.5,0.88,4,1.25,2.0,1.14,2
Monchengladbach,8,5,0,3,16,16,0,15,germany,0.62,0.62,0,2.0,1.61,1.61,2
Wolfsburg,8,4,1,3,15,11,4,13,germany,0.5,0.62,4,1.88,2.0,1.61,3
Stuttgart,8,3,4,1,11,9,2,13,germany,0.38,0.88,2,1.38,2.63,1.14,3
FSV Mainz,8,4,0,4,14,11,3,12,germany,0.5,0.5,3,1.75,2.0,2.0,4
E. Frankfurt,8,3,3,2,13,12,1,12,germany,0.38,0.75,1,1.62,2.63,1.33,4
Dortmund,8,3,1,4,10,13,-3,10,germany,0.38,0.5,-3,1.25,2.63,2.0,5
Hoffenheim,8,3,1,4,9,14,-5,10,germany,0.38,0.5,-5,1.12,2.63,2.0,5
Werder Bremen,8,3,1,4,9,15,-6,10,germany,0.38,0.5,-6,1.12,2.63,2.0,5
Freiburg,8,2,3,3,7,16,-9,9,germany,0.25,0.62,-9,0.88,4.0,1.61,6
RB Leipzig,8,1,4,3,10,14,-4,7,germany,0.12,0.62,-4,1.25,8.33,1.61,7
Sankt Pauli,8,2,1,5,5,10,-5,7,germany,0.25,0.38,-5,0.62,4.0,2.63,7
Bochum,8,1,3,4,7,14,-7,6,germany,0.12,0.5,-7,0.88,8.33,2.0,8
Union Berlin,8,2,0,6,9,20,-11,6,germany,0.25,0.25,-11,1.12,4.0,4.0,8
Holstein Kiel,8,1,1,6,12,21,-9,4,germany,0.12,0.25,-9,1.5,8.33,4.0,9
Heidenheim,8,0,3,5,11,20,-9,3,germany,0.0,0.38,-9,1.38,0.0,2.63,10
Magdeburg,8,5,2,1,22,13,9,17,germany2,0.62,0.88,9,2.75,1.61,1.14,1
Paderborn,8,4,4,0,11,5,6,16,germany2,0.5,1.0,6,1.38,2.0,1.0,2
FC Koln,8,5,0,3,6,6,0,15,germany2,0.62,0.62,0,0.75,1.61,1.61,3
Hamburger SV,8,4,2,2,14,11,3,14,germany2,0.5,0.75,3,1.75,2.0,1.33,4
Kaiserslautern,8,4,1,3,16,18,-2,13,germany2,0.5,0.62,-2,2.0,2.0,1.61,5
Elversberg,8,3,3,2,10,4,6,12,germany2,0.38,0.75,6,1.25,2.63,1.33,6
Schalke 04,8,3,3,2,12,9,3,12,germany2,0.38,0.75,3,1.5,2.63,1.33,6
Hannover 96,8,3,3,2,10,10,0,12,germany2,0.38,0.75,0,1.25,2.63,1.33,6
Dusseldorf,8,2,4,2,12,12,0,10,germany2,0.25,0.75,0,1.5,4.0,1.33,7
Greuther Furth,8,3,1,4,10,16,-6,10,germany2,0.38,0.5,-6,1.25,2.63,2.0,7
Preuss. Munster,8,2,3,3,7,9,-2,9,germany2,0.25,0.62,-2,0.88,4.0,1.61,8
FC Nurnberg,8,2,2,4,11,15,-4,8,germany2,0.25,0.5,-4,1.38,4.0,2.0,9
Karlsruher SC,8,2,1,5,11,17,-6,7,germany2,0.25,0.38,-6,1.38,4.0,2.63,10
Hertha Berlin,8,2,1,5,8,15,-7,7,germany2,0.25,0.38,-7,1.0,4.0,2.63,10
Braunschweig,8,1,3,4,6,14,-8,6,germany2,0.12,0.5,-8,0.75,8.33,2.0,11
Darmstadt,8,1,2,5,9,15,-6,5,germany2,0.12,0.38,-6,1.12,8.33,2.63,12
Ulm,8,0,4,4,8,13,-5,4,germany2,0.0,0.5,-5,1.0,0.0,2.0,13
Regensburg,8,0,1,7,4,19,-15,1,germany2,0.0,0.12,-15,0.5,0.0,8.33,14
Dynamo Dresden,8,4,2,2,14,7,7,14,germany3,0.5,0.75,7,1.75,2.0,1.33,1
Osnabruck,8,4,2,2,15,12,3,14,germany3,0.5,0.75,3,1.88,2.0,1.33,1
Verl,8,4,1,3,15,12,3,13,germany3,0.5,0.62,3,1.88,2.0,1.61,2
Wehen Wiesbaden,8,3,3,2,12,9,3,12,germany3,0.38,0.75,3,1.5,2.63,1.33,3
Hansa Rostock,8,4,0,4,10,13,-3,12,germany3,0.5,0.5,-3,1.25,2.0,2.0,3
FC Ingolstadt,8,3,2,3,14,9,5,11,germany3,0.38,0.62,5,1.75,2.63,1.61,4
1860 Munchen,8,3,2,3,12,15,-3,11,germany3,0.38,0.62,-3,1.5,2.63,1.61,4
Energie Cottbus,8,3,2,3,6,9,-3,11,germany3,0.38,0.62,-3,0.75,2.63,1.61,4
Bielefeld,8,3,1,4,11,9,2,10,germany3,0.38,0.5,2,1.38,2.63,2.0,5
Dortmund B,8,2,3,3,10,10,0,9,germany3,0.25,0.62,0,1.25,4.0,1.61,6
Viktoria Koln,8,2,3,3,10,13,-3,9,germany3,0.25,0.62,-3,1.25,4.0,1.61,6
Saarbrucken,8,2,3,3,9,12,-3,9,germany3,0.25,0.62,-3,1.12,4.0,1.61,6
RW Essen,8,3,0,5,7,10,-3,9,germany3,0.38,0.38,-3,0.88,2.63,2.63,6
VfB Stuttgart B,8,1,4,3,10,14,-4,7,germany3,0.12,0.62,-4,1.25,8.33,1.61,7
Erzgebirge Aue,8,2,0,6,13,18,-5,6,germany3,0.25,0.25,-5,1.62,4.0,4.0,8
Alemannia A.,8,1,3,4,9,14,-5,6,germany3,0.12,0.5,-5,1.12,8.33,2.0,8
Hannover 96 B,8,1,1,6,8,18,-10,4,germany3,0.12,0.25,-10,1.0,8.33,4.0,9
Unterhaching,8,0,3,5,10,17,-7,3,germany3,0.0,0.38,-7,1.25,0.0,2.63,10
Sandhausen,8,0,2,6,8,15,-7,2,germany3,0.0,0.25,-7,1.0,0.0,4.0,11
Mannheim,8,0,2,6,4,13,-9,2,germany3,0.0,0.25,-9,0.5,0.0,4.0,11
Hearts of Oak,8,4,3,1,8,4,4,15,ghana,0.5,0.88,4,1.0,2.0,1.14,1
Nations,8,3,1,4,5,6,-1,10,ghana,0.38,0.5,-1,0.62,2.63,2.0,2
Dreams,8,2,4,2,4,6,-2,10,ghana,0.25,0.75,-2,0.5,4.0,1.33,2
Asante Kotoko,8,2,3,3,8,8,0,9,ghana,0.25,0.62,0,1.0,4.0,1.61,3
Bibiani GS,8,2,3,3,6,7,-1,9,ghana,0.25,0.62,-1,0.75,4.0,1.61,3
Samartex,8,2,3,3,3,4,-1,9,ghana,0.25,0.62,-1,0.38,4.0,1.61,3
Bechem Utd,8,2,3,3,8,11,-3,9,ghana,0.25,0.62,-3,1.0,4.0,1.61,3
Heart of Lions,8,2,3,3,3,6,-3,9,ghana,0.25,0.62,-3,0.38,4.0,1.61,3
Aduana Stars,8,1,5,2,4,6,-2,8,ghana,0.12,0.75,-2,0.5,8.33,1.33,4
Young Apostles,8,2,1,5,3,10,-7,7,ghana,0.25,0.38,-7,0.38,4.0,2.63,5
Medeama,8,1,2,5,8,12,-4,5,ghana,0.12,0.38,-4,1.0,8.33,2.63,6
Berekum Chelsea,8,1,2,5,4,10,-6,5,ghana,0.12,0.38,-6,0.5,8.33,2.63,6
Karela,8,1,1,6,1,7,-6,4,ghana,0.12,0.25,-6,0.12,8.33,4.0,7
Vision,8,0,3,5,3,13,-10,3,ghana,0.0,0.38,-10,0.38,0.0,2.63,8
Accra Lions,8,0,2,6,3,10,-7,2,ghana,0.0,0.25,-7,0.38,0.0,4.0,9
Holy Stars,8,0,2,6,7,16,-9,2,ghana,0.0,0.25,-9,0.88,0.0,4.0,9
Nsoatreman,8,0,1,7,2,12,-10,1,ghana,0.0,0.12,-10,0.25,0.0,8.33,10
Legon Cities,8,0,0,8,2,17,-15,0,ghana,0.0,0.0,-15,0.25,0.0,0.0,11
Lincoln RI,8,7,1,0,27,1,26,22,gibraltar,0.88,1.0,26,3.38,1.14,1.0,1
St Josephs,8,6,2,0,27,6,21,20,gibraltar,0.75,1.0,21,3.38,1.33,1.0,2
Manchester 62,8,5,0,3,17,8,9,15,gibraltar,0.62,0.62,9,2.12,1.61,1.61,3
Europa FC,8,4,2,2,19,11,8,14,gibraltar,0.5,0.75,8,2.38,2.0,1.33,4
Magpies,8,4,0,4,24,10,14,12,gibraltar,0.5,0.5,14,3.0,2.0,2.0,5
Lions FC,8,3,2,3,12,11,1,11,gibraltar,0.38,0.62,1,1.5,2.63,1.61,6
College 1975,8,2,1,5,8,15,-7,7,gibraltar,0.25,0.38,-7,1.0,4.0,2.63,7
Glacis Utd,8,2,0,6,11,26,-15,6,gibraltar,0.25,0.25,-15,1.38,4.0,4.0,8
Lynx,8,1,1,6,7,19,-12,4,gibraltar,0.12,0.25,-12,0.88,8.33,4.0,9
Mons Calpe,8,1,1,6,8,23,-15,4,gibraltar,0.12,0.25,-15,1.0,8.33,4.0,9
Europa Point,8,0,1,7,5,20,-15,1,gibraltar,0.0,0.12,-15,0.62,0.0,8.33,10
Olympiakos,8,7,1,0,16,4,12,22,greece,0.88,1.0,12,2.0,1.14,1.0,1
AEK Athens,8,5,1,2,13,9,4,16,greece,0.62,0.75,4,1.62,1.61,1.33,2
PAOK,8,4,1,3,15,8,7,13,greece,0.5,0.62,7,1.88,2.0,1.61,3
Atromitos,8,4,1,3,10,9,1,13,greece,0.5,0.62,1,1.25,2.0,1.61,3
Levadiakos,8,3,3,2,10,7,3,12,greece,0.38,0.75,3,1.25,2.63,1.33,4
Panathinaikos,8,3,3,2,9,10,-1,12,greece,0.38,0.75,-1,1.12,2.63,1.33,4
OFI Crete,8,2,2,4,8,10,-2,8,greece,0.25,0.5,-2,1.0,4.0,2.0,5
Panaitolikos,8,2,2,4,4,8,-4,8,greece,0.25,0.5,-4,0.5,4.0,2.0,5
Asteras T.,8,2,1,5,7,13,-6,7,greece,0.25,0.38,-6,0.88,4.0,2.63,6
Aris,8,2,1,5,8,15,-7,7,greece,0.25,0.38,-7,1.0,4.0,2.63,6
Volos,8,2,1,5,5,14,-9,7,greece,0.25,0.38,-9,0.62,4.0,2.63,6
Panserraikos,8,2,0,6,7,15,-8,6,greece,0.25,0.25,-8,0.88,4.0,4.0,7
A. Kallithea,8,1,2,5,7,13,-6,5,greece,0.12,0.38,-6,0.88,8.33,2.63,8
Lamia,8,0,1,7,1,17,-16,1,greece,0.0,0.12,-16,0.12,0.0,8.33,9
Comunicaciones,8,3,2,3,11,12,-1,11,guatemala,0.38,0.62,-1,1.38,2.63,1.61,1
Xelaju,8,2,4,2,8,5,3,10,guatemala,0.25,0.75,3,1.0,4.0,1.33,2
Coban Imperial,8,3,1,4,8,8,0,10,guatemala,0.38,0.5,0,1.0,2.63,2.0,2
Municipal,8,2,4,2,5,10,-5,10,guatemala,0.25,0.75,-5,0.62,4.0,1.33,2
Malacateco,8,2,3,3,7,10,-3,9,guatemala,0.25,0.62,-3,0.88,4.0,1.61,3
Xinabajul,8,2,3,3,11,15,-4,9,guatemala,0.25,0.62,-4,1.38,4.0,1.61,3
Achuapa,8,2,2,4,5,10,-5,8,guatemala,0.25,0.5,-5,0.62,4.0,2.0,4
Mixco,8,2,1,5,8,16,-8,7,guatemala,0.25,0.38,-8,1.0,4.0,2.63,5
Antigua GFC,8,1,3,4,9,15,-6,6,guatemala,0.12,0.5,-6,1.12,8.33,2.0,6
Guastatoya,8,0,4,4,3,11,-8,4,guatemala,0.0,0.5,-8,0.38,0.0,2.0,7
Marquense,8,0,2,6,3,19,-16,2,guatemala,0.0,0.25,-16,0.38,0.0,4.0,8
Zacapa Tellioz,8,0,2,6,3,21,-18,2,guatemala,0.0,0.25,-18,0.38,0.0,4.0,8
Municipal,6,2,2,2,7,5,2,8,guatemala2,0.33,0.67,2,1.17,3.03,1.49,1
Antigua GFC,6,2,1,3,5,10,-5,7,guatemala2,0.33,0.5,-5,0.83,3.03,2.0,2
Comunicaciones,6,1,3,2,3,4,-1,6,guatemala2,0.17,0.67,-1,0.5,5.88,1.49,3
Mixco,6,1,3,2,5,7,-2,6,guatemala2,0.17,0.67,-2,0.83,5.88,1.49,3
Guastatoya,6,2,0,4,6,12,-6,6,guatemala2,0.33,0.33,-6,1.0,3.03,3.03,3
Coban Imperial,6,2,0,4,6,13,-7,6,guatemala2,0.33,0.33,-7,1.0,3.03,3.03,3
Marquense,5,1,2,2,4,6,-2,5,guatemala2,0.2,0.6,-2,0.8,5.0,1.67,4
Malacateco,7,1,1,5,8,13,-5,4,guatemala2,0.14,0.29,-5,1.14,7.14,3.45,5
Achuapa,5,1,0,4,6,7,-1,3,guatemala2,0.2,0.2,-1,1.2,5.0,5.0,6
Xinabajul,6,1,0,5,4,19,-15,3,guatemala2,0.17,0.17,-15,0.67,5.88,5.88,6
Xelaju,6,0,1,5,2,8,-6,1,guatemala2,0.0,0.17,-6,0.33,0.0,5.88,7
Motagua,8,5,2,1,17,6,11,17,honduras,0.62,0.88,11,2.12,1.61,1.14,1
Olimpia,8,4,2,2,10,7,3,14,honduras,0.5,0.75,3,1.25,2.0,1.33,2
Real Espana,8,3,2,3,8,6,2,11,honduras,0.38,0.62,2,1.0,2.63,1.61,3
Marathon,8,3,2,3,8,10,-2,11,honduras,0.38,0.62,-2,1.0,2.63,1.61,3
Genesis,8,2,2,4,10,15,-5,8,honduras,0.25,0.5,-5,1.25,4.0,2.0,4
Olancho,8,1,4,3,6,12,-6,7,honduras,0.12,0.62,-6,0.75,8.33,1.61,5
Real Sociedad,8,1,3,4,11,19,-8,6,honduras,0.12,0.5,-8,1.38,8.33,2.0,6
UPNFM,8,1,2,5,4,16,-12,5,honduras,0.12,0.38,-12,0.5,8.33,2.63,7
Juticalpa,8,1,2,5,5,20,-15,5,honduras,0.12,0.38,-15,0.62,8.33,2.63,7
Victoria,8,0,2,6,8,18,-10,2,honduras,0.0,0.25,-10,1.0,0.0,4.0,8
Olimpia,6,4,1,1,10,4,6,13,honduras2,0.67,0.83,6,1.67,1.49,1.2,1
Real Espana,5,4,0,1,10,5,5,12,honduras2,0.8,0.8,5,2.0,1.25,1.25,2
Marathon,6,2,3,1,9,6,3,9,honduras2,0.33,0.83,3,1.5,3.03,1.2,3
Victoria,6,2,2,2,7,6,1,8,honduras2,0.33,0.67,1,1.17,3.03,1.49,4
Genesis,5,1,3,1,4,4,0,6,honduras2,0.2,0.8,0,0.8,5.0,1.25,5
Motagua,5,1,2,2,5,5,0,5,honduras2,0.2,0.6,0,1.0,5.0,1.67,6
Juticalpa,5,1,2,2,2,8,-6,5,honduras2,0.2,0.6,-6,0.4,5.0,1.67,6
Olancho,6,0,3,3,5,9,-4,3,honduras2,0.0,0.5,-4,0.83,0.0,2.0,7
Real Sociedad,5,0,3,2,3,7,-4,3,honduras2,0.0,0.6,-4,0.6,0.0,1.67,7
UPNFM,6,0,2,4,4,16,-12,2,honduras2,0.0,0.33,-12,0.67,0.0,3.03,8
Eastern,8,5,2,1,16,8,8,17,hongkong,0.62,0.88,8,2.0,1.61,1.14,1
Tai Po,7,5,1,1,20,8,12,16,hongkong,0.71,0.86,12,2.86,1.41,1.16,2
Kitchee,8,4,3,1,16,8,8,15,hongkong,0.5,0.88,8,2.0,2.0,1.14,3
LM Warriors,7,4,1,2,11,9,2,13,hongkong,0.57,0.71,2,1.57,1.75,1.41,4
Kowloon City,8,3,2,3,12,13,-1,11,hongkong,0.38,0.62,-1,1.5,2.63,1.61,5
Southern D.,8,1,2,5,10,15,-5,5,hongkong,0.12,0.38,-5,1.25,8.33,2.63,6
HK Rangers,8,1,2,5,11,25,-14,5,hongkong,0.12,0.38,-14,1.38,8.33,2.63,6
Hong Kong FC,7,0,0,7,3,19,-16,0,hongkong,0.0,0.0,-16,0.43,0.0,0.0,7
North District,8,0,0,8,7,26,-19,0,hongkong,0.0,0.0,-19,0.88,0.0,0.0,7
Gyor,8,4,4,0,14,8,6,16,hungary,0.5,1.0,6,1.75,2.0,1.0,1
Ferencvaros,8,4,2,2,12,9,3,14,hungary,0.5,0.75,3,1.5,2.0,1.33,2
Puskas A.,8,4,1,3,12,9,3,13,hungary,0.5,0.62,3,1.5,2.0,1.61,3
DVTK,8,3,3,2,15,16,-1,12,hungary,0.38,0.75,-1,1.88,2.63,1.33,4
Paks,8,3,2,3,15,12,3,11,hungary,0.38,0.62,3,1.88,2.63,1.61,5
MTK Budapest,8,3,2,3,13,15,-2,11,hungary,0.38,0.62,-2,1.62,2.63,1.61,5
Ujpest,8,2,3,3,7,16,-9,9,hungary,0.25,0.62,-9,0.88,4.0,1.61,6
Nyiregyhaza,8,2,2,4,7,10,-3,8,hungary,0.25,0.5,-3,0.88,4.0,2.0,7
Fehervar,8,2,1,5,8,14,-6,7,hungary,0.25,0.38,-6,1.0,4.0,2.63,8
Zalaegerszegi,8,1,3,4,7,11,-4,6,hungary,0.12,0.5,-4,0.88,8.33,2.0,9
Kecskemeti TE,8,1,3,4,9,18,-9,6,hungary,0.12,0.5,-9,1.12,8.33,2.0,9
Debrecen,8,1,2,5,9,14,-5,5,hungary,0.12,0.38,-5,1.12,8.33,2.63,10
Kazincbarcika,8,3,5,0,18,5,13,14,hungary2,0.38,1.0,13,2.25,2.63,1.0,1
Kisvarda,8,4,1,3,16,15,1,13,hungary2,0.5,0.62,1,2.0,2.0,1.61,2
Mezokovesd,8,3,2,3,10,8,2,11,hungary2,0.38,0.62,2,1.25,2.63,1.61,3
BVSC,8,3,2,3,9,9,0,11,hungary2,0.38,0.62,0,1.12,2.63,1.61,3
Kozarmisleny,8,3,2,3,9,14,-5,11,hungary2,0.38,0.62,-5,1.12,2.63,1.61,3
Ajka,8,3,1,4,11,16,-5,10,hungary2,0.38,0.5,-5,1.38,2.63,2.0,4
Szentlorinc,8,2,3,3,9,9,0,9,hungary2,0.25,0.62,0,1.12,4.0,1.61,5
Csakvari,8,3,0,5,11,12,-1,9,hungary2,0.38,0.38,-1,1.38,2.63,2.63,5
Budafoki,8,2,3,3,11,13,-2,9,hungary2,0.25,0.62,-2,1.38,4.0,1.61,5
Vasas,8,2,2,4,7,8,-1,8,hungary2,0.25,0.5,-1,0.88,4.0,2.0,6
Szeged,8,1,5,2,5,6,-1,8,hungary2,0.12,0.75,-1,0.62,8.33,1.33,6
Tatabanya,8,2,1,5,9,14,-5,7,hungary2,0.25,0.38,-5,1.12,4.0,2.63,7
Bekescsaba,8,2,0,6,3,8,-5,6,hungary2,0.25,0.25,-5,0.38,4.0,4.0,8
Honved,8,1,2,5,9,16,-7,5,hungary2,0.12,0.38,-7,1.12,8.33,2.63,9
Soroksar,8,1,2,5,8,16,-8,5,hungary2,0.12,0.38,-8,1.0,8.33,2.63,9
Gyirmot,8,0,4,4,12,18,-6,4,hungary2,0.0,0.5,-6,1.5,0.0,2.0,10
Vikingur R.,8,6,1,1,25,10,15,19,iceland,0.75,0.88,15,3.12,1.33,1.14,1
Breidablik,8,5,2,1,15,8,7,17,iceland,0.62,0.88,7,1.88,1.61,1.14,2
KA Akureyri,8,4,3,1,15,8,7,15,iceland,0.5,0.88,7,1.88,2.0,1.14,3
Stjarnan,8,2,4,2,14,11,3,10,iceland,0.25,0.75,3,1.75,4.0,1.33,4
Fylkir,8,2,2,4,7,14,-7,8,iceland,0.25,0.5,-7,0.88,4.0,2.0,5
KR Reykjavik,8,2,1,5,11,15,-4,7,iceland,0.25,0.38,-4,1.38,4.0,2.63,6
Hafnarfjordur,8,2,1,5,13,20,-7,7,iceland,0.25,0.38,-7,1.62,4.0,2.63,6
Valur,8,1,3,4,15,17,-2,6,iceland,0.12,0.5,-2,1.88,8.33,2.0,7
Vestri,8,1,3,4,12,15,-3,6,iceland,0.12,0.5,-3,1.5,8.33,2.0,7
IA Akranes,8,1,2,5,6,20,-14,5,iceland,0.12,0.38,-14,0.75,8.33,2.63,8
Fram,8,1,1,6,7,17,-10,4,iceland,0.12,0.25,-10,0.88,8.33,4.0,9
HK Kopavogur,8,0,1,7,10,32,-22,1,iceland,0.0,0.12,-22,1.25,0.0,8.33,10
Afturelding,8,6,0,2,20,12,8,18,iceland2,0.75,0.75,8,2.5,1.33,1.33,1
IBV,8,4,1,3,19,10,9,13,iceland2,0.5,0.62,9,2.38,2.0,1.61,2
Leiknir R.,8,3,2,3,12,12,0,11,iceland2,0.38,0.62,0,1.5,2.63,1.61,3
Thor Akureyri,8,3,1,4,12,15,-3,10,iceland2,0.38,0.5,-3,1.5,2.63,2.0,4
Keflavik,8,2,4,2,6,9,-3,10,iceland2,0.25,0.75,-3,0.75,4.0,1.33,4
Throttur R.,8,2,3,3,11,11,0,9,iceland2,0.25,0.62,0,1.38,4.0,1.61,5
Fjolnir,8,2,3,3,5,10,-5,9,iceland2,0.25,0.62,-5,0.62,4.0,1.61,5
IR Reykjavik,8,2,3,3,9,17,-8,9,iceland2,0.25,0.62,-8,1.12,4.0,1.61,5
Njardvik,8,1,5,2,11,14,-3,8,iceland2,0.12,0.75,-3,1.38,8.33,1.33,6
Grindavik,8,2,1,5,13,22,-9,7,iceland2,0.25,0.38,-9,1.62,4.0,2.63,7
Dalvik / Reynir,8,1,1,6,8,18,-10,4,iceland2,0.12,0.25,-10,1.0,8.33,4.0,8
Grotta,8,0,0,8,8,21,-13,0,iceland2,0.0,0.0,-13,1.0,0.0,0.0,9
Selfoss,8,7,0,1,16,8,8,21,iceland3,0.88,0.88,8,2.0,1.14,1.14,1
Throttur Vogar,8,5,2,1,26,14,12,17,iceland3,0.62,0.88,12,3.25,1.61,1.14,2
Volsungur,8,5,2,1,19,14,5,17,iceland3,0.62,0.88,5,2.38,1.61,1.14,2
Hottur/Huginn,8,4,1,3,19,24,-5,13,iceland3,0.5,0.62,-5,2.38,2.0,1.61,3
Fjardabyggd/L.,8,4,0,4,12,15,-3,12,iceland3,0.5,0.5,-3,1.5,2.0,2.0,4
KFG,8,3,2,3,12,12,0,11,iceland3,0.38,0.62,0,1.5,2.63,1.61,5
Haukar,8,3,1,4,11,15,-4,10,iceland3,0.38,0.5,-4,1.38,2.63,2.0,6
AEggir,8,2,2,4,9,16,-7,8,iceland3,0.25,0.5,-7,1.12,4.0,2.0,7
Kormakur/Hvot,8,2,2,4,5,16,-11,8,iceland3,0.25,0.5,-11,0.62,4.0,2.0,7
V. Olafsvik,8,1,3,4,14,18,-4,6,iceland3,0.12,0.5,-4,1.75,8.33,2.0,8
Reynir,8,2,0,6,14,22,-8,6,iceland3,0.25,0.25,-8,1.75,4.0,4.0,8
Fjallabyggd,8,0,1,7,5,23,-18,1,iceland3,0.0,0.12,-18,0.62,0.0,8.33,9
NorthEast Utd,8,5,2,1,17,6,11,17,india,0.62,0.88,11,2.12,1.61,1.14,1
Mohun Bagan,8,4,3,1,16,6,10,15,india,0.5,0.88,10,2.0,2.0,1.14,2
Mumbai City,8,4,3,1,9,4,5,15,india,0.5,0.88,5,1.12,2.0,1.14,2
Goa,8,4,2,2,14,11,3,14,india,0.5,0.75,3,1.75,2.0,1.33,3
Odisha FC,8,3,2,3,13,13,0,11,india,0.38,0.62,0,1.62,2.63,1.61,4
East Bengal,8,3,2,3,9,9,0,11,india,0.38,0.62,0,1.12,2.63,1.61,4
Jamshedpur,8,3,1,4,12,14,-2,10,india,0.38,0.5,-2,1.5,2.63,2.0,5
Bengaluru,8,2,2,4,13,14,-1,8,india,0.25,0.5,-1,1.62,4.0,2.0,6
Chennaiyin,8,2,1,5,10,11,-1,7,india,0.25,0.38,-1,1.25,4.0,2.63,7
Kerala Blasters,8,2,1,5,10,14,-4,7,india,0.25,0.38,-4,1.25,4.0,2.63,7
Punjab,8,1,3,4,11,16,-5,6,india,0.12,0.5,-5,1.38,8.33,2.0,8
Mohammedan,8,1,2,5,2,13,-11,5,india,0.12,0.38,-11,0.25,8.33,2.63,9
Hyderabad,8,1,1,6,5,16,-11,4,india,0.12,0.25,-11,0.62,8.33,4.0,10
Gokulam,8,4,2,2,15,7,8,14,india2,0.5,0.75,8,1.88,2.0,1.33,1
Churchill B.,8,4,2,2,12,8,4,14,india2,0.5,0.75,4,1.5,2.0,1.33,1
Sreenidi Deccan,8,4,2,2,13,14,-1,14,india2,0.5,0.75,-1,1.62,2.0,1.33,1
Namdhari,8,4,1,3,12,9,3,13,india2,0.5,0.62,3,1.5,2.0,1.61,2
Inter Kashi,8,3,3,2,9,10,-1,12,india2,0.38,0.75,-1,1.12,2.63,1.33,3
Dempo,8,3,1,4,7,10,-3,10,india2,0.38,0.5,-3,0.88,2.63,2.0,4
Rajasthan,8,2,3,3,11,17,-6,9,india2,0.25,0.62,-6,1.38,4.0,1.61,5
Real Kashmir,8,2,2,4,7,12,-5,8,india2,0.25,0.5,-5,0.88,4.0,2.0,6
Shillong Lajong,8,2,2,4,17,26,-9,8,india2,0.25,0.5,-9,2.12,4.0,2.0,6
Delhi FC,8,1,2,5,12,22,-10,5,india2,0.12,0.38,-10,1.5,8.33,2.63,7
Aizawl,8,1,2,5,8,20,-12,5,india2,0.12,0.38,-12,1.0,8.33,2.63,7
SC Bengaluru,8,1,1,6,5,23,-18,4,india2,0.12,0.25,-18,0.62,8.33,4.0,8
Persib,8,4,3,1,14,10,4,15,indonesia,0.5,0.88,4,1.75,2.0,1.14,1
Dewa Utd,8,4,1,3,15,10,5,13,indonesia,0.5,0.62,5,1.88,2.0,1.61,2
Malut United,8,3,4,1,12,8,4,13,indonesia,0.38,0.88,4,1.5,2.63,1.14,2
Persis Solo,8,3,2,3,8,9,-1,11,indonesia,0.38,0.62,-1,1.0,2.63,1.61,3
Persija,8,3,1,4,11,13,-2,10,indonesia,0.38,0.5,-2,1.38,2.63,2.0,4
Semen Padang,8,3,1,4,11,16,-5,10,indonesia,0.38,0.5,-5,1.38,2.63,2.0,4
PSM,8,2,3,3,11,11,0,9,indonesia,0.25,0.62,0,1.38,4.0,1.61,5
Barito Putera,8,2,3,3,13,14,-1,9,indonesia,0.25,0.62,-1,1.62,4.0,1.61,5
Arema,8,3,0,5,13,15,-2,9,indonesia,0.38,0.38,-2,1.62,2.63,2.63,5
PSBS Biak N.,8,1,5,2,9,9,0,8,indonesia,0.12,0.75,0,1.12,8.33,1.33,6
Bali Utd,8,2,1,5,12,13,-1,7,indonesia,0.25,0.38,-1,1.5,4.0,2.63,7
PSIS Semarang,8,1,4,3,8,10,-2,7,indonesia,0.12,0.62,-2,1.0,8.33,1.61,7
Persik Kediri,8,2,1,5,11,15,-4,7,indonesia,0.25,0.38,-4,1.38,4.0,2.63,7
Borneo,8,2,1,5,7,12,-5,7,indonesia,0.25,0.38,-5,0.88,4.0,2.63,7
Persebaya S.,8,2,1,5,5,13,-8,7,indonesia,0.25,0.38,-8,0.62,4.0,2.63,7
Persita,8,1,2,5,7,15,-8,5,indonesia,0.12,0.38,-8,0.88,8.33,2.63,8
PSS Sleman,8,1,2,5,7,15,-8,5,indonesia,0.12,0.38,-8,0.88,8.33,2.63,8
Madura Utd,8,1,2,5,3,17,-14,5,indonesia,0.12,0.38,-14,0.38,8.33,2.63,8
Tractor Sazi,8,6,1,1,11,4,7,19,iran,0.75,0.88,7,1.38,1.33,1.14,1
Persepolis,8,4,3,1,12,5,7,15,iran,0.5,0.88,7,1.5,2.0,1.14,2
Gol Gohar,8,3,4,1,5,2,3,13,iran,0.38,0.88,3,0.62,2.63,1.14,3
Foolad,8,4,1,3,11,12,-1,13,iran,0.5,0.62,-1,1.38,2.0,1.61,3
Sepahan,8,2,6,0,10,6,4,12,iran,0.25,1.0,4,1.25,4.0,1.0,4
Mes Rafsanjan,8,3,2,3,8,11,-3,11,iran,0.38,0.62,-3,1.0,2.63,1.61,5
Esteghlal,8,2,4,2,7,7,0,10,iran,0.25,0.75,0,0.88,4.0,1.33,6
Malavan,8,3,0,5,7,9,-2,9,iran,0.38,0.38,-2,0.88,2.63,2.63,7
Shams A. Qazvin,8,3,0,5,5,12,-7,9,iran,0.38,0.38,-7,0.62,2.63,2.63,7
N. Mazandaran,8,2,2,4,4,6,-2,8,iran,0.25,0.5,-2,0.5,4.0,2.0,8
Zob Ahan,8,2,2,4,6,9,-3,8,iran,0.25,0.5,-3,0.75,4.0,2.0,8
E. Khuzestan,8,1,3,4,3,11,-8,6,iran,0.12,0.5,-8,0.38,8.33,2.0,9
Havadar,8,1,3,4,4,16,-12,6,iran,0.12,0.5,-12,0.5,8.33,2.0,9
Aluminium Arak,8,1,2,5,5,11,-6,5,iran,0.12,0.38,-6,0.62,8.33,2.63,10
Chadormalu,8,1,2,5,3,9,-6,5,iran,0.12,0.38,-6,0.38,8.33,2.63,10
K. Khorramabad,8,0,2,6,3,12,-9,2,iran,0.0,0.25,-9,0.38,0.0,4.0,11
Drogheda Utd,3,2,1,0,2,0,2,7,ireland,0.67,1.0,2,0.67,1.49,1.0,1
Waterford,3,2,0,1,5,4,1,6,ireland,0.67,0.67,1,1.67,1.49,1.49,2
Shelbourne,2,1,1,0,2,1,1,4,ireland,0.5,1.0,1,1.0,2.0,1.0,3
Shamrock Rovers,4,1,1,2,4,5,-1,4,ireland,0.25,0.5,-1,1.0,4.0,2.0,3
Galway Utd,3,0,3,0,4,4,0,3,ireland,0.0,1.0,0,1.33,0.0,1.0,4
Bohemians,4,1,0,3,4,6,-2,3,ireland,0.25,0.25,-2,1.0,4.0,4.0,4
Derry City,3,1,0,2,2,5,-3,3,ireland,0.33,0.33,-3,0.67,3.03,3.03,4
Cork City,2,0,1,1,2,3,-1,1,ireland,0.0,0.5,-1,1.0,0.0,2.0,5
Sligo Rovers,3,0,1,2,4,8,-4,1,ireland,0.0,0.33,-4,1.33,0.0,3.03,5
St. Patricks,2,0,0,2,1,3,-2,0,ireland,0.0,0.0,-2,0.5,0.0,0.0,6
Dundalk,3,3,0,0,5,1,4,9,ireland2,1.0,1.0,4,1.67,1.0,1.0,1
Cobh Ramblers,3,2,1,0,6,4,2,7,ireland2,0.67,1.0,2,2.0,1.49,1.0,2
Wexford,2,2,0,0,4,0,4,6,ireland2,1.0,1.0,4,2.0,1.0,1.0,3
Bray Wanderers,3,2,0,1,2,2,0,6,ireland2,0.67,0.67,0,0.67,1.49,1.49,3
Treaty Utd,2,1,1,0,7,2,5,4,ireland2,0.5,1.0,5,3.5,2.0,1.0,4
Athlone Town,3,1,1,1,2,2,0,4,ireland2,0.33,0.67,0,0.67,3.03,1.49,4
Kerry,2,0,1,1,2,3,-1,1,ireland2,0.0,0.5,-1,1.0,0.0,2.0,5
Finn Harps,3,0,1,2,2,6,-4,1,ireland2,0.0,0.33,-4,0.67,0.0,3.03,5
UC Dublin,1,0,0,1,1,2,-1,0,ireland2,0.0,0.0,-1,1.0,0.0,0.0,6
Longford Town,1,0,0,1,0,5,-5,0,ireland2,0.0,0.0,-5,0.0,0.0,0.0,6
Maccabi Haifa,8,5,3,0,18,7,11,18,israel,0.62,1.0,11,2.25,1.61,1.0,1
M. Tel Aviv,8,5,3,0,18,11,7,18,israel,0.62,1.0,7,2.25,1.61,1.0,1
H. Beer Sheva,8,5,2,1,10,4,6,17,israel,0.62,0.88,6,1.25,1.61,1.14,2
B. Jerusalem,8,4,1,3,15,15,0,13,israel,0.5,0.62,0,1.88,2.0,1.61,3
Maccabi Netanya,8,4,1,3,10,11,-1,13,israel,0.5,0.62,-1,1.25,2.0,1.61,3
Hapoel Hadera,8,2,4,2,6,8,-2,10,israel,0.25,0.75,-2,0.75,4.0,1.33,4
Kiryat Shmona,8,3,1,4,10,16,-6,10,israel,0.38,0.5,-6,1.25,2.63,2.0,4
H. Jerusalem,8,1,5,2,9,10,-1,8,israel,0.12,0.75,-1,1.12,8.33,1.33,5
Hapoel Haifa,8,2,2,4,7,8,-1,8,israel,0.25,0.5,-1,0.88,4.0,2.0,5
Ashdod,8,2,2,4,15,18,-3,8,israel,0.25,0.5,-3,1.88,4.0,2.0,5
M. Bnei Raina,8,2,1,5,6,10,-4,7,israel,0.25,0.38,-4,0.75,4.0,2.63,6
M. Petah Tikva,8,2,0,6,8,16,-8,6,israel,0.25,0.25,-8,1.0,4.0,4.0,7
Ironi Tiberias,8,1,3,4,4,13,-9,6,israel,0.12,0.5,-9,0.5,8.33,2.0,7
Sakhnin,8,1,2,5,8,15,-7,5,israel,0.12,0.38,-7,1.0,8.33,2.63,8
H. Petah Tikva,8,6,1,1,12,5,7,19,israel2,0.75,0.88,7,1.5,1.33,1.14,1
Hapoel Tel Aviv,8,5,3,0,14,5,9,18,israel2,0.62,1.0,9,1.75,1.61,1.0,2
Bnei Yehuda,8,5,0,3,12,9,3,15,israel2,0.62,0.62,3,1.5,1.61,1.61,3
H. Ironi Rishon,8,4,2,2,9,11,-2,14,israel2,0.5,0.75,-2,1.12,2.0,1.33,4
Hapoel Raanana,8,3,3,2,7,5,2,12,israel2,0.38,0.75,2,0.88,2.63,1.33,5
H. Kfar Shalem,8,3,2,3,15,11,4,11,israel2,0.38,0.62,4,1.88,2.63,1.61,6
H. Ramat Gan,8,3,2,3,9,5,4,11,israel2,0.38,0.62,4,1.12,2.63,1.61,6
Kafr Qasim,8,3,1,4,5,7,-2,10,israel2,0.38,0.5,-2,0.62,2.63,2.0,7
M. Herziliya,8,3,1,4,10,17,-7,10,israel2,0.38,0.5,-7,1.25,2.63,2.0,7
Hapoel Akko,8,3,0,5,6,17,-11,9,israel2,0.38,0.38,-11,0.75,2.63,2.63,8
Maccabi Jaffa,8,1,4,3,7,9,-2,7,israel2,0.12,0.62,-2,0.88,8.33,1.61,9
H. Kfar Saba,8,2,1,5,5,10,-5,7,israel2,0.25,0.38,-5,0.62,4.0,2.63,9
Ramat Hasharon,8,2,0,6,11,26,-15,6,israel2,0.25,0.25,-15,1.38,4.0,4.0,10
H. Nof Hagalil,8,1,1,6,7,17,-10,4,israel2,0.12,0.25,-10,0.88,8.33,4.0,11
Hapoel Afula,8,1,1,6,3,15,-12,4,israel2,0.12,0.25,-12,0.38,8.33,4.0,11
H. Umm al-Fahm,8,0,1,7,5,18,-13,1,israel2,0.0,0.12,-13,0.62,0.0,8.33,12
Atalanta,8,6,2,0,20,2,18,20,italy,0.75,1.0,18,2.5,1.33,1.0,1
Napoli,8,5,2,1,16,9,7,17,italy,0.62,0.88,7,2.0,1.61,1.14,2
Lazio,8,5,1,2,11,8,3,16,italy,0.62,0.75,3,1.38,1.61,1.33,3
Inter Milan,8,4,2,2,16,6,10,14,italy,0.5,0.75,10,2.0,2.0,1.33,4
AS Roma,8,4,2,2,8,7,1,14,italy,0.5,0.75,1,1.0,2.0,1.33,4
Juventus,8,3,4,1,9,7,2,13,italy,0.38,0.88,2,1.12,2.63,1.14,5
Udinese,8,3,4,1,9,9,0,13,italy,0.38,0.88,0,1.12,2.63,1.14,5
Hellas Verona,8,4,1,3,9,10,-1,13,italy,0.5,0.62,-1,1.12,2.0,1.61,5
AC Milan,8,4,0,4,11,11,0,12,italy,0.5,0.5,0,1.38,2.0,2.0,6
Torino,8,2,5,1,11,9,2,11,italy,0.25,0.88,2,1.38,4.0,1.14,7
Bologna,8,2,4,2,9,11,-2,10,italy,0.25,0.75,-2,1.12,4.0,1.33,8
Fiorentina,8,2,1,5,9,11,-2,7,italy,0.25,0.38,-2,1.12,4.0,2.63,9
Genoa,8,1,4,3,6,9,-3,7,italy,0.12,0.62,-3,0.75,8.33,1.61,9
Lecce,8,2,1,5,9,15,-6,7,italy,0.25,0.38,-6,1.12,4.0,2.63,9
Como,8,1,3,4,8,12,-4,6,italy,0.12,0.5,-4,1.0,8.33,2.0,10
Cagliari,8,1,3,4,7,11,-4,6,italy,0.12,0.5,-4,0.88,8.33,2.0,10
Empoli,8,1,2,5,10,17,-7,5,italy,0.12,0.38,-7,1.25,8.33,2.63,11
Venezia,8,0,4,4,6,13,-7,4,italy,0.0,0.5,-7,0.75,0.0,2.0,12
Parma,8,0,2,6,5,16,-11,2,italy,0.0,0.25,-11,0.62,0.0,4.0,13
Monza,8,0,1,7,7,22,-15,1,italy,0.0,0.12,-15,0.88,0.0,8.33,14
Sassuolo,8,5,1,2,13,8,5,16,italy2,0.62,0.75,5,1.62,1.61,1.33,1
Cremonese,8,4,3,1,14,6,8,15,italy2,0.5,0.88,8,1.75,2.0,1.14,2
Spezia,8,3,4,1,9,4,5,13,italy2,0.38,0.88,5,1.12,2.63,1.14,3
Catanzaro,8,3,4,1,12,13,-1,13,italy2,0.38,0.88,-1,1.5,2.63,1.14,3
Cittadella,8,4,1,3,7,10,-3,13,italy2,0.5,0.62,-3,0.88,2.0,1.61,3
Sudtirol,8,3,2,3,14,11,3,11,italy2,0.38,0.62,3,1.75,2.63,1.61,4
Pisa,8,3,2,3,9,9,0,11,italy2,0.38,0.62,0,1.12,2.63,1.61,4
Cesena,8,3,1,4,8,11,-3,10,italy2,0.38,0.5,-3,1.0,2.63,2.0,5
Frosinone,8,2,3,3,7,9,-2,9,italy2,0.25,0.62,-2,0.88,4.0,1.61,6
Mantova,8,1,5,2,13,15,-2,8,italy2,0.12,0.75,-2,1.62,8.33,1.33,7
Modena,8,2,2,4,9,11,-2,8,italy2,0.25,0.5,-2,1.12,4.0,2.0,7
Reggiana,8,2,2,4,8,10,-2,8,italy2,0.25,0.5,-2,1.0,4.0,2.0,7
Bari,8,1,4,3,5,9,-4,7,italy2,0.12,0.62,-4,0.62,8.33,1.61,8
Palermo,8,1,3,4,10,11,-1,6,italy2,0.12,0.5,-1,1.25,8.33,2.0,9
Brescia,8,1,3,4,7,11,-4,6,italy2,0.12,0.5,-4,0.88,8.33,2.0,9
Juve Stabia,8,1,3,4,8,13,-5,6,italy2,0.12,0.5,-5,1.0,8.33,2.0,9
Sampdoria,8,0,5,3,8,16,-8,5,italy2,0.0,0.62,-8,1.0,0.0,1.61,10
Salernitana,8,0,3,5,3,10,-7,3,italy2,0.0,0.38,-7,0.38,0.0,2.63,11
Carrarese,8,0,3,5,6,14,-8,3,italy2,0.0,0.38,-8,0.75,0.0,2.63,11
Cosenza,8,0,2,6,6,15,-9,2,italy2,0.0,0.25,-9,0.75,0.0,4.0,12
AlbinoLeffe,8,5,1,2,11,8,3,16,italy3,0.62,0.75,3,1.38,1.61,1.33,1
Giana Erminio,8,5,1,2,9,7,2,16,italy3,0.62,0.75,2,1.12,1.61,1.33,1
Virtus Verona,8,5,0,3,14,10,4,15,italy3,0.62,0.62,4,1.75,1.61,1.61,2
FeralpiSalo,8,4,2,2,11,8,3,14,italy3,0.5,0.75,3,1.38,2.0,1.33,3
Vicenza,8,4,2,2,9,7,2,14,italy3,0.5,0.75,2,1.12,2.0,1.33,3
Padova,8,4,1,3,11,7,4,13,italy3,0.5,0.62,4,1.38,2.0,1.61,4
Pergolettese,8,3,4,1,6,5,1,13,italy3,0.38,0.88,1,0.75,2.63,1.14,4
Triestina,8,4,1,3,12,13,-1,13,italy3,0.5,0.62,-1,1.5,2.0,1.61,4
Novara,8,3,3,2,9,6,3,12,italy3,0.38,0.75,3,1.12,2.63,1.33,5
Trento,8,3,2,3,7,10,-3,11,italy3,0.38,0.62,-3,0.88,2.63,1.61,6
Arzignano,8,2,4,2,7,10,-3,10,italy3,0.25,0.75,-3,0.88,4.0,1.33,7
Alcione,8,2,3,3,7,9,-2,9,italy3,0.25,0.62,-2,0.88,4.0,1.61,8
Lumezzane,8,1,5,2,8,10,-2,8,italy3,0.12,0.75,-2,1.0,8.33,1.33,9
Renate,8,2,2,4,8,11,-3,8,italy3,0.25,0.5,-3,1.0,4.0,2.0,9
Pro Vercelli,8,1,2,5,6,12,-6,5,italy3,0.12,0.38,-6,0.75,8.33,2.63,10
Atalanta B,8,1,2,5,7,14,-7,5,italy3,0.12,0.38,-7,0.88,8.33,2.63,10
Lecco,8,0,4,4,4,14,-10,4,italy3,0.0,0.5,-10,0.5,0.0,2.0,11
Clodiense,8,1,1,6,7,20,-13,4,italy3,0.12,0.25,-13,0.88,8.33,4.0,11
Pro Patria,8,0,2,6,4,12,-8,2,italy3,0.0,0.25,-8,0.5,0.0,4.0,12
Caldiero Terme,8,0,2,6,6,19,-13,2,italy3,0.0,0.25,-13,0.75,0.0,4.0,12
Entella,8,4,4,0,12,6,6,16,italy4,0.5,1.0,6,1.5,2.0,1.0,1
Arezzo,8,5,1,2,10,4,6,16,italy4,0.62,0.75,6,1.25,1.61,1.33,1
Ternana,8,5,1,2,10,4,6,16,italy4,0.62,0.75,6,1.25,1.61,1.33,1
Rimini,8,4,3,1,11,5,6,15,italy4,0.5,0.88,6,1.38,2.0,1.14,2
Athletic Carpi,8,4,2,2,12,7,5,14,italy4,0.5,0.75,5,1.5,2.0,1.33,3
Pescara,8,4,2,2,14,10,4,14,italy4,0.5,0.75,4,1.75,2.0,1.33,3
Torres,8,4,1,3,12,8,4,13,italy4,0.5,0.62,4,1.5,2.0,1.61,4
Vis Pesaro,8,3,3,2,8,7,1,12,italy4,0.38,0.75,1,1.0,2.63,1.33,5
Pineto,8,3,2,3,14,15,-1,11,italy4,0.38,0.62,-1,1.75,2.63,1.61,6
Pontedera,8,3,2,3,10,12,-2,11,italy4,0.38,0.62,-2,1.25,2.63,1.61,6
Pianese,8,3,1,4,9,11,-2,10,italy4,0.38,0.5,-2,1.12,2.63,2.0,7
Ascoli,8,3,1,4,8,11,-3,10,italy4,0.38,0.5,-3,1.0,2.63,2.0,7
Legnago Salus,8,2,3,3,6,7,-1,9,italy4,0.25,0.62,-1,0.75,4.0,1.61,8
SPAL,8,2,3,3,9,13,-4,9,italy4,0.25,0.62,-4,1.12,4.0,1.61,8
AC Milan B,8,1,3,4,8,11,-3,6,italy4,0.12,0.5,-3,1.0,8.33,2.0,9
Gubbio,8,1,3,4,6,9,-3,6,italy4,0.12,0.5,-3,0.75,8.33,2.0,9
Lucchese,8,1,3,4,6,12,-6,6,italy4,0.12,0.5,-6,0.75,8.33,2.0,9
Perugia,8,0,4,4,6,10,-4,4,italy4,0.0,0.5,-4,0.75,0.0,2.0,10
Campobasso,8,1,1,6,4,13,-9,4,italy4,0.12,0.25,-9,0.5,8.33,4.0,10
Sestri Levante,8,0,3,5,5,12,-7,3,italy4,0.0,0.38,-7,0.62,0.0,2.63,11
A. Cerignola,8,6,2,0,12,4,8,20,italy5,0.75,1.0,8,1.5,1.33,1.0,1
Avellino,8,4,3,1,12,6,6,15,italy5,0.5,0.88,6,1.5,2.0,1.14,2
Crotone,8,4,2,2,16,7,9,14,italy5,0.5,0.75,9,2.0,2.0,1.33,3
Potenza,8,4,2,2,15,14,1,14,italy5,0.5,0.75,1,1.88,2.0,1.33,3
Monopoli,8,4,2,2,6,5,1,14,italy5,0.5,0.75,1,0.75,2.0,1.33,3
Juventus U23,8,3,3,2,11,10,1,12,italy5,0.38,0.75,1,1.38,2.63,1.33,4
Altamura,8,2,5,1,9,8,1,11,italy5,0.25,0.88,1,1.12,4.0,1.14,5
Picerno,8,2,4,2,6,5,1,10,italy5,0.25,0.75,1,0.75,4.0,1.33,6
Catania,8,2,3,3,14,14,0,9,italy5,0.25,0.62,0,1.75,4.0,1.61,7
Benevento,8,2,3,3,8,12,-4,9,italy5,0.25,0.62,-4,1.0,4.0,1.61,7
Giugliano,8,2,2,4,6,11,-5,8,italy5,0.25,0.5,-5,0.75,4.0,2.0,8
Trapani,8,2,1,5,4,9,-5,7,italy5,0.25,0.38,-5,0.5,4.0,2.63,9
Cavese,8,1,3,4,10,14,-4,6,italy5,0.12,0.5,-4,1.25,8.33,2.0,10
Casertana,8,1,3,4,5,9,-4,6,italy5,0.12,0.5,-4,0.62,8.33,2.0,10
Sorrento,8,1,3,4,4,11,-7,6,italy5,0.12,0.5,-7,0.5,8.33,2.0,10
Foggia,8,1,2,5,9,11,-2,5,italy5,0.12,0.38,-2,1.12,8.33,2.63,11
ACR Messina,8,0,4,4,7,12,-5,4,italy5,0.0,0.5,-5,0.88,0.0,2.0,12
Latina,8,1,1,6,7,20,-13,4,italy5,0.12,0.25,-13,0.88,8.33,4.0,12
Taranto,0,0,0,0,0,0,0,0,italy5,0.0,0.0,0,0.0,0.0,0.0,13
Turris,0,0,0,0,0,0,0,0,italy5,0.0,0.0,0,0.0,0.0,0.0,13
NovaRomentin,8,7,1,0,22,4,18,22,italy6,0.88,1.0,18,2.75,1.14,1.0,1
Bra,8,5,3,0,10,3,7,18,italy6,0.62,1.0,7,1.25,1.61,1.0,2
Vado,8,5,2,1,11,6,5,17,italy6,0.62,0.88,5,1.38,1.61,1.14,3
Lavagnese,8,4,4,0,13,5,8,16,italy6,0.5,1.0,8,1.62,2.0,1.0,4
Gozzano,8,5,1,2,14,8,6,16,italy6,0.62,0.75,6,1.75,1.61,1.33,4
Ligorna,8,5,1,2,10,6,4,16,italy6,0.62,0.75,4,1.25,1.61,1.33,4
Chisola,8,4,2,2,10,5,5,14,italy6,0.5,0.75,5,1.25,2.0,1.33,5
Citta di Varese,8,4,1,3,5,5,0,13,italy6,0.5,0.62,0,0.62,2.0,1.61,6
Cairese,8,3,2,3,7,10,-3,11,italy6,0.38,0.62,-3,0.88,2.63,1.61,7
Derthona,8,2,2,4,8,9,-1,8,italy6,0.25,0.5,-1,1.0,4.0,2.0,8
Sanremese,8,1,5,2,7,10,-3,8,italy6,0.12,0.75,-3,0.88,8.33,1.33,8
Pro Imperia,8,2,1,5,10,17,-7,7,italy6,0.25,0.38,-7,1.25,4.0,2.63,9
Chieri,8,1,4,3,4,11,-7,7,italy6,0.12,0.62,-7,0.5,8.33,1.61,9
Oltrepo,8,2,1,5,6,15,-9,7,italy6,0.25,0.38,-9,0.75,4.0,2.63,9
Fossano,8,1,3,4,8,15,-7,6,italy6,0.12,0.5,-7,1.0,8.33,2.0,10
Saluzzo,8,0,5,3,4,9,-5,5,italy6,0.0,0.62,-5,0.5,0.0,1.61,11
Asti,8,1,2,5,8,16,-8,5,italy6,0.12,0.38,-8,1.0,8.33,2.63,11
Vogherese,8,0,3,5,5,14,-9,3,italy6,0.0,0.38,-9,0.62,0.0,2.63,12
Borgaro Nobis,8,0,1,7,6,22,-16,1,italy6,0.0,0.12,-16,0.75,0.0,8.33,13
Albenga,0,0,0,0,0,0,0,0,italy6,0.0,0.0,0,0.0,0.0,0.0,14
Ospitaletto,8,6,1,1,14,4,10,19,italy7,0.75,0.88,10,1.75,1.33,1.14,1
F. Caratese,8,5,3,0,12,4,8,18,italy7,0.62,1.0,8,1.5,1.61,1.0,2
Pro Palazzolo,8,4,2,2,14,7,7,14,italy7,0.5,0.75,7,1.75,2.0,1.33,3
Chievo,8,4,2,2,11,8,3,14,italy7,0.5,0.75,3,1.38,2.0,1.33,3
Crema,8,4,2,2,9,7,2,14,italy7,0.5,0.75,2,1.12,2.0,1.33,3
USD Casatese,8,2,5,1,13,9,4,11,italy7,0.25,0.88,4,1.62,4.0,1.14,4
Club Milano,8,3,2,3,7,9,-2,11,italy7,0.38,0.62,-2,0.88,2.63,1.61,4
Varesina,8,2,4,2,10,10,0,10,italy7,0.25,0.75,0,1.25,4.0,1.33,5
Desenxano,8,2,3,3,11,10,1,9,italy7,0.25,0.62,1,1.38,4.0,1.61,6
SantAngelo,8,2,3,3,11,11,0,9,italy7,0.25,0.62,0,1.38,4.0,1.61,6
Arconatese,8,2,3,3,9,11,-2,9,italy7,0.25,0.62,-2,1.12,4.0,1.61,6
Pro Sesto,8,2,3,3,8,10,-2,9,italy7,0.25,0.62,-2,1.0,4.0,1.61,6
Castellanzese,8,2,2,4,9,14,-5,8,italy7,0.25,0.5,-5,1.12,4.0,2.0,7
Sondrio,8,2,2,4,8,16,-8,8,italy7,0.25,0.5,-8,1.0,4.0,2.0,7
Vigasio,8,1,4,3,3,6,-3,7,italy7,0.12,0.62,-3,0.38,8.33,1.61,8
Fanfulla,8,1,3,4,5,12,-7,6,italy7,0.12,0.5,-7,0.62,8.33,2.0,9
Magenta,8,1,2,5,11,14,-3,5,italy7,0.12,0.38,-3,1.38,8.33,2.63,10
Sangiuliano C.,8,1,1,6,4,11,-7,4,italy7,0.12,0.25,-7,0.5,8.33,4.0,11
Breno,8,0,4,4,7,17,-10,4,italy7,0.0,0.5,-10,0.88,0.0,2.0,11
Ciliverghe,8,0,2,6,4,19,-15,2,italy7,0.0,0.25,-15,0.5,0.0,4.0,12
Cjarlins Muzane,8,5,2,1,13,5,8,17,italy8,0.62,0.88,8,1.62,1.61,1.14,1
Mestre,8,5,2,1,8,3,5,17,italy8,0.62,0.88,5,1.0,1.61,1.14,1
Real Calepina,8,4,3,1,10,8,2,15,italy8,0.5,0.88,2,1.25,2.0,1.14,2
Treviso,8,4,2,2,13,7,6,14,italy8,0.5,0.75,6,1.62,2.0,1.33,3
Adriese,8,4,2,2,10,9,1,14,italy8,0.5,0.75,1,1.25,2.0,1.33,3
Brusaporto,8,3,4,1,7,5,2,13,italy8,0.38,0.88,2,0.88,2.63,1.14,4
Campodarsego,8,2,6,0,6,3,3,12,italy8,0.25,1.0,3,0.75,4.0,1.0,5
Portogruaro,8,2,5,1,12,8,4,11,italy8,0.25,0.88,4,1.5,4.0,1.14,6
Villa Alme,8,2,5,1,11,9,2,11,italy8,0.25,0.88,2,1.38,4.0,1.14,6
Luparense,8,3,2,3,10,8,2,11,italy8,0.38,0.62,2,1.25,2.63,1.61,6
Este,8,2,2,4,10,12,-2,8,italy8,0.25,0.5,-2,1.25,4.0,2.0,7
Bassano Virtus,8,2,2,4,10,14,-4,8,italy8,0.25,0.5,-4,1.25,4.0,2.0,7
Ciserano,8,2,2,4,8,13,-5,8,italy8,0.25,0.5,-5,1.0,4.0,2.0,7
D. Bellunesi,8,2,2,4,10,16,-6,8,italy8,0.25,0.5,-6,1.25,4.0,2.0,7
Calvi Noale,8,1,3,4,7,10,-3,6,italy8,0.12,0.5,-3,0.88,8.33,2.0,8
Caravaggio,8,1,2,5,12,15,-3,5,italy8,0.12,0.38,-3,1.5,8.33,2.63,9
Montecchio M.,8,1,2,5,5,13,-8,5,italy8,0.12,0.38,-8,0.62,8.33,2.63,9
Chions,8,1,2,5,7,16,-9,5,italy8,0.12,0.38,-9,0.88,8.33,2.63,9
Brian Lignano,8,0,4,4,8,15,-7,4,italy8,0.0,0.5,-7,1.0,0.0,2.0,10
Lavis,8,0,0,8,3,21,-18,0,italy8,0.0,0.0,-18,0.38,0.0,0.0,11
Forli,8,8,0,0,18,1,17,24,italy9,1.0,1.0,17,2.25,1.0,1.0,1
Ravenna,8,6,2,0,12,4,8,20,italy9,0.75,1.0,8,1.5,1.33,1.0,2
Zenith Prato,8,5,1,2,17,9,8,16,italy9,0.62,0.75,8,2.12,1.61,1.33,3
Lentigione,8,4,2,2,11,9,2,14,italy9,0.5,0.75,2,1.38,2.0,1.33,4
Progresso,8,4,1,3,6,8,-2,13,italy9,0.5,0.62,-2,0.75,2.0,1.61,5
Pistoiese,8,3,3,2,9,6,3,12,italy9,0.38,0.75,3,1.12,2.63,1.33,6
Tau Altopascio,8,3,2,3,13,5,8,11,italy9,0.38,0.62,8,1.62,2.63,1.61,7
Sasso Marconi,8,3,1,4,9,12,-3,10,italy9,0.38,0.5,-3,1.12,2.63,2.0,8
Tuttocuoio,8,3,1,4,8,17,-9,10,italy9,0.38,0.5,-9,1.0,2.63,2.0,8
San Marino C.,8,2,2,4,10,11,-1,8,italy9,0.25,0.5,-1,1.25,4.0,2.0,9
Cittadella Vis,8,2,2,4,9,12,-3,8,italy9,0.25,0.5,-3,1.12,4.0,2.0,9
Prato,8,2,2,4,4,7,-3,8,italy9,0.25,0.5,-3,0.5,4.0,2.0,9
Imolese,8,2,2,4,5,12,-7,8,italy9,0.25,0.5,-7,0.62,4.0,2.0,9
Sammaurese,8,1,3,4,3,7,-4,6,italy9,0.12,0.5,-4,0.38,8.33,2.0,10
Corticella,8,1,3,4,5,13,-8,6,italy9,0.12,0.5,-8,0.62,8.33,2.0,10
Piacenza,8,1,2,5,6,16,-10,5,italy9,0.12,0.38,-10,0.75,8.33,2.63,11
Fiorenzuola,8,1,0,7,4,16,-12,3,italy9,0.12,0.12,-12,0.5,8.33,8.33,12
United Riccione,8,1,0,7,2,20,-18,3,italy9,0.12,0.12,-18,0.25,8.33,8.33,12
FC Siena,8,5,2,1,8,5,3,17,italy10,0.62,0.88,3,1.0,1.61,1.14,1
Livorno,8,5,2,1,12,11,1,17,italy10,0.62,0.88,1,1.5,1.61,1.14,1
Seravezza,8,4,4,0,9,3,6,16,italy10,0.5,1.0,6,1.12,2.0,1.0,2
Poggibonsi,8,4,2,2,7,5,2,14,italy10,0.5,0.75,2,0.88,2.0,1.33,3
Grosseto,8,4,1,3,8,9,-1,13,italy10,0.5,0.62,-1,1.0,2.0,1.61,4
Fulgens Foligno,8,3,3,2,11,10,1,12,italy10,0.38,0.75,1,1.38,2.63,1.33,5
San Donato,8,4,0,4,9,9,0,12,italy10,0.5,0.5,0,1.12,2.0,2.0,5
Sangiovannese,8,2,5,1,8,7,1,11,italy10,0.25,0.88,1,1.0,4.0,1.14,6
Orvietana,8,3,2,3,11,13,-2,11,italy10,0.38,0.62,-2,1.38,2.63,1.61,6
Gavorrano,8,3,2,3,10,12,-2,11,italy10,0.38,0.62,-2,1.25,2.63,1.61,6
S. Trestina,8,3,1,4,11,12,-1,10,italy10,0.38,0.5,-1,1.38,2.63,2.0,7
Montevarchi,8,2,4,2,8,9,-1,10,italy10,0.25,0.75,-1,1.0,4.0,1.33,7
Ghiviborgo,8,3,1,4,10,15,-5,10,italy10,0.38,0.5,-5,1.25,2.63,2.0,7
Flaminia,8,2,3,3,11,9,2,9,italy10,0.25,0.62,2,1.38,4.0,1.61,8
Ostia Mare,8,2,3,3,12,12,0,9,italy10,0.25,0.62,0,1.5,4.0,1.61,8
Fezzanese,8,2,3,3,9,13,-4,9,italy10,0.25,0.62,-4,1.12,4.0,1.61,8
T. Traiana,8,2,2,4,8,18,-10,8,italy10,0.25,0.5,-10,1.0,4.0,2.0,9
Figline,8,2,1,5,9,10,-1,7,italy10,0.25,0.38,-1,1.12,4.0,2.63,10
Chieti,8,5,3,0,16,9,7,18,italy11,0.62,1.0,7,2.0,1.61,1.0,1
Sambenedettese,8,5,2,1,17,7,10,17,italy11,0.62,0.88,10,2.12,1.61,1.14,2
Teramo,8,5,1,2,11,7,4,16,italy11,0.62,0.75,4,1.38,1.61,1.33,3
LAquila,8,4,3,1,8,3,5,15,italy11,0.5,0.88,5,1.0,2.0,1.14,4
Ancona 1905,8,4,3,1,13,9,4,15,italy11,0.5,0.88,4,1.62,2.0,1.14,4
Civitanovese,8,3,3,2,11,9,2,12,italy11,0.38,0.75,2,1.38,2.63,1.33,5
Termoli Calcio,8,2,5,1,9,9,0,11,italy11,0.25,0.88,0,1.12,4.0,1.14,6
Recanatese,8,2,5,1,6,7,-1,11,italy11,0.25,0.88,-1,0.75,4.0,1.14,6
Roma City,8,2,4,2,8,6,2,10,italy11,0.25,0.75,2,1.0,4.0,1.33,7
San Nicolo,8,3,1,4,14,13,1,10,italy11,0.38,0.5,1,1.75,2.63,2.0,7
Fossombrone,8,2,3,3,6,7,-1,9,italy11,0.25,0.62,-1,0.75,4.0,1.61,8
Castelfidardo,8,2,3,3,7,9,-2,9,italy11,0.25,0.62,-2,0.88,4.0,1.61,8
Sora,8,2,3,3,4,7,-3,9,italy11,0.25,0.62,-3,0.5,4.0,1.61,8
Avezzano,8,2,2,4,8,12,-4,8,italy11,0.25,0.5,-4,1.0,4.0,2.0,9
Fermana,8,2,2,4,4,8,-4,8,italy11,0.25,0.5,-4,0.5,4.0,2.0,9
V. Senigallia,8,1,4,3,8,11,-3,7,italy11,0.12,0.62,-3,1.0,8.33,1.61,10
Atletico Ascoli,8,1,3,4,4,12,-8,6,italy11,0.12,0.5,-8,0.5,8.33,2.0,11
Isernia,8,0,4,4,7,17,-10,4,italy11,0.0,0.5,-10,0.88,0.0,2.0,12
Sarnese,8,4,1,3,13,8,5,13,italy12,0.5,0.62,5,1.62,2.0,1.61,1
CynthiAlbalonga,8,4,0,4,11,11,0,12,italy12,0.5,0.5,0,1.38,2.0,2.0,2
Gelbison,8,3,3,2,10,10,0,12,italy12,0.38,0.75,0,1.25,2.63,1.33,2
Guidonia,8,3,2,3,12,12,0,11,italy12,0.38,0.62,0,1.5,2.63,1.61,3
Cassino,8,2,4,2,6,6,0,10,italy12,0.25,0.75,0,0.75,4.0,1.33,4
S. Ogliastra,8,3,1,4,7,12,-5,10,italy12,0.38,0.5,-5,0.88,2.63,2.0,4
Savoia,8,2,3,3,8,12,-4,9,italy12,0.25,0.62,-4,1.0,4.0,1.61,5
R. Monterotondo,8,2,2,4,6,9,-3,8,italy12,0.25,0.5,-3,0.75,4.0,2.0,6
Ilvamaddalena,8,2,2,4,7,11,-4,8,italy12,0.25,0.5,-4,0.88,4.0,2.0,6
Paganese,8,1,4,3,9,12,-3,7,italy12,0.12,0.62,-3,1.12,8.33,1.61,7
Olbia,8,2,1,5,10,15,-5,7,italy12,0.25,0.38,-5,1.25,4.0,2.63,7
Atletico Uri,8,1,4,3,7,15,-8,7,italy12,0.12,0.62,-8,0.88,8.33,1.61,7
Terracina,8,2,1,5,7,15,-8,7,italy12,0.25,0.38,-8,0.88,4.0,2.63,7
Puteolana,8,1,1,6,6,12,-6,4,italy12,0.12,0.25,-6,0.75,8.33,4.0,8
A. Lodigiani,8,1,1,6,6,16,-10,4,italy12,0.12,0.25,-10,0.75,8.33,4.0,8
Anzio,8,0,3,5,6,14,-8,3,italy12,0.0,0.38,-8,0.75,0.0,2.63,9
Trastevere,8,0,1,7,4,20,-16,1,italy12,0.0,0.12,-16,0.5,0.0,8.33,10
Latte Dolce,8,0,0,8,6,22,-16,0,italy12,0.0,0.0,-16,0.75,0.0,0.0,11
Casarano,8,5,2,1,26,8,18,17,italy13,0.62,0.88,18,3.25,1.61,1.14,1
Martina Franca,8,4,3,1,10,8,2,15,italy13,0.5,0.88,2,1.25,2.0,1.14,2
Nocerina,8,4,2,2,14,9,5,14,italy13,0.5,0.75,5,1.75,2.0,1.33,3
Fidelis Andria,8,3,1,4,14,11,3,10,italy13,0.38,0.5,3,1.75,2.63,2.0,4
Citta di Fasano,8,2,3,3,6,6,0,9,italy13,0.25,0.62,0,0.75,4.0,1.61,5
Francavilla,8,2,3,3,5,6,-1,9,italy13,0.25,0.62,-1,0.62,4.0,1.61,5
Ischia,8,2,2,4,5,8,-3,8,italy13,0.25,0.5,-3,0.62,4.0,2.0,6
Nardo,8,2,2,4,7,11,-4,8,italy13,0.25,0.5,-4,0.88,4.0,2.0,6
Manfredonia,8,2,2,4,5,14,-9,8,italy13,0.25,0.5,-9,0.62,4.0,2.0,6
USD Palmese,8,1,4,3,8,11,-3,7,italy13,0.12,0.62,-3,1.0,8.33,1.61,7
Matera,8,2,1,5,8,16,-8,7,italy13,0.25,0.38,-8,1.0,4.0,2.63,7
Brindisi,8,1,3,4,9,13,-4,6,italy13,0.12,0.5,-4,1.12,8.33,2.0,8
V. Francavilla,8,1,3,4,4,8,-4,6,italy13,0.12,0.5,-4,0.5,8.33,2.0,8
Gravina,8,1,3,4,8,13,-5,6,italy13,0.12,0.5,-5,1.0,8.33,2.0,8
Ugento,8,1,2,5,5,16,-11,5,italy13,0.12,0.38,-11,0.62,8.33,2.63,9
Angri Calcio,8,1,2,5,8,20,-12,5,italy13,0.12,0.38,-12,1.0,8.33,2.63,9
Real Acerrana,8,1,1,6,2,15,-13,4,italy13,0.12,0.25,-13,0.25,8.33,4.0,10
Costa DAmalfi,8,0,1,7,5,18,-13,1,italy13,0.0,0.12,-13,0.62,0.0,8.33,11
Reggina,8,6,2,0,16,3,13,20,italy14,0.75,1.0,13,2.0,1.33,1.0,1
Siracusa,8,6,1,1,11,5,6,19,italy14,0.75,0.88,6,1.38,1.33,1.14,2
Scafatese,8,5,2,1,9,3,6,17,italy14,0.62,0.88,6,1.12,1.61,1.14,3
Sambiase,8,5,1,2,12,6,6,16,italy14,0.62,0.75,6,1.5,1.61,1.33,4
Vibonese,8,5,1,2,9,3,6,16,italy14,0.62,0.75,6,1.12,1.61,1.33,4
Ragusa,8,3,3,2,15,11,4,12,italy14,0.38,0.75,4,1.88,2.63,1.33,5
Nissa,8,3,3,2,12,16,-4,12,italy14,0.38,0.75,-4,1.5,2.63,1.33,5
CastrumFavara,8,2,5,1,5,7,-2,11,italy14,0.25,0.88,-2,0.62,4.0,1.14,6
Paterno,8,2,3,3,10,14,-4,9,italy14,0.25,0.62,-4,1.25,4.0,1.61,7
Pompei,8,2,3,3,5,9,-4,9,italy14,0.25,0.62,-4,0.62,4.0,1.61,7
Enna,8,2,2,4,2,7,-5,8,italy14,0.25,0.5,-5,0.25,4.0,2.0,8
Igea Virtus,8,2,2,4,8,15,-7,8,italy14,0.25,0.5,-7,1.0,4.0,2.0,8
CD S. Agata,8,2,1,5,10,17,-7,7,italy14,0.25,0.38,-7,1.25,4.0,2.63,9
Licata,8,1,2,5,7,15,-8,5,italy14,0.12,0.38,-8,0.88,8.33,2.63,10
Acireale,8,0,4,4,6,12,-6,4,italy14,0.0,0.5,-6,0.75,0.0,2.0,11
Locri 1909,8,1,1,6,10,22,-12,4,italy14,0.12,0.25,-12,1.25,8.33,4.0,11
Akragas,8,1,1,6,4,19,-15,4,italy14,0.12,0.25,-15,0.5,8.33,4.0,11
Sancataldese,8,0,2,6,5,15,-10,2,italy14,0.0,0.25,-10,0.62,0.0,4.0,12
Roma U20,8,7,0,1,26,11,15,21,italy15,0.88,0.88,15,3.25,1.14,1.14,1
H. Verona U20,8,6,1,1,15,5,10,19,italy15,0.75,0.88,10,1.88,1.33,1.14,2
Inter Milan U20,8,5,1,2,18,9,9,16,italy15,0.62,0.75,9,2.25,1.61,1.33,3
Genoa U20,8,5,1,2,15,11,4,16,italy15,0.62,0.75,4,1.88,1.61,1.33,3
Fiorentina U20,8,5,0,3,14,8,6,15,italy15,0.62,0.62,6,1.75,1.61,1.61,4
Milan U20,8,4,3,1,15,11,4,15,italy15,0.5,0.88,4,1.88,2.0,1.14,4
Sassuolo U20,8,5,0,3,11,10,1,15,italy15,0.62,0.62,1,1.38,1.61,1.61,4
Juventus U20,8,4,2,2,18,16,2,14,italy15,0.5,0.75,2,2.25,2.0,1.33,5
Monza U20,8,4,1,3,16,15,1,13,italy15,0.5,0.62,1,2.0,2.0,1.61,6
Atalanta U20,8,3,2,3,9,9,0,11,italy15,0.38,0.62,0,1.12,2.63,1.61,7
Cesena U20,8,2,2,4,13,14,-1,8,italy15,0.25,0.5,-1,1.62,4.0,2.0,8
Empoli U20,8,1,4,3,13,15,-2,7,italy15,0.12,0.62,-2,1.62,8.33,1.61,9
Lazio U20,8,1,4,3,4,9,-5,7,italy15,0.12,0.62,-5,0.5,8.33,1.61,9
Cagliari U20,8,2,1,5,5,12,-7,7,italy15,0.25,0.38,-7,0.62,4.0,2.63,9
Lecce U20,8,2,1,5,8,16,-8,7,italy15,0.25,0.38,-8,1.0,4.0,2.63,9
Torino U20,8,1,2,5,8,12,-4,5,italy15,0.12,0.38,-4,1.0,8.33,2.63,10
Cremonese U20,8,0,5,3,5,11,-6,5,italy15,0.0,0.62,-6,0.62,0.0,1.61,10
Sampdoria U20,8,1,2,5,6,15,-9,5,italy15,0.12,0.38,-9,0.75,8.33,2.63,10
Bologna U20,8,1,2,5,5,15,-10,5,italy15,0.12,0.38,-10,0.62,8.33,2.63,10
Udinese U20,8,0,1,7,6,20,-14,1,italy15,0.0,0.12,-14,0.75,0.0,8.33,11
Arnett Gardens,8,6,1,1,18,7,11,19,jamaica,0.75,0.88,11,2.25,1.33,1.14,1
Mount Pleasant,8,5,1,2,18,8,10,16,jamaica,0.62,0.75,10,2.25,1.61,1.33,2
Cavalier,8,4,3,1,12,8,4,15,jamaica,0.5,0.88,4,1.5,2.0,1.14,3
Racing United,8,3,5,0,14,7,7,14,jamaica,0.38,1.0,7,1.75,2.63,1.0,4
Montego Bay,8,4,2,2,7,5,2,14,jamaica,0.5,0.75,2,0.88,2.0,1.33,4
Molynes Utd,8,2,4,2,10,8,2,10,jamaica,0.25,0.75,2,1.25,4.0,1.33,5
Portmore Utd,8,2,4,2,5,4,1,10,jamaica,0.25,0.75,1,0.62,4.0,1.33,5
Tivoli Gardens,8,2,3,3,9,11,-2,9,jamaica,0.25,0.62,-2,1.12,4.0,1.61,6
Chapelton,8,2,2,4,9,10,-1,8,jamaica,0.25,0.5,-1,1.12,4.0,2.0,7
Waterhouse,8,2,1,5,10,12,-2,7,jamaica,0.25,0.38,-2,1.25,4.0,2.63,8
Dunbeholden,8,2,1,5,6,16,-10,7,jamaica,0.25,0.38,-10,0.75,4.0,2.63,8
Vere Utd,8,1,3,4,7,13,-6,6,jamaica,0.12,0.5,-6,0.88,8.33,2.0,9
Harbour View,8,1,1,6,4,13,-9,4,jamaica,0.12,0.25,-9,0.5,8.33,4.0,10
Humble Lions,8,0,1,7,7,26,-19,1,jamaica,0.0,0.12,-19,0.88,0.0,8.33,11
Machida Zelvia,3,3,0,0,5,1,4,9,japan,1.0,1.0,4,1.67,1.0,1.0,1
Kashiwa Reysol,3,2,1,0,4,1,3,7,japan,0.67,1.0,3,1.33,1.49,1.0,2
Kyoto Sanga,4,2,1,1,4,4,0,7,japan,0.5,0.75,0,1.0,2.0,1.33,2
Avispa Fukuoka,3,2,0,1,3,2,1,6,japan,0.67,0.67,1,1.0,1.49,1.49,3
K. Frontale,3,1,2,0,3,2,1,5,japan,0.33,1.0,1,1.0,3.03,1.0,4
Shonan Bellmare,3,1,2,0,3,2,1,5,japan,0.33,1.0,1,1.0,3.03,1.0,4
Vissel Kobe,2,1,1,0,4,3,1,4,japan,0.5,1.0,1,2.0,2.0,1.0,5
S. Hiroshima,2,1,1,0,3,2,1,4,japan,0.5,1.0,1,1.5,2.0,1.0,5
Cerezo Osaka,4,1,1,2,8,8,0,4,japan,0.25,0.5,0,2.0,4.0,2.0,5
Shimizu S-Pulse,3,1,1,1,2,2,0,4,japan,0.33,0.67,0,0.67,3.03,1.49,5
Tokyo Verdy,3,1,1,1,3,6,-3,4,japan,0.33,0.67,-3,1.0,3.03,1.49,5
Kashima Antlers,2,1,0,1,3,2,1,3,japan,0.5,0.5,1,1.5,2.0,2.0,6
Urawa RD,4,0,3,1,3,4,-1,3,japan,0.0,0.75,-1,0.75,0.0,1.33,6
FC Tokyo,3,1,0,2,1,3,-2,3,japan,0.33,0.33,-2,0.33,3.03,3.03,6
Gamba Osaka,3,1,0,2,1,4,-3,3,japan,0.33,0.33,-3,0.33,3.03,3.03,6
Yokohama FC,2,0,1,1,0,1,-1,1,japan,0.0,0.5,-1,0.0,0.0,2.0,7
Albirex Niigata,4,0,1,3,2,6,-4,1,japan,0.0,0.25,-4,0.5,0.0,4.0,7
Nagoya G.,4,0,1,3,3,10,-7,1,japan,0.0,0.25,-7,0.75,0.0,4.0,7
Yokohama M.,1,0,0,1,0,1,-1,0,japan,0.0,0.0,-1,0.0,0.0,0.0,8
Fagiano Okayama,2,0,0,2,0,2,-2,0,japan,0.0,0.0,-2,0.0,0.0,0.0,8
FC Imabari,2,2,0,0,7,3,4,6,japan2,1.0,1.0,4,3.5,1.0,1.0,1
JEF Utd Chiba,2,2,0,0,5,1,4,6,japan2,1.0,1.0,4,2.5,1.0,1.0,1
Blaublitz Akita,4,2,0,2,6,7,-1,6,japan2,0.5,0.5,-1,1.5,2.0,2.0,1
Tokushima V.,3,1,1,1,3,2,1,4,japan2,0.33,0.67,1,1.0,3.03,1.49,2
Vegalta Sendai,3,1,1,1,3,3,0,4,japan2,0.33,0.67,0,1.0,3.03,1.49,2
Kataller Toyama,3,1,1,1,1,2,-1,4,japan2,0.33,0.67,-1,0.33,3.03,1.49,2
Omiya Ardija,2,1,0,1,4,1,3,3,japan2,0.5,0.5,3,2.0,2.0,2.0,3
M. Yamagata,4,1,0,3,6,7,-1,3,japan2,0.25,0.25,-1,1.5,4.0,4.0,3
C. Sapporo,4,1,0,3,3,8,-5,3,japan2,0.25,0.25,-5,0.75,4.0,4.0,3
Fujieda MYFC,2,0,2,0,3,3,0,2,japan2,0.0,1.0,0,1.5,0.0,1.0,4
V-V. Nagasaki,2,0,2,0,3,3,0,2,japan2,0.0,1.0,0,1.5,0.0,1.0,4
Mito Hollyhock,2,0,1,1,2,3,-1,1,japan2,0.0,0.5,-1,1.0,0.0,2.0,5
R. Kumamoto,2,0,1,1,2,3,-1,1,japan2,0.0,0.5,-1,1.0,0.0,2.0,5
Sagan Tosu,2,0,1,1,1,2,-1,1,japan2,0.0,0.5,-1,0.5,0.0,2.0,5
Oita Trinita,2,0,1,1,1,3,-2,1,japan2,0.0,0.5,-2,0.5,0.0,2.0,5
Iwaki,2,0,1,1,0,2,-2,1,japan2,0.0,0.5,-2,0.0,0.0,2.0,5
Ehime FC,2,0,1,1,2,6,-4,1,japan2,0.0,0.5,-4,1.0,0.0,2.0,5
R. Yamaguchi,2,0,0,2,1,3,-2,0,japan2,0.0,0.0,-2,0.5,0.0,0.0,6
Jubilo Iwata,2,0,0,2,1,4,-3,0,japan2,0.0,0.0,-3,0.5,0.0,0.0,6
Ventforet Kofu,3,0,0,3,1,5,-4,0,japan2,0.0,0.0,-4,0.33,0.0,0.0,6
Osaka,3,2,0,1,3,2,1,6,japan3,0.67,0.67,1,1.0,1.49,1.49,1
Kagoshima Utd,2,1,1,0,4,2,2,4,japan3,0.5,1.0,2,2.0,2.0,1.0,2
Z. Kanazawa,2,1,1,0,3,2,1,4,japan3,0.5,1.0,1,1.5,2.0,1.0,2
V. Hachinohe,3,1,1,1,2,2,0,4,japan3,0.33,0.67,0,0.67,3.03,1.49,2
Fukushima Utd,3,1,1,1,4,5,-1,4,japan3,0.33,0.67,-1,1.33,3.03,1.49,2
T. Miyazaki,2,1,0,1,4,4,0,3,japan3,0.5,0.5,0,2.0,2.0,2.0,3
SC Sagamihara,2,1,0,1,3,3,0,3,japan3,0.5,0.5,0,1.5,2.0,2.0,3
Kochi United,2,1,0,1,2,2,0,3,japan3,0.5,0.5,0,1.0,2.0,2.0,3
Tochigi City,2,1,0,1,2,3,-1,3,japan3,0.5,0.5,-1,1.0,2.0,2.0,3
Nagano Parceiro,2,1,0,1,1,2,-1,3,japan3,0.5,0.5,-1,0.5,2.0,2.0,3
Matsumoto Y.,3,0,2,1,2,3,-1,2,japan3,0.0,0.67,-1,0.67,0.0,1.49,4
AC Numazu,1,0,1,0,0,0,0,1,japan3,0.0,1.0,0,0.0,0.0,1.0,5
Gifu,2,0,1,1,4,5,-1,1,japan3,0.0,0.5,-1,2.0,0.0,2.0,5
Tochigi SC,2,0,1,1,0,1,-1,1,japan3,0.0,0.5,-1,0.0,0.0,2.0,5
FC Ryukyu,3,0,1,2,1,3,-2,1,japan3,0.0,0.33,-2,0.33,0.0,3.03,5
Kamatamare S.,2,0,1,1,1,3,-2,1,japan3,0.0,0.5,-2,0.5,0.0,2.0,5
Nara Club,2,0,1,1,1,3,-2,1,japan3,0.0,0.5,-2,0.5,0.0,2.0,5
Gainare Tottori,4,0,1,3,0,6,-6,1,japan3,0.0,0.25,-6,0.0,0.0,4.0,5
G. Kitakyushu,1,0,0,1,1,2,-1,0,japan3,0.0,0.0,-1,1.0,0.0,0.0,6
Kusatsu,2,0,0,2,4,8,-4,0,japan3,0.0,0.0,-4,2.0,0.0,0.0,6
Al Hussein,7,7,0,0,20,5,15,21,jordan,1.0,1.0,15,2.86,1.0,1.0,1
Al Ramtha,7,5,1,1,14,6,8,16,jordan,0.71,0.86,8,2.0,1.41,1.16,2
Al Wihdat,7,4,1,2,12,5,7,13,jordan,0.57,0.71,7,1.71,1.75,1.41,3
Al Faysali,8,2,5,1,9,6,3,11,jordan,0.25,0.88,3,1.12,4.0,1.14,4
Al Jazeera,8,2,3,3,8,10,-2,9,jordan,0.25,0.62,-2,1.0,4.0,1.61,5
Moghayer Al S.,6,2,2,2,8,10,-2,8,jordan,0.33,0.67,-2,1.33,3.03,1.49,6
Al Salt,8,2,2,4,7,9,-2,8,jordan,0.25,0.5,-2,0.88,4.0,2.0,6
Aqaba,8,2,1,5,12,22,-10,7,jordan,0.25,0.38,-10,1.5,4.0,2.63,7
Al Ahli,8,1,3,4,7,11,-4,6,jordan,0.12,0.5,-4,0.88,8.33,2.0,8
Maan,8,2,0,6,6,14,-8,6,jordan,0.25,0.25,-8,0.75,4.0,4.0,8
Shabab Al Ordon,8,1,1,6,10,14,-4,4,jordan,0.12,0.25,-4,1.25,8.33,4.0,9
Al Sareeh,8,0,2,6,8,16,-8,2,jordan,0.0,0.25,-8,1.0,0.0,4.0,10
FC Astana,1,1,0,0,2,0,2,3,kazakhstan,1.0,1.0,2,2.0,1.0,1.0,1
Kairat Almaty,1,0,1,0,1,1,0,1,kazakhstan,0.0,1.0,0,1.0,0.0,1.0,2
Zhetysu,1,0,1,0,1,1,0,1,kazakhstan,0.0,1.0,0,1.0,0.0,1.0,2
Aktobe,1,0,1,0,0,0,0,1,kazakhstan,0.0,1.0,0,0.0,0.0,1.0,2
Tobol,1,0,1,0,0,0,0,1,kazakhstan,0.0,1.0,0,0.0,0.0,1.0,2
Zhenys,1,0,1,0,0,0,0,1,kazakhstan,0.0,1.0,0,0.0,0.0,1.0,2
Ulytau,2,0,1,1,0,2,-2,1,kazakhstan,0.0,0.5,-2,0.0,0.0,2.0,2
Kyzylzhar,0,0,0,0,0,0,0,0,kazakhstan,0.0,0.0,0,0.0,0.0,0.0,3
Atyrau,1,0,0,1,1,2,-1,0,kazakhstan,0.0,0.0,-1,1.0,0.0,0.0,3
Turan,1,0,0,1,1,2,-1,0,kazakhstan,0.0,0.0,-1,1.0,0.0,0.0,3
Yelimay Semey,1,0,0,1,1,2,-1,0,kazakhstan,0.0,0.0,-1,1.0,0.0,0.0,3
Kaisar K.,1,0,0,1,0,2,-2,0,kazakhstan,0.0,0.0,-2,0.0,0.0,0.0,3
Okzhetpes,1,0,0,1,0,2,-2,0,kazakhstan,0.0,0.0,-2,0.0,0.0,0.0,3
Ordabasy,1,0,0,1,0,4,-4,0,kazakhstan,0.0,0.0,-4,0.0,0.0,0.0,3
Drita,8,3,3,2,11,10,1,12,kosovo,0.38,0.75,1,1.38,2.63,1.33,1
Gjilani,8,3,3,2,13,13,0,12,kosovo,0.38,0.75,0,1.62,2.63,1.33,1
Dukagjini,8,3,1,4,6,8,-2,10,kosovo,0.38,0.5,-2,0.75,2.63,2.0,2
Ballkani,8,2,3,3,10,10,0,9,kosovo,0.25,0.62,0,1.25,4.0,1.61,3
Malisheva,8,2,3,3,5,6,-1,9,kosovo,0.25,0.62,-1,0.62,4.0,1.61,3
Prishtina,8,2,2,4,7,10,-3,8,kosovo,0.25,0.5,-3,0.88,4.0,2.0,4
Ferizaj,8,2,2,4,6,9,-3,8,kosovo,0.25,0.5,-3,0.75,4.0,2.0,4
Suhareka,8,1,3,4,11,18,-7,6,kosovo,0.12,0.5,-7,1.38,8.33,2.0,5
Llapi,8,1,1,6,8,15,-7,4,kosovo,0.12,0.25,-7,1.0,8.33,4.0,6
Feronikeli,8,0,3,5,7,12,-5,3,kosovo,0.0,0.38,-5,0.88,0.0,2.63,7
Al Arabi SC,8,6,1,1,17,6,11,19,kuwait,0.75,0.88,11,2.12,1.33,1.14,1
Al Kuwait,8,5,2,1,19,9,10,17,kuwait,0.62,0.88,10,2.38,1.61,1.14,2
Al Salmiyah,8,3,3,2,13,12,1,12,kuwait,0.38,0.75,1,1.62,2.63,1.33,3
Al Qadsia,8,3,2,3,10,10,0,11,kuwait,0.38,0.62,0,1.25,2.63,1.61,4
Al Fahaheel,7,2,3,2,13,13,0,9,kuwait,0.29,0.71,0,1.86,3.45,1.41,5
Al Tadhamon,8,2,1,5,12,17,-5,7,kuwait,0.25,0.38,-5,1.5,4.0,2.63,6
Al Nasar,8,2,1,5,9,15,-6,7,kuwait,0.25,0.38,-6,1.12,4.0,2.63,6
Kazma,8,1,1,6,7,15,-8,4,kuwait,0.12,0.25,-8,0.88,8.33,4.0,7
Yarmouk,8,0,2,6,7,21,-14,2,kuwait,0.0,0.25,-14,0.88,0.0,4.0,8
Khaitan,8,0,1,7,2,15,-13,1,kuwait,0.0,0.12,-13,0.25,0.0,8.33,9
RFS,2,2,0,0,4,2,2,6,latvia,1.0,1.0,2,2.0,1.0,1.0,1
Auda,1,0,1,0,2,2,0,1,latvia,0.0,1.0,0,2.0,0.0,1.0,2
Riga FC,1,0,1,0,1,1,0,1,latvia,0.0,1.0,0,1.0,0.0,1.0,2
FS Jelgava,2,0,1,1,1,2,-1,1,latvia,0.0,0.5,-1,0.5,0.0,2.0,2
Tukums,2,0,1,1,0,3,-3,1,latvia,0.0,0.5,-3,0.0,0.0,2.0,2
Grobina,0,0,0,0,0,0,0,0,latvia,0.0,0.0,0,0.0,0.0,0.0,3
Liepaja,0,0,0,0,0,0,0,0,latvia,0.0,0.0,0,0.0,0.0,0.0,3
Daugavpils,1,0,0,1,2,3,-1,0,latvia,0.0,0.0,-1,2.0,0.0,0.0,3
Super Nova,1,0,0,1,0,2,-2,0,latvia,0.0,0.0,-2,0.0,0.0,0.0,3
Metta,2,0,0,2,0,8,-8,0,latvia,0.0,0.0,-8,0.0,0.0,0.0,3
Dziugas Telsiai,3,2,0,1,5,3,2,6,lithuania,0.67,0.67,2,1.67,1.49,1.49,1
Kauno Zalgiris,1,1,0,0,3,1,2,3,lithuania,1.0,1.0,2,3.0,1.0,1.0,2
Suduva,1,1,0,0,4,3,1,3,lithuania,1.0,1.0,1,4.0,1.0,1.0,2
Siauliai,2,1,0,1,3,2,1,3,lithuania,0.5,0.5,1,1.5,2.0,2.0,2
Zalgiris,1,0,1,0,3,3,0,1,lithuania,0.0,1.0,0,3.0,0.0,1.0,3
Dainava,1,0,1,0,2,2,0,1,lithuania,0.0,1.0,0,2.0,0.0,1.0,3
Banga,2,0,1,1,1,2,-1,1,lithuania,0.0,0.5,-1,0.5,0.0,2.0,3
Riteriai,0,0,0,0,0,0,0,0,lithuania,0.0,0.0,0,0.0,0.0,0.0,4
Panevezys,1,0,0,1,1,2,-1,0,lithuania,0.0,0.0,-1,1.0,0.0,0.0,4
Hegelmann L.,1,0,0,1,0,2,-2,0,lithuania,0.0,0.0,-2,0.0,0.0,0.0,4
BFA Vilnius,2,2,0,0,3,0,3,6,lithuania2,1.0,1.0,3,1.5,1.0,1.0,1
Neptuna K.,1,1,0,0,4,0,4,3,lithuania2,1.0,1.0,4,4.0,1.0,1.0,2
Nevezis,1,1,0,0,3,0,3,3,lithuania2,1.0,1.0,3,3.0,1.0,1.0,2
Hegelmann B,1,0,1,0,1,1,0,1,lithuania2,0.0,1.0,0,1.0,0.0,1.0,3
Zalgiris B,1,0,1,0,1,1,0,1,lithuania2,0.0,1.0,0,1.0,0.0,1.0,3
Atmosfera,0,0,0,0,0,0,0,0,lithuania2,0.0,0.0,0,0.0,0.0,0.0,4
Babrungas,0,0,0,0,0,0,0,0,lithuania2,0.0,0.0,0,0.0,0.0,0.0,4
Tauras,0,0,0,0,0,0,0,0,lithuania2,0.0,0.0,0,0.0,0.0,0.0,4
TransINVEST,0,0,0,0,0,0,0,0,lithuania2,0.0,0.0,0,0.0,0.0,0.0,4
Ekranas,1,0,0,1,0,1,-1,0,lithuania2,0.0,0.0,-1,0.0,0.0,0.0,4
Jonava,1,0,0,1,0,1,-1,0,lithuania2,0.0,0.0,-1,0.0,0.0,0.0,4
Kauno Z. B,1,0,0,1,0,1,-1,0,lithuania2,0.0,0.0,-1,0.0,0.0,0.0,4
Minija,1,0,0,1,0,1,-1,0,lithuania2,0.0,0.0,-1,0.0,0.0,0.0,4
Siauliai B,1,0,0,1,1,5,-4,0,lithuania2,0.0,0.0,-4,1.0,0.0,0.0,4
Be1 NFA,1,0,0,1,0,4,-4,0,lithuania2,0.0,0.0,-4,0.0,0.0,0.0,4
Panevezys B,1,0,0,1,0,6,-6,0,lithuania2,0.0,0.0,-6,0.0,0.0,0.0,4
Differdange,8,7,0,1,17,4,13,21,luxembourg,0.88,0.88,13,2.12,1.14,1.14,1
Dudelange,8,5,3,0,18,6,12,18,luxembourg,0.62,1.0,12,2.25,1.61,1.0,2
UNA Strassen,8,4,4,0,13,6,7,16,luxembourg,0.5,1.0,7,1.62,2.0,1.0,3
Mondorf,8,4,2,2,14,9,5,14,luxembourg,0.5,0.75,5,1.75,2.0,1.33,4
Hostert,8,4,0,4,16,16,0,12,luxembourg,0.5,0.5,0,2.0,2.0,2.0,5
Petange,8,3,2,3,8,7,1,11,luxembourg,0.38,0.62,1,1.0,2.63,1.61,6
Racing,8,3,1,4,11,8,3,10,luxembourg,0.38,0.5,3,1.38,2.63,2.0,7
Bettembourg,8,3,1,4,7,9,-2,10,luxembourg,0.38,0.5,-2,0.88,2.63,2.0,7
Jeunesse Esch,8,2,3,3,6,11,-5,9,luxembourg,0.25,0.62,-5,0.75,4.0,1.61,8
V. Rosport,8,2,3,3,10,17,-7,9,luxembourg,0.25,0.62,-7,1.25,4.0,1.61,8
Hesperange,8,1,5,2,10,12,-2,8,luxembourg,0.12,0.75,-2,1.25,8.33,1.33,9
Niedercorn,8,1,4,3,5,8,-3,7,luxembourg,0.12,0.62,-3,0.62,8.33,1.61,10
Wiltz,8,2,0,6,8,15,-7,6,luxembourg,0.25,0.25,-7,1.0,4.0,4.0,11
Rodange,8,1,1,6,13,22,-9,4,luxembourg,0.12,0.25,-9,1.62,8.33,4.0,12
Mondercange,8,1,1,6,7,16,-9,4,luxembourg,0.12,0.25,-9,0.88,8.33,4.0,12
Fola Esch,8,0,0,8,7,30,-23,0,luxembourg,0.0,0.0,-23,0.88,0.0,0.0,13
Johor Darul,8,7,1,0,26,4,22,22,malaysia,0.88,1.0,22,3.25,1.14,1.0,1
Selangor,8,6,2,0,19,4,15,20,malaysia,0.75,1.0,15,2.38,1.33,1.0,2
Terengganu,8,4,2,2,14,10,4,14,malaysia,0.5,0.75,4,1.75,2.0,1.33,3
Sabah,8,4,2,2,14,11,3,14,malaysia,0.5,0.75,3,1.75,2.0,1.33,3
Kuching,8,4,2,2,13,10,3,14,malaysia,0.5,0.75,3,1.62,2.0,1.33,3
Perak,8,3,3,2,13,10,3,12,malaysia,0.38,0.75,3,1.62,2.63,1.33,4
Kuala Lumpur,8,3,2,3,11,13,-2,11,malaysia,0.38,0.62,-2,1.38,2.63,1.61,5
Pahang,8,2,4,2,11,11,0,10,malaysia,0.25,0.75,0,1.38,4.0,1.33,6
Pulau Pinang,8,2,1,5,13,18,-5,7,malaysia,0.25,0.38,-5,1.62,4.0,2.63,7
Kedah,8,2,1,5,5,22,-17,7,malaysia,0.25,0.38,-17,0.62,4.0,2.63,7
PDRM,8,1,2,5,6,18,-12,5,malaysia,0.12,0.38,-12,0.75,8.33,2.63,8
Negeri Sembilan,8,0,4,4,9,14,-5,4,malaysia,0.0,0.5,-5,1.12,0.0,2.0,9
Kelantan United,8,1,0,7,4,27,-23,3,malaysia,0.12,0.12,-23,0.5,8.33,8.33,10
Birkirkara,8,6,1,1,13,2,11,19,malta,0.75,0.88,11,1.62,1.33,1.14,1
Hamrun Spartans,8,5,2,1,15,6,9,17,malta,0.62,0.88,9,1.88,1.61,1.14,2
Floriana,8,5,2,1,12,5,7,17,malta,0.62,0.88,7,1.5,1.61,1.14,2
Sliema,8,5,1,2,13,7,6,16,malta,0.62,0.75,6,1.62,1.61,1.33,3
Marsaxlokk,8,4,1,3,9,6,3,13,malta,0.5,0.62,3,1.12,2.0,1.61,4
Hibernians,8,4,1,3,14,13,1,13,malta,0.5,0.62,1,1.75,2.0,1.61,4
Zabbar,8,3,3,2,13,8,5,12,malta,0.38,0.75,5,1.62,2.63,1.33,5
Melita,8,2,4,2,9,9,0,10,malta,0.25,0.75,0,1.12,4.0,1.33,6
Gzira Utd,8,2,2,4,7,11,-4,8,malta,0.25,0.5,-4,0.88,4.0,2.0,7
Mosta,8,2,1,5,11,17,-6,7,malta,0.25,0.38,-6,1.38,4.0,2.63,8
Balzan,8,1,1,6,7,14,-7,4,malta,0.12,0.25,-7,0.88,8.33,4.0,9
Naxxar Lions,8,1,1,6,9,18,-9,4,malta,0.12,0.25,-9,1.12,8.33,4.0,9
Cruz Azul,8,6,1,1,19,9,10,19,mexico,0.75,0.88,10,2.38,1.33,1.14,1
Monterrey,8,4,2,2,10,7,3,14,mexico,0.5,0.75,3,1.25,2.0,1.33,2
Tigres,8,4,1,3,13,9,4,13,mexico,0.5,0.62,4,1.62,2.0,1.61,3
Toluca,8,3,3,2,10,9,1,12,mexico,0.38,0.75,1,1.25,2.63,1.33,4
Pumas UNAM,8,3,3,2,6,6,0,12,mexico,0.38,0.75,0,0.75,2.63,1.33,4
Juarez,8,4,0,4,10,18,-8,12,mexico,0.5,0.5,-8,1.25,2.0,2.0,4
Guadalajara,8,3,1,4,9,8,1,10,mexico,0.38,0.5,1,1.12,2.63,2.0,5
CF America,8,2,3,3,12,14,-2,9,mexico,0.25,0.62,-2,1.5,4.0,1.61,6
Tijuana,8,2,3,3,6,12,-6,9,mexico,0.25,0.62,-6,0.75,4.0,1.61,6
Atlas,8,2,2,4,7,16,-9,8,mexico,0.25,0.5,-9,0.88,4.0,2.0,7
A. San Luis,8,2,1,5,7,12,-5,7,mexico,0.25,0.38,-5,0.88,4.0,2.63,8
Club Leon,8,1,3,4,12,18,-6,6,mexico,0.12,0.5,-6,1.5,8.33,2.0,9
Queretaro,8,1,2,5,6,17,-11,5,mexico,0.12,0.38,-11,0.75,8.33,2.63,10
Mazatlan,8,0,4,4,0,7,-7,4,mexico,0.0,0.5,-7,0.0,0.0,2.0,11
Pachuca,8,1,1,6,7,16,-9,4,mexico,0.12,0.25,-9,0.88,8.33,4.0,11
Puebla,8,1,1,6,4,16,-12,4,mexico,0.12,0.25,-12,0.5,8.33,4.0,11
Necaxa,8,0,3,5,7,17,-10,3,mexico,0.0,0.38,-10,0.88,0.0,2.63,12
Santos Laguna,8,0,1,7,5,17,-12,1,mexico,0.0,0.12,-12,0.62,0.0,8.33,13
CF America,6,5,1,0,12,3,9,16,mexico2,0.83,1.0,9,2.0,1.2,1.0,1
Club Leon,7,4,1,2,11,9,2,13,mexico2,0.57,0.71,2,1.57,1.75,1.41,2
Toluca,7,3,2,2,16,11,5,11,mexico2,0.43,0.71,5,2.29,2.33,1.41,3
Cruz Azul,6,3,1,2,9,7,2,10,mexico2,0.5,0.67,2,1.5,2.0,1.49,4
Necaxa,6,3,0,3,13,10,3,9,mexico2,0.5,0.5,3,2.17,2.0,2.0,5
Tigres,5,2,1,2,6,5,1,7,mexico2,0.4,0.6,1,1.2,2.5,1.67,6
Pachuca,5,2,1,2,8,8,0,7,mexico2,0.4,0.6,0,1.6,2.5,1.67,6
Juarez,6,2,1,3,4,8,-4,7,mexico2,0.33,0.5,-4,0.67,3.03,2.0,6
Monterrey,6,1,3,2,10,10,0,6,mexico2,0.17,0.67,0,1.67,5.88,1.49,7
Pumas UNAM,5,2,0,3,11,12,-1,6,mexico2,0.4,0.4,-1,2.2,2.5,2.5,7
Atlas,6,1,3,2,6,8,-2,6,mexico2,0.17,0.67,-2,1.0,5.88,1.49,7
Puebla,6,1,2,3,7,9,-2,5,mexico2,0.17,0.5,-2,1.17,5.88,2.0,8
Guadalajara,6,1,1,4,7,11,-4,4,mexico2,0.17,0.33,-4,1.17,5.88,3.03,9
Mazatlan,6,1,1,4,4,8,-4,4,mexico2,0.17,0.33,-4,0.67,5.88,3.03,9
A. San Luis,5,1,0,4,4,11,-7,3,mexico2,0.2,0.2,-7,0.8,5.0,5.0,10
Tijuana,5,0,1,4,3,11,-8,1,mexico2,0.0,0.2,-8,0.6,0.0,5.0,11
Queretaro,5,0,1,4,2,10,-8,1,mexico2,0.0,0.2,-8,0.4,0.0,5.0,11
Santos Laguna,7,0,1,6,6,15,-9,1,mexico2,0.0,0.14,-9,0.86,0.0,7.14,11
Buducnost,8,7,0,1,20,5,15,21,montenegro,0.88,0.88,15,2.5,1.14,1.14,1
Petrovac,8,5,0,3,12,8,4,15,montenegro,0.62,0.62,4,1.5,1.61,1.61,2
Mornar Bar,8,4,1,3,10,14,-4,13,montenegro,0.5,0.62,-4,1.25,2.0,1.61,3
Bokelj,8,3,2,3,7,7,0,11,montenegro,0.38,0.62,0,0.88,2.63,1.61,4
Sutjeska,8,3,1,4,5,8,-3,10,montenegro,0.38,0.5,-3,0.62,2.63,2.0,5
Arsenal Tivat,8,2,3,3,7,8,-1,9,montenegro,0.25,0.62,-1,0.88,4.0,1.61,6
Jezero,8,2,2,4,7,10,-3,8,montenegro,0.25,0.5,-3,0.88,4.0,2.0,7
Decic,8,1,5,2,6,9,-3,8,montenegro,0.12,0.75,-3,0.75,8.33,1.33,7
Jedinstvo,8,1,3,4,7,15,-8,6,montenegro,0.12,0.5,-8,0.88,8.33,2.0,8
Otrant,8,0,2,6,2,12,-10,2,montenegro,0.0,0.25,-10,0.25,0.0,4.0,9
Berkane,8,7,1,0,15,2,13,22,morocco,0.88,1.0,13,1.88,1.14,1.0,1
Wydad,8,3,5,0,13,6,7,14,morocco,0.38,1.0,7,1.62,2.63,1.0,2
Maghreb de Fes,8,3,3,2,13,9,4,12,morocco,0.38,0.75,4,1.62,2.63,1.33,3
FUS Rabat,8,3,3,2,9,7,2,12,morocco,0.38,0.75,2,1.12,2.63,1.33,3
FAR Rabat,8,3,2,3,11,10,1,11,morocco,0.38,0.62,1,1.38,2.63,1.61,4
Raja Casablanca,8,3,2,3,8,9,-1,11,morocco,0.38,0.62,-1,1.0,2.63,1.61,4
Difaa El Jadida,8,2,4,2,12,10,2,10,morocco,0.25,0.75,2,1.5,4.0,1.33,5
R. Zemamra,8,3,1,4,5,7,-2,10,morocco,0.38,0.5,-2,0.62,2.63,2.0,5
Olympic Safi,8,2,3,3,9,11,-2,9,morocco,0.25,0.62,-2,1.12,4.0,1.61,6
Moghreb Tetouan,8,2,1,5,6,10,-4,7,morocco,0.25,0.38,-4,0.75,4.0,2.63,7
Meknes,8,1,3,4,7,16,-9,6,morocco,0.12,0.5,-9,0.88,8.33,2.0,8
Union Touarga,8,0,3,5,5,11,-6,3,morocco,0.0,0.38,-6,0.62,0.0,2.63,9
Ittihad Tanger,8,0,3,5,8,15,-7,3,morocco,0.0,0.38,-7,1.0,0.0,2.63,9
C. Mohammedia,8,0,3,5,5,13,-8,3,morocco,0.0,0.38,-8,0.62,0.0,2.63,9
Hassania Agadir,8,0,1,7,3,12,-9,1,morocco,0.0,0.12,-9,0.38,0.0,8.33,10
JS Sousalem,8,0,1,7,4,17,-13,1,morocco,0.0,0.12,-13,0.5,0.0,8.33,10
Shan Utd,8,7,1,0,27,5,22,22,myanmar,0.88,1.0,22,3.38,1.14,1.0,1
Yangon Utd,8,6,2,0,28,7,21,20,myanmar,0.75,1.0,21,3.5,1.33,1.0,2
Dagon,8,5,1,2,16,8,8,16,myanmar,0.62,0.75,8,2.0,1.61,1.33,3
Hantharwady,8,4,2,2,10,8,2,14,myanmar,0.5,0.75,2,1.25,2.0,1.33,4
Thitsar Arman,8,4,1,3,16,14,2,13,myanmar,0.5,0.62,2,2.0,2.0,1.61,5
Ayeyawady,8,3,1,4,12,13,-1,10,myanmar,0.38,0.5,-1,1.5,2.63,2.0,6
Ispe FC,8,2,3,3,10,9,1,9,myanmar,0.25,0.62,1,1.25,4.0,1.61,7
Yadanarbon,8,2,3,3,10,13,-3,9,myanmar,0.25,0.62,-3,1.25,4.0,1.61,7
Sagaing Utd,8,2,1,5,10,16,-6,7,myanmar,0.25,0.38,-6,1.25,4.0,2.63,8
Rakhine Utd,8,2,1,5,13,20,-7,7,myanmar,0.25,0.38,-7,1.62,4.0,2.63,8
Dagon Port,8,0,4,4,13,29,-16,4,myanmar,0.0,0.5,-16,1.62,0.0,2.0,9
Myawady,8,0,1,7,6,18,-12,1,myanmar,0.0,0.12,-12,0.75,0.0,8.33,10
Ajax Amsterdam,8,6,1,1,13,5,8,19,netherlands,0.75,0.88,8,1.62,1.33,1.14,1
FC Utrecht,8,4,4,0,18,13,5,16,netherlands,0.5,1.0,5,2.25,2.0,1.0,2
Feyenoord,8,4,2,2,16,10,6,14,netherlands,0.5,0.75,6,2.0,2.0,1.33,3
AZ Alkmaar,8,3,2,3,11,11,0,11,netherlands,0.38,0.62,0,1.38,2.63,1.61,4
PSV Eindhoven,8,3,1,4,19,15,4,10,netherlands,0.38,0.5,4,2.38,2.63,2.0,5
NEC Nijmegen,8,3,1,4,7,13,-6,10,netherlands,0.38,0.5,-6,0.88,2.63,2.0,5
Fortuna Sittard,8,2,3,3,14,16,-2,9,netherlands,0.25,0.62,-2,1.75,4.0,1.61,6
FC Twente,8,2,3,3,11,16,-5,9,netherlands,0.25,0.62,-5,1.38,4.0,1.61,6
Go Ahead Eagles,8,2,2,4,15,17,-2,8,netherlands,0.25,0.5,-2,1.88,4.0,2.0,7
PEC Zwolle,8,1,4,3,10,13,-3,7,netherlands,0.12,0.62,-3,1.25,8.33,1.61,8
Heerenveen,8,2,1,5,8,16,-8,7,netherlands,0.25,0.38,-8,1.0,4.0,2.63,8
Willem II,8,2,1,5,6,17,-11,7,netherlands,0.25,0.38,-11,0.75,4.0,2.63,8
RKC Waalwijk,8,1,3,4,12,16,-4,6,netherlands,0.12,0.5,-4,1.5,8.33,2.0,9
Sparta,8,1,3,4,5,10,-5,6,netherlands,0.12,0.5,-5,0.62,8.33,2.0,9
NAC Breda,8,1,2,5,8,16,-8,5,netherlands,0.12,0.38,-8,1.0,8.33,2.63,10
Almere City,8,1,2,5,4,12,-8,5,netherlands,0.12,0.38,-8,0.5,8.33,2.63,10
Heracles Almelo,8,1,1,6,5,18,-13,4,netherlands,0.12,0.25,-13,0.62,8.33,4.0,11
FC Groningen,8,1,1,6,5,19,-14,4,netherlands,0.12,0.25,-14,0.62,8.33,4.0,11
FC Volendam,8,5,2,1,15,8,7,17,netherlands2,0.62,0.88,7,1.88,1.61,1.14,1
ADO Den Haag,8,5,0,3,12,8,4,15,netherlands2,0.62,0.62,4,1.5,1.61,1.61,2
FC Dordrecht,8,5,0,3,10,10,0,15,netherlands2,0.62,0.62,0,1.25,1.61,1.61,2
Cambuur,8,4,2,2,15,12,3,14,netherlands2,0.5,0.75,3,1.88,2.0,1.33,3
FC Eindhoven,8,4,1,3,16,13,3,13,netherlands2,0.5,0.62,3,2.0,2.0,1.61,4
Jong AZ,8,3,2,3,12,13,-1,11,netherlands2,0.38,0.62,-1,1.5,2.63,1.61,5
Roda JC,8,3,1,4,14,15,-1,10,netherlands2,0.38,0.5,-1,1.75,2.63,2.0,6
FC Emmen,8,3,1,4,10,13,-3,10,netherlands2,0.38,0.5,-3,1.25,2.63,2.0,6
Excelsior,8,2,3,3,10,10,0,9,netherlands2,0.25,0.62,0,1.25,4.0,1.61,7
VVV,8,3,0,5,10,22,-12,9,netherlands2,0.38,0.38,-12,1.25,2.63,2.63,7
FC Den Bosch,8,2,2,4,7,12,-5,8,netherlands2,0.25,0.5,-5,0.88,4.0,2.0,8
Vitesse Arnhem,8,2,2,4,14,22,-8,8,netherlands2,0.25,0.5,-8,1.75,4.0,2.0,8
De Graafschap,8,1,3,4,5,12,-7,6,netherlands2,0.12,0.5,-7,0.62,8.33,2.0,9
Telstar,8,2,0,6,7,18,-11,6,netherlands2,0.25,0.25,-11,0.88,4.0,4.0,9
TOP Oss,8,0,5,3,6,11,-5,5,netherlands2,0.0,0.62,-5,0.75,0.0,1.61,10
MVV Maastricht,8,1,2,5,5,14,-9,5,netherlands2,0.12,0.38,-9,0.62,8.33,2.63,10
Jong Utrecht,8,1,1,6,5,22,-17,4,netherlands2,0.12,0.25,-17,0.62,8.33,4.0,11
Jong Ajax,8,1,0,7,4,15,-11,3,netherlands2,0.12,0.12,-11,0.5,8.33,8.33,12
Jong PSV,8,0,2,6,5,15,-10,2,netherlands2,0.0,0.25,-10,0.62,0.0,4.0,13
Helmond Sport,8,0,2,6,8,19,-11,2,netherlands2,0.0,0.25,-11,1.0,0.0,4.0,13
Diriangen,8,4,4,0,21,7,14,16,nicaragua,0.5,1.0,14,2.62,2.0,1.0,1
Real Esteli,8,5,1,2,14,9,5,16,nicaragua,0.62,0.75,5,1.75,1.61,1.33,1
Walter Ferreti,8,4,2,2,8,5,3,14,nicaragua,0.5,0.75,3,1.0,2.0,1.33,2
Matagalpa,8,3,3,2,9,7,2,12,nicaragua,0.38,0.75,2,1.12,2.63,1.33,3
Export Sebaco,8,1,4,3,7,10,-3,7,nicaragua,0.12,0.62,-3,0.88,8.33,1.61,4
Managua FC,8,1,3,4,9,15,-6,6,nicaragua,0.12,0.5,-6,1.12,8.33,2.0,5
Jalapa,8,1,2,5,8,21,-13,5,nicaragua,0.12,0.38,-13,1.0,8.33,2.63,6
UNAN Managua,8,1,1,6,7,17,-10,4,nicaragua,0.12,0.25,-10,0.88,8.33,4.0,7
Rancho Santana,8,1,1,6,5,15,-10,4,nicaragua,0.12,0.25,-10,0.62,8.33,4.0,7
D. Ocotal,8,0,2,6,3,24,-21,2,nicaragua,0.0,0.25,-21,0.38,0.0,4.0,8
Diriangen,5,4,1,0,10,1,9,13,nicaragua2,0.8,1.0,9,2.0,1.25,1.0,1
Real Esteli,5,4,0,1,12,6,6,12,nicaragua2,0.8,0.8,6,2.4,1.25,1.25,2
Managua FC,5,2,2,1,6,4,2,8,nicaragua2,0.4,0.8,2,1.2,2.5,1.25,3
CS Sebaco,6,2,1,3,6,7,-1,7,nicaragua2,0.33,0.5,-1,1.0,3.03,2.0,4
UNAN Managua,7,1,3,3,6,11,-5,6,nicaragua2,0.14,0.57,-5,0.86,7.14,1.75,5
Matagalpa,5,1,1,3,3,7,-4,4,nicaragua2,0.2,0.4,-4,0.6,5.0,2.5,6
Walter Ferreti,6,1,1,4,1,6,-5,4,nicaragua2,0.17,0.33,-5,0.17,5.88,3.03,6
Jalapa,5,1,1,3,6,13,-7,4,nicaragua2,0.2,0.4,-7,1.2,5.0,2.5,6
Rancho Santana,6,0,1,5,1,9,-8,1,nicaragua2,0.0,0.17,-8,0.17,0.0,5.88,7
D. Ocotal,6,0,1,5,4,19,-15,1,nicaragua2,0.0,0.17,-15,0.67,0.0,5.88,7
Dungannon,8,5,2,1,13,5,8,17,northernireland,0.62,0.88,8,1.62,1.61,1.14,1
Linfield,8,5,2,1,12,5,7,17,northernireland,0.62,0.88,7,1.5,1.61,1.14,1
Glentoran,8,5,2,1,12,7,5,17,northernireland,0.62,0.88,5,1.5,1.61,1.14,1
Larne,8,5,0,3,12,8,4,15,northernireland,0.62,0.62,4,1.5,1.61,1.61,2
Coleraine,8,4,3,1,12,9,3,15,northernireland,0.5,0.88,3,1.5,2.0,1.14,2
Crusaders,8,4,1,3,8,7,1,13,northernireland,0.5,0.62,1,1.0,2.0,1.61,3
Ballymena Utd,8,3,2,3,11,10,1,11,northernireland,0.38,0.62,1,1.38,2.63,1.61,4
Glenavon,8,3,2,3,11,10,1,11,northernireland,0.38,0.62,1,1.38,2.63,1.61,4
Portadown,8,1,2,5,7,14,-7,5,northernireland,0.12,0.38,-7,0.88,8.33,2.63,5
Carrick Rangers,8,1,2,5,5,14,-9,5,northernireland,0.12,0.38,-9,0.62,8.33,2.63,5
Loughgall,8,0,3,5,3,13,-10,3,northernireland,0.0,0.38,-10,0.38,0.0,2.63,6
Cliftonville,8,0,2,6,3,13,-10,2,northernireland,0.0,0.25,-10,0.38,0.0,4.0,7
Dundela,8,4,2,2,14,14,0,14,northernireland2,0.5,0.75,0,1.75,2.0,1.33,1
Ards,8,4,2,2,9,10,-1,14,northernireland2,0.5,0.75,-1,1.12,2.0,1.33,1
HW Welders,8,3,4,1,9,8,1,13,northernireland2,0.38,0.88,1,1.12,2.63,1.14,2
Annagh Utd,8,4,0,4,16,10,6,12,northernireland2,0.5,0.5,6,2.0,2.0,2.0,3
Limavady,8,3,3,2,12,8,4,12,northernireland2,0.38,0.75,4,1.5,2.63,1.33,3
Bangor,8,3,2,3,11,9,2,11,northernireland2,0.38,0.62,2,1.38,2.63,1.61,4
Institute,8,3,2,3,16,15,1,11,northernireland2,0.38,0.62,1,2.0,2.63,1.61,4
Armagh City,8,2,4,2,12,12,0,10,northernireland2,0.25,0.75,0,1.5,4.0,1.33,5
Ballyclare,8,2,0,6,7,21,-14,6,northernireland2,0.25,0.25,-14,0.88,4.0,4.0,6
Newington,8,1,2,5,8,17,-9,5,northernireland2,0.12,0.38,-9,1.0,8.33,2.63,7
Newry City,8,1,2,5,6,18,-12,5,northernireland2,0.12,0.38,-12,0.75,8.33,2.63,7
Ballinamallard,8,1,0,7,4,16,-12,3,northernireland2,0.12,0.12,-12,0.5,8.33,8.33,8
Sileks,8,5,2,1,16,5,11,17,northmacedonia,0.62,0.88,11,2.0,1.61,1.14,1
Shkendija,8,3,4,1,5,5,0,13,northmacedonia,0.38,0.88,0,0.62,2.63,1.14,2
Gostivar,8,3,3,2,7,5,2,12,northmacedonia,0.38,0.75,2,0.88,2.63,1.33,3
Rabotnicki,8,2,4,2,7,6,1,10,northmacedonia,0.25,0.75,1,0.88,4.0,1.33,4
Vardar,8,2,2,4,6,9,-3,8,northmacedonia,0.25,0.5,-3,0.75,4.0,2.0,5
Struga,8,2,2,4,9,13,-4,8,northmacedonia,0.25,0.5,-4,1.12,4.0,2.0,5
Brera Strumica,8,2,2,4,9,15,-6,8,northmacedonia,0.25,0.5,-6,1.12,4.0,2.0,5
Shkupi,8,2,1,5,7,12,-5,7,northmacedonia,0.25,0.38,-5,0.88,4.0,2.63,6
Pelister,8,2,1,5,4,10,-6,7,northmacedonia,0.25,0.38,-6,0.5,4.0,2.63,6
Besa,8,1,2,5,5,13,-8,5,northmacedonia,0.12,0.38,-8,0.62,8.33,2.63,7
Tikves,8,0,4,4,3,8,-5,4,northmacedonia,0.0,0.5,-5,0.38,0.0,2.0,8
Voska Sport,8,0,1,7,3,15,-12,1,northmacedonia,0.0,0.12,-12,0.38,0.0,8.33,9
Bodo.Glimt,0,0,0,0,0,0,0,0,norway,0.0,0.0,0,0.0,0.0,0.0,1
Brann,0,0,0,0,0,0,0,0,norway,0.0,0.0,0,0.0,0.0,0.0,1
Bryne,0,0,0,0,0,0,0,0,norway,0.0,0.0,0,0.0,0.0,0.0,1
Fredrikstad,0,0,0,0,0,0,0,0,norway,0.0,0.0,0,0.0,0.0,0.0,1
HamKam,0,0,0,0,0,0,0,0,norway,0.0,0.0,0,0.0,0.0,0.0,1
Haugesund,0,0,0,0,0,0,0,0,norway,0.0,0.0,0,0.0,0.0,0.0,1
KFUM Oslo,0,0,0,0,0,0,0,0,norway,0.0,0.0,0,0.0,0.0,0.0,1
Kristiansund,0,0,0,0,0,0,0,0,norway,0.0,0.0,0,0.0,0.0,0.0,1
Molde,0,0,0,0,0,0,0,0,norway,0.0,0.0,0,0.0,0.0,0.0,1
Rosenborg,0,0,0,0,0,0,0,0,norway,0.0,0.0,0,0.0,0.0,0.0,1
Sandefjord,0,0,0,0,0,0,0,0,norway,0.0,0.0,0,0.0,0.0,0.0,1
Sarpsborg 08,0,0,0,0,0,0,0,0,norway,0.0,0.0,0,0.0,0.0,0.0,1
Stromsgodset,0,0,0,0,0,0,0,0,norway,0.0,0.0,0,0.0,0.0,0.0,1
Tromso,0,0,0,0,0,0,0,0,norway,0.0,0.0,0,0.0,0.0,0.0,1
Valerenga,0,0,0,0,0,0,0,0,norway,0.0,0.0,0,0.0,0.0,0.0,1
Viking,0,0,0,0,0,0,0,0,norway,0.0,0.0,0,0.0,0.0,0.0,1
Aalesund,0,0,0,0,0,0,0,0,norway2,0.0,0.0,0,0.0,0.0,0.0,1
Asane,0,0,0,0,0,0,0,0,norway2,0.0,0.0,0,0.0,0.0,0.0,1
Egersund,0,0,0,0,0,0,0,0,norway2,0.0,0.0,0,0.0,0.0,0.0,1
Hodd,0,0,0,0,0,0,0,0,norway2,0.0,0.0,0,0.0,0.0,0.0,1
Kongsvinger,0,0,0,0,0,0,0,0,norway2,0.0,0.0,0,0.0,0.0,0.0,1
Lillestrom,0,0,0,0,0,0,0,0,norway2,0.0,0.0,0,0.0,0.0,0.0,1
Lyn,0,0,0,0,0,0,0,0,norway2,0.0,0.0,0,0.0,0.0,0.0,1
Mjondalen,0,0,0,0,0,0,0,0,norway2,0.0,0.0,0,0.0,0.0,0.0,1
Moss,0,0,0,0,0,0,0,0,norway2,0.0,0.0,0,0.0,0.0,0.0,1
Odd,0,0,0,0,0,0,0,0,norway2,0.0,0.0,0,0.0,0.0,0.0,1
Ranheim,0,0,0,0,0,0,0,0,norway2,0.0,0.0,0,0.0,0.0,0.0,1
Raufoss,0,0,0,0,0,0,0,0,norway2,0.0,0.0,0,0.0,0.0,0.0,1
Skeid,0,0,0,0,0,0,0,0,norway2,0.0,0.0,0,0.0,0.0,0.0,1
Sogndal,0,0,0,0,0,0,0,0,norway2,0.0,0.0,0,0.0,0.0,0.0,1
Stabaek,0,0,0,0,0,0,0,0,norway2,0.0,0.0,0,0.0,0.0,0.0,1
Start,0,0,0,0,0,0,0,0,norway2,0.0,0.0,0,0.0,0.0,0.0,1
Arendal,0,0,0,0,0,0,0,0,norway3,0.0,0.0,0,0.0,0.0,0.0,1
Brann B,0,0,0,0,0,0,0,0,norway3,0.0,0.0,0,0.0,0.0,0.0,1
Brattvag,0,0,0,0,0,0,0,0,norway3,0.0,0.0,0,0.0,0.0,0.0,1
Eik Tonsberg,0,0,0,0,0,0,0,0,norway3,0.0,0.0,0,0.0,0.0,0.0,1
Flekkeroy,0,0,0,0,0,0,0,0,norway3,0.0,0.0,0,0.0,0.0,0.0,1
Jerv,0,0,0,0,0,0,0,0,norway3,0.0,0.0,0,0.0,0.0,0.0,1
Lysekloster,0,0,0,0,0,0,0,0,norway3,0.0,0.0,0,0.0,0.0,0.0,1
Notodden,0,0,0,0,0,0,0,0,norway3,0.0,0.0,0,0.0,0.0,0.0,1
Pors Grenland,0,0,0,0,0,0,0,0,norway3,0.0,0.0,0,0.0,0.0,0.0,1
Sandnes Ulf,0,0,0,0,0,0,0,0,norway3,0.0,0.0,0,0.0,0.0,0.0,1
Sandviken,0,0,0,0,0,0,0,0,norway3,0.0,0.0,0,0.0,0.0,0.0,1
Sotra,0,0,0,0,0,0,0,0,norway3,0.0,0.0,0,0.0,0.0,0.0,1
Traef,0,0,0,0,0,0,0,0,norway3,0.0,0.0,0,0.0,0.0,0.0,1
V. Haugesund,0,0,0,0,0,0,0,0,norway3,0.0,0.0,0,0.0,0.0,0.0,1
Alta,0,0,0,0,0,0,0,0,norway4,0.0,0.0,0,0.0,0.0,0.0,1
Asker,0,0,0,0,0,0,0,0,norway4,0.0,0.0,0,0.0,0.0,0.0,1
Eidsvold,0,0,0,0,0,0,0,0,norway4,0.0,0.0,0,0.0,0.0,0.0,1
Follo,0,0,0,0,0,0,0,0,norway4,0.0,0.0,0,0.0,0.0,0.0,1
Grorud,0,0,0,0,0,0,0,0,norway4,0.0,0.0,0,0.0,0.0,0.0,1
Honefoss,0,0,0,0,0,0,0,0,norway4,0.0,0.0,0,0.0,0.0,0.0,1
Kjelsas,0,0,0,0,0,0,0,0,norway4,0.0,0.0,0,0.0,0.0,0.0,1
Levanger,0,0,0,0,0,0,0,0,norway4,0.0,0.0,0,0.0,0.0,0.0,1
Rana,0,0,0,0,0,0,0,0,norway4,0.0,0.0,0,0.0,0.0,0.0,1
Stjordals-Blink,0,0,0,0,0,0,0,0,norway4,0.0,0.0,0,0.0,0.0,0.0,1
Strindheim,0,0,0,0,0,0,0,0,norway4,0.0,0.0,0,0.0,0.0,0.0,1
Strommen,0,0,0,0,0,0,0,0,norway4,0.0,0.0,0,0.0,0.0,0.0,1
Tromsdalen,0,0,0,0,0,0,0,0,norway4,0.0,0.0,0,0.0,0.0,0.0,1
Ull/Kisa,0,0,0,0,0,0,0,0,norway4,0.0,0.0,0,0.0,0.0,0.0,1
Alta B,0,0,0,0,0,0,0,0,norway5,0.0,0.0,0,0.0,0.0,0.0,1
Baerum,0,0,0,0,0,0,0,0,norway5,0.0,0.0,0,0.0,0.0,0.0,1
Floya,0,0,0,0,0,0,0,0,norway5,0.0,0.0,0,0.0,0.0,0.0,1
Frigg,0,0,0,0,0,0,0,0,norway5,0.0,0.0,0,0.0,0.0,0.0,1
Funnefoss/V.,0,0,0,0,0,0,0,0,norway5,0.0,0.0,0,0.0,0.0,0.0,1
Gamle Oslo,0,0,0,0,0,0,0,0,norway5,0.0,0.0,0,0.0,0.0,0.0,1
Harstad,0,0,0,0,0,0,0,0,norway5,0.0,0.0,0,0.0,0.0,0.0,1
Junkeren,0,0,0,0,0,0,0,0,norway5,0.0,0.0,0,0.0,0.0,0.0,1
KFUM B,0,0,0,0,0,0,0,0,norway5,0.0,0.0,0,0.0,0.0,0.0,1
Skjervoy,0,0,0,0,0,0,0,0,norway5,0.0,0.0,0,0.0,0.0,0.0,1
Sortland,0,0,0,0,0,0,0,0,norway5,0.0,0.0,0,0.0,0.0,0.0,1
Tromso B,0,0,0,0,0,0,0,0,norway5,0.0,0.0,0,0.0,0.0,0.0,1
Ulfstind,0,0,0,0,0,0,0,0,norway5,0.0,0.0,0,0.0,0.0,0.0,1
Ullern,0,0,0,0,0,0,0,0,norway5,0.0,0.0,0,0.0,0.0,0.0,1
Aalesund B,0,0,0,0,0,0,0,0,norway6,0.0,0.0,0,0.0,0.0,0.0,1
Byasen,0,0,0,0,0,0,0,0,norway6,0.0,0.0,0,0.0,0.0,0.0,1
Kristiansund B,0,0,0,0,0,0,0,0,norway6,0.0,0.0,0,0.0,0.0,0.0,1
Kvik Trondheim,0,0,0,0,0,0,0,0,norway6,0.0,0.0,0,0.0,0.0,0.0,1
Melhus,0,0,0,0,0,0,0,0,norway6,0.0,0.0,0,0.0,0.0,0.0,1
Molde B,0,0,0,0,0,0,0,0,norway6,0.0,0.0,0,0.0,0.0,0.0,1
Nardo,0,0,0,0,0,0,0,0,norway6,0.0,0.0,0,0.0,0.0,0.0,1
Ranheim B,0,0,0,0,0,0,0,0,norway6,0.0,0.0,0,0.0,0.0,0.0,1
Rosenborg B,0,0,0,0,0,0,0,0,norway6,0.0,0.0,0,0.0,0.0,0.0,1
Spjelkavik,0,0,0,0,0,0,0,0,norway6,0.0,0.0,0,0.0,0.0,0.0,1
Surnadal,0,0,0,0,0,0,0,0,norway6,0.0,0.0,0,0.0,0.0,0.0,1
Tiller,0,0,0,0,0,0,0,0,norway6,0.0,0.0,0,0.0,0.0,0.0,1
Trygg.Lade,0,0,0,0,0,0,0,0,norway6,0.0,0.0,0,0.0,0.0,0.0,1
Volda,0,0,0,0,0,0,0,0,norway6,0.0,0.0,0,0.0,0.0,0.0,1
Assiden IF,0,0,0,0,0,0,0,0,norway7,0.0,0.0,0,0.0,0.0,0.0,1
Bjorkelangen,0,0,0,0,0,0,0,0,norway7,0.0,0.0,0,0.0,0.0,0.0,1
Elverum,0,0,0,0,0,0,0,0,norway7,0.0,0.0,0,0.0,0.0,0.0,1
Gjovik-Lyn,0,0,0,0,0,0,0,0,norway7,0.0,0.0,0,0.0,0.0,0.0,1
HamKam B,0,0,0,0,0,0,0,0,norway7,0.0,0.0,0,0.0,0.0,0.0,1
Kongsvinger B,0,0,0,0,0,0,0,0,norway7,0.0,0.0,0,0.0,0.0,0.0,1
Lillehammer,0,0,0,0,0,0,0,0,norway7,0.0,0.0,0,0.0,0.0,0.0,1
Lillestrom B,0,0,0,0,0,0,0,0,norway7,0.0,0.0,0,0.0,0.0,0.0,1
Lorenskog,0,0,0,0,0,0,0,0,norway7,0.0,0.0,0,0.0,0.0,0.0,1
Nordstrand,0,0,0,0,0,0,0,0,norway7,0.0,0.0,0,0.0,0.0,0.0,1
Skedsmo,0,0,0,0,0,0,0,0,norway7,0.0,0.0,0,0.0,0.0,0.0,1
Skjetten,0,0,0,0,0,0,0,0,norway7,0.0,0.0,0,0.0,0.0,0.0,1
Stromsgodset B,0,0,0,0,0,0,0,0,norway7,0.0,0.0,0,0.0,0.0,0.0,1
Ull/Kisa B,0,0,0,0,0,0,0,0,norway7,0.0,0.0,0,0.0,0.0,0.0,1
Asane B,0,0,0,0,0,0,0,0,norway8,0.0,0.0,0,0.0,0.0,0.0,1
Askoy,0,0,0,0,0,0,0,0,norway8,0.0,0.0,0,0.0,0.0,0.0,1
Bjarg,0,0,0,0,0,0,0,0,norway8,0.0,0.0,0,0.0,0.0,0.0,1
Fana,0,0,0,0,0,0,0,0,norway8,0.0,0.0,0,0.0,0.0,0.0,1
Fjora,0,0,0,0,0,0,0,0,norway8,0.0,0.0,0,0.0,0.0,0.0,1
Forde,0,0,0,0,0,0,0,0,norway8,0.0,0.0,0,0.0,0.0,0.0,1
Fyllingsdalen,0,0,0,0,0,0,0,0,norway8,0.0,0.0,0,0.0,0.0,0.0,1
Gneist,0,0,0,0,0,0,0,0,norway8,0.0,0.0,0,0.0,0.0,0.0,1
Loddefjord,0,0,0,0,0,0,0,0,norway8,0.0,0.0,0,0.0,0.0,0.0,1
Lyn B,0,0,0,0,0,0,0,0,norway8,0.0,0.0,0,0.0,0.0,0.0,1
Lyngbo,0,0,0,0,0,0,0,0,norway8,0.0,0.0,0,0.0,0.0,0.0,1
OS,0,0,0,0,0,0,0,0,norway8,0.0,0.0,0,0.0,0.0,0.0,1
Sandefjord B,0,0,0,0,0,0,0,0,norway8,0.0,0.0,0,0.0,0.0,0.0,1
Valerenga B,0,0,0,0,0,0,0,0,norway8,0.0,0.0,0,0.0,0.0,0.0,1
Brodd,0,0,0,0,0,0,0,0,norway9,0.0,0.0,0,0.0,0.0,0.0,1
Djerv,0,0,0,0,0,0,0,0,norway9,0.0,0.0,0,0.0,0.0,0.0,1
Haugesund B,0,0,0,0,0,0,0,0,norway9,0.0,0.0,0,0.0,0.0,0.0,1
Hinna,0,0,0,0,0,0,0,0,norway9,0.0,0.0,0,0.0,0.0,0.0,1
Madla,0,0,0,0,0,0,0,0,norway9,0.0,0.0,0,0.0,0.0,0.0,1
Sandnes Ulf B,0,0,0,0,0,0,0,0,norway9,0.0,0.0,0,0.0,0.0,0.0,1
Sola,0,0,0,0,0,0,0,0,norway9,0.0,0.0,0,0.0,0.0,0.0,1
Staal Jorpeland,0,0,0,0,0,0,0,0,norway9,0.0,0.0,0,0.0,0.0,0.0,1
Stord,0,0,0,0,0,0,0,0,norway9,0.0,0.0,0,0.0,0.0,0.0,1
Torvastad,0,0,0,0,0,0,0,0,norway9,0.0,0.0,0,0.0,0.0,0.0,1
Vag,0,0,0,0,0,0,0,0,norway9,0.0,0.0,0,0.0,0.0,0.0,1
Vidar,0,0,0,0,0,0,0,0,norway9,0.0,0.0,0,0.0,0.0,0.0,1
Viking B,0,0,0,0,0,0,0,0,norway9,0.0,0.0,0,0.0,0.0,0.0,1
Vindbjart,0,0,0,0,0,0,0,0,norway9,0.0,0.0,0,0.0,0.0,0.0,1
Drobak-Frogn,0,0,0,0,0,0,0,0,norway10,0.0,0.0,0,0.0,0.0,0.0,1
Flint,0,0,0,0,0,0,0,0,norway10,0.0,0.0,0,0.0,0.0,0.0,1
Fram,0,0,0,0,0,0,0,0,norway10,0.0,0.0,0,0.0,0.0,0.0,1
Fredrikstad B,0,0,0,0,0,0,0,0,norway10,0.0,0.0,0,0.0,0.0,0.0,1
Grei,0,0,0,0,0,0,0,0,norway10,0.0,0.0,0,0.0,0.0,0.0,1
IF Ready,0,0,0,0,0,0,0,0,norway10,0.0,0.0,0,0.0,0.0,0.0,1
Kvik Halden,0,0,0,0,0,0,0,0,norway10,0.0,0.0,0,0.0,0.0,0.0,1
Lokomotiv Oslo,0,0,0,0,0,0,0,0,norway10,0.0,0.0,0,0.0,0.0,0.0,1
Odd B,0,0,0,0,0,0,0,0,norway10,0.0,0.0,0,0.0,0.0,0.0,1
Oppsal,0,0,0,0,0,0,0,0,norway10,0.0,0.0,0,0.0,0.0,0.0,1
Orn Horten,0,0,0,0,0,0,0,0,norway10,0.0,0.0,0,0.0,0.0,0.0,1
Pors Grenland B,0,0,0,0,0,0,0,0,norway10,0.0,0.0,0,0.0,0.0,0.0,1
Sarpsborg 08 B,0,0,0,0,0,0,0,0,norway10,0.0,0.0,0,0.0,0.0,0.0,1
Stabaek B,0,0,0,0,0,0,0,0,norway10,0.0,0.0,0,0.0,0.0,0.0,1
San Francisco,6,3,2,1,4,2,2,11,panama,0.5,0.83,2,0.67,2.0,1.2,1
Plaza Amador,4,2,1,1,5,6,-1,7,panama,0.5,0.75,-1,1.25,2.0,1.33,2
UMECIT,5,1,3,1,6,5,1,6,panama,0.2,0.8,1,1.2,5.0,1.25,3
San Miguelito,4,2,0,2,4,7,-3,6,panama,0.5,0.5,-3,1.0,2.0,2.0,3
Arabe Unido,4,1,2,1,3,3,0,5,panama,0.25,0.75,0,0.75,4.0,1.33,4
Alianza,4,1,2,1,5,6,-1,5,panama,0.25,0.75,-1,1.25,4.0,1.33,4
Independiente,4,1,1,2,5,6,-1,4,panama,0.25,0.5,-1,1.25,4.0,2.0,5
Costa del Este,3,0,2,1,3,4,-1,2,panama,0.0,0.67,-1,1.0,0.0,1.49,6
Universitario,3,0,2,1,1,3,-2,2,panama,0.0,0.67,-2,0.33,0.0,1.49,6
Tauro,5,0,2,3,3,6,-3,2,panama,0.0,0.4,-3,0.6,0.0,2.5,6
Herrera,5,0,2,3,2,6,-4,2,panama,0.0,0.4,-4,0.4,0.0,2.5,6
Veraguas,4,0,2,2,3,9,-6,2,panama,0.0,0.5,-6,0.75,0.0,2.0,6
Independiente,8,4,2,2,12,9,3,14,panama2,0.5,0.75,3,1.5,2.0,1.33,1
San Miguelito,8,3,3,2,5,4,1,12,panama2,0.38,0.75,1,0.62,2.63,1.33,2
Plaza Amador,8,2,5,1,8,7,1,11,panama2,0.25,0.88,1,1.0,4.0,1.14,3
Veraguas,7,3,1,3,11,12,-1,10,panama2,0.43,0.57,-1,1.57,2.33,1.75,4
Tauro,8,3,1,4,7,10,-3,10,panama2,0.38,0.5,-3,0.88,2.63,2.0,4
Universitario,8,3,1,4,6,9,-3,10,panama2,0.38,0.5,-3,0.75,2.63,2.0,4
Arabe Unido,8,2,3,3,6,5,1,9,panama2,0.25,0.62,1,0.75,4.0,1.61,5
UMECIT,8,2,3,3,6,7,-1,9,panama2,0.25,0.62,-1,0.75,4.0,1.61,5
Alianza,7,2,1,4,7,10,-3,7,panama2,0.29,0.43,-3,1.0,3.45,2.33,6
San Francisco,8,1,3,4,8,11,-3,6,panama2,0.12,0.5,-3,1.0,8.33,2.0,7
Costa del Este,8,0,4,4,3,11,-8,4,panama2,0.0,0.5,-8,0.38,0.0,2.0,8
Herrera,8,0,2,6,5,12,-7,2,panama2,0.0,0.25,-7,0.62,0.0,4.0,9
Guarani,5,4,0,1,6,3,3,12,paraguay,0.8,0.8,3,1.2,1.25,1.25,1
Libertad,5,3,2,0,9,4,5,11,paraguay,0.6,1.0,5,1.8,1.67,1.0,2
D. Recoleta,5,2,1,2,11,12,-1,7,paraguay,0.4,0.6,-1,2.2,2.5,1.67,3
2 de Mayo,4,1,2,1,4,3,1,5,paraguay,0.25,0.75,1,1.0,4.0,1.33,4
Olimpia,4,1,2,1,5,5,0,5,paraguay,0.25,0.75,0,1.25,4.0,1.33,4
Cerro Porteno,4,1,1,2,3,4,-1,4,paraguay,0.25,0.5,-1,0.75,4.0,2.0,5
G. Caballero,4,1,1,2,2,3,-1,4,paraguay,0.25,0.5,-1,0.5,4.0,2.0,5
S. Ameliano,4,1,1,2,3,5,-2,4,paraguay,0.25,0.5,-2,0.75,4.0,2.0,5
A. Tembetary,5,0,3,2,2,6,-4,3,paraguay,0.0,0.6,-4,0.4,0.0,1.67,6
S. Trinidense,3,0,2,1,5,7,-2,2,paraguay,0.0,0.67,-2,1.67,0.0,1.49,7
Nacional,5,0,1,4,3,8,-5,1,paraguay,0.0,0.2,-5,0.6,0.0,5.0,8
S. Luqueno,3,0,0,3,0,7,-7,0,paraguay,0.0,0.0,-7,0.0,0.0,0.0,9
Guarani,8,4,3,1,9,5,4,15,paraguay2,0.5,0.88,4,1.12,2.0,1.14,1
S. Ameliano,8,4,2,2,12,5,7,14,paraguay2,0.5,0.75,7,1.5,2.0,1.33,2
Olimpia,8,4,2,2,5,4,1,14,paraguay2,0.5,0.75,1,0.62,2.0,1.33,2
2 de Mayo,8,3,3,2,10,7,3,12,paraguay2,0.38,0.75,3,1.25,2.63,1.33,3
G. Caballero,8,3,2,3,7,6,1,11,paraguay2,0.38,0.62,1,0.88,2.63,1.61,4
Sol de America,8,2,3,3,9,8,1,9,paraguay2,0.25,0.62,1,1.12,4.0,1.61,5
S. Luqueno,8,2,3,3,14,14,0,9,paraguay2,0.25,0.62,0,1.75,4.0,1.61,5
Libertad,8,2,2,4,8,12,-4,8,paraguay2,0.25,0.5,-4,1.0,4.0,2.0,6
Cerro Porteno,8,2,1,5,7,12,-5,7,paraguay2,0.25,0.38,-5,0.88,4.0,2.63,7
Nacional,8,1,3,4,8,10,-2,6,paraguay2,0.12,0.5,-2,1.0,8.33,2.0,8
Tacuary,8,1,2,5,7,12,-5,5,paraguay2,0.12,0.38,-5,0.88,8.33,2.63,9
S. Trinidense,8,0,4,4,5,9,-4,4,paraguay2,0.0,0.5,-4,0.62,0.0,2.0,10
D. Garcilaso,3,1,2,0,5,4,1,5,peru,0.33,1.0,1,1.67,3.03,1.0,1
Universitario,2,1,1,0,3,1,2,4,peru,0.5,1.0,2,1.5,2.0,1.0,2
Sport Huancayo,2,1,1,0,2,1,1,4,peru,0.5,1.0,1,1.0,2.0,1.0,2
ADT,3,1,1,1,6,6,0,4,peru,0.33,0.67,0,2.0,3.03,1.49,2
S. Cristal,3,1,1,1,3,3,0,4,peru,0.33,0.67,0,1.0,3.03,1.49,2
Binacional,2,1,0,1,5,4,1,3,peru,0.5,0.5,1,2.5,2.0,2.0,3
FBC Melgar,1,1,0,0,1,0,1,3,peru,1.0,1.0,1,1.0,1.0,1.0,3
Alianza Lima,2,1,0,1,3,4,-1,3,peru,0.5,0.5,-1,1.5,2.0,2.0,3
Cusco,2,1,0,1,2,4,-2,3,peru,0.5,0.5,-2,1.0,2.0,2.0,3
Sport Boys,2,0,1,1,3,4,-1,1,peru,0.0,0.5,-1,1.5,0.0,2.0,4
Los Chankas,2,0,1,1,2,3,-1,1,peru,0.0,0.5,-1,1.0,0.0,2.0,4
Alianza A.,3,0,1,2,2,4,-2,1,peru,0.0,0.33,-2,0.67,0.0,3.03,4
Cajamarca,2,0,1,1,1,4,-3,1,peru,0.0,0.5,-3,0.5,0.0,2.0,4
Cienciano,1,0,0,1,2,3,-1,0,peru,0.0,0.0,-1,2.0,0.0,0.0,5
Comerciantes U.,2,0,0,2,3,5,-2,0,peru,0.0,0.0,-2,1.5,0.0,0.0,5
Atletico Grau,2,0,0,2,3,6,-3,0,peru,0.0,0.0,-3,1.5,0.0,0.0,5
Ayacucho,3,0,0,3,1,5,-4,0,peru,0.0,0.0,-4,0.33,0.0,0.0,5
Juan Pablo II C,3,0,0,3,0,4,-4,0,peru,0.0,0.0,-4,0.0,0.0,0.0,5
A. Huanuco,2,0,0,2,2,7,-5,0,peru,0.0,0.0,-5,1.0,0.0,0.0,5
Manila Digger,6,6,0,0,27,2,25,18,philippines,1.0,1.0,25,4.5,1.0,1.0,1
Davao Aguilas,7,6,0,1,15,3,12,18,philippines,0.86,0.86,12,2.14,1.16,1.16,1
One Taguig,7,5,2,0,15,4,11,17,philippines,0.71,1.0,11,2.14,1.41,1.0,2
Stallion,6,5,1,0,17,4,13,16,philippines,0.83,1.0,13,2.83,1.2,1.0,3
Kaya FC,7,5,1,1,17,7,10,16,philippines,0.71,0.86,10,2.43,1.41,1.16,3
Loyola,7,4,0,3,11,14,-3,12,philippines,0.57,0.57,-3,1.57,1.75,1.75,4
DH Cebu,7,3,2,2,15,9,6,11,philippines,0.43,0.71,6,2.14,2.33,1.41,5
Maharlika,6,3,1,2,8,6,2,10,philippines,0.5,0.67,2,1.33,2.0,1.49,6
Mendiola,8,1,1,6,8,36,-28,4,philippines,0.12,0.25,-28,1.0,8.33,4.0,7
PFF Development,8,0,2,6,4,25,-21,2,philippines,0.0,0.25,-21,0.5,0.0,4.0,8
Rakow C.,8,5,3,0,12,4,8,18,poland,0.62,1.0,8,1.5,1.61,1.0,1
Jagiellonia,8,4,3,1,12,7,5,15,poland,0.5,0.88,5,1.5,2.0,1.14,2
Cracovia Krakow,8,4,2,2,14,13,1,14,poland,0.5,0.75,1,1.75,2.0,1.33,3
Lech Poznan,8,4,1,3,11,7,4,13,poland,0.5,0.62,4,1.38,2.0,1.61,4
Gornik Zabrze,8,4,1,3,10,9,1,13,poland,0.5,0.62,1,1.25,2.0,1.61,4
Korona Kielce,8,3,3,2,8,11,-3,12,poland,0.38,0.75,-3,1.0,2.63,1.33,5
Pogon Szczecin,8,3,2,3,13,10,3,11,poland,0.38,0.62,3,1.62,2.63,1.61,6
Piast Gliwice,8,3,2,3,7,5,2,11,poland,0.38,0.62,2,0.88,2.63,1.61,6
Motor Lublin,8,3,1,4,10,19,-9,10,poland,0.38,0.5,-9,1.25,2.63,2.0,7
Legia Warsaw,8,2,3,3,14,15,-1,9,poland,0.25,0.62,-1,1.75,4.0,1.61,8
Radomiak Radom,8,3,0,5,8,14,-6,9,poland,0.38,0.38,-6,1.0,2.63,2.63,8
Zaglebie Lubin,8,2,2,4,7,11,-4,8,poland,0.25,0.5,-4,0.88,4.0,2.0,9
Puszcza Niepolo,8,2,1,5,6,11,-5,7,poland,0.25,0.38,-5,0.75,4.0,2.63,10
Katowice,8,2,1,5,10,16,-6,7,poland,0.25,0.38,-6,1.25,4.0,2.63,10
Lechia Gdansk,8,1,3,4,10,14,-4,6,poland,0.12,0.5,-4,1.25,8.33,2.0,11
Slask Wroclaw,8,1,3,4,8,13,-5,6,poland,0.12,0.5,-5,1.0,8.33,2.0,11
Widzew Lodz,8,1,3,4,10,18,-8,6,poland,0.12,0.5,-8,1.25,8.33,2.0,11
Stal Mielec,8,1,1,6,8,15,-7,4,poland,0.12,0.25,-7,1.0,8.33,4.0,12
Arka Gdynia,8,6,1,1,15,4,11,19,poland2,0.75,0.88,11,1.88,1.33,1.14,1
Miedz Legnica,8,5,2,1,14,6,8,17,poland2,0.62,0.88,8,1.75,1.61,1.14,2
T. Nieciecza,8,4,2,2,13,9,4,14,poland2,0.5,0.75,4,1.62,2.0,1.33,3
Wisla Krakow,8,4,1,3,19,9,10,13,poland2,0.5,0.62,10,2.38,2.0,1.61,4
LKS Lodz,8,3,4,1,16,11,5,13,poland2,0.38,0.88,5,2.0,2.63,1.14,4
Ruch Chorzow,8,4,1,3,8,9,-1,13,poland2,0.5,0.62,-1,1.0,2.0,1.61,4
Polonia Warszaw,8,3,3,2,12,12,0,12,poland2,0.38,0.75,0,1.5,2.63,1.33,5
Znicz Pruszkow,8,3,3,2,9,11,-2,12,poland2,0.38,0.75,-2,1.12,2.63,1.33,5
Tychy,8,3,2,3,16,14,2,11,poland2,0.38,0.62,2,2.0,2.63,1.61,6
Wisla Plock,8,2,4,2,8,9,-1,10,poland2,0.25,0.75,-1,1.0,4.0,1.33,7
Warta Poznan,8,2,3,3,5,10,-5,9,poland2,0.25,0.62,-5,0.62,4.0,1.61,8
Odra Opole,8,2,3,3,6,16,-10,9,poland2,0.25,0.62,-10,0.75,4.0,1.61,8
Stal Rzeszow,8,1,5,2,10,11,-1,8,poland2,0.12,0.75,-1,1.25,8.33,1.33,9
Gornik Leczna,8,1,4,3,11,11,0,7,poland2,0.12,0.62,0,1.38,8.33,1.61,10
Stalowa Wola,8,1,3,4,3,13,-10,6,poland2,0.12,0.5,-10,0.38,8.33,2.0,11
Chrobry Glogow,8,1,1,6,6,17,-11,4,poland2,0.12,0.25,-11,0.75,8.33,4.0,12
K. Kolobrzeg,8,0,2,6,6,19,-13,2,poland2,0.0,0.25,-13,0.75,0.0,4.0,13
Pogon Siedlce,8,0,1,7,4,15,-11,1,poland2,0.0,0.12,-11,0.5,0.0,8.33,14
Pogon Grodzisk,8,7,1,0,19,5,14,22,poland3,0.88,1.0,14,2.38,1.14,1.0,1
Wieczysta K.,8,5,1,2,17,6,11,16,poland3,0.62,0.75,11,2.12,1.61,1.33,2
Rekord Bielsko,8,4,2,2,19,14,5,14,poland3,0.5,0.75,5,2.38,2.0,1.33,3
LKS Lodz B,8,4,1,3,9,11,-2,13,poland3,0.5,0.62,-2,1.12,2.0,1.61,4
Polonia Bytom,8,3,3,2,9,8,1,12,poland3,0.38,0.75,1,1.12,2.63,1.33,5
Podbeskidzie,8,3,2,3,10,8,2,11,poland3,0.38,0.62,2,1.25,2.63,1.61,6
Chojniczanka,8,3,2,3,7,8,-1,11,poland3,0.38,0.62,-1,0.88,2.63,1.61,6
Jastrzebie,8,3,1,4,9,7,2,10,poland3,0.38,0.5,2,1.12,2.63,2.0,7
Hutnik Krakow,8,2,4,2,8,10,-2,10,poland3,0.25,0.75,-2,1.0,4.0,1.33,7
O. Grudziadz,8,2,3,3,11,11,0,9,poland3,0.25,0.62,0,1.38,4.0,1.61,8
Swit Skolwin,8,2,3,3,9,12,-3,9,poland3,0.25,0.62,-3,1.12,4.0,1.61,8
Wisla Pulawy,8,3,0,5,10,21,-11,9,poland3,0.38,0.38,-11,1.25,2.63,2.63,8
Kalisz,8,2,2,4,4,9,-5,8,poland3,0.25,0.5,-5,0.5,4.0,2.0,9
Resovia Rzeszow,8,2,1,5,10,13,-3,7,poland3,0.25,0.38,-3,1.25,4.0,2.63,10
Z. Sosnowiec,8,1,3,4,7,12,-5,6,poland3,0.12,0.5,-5,0.88,8.33,2.0,11
Zaglebie L. B,8,0,3,5,12,21,-9,3,poland3,0.0,0.38,-9,1.5,0.0,2.63,12
Olimpia Elblag,8,0,1,7,6,20,-14,1,poland3,0.0,0.12,-14,0.75,0.0,8.33,13
SKRA Czestochow,8,0,1,7,5,23,-18,1,poland3,0.0,0.12,-18,0.62,0.0,8.33,13
Sporting Braga,8,6,1,1,10,4,6,19,portugal,0.75,0.88,6,1.25,1.33,1.14,1
Benfica,8,5,1,2,12,8,4,16,portugal,0.62,0.75,4,1.5,1.61,1.33,2
Santa Clara,8,4,2,2,7,5,2,14,portugal,0.5,0.75,2,0.88,2.0,1.33,3
Sporting CP,8,3,4,1,18,12,6,13,portugal,0.38,0.88,6,2.25,2.63,1.14,4
Arouca,8,3,3,2,12,11,1,12,portugal,0.38,0.75,1,1.5,2.63,1.33,5
FC Porto,8,3,2,3,10,9,1,11,portugal,0.38,0.62,1,1.25,2.63,1.61,6
Estoril,8,3,2,3,14,19,-5,11,portugal,0.38,0.62,-5,1.75,2.63,1.61,6
Casa Pia,8,3,1,4,12,13,-1,10,portugal,0.38,0.5,-1,1.5,2.63,2.0,7
Farense,8,1,6,1,9,10,-1,9,portugal,0.12,0.88,-1,1.12,8.33,1.14,8
Rio Ave,8,2,2,4,7,8,-1,8,portugal,0.25,0.5,-1,0.88,4.0,2.0,9
Famalicao,8,2,2,4,11,15,-4,8,portugal,0.25,0.5,-4,1.38,4.0,2.0,9
Guimaraes,8,1,4,3,7,9,-2,7,portugal,0.12,0.62,-2,0.88,8.33,1.61,10
AVS,8,1,4,3,5,10,-5,7,portugal,0.12,0.62,-5,0.62,8.33,1.61,10
Estrela Amadora,8,1,3,4,4,11,-7,6,portugal,0.12,0.5,-7,0.5,8.33,2.0,11
Gil Vicente,8,1,2,5,5,13,-8,5,portugal,0.12,0.38,-8,0.62,8.33,2.63,12
Boavista,8,1,2,5,7,18,-11,5,portugal,0.12,0.38,-11,0.88,8.33,2.63,12
Nacional,8,1,1,6,6,14,-8,4,portugal,0.12,0.25,-8,0.75,8.33,4.0,13
Moreirense,8,0,2,6,7,14,-7,2,portugal,0.0,0.25,-7,0.88,0.0,4.0,14
Chaves,8,4,3,1,8,6,2,15,portugal2,0.5,0.88,2,1.0,2.0,1.14,1
Torreense,8,3,5,0,13,8,5,14,portugal2,0.38,1.0,5,1.62,2.63,1.0,2
Uniao de Leiria,8,4,1,3,17,10,7,13,portugal2,0.5,0.62,7,2.12,2.0,1.61,3
Vizela,8,3,3,2,14,11,3,12,portugal2,0.38,0.75,3,1.75,2.63,1.33,4
Alverca,8,3,2,3,14,11,3,11,portugal2,0.38,0.62,3,1.75,2.63,1.61,5
Oliveirense,8,3,2,3,8,9,-1,11,portugal2,0.38,0.62,-1,1.0,2.63,1.61,5
Feirense,8,3,2,3,6,10,-4,11,portugal2,0.38,0.62,-4,0.75,2.63,1.61,5
Portimonense,8,3,1,4,5,9,-4,10,portugal2,0.38,0.5,-4,0.62,2.63,2.0,6
Tondela,8,1,6,1,9,9,0,9,portugal2,0.12,0.88,0,1.12,8.33,1.14,7
Benfica B,8,2,3,3,9,10,-1,9,portugal2,0.25,0.62,-1,1.12,4.0,1.61,7
Pacos Ferreira,8,2,2,4,7,11,-4,8,portugal2,0.25,0.5,-4,0.88,4.0,2.0,8
Maritimo,8,2,2,4,8,14,-6,8,portugal2,0.25,0.5,-6,1.0,4.0,2.0,8
Penafiel,8,2,1,5,6,12,-6,7,portugal2,0.25,0.38,-6,0.75,4.0,2.63,9
Academico Viseu,8,1,3,4,10,14,-4,6,portugal2,0.12,0.5,-4,1.25,8.33,2.0,10
Felgueiras,8,1,2,5,10,14,-4,5,portugal2,0.12,0.38,-4,1.25,8.33,2.63,11
FC Porto B,8,0,3,5,5,11,-6,3,portugal2,0.0,0.38,-6,0.62,0.0,2.63,12
Mafra,8,0,2,6,4,12,-8,2,portugal2,0.0,0.25,-8,0.5,0.0,4.0,13
Leixoes,8,0,2,6,2,13,-11,2,portugal2,0.0,0.25,-11,0.25,0.0,4.0,13
Al Sadd,8,6,1,1,24,10,14,19,qatar,0.75,0.88,14,3.0,1.33,1.14,1
Al Duhail,8,5,1,2,17,7,10,16,qatar,0.62,0.75,10,2.12,1.61,1.33,2
Al Gharafa,8,4,2,2,15,12,3,14,qatar,0.5,0.75,3,1.88,2.0,1.33,3
Al Ahli Doha,8,4,1,3,15,14,1,13,qatar,0.5,0.62,1,1.88,2.0,1.61,4
Al Rayyan,8,4,0,4,18,12,6,12,qatar,0.5,0.5,6,2.25,2.0,2.0,5
Qatar SC,8,3,2,3,13,16,-3,11,qatar,0.38,0.62,-3,1.62,2.63,1.61,6
Al Shamal,8,3,1,4,9,9,0,10,qatar,0.38,0.5,0,1.12,2.63,2.0,7
Al Wakrah,8,3,1,4,12,15,-3,10,qatar,0.38,0.5,-3,1.5,2.63,2.0,7
Umm Salal,8,2,1,5,11,17,-6,7,qatar,0.25,0.38,-6,1.38,4.0,2.63,8
Al Shahaniya,8,2,0,6,13,20,-7,6,qatar,0.25,0.25,-7,1.62,4.0,4.0,9
Al Khor,8,1,2,5,7,17,-10,5,qatar,0.12,0.38,-10,0.88,8.33,2.63,10
Al Arabi,8,1,2,5,14,25,-11,5,qatar,0.12,0.38,-11,1.75,8.33,2.63,10
Din. Bucharest,8,5,2,1,12,5,7,17,romania,0.62,0.88,7,1.5,1.61,1.14,1
FCSB,8,4,3,1,10,3,7,15,romania,0.5,0.88,7,1.25,2.0,1.14,2
UTA Arad,8,3,4,1,6,5,1,13,romania,0.38,0.88,1,0.75,2.63,1.14,3
Hermannstadt,8,4,1,3,11,11,0,13,romania,0.5,0.62,0,1.38,2.0,1.61,3
CFR Cluj,8,2,5,1,13,9,4,11,romania,0.25,0.88,4,1.62,4.0,1.14,4
Univ. Craiova,8,3,2,3,10,9,1,11,romania,0.38,0.62,1,1.25,2.63,1.61,4
U. Cluj,8,2,4,2,7,7,0,10,romania,0.25,0.75,0,0.88,4.0,1.33,5
Farul Constanta,8,2,3,3,6,7,-1,9,romania,0.25,0.62,-1,0.75,4.0,1.61,6
Sepsi OSK,8,2,2,4,8,12,-4,8,romania,0.25,0.5,-4,1.0,4.0,2.0,7
Rapid Bucharest,8,1,4,3,6,8,-2,7,romania,0.12,0.62,-2,0.75,8.33,1.61,8
Botosani,8,2,1,5,5,9,-4,7,romania,0.25,0.38,-4,0.62,4.0,2.63,8
Otelul,8,2,0,6,6,11,-5,6,romania,0.25,0.25,-5,0.75,4.0,4.0,9
Petrolul,8,1,3,4,5,11,-6,6,romania,0.12,0.5,-6,0.62,8.33,2.0,9
Unirea Slobozia,8,2,0,6,10,17,-7,6,romania,0.25,0.25,-7,1.25,4.0,4.0,9
P. Iasi,8,1,3,4,8,15,-7,6,romania,0.12,0.5,-7,1.0,8.33,2.0,9
FC Buzau,8,0,0,8,3,18,-15,0,romania,0.0,0.0,-15,0.38,0.0,0.0,10
FC Krasnodar,8,6,2,0,20,6,14,20,russia,0.75,1.0,14,2.5,1.33,1.0,1
Zenit,8,6,1,1,15,4,11,19,russia,0.75,0.88,11,1.88,1.33,1.14,2
CSKA Moscow,8,5,2,1,10,5,5,17,russia,0.62,0.88,5,1.25,1.61,1.14,3
Spartak Moscow,8,4,2,2,13,7,6,14,russia,0.5,0.75,6,1.62,2.0,1.33,4
Dinamo Moscow,8,3,4,1,15,10,5,13,russia,0.38,0.88,5,1.88,2.63,1.14,5
Lokomotiv M.,8,3,3,2,12,12,0,12,russia,0.38,0.75,0,1.5,2.63,1.33,6
Rubin Kazan,8,3,2,3,10,10,0,11,russia,0.38,0.62,0,1.25,2.63,1.61,7
Akron,8,3,2,3,8,11,-3,11,russia,0.38,0.62,-3,1.0,2.63,1.61,7
Nizhny Novgorod,8,2,2,4,8,16,-8,8,russia,0.25,0.5,-8,1.0,4.0,2.0,8
Rostov,8,2,2,4,8,17,-9,8,russia,0.25,0.5,-9,1.0,4.0,2.0,8
Krylya Sovetov,8,1,3,4,8,16,-8,6,russia,0.12,0.5,-8,1.0,8.33,2.0,9
Makhachkala,8,1,3,4,3,11,-8,6,russia,0.12,0.5,-8,0.38,8.33,2.0,9
Fakel Voronezh,8,1,2,5,6,13,-7,5,russia,0.12,0.38,-7,0.75,8.33,2.63,10
Akhmat Grozny,8,1,2,5,8,16,-8,5,russia,0.12,0.38,-8,1.0,8.33,2.63,10
Khimki,8,1,2,5,6,17,-11,5,russia,0.12,0.38,-11,0.75,8.33,2.63,10
Orenburg,8,0,1,7,1,12,-11,1,russia,0.0,0.12,-11,0.12,0.0,8.33,11
Baltika,8,6,0,2,12,7,5,18,russia2,0.75,0.75,5,1.5,1.33,1.33,1
Chernomorets,8,5,1,2,13,11,2,16,russia2,0.62,0.75,2,1.62,1.61,1.33,2
Torpedo Moscow,8,3,4,1,11,8,3,13,russia2,0.38,0.88,3,1.38,2.63,1.14,3
SKA Khabarovsk,8,3,4,1,9,8,1,13,russia2,0.38,0.88,1,1.12,2.63,1.14,3
PFC Sochi,8,2,5,1,8,7,1,11,russia2,0.25,0.88,1,1.0,4.0,1.14,4
Rotor Volgograd,8,2,4,2,7,8,-1,10,russia2,0.25,0.75,-1,0.88,4.0,1.33,5
Neftekhimik,8,2,3,3,8,7,1,9,russia2,0.25,0.62,1,1.0,4.0,1.61,6
Ural,8,2,3,3,8,10,-2,9,russia2,0.25,0.62,-2,1.0,4.0,1.61,6
Shinnik,8,1,5,2,5,8,-3,8,russia2,0.12,0.75,-3,0.62,8.33,1.33,7
Chayka,8,2,2,4,5,13,-8,8,russia2,0.25,0.5,-8,0.62,4.0,2.0,7
Tyumen,8,2,1,5,5,10,-5,7,russia2,0.25,0.38,-5,0.62,4.0,2.63,8
Yenisey,8,2,1,5,8,15,-7,7,russia2,0.25,0.38,-7,1.0,4.0,2.63,8
Rodina Moskva,8,1,3,4,6,10,-4,6,russia2,0.12,0.5,-4,0.75,8.33,2.0,9
Arsenal Tula,8,0,5,3,6,10,-4,5,russia2,0.0,0.62,-4,0.75,0.0,1.61,10
Kamaz,8,1,2,5,5,9,-4,5,russia2,0.12,0.38,-4,0.62,8.33,2.63,10
A. Vladikavkaz,8,1,2,5,2,11,-9,5,russia2,0.12,0.38,-9,0.25,8.33,2.63,10
Sokol Saratov,8,1,2,5,2,15,-13,5,russia2,0.12,0.38,-13,0.25,8.33,2.63,10
Ufa,8,0,3,5,4,12,-8,3,russia2,0.0,0.38,-8,0.5,0.0,2.63,11
Al Ittifaq,8,5,3,0,15,7,8,18,saudiarabia,0.62,1.0,8,1.88,1.61,1.0,1
Al Ahli Jeddah,8,6,0,2,15,8,7,18,saudiarabia,0.75,0.75,7,1.88,1.33,1.33,1
Al Quadisiya,8,5,1,2,15,9,6,16,saudiarabia,0.62,0.75,6,1.88,1.61,1.33,2
Al Nassr,8,5,1,2,14,9,5,16,saudiarabia,0.62,0.75,5,1.75,1.61,1.33,2
Al Ittihad,8,4,3,1,16,7,9,15,saudiarabia,0.5,0.88,9,2.0,2.0,1.14,3
Al Hilal,8,4,1,3,17,12,5,13,saudiarabia,0.5,0.62,5,2.12,2.0,1.61,4
Al Taawon,8,4,1,3,7,4,3,13,saudiarabia,0.5,0.62,3,0.88,2.0,1.61,4
Al Feiha,8,3,2,3,9,10,-1,11,saudiarabia,0.38,0.62,-1,1.12,2.63,1.61,5
Al Shabab,8,2,3,3,13,14,-1,9,saudiarabia,0.25,0.62,-1,1.62,4.0,1.61,6
Al Khaleej,8,2,3,3,10,14,-4,9,saudiarabia,0.25,0.62,-4,1.25,4.0,1.61,6
Damak,8,2,2,4,7,12,-5,8,saudiarabia,0.25,0.5,-5,0.88,4.0,2.0,7
Al Wahda,8,2,1,5,7,12,-5,7,saudiarabia,0.25,0.38,-5,0.88,4.0,2.63,8
Al Riyadh,8,2,1,5,8,15,-7,7,saudiarabia,0.25,0.38,-7,1.0,4.0,2.63,8
Al Akhdoud,8,2,1,5,7,14,-7,7,saudiarabia,0.25,0.38,-7,0.88,4.0,2.63,8
Al Fateh,8,2,1,5,9,22,-13,7,saudiarabia,0.25,0.38,-13,1.12,4.0,2.63,8
Al Orubah,8,2,1,5,4,18,-14,7,saudiarabia,0.25,0.38,-14,0.5,4.0,2.63,8
Al Kholood,8,2,0,6,11,20,-9,6,saudiarabia,0.25,0.25,-9,1.38,4.0,4.0,9
Al Raed,8,1,0,7,9,20,-11,3,saudiarabia,0.12,0.12,-11,1.12,8.33,8.33,10
Neom SC,8,6,0,2,11,6,5,18,saudiarabia2,0.75,0.75,5,1.38,1.33,1.33,1
Al Bukayriyah,8,5,1,2,14,5,9,16,saudiarabia2,0.62,0.75,9,1.75,1.61,1.33,2
Al Adalha,8,4,4,0,16,11,5,16,saudiarabia2,0.5,1.0,5,2.0,2.0,1.0,2
Al Tai,8,3,4,1,13,9,4,13,saudiarabia2,0.38,0.88,4,1.62,2.63,1.14,3
Al Hazm,8,4,1,3,11,11,0,13,saudiarabia2,0.5,0.62,0,1.38,2.0,1.61,3
Al Najma,8,3,1,4,9,11,-2,10,saudiarabia2,0.38,0.5,-2,1.12,2.63,2.0,4
Al Faisaly,8,2,4,2,11,14,-3,10,saudiarabia2,0.25,0.75,-3,1.38,4.0,1.33,4
Al Jabalain,8,2,3,3,9,11,-2,9,saudiarabia2,0.25,0.62,-2,1.12,4.0,1.61,5
Al Zulfi,8,1,5,2,9,9,0,8,saudiarabia2,0.12,0.75,0,1.12,8.33,1.33,6
Al Arabi,8,2,2,4,11,14,-3,8,saudiarabia2,0.25,0.5,-3,1.38,4.0,2.0,6
Ohod,8,2,2,4,7,10,-3,8,saudiarabia2,0.25,0.5,-3,0.88,4.0,2.0,6
Al Jandal,8,1,4,3,7,8,-1,7,saudiarabia2,0.12,0.62,-1,0.88,8.33,1.61,7
Jeddah,8,2,1,5,5,9,-4,7,saudiarabia2,0.25,0.38,-4,0.62,4.0,2.63,7
Al Jubail,8,1,3,4,8,13,-5,6,saudiarabia2,0.12,0.5,-5,1.0,8.33,2.0,8
Al Ain,8,1,3,4,7,14,-7,6,saudiarabia2,0.12,0.5,-7,0.88,8.33,2.0,8
Abha,8,1,3,4,6,14,-8,6,saudiarabia2,0.12,0.5,-8,0.75,8.33,2.0,8
Al Safa,8,0,2,6,6,18,-12,2,saudiarabia2,0.0,0.25,-12,0.75,0.0,4.0,9
Al Batin,8,0,2,6,4,19,-15,2,saudiarabia2,0.0,0.25,-15,0.5,0.0,4.0,9
Rangers,8,4,3,1,20,12,8,15,scotland,0.5,0.88,8,2.5,2.0,1.14,1
Celtic,8,4,2,2,17,12,5,14,scotland,0.5,0.75,5,2.12,2.0,1.33,2
Hibernian,8,3,4,1,11,9,2,13,scotland,0.38,0.88,2,1.38,2.63,1.14,3
St. Mirren,8,4,1,3,13,13,0,13,scotland,0.5,0.62,0,1.62,2.0,1.61,3
Ross County,8,4,0,4,10,11,-1,12,scotland,0.5,0.5,-1,1.25,2.0,2.0,4
Hearts,8,3,2,3,12,7,5,11,scotland,0.38,0.62,5,1.5,2.63,1.61,5
Dundee Utd,8,3,1,4,10,14,-4,10,scotland,0.38,0.5,-4,1.25,2.63,2.0,6
Motherwell,8,2,1,5,5,12,-7,7,scotland,0.25,0.38,-7,0.62,4.0,2.63,7
Dundee FC,8,2,1,5,8,17,-9,7,scotland,0.25,0.38,-9,1.0,4.0,2.63,7
St. Johnstone,8,1,2,5,7,16,-9,5,scotland,0.12,0.38,-9,0.88,8.33,2.63,8
Aberdeen,8,1,1,6,3,18,-15,4,scotland,0.12,0.25,-15,0.38,8.33,4.0,9
Kilmarnock,8,0,2,6,4,15,-11,2,scotland,0.0,0.25,-11,0.5,0.0,4.0,10
Falkirk,8,5,2,1,19,10,9,17,scotland2,0.62,0.88,9,2.38,1.61,1.14,1
Ayr Utd,8,4,1,3,11,9,2,13,scotland2,0.5,0.62,2,1.38,2.0,1.61,2
Greenock Morton,8,3,3,2,14,12,2,12,scotland2,0.38,0.75,2,1.75,2.63,1.33,3
Livingston,8,3,3,2,12,10,2,12,scotland2,0.38,0.75,2,1.5,2.63,1.33,3
Partick Thistle,8,3,0,5,10,15,-5,9,scotland2,0.38,0.38,-5,1.25,2.63,2.63,4
Raith Rovers,8,2,2,4,7,12,-5,8,scotland2,0.25,0.5,-5,0.88,4.0,2.0,5
Queens Park,8,1,3,4,10,10,0,6,scotland2,0.12,0.5,0,1.25,8.33,2.0,6
Dunfermline,8,1,1,6,4,12,-8,4,scotland2,0.12,0.25,-8,0.5,8.33,4.0,7
Hamilton,8,1,0,7,6,19,-13,3,scotland2,0.12,0.12,-13,0.75,8.33,8.33,8
Airdrieonians,8,0,2,6,7,17,-10,2,scotland2,0.0,0.25,-10,0.88,0.0,4.0,9
Inverness,8,6,0,2,13,9,4,18,scotland3,0.75,0.75,4,1.62,1.33,1.33,1
Stenhousemuir,8,5,1,2,16,8,8,16,scotland3,0.62,0.75,8,2.0,1.61,1.33,2
Arbroath,8,5,0,3,17,10,7,15,scotland3,0.62,0.62,7,2.12,1.61,1.61,3
Cove Rangers,8,3,2,3,17,9,8,11,scotland3,0.38,0.62,8,2.12,2.63,1.61,4
Alloa Athletic,8,3,2,3,14,13,1,11,scotland3,0.38,0.62,1,1.75,2.63,1.61,4
Annan Athletic,8,3,2,3,13,12,1,11,scotland3,0.38,0.62,1,1.62,2.63,1.61,4
Montrose,8,2,4,2,9,11,-2,10,scotland3,0.25,0.75,-2,1.12,4.0,1.33,5
Kelty Hearts,8,2,3,3,4,6,-2,9,scotland3,0.25,0.62,-2,0.5,4.0,1.61,6
Dumbarton,8,1,2,5,8,17,-9,5,scotland3,0.12,0.38,-9,1.0,8.33,2.63,7
Queen of South,8,1,1,6,8,13,-5,4,scotland3,0.12,0.25,-5,1.0,8.33,4.0,8
East Fife,8,4,1,3,10,7,3,13,scotland4,0.5,0.62,3,1.25,2.0,1.61,1
Stranraer,8,4,1,3,10,8,2,13,scotland4,0.5,0.62,2,1.25,2.0,1.61,1
Edinburgh City,8,4,1,3,7,8,-1,13,scotland4,0.5,0.62,-1,0.88,2.0,1.61,1
Spartans,8,4,1,3,12,15,-3,13,scotland4,0.5,0.62,-3,1.5,2.0,1.61,1
Forfar Athletic,8,3,2,3,9,10,-1,11,scotland4,0.38,0.62,-1,1.12,2.63,1.61,2
Peterhead,8,2,3,3,8,10,-2,9,scotland4,0.25,0.62,-2,1.0,4.0,1.61,3
Stirling Albion,8,1,3,4,12,17,-5,6,scotland4,0.12,0.5,-5,1.5,8.33,2.0,4
Clyde,8,1,2,5,9,17,-8,5,scotland4,0.12,0.38,-8,1.12,8.33,2.63,5
Bonnyrigg Rose,8,1,1,6,5,20,-15,4,scotland4,0.12,0.25,-15,0.62,8.33,4.0,6
Elgin City,8,0,2,6,3,12,-9,2,scotland4,0.0,0.25,-9,0.38,0.0,4.0,7
Red Star,8,8,0,0,26,3,23,24,serbia,1.0,1.0,23,3.25,1.0,1.0,1
Partizan,8,5,2,1,16,10,6,17,serbia,0.62,0.88,6,2.0,1.61,1.14,2
Vojvodina,8,4,3,1,18,8,10,15,serbia,0.5,0.88,10,2.25,2.0,1.14,3
Z. Pancevo,8,3,3,2,9,8,1,12,serbia,0.38,0.75,1,1.12,2.63,1.33,4
S. Subotica,8,3,3,2,10,10,0,12,serbia,0.38,0.75,0,1.25,2.63,1.33,4
Cukaricki,8,3,2,3,10,12,-2,11,serbia,0.38,0.62,-2,1.25,2.63,1.61,5
Radnicki 1923,8,2,4,2,11,16,-5,10,serbia,0.25,0.75,-5,1.38,4.0,1.33,6
OFK Beograd,8,3,1,4,6,11,-5,10,serbia,0.38,0.5,-5,0.75,2.63,2.0,6
IMT N. Beograd,8,3,1,4,8,14,-6,10,serbia,0.38,0.5,-6,1.0,2.63,2.0,6
Novi Pazar,8,2,3,3,10,11,-1,9,serbia,0.25,0.62,-1,1.25,4.0,1.61,7
Napredak,8,2,2,4,6,7,-1,8,serbia,0.25,0.5,-1,0.75,4.0,2.0,8
Backa Topola,8,2,2,4,11,16,-5,8,serbia,0.25,0.5,-5,1.38,4.0,2.0,8
Tekstilac Odzac,8,2,2,4,6,15,-9,8,serbia,0.25,0.5,-9,0.75,4.0,2.0,8
Mladost Lucani,8,1,3,4,2,8,-6,6,serbia,0.12,0.5,-6,0.25,8.33,2.0,9
Radnicki Nis,8,1,2,5,8,18,-10,5,serbia,0.12,0.38,-10,1.0,8.33,2.63,10
Jedinstvo U.,8,1,0,7,5,20,-15,3,serbia,0.12,0.12,-15,0.62,8.33,8.33,11
R. Surdulica,8,4,2,2,10,4,6,14,serbia2,0.5,0.75,6,1.25,2.0,1.33,1
Javor Ivanjica,8,3,5,0,8,4,4,14,serbia2,0.38,1.0,4,1.0,2.63,1.0,1
Vrsac,8,4,2,2,8,6,2,14,serbia2,0.5,0.75,2,1.0,2.0,1.33,1
Zemun,8,3,3,2,14,7,7,12,serbia2,0.38,0.75,7,1.75,2.63,1.33,2
Vozdovac,8,3,2,3,5,7,-2,11,serbia2,0.38,0.62,-2,0.62,2.63,1.61,3
Mladost,8,1,6,1,3,3,0,9,serbia2,0.12,0.88,0,0.38,8.33,1.14,4
Trajal Krusevac,8,3,0,5,10,12,-2,9,serbia2,0.38,0.38,-2,1.25,2.63,2.63,4
Borac Cacak,8,2,3,3,7,11,-4,9,serbia2,0.25,0.62,-4,0.88,4.0,1.61,4
Smederevo,8,2,2,4,7,15,-8,8,serbia2,0.25,0.5,-8,0.88,4.0,2.0,5
Macva Sabac,8,1,4,3,6,10,-4,7,serbia2,0.12,0.62,-4,0.75,8.33,1.61,6
Sloboda Uzice,8,1,3,4,6,10,-4,6,serbia2,0.12,0.5,-4,0.75,8.33,2.0,7
S. Mitrovica,8,1,3,4,4,10,-6,6,serbia2,0.12,0.5,-6,0.5,8.33,2.0,7
Graficar,8,1,3,4,6,15,-9,6,serbia2,0.12,0.5,-9,0.75,8.33,2.0,7
Indija,8,1,3,4,4,13,-9,6,serbia2,0.12,0.5,-9,0.5,8.33,2.0,7
Sloven Ruma,8,0,4,4,6,12,-6,4,serbia2,0.0,0.5,-6,0.75,0.0,2.0,8
Dubocica,8,0,3,5,3,10,-7,3,serbia2,0.0,0.38,-7,0.38,0.0,2.63,9
Geylang,8,5,3,0,24,10,14,18,singapore,0.62,1.0,14,3.0,1.61,1.0,1
Lion City,8,5,2,1,27,10,17,17,singapore,0.62,0.88,17,3.38,1.61,1.14,2
Tampines Rovers,8,4,2,2,20,8,12,14,singapore,0.5,0.75,12,2.5,2.0,1.33,3
Young Lions,8,4,2,2,18,15,3,14,singapore,0.5,0.75,3,2.25,2.0,1.33,3
A. Niigata (S),8,4,1,3,10,17,-7,13,singapore,0.5,0.62,-7,1.25,2.0,1.61,4
Khalsa,8,3,1,4,17,20,-3,10,singapore,0.38,0.5,-3,2.12,2.63,2.0,5
DPMM FC,8,2,2,4,10,17,-7,8,singapore,0.25,0.5,-7,1.25,4.0,2.0,6
Hougang,8,2,1,5,14,23,-9,7,singapore,0.25,0.38,-9,1.75,4.0,2.63,7
Tanjong Pagar,8,0,2,6,5,31,-26,2,singapore,0.0,0.25,-26,0.62,0.0,4.0,8
Spartak Trnava,8,6,1,1,17,7,10,19,slovakia,0.75,0.88,10,2.12,1.33,1.14,1
S. Bratislava,8,5,2,1,18,10,8,17,slovakia,0.62,0.88,8,2.25,1.61,1.14,2
Podbrezova,8,3,4,1,11,10,1,13,slovakia,0.38,0.88,1,1.38,2.63,1.14,3
FC Kosice,8,3,2,3,12,10,2,11,slovakia,0.38,0.62,2,1.5,2.63,1.61,4
Zilina,8,3,2,3,11,9,2,11,slovakia,0.38,0.62,2,1.38,2.63,1.61,4
DAC Streda,8,2,5,1,9,7,2,11,slovakia,0.25,0.88,2,1.12,4.0,1.14,4
Komarno,8,2,2,4,8,16,-8,8,slovakia,0.25,0.5,-8,1.0,4.0,2.0,5
Skalica,8,1,2,5,7,13,-6,5,slovakia,0.12,0.38,-6,0.88,8.33,2.63,6
Z. Michalovce,8,1,2,5,8,15,-7,5,slovakia,0.12,0.38,-7,1.0,8.33,2.63,6
Trencin,8,0,4,4,7,15,-8,4,slovakia,0.0,0.5,-8,0.88,0.0,2.0,7
Ruzomberok,8,0,1,7,5,17,-12,1,slovakia,0.0,0.12,-12,0.62,0.0,8.33,8
Banska Bystrica,8,0,1,7,1,15,-14,1,slovakia,0.0,0.12,-14,0.12,0.0,8.33,8
Presov,8,6,1,1,14,8,6,19,slovakia2,0.75,0.88,6,1.75,1.33,1.14,1
Zlate Moravce,8,5,1,2,7,4,3,16,slovakia2,0.62,0.75,3,0.88,1.61,1.33,2
L. Mikulas,8,4,3,1,15,11,4,15,slovakia2,0.5,0.88,4,1.88,2.0,1.14,3
Petrzalka,8,3,2,3,8,8,0,11,slovakia2,0.38,0.62,0,1.0,2.63,1.61,4
P. Bystrica,8,2,2,4,8,12,-4,8,slovakia2,0.25,0.5,-4,1.0,4.0,2.0,5
Pohronie,8,2,2,4,11,17,-6,8,slovakia2,0.25,0.5,-6,1.38,4.0,2.0,5
Malzenice,6,2,1,3,9,11,-2,7,slovakia2,0.33,0.5,-2,1.5,3.03,2.0,6
Zvolen,8,2,1,5,5,16,-11,7,slovakia2,0.25,0.38,-11,0.62,4.0,2.63,6
S. Bratislava B,8,2,0,6,9,14,-5,6,slovakia2,0.25,0.25,-5,1.12,4.0,4.0,7
Samorin,8,2,0,6,11,19,-8,6,slovakia2,0.25,0.25,-8,1.38,4.0,4.0,7
Zilina B,8,2,0,6,8,17,-9,6,slovakia2,0.25,0.25,-9,1.0,4.0,4.0,7
Puchov,8,1,3,4,7,16,-9,6,slovakia2,0.12,0.5,-9,0.88,8.33,2.0,7
Humenne,8,1,2,5,5,17,-12,5,slovakia2,0.12,0.38,-12,0.62,8.33,2.63,8
S. Lubovna,8,1,0,7,5,10,-5,3,slovakia2,0.12,0.12,-5,0.62,8.33,8.33,9
Koper,8,5,1,2,13,9,4,16,slovenia,0.62,0.75,4,1.62,1.61,1.33,1
NK Olimpija,8,5,1,2,10,6,4,16,slovenia,0.62,0.75,4,1.25,1.61,1.33,1
Bravo,8,4,1,3,13,13,0,13,slovenia,0.5,0.62,0,1.62,2.0,1.61,2
Maribor,8,3,3,2,10,7,3,12,slovenia,0.38,0.75,3,1.25,2.63,1.33,3
NK Celje,8,3,2,3,12,11,1,11,slovenia,0.38,0.62,1,1.5,2.63,1.61,4
Mura,8,2,1,5,10,13,-3,7,slovenia,0.25,0.38,-3,1.25,4.0,2.63,5
Primorje,8,1,4,3,11,19,-8,7,slovenia,0.12,0.62,-8,1.38,8.33,1.61,5
Domzale,8,2,1,5,7,15,-8,7,slovenia,0.25,0.38,-8,0.88,4.0,2.63,5
Radomlje,8,2,1,5,7,17,-10,7,slovenia,0.25,0.38,-10,0.88,4.0,2.63,5
Nafta,8,0,4,4,3,13,-10,4,slovenia,0.0,0.5,-10,0.38,0.0,2.0,6
Mamelodi S.,8,6,1,1,16,6,10,19,southafrica,0.75,0.88,10,2.0,1.33,1.14,1
Stellenbosch,8,5,2,1,14,5,9,17,southafrica,0.62,0.88,9,1.75,1.61,1.14,2
Sekhukhune,8,4,2,2,11,6,5,14,southafrica,0.5,0.75,5,1.38,2.0,1.33,3
TS Galaxy,8,3,4,1,13,11,2,13,southafrica,0.38,0.88,2,1.62,2.63,1.14,4
Orlando Pirates,8,4,1,3,7,8,-1,13,southafrica,0.5,0.62,-1,0.88,2.0,1.61,4
AmaZulu,8,3,2,3,9,10,-1,11,southafrica,0.38,0.62,-1,1.12,2.63,1.61,5
Golden Arrows,8,3,2,3,6,10,-4,11,southafrica,0.38,0.62,-4,0.75,2.63,1.61,5
SuperSport Utd,8,2,3,3,8,8,0,9,southafrica,0.25,0.62,0,1.0,4.0,1.61,6
Chippa Utd,8,2,2,4,7,7,0,8,southafrica,0.25,0.5,0,0.88,4.0,2.0,7
Polokwane,8,1,4,3,2,6,-4,7,southafrica,0.12,0.62,-4,0.25,8.33,1.61,8
Marumo G.,8,2,1,5,6,16,-10,7,southafrica,0.25,0.38,-10,0.75,4.0,2.63,8
Kaizer Chiefs,8,1,2,5,4,9,-5,5,southafrica,0.12,0.38,-5,0.5,8.33,2.63,9
Richards Bay,8,1,2,5,4,9,-5,5,southafrica,0.12,0.38,-5,0.5,8.33,2.63,9
Magesi,8,1,2,5,3,10,-7,5,southafrica,0.12,0.38,-7,0.38,8.33,2.63,9
Cape Town City,8,1,1,6,2,10,-8,4,southafrica,0.12,0.25,-8,0.25,8.33,4.0,10
Royal AM,5,0,3,2,4,6,-2,3,southafrica,0.0,0.6,-2,0.8,0.0,1.67,11
Orbit College,8,5,2,1,11,6,5,17,southafrica2,0.62,0.88,5,1.38,1.61,1.14,1
Kruger United,8,3,2,3,13,11,2,11,southafrica2,0.38,0.62,2,1.62,2.63,1.61,2
Durban City,8,3,2,3,10,9,1,11,southafrica2,0.38,0.62,1,1.25,2.63,1.61,2
Upington City,8,2,4,2,7,8,-1,10,southafrica2,0.25,0.75,-1,0.88,4.0,1.33,3
Highbury,8,2,3,3,8,8,0,9,southafrica2,0.25,0.62,0,1.0,4.0,1.61,4
Casric Stars,8,2,3,3,9,10,-1,9,southafrica2,0.25,0.62,-1,1.12,4.0,1.61,4
Pretoria C.,8,1,4,3,3,6,-3,7,southafrica2,0.12,0.62,-3,0.38,8.33,1.61,5
Black Leopards,8,2,1,5,11,16,-5,7,southafrica2,0.25,0.38,-5,1.38,4.0,2.63,5
Baroka,8,1,3,4,6,13,-7,6,southafrica2,0.12,0.5,-7,0.75,8.33,2.0,6
JDR Stars,8,1,3,4,6,14,-8,6,southafrica2,0.12,0.5,-8,0.75,8.33,2.0,6
Milford,8,1,3,4,9,18,-9,6,southafrica2,0.12,0.5,-9,1.12,8.33,2.0,6
Venda FC,8,1,2,5,7,12,-5,5,southafrica2,0.12,0.38,-5,0.88,8.33,2.63,7
Cape Town Spurs,8,1,2,5,6,12,-6,5,southafrica2,0.12,0.38,-6,0.75,8.33,2.63,7
Pretoria U.,8,1,2,5,2,8,-6,5,southafrica2,0.12,0.38,-6,0.25,8.33,2.63,7
Hungry Lions,8,1,1,6,8,14,-6,4,southafrica2,0.12,0.25,-6,1.0,8.33,4.0,8
Leruma United,8,1,1,6,4,15,-11,4,southafrica2,0.12,0.25,-11,0.5,8.33,4.0,8
Daejeon Citizen,3,3,0,0,8,2,6,9,southkorea,1.0,1.0,6,2.67,1.0,1.0,1
Gimcheon Sangmu,4,2,1,1,7,5,2,7,southkorea,0.5,0.75,2,1.75,2.0,1.33,2
Anyang,4,2,0,2,4,4,0,6,southkorea,0.5,0.5,0,1.0,2.0,2.0,3
Ulsan,2,1,1,0,3,1,2,4,southkorea,0.5,1.0,2,1.5,2.0,1.0,4
Seoul,3,1,1,1,1,2,-1,4,southkorea,0.33,0.67,-1,0.33,3.03,1.49,4
Gangwon,2,1,0,1,2,2,0,3,southkorea,0.5,0.5,0,1.0,2.0,2.0,5
Gwangju,1,0,1,0,2,2,0,1,southkorea,0.0,1.0,0,2.0,0.0,1.0,6
Daegu,1,0,1,0,0,0,0,1,southkorea,0.0,1.0,0,0.0,0.0,1.0,6
Jeju Utd,2,0,1,1,0,2,-2,1,southkorea,0.0,0.5,-2,0.0,0.0,2.0,6
Suwon City,3,0,1,2,1,4,-3,1,southkorea,0.0,0.33,-3,0.33,0.0,3.03,6
Pohang Steelers,1,0,0,1,1,2,-1,0,southkorea,0.0,0.0,-1,1.0,0.0,0.0,7
Jeonbuk Motors,1,0,0,1,0,1,-1,0,southkorea,0.0,0.0,-1,0.0,0.0,0.0,7
Jeonnam,4,2,2,0,6,3,3,8,southkorea2,0.5,1.0,3,1.5,2.0,1.0,1
Gimpo,2,1,1,0,2,0,2,4,southkorea2,0.5,1.0,2,1.0,2.0,1.0,2
Gyeongnam,3,1,1,1,2,3,-1,4,southkorea2,0.33,0.67,-1,0.67,3.03,1.49,2
Cheongju,4,1,1,2,6,8,-2,4,southkorea2,0.25,0.5,-2,1.5,4.0,2.0,2
Busan IPark,1,1,0,0,2,0,2,3,southkorea2,1.0,1.0,2,2.0,1.0,1.0,3
Bucheon FC,1,1,0,0,2,1,1,3,southkorea2,1.0,1.0,1,2.0,1.0,1.0,3
Suwon Bluewings,3,1,0,2,3,6,-3,3,southkorea2,0.33,0.33,-3,1.0,3.03,3.03,3
Asan,4,0,2,2,2,4,-2,2,southkorea2,0.0,0.5,-2,0.5,0.0,2.0,4
Seongnam,1,0,1,0,0,0,0,1,southkorea2,0.0,1.0,0,0.0,0.0,1.0,5
Ansan Greeners,0,0,0,0,0,0,0,0,southkorea2,0.0,0.0,0,0.0,0.0,0.0,6
Cheonan City,1,0,0,1,1,2,-1,0,southkorea2,0.0,0.0,-1,1.0,0.0,0.0,6
Incheon Utd,1,0,0,1,1,2,-1,0,southkorea2,0.0,0.0,-1,1.0,0.0,0.0,6
Seoul E-Land,1,0,0,1,0,1,-1,0,southkorea2,0.0,0.0,-1,0.0,0.0,0.0,6
Hwaseong,1,0,0,1,0,2,-2,0,southkorea2,0.0,0.0,-2,0.0,0.0,0.0,6
FC Barcelona,8,4,3,1,20,8,12,15,spain,0.5,0.88,12,2.5,2.0,1.14,1
Real Madrid,8,4,2,2,15,9,6,14,spain,0.5,0.75,6,1.88,2.0,1.33,2
Atletico Madrid,8,4,1,3,13,6,7,13,spain,0.5,0.62,7,1.62,2.0,1.61,3
Athletic Bilbao,8,3,4,1,11,9,2,13,spain,0.38,0.88,2,1.38,2.63,1.14,3
Getafe,8,4,0,4,8,7,1,12,spain,0.5,0.5,1,1.0,2.0,2.0,4
Sevilla FC,8,3,2,3,13,11,2,11,spain,0.38,0.62,2,1.62,2.63,1.61,5
Villarreal,8,3,2,3,11,10,1,11,spain,0.38,0.62,1,1.38,2.63,1.61,5
Real Betis,8,3,1,4,10,13,-3,10,spain,0.38,0.5,-3,1.25,2.63,2.0,6
Rayo Vallecano,8,2,3,3,6,7,-1,9,spain,0.25,0.62,-1,0.75,4.0,1.61,7
Alaves,8,1,5,2,14,14,0,8,spain,0.12,0.75,0,1.75,8.33,1.33,8
Las Palmas,8,2,2,4,9,13,-4,8,spain,0.25,0.5,-4,1.12,4.0,2.0,8
Girona,8,2,2,4,7,12,-5,8,spain,0.25,0.5,-5,0.88,4.0,2.0,8
Mallorca,8,2,2,4,6,13,-7,8,spain,0.25,0.5,-7,0.75,4.0,2.0,8
Osasuna,8,1,4,3,5,9,-4,7,spain,0.12,0.62,-4,0.62,8.33,1.61,9
Celta Vigo,8,1,3,4,8,12,-4,6,spain,0.12,0.5,-4,1.0,8.33,2.0,10
Leganes,8,1,3,4,7,13,-6,6,spain,0.12,0.5,-6,0.88,8.33,2.0,10
Real Sociedad,8,2,0,6,6,13,-7,6,spain,0.25,0.25,-7,0.75,4.0,4.0,10
Valencia,8,0,5,3,9,17,-8,5,spain,0.0,0.62,-8,1.12,0.0,1.61,11
Espanyol,8,1,1,6,6,14,-8,4,spain,0.12,0.25,-8,0.75,8.33,4.0,12
Valladolid,8,0,0,8,5,24,-19,0,spain,0.0,0.0,-19,0.62,0.0,0.0,13
Cordoba,8,5,2,1,13,10,3,17,spain2,0.62,0.88,3,1.62,1.61,1.14,1
Huesca,8,4,3,1,8,4,4,15,spain2,0.5,0.88,4,1.0,2.0,1.14,2
Real Oviedo,8,4,2,2,14,12,2,14,spain2,0.5,0.75,2,1.75,2.0,1.33,3
Deportivo,8,4,2,2,10,8,2,14,spain2,0.5,0.75,2,1.25,2.0,1.33,3
Levante,8,3,4,1,9,5,4,13,spain2,0.38,0.88,4,1.12,2.63,1.14,4
Cadiz,8,3,3,2,11,9,2,12,spain2,0.38,0.75,2,1.38,2.63,1.33,5
Almeria,8,3,2,3,13,10,3,11,spain2,0.38,0.62,3,1.62,2.63,1.61,6
Eldense,8,3,2,3,8,9,-1,11,spain2,0.38,0.62,-1,1.0,2.63,1.61,6
Burgos,8,3,2,3,6,8,-2,11,spain2,0.38,0.62,-2,0.75,2.63,1.61,6
Mirandes,8,3,1,4,9,7,2,10,spain2,0.38,0.5,2,1.12,2.63,2.0,7
Eibar,8,2,2,4,7,9,-2,8,spain2,0.25,0.5,-2,0.88,4.0,2.0,8
Malaga,8,2,2,4,9,12,-3,8,spain2,0.25,0.5,-3,1.12,4.0,2.0,8
Elche,8,1,5,2,6,9,-3,8,spain2,0.12,0.75,-3,0.75,8.33,1.33,8
Granada,8,2,2,4,9,15,-6,8,spain2,0.25,0.5,-6,1.12,4.0,2.0,8
Racing,8,1,4,3,8,14,-6,7,spain2,0.12,0.62,-6,1.0,8.33,1.61,9
Racing Ferrol,8,2,1,5,6,18,-12,7,spain2,0.25,0.38,-12,0.75,4.0,2.63,9
Sporting Gijon,8,0,6,2,6,9,-3,6,spain2,0.0,0.75,-3,0.75,0.0,1.33,10
Real Zaragoza,8,1,3,4,10,15,-5,6,spain2,0.12,0.5,-5,1.25,8.33,2.0,10
Castellon,8,1,3,4,6,13,-7,6,spain2,0.12,0.5,-7,0.75,8.33,2.0,10
Albacete,8,1,2,5,3,9,-6,5,spain2,0.12,0.38,-6,0.38,8.33,2.63,11
Tenerife,8,0,1,7,3,14,-11,1,spain2,0.0,0.12,-11,0.38,0.0,8.33,12
Cartagena,8,0,1,7,5,23,-18,1,spain2,0.0,0.12,-18,0.62,0.0,8.33,12
Athletic B. B,8,5,2,1,15,8,7,17,spain3,0.62,0.88,7,1.88,1.61,1.14,1
Leonesa,8,4,3,1,15,11,4,15,spain3,0.5,0.88,4,1.88,2.0,1.14,2
Ponferradina,8,4,2,2,10,7,3,14,spain3,0.5,0.75,3,1.25,2.0,1.33,3
Tarazona,8,3,3,2,11,9,2,12,spain3,0.38,0.75,2,1.38,2.63,1.33,4
Barakaldo,8,3,2,3,8,7,1,11,spain3,0.38,0.62,1,1.0,2.63,1.61,5
Ourense CF,8,2,3,3,7,8,-1,9,spain3,0.25,0.62,-1,0.88,4.0,1.61,6
Gimnastic T.,8,2,3,3,6,7,-1,9,spain3,0.25,0.62,-1,0.75,4.0,1.61,6
Real Sociedad B,8,2,3,3,6,7,-1,9,spain3,0.25,0.62,-1,0.75,4.0,1.61,6
Zamora,8,2,2,4,6,9,-3,8,spain3,0.25,0.5,-3,0.75,4.0,2.0,7
FC Barcelona B,8,2,2,4,9,13,-4,8,spain3,0.25,0.5,-4,1.12,4.0,2.0,7
Osasuna B,8,2,2,4,12,17,-5,8,spain3,0.25,0.5,-5,1.5,4.0,2.0,7
Gimnastica,8,2,2,4,10,25,-15,8,spain3,0.25,0.5,-15,1.25,4.0,2.0,7
Sestao River,8,1,4,3,6,10,-4,7,spain3,0.12,0.62,-4,0.75,8.33,1.61,8
Arenteiro,8,2,1,5,7,14,-7,7,spain3,0.25,0.38,-7,0.88,4.0,2.63,8
Real Union,8,2,0,6,6,18,-12,6,spain3,0.25,0.25,-12,0.75,4.0,4.0,9
FC Andorra,8,1,2,5,7,16,-9,5,spain3,0.12,0.38,-9,0.88,8.33,2.63,10
Celta Vigo B,8,1,1,6,7,15,-8,4,spain3,0.12,0.25,-8,0.88,8.33,4.0,11
Unionistas,8,0,3,5,9,15,-6,3,spain3,0.0,0.38,-6,1.12,0.0,2.63,12
Lugo,8,0,3,5,6,13,-7,3,spain3,0.0,0.38,-7,0.75,0.0,2.63,12
Amorebieta,8,0,1,7,4,17,-13,1,spain3,0.0,0.12,-13,0.5,0.0,8.33,13
UD Ibiza,8,5,0,3,11,9,2,15,spain4,0.62,0.62,2,1.38,1.61,1.61,1
Real Murcia,8,4,2,2,14,8,6,14,spain4,0.5,0.75,6,1.75,2.0,1.33,2
Antequera,8,3,4,1,13,12,1,13,spain4,0.38,0.88,1,1.62,2.63,1.14,3
Villarreal B,8,2,5,1,12,9,3,11,spain4,0.25,0.88,3,1.5,4.0,1.14,4
Real Madrid B,8,2,4,2,14,12,2,10,spain4,0.25,0.75,2,1.75,4.0,1.33,5
Alcorcon,8,3,1,4,12,11,1,10,spain4,0.38,0.5,1,1.5,2.63,2.0,5
Ceuta,8,1,7,0,6,5,1,10,spain4,0.12,1.0,1,0.75,8.33,1.0,5
Sevilla FC B,8,3,1,4,4,5,-1,10,spain4,0.38,0.5,-1,0.5,2.63,2.0,5
Sanluqueno,8,2,3,3,10,12,-2,9,spain4,0.25,0.62,-2,1.25,4.0,1.61,6
Real Betis B,8,2,3,3,10,15,-5,9,spain4,0.25,0.62,-5,1.25,4.0,1.61,6
Yeclano,8,2,2,4,8,8,0,8,spain4,0.25,0.5,0,1.0,4.0,2.0,7
Fuenlabrada,8,2,2,4,11,12,-1,8,spain4,0.25,0.5,-1,1.38,4.0,2.0,7
Marbella,8,1,4,3,11,13,-2,7,spain4,0.12,0.62,-2,1.38,8.33,1.61,8
Hercules,8,2,1,5,7,10,-3,7,spain4,0.25,0.38,-3,0.88,4.0,2.63,8
Recreativo H.,8,1,4,3,5,8,-3,7,spain4,0.12,0.62,-3,0.62,8.33,1.61,8
Alcoyano,8,2,1,5,3,11,-8,7,spain4,0.25,0.38,-8,0.38,4.0,2.63,8
Atletico M. B,8,1,3,4,9,11,-2,6,spain4,0.12,0.5,-2,1.12,8.33,2.0,9
Algeciras,8,1,3,4,6,13,-7,6,spain4,0.12,0.5,-7,0.75,8.33,2.0,9
Merida,8,1,2,5,7,18,-11,5,spain4,0.12,0.38,-11,0.88,8.33,2.63,10
Intercity,8,1,1,6,4,15,-11,4,spain4,0.12,0.25,-11,0.5,8.33,4.0,11
D. Fabril,8,4,1,3,12,8,4,13,spain5,0.5,0.62,4,1.5,2.0,1.61,1
Numancia,8,3,3,2,9,5,4,12,spain5,0.38,0.75,4,1.12,2.63,1.33,2
Pontevedra,8,3,3,2,7,6,1,12,spain5,0.38,0.75,1,0.88,2.63,1.33,2
Real Avila,8,3,2,3,6,6,0,11,spain5,0.38,0.62,0,0.75,2.63,1.61,3
Langreo,8,3,2,3,4,6,-2,11,spain5,0.38,0.62,-2,0.5,2.63,1.61,3
Escobedo,8,3,2,3,4,7,-3,11,spain5,0.38,0.62,-3,0.5,2.63,1.61,3
Bergantinos,8,3,1,4,7,8,-1,10,spain5,0.38,0.5,-1,0.88,2.63,2.0,4
Guijuelo,8,2,4,2,10,13,-3,10,spain5,0.25,0.75,-3,1.25,4.0,1.33,4
Real Aviles,8,1,6,1,10,9,1,9,spain5,0.12,0.88,1,1.25,8.33,1.14,5
Salamanca CF,8,3,0,5,10,13,-3,9,spain5,0.38,0.38,-3,1.25,2.63,2.63,5
Llanera,8,2,2,4,9,10,-1,8,spain5,0.25,0.5,-1,1.12,4.0,2.0,6
Torrelavega,8,2,2,4,10,13,-3,8,spain5,0.25,0.5,-3,1.25,4.0,2.0,6
Rayo Cantabria,8,2,2,4,12,17,-5,8,spain5,0.25,0.5,-5,1.5,4.0,2.0,6
Coruxo,8,2,2,4,3,8,-5,8,spain5,0.25,0.5,-5,0.38,4.0,2.0,6
Valladolid B,8,2,2,4,7,14,-7,8,spain5,0.25,0.5,-7,0.88,4.0,2.0,6
Marino de L.,8,1,3,4,5,10,-5,6,spain5,0.12,0.5,-5,0.62,8.33,2.0,7
Compostela,8,1,2,5,8,12,-4,5,spain5,0.12,0.38,-4,1.0,8.33,2.63,8
Laredo,8,0,4,4,4,10,-6,4,spain5,0.0,0.5,-6,0.5,0.0,2.0,9
SD Logrones,8,5,1,2,12,9,3,16,spain6,0.62,0.75,3,1.5,1.61,1.33,1
Alaves B,8,4,3,1,8,5,3,15,spain6,0.5,0.88,3,1.0,2.0,1.14,2
Eibar B,8,4,2,2,14,6,8,14,spain6,0.5,0.75,8,1.75,2.0,1.33,3
Teruel,8,4,2,2,7,7,0,14,spain6,0.5,0.75,0,0.88,2.0,1.33,3
Tudelano,8,3,4,1,12,9,3,13,spain6,0.38,0.88,3,1.5,2.63,1.14,4
Arenas Club,8,3,3,2,4,3,1,12,spain6,0.38,0.75,1,0.5,2.63,1.33,5
Alfaro,8,3,2,3,10,12,-2,11,spain6,0.38,0.62,-2,1.25,2.63,1.61,6
Utebo,8,2,4,2,4,3,1,10,spain6,0.25,0.75,1,0.5,4.0,1.33,7
Ejea,8,2,3,3,11,9,2,9,spain6,0.25,0.62,2,1.38,4.0,1.61,8
Gernika,8,3,0,5,7,13,-6,9,spain6,0.38,0.38,-6,0.88,2.63,2.63,8
UD Logrones,8,1,4,3,7,8,-1,7,spain6,0.12,0.62,-1,0.88,8.33,1.61,9
Calahorra,8,1,4,3,5,9,-4,7,spain6,0.12,0.62,-4,0.62,8.33,1.61,9
Subiza,8,2,1,5,8,15,-7,7,spain6,0.25,0.38,-7,1.0,4.0,2.63,9
Real Sociedad C,8,2,1,5,5,12,-7,7,spain6,0.25,0.38,-7,0.62,4.0,2.63,9
Real Zaragoza B,8,2,0,6,5,12,-7,6,spain6,0.25,0.25,-7,0.62,4.0,4.0,10
Anguiano,8,2,0,6,7,15,-8,6,spain6,0.25,0.25,-8,0.88,4.0,4.0,10
Izarra,8,2,0,6,9,19,-10,6,spain6,0.25,0.25,-10,1.12,4.0,4.0,10
Barbastro,8,1,2,5,7,15,-8,5,spain6,0.12,0.38,-8,0.88,8.33,2.63,11
Sant Andreu,8,5,3,0,19,10,9,18,spain7,0.62,1.0,9,2.38,1.61,1.0,1
Terrassa,8,5,1,2,7,3,4,16,spain7,0.62,0.75,4,0.88,1.61,1.33,2
Torrent,8,4,3,1,9,9,0,15,spain7,0.5,0.88,0,1.12,2.0,1.14,3
Europa,8,4,2,2,12,8,4,14,spain7,0.5,0.75,4,1.5,2.0,1.33,4
A. Baleares,8,4,2,2,9,7,2,14,spain7,0.5,0.75,2,1.12,2.0,1.33,4
Valencia B,8,3,4,1,8,5,3,13,spain7,0.38,0.88,3,1.0,2.63,1.14,5
Espanyol B,8,3,4,1,9,7,2,13,spain7,0.38,0.88,2,1.12,2.63,1.14,5
Andratx,8,4,1,3,9,9,0,13,spain7,0.5,0.62,0,1.12,2.0,1.61,5
Sabadell,8,2,4,2,7,7,0,10,spain7,0.25,0.75,0,0.88,4.0,1.33,6
Cornella,8,3,1,4,10,16,-6,10,spain7,0.38,0.5,-6,1.25,2.63,2.0,6
Lleida,8,1,6,1,10,8,2,9,spain7,0.12,0.88,2,1.25,8.33,1.14,7
Elche B,8,2,3,3,9,9,0,9,spain7,0.25,0.62,0,1.12,4.0,1.61,7
SD Ibiza,8,2,3,3,8,11,-3,9,spain7,0.25,0.62,-3,1.0,4.0,1.61,7
Alzira,8,1,5,2,12,16,-4,8,spain7,0.12,0.75,-4,1.5,8.33,1.33,8
Olot,8,2,2,4,4,9,-5,8,spain7,0.25,0.5,-5,0.5,4.0,2.0,8
Badalona,8,1,3,4,7,15,-8,6,spain7,0.12,0.5,-8,0.88,8.33,2.0,9
Pena Deportiva,8,1,1,6,4,12,-8,4,spain7,0.12,0.25,-8,0.5,8.33,4.0,10
Mallorca B,8,1,1,6,4,15,-11,4,spain7,0.12,0.25,-11,0.5,8.33,4.0,10
La Union,8,5,2,1,8,2,6,17,spain8,0.62,0.88,6,1.0,1.61,1.14,1
Torremolinos,8,4,4,0,9,2,7,16,spain8,0.5,1.0,7,1.12,2.0,1.0,2
Xerez CD,8,4,3,1,9,4,5,15,spain8,0.5,0.88,5,1.12,2.0,1.14,3
UCAM Murcia,8,3,4,1,7,4,3,13,spain8,0.38,0.88,3,0.88,2.63,1.14,4
Antoniano,8,4,1,3,11,10,1,13,spain8,0.5,0.62,1,1.38,2.0,1.61,4
Aguilas CF,8,3,3,2,9,7,2,12,spain8,0.38,0.75,2,1.12,2.63,1.33,5
Linense,8,4,0,4,7,8,-1,12,spain8,0.5,0.5,-1,0.88,2.0,2.0,5
CD Estepona,8,2,3,3,5,6,-1,9,spain8,0.25,0.62,-1,0.62,4.0,1.61,6
Orihuela,8,2,2,4,4,6,-2,8,spain8,0.25,0.5,-2,0.5,4.0,2.0,7
Almeria B,8,2,2,4,3,7,-4,8,spain8,0.25,0.5,-4,0.38,4.0,2.0,7
D. Minera,8,2,2,4,6,11,-5,8,spain8,0.25,0.5,-5,0.75,4.0,2.0,7
San Fernando,8,1,4,3,6,8,-2,7,spain8,0.12,0.62,-2,0.75,8.33,1.61,8
Cadiz B,8,2,1,5,4,15,-11,7,spain8,0.25,0.38,-11,0.5,4.0,2.63,8
Linares,8,1,3,4,6,11,-5,6,spain8,0.12,0.5,-5,0.75,8.33,2.0,9
Xerez D. FC,8,1,3,4,4,10,-6,6,spain8,0.12,0.5,-6,0.5,8.33,2.0,9
Granada B,8,1,0,7,6,16,-10,3,spain8,0.12,0.12,-10,0.75,8.33,8.33,10
Villanovense,8,0,2,6,5,12,-7,2,spain8,0.0,0.25,-7,0.62,0.0,4.0,11
Don Benito,8,0,1,7,6,16,-10,1,spain8,0.0,0.12,-10,0.75,0.0,8.33,12
Talavera CF,8,6,2,0,15,7,8,20,spain9,0.75,1.0,8,1.88,1.33,1.0,1
Guadalajara,8,5,3,0,14,5,9,18,spain9,0.62,1.0,9,1.75,1.61,1.0,2
Cacereno,8,5,2,1,14,7,7,17,spain9,0.62,0.88,7,1.75,1.61,1.14,3
CD Coria,8,5,2,1,13,7,6,17,spain9,0.62,0.88,6,1.62,1.61,1.14,3
Melilla,8,4,1,3,11,9,2,13,spain9,0.5,0.62,2,1.38,2.0,1.61,4
R. Majadahonda,8,3,3,2,13,8,5,12,spain9,0.38,0.75,5,1.62,2.63,1.33,5
Navalcarnero,8,3,2,3,7,9,-2,11,spain9,0.38,0.62,-2,0.88,2.63,1.61,6
Conquense,8,3,1,4,6,8,-2,10,spain9,0.38,0.5,-2,0.75,2.63,2.0,7
CD Mostoles,8,3,0,5,9,15,-6,9,spain9,0.38,0.38,-6,1.12,2.63,2.63,8
Real Madrid C,8,2,2,4,6,10,-4,8,spain9,0.25,0.5,-4,0.75,4.0,2.0,9
Getafe B,8,2,2,4,9,14,-5,8,spain9,0.25,0.5,-5,1.12,4.0,2.0,9
Colonia M.,8,1,3,4,8,13,-5,6,spain9,0.12,0.5,-5,1.0,8.33,2.0,10
Tenerife B,8,2,0,6,11,17,-6,6,spain9,0.25,0.25,-6,1.38,4.0,4.0,10
Union Adarve,8,1,2,5,4,10,-6,5,spain9,0.12,0.38,-6,0.5,8.33,2.63,11
S. Sebastian R.,8,0,3,5,4,13,-9,3,spain9,0.0,0.38,-9,0.5,0.0,2.63,12
Illescas,8,0,2,6,5,12,-7,2,spain9,0.0,0.25,-7,0.62,0.0,4.0,13
Atletico Paso,8,0,2,6,9,18,-9,2,spain9,0.0,0.25,-9,1.12,0.0,4.0,13
Yaiza,8,0,2,6,9,19,-10,2,spain9,0.0,0.25,-10,1.12,0.0,4.0,13
AIK,0,0,0,0,0,0,0,0,sweden,0.0,0.0,0,0.0,0.0,0.0,1
Brommapojkarna,0,0,0,0,0,0,0,0,sweden,0.0,0.0,0,0.0,0.0,0.0,1
Degerfors,0,0,0,0,0,0,0,0,sweden,0.0,0.0,0,0.0,0.0,0.0,1
Djurgarden,0,0,0,0,0,0,0,0,sweden,0.0,0.0,0,0.0,0.0,0.0,1
Elfsborg,0,0,0,0,0,0,0,0,sweden,0.0,0.0,0,0.0,0.0,0.0,1
GAIS,0,0,0,0,0,0,0,0,sweden,0.0,0.0,0,0.0,0.0,0.0,1
Hacken,0,0,0,0,0,0,0,0,sweden,0.0,0.0,0,0.0,0.0,0.0,1
Halmstad,0,0,0,0,0,0,0,0,sweden,0.0,0.0,0,0.0,0.0,0.0,1
Hammarby,0,0,0,0,0,0,0,0,sweden,0.0,0.0,0,0.0,0.0,0.0,1
IFK Goteborg,0,0,0,0,0,0,0,0,sweden,0.0,0.0,0,0.0,0.0,0.0,1
Malmo FF,0,0,0,0,0,0,0,0,sweden,0.0,0.0,0,0.0,0.0,0.0,1
Mjallby,0,0,0,0,0,0,0,0,sweden,0.0,0.0,0,0.0,0.0,0.0,1
Norrkoping,0,0,0,0,0,0,0,0,sweden,0.0,0.0,0,0.0,0.0,0.0,1
Oster,0,0,0,0,0,0,0,0,sweden,0.0,0.0,0,0.0,0.0,0.0,1
Sirius,0,0,0,0,0,0,0,0,sweden,0.0,0.0,0,0.0,0.0,0.0,1
Varnamo,0,0,0,0,0,0,0,0,sweden,0.0,0.0,0,0.0,0.0,0.0,1
Brage,0,0,0,0,0,0,0,0,sweden2,0.0,0.0,0,0.0,0.0,0.0,1
Falkenberg,0,0,0,0,0,0,0,0,sweden2,0.0,0.0,0,0.0,0.0,0.0,1
GIF Sundsvall,0,0,0,0,0,0,0,0,sweden2,0.0,0.0,0,0.0,0.0,0.0,1
Helsingborg,0,0,0,0,0,0,0,0,sweden2,0.0,0.0,0,0.0,0.0,0.0,1
Kalmar,0,0,0,0,0,0,0,0,sweden2,0.0,0.0,0,0.0,0.0,0.0,1
Landskrona,0,0,0,0,0,0,0,0,sweden2,0.0,0.0,0,0.0,0.0,0.0,1
Oddevold,0,0,0,0,0,0,0,0,sweden2,0.0,0.0,0,0.0,0.0,0.0,1
Orebro,0,0,0,0,0,0,0,0,sweden2,0.0,0.0,0,0.0,0.0,0.0,1
Orgryte,0,0,0,0,0,0,0,0,sweden2,0.0,0.0,0,0.0,0.0,0.0,1
Ostersunds,0,0,0,0,0,0,0,0,sweden2,0.0,0.0,0,0.0,0.0,0.0,1
Sandviken,0,0,0,0,0,0,0,0,sweden2,0.0,0.0,0,0.0,0.0,0.0,1
Trelleborg,0,0,0,0,0,0,0,0,sweden2,0.0,0.0,0,0.0,0.0,0.0,1
Umea,0,0,0,0,0,0,0,0,sweden2,0.0,0.0,0,0.0,0.0,0.0,1
Utsikten,0,0,0,0,0,0,0,0,sweden2,0.0,0.0,0,0.0,0.0,0.0,1
Varberg BoIS,0,0,0,0,0,0,0,0,sweden2,0.0,0.0,0,0.0,0.0,0.0,1
Vasteras,0,0,0,0,0,0,0,0,sweden2,0.0,0.0,0,0.0,0.0,0.0,1
Servette,8,3,2,3,11,11,0,11,switzerland,0.38,0.62,0,1.38,2.63,1.61,1
FC Basel,8,2,4,2,14,12,2,10,switzerland,0.25,0.75,2,1.75,4.0,1.33,2
FC Zurich,8,3,1,4,11,13,-2,10,switzerland,0.38,0.5,-2,1.38,2.63,2.0,2
Grasshopper,8,2,4,2,8,10,-2,10,switzerland,0.25,0.75,-2,1.0,4.0,1.33,2
St. Gallen,8,3,1,4,8,13,-5,10,switzerland,0.38,0.5,-5,1.0,2.63,2.0,2
Lausanne Sport,8,2,3,3,12,12,0,9,switzerland,0.25,0.62,0,1.5,4.0,1.61,3
Luzern,8,2,2,4,12,16,-4,8,switzerland,0.25,0.5,-4,1.5,4.0,2.0,4
Lugano,8,2,1,5,11,14,-3,7,switzerland,0.25,0.38,-3,1.38,4.0,2.63,5
BSC Young Boys,8,1,3,4,4,9,-5,6,switzerland,0.12,0.5,-5,0.5,8.33,2.0,6
Sion,8,2,0,6,9,18,-9,6,switzerland,0.25,0.25,-9,1.12,4.0,4.0,6
Yverdon,8,1,2,5,7,18,-11,5,switzerland,0.12,0.38,-11,0.88,8.33,2.63,7
Winterthur,8,0,3,5,6,18,-12,3,switzerland,0.0,0.38,-12,0.75,0.0,2.63,8
Bangkok Utd,8,6,0,2,15,9,6,18,thailand,0.75,0.75,6,1.88,1.33,1.33,1
Buriram Utd,8,5,2,1,18,8,10,17,thailand,0.62,0.88,10,2.25,1.61,1.14,2
Ratchaburi,8,4,2,2,14,15,-1,14,thailand,0.5,0.75,-1,1.75,2.0,1.33,3
Lamphun Warrior,8,2,4,2,9,7,2,10,thailand,0.25,0.75,2,1.12,4.0,1.33,4
Port FC,8,3,1,4,9,11,-2,10,thailand,0.38,0.5,-2,1.12,2.63,2.0,4
Pathum Utd,8,1,5,2,11,10,1,8,thailand,0.12,0.75,1,1.38,8.33,1.33,5
Muang Thong Utd,8,2,2,4,10,10,0,8,thailand,0.25,0.5,0,1.25,4.0,2.0,5
Prachuap,8,2,2,4,10,10,0,8,thailand,0.25,0.5,0,1.25,4.0,2.0,5
Nakhon Pathom,8,1,3,4,8,12,-4,6,thailand,0.12,0.5,-4,1.0,8.33,2.0,6
N. Ratchasima,8,1,3,4,8,13,-5,6,thailand,0.12,0.5,-5,1.0,8.33,2.0,6
Uthai Thani,8,2,0,6,7,13,-6,6,thailand,0.25,0.25,-6,0.88,4.0,4.0,6
Rayong,8,1,3,4,9,19,-10,6,thailand,0.12,0.5,-10,1.12,8.33,2.0,6
Sukhothai,8,0,4,4,6,13,-7,4,thailand,0.0,0.5,-7,0.75,0.0,2.0,7
N. Bua Pitchaya,8,1,1,6,6,18,-12,4,thailand,0.12,0.25,-12,0.75,8.33,4.0,7
Khon Kaen Utd,8,1,1,6,5,22,-17,4,thailand,0.12,0.25,-17,0.62,8.33,4.0,7
Chiangrai Utd,8,1,0,7,6,20,-14,3,thailand,0.12,0.12,-14,0.75,8.33,8.33,8
Ayutthaya Utd,8,5,2,1,17,8,9,17,thailand2,0.62,0.88,9,2.12,1.61,1.14,1
Kanchanaburi,8,5,2,1,18,10,8,17,thailand2,0.62,0.88,8,2.25,1.61,1.14,1
Chonburi,8,3,2,3,10,9,1,11,thailand2,0.38,0.62,1,1.25,2.63,1.61,2
Pattaya United,8,3,2,3,8,7,1,11,thailand2,0.38,0.62,1,1.0,2.63,1.61,2
Mahasarakham,8,2,4,2,8,8,0,10,thailand2,0.25,0.75,0,1.0,4.0,1.33,3
Lampang,8,3,1,4,9,10,-1,10,thailand2,0.38,0.5,-1,1.12,2.63,2.0,3
Bangkok FC,8,3,0,5,12,15,-3,9,thailand2,0.38,0.38,-3,1.5,2.63,2.63,4
Chanthaburi,8,2,3,3,11,14,-3,9,thailand2,0.25,0.62,-3,1.38,4.0,1.61,4
Police Tero,8,3,0,5,10,17,-7,9,thailand2,0.38,0.38,-7,1.25,2.63,2.63,4
Nakhon Si,8,2,2,4,12,15,-3,8,thailand2,0.25,0.5,-3,1.5,4.0,2.0,5
Suphanburi,8,2,2,4,13,22,-9,8,thailand2,0.25,0.5,-9,1.62,4.0,2.0,5
Phrae Utd,8,2,1,5,9,13,-4,7,thailand2,0.25,0.38,-4,1.12,4.0,2.63,6
Sisaket Utd,8,1,4,3,6,16,-10,7,thailand2,0.12,0.62,-10,0.75,8.33,1.61,6
Kasetsart,8,1,3,4,5,11,-6,6,thailand2,0.12,0.5,-6,0.62,8.33,2.0,7
Chiangmai Utd,8,1,2,5,7,17,-10,5,thailand2,0.12,0.38,-10,0.88,8.33,2.63,8
Chainat,8,0,1,7,4,11,-7,1,thailand2,0.0,0.12,-7,0.5,0.0,8.33,9
Trat FC,8,0,1,7,4,18,-14,1,thailand2,0.0,0.12,-14,0.5,0.0,8.33,9
Samut Prakan,0,0,0,0,0,0,0,0,thailand2,0.0,0.0,0,0.0,0.0,0.0,10
Galatasaray,8,6,2,0,19,10,9,20,turkey,0.75,1.0,9,2.38,1.33,1.0,1
Fenerbahce,8,5,2,1,19,8,11,17,turkey,0.62,0.88,11,2.38,1.61,1.14,2
Eyupspor,8,3,2,3,10,10,0,11,turkey,0.38,0.62,0,1.25,2.63,1.61,3
Besiktas,8,2,4,2,9,7,2,10,turkey,0.25,0.75,2,1.12,4.0,1.33,4
Samsunspor,8,2,3,3,6,12,-6,9,turkey,0.25,0.62,-6,0.75,4.0,1.61,5
Kasimpasa,8,1,3,4,14,21,-7,6,turkey,0.12,0.5,-7,1.75,8.33,2.0,6
Rizespor,8,2,0,6,10,17,-7,6,turkey,0.25,0.25,-7,1.25,4.0,4.0,6
Konyaspor,8,1,2,5,7,12,-5,5,turkey,0.12,0.38,-5,0.88,8.33,2.63,7
Goztepe,8,1,2,5,10,16,-6,5,turkey,0.12,0.38,-6,1.25,8.33,2.63,7
Gaziantep,8,1,2,5,11,19,-8,5,turkey,0.12,0.38,-8,1.38,8.33,2.63,7
Alanyaspor,8,1,2,5,5,13,-8,5,turkey,0.12,0.38,-8,0.62,8.33,2.63,7
Bodrumspor,8,1,2,5,5,13,-8,5,turkey,0.12,0.38,-8,0.62,8.33,2.63,7
Kayserispor,8,1,2,5,6,16,-10,5,turkey,0.12,0.38,-10,0.75,8.33,2.63,7
Antalyaspor,8,1,2,5,5,19,-14,5,turkey,0.12,0.38,-14,0.62,8.33,2.63,7
Trabzonspor,8,1,1,6,10,14,-4,4,turkey,0.12,0.25,-4,1.25,8.33,4.0,8
Basaksehir,8,1,1,6,9,18,-9,4,turkey,0.12,0.25,-9,1.12,8.33,4.0,8
Hatayspor,8,1,1,6,8,17,-9,4,turkey,0.12,0.25,-9,1.0,8.33,4.0,8
Adana Demirspor,8,1,0,7,10,22,-12,3,turkey,0.12,0.12,-12,1.25,8.33,8.33,9
Sivasspor,8,1,0,7,6,18,-12,3,turkey,0.12,0.12,-12,0.75,8.33,8.33,9
Erzurum BB,8,5,2,1,17,6,11,17,turkey2,0.62,0.88,11,2.12,1.61,1.14,1
F. Karagumruk,8,5,2,1,11,7,4,17,turkey2,0.62,0.88,4,1.38,1.61,1.14,1
Kocaelispor,8,4,3,1,11,5,6,15,turkey2,0.5,0.88,6,1.38,2.0,1.14,2
Boluspor,8,4,2,2,12,7,5,14,turkey2,0.5,0.75,5,1.5,2.0,1.33,3
Keciorengucu,8,4,2,2,9,8,1,14,turkey2,0.5,0.75,1,1.12,2.0,1.33,3
Manisa BB,8,4,1,3,16,12,4,13,turkey2,0.5,0.62,4,2.0,2.0,1.61,4
Erokspor,8,3,3,2,10,10,0,12,turkey2,0.38,0.75,0,1.25,2.63,1.33,5
Genclerbirligi,8,2,5,1,14,13,1,11,turkey2,0.25,0.88,1,1.75,4.0,1.14,6
Umraniyespor,8,3,1,4,11,9,2,10,turkey2,0.38,0.5,2,1.38,2.63,2.0,7
Sakaryaspor,8,2,4,2,7,11,-4,10,turkey2,0.25,0.75,-4,0.88,4.0,1.33,7
Sanliurfaspor,8,2,2,4,12,12,0,8,turkey2,0.25,0.5,0,1.5,4.0,2.0,8
Amed SK,8,1,5,2,4,5,-1,8,turkey2,0.12,0.75,-1,0.5,8.33,1.33,8
Igdir,8,2,2,4,7,10,-3,8,turkey2,0.25,0.5,-3,0.88,4.0,2.0,8
Corum,8,2,2,4,6,9,-3,8,turkey2,0.25,0.5,-3,0.75,4.0,2.0,8
Adanaspor,8,2,1,5,6,11,-5,7,turkey2,0.25,0.38,-5,0.75,4.0,2.63,9
Pendikspor,8,2,1,5,8,14,-6,7,turkey2,0.25,0.38,-6,1.0,4.0,2.63,9
Ankaragucu,8,1,3,4,6,10,-4,6,turkey2,0.12,0.5,-4,0.75,8.33,2.0,10
Bandirmaspor,8,1,3,4,7,17,-10,6,turkey2,0.12,0.5,-10,0.88,8.33,2.0,10
Istanbulspor,8,1,2,5,5,10,-5,5,turkey2,0.12,0.38,-5,0.62,8.33,2.63,11
Y. Malatyaspor,8,0,0,8,0,31,-31,0,turkey2,0.0,0.0,-31,0.0,0.0,0.0,12
Sariyer,8,6,1,1,22,7,15,19,turkey3,0.75,0.88,15,2.75,1.33,1.14,1
B. Petrolspor,8,6,0,2,10,10,0,18,turkey3,0.75,0.75,0,1.25,1.33,1.33,2
Altinordu,8,4,2,2,17,6,11,14,turkey3,0.5,0.75,11,2.12,2.0,1.33,3
Kastamonuspor,8,3,4,1,14,9,5,13,turkey3,0.38,0.88,5,1.75,2.63,1.14,4
Trabzon FK,8,3,2,3,14,11,3,11,turkey3,0.38,0.62,3,1.75,2.63,1.61,5
Fethiyespor,8,3,2,3,9,6,3,11,turkey3,0.38,0.62,3,1.12,2.63,1.61,5
Adana,8,2,4,2,6,7,-1,10,turkey3,0.25,0.75,-1,0.75,4.0,1.33,6
Kepez Belediyes,8,2,3,3,9,13,-4,9,turkey3,0.25,0.62,-4,1.12,4.0,1.61,7
Ankaraspor,8,2,1,5,10,12,-2,7,turkey3,0.25,0.38,-2,1.25,4.0,2.63,8
Iskenderun,8,2,1,5,7,14,-7,7,turkey3,0.25,0.38,-7,0.88,4.0,2.63,8
Altay,8,2,1,5,6,14,-8,7,turkey3,0.25,0.38,-8,0.75,4.0,2.63,8
Inegolspor,8,2,1,5,8,19,-11,7,turkey3,0.25,0.38,-11,1.0,4.0,2.63,8
Kirklarelispor,8,1,3,4,9,13,-4,6,turkey3,0.12,0.5,-4,1.12,8.33,2.0,9
Isparta Davrazs,8,1,3,4,4,10,-6,6,turkey3,0.12,0.5,-6,0.5,8.33,2.0,9
Karakopru,8,1,2,5,5,11,-6,5,turkey3,0.12,0.38,-6,0.62,8.33,2.63,10
B. Anadolu,8,0,4,4,5,13,-8,4,turkey3,0.0,0.5,-8,0.62,0.0,2.0,11
24 Erzincanspor,8,0,4,4,9,18,-9,4,turkey3,0.0,0.5,-9,1.12,0.0,2.0,11
Afyonspor,8,0,0,8,1,31,-30,0,turkey3,0.0,0.0,-30,0.12,0.0,0.0,12
Serik Belediyes,8,6,1,1,19,5,14,19,turkey4,0.75,0.88,14,2.38,1.33,1.14,1
Van Spor,8,5,1,2,17,8,9,16,turkey4,0.62,0.75,9,2.12,1.61,1.33,2
Arnavutkoy B.,8,4,3,1,16,8,8,15,turkey4,0.5,0.88,8,2.0,2.0,1.14,3
Elazigspor,8,4,2,2,20,12,8,14,turkey4,0.5,0.75,8,2.5,2.0,1.33,4
Aksaray B.,8,4,2,2,12,7,5,14,turkey4,0.5,0.75,5,1.5,2.0,1.33,4
Karaman,8,3,3,2,13,9,4,12,turkey4,0.38,0.75,4,1.62,2.63,1.33,5
Beyoglu Yeni C.,8,3,3,2,11,7,4,12,turkey4,0.38,0.75,4,1.38,2.63,1.33,5
Somaspor,8,3,2,3,10,7,3,11,turkey4,0.38,0.62,3,1.25,2.63,1.61,6
Menemen B.,8,2,4,2,16,12,4,10,turkey4,0.25,0.75,4,2.0,4.0,1.33,7
A. Demirspor,8,2,2,4,12,13,-1,8,turkey4,0.25,0.5,-1,1.5,4.0,2.0,8
Karacabey,8,2,2,4,10,12,-2,8,turkey4,0.25,0.5,-2,1.25,4.0,2.0,8
Bucaspor,8,2,2,4,5,7,-2,8,turkey4,0.25,0.5,-2,0.62,4.0,2.0,8
Erbaaspor,8,2,2,4,11,14,-3,8,turkey4,0.25,0.5,-3,1.38,4.0,2.0,8
Derince,8,1,2,5,6,12,-6,5,turkey4,0.12,0.38,-6,0.75,8.33,2.63,9
Yeni Mersin,8,1,2,5,4,16,-12,5,turkey4,0.12,0.38,-12,0.5,8.33,2.63,9
Diyarbekirspor,8,0,4,4,4,8,-4,4,turkey4,0.0,0.5,-4,0.5,0.0,2.0,10
Nazillispor,8,1,0,7,8,19,-11,3,turkey4,0.12,0.12,-11,1.0,8.33,8.33,11
Giresunspor,8,0,2,6,5,23,-18,2,turkey4,0.0,0.25,-18,0.62,0.0,4.0,12
Bursaspor,8,5,2,1,15,7,8,17,turkey5,0.62,0.88,8,1.88,1.61,1.14,1
Anadolu U.,8,5,0,3,14,9,5,15,turkey5,0.62,0.62,5,1.75,1.61,1.61,2
Kirsehir B.,8,4,1,3,12,11,1,13,turkey5,0.5,0.62,1,1.5,2.0,1.61,3
Duzcespor,8,3,4,1,9,8,1,13,turkey5,0.38,0.88,1,1.12,2.63,1.14,3
Kutahyaspor,8,3,3,2,14,10,4,12,turkey5,0.38,0.75,4,1.75,2.63,1.33,4
Elaziz K.,8,3,2,3,7,4,3,11,turkey5,0.38,0.62,3,0.88,2.63,1.61,5
Karsiyaka,8,3,2,3,13,11,2,11,turkey5,0.38,0.62,2,1.62,2.63,1.61,5
Musspor,8,3,1,4,9,9,0,10,turkey5,0.38,0.5,0,1.12,2.63,2.0,6
Silifke,8,2,3,3,12,12,0,9,turkey5,0.25,0.62,0,1.5,4.0,1.61,7
Kusadasispor,8,3,0,5,12,14,-2,9,turkey5,0.38,0.38,-2,1.5,2.63,2.63,7
Kahramanmar.,8,2,3,3,10,12,-2,9,turkey5,0.25,0.62,-2,1.25,4.0,1.61,7
K. Bulvarspor,8,2,3,3,10,14,-4,9,turkey5,0.25,0.62,-4,1.25,4.0,1.61,7
Viven Bornova,8,1,5,2,9,10,-1,8,turkey5,0.12,0.75,-1,1.12,8.33,1.33,8
Artvin Hopaspor,8,2,2,4,5,7,-2,8,turkey5,0.25,0.5,-2,0.62,4.0,2.0,8
Tokat,8,1,4,3,4,6,-2,7,turkey5,0.12,0.62,-2,0.5,8.33,1.61,9
Ergene Velimese,8,1,1,6,3,14,-11,4,turkey5,0.12,0.25,-11,0.38,8.33,4.0,10
Balikesirspor,8,5,2,1,16,7,9,17,turkey6,0.62,0.88,9,2.0,1.61,1.14,1
Tire 2021 FK,8,5,2,1,12,4,8,17,turkey6,0.62,0.88,8,1.5,1.61,1.14,1
Fatsa B.,8,5,2,1,10,5,5,17,turkey6,0.62,0.88,5,1.25,1.61,1.14,1
Silivrispor,8,5,1,2,16,14,2,16,turkey6,0.62,0.75,2,2.0,1.61,1.33,2
Amasyaspor,8,3,4,1,13,10,3,13,turkey6,0.38,0.88,3,1.62,2.63,1.14,3
Usakspor,8,4,1,3,8,5,3,13,turkey6,0.5,0.62,3,1.0,2.0,1.61,3
Etimesgut,8,3,4,1,8,7,1,13,turkey6,0.38,0.88,1,1.0,2.63,1.14,3
Muglaspor,8,4,1,3,10,10,0,13,turkey6,0.5,0.62,0,1.25,2.0,1.61,3
Cayelispor,8,3,2,3,9,9,0,11,turkey6,0.38,0.62,0,1.12,2.63,1.61,4
Mazidagi,8,1,6,1,5,5,0,9,turkey6,0.12,0.88,0,0.62,8.33,1.14,5
Inegol Kafkas,8,2,2,4,7,14,-7,8,turkey6,0.25,0.5,-7,0.88,4.0,2.0,6
Beykoz Ishaklis,8,1,4,3,7,9,-2,7,turkey6,0.12,0.62,-2,0.88,8.33,1.61,7
Kelkit,8,0,6,2,4,6,-2,6,turkey6,0.0,0.75,-2,0.5,0.0,1.33,8
Nevsehirspor,8,1,2,5,6,12,-6,5,turkey6,0.12,0.38,-6,0.75,8.33,2.63,9
Turk Metal 1963,8,0,4,4,6,12,-6,4,turkey6,0.0,0.5,-6,0.75,0.0,2.0,10
Adiyaman,8,0,2,6,5,23,-18,2,turkey6,0.0,0.25,-18,0.62,0.0,4.0,11
Orduspor,8,6,2,0,9,1,8,20,turkey7,0.75,1.0,8,1.12,1.33,1.0,1
Kucukcekmece,8,4,2,2,18,9,9,14,turkey7,0.5,0.75,9,2.25,2.0,1.33,2
Ayvalikgucu,8,3,4,1,5,3,2,13,turkey7,0.38,0.88,2,0.62,2.63,1.14,3
Aliaga FAS,8,2,6,0,6,3,3,12,turkey7,0.25,1.0,3,0.75,4.0,1.0,4
Pazarspor,8,3,2,3,10,9,1,11,turkey7,0.38,0.62,1,1.25,2.63,1.61,5
1922 Konyaspor,8,2,4,2,6,8,-2,10,turkey7,0.25,0.75,-2,0.75,4.0,1.33,6
Corluspor,8,2,2,4,7,10,-3,8,turkey7,0.25,0.5,-3,0.88,4.0,2.0,7
Osmaniyespor,8,2,1,5,8,13,-5,7,turkey7,0.25,0.38,-5,1.0,4.0,2.63,8
Efeler 09,8,2,0,6,6,15,-9,6,turkey7,0.25,0.25,-9,0.75,4.0,4.0,9
Alanya 1221,8,1,2,5,6,11,-5,5,turkey7,0.12,0.38,-5,0.75,8.33,2.63,10
Bayburt,8,0,4,4,10,17,-7,4,turkey7,0.0,0.5,-7,1.25,0.0,2.0,11
Yozgat Bld Bozo,8,1,1,6,9,17,-8,4,turkey7,0.12,0.25,-8,1.12,8.33,4.0,11
Cankaya FK,8,1,1,6,7,19,-12,4,turkey7,0.12,0.25,-12,0.88,8.33,4.0,11
Bursa,8,1,1,6,5,17,-12,4,turkey7,0.12,0.25,-12,0.62,8.33,4.0,11
Viransehir,8,1,1,6,2,14,-12,4,turkey7,0.12,0.25,-12,0.25,8.33,4.0,11
K. Idmanyurdu,8,0,3,5,6,17,-11,3,turkey7,0.0,0.38,-11,0.75,0.0,2.63,12
Orduspor 1967,8,5,0,3,14,7,7,15,turkey8,0.62,0.62,7,1.75,1.61,1.61,1
Sebat G.,8,4,2,2,14,8,6,14,turkey8,0.5,0.75,6,1.75,2.0,1.33,2
Mardin BB,8,4,1,3,10,9,1,13,turkey8,0.5,0.62,1,1.25,2.0,1.61,3
Nilufer B.,8,3,3,2,13,7,6,12,turkey8,0.38,0.75,6,1.62,2.63,1.33,4
Agri 1970,8,3,3,2,14,11,3,12,turkey8,0.38,0.75,3,1.75,2.63,1.33,4
Z. Komurspor,8,3,1,4,10,11,-1,10,turkey8,0.38,0.5,-1,1.25,2.63,2.0,5
Kirikkale B.,8,3,1,4,9,10,-1,10,turkey8,0.38,0.5,-1,1.12,2.63,2.0,5
K. Istiklalspor,8,2,3,3,11,7,4,9,turkey8,0.25,0.62,4,1.38,4.0,1.61,6
Tepecik,8,2,2,4,8,10,-2,8,turkey8,0.25,0.5,-2,1.0,4.0,2.0,7
Nigde Belediyes,8,1,3,4,6,12,-6,6,turkey8,0.12,0.5,-6,0.75,8.33,2.0,8
Turgutluspor,8,1,2,5,7,13,-6,5,turkey8,0.12,0.38,-6,0.88,8.33,2.63,9
Edirnespor,8,1,2,5,4,19,-15,5,turkey8,0.12,0.38,-15,0.5,8.33,2.63,9
Denizlispor,8,1,2,5,5,22,-17,5,turkey8,0.12,0.38,-17,0.62,8.33,2.63,9
Erciyes,8,0,3,5,6,12,-6,3,turkey8,0.0,0.38,-6,0.75,0.0,2.63,10
Coruhlu,8,0,3,5,9,20,-11,3,turkey8,0.0,0.38,-11,1.12,0.0,2.63,10
Polatli B.,8,0,1,7,7,26,-19,1,turkey8,0.0,0.12,-19,0.88,0.0,8.33,11
Shabab Al Ahli,7,6,1,0,19,5,14,19,uae,0.86,1.0,14,2.71,1.16,1.0,1
Al Sharjah,8,5,1,2,11,5,6,16,uae,0.62,0.75,6,1.38,1.61,1.33,2
Al Jazira,8,4,2,2,21,16,5,14,uae,0.5,0.75,5,2.62,2.0,1.33,3
Khorfakkan,8,4,0,4,14,16,-2,12,uae,0.5,0.5,-2,1.75,2.0,2.0,4
Al Wahda,8,3,2,3,13,12,1,11,uae,0.38,0.62,1,1.62,2.63,1.61,5
Al Bataeh,8,3,1,4,9,12,-3,10,uae,0.38,0.5,-3,1.12,2.63,2.0,6
Al Ain,8,2,3,3,18,18,0,9,uae,0.25,0.62,0,2.25,4.0,1.61,7
Al Wasl,8,2,3,3,9,13,-4,9,uae,0.25,0.62,-4,1.12,4.0,1.61,7
Ajman,8,3,0,5,10,16,-6,9,uae,0.38,0.38,-6,1.25,2.63,2.63,7
Bani Yas,8,3,0,5,7,15,-8,9,uae,0.38,0.38,-8,0.88,2.63,2.63,7
Ittihad Kalba,8,1,4,3,9,12,-3,7,uae,0.12,0.62,-3,1.12,8.33,1.61,8
Dibba Al Hisn,8,1,3,4,9,14,-5,6,uae,0.12,0.5,-5,1.12,8.33,2.0,9
Al Nasr,8,1,1,6,8,20,-12,4,uae,0.12,0.25,-12,1.0,8.33,4.0,10
Al Urooba,8,0,0,8,2,22,-20,0,uae,0.0,0.0,-20,0.25,0.0,0.0,11
Dynamo Kyiv,8,5,3,0,17,5,12,18,ukraine,0.62,1.0,12,2.12,1.61,1.0,1
Kryvbas KR,8,4,2,2,9,7,2,14,ukraine,0.5,0.75,2,1.12,2.0,1.33,2
Oleksandria,8,4,2,2,7,8,-1,14,ukraine,0.5,0.75,-1,0.88,2.0,1.33,2
Shakhtar,8,3,3,2,12,7,5,12,ukraine,0.38,0.75,5,1.5,2.63,1.33,3
Rukh Lviv,8,2,4,2,5,7,-2,10,ukraine,0.25,0.75,-2,0.62,4.0,1.33,4
Zorya Luhansk,8,2,2,4,10,11,-1,8,ukraine,0.25,0.5,-1,1.25,4.0,2.0,5
Kolos Kovalivka,8,2,2,4,6,7,-1,8,ukraine,0.25,0.5,-1,0.75,4.0,2.0,5
Obolon,8,2,2,4,6,10,-4,8,ukraine,0.25,0.5,-4,0.75,4.0,2.0,5
Polessya,8,2,2,4,8,13,-5,8,ukraine,0.25,0.5,-5,1.0,4.0,2.0,5
Veres,8,2,2,4,7,12,-5,8,ukraine,0.25,0.5,-5,0.88,4.0,2.0,5
Livyi Bereh,8,2,2,4,2,7,-5,8,ukraine,0.25,0.5,-5,0.25,4.0,2.0,5
Vorskla Poltava,8,2,1,5,6,11,-5,7,ukraine,0.25,0.38,-5,0.75,4.0,2.63,6
LNZ Cherkasy,8,2,1,5,7,16,-9,7,ukraine,0.25,0.38,-9,0.88,4.0,2.63,6
Karpaty Lviv,8,2,1,5,5,14,-9,7,ukraine,0.25,0.38,-9,0.62,4.0,2.63,6
Chornomorets,8,1,2,5,8,16,-8,5,ukraine,0.12,0.38,-8,1.0,8.33,2.63,7
Inhulets,8,1,2,5,7,17,-10,5,ukraine,0.12,0.38,-10,0.88,8.33,2.63,7
Dnipro-1,0,0,0,0,0,0,0,0,ukraine,0.0,0.0,0,0.0,0.0,0.0,8
Plaza Colonia,3,2,1,0,3,1,2,7,uruguay,0.67,1.0,2,1.0,1.49,1.0,1
Nacional,3,2,0,1,8,4,4,6,uruguay,0.67,0.67,4,2.67,1.49,1.49,2
Defensor S.,2,2,0,0,3,1,2,6,uruguay,1.0,1.0,2,1.5,1.0,1.0,2
Penarol,4,1,2,1,5,4,1,5,uruguay,0.25,0.75,1,1.25,4.0,1.33,3
Liverpool M.,3,1,2,0,3,2,1,5,uruguay,0.33,1.0,1,1.0,3.03,1.0,3
Juventud,3,1,1,1,4,4,0,4,uruguay,0.33,0.67,0,1.33,3.03,1.49,4
Racing CM,3,1,1,1,2,2,0,4,uruguay,0.33,0.67,0,0.67,3.03,1.49,4
Cerro,2,1,0,1,2,2,0,3,uruguay,0.5,0.5,0,1.0,2.0,2.0,5
River Plate,3,0,2,1,5,6,-1,2,uruguay,0.0,0.67,-1,1.67,0.0,1.49,6
Boston River,3,0,2,1,3,5,-2,2,uruguay,0.0,0.67,-2,1.0,0.0,1.49,6
Progreso,3,0,2,1,3,6,-3,2,uruguay,0.0,0.67,-3,1.0,0.0,1.49,6
Danubio,2,0,1,1,2,3,-1,1,uruguay,0.0,0.5,-1,1.0,0.0,2.0,7
Cerro Largo,2,0,1,1,0,3,-3,1,uruguay,0.0,0.5,-3,0.0,0.0,2.0,7
Montevideo City,3,0,1,2,2,7,-5,1,uruguay,0.0,0.33,-5,0.67,0.0,3.03,7
Miramar Misione,2,0,0,2,3,5,-2,0,uruguay,0.0,0.0,-2,1.5,0.0,0.0,8
Wanderers,2,0,0,2,0,3,-3,0,uruguay,0.0,0.0,-3,0.0,0.0,0.0,8
Defensor S.,4,3,0,1,5,2,3,9,uruguay2,0.75,0.75,3,1.25,1.33,1.33,1
Danubio,4,2,2,0,7,5,2,8,uruguay2,0.5,1.0,2,1.75,2.0,1.0,2
Cerro Largo,3,2,1,0,3,0,3,7,uruguay2,0.67,1.0,3,1.0,1.49,1.0,3
Nacional,3,2,0,1,10,3,7,6,uruguay2,0.67,0.67,7,3.33,1.49,1.49,4
Penarol,3,2,0,1,5,3,2,6,uruguay2,0.67,0.67,2,1.67,1.49,1.49,4
River Plate,4,2,0,2,4,3,1,6,uruguay2,0.5,0.5,1,1.0,2.0,2.0,4
Miramar Misione,4,2,0,2,4,7,-3,6,uruguay2,0.5,0.5,-3,1.0,2.0,2.0,4
D. Maldonado,4,1,2,1,3,3,0,5,uruguay2,0.25,0.75,0,0.75,4.0,1.33,5
Wanderers,3,1,1,1,3,4,-1,4,uruguay2,0.33,0.67,-1,1.0,3.03,1.49,6
Rampla Juniors,4,1,1,2,3,7,-4,4,uruguay2,0.25,0.5,-4,0.75,4.0,2.0,6
Racing CM,4,0,3,1,6,7,-1,3,uruguay2,0.0,0.75,-1,1.5,0.0,1.33,7
Fenix,3,1,0,2,4,5,-1,3,uruguay2,0.33,0.33,-1,1.33,3.03,3.03,7
Cerro,3,1,0,2,1,3,-2,3,uruguay2,0.33,0.33,-2,0.33,3.03,3.03,7
Progreso,3,0,2,1,4,6,-2,2,uruguay2,0.0,0.67,-2,1.33,0.0,1.49,8
Boston River,3,0,1,2,1,3,-2,1,uruguay2,0.0,0.33,-2,0.33,0.0,3.03,9
Liverpool M.,4,0,0,4,3,8,-5,0,uruguay2,0.0,0.0,-5,0.75,0.0,0.0,10
Colorado Rapids,3,2,1,0,3,1,2,7,usa,0.67,1.0,2,1.0,1.49,1.0,1
Philadelphia,2,2,0,0,6,2,4,6,usa,1.0,1.0,4,3.0,1.0,1.0,2
San Diego,2,2,0,0,5,1,4,6,usa,1.0,1.0,4,2.5,1.0,1.0,2
Vancouver,2,2,0,0,5,1,4,6,usa,1.0,1.0,4,2.5,1.0,1.0,2
Chicago Fire,3,2,0,1,7,6,1,6,usa,0.67,0.67,1,2.33,1.49,1.49,2
St. Louis City,2,1,1,0,3,0,3,4,usa,0.5,1.0,3,1.5,2.0,1.0,3
Dallas,2,1,1,0,5,4,1,4,usa,0.5,1.0,1,2.5,2.0,1.0,3
Columbus Crew,2,1,1,0,2,1,1,4,usa,0.5,1.0,1,1.0,2.0,1.0,3
Minnesota Utd,3,1,1,1,4,4,0,4,usa,0.33,0.67,0,1.33,3.03,1.49,3
Inter Miami,1,1,0,0,4,1,3,3,usa,1.0,1.0,3,4.0,1.0,1.0,4
SJ Earthquakes,1,1,0,0,2,1,1,3,usa,1.0,1.0,1,2.0,1.0,1.0,4
Austin,2,1,0,1,1,1,0,3,usa,0.5,0.5,0,0.5,2.0,2.0,4
Real Salt Lake,2,1,0,1,2,5,-3,3,usa,0.5,0.5,-3,1.0,2.0,2.0,4
DC United,1,0,1,0,2,2,0,1,usa,0.0,1.0,0,2.0,0.0,1.0,5
Houston Dynamo,1,0,1,0,0,0,0,1,usa,0.0,1.0,0,0.0,0.0,1.0,5
Orlando City,2,0,1,1,3,4,-1,1,usa,0.0,0.5,-1,1.5,0.0,2.0,5
Charlotte,2,0,1,1,2,3,-1,1,usa,0.0,0.5,-1,1.0,0.0,2.0,5
New York City,2,0,1,1,2,3,-1,1,usa,0.0,0.5,-1,1.0,0.0,2.0,5
New England,2,0,1,1,1,2,-1,1,usa,0.0,0.5,-1,0.5,0.0,2.0,5
New York RB,2,0,1,1,0,1,-1,1,usa,0.0,0.5,-1,0.0,0.0,2.0,5
Toronto,3,0,1,2,4,8,-4,1,usa,0.0,0.33,-4,1.33,0.0,3.03,5
CF Montreal,4,0,1,3,2,6,-4,1,usa,0.0,0.25,-4,0.5,0.0,4.0,5
LA Galaxy,1,0,0,1,1,2,-1,0,usa,0.0,0.0,-1,1.0,0.0,0.0,6
Sporting KC,2,0,0,2,1,3,-2,0,usa,0.0,0.0,-2,0.5,0.0,0.0,6
Atlanta Utd,1,0,0,1,0,2,-2,0,usa,0.0,0.0,-2,0.0,0.0,0.0,6
Nashville SC,1,0,0,1,0,2,-2,0,usa,0.0,0.0,-2,0.0,0.0,0.0,6
Portland,1,0,0,1,0,2,-2,0,usa,0.0,0.0,-2,0.0,0.0,0.0,6
Los Angeles FC,1,0,0,1,2,5,-3,0,usa,0.0,0.0,-3,2.0,0.0,0.0,6
Seattle,2,0,0,2,0,3,-3,0,usa,0.0,0.0,-3,0.0,0.0,0.0,6
Loudoun Utd,2,2,0,0,5,2,3,6,usa2,1.0,1.0,3,2.5,1.0,1.0,1
Detroit City,2,2,0,0,4,1,3,6,usa2,1.0,1.0,3,2.0,1.0,1.0,1
Indy Eleven,1,1,0,0,3,1,2,3,usa2,1.0,1.0,2,3.0,1.0,1.0,2
Louisville City,1,1,0,0,2,1,1,3,usa2,1.0,1.0,1,2.0,1.0,1.0,2
FC Tulsa,1,1,0,0,1,0,1,3,usa2,1.0,1.0,1,1.0,1.0,1.0,2
New Mexico,2,1,0,1,4,4,0,3,usa2,0.5,0.5,0,2.0,2.0,2.0,2
Phoenix Rising,1,0,1,0,4,4,0,1,usa2,0.0,1.0,0,4.0,0.0,1.0,3
Colorado S.,1,0,1,0,2,2,0,1,usa2,0.0,1.0,0,2.0,0.0,1.0,3
Lexington,1,0,1,0,2,2,0,1,usa2,0.0,1.0,0,2.0,0.0,1.0,3
Pittsburgh,2,0,1,1,1,3,-2,1,usa2,0.0,0.5,-2,0.5,0.0,2.0,3
Birmingham L.,0,0,0,0,0,0,0,0,usa2,0.0,0.0,0,0.0,0.0,0.0,4
Charleston,0,0,0,0,0,0,0,0,usa2,0.0,0.0,0,0.0,0.0,0.0,4
El Paso,0,0,0,0,0,0,0,0,usa2,0.0,0.0,0,0.0,0.0,0.0,4
Las Vegas L.,0,0,0,0,0,0,0,0,usa2,0.0,0.0,0,0.0,0.0,0.0,4
Miami FC,0,0,0,0,0,0,0,0,usa2,0.0,0.0,0,0.0,0.0,0.0,4
North Carolina,0,0,0,0,0,0,0,0,usa2,0.0,0.0,0,0.0,0.0,0.0,4
Orange County,0,0,0,0,0,0,0,0,usa2,0.0,0.0,0,0.0,0.0,0.0,4
Sacramento R.,0,0,0,0,0,0,0,0,usa2,0.0,0.0,0,0.0,0.0,0.0,4
San Antonio,0,0,0,0,0,0,0,0,usa2,0.0,0.0,0,0.0,0.0,0.0,4
Monterey Bay,1,0,0,1,0,1,-1,0,usa2,0.0,0.0,-1,0.0,0.0,0.0,4
Hartford A.,1,0,0,1,0,2,-2,0,usa2,0.0,0.0,-2,0.0,0.0,0.0,4
Rhode Island,1,0,0,1,0,2,-2,0,usa2,0.0,0.0,-2,0.0,0.0,0.0,4
Tampa Bay,2,0,0,2,0,2,-2,0,usa2,0.0,0.0,-2,0.0,0.0,0.0,4
Oakland Roots,2,0,0,2,4,7,-3,0,usa2,0.0,0.0,-3,2.0,0.0,0.0,4
Richmond K.,2,1,0,1,4,3,1,3,usa3,0.5,0.5,1,2.0,2.0,2.0,1
Chattanooga RW,1,0,1,0,1,1,0,1,usa3,0.0,1.0,0,1.0,0.0,1.0,2
Westchester SC,1,0,1,0,1,1,0,1,usa3,0.0,1.0,0,1.0,0.0,1.0,2
Alta,0,0,0,0,0,0,0,0,usa3,0.0,0.0,0,0.0,0.0,0.0,3
Charlotte I.,0,0,0,0,0,0,0,0,usa3,0.0,0.0,0,0.0,0.0,0.0,3
Greenville,0,0,0,0,0,0,0,0,usa3,0.0,0.0,0,0.0,0.0,0.0,3
Naples,0,0,0,0,0,0,0,0,usa3,0.0,0.0,0,0.0,0.0,0.0,3
One Knoxville,0,0,0,0,0,0,0,0,usa3,0.0,0.0,0,0.0,0.0,0.0,3
Portland Hearts,0,0,0,0,0,0,0,0,usa3,0.0,0.0,0,0.0,0.0,0.0,3
Spokane V.,0,0,0,0,0,0,0,0,usa3,0.0,0.0,0,0.0,0.0,0.0,3
Texoma,0,0,0,0,0,0,0,0,usa3,0.0,0.0,0,0.0,0.0,0.0,3
Tormenta,0,0,0,0,0,0,0,0,usa3,0.0,0.0,0,0.0,0.0,0.0,3
Forward Madison,1,0,0,1,0,2,-2,0,usa3,0.0,0.0,-2,0.0,0.0,0.0,3
Union Omaha,1,0,0,1,0,3,-3,0,usa3,0.0,0.0,-3,0.0,0.0,0.0,3
Carabobo,5,3,1,1,7,5,2,10,venezuela,0.6,0.8,2,1.4,1.67,1.25,1
Puerto Cabello,5,2,1,2,6,3,3,7,venezuela,0.4,0.6,3,1.2,2.5,1.67,2
UCV,4,2,1,1,5,3,2,7,venezuela,0.5,0.75,2,1.25,2.0,1.33,2
Portuguesa,4,1,2,1,2,1,1,5,venezuela,0.25,0.75,1,0.5,4.0,1.33,3
D. La Guaira,4,1,2,1,4,4,0,5,venezuela,0.25,0.75,0,1.0,4.0,1.33,3
D. Tachira,3,1,1,1,4,2,2,4,venezuela,0.33,0.67,2,1.33,3.03,1.49,4
A. Anzoategui,3,1,1,1,5,5,0,4,venezuela,0.33,0.67,0,1.67,3.03,1.49,4
Caracas,4,1,1,2,3,3,0,4,venezuela,0.25,0.5,0,0.75,4.0,2.0,4
Zamora,5,0,3,2,4,6,-2,3,venezuela,0.0,0.6,-2,0.8,0.0,1.67,5
E. Merida,3,0,1,2,2,4,-2,1,venezuela,0.0,0.33,-2,0.67,0.0,3.03,6
Yaracuyanos,4,0,1,3,3,7,-4,1,venezuela,0.0,0.25,-4,0.75,0.0,4.0,6
Metropolitanos,4,0,1,3,2,8,-6,1,venezuela,0.0,0.25,-6,0.5,0.0,4.0,6
Rayo Zuliano,3,0,0,3,1,5,-4,0,venezuela,0.0,0.0,-4,0.33,0.0,0.0,7
Monagas,3,0,0,3,0,4,-4,0,venezuela,0.0,0.0,-4,0.0,0.0,0.0,7
Bunyodkor,1,1,0,0,2,0,2,3,uzbekistan,1.0,1.0,2,2.0,1.0,1.0,1
Neftchi,1,0,1,0,2,2,0,1,uzbekistan,0.0,1.0,0,2.0,0.0,1.0,2
Andijan,1,0,1,0,1,1,0,1,uzbekistan,0.0,1.0,0,1.0,0.0,1.0,2
Nasaf Qarshi,1,0,1,0,1,1,0,1,uzbekistan,0.0,1.0,0,1.0,0.0,1.0,2
D. Samarqand,1,0,1,0,0,0,0,1,uzbekistan,0.0,1.0,0,0.0,0.0,1.0,2
Kokand-1912,1,0,1,0,0,0,0,1,uzbekistan,0.0,1.0,0,0.0,0.0,1.0,2
AGMK,0,0,0,0,0,0,0,0,uzbekistan,0.0,0.0,0,0.0,0.0,0.0,3
Navbahor,0,0,0,0,0,0,0,0,uzbekistan,0.0,0.0,0,0.0,0.0,0.0,3
Pakhtakor,0,0,0,0,0,0,0,0,uzbekistan,0.0,0.0,0,0.0,0.0,0.0,3
Xorazm,0,0,0,0,0,0,0,0,uzbekistan,0.0,0.0,0,0.0,0.0,0.0,3
Buxoro,1,0,0,1,1,2,-1,0,uzbekistan,0.0,0.0,-1,1.0,0.0,0.0,3
Mashal,1,0,0,1,0,1,-1,0,uzbekistan,0.0,0.0,-1,0.0,0.0,0.0,3
Sogdiana,1,0,0,1,0,1,-1,0,uzbekistan,0.0,0.0,-1,0.0,0.0,0.0,3
Qizilqum,1,0,0,1,0,2,-2,0,uzbekistan,0.0,0.0,-2,0.0,0.0,0.0,3
Shurtan,1,0,0,1,0,2,-2,0,uzbekistan,0.0,0.0,-2,0.0,0.0,0.0,3
Termez Surkhon,1,0,0,1,0,2,-2,0,uzbekistan,0.0,0.0,-2,0.0,0.0,0.0,3
Nam Dinh,8,4,4,0,13,4,9,16,vietnam,0.5,1.0,9,1.62,2.0,1.0,1
Viettel,8,4,3,1,13,6,7,15,vietnam,0.5,0.88,7,1.62,2.0,1.14,2
Thanh Hoa,8,4,3,1,11,6,5,15,vietnam,0.5,0.88,5,1.38,2.0,1.14,2
Ha Noi,8,3,3,2,12,7,5,12,vietnam,0.38,0.75,5,1.5,2.63,1.33,3
Binh Duong,8,3,1,4,6,7,-1,10,vietnam,0.38,0.5,-1,0.75,2.63,2.0,4
Hong Linh Ha T.,7,1,5,1,9,8,1,8,vietnam,0.14,0.86,1,1.29,7.14,1.16,5
Cong An Nhan,8,1,4,3,8,8,0,7,vietnam,0.12,0.62,0,1.0,8.33,1.61,6
Quang Nam,7,1,4,2,6,7,-1,7,vietnam,0.14,0.71,-1,0.86,7.14,1.41,6
Hai Phong,8,1,4,3,7,10,-3,7,vietnam,0.12,0.62,-3,0.88,8.33,1.61,6
Ho Chi Minh,8,1,4,3,7,13,-6,7,vietnam,0.12,0.62,-6,0.88,8.33,1.61,6
Gia Lai,8,1,2,5,6,13,-7,5,vietnam,0.12,0.38,-7,0.75,8.33,2.63,7
Binh Dinh,8,1,2,5,4,11,-7,5,vietnam,0.12,0.38,-7,0.5,8.33,2.63,7
Song Lam Nghe,7,0,3,4,6,15,-9,3,vietnam,0.0,0.43,-9,0.86,0.0,2.33,8
Da Nang,8,1,0,7,6,18,-12,3,vietnam,0.12,0.12,-12,0.75,8.33,8.33,8
Phu Dong,6,6,0,0,12,0,12,18,vietnam2,1.0,1.0,12,2.0,1.0,1.0,1
Binh Phuoc,6,5,1,0,8,1,7,16,vietnam2,0.83,1.0,7,1.33,1.2,1.0,2
PVF-CAND,5,2,3,0,6,2,4,9,vietnam2,0.4,1.0,4,1.2,2.5,1.0,3
Ba Ria Vung Tau,5,2,0,3,6,7,-1,6,vietnam2,0.4,0.4,-1,1.2,2.5,2.5,4
Hue,5,2,0,3,6,7,-1,6,vietnam2,0.4,0.4,-1,1.2,2.5,2.5,4
Long An,5,1,3,1,2,3,-1,6,vietnam2,0.2,0.8,-1,0.4,5.0,1.25,4
Ho Chi Minh B,6,1,3,2,4,6,-2,6,vietnam2,0.17,0.67,-2,0.67,5.88,1.49,4
Dong Thap,6,0,4,2,2,4,-2,4,vietnam2,0.0,0.67,-2,0.33,0.0,1.49,5
S. Khanh Hoa,5,0,3,2,4,8,-4,3,vietnam2,0.0,0.6,-4,0.8,0.0,1.67,6
Dong Nai,6,0,3,3,3,8,-5,3,vietnam2,0.0,0.5,-5,0.5,0.0,2.0,6
Hoa Binh,5,0,1,4,1,6,-5,1,vietnam2,0.0,0.2,-5,0.2,0.0,5.0,7
The New Saints,8,6,0,2,17,8,9,18,wales,0.75,0.75,9,2.12,1.33,1.33,1
Barry,8,4,2,2,16,14,2,14,wales,0.5,0.75,2,2.0,2.0,1.33,2
Caernarfon,8,3,2,3,10,11,-1,11,wales,0.38,0.62,-1,1.25,2.63,1.61,3
Penybont,8,3,1,4,15,16,-1,10,wales,0.38,0.5,-1,1.88,2.63,2.0,4
Briton Ferry,8,3,1,4,17,19,-2,10,wales,0.38,0.5,-2,2.12,2.63,2.0,4
Connahs Quay,8,2,2,4,9,8,1,8,wales,0.25,0.5,1,1.12,4.0,2.0,5
Bala Town,8,1,4,3,10,11,-1,7,wales,0.12,0.62,-1,1.25,8.33,1.61,6
Haverfordwest,8,1,4,3,6,10,-4,7,wales,0.12,0.62,-4,0.75,8.33,1.61,6
Newtown,8,1,1,6,6,13,-7,4,wales,0.12,0.25,-7,0.75,8.33,4.0,7
Aberystwyth,8,1,0,7,4,20,-16,3,wales,0.12,0.12,-16,0.5,8.33,8.33,8
Cardiff MU,8,0,2,6,4,13,-9,2,wales,0.0,0.25,-9,0.5,0.0,4.0,9
Flint,8,0,1,7,7,28,-21,1,wales,0.0,0.12,-21,0.88,0.0,8.33,10
