Equipe,GP,W,D,L,GF,GA,GD,Pts_Home,Liga,PIH,PIH_HA,GD_Home,PPG_Home,GF_AVG_Home,Odd_Justa_MO,Odd_Justa_HA,Rank_Home
Egnatia R.,8,4,3,1,12,7,5,15,Albania - Abissnet Superiore,0.5,0.88,5,1.88,1.5,2.0,1.14,1
Vllaznia S.,8,4,2,2,12,6,6,14,Albania - Abissnet Superiore,0.5,0.75,6,1.75,1.5,2.0,1.33,2
AF Elbasani,8,4,2,2,11,7,4,14,Albania - Abissnet Superiore,0.5,0.75,4,1.75,1.38,2.0,1.33,2
Partizani T.,8,3,4,1,9,6,3,13,Albania - Abissnet Superiore,0.38,0.88,3,1.62,1.12,2.63,1.14,3
KF Tirana,8,3,3,2,12,12,0,12,Albania - Abissnet Superiore,0.38,0.75,0,1.5,1.5,2.63,1.33,4
Teuta Durres,8,3,3,2,5,6,-1,12,Albania - Abissnet Superiore,0.38,0.75,-1,1.5,0.62,2.63,1.33,4
Bylis,8,3,2,3,5,10,-5,11,Albania - Abissnet Superiore,0.38,0.62,-5,1.38,0.62,2.63,1.61,5
Skenderbeu K.,8,3,1,4,9,13,-4,10,Albania - Abissnet Superiore,0.38,0.5,-4,1.25,1.12,2.63,2.0,6
Laci,8,2,3,3,10,10,0,9,Albania - Abissnet Superiore,0.25,0.62,0,1.12,1.25,4.0,1.61,7
JS Kabylie,8,6,2,0,12,4,8,20,Algeria - Ligue 1,0.75,1.0,8,2.5,1.5,1.33,1.0,1
CR Belouizdad,8,5,2,1,15,4,11,17,Algeria - Ligue 1,0.62,0.88,11,2.12,1.88,1.61,1.14,2
USM Alger,8,5,2,1,12,4,8,17,Algeria - Ligue 1,0.62,0.88,8,2.12,1.5,1.61,1.14,2
ASO Chlef,8,5,2,1,10,3,7,17,Algeria - Ligue 1,0.62,0.88,7,2.12,1.25,1.61,1.14,2
JS Saoura,8,5,2,1,12,6,6,17,Algeria - Ligue 1,0.62,0.88,6,2.12,1.5,1.61,1.14,2
MC Oran,8,5,1,2,7,4,3,16,Algeria - Ligue 1,0.62,0.75,3,2.0,0.88,1.61,1.33,3
CS Constantine,8,4,3,1,10,7,3,15,Algeria - Ligue 1,0.5,0.88,3,1.88,1.25,2.0,1.14,4
ES Setif,8,4,3,1,8,5,3,15,Algeria - Ligue 1,0.5,0.88,3,1.88,1.0,2.0,1.14,4
Paradou AC,8,4,2,2,14,8,6,14,Algeria - Ligue 1,0.5,0.75,6,1.75,1.75,2.0,1.33,5
El Bayadh,8,4,2,2,7,5,2,14,Algeria - Ligue 1,0.5,0.75,2,1.75,0.88,2.0,1.33,5
NC Magra,8,3,4,1,8,5,3,13,Algeria - Ligue 1,0.38,0.88,3,1.62,1.0,2.63,1.14,6
MC Alger,8,3,4,1,9,8,1,13,Algeria - Ligue 1,0.38,0.88,1,1.62,1.12,2.63,1.14,6
Khenchela,8,4,1,3,9,9,0,13,Algeria - Ligue 1,0.5,0.62,0,1.62,1.12,2.0,1.61,6
Mostaganem,8,2,4,2,6,7,-1,10,Algeria - Ligue 1,0.25,0.75,-1,1.25,0.75,4.0,1.33,7
O. Akbou,8,2,2,4,6,7,-1,8,Algeria - Ligue 1,0.25,0.5,-1,1.0,0.75,4.0,2.0,8
Biskra,8,1,5,2,3,4,-1,8,Algeria - Ligue 1,0.12,0.75,-1,1.0,0.38,8.33,1.33,8
Independiente,7,6,1,0,16,2,14,19,Argentina - Liga Profesional,0.86,1.0,14,2.71,2.29,1.16,1.0,1
Boca Juniors,7,6,1,0,12,2,10,19,Argentina - Liga Profesional,0.86,1.0,10,2.71,1.71,1.16,1.0,1
Rosario Central,5,5,0,0,10,4,6,15,Argentina - Liga Profesional,1.0,1.0,6,3.0,2.0,1.0,1.0,2
Huracan,6,4,2,0,10,3,7,14,Argentina - Liga Profesional,0.67,1.0,7,2.33,1.67,1.49,1.0,3
Central Cordoba,8,4,2,2,11,6,5,14,Argentina - Liga Profesional,0.5,0.75,5,1.75,1.38,2.0,1.33,3
Argentinos Jrs,7,4,2,1,9,4,5,14,Argentina - Liga Profesional,0.57,0.86,5,2.0,1.29,1.75,1.16,3
San Lorenzo,7,4,2,1,9,6,3,14,Argentina - Liga Profesional,0.57,0.86,3,2.0,1.29,1.75,1.16,3
River Plate,7,4,2,1,8,5,3,14,Argentina - Liga Profesional,0.57,0.86,3,2.0,1.14,1.75,1.16,3
Instituto,6,4,1,1,10,2,8,13,Argentina - Liga Profesional,0.67,0.83,8,2.17,1.67,1.49,1.2,4
Estudiantes,6,4,1,1,10,5,5,13,Argentina - Liga Profesional,0.67,0.83,5,2.17,1.67,1.49,1.2,4
Barracas C.,7,4,1,2,11,9,2,13,Argentina - Liga Profesional,0.57,0.71,2,1.86,1.57,1.75,1.41,4
Tigre,6,4,0,2,7,4,3,12,Argentina - Liga Profesional,0.67,0.67,3,2.0,1.17,1.49,1.49,5
Union Santa Fe,7,3,2,2,6,4,2,11,Argentina - Liga Profesional,0.43,0.71,2,1.57,0.86,2.33,1.41,6
Platense,7,2,4,1,5,4,1,10,Argentina - Liga Profesional,0.29,0.86,1,1.43,0.71,3.45,1.16,7
Racing Club,5,3,0,2,12,5,7,9,Argentina - Liga Profesional,0.6,0.6,7,1.8,2.4,1.67,1.67,8
Lanus,6,2,3,1,7,4,3,9,Argentina - Liga Profesional,0.33,0.83,3,1.5,1.17,3.03,1.2,8
Gimnasia,6,2,3,1,6,4,2,9,Argentina - Liga Profesional,0.33,0.83,2,1.5,1.0,3.03,1.2,8
I. Rivadavia,6,2,3,1,8,8,0,9,Argentina - Liga Profesional,0.33,0.83,0,1.5,1.33,3.03,1.2,8
Belgrano,7,2,3,2,8,9,-1,9,Argentina - Liga Profesional,0.29,0.71,-1,1.29,1.14,3.45,1.41,8
Sarmiento,6,1,5,0,5,4,1,8,Argentina - Liga Profesional,0.17,1.0,1,1.33,0.83,5.88,1.0,9
D. Riestra,6,1,5,0,2,1,1,8,Argentina - Liga Profesional,0.17,1.0,1,1.33,0.33,5.88,1.0,9
Defensa y J.,6,2,2,2,5,5,0,8,Argentina - Liga Profesional,0.33,0.67,0,1.33,0.83,3.03,1.49,9
Newells,7,2,2,3,4,4,0,8,Argentina - Liga Profesional,0.29,0.57,0,1.14,0.57,3.45,1.75,9
Banfield,7,1,4,2,6,5,1,7,Argentina - Liga Profesional,0.14,0.71,1,1.0,0.86,7.14,1.41,10
A. Tucuman,6,2,0,4,10,10,0,6,Argentina - Liga Profesional,0.33,0.33,0,1.0,1.67,3.03,3.03,11
Godoy Cruz,7,0,6,1,2,5,-3,6,Argentina - Liga Profesional,0.0,0.86,-3,0.86,0.29,0.0,1.16,11
T. de Cordoba,6,1,2,3,6,7,-1,5,Argentina - Liga Profesional,0.17,0.5,-1,0.83,1.0,5.88,2.0,12
Aldosivi,7,1,2,4,7,17,-10,5,Argentina - Liga Profesional,0.14,0.43,-10,0.71,1.0,7.14,2.33,12
SM San Juan,7,1,1,5,3,8,-5,4,Argentina - Liga Profesional,0.14,0.29,-5,0.57,0.43,7.14,3.45,13
Atlanta,6,5,1,0,7,1,6,16,Argentina - Primera Nacional,0.83,1.0,6,2.67,1.17,1.2,1.0,1
Quilmes,6,4,2,0,11,3,8,14,Argentina - Primera Nacional,0.67,1.0,8,2.33,1.83,1.49,1.0,2
Agropecuario,5,4,0,1,8,3,5,12,Argentina - Primera Nacional,0.8,0.8,5,2.4,1.6,1.25,1.25,3
Chaco For Ever,6,4,0,2,7,4,3,12,Argentina - Primera Nacional,0.67,0.67,3,2.0,1.17,1.49,1.49,3
Deportivo Moron,5,3,2,0,7,1,6,11,Argentina - Primera Nacional,0.6,1.0,6,2.2,1.4,1.67,1.0,4
G. Mendoza,5,3,2,0,7,2,5,11,Argentina - Primera Nacional,0.6,1.0,5,2.2,1.4,1.67,1.0,4
San Miguel,5,3,2,0,7,2,5,11,Argentina - Primera Nacional,0.6,1.0,5,2.2,1.4,1.67,1.0,4
Central Norte,6,3,2,1,7,5,2,11,Argentina - Primera Nacional,0.5,0.83,2,1.83,1.17,2.0,1.2,4
All Boys,5,3,1,1,9,3,6,10,Argentina - Primera Nacional,0.6,0.8,6,2.0,1.8,1.67,1.25,5
Deportivo Maipu,5,3,1,1,7,3,4,10,Argentina - Primera Nacional,0.6,0.8,4,2.0,1.4,1.67,1.25,5
CA Estudiantes,5,3,1,1,8,5,3,10,Argentina - Primera Nacional,0.6,0.8,3,2.0,1.6,1.67,1.25,5
Colon Santa Fe,6,3,1,2,6,4,2,10,Argentina - Primera Nacional,0.5,0.67,2,1.67,1.0,2.0,1.49,5
D. Madryn,5,3,1,1,5,3,2,10,Argentina - Primera Nacional,0.6,0.8,2,2.0,1.0,1.67,1.25,5
Ferro Carril,5,2,3,0,4,0,4,9,Argentina - Primera Nacional,0.4,1.0,4,1.8,0.8,2.5,1.0,6
Racing Cordoba,6,2,3,1,8,5,3,9,Argentina - Primera Nacional,0.33,0.83,3,1.5,1.33,3.03,1.2,6
Temperley,5,3,0,2,5,5,0,9,Argentina - Primera Nacional,0.6,0.6,0,1.8,1.0,1.67,1.67,6
Tristan Suarez,4,2,2,0,5,2,3,8,Argentina - Primera Nacional,0.5,1.0,3,2.0,1.25,2.0,1.0,7
Los Andes,5,2,2,1,6,4,2,8,Argentina - Primera Nacional,0.4,0.8,2,1.6,1.2,2.5,1.25,7
D. de Belgrano,4,2,2,0,4,2,2,8,Argentina - Primera Nacional,0.5,1.0,2,2.0,1.0,2.0,1.0,7
E. Rio Cuarto,4,2,2,0,4,2,2,8,Argentina - Primera Nacional,0.5,1.0,2,2.0,1.0,2.0,1.0,7
Gimnasia Jujuy,5,2,2,1,3,1,2,8,Argentina - Primera Nacional,0.4,0.8,2,1.6,0.6,2.5,1.25,7
SM Tucuman,4,2,2,0,3,1,2,8,Argentina - Primera Nacional,0.5,1.0,2,2.0,0.75,2.0,1.0,7
Almagro,5,2,2,1,2,1,1,8,Argentina - Primera Nacional,0.4,0.8,1,1.6,0.4,2.5,1.25,7
Almirante Brown,5,1,4,0,5,3,2,7,Argentina - Primera Nacional,0.2,1.0,2,1.4,1.0,5.0,1.0,8
Atletico Mitre,6,2,1,3,5,4,1,7,Argentina - Primera Nacional,0.33,0.5,1,1.17,0.83,3.03,2.0,8
Gimnasia y Tiro,4,2,1,1,4,3,1,7,Argentina - Primera Nacional,0.5,0.75,1,1.75,1.0,2.0,1.33,8
Alvarado,5,1,3,1,4,4,0,6,Argentina - Primera Nacional,0.2,0.8,0,1.2,0.8,5.0,1.25,9
Colegiales,6,1,3,2,2,3,-1,6,Argentina - Primera Nacional,0.17,0.67,-1,1.0,0.33,5.88,1.49,9
San Telmo,4,2,0,2,2,6,-4,6,Argentina - Primera Nacional,0.5,0.5,-4,1.5,0.5,2.0,2.0,9
A. Quilmes,8,6,2,0,14,3,11,20,Argentina - Primera B,0.75,1.0,11,2.5,1.75,1.33,1.0,1
Deportivo Merlo,8,5,3,0,12,5,7,18,Argentina - Primera B,0.62,1.0,7,2.25,1.5,1.61,1.0,2
Excursionistas,8,5,2,1,18,7,11,17,Argentina - Primera B,0.62,0.88,11,2.12,2.25,1.61,1.14,3
D. Armenio,8,5,2,1,14,4,10,17,Argentina - Primera B,0.62,0.88,10,2.12,1.75,1.61,1.14,3
Colegiales,8,5,2,1,10,1,9,17,Argentina - Primera B,0.62,0.88,9,2.12,1.25,1.61,1.14,3
Liniers,8,4,3,1,12,6,6,15,Argentina - Primera B,0.5,0.88,6,1.88,1.5,2.0,1.14,4
Flandria,8,4,3,1,8,3,5,15,Argentina - Primera B,0.5,0.88,5,1.88,1.0,2.0,1.14,4
Villa Dalmine,8,4,3,1,6,4,2,15,Argentina - Primera B,0.5,0.88,2,1.88,0.75,2.0,1.14,4
S. Italiano,8,4,2,2,11,3,8,14,Argentina - Primera B,0.5,0.75,8,1.75,1.38,2.0,1.33,5
Midland,8,4,2,2,11,5,6,14,Argentina - Primera B,0.5,0.75,6,1.75,1.38,2.0,1.33,5
SM Burzaco,8,4,2,2,9,4,5,14,Argentina - Primera B,0.5,0.75,5,1.75,1.12,2.0,1.33,5
Los Andes,8,4,1,3,9,6,3,13,Argentina - Primera B,0.5,0.62,3,1.62,1.12,2.0,1.61,6
UAI Urquiza,8,3,3,2,10,9,1,12,Argentina - Primera B,0.38,0.75,1,1.5,1.25,2.63,1.33,7
Sacachispas,8,3,2,3,5,7,-2,11,Argentina - Primera B,0.38,0.62,-2,1.38,0.62,2.63,1.61,8
Comunicaciones,8,2,4,2,8,8,0,10,Argentina - Primera B,0.25,0.75,0,1.25,1.0,4.0,1.33,9
Argentino Merlo,8,3,1,4,8,11,-3,10,Argentina - Primera B,0.38,0.5,-3,1.25,1.0,2.63,2.0,9
Fenix,8,2,2,4,6,7,-1,8,Argentina - Primera B,0.25,0.5,-1,1.0,0.75,4.0,2.0,10
Dock Sud,8,2,2,4,8,10,-2,8,Argentina - Primera B,0.25,0.5,-2,1.0,1.0,4.0,2.0,10
Acassuso,8,2,2,4,6,11,-5,8,Argentina - Primera B,0.25,0.5,-5,1.0,0.75,4.0,2.0,10
Canuelas,8,2,2,4,3,9,-6,8,Argentina - Primera B,0.25,0.5,-6,1.0,0.38,4.0,2.0,10
D. Laferrere,8,1,4,3,7,9,-2,7,Argentina - Primera B,0.12,0.62,-2,0.88,0.88,8.33,1.61,11
V. San Carlos,8,1,3,4,3,4,-1,6,Argentina - Primera B,0.12,0.5,-1,0.75,0.38,8.33,2.0,12
G. Chivilcoy,3,3,0,0,5,2,3,9,Argentina - Torneo Federal,1.0,1.0,3,3.0,1.67,1.0,1.0,1
S. Las Parejas,3,2,1,0,6,0,6,7,Argentina - Torneo Federal,0.67,1.0,6,2.33,2.0,1.49,1.0,2
S. Belgrano,3,2,1,0,4,0,4,7,Argentina - Torneo Federal,0.67,1.0,4,2.33,1.33,1.49,1.0,2
Sol de America,2,2,0,0,7,1,6,6,Argentina - Torneo Federal,1.0,1.0,6,3.0,3.5,1.0,1.0,3
Cipolletti,2,2,0,0,6,0,6,6,Argentina - Torneo Federal,1.0,1.0,6,3.0,3.0,1.0,1.0,3
Ciudad Bolivar,2,2,0,0,5,1,4,6,Argentina - Torneo Federal,1.0,1.0,4,3.0,2.5,1.0,1.0,3
Sarmiento DLB,2,2,0,0,5,1,4,6,Argentina - Torneo Federal,1.0,1.0,4,3.0,2.5,1.0,1.0,3
Argentino MM,2,2,0,0,4,0,4,6,Argentina - Torneo Federal,1.0,1.0,4,3.0,2.0,1.0,1.0,3
D. Rincon,3,2,0,1,6,4,2,6,Argentina - Torneo Federal,0.67,0.67,2,2.0,2.0,1.49,1.49,3
A. Rafaela,2,2,0,0,3,1,2,6,Argentina - Torneo Federal,1.0,1.0,2,3.0,1.5,1.0,1.0,3
Juventud U. U.,2,2,0,0,2,0,2,6,Argentina - Torneo Federal,1.0,1.0,2,3.0,1.0,1.0,1.0,3
Crucero del N.,3,2,0,1,5,5,0,6,Argentina - Torneo Federal,0.67,0.67,0,2.0,1.67,1.49,1.49,3
Sarmiento R.,3,2,0,1,4,4,0,6,Argentina - Torneo Federal,0.67,0.67,0,2.0,1.33,1.49,1.49,3
Costa Brava,3,1,2,0,5,2,3,5,Argentina - Torneo Federal,0.33,1.0,3,1.67,1.67,3.03,1.0,4
I. Chivilcoy,2,1,1,0,5,2,3,4,Argentina - Torneo Federal,0.5,1.0,3,2.0,2.5,2.0,1.0,5
Ben Hur,2,1,1,0,3,1,2,4,Argentina - Torneo Federal,0.5,1.0,2,2.0,1.5,2.0,1.0,5
Douglas Haig,2,1,1,0,2,0,2,4,Argentina - Torneo Federal,0.5,1.0,2,2.0,1.0,2.0,1.0,5
J. Antoniana,2,1,1,0,3,2,1,4,Argentina - Torneo Federal,0.5,1.0,1,2.0,1.5,2.0,1.0,5
Bartolomé Mitre,2,1,1,0,2,1,1,4,Argentina - Torneo Federal,0.5,1.0,1,2.0,1.0,2.0,1.0,5
Huracan Las H.,2,1,1,0,2,1,1,4,Argentina - Torneo Federal,0.5,1.0,1,2.0,1.0,2.0,1.0,5
Olimpo Bahia B.,2,1,1,0,2,1,1,4,Argentina - Torneo Federal,0.5,1.0,1,2.0,1.0,2.0,1.0,5
SM Formosa,2,1,1,0,2,1,1,4,Argentina - Torneo Federal,0.5,1.0,1,2.0,1.0,2.0,1.0,5
D. Belgrano VR,2,1,1,0,1,0,1,4,Argentina - Torneo Federal,0.5,1.0,1,2.0,0.5,2.0,1.0,5
9 Julio Rafaela,3,1,1,1,3,3,0,4,Argentina - Torneo Federal,0.33,0.67,0,1.33,1.0,3.03,1.49,5
Santamarina,3,1,1,1,2,2,0,4,Argentina - Torneo Federal,0.33,0.67,0,1.33,0.67,3.03,1.49,5
Guillermo Brown,2,1,0,1,3,2,1,3,Argentina - Torneo Federal,0.5,0.5,1,1.5,1.5,2.0,2.0,6
Gutierrez,2,1,0,1,5,5,0,3,Argentina - Torneo Federal,0.5,0.5,0,1.5,2.5,2.0,2.0,6
Villa Mitre,2,1,0,1,2,2,0,3,Argentina - Torneo Federal,0.5,0.5,0,1.5,1.0,2.0,2.0,6
Atenas,3,1,0,2,2,3,-1,3,Argentina - Torneo Federal,0.33,0.33,-1,1.0,0.67,3.03,3.03,6
Noah,8,8,0,0,36,3,33,24,Armenia - Premier League,1.0,1.0,33,3.0,4.5,1.0,1.0,1
Urartu,8,6,0,2,14,10,4,18,Armenia - Premier League,0.75,0.75,4,2.25,1.75,1.33,1.33,2
Ararat-Armenia,8,5,1,2,17,8,9,16,Armenia - Premier League,0.62,0.75,9,2.0,2.12,1.61,1.33,3
Van,8,5,1,2,16,8,8,16,Armenia - Premier League,0.62,0.75,8,2.0,2.0,1.61,1.33,3
West Armenia,8,4,2,2,9,9,0,14,Armenia - Premier League,0.5,0.75,0,1.75,1.12,2.0,1.33,4
Pyunik,8,4,1,3,14,10,4,13,Armenia - Premier League,0.5,0.62,4,1.62,1.75,2.0,1.61,5
BKMA,8,4,1,3,13,14,-1,13,Armenia - Premier League,0.5,0.62,-1,1.62,1.62,2.0,1.61,5
Shirak,8,2,2,4,5,9,-4,8,Armenia - Premier League,0.25,0.5,-4,1.0,0.62,4.0,2.0,6
Alashkert,8,1,3,4,8,17,-9,6,Armenia - Premier League,0.12,0.5,-9,0.75,1.0,8.33,2.0,7
Ararat Yerevan,8,0,3,5,5,13,-8,3,Armenia - Premier League,0.0,0.38,-8,0.38,0.62,0.0,2.63,8
Gandzasar,8,0,0,8,3,25,-22,0,Armenia - Premier League,0.0,0.0,-22,0.0,0.38,0.0,0.0,9
Melbourne City,8,7,0,1,12,3,9,21,Australia - A-League,0.88,0.88,9,2.62,1.5,1.14,1.14,1
Western United,8,5,2,1,16,7,9,17,Australia - A-League,0.62,0.88,9,2.12,2.0,1.61,1.14,2
Melbourne V.,8,4,3,1,19,12,7,15,Australia - A-League,0.5,0.88,7,1.88,2.38,2.0,1.14,3
WS Wanderers,8,5,0,3,19,12,7,15,Australia - A-League,0.62,0.62,7,1.88,2.38,1.61,1.61,3
Auckland,8,3,4,1,18,13,5,13,Australia - A-League,0.38,0.88,5,1.62,2.25,2.63,1.14,4
Sydney FC,8,3,3,2,22,15,7,12,Australia - A-League,0.38,0.75,7,1.5,2.75,2.63,1.33,5
Newcastle Jets,8,3,2,3,19,15,4,11,Australia - A-League,0.38,0.62,4,1.38,2.38,2.63,1.61,6
Adelaide Utd,8,2,2,4,16,18,-2,8,Australia - A-League,0.25,0.5,-2,1.0,2.0,4.0,2.0,7
Perth Glory,8,2,2,4,10,12,-2,8,Australia - A-League,0.25,0.5,-2,1.0,1.25,4.0,2.0,7
Central Coast,8,2,2,4,10,20,-10,8,Australia - A-League,0.25,0.5,-10,1.0,1.25,4.0,2.0,7
Wellington,8,1,4,3,8,10,-2,7,Australia - A-League,0.12,0.62,-2,0.88,1.0,8.33,1.61,8
Macarthur FC,8,1,4,3,13,16,-3,7,Australia - A-League,0.12,0.62,-3,0.88,1.62,8.33,1.61,8
Brisbane Roar,8,1,1,6,5,15,-10,4,Australia - A-League,0.12,0.25,-10,0.5,0.62,8.33,4.0,9
Dandenong T.,6,5,1,0,15,7,8,16,Australia - NPL Victoria,0.83,1.0,8,2.67,2.5,1.2,1.0,1
Avondale,5,5,0,0,17,3,14,15,Australia - NPL Victoria,1.0,1.0,14,3.0,3.4,1.0,1.0,2
Heidelberg Utd,5,4,1,0,14,4,10,13,Australia - NPL Victoria,0.8,1.0,10,2.6,2.8,1.25,1.0,3
Oakleigh C.,5,3,0,2,11,5,6,9,Australia - NPL Victoria,0.6,0.6,6,1.8,2.2,1.67,1.67,4
Preston Lions,4,3,0,1,7,4,3,9,Australia - NPL Victoria,0.75,0.75,3,2.25,1.75,1.33,1.33,4
Melbourne K.,7,3,0,4,11,12,-1,9,Australia - NPL Victoria,0.43,0.43,-1,1.29,1.57,2.33,2.33,4
Hume City,4,2,1,1,5,5,0,7,Australia - NPL Victoria,0.5,0.75,0,1.75,1.25,2.0,1.33,5
Altona Magic,5,1,3,1,2,2,0,6,Australia - NPL Victoria,0.2,0.8,0,1.2,0.4,5.0,1.25,6
M. Victory B,6,1,3,2,8,11,-3,6,Australia - NPL Victoria,0.17,0.67,-3,1.0,1.33,5.88,1.49,6
Port Melbourne,6,2,0,4,5,11,-6,6,Australia - NPL Victoria,0.33,0.33,-6,1.0,0.83,3.03,3.03,6
Green Gully,4,1,2,1,5,7,-2,5,Australia - NPL Victoria,0.25,0.75,-2,1.25,1.25,4.0,1.33,7
St. Albans,4,1,0,3,6,8,-2,3,Australia - NPL Victoria,0.25,0.25,-2,0.75,1.5,4.0,4.0,8
South Melbourne,4,1,0,3,4,10,-6,3,Australia - NPL Victoria,0.25,0.25,-6,0.75,1.0,4.0,4.0,8
Dandenong City,5,0,2,3,6,13,-7,2,Australia - NPL Victoria,0.0,0.4,-7,0.4,1.2,0.0,2.5,9
Gold C. Utd,3,3,0,0,6,1,5,9,Australia - NPL Queensland,1.0,1.0,5,3.0,2.0,1.0,1.0,1
Peninsula,3,2,1,0,8,2,6,7,Australia - NPL Queensland,0.67,1.0,6,2.33,2.67,1.49,1.0,2
Q. Lions,1,1,0,0,3,0,3,3,Australia - NPL Queensland,1.0,1.0,3,3.0,3.0,1.0,1.0,3
Olympic FC,2,1,0,1,4,2,2,3,Australia - NPL Queensland,0.5,0.5,2,1.5,2.0,2.0,2.0,3
Gold C. Knights,1,1,0,0,3,1,2,3,Australia - NPL Queensland,1.0,1.0,2,3.0,3.0,1.0,1.0,3
Moreton City E.,1,1,0,0,3,1,2,3,Australia - NPL Queensland,1.0,1.0,2,3.0,3.0,1.0,1.0,3
Brisbane City,4,1,0,3,5,9,-4,3,Australia - NPL Queensland,0.25,0.25,-4,0.75,1.25,4.0,4.0,3
Eastern Suburbs,1,0,1,0,1,1,0,1,Australia - NPL Queensland,0.0,1.0,0,1.0,1.0,0.0,1.0,4
Wynnum Wolves,2,0,1,1,2,4,-2,1,Australia - NPL Queensland,0.0,0.5,-2,0.5,1.0,0.0,2.0,4
SC Wanderers,2,0,1,1,1,3,-2,1,Australia - NPL Queensland,0.0,0.5,-2,0.5,0.5,0.0,2.0,4
Brisbane Roar B,1,0,0,1,1,2,-1,0,Australia - NPL Queensland,0.0,0.0,-1,0.0,1.0,0.0,0.0,5
St George W.,1,0,0,1,0,3,-3,0,Australia - NPL Queensland,0.0,0.0,-3,0.0,0.0,0.0,0.0,5
Austria Wien,8,7,0,1,15,4,11,21,Austria - Bundesliga,0.88,0.88,11,2.62,1.88,1.14,1.14,1
Sturm Graz,8,5,2,1,26,11,15,17,Austria - Bundesliga,0.62,0.88,15,2.12,3.25,1.61,1.14,2
Rapid Wien,8,5,1,2,16,7,9,16,Austria - Bundesliga,0.62,0.75,9,2.0,2.0,1.61,1.33,3
Salzburg,8,4,3,1,15,6,9,15,Austria - Bundesliga,0.5,0.88,9,1.88,1.88,2.0,1.14,4
LASK Linz,8,4,2,2,15,10,5,14,Austria - Bundesliga,0.5,0.75,5,1.75,1.88,2.0,1.33,5
Hartberg,8,4,2,2,10,9,1,14,Austria - Bundesliga,0.5,0.75,1,1.75,1.25,2.0,1.33,5
BW Linz,8,4,0,4,13,11,2,12,Austria - Bundesliga,0.5,0.5,2,1.5,1.62,2.0,2.0,6
Wolfsberger AC,8,3,1,4,11,10,1,10,Austria - Bundesliga,0.38,0.5,1,1.25,1.38,2.63,2.0,7
A. Klagenfurt,8,2,3,3,11,13,-2,9,Austria - Bundesliga,0.25,0.62,-2,1.12,1.38,4.0,1.61,8
Tirol,8,1,4,3,6,11,-5,7,Austria - Bundesliga,0.12,0.62,-5,0.88,0.75,8.33,1.61,9
Grazer AK,8,1,2,5,8,14,-6,5,Austria - Bundesliga,0.12,0.38,-6,0.62,1.0,8.33,2.63,10
Altach,8,0,4,4,6,10,-4,4,Austria - Bundesliga,0.0,0.5,-4,0.5,0.75,0.0,2.0,11
Admira Wacker,8,6,2,0,15,5,10,20,Austria - 2. Liga,0.75,1.0,10,2.5,1.88,1.33,1.0,1
First Vienna,8,6,0,2,15,8,7,18,Austria - 2. Liga,0.75,0.75,7,2.25,1.88,1.33,1.33,2
Ried,8,5,1,2,19,9,10,16,Austria - 2. Liga,0.62,0.75,10,2.0,2.38,1.61,1.33,3
Liefering,8,5,1,2,16,8,8,16,Austria - 2. Liga,0.62,0.75,8,2.0,2.0,1.61,1.33,3
Bregenz,8,5,1,2,16,12,4,16,Austria - 2. Liga,0.62,0.75,4,2.0,2.0,1.61,1.33,3
St. Polten,8,4,2,2,15,9,6,14,Austria - 2. Liga,0.5,0.75,6,1.75,1.88,2.0,1.33,4
Sturm Graz B,8,4,2,2,8,7,1,14,Austria - 2. Liga,0.5,0.75,1,1.75,1.0,2.0,1.33,4
Kapfenberger,8,4,1,3,18,14,4,13,Austria - 2. Liga,0.5,0.62,4,1.62,2.25,2.0,1.61,5
Voitsberg,8,4,1,3,10,7,3,13,Austria - 2. Liga,0.5,0.62,3,1.62,1.25,2.0,1.61,5
Amstetten,8,3,3,2,13,9,4,12,Austria - 2. Liga,0.38,0.75,4,1.5,1.62,2.63,1.33,6
Stripfing,8,3,2,3,11,11,0,11,Austria - 2. Liga,0.38,0.62,0,1.38,1.38,2.63,1.61,7
Rapid Wien B,8,3,1,4,11,14,-3,10,Austria - 2. Liga,0.38,0.5,-3,1.25,1.38,2.63,2.0,8
Floridsdorfer,8,1,4,3,5,10,-5,7,Austria - 2. Liga,0.12,0.62,-5,0.88,0.62,8.33,1.61,9
A. Lustenau,8,1,3,4,4,7,-3,6,Austria - 2. Liga,0.12,0.5,-3,0.75,0.5,8.33,2.0,10
Lafnitz,8,1,3,4,12,17,-5,6,Austria - 2. Liga,0.12,0.5,-5,0.75,1.5,8.33,2.0,10
SV Horn,8,1,3,4,7,12,-5,6,Austria - 2. Liga,0.12,0.5,-5,0.75,0.88,8.33,2.0,10
Qarabag,8,6,1,1,22,5,17,19,Azerbaijan - Premier League,0.75,0.88,17,2.38,2.75,1.33,1.14,1
Zira,8,6,1,1,15,5,10,19,Azerbaijan - Premier League,0.75,0.88,10,2.38,1.88,1.33,1.14,1
Kapaz,8,3,5,0,11,6,5,14,Azerbaijan - Premier League,0.38,1.0,5,1.75,1.38,2.63,1.0,2
Araz,8,3,3,2,7,6,1,12,Azerbaijan - Premier League,0.38,0.75,1,1.5,0.88,2.63,1.33,3
Neftci,8,3,3,2,9,9,0,12,Azerbaijan - Premier League,0.38,0.75,0,1.5,1.12,2.63,1.33,3
Sabah,8,2,5,1,9,8,1,11,Azerbaijan - Premier League,0.25,0.88,1,1.38,1.12,4.0,1.14,4
Turan,8,3,2,3,10,13,-3,11,Azerbaijan - Premier League,0.38,0.62,-3,1.38,1.25,2.63,1.61,4
Shamakhi,8,3,1,4,6,7,-1,10,Azerbaijan - Premier League,0.38,0.5,-1,1.25,0.75,2.63,2.0,5
Sumqayit,8,2,2,4,9,12,-3,8,Azerbaijan - Premier League,0.25,0.5,-3,1.0,1.12,4.0,2.0,6
Sebail,8,1,2,5,3,11,-8,5,Azerbaijan - Premier League,0.12,0.38,-8,0.62,0.38,8.33,2.63,7
Al-Muharraq,7,7,0,0,26,5,21,21,Bahrain - Premier League,1.0,1.0,21,3.0,3.71,1.0,1.0,1
Khalidiya,7,7,0,0,15,4,11,21,Bahrain - Premier League,1.0,1.0,11,3.0,2.14,1.0,1.0,1
Al Riffa,7,4,1,2,13,8,5,13,Bahrain - Premier League,0.57,0.71,5,1.86,1.86,1.75,1.41,2
Al Ahli M.,7,4,1,2,12,8,4,13,Bahrain - Premier League,0.57,0.71,4,1.86,1.71,1.75,1.41,2
Sitra,7,3,2,2,10,7,3,11,Bahrain - Premier League,0.43,0.71,3,1.57,1.43,2.33,1.41,3
Malkiya,7,1,6,0,4,3,1,9,Bahrain - Premier League,0.14,1.0,1,1.29,0.57,7.14,1.0,4
Bahrain SC,7,2,1,4,9,13,-4,7,Bahrain - Premier League,0.29,0.43,-4,1.0,1.29,3.45,2.33,5
Al Shabbab,7,1,3,3,6,10,-4,6,Bahrain - Premier League,0.14,0.57,-4,0.86,0.86,7.14,1.75,6
Manama,7,1,3,3,4,13,-9,6,Bahrain - Premier League,0.14,0.57,-9,0.86,0.57,7.14,1.75,6
Al-Najma,7,1,2,4,11,13,-2,5,Bahrain - Premier League,0.14,0.43,-2,0.71,1.57,7.14,2.33,7
AAli FC,7,1,2,4,6,11,-5,5,Bahrain - Premier League,0.14,0.43,-5,0.71,0.86,7.14,2.33,7
East Riffa,7,1,2,4,7,13,-6,5,Bahrain - Premier League,0.14,0.43,-6,0.71,1.0,7.14,2.33,7
Abahani,4,4,0,0,10,1,9,12,Bangladesh - Premier League,1.0,1.0,9,3.0,2.5,1.0,1.0,1
Rahmatgonj,6,4,0,2,15,7,8,12,Bangladesh - Premier League,0.67,0.67,8,2.0,2.5,1.49,1.49,1
Mohammedan,5,4,0,1,6,1,5,12,Bangladesh - Premier League,0.8,0.8,5,2.4,1.2,1.25,1.25,1
Bashundhara K.,5,3,1,1,17,5,12,10,Bangladesh - Premier League,0.6,0.8,12,2.0,3.4,1.67,1.25,2
Brothers Union,6,3,1,2,7,4,3,10,Bangladesh - Premier League,0.5,0.67,3,1.67,1.17,2.0,1.49,2
Fortis,6,2,4,0,7,4,3,10,Bangladesh - Premier League,0.33,1.0,3,1.67,1.17,3.03,1.0,2
B. Police,6,3,1,2,9,11,-2,10,Bangladesh - Premier League,0.5,0.67,-2,1.67,1.5,2.0,1.49,2
Fakirerpool,5,1,0,4,5,15,-10,3,Bangladesh - Premier League,0.2,0.2,-10,0.6,1.0,5.0,5.0,3
Chittagong,6,1,0,5,2,15,-13,3,Bangladesh - Premier League,0.17,0.17,-13,0.5,0.33,5.88,5.88,3
Dhaka Wanderers,6,1,0,5,3,23,-20,3,Bangladesh - Premier League,0.17,0.17,-20,0.5,0.5,5.88,5.88,3
Slavia Mozyr,2,2,0,0,7,1,6,6,Belarus - Vysshaya Liga,1.0,1.0,6,3.0,3.5,1.0,1.0,1
Neman Grodno,3,2,0,1,5,2,3,6,Belarus - Vysshaya Liga,0.67,0.67,3,2.0,1.67,1.49,1.49,1
FC Minsk,3,2,0,1,6,5,1,6,Belarus - Vysshaya Liga,0.67,0.67,1,2.0,2.0,1.49,1.49,1
Vitebsk,3,1,1,1,5,4,1,4,Belarus - Vysshaya Liga,0.33,0.67,1,1.33,1.67,3.03,1.49,2
Slutsk,3,1,1,1,2,1,1,4,Belarus - Vysshaya Liga,0.33,0.67,1,1.33,0.67,3.03,1.49,2
T. Zhodino,2,1,1,0,2,1,1,4,Belarus - Vysshaya Liga,0.5,1.0,1,2.0,1.0,2.0,1.0,2
Dinamo Minsk,1,1,0,0,1,0,1,3,Belarus - Vysshaya Liga,1.0,1.0,1,3.0,1.0,1.0,1.0,3
Dinamo Brest,2,1,0,1,2,2,0,3,Belarus - Vysshaya Liga,0.5,0.5,0,1.5,1.0,2.0,2.0,3
Isloch,2,0,2,0,3,3,0,2,Belarus - Vysshaya Liga,0.0,1.0,0,1.0,1.5,0.0,1.0,4
Arsenal D.,2,0,2,0,2,2,0,2,Belarus - Vysshaya Liga,0.0,1.0,0,1.0,1.0,0.0,1.0,4
Maxline,1,0,1,0,2,2,0,1,Belarus - Vysshaya Liga,0.0,1.0,0,1.0,2.0,0.0,1.0,5
Gomel,2,0,1,1,1,2,-1,1,Belarus - Vysshaya Liga,0.0,0.5,-1,0.5,0.5,0.0,2.0,5
BATE Borisov,2,0,1,1,0,1,-1,1,Belarus - Vysshaya Liga,0.0,0.5,-1,0.5,0.0,0.0,2.0,5
Naftan,2,0,1,1,2,5,-3,1,Belarus - Vysshaya Liga,0.0,0.5,-3,0.5,1.0,0.0,2.0,5
Smorgon,0,0,0,0,0,0,0,0,Belarus - Vysshaya Liga,0.0,0.0,0,0.0,0.0,0.0,0.0,6
Molodechno,1,0,0,1,0,1,-1,0,Belarus - Vysshaya Liga,0.0,0.0,-1,0.0,0.0,0.0,0.0,6
BATE B,3,2,1,0,11,4,7,7,Belarus - First League,0.67,1.0,7,2.33,3.67,1.49,1.0,1
Ostrovets,2,2,0,0,6,1,5,6,Belarus - First League,1.0,1.0,5,3.0,3.0,1.0,1.0,2
Volna Pinsk,2,2,0,0,6,3,3,6,Belarus - First League,1.0,1.0,3,3.0,3.0,1.0,1.0,2
Dinamo Minsk B,3,1,2,0,5,3,2,5,Belarus - First League,0.33,1.0,2,1.67,1.67,3.03,1.0,3
Niva,2,1,1,0,4,3,1,4,Belarus - First League,0.5,1.0,1,2.0,2.0,2.0,1.0,4
Lida,1,1,0,0,4,1,3,3,Belarus - First League,1.0,1.0,3,3.0,4.0,1.0,1.0,5
Uni X L. Minsk,1,1,0,0,3,0,3,3,Belarus - First League,1.0,1.0,3,3.0,3.0,1.0,1.0,5
Dnepr Mogilev,1,1,0,0,3,2,1,3,Belarus - First League,1.0,1.0,1,3.0,3.0,1.0,1.0,5
Slonim,1,1,0,0,1,0,1,3,Belarus - First League,1.0,1.0,1,3.0,1.0,1.0,1.0,5
ABFF U19,2,1,0,1,2,2,0,3,Belarus - First League,0.5,0.5,0,1.5,1.0,2.0,2.0,5
Gomel B,2,0,2,0,4,4,0,2,Belarus - First League,0.0,1.0,0,1.0,2.0,0.0,1.0,6
Lokomotiv Gomel,1,0,1,0,3,3,0,1,Belarus - First League,0.0,1.0,0,1.0,3.0,0.0,1.0,7
Bumprom,1,0,1,0,1,1,0,1,Belarus - First League,0.0,1.0,0,1.0,1.0,0.0,1.0,7
Osipovichy,1,0,1,0,1,1,0,1,Belarus - First League,0.0,1.0,0,1.0,1.0,0.0,1.0,7
Belshina,0,0,0,0,0,0,0,0,Belarus - First League,0.0,0.0,0,0.0,0.0,0.0,0.0,8
Orsha,0,0,0,0,0,0,0,0,Belarus - First League,0.0,0.0,0,0.0,0.0,0.0,0.0,8
Baranovichi,1,0,0,1,1,2,-1,0,Belarus - First League,0.0,0.0,-1,0.0,1.0,0.0,0.0,8
Minsk B,2,0,0,2,2,4,-2,0,Belarus - First League,0.0,0.0,-2,0.0,1.0,0.0,0.0,8
KRC Genk,8,7,1,0,15,4,11,22,Belgium - Pro League,0.88,1.0,11,2.75,1.88,1.14,1.0,1
Club Brugge,8,6,1,1,21,11,10,19,Belgium - Pro League,0.75,0.88,10,2.38,2.62,1.33,1.14,2
Royale Union SG,8,6,1,1,17,7,10,19,Belgium - Pro League,0.75,0.88,10,2.38,2.12,1.33,1.14,2
OH Leuven,8,5,3,0,10,4,6,18,Belgium - Pro League,0.62,1.0,6,2.25,1.25,1.61,1.0,3
Anderlecht,8,5,0,3,19,10,9,15,Belgium - Pro League,0.62,0.62,9,1.88,2.38,1.61,1.61,4
Gent,8,3,3,2,11,10,1,12,Belgium - Pro League,0.38,0.75,1,1.5,1.38,2.63,1.33,5
Antwerp,8,3,3,2,13,13,0,12,Belgium - Pro League,0.38,0.75,0,1.5,1.62,2.63,1.33,5
Westerlo,8,3,2,3,16,12,4,11,Belgium - Pro League,0.38,0.62,4,1.38,2.0,2.63,1.61,6
Standard Liege,8,3,2,3,5,6,-1,11,Belgium - Pro League,0.38,0.62,-1,1.38,0.62,2.63,1.61,6
KV Mechelen,8,2,4,2,12,10,2,10,Belgium - Pro League,0.25,0.75,2,1.25,1.5,4.0,1.33,7
Sint-Truiden,8,2,4,2,13,12,1,10,Belgium - Pro League,0.25,0.75,1,1.25,1.62,4.0,1.33,7
Beerschot,8,2,4,2,9,12,-3,10,Belgium - Pro League,0.25,0.75,-3,1.25,1.12,4.0,1.33,7
Cercle Brugge,8,2,4,2,5,10,-5,10,Belgium - Pro League,0.25,0.75,-5,1.25,0.62,4.0,1.33,7
Charleroi,8,2,3,3,11,8,3,9,Belgium - Pro League,0.25,0.62,3,1.12,1.38,4.0,1.61,8
Dender,8,2,3,3,5,7,-2,9,Belgium - Pro League,0.25,0.62,-2,1.12,0.62,4.0,1.61,8
Kortrijk,8,2,1,5,8,12,-4,7,Belgium - Pro League,0.25,0.38,-4,0.88,1.0,4.0,2.63,9
Zulte-Waregem,8,7,0,1,23,9,14,21,Belgium - Challenger Pro League,0.88,0.88,14,2.62,2.88,1.14,1.14,1
RWDM,8,7,0,1,10,2,8,21,Belgium - Challenger Pro League,0.88,0.88,8,2.62,1.25,1.14,1.14,1
La Louviere,8,5,3,0,14,6,8,18,Belgium - Challenger Pro League,0.62,1.0,8,2.25,1.75,1.61,1.0,2
Beveren,8,4,3,1,12,7,5,15,Belgium - Challenger Pro League,0.5,0.88,5,1.88,1.5,2.0,1.14,3
Patro Eisden,8,4,2,2,16,8,8,14,Belgium - Challenger Pro League,0.5,0.75,8,1.75,2.0,2.0,1.33,4
Lierse K.,8,4,2,2,8,6,2,14,Belgium - Challenger Pro League,0.5,0.75,2,1.75,1.0,2.0,1.33,4
Lokeren-Temse,8,4,2,2,8,9,-1,14,Belgium - Challenger Pro League,0.5,0.75,-1,1.75,1.0,2.0,1.33,4
Eupen,8,4,1,3,12,11,1,13,Belgium - Challenger Pro League,0.5,0.62,1,1.62,1.5,2.0,1.61,5
RFC Liege,8,3,3,2,11,9,2,12,Belgium - Challenger Pro League,0.38,0.75,2,1.5,1.38,2.63,1.33,6
Club Brugge B,8,4,0,4,10,11,-1,12,Belgium - Challenger Pro League,0.5,0.5,-1,1.5,1.25,2.0,2.0,6
Francs Borains,8,3,2,3,12,14,-2,11,Belgium - Challenger Pro League,0.38,0.62,-2,1.38,1.5,2.63,1.61,7
Anderlecht B,8,2,2,4,15,13,2,8,Belgium - Challenger Pro League,0.25,0.5,2,1.0,1.88,4.0,2.0,8
Seraing,8,0,4,4,9,15,-6,4,Belgium - Challenger Pro League,0.0,0.5,-6,0.5,1.12,0.0,2.0,9
Lommel SK,8,1,1,6,7,13,-6,4,Belgium - Challenger Pro League,0.12,0.25,-6,0.5,0.88,8.33,4.0,9
KRC Genk B,8,0,3,5,10,16,-6,3,Belgium - Challenger Pro League,0.0,0.38,-6,0.38,1.25,0.0,2.63,10
Deinze,0,0,0,0,0,0,0,0,Belgium - Challenger Pro League,0.0,0.0,0,0.0,0.0,0.0,0.0,11
Bolivar,2,2,0,0,8,2,6,6,Bolivia - Primera Div. - Apertura,1.0,1.0,6,3.0,4.0,1.0,1.0,1
Aurora,2,2,0,0,7,1,6,6,Bolivia - Primera Div. - Apertura,1.0,1.0,6,3.0,3.5,1.0,1.0,1
ABB,2,1,1,0,2,0,2,4,Bolivia - Primera Div. - Apertura,0.5,1.0,2,2.0,1.0,2.0,1.0,2
Guabira,1,1,0,0,5,2,3,3,Bolivia - Primera Div. - Apertura,1.0,1.0,3,3.0,5.0,1.0,1.0,3
Blooming,1,1,0,0,3,1,2,3,Bolivia - Primera Div. - Apertura,1.0,1.0,2,3.0,3.0,1.0,1.0,3
Nacional Potosi,2,1,0,1,3,1,2,3,Bolivia - Primera Div. - Apertura,0.5,0.5,2,1.5,1.5,2.0,2.0,3
SA Bulo Bulo,1,1,0,0,2,0,2,3,Bolivia - Primera Div. - Apertura,1.0,1.0,2,3.0,2.0,1.0,1.0,3
The Strongest,1,1,0,0,2,0,2,3,Bolivia - Primera Div. - Apertura,1.0,1.0,2,3.0,2.0,1.0,1.0,3
U. de Vinto,2,1,0,1,5,4,1,3,Bolivia - Primera Div. - Apertura,0.5,0.5,1,1.5,2.5,2.0,2.0,3
Always Ready,1,1,0,0,2,1,1,3,Bolivia - Primera Div. - Apertura,1.0,1.0,1,3.0,2.0,1.0,1.0,3
Real Tomayapo,1,1,0,0,2,1,1,3,Bolivia - Primera Div. - Apertura,1.0,1.0,1,3.0,2.0,1.0,1.0,3
Gualberto V. SJ,2,1,0,1,3,5,-2,3,Bolivia - Primera Div. - Apertura,0.5,0.5,-2,1.5,1.5,2.0,2.0,3
Oriente P.,2,0,1,1,1,2,-1,1,Bolivia - Primera Div. - Apertura,0.0,0.5,-1,0.5,0.5,0.0,2.0,4
I. Petrolero,2,0,1,1,0,2,-2,1,Bolivia - Primera Div. - Apertura,0.0,0.5,-2,0.5,0.0,0.0,2.0,4
Real Oruro,1,0,0,1,0,1,-1,0,Bolivia - Primera Div. - Apertura,0.0,0.0,-1,0.0,0.0,0.0,0.0,5
Wilstermann,1,0,0,1,0,1,-1,0,Bolivia - Primera Div. - Apertura,0.0,0.0,-1,0.0,0.0,0.0,0.0,5
Gualberto V. SJ,8,7,1,0,31,6,25,22,Bolivia - Primera Div. - Clausura,0.88,1.0,25,2.75,3.88,1.14,1.0,1
The Strongest,8,7,1,0,27,6,21,22,Bolivia - Primera Div. - Clausura,0.88,1.0,21,2.75,3.38,1.14,1.0,1
Bolivar,8,6,1,1,25,8,17,19,Bolivia - Primera Div. - Clausura,0.75,0.88,17,2.38,3.12,1.33,1.14,2
Nacional Potosi,8,5,1,2,17,8,9,16,Bolivia - Primera Div. - Clausura,0.62,0.75,9,2.0,2.12,1.61,1.33,3
Aurora,8,5,1,2,15,8,7,16,Bolivia - Primera Div. - Clausura,0.62,0.75,7,2.0,1.88,1.61,1.33,3
Real Tomayapo,8,5,1,2,12,8,4,16,Bolivia - Primera Div. - Clausura,0.62,0.75,4,2.0,1.5,1.61,1.33,3
Always Ready,8,4,2,2,15,11,4,14,Bolivia - Primera Div. - Clausura,0.5,0.75,4,1.75,1.88,2.0,1.33,4
Wilstermann,8,3,4,1,15,11,4,13,Bolivia - Primera Div. - Clausura,0.38,0.88,4,1.62,1.88,2.63,1.14,5
Blooming,8,3,4,1,11,7,4,13,Bolivia - Primera Div. - Clausura,0.38,0.88,4,1.62,1.38,2.63,1.14,5
Oriente P.,8,4,1,3,18,15,3,13,Bolivia - Primera Div. - Clausura,0.5,0.62,3,1.62,2.25,2.0,1.61,5
Guabira,8,4,1,3,11,9,2,13,Bolivia - Primera Div. - Clausura,0.5,0.62,2,1.62,1.38,2.0,1.61,5
Royal Pari,8,4,1,3,9,7,2,13,Bolivia - Primera Div. - Clausura,0.5,0.62,2,1.62,1.12,2.0,1.61,5
I. Petrolero,8,3,2,3,17,18,-1,11,Bolivia - Primera Div. - Clausura,0.38,0.62,-1,1.38,2.12,2.63,1.61,6
U. de Vinto,8,3,1,4,11,12,-1,10,Bolivia - Primera Div. - Clausura,0.38,0.5,-1,1.25,1.38,2.63,2.0,7
SA Bulo Bulo,8,1,2,5,15,19,-4,5,Bolivia - Primera Div. - Clausura,0.12,0.38,-4,0.62,1.88,8.33,2.63,8
Santa Cruz,8,1,1,6,7,17,-10,4,Bolivia - Primera Div. - Clausura,0.12,0.25,-10,0.5,0.88,8.33,4.0,9
Vasco da Gama,2,2,0,0,5,2,3,6,Brazil - Serie A,1.0,1.0,3,3.0,2.5,1.0,1.0,1
Ceara,2,2,0,0,4,1,3,6,Brazil - Serie A,1.0,1.0,3,3.0,2.0,1.0,1.0,1
Juventude,2,2,0,0,4,1,3,6,Brazil - Serie A,1.0,1.0,3,3.0,2.0,1.0,1.0,1
Fluminense,2,2,0,0,3,1,2,6,Brazil - Serie A,1.0,1.0,2,3.0,1.5,1.0,1.0,1
Flamengo,2,1,1,0,7,1,6,4,Brazil - Serie A,0.5,1.0,6,2.0,3.5,2.0,1.0,2
Mirassol,2,1,1,0,5,2,3,4,Brazil - Serie A,0.5,1.0,3,2.0,2.5,2.0,1.0,2
Botafogo,2,1,1,0,4,2,2,4,Brazil - Serie A,0.5,1.0,2,2.0,2.0,2.0,1.0,2
Santos,2,1,1,0,4,2,2,4,Brazil - Serie A,0.5,1.0,2,2.0,2.0,2.0,1.0,2
Fortaleza,2,1,1,0,2,0,2,4,Brazil - Serie A,0.5,1.0,2,2.0,1.0,2.0,1.0,2
Palmeiras,2,1,1,0,2,0,2,4,Brazil - Serie A,0.5,1.0,2,2.0,1.0,2.0,1.0,2
Bragantino,2,1,1,0,3,2,1,4,Brazil - Serie A,0.5,1.0,1,2.0,1.5,2.0,1.0,2
Internacional,2,1,0,1,3,1,2,3,Brazil - Serie A,0.5,0.5,2,1.5,1.5,2.0,2.0,3
Corinthians,2,1,0,1,3,2,1,3,Brazil - Serie A,0.5,0.5,1,1.5,1.5,2.0,2.0,3
Cruzeiro,1,1,0,0,2,1,1,3,Brazil - Serie A,1.0,1.0,1,3.0,2.0,1.0,1.0,3
Vitoria,2,1,0,1,3,3,0,3,Brazil - Serie A,0.5,0.5,0,1.5,1.5,2.0,2.0,3
Gremio,2,1,0,1,2,3,-1,3,Brazil - Serie A,0.5,0.5,-1,1.5,1.0,2.0,2.0,3
Atletico MG,2,0,2,0,2,2,0,2,Brazil - Serie A,0.0,1.0,0,1.0,1.0,0.0,1.0,4
Bahia,2,0,2,0,2,2,0,2,Brazil - Serie A,0.0,1.0,0,1.0,1.0,0.0,1.0,4
Sao Paulo,2,0,2,0,1,1,0,2,Brazil - Serie A,0.0,1.0,0,1.0,0.5,0.0,1.0,4
Sport Recife,2,0,0,2,1,3,-2,0,Brazil - Serie A,0.0,0.0,-2,0.0,0.5,0.0,0.0,5
Cuiaba,2,1,1,0,4,3,1,4,Brazil - Serie B,0.5,1.0,1,2.0,2.0,2.0,1.0,1
Avai,2,1,1,0,2,1,1,4,Brazil - Serie B,0.5,1.0,1,2.0,1.0,2.0,1.0,1
Coritiba,2,1,1,0,1,0,1,4,Brazil - Serie B,0.5,1.0,1,2.0,0.5,2.0,1.0,1
Atletico GO,1,1,0,0,4,2,2,3,Brazil - Serie B,1.0,1.0,2,3.0,4.0,1.0,1.0,2
Remo,1,1,0,0,2,0,2,3,Brazil - Serie B,1.0,1.0,2,3.0,2.0,1.0,1.0,2
Athletico PR,1,1,0,0,2,1,1,3,Brazil - Serie B,1.0,1.0,1,3.0,2.0,1.0,1.0,2
America MG,1,1,0,0,1,0,1,3,Brazil - Serie B,1.0,1.0,1,3.0,1.0,1.0,1.0,2
CRB,1,1,0,0,1,0,1,3,Brazil - Serie B,1.0,1.0,1,3.0,1.0,1.0,1.0,2
Goias,1,1,0,0,1,0,1,3,Brazil - Serie B,1.0,1.0,1,3.0,1.0,1.0,1.0,2
Novorizontino,1,1,0,0,1,0,1,3,Brazil - Serie B,1.0,1.0,1,3.0,1.0,1.0,1.0,2
Vila Nova,1,1,0,0,1,0,1,3,Brazil - Serie B,1.0,1.0,1,3.0,1.0,1.0,1.0,2
Botafogo SP,1,0,1,0,1,1,0,1,Brazil - Serie B,0.0,1.0,0,1.0,1.0,0.0,1.0,3
Ferroviaria,1,0,1,0,1,1,0,1,Brazil - Serie B,0.0,1.0,0,1.0,1.0,0.0,1.0,3
Amazonas,1,0,1,0,0,0,0,1,Brazil - Serie B,0.0,1.0,0,1.0,0.0,0.0,1.0,3
Athletic Club,1,0,0,1,1,2,-1,0,Brazil - Serie B,0.0,0.0,-1,0.0,1.0,0.0,0.0,4
Chapecoense,1,0,0,1,1,2,-1,0,Brazil - Serie B,0.0,0.0,-1,0.0,1.0,0.0,0.0,4
Criciuma,1,0,0,1,1,2,-1,0,Brazil - Serie B,0.0,0.0,-1,0.0,1.0,0.0,0.0,4
Operario PR,1,0,0,1,1,2,-1,0,Brazil - Serie B,0.0,0.0,-1,0.0,1.0,0.0,0.0,4
Volta Redonda,1,0,0,1,0,1,-1,0,Brazil - Serie B,0.0,0.0,-1,0.0,0.0,0.0,0.0,4
Paysandu,2,0,0,2,1,4,-3,0,Brazil - Serie B,0.0,0.0,-3,0.0,0.5,0.0,0.0,4
Botafogo PB,1,1,0,0,3,0,3,3,Brazil - Serie C,1.0,1.0,3,3.0,3.0,1.0,1.0,1
Londrina,1,1,0,0,3,1,2,3,Brazil - Serie C,1.0,1.0,2,3.0,3.0,1.0,1.0,1
Itabaiana,1,1,0,0,2,1,1,3,Brazil - Serie C,1.0,1.0,1,3.0,2.0,1.0,1.0,1
Caxias,1,1,0,0,1,0,1,3,Brazil - Serie C,1.0,1.0,1,3.0,1.0,1.0,1.0,1
CSA,1,0,1,0,1,1,0,1,Brazil - Serie C,0.0,1.0,0,1.0,1.0,0.0,1.0,2
Figueirense,1,0,1,0,1,1,0,1,Brazil - Serie C,0.0,1.0,0,1.0,1.0,0.0,1.0,2
Sao Bernardo,1,0,1,0,1,1,0,1,Brazil - Serie C,0.0,1.0,0,1.0,1.0,0.0,1.0,2
Ituano,1,0,1,0,0,0,0,1,Brazil - Serie C,0.0,1.0,0,1.0,0.0,0.0,1.0,2
Retro,1,0,1,0,0,0,0,1,Brazil - Serie C,0.0,1.0,0,1.0,0.0,0.0,1.0,2
ABC,0,0,0,0,0,0,0,0,Brazil - Serie C,0.0,0.0,0,0.0,0.0,0.0,0.0,3
Anapolis,0,0,0,0,0,0,0,0,Brazil - Serie C,0.0,0.0,0,0.0,0.0,0.0,0.0,3
Brusque,0,0,0,0,0,0,0,0,Brazil - Serie C,0.0,0.0,0,0.0,0.0,0.0,0.0,3
Confianca,0,0,0,0,0,0,0,0,Brazil - Serie C,0.0,0.0,0,0.0,0.0,0.0,0.0,3
Floresta,0,0,0,0,0,0,0,0,Brazil - Serie C,0.0,0.0,0,0.0,0.0,0.0,0.0,3
Maringa,0,0,0,0,0,0,0,0,Brazil - Serie C,0.0,0.0,0,0.0,0.0,0.0,0.0,3
Nautico,0,0,0,0,0,0,0,0,Brazil - Serie C,0.0,0.0,0,0.0,0.0,0.0,0.0,3
Ponte Preta,0,0,0,0,0,0,0,0,Brazil - Serie C,0.0,0.0,0,0.0,0.0,0.0,0.0,3
Tombense,0,0,0,0,0,0,0,0,Brazil - Serie C,0.0,0.0,0,0.0,0.0,0.0,0.0,3
Ypiranga,0,0,0,0,0,0,0,0,Brazil - Serie C,0.0,0.0,0,0.0,0.0,0.0,0.0,3
Guarani,1,0,0,1,2,3,-1,0,Brazil - Serie C,0.0,0.0,-1,0.0,2.0,0.0,0.0,3
Agua Santa,0,0,0,0,0,0,0,0,Brazil - Serie D,0.0,0.0,0,0.0,0.0,0.0,0.0,1
Aguia de Maraba,0,0,0,0,0,0,0,0,Brazil - Serie D,0.0,0.0,0,0.0,0.0,0.0,0.0,1
Altos,0,0,0,0,0,0,0,0,Brazil - Serie D,0.0,0.0,0,0.0,0.0,0.0,0.0,1
America RN,0,0,0,0,0,0,0,0,Brazil - Serie D,0.0,0.0,0,0.0,0.0,0.0,0.0,1
Aparecidense,0,0,0,0,0,0,0,0,Brazil - Serie D,0.0,0.0,0,0.0,0.0,0.0,0.0,1
ASA,0,0,0,0,0,0,0,0,Brazil - Serie D,0.0,0.0,0,0.0,0.0,0.0,0.0,1
Azuriz,0,0,0,0,0,0,0,0,Brazil - Serie D,0.0,0.0,0,0.0,0.0,0.0,0.0,1
Barcelona BA,0,0,0,0,0,0,0,0,Brazil - Serie D,0.0,0.0,0,0.0,0.0,0.0,0.0,1
Barra FC,0,0,0,0,0,0,0,0,Brazil - Serie D,0.0,0.0,0,0.0,0.0,0.0,0.0,1
Boavista,0,0,0,0,0,0,0,0,Brazil - Serie D,0.0,0.0,0,0.0,0.0,0.0,0.0,1
Brasil de P.,0,0,0,0,0,0,0,0,Brazil - Serie D,0.0,0.0,0,0.0,0.0,0.0,0.0,1
Capital,0,0,0,0,0,0,0,0,Brazil - Serie D,0.0,0.0,0,0.0,0.0,0.0,0.0,1
Cascavel,0,0,0,0,0,0,0,0,Brazil - Serie D,0.0,0.0,0,0.0,0.0,0.0,0.0,1
Ceilandia,0,0,0,0,0,0,0,0,Brazil - Serie D,0.0,0.0,0,0.0,0.0,0.0,0.0,1
Central,0,0,0,0,0,0,0,0,Brazil - Serie D,0.0,0.0,0,0.0,0.0,0.0,0.0,1
CFRJ . Marica,0,0,0,0,0,0,0,0,Brazil - Serie D,0.0,0.0,0,0.0,0.0,0.0,0.0,1
Cianorte,0,0,0,0,0,0,0,0,Brazil - Serie D,0.0,0.0,0,0.0,0.0,0.0,0.0,1
EC Sao Jose,0,0,0,0,0,0,0,0,Brazil - Serie D,0.0,0.0,0,0.0,0.0,0.0,0.0,1
Ferroviario,0,0,0,0,0,0,0,0,Brazil - Serie D,0.0,0.0,0,0.0,0.0,0.0,0.0,1
GAS,0,0,0,0,0,0,0,0,Brazil - Serie D,0.0,0.0,0,0.0,0.0,0.0,0.0,1
Goianesia,0,0,0,0,0,0,0,0,Brazil - Serie D,0.0,0.0,0,0.0,0.0,0.0,0.0,1
Goiania,0,0,0,0,0,0,0,0,Brazil - Serie D,0.0,0.0,0,0.0,0.0,0.0,0.0,1
Goiatuba EC,0,0,0,0,0,0,0,0,Brazil - Serie D,0.0,0.0,0,0.0,0.0,0.0,0.0,1
Guarany de Bage,0,0,0,0,0,0,0,0,Brazil - Serie D,0.0,0.0,0,0.0,0.0,0.0,0.0,1
Horizonte,0,0,0,0,0,0,0,0,Brazil - Serie D,0.0,0.0,0,0.0,0.0,0.0,0.0,1
Humaita,0,0,0,0,0,0,0,0,Brazil - Serie D,0.0,0.0,0,0.0,0.0,0.0,0.0,1
Iguatu,0,0,0,0,0,0,0,0,Brazil - Serie D,0.0,0.0,0,0.0,0.0,0.0,0.0,1
Imperatriz,0,0,0,0,0,0,0,0,Brazil - Serie D,0.0,0.0,0,0.0,0.0,0.0,0.0,1
Independencia,0,0,0,0,0,0,0,0,Brazil - Serie D,0.0,0.0,0,0.0,0.0,0.0,0.0,1
Flamengo,6,4,0,2,12,4,8,12,Brazil - Carioca,0.67,0.67,8,2.0,2.0,1.49,1.49,1
Vasco da Gama,6,3,2,1,10,5,5,11,Brazil - Carioca,0.5,0.83,5,1.83,1.67,2.0,1.2,2
Sampaio Correa,5,3,1,1,9,5,4,10,Brazil - Carioca,0.6,0.8,4,2.0,1.8,1.67,1.25,3
Fluminense,6,2,4,0,7,4,3,10,Brazil - Carioca,0.33,1.0,3,1.67,1.17,3.03,1.0,3
Volta Redonda,5,3,1,1,5,4,1,10,Brazil - Carioca,0.6,0.8,1,2.0,1.0,1.67,1.25,3
Botafogo,6,3,0,3,8,7,1,9,Brazil - Carioca,0.5,0.5,1,1.5,1.33,2.0,2.0,4
Nova Iguacu,6,2,3,1,5,4,1,9,Brazil - Carioca,0.33,0.83,1,1.5,0.83,3.03,1.2,4
Boavista,6,1,5,0,7,5,2,8,Brazil - Carioca,0.17,1.0,2,1.33,1.17,5.88,1.0,5
CFRJ . Marica,5,2,2,1,6,4,2,8,Brazil - Carioca,0.4,0.8,2,1.6,1.2,2.5,1.25,5
Madureira,5,2,2,1,4,2,2,8,Brazil - Carioca,0.4,0.8,2,1.6,0.8,2.5,1.25,5
Portuguesa RJ,5,2,0,3,6,11,-5,6,Brazil - Carioca,0.4,0.4,-5,1.2,1.2,2.5,2.5,6
Bangu,5,0,1,4,0,10,-10,1,Brazil - Carioca,0.0,0.2,-10,0.2,0.0,0.0,5.0,7
Tombense,4,3,1,0,4,1,3,10,Brazil - Mineiro,0.75,1.0,3,2.5,1.0,1.33,1.0,1
Athletic Club,4,3,0,1,11,6,5,9,Brazil - Mineiro,0.75,0.75,5,2.25,2.75,1.33,1.33,2
America MG,4,2,2,0,10,1,9,8,Brazil - Mineiro,0.5,1.0,9,2.0,2.5,2.0,1.0,3
Atletico MG,4,2,2,0,6,2,4,8,Brazil - Mineiro,0.5,1.0,4,2.0,1.5,2.0,1.0,3
Cruzeiro,4,2,1,1,5,4,1,7,Brazil - Mineiro,0.5,0.75,1,1.75,1.25,2.0,1.33,4
Uberlandia,4,1,2,1,6,4,2,5,Brazil - Mineiro,0.25,0.75,2,1.25,1.5,4.0,1.33,5
Betim,4,1,2,1,4,3,1,5,Brazil - Mineiro,0.25,0.75,1,1.25,1.0,4.0,1.33,5
Aymores,4,1,2,1,3,2,1,5,Brazil - Mineiro,0.25,0.75,1,1.25,0.75,4.0,1.33,5
Pouso Alegre,4,1,1,2,2,4,-2,4,Brazil - Mineiro,0.25,0.5,-2,1.0,0.5,4.0,2.0,6
Itabirito,4,1,1,2,2,5,-3,4,Brazil - Mineiro,0.25,0.5,-3,1.0,0.5,4.0,2.0,6
Democrata GV,4,1,0,3,4,7,-3,3,Brazil - Mineiro,0.25,0.25,-3,0.75,1.0,4.0,4.0,7
Villa Nova,4,0,0,4,1,8,-7,0,Brazil - Mineiro,0.0,0.0,-7,0.0,0.25,0.0,0.0,8
Anapolis,6,4,1,1,9,4,5,13,Brazil - Goiano,0.67,0.83,5,2.17,1.5,1.49,1.2,1
Vila Nova,6,3,3,0,3,0,3,12,Brazil - Goiano,0.5,1.0,3,2.0,0.5,2.0,1.0,2
Goias,6,3,2,1,7,3,4,11,Brazil - Goiano,0.5,0.83,4,1.83,1.17,2.0,1.2,3
Aparecidense,6,3,1,2,6,3,3,10,Brazil - Goiano,0.5,0.67,3,1.67,1.0,2.0,1.49,4
Jataiense,5,3,0,2,9,5,4,9,Brazil - Goiano,0.6,0.6,4,1.8,1.8,1.67,1.67,5
CRAC,5,2,3,0,6,3,3,9,Brazil - Goiano,0.4,1.0,3,1.8,1.2,2.5,1.0,5
ABECAT Ouvidore,5,3,0,2,6,4,2,9,Brazil - Goiano,0.6,0.6,2,1.8,1.2,1.67,1.67,5
Atletico GO,6,2,3,1,4,4,0,9,Brazil - Goiano,0.33,0.83,0,1.5,0.67,3.03,1.2,5
Inhumas,5,3,0,2,6,8,-2,9,Brazil - Goiano,0.6,0.6,-2,1.8,1.2,1.67,1.67,5
Goiania,6,2,1,3,6,8,-2,7,Brazil - Goiano,0.33,0.5,-2,1.17,1.0,3.03,2.0,6
Goianesia,5,1,3,1,7,5,2,6,Brazil - Goiano,0.2,0.8,2,1.2,1.4,5.0,1.25,7
Goiatuba EC,5,2,0,3,3,6,-3,6,Brazil - Goiano,0.4,0.4,-3,1.2,0.6,2.5,2.5,7
Santa Cruz,5,5,0,0,8,1,7,15,Brazil - Pernambucano,1.0,1.0,7,3.0,1.6,1.0,1.0,1
Nautico,5,4,1,0,12,4,8,13,Brazil - Pernambucano,0.8,1.0,8,2.6,2.4,1.25,1.0,2
Maguary PE,4,3,1,0,8,1,7,10,Brazil - Pernambucano,0.75,1.0,7,2.5,2.0,1.33,1.0,3
Jaguar,4,3,0,1,5,6,-1,9,Brazil - Pernambucano,0.75,0.75,-1,2.25,1.25,1.33,1.33,4
Sport Recife,5,2,2,1,12,5,7,8,Brazil - Pernambucano,0.4,0.8,7,1.6,2.4,2.5,1.25,5
Decisao,4,2,2,0,6,2,4,8,Brazil - Pernambucano,0.5,1.0,4,2.0,1.5,2.0,1.0,5
Retro,5,2,2,1,5,5,0,8,Brazil - Pernambucano,0.4,0.8,0,1.6,1.0,2.5,1.25,5
Central,5,2,1,2,6,5,1,7,Brazil - Pernambucano,0.4,0.6,1,1.4,1.2,2.5,1.67,6
Afogados,4,0,4,0,4,4,0,4,Brazil - Pernambucano,0.0,1.0,0,1.0,1.0,0.0,1.0,7
Petrolina,4,0,1,3,1,5,-4,1,Brazil - Pernambucano,0.0,0.25,-4,0.25,0.25,0.0,4.0,8
Corinthians,6,5,1,0,12,6,6,16,Brazil - Paulista,0.83,1.0,6,2.67,2.0,1.2,1.0,1
Santos,6,4,1,1,13,6,7,13,Brazil - Paulista,0.67,0.83,7,2.17,2.17,1.49,1.2,2
Bragantino,6,4,0,2,9,5,4,12,Brazil - Paulista,0.67,0.67,4,2.0,1.5,1.49,1.49,3
Sao Paulo,6,3,2,1,12,7,5,11,Brazil - Paulista,0.5,0.83,5,1.83,2.0,2.0,1.2,4
Guarani,6,3,2,1,10,5,5,11,Brazil - Paulista,0.5,0.83,5,1.83,1.67,2.0,1.2,4
Mirassol,6,3,1,2,15,9,6,10,Brazil - Paulista,0.5,0.67,6,1.67,2.5,2.0,1.49,5
Sao Bernardo,6,3,1,2,10,9,1,10,Brazil - Paulista,0.5,0.67,1,1.67,1.67,2.0,1.49,5
Velo Clube,6,3,1,2,7,7,0,10,Brazil - Paulista,0.5,0.67,0,1.67,1.17,2.0,1.49,5
Palmeiras,6,2,3,1,7,4,3,9,Brazil - Paulista,0.33,0.83,3,1.5,1.17,3.03,1.2,6
Portuguesa,6,2,3,1,11,9,2,9,Brazil - Paulista,0.33,0.83,2,1.5,1.83,3.03,1.2,6
Botafogo SP,6,2,2,2,4,4,0,8,Brazil - Paulista,0.33,0.67,0,1.33,0.67,3.03,1.49,7
Agua Santa,6,1,3,2,7,6,1,6,Brazil - Paulista,0.17,0.67,1,1.0,1.17,5.88,1.49,8
Novorizontino,6,1,3,2,4,5,-1,6,Brazil - Paulista,0.17,0.67,-1,1.0,0.67,5.88,1.49,8
Ponte Preta,6,1,3,2,3,4,-1,6,Brazil - Paulista,0.17,0.67,-1,1.0,0.5,5.88,1.49,8
Noroeste,6,0,4,2,7,9,-2,4,Brazil - Paulista,0.0,0.67,-2,0.67,1.17,0.0,1.49,9
Inter Limeira,6,0,3,3,3,10,-7,3,Brazil - Paulista,0.0,0.5,-7,0.5,0.5,0.0,2.0,10
Serra Branca,5,4,1,0,18,4,14,13,Brazil - Paraibano,0.8,1.0,14,2.6,3.6,1.25,1.0,1
Botafogo PB,5,4,1,0,15,4,11,13,Brazil - Paraibano,0.8,1.0,11,2.6,3.0,1.25,1.0,1
Sousa,5,4,0,1,9,2,7,12,Brazil - Paraibano,0.8,0.8,7,2.4,1.8,1.25,1.25,2
Treze,5,3,2,0,7,2,5,11,Brazil - Paraibano,0.6,1.0,5,2.2,1.4,1.67,1.0,3
Campinense,4,3,1,0,11,2,9,10,Brazil - Paraibano,0.75,1.0,9,2.5,2.75,1.33,1.0,4
Nacional Patos,4,2,1,1,8,8,0,7,Brazil - Paraibano,0.5,0.75,0,1.75,2.0,2.0,1.33,5
Pombal,4,1,2,1,3,5,-2,5,Brazil - Paraibano,0.25,0.75,-2,1.25,0.75,4.0,1.33,6
Auto Esporte,4,0,2,2,3,5,-2,2,Brazil - Paraibano,0.0,0.5,-2,0.5,0.75,0.0,2.0,7
EC de Patos,4,0,1,3,3,8,-5,1,Brazil - Paraibano,0.0,0.25,-5,0.25,0.75,0.0,4.0,8
Picuiense,5,0,0,5,3,16,-13,0,Brazil - Paraibano,0.0,0.0,-13,0.0,0.6,0.0,0.0,9
Santa Catarina,5,4,1,0,11,4,7,13,Brazil - Catarinense,0.8,1.0,7,2.6,2.2,1.25,1.0,1
Avai,6,4,0,2,10,5,5,12,Brazil - Catarinense,0.67,0.67,5,2.0,1.67,1.49,1.49,2
Marcilio Dias,6,3,3,0,6,2,4,12,Brazil - Catarinense,0.5,1.0,4,2.0,1.0,2.0,1.0,2
Brusque,6,3,2,1,8,4,4,11,Brazil - Catarinense,0.5,0.83,4,1.83,1.33,2.0,1.2,3
Figueirense,6,3,1,2,15,10,5,10,Brazil - Catarinense,0.5,0.67,5,1.67,2.5,2.0,1.49,4
Barra FC,6,2,4,0,6,4,2,10,Brazil - Catarinense,0.33,1.0,2,1.67,1.0,3.03,1.0,4
Concordia,5,3,1,1,6,5,1,10,Brazil - Catarinense,0.6,0.8,1,2.0,1.2,1.67,1.25,4
Criciuma,6,2,3,1,8,4,4,9,Brazil - Catarinense,0.33,0.83,4,1.5,1.33,3.03,1.2,5
Joinville,5,2,3,0,8,6,2,9,Brazil - Catarinense,0.4,1.0,2,1.8,1.6,2.5,1.0,5
Chapecoense,5,1,4,0,3,2,1,7,Brazil - Catarinense,0.2,1.0,1,1.4,0.6,5.0,1.0,6
Caravaggio,5,1,2,2,2,3,-1,5,Brazil - Catarinense,0.2,0.6,-1,1.0,0.4,5.0,1.67,7
Hercilio Luz,5,1,1,3,4,8,-4,4,Brazil - Catarinense,0.2,0.4,-4,0.8,0.8,5.0,2.5,8
Internacional,4,4,0,0,8,0,8,12,Brazil - Gaucho,1.0,1.0,8,3.0,2.0,1.0,1.0,1
Juventude,4,4,0,0,8,1,7,12,Brazil - Gaucho,1.0,1.0,7,3.0,2.0,1.0,1.0,1
Gremio,4,3,1,0,15,1,14,10,Brazil - Gaucho,0.75,1.0,14,2.5,3.75,1.33,1.0,2
Caxias,4,2,1,1,6,5,1,7,Brazil - Gaucho,0.5,0.75,1,1.75,1.5,2.0,1.33,3
Ypiranga,4,2,1,1,4,3,1,7,Brazil - Gaucho,0.5,0.75,1,1.75,1.0,2.0,1.33,3
Guarany de Bage,4,1,2,1,3,3,0,5,Brazil - Gaucho,0.25,0.75,0,1.25,0.75,4.0,1.33,4
Brasil de P.,4,1,2,1,2,2,0,5,Brazil - Gaucho,0.25,0.75,0,1.25,0.5,4.0,1.33,4
Sao Luiz,4,1,2,1,5,6,-1,5,Brazil - Gaucho,0.25,0.75,-1,1.25,1.25,4.0,1.33,4
Pelotas,4,1,1,2,4,5,-1,4,Brazil - Gaucho,0.25,0.5,-1,1.0,1.0,4.0,2.0,5
Avenida,4,0,3,1,2,3,-1,3,Brazil - Gaucho,0.0,0.75,-1,0.75,0.5,0.0,1.33,6
EC Sao Jose,4,0,3,1,2,4,-2,3,Brazil - Gaucho,0.0,0.75,-2,0.75,0.5,0.0,1.33,6
Monsoon,4,1,0,3,3,8,-5,3,Brazil - Gaucho,0.25,0.25,-5,0.75,0.75,4.0,4.0,6
Ludogorets,8,7,1,0,19,1,18,22,Bulgaria - Parva Liga,0.88,1.0,18,2.75,2.38,1.14,1.0,1
Levski Sofia,8,5,2,1,15,8,7,17,Bulgaria - Parva Liga,0.62,0.88,7,2.12,1.88,1.61,1.14,2
CSKA Sofia,8,4,4,0,15,8,7,16,Bulgaria - Parva Liga,0.5,1.0,7,2.0,1.88,2.0,1.0,3
Slavia Sofia,8,5,1,2,16,12,4,16,Bulgaria - Parva Liga,0.62,0.75,4,2.0,2.0,1.61,1.33,3
Spartak Varna,8,5,1,2,13,9,4,16,Bulgaria - Parva Liga,0.62,0.75,4,2.0,1.62,1.61,1.33,3
Arda,8,4,3,1,18,10,8,15,Bulgaria - Parva Liga,0.5,0.88,8,1.88,2.25,2.0,1.14,4
Cherno More,8,3,4,1,12,7,5,13,Bulgaria - Parva Liga,0.38,0.88,5,1.62,1.5,2.63,1.14,5
Beroe,8,4,1,3,12,9,3,13,Bulgaria - Parva Liga,0.5,0.62,3,1.62,1.5,2.0,1.61,5
CSKA 1948 Sofia,8,4,0,4,12,16,-4,12,Bulgaria - Parva Liga,0.5,0.5,-4,1.5,1.5,2.0,2.0,6
Septemvri Sofia,8,3,1,4,11,12,-1,10,Bulgaria - Parva Liga,0.38,0.5,-1,1.25,1.38,2.63,2.0,7
Lokomotiv Sofia,8,3,1,4,9,11,-2,10,Bulgaria - Parva Liga,0.38,0.5,-2,1.25,1.12,2.63,2.0,7
Botev Vratsa,8,2,3,3,7,11,-4,9,Bulgaria - Parva Liga,0.25,0.62,-4,1.12,0.88,4.0,1.61,8
Botev Plovdiv,8,2,3,3,8,14,-6,9,Bulgaria - Parva Liga,0.25,0.62,-6,1.12,1.0,4.0,1.61,8
Lok. Plovdiv,8,2,1,5,6,10,-4,7,Bulgaria - Parva Liga,0.25,0.38,-4,0.88,0.75,4.0,2.63,9
L. Krumovgrad,8,1,4,3,3,7,-4,7,Bulgaria - Parva Liga,0.12,0.62,-4,0.88,0.38,8.33,1.61,9
Hebar,8,1,2,5,4,12,-8,5,Bulgaria - Parva Liga,0.12,0.38,-8,0.62,0.5,8.33,2.63,10
Forge,1,1,0,0,1,0,1,3,Canada - Premier League,1.0,1.0,1,3.0,1.0,1.0,1.0,1
Pacific,2,1,0,1,2,2,0,3,Canada - Premier League,0.5,0.5,0,1.5,1.0,2.0,2.0,1
A. Ottawa,1,0,1,0,2,2,0,1,Canada - Premier League,0.0,1.0,0,1.0,2.0,0.0,1.0,2
Cavalry,0,0,0,0,0,0,0,0,Canada - Premier League,0.0,0.0,0,0.0,0.0,0.0,0.0,3
HFX Wanderers,0,0,0,0,0,0,0,0,Canada - Premier League,0.0,0.0,0,0.0,0.0,0.0,0.0,3
Valour,0,0,0,0,0,0,0,0,Canada - Premier League,0.0,0.0,0,0.0,0.0,0.0,0.0,3
York Utd,1,0,0,1,1,2,-1,0,Canada - Premier League,0.0,0.0,-1,0.0,1.0,0.0,0.0,3
Vancouver FC,2,0,0,2,1,6,-5,0,Canada - Premier League,0.0,0.0,-5,0.0,0.5,0.0,0.0,3
Union La Calera,4,3,1,0,9,3,6,10,Chile - Primera Division,0.75,1.0,6,2.5,2.25,1.33,1.0,1
Audax Italiano,4,3,1,0,9,4,5,10,Chile - Primera Division,0.75,1.0,5,2.5,2.25,1.33,1.0,1
Huachipato,3,3,0,0,9,2,7,9,Chile - Primera Division,1.0,1.0,7,3.0,3.0,1.0,1.0,2
Palestino,4,3,0,1,5,3,2,9,Chile - Primera Division,0.75,0.75,2,2.25,1.25,1.33,1.33,2
La Serena,4,3,0,1,5,4,1,9,Chile - Primera Division,0.75,0.75,1,2.25,1.25,1.33,1.33,2
Cobresal,4,2,2,0,6,3,3,8,Chile - Primera Division,0.5,1.0,3,2.0,1.5,2.0,1.0,3
Coquimbo Unido,4,2,2,0,4,2,2,8,Chile - Primera Division,0.5,1.0,2,2.0,1.0,2.0,1.0,3
U. de Chile,2,2,0,0,6,0,6,6,Chile - Primera Division,1.0,1.0,6,3.0,3.0,1.0,1.0,4
U. Catolica,2,2,0,0,4,1,3,6,Chile - Primera Division,1.0,1.0,3,3.0,2.0,1.0,1.0,4
OHiggins,3,1,2,0,4,2,2,5,Chile - Primera Division,0.33,1.0,2,1.67,1.33,3.03,1.0,5
Colo-Colo,3,1,1,1,3,2,1,4,Chile - Primera Division,0.33,0.67,1,1.33,1.0,3.03,1.49,6
Everton,3,1,1,1,3,2,1,4,Chile - Primera Division,0.33,0.67,1,1.33,1.0,3.03,1.49,6
D. Limache,4,1,1,2,6,6,0,4,Chile - Primera Division,0.25,0.5,0,1.0,1.5,4.0,2.0,6
Nublense,3,0,3,0,3,3,0,3,Chile - Primera Division,0.0,1.0,0,1.0,1.0,0.0,1.0,7
Union Espanola,3,1,0,2,4,5,-1,3,Chile - Primera Division,0.33,0.33,-1,1.0,1.33,3.03,3.03,7
D. Iquique,3,0,0,3,1,10,-9,0,Chile - Primera Division,0.0,0.0,-9,0.0,0.33,0.0,0.0,8
Copiapo,3,2,1,0,8,2,6,7,Chile - Primera B,0.67,1.0,6,2.33,2.67,1.49,1.0,1
S. Wanderers,3,2,1,0,6,1,5,7,Chile - Primera B,0.67,1.0,5,2.33,2.0,1.49,1.0,1
Cobreloa,4,2,1,1,7,5,2,7,Chile - Primera B,0.5,0.75,2,1.75,1.75,2.0,1.33,1
Magallanes,3,2,0,1,4,1,3,6,Chile - Primera B,0.67,0.67,3,2.0,1.33,1.49,1.49,2
Recoleta,3,2,0,1,5,4,1,6,Chile - Primera B,0.67,0.67,1,2.0,1.67,1.49,1.49,2
U. Concepcion,3,2,0,1,4,3,1,6,Chile - Primera B,0.67,0.67,1,2.0,1.33,1.49,1.49,2
San Luis,3,1,2,0,3,2,1,5,Chile - Primera B,0.33,1.0,1,1.67,1.0,3.03,1.0,3
Antofagasta,2,1,1,0,3,1,2,4,Chile - Primera B,0.5,1.0,2,2.0,1.5,2.0,1.0,4
Concepcion,3,1,1,1,4,3,1,4,Chile - Primera B,0.33,0.67,1,1.33,1.33,3.03,1.49,4
S. Morning,3,1,1,1,2,2,0,4,Chile - Primera B,0.33,0.67,0,1.33,0.67,3.03,1.49,4
San Marcos,4,1,1,2,4,5,-1,4,Chile - Primera B,0.25,0.5,-1,1.0,1.0,4.0,2.0,4
Deportes Temuco,2,1,0,1,3,4,-1,3,Chile - Primera B,0.5,0.5,-1,1.5,1.5,2.0,2.0,5
CD Santa Cruz,3,1,0,2,2,5,-3,3,Chile - Primera B,0.33,0.33,-3,1.0,0.67,3.03,3.03,5
Curico Unido,3,0,2,1,4,5,-1,2,Chile - Primera B,0.0,0.67,-1,0.67,1.33,0.0,1.49,6
Rangers,3,0,2,1,3,4,-1,2,Chile - Primera B,0.0,0.67,-1,0.67,1.0,0.0,1.49,6
U. San Felipe,3,0,1,2,0,2,-2,1,Chile - Primera B,0.0,0.33,-2,0.33,0.0,0.0,3.03,7
S. Shenhua,5,4,1,0,13,8,5,13,China - Super League,0.8,1.0,5,2.6,2.6,1.25,1.0,1
Shanghai Port,4,3,1,0,8,3,5,10,China - Super League,0.75,1.0,5,2.5,2.0,1.33,1.0,2
Shandong T.,4,2,1,1,8,4,4,7,China - Super League,0.5,0.75,4,1.75,2.0,2.0,1.33,3
Dalian Yingbo,3,2,1,0,4,1,3,7,China - Super League,0.67,1.0,3,2.33,1.33,1.49,1.0,3
Chengdu,4,2,1,1,5,3,2,7,China - Super League,0.5,0.75,2,1.75,1.25,2.0,1.33,3
Meizhou Hakka,4,2,0,2,9,9,0,6,China - Super League,0.5,0.5,0,1.5,2.25,2.0,2.0,4
Zhejiang,3,1,2,0,6,3,3,5,China - Super League,0.33,1.0,3,1.67,2.0,3.03,1.0,5
Qingdao West C.,4,1,2,1,8,10,-2,5,China - Super League,0.25,0.75,-2,1.25,2.0,4.0,1.33,5
Tianjin T.,4,1,2,1,6,8,-2,5,China - Super League,0.25,0.75,-2,1.25,1.5,4.0,1.33,5
Beijing Guoan,2,1,1,0,3,1,2,4,China - Super League,0.5,1.0,2,2.0,1.5,2.0,1.0,6
Yunnan Yukun,3,1,1,1,2,3,-1,4,China - Super League,0.33,0.67,-1,1.33,0.67,3.03,1.49,6
Wuhan Three T.,3,1,1,1,7,9,-2,4,China - Super League,0.33,0.67,-2,1.33,2.33,3.03,1.49,6
Sichuan Jiuniu,3,1,0,2,7,8,-1,3,China - Super League,0.33,0.33,-1,1.0,2.33,3.03,3.03,7
Qingdao Hainiu,4,0,2,2,3,5,-2,2,China - Super League,0.0,0.5,-2,0.5,0.75,0.0,2.0,8
Changchun Yatai,2,0,1,1,2,3,-1,1,China - Super League,0.0,0.5,-1,0.5,1.0,0.0,2.0,9
Henan SL,2,0,0,2,3,6,-3,0,China - Super League,0.0,0.0,-3,0.0,1.5,0.0,0.0,10
Chongqing T.,3,2,1,0,5,3,2,7,China - League One,0.67,1.0,2,2.33,1.67,1.49,1.0,1
Nantong Zhiyun,3,2,0,1,3,2,1,6,China - League One,0.67,0.67,1,2.0,1.0,1.49,1.49,2
Shenzhen J.,3,2,0,1,4,4,0,6,China - League One,0.67,0.67,0,2.0,1.33,1.49,1.49,2
Heilongjiang IC,3,1,2,0,4,3,1,5,China - League One,0.33,1.0,1,1.67,1.33,3.03,1.0,3
Guangdong GZP,2,1,0,1,4,2,2,3,China - League One,0.5,0.5,2,1.5,2.0,2.0,2.0,4
Shaanxi Union,1,1,0,0,3,1,2,3,China - League One,1.0,1.0,2,3.0,3.0,1.0,1.0,4
S. Gongfu,1,1,0,0,2,0,2,3,China - League One,1.0,1.0,2,3.0,2.0,1.0,1.0,4
Liaoning Tieren,1,1,0,0,2,1,1,3,China - League One,1.0,1.0,1,3.0,2.0,1.0,1.0,4
Foshan Nanshi,2,1,0,1,2,3,-1,3,China - League One,0.5,0.5,-1,1.5,1.0,2.0,2.0,4
Shanghai Jiadin,2,1,0,1,2,3,-1,3,China - League One,0.5,0.5,-1,1.5,1.0,2.0,2.0,4
Qingdao RL,2,0,2,0,1,1,0,2,China - League One,0.0,1.0,0,1.0,0.5,0.0,1.0,5
Suzhou Dongwu,2,0,2,0,0,0,0,2,China - League One,0.0,1.0,0,1.0,0.0,0.0,1.0,5
Nanjing City,3,0,2,1,2,3,-1,2,China - League One,0.0,0.67,-1,0.67,0.67,0.0,1.49,5
Dalian Kuncheng,2,0,1,1,0,2,-2,1,China - League One,0.0,0.5,-2,0.5,0.0,0.0,2.0,6
Yanbian Longdin,0,0,0,0,0,0,0,0,China - League One,0.0,0.0,0,0.0,0.0,0.0,0.0,7
Guangxi Baoyun,2,0,0,2,0,4,-4,0,China - League One,0.0,0.0,-4,0.0,0.0,0.0,0.0,7
Guizhou Zhuchen,3,2,1,0,4,1,3,7,China - League Two,0.67,1.0,3,2.33,1.33,1.49,1.0,1
Shanghai Port B,3,2,0,1,8,3,5,6,China - League Two,0.67,0.67,5,2.0,2.67,1.49,1.49,2
Guangzhou Dande,2,2,0,0,3,0,3,6,China - League Two,1.0,1.0,3,3.0,1.5,1.0,1.0,2
Wuxi Wugou,3,1,2,0,5,1,4,5,China - League Two,0.33,1.0,4,1.67,1.67,3.03,1.0,3
Chengdu Rongche,3,1,2,0,3,2,1,5,China - League Two,0.33,1.0,1,1.67,1.0,3.03,1.0,3
Jiangxi Lushan,3,1,2,0,3,2,1,5,China - League Two,0.33,1.0,1,1.67,1.0,3.03,1.0,3
Wenzhou Pro.,2,1,1,0,5,2,3,4,China - League Two,0.5,1.0,3,2.0,2.5,2.0,1.0,4
Langfang Glory,2,1,1,0,3,2,1,4,China - League Two,0.5,1.0,1,2.0,1.5,2.0,1.0,4
Ganzhou Ruishi,2,1,1,0,2,1,1,4,China - League Two,0.5,1.0,1,2.0,1.0,2.0,1.0,4
Haikou M.,2,1,1,0,2,1,1,4,China - League Two,0.5,1.0,1,2.0,1.0,2.0,1.0,4
Nantong Haimen,2,1,1,0,1,0,1,4,China - League Two,0.5,1.0,1,2.0,0.5,2.0,1.0,4
Rizhao Yuqi,3,1,1,1,3,3,0,4,China - League Two,0.33,0.67,0,1.33,1.0,3.03,1.49,4
Guangxi H.,3,1,1,1,2,3,-1,4,China - League Two,0.33,0.67,-1,1.33,0.67,3.03,1.49,4
Shandong T. B,3,0,3,0,3,3,0,3,China - League Two,0.0,1.0,0,1.0,1.0,0.0,1.0,5
Beijing IT,3,1,0,2,2,2,0,3,China - League Two,0.33,0.33,0,1.0,0.67,3.03,3.03,5
Xian Ronghai,2,0,2,0,0,0,0,2,China - League Two,0.0,1.0,0,1.0,0.0,0.0,1.0,6
Hubei Istar,3,0,2,1,1,3,-2,2,China - League Two,0.0,0.67,-2,0.67,0.33,0.0,1.49,6
Quanzhou Yassin,3,0,2,1,0,2,-2,2,China - League Two,0.0,0.67,-2,0.67,0.0,0.0,1.49,6
Wuhan Three Tow,2,0,1,1,1,2,-1,1,China - League Two,0.0,0.5,-1,0.5,0.5,0.0,2.0,7
Shenzhen 2028,2,0,1,1,0,1,-1,1,China - League Two,0.0,0.5,-1,0.5,0.0,0.0,2.0,7
Guangxi Lanhang,3,0,1,2,0,5,-5,1,China - League Two,0.0,0.33,-5,0.33,0.0,0.0,3.03,7
Changchun Xidu,1,0,0,1,0,1,-1,0,China - League Two,0.0,0.0,-1,0.0,0.0,0.0,0.0,8
Taian Tiankuang,2,0,0,2,1,3,-2,0,China - League Two,0.0,0.0,-2,0.0,0.5,0.0,0.0,8
Guangdong Mingt,3,0,0,3,2,7,-5,0,China - League Two,0.0,0.0,-5,0.0,0.67,0.0,0.0,8
America de Cali,8,6,2,0,16,4,12,20,Colombia - Primera A - Apertura,0.75,1.0,12,2.5,2.0,1.33,1.0,1
A. Nacional,7,6,1,0,18,5,13,19,Colombia - Primera A - Apertura,0.86,1.0,13,2.71,2.57,1.16,1.0,2
Once Caldas,8,6,0,2,15,6,9,18,Colombia - Primera A - Apertura,0.75,0.75,9,2.25,1.88,1.33,1.33,3
Deportes Tolima,7,5,2,0,10,2,8,17,Colombia - Primera A - Apertura,0.71,1.0,8,2.43,1.43,1.41,1.0,4
Millonarios,7,5,1,1,9,2,7,16,Colombia - Primera A - Apertura,0.71,0.86,7,2.29,1.29,1.41,1.16,5
Deportivo Pasto,7,4,2,1,12,7,5,14,Colombia - Primera A - Apertura,0.57,0.86,5,2.0,1.71,1.75,1.16,6
Junior,7,4,2,1,10,6,4,14,Colombia - Primera A - Apertura,0.57,0.86,4,2.0,1.43,1.75,1.16,6
D. Pereira,7,3,4,0,8,2,6,13,Colombia - Primera A - Apertura,0.43,1.0,6,1.86,1.14,2.33,1.0,7
Deportivo Cali,7,3,4,0,8,3,5,13,Colombia - Primera A - Apertura,0.43,1.0,5,1.86,1.14,2.33,1.0,7
Santa Fe,8,3,4,1,12,9,3,13,Colombia - Primera A - Apertura,0.38,0.88,3,1.62,1.5,2.63,1.14,7
I. Medelin,6,3,3,0,8,1,7,12,Colombia - Primera A - Apertura,0.5,1.0,7,2.0,1.33,2.0,1.0,8
A. Petrolera,7,3,2,2,8,7,1,11,Colombia - Primera A - Apertura,0.43,0.71,1,1.57,1.14,2.33,1.41,9
Llaneros,7,3,1,3,7,6,1,10,Colombia - Primera A - Apertura,0.43,0.57,1,1.43,1.0,2.33,1.75,10
A. Bucaramanga,6,2,2,2,7,6,1,8,Colombia - Primera A - Apertura,0.33,0.67,1,1.33,1.17,3.03,1.49,11
Fortaleza CEIF,6,2,2,2,5,9,-4,8,Colombia - Primera A - Apertura,0.33,0.67,-4,1.33,0.83,3.03,1.49,11
Boyaca Chico,7,1,4,2,5,9,-4,7,Colombia - Primera A - Apertura,0.14,0.71,-4,1.0,0.71,7.14,1.41,12
R. Aguilas,7,1,3,3,4,6,-2,6,Colombia - Primera A - Apertura,0.14,0.57,-2,0.86,0.57,7.14,1.75,13
Union Magdalena,7,0,5,2,6,9,-3,5,Colombia - Primera A - Apertura,0.0,0.71,-3,0.71,0.86,0.0,1.41,14
La Equidad,7,1,2,4,5,8,-3,5,Colombia - Primera A - Apertura,0.14,0.43,-3,0.71,0.71,7.14,2.33,14
Envigado,5,0,2,3,2,10,-8,2,Colombia - Primera A - Apertura,0.0,0.4,-8,0.4,0.4,0.0,2.5,15
Deportivo Pasto,8,6,0,2,14,8,6,18,Colombia - Primera A - Clausura,0.75,0.75,6,2.25,1.75,1.33,1.33,1
I. Medelin,8,5,2,1,11,2,9,17,Colombia - Primera A - Clausura,0.62,0.88,9,2.12,1.38,1.61,1.14,2
Junior,8,5,2,1,17,9,8,17,Colombia - Primera A - Clausura,0.62,0.88,8,2.12,2.12,1.61,1.14,2
Millonarios,8,5,2,1,11,3,8,17,Colombia - Primera A - Clausura,0.62,0.88,8,2.12,1.38,1.61,1.14,2
America de Cali,8,5,2,1,9,3,6,17,Colombia - Primera A - Clausura,0.62,0.88,6,2.12,1.12,1.61,1.14,2
D. Pereira,8,5,1,2,10,6,4,16,Colombia - Primera A - Clausura,0.62,0.75,4,2.0,1.25,1.61,1.33,3
Santa Fe,8,4,3,1,12,5,7,15,Colombia - Primera A - Clausura,0.5,0.88,7,1.88,1.5,2.0,1.14,4
Deportes Tolima,8,4,3,1,10,4,6,15,Colombia - Primera A - Clausura,0.5,0.88,6,1.88,1.25,2.0,1.14,4
Patriotas,8,4,2,2,14,8,6,14,Colombia - Primera A - Clausura,0.5,0.75,6,1.75,1.75,2.0,1.33,5
Once Caldas,8,4,2,2,11,8,3,14,Colombia - Primera A - Clausura,0.5,0.75,3,1.75,1.38,2.0,1.33,5
A. Nacional,8,3,4,1,15,11,4,13,Colombia - Primera A - Clausura,0.38,0.88,4,1.62,1.88,2.63,1.14,6
A. Petrolera,8,3,3,2,11,8,3,12,Colombia - Primera A - Clausura,0.38,0.75,3,1.5,1.38,2.63,1.33,7
Boyaca Chico,8,3,3,2,7,10,-3,12,Colombia - Primera A - Clausura,0.38,0.75,-3,1.5,0.88,2.63,1.33,7
Fortaleza CEIF,8,3,2,3,9,9,0,11,Colombia - Primera A - Clausura,0.38,0.62,0,1.38,1.12,2.63,1.61,8
La Equidad,8,2,4,2,10,11,-1,10,Colombia - Primera A - Clausura,0.25,0.75,-1,1.25,1.25,4.0,1.33,9
Deportivo Cali,8,3,1,4,7,9,-2,10,Colombia - Primera A - Clausura,0.38,0.5,-2,1.25,0.88,2.63,2.0,9
R. Aguilas,8,2,3,3,7,9,-2,9,Colombia - Primera A - Clausura,0.25,0.62,-2,1.12,0.88,4.0,1.61,10
Jaguares de C.,8,2,3,3,5,8,-3,9,Colombia - Primera A - Clausura,0.25,0.62,-3,1.12,0.62,4.0,1.61,10
Envigado,8,2,2,4,4,4,0,8,Colombia - Primera A - Clausura,0.25,0.5,0,1.0,0.5,4.0,2.0,11
A. Bucaramanga,8,2,2,4,6,9,-3,8,Colombia - Primera A - Clausura,0.25,0.5,-3,1.0,0.75,4.0,2.0,11
Guanacasteca,8,8,0,0,13,3,10,24,Costa Rica - Primera Div. - Apertura,1.0,1.0,10,3.0,1.62,1.0,1.0,1
Alajuelense,8,6,2,0,19,5,14,20,Costa Rica - Primera Div. - Apertura,0.75,1.0,14,2.5,2.38,1.33,1.0,2
Cartagines,8,6,2,0,16,8,8,20,Costa Rica - Primera Div. - Apertura,0.75,1.0,8,2.5,2.0,1.33,1.0,2
Saprissa,8,5,2,1,17,11,6,17,Costa Rica - Primera Div. - Apertura,0.62,0.88,6,2.12,2.12,1.61,1.14,3
Herediano,8,4,1,3,15,14,1,13,Costa Rica - Primera Div. - Apertura,0.5,0.62,1,1.62,1.88,2.0,1.61,4
San Carlos,8,2,6,0,9,6,3,12,Costa Rica - Primera Div. - Apertura,0.25,1.0,3,1.5,1.12,4.0,1.0,5
Santos Guapiles,8,4,0,4,13,11,2,12,Costa Rica - Primera Div. - Apertura,0.5,0.5,2,1.5,1.62,2.0,2.0,5
Zeledon,8,3,3,2,10,8,2,12,Costa Rica - Primera Div. - Apertura,0.38,0.75,2,1.5,1.25,2.63,1.33,5
Santa Ana,8,3,3,2,11,11,0,12,Costa Rica - Primera Div. - Apertura,0.38,0.75,0,1.5,1.38,2.63,1.33,5
Sporting SJ,8,3,1,4,12,11,1,10,Costa Rica - Primera Div. - Apertura,0.38,0.5,1,1.25,1.5,2.63,2.0,6
Puntarenas,8,2,3,3,7,9,-2,9,Costa Rica - Primera Div. - Apertura,0.25,0.62,-2,1.12,0.88,4.0,1.61,7
M. Liberia,8,2,2,4,12,11,1,8,Costa Rica - Primera Div. - Apertura,0.25,0.5,1,1.0,1.5,4.0,2.0,8
Slavia Prague,8,8,0,0,18,2,16,24,CzechRepublic - 1. Liga,1.0,1.0,16,3.0,2.25,1.0,1.0,1
Sparta Prague,8,7,0,1,18,7,11,21,CzechRepublic - 1. Liga,0.88,0.88,11,2.62,2.25,1.14,1.14,2
Banik Ostrava,8,6,1,1,16,7,9,19,CzechRepublic - 1. Liga,0.75,0.88,9,2.38,2.0,1.33,1.14,3
Jablonec,8,5,2,1,17,4,13,17,CzechRepublic - 1. Liga,0.62,0.88,13,2.12,2.12,1.61,1.14,4
Slovan Liberec,8,5,2,1,14,3,11,17,CzechRepublic - 1. Liga,0.62,0.88,11,2.12,1.75,1.61,1.14,4
Viktoria Plzen,8,5,1,2,19,11,8,16,CzechRepublic - 1. Liga,0.62,0.75,8,2.0,2.38,1.61,1.33,5
Teplice,8,5,0,3,11,7,4,15,CzechRepublic - 1. Liga,0.62,0.62,4,1.88,1.38,1.61,1.61,6
Karvina,8,4,1,3,12,12,0,13,CzechRepublic - 1. Liga,0.5,0.62,0,1.62,1.5,2.0,1.61,7
Mlada Boleslav,8,3,1,4,10,11,-1,10,CzechRepublic - 1. Liga,0.38,0.5,-1,1.25,1.25,2.63,2.0,8
Hradec Kralove,8,2,3,3,8,8,0,9,CzechRepublic - 1. Liga,0.25,0.62,0,1.12,1.0,4.0,1.61,9
Sigma Olomouc,8,3,0,5,13,14,-1,9,CzechRepublic - 1. Liga,0.38,0.38,-1,1.12,1.62,2.63,2.63,9
Bohemians,8,1,4,3,9,13,-4,7,CzechRepublic - 1. Liga,0.12,0.62,-4,0.88,1.12,8.33,1.61,10
Pardubice,8,1,4,3,5,9,-4,7,CzechRepublic - 1. Liga,0.12,0.62,-4,0.88,0.62,8.33,1.61,10
Slovacko,8,1,4,3,7,16,-9,7,CzechRepublic - 1. Liga,0.12,0.62,-9,0.88,0.88,8.33,1.61,10
Dukla Praha,8,0,4,4,6,11,-5,4,CzechRepublic - 1. Liga,0.0,0.5,-5,0.5,0.75,0.0,2.0,11
C. Budejovice,8,0,3,5,5,19,-14,3,CzechRepublic - 1. Liga,0.0,0.38,-14,0.38,0.62,0.0,2.63,12
Nordsjaelland,8,6,1,1,19,9,10,19,Denmark - Superligaen,0.75,0.88,10,2.38,2.38,1.33,1.14,1
Viborg,8,6,0,2,17,13,4,18,Denmark - Superligaen,0.75,0.75,4,2.25,2.12,1.33,1.33,2
FC Midtjylland,8,6,0,2,14,11,3,18,Denmark - Superligaen,0.75,0.75,3,2.25,1.75,1.33,1.33,2
Randers FC,8,5,2,1,18,8,10,17,Denmark - Superligaen,0.62,0.88,10,2.12,2.25,1.61,1.14,3
FC Kobenhavn,8,5,2,1,14,8,6,17,Denmark - Superligaen,0.62,0.88,6,2.12,1.75,1.61,1.14,3
AGF Aarhus,8,4,4,0,14,6,8,16,Denmark - Superligaen,0.5,1.0,8,2.0,1.75,2.0,1.0,4
Brondby IF,8,4,4,0,13,6,7,16,Denmark - Superligaen,0.5,1.0,7,2.0,1.62,2.0,1.0,4
Silkeborg,8,3,3,2,11,7,4,12,Denmark - Superligaen,0.38,0.75,4,1.5,1.38,2.63,1.33,5
Vejle BK,8,2,5,1,14,14,0,11,Denmark - Superligaen,0.25,0.88,0,1.38,1.75,4.0,1.14,6
SonderjyskE,8,3,1,4,11,19,-8,10,Denmark - Superligaen,0.38,0.5,-8,1.25,1.38,2.63,2.0,7
Lyngby,8,1,4,3,6,10,-4,7,Denmark - Superligaen,0.12,0.62,-4,0.88,0.75,8.33,1.61,8
Aalborg BK,8,0,4,4,7,17,-10,4,Denmark - Superligaen,0.0,0.5,-10,0.5,0.88,0.0,2.0,9
AC Horsens,8,5,2,1,13,6,7,17,Denmark - 1st Division,0.62,0.88,7,2.12,1.62,1.61,1.14,1
Hvidovre,8,4,3,1,7,4,3,15,Denmark - 1st Division,0.5,0.88,3,1.88,0.88,2.0,1.14,2
Odense BK,8,4,3,1,15,14,1,15,Denmark - 1st Division,0.5,0.88,1,1.88,1.88,2.0,1.14,2
Fredericia,8,4,0,4,13,11,2,12,Denmark - 1st Division,0.5,0.5,2,1.5,1.62,2.0,2.0,3
Hobro,8,3,3,2,13,12,1,12,Denmark - 1st Division,0.38,0.75,1,1.5,1.62,2.63,1.33,3
Hillerod,8,3,3,2,10,9,1,12,Denmark - 1st Division,0.38,0.75,1,1.5,1.25,2.63,1.33,3
Kolding IF,8,3,1,4,10,9,1,10,Denmark - 1st Division,0.38,0.5,1,1.25,1.25,2.63,2.0,4
HB Koge,8,3,1,4,8,12,-4,10,Denmark - 1st Division,0.38,0.5,-4,1.25,1.0,2.63,2.0,4
B 93,8,2,2,4,9,17,-8,8,Denmark - 1st Division,0.25,0.5,-8,1.0,1.12,4.0,2.0,5
Vendsyssel,8,1,4,3,8,9,-1,7,Denmark - 1st Division,0.12,0.62,-1,0.88,1.0,8.33,1.61,6
Esbjerg,8,2,1,5,7,16,-9,7,Denmark - 1st Division,0.25,0.38,-9,0.88,0.88,4.0,2.63,6
Roskilde,8,1,1,6,8,17,-9,4,Denmark - 1st Division,0.12,0.25,-9,0.5,1.0,8.33,4.0,7
Aarhus Fremad,8,7,0,1,16,5,11,21,Denmark - 2nd Division,0.88,0.88,11,2.62,2.0,1.14,1.14,1
Fremad Amager,8,6,0,2,13,5,8,18,Denmark - 2nd Division,0.75,0.75,8,2.25,1.62,1.33,1.33,2
Naestved,8,4,2,2,11,10,1,14,Denmark - 2nd Division,0.5,0.75,1,1.75,1.38,2.0,1.33,3
Middelfart,8,4,1,3,10,10,0,13,Denmark - 2nd Division,0.5,0.62,0,1.62,1.25,2.0,1.61,4
Skive,8,3,3,2,9,5,4,12,Denmark - 2nd Division,0.38,0.75,4,1.5,1.12,2.63,1.33,5
AB Copenhagen,8,3,2,3,12,8,4,11,Denmark - 2nd Division,0.38,0.62,4,1.38,1.5,2.63,1.61,6
BK Frem,8,2,3,3,10,9,1,9,Denmark - 2nd Division,0.25,0.62,1,1.12,1.25,4.0,1.61,7
Thisted,8,2,3,3,9,11,-2,9,Denmark - 2nd Division,0.25,0.62,-2,1.12,1.12,4.0,1.61,7
Ishoj,8,2,2,4,8,10,-2,8,Denmark - 2nd Division,0.25,0.5,-2,1.0,1.0,4.0,2.0,8
Hellerup IK,8,2,2,4,6,13,-7,8,Denmark - 2nd Division,0.25,0.5,-7,1.0,0.75,4.0,2.0,8
Helsingor,8,1,4,3,9,13,-4,7,Denmark - 2nd Division,0.12,0.62,-4,0.88,1.12,8.33,1.61,9
Nykobing,8,1,3,4,9,14,-5,6,Denmark - 2nd Division,0.12,0.5,-5,0.75,1.12,8.33,2.0,10
Mushuc Runa,5,3,1,1,8,4,4,10,Ecuador - Liga Pro 1st Stage,0.6,0.8,4,2.0,1.6,1.67,1.25,1
Orense,4,3,1,0,7,3,4,10,Ecuador - Liga Pro 1st Stage,0.75,1.0,4,2.5,1.75,1.33,1.0,1
Cuniburo,4,3,0,1,11,5,6,9,Ecuador - Liga Pro 1st Stage,0.75,0.75,6,2.25,2.75,1.33,1.33,2
U. Catolica,4,2,2,0,6,2,4,8,Ecuador - Liga Pro 1st Stage,0.5,1.0,4,2.0,1.5,2.0,1.0,3
Manta,5,2,2,1,11,10,1,8,Ecuador - Liga Pro 1st Stage,0.4,0.8,1,1.6,2.2,2.5,1.25,3
LDU Quito,3,2,1,0,7,0,7,7,Ecuador - Liga Pro 1st Stage,0.67,1.0,7,2.33,2.33,1.49,1.0,4
Aucas,4,2,1,1,9,6,3,7,Ecuador - Liga Pro 1st Stage,0.5,0.75,3,1.75,2.25,2.0,1.33,4
I. del Valle,4,1,3,0,7,3,4,6,Ecuador - Liga Pro 1st Stage,0.25,1.0,4,1.5,1.75,4.0,1.0,5
Libertad,4,2,0,2,8,8,0,6,Ecuador - Liga Pro 1st Stage,0.5,0.5,0,1.5,2.0,2.0,2.0,5
Barcelona SC,3,2,0,1,3,4,-1,6,Ecuador - Liga Pro 1st Stage,0.67,0.67,-1,2.0,1.0,1.49,1.49,5
Emelec,5,1,3,1,3,6,-3,6,Ecuador - Liga Pro 1st Stage,0.2,0.8,-3,1.2,0.6,5.0,1.25,5
Delfin,3,1,2,0,3,1,2,5,Ecuador - Liga Pro 1st Stage,0.33,1.0,2,1.67,1.0,3.03,1.0,6
Macara,4,1,1,2,2,3,-1,4,Ecuador - Liga Pro 1st Stage,0.25,0.5,-1,1.0,0.5,4.0,2.0,7
D. Cuenca,3,1,0,2,3,3,0,3,Ecuador - Liga Pro 1st Stage,0.33,0.33,0,1.0,1.0,3.03,3.03,8
Tecnico U.,3,0,2,1,3,4,-1,2,Ecuador - Liga Pro 1st Stage,0.0,0.67,-1,0.67,1.0,0.0,1.49,9
El Nacional,5,0,1,4,1,6,-5,1,Ecuador - Liga Pro 1st Stage,0.0,0.2,-5,0.2,0.2,0.0,5.0,10
Cumbaya,3,2,1,0,7,2,5,7,Ecuador - Serie B,0.67,1.0,5,2.33,2.33,1.49,1.0,1
Vinotinto,2,2,0,0,5,3,2,6,Ecuador - Serie B,1.0,1.0,2,3.0,2.5,1.0,1.0,2
San Antonio,3,2,0,1,3,1,2,6,Ecuador - Serie B,0.67,0.67,2,2.0,1.0,1.49,1.49,2
Vargas Torres,3,1,2,0,2,1,1,5,Ecuador - Serie B,0.33,1.0,1,1.67,0.67,3.03,1.0,3
Gualaceo,2,1,1,0,5,4,1,4,Ecuador - Serie B,0.5,1.0,1,2.0,2.5,2.0,1.0,4
Nueve Octubre,2,1,1,0,2,1,1,4,Ecuador - Serie B,0.5,1.0,1,2.0,1.0,2.0,1.0,4
I. Juniors,3,1,1,1,4,4,0,4,Ecuador - Serie B,0.33,0.67,0,1.33,1.33,3.03,1.49,4
Guayaquil City,2,1,0,1,4,2,2,3,Ecuador - Serie B,0.5,0.5,2,1.5,2.0,2.0,2.0,5
22 de Julio,2,0,2,0,2,2,0,2,Ecuador - Serie B,0.0,1.0,0,1.0,1.0,0.0,1.0,6
Leones Norte,2,0,2,0,2,2,0,2,Ecuador - Serie B,0.0,1.0,0,1.0,1.0,0.0,1.0,6
Chacaritas,2,0,2,0,1,1,0,2,Ecuador - Serie B,0.0,1.0,0,1.0,0.5,0.0,1.0,6
Imbabura,2,0,1,1,1,3,-2,1,Ecuador - Serie B,0.0,0.5,-2,0.5,0.5,0.0,2.0,7
Pyramids FC,8,6,2,0,17,3,14,20,Egypt - Premier League,0.75,1.0,14,2.5,2.12,1.33,1.0,1
Zamalek,8,5,3,0,17,6,11,18,Egypt - Premier League,0.62,1.0,11,2.25,2.12,1.61,1.0,2
Al Ahly,8,5,3,0,13,5,8,18,Egypt - Premier League,0.62,1.0,8,2.25,1.62,1.61,1.0,2
Al Masry,8,5,2,1,12,5,7,17,Egypt - Premier League,0.62,0.88,7,2.12,1.5,1.61,1.14,3
Haras El Hodood,8,4,1,3,8,5,3,13,Egypt - Premier League,0.5,0.62,3,1.62,1.0,2.0,1.61,4
Ceramica C.,8,3,3,2,14,9,5,12,Egypt - Premier League,0.38,0.75,5,1.5,1.75,2.63,1.33,5
El Gouna,8,4,0,4,8,5,3,12,Egypt - Premier League,0.5,0.5,3,1.5,1.0,2.0,2.0,5
Petrojet,8,3,3,2,8,7,1,12,Egypt - Premier League,0.38,0.75,1,1.5,1.0,2.63,1.33,5
National Bank,8,3,3,2,8,8,0,12,Egypt - Premier League,0.38,0.75,0,1.5,1.0,2.63,1.33,5
Pharco,8,3,3,2,8,8,0,12,Egypt - Premier League,0.38,0.75,0,1.5,1.0,2.63,1.33,5
Ghazl El M.,8,4,0,4,7,7,0,12,Egypt - Premier League,0.5,0.5,0,1.5,0.88,2.0,2.0,5
ENPPI,8,3,2,3,5,7,-2,11,Egypt - Premier League,0.38,0.62,-2,1.38,0.62,2.63,1.61,6
Ismaily,8,2,3,3,6,11,-5,9,Egypt - Premier League,0.25,0.62,-5,1.12,0.75,4.0,1.61,7
ZED FC,8,1,5,2,8,8,0,8,Egypt - Premier League,0.12,0.75,0,1.0,1.0,8.33,1.33,8
El Geish,8,1,4,3,5,7,-2,7,Egypt - Premier League,0.12,0.62,-2,0.88,0.62,8.33,1.61,9
Al Ittihad,8,2,1,5,4,8,-4,7,Egypt - Premier League,0.25,0.38,-4,0.88,0.5,4.0,2.63,9
Modern Sport,8,2,1,5,6,11,-5,7,Egypt - Premier League,0.25,0.38,-5,0.88,0.75,4.0,2.63,9
Smouha,8,2,1,5,6,15,-9,7,Egypt - Premier League,0.25,0.38,-9,0.88,0.75,4.0,2.63,9
Liverpool,8,7,1,0,19,7,12,22,Premier League,0.88,1.0,12,2.75,2.38,1.14,1.0,1
Newcastle Utd,8,6,0,2,23,11,12,18,Premier League,0.75,0.75,12,2.25,2.88,1.33,1.33,4
Manchester City,8,5,2,1,21,9,12,17,Premier League,0.62,0.88,12,2.12,2.62,1.61,1.14,5
Nottm Forest,8,5,2,1,14,4,10,17,Premier League,0.62,0.88,10,2.12,1.75,1.61,1.14,5
Chelsea,8,5,2,1,16,8,8,17,Premier League,0.62,0.88,8,2.12,2.0,1.61,1.14,5
Arsenal,8,5,2,1,14,7,7,17,Premier League,0.62,0.88,7,2.12,1.75,1.61,1.14,5
Aston Villa,8,4,4,0,14,10,4,16,Premier League,0.5,1.0,4,2.0,1.75,2.0,1.0,6
Wolverhampton,8,4,1,3,11,9,2,13,Premier League,0.5,0.62,2,1.62,1.38,2.0,1.61,8
Crystal Palace,8,4,1,3,13,13,0,13,Premier League,0.5,0.62,0,1.62,1.62,2.0,1.61,8
Fulham,8,3,3,2,11,10,1,12,Premier League,0.38,0.75,1,1.5,1.38,2.63,1.33,9
Brighton,8,3,3,2,10,9,1,12,Premier League,0.38,0.75,1,1.5,1.25,2.63,1.33,9
Everton,8,2,4,2,13,11,2,10,Premier League,0.25,0.75,2,1.25,1.62,4.0,1.33,11
Bournemouth,8,3,1,4,9,7,2,10,Premier League,0.38,0.5,2,1.25,1.12,2.63,2.0,11
Tottenham,8,2,2,4,13,16,-3,8,Premier League,0.25,0.5,-3,1.0,1.62,4.0,2.0,13
Manchester Utd,8,2,2,4,8,14,-6,8,Premier League,0.25,0.5,-6,1.0,1.0,4.0,2.0,13
West Ham Utd,8,2,2,4,8,14,-6,8,Premier League,0.25,0.5,-6,1.0,1.0,4.0,2.0,13
Brentford,8,0,3,5,4,13,-9,3,Premier League,0.0,0.38,-9,0.38,0.5,0.0,2.63,15
Ipswich Town,8,1,0,7,7,24,-17,3,Premier League,0.12,0.12,-17,0.38,0.88,8.33,8.33,15
Southampton,8,0,1,7,4,22,-18,1,Premier League,0.0,0.12,-18,0.12,0.5,0.0,8.33,16
Leicester City,8,0,0,8,0,21,-21,0,Premier League,0.0,0.0,-21,0.0,0.0,0.0,0.0,17
Leeds Utd,8,6,2,0,21,5,16,20,Premier League,0.75,1.0,16,2.5,2.62,1.33,1.0,2
Burnley,8,6,2,0,15,2,13,20,Premier League,0.75,1.0,13,2.5,1.88,1.33,1.0,2
Bristol City,8,6,1,1,13,7,6,19,Premier League,0.75,0.88,6,2.38,1.62,1.33,1.14,3
Coventry City,8,6,0,2,13,8,5,18,Premier League,0.75,0.75,5,2.25,1.62,1.33,1.33,4
West Brom,8,5,1,2,13,7,6,16,Premier League,0.62,0.75,6,2.0,1.62,1.61,1.33,6
Portsmouth,8,4,2,2,9,7,2,14,Premier League,0.5,0.75,2,1.75,1.12,2.0,1.33,7
Millwall,8,4,2,2,9,8,1,14,Premier League,0.5,0.75,1,1.75,1.12,2.0,1.33,7
Stoke City,8,3,4,1,9,6,3,13,Premier League,0.38,0.88,3,1.62,1.12,2.63,1.14,8
Middlesbrough,8,4,1,3,10,8,2,13,Premier League,0.5,0.62,2,1.62,1.25,2.0,1.61,8
Sheffield Utd,8,4,1,3,11,11,0,13,Premier League,0.5,0.62,0,1.62,1.38,2.0,1.61,8
Oxford Utd,8,4,1,3,10,11,-1,13,Premier League,0.5,0.62,-1,1.62,1.25,2.0,1.61,8
Plymouth,8,4,1,3,14,16,-2,13,Premier League,0.5,0.62,-2,1.62,1.75,2.0,1.61,8
Norwich City,8,3,3,2,14,9,5,12,Premier League,0.38,0.75,5,1.5,1.75,2.63,1.33,9
QP Rangers,8,3,3,2,12,9,3,12,Premier League,0.38,0.75,3,1.5,1.5,2.63,1.33,9
Sunderland,8,3,3,2,10,8,2,12,Premier League,0.38,0.75,2,1.5,1.25,2.63,1.33,9
Preston,8,2,6,0,9,7,2,12,Premier League,0.25,1.0,2,1.5,1.12,4.0,1.0,9
Swansea City,8,4,0,4,9,7,2,12,Premier League,0.5,0.5,2,1.5,1.12,2.0,2.0,9
Cardiff City,8,3,2,3,10,8,2,11,Premier League,0.38,0.62,2,1.38,1.25,2.63,1.61,10
Derby County,8,3,2,3,6,4,2,11,Premier League,0.38,0.62,2,1.38,0.75,2.63,1.61,10
Blackburn,8,3,2,3,11,10,1,11,Premier League,0.38,0.62,1,1.38,1.38,2.63,1.61,10
Watford,8,3,1,4,6,9,-3,10,Premier League,0.38,0.5,-3,1.25,0.75,2.63,2.0,11
Hull City,8,2,3,3,11,11,0,9,Premier League,0.25,0.62,0,1.12,1.38,4.0,1.61,12
Luton Town,8,1,4,3,3,5,-2,7,Premier League,0.12,0.62,-2,0.88,0.38,8.33,1.61,14
Sheffield Wed,8,0,3,5,7,12,-5,3,Premier League,0.0,0.38,-5,0.38,0.88,0.0,2.63,15
Birmingham City,8,8,0,0,21,4,17,24,League One,1.0,1.0,17,3.0,2.62,1.0,1.0,1
Charlton,8,7,1,0,18,4,14,22,League One,0.88,1.0,14,2.75,2.25,1.14,1.0,2
Stockport,8,7,1,0,15,4,11,22,League One,0.88,1.0,11,2.75,1.88,1.14,1.0,2
Wycombe,8,5,2,1,8,2,6,17,League One,0.62,0.88,6,2.12,1.0,1.61,1.14,3
Reading,8,4,4,0,10,4,6,16,League One,0.5,1.0,6,2.0,1.25,2.0,1.0,4
Blackpool,8,4,3,1,14,8,6,15,League One,0.5,0.88,6,1.88,1.75,2.0,1.14,5
Bolton,8,5,0,3,14,10,4,15,League One,0.62,0.62,4,1.88,1.75,1.61,1.61,5
Burton Albion,8,4,2,2,15,10,5,14,League One,0.5,0.75,5,1.75,1.88,2.0,1.33,6
Wrexham,8,4,2,2,10,6,4,14,League One,0.5,0.75,4,1.75,1.25,2.0,1.33,6
Leyton Orient,8,4,1,3,11,7,4,13,League One,0.5,0.62,4,1.62,1.38,2.0,1.61,7
Lincoln City,8,3,3,2,12,6,6,12,League One,0.38,0.75,6,1.5,1.5,2.63,1.33,8
Peterborough,8,3,3,2,10,9,1,12,League One,0.38,0.75,1,1.5,1.25,2.63,1.33,8
Stevenage,8,3,2,3,14,9,5,11,League One,0.38,0.62,5,1.38,1.75,2.63,1.61,9
Bristol Rovers,8,3,1,4,13,13,0,10,League One,0.38,0.5,0,1.25,1.62,2.63,2.0,10
Rotherham,8,3,1,4,9,13,-4,10,League One,0.38,0.5,-4,1.25,1.12,2.63,2.0,10
Wigan Athletic,8,2,3,3,6,8,-2,9,League One,0.25,0.62,-2,1.12,0.75,4.0,1.61,11
Barnsley,8,2,2,4,11,13,-2,8,League One,0.25,0.5,-2,1.0,1.38,4.0,2.0,12
Exeter City,8,2,2,4,9,15,-6,8,League One,0.25,0.5,-6,1.0,1.12,4.0,2.0,12
Huddersfield,8,2,1,5,7,7,0,7,League One,0.25,0.38,0,0.88,0.88,4.0,2.63,13
Cambridge Utd,8,1,3,4,6,8,-2,6,League One,0.12,0.5,-2,0.75,0.75,8.33,2.0,14
Crawley Town,8,1,3,4,8,13,-5,6,League One,0.12,0.5,-5,0.75,1.0,8.33,2.0,14
Northampton,8,1,3,4,5,11,-6,6,League One,0.12,0.5,-6,0.75,0.62,8.33,2.0,14
Mansfield,8,1,1,6,6,13,-7,4,League One,0.12,0.25,-7,0.5,0.75,8.33,4.0,15
Shrewsbury,8,1,1,6,5,12,-7,4,League One,0.12,0.25,-7,0.5,0.62,8.33,4.0,15
Bradford,8,7,0,1,14,2,12,21,League Two,0.88,0.88,12,2.62,1.75,1.14,1.14,1
Port Vale,8,6,1,1,14,2,12,19,League Two,0.75,0.88,12,2.38,1.75,1.33,1.14,2
Colchester Utd,8,6,1,1,12,5,7,19,League Two,0.75,0.88,7,2.38,1.5,1.33,1.14,2
Chesterfield,8,5,2,1,17,8,9,17,League Two,0.62,0.88,9,2.12,2.12,1.61,1.14,3
AFC Wimbledon,8,5,1,2,11,5,6,16,League Two,0.62,0.75,6,2.0,1.38,1.61,1.33,4
Swindon Town,8,4,4,0,19,14,5,16,League Two,0.5,1.0,5,2.0,2.38,2.0,1.0,4
Harrogate,8,4,4,0,11,7,4,16,League Two,0.5,1.0,4,2.0,1.38,2.0,1.0,4
Doncaster,8,4,3,1,15,8,7,15,League Two,0.5,0.88,7,1.88,1.88,2.0,1.14,5
Grimsby,8,4,2,2,10,8,2,14,League Two,0.5,0.75,2,1.75,1.25,2.0,1.33,6
Bromley,8,4,1,3,12,8,4,13,League Two,0.5,0.62,4,1.62,1.5,2.0,1.61,7
Barrow,8,4,1,3,11,7,4,13,League Two,0.5,0.62,4,1.62,1.38,2.0,1.61,7
Morecambe,8,4,1,3,8,7,1,13,League Two,0.5,0.62,1,1.62,1.0,2.0,1.61,7
Tranmere,8,3,3,2,11,7,4,12,League Two,0.38,0.75,4,1.5,1.38,2.63,1.33,8
Gillingham,8,3,3,2,6,5,1,12,League Two,0.38,0.75,1,1.5,0.75,2.63,1.33,8
Notts County,8,3,2,3,11,9,2,11,League Two,0.38,0.62,2,1.38,1.38,2.63,1.61,9
Cheltenham,8,3,2,3,9,10,-1,11,League Two,0.38,0.62,-1,1.38,1.12,2.63,1.61,9
Newport,8,3,2,3,8,9,-1,11,League Two,0.38,0.62,-1,1.38,1.0,2.63,1.61,9
Accrington,8,2,4,2,13,10,3,10,League Two,0.25,0.75,3,1.25,1.62,4.0,1.33,10
Fleetwood,8,2,4,2,8,9,-1,10,League Two,0.25,0.75,-1,1.25,1.0,4.0,1.33,10
Carlisle Utd,8,2,4,2,10,13,-3,10,League Two,0.25,0.75,-3,1.25,1.25,4.0,1.33,10
Walsall,8,2,3,3,14,14,0,9,League Two,0.25,0.62,0,1.12,1.75,4.0,1.61,11
Salford City,8,1,5,2,11,14,-3,8,League Two,0.12,0.75,-3,1.0,1.38,8.33,1.33,12
Crewe Alexandra,8,2,2,4,10,13,-3,8,League Two,0.25,0.5,-3,1.0,1.25,4.0,2.0,12
Milton Keynes,8,2,1,5,6,12,-6,7,League Two,0.25,0.38,-6,0.88,0.75,4.0,2.63,13
Barnet,8,7,1,0,21,4,17,22,England - National League,0.88,1.0,17,2.75,2.62,1.14,1.0,1
Southend Utd,8,5,2,1,13,7,6,17,England - National League,0.62,0.88,6,2.12,1.62,1.61,1.14,2
Forest Green,8,5,2,1,13,8,5,17,England - National League,0.62,0.88,5,2.12,1.62,1.61,1.14,2
Braintree Town,8,5,1,2,10,6,4,16,England - National League,0.62,0.75,4,2.0,1.25,1.61,1.33,3
Rochdale,8,5,0,3,18,12,6,15,England - National League,0.62,0.62,6,1.88,2.25,1.61,1.61,4
Aldershot Town,8,4,3,1,17,11,6,15,England - National League,0.5,0.88,6,1.88,2.12,2.0,1.14,4
Boston Utd,8,4,3,1,12,6,6,15,England - National League,0.5,0.88,6,1.88,1.5,2.0,1.14,4
York City,8,4,2,2,20,10,10,14,England - National League,0.5,0.75,10,1.75,2.5,2.0,1.33,5
Woking,8,3,4,1,7,5,2,13,England - National League,0.38,0.88,2,1.62,0.88,2.63,1.14,6
Wealdstone,8,4,1,3,12,14,-2,13,England - National League,0.5,0.62,-2,1.62,1.5,2.0,1.61,6
Tamworth,8,3,3,2,14,9,5,12,England - National League,0.38,0.75,5,1.5,1.75,2.63,1.33,7
Eastleigh,8,3,3,2,12,7,5,12,England - National League,0.38,0.75,5,1.5,1.5,2.63,1.33,7
Yeovil Town,8,3,2,3,8,10,-2,11,England - National League,0.38,0.62,-2,1.38,1.0,2.63,1.61,8
Hartlepool,8,2,4,2,12,10,2,10,England - National League,0.25,0.75,2,1.25,1.5,4.0,1.33,9
Sutton Utd,8,2,4,2,8,10,-2,10,England - National League,0.25,0.75,-2,1.25,1.0,4.0,1.33,9
Halifax Town,8,3,1,4,5,7,-2,10,England - National League,0.38,0.5,-2,1.25,0.62,2.63,2.0,9
Ebbsfleet Utd,8,2,3,3,10,10,0,9,England - National League,0.25,0.62,0,1.12,1.25,4.0,1.61,10
Oldham,8,2,3,3,8,9,-1,9,England - National League,0.25,0.62,-1,1.12,1.0,4.0,1.61,10
Altrincham,8,2,2,4,9,10,-1,8,England - National League,0.25,0.5,-1,1.0,1.12,4.0,2.0,11
Maidenhead Utd,8,2,2,4,9,12,-3,8,England - National League,0.25,0.5,-3,1.0,1.12,4.0,2.0,11
Gateshead FC,8,2,2,4,9,14,-5,8,England - National League,0.25,0.5,-5,1.0,1.12,4.0,2.0,11
AFC Fylde,8,2,1,5,10,13,-3,7,England - National League,0.25,0.38,-3,0.88,1.25,4.0,2.63,12
Solihull Moors,8,2,1,5,6,12,-6,7,England - National League,0.25,0.38,-6,0.88,0.75,4.0,2.63,12
Dagenham & R.,8,1,3,4,8,14,-6,6,England - National League,0.12,0.5,-6,0.75,1.0,8.33,2.0,13
Chorley,8,7,1,0,22,4,18,22,England - National L. North,0.88,1.0,18,2.75,2.75,1.14,1.0,1
Scunthorpe,8,7,1,0,15,3,12,22,England - National L. North,0.88,1.0,12,2.75,1.88,1.14,1.0,1
Spennymoor,8,6,1,1,16,6,10,19,England - National L. North,0.75,0.88,10,2.38,2.0,1.33,1.14,2
Kidderminster,8,6,0,2,18,6,12,18,England - National L. North,0.75,0.75,12,2.25,2.25,1.33,1.33,3
Brackley Town,8,6,0,2,14,4,10,18,England - National L. North,0.75,0.75,10,2.25,1.75,1.33,1.33,3
Chester,8,5,3,0,14,5,9,18,England - National L. North,0.62,1.0,9,2.25,1.75,1.61,1.0,3
Scarborough,8,5,1,2,15,6,9,16,England - National L. North,0.62,0.75,9,2.0,1.88,1.61,1.33,4
Hereford Utd,8,5,1,2,15,12,3,16,England - National L. North,0.62,0.75,3,2.0,1.88,1.61,1.33,4
Leamington,8,4,3,1,12,5,7,15,England - National L. North,0.5,0.88,7,1.88,1.5,2.0,1.14,5
Peterborough S.,8,4,2,2,12,7,5,14,England - National L. North,0.5,0.75,5,1.75,1.5,2.0,1.33,6
Darlington,8,4,2,2,15,12,3,14,England - National L. North,0.5,0.75,3,1.75,1.88,2.0,1.33,6
Marine,8,4,2,2,13,11,2,14,England - National L. North,0.5,0.75,2,1.75,1.62,2.0,1.33,6
Curzon,8,4,1,3,8,7,1,13,England - National L. North,0.5,0.62,1,1.62,1.0,2.0,1.61,7
Radcliffe,8,4,0,4,14,10,4,12,England - National L. North,0.5,0.5,4,1.5,1.75,2.0,2.0,8
Kings Lynn,8,3,3,2,9,9,0,12,England - National L. North,0.38,0.75,0,1.5,1.12,2.63,1.33,8
Buxton,8,3,2,3,7,8,-1,11,England - National L. North,0.38,0.62,-1,1.38,0.88,2.63,1.61,9
Oxford City,8,3,2,3,8,11,-3,11,England - National L. North,0.38,0.62,-3,1.38,1.0,2.63,1.61,9
Rushall,8,3,2,3,7,11,-4,11,England - National L. North,0.38,0.62,-4,1.38,0.88,2.63,1.61,9
Needham Market,8,3,1,4,11,10,1,10,England - National L. North,0.38,0.5,1,1.25,1.38,2.63,2.0,10
Alfreton Town,8,2,4,2,8,9,-1,10,England - National L. North,0.25,0.75,-1,1.25,1.0,4.0,1.33,10
South Shields,8,3,1,4,6,10,-4,10,England - National L. North,0.38,0.5,-4,1.25,0.75,2.63,2.0,10
Southport,8,1,3,4,4,11,-7,6,England - National L. North,0.12,0.5,-7,0.75,0.5,8.33,2.0,11
Warrington,8,1,1,6,7,13,-6,4,England - National L. North,0.12,0.25,-6,0.5,0.88,8.33,4.0,12
Farsley Celtic,8,0,0,8,4,24,-20,0,England - National L. North,0.0,0.0,-20,0.0,0.5,0.0,0.0,13
Eastbourne,8,7,1,0,23,8,15,22,England - National L. South,0.88,1.0,15,2.75,2.88,1.14,1.0,1
Worthing,8,6,0,2,19,8,11,18,England - National L. South,0.75,0.75,11,2.25,2.38,1.33,1.33,2
Truro City,8,5,3,0,12,6,6,18,England - National L. South,0.62,1.0,6,2.25,1.5,1.61,1.0,2
Maidstone Utd,8,5,2,1,15,5,10,17,England - National L. South,0.62,0.88,10,2.12,1.88,1.61,1.14,3
Hemel Hempstead,8,4,3,1,16,10,6,15,England - National L. South,0.5,0.88,6,1.88,2.0,2.0,1.14,4
Boreham Wood,8,5,0,3,12,6,6,15,England - National L. South,0.62,0.62,6,1.88,1.5,1.61,1.61,4
Weymouth,8,4,2,2,19,12,7,14,England - National L. South,0.5,0.75,7,1.75,2.38,2.0,1.33,5
Dorking,8,4,2,2,15,10,5,14,England - National L. South,0.5,0.75,5,1.75,1.88,2.0,1.33,5
Torquay Utd,8,4,2,2,12,8,4,14,England - National L. South,0.5,0.75,4,1.75,1.5,2.0,1.33,5
Chesham Utd,8,4,1,3,14,13,1,13,England - National L. South,0.5,0.62,1,1.62,1.75,2.0,1.61,6
Hornchurch,8,4,1,3,13,13,0,13,England - National L. South,0.5,0.62,0,1.62,1.62,2.0,1.61,6
Enfield Town,8,4,1,3,8,12,-4,13,England - National L. South,0.5,0.62,-4,1.62,1.0,2.0,1.61,6
Slough Town,8,3,3,2,14,9,5,12,England - National L. South,0.38,0.75,5,1.5,1.75,2.63,1.33,7
St Albans,8,3,3,2,10,8,2,12,England - National L. South,0.38,0.75,2,1.5,1.25,2.63,1.33,7
Bath City,8,3,3,2,8,6,2,12,England - National L. South,0.38,0.75,2,1.5,1.0,2.63,1.33,7
Farnborough,8,4,0,4,12,11,1,12,England - National L. South,0.5,0.5,1,1.5,1.5,2.0,2.0,7
Chippenham,8,3,2,3,8,10,-2,11,England - National L. South,0.38,0.62,-2,1.38,1.0,2.63,1.61,8
Weston-s.-Mare,8,2,4,2,10,7,3,10,England - National L. South,0.25,0.75,3,1.25,1.25,4.0,1.33,9
Chelmsford City,8,2,3,3,8,9,-1,9,England - National L. South,0.25,0.62,-1,1.12,1.0,4.0,1.61,10
Tonbridge,8,3,0,5,9,12,-3,9,England - National L. South,0.38,0.38,-3,1.12,1.12,2.63,2.63,10
Salisbury,8,2,1,5,8,13,-5,7,England - National L. South,0.25,0.38,-5,0.88,1.0,4.0,2.63,11
Welling Utd,8,1,3,4,8,10,-2,6,England - National L. South,0.12,0.5,-2,0.75,1.0,8.33,2.0,12
Aveley,8,1,1,6,7,13,-6,4,England - National L. South,0.12,0.25,-6,0.5,0.88,8.33,4.0,13
Hampton & R.,8,1,1,6,10,18,-8,4,England - National L. South,0.12,0.25,-8,0.5,1.25,8.33,4.0,13
Dartford,8,6,2,0,18,5,13,20,England - Isthmian league,0.75,1.0,13,2.5,2.25,1.33,1.0,1
Cray Wanderers,8,6,1,1,19,8,11,19,England - Isthmian league,0.75,0.88,11,2.38,2.38,1.33,1.14,2
Chichester City,8,6,1,1,14,6,8,19,England - Isthmian league,0.75,0.88,8,2.38,1.75,1.33,1.14,2
Horsham,8,6,1,1,11,4,7,19,England - Isthmian league,0.75,0.88,7,2.38,1.38,1.33,1.14,2
Carshalton,8,5,2,1,19,13,6,17,England - Isthmian league,0.62,0.88,6,2.12,2.38,1.61,1.14,3
Hashtag United,8,5,1,2,18,14,4,16,England - Isthmian league,0.62,0.75,4,2.0,2.25,1.61,1.33,4
Cray Valley PM,8,4,3,1,14,9,5,15,England - Isthmian league,0.5,0.88,5,1.88,1.75,2.0,1.14,5
Billericay Town,8,5,0,3,14,12,2,15,England - Isthmian league,0.62,0.62,2,1.88,1.75,1.61,1.61,5
Canvey Island,8,4,2,2,9,6,3,14,England - Isthmian league,0.5,0.75,3,1.75,1.12,2.0,1.33,6
Whitehawk,8,4,1,3,14,7,7,13,England - Isthmian league,0.5,0.62,7,1.62,1.75,2.0,1.61,7
Chatham Town,8,4,1,3,14,9,5,13,England - Isthmian league,0.5,0.62,5,1.62,1.75,2.0,1.61,7
Dover Athletic,8,4,1,3,11,10,1,13,England - Isthmian league,0.5,0.62,1,1.62,1.38,2.0,1.61,7
Lewes,8,3,3,2,13,10,3,12,England - Isthmian league,0.38,0.75,3,1.5,1.62,2.63,1.33,8
Wingate & F.,8,3,2,3,11,11,0,11,England - Isthmian league,0.38,0.62,0,1.38,1.38,2.63,1.61,9
Cheshunt,8,3,1,4,11,12,-1,10,England - Isthmian league,0.38,0.5,-1,1.25,1.38,2.63,2.0,10
Folkestone,8,3,1,4,11,15,-4,10,England - Isthmian league,0.38,0.5,-4,1.25,1.38,2.63,2.0,10
Bognor Regis,8,3,1,4,7,11,-4,10,England - Isthmian league,0.38,0.5,-4,1.25,0.88,2.63,2.0,10
Dulwich Hamlet,8,3,0,5,11,14,-3,9,England - Isthmian league,0.38,0.38,-3,1.12,1.38,2.63,2.63,11
Potters Bar,8,2,1,5,5,13,-8,7,England - Isthmian league,0.25,0.38,-8,0.88,0.62,4.0,2.63,12
Hastings Utd,8,1,2,5,5,13,-8,5,England - Isthmian league,0.12,0.38,-8,0.62,0.62,8.33,2.63,13
Hendon,8,1,1,6,8,23,-15,4,England - Isthmian league,0.12,0.25,-15,0.5,1.0,8.33,4.0,14
Bowers & Pitsea,8,0,2,6,7,22,-15,2,England - Isthmian league,0.0,0.25,-15,0.25,0.88,0.0,4.0,15
Macclesfield,8,7,0,1,19,7,12,21,England - Northern league,0.88,0.88,12,2.62,2.38,1.14,1.14,1
Worksop Town,8,6,0,2,24,10,14,18,England - Northern league,0.75,0.75,14,2.25,3.0,1.33,1.33,2
Prescot Cables,8,6,0,2,8,3,5,18,England - Northern league,0.75,0.75,5,2.25,1.0,1.33,1.33,2
Ashton Utd,8,5,1,2,16,7,9,16,England - Northern league,0.62,0.75,9,2.0,2.0,1.61,1.33,3
Leek Town,8,5,1,2,11,7,4,16,England - Northern league,0.62,0.75,4,2.0,1.38,1.61,1.33,3
Gainsborough,8,4,2,2,14,8,6,14,England - Northern league,0.5,0.75,6,1.75,1.75,2.0,1.33,4
Ilkeston Town,8,4,2,2,14,9,5,14,England - Northern league,0.5,0.75,5,1.75,1.75,2.0,1.33,4
Stockton Town,8,4,2,2,12,9,3,14,England - Northern league,0.5,0.75,3,1.75,1.5,2.0,1.33,4
Guiseley,8,4,2,2,11,8,3,14,England - Northern league,0.5,0.75,3,1.75,1.38,2.0,1.33,4
Workington,8,4,1,3,14,10,4,13,England - Northern league,0.5,0.62,4,1.62,1.75,2.0,1.61,5
Bamber Bridge,8,4,0,4,13,12,1,12,England - Northern league,0.5,0.5,1,1.5,1.62,2.0,2.0,6
Rylands,8,3,3,2,11,11,0,12,England - Northern league,0.38,0.75,0,1.5,1.38,2.63,1.33,6
Hyde Utd,8,3,3,2,11,12,-1,12,England - Northern league,0.38,0.75,-1,1.5,1.38,2.63,1.33,6
Basford Utd,8,3,2,3,11,14,-3,11,England - Northern league,0.38,0.62,-3,1.38,1.38,2.63,1.61,7
Matlock,8,2,4,2,11,10,1,10,England - Northern league,0.25,0.75,1,1.25,1.38,4.0,1.33,8
Morpeth Town,8,2,4,2,10,12,-2,10,England - Northern league,0.25,0.75,-2,1.25,1.25,4.0,1.33,8
Mickleover,8,3,1,4,9,11,-2,10,England - Northern league,0.38,0.5,-2,1.25,1.12,2.63,2.0,8
Lancaster City,8,2,3,3,7,9,-2,9,England - Northern league,0.25,0.62,-2,1.12,0.88,4.0,1.61,9
FC United,8,2,3,3,12,15,-3,9,England - Northern league,0.25,0.62,-3,1.12,1.5,4.0,1.61,9
Whitby Town,8,2,1,5,6,13,-7,7,England - Northern league,0.25,0.38,-7,0.88,0.75,4.0,2.63,10
Blyth Spartans,8,1,2,5,6,17,-11,5,England - Northern league,0.12,0.38,-11,0.62,0.75,8.33,2.63,11
Hebburn Town,8,0,3,5,6,12,-6,3,England - Northern league,0.0,0.38,-6,0.38,0.75,0.0,2.63,12
Halesowen Town,8,6,2,0,17,5,12,20,England - Southern Central,0.75,1.0,12,2.5,2.12,1.33,1.0,1
Telford Utd,8,5,3,0,18,6,12,18,England - Southern Central,0.62,1.0,12,2.25,2.25,1.61,1.0,2
Stratford Town,8,5,2,1,13,4,9,17,England - Southern Central,0.62,0.88,9,2.12,1.62,1.61,1.14,3
Spalding United,8,5,2,1,12,6,6,17,England - Southern Central,0.62,0.88,6,2.12,1.5,1.61,1.14,3
Harborough Town,8,5,1,2,11,6,5,16,England - Southern Central,0.62,0.75,5,2.0,1.38,1.61,1.33,4
Bedford Town,8,4,2,2,17,12,5,14,England - Southern Central,0.5,0.75,5,1.75,2.12,2.0,1.33,5
Hitchin Town,8,4,2,2,12,8,4,14,England - Southern Central,0.5,0.75,4,1.75,1.5,2.0,1.33,5
Alvechurch,8,4,2,2,9,7,2,14,England - Southern Central,0.5,0.75,2,1.75,1.12,2.0,1.33,5
Stamford,8,4,2,2,9,7,2,14,England - Southern Central,0.5,0.75,2,1.75,1.12,2.0,1.33,5
Leiston,8,4,1,3,13,11,2,13,England - Southern Central,0.5,0.62,2,1.62,1.62,2.0,1.61,6
Redditch Utd,8,3,4,1,13,11,2,13,England - Southern Central,0.38,0.88,2,1.62,1.62,2.63,1.14,6
Royston,8,3,4,1,10,9,1,13,England - Southern Central,0.38,0.88,1,1.62,1.25,2.63,1.14,6
Banbury Utd,8,3,4,1,6,5,1,13,England - Southern Central,0.38,0.88,1,1.62,0.75,2.63,1.14,6
Kettering Town,8,3,3,2,14,10,4,12,England - Southern Central,0.38,0.75,4,1.5,1.75,2.63,1.33,7
Barwell,8,4,0,4,14,13,1,12,England - Southern Central,0.5,0.5,1,1.5,1.75,2.0,2.0,7
Stourbridge,8,3,2,3,8,7,1,11,England - Southern Central,0.38,0.62,1,1.38,1.0,2.63,1.61,8
B. Stortford,8,3,2,3,12,13,-1,11,England - Southern Central,0.38,0.62,-1,1.38,1.5,2.63,1.61,8
Bromsgrove,8,2,3,3,10,8,2,9,England - Southern Central,0.25,0.62,2,1.12,1.25,4.0,1.61,9
St. Ives Town,8,2,3,3,12,13,-1,9,England - Southern Central,0.25,0.62,-1,1.12,1.5,4.0,1.61,9
AFC Sudbury,8,2,2,4,8,8,0,8,England - Southern Central,0.25,0.5,0,1.0,1.0,4.0,2.0,10
Biggleswade,8,1,3,4,8,12,-4,6,England - Southern Central,0.12,0.5,-4,0.75,1.0,8.33,2.0,11
Lowestoft,8,1,1,6,9,21,-12,4,England - Southern Central,0.12,0.25,-12,0.5,1.12,8.33,4.0,12
Paide,4,4,0,0,11,0,11,12,Estonia - Meistriliiga,1.0,1.0,11,3.0,2.75,1.0,1.0,1
Levadia,4,3,1,0,9,2,7,10,Estonia - Meistriliiga,0.75,1.0,7,2.5,2.25,1.33,1.0,2
Narva Trans,4,2,0,2,2,3,-1,6,Estonia - Meistriliiga,0.5,0.5,-1,1.5,0.5,2.0,2.0,3
Flora,3,1,1,1,7,3,4,4,Estonia - Meistriliiga,0.33,0.67,4,1.33,2.33,3.03,1.49,4
Nomme Kalju,3,1,1,1,6,4,2,4,Estonia - Meistriliiga,0.33,0.67,2,1.33,2.0,3.03,1.49,4
Tallinna Kalev,3,1,0,2,5,7,-2,3,Estonia - Meistriliiga,0.33,0.33,-2,1.0,1.67,3.03,3.03,5
Harju JK,3,1,0,2,3,5,-2,3,Estonia - Meistriliiga,0.33,0.33,-2,1.0,1.0,3.03,3.03,5
Vaprus,4,0,2,2,4,8,-4,2,Estonia - Meistriliiga,0.0,0.5,-4,0.5,1.0,0.0,2.0,6
Kuressaare,3,0,0,3,2,6,-4,0,Estonia - Meistriliiga,0.0,0.0,-4,0.0,0.67,0.0,0.0,7
Tammeka,4,0,0,4,4,12,-8,0,Estonia - Meistriliiga,0.0,0.0,-8,0.0,1.0,0.0,0.0,7
Viimsi,3,2,1,0,11,4,7,7,Estonia - Esiliiga,0.67,1.0,7,2.33,3.67,1.49,1.0,1
Tartu Welco,3,2,1,0,7,4,3,7,Estonia - Esiliiga,0.67,1.0,3,2.33,2.33,1.49,1.0,1
Flora B,4,2,1,1,7,5,2,7,Estonia - Esiliiga,0.5,0.75,2,1.75,1.75,2.0,1.33,1
Levadia B,3,2,0,1,8,5,3,6,Estonia - Esiliiga,0.67,0.67,3,2.0,2.67,1.49,1.49,2
Elva,2,2,0,0,7,4,3,6,Estonia - Esiliiga,1.0,1.0,3,3.0,3.5,1.0,1.0,2
Nomme Utd,3,2,0,1,5,3,2,6,Estonia - Esiliiga,0.67,0.67,2,2.0,1.67,1.49,1.49,2
FC Tallinn,3,1,1,1,5,4,1,4,Estonia - Esiliiga,0.33,0.67,1,1.33,1.67,3.03,1.49,3
Nomme Kalju B,2,1,0,1,2,3,-1,3,Estonia - Esiliiga,0.5,0.5,-1,1.5,1.0,2.0,2.0,4
Tallinna K. B,4,0,1,3,3,9,-6,1,Estonia - Esiliiga,0.0,0.25,-6,0.25,0.75,0.0,4.0,5
Tammeka B,3,0,0,3,0,4,-4,0,Estonia - Esiliiga,0.0,0.0,-4,0.0,0.0,0.0,0.0,6
Klaksvik,4,4,0,0,11,2,9,12,FaroeIslands - Premier League,1.0,1.0,9,3.0,2.75,1.0,1.0,1
NSI Runavik,3,3,0,0,19,4,15,9,FaroeIslands - Premier League,1.0,1.0,15,3.0,6.33,1.0,1.0,2
HB Torshavn,3,2,0,1,9,5,4,6,FaroeIslands - Premier League,0.67,0.67,4,2.0,3.0,1.49,1.49,3
Vikingur,3,1,1,1,4,4,0,4,FaroeIslands - Premier League,0.33,0.67,0,1.33,1.33,3.03,1.49,4
B36 Torshavn,3,1,1,1,3,4,-1,4,FaroeIslands - Premier League,0.33,0.67,-1,1.33,1.0,3.03,1.49,4
Streymur,3,1,1,1,3,5,-2,4,FaroeIslands - Premier League,0.33,0.67,-2,1.33,1.0,3.03,1.49,4
TB Tvoroyri,4,1,1,2,4,8,-4,4,FaroeIslands - Premier League,0.25,0.5,-4,1.0,1.0,4.0,2.0,4
B68 Toftir,2,1,0,1,2,2,0,3,FaroeIslands - Premier League,0.5,0.5,0,1.5,1.0,2.0,2.0,5
Suduroy,2,1,0,1,1,2,-1,3,FaroeIslands - Premier League,0.5,0.5,-1,1.5,0.5,2.0,2.0,5
07 Vestur,2,0,0,2,2,4,-2,0,FaroeIslands - Premier League,0.0,0.0,-2,0.0,1.0,0.0,0.0,6
Klaksvik B,4,3,0,1,6,3,3,9,FaroeIslands - 1. Deild,0.75,0.75,3,2.25,1.5,1.33,1.33,1
AB Argir,3,2,1,0,8,2,6,7,FaroeIslands - 1. Deild,0.67,1.0,6,2.33,2.67,1.49,1.0,2
Skala,3,2,1,0,6,1,5,7,FaroeIslands - 1. Deild,0.67,1.0,5,2.33,2.0,1.49,1.0,2
Vikingur B,3,2,0,1,8,2,6,6,FaroeIslands - 1. Deild,0.67,0.67,6,2.0,2.67,1.49,1.49,3
B71 Sandur,2,2,0,0,5,1,4,6,FaroeIslands - 1. Deild,1.0,1.0,4,3.0,2.5,1.0,1.0,3
Streymur B,3,2,0,1,5,3,2,6,FaroeIslands - 1. Deild,0.67,0.67,2,2.0,1.67,1.49,1.49,3
IF Fuglafjordur,3,1,0,2,4,6,-2,3,FaroeIslands - 1. Deild,0.33,0.33,-2,1.0,1.33,3.03,3.03,4
NSI Runavik B,3,0,1,2,3,8,-5,1,FaroeIslands - 1. Deild,0.0,0.33,-5,0.33,1.0,0.0,3.03,5
B36 Torshavn B,2,0,1,1,2,7,-5,1,FaroeIslands - 1. Deild,0.0,0.5,-5,0.5,1.0,0.0,2.0,5
07 Vestur B,3,0,0,3,4,10,-6,0,FaroeIslands - 1. Deild,0.0,0.0,-6,0.0,1.33,0.0,0.0,6
Ilves,2,2,0,0,5,3,2,6,Finland - Veikkausliiga,1.0,1.0,2,3.0,2.5,1.0,1.0,1
Inter Turku,2,1,1,0,4,1,3,4,Finland - Veikkausliiga,0.5,1.0,3,2.0,2.0,2.0,1.0,2
VPS,1,1,0,0,4,3,1,3,Finland - Veikkausliiga,1.0,1.0,1,3.0,4.0,1.0,1.0,3
KuPS,1,1,0,0,1,0,1,3,Finland - Veikkausliiga,1.0,1.0,1,3.0,1.0,1.0,1.0,3
SJK,1,1,0,0,1,0,1,3,Finland - Veikkausliiga,1.0,1.0,1,3.0,1.0,1.0,1.0,3
Haka,2,1,0,1,3,3,0,3,Finland - Veikkausliiga,0.5,0.5,0,1.5,1.5,2.0,2.0,3
KTP,2,0,1,1,2,3,-1,1,Finland - Veikkausliiga,0.0,0.5,-1,0.5,1.0,0.0,2.0,4
Gnistan,0,0,0,0,0,0,0,0,Finland - Veikkausliiga,0.0,0.0,0,0.0,0.0,0.0,0.0,5
HJK Helsinki,0,0,0,0,0,0,0,0,Finland - Veikkausliiga,0.0,0.0,0,0.0,0.0,0.0,0.0,5
Jaro,0,0,0,0,0,0,0,0,Finland - Veikkausliiga,0.0,0.0,0,0.0,0.0,0.0,0.0,5
Oulu,0,0,0,0,0,0,0,0,Finland - Veikkausliiga,0.0,0.0,0,0.0,0.0,0.0,0.0,5
Mariehamn,1,0,0,1,0,2,-2,0,Finland - Veikkausliiga,0.0,0.0,-2,0.0,0.0,0.0,0.0,5
Ekenas IF,0,0,0,0,0,0,0,0,Finland - Ykkosliga,0.0,0.0,0,0.0,0.0,0.0,0.0,1
JaPS,0,0,0,0,0,0,0,0,Finland - Ykkosliga,0.0,0.0,0,0.0,0.0,0.0,0.0,1
JIPPO,0,0,0,0,0,0,0,0,Finland - Ykkosliga,0.0,0.0,0,0.0,0.0,0.0,0.0,1
KaPa,0,0,0,0,0,0,0,0,Finland - Ykkosliga,0.0,0.0,0,0.0,0.0,0.0,0.0,1
Klubi-04,0,0,0,0,0,0,0,0,Finland - Ykkosliga,0.0,0.0,0,0.0,0.0,0.0,0.0,1
Lahti,0,0,0,0,0,0,0,0,Finland - Ykkosliga,0.0,0.0,0,0.0,0.0,0.0,0.0,1
PK-35,0,0,0,0,0,0,0,0,Finland - Ykkosliga,0.0,0.0,0,0.0,0.0,0.0,0.0,1
SalPa,0,0,0,0,0,0,0,0,Finland - Ykkosliga,0.0,0.0,0,0.0,0.0,0.0,0.0,1
SJK Akatemia,0,0,0,0,0,0,0,0,Finland - Ykkosliga,0.0,0.0,0,0.0,0.0,0.0,0.0,1
TPS,0,0,0,0,0,0,0,0,Finland - Ykkosliga,0.0,0.0,0,0.0,0.0,0.0,0.0,1
Inter Turku B,1,1,0,0,4,0,4,3,Finland - Ykkonen,1.0,1.0,4,3.0,4.0,1.0,1.0,1
KuPS Ak.,1,1,0,0,2,1,1,3,Finland - Ykkonen,1.0,1.0,1,3.0,2.0,1.0,1.0,1
KPV Kokkola,1,0,1,0,2,2,0,1,Finland - Ykkonen,0.0,1.0,0,1.0,2.0,0.0,1.0,2
Atlantis,0,0,0,0,0,0,0,0,Finland - Ykkonen,0.0,0.0,0,0.0,0.0,0.0,0.0,3
Jazz Pori,0,0,0,0,0,0,0,0,Finland - Ykkonen,0.0,0.0,0,0.0,0.0,0.0,0.0,3
JJK,0,0,0,0,0,0,0,0,Finland - Ykkonen,0.0,0.0,0,0.0,0.0,0.0,0.0,3
Mikkelin,0,0,0,0,0,0,0,0,Finland - Ykkonen,0.0,0.0,0,0.0,0.0,0.0,0.0,3
OLS Oulu,0,0,0,0,0,0,0,0,Finland - Ykkonen,0.0,0.0,0,0.0,0.0,0.0,0.0,3
PKKU,0,0,0,0,0,0,0,0,Finland - Ykkonen,0.0,0.0,0,0.0,0.0,0.0,0.0,3
EPS,1,0,0,1,0,1,-1,0,Finland - Ykkonen,0.0,0.0,-1,0.0,0.0,0.0,0.0,3
Tampere Utd,1,0,0,1,0,2,-2,0,Finland - Ykkonen,0.0,0.0,-2,0.0,0.0,0.0,0.0,3
Rovaniemi,1,0,0,1,0,5,-5,0,Finland - Ykkonen,0.0,0.0,-5,0.0,0.0,0.0,0.0,3
GrIFK,0,0,0,0,0,0,0,0,Finland - Kakkonen Group A,0.0,0.0,0,0.0,0.0,0.0,0.0,1
HaPK,0,0,0,0,0,0,0,0,Finland - Kakkonen Group A,0.0,0.0,0,0.0,0.0,0.0,0.0,1
Honka,0,0,0,0,0,0,0,0,Finland - Kakkonen Group A,0.0,0.0,0,0.0,0.0,0.0,0.0,1
JPS,0,0,0,0,0,0,0,0,Finland - Kakkonen Group A,0.0,0.0,0,0.0,0.0,0.0,0.0,1
MYPA,0,0,0,0,0,0,0,0,Finland - Kakkonen Group A,0.0,0.0,0,0.0,0.0,0.0,0.0,1
PEPO,0,0,0,0,0,0,0,0,Finland - Kakkonen Group A,0.0,0.0,0,0.0,0.0,0.0,0.0,1
PuiU Helsinki,0,0,0,0,0,0,0,0,Finland - Kakkonen Group A,0.0,0.0,0,0.0,0.0,0.0,0.0,1
Reipas,0,0,0,0,0,0,0,0,Finland - Kakkonen Group A,0.0,0.0,0,0.0,0.0,0.0,0.0,1
Vaajakoski,0,0,0,0,0,0,0,0,Finland - Kakkonen Group A,0.0,0.0,0,0.0,0.0,0.0,0.0,1
VJS,0,0,0,0,0,0,0,0,Finland - Kakkonen Group A,0.0,0.0,0,0.0,0.0,0.0,0.0,1
Atlantis B,0,0,0,0,0,0,0,0,Finland - Kakkonen Group B,0.0,0.0,0,0.0,0.0,0.0,0.0,1
HJS,0,0,0,0,0,0,0,0,Finland - Kakkonen Group B,0.0,0.0,0,0.0,0.0,0.0,0.0,1
HPS,0,0,0,0,0,0,0,0,Finland - Kakkonen Group B,0.0,0.0,0,0.0,0.0,0.0,0.0,1
Ilves B,0,0,0,0,0,0,0,0,Finland - Kakkonen Group B,0.0,0.0,0,0.0,0.0,0.0,0.0,1
MuSa,0,0,0,0,0,0,0,0,Finland - Kakkonen Group B,0.0,0.0,0,0.0,0.0,0.0,0.0,1
NJS,0,0,0,0,0,0,0,0,Finland - Kakkonen Group B,0.0,0.0,0,0.0,0.0,0.0,0.0,1
P-Iirot,0,0,0,0,0,0,0,0,Finland - Kakkonen Group B,0.0,0.0,0,0.0,0.0,0.0,0.0,1
PPJ,0,0,0,0,0,0,0,0,Finland - Kakkonen Group B,0.0,0.0,0,0.0,0.0,0.0,0.0,1
TPV,0,0,0,0,0,0,0,0,Finland - Kakkonen Group B,0.0,0.0,0,0.0,0.0,0.0,0.0,1
Kiffen,1,0,0,1,2,3,-1,0,Finland - Kakkonen Group B,0.0,0.0,-1,0.0,2.0,0.0,0.0,1
GBK Kokkola,0,0,0,0,0,0,0,0,Finland - Kakkonen Group C,0.0,0.0,0,0.0,0.0,0.0,0.0,1
JBK,0,0,0,0,0,0,0,0,Finland - Kakkonen Group C,0.0,0.0,0,0.0,0.0,0.0,0.0,1
JS Hercules,0,0,0,0,0,0,0,0,Finland - Kakkonen Group C,0.0,0.0,0,0.0,0.0,0.0,0.0,1
Kuopion Elo,0,0,0,0,0,0,0,0,Finland - Kakkonen Group C,0.0,0.0,0,0.0,0.0,0.0,0.0,1
Narpes Kraft,0,0,0,0,0,0,0,0,Finland - Kakkonen Group C,0.0,0.0,0,0.0,0.0,0.0,0.0,1
OsPa,0,0,0,0,0,0,0,0,Finland - Kakkonen Group C,0.0,0.0,0,0.0,0.0,0.0,0.0,1
SJK Akatemia B,0,0,0,0,0,0,0,0,Finland - Kakkonen Group C,0.0,0.0,0,0.0,0.0,0.0,0.0,1
TP-47,0,0,0,0,0,0,0,0,Finland - Kakkonen Group C,0.0,0.0,0,0.0,0.0,0.0,0.0,1
VIFK,0,0,0,0,0,0,0,0,Finland - Kakkonen Group C,0.0,0.0,0,0.0,0.0,0.0,0.0,1
VPS B,0,0,0,0,0,0,0,0,Finland - Kakkonen Group C,0.0,0.0,0,0.0,0.0,0.0,0.0,1
Monaco,8,7,0,1,26,10,16,21,France - Ligue 1,0.88,0.88,16,2.62,3.25,1.14,1.14,1
Paris SG,8,6,2,0,19,7,12,20,France - Ligue 1,0.75,1.0,12,2.5,2.38,1.33,1.0,2
Lyon,8,6,1,1,19,8,11,19,France - Ligue 1,0.75,0.88,11,2.38,2.38,1.33,1.14,3
Lille,8,6,1,1,15,7,8,19,France - Ligue 1,0.75,0.88,8,2.38,1.88,1.33,1.14,3
Strasbourg,8,5,3,0,15,7,8,18,France - Ligue 1,0.62,1.0,8,2.25,1.88,1.61,1.0,4
Marseille,8,5,2,1,20,9,11,17,France - Ligue 1,0.62,0.88,11,2.12,2.5,1.61,1.14,5
Brest,8,5,2,1,17,11,6,17,France - Ligue 1,0.62,0.88,6,2.12,2.12,1.61,1.14,5
Nice,8,5,1,2,13,8,5,16,France - Ligue 1,0.62,0.75,5,2.0,1.62,1.61,1.33,6
Nantes,8,3,2,3,8,9,-1,11,France - Ligue 1,0.38,0.62,-1,1.38,1.0,2.63,1.61,7
Auxerre,8,2,4,2,10,9,1,10,France - Ligue 1,0.25,0.75,1,1.25,1.25,4.0,1.33,8
Angers,8,3,1,4,7,12,-5,10,France - Ligue 1,0.38,0.5,-5,1.25,0.88,2.63,2.0,8
Lens,8,3,0,5,7,11,-4,9,France - Ligue 1,0.38,0.38,-4,1.12,0.88,2.63,2.63,9
Rennes,8,3,0,5,7,11,-4,9,France - Ligue 1,0.38,0.38,-4,1.12,0.88,2.63,2.63,9
Saint-Etienne,8,1,3,4,12,21,-9,6,France - Ligue 1,0.12,0.5,-9,0.75,1.5,8.33,2.0,10
Toulouse,8,1,2,5,9,14,-5,5,France - Ligue 1,0.12,0.38,-5,0.62,1.12,8.33,2.63,11
Reims,8,1,2,5,7,12,-5,5,France - Ligue 1,0.12,0.38,-5,0.62,0.88,8.33,2.63,11
Le Havre,8,1,1,6,8,21,-13,4,France - Ligue 1,0.12,0.25,-13,0.5,1.0,8.33,4.0,12
Montpellier,8,1,1,6,6,20,-14,4,France - Ligue 1,0.12,0.25,-14,0.5,0.75,8.33,4.0,12
Paris FC,8,7,0,1,19,8,11,21,France - Ligue 2,0.88,0.88,11,2.62,2.38,1.14,1.14,1
SC Bastia,8,6,2,0,18,5,13,20,France - Ligue 2,0.75,1.0,13,2.5,2.25,1.33,1.0,2
Lorient,8,6,1,1,20,5,15,19,France - Ligue 2,0.75,0.88,15,2.38,2.5,1.33,1.14,3
Metz,8,6,1,1,18,5,13,19,France - Ligue 2,0.75,0.88,13,2.38,2.25,1.33,1.14,3
USL Dunkerque,8,5,0,3,13,7,6,15,France - Ligue 2,0.62,0.62,6,1.88,1.62,1.61,1.61,4
Guingamp,8,4,1,3,13,8,5,13,France - Ligue 2,0.5,0.62,5,1.62,1.62,2.0,1.61,5
Laval,8,4,1,3,9,5,4,13,France - Ligue 2,0.5,0.62,4,1.62,1.12,2.0,1.61,5
Red Star,8,4,1,3,12,9,3,13,France - Ligue 2,0.5,0.62,3,1.62,1.5,2.0,1.61,5
Grenoble,8,3,3,2,11,10,1,12,France - Ligue 2,0.38,0.75,1,1.5,1.38,2.63,1.33,6
AC Ajaccio,8,4,0,4,11,12,-1,12,France - Ligue 2,0.5,0.5,-1,1.5,1.38,2.0,2.0,6
Pau FC,8,3,3,2,7,11,-4,12,France - Ligue 2,0.38,0.75,-4,1.5,0.88,2.63,1.33,6
Amiens,8,4,0,4,8,13,-5,12,France - Ligue 2,0.5,0.5,-5,1.5,1.0,2.0,2.0,6
Troyes,8,3,2,3,11,5,6,11,France - Ligue 2,0.38,0.62,6,1.38,1.38,2.63,1.61,7
Rodez Aveyron,8,3,2,3,12,11,1,11,France - Ligue 2,0.38,0.62,1,1.38,1.5,2.63,1.61,7
Martigues,8,3,1,4,11,10,1,10,France - Ligue 2,0.38,0.5,1,1.25,1.38,2.63,2.0,8
Annecy,8,2,3,3,8,11,-3,9,France - Ligue 2,0.25,0.62,-3,1.12,1.0,4.0,1.61,9
Clermont,8,0,6,2,5,7,-2,6,France - Ligue 2,0.0,0.75,-2,0.75,0.62,0.0,1.33,10
Caen,8,0,3,5,7,13,-6,3,France - Ligue 2,0.0,0.38,-6,0.38,0.88,0.0,2.63,11
Le Mans,8,6,2,0,13,5,8,20,France - National,0.75,1.0,8,2.5,1.62,1.33,1.0,1
Nancy,8,6,0,2,13,7,6,18,France - National,0.75,0.75,6,2.25,1.62,1.33,1.33,2
Boulogne,8,4,3,1,13,9,4,15,France - National,0.5,0.88,4,1.88,1.62,2.0,1.14,3
Paris 13 A.,8,4,3,1,9,6,3,15,France - National,0.5,0.88,3,1.88,1.12,2.0,1.14,3
Rouen,8,4,2,2,13,11,2,14,France - National,0.5,0.75,2,1.75,1.62,2.0,1.33,4
Bourg-en-Bresse,8,3,4,1,5,3,2,13,France - National,0.38,0.88,2,1.62,0.62,2.63,1.14,5
Aubagne,8,4,1,3,9,8,1,13,France - National,0.5,0.62,1,1.62,1.12,2.0,1.61,5
Quevilly Rouen,8,4,0,4,7,6,1,12,France - National,0.5,0.5,1,1.5,0.88,2.0,2.0,6
Sochaux,8,2,5,1,8,7,1,11,France - National,0.25,0.88,1,1.38,1.0,4.0,1.14,7
Villefranche,8,3,2,3,7,8,-1,11,France - National,0.38,0.62,-1,1.38,0.88,2.63,1.61,7
Chateauroux,8,3,2,3,12,17,-5,11,France - National,0.38,0.62,-5,1.38,1.5,2.63,1.61,7
Valenciennes,8,2,4,2,6,6,0,10,France - National,0.25,0.75,0,1.25,0.75,4.0,1.33,8
Versailles,8,2,3,3,13,13,0,9,France - National,0.25,0.62,0,1.12,1.62,4.0,1.61,9
Orleans,8,2,3,3,12,13,-1,9,France - National,0.25,0.62,-1,1.12,1.5,4.0,1.61,9
Concarneau,8,2,3,3,11,12,-1,9,France - National,0.25,0.62,-1,1.12,1.38,4.0,1.61,9
Nimes,8,2,3,3,6,7,-1,9,France - National,0.25,0.62,-1,1.12,0.75,4.0,1.61,9
Dijon,8,2,3,3,11,13,-2,9,France - National,0.25,0.62,-2,1.12,1.38,4.0,1.61,9
Dinamo Batumi,5,5,0,0,8,1,7,15,Georgia - Erovnuli Liga,1.0,1.0,7,3.0,1.6,1.0,1.0,1
Iberia,5,4,1,0,11,2,9,13,Georgia - Erovnuli Liga,0.8,1.0,9,2.6,2.2,1.25,1.0,2
Dila Gori,5,3,1,1,11,4,7,10,Georgia - Erovnuli Liga,0.6,0.8,7,2.0,2.2,1.67,1.25,3
Telavi,4,2,1,1,3,2,1,7,Georgia - Erovnuli Liga,0.5,0.75,1,1.75,0.75,2.0,1.33,4
Dinamo Tbilisi,3,2,0,1,4,3,1,6,Georgia - Erovnuli Liga,0.67,0.67,1,2.0,1.33,1.49,1.49,5
Torpedo Kutaisi,4,1,1,2,5,5,0,4,Georgia - Erovnuli Liga,0.25,0.5,0,1.0,1.25,4.0,2.0,6
Samgurali,4,1,1,2,3,3,0,4,Georgia - Erovnuli Liga,0.25,0.5,0,1.0,0.75,4.0,2.0,6
Kolkheti Poti,4,0,2,2,2,5,-3,2,Georgia - Erovnuli Liga,0.0,0.5,-3,0.5,0.5,0.0,2.0,7
Gareji Sagarejo,2,0,1,1,0,1,-1,1,Georgia - Erovnuli Liga,0.0,0.5,-1,0.5,0.0,0.0,2.0,8
Gagra,4,0,1,3,1,8,-7,1,Georgia - Erovnuli Liga,0.0,0.25,-7,0.25,0.25,0.0,4.0,8
Rustavi,4,3,0,1,6,4,2,9,Georgia - Erovnuli Liga 2,0.75,0.75,2,2.25,1.5,1.33,1.33,1
Spaeri,4,2,2,0,9,5,4,8,Georgia - Erovnuli Liga 2,0.5,1.0,4,2.0,2.25,2.0,1.0,2
Bolnisi,4,2,1,1,5,2,3,7,Georgia - Erovnuli Liga 2,0.5,0.75,3,1.75,1.25,2.0,1.33,3
L. Tbilisi,4,1,2,1,8,7,1,5,Georgia - Erovnuli Liga 2,0.25,0.75,1,1.25,2.0,4.0,1.33,4
Iberia B,3,1,1,1,3,2,1,4,Georgia - Erovnuli Liga 2,0.33,0.67,1,1.33,1.0,3.03,1.49,5
Samtredia,4,0,3,1,3,4,-1,3,Georgia - Erovnuli Liga 2,0.0,0.75,-1,0.75,0.75,0.0,1.33,6
Meshakhte,3,0,2,1,3,4,-1,2,Georgia - Erovnuli Liga 2,0.0,0.67,-1,0.67,1.0,0.0,1.49,7
D. Tbilisi B,3,0,2,1,2,3,-1,2,Georgia - Erovnuli Liga 2,0.0,0.67,-1,0.67,0.67,0.0,1.49,7
Gonio,3,0,1,2,3,5,-2,1,Georgia - Erovnuli Liga 2,0.0,0.33,-2,0.33,1.0,0.0,3.03,8
Merani Martvili,3,0,1,2,5,9,-4,1,Georgia - Erovnuli Liga 2,0.0,0.33,-4,0.33,1.67,0.0,3.03,8
Bayern Munich,8,6,1,1,26,12,14,19,Germany - Bundesliga,0.75,0.88,14,2.38,3.25,1.33,1.14,1
FSV Mainz,8,5,3,0,13,4,9,18,Germany - Bundesliga,0.62,1.0,9,2.25,1.62,1.61,1.0,2
Leverkusen,8,5,2,1,15,6,9,17,Germany - Bundesliga,0.62,0.88,9,2.12,1.88,1.61,1.14,3
RB Leipzig,8,5,2,1,18,10,8,17,Germany - Bundesliga,0.62,0.88,8,2.12,2.25,1.61,1.14,3
E. Frankfurt,8,5,1,2,16,9,7,16,Germany - Bundesliga,0.62,0.75,7,2.0,2.0,1.61,1.33,4
Freiburg,8,4,1,3,15,12,3,13,Germany - Bundesliga,0.5,0.62,3,1.62,1.88,2.0,1.61,5
FC Augsburg,8,3,2,3,5,7,-2,11,Germany - Bundesliga,0.38,0.62,-2,1.38,0.62,2.63,1.61,6
Monchengladbach,8,3,1,4,11,11,0,10,Germany - Bundesliga,0.38,0.5,0,1.25,1.38,2.63,2.0,7
Werder Bremen,8,3,1,4,14,15,-1,10,Germany - Bundesliga,0.38,0.5,-1,1.25,1.75,2.63,2.0,7
Dortmund,8,2,3,3,16,11,5,9,Germany - Bundesliga,0.25,0.62,5,1.12,2.0,4.0,1.61,8
Holstein Kiel,8,2,2,4,15,17,-2,8,Germany - Bundesliga,0.25,0.5,-2,1.0,1.88,4.0,2.0,9
Sankt Pauli,8,2,2,4,6,8,-2,8,Germany - Bundesliga,0.25,0.5,-2,1.0,0.75,4.0,2.0,9
Union Berlin,8,2,2,4,5,9,-4,8,Germany - Bundesliga,0.25,0.5,-4,1.0,0.62,4.0,2.0,9
Wolfsburg,8,1,4,3,12,12,0,7,Germany - Bundesliga,0.12,0.62,0,0.88,1.5,8.33,1.61,10
Hoffenheim,8,1,4,3,8,12,-4,7,Germany - Bundesliga,0.12,0.62,-4,0.88,1.0,8.33,1.61,10
Bochum,8,2,1,5,8,14,-6,7,Germany - Bundesliga,0.25,0.38,-6,0.88,1.0,4.0,2.63,10
Stuttgart,8,2,0,6,13,15,-2,6,Germany - Bundesliga,0.25,0.25,-2,0.75,1.62,4.0,4.0,11
Heidenheim,8,2,0,6,7,14,-7,6,Germany - Bundesliga,0.25,0.25,-7,0.75,0.88,4.0,4.0,11
FC Koln,8,5,2,1,11,6,5,17,Germany - 2. Bundesliga,0.62,0.88,5,2.12,1.38,1.61,1.14,1
Darmstadt,8,5,1,2,14,6,8,16,Germany - 2. Bundesliga,0.62,0.75,8,2.0,1.75,1.61,1.33,2
Dusseldorf,8,5,1,2,17,12,5,16,Germany - 2. Bundesliga,0.62,0.75,5,2.0,2.12,1.61,1.33,2
FC Nurnberg,8,5,1,2,12,8,4,16,Germany - 2. Bundesliga,0.62,0.75,4,2.0,1.5,1.61,1.33,2
Hamburger SV,8,4,3,1,19,9,10,15,Germany - 2. Bundesliga,0.5,0.88,10,1.88,2.38,2.0,1.14,3
Greuther Furth,8,4,3,1,15,11,4,15,Germany - 2. Bundesliga,0.5,0.88,4,1.88,1.88,2.0,1.14,3
Kaiserslautern,8,4,2,2,12,7,5,14,Germany - 2. Bundesliga,0.5,0.75,5,1.75,1.5,2.0,1.33,4
Regensburg,8,4,2,2,9,5,4,14,Germany - 2. Bundesliga,0.5,0.75,4,1.75,1.12,2.0,1.33,4
Elversberg,8,4,1,3,19,13,6,13,Germany - 2. Bundesliga,0.5,0.62,6,1.62,2.38,2.0,1.61,5
Karlsruher SC,8,4,1,3,12,11,1,13,Germany - 2. Bundesliga,0.5,0.62,1,1.62,1.5,2.0,1.61,5
Schalke 04,8,4,1,3,12,14,-2,13,Germany - 2. Bundesliga,0.5,0.62,-2,1.62,1.5,2.0,1.61,5
Ulm,8,3,3,2,10,7,3,12,Germany - 2. Bundesliga,0.38,0.75,3,1.5,1.25,2.63,1.33,6
Magdeburg,8,3,2,3,15,13,2,11,Germany - 2. Bundesliga,0.38,0.62,2,1.38,1.88,2.63,1.61,7
Paderborn,8,3,0,5,14,13,1,9,Germany - 2. Bundesliga,0.38,0.38,1,1.12,1.75,2.63,2.63,8
Preuss. Munster,8,2,3,3,8,8,0,9,Germany - 2. Bundesliga,0.25,0.62,0,1.12,1.0,4.0,1.61,8
Hannover 96,8,1,6,1,9,10,-1,9,Germany - 2. Bundesliga,0.12,0.88,-1,1.12,1.12,8.33,1.14,8
Braunschweig,8,2,3,3,7,13,-6,9,Germany - 2. Bundesliga,0.25,0.62,-6,1.12,0.88,4.0,1.61,8
Hertha Berlin,8,1,3,4,10,12,-2,6,Germany - 2. Bundesliga,0.12,0.5,-2,0.75,1.25,8.33,2.0,9
RW Essen,8,5,3,0,18,8,10,18,Germany - 3. Liga,0.62,1.0,10,2.25,2.25,1.61,1.0,1
Saarbrucken,8,5,2,1,16,7,9,17,Germany - 3. Liga,0.62,0.88,9,2.12,2.0,1.61,1.14,2
Hansa Rostock,8,5,2,1,14,6,8,17,Germany - 3. Liga,0.62,0.88,8,2.12,1.75,1.61,1.14,2
Viktoria Koln,8,5,0,3,12,8,4,15,Germany - 3. Liga,0.62,0.62,4,1.88,1.5,1.61,1.61,3
FC Ingolstadt,8,4,3,1,14,11,3,15,Germany - 3. Liga,0.5,0.88,3,1.88,1.75,2.0,1.14,3
Dynamo Dresden,8,4,2,2,16,9,7,14,Germany - 3. Liga,0.5,0.75,7,1.75,2.0,2.0,1.33,4
Bielefeld,8,4,2,2,19,14,5,14,Germany - 3. Liga,0.5,0.75,5,1.75,2.38,2.0,1.33,4
Energie Cottbus,8,4,2,2,11,8,3,14,Germany - 3. Liga,0.5,0.75,3,1.75,1.38,2.0,1.33,4
Verl,8,4,2,2,11,9,2,14,Germany - 3. Liga,0.5,0.75,2,1.75,1.38,2.0,1.33,4
1860 Munchen,8,4,2,2,12,11,1,14,Germany - 3. Liga,0.5,0.75,1,1.75,1.5,2.0,1.33,4
Erzgebirge Aue,8,4,2,2,11,10,1,14,Germany - 3. Liga,0.5,0.75,1,1.75,1.38,2.0,1.33,4
Osnabruck,8,4,1,3,8,6,2,13,Germany - 3. Liga,0.5,0.62,2,1.62,1.0,2.0,1.61,5
Mannheim,8,3,3,2,12,10,2,12,Germany - 3. Liga,0.38,0.75,2,1.5,1.5,2.63,1.33,6
Alemannia A.,8,3,3,2,8,6,2,12,Germany - 3. Liga,0.38,0.75,2,1.5,1.0,2.63,1.33,6
VfB Stuttgart B,8,4,0,4,10,13,-3,12,Germany - 3. Liga,0.5,0.5,-3,1.5,1.25,2.0,2.0,6
Dortmund B,8,2,3,3,9,12,-3,9,Germany - 3. Liga,0.25,0.62,-3,1.12,1.12,4.0,1.61,7
Hannover 96 B,8,2,2,4,13,19,-6,8,Germany - 3. Liga,0.25,0.5,-6,1.0,1.62,4.0,2.0,8
Wehen Wiesbaden,8,1,3,4,8,14,-6,6,Germany - 3. Liga,0.12,0.5,-6,0.75,1.0,8.33,2.0,9
Unterhaching,8,1,1,6,9,16,-7,4,Germany - 3. Liga,0.12,0.25,-7,0.5,1.12,8.33,4.0,10
Sandhausen,8,1,1,6,13,21,-8,4,Germany - 3. Liga,0.12,0.25,-8,0.5,1.62,8.33,4.0,10
Medeama,8,7,1,0,16,3,13,22,Ghana - Premier League,0.88,1.0,13,2.75,2.0,1.14,1.0,1
Asante Kotoko,8,7,1,0,13,2,11,22,Ghana - Premier League,0.88,1.0,11,2.75,1.62,1.14,1.0,1
Bechem Utd,8,7,0,1,13,2,11,21,Ghana - Premier League,0.88,0.88,11,2.62,1.62,1.14,1.14,2
Bibiani GS,8,6,2,0,11,3,8,20,Ghana - Premier League,0.75,1.0,8,2.5,1.38,1.33,1.0,3
Berekum Chelsea,8,5,3,0,10,2,8,18,Ghana - Premier League,0.62,1.0,8,2.25,1.25,1.61,1.0,4
Holy Stars,8,5,2,1,13,3,10,17,Ghana - Premier League,0.62,0.88,10,2.12,1.62,1.61,1.14,5
Hearts of Oak,8,5,1,2,9,4,5,16,Ghana - Premier League,0.62,0.75,5,2.0,1.12,1.61,1.33,6
Young Apostles,8,4,4,0,7,2,5,16,Ghana - Premier League,0.5,1.0,5,2.0,0.88,2.0,1.0,6
Heart of Lions,8,5,1,2,10,6,4,16,Ghana - Premier League,0.62,0.75,4,2.0,1.25,1.61,1.33,6
Dreams,8,5,1,2,8,4,4,16,Ghana - Premier League,0.62,0.75,4,2.0,1.0,1.61,1.33,6
Accra Lions,8,5,1,2,11,8,3,16,Ghana - Premier League,0.62,0.75,3,2.0,1.38,1.61,1.33,6
Karela,8,4,3,1,11,6,5,15,Ghana - Premier League,0.5,0.88,5,1.88,1.38,2.0,1.14,7
Nations,8,5,0,3,11,6,5,15,Ghana - Premier League,0.62,0.62,5,1.88,1.38,1.61,1.61,7
Vision,8,4,3,1,11,8,3,15,Ghana - Premier League,0.5,0.88,3,1.88,1.38,2.0,1.14,7
Aduana Stars,8,4,2,2,8,5,3,14,Ghana - Premier League,0.5,0.75,3,1.75,1.0,2.0,1.33,8
Samartex,8,3,4,1,9,5,4,13,Ghana - Premier League,0.38,0.88,4,1.62,1.12,2.63,1.14,9
Legon Cities,8,4,1,3,9,8,1,13,Ghana - Premier League,0.5,0.62,1,1.62,1.12,2.0,1.61,9
Nsoatreman,8,2,2,4,4,12,-8,8,Ghana - Premier League,0.25,0.5,-8,1.0,0.5,4.0,2.0,10
Lincoln RI,8,6,1,1,20,5,15,19,Gibraltar - Premier Division,0.75,0.88,15,2.38,2.5,1.33,1.14,1
St Josephs,8,6,1,1,12,6,6,19,Gibraltar - Premier Division,0.75,0.88,6,2.38,1.5,1.33,1.14,1
Europa FC,8,5,1,2,20,7,13,16,Gibraltar - Premier Division,0.62,0.75,13,2.0,2.5,1.61,1.33,2
Magpies,8,5,0,3,17,13,4,15,Gibraltar - Premier Division,0.62,0.62,4,1.88,2.12,1.61,1.61,3
Manchester 62,8,4,2,2,19,12,7,14,Gibraltar - Premier Division,0.5,0.75,7,1.75,2.38,2.0,1.33,4
Lynx,8,4,0,4,13,22,-9,12,Gibraltar - Premier Division,0.5,0.5,-9,1.5,1.62,2.0,2.0,5
Lions FC,8,3,0,5,13,17,-4,9,Gibraltar - Premier Division,0.38,0.38,-4,1.12,1.62,2.63,2.63,6
Glacis Utd,8,3,0,5,12,22,-10,9,Gibraltar - Premier Division,0.38,0.38,-10,1.12,1.5,2.63,2.63,6
College 1975,8,2,2,4,7,14,-7,8,Gibraltar - Premier Division,0.25,0.5,-7,1.0,0.88,4.0,2.0,7
Mons Calpe,8,2,0,6,9,21,-12,6,Gibraltar - Premier Division,0.25,0.25,-12,0.75,1.12,4.0,4.0,8
Europa Point,8,0,2,6,6,32,-26,2,Gibraltar - Premier Division,0.0,0.25,-26,0.25,0.75,0.0,4.0,9
Panathinaikos,8,8,0,0,17,6,11,24,Greece - Super League,1.0,1.0,11,3.0,2.12,1.0,1.0,1
Olympiakos,8,6,2,0,13,6,7,20,Greece - Super League,0.75,1.0,7,2.5,1.62,1.33,1.0,2
PAOK,8,5,1,2,19,7,12,16,Greece - Super League,0.62,0.75,12,2.0,2.38,1.61,1.33,3
AEK Athens,8,5,1,2,17,6,11,16,Greece - Super League,0.62,0.75,11,2.0,2.12,1.61,1.33,3
Aris,8,4,2,2,7,5,2,14,Greece - Super League,0.5,0.75,2,1.75,0.88,2.0,1.33,4
OFI Crete,8,4,1,3,13,12,1,13,Greece - Super League,0.5,0.62,1,1.62,1.62,2.0,1.61,5
Panserraikos,8,3,4,1,11,10,1,13,Greece - Super League,0.38,0.88,1,1.62,1.38,2.63,1.14,5
Asteras T.,8,4,0,4,8,9,-1,12,Greece - Super League,0.5,0.5,-1,1.5,1.0,2.0,2.0,6
A. Kallithea,8,3,2,3,11,12,-1,11,Greece - Super League,0.38,0.62,-1,1.38,1.38,2.63,1.61,7
Levadiakos,8,3,1,4,11,8,3,10,Greece - Super League,0.38,0.5,3,1.25,1.38,2.63,2.0,8
Panaitolikos,8,3,1,4,5,6,-1,10,Greece - Super League,0.38,0.5,-1,1.25,0.62,2.63,2.0,8
Atromitos,8,2,2,4,6,8,-2,8,Greece - Super League,0.25,0.5,-2,1.0,0.75,4.0,2.0,9
Volos,8,2,2,4,7,10,-3,8,Greece - Super League,0.25,0.5,-3,1.0,0.88,4.0,2.0,9
Lamia,8,2,0,6,4,12,-8,6,Greece - Super League,0.25,0.25,-8,0.75,0.5,4.0,4.0,10
Municipal,8,6,2,0,20,5,15,20,Guatemala - Liga Nacional - Apertura,0.75,1.0,15,2.5,2.5,1.33,1.0,1
Xelaju,8,6,2,0,18,4,14,20,Guatemala - Liga Nacional - Apertura,0.75,1.0,14,2.5,2.25,1.33,1.0,1
Antigua GFC,8,5,2,1,18,9,9,17,Guatemala - Liga Nacional - Apertura,0.62,0.88,9,2.12,2.25,1.61,1.14,2
Malacateco,8,5,1,2,12,3,9,16,Guatemala - Liga Nacional - Apertura,0.62,0.75,9,2.0,1.5,1.61,1.33,3
Xinabajul,8,5,1,2,15,9,6,16,Guatemala - Liga Nacional - Apertura,0.62,0.75,6,2.0,1.88,1.61,1.33,3
Coban Imperial,8,4,3,1,17,8,9,15,Guatemala - Liga Nacional - Apertura,0.5,0.88,9,1.88,2.12,2.0,1.14,4
Mixco,8,4,3,1,7,3,4,15,Guatemala - Liga Nacional - Apertura,0.5,0.88,4,1.88,0.88,2.0,1.14,4
Achuapa,8,3,4,1,10,7,3,13,Guatemala - Liga Nacional - Apertura,0.38,0.88,3,1.62,1.25,2.63,1.14,5
Comunicaciones,8,4,1,3,13,11,2,13,Guatemala - Liga Nacional - Apertura,0.5,0.62,2,1.62,1.62,2.0,1.61,5
Guastatoya,8,2,4,2,12,8,4,10,Guatemala - Liga Nacional - Apertura,0.25,0.75,4,1.25,1.5,4.0,1.33,6
Marquense,8,2,4,2,8,7,1,10,Guatemala - Liga Nacional - Apertura,0.25,0.75,1,1.25,1.0,4.0,1.33,6
Zacapa Tellioz,8,0,4,4,2,7,-5,4,Guatemala - Liga Nacional - Apertura,0.0,0.5,-5,0.5,0.25,0.0,2.0,7
Malacateco,8,6,1,1,16,6,10,19,guatemala2,0.75,0.88,10,2.38,2.0,1.33,1.14,1
Municipal,8,6,1,1,15,9,6,19,guatemala2,0.75,0.88,6,2.38,1.88,1.33,1.14,1
Coban Imperial,8,5,2,1,9,1,8,17,guatemala2,0.62,0.88,8,2.12,1.12,1.61,1.14,2
Comunicaciones,8,5,1,2,14,12,2,16,guatemala2,0.62,0.75,2,2.0,1.75,1.61,1.33,3
Xelaju,8,4,3,1,17,9,8,15,guatemala2,0.5,0.88,8,1.88,2.12,2.0,1.14,4
Antigua GFC,8,4,2,2,16,10,6,14,guatemala2,0.5,0.75,6,1.75,2.0,2.0,1.33,5
Guastatoya,8,4,2,2,11,7,4,14,guatemala2,0.5,0.75,4,1.75,1.38,2.0,1.33,5
Achuapa,8,3,3,2,8,7,1,12,guatemala2,0.38,0.75,1,1.5,1.0,2.63,1.33,6
Marquense,8,3,3,2,8,7,1,12,guatemala2,0.38,0.75,1,1.5,1.0,2.63,1.33,6
Mixco,8,3,2,3,8,9,-1,11,guatemala2,0.38,0.62,-1,1.38,1.0,2.63,1.61,7
Xinabajul,8,2,3,3,8,9,-1,9,guatemala2,0.25,0.62,-1,1.12,1.0,4.0,1.61,8
Olimpia,8,6,2,0,23,6,17,20,Honduras - Liga Nacional - Apertura,0.75,1.0,17,2.5,2.88,1.33,1.0,1
Olancho,8,5,2,1,20,6,14,17,Honduras - Liga Nacional - Apertura,0.62,0.88,14,2.12,2.5,1.61,1.14,2
Victoria,8,5,1,2,18,10,8,16,Honduras - Liga Nacional - Apertura,0.62,0.75,8,2.0,2.25,1.61,1.33,3
Motagua,8,4,2,2,16,12,4,14,Honduras - Liga Nacional - Apertura,0.5,0.75,4,1.75,2.0,2.0,1.33,4
UPNFM,8,4,1,3,11,11,0,13,Honduras - Liga Nacional - Apertura,0.5,0.62,0,1.62,1.38,2.0,1.61,5
Marathon,8,3,3,2,11,7,4,12,Honduras - Liga Nacional - Apertura,0.38,0.75,4,1.5,1.38,2.63,1.33,6
Genesis,8,3,3,2,11,8,3,12,Honduras - Liga Nacional - Apertura,0.38,0.75,3,1.5,1.38,2.63,1.33,6
Real Espana,8,3,3,2,8,8,0,12,Honduras - Liga Nacional - Apertura,0.38,0.75,0,1.5,1.0,2.63,1.33,6
Juticalpa,8,2,2,4,6,8,-2,8,Honduras - Liga Nacional - Apertura,0.25,0.5,-2,1.0,0.75,4.0,2.0,7
Real Sociedad,8,1,4,3,5,11,-6,7,Honduras - Liga Nacional - Apertura,0.12,0.62,-6,0.88,0.62,8.33,1.61,8
Motagua,8,6,1,1,22,7,15,19,honduras2,0.75,0.88,15,2.38,2.75,1.33,1.14,1
Real Espana,8,5,2,1,13,6,7,17,honduras2,0.62,0.88,7,2.12,1.62,1.61,1.14,2
Olimpia,7,4,3,0,11,4,7,15,honduras2,0.57,1.0,7,2.14,1.57,1.75,1.0,3
Genesis,8,2,6,0,16,10,6,12,honduras2,0.25,1.0,6,1.5,2.0,4.0,1.0,4
Marathon,7,3,3,1,12,6,6,12,honduras2,0.43,0.86,6,1.71,1.71,2.33,1.16,4
Olancho,8,3,2,3,8,9,-1,11,honduras2,0.38,0.62,-1,1.38,1.0,2.63,1.61,5
UPNFM,7,2,3,2,9,9,0,9,honduras2,0.29,0.71,0,1.29,1.29,3.45,1.41,6
Victoria,7,2,3,2,5,7,-2,9,honduras2,0.29,0.71,-2,1.29,0.71,3.45,1.41,6
Real Sociedad,8,1,4,3,5,11,-6,7,honduras2,0.12,0.62,-6,0.88,0.62,8.33,1.61,7
Juticalpa,7,1,1,5,3,9,-6,4,honduras2,0.14,0.29,-6,0.57,0.43,7.14,3.45,8
LM Warriors,8,6,1,1,25,15,10,19,Hong Kong - Premier League,0.75,0.88,10,2.38,3.12,1.33,1.14,1
Tai Po,8,5,1,2,13,9,4,16,Hong Kong - Premier League,0.62,0.75,4,2.0,1.62,1.61,1.33,2
Eastern,8,4,3,1,18,11,7,15,Hong Kong - Premier League,0.5,0.88,7,1.88,2.25,2.0,1.14,3
Kitchee,8,4,1,3,22,8,14,13,Hong Kong - Premier League,0.5,0.62,14,1.62,2.75,2.0,1.61,4
Southern D.,8,3,2,3,11,9,2,11,Hong Kong - Premier League,0.38,0.62,2,1.38,1.38,2.63,1.61,5
North District,8,3,2,3,18,18,0,11,Hong Kong - Premier League,0.38,0.62,0,1.38,2.25,2.63,1.61,5
HK Rangers,8,2,2,4,12,16,-4,8,Hong Kong - Premier League,0.25,0.5,-4,1.0,1.5,4.0,2.0,6
Hong Kong FC,8,2,1,5,8,16,-8,7,Hong Kong - Premier League,0.25,0.38,-8,0.88,1.0,4.0,2.63,7
Kowloon City,8,2,1,5,12,24,-12,7,Hong Kong - Premier League,0.25,0.38,-12,0.88,1.5,4.0,2.63,7
Paks,8,5,2,1,24,13,11,17,Hungary - NB I,0.62,0.88,11,2.12,3.0,1.61,1.14,1
Puskas A.,8,4,3,1,13,10,3,15,Hungary - NB I,0.5,0.88,3,1.88,1.62,2.0,1.14,2
DVTK,8,4,2,2,11,9,2,14,Hungary - NB I,0.5,0.75,2,1.75,1.38,2.0,1.33,3
MTK Budapest,8,4,1,3,16,10,6,13,Hungary - NB I,0.5,0.62,6,1.62,2.0,2.0,1.61,4
Ferencvaros,8,3,4,1,14,9,5,13,Hungary - NB I,0.38,0.88,5,1.62,1.75,2.63,1.14,4
Gyor,8,4,1,3,13,9,4,13,Hungary - NB I,0.5,0.62,4,1.62,1.62,2.0,1.61,4
Kecskemeti TE,8,2,4,2,12,9,3,10,Hungary - NB I,0.25,0.75,3,1.25,1.5,4.0,1.33,5
Debrecen,8,3,1,4,17,15,2,10,Hungary - NB I,0.38,0.5,2,1.25,2.12,2.63,2.0,5
Fehervar,8,3,1,4,10,8,2,10,Hungary - NB I,0.38,0.5,2,1.25,1.25,2.63,2.0,5
Zalaegerszegi,8,2,4,2,8,9,-1,10,Hungary - NB I,0.25,0.75,-1,1.25,1.0,4.0,1.33,5
Ujpest,8,1,5,2,8,12,-4,8,Hungary - NB I,0.12,0.75,-4,1.0,1.0,8.33,1.33,6
Nyiregyhaza,8,2,2,4,5,9,-4,8,Hungary - NB I,0.25,0.5,-4,1.0,0.62,4.0,2.0,6
Vasas,8,7,0,1,17,5,12,21,Hungary - NB II,0.88,0.88,12,2.62,2.12,1.14,1.14,1
Kisvarda,8,6,2,0,19,9,10,20,Hungary - NB II,0.75,1.0,10,2.5,2.38,1.33,1.0,2
Kazincbarcika,8,6,2,0,13,4,9,20,Hungary - NB II,0.75,1.0,9,2.5,1.62,1.33,1.0,2
Honved,8,5,1,2,15,8,7,16,Hungary - NB II,0.62,0.75,7,2.0,1.88,1.61,1.33,3
Kozarmisleny,8,5,1,2,13,8,5,16,Hungary - NB II,0.62,0.75,5,2.0,1.62,1.61,1.33,3
Soroksar,8,4,2,2,14,9,5,14,Hungary - NB II,0.5,0.75,5,1.75,1.75,2.0,1.33,4
Szeged,8,4,1,3,11,10,1,13,Hungary - NB II,0.5,0.62,1,1.62,1.38,2.0,1.61,5
Mezokovesd,8,3,3,2,12,8,4,12,Hungary - NB II,0.38,0.75,4,1.5,1.5,2.63,1.33,6
Szentlorinc,8,3,3,2,10,9,1,12,Hungary - NB II,0.38,0.75,1,1.5,1.25,2.63,1.33,6
Csakvari,8,3,3,2,12,13,-1,12,Hungary - NB II,0.38,0.75,-1,1.5,1.5,2.63,1.33,6
Gyirmot,8,3,2,3,10,9,1,11,Hungary - NB II,0.38,0.62,1,1.38,1.25,2.63,1.61,7
Tatabanya,8,3,2,3,6,10,-4,11,Hungary - NB II,0.38,0.62,-4,1.38,0.75,2.63,1.61,7
Budafoki,8,3,1,4,13,14,-1,10,Hungary - NB II,0.38,0.5,-1,1.25,1.62,2.63,2.0,8
Ajka,8,2,3,3,9,8,1,9,Hungary - NB II,0.25,0.62,1,1.12,1.12,4.0,1.61,9
Bekescsaba,8,2,3,3,8,11,-3,9,Hungary - NB II,0.25,0.62,-3,1.12,1.0,4.0,1.61,9
BVSC,8,1,4,3,5,8,-3,7,Hungary - NB II,0.12,0.62,-3,0.88,0.62,8.33,1.61,10
Vikingur R.,2,2,0,0,6,0,6,6,Iceland - Besta deild,1.0,1.0,6,3.0,3.0,1.0,1.0,1
Stjarnan,2,2,0,0,4,2,2,6,Iceland - Besta deild,1.0,1.0,2,3.0,2.0,1.0,1.0,1
Breidablik,1,1,0,0,2,0,2,3,Iceland - Besta deild,1.0,1.0,2,3.0,2.0,1.0,1.0,2
Fram,2,1,0,1,4,3,1,3,Iceland - Besta deild,0.5,0.5,1,1.5,2.0,2.0,2.0,2
Vestri,1,1,0,0,1,0,1,3,Iceland - Besta deild,1.0,1.0,1,3.0,1.0,1.0,1.0,2
KR Reykjavik,1,0,1,0,3,3,0,1,Iceland - Besta deild,0.0,1.0,0,1.0,3.0,0.0,1.0,3
KA Akureyri,1,0,1,0,2,2,0,1,Iceland - Besta deild,0.0,1.0,0,1.0,2.0,0.0,1.0,3
Valur,1,0,1,0,1,1,0,1,Iceland - Besta deild,0.0,1.0,0,1.0,1.0,0.0,1.0,3
Afturelding,1,0,1,0,0,0,0,1,Iceland - Besta deild,0.0,1.0,0,1.0,0.0,0.0,1.0,3
Hafnarfjordur,0,0,0,0,0,0,0,0,Iceland - Besta deild,0.0,0.0,0,0.0,0.0,0.0,0.0,4
IA Akranes,0,0,0,0,0,0,0,0,Iceland - Besta deild,0.0,0.0,0,0.0,0.0,0.0,0.0,4
IBV,0,0,0,0,0,0,0,0,Iceland - Besta deild,0.0,0.0,0,0.0,0.0,0.0,0.0,4
Keflavik,8,6,2,0,19,9,10,20,Iceland - 1. Deild,0.75,1.0,10,2.5,2.38,1.33,1.0,1
IBV,8,6,1,1,21,7,14,19,Iceland - 1. Deild,0.75,0.88,14,2.38,2.62,1.33,1.14,2
IR Reykjavik,8,5,2,1,12,4,8,17,Iceland - 1. Deild,0.62,0.88,8,2.12,1.5,1.61,1.14,3
Throttur R.,8,5,1,2,16,10,6,16,Iceland - 1. Deild,0.62,0.75,6,2.0,2.0,1.61,1.33,4
Leiknir R.,8,4,2,2,16,9,7,14,Iceland - 1. Deild,0.5,0.75,7,1.75,2.0,2.0,1.33,5
Fjolnir,8,4,2,2,16,11,5,14,Iceland - 1. Deild,0.5,0.75,5,1.75,2.0,2.0,1.33,5
Grindavik,8,3,4,1,18,14,4,13,Iceland - 1. Deild,0.38,0.88,4,1.62,2.25,2.63,1.14,6
Njardvik,8,3,3,2,10,9,1,12,Iceland - 1. Deild,0.38,0.75,1,1.5,1.25,2.63,1.33,7
Thor Akureyri,8,2,4,2,11,11,0,10,Iceland - 1. Deild,0.25,0.75,0,1.25,1.38,4.0,1.33,8
Afturelding,8,3,1,4,10,12,-2,10,Iceland - 1. Deild,0.38,0.5,-2,1.25,1.25,2.63,2.0,8
Grotta,8,2,0,6,12,20,-8,6,Iceland - 1. Deild,0.25,0.25,-8,0.75,1.5,4.0,4.0,9
Dalvik / Reynir,8,0,3,5,6,20,-14,3,Iceland - 1. Deild,0.0,0.38,-14,0.38,0.75,0.0,2.63,10
V. Olafsvik,8,8,0,0,23,7,16,24,Iceland - 2. Deild,1.0,1.0,16,3.0,2.88,1.0,1.0,1
Throttur Vogar,8,7,0,1,29,7,22,21,Iceland - 2. Deild,0.88,0.88,22,2.62,3.62,1.14,1.14,2
Volsungur,8,5,1,2,17,7,10,16,Iceland - 2. Deild,0.62,0.75,10,2.0,2.12,1.61,1.33,3
Selfoss,8,4,2,2,20,14,6,14,Iceland - 2. Deild,0.5,0.75,6,1.75,2.5,2.0,1.33,4
Fjallabyggd,8,4,2,2,14,12,2,14,Iceland - 2. Deild,0.5,0.75,2,1.75,1.75,2.0,1.33,4
Fjardabyggd/L.,8,4,1,3,24,17,7,13,Iceland - 2. Deild,0.5,0.62,7,1.62,3.0,2.0,1.61,5
Haukar,8,4,0,4,20,19,1,12,Iceland - 2. Deild,0.5,0.5,1,1.5,2.5,2.0,2.0,6
KFG,8,2,3,3,21,23,-2,9,Iceland - 2. Deild,0.25,0.62,-2,1.12,2.62,4.0,1.61,7
Hottur/Huginn,8,3,0,5,10,12,-2,9,Iceland - 2. Deild,0.38,0.38,-2,1.12,1.25,2.63,2.63,7
AEggir,8,1,3,4,7,11,-4,6,Iceland - 2. Deild,0.12,0.5,-4,0.75,0.88,8.33,2.0,8
Reynir,8,1,2,5,6,14,-8,5,Iceland - 2. Deild,0.12,0.38,-8,0.62,0.75,8.33,2.63,9
Kormakur/Hvot,8,1,1,6,7,18,-11,4,Iceland - 2. Deild,0.12,0.25,-11,0.5,0.88,8.33,4.0,10
Mohun Bagan,8,8,0,0,15,2,13,24,India - Super League,1.0,1.0,13,3.0,1.88,1.0,1.0,1
Goa,8,7,1,0,14,4,10,22,India - Super League,0.88,1.0,10,2.75,1.75,1.14,1.0,2
Jamshedpur,8,5,1,2,14,10,4,16,India - Super League,0.62,0.75,4,2.0,1.75,1.61,1.33,3
Kerala Blasters,8,4,2,2,11,7,4,14,India - Super League,0.5,0.75,4,1.75,1.38,2.0,1.33,4
East Bengal,8,4,1,3,13,12,1,13,India - Super League,0.5,0.62,1,1.62,1.62,2.0,1.61,5
Bengaluru,8,3,2,3,14,12,2,11,India - Super League,0.38,0.62,2,1.38,1.75,2.63,1.61,6
Odisha FC,8,2,5,1,13,11,2,11,India - Super League,0.25,0.88,2,1.38,1.62,4.0,1.14,6
Chennaiyin,8,3,2,3,13,15,-2,11,India - Super League,0.38,0.62,-2,1.38,1.62,2.63,1.61,6
Mumbai City,8,3,2,3,8,11,-3,11,India - Super League,0.38,0.62,-3,1.38,1.0,2.63,1.61,6
Hyderabad,8,2,4,2,12,14,-2,10,India - Super League,0.25,0.75,-2,1.25,1.5,4.0,1.33,7
NorthEast Utd,8,2,3,3,10,9,1,9,India - Super League,0.25,0.62,1,1.12,1.25,4.0,1.61,8
Punjab,8,2,1,5,9,13,-4,7,India - Super League,0.25,0.38,-4,0.88,1.12,4.0,2.63,9
Mohammedan,8,0,3,5,6,16,-10,3,India - Super League,0.0,0.38,-10,0.38,0.75,0.0,2.63,10
Shillong Lajong,8,5,3,0,25,6,19,18,India - I-League,0.62,1.0,19,2.25,3.12,1.61,1.0,1
Real Kashmir,8,5,3,0,14,6,8,18,India - I-League,0.62,1.0,8,2.25,1.75,1.61,1.0,1
Inter Kashi,8,6,0,2,19,15,4,18,India - I-League,0.75,0.75,4,2.25,2.38,1.33,1.33,1
Namdhari,8,5,2,1,16,9,7,17,India - I-League,0.62,0.88,7,2.12,2.0,1.61,1.14,2
Churchill B.,8,4,4,0,20,10,10,16,India - I-League,0.5,1.0,10,2.0,2.5,2.0,1.0,3
Rajasthan,8,4,2,2,15,8,7,14,India - I-League,0.5,0.75,7,1.75,1.88,2.0,1.33,4
Gokulam,8,4,0,4,21,16,5,12,India - I-League,0.5,0.5,5,1.5,2.62,2.0,2.0,5
SC Bengaluru,8,3,3,2,10,8,2,12,India - I-League,0.38,0.75,2,1.5,1.25,2.63,1.33,5
Dempo,8,2,3,3,21,18,3,9,India - I-League,0.25,0.62,3,1.12,2.62,4.0,1.61,6
Aizawl,8,2,2,4,14,16,-2,8,India - I-League,0.25,0.5,-2,1.0,1.75,4.0,2.0,7
Sreenidi Deccan,8,1,4,3,13,13,0,7,India - I-League,0.12,0.62,0,0.88,1.62,8.33,1.61,8
Delhi FC,8,1,0,7,4,12,-8,3,India - I-League,0.12,0.12,-8,0.38,0.5,8.33,8.33,9
Dewa Utd,8,6,1,1,18,5,13,19,Indonesia - Liga 1,0.75,0.88,13,2.38,2.25,1.33,1.14,1
Persebaya S.,8,5,2,1,16,9,7,17,Indonesia - Liga 1,0.62,0.88,7,2.12,2.0,1.61,1.14,2
Persib,8,5,2,1,12,5,7,17,Indonesia - Liga 1,0.62,0.88,7,2.12,1.5,1.61,1.14,2
Malut United,8,5,1,2,12,7,5,16,Indonesia - Liga 1,0.62,0.75,5,2.0,1.5,1.61,1.33,3
Arema,8,4,3,1,19,13,6,15,Indonesia - Liga 1,0.5,0.88,6,1.88,2.38,2.0,1.14,4
PSM,8,4,3,1,10,6,4,15,Indonesia - Liga 1,0.5,0.88,4,1.88,1.25,2.0,1.14,4
Persija,8,3,4,1,14,10,4,13,Indonesia - Liga 1,0.38,0.88,4,1.62,1.75,2.63,1.14,5
Persik Kediri,8,3,4,1,9,6,3,13,Indonesia - Liga 1,0.38,0.88,3,1.62,1.12,2.63,1.14,5
Borneo,8,4,1,3,14,12,2,13,Indonesia - Liga 1,0.5,0.62,2,1.62,1.75,2.0,1.61,5
Madura Utd,8,4,1,3,11,10,1,13,Indonesia - Liga 1,0.5,0.62,1,1.62,1.38,2.0,1.61,5
Persita,8,4,1,3,10,12,-2,13,Indonesia - Liga 1,0.5,0.62,-2,1.62,1.25,2.0,1.61,5
Barito Putera,8,3,2,3,12,11,1,11,Indonesia - Liga 1,0.38,0.62,1,1.38,1.5,2.63,1.61,6
PSBS Biak N.,8,3,2,3,11,13,-2,11,Indonesia - Liga 1,0.38,0.62,-2,1.38,1.38,2.63,1.61,6
Bali Utd,8,2,4,2,9,10,-1,10,Indonesia - Liga 1,0.25,0.75,-1,1.25,1.12,4.0,1.33,7
PSS Sleman,8,3,0,5,14,15,-1,9,Indonesia - Liga 1,0.38,0.38,-1,1.12,1.75,2.63,2.63,8
Semen Padang,8,2,3,3,10,15,-5,9,Indonesia - Liga 1,0.25,0.62,-5,1.12,1.25,4.0,1.61,8
Persis Solo,8,1,4,3,10,13,-3,7,Indonesia - Liga 1,0.12,0.62,-3,0.88,1.25,8.33,1.61,9
PSIS Semarang,8,1,2,5,7,14,-7,5,Indonesia - Liga 1,0.12,0.38,-7,0.62,0.88,8.33,2.63,10
Sepahan,8,6,2,0,18,4,14,20,Iran - Pro League,0.75,1.0,14,2.5,2.25,1.33,1.0,1
Tractor Sazi,8,6,1,1,17,4,13,19,Iran - Pro League,0.75,0.88,13,2.38,2.12,1.33,1.14,2
K. Khorramabad,8,6,1,1,10,2,8,19,Iran - Pro League,0.75,0.88,8,2.38,1.25,1.33,1.14,2
Foolad,8,5,2,1,12,6,6,17,Iran - Pro League,0.62,0.88,6,2.12,1.5,1.61,1.14,3
Persepolis,8,5,1,2,10,6,4,16,Iran - Pro League,0.62,0.75,4,2.0,1.25,1.61,1.33,4
Gol Gohar,8,4,3,1,8,4,4,15,Iran - Pro League,0.5,0.88,4,1.88,1.0,2.0,1.14,5
E. Khuzestan,8,3,4,1,7,4,3,13,Iran - Pro League,0.38,0.88,3,1.62,0.88,2.63,1.14,6
Malavan,8,3,3,2,10,6,4,12,Iran - Pro League,0.38,0.75,4,1.5,1.25,2.63,1.33,7
Esteghlal,8,3,3,2,6,4,2,12,Iran - Pro League,0.38,0.75,2,1.5,0.75,2.63,1.33,7
Aluminium Arak,8,2,5,1,8,4,4,11,Iran - Pro League,0.25,0.88,4,1.38,1.0,4.0,1.14,8
Zob Ahan,8,2,4,2,7,5,2,10,Iran - Pro League,0.25,0.75,2,1.25,0.88,4.0,1.33,9
Chadormalu,8,2,3,3,9,8,1,9,Iran - Pro League,0.25,0.62,1,1.12,1.12,4.0,1.61,10
Shams A. Qazvin,8,2,3,3,9,11,-2,9,Iran - Pro League,0.25,0.62,-2,1.12,1.12,4.0,1.61,10
N. Mazandaran,8,1,4,3,4,6,-2,7,Iran - Pro League,0.12,0.62,-2,0.88,0.5,8.33,1.61,11
Mes Rafsanjan,8,1,4,3,5,9,-4,7,Iran - Pro League,0.12,0.62,-4,0.88,0.62,8.33,1.61,11
Havadar,8,2,1,5,6,15,-9,7,Iran - Pro League,0.25,0.38,-9,0.88,0.75,4.0,2.63,11
St. Patricks,5,3,2,0,9,3,6,11,Ireland - Premier Division,0.6,1.0,6,2.2,1.8,1.67,1.0,1
Shamrock Rovers,4,3,1,0,7,1,6,10,Ireland - Premier Division,0.75,1.0,6,2.5,1.75,1.33,1.0,2
Shelbourne,5,2,2,1,6,4,2,8,Ireland - Premier Division,0.4,0.8,2,1.6,1.2,2.5,1.25,3
Drogheda Utd,4,2,1,1,7,3,4,7,Ireland - Premier Division,0.5,0.75,4,1.75,1.75,2.0,1.33,4
Galway Utd,4,2,1,1,4,3,1,7,Ireland - Premier Division,0.5,0.75,1,1.75,1.0,2.0,1.33,4
Derry City,5,2,1,2,6,7,-1,7,Ireland - Premier Division,0.4,0.6,-1,1.4,1.2,2.5,1.67,4
Bohemians,4,2,0,2,5,5,0,6,Ireland - Premier Division,0.5,0.5,0,1.5,1.25,2.0,2.0,5
Cork City,5,1,3,1,6,7,-1,6,Ireland - Premier Division,0.2,0.8,-1,1.2,1.2,5.0,1.25,5
Sligo Rovers,5,1,0,4,6,9,-3,3,Ireland - Premier Division,0.2,0.2,-3,0.6,1.2,5.0,5.0,6
Waterford,4,1,0,3,3,7,-4,3,Ireland - Premier Division,0.25,0.25,-4,0.75,0.75,4.0,4.0,6
Dundalk,5,4,1,0,9,3,6,13,Ireland - First Division,0.8,1.0,6,2.6,1.8,1.25,1.0,1
Cobh Ramblers,4,2,1,1,8,3,5,7,Ireland - First Division,0.5,0.75,5,1.75,2.0,2.0,1.33,2
Wexford,5,2,1,2,8,6,2,7,Ireland - First Division,0.4,0.6,2,1.4,1.6,2.5,1.67,2
Longford Town,5,2,1,2,6,5,1,7,Ireland - First Division,0.4,0.6,1,1.4,1.2,2.5,1.67,2
Treaty Utd,4,2,0,2,8,5,3,6,Ireland - First Division,0.5,0.5,3,1.5,2.0,2.0,2.0,3
Kerry,5,2,0,3,5,3,2,6,Ireland - First Division,0.4,0.4,2,1.2,1.0,2.5,2.5,3
Bray Wanderers,3,2,0,1,5,5,0,6,Ireland - First Division,0.67,0.67,0,2.0,1.67,1.49,1.49,3
Finn Harps,4,1,1,2,7,4,3,4,Ireland - First Division,0.25,0.5,3,1.0,1.75,4.0,2.0,4
UC Dublin,6,0,3,3,2,7,-5,3,Ireland - First Division,0.0,0.5,-5,0.5,0.33,0.0,2.0,5
Athlone Town,4,1,0,3,2,8,-6,3,Ireland - First Division,0.25,0.25,-6,0.75,0.5,4.0,4.0,5
M. Tel Aviv,8,5,2,1,18,6,12,17,Israel - Ligat HaAl,0.62,0.88,12,2.12,2.25,1.61,1.14,1
H. Beer Sheva,8,5,2,1,21,10,11,17,Israel - Ligat HaAl,0.62,0.88,11,2.12,2.62,1.61,1.14,1
H. Jerusalem,8,5,1,2,14,6,8,16,Israel - Ligat HaAl,0.62,0.75,8,2.0,1.75,1.61,1.33,2
Hapoel Haifa,8,5,0,3,17,14,3,15,Israel - Ligat HaAl,0.62,0.62,3,1.88,2.12,1.61,1.61,3
Maccabi Netanya,8,4,2,2,15,8,7,14,Israel - Ligat HaAl,0.5,0.75,7,1.75,1.88,2.0,1.33,4
Ironi Tiberias,8,3,3,2,12,10,2,12,Israel - Ligat HaAl,0.38,0.75,2,1.5,1.5,2.63,1.33,5
B. Jerusalem,8,2,4,2,10,8,2,10,Israel - Ligat HaAl,0.25,0.75,2,1.25,1.25,4.0,1.33,6
Kiryat Shmona,8,3,1,4,8,12,-4,10,Israel - Ligat HaAl,0.38,0.5,-4,1.25,1.0,2.63,2.0,6
M. Petah Tikva,8,2,3,3,10,8,2,9,Israel - Ligat HaAl,0.25,0.62,2,1.12,1.25,4.0,1.61,7
Maccabi Haifa,8,2,3,3,13,16,-3,9,Israel - Ligat HaAl,0.25,0.62,-3,1.12,1.62,4.0,1.61,7
Sakhnin,8,2,2,4,4,8,-4,8,Israel - Ligat HaAl,0.25,0.5,-4,1.0,0.5,4.0,2.0,8
M. Bnei Raina,8,1,2,5,5,13,-8,5,Israel - Ligat HaAl,0.12,0.38,-8,0.62,0.62,8.33,2.63,9
Ashdod,8,0,4,4,9,16,-7,4,Israel - Ligat HaAl,0.0,0.5,-7,0.5,1.12,0.0,2.0,10
Hapoel Hadera,8,1,1,6,8,15,-7,4,Israel - Ligat HaAl,0.12,0.25,-7,0.5,1.0,8.33,4.0,10
Hapoel Tel Aviv,8,7,1,0,17,0,17,22,Israel - Leumit League,0.88,1.0,17,2.75,2.12,1.14,1.0,1
H. Petah Tikva,8,7,0,1,15,1,14,21,Israel - Leumit League,0.88,0.88,14,2.62,1.88,1.14,1.14,2
H. Kfar Saba,8,6,1,1,12,3,9,19,Israel - Leumit League,0.75,0.88,9,2.38,1.5,1.33,1.14,3
Hapoel Akko,8,5,2,1,9,4,5,17,Israel - Leumit League,0.62,0.88,5,2.12,1.12,1.61,1.14,4
H. Ramat Gan,8,5,1,2,19,7,12,16,Israel - Leumit League,0.62,0.75,12,2.0,2.38,1.61,1.33,5
H. Kfar Shalem,8,5,1,2,15,11,4,16,Israel - Leumit League,0.62,0.75,4,2.0,1.88,1.61,1.33,5
H. Ironi Rishon,8,4,1,3,15,10,5,13,Israel - Leumit League,0.5,0.62,5,1.62,1.88,2.0,1.61,6
Kafr Qasim,8,3,4,1,11,8,3,13,Israel - Leumit League,0.38,0.88,3,1.62,1.38,2.63,1.14,6
Ramat Hasharon,8,3,3,2,10,10,0,12,Israel - Leumit League,0.38,0.75,0,1.5,1.25,2.63,1.33,7
Hapoel Afula,8,2,4,2,10,8,2,10,Israel - Leumit League,0.25,0.75,2,1.25,1.25,4.0,1.33,8
H. Umm al-Fahm,8,3,1,4,6,9,-3,10,Israel - Leumit League,0.38,0.5,-3,1.25,0.75,2.63,2.0,8
Maccabi Jaffa,8,3,1,4,9,13,-4,10,Israel - Leumit League,0.38,0.5,-4,1.25,1.12,2.63,2.0,8
M. Herziliya,8,3,1,4,8,13,-5,10,Israel - Leumit League,0.38,0.5,-5,1.25,1.0,2.63,2.0,8
Hapoel Raanana,8,2,3,3,8,9,-1,9,Israel - Leumit League,0.25,0.62,-1,1.12,1.0,4.0,1.61,9
H. Nof Hagalil,8,2,1,5,4,7,-3,7,Israel - Leumit League,0.25,0.38,-3,0.88,0.5,4.0,2.63,10
Bnei Yehuda,8,1,2,5,6,13,-7,5,Israel - Leumit League,0.12,0.38,-7,0.62,0.75,8.33,2.63,11
Inter Milan,8,7,1,0,18,8,10,22,Italy - Serie A,0.88,1.0,10,2.75,2.25,1.14,1.0,1
AS Roma,8,6,2,0,19,4,15,20,Italy - Serie A,0.75,1.0,15,2.5,2.38,1.33,1.0,2
Bologna,8,6,2,0,20,8,12,20,Italy - Serie A,0.75,1.0,12,2.5,2.5,1.33,1.0,2
Napoli,8,6,2,0,14,5,9,20,Italy - Serie A,0.75,1.0,9,2.5,1.75,1.33,1.0,2
Juventus,8,6,1,1,14,8,6,19,Italy - Serie A,0.75,0.88,6,2.38,1.75,1.33,1.14,3
Fiorentina,8,5,2,1,11,4,7,17,Italy - Serie A,0.62,0.88,7,2.12,1.38,1.61,1.14,4
Genoa,8,5,2,1,10,4,6,17,Italy - Serie A,0.62,0.88,6,2.12,1.25,1.61,1.14,4
AC Milan,8,3,4,1,12,10,2,13,Italy - Serie A,0.38,0.88,2,1.62,1.5,2.63,1.14,5
Torino,8,3,4,1,8,6,2,13,Italy - Serie A,0.38,0.88,2,1.62,1.0,2.63,1.14,5
Como,8,3,2,3,12,10,2,11,Italy - Serie A,0.38,0.62,2,1.38,1.5,2.63,1.61,6
Udinese,8,3,2,3,10,11,-1,11,Italy - Serie A,0.38,0.62,-1,1.38,1.25,2.63,1.61,6
Cagliari,8,3,1,4,11,10,1,10,Italy - Serie A,0.38,0.5,1,1.25,1.38,2.63,2.0,7
Lazio,8,1,6,1,13,10,3,9,Italy - Serie A,0.12,0.88,3,1.12,1.62,8.33,1.14,8
Parma,8,2,3,3,12,13,-1,9,Italy - Serie A,0.25,0.62,-1,1.12,1.5,4.0,1.61,8
Atalanta,8,1,4,3,6,8,-2,7,Italy - Serie A,0.12,0.62,-2,0.88,0.75,8.33,1.61,9
Venezia,8,1,4,3,3,5,-2,7,Italy - Serie A,0.12,0.62,-2,0.88,0.38,8.33,1.61,9
Hellas Verona,8,1,3,4,2,11,-9,6,Italy - Serie A,0.12,0.5,-9,0.75,0.25,8.33,2.0,10
Monza,8,1,2,5,6,12,-6,5,Italy - Serie A,0.12,0.38,-6,0.62,0.75,8.33,2.63,11
Lecce,8,0,3,5,4,12,-8,3,Italy - Serie A,0.0,0.38,-8,0.38,0.5,0.0,2.63,12
Empoli,8,0,2,6,3,15,-12,2,Italy - Serie A,0.0,0.25,-12,0.25,0.38,0.0,4.0,13
Sassuolo,8,7,1,0,20,7,13,22,Italy - Serie B,0.88,1.0,13,2.75,2.5,1.14,1.0,1
Juve Stabia,8,6,1,1,13,5,8,19,Italy - Serie B,0.75,0.88,8,2.38,1.62,1.33,1.14,2
Pisa,8,6,0,2,15,7,8,18,Italy - Serie B,0.75,0.75,8,2.25,1.88,1.33,1.33,3
Palermo,8,5,1,2,15,10,5,16,Italy - Serie B,0.62,0.75,5,2.0,1.88,1.61,1.33,4
Catanzaro,8,4,3,1,14,7,7,15,Italy - Serie B,0.5,0.88,7,1.88,1.75,2.0,1.14,5
Salernitana,8,4,2,2,9,7,2,14,Italy - Serie B,0.5,0.75,2,1.75,1.12,2.0,1.33,6
Cremonese,8,3,4,1,17,10,7,13,Italy - Serie B,0.38,0.88,7,1.62,2.12,2.63,1.14,7
Bari,8,3,4,1,10,7,3,13,Italy - Serie B,0.38,0.88,3,1.62,1.25,2.63,1.14,7
Modena,8,3,4,1,10,8,2,13,Italy - Serie B,0.38,0.88,2,1.62,1.25,2.63,1.14,7
Spezia,8,3,3,2,11,9,2,12,Italy - Serie B,0.38,0.75,2,1.5,1.38,2.63,1.33,8
Frosinone,8,3,3,2,10,12,-2,12,Italy - Serie B,0.38,0.75,-2,1.5,1.25,2.63,1.33,8
Sudtirol,8,2,5,1,12,10,2,11,Italy - Serie B,0.25,0.88,2,1.38,1.5,4.0,1.14,9
Carrarese,8,3,2,3,12,14,-2,11,Italy - Serie B,0.38,0.62,-2,1.38,1.5,2.63,1.61,9
Sampdoria,8,3,2,3,5,7,-2,11,Italy - Serie B,0.38,0.62,-2,1.38,0.62,2.63,1.61,9
Mantova,8,2,3,3,10,12,-2,9,Italy - Serie B,0.25,0.62,-2,1.12,1.25,4.0,1.61,10
Reggiana,8,2,3,3,9,11,-2,9,Italy - Serie B,0.25,0.62,-2,1.12,1.12,4.0,1.61,10
Cosenza,8,2,3,3,6,11,-5,9,Italy - Serie B,0.25,0.62,-5,1.12,0.75,4.0,1.61,10
Cesena,8,1,5,2,6,6,0,8,Italy - Serie B,0.12,0.75,0,1.0,0.75,8.33,1.33,11
Cittadella,8,2,1,5,8,15,-7,7,Italy - Serie B,0.25,0.38,-7,0.88,1.0,4.0,2.63,12
Brescia,8,0,6,2,8,10,-2,6,Italy - Serie B,0.0,0.75,-2,0.75,1.0,0.0,1.33,13
Vicenza,8,7,1,0,18,4,14,22,Italy - Serie C - Group A,0.88,1.0,14,2.75,2.25,1.14,1.0,1
Padova,8,6,2,0,16,5,11,20,Italy - Serie C - Group A,0.75,1.0,11,2.5,2.0,1.33,1.0,2
Giana Erminio,8,6,1,1,17,7,10,19,Italy - Serie C - Group A,0.75,0.88,10,2.38,2.12,1.33,1.14,3
FeralpiSalo,8,6,1,1,14,5,9,19,Italy - Serie C - Group A,0.75,0.88,9,2.38,1.75,1.33,1.14,3
Novara,8,5,1,2,10,5,5,16,Italy - Serie C - Group A,0.62,0.75,5,2.0,1.25,1.61,1.33,4
AlbinoLeffe,8,4,3,1,10,6,4,15,Italy - Serie C - Group A,0.5,0.88,4,1.88,1.25,2.0,1.14,5
Lecco,8,4,3,1,10,7,3,15,Italy - Serie C - Group A,0.5,0.88,3,1.88,1.25,2.0,1.14,5
Trento,8,3,5,0,16,6,10,14,Italy - Serie C - Group A,0.38,1.0,10,1.75,2.0,2.63,1.0,6
Triestina,8,4,2,2,8,4,4,14,Italy - Serie C - Group A,0.5,0.75,4,1.75,1.0,2.0,1.33,6
Arzignano,8,4,1,3,11,9,2,13,Italy - Serie C - Group A,0.5,0.62,2,1.62,1.38,2.0,1.61,7
Renate,8,4,0,4,7,9,-2,12,Italy - Serie C - Group A,0.5,0.5,-2,1.5,0.88,2.0,2.0,8
Virtus Verona,8,3,2,3,13,12,1,11,Italy - Serie C - Group A,0.38,0.62,1,1.38,1.62,2.63,1.61,9
Atalanta B,8,2,4,2,11,10,1,10,Italy - Serie C - Group A,0.25,0.75,1,1.25,1.38,4.0,1.33,10
Pro Vercelli,8,2,4,2,5,5,0,10,Italy - Serie C - Group A,0.25,0.75,0,1.25,0.62,4.0,1.33,10
Caldiero Terme,8,2,2,4,9,11,-2,8,Italy - Serie C - Group A,0.25,0.5,-2,1.0,1.12,4.0,2.0,11
Pro Patria,8,2,2,4,7,10,-3,8,Italy - Serie C - Group A,0.25,0.5,-3,1.0,0.88,4.0,2.0,11
Alcione,8,2,2,4,6,10,-4,8,Italy - Serie C - Group A,0.25,0.5,-4,1.0,0.75,4.0,2.0,11
Pergolettese,8,2,1,5,7,10,-3,7,Italy - Serie C - Group A,0.25,0.38,-3,0.88,0.88,4.0,2.63,12
Clodiense,8,2,1,5,8,12,-4,7,Italy - Serie C - Group A,0.25,0.38,-4,0.88,1.0,4.0,2.63,12
Lumezzane,8,1,3,4,10,13,-3,6,Italy - Serie C - Group A,0.12,0.5,-3,0.75,1.25,8.33,2.0,13
Entella,8,7,1,0,17,5,12,22,Italy - Serie C - Group B,0.88,1.0,12,2.75,2.12,1.14,1.0,1
Pineto,8,6,2,0,10,4,6,20,Italy - Serie C - Group B,0.75,1.0,6,2.5,1.25,1.33,1.0,2
Torres,8,5,3,0,8,2,6,18,Italy - Serie C - Group B,0.62,1.0,6,2.25,1.0,1.61,1.0,3
Lucchese,8,5,2,1,17,10,7,17,Italy - Serie C - Group B,0.62,0.88,7,2.12,2.12,1.61,1.14,4
Perugia,8,5,2,1,11,5,6,17,Italy - Serie C - Group B,0.62,0.88,6,2.12,1.38,1.61,1.14,4
Ternana,8,5,2,1,11,5,6,17,Italy - Serie C - Group B,0.62,0.88,6,2.12,1.38,1.61,1.14,4
Pianese,8,5,0,3,12,8,4,15,Italy - Serie C - Group B,0.62,0.62,4,1.88,1.5,1.61,1.61,5
Gubbio,8,4,2,2,7,7,0,14,Italy - Serie C - Group B,0.5,0.75,0,1.75,0.88,2.0,1.33,6
Sestri Levante,8,3,2,3,12,10,2,11,Italy - Serie C - Group B,0.38,0.62,2,1.38,1.5,2.63,1.61,7
Vis Pesaro,8,3,2,3,9,7,2,11,Italy - Serie C - Group B,0.38,0.62,2,1.38,1.12,2.63,1.61,7
Pontedera,8,3,2,3,10,11,-1,11,Italy - Serie C - Group B,0.38,0.62,-1,1.38,1.25,2.63,1.61,7
Pescara,8,2,4,2,11,8,3,10,Italy - Serie C - Group B,0.25,0.75,3,1.25,1.38,4.0,1.33,8
Arezzo,8,3,1,4,7,8,-1,10,Italy - Serie C - Group B,0.38,0.5,-1,1.25,0.88,2.63,2.0,8
Campobasso,8,3,1,4,7,11,-4,10,Italy - Serie C - Group B,0.38,0.5,-4,1.25,0.88,2.63,2.0,8
Rimini,8,2,3,3,8,8,0,9,Italy - Serie C - Group B,0.25,0.62,0,1.12,1.0,4.0,1.61,9
AC Milan B,8,2,3,3,8,13,-5,9,Italy - Serie C - Group B,0.25,0.62,-5,1.12,1.0,4.0,1.61,9
Ascoli,8,2,2,4,6,10,-4,8,Italy - Serie C - Group B,0.25,0.5,-4,1.0,0.75,4.0,2.0,10
Athletic Carpi,8,2,2,4,5,10,-5,8,Italy - Serie C - Group B,0.25,0.5,-5,1.0,0.62,4.0,2.0,10
Legnago Salus,8,1,3,4,5,12,-7,6,Italy - Serie C - Group B,0.12,0.5,-7,0.75,0.62,8.33,2.0,11
SPAL,8,0,3,5,5,15,-10,3,Italy - Serie C - Group B,0.0,0.38,-10,0.38,0.62,0.0,2.63,12
Avellino,8,8,0,0,13,4,9,24,Italy - Serie C - Group C,1.0,1.0,9,3.0,1.62,1.0,1.0,1
Crotone,8,6,2,0,19,7,12,20,Italy - Serie C - Group C,0.75,1.0,12,2.5,2.38,1.33,1.0,2
Juventus U23,8,6,1,1,13,3,10,19,Italy - Serie C - Group C,0.75,0.88,10,2.38,1.62,1.33,1.14,3
Monopoli,8,5,2,1,11,5,6,17,Italy - Serie C - Group C,0.62,0.88,6,2.12,1.38,1.61,1.14,4
A. Cerignola,8,4,3,1,14,11,3,15,Italy - Serie C - Group C,0.5,0.88,3,1.88,1.75,2.0,1.14,5
Potenza,8,3,4,1,18,13,5,13,Italy - Serie C - Group C,0.38,0.88,5,1.62,2.25,2.63,1.14,6
Foggia,8,4,1,3,10,10,0,13,Italy - Serie C - Group C,0.5,0.62,0,1.62,1.25,2.0,1.61,6
Cavese,8,3,3,2,9,9,0,12,Italy - Serie C - Group C,0.38,0.75,0,1.5,1.12,2.63,1.33,7
Giugliano,8,3,2,3,17,13,4,11,Italy - Serie C - Group C,0.38,0.62,4,1.38,2.12,2.63,1.61,8
Picerno,8,2,5,1,9,6,3,11,Italy - Serie C - Group C,0.25,0.88,3,1.38,1.12,4.0,1.14,8
Latina,8,3,1,4,8,13,-5,10,Italy - Serie C - Group C,0.38,0.5,-5,1.25,1.0,2.63,2.0,9
Catania,8,2,3,3,11,9,2,9,Italy - Serie C - Group C,0.25,0.62,2,1.12,1.38,4.0,1.61,10
Benevento,8,1,6,1,6,6,0,9,Italy - Serie C - Group C,0.12,0.88,0,1.12,0.75,8.33,1.14,10
Casertana,8,2,2,4,11,8,3,8,Italy - Serie C - Group C,0.25,0.5,3,1.0,1.38,4.0,2.0,11
Trapani,8,2,2,4,7,11,-4,8,Italy - Serie C - Group C,0.25,0.5,-4,1.0,0.88,4.0,2.0,11
ACR Messina,8,2,1,5,6,10,-4,7,Italy - Serie C - Group C,0.25,0.38,-4,0.88,0.75,4.0,2.63,12
Sorrento,8,2,1,5,7,12,-5,7,Italy - Serie C - Group C,0.25,0.38,-5,0.88,0.88,4.0,2.63,12
Altamura,8,1,3,4,8,12,-4,6,Italy - Serie C - Group C,0.12,0.5,-4,0.75,1.0,8.33,2.0,13
Taranto,0,0,0,0,0,0,0,0,Italy - Serie C - Group C,0.0,0.0,0,0.0,0.0,0.0,0.0,14
Turris,0,0,0,0,0,0,0,0,Italy - Serie C - Group C,0.0,0.0,0,0.0,0.0,0.0,0.0,14
Citta di Varese,8,6,1,1,13,4,9,19,Italy - Serie D - Group A,0.75,0.88,9,2.38,1.62,1.33,1.14,1
NovaRomentin,8,6,0,2,25,9,16,18,Italy - Serie D - Group A,0.75,0.75,16,2.25,3.12,1.33,1.33,2
Gozzano,8,5,3,0,13,6,7,18,Italy - Serie D - Group A,0.62,1.0,7,2.25,1.62,1.61,1.0,2
Lavagnese,8,5,2,1,12,6,6,17,Italy - Serie D - Group A,0.62,0.88,6,2.12,1.5,1.61,1.14,3
Bra,8,5,1,2,14,8,6,16,Italy - Serie D - Group A,0.62,0.75,6,2.0,1.75,1.61,1.33,4
Ligorna,8,4,3,1,18,9,9,15,Italy - Serie D - Group A,0.5,0.88,9,1.88,2.25,2.0,1.14,5
Saluzzo,8,4,2,2,10,7,3,14,Italy - Serie D - Group A,0.5,0.75,3,1.75,1.25,2.0,1.33,6
Vado,8,3,2,3,10,9,1,11,Italy - Serie D - Group A,0.38,0.62,1,1.38,1.25,2.63,1.61,7
Pro Imperia,8,2,3,3,10,11,-1,9,Italy - Serie D - Group A,0.25,0.62,-1,1.12,1.25,4.0,1.61,8
Vogherese,8,1,6,1,6,7,-1,9,Italy - Serie D - Group A,0.12,0.88,-1,1.12,0.75,8.33,1.14,8
Fossano,8,3,0,5,7,11,-4,9,Italy - Serie D - Group A,0.38,0.38,-4,1.12,0.88,2.63,2.63,8
Asti,8,2,2,4,7,6,1,8,Italy - Serie D - Group A,0.25,0.5,1,1.0,0.88,4.0,2.0,9
Cairese,8,2,2,4,6,9,-3,8,Italy - Serie D - Group A,0.25,0.5,-3,1.0,0.75,4.0,2.0,9
Oltrepo,8,2,2,4,6,10,-4,8,Italy - Serie D - Group A,0.25,0.5,-4,1.0,0.75,4.0,2.0,9
Derthona,8,2,2,4,7,12,-5,8,Italy - Serie D - Group A,0.25,0.5,-5,1.0,0.88,4.0,2.0,9
Chieri,8,2,1,5,11,15,-4,7,Italy - Serie D - Group A,0.25,0.38,-4,0.88,1.38,4.0,2.63,10
Sanremese,8,1,3,4,4,7,-3,6,Italy - Serie D - Group A,0.12,0.5,-3,0.75,0.5,8.33,2.0,11
Chisola,8,0,4,4,6,11,-5,4,Italy - Serie D - Group A,0.0,0.5,-5,0.5,0.75,0.0,2.0,12
Borgaro Nobis,8,1,1,6,6,13,-7,4,Italy - Serie D - Group A,0.12,0.25,-7,0.5,0.75,8.33,4.0,12
Albenga,0,0,0,0,0,0,0,0,Italy - Serie D - Group A,0.0,0.0,0,0.0,0.0,0.0,0.0,13
USD Casatese,8,6,1,1,16,4,12,19,Italy - Serie D - Group B,0.75,0.88,12,2.38,2.0,1.33,1.14,1
Club Milano,8,6,0,2,16,7,9,18,Italy - Serie D - Group B,0.75,0.75,9,2.25,2.0,1.33,1.33,2
Pro Palazzolo,8,5,2,1,17,5,12,17,Italy - Serie D - Group B,0.62,0.88,12,2.12,2.12,1.61,1.14,3
F. Caratese,8,5,1,2,21,11,10,16,Italy - Serie D - Group B,0.62,0.75,10,2.0,2.62,1.61,1.33,4
Sangiuliano C.,8,4,3,1,11,6,5,15,Italy - Serie D - Group B,0.5,0.88,5,1.88,1.38,2.0,1.14,5
Desenxano,8,4,3,1,9,4,5,15,Italy - Serie D - Group B,0.5,0.88,5,1.88,1.12,2.0,1.14,5
Varesina,8,4,2,2,14,10,4,14,Italy - Serie D - Group B,0.5,0.75,4,1.75,1.75,2.0,1.33,6
Ciliverghe,8,4,2,2,13,12,1,14,Italy - Serie D - Group B,0.5,0.75,1,1.75,1.62,2.0,1.33,6
Ospitaletto,8,3,3,2,12,10,2,12,Italy - Serie D - Group B,0.38,0.75,2,1.5,1.5,2.63,1.33,7
Pro Sesto,8,3,3,2,8,8,0,12,Italy - Serie D - Group B,0.38,0.75,0,1.5,1.0,2.63,1.33,7
Crema,8,3,2,3,15,11,4,11,Italy - Serie D - Group B,0.38,0.62,4,1.38,1.88,2.63,1.61,8
Sondrio,8,3,2,3,12,11,1,11,Italy - Serie D - Group B,0.38,0.62,1,1.38,1.5,2.63,1.61,8
Fanfulla,8,3,2,3,9,9,0,11,Italy - Serie D - Group B,0.38,0.62,0,1.38,1.12,2.63,1.61,8
Breno,8,2,4,2,11,10,1,10,Italy - Serie D - Group B,0.25,0.75,1,1.25,1.38,4.0,1.33,9
Chievo,8,3,1,4,9,8,1,10,Italy - Serie D - Group B,0.38,0.5,1,1.25,1.12,2.63,2.0,9
Vigasio,8,3,1,4,10,11,-1,10,Italy - Serie D - Group B,0.38,0.5,-1,1.25,1.25,2.63,2.0,9
SantAngelo,8,1,4,3,7,10,-3,7,Italy - Serie D - Group B,0.12,0.62,-3,0.88,0.88,8.33,1.61,10
Castellanzese,8,0,6,2,8,13,-5,6,Italy - Serie D - Group B,0.0,0.75,-5,0.75,1.0,0.0,1.33,11
Arconatese,8,1,2,5,6,10,-4,5,Italy - Serie D - Group B,0.12,0.38,-4,0.62,0.75,8.33,2.63,12
Magenta,8,0,3,5,2,14,-12,3,Italy - Serie D - Group B,0.0,0.38,-12,0.38,0.25,0.0,2.63,13
Este,8,6,2,0,18,8,10,20,Italy - Serie D - Group C,0.75,1.0,10,2.5,2.25,1.33,1.0,1
D. Bellunesi,8,5,3,0,17,7,10,18,Italy - Serie D - Group C,0.62,1.0,10,2.25,2.12,1.61,1.0,2
Bassano Virtus,8,5,2,1,15,3,12,17,Italy - Serie D - Group C,0.62,0.88,12,2.12,1.88,1.61,1.14,3
Real Calepina,8,5,2,1,16,8,8,17,Italy - Serie D - Group C,0.62,0.88,8,2.12,2.0,1.61,1.14,3
Adriese,8,4,4,0,13,3,10,16,Italy - Serie D - Group C,0.5,1.0,10,2.0,1.62,2.0,1.0,4
Villa Alme,8,5,1,2,18,13,5,16,Italy - Serie D - Group C,0.62,0.75,5,2.0,2.25,1.61,1.33,4
Mestre,8,5,1,2,11,8,3,16,Italy - Serie D - Group C,0.62,0.75,3,2.0,1.38,1.61,1.33,4
Luparense,8,3,5,0,10,6,4,14,Italy - Serie D - Group C,0.38,1.0,4,1.75,1.25,2.63,1.0,5
Campodarsego,8,4,1,3,14,14,0,13,Italy - Serie D - Group C,0.5,0.62,0,1.62,1.75,2.0,1.61,6
Treviso,8,4,0,4,6,7,-1,12,Italy - Serie D - Group C,0.5,0.5,-1,1.5,0.75,2.0,2.0,7
Brian Lignano,8,2,4,2,9,7,2,10,Italy - Serie D - Group C,0.25,0.75,2,1.25,1.12,4.0,1.33,8
Portogruaro,8,2,4,2,3,3,0,10,Italy - Serie D - Group C,0.25,0.75,0,1.25,0.38,4.0,1.33,8
Brusaporto,8,2,3,3,9,9,0,9,Italy - Serie D - Group C,0.25,0.62,0,1.12,1.12,4.0,1.61,9
Calvi Noale,8,2,2,4,8,11,-3,8,Italy - Serie D - Group C,0.25,0.5,-3,1.0,1.0,4.0,2.0,10
Chions,8,1,4,3,5,8,-3,7,Italy - Serie D - Group C,0.12,0.62,-3,0.88,0.62,8.33,1.61,11
Cjarlins Muzane,8,1,4,3,11,15,-4,7,Italy - Serie D - Group C,0.12,0.62,-4,0.88,1.38,8.33,1.61,11
Montecchio M.,8,1,2,5,6,11,-5,5,Italy - Serie D - Group C,0.12,0.38,-5,0.62,0.75,8.33,2.63,12
Lavis,8,1,2,5,4,14,-10,5,Italy - Serie D - Group C,0.12,0.38,-10,0.62,0.5,8.33,2.63,12
Ciserano,8,0,4,4,7,13,-6,4,Italy - Serie D - Group C,0.0,0.5,-6,0.5,0.88,0.0,2.0,13
Caravaggio,8,1,1,6,8,15,-7,4,Italy - Serie D - Group C,0.12,0.25,-7,0.5,1.0,8.33,4.0,13
Ravenna,8,8,0,0,22,4,18,24,Italy - Serie D - Group D,1.0,1.0,18,3.0,2.75,1.0,1.0,1
Forli,8,7,0,1,16,6,10,21,Italy - Serie D - Group D,0.88,0.88,10,2.62,2.0,1.14,1.14,2
Pistoiese,8,6,1,1,13,3,10,19,Italy - Serie D - Group D,0.75,0.88,10,2.38,1.62,1.33,1.14,3
Tau Altopascio,8,4,3,1,14,9,5,15,Italy - Serie D - Group D,0.5,0.88,5,1.88,1.75,2.0,1.14,4
Lentigione,8,3,3,2,11,8,3,12,Italy - Serie D - Group D,0.38,0.75,3,1.5,1.38,2.63,1.33,5
Piacenza,8,3,2,3,9,7,2,11,Italy - Serie D - Group D,0.38,0.62,2,1.38,1.12,2.63,1.61,6
Cittadella Vis,8,3,1,4,12,11,1,10,Italy - Serie D - Group D,0.38,0.5,1,1.25,1.5,2.63,2.0,7
Imolese,8,2,4,2,12,12,0,10,Italy - Serie D - Group D,0.25,0.75,0,1.25,1.5,4.0,1.33,7
Corticella,8,3,1,4,7,14,-7,10,Italy - Serie D - Group D,0.38,0.5,-7,1.25,0.88,2.63,2.0,7
Progresso,8,2,3,3,7,6,1,9,Italy - Serie D - Group D,0.25,0.62,1,1.12,0.88,4.0,1.61,8
Sammaurese,8,2,2,4,10,7,3,8,Italy - Serie D - Group D,0.25,0.5,3,1.0,1.25,4.0,2.0,9
San Marino C.,8,2,2,4,9,15,-6,8,Italy - Serie D - Group D,0.25,0.5,-6,1.0,1.12,4.0,2.0,9
Zenith Prato,8,1,4,3,5,6,-1,7,Italy - Serie D - Group D,0.12,0.62,-1,0.88,0.62,8.33,1.61,10
Tuttocuoio,8,1,4,3,6,8,-2,7,Italy - Serie D - Group D,0.12,0.62,-2,0.88,0.75,8.33,1.61,10
Prato,8,2,1,5,4,14,-10,7,Italy - Serie D - Group D,0.25,0.38,-10,0.88,0.5,4.0,2.63,10
Sasso Marconi,8,1,2,5,9,15,-6,5,Italy - Serie D - Group D,0.12,0.38,-6,0.62,1.12,8.33,2.63,11
Fiorenzuola,8,1,1,6,4,11,-7,4,Italy - Serie D - Group D,0.12,0.25,-7,0.5,0.5,8.33,4.0,12
United Riccione,8,1,1,6,4,22,-18,4,Italy - Serie D - Group D,0.12,0.25,-18,0.5,0.5,8.33,4.0,12
Fulgens Foligno,8,7,0,1,20,8,12,21,Italy - Serie D - Group E,0.88,0.88,12,2.62,2.5,1.14,1.14,1
Livorno,8,6,1,1,23,10,13,19,Italy - Serie D - Group E,0.75,0.88,13,2.38,2.88,1.33,1.14,2
Ostia Mare,8,4,2,2,10,9,1,14,Italy - Serie D - Group E,0.5,0.75,1,1.75,1.25,2.0,1.33,3
Ghiviborgo,8,4,1,3,20,15,5,13,Italy - Serie D - Group E,0.5,0.62,5,1.62,2.5,2.0,1.61,4
Grosseto,8,3,4,1,9,5,4,13,Italy - Serie D - Group E,0.38,0.88,4,1.62,1.12,2.63,1.14,4
San Donato,8,4,1,3,9,6,3,13,Italy - Serie D - Group E,0.5,0.62,3,1.62,1.12,2.0,1.61,4
FC Siena,8,3,4,1,7,4,3,13,Italy - Serie D - Group E,0.38,0.88,3,1.62,0.88,2.63,1.14,4
S. Trestina,8,4,1,3,6,10,-4,13,Italy - Serie D - Group E,0.5,0.62,-4,1.62,0.75,2.0,1.61,4
Orvietana,8,3,3,2,8,7,1,12,Italy - Serie D - Group E,0.38,0.75,1,1.5,1.0,2.63,1.33,5
Flaminia,8,3,2,3,10,9,1,11,Italy - Serie D - Group E,0.38,0.62,1,1.38,1.25,2.63,1.61,6
Seravezza,8,3,2,3,11,12,-1,11,Italy - Serie D - Group E,0.38,0.62,-1,1.38,1.38,2.63,1.61,6
Sangiovannese,8,2,3,3,6,7,-1,9,Italy - Serie D - Group E,0.25,0.62,-1,1.12,0.75,4.0,1.61,7
Figline,8,2,3,3,4,7,-3,9,Italy - Serie D - Group E,0.25,0.62,-3,1.12,0.5,4.0,1.61,7
T. Traiana,8,1,5,2,5,7,-2,8,Italy - Serie D - Group E,0.12,0.75,-2,1.0,0.62,8.33,1.33,8
Montevarchi,8,1,4,3,5,8,-3,7,Italy - Serie D - Group E,0.12,0.62,-3,0.88,0.62,8.33,1.61,9
Gavorrano,8,1,4,3,9,14,-5,7,Italy - Serie D - Group E,0.12,0.62,-5,0.88,1.12,8.33,1.61,9
Fezzanese,8,1,3,4,7,12,-5,6,Italy - Serie D - Group E,0.12,0.5,-5,0.75,0.88,8.33,2.0,10
Poggibonsi,8,1,1,6,5,12,-7,4,Italy - Serie D - Group E,0.12,0.25,-7,0.5,0.62,8.33,4.0,11
Avezzano,8,5,3,0,13,4,9,18,Italy - Serie D - Group F,0.62,1.0,9,2.25,1.62,1.61,1.0,1
Chieti,8,5,2,1,14,10,4,17,Italy - Serie D - Group F,0.62,0.88,4,2.12,1.75,1.61,1.14,2
Teramo,8,5,0,3,17,9,8,15,Italy - Serie D - Group F,0.62,0.62,8,1.88,2.12,1.61,1.61,3
Sambenedettese,8,4,3,1,11,4,7,15,Italy - Serie D - Group F,0.5,0.88,7,1.88,1.38,2.0,1.14,3
Recanatese,8,4,1,3,12,15,-3,13,Italy - Serie D - Group F,0.5,0.62,-3,1.62,1.5,2.0,1.61,4
LAquila,8,3,3,2,11,7,4,12,Italy - Serie D - Group F,0.38,0.75,4,1.5,1.38,2.63,1.33,5
Sora,8,3,3,2,11,7,4,12,Italy - Serie D - Group F,0.38,0.75,4,1.5,1.38,2.63,1.33,5
San Nicolo,8,3,3,2,8,7,1,12,Italy - Serie D - Group F,0.38,0.75,1,1.5,1.0,2.63,1.33,5
Castelfidardo,8,3,2,3,10,6,4,11,Italy - Serie D - Group F,0.38,0.62,4,1.38,1.25,2.63,1.61,6
Fossombrone,8,2,5,1,13,10,3,11,Italy - Serie D - Group F,0.25,0.88,3,1.38,1.62,4.0,1.14,6
Termoli Calcio,8,2,4,2,8,8,0,10,Italy - Serie D - Group F,0.25,0.75,0,1.25,1.0,4.0,1.33,7
Ancona 1905,8,3,1,4,9,10,-1,10,Italy - Serie D - Group F,0.38,0.5,-1,1.25,1.12,2.63,2.0,7
Atletico Ascoli,8,2,3,3,10,11,-1,9,Italy - Serie D - Group F,0.25,0.62,-1,1.12,1.25,4.0,1.61,8
Roma City,8,2,3,3,8,9,-1,9,Italy - Serie D - Group F,0.25,0.62,-1,1.12,1.0,4.0,1.61,8
Fermana,8,2,1,5,7,11,-4,7,Italy - Serie D - Group F,0.25,0.38,-4,0.88,0.88,4.0,2.63,9
V. Senigallia,8,1,4,3,6,11,-5,7,Italy - Serie D - Group F,0.12,0.62,-5,0.88,0.75,8.33,1.61,9
Civitanovese,8,0,5,3,4,7,-3,5,Italy - Serie D - Group F,0.0,0.62,-3,0.62,0.5,0.0,1.61,10
Isernia,8,1,2,5,4,13,-9,5,Italy - Serie D - Group F,0.12,0.38,-9,0.62,0.5,8.33,2.63,10
Gelbison,8,7,1,0,18,9,9,22,Italy - Serie D - Group G,0.88,1.0,9,2.75,2.25,1.14,1.0,1
CynthiAlbalonga,8,6,2,0,16,5,11,20,Italy - Serie D - Group G,0.75,1.0,11,2.5,2.0,1.33,1.0,2
Savoia,8,6,1,1,17,4,13,19,Italy - Serie D - Group G,0.75,0.88,13,2.38,2.12,1.33,1.14,3
Guidonia,8,6,1,1,17,6,11,19,Italy - Serie D - Group G,0.75,0.88,11,2.38,2.12,1.33,1.14,3
Cassino,8,6,1,1,13,3,10,19,Italy - Serie D - Group G,0.75,0.88,10,2.38,1.62,1.33,1.14,3
Trastevere,8,5,2,1,16,7,9,17,Italy - Serie D - Group G,0.62,0.88,9,2.12,2.0,1.61,1.14,4
S. Ogliastra,8,5,2,1,14,9,5,17,Italy - Serie D - Group G,0.62,0.88,5,2.12,1.75,1.61,1.14,4
Latte Dolce,8,5,1,2,16,8,8,16,Italy - Serie D - Group G,0.62,0.75,8,2.0,2.0,1.61,1.33,5
Olbia,8,5,1,2,15,9,6,16,Italy - Serie D - Group G,0.62,0.75,6,2.0,1.88,1.61,1.33,5
Sarnese,8,5,1,2,14,12,2,16,Italy - Serie D - Group G,0.62,0.75,2,2.0,1.75,1.61,1.33,5
Paganese,8,4,3,1,9,4,5,15,Italy - Serie D - Group G,0.5,0.88,5,1.88,1.12,2.0,1.14,6
A. Lodigiani,8,3,4,1,15,11,4,13,Italy - Serie D - Group G,0.38,0.88,4,1.62,1.88,2.63,1.14,7
Ilvamaddalena,8,4,1,3,11,9,2,13,Italy - Serie D - Group G,0.5,0.62,2,1.62,1.38,2.0,1.61,7
Puteolana,8,3,3,2,9,11,-2,12,Italy - Serie D - Group G,0.38,0.75,-2,1.5,1.12,2.63,1.33,8
Atletico Uri,8,3,1,4,12,11,1,10,Italy - Serie D - Group G,0.38,0.5,1,1.25,1.5,2.63,2.0,9
R. Monterotondo,8,2,4,2,6,9,-3,10,Italy - Serie D - Group G,0.25,0.75,-3,1.25,0.75,4.0,1.33,9
Anzio,8,1,4,3,10,20,-10,7,Italy - Serie D - Group G,0.12,0.62,-10,0.88,1.25,8.33,1.61,10
Terracina,8,0,2,6,2,13,-11,2,Italy - Serie D - Group G,0.0,0.25,-11,0.25,0.25,0.0,4.0,11
Casarano,8,6,2,0,18,4,14,20,Italy - Serie D - Group H,0.75,1.0,14,2.5,2.25,1.33,1.0,1
Citta di Fasano,8,6,1,1,20,7,13,19,Italy - Serie D - Group H,0.75,0.88,13,2.38,2.5,1.33,1.14,2
Nocerina,8,5,3,0,14,4,10,18,Italy - Serie D - Group H,0.62,1.0,10,2.25,1.75,1.61,1.0,3
Martina Franca,8,5,2,1,13,4,9,17,Italy - Serie D - Group H,0.62,0.88,9,2.12,1.62,1.61,1.14,4
Brindisi,8,5,2,1,17,10,7,17,Italy - Serie D - Group H,0.62,0.88,7,2.12,2.12,1.61,1.14,4
Fidelis Andria,8,5,2,1,8,4,4,17,Italy - Serie D - Group H,0.62,0.88,4,2.12,1.0,1.61,1.14,4
Ugento,8,5,0,3,15,8,7,15,Italy - Serie D - Group H,0.62,0.62,7,1.88,1.88,1.61,1.61,5
Francavilla,8,5,0,3,12,7,5,15,Italy - Serie D - Group H,0.62,0.62,5,1.88,1.5,1.61,1.61,5
Manfredonia,8,4,3,1,11,6,5,15,Italy - Serie D - Group H,0.5,0.88,5,1.88,1.38,2.0,1.14,5
Nardo,8,4,2,2,14,7,7,14,Italy - Serie D - Group H,0.5,0.75,7,1.75,1.75,2.0,1.33,6
Matera,8,3,5,0,13,7,6,14,Italy - Serie D - Group H,0.38,1.0,6,1.75,1.62,2.63,1.0,6
USD Palmese,8,4,2,2,9,8,1,14,Italy - Serie D - Group H,0.5,0.75,1,1.75,1.12,2.0,1.33,6
Ischia,8,2,5,1,12,13,-1,11,Italy - Serie D - Group H,0.25,0.88,-1,1.38,1.5,4.0,1.14,7
Real Acerrana,8,3,2,3,9,10,-1,11,Italy - Serie D - Group H,0.38,0.62,-1,1.38,1.12,2.63,1.61,7
Gravina,8,2,3,3,8,8,0,9,Italy - Serie D - Group H,0.25,0.62,0,1.12,1.0,4.0,1.61,8
V. Francavilla,8,1,5,2,12,12,0,8,Italy - Serie D - Group H,0.12,0.75,0,1.0,1.5,8.33,1.33,9
Costa DAmalfi,8,1,3,4,8,18,-10,6,Italy - Serie D - Group H,0.12,0.5,-10,0.75,1.0,8.33,2.0,10
Angri Calcio,8,1,2,5,7,14,-7,5,Italy - Serie D - Group H,0.12,0.38,-7,0.62,0.88,8.33,2.63,11
Siracusa,8,7,0,1,26,6,20,21,Italy - Serie D - Group I,0.88,0.88,20,2.62,3.25,1.14,1.14,1
Reggina,8,7,0,1,21,7,14,21,Italy - Serie D - Group I,0.88,0.88,14,2.62,2.62,1.14,1.14,1
Scafatese,8,5,2,1,17,6,11,17,Italy - Serie D - Group I,0.62,0.88,11,2.12,2.12,1.61,1.14,2
Nissa,8,5,2,1,16,9,7,17,Italy - Serie D - Group I,0.62,0.88,7,2.12,2.0,1.61,1.14,2
Acireale,8,5,1,2,12,11,1,16,Italy - Serie D - Group I,0.62,0.75,1,2.0,1.5,1.61,1.33,3
Igea Virtus,8,5,0,3,14,7,7,15,Italy - Serie D - Group I,0.62,0.62,7,1.88,1.75,1.61,1.61,4
Sancataldese,8,4,3,1,10,7,3,15,Italy - Serie D - Group I,0.5,0.88,3,1.88,1.25,2.0,1.14,4
Sambiase,8,4,1,3,7,5,2,13,Italy - Serie D - Group I,0.5,0.62,2,1.62,0.88,2.0,1.61,5
Pompei,8,4,1,3,9,11,-2,13,Italy - Serie D - Group I,0.5,0.62,-2,1.62,1.12,2.0,1.61,5
Ragusa,8,3,2,3,8,7,1,11,Italy - Serie D - Group I,0.38,0.62,1,1.38,1.0,2.63,1.61,6
Vibonese,8,3,1,4,13,8,5,10,Italy - Serie D - Group I,0.38,0.5,5,1.25,1.62,2.63,2.0,7
Paterno,8,1,5,2,3,5,-2,8,Italy - Serie D - Group I,0.12,0.75,-2,1.0,0.38,8.33,1.33,8
CD S. Agata,8,0,6,2,8,10,-2,6,Italy - Serie D - Group I,0.0,0.75,-2,0.75,1.0,0.0,1.33,9
Enna,8,0,6,2,7,11,-4,6,Italy - Serie D - Group I,0.0,0.75,-4,0.75,0.88,0.0,1.33,9
Licata,8,2,0,6,8,17,-9,6,Italy - Serie D - Group I,0.25,0.25,-9,0.75,1.0,4.0,4.0,9
Locri 1909,8,1,2,5,10,14,-4,5,Italy - Serie D - Group I,0.12,0.38,-4,0.62,1.25,8.33,2.63,10
CastrumFavara,8,0,5,3,7,11,-4,5,Italy - Serie D - Group I,0.0,0.62,-4,0.62,0.88,0.0,1.61,10
Akragas,0,0,0,0,0,0,0,0,Italy - Serie D - Group I,0.0,0.0,0,0.0,0.0,0.0,0.0,11
Juventus U20,8,6,0,2,18,15,3,18,Italy - Primavera 1,0.75,0.75,3,2.25,2.25,1.33,1.33,1
Cagliari U20,8,5,2,1,13,7,6,17,Italy - Primavera 1,0.62,0.88,6,2.12,1.62,1.61,1.14,2
Inter Milan U20,8,5,1,2,16,8,8,16,Italy - Primavera 1,0.62,0.75,8,2.0,2.0,1.61,1.33,3
Cesena U20,8,5,1,2,22,16,6,16,Italy - Primavera 1,0.62,0.75,6,2.0,2.75,1.61,1.33,3
Lazio U20,8,4,3,1,14,10,4,15,Italy - Primavera 1,0.5,0.88,4,1.88,1.75,2.0,1.14,4
Fiorentina U20,8,4,2,2,21,14,7,14,Italy - Primavera 1,0.5,0.75,7,1.75,2.62,2.0,1.33,5
Atalanta U20,8,4,2,2,12,6,6,14,Italy - Primavera 1,0.5,0.75,6,1.75,1.5,2.0,1.33,5
Monza U20,8,4,1,3,18,14,4,13,Italy - Primavera 1,0.5,0.62,4,1.62,2.25,2.0,1.61,6
Lecce U20,8,4,1,3,11,9,2,13,Italy - Primavera 1,0.5,0.62,2,1.62,1.38,2.0,1.61,6
Roma U20,8,4,1,3,10,10,0,13,Italy - Primavera 1,0.5,0.62,0,1.62,1.25,2.0,1.61,6
Cremonese U20,8,3,2,3,9,6,3,11,Italy - Primavera 1,0.38,0.62,3,1.38,1.12,2.63,1.61,7
H. Verona U20,8,3,2,3,11,9,2,11,Italy - Primavera 1,0.38,0.62,2,1.38,1.38,2.63,1.61,7
Milan U20,8,3,2,3,10,9,1,11,Italy - Primavera 1,0.38,0.62,1,1.38,1.25,2.63,1.61,7
Sassuolo U20,8,3,2,3,7,9,-2,11,Italy - Primavera 1,0.38,0.62,-2,1.38,0.88,2.63,1.61,7
Torino U20,8,3,1,4,13,13,0,10,Italy - Primavera 1,0.38,0.5,0,1.25,1.62,2.63,2.0,8
Genoa U20,8,2,2,4,11,13,-2,8,Italy - Primavera 1,0.25,0.5,-2,1.0,1.38,4.0,2.0,9
Bologna U20,8,1,4,3,8,13,-5,7,Italy - Primavera 1,0.12,0.62,-5,0.88,1.0,8.33,1.61,10
Sampdoria U20,8,1,3,4,12,15,-3,6,Italy - Primavera 1,0.12,0.5,-3,0.75,1.5,8.33,2.0,11
Udinese U20,8,1,2,5,7,21,-14,5,Italy - Primavera 1,0.12,0.38,-14,0.62,0.88,8.33,2.63,12
Empoli U20,8,1,1,6,4,11,-7,4,Italy - Primavera 1,0.12,0.25,-7,0.5,0.5,8.33,4.0,13
Mount Pleasant,8,7,1,0,19,2,17,22,Jamaica - Premier League,0.88,1.0,17,2.75,2.38,1.14,1.0,1
Racing United,8,6,1,1,13,6,7,19,Jamaica - Premier League,0.75,0.88,7,2.38,1.62,1.33,1.14,2
Humble Lions,8,5,2,1,13,7,6,17,Jamaica - Premier League,0.62,0.88,6,2.12,1.62,1.61,1.14,3
Portmore Utd,8,5,2,1,8,4,4,17,Jamaica - Premier League,0.62,0.88,4,2.12,1.0,1.61,1.14,3
Montego Bay,8,4,4,0,16,4,12,16,Jamaica - Premier League,0.5,1.0,12,2.0,2.0,2.0,1.0,4
Waterhouse,8,4,3,1,10,7,3,15,Jamaica - Premier League,0.5,0.88,3,1.88,1.25,2.0,1.14,5
Arnett Gardens,8,3,5,0,16,8,8,14,Jamaica - Premier League,0.38,1.0,8,1.75,2.0,2.63,1.0,6
Tivoli Gardens,8,4,2,2,14,11,3,14,Jamaica - Premier League,0.5,0.75,3,1.75,1.75,2.0,1.33,6
Cavalier,8,3,4,1,9,6,3,13,Jamaica - Premier League,0.38,0.88,3,1.62,1.12,2.63,1.14,7
Harbour View,8,2,4,2,9,8,1,10,Jamaica - Premier League,0.25,0.75,1,1.25,1.12,4.0,1.33,8
Dunbeholden,8,3,0,5,8,13,-5,9,Jamaica - Premier League,0.38,0.38,-5,1.12,1.0,2.63,2.63,9
Vere Utd,8,1,2,5,6,12,-6,5,Jamaica - Premier League,0.12,0.38,-6,0.62,0.75,8.33,2.63,10
Chapelton,8,1,2,5,6,15,-9,5,Jamaica - Premier League,0.12,0.38,-9,0.62,0.75,8.33,2.63,10
Molynes Utd,8,1,2,5,7,19,-12,5,Jamaica - Premier League,0.12,0.38,-12,0.62,0.88,8.33,2.63,10
Fagiano Okayama,6,4,2,0,7,1,6,14,Japan - J1 League,0.67,1.0,6,2.33,1.17,1.49,1.0,1
Kashima Antlers,6,4,1,1,13,6,7,13,Japan - J1 League,0.67,0.83,7,2.17,2.17,1.49,1.2,2
S. Hiroshima,6,4,1,1,6,3,3,13,Japan - J1 League,0.67,0.83,3,2.17,1.0,1.49,1.2,2
Avispa Fukuoka,6,3,1,2,7,6,1,10,Japan - J1 League,0.5,0.67,1,1.67,1.17,2.0,1.49,3
Shonan Bellmare,4,3,0,1,6,4,2,9,Japan - J1 League,0.75,0.75,2,2.25,1.5,1.33,1.33,4
Urawa RD,4,3,0,1,5,4,1,9,Japan - J1 League,0.75,0.75,1,2.25,1.25,1.33,1.33,4
Yokohama FC,6,3,0,3,5,4,1,9,Japan - J1 League,0.5,0.5,1,1.5,0.83,2.0,2.0,4
Gamba Osaka,5,3,0,2,7,7,0,9,Japan - J1 League,0.6,0.6,0,1.8,1.4,1.67,1.67,4
Shimizu S-Pulse,5,2,2,1,8,4,4,8,Japan - J1 League,0.4,0.8,4,1.6,1.6,2.5,1.25,5
Kyoto Sanga,5,2,2,1,5,3,2,8,Japan - J1 League,0.4,0.8,2,1.6,1.0,2.5,1.25,5
Cerezo Osaka,5,2,2,1,6,5,1,8,Japan - J1 League,0.4,0.8,1,1.6,1.2,2.5,1.25,5
Kashiwa Reysol,5,2,2,1,5,5,0,8,Japan - J1 League,0.4,0.8,0,1.6,1.0,2.5,1.25,5
K. Frontale,4,2,1,1,9,4,5,7,Japan - J1 League,0.5,0.75,5,1.75,2.25,2.0,1.33,6
Nagoya G.,4,2,1,1,7,5,2,7,Japan - J1 League,0.5,0.75,2,1.75,1.75,2.0,1.33,6
Yokohama M.,6,1,4,1,6,5,1,7,Japan - J1 League,0.17,0.83,1,1.17,1.0,5.88,1.2,6
Vissel Kobe,5,1,2,2,3,4,-1,5,Japan - J1 League,0.2,0.6,-1,1.0,0.6,5.0,1.67,7
FC Tokyo,5,1,2,2,4,6,-2,5,Japan - J1 League,0.2,0.6,-2,1.0,0.8,5.0,1.67,7
Albirex Niigata,5,0,4,1,7,8,-1,4,Japan - J1 League,0.0,0.8,-1,0.8,1.4,0.0,1.25,8
Tokyo Verdy,5,1,1,3,4,6,-2,4,Japan - J1 League,0.2,0.4,-2,0.8,0.8,5.0,2.5,8
Machida Zelvia,5,1,1,3,4,7,-3,4,Japan - J1 League,0.2,0.4,-3,0.8,0.8,5.0,2.5,8
Omiya Ardija,5,4,1,0,9,4,5,13,japan2,0.8,1.0,5,2.6,1.8,1.25,1.0,1
Jubilo Iwata,5,4,1,0,8,4,4,13,japan2,0.8,1.0,4,2.6,1.6,1.25,1.0,1
JEF Utd Chiba,4,4,0,0,12,4,8,12,japan2,1.0,1.0,8,3.0,3.0,1.0,1.0,2
V-V. Nagasaki,5,4,0,1,10,5,5,12,japan2,0.8,0.8,5,2.4,2.0,1.25,1.25,2
Mito Hollyhock,5,3,2,0,11,5,6,11,japan2,0.6,1.0,6,2.2,2.2,1.67,1.0,3
Fujieda MYFC,5,3,0,2,9,8,1,9,japan2,0.6,0.6,1,1.8,1.8,1.67,1.67,4
Sagan Tosu,5,3,0,2,4,5,-1,9,japan2,0.6,0.6,-1,1.8,0.8,1.67,1.67,4
Vegalta Sendai,5,2,2,1,6,4,2,8,japan2,0.4,0.8,2,1.6,1.2,2.5,1.25,5
Kataller Toyama,4,2,1,1,7,4,3,7,japan2,0.5,0.75,3,1.75,1.75,2.0,1.33,6
Oita Trinita,5,1,4,0,4,2,2,7,japan2,0.2,1.0,2,1.4,0.8,5.0,1.0,6
Tokushima V.,3,2,1,0,2,0,2,7,japan2,0.67,1.0,2,2.33,0.67,1.49,1.0,6
Ventforet Kofu,4,2,1,1,6,5,1,7,japan2,0.5,0.75,1,1.75,1.5,2.0,1.33,6
R. Kumamoto,5,2,1,2,7,8,-1,7,japan2,0.4,0.6,-1,1.4,1.4,2.5,1.67,6
FC Imabari,5,1,3,1,6,4,2,6,japan2,0.2,0.8,2,1.2,1.2,5.0,1.25,7
R. Yamaguchi,5,1,3,1,6,5,1,6,japan2,0.2,0.8,1,1.2,1.2,5.0,1.25,7
M. Yamagata,3,1,2,0,4,2,2,5,japan2,0.33,1.0,2,1.67,1.33,3.03,1.0,8
Blaublitz Akita,3,1,0,2,3,5,-2,3,japan2,0.33,0.33,-2,1.0,1.0,3.03,3.03,9
C. Sapporo,3,1,0,2,2,4,-2,3,japan2,0.33,0.33,-2,1.0,0.67,3.03,3.03,9
Iwaki,5,0,2,3,2,6,-4,2,japan2,0.0,0.4,-4,0.4,0.4,0.0,2.5,10
Ehime FC,6,0,1,5,4,9,-5,1,japan2,0.0,0.17,-5,0.17,0.67,0.0,5.88,11
Osaka,5,4,1,0,7,2,5,13,japan3,0.8,1.0,5,2.6,1.4,1.25,1.0,1
G. Kitakyushu,4,4,0,0,6,0,6,12,japan3,1.0,1.0,6,3.0,1.5,1.0,1.0,2
Nara Club,5,3,2,0,10,6,4,11,japan3,0.6,1.0,4,2.2,2.0,1.67,1.0,3
Fukushima Utd,3,3,0,0,8,3,5,9,japan3,1.0,1.0,5,3.0,2.67,1.0,1.0,4
Kagoshima Utd,5,2,2,1,9,6,3,8,japan3,0.4,0.8,3,1.6,1.8,2.5,1.25,5
Tochigi City,4,2,2,0,7,5,2,8,japan3,0.5,1.0,2,2.0,1.75,2.0,1.0,5
T. Miyazaki,5,2,2,1,6,4,2,8,japan3,0.4,0.8,2,1.6,1.2,2.5,1.25,5
Kusatsu,5,2,2,1,4,2,2,8,japan3,0.4,0.8,2,1.6,0.8,2.5,1.25,5
Nagano Parceiro,5,2,1,2,8,8,0,7,japan3,0.4,0.6,0,1.4,1.6,2.5,1.67,6
Kamatamare S.,5,2,1,2,4,4,0,7,japan3,0.4,0.6,0,1.4,0.8,2.5,1.67,6
Tochigi SC,5,2,1,2,4,4,0,7,japan3,0.4,0.6,0,1.4,0.8,2.5,1.67,6
Z. Kanazawa,3,2,0,1,6,4,2,6,japan3,0.67,0.67,2,2.0,2.0,1.49,1.49,7
AC Numazu,5,1,3,1,5,3,2,6,japan3,0.2,0.8,2,1.2,1.0,5.0,1.25,7
FC Ryukyu,4,2,0,2,4,3,1,6,japan3,0.5,0.5,1,1.5,1.0,2.0,2.0,7
SC Sagamihara,5,1,3,1,4,5,-1,6,japan3,0.2,0.8,-1,1.2,0.8,5.0,1.25,7
Gainare Tottori,3,1,2,0,5,2,3,5,japan3,0.33,1.0,3,1.67,1.67,3.03,1.0,8
V. Hachinohe,3,1,1,1,5,5,0,4,japan3,0.33,0.67,0,1.33,1.67,3.03,1.49,9
Gifu,5,1,1,3,4,6,-2,4,japan3,0.2,0.4,-2,0.8,0.8,5.0,2.5,9
Matsumoto Y.,2,1,0,1,2,5,-3,3,japan3,0.5,0.5,-3,1.5,1.0,2.0,2.0,10
Kochi United,5,0,3,2,4,10,-6,3,japan3,0.0,0.6,-6,0.6,0.8,0.0,1.67,10
Al Hussein,8,6,2,0,17,4,13,20,jordan,0.75,1.0,13,2.5,2.12,1.33,1.0,1
Al Wihdat,8,6,2,0,18,8,10,20,jordan,0.75,1.0,10,2.5,2.25,1.33,1.0,1
Al Jazeera,8,6,1,1,18,8,10,19,jordan,0.75,0.88,10,2.38,2.25,1.33,1.14,2
Al Faysali,8,3,5,0,13,8,5,14,jordan,0.38,1.0,5,1.75,1.62,2.63,1.0,3
Al Salt,8,4,1,3,12,9,3,13,jordan,0.5,0.62,3,1.62,1.5,2.0,1.61,4
Shabab Al Ordon,8,4,1,3,14,13,1,13,jordan,0.5,0.62,1,1.62,1.75,2.0,1.61,4
Al Ramtha,8,3,2,3,5,8,-3,11,jordan,0.38,0.62,-3,1.38,0.62,2.63,1.61,5
Al Sareeh,8,2,3,3,7,11,-4,9,jordan,0.25,0.62,-4,1.12,0.88,4.0,1.61,6
Maan,8,2,2,4,10,16,-6,8,jordan,0.25,0.5,-6,1.0,1.25,4.0,2.0,7
Aqaba,8,2,2,4,7,14,-7,8,jordan,0.25,0.5,-7,1.0,0.88,4.0,2.0,7
Al Ahli,8,2,1,5,6,10,-4,7,jordan,0.25,0.38,-4,0.88,0.75,4.0,2.63,8
Moghayer Al S.,8,0,1,7,3,13,-10,1,jordan,0.0,0.12,-10,0.12,0.38,0.0,8.33,9
FC Astana,3,2,1,0,6,2,4,7,kazakhstan,0.67,1.0,4,2.33,2.0,1.49,1.0,1
Kairat Almaty,2,2,0,0,8,0,8,6,kazakhstan,1.0,1.0,8,3.0,4.0,1.0,1.0,2
Yelimay Semey,2,2,0,0,5,0,5,6,kazakhstan,1.0,1.0,5,3.0,2.5,1.0,1.0,2
Aktobe,2,2,0,0,6,2,4,6,kazakhstan,1.0,1.0,4,3.0,3.0,1.0,1.0,2
Tobol,2,1,1,0,3,1,2,4,kazakhstan,0.5,1.0,2,2.0,1.5,2.0,1.0,3
Turan,2,1,0,1,3,2,1,3,kazakhstan,0.5,0.5,1,1.5,1.5,2.0,2.0,4
Okzhetpes,2,1,0,1,2,2,0,3,kazakhstan,0.5,0.5,0,1.5,1.0,2.0,2.0,4
Atyrau,3,1,0,2,3,9,-6,3,kazakhstan,0.33,0.33,-6,1.0,1.0,3.03,3.03,4
Kaisar K.,2,0,2,0,2,2,0,2,kazakhstan,0.0,1.0,0,1.0,1.0,0.0,1.0,5
Ordabasy,2,0,2,0,0,0,0,2,kazakhstan,0.0,1.0,0,1.0,0.0,0.0,1.0,5
Zhetysu,2,0,2,0,0,0,0,2,kazakhstan,0.0,1.0,0,1.0,0.0,0.0,1.0,5
Ulytau,1,0,1,0,1,1,0,1,kazakhstan,0.0,1.0,0,1.0,1.0,0.0,1.0,6
Zhenys,1,0,1,0,0,0,0,1,kazakhstan,0.0,1.0,0,1.0,0.0,0.0,1.0,6
Kyzylzhar,3,0,1,2,3,6,-3,1,kazakhstan,0.0,0.33,-3,0.33,1.0,0.0,3.03,6
Drita,8,8,0,0,19,4,15,24,kosovo,1.0,1.0,15,3.0,2.38,1.0,1.0,1
Malisheva,8,5,2,1,15,8,7,17,kosovo,0.62,0.88,7,2.12,1.88,1.61,1.14,2
Ballkani,8,5,2,1,15,9,6,17,kosovo,0.62,0.88,6,2.12,1.88,1.61,1.14,2
Ferizaj,8,5,2,1,14,8,6,17,kosovo,0.62,0.88,6,2.12,1.75,1.61,1.14,2
Gjilani,8,4,2,2,9,7,2,14,kosovo,0.5,0.75,2,1.75,1.12,2.0,1.33,3
Dukagjini,8,3,4,1,7,5,2,13,kosovo,0.38,0.88,2,1.62,0.88,2.63,1.14,4
Llapi,8,2,5,1,7,5,2,11,kosovo,0.25,0.88,2,1.38,0.88,4.0,1.14,5
Suhareka,8,3,1,4,11,10,1,10,kosovo,0.38,0.5,1,1.25,1.38,2.63,2.0,6
Feronikeli,8,3,1,4,6,12,-6,10,kosovo,0.38,0.5,-6,1.25,0.75,2.63,2.0,6
Prishtina,8,0,7,1,9,10,-1,7,kosovo,0.0,0.88,-1,0.88,1.12,0.0,1.14,7
Al Kuwait,8,8,0,0,27,2,25,24,kuwait,1.0,1.0,25,3.0,3.38,1.0,1.0,1
Al Arabi SC,8,5,3,0,11,5,6,18,kuwait,0.62,1.0,6,2.25,1.38,1.61,1.0,2
Al Qadsia,8,6,0,2,18,13,5,18,kuwait,0.75,0.75,5,2.25,2.25,1.33,1.33,2
Al Fahaheel,8,5,1,2,18,9,9,16,kuwait,0.62,0.75,9,2.0,2.25,1.61,1.33,3
Al Salmiyah,8,4,1,3,15,14,1,13,kuwait,0.5,0.62,1,1.62,1.88,2.0,1.61,4
Al Tadhamon,8,4,1,3,10,14,-4,13,kuwait,0.5,0.62,-4,1.62,1.25,2.0,1.61,4
Kazma,8,3,3,2,10,6,4,12,kuwait,0.38,0.75,4,1.5,1.25,2.63,1.33,5
Khaitan,8,1,4,3,7,11,-4,7,kuwait,0.12,0.62,-4,0.88,0.88,8.33,1.61,6
Al Nasar,8,1,2,5,9,18,-9,5,kuwait,0.12,0.38,-9,0.62,1.12,8.33,2.63,7
Yarmouk,8,0,3,5,6,17,-11,3,kuwait,0.0,0.38,-11,0.38,0.75,0.0,2.63,8
Liepaja,5,3,1,1,11,6,5,10,latvia,0.6,0.8,5,2.0,2.2,1.67,1.25,1
RFS,3,3,0,0,7,1,6,9,latvia,1.0,1.0,6,3.0,2.33,1.0,1.0,2
Auda,4,3,0,1,7,2,5,9,latvia,0.75,0.75,5,2.25,1.75,1.33,1.33,2
FS Jelgava,3,2,1,0,7,3,4,7,latvia,0.67,1.0,4,2.33,2.33,1.49,1.0,3
Daugavpils,4,2,1,1,7,4,3,7,latvia,0.5,0.75,3,1.75,1.75,2.0,1.33,3
Metta,3,2,0,1,4,3,1,6,latvia,0.67,0.67,1,2.0,1.33,1.49,1.49,4
Riga FC,4,1,2,1,6,5,1,5,latvia,0.25,0.75,1,1.25,1.5,4.0,1.33,5
Super Nova,2,1,1,0,5,1,4,4,latvia,0.5,1.0,4,2.0,2.5,2.0,1.0,6
Tukums,3,1,1,1,4,5,-1,4,latvia,0.33,0.67,-1,1.33,1.33,3.03,1.49,6
Grobina,4,1,1,2,7,11,-4,4,latvia,0.25,0.5,-4,1.0,1.75,4.0,2.0,6
Hegelmann L.,4,4,0,0,8,4,4,12,lithuania,1.0,1.0,4,3.0,2.0,1.0,1.0,1
Suduva,3,3,0,0,3,0,3,9,lithuania,1.0,1.0,3,3.0,1.0,1.0,1.0,2
Zalgiris,4,2,2,0,6,2,4,8,lithuania,0.5,1.0,4,2.0,1.5,2.0,1.0,3
Riteriai,4,1,2,1,9,8,1,5,lithuania,0.25,0.75,1,1.25,2.25,4.0,1.33,4
Siauliai,4,1,2,1,8,7,1,5,lithuania,0.25,0.75,1,1.25,2.0,4.0,1.33,4
Kauno Zalgiris,3,1,1,1,4,3,1,4,lithuania,0.33,0.67,1,1.33,1.33,3.03,1.49,5
Panevezys,4,1,1,2,4,5,-1,4,lithuania,0.25,0.5,-1,1.0,1.0,4.0,2.0,5
Banga,4,1,0,3,4,6,-2,3,lithuania,0.25,0.25,-2,0.75,1.0,4.0,4.0,6
Dziugas Telsiai,1,0,0,1,0,2,-2,0,lithuania,0.0,0.0,-2,0.0,0.0,0.0,0.0,7
Dainava,4,0,0,4,2,9,-7,0,lithuania,0.0,0.0,-7,0.0,0.5,0.0,0.0,7
TransINVEST,3,3,0,0,8,0,8,9,lithuania2,1.0,1.0,8,3.0,2.67,1.0,1.0,1
Tauras,2,2,0,0,9,0,9,6,lithuania2,1.0,1.0,9,3.0,4.5,1.0,1.0,2
Neptuna K.,2,2,0,0,7,1,6,6,lithuania2,1.0,1.0,6,3.0,3.5,1.0,1.0,2
Kauno Z. B,2,2,0,0,2,0,2,6,lithuania2,1.0,1.0,2,3.0,1.0,1.0,1.0,2
BFA Vilnius,1,1,0,0,2,0,2,3,lithuania2,1.0,1.0,2,3.0,2.0,1.0,1.0,3
Panevezys B,2,1,0,1,2,3,-1,3,lithuania2,0.5,0.5,-1,1.5,1.0,2.0,2.0,3
Atmosfera,2,1,0,1,2,4,-2,3,lithuania2,0.5,0.5,-2,1.5,1.0,2.0,2.0,3
Babrungas,2,1,0,1,3,6,-3,3,lithuania2,0.5,0.5,-3,1.5,1.5,2.0,2.0,3
Minija,2,1,0,1,2,5,-3,3,lithuania2,0.5,0.5,-3,1.5,1.0,2.0,2.0,3
Be1 NFA,3,0,2,1,2,3,-1,2,lithuania2,0.0,0.67,-1,0.67,0.67,0.0,1.49,4
Hegelmann B,2,0,1,1,2,3,-1,1,lithuania2,0.0,0.5,-1,0.5,1.0,0.0,2.0,5
Siauliai B,2,0,1,1,1,2,-1,1,lithuania2,0.0,0.5,-1,0.5,0.5,0.0,2.0,5
Nevezis,2,0,1,1,3,5,-2,1,lithuania2,0.0,0.5,-2,0.5,1.5,0.0,2.0,5
Zalgiris B,2,0,1,1,2,4,-2,1,lithuania2,0.0,0.5,-2,0.5,1.0,0.0,2.0,5
Jonava,1,0,0,1,0,1,-1,0,lithuania2,0.0,0.0,-1,0.0,0.0,0.0,0.0,6
Ekranas,2,0,0,2,1,4,-3,0,lithuania2,0.0,0.0,-3,0.0,0.5,0.0,0.0,6
Differdange,8,8,0,0,22,1,21,24,luxembourg,1.0,1.0,21,3.0,2.75,1.0,1.0,1
Hesperange,8,5,2,1,10,3,7,17,luxembourg,0.62,0.88,7,2.12,1.25,1.61,1.14,2
UNA Strassen,8,5,1,2,21,7,14,16,luxembourg,0.62,0.75,14,2.0,2.62,1.61,1.33,3
Dudelange,8,5,1,2,16,9,7,16,luxembourg,0.62,0.75,7,2.0,2.0,1.61,1.33,3
Jeunesse Esch,8,5,1,2,20,15,5,16,luxembourg,0.62,0.75,5,2.0,2.5,1.61,1.33,3
Racing,8,5,1,2,14,9,5,16,luxembourg,0.62,0.75,5,2.0,1.75,1.61,1.33,3
Niedercorn,8,4,3,1,11,8,3,15,luxembourg,0.5,0.88,3,1.88,1.38,2.0,1.14,4
Wiltz,8,4,1,3,13,11,2,13,luxembourg,0.5,0.62,2,1.62,1.62,2.0,1.61,5
Mondorf,8,3,2,3,11,10,1,11,luxembourg,0.38,0.62,1,1.38,1.38,2.63,1.61,6
Hostert,8,3,2,3,13,17,-4,11,luxembourg,0.38,0.62,-4,1.38,1.62,2.63,1.61,6
Petange,8,2,4,2,6,5,1,10,luxembourg,0.25,0.75,1,1.25,0.75,4.0,1.33,7
Rodange,8,2,2,4,11,17,-6,8,luxembourg,0.25,0.5,-6,1.0,1.38,4.0,2.0,8
V. Rosport,8,1,4,3,5,10,-5,7,luxembourg,0.12,0.62,-5,0.88,0.62,8.33,1.61,9
Mondercange,8,1,2,5,5,15,-10,5,luxembourg,0.12,0.38,-10,0.62,0.62,8.33,2.63,10
Fola Esch,8,1,1,6,2,18,-16,4,luxembourg,0.12,0.25,-16,0.5,0.25,8.33,4.0,11
Bettembourg,8,1,0,7,7,20,-13,3,luxembourg,0.12,0.12,-13,0.38,0.88,8.33,8.33,12
Johor Darul,8,8,0,0,35,1,34,24,malaysia,1.0,1.0,34,3.0,4.38,1.0,1.0,1
Selangor,8,6,1,1,14,4,10,19,malaysia,0.75,0.88,10,2.38,1.75,1.33,1.14,2
Kuala Lumpur,8,5,1,2,17,8,9,16,malaysia,0.62,0.75,9,2.0,2.12,1.61,1.33,3
Sabah,8,4,3,1,17,9,8,15,malaysia,0.5,0.88,8,1.88,2.12,2.0,1.14,4
Kuching,8,4,2,2,12,8,4,14,malaysia,0.5,0.75,4,1.75,1.5,2.0,1.33,5
PDRM,8,4,2,2,12,8,4,14,malaysia,0.5,0.75,4,1.75,1.5,2.0,1.33,5
Kedah,8,2,3,3,9,14,-5,9,malaysia,0.25,0.62,-5,1.12,1.12,4.0,1.61,6
Pulau Pinang,8,2,3,3,8,13,-5,9,malaysia,0.25,0.62,-5,1.12,1.0,4.0,1.61,6
Pahang,8,2,1,5,16,18,-2,7,malaysia,0.25,0.38,-2,0.88,2.0,4.0,2.63,7
Terengganu,8,1,4,3,8,10,-2,7,malaysia,0.12,0.62,-2,0.88,1.0,8.33,1.61,7
Perak,8,1,3,4,13,15,-2,6,malaysia,0.12,0.5,-2,0.75,1.62,8.33,2.0,8
Negeri Sembilan,8,2,0,6,7,18,-11,6,malaysia,0.25,0.25,-11,0.75,0.88,4.0,4.0,8
Kelantan United,8,0,1,7,5,25,-20,1,malaysia,0.0,0.12,-20,0.12,0.62,0.0,8.33,9
Mosta,8,6,1,1,13,6,7,19,malta,0.75,0.88,7,2.38,1.62,1.33,1.14,1
Floriana,8,4,3,1,11,6,5,15,malta,0.5,0.88,5,1.88,1.38,2.0,1.14,2
Marsaxlokk,8,3,4,1,13,14,-1,13,malta,0.38,0.88,-1,1.62,1.62,2.63,1.14,3
Birkirkara,8,3,3,2,13,9,4,12,malta,0.38,0.75,4,1.5,1.62,2.63,1.33,4
Sliema,8,3,1,4,13,10,3,10,malta,0.38,0.5,3,1.25,1.62,2.63,2.0,5
Hibernians,8,3,1,4,9,14,-5,10,malta,0.38,0.5,-5,1.25,1.12,2.63,2.0,5
Zabbar,8,3,0,5,10,12,-2,9,malta,0.38,0.38,-2,1.12,1.25,2.63,2.63,6
Naxxar Lions,8,2,3,3,5,12,-7,9,malta,0.25,0.62,-7,1.12,0.62,4.0,1.61,6
Balzan,8,2,2,4,9,13,-4,8,malta,0.25,0.5,-4,1.0,1.12,4.0,2.0,7
Gzira Utd,8,2,2,4,6,13,-7,8,malta,0.25,0.5,-7,1.0,0.75,4.0,2.0,7
Hamrun Spartans,8,2,1,5,9,9,0,7,malta,0.25,0.38,0,0.88,1.12,4.0,2.63,8
Melita,8,2,1,5,11,19,-8,7,malta,0.25,0.38,-8,0.88,1.38,4.0,2.63,8
A. San Luis,8,7,1,0,18,5,13,22,mexico,0.88,1.0,13,2.75,2.25,1.14,1.0,1
Toluca,8,6,2,0,25,5,20,20,mexico,0.75,1.0,20,2.5,3.12,1.33,1.0,2
Cruz Azul,8,6,2,0,19,3,16,20,mexico,0.75,1.0,16,2.5,2.38,1.33,1.0,2
Tigres,8,6,2,0,11,5,6,20,mexico,0.75,1.0,6,2.5,1.38,1.33,1.0,2
CF America,8,6,0,2,14,5,9,18,mexico,0.75,0.75,9,2.25,1.75,1.33,1.33,3
Pumas UNAM,8,6,0,2,14,6,8,18,mexico,0.75,0.75,8,2.25,1.75,1.33,1.33,3
Monterrey,8,5,2,1,16,8,8,17,mexico,0.62,0.88,8,2.12,2.0,1.61,1.14,4
Tijuana,8,5,2,1,14,11,3,17,mexico,0.62,0.88,3,2.12,1.75,1.61,1.14,4
Guadalajara,8,4,2,2,15,7,8,14,mexico,0.5,0.75,8,1.75,1.88,2.0,1.33,5
Atlas,8,3,4,1,8,5,3,13,mexico,0.38,0.88,3,1.62,1.0,2.63,1.14,6
Club Leon,8,2,5,1,9,5,4,11,mexico,0.25,0.88,4,1.38,1.12,4.0,1.14,7
Mazatlan,8,2,4,2,10,11,-1,10,mexico,0.25,0.75,-1,1.25,1.25,4.0,1.33,8
Necaxa,8,2,3,3,9,8,1,9,mexico,0.25,0.62,1,1.12,1.12,4.0,1.61,9
Pachuca,8,2,2,4,13,13,0,8,mexico,0.25,0.5,0,1.0,1.62,4.0,2.0,10
Santos Laguna,8,2,2,4,6,12,-6,8,mexico,0.25,0.5,-6,1.0,0.75,4.0,2.0,10
Puebla,8,2,1,5,12,15,-3,7,mexico,0.25,0.38,-3,0.88,1.5,4.0,2.63,11
Queretaro,8,2,1,5,6,11,-5,7,mexico,0.25,0.38,-5,0.88,0.75,4.0,2.63,11
Juarez,8,1,2,5,10,15,-5,5,mexico,0.12,0.38,-5,0.62,1.25,8.33,2.63,12
Tigres,8,7,0,1,16,5,11,21,mexico2,0.88,0.88,11,2.62,2.0,1.14,1.14,1
Toluca,7,6,1,0,19,7,12,19,mexico2,0.86,1.0,12,2.71,2.71,1.16,1.0,2
Cruz Azul,8,5,3,0,14,7,7,18,mexico2,0.62,1.0,7,2.25,1.75,1.61,1.0,3
Monterrey,8,5,1,2,16,10,6,16,mexico2,0.62,0.75,6,2.0,2.0,1.61,1.33,4
Club Leon,7,5,1,1,11,7,4,16,mexico2,0.71,0.86,4,2.29,1.57,1.41,1.16,4
CF America,8,4,3,1,17,5,12,15,mexico2,0.5,0.88,12,1.88,2.12,2.0,1.14,5
Pachuca,8,4,3,1,11,6,5,15,mexico2,0.5,0.88,5,1.88,1.38,2.0,1.14,5
Guadalajara,8,4,3,1,8,5,3,15,mexico2,0.5,0.88,3,1.88,1.0,2.0,1.14,5
Necaxa,8,5,0,3,18,16,2,15,mexico2,0.62,0.62,2,1.88,2.25,1.61,1.61,5
Juarez,8,4,3,1,11,10,1,15,mexico2,0.5,0.88,1,1.88,1.38,2.0,1.14,5
Queretaro,8,4,1,3,11,10,1,13,mexico2,0.5,0.62,1,1.62,1.38,2.0,1.61,6
Mazatlan,8,3,3,2,10,10,0,12,mexico2,0.38,0.75,0,1.5,1.25,2.63,1.33,7
Tijuana,8,3,0,5,17,19,-2,9,mexico2,0.38,0.38,-2,1.12,2.12,2.63,2.63,8
Pumas UNAM,8,2,3,3,5,7,-2,9,mexico2,0.25,0.62,-2,1.12,0.62,4.0,1.61,8
A. San Luis,8,3,0,5,10,14,-4,9,mexico2,0.38,0.38,-4,1.12,1.25,2.63,2.63,8
Atlas,8,2,2,4,14,19,-5,8,mexico2,0.25,0.5,-5,1.0,1.75,4.0,2.0,9
Santos Laguna,7,2,0,5,8,13,-5,6,mexico2,0.29,0.29,-5,0.86,1.14,3.45,3.45,10
Puebla,7,1,1,5,5,11,-6,4,mexico2,0.14,0.29,-6,0.57,0.71,7.14,3.45,11
Buducnost,8,6,1,1,22,8,14,19,montenegro,0.75,0.88,14,2.38,2.75,1.33,1.14,1
Petrovac,8,4,3,1,13,11,2,15,montenegro,0.5,0.88,2,1.88,1.62,2.0,1.14,2
Arsenal Tivat,8,4,1,3,11,10,1,13,montenegro,0.5,0.62,1,1.62,1.38,2.0,1.61,3
Decic,8,3,3,2,9,4,5,12,montenegro,0.38,0.75,5,1.5,1.12,2.63,1.33,4
Sutjeska,8,3,3,2,10,9,1,12,montenegro,0.38,0.75,1,1.5,1.25,2.63,1.33,4
Mornar Bar,8,3,3,2,8,7,1,12,montenegro,0.38,0.75,1,1.5,1.0,2.63,1.33,4
Otrant,8,4,0,4,11,11,0,12,montenegro,0.5,0.5,0,1.5,1.38,2.0,2.0,4
Jezero,8,3,2,3,11,10,1,11,montenegro,0.38,0.62,1,1.38,1.38,2.63,1.61,5
Jedinstvo,8,3,2,3,9,9,0,11,montenegro,0.38,0.62,0,1.38,1.12,2.63,1.61,5
Bokelj,8,2,1,5,6,13,-7,7,montenegro,0.25,0.38,-7,0.88,0.75,4.0,2.63,6
FUS Rabat,8,6,1,1,21,9,12,19,morocco,0.75,0.88,12,2.38,2.62,1.33,1.14,1
Berkane,8,5,3,0,13,3,10,18,morocco,0.62,1.0,10,2.25,1.62,1.61,1.0,2
FAR Rabat,8,5,3,0,14,7,7,18,morocco,0.62,1.0,7,2.25,1.75,1.61,1.0,2
Olympic Safi,8,4,4,0,8,3,5,16,morocco,0.5,1.0,5,2.0,1.0,2.0,1.0,3
Wydad,8,4,3,1,12,8,4,15,morocco,0.5,0.88,4,1.88,1.5,2.0,1.14,4
Ittihad Tanger,8,4,3,1,11,8,3,15,morocco,0.5,0.88,3,1.88,1.38,2.0,1.14,4
Meknes,8,4,3,1,8,5,3,15,morocco,0.5,0.88,3,1.88,1.0,2.0,1.14,4
Raja Casablanca,8,3,5,0,11,5,6,14,morocco,0.38,1.0,6,1.75,1.38,2.63,1.0,5
R. Zemamra,8,4,2,2,11,6,5,14,morocco,0.5,0.75,5,1.75,1.38,2.0,1.33,5
Difaa El Jadida,8,4,2,2,8,8,0,14,morocco,0.5,0.75,0,1.75,1.0,2.0,1.33,5
Union Touarga,8,4,1,3,10,9,1,13,morocco,0.5,0.62,1,1.62,1.25,2.0,1.61,6
Maghreb de Fes,8,4,1,3,7,7,0,13,morocco,0.5,0.62,0,1.62,0.88,2.0,1.61,6
Hassania Agadir,8,3,3,2,12,10,2,12,morocco,0.38,0.75,2,1.5,1.5,2.63,1.33,7
JS Sousalem,8,2,2,4,6,10,-4,8,morocco,0.25,0.5,-4,1.0,0.75,4.0,2.0,8
Moghreb Tetouan,8,1,2,5,6,13,-7,5,morocco,0.12,0.38,-7,0.62,0.75,8.33,2.63,9
C. Mohammedia,8,0,0,8,2,23,-21,0,morocco,0.0,0.0,-21,0.0,0.25,0.0,0.0,10
Shan Utd,8,8,0,0,23,1,22,24,myanmar,1.0,1.0,22,3.0,2.88,1.0,1.0,1
Yangon Utd,8,5,2,1,16,7,9,17,myanmar,0.62,0.88,9,2.12,2.0,1.61,1.14,2
Sagaing Utd,8,5,1,2,20,13,7,16,myanmar,0.62,0.75,7,2.0,2.5,1.61,1.33,3
Hantharwady,8,4,2,2,13,12,1,14,myanmar,0.5,0.75,1,1.75,1.62,2.0,1.33,4
Yadanarbon,8,3,3,2,16,14,2,12,myanmar,0.38,0.75,2,1.5,2.0,2.63,1.33,5
Dagon,8,3,3,2,7,7,0,12,myanmar,0.38,0.75,0,1.5,0.88,2.63,1.33,5
Ispe FC,8,3,2,3,12,15,-3,11,myanmar,0.38,0.62,-3,1.38,1.5,2.63,1.61,6
Thitsar Arman,8,2,2,4,14,19,-5,8,myanmar,0.25,0.5,-5,1.0,1.75,4.0,2.0,7
Rakhine Utd,8,1,3,4,7,21,-14,6,myanmar,0.12,0.5,-14,0.75,0.88,8.33,2.0,8
Myawady,8,1,1,6,12,22,-10,4,myanmar,0.12,0.25,-10,0.5,1.5,8.33,4.0,9
Dagon Port,8,1,1,6,9,21,-12,4,myanmar,0.12,0.25,-12,0.5,1.12,8.33,4.0,9
Ayeyawady,8,1,0,7,5,14,-9,3,myanmar,0.12,0.12,-9,0.38,0.62,8.33,8.33,10
Ajax Amsterdam,8,6,2,0,20,7,13,20,netherlands,0.75,1.0,13,2.5,2.5,1.33,1.0,1
Go Ahead Eagles,8,6,2,0,18,8,10,20,netherlands,0.75,1.0,10,2.5,2.25,1.33,1.0,1
FC Twente,8,6,1,1,19,11,8,19,netherlands,0.75,0.88,8,2.38,2.38,1.33,1.14,2
Feyenoord,8,5,2,1,19,9,10,17,netherlands,0.62,0.88,10,2.12,2.38,1.61,1.14,3
Heracles Almelo,8,4,4,0,16,10,6,16,netherlands,0.5,1.0,6,2.0,2.0,2.0,1.0,4
AZ Alkmaar,8,5,1,2,10,6,4,16,netherlands,0.62,0.75,4,2.0,1.25,1.61,1.33,4
PSV Eindhoven,8,4,3,1,18,10,8,15,netherlands,0.5,0.88,8,1.88,2.25,2.0,1.14,5
FC Groningen,8,4,3,1,8,5,3,15,netherlands,0.5,0.88,3,1.88,1.0,2.0,1.14,5
Sparta,8,4,2,2,12,7,5,14,netherlands,0.5,0.75,5,1.75,1.5,2.0,1.33,6
Heerenveen,8,3,4,1,14,11,3,13,netherlands,0.38,0.88,3,1.62,1.75,2.63,1.14,7
FC Utrecht,8,3,2,3,11,11,0,11,netherlands,0.38,0.62,0,1.38,1.38,2.63,1.61,8
NEC Nijmegen,8,2,4,2,18,16,2,10,netherlands,0.25,0.75,2,1.25,2.25,4.0,1.33,9
PEC Zwolle,8,2,3,3,10,9,1,9,netherlands,0.25,0.62,1,1.12,1.25,4.0,1.61,10
RKC Waalwijk,8,2,2,4,11,12,-1,8,netherlands,0.25,0.5,-1,1.0,1.38,4.0,2.0,11
NAC Breda,8,1,5,2,9,11,-2,8,netherlands,0.12,0.75,-2,1.0,1.12,8.33,1.33,11
Fortuna Sittard,8,2,0,6,6,18,-12,6,netherlands,0.25,0.25,-12,0.75,0.75,4.0,4.0,12
Almere City,8,1,2,5,9,17,-8,5,netherlands,0.12,0.38,-8,0.62,1.12,8.33,2.63,13
Willem II,8,1,1,6,10,16,-6,4,netherlands,0.12,0.25,-6,0.5,1.25,8.33,4.0,14
FC Volendam,8,7,0,1,24,6,18,21,netherlands2,0.88,0.88,18,2.62,3.0,1.14,1.14,1
ADO Den Haag,8,7,0,1,13,7,6,21,netherlands2,0.88,0.88,6,2.62,1.62,1.14,1.14,1
Telstar,8,6,1,1,21,5,16,19,netherlands2,0.75,0.88,16,2.38,2.62,1.33,1.14,2
Cambuur,8,6,1,1,16,7,9,19,netherlands2,0.75,0.88,9,2.38,2.0,1.33,1.14,2
FC Dordrecht,8,5,3,0,21,6,15,18,netherlands2,0.62,1.0,15,2.25,2.62,1.61,1.0,3
Excelsior,8,5,2,1,13,6,7,17,netherlands2,0.62,0.88,7,2.12,1.62,1.61,1.14,4
De Graafschap,8,5,1,2,15,6,9,16,netherlands2,0.62,0.75,9,2.0,1.88,1.61,1.33,5
FC Den Bosch,8,4,2,2,12,7,5,14,netherlands2,0.5,0.75,5,1.75,1.5,2.0,1.33,6
Roda JC,8,4,2,2,13,11,2,14,netherlands2,0.5,0.75,2,1.75,1.62,2.0,1.33,6
VVV,8,3,4,1,10,7,3,13,netherlands2,0.38,0.88,3,1.62,1.25,2.63,1.14,7
Vitesse Arnhem,8,4,1,3,10,11,-1,13,netherlands2,0.5,0.62,-1,1.62,1.25,2.0,1.61,7
MVV Maastricht,8,4,0,4,18,12,6,12,netherlands2,0.5,0.5,6,1.5,2.25,2.0,2.0,8
Jong AZ,8,3,3,2,15,9,6,12,netherlands2,0.38,0.75,6,1.5,1.88,2.63,1.33,8
Helmond Sport,8,3,3,2,13,7,6,12,netherlands2,0.38,0.75,6,1.5,1.62,2.63,1.33,8
FC Eindhoven,8,3,2,3,16,14,2,11,netherlands2,0.38,0.62,2,1.38,2.0,2.63,1.61,9
Jong Ajax,8,3,2,3,12,11,1,11,netherlands2,0.38,0.62,1,1.38,1.5,2.63,1.61,9
FC Emmen,8,3,1,4,12,11,1,10,netherlands2,0.38,0.5,1,1.25,1.5,2.63,2.0,10
TOP Oss,8,3,1,4,6,13,-7,10,netherlands2,0.38,0.5,-7,1.25,0.75,2.63,2.0,10
Jong PSV,8,2,1,5,17,22,-5,7,netherlands2,0.25,0.38,-5,0.88,2.12,4.0,2.63,11
Jong Utrecht,8,1,4,3,7,12,-5,7,netherlands2,0.12,0.62,-5,0.88,0.88,8.33,1.61,11
Diriangen,8,7,0,1,26,5,21,21,nicaragua,0.88,0.88,21,2.62,3.25,1.14,1.14,1
Matagalpa,8,5,3,0,20,8,12,18,nicaragua,0.62,1.0,12,2.25,2.5,1.61,1.0,2
Walter Ferreti,8,4,3,1,12,7,5,15,nicaragua,0.5,0.88,5,1.88,1.5,2.0,1.14,3
Real Esteli,8,3,5,0,15,4,11,14,nicaragua,0.38,1.0,11,1.75,1.88,2.63,1.0,4
Export Sebaco,8,4,2,2,15,7,8,14,nicaragua,0.5,0.75,8,1.75,1.88,2.0,1.33,4
Jalapa,8,3,3,2,8,5,3,12,nicaragua,0.38,0.75,3,1.5,1.0,2.63,1.33,5
Managua FC,8,4,0,4,13,11,2,12,nicaragua,0.5,0.5,2,1.5,1.62,2.0,2.0,5
UNAN Managua,8,3,3,2,9,12,-3,12,nicaragua,0.38,0.75,-3,1.5,1.12,2.63,1.33,5
D. Ocotal,8,3,0,5,9,14,-5,9,nicaragua,0.38,0.38,-5,1.12,1.12,2.63,2.63,6
Rancho Santana,8,2,2,4,9,17,-8,8,nicaragua,0.25,0.5,-8,1.0,1.12,4.0,2.0,7
Managua FC,8,7,1,0,15,2,13,22,nicaragua2,0.88,1.0,13,2.75,1.88,1.14,1.0,1
Real Esteli,8,6,1,1,18,5,13,19,nicaragua2,0.75,0.88,13,2.38,2.25,1.33,1.14,2
Diriangen,8,5,0,3,16,11,5,15,nicaragua2,0.62,0.62,5,1.88,2.0,1.61,1.61,3
Matagalpa,8,4,2,2,20,14,6,14,nicaragua2,0.5,0.75,6,1.75,2.5,2.0,1.33,4
UNAN Managua,7,4,1,2,11,8,3,13,nicaragua2,0.57,0.71,3,1.86,1.57,1.75,1.41,5
Rancho Santana,8,3,3,2,12,10,2,12,nicaragua2,0.38,0.75,2,1.5,1.5,2.63,1.33,6
CS Sebaco,8,3,3,2,8,8,0,12,nicaragua2,0.38,0.75,0,1.5,1.0,2.63,1.33,6
Walter Ferreti,7,3,2,2,11,5,6,11,nicaragua2,0.43,0.71,6,1.57,1.57,2.33,1.41,7
D. Ocotal,8,3,2,3,11,10,1,11,nicaragua2,0.38,0.62,1,1.38,1.38,2.63,1.61,7
Jalapa,8,2,4,2,7,5,2,10,nicaragua2,0.25,0.75,2,1.25,0.88,4.0,1.33,8
Linfield,8,7,0,1,12,4,8,21,northernireland,0.88,0.88,8,2.62,1.5,1.14,1.14,1
Cliftonville,8,5,1,2,17,6,11,16,northernireland,0.62,0.75,11,2.0,2.12,1.61,1.33,2
Portadown,8,5,1,2,9,6,3,16,northernireland,0.62,0.75,3,2.0,1.12,1.61,1.33,2
Glenavon,8,4,1,3,13,9,4,13,northernireland,0.5,0.62,4,1.62,1.62,2.0,1.61,3
Glentoran,8,3,3,2,8,8,0,12,northernireland,0.38,0.75,0,1.5,1.0,2.63,1.33,4
Larne,8,2,4,2,7,6,1,10,northernireland,0.25,0.75,1,1.25,0.88,4.0,1.33,5
Crusaders,8,3,1,4,12,17,-5,10,northernireland,0.38,0.5,-5,1.25,1.5,2.63,2.0,5
Coleraine,8,2,3,3,9,10,-1,9,northernireland,0.25,0.62,-1,1.12,1.12,4.0,1.61,6
Carrick Rangers,8,1,5,2,2,3,-1,8,northernireland,0.12,0.75,-1,1.0,0.25,8.33,1.33,7
Ballymena Utd,8,2,2,4,8,10,-2,8,northernireland,0.25,0.5,-2,1.0,1.0,4.0,2.0,7
Dungannon,8,2,1,5,8,14,-6,7,northernireland,0.25,0.38,-6,0.88,1.0,4.0,2.63,8
Loughgall,8,1,0,7,7,17,-10,3,northernireland,0.12,0.12,-10,0.38,0.88,8.33,8.33,9
HW Welders,8,7,0,1,21,4,17,21,northernireland2,0.88,0.88,17,2.62,2.62,1.14,1.14,1
Ballinamallard,8,5,2,1,15,7,8,17,northernireland2,0.62,0.88,8,2.12,1.88,1.61,1.14,2
Annagh Utd,8,5,1,2,18,10,8,16,northernireland2,0.62,0.75,8,2.0,2.25,1.61,1.33,3
Limavady,8,4,3,1,13,6,7,15,northernireland2,0.5,0.88,7,1.88,1.62,2.0,1.14,4
Bangor,8,4,2,2,18,10,8,14,northernireland2,0.5,0.75,8,1.75,2.25,2.0,1.33,5
Newington,8,4,1,3,12,10,2,13,northernireland2,0.5,0.62,2,1.62,1.5,2.0,1.61,6
Newry City,8,3,3,2,11,8,3,12,northernireland2,0.38,0.75,3,1.5,1.38,2.63,1.33,7
Ards,8,3,3,2,14,13,1,12,northernireland2,0.38,0.75,1,1.5,1.75,2.63,1.33,7
Institute,8,2,4,2,12,15,-3,10,northernireland2,0.25,0.75,-3,1.25,1.5,4.0,1.33,8
Dundela,8,2,1,5,12,17,-5,7,northernireland2,0.25,0.38,-5,0.88,1.5,4.0,2.63,9
Ballyclare,8,1,4,3,10,17,-7,7,northernireland2,0.12,0.62,-7,0.88,1.25,8.33,1.61,9
Armagh City,8,1,3,4,13,22,-9,6,northernireland2,0.12,0.5,-9,0.75,1.62,8.33,2.0,10
Shkendija,8,7,1,0,18,6,12,22,northmacedonia,0.88,1.0,12,2.75,2.25,1.14,1.0,1
Struga,8,6,1,1,12,4,8,19,northmacedonia,0.75,0.88,8,2.38,1.5,1.33,1.14,2
Sileks,8,5,3,0,17,5,12,18,northmacedonia,0.62,1.0,12,2.25,2.12,1.61,1.0,3
Rabotnicki,8,5,1,2,10,4,6,16,northmacedonia,0.62,0.75,6,2.0,1.25,1.61,1.33,4
Gostivar,8,4,3,1,11,5,6,15,northmacedonia,0.5,0.88,6,1.88,1.38,2.0,1.14,5
Voska Sport,8,3,3,2,10,6,4,12,northmacedonia,0.38,0.75,4,1.5,1.25,2.63,1.33,6
Pelister,8,3,2,3,5,6,-1,11,northmacedonia,0.38,0.62,-1,1.38,0.62,2.63,1.61,7
Shkupi,8,3,1,4,10,9,1,10,northmacedonia,0.38,0.5,1,1.25,1.25,2.63,2.0,8
Tikves,8,3,1,4,6,7,-1,10,northmacedonia,0.38,0.5,-1,1.25,0.75,2.63,2.0,8
Besa,8,3,1,4,8,13,-5,10,northmacedonia,0.38,0.5,-5,1.25,1.0,2.63,2.0,8
Vardar,8,1,4,3,8,11,-3,7,northmacedonia,0.12,0.62,-3,0.88,1.0,8.33,1.61,9
Brera Strumica,8,0,2,6,4,13,-9,2,northmacedonia,0.0,0.25,-9,0.25,0.5,0.0,4.0,10
Fredrikstad,2,2,0,0,5,0,5,6,norway,1.0,1.0,5,3.0,2.5,1.0,1.0,1
Viking,2,2,0,0,6,2,4,6,norway,1.0,1.0,4,3.0,3.0,1.0,1.0,1
Brann,2,2,0,0,5,2,3,6,norway,1.0,1.0,3,3.0,2.5,1.0,1.0,1
Bodo.Glimt,1,1,0,0,3,0,3,3,norway,1.0,1.0,3,3.0,3.0,1.0,1.0,2
Sandefjord,1,1,0,0,3,0,3,3,norway,1.0,1.0,3,3.0,3.0,1.0,1.0,2
KFUM Oslo,1,1,0,0,3,1,2,3,norway,1.0,1.0,2,3.0,3.0,1.0,1.0,2
Valerenga,1,1,0,0,3,1,2,3,norway,1.0,1.0,2,3.0,3.0,1.0,1.0,2
HamKam,1,1,0,0,2,1,1,3,norway,1.0,1.0,1,3.0,2.0,1.0,1.0,2
Kristiansund,1,1,0,0,2,1,1,3,norway,1.0,1.0,1,3.0,2.0,1.0,1.0,2
Rosenborg,1,1,0,0,1,0,1,3,norway,1.0,1.0,1,3.0,1.0,1.0,1.0,2
Tromso,1,1,0,0,1,0,1,3,norway,1.0,1.0,1,3.0,1.0,1.0,1.0,2
Sarpsborg 08,1,0,1,0,1,1,0,1,norway,0.0,1.0,0,1.0,1.0,0.0,1.0,3
Stromsgodset,1,0,0,1,1,2,-1,0,norway,0.0,0.0,-1,0.0,1.0,0.0,0.0,4
Bryne,1,0,0,1,0,1,-1,0,norway,0.0,0.0,-1,0.0,0.0,0.0,0.0,4
Molde,1,0,0,1,0,2,-2,0,norway,0.0,0.0,-2,0.0,0.0,0.0,0.0,4
Haugesund,1,0,0,1,0,5,-5,0,norway,0.0,0.0,-5,0.0,0.0,0.0,0.0,4
Moss,1,1,0,0,2,0,2,3,norway2,1.0,1.0,2,3.0,2.0,1.0,1.0,1
Egersund,1,1,0,0,3,2,1,3,norway2,1.0,1.0,1,3.0,3.0,1.0,1.0,1
Raufoss,1,1,0,0,3,2,1,3,norway2,1.0,1.0,1,3.0,3.0,1.0,1.0,1
Odd,1,1,0,0,2,1,1,3,norway2,1.0,1.0,1,3.0,2.0,1.0,1.0,1
Start,1,1,0,0,2,1,1,3,norway2,1.0,1.0,1,3.0,2.0,1.0,1.0,1
Lillestrom,1,1,0,0,1,0,1,3,norway2,1.0,1.0,1,3.0,1.0,1.0,1.0,1
Aalesund,1,0,1,0,2,2,0,1,norway2,0.0,1.0,0,1.0,2.0,0.0,1.0,2
Kongsvinger,1,0,1,0,1,1,0,1,norway2,0.0,1.0,0,1.0,1.0,0.0,1.0,2
Mjondalen,1,0,1,0,1,1,0,1,norway2,0.0,1.0,0,1.0,1.0,0.0,1.0,2
Stabaek,1,0,1,0,1,1,0,1,norway2,0.0,1.0,0,1.0,1.0,0.0,1.0,2
Sogndal,1,0,0,1,3,4,-1,0,norway2,0.0,0.0,-1,0.0,3.0,0.0,0.0,3
Lyn,1,0,0,1,0,1,-1,0,norway2,0.0,0.0,-1,0.0,0.0,0.0,0.0,3
Skeid,1,0,0,1,1,3,-2,0,norway2,0.0,0.0,-2,0.0,1.0,0.0,0.0,3
Asane,1,0,0,1,0,2,-2,0,norway2,0.0,0.0,-2,0.0,0.0,0.0,0.0,3
Hodd,1,0,0,1,0,2,-2,0,norway2,0.0,0.0,-2,0.0,0.0,0.0,0.0,3
Ranheim,1,0,0,1,0,3,-3,0,norway2,0.0,0.0,-3,0.0,0.0,0.0,0.0,3
Sotra,1,1,0,0,6,1,5,3,norway3,1.0,1.0,5,3.0,6.0,1.0,1.0,1
Sandnes Ulf,1,1,0,0,3,1,2,3,norway3,1.0,1.0,2,3.0,3.0,1.0,1.0,1
Brann B,1,1,0,0,4,3,1,3,norway3,1.0,1.0,1,3.0,4.0,1.0,1.0,1
Brattvag,1,1,0,0,2,1,1,3,norway3,1.0,1.0,1,3.0,2.0,1.0,1.0,1
Notodden,1,1,0,0,2,1,1,3,norway3,1.0,1.0,1,3.0,2.0,1.0,1.0,1
Sandviken,1,1,0,0,2,1,1,3,norway3,1.0,1.0,1,3.0,2.0,1.0,1.0,1
Arendal,1,0,1,0,3,3,0,1,norway3,0.0,1.0,0,1.0,3.0,0.0,1.0,2
Eik Tonsberg,1,0,1,0,1,1,0,1,norway3,0.0,1.0,0,1.0,1.0,0.0,1.0,2
Flekkeroy,1,0,1,0,1,1,0,1,norway3,0.0,1.0,0,1.0,1.0,0.0,1.0,2
Jerv,1,0,1,0,1,1,0,1,norway3,0.0,1.0,0,1.0,1.0,0.0,1.0,2
Pors Grenland,1,0,1,0,1,1,0,1,norway3,0.0,1.0,0,1.0,1.0,0.0,1.0,2
Lysekloster,1,0,1,0,0,0,0,1,norway3,0.0,1.0,0,1.0,0.0,0.0,1.0,2
Traef,1,0,0,1,3,4,-1,0,norway3,0.0,0.0,-1,0.0,3.0,0.0,0.0,3
V. Haugesund,1,0,0,1,1,2,-1,0,norway3,0.0,0.0,-1,0.0,1.0,0.0,0.0,3
Strommen,1,1,0,0,4,1,3,3,norway4,1.0,1.0,3,3.0,4.0,1.0,1.0,1
Rana,1,1,0,0,2,0,2,3,norway4,1.0,1.0,2,3.0,2.0,1.0,1.0,1
Alta,1,1,0,0,4,3,1,3,norway4,1.0,1.0,1,3.0,4.0,1.0,1.0,1
Follo,1,1,0,0,2,1,1,3,norway4,1.0,1.0,1,3.0,2.0,1.0,1.0,1
Asker,1,0,1,0,2,2,0,1,norway4,0.0,1.0,0,1.0,2.0,0.0,1.0,2
Tromsdalen,1,0,1,0,1,1,0,1,norway4,0.0,1.0,0,1.0,1.0,0.0,1.0,2
Ull/Kisa,1,0,0,1,2,3,-1,0,norway4,0.0,0.0,-1,0.0,2.0,0.0,0.0,3
Eidsvold,1,0,0,1,1,2,-1,0,norway4,0.0,0.0,-1,0.0,1.0,0.0,0.0,3
Kjelsas,1,0,0,1,1,2,-1,0,norway4,0.0,0.0,-1,0.0,1.0,0.0,0.0,3
Levanger,1,0,0,1,1,2,-1,0,norway4,0.0,0.0,-1,0.0,1.0,0.0,0.0,3
Strindheim,1,0,0,1,1,2,-1,0,norway4,0.0,0.0,-1,0.0,1.0,0.0,0.0,3
Honefoss,1,0,0,1,0,1,-1,0,norway4,0.0,0.0,-1,0.0,0.0,0.0,0.0,3
Grorud,1,0,0,1,0,3,-3,0,norway4,0.0,0.0,-3,0.0,0.0,0.0,0.0,3
Stjordals-Blink,1,0,0,1,0,3,-3,0,norway4,0.0,0.0,-3,0.0,0.0,0.0,0.0,3
Junkeren,1,1,0,0,4,2,2,3,norway5,1.0,1.0,2,3.0,4.0,1.0,1.0,1
Floya,1,1,0,0,2,0,2,3,norway5,1.0,1.0,2,3.0,2.0,1.0,1.0,1
Frigg,1,1,0,0,2,1,1,3,norway5,1.0,1.0,1,3.0,2.0,1.0,1.0,1
Ulfstind,1,1,0,0,1,0,1,3,norway5,1.0,1.0,1,3.0,1.0,1.0,1.0,1
Funnefoss/V,1,0,1,0,3,3,0,1,norway5,0.0,1.0,0,1.0,3.0,0.0,1.0,2
Gamle Oslo,1,0,1,0,2,2,0,1,norway5,0.0,1.0,0,1.0,2.0,0.0,1.0,2
Sortland,1,0,1,0,2,2,0,1,norway5,0.0,1.0,0,1.0,2.0,0.0,1.0,2
Baerum,1,0,0,1,1,2,-1,0,norway5,0.0,0.0,-1,0.0,1.0,0.0,0.0,3
Ullern,1,0,0,1,1,2,-1,0,norway5,0.0,0.0,-1,0.0,1.0,0.0,0.0,3
KFUM B,1,0,0,1,3,5,-2,0,norway5,0.0,0.0,-2,0.0,3.0,0.0,0.0,3
Tromso B,1,0,0,1,2,5,-3,0,norway5,0.0,0.0,-3,0.0,2.0,0.0,0.0,3
Skjervoy,1,0,0,1,1,4,-3,0,norway5,0.0,0.0,-3,0.0,1.0,0.0,0.0,3
Alta B,1,0,0,1,0,4,-4,0,norway5,0.0,0.0,-4,0.0,0.0,0.0,0.0,3
Harstad,1,0,0,1,0,5,-5,0,norway5,0.0,0.0,-5,0.0,0.0,0.0,0.0,3
Rosenborg B,2,2,0,0,4,0,4,6,norway6,1.0,1.0,4,3.0,2.0,1.0,1.0,1
Spjelkavik,1,1,0,0,7,1,6,3,norway6,1.0,1.0,6,3.0,7.0,1.0,1.0,2
Trygg/Lade,1,1,0,0,4,0,4,3,norway6,1.0,1.0,4,3.0,4.0,1.0,1.0,2
Aalesund B,1,1,0,0,5,2,3,3,norway6,1.0,1.0,3,3.0,5.0,1.0,1.0,2
Byasen,1,1,0,0,3,0,3,3,norway6,1.0,1.0,3,3.0,3.0,1.0,1.0,2
Nardo,1,1,0,0,4,2,2,3,norway6,1.0,1.0,2,3.0,4.0,1.0,1.0,2
Melhus,1,1,0,0,1,0,1,3,norway6,1.0,1.0,1,3.0,1.0,1.0,1.0,2
Kristiansund B,1,0,1,0,1,1,0,1,norway6,0.0,1.0,0,1.0,1.0,0.0,1.0,3
Volda,1,0,1,0,1,1,0,1,norway6,0.0,1.0,0,1.0,1.0,0.0,1.0,3
Tiller,1,0,1,0,0,0,0,1,norway6,0.0,1.0,0,1.0,0.0,0.0,1.0,3
Molde B,1,0,0,1,1,3,-2,0,norway6,0.0,0.0,-2,0.0,1.0,0.0,0.0,4
Kvik Trondheim,1,0,0,1,0,2,-2,0,norway6,0.0,0.0,-2,0.0,0.0,0.0,0.0,4
Ranheim B,1,0,0,1,0,2,-2,0,norway6,0.0,0.0,-2,0.0,0.0,0.0,0.0,4
Surnadal,1,0,0,1,0,7,-7,0,norway6,0.0,0.0,-7,0.0,0.0,0.0,0.0,4
Kongsvinger B,2,1,1,0,6,3,3,4,norway7,0.5,1.0,3,2.0,3.0,2.0,1.0,1
Lillehammer,1,1,0,0,6,1,5,3,norway7,1.0,1.0,5,3.0,6.0,1.0,1.0,2
Elverum,1,1,0,0,5,1,4,3,norway7,1.0,1.0,4,3.0,5.0,1.0,1.0,2
Lillestrom B,1,1,0,0,4,1,3,3,norway7,1.0,1.0,3,3.0,4.0,1.0,1.0,2
Stromsgodset B,1,1,0,0,3,1,2,3,norway7,1.0,1.0,2,3.0,3.0,1.0,1.0,2
Gjovik-Lyn,1,1,0,0,2,0,2,3,norway7,1.0,1.0,2,3.0,2.0,1.0,1.0,2
Skjetten,1,1,0,0,1,0,1,3,norway7,1.0,1.0,1,3.0,1.0,1.0,1.0,2
Assiden IF,1,0,1,0,2,2,0,1,norway7,0.0,1.0,0,1.0,2.0,0.0,1.0,3
Nordstrand,1,0,1,0,1,1,0,1,norway7,0.0,1.0,0,1.0,1.0,0.0,1.0,3
Lorenskog,1,0,0,1,1,2,-1,0,norway7,0.0,0.0,-1,0.0,1.0,0.0,0.0,4
HamKam B,1,0,0,1,1,3,-2,0,norway7,0.0,0.0,-2,0.0,1.0,0.0,0.0,4
Skedsmo,1,0,0,1,2,6,-4,0,norway7,0.0,0.0,-4,0.0,2.0,0.0,0.0,4
Bjorkelangen,1,0,0,1,0,4,-4,0,norway7,0.0,0.0,-4,0.0,0.0,0.0,0.0,4
Ull/Kisa B,1,0,0,1,0,5,-5,0,norway7,0.0,0.0,-5,0.0,0.0,0.0,0.0,4
Fana,2,2,0,0,14,1,13,6,norway8,1.0,1.0,13,3.0,7.0,1.0,1.0,1
Sandefjord B,2,1,1,0,7,6,1,4,norway8,0.5,1.0,1,2.0,3.5,2.0,1.0,2
Lyn B,1,1,0,0,7,2,5,3,norway8,1.0,1.0,5,3.0,7.0,1.0,1.0,3
Bjarg,1,1,0,0,4,1,3,3,norway8,1.0,1.0,3,3.0,4.0,1.0,1.0,3
Fyllingsdalen,1,1,0,0,3,1,2,3,norway8,1.0,1.0,2,3.0,3.0,1.0,1.0,3
Asane B,1,1,0,0,3,2,1,3,norway8,1.0,1.0,1,3.0,3.0,1.0,1.0,3
Loddefjord,1,1,0,0,3,2,1,3,norway8,1.0,1.0,1,3.0,3.0,1.0,1.0,3
Forde,1,1,0,0,2,1,1,3,norway8,1.0,1.0,1,3.0,2.0,1.0,1.0,3
Gneist,1,0,1,0,1,1,0,1,norway8,0.0,1.0,0,1.0,1.0,0.0,1.0,4
OS,1,0,0,1,2,3,-1,0,norway8,0.0,0.0,-1,0.0,2.0,0.0,0.0,5
Valerenga B,1,0,0,1,1,2,-1,0,norway8,0.0,0.0,-1,0.0,1.0,0.0,0.0,5
Lyngbo,1,0,0,1,0,1,-1,0,norway8,0.0,0.0,-1,0.0,0.0,0.0,0.0,5
Fjora,1,0,0,1,0,2,-2,0,norway8,0.0,0.0,-2,0.0,0.0,0.0,0.0,5
Askoy,1,0,0,1,0,5,-5,0,norway8,0.0,0.0,-5,0.0,0.0,0.0,0.0,5
Viking B,1,1,0,0,7,0,7,3,norway9,1.0,1.0,7,3.0,7.0,1.0,1.0,1
Vag,1,1,0,0,8,2,6,3,norway9,1.0,1.0,6,3.0,8.0,1.0,1.0,1
Torvastad,1,1,0,0,4,0,4,3,norway9,1.0,1.0,4,3.0,4.0,1.0,1.0,1
Hinna,1,1,0,0,5,2,3,3,norway9,1.0,1.0,3,3.0,5.0,1.0,1.0,1
Sandnes Ulf B,1,1,0,0,5,2,3,3,norway9,1.0,1.0,3,3.0,5.0,1.0,1.0,1
Brodd,1,1,0,0,3,2,1,3,norway9,1.0,1.0,1,3.0,3.0,1.0,1.0,1
Vidar,1,1,0,0,1,0,1,3,norway9,1.0,1.0,1,3.0,1.0,1.0,1.0,1
Sola,2,1,0,1,7,9,-2,3,norway9,0.5,0.5,-2,1.5,3.5,2.0,2.0,1
Staal Jorpeland,1,0,1,0,2,2,0,1,norway9,0.0,1.0,0,1.0,2.0,0.0,1.0,2
Madla,1,0,1,0,1,1,0,1,norway9,0.0,1.0,0,1.0,1.0,0.0,1.0,2
Stord,1,0,1,0,1,1,0,1,norway9,0.0,1.0,0,1.0,1.0,0.0,1.0,2
Vindbjart,1,0,1,0,1,1,0,1,norway9,0.0,1.0,0,1.0,1.0,0.0,1.0,2
Haugesund B,1,0,0,1,1,2,-1,0,norway9,0.0,0.0,-1,0.0,1.0,0.0,0.0,3
Djerv,1,0,0,1,1,3,-2,0,norway9,0.0,0.0,-2,0.0,1.0,0.0,0.0,3
Sarpsborg 08 B,1,1,0,0,5,1,4,3,norway10,1.0,1.0,4,3.0,5.0,1.0,1.0,1
Fram,1,1,0,0,4,0,4,3,norway10,1.0,1.0,4,3.0,4.0,1.0,1.0,1
Flint,1,1,0,0,3,0,3,3,norway10,1.0,1.0,3,3.0,3.0,1.0,1.0,1
Kvik Halden,1,1,0,0,3,2,1,3,norway10,1.0,1.0,1,3.0,3.0,1.0,1.0,1
Stabaek B,1,1,0,0,3,2,1,3,norway10,1.0,1.0,1,3.0,3.0,1.0,1.0,1
Fredrikstad B,1,1,0,0,2,1,1,3,norway10,1.0,1.0,1,3.0,2.0,1.0,1.0,1
Grei,1,1,0,0,2,1,1,3,norway10,1.0,1.0,1,3.0,2.0,1.0,1.0,1
Lokomotiv Oslo,1,1,0,0,2,1,1,3,norway10,1.0,1.0,1,3.0,2.0,1.0,1.0,1
Oppsal,1,1,0,0,2,1,1,3,norway10,1.0,1.0,1,3.0,2.0,1.0,1.0,1
Pors Grenland B,1,1,0,0,2,1,1,3,norway10,1.0,1.0,1,3.0,2.0,1.0,1.0,1
Drobak-Frogn,1,0,1,0,1,1,0,1,norway10,0.0,1.0,0,1.0,1.0,0.0,1.0,2
Odd B,1,0,0,1,1,2,-1,0,norway10,0.0,0.0,-1,0.0,1.0,0.0,0.0,3
IF Ready,1,0,0,1,0,1,-1,0,norway10,0.0,0.0,-1,0.0,0.0,0.0,0.0,3
Orn Horten,1,0,0,1,0,3,-3,0,norway10,0.0,0.0,-3,0.0,0.0,0.0,0.0,3
Universitario,7,4,3,0,11,4,7,15,panama,0.57,1.0,7,2.14,1.57,1.75,1.0,1
Independiente,7,3,3,1,10,5,5,12,panama,0.43,0.86,5,1.71,1.43,2.33,1.16,2
San Miguelito,6,3,2,1,6,3,3,11,panama,0.5,0.83,3,1.83,1.0,2.0,1.2,3
Plaza Amador,7,3,2,2,12,10,2,11,panama,0.43,0.71,2,1.57,1.71,2.33,1.41,3
Arabe Unido,7,3,2,2,9,7,2,11,panama,0.43,0.71,2,1.57,1.29,2.33,1.41,3
Veraguas,7,3,1,3,7,8,-1,10,panama,0.43,0.57,-1,1.43,1.0,2.33,1.75,4
Tauro,6,2,2,2,11,7,4,8,panama,0.33,0.67,4,1.33,1.83,3.03,1.49,5
UMECIT,6,2,2,2,4,5,-1,8,panama,0.33,0.67,-1,1.33,0.67,3.03,1.49,5
Herrera,7,2,2,3,7,9,-2,8,panama,0.29,0.57,-2,1.14,1.0,3.45,1.75,5
Costa del Este,6,1,3,2,7,9,-2,6,panama,0.17,0.67,-2,1.0,1.17,5.88,1.49,6
San Francisco,6,1,2,3,7,7,0,5,panama,0.17,0.5,0,0.83,1.17,5.88,2.0,7
Alianza,6,0,2,4,2,7,-5,2,panama,0.0,0.33,-5,0.33,0.33,0.0,3.03,8
Plaza Amador,8,6,1,1,10,6,4,19,panama2,0.75,0.88,4,2.38,1.25,1.33,1.14,1
Arabe Unido,8,5,3,0,13,5,8,18,panama2,0.62,1.0,8,2.25,1.62,1.61,1.0,2
Independiente,8,5,2,1,10,6,4,17,panama2,0.62,0.88,4,2.12,1.25,1.61,1.14,3
Tauro,8,3,5,0,11,5,6,14,panama2,0.38,1.0,6,1.75,1.38,2.63,1.0,4
Alianza,8,4,2,2,8,5,3,14,panama2,0.5,0.75,3,1.75,1.0,2.0,1.33,4
San Miguelito,7,4,2,1,8,5,3,14,panama2,0.57,0.86,3,2.0,1.14,1.75,1.16,4
Universitario,8,4,1,3,12,9,3,13,panama2,0.5,0.62,3,1.62,1.5,2.0,1.61,5
Costa del Este,8,3,3,2,11,12,-1,12,panama2,0.38,0.75,-1,1.5,1.38,2.63,1.33,6
UMECIT,8,3,1,4,6,6,0,10,panama2,0.38,0.5,0,1.25,0.75,2.63,2.0,7
Veraguas,8,2,3,3,7,7,0,9,panama2,0.25,0.62,0,1.12,0.88,4.0,1.61,8
Herrera,7,1,3,3,7,8,-1,6,panama2,0.14,0.57,-1,0.86,1.0,7.14,1.75,9
San Francisco,8,1,2,5,5,10,-5,5,panama2,0.12,0.38,-5,0.62,0.62,8.33,2.63,10
Libertad,7,6,1,0,15,4,11,19,paraguay,0.86,1.0,11,2.71,2.14,1.16,1.0,1
Cerro Porteno,7,4,2,1,10,5,5,14,paraguay,0.57,0.86,5,2.0,1.43,1.75,1.16,2
Olimpia,7,4,1,2,11,6,5,13,paraguay,0.57,0.71,5,1.86,1.57,1.75,1.41,3
S. Trinidense,7,2,4,1,6,5,1,10,paraguay,0.29,0.86,1,1.43,0.86,3.45,1.16,4
Nacional,7,3,1,3,6,9,-3,10,paraguay,0.43,0.57,-3,1.43,0.86,2.33,1.75,4
S. Ameliano,7,2,3,2,9,8,1,9,paraguay,0.29,0.71,1,1.29,1.29,3.45,1.41,5
D. Recoleta,7,2,3,2,7,7,0,9,paraguay,0.29,0.71,0,1.29,1.0,3.45,1.41,5
S. Luqueno,7,2,3,2,5,5,0,9,paraguay,0.29,0.71,0,1.29,0.71,3.45,1.41,5
G. Caballero,7,2,3,2,7,9,-2,9,paraguay,0.29,0.71,-2,1.29,1.0,3.45,1.41,5
A. Tembetary,7,2,2,3,8,9,-1,8,paraguay,0.29,0.57,-1,1.14,1.14,3.45,1.75,6
Guarani,7,2,1,4,6,10,-4,7,paraguay,0.29,0.43,-4,1.0,0.86,3.45,2.33,7
2 de Mayo,7,0,4,3,3,10,-7,4,paraguay,0.0,0.57,-7,0.57,0.43,0.0,1.75,8
Olimpia,8,5,3,0,15,7,8,18,paraguay2,0.62,1.0,8,2.25,1.88,1.61,1.0,1
Nacional,8,5,3,0,11,4,7,18,paraguay2,0.62,1.0,7,2.25,1.38,1.61,1.0,1
S. Ameliano,8,5,0,3,7,5,2,15,paraguay2,0.62,0.62,2,1.88,0.88,1.61,1.61,2
S. Trinidense,8,4,1,3,11,11,0,13,paraguay2,0.5,0.62,0,1.62,1.38,2.0,1.61,3
Guarani,8,2,6,0,7,5,2,12,paraguay2,0.25,1.0,2,1.5,0.88,4.0,1.0,4
G. Caballero,8,2,5,1,7,8,-1,11,paraguay2,0.25,0.88,-1,1.38,0.88,4.0,1.14,5
Libertad,8,3,1,4,6,7,-1,10,paraguay2,0.38,0.5,-1,1.25,0.75,2.63,2.0,6
Sol de America,8,2,3,3,8,9,-1,9,paraguay2,0.25,0.62,-1,1.12,1.0,4.0,1.61,7
S. Luqueno,8,2,3,3,8,10,-2,9,paraguay2,0.25,0.62,-2,1.12,1.0,4.0,1.61,7
Cerro Porteno,8,2,3,3,10,13,-3,9,paraguay2,0.25,0.62,-3,1.12,1.25,4.0,1.61,7
2 de Mayo,8,2,2,4,8,10,-2,8,paraguay2,0.25,0.5,-2,1.0,1.0,4.0,2.0,8
Tacuary,8,1,1,6,3,14,-11,4,paraguay2,0.12,0.25,-11,0.5,0.38,8.33,4.0,9
Universitario,4,4,0,0,14,4,10,12,peru,1.0,1.0,10,3.0,3.5,1.0,1.0,1
FBC Melgar,4,4,0,0,10,1,9,12,peru,1.0,1.0,9,3.0,2.5,1.0,1.0,1
Alianza Lima,4,3,1,0,7,1,6,10,peru,0.75,1.0,6,2.5,1.75,1.33,1.0,2
S. Cristal,4,3,0,1,9,3,6,9,peru,0.75,0.75,6,2.25,2.25,1.33,1.33,3
D. Garcilaso,4,3,0,1,8,2,6,9,peru,0.75,0.75,6,2.25,2.0,1.33,1.33,3
ADT,4,2,2,0,10,6,4,8,peru,0.5,1.0,4,2.0,2.5,2.0,1.0,4
Atletico Grau,3,2,1,0,4,2,2,7,peru,0.67,1.0,2,2.33,1.33,1.49,1.0,5
Sport Boys,4,2,1,1,4,4,0,7,peru,0.5,0.75,0,1.75,1.0,2.0,1.33,5
Alianza A.,3,2,0,1,9,6,3,6,peru,0.67,0.67,3,2.0,3.0,1.49,1.49,6
Juan Pablo II C,3,2,0,1,5,3,2,6,peru,0.67,0.67,2,2.0,1.67,1.49,1.49,6
Sport Huancayo,4,2,0,2,4,6,-2,6,peru,0.5,0.5,-2,1.5,1.0,2.0,2.0,6
Los Chankas,4,1,2,1,6,6,0,5,peru,0.25,0.75,0,1.25,1.5,4.0,1.33,7
Cusco,3,1,1,1,5,4,1,4,peru,0.33,0.67,1,1.33,1.67,3.03,1.49,8
Binacional,3,1,1,1,4,3,1,4,peru,0.33,0.67,1,1.33,1.33,3.03,1.49,8
Cienciano,4,1,1,2,7,8,-1,4,peru,0.25,0.5,-1,1.0,1.75,4.0,2.0,8
Ayacucho,4,1,1,2,6,7,-1,4,peru,0.25,0.5,-1,1.0,1.5,4.0,2.0,8
Cajamarca,3,1,1,1,4,5,-1,4,peru,0.33,0.67,-1,1.33,1.33,3.03,1.49,8
Comerciantes U.,4,0,3,1,4,8,-4,3,peru,0.0,0.75,-4,0.75,1.0,0.0,1.33,9
A. Huanuco,4,0,2,2,4,7,-3,2,peru,0.0,0.5,-3,0.5,1.0,0.0,2.0,10
Kaya FC,8,6,1,1,23,5,18,19,philippines,0.75,0.88,18,2.38,2.88,1.33,1.14,1
DH Cebu,8,6,1,1,17,5,12,19,philippines,0.75,0.88,12,2.38,2.12,1.33,1.14,1
Manila Digger,8,6,0,2,19,4,15,18,philippines,0.75,0.75,15,2.25,2.38,1.33,1.33,2
One Taguig,8,4,1,3,19,5,14,13,philippines,0.5,0.62,14,1.62,2.38,2.0,1.61,3
PFF Development,8,3,1,4,12,20,-8,10,philippines,0.38,0.5,-8,1.25,1.5,2.63,2.0,4
Stallion,8,2,1,5,13,16,-3,7,philippines,0.25,0.38,-3,0.88,1.62,4.0,2.63,5
Davao Aguilas,8,1,2,5,7,10,-3,5,philippines,0.12,0.38,-3,0.62,0.88,8.33,2.63,6
Loyola,8,1,2,5,7,17,-10,5,philippines,0.12,0.38,-10,0.62,0.88,8.33,2.63,6
Maharlika,8,0,2,6,6,24,-18,2,philippines,0.0,0.25,-18,0.25,0.75,0.0,4.0,7
Mendiola,8,0,1,7,6,40,-34,1,philippines,0.0,0.12,-34,0.12,0.75,0.0,8.33,8
Lech Poznan,8,7,0,1,21,7,14,21,poland,0.88,0.88,14,2.62,2.62,1.14,1.14,1
Jagiellonia,8,5,3,0,19,7,12,18,poland,0.62,1.0,12,2.25,2.38,1.61,1.0,2
Legia Warsaw,8,5,2,1,15,7,8,17,poland,0.62,0.88,8,2.12,1.88,1.61,1.14,3
Katowice,8,5,2,1,10,4,6,17,poland,0.62,0.88,6,2.12,1.25,1.61,1.14,3
Rakow C.,8,5,2,1,14,9,5,17,poland,0.62,0.88,5,2.12,1.75,1.61,1.14,3
Pogon Szczecin,8,5,1,2,16,8,8,16,poland,0.62,0.75,8,2.0,2.0,1.61,1.33,4
Motor Lublin,8,4,2,2,20,15,5,14,poland,0.5,0.75,5,1.75,2.5,2.0,1.33,5
Korona Kielce,8,4,2,2,10,9,1,14,poland,0.5,0.75,1,1.75,1.25,2.0,1.33,5
Gornik Zabrze,8,4,1,3,12,9,3,13,poland,0.5,0.62,3,1.62,1.5,2.0,1.61,6
Widzew Lodz,8,4,1,3,10,10,0,13,poland,0.5,0.62,0,1.62,1.25,2.0,1.61,6
Lechia Gdansk,8,4,0,4,8,11,-3,12,poland,0.5,0.5,-3,1.5,1.0,2.0,2.0,7
Puszcza Niepolo,8,3,2,3,9,12,-3,11,poland,0.38,0.62,-3,1.38,1.12,2.63,1.61,8
Radomiak Radom,8,2,4,2,10,9,1,10,poland,0.25,0.75,1,1.25,1.25,4.0,1.33,9
Stal Mielec,8,2,3,3,11,13,-2,9,poland,0.25,0.62,-2,1.12,1.38,4.0,1.61,10
Piast Gliwice,8,2,3,3,7,11,-4,9,poland,0.25,0.62,-4,1.12,0.88,4.0,1.61,10
Slask Wroclaw,8,2,2,4,10,10,0,8,poland,0.25,0.5,0,1.0,1.25,4.0,2.0,11
Cracovia Krakow,8,1,4,3,13,15,-2,7,poland,0.12,0.62,-2,0.88,1.62,8.33,1.61,12
Zaglebie Lubin,8,2,1,5,8,13,-5,7,poland,0.25,0.38,-5,0.88,1.0,4.0,2.63,12
Polonia Warszaw,8,7,1,0,16,7,9,22,poland2,0.88,1.0,9,2.75,2.0,1.14,1.0,1
Arka Gdynia,8,6,2,0,18,5,13,20,poland2,0.75,1.0,13,2.5,2.25,1.33,1.0,2
Wisla Plock,8,6,1,1,21,8,13,19,poland2,0.75,0.88,13,2.38,2.62,1.33,1.14,3
Tychy,8,5,2,1,14,7,7,17,poland2,0.62,0.88,7,2.12,1.75,1.61,1.14,4
Wisla Krakow,8,4,3,1,9,6,3,15,poland2,0.5,0.88,3,1.88,1.12,2.0,1.14,5
T. Nieciecza,8,4,2,2,13,12,1,14,poland2,0.5,0.75,1,1.75,1.62,2.0,1.33,6
Chrobry Glogow,8,3,3,2,10,10,0,12,poland2,0.38,0.75,0,1.5,1.25,2.63,1.33,7
Miedz Legnica,8,3,2,3,15,15,0,11,poland2,0.38,0.62,0,1.38,1.88,2.63,1.61,8
Znicz Pruszkow,8,3,2,3,10,10,0,11,poland2,0.38,0.62,0,1.38,1.25,2.63,1.61,8
Pogon Siedlce,8,2,4,2,8,9,-1,10,poland2,0.25,0.75,-1,1.25,1.0,4.0,1.33,9
Gornik Leczna,8,2,3,3,9,9,0,9,poland2,0.25,0.62,0,1.12,1.12,4.0,1.61,10
K. Kolobrzeg,8,1,4,3,3,8,-5,7,poland2,0.12,0.62,-5,0.88,0.38,8.33,1.61,11
Stal Rzeszow,8,2,1,5,7,15,-8,7,poland2,0.25,0.38,-8,0.88,0.88,4.0,2.63,11
Warta Poznan,8,2,0,6,5,11,-6,6,poland2,0.25,0.25,-6,0.75,0.62,4.0,4.0,12
Ruch Chorzow,8,1,2,5,10,14,-4,5,poland2,0.12,0.38,-4,0.62,1.25,8.33,2.63,13
LKS Lodz,8,1,2,5,5,9,-4,5,poland2,0.12,0.38,-4,0.62,0.62,8.33,2.63,13
Stalowa Wola,8,0,5,3,7,14,-7,5,poland2,0.0,0.62,-7,0.62,0.88,0.0,1.61,13
Odra Opole,8,0,3,5,5,19,-14,3,poland2,0.0,0.38,-14,0.38,0.62,0.0,2.63,14
Polonia Bytom,8,7,0,1,21,8,13,21,poland3,0.88,0.88,13,2.62,2.62,1.14,1.14,1
Pogon Grodzisk,8,6,1,1,16,9,7,19,poland3,0.75,0.88,7,2.38,2.0,1.33,1.14,2
Chojniczanka,8,5,2,1,14,5,9,17,poland3,0.62,0.88,9,2.12,1.75,1.61,1.14,3
Wieczysta K.,8,5,2,1,16,8,8,17,poland3,0.62,0.88,8,2.12,2.0,1.61,1.14,3
Zaglebie L. B,8,5,0,3,17,8,9,15,poland3,0.62,0.62,9,1.88,2.12,1.61,1.61,4
Hutnik Krakow,8,4,2,2,10,10,0,14,poland3,0.5,0.75,0,1.75,1.25,2.0,1.33,5
SKRA Czestochow,8,4,1,3,8,7,1,13,poland3,0.5,0.62,1,1.62,1.0,2.0,1.61,6
Swit Skolwin,8,4,1,3,17,17,0,13,poland3,0.5,0.62,0,1.62,2.12,2.0,1.61,6
Z. Sosnowiec,8,4,1,3,15,16,-1,13,poland3,0.5,0.62,-1,1.62,1.88,2.0,1.61,6
Podbeskidzie,8,3,2,3,7,10,-3,11,poland3,0.38,0.62,-3,1.38,0.88,2.63,1.61,7
Kalisz,8,3,1,4,11,11,0,10,poland3,0.38,0.5,0,1.25,1.38,2.63,2.0,8
Olimpia Elblag,8,2,3,3,6,8,-2,9,poland3,0.25,0.62,-2,1.12,0.75,4.0,1.61,9
LKS Lodz B,8,2,3,3,9,12,-3,9,poland3,0.25,0.62,-3,1.12,1.12,4.0,1.61,9
Rekord Bielsko,8,1,5,2,7,9,-2,8,poland3,0.12,0.75,-2,1.0,0.88,8.33,1.33,10
O. Grudziadz,8,2,2,4,11,16,-5,8,poland3,0.25,0.5,-5,1.0,1.38,4.0,2.0,10
Wisla Pulawy,8,2,1,5,5,15,-10,7,poland3,0.25,0.38,-10,0.88,0.62,4.0,2.63,11
Resovia Rzeszow,8,1,3,4,10,14,-4,6,poland3,0.12,0.5,-4,0.75,1.25,8.33,2.0,12
Jastrzebie,8,1,2,5,3,8,-5,5,poland3,0.12,0.38,-5,0.62,0.38,8.33,2.63,13
Sporting CP,8,6,2,0,18,8,10,20,portugal,0.75,1.0,10,2.5,2.25,1.33,1.0,1
Benfica,8,6,1,1,22,8,14,19,portugal,0.75,0.88,14,2.38,2.75,1.33,1.14,2
Sporting Braga,8,6,1,1,17,7,10,19,portugal,0.75,0.88,10,2.38,2.12,1.33,1.14,2
Guimaraes,8,4,4,0,15,8,7,16,portugal,0.5,1.0,7,2.0,1.88,2.0,1.0,3
Casa Pia,8,5,1,2,12,8,4,16,portugal,0.62,0.75,4,2.0,1.5,1.61,1.33,3
FC Porto,8,4,3,1,14,7,7,15,portugal,0.5,0.88,7,1.88,1.75,2.0,1.14,4
Famalicao,8,4,2,2,12,5,7,14,portugal,0.5,0.75,7,1.75,1.5,2.0,1.33,5
Estoril,8,4,2,2,12,11,1,14,portugal,0.5,0.75,1,1.75,1.5,2.0,1.33,5
Nacional,8,4,1,3,13,10,3,13,portugal,0.5,0.62,3,1.62,1.62,2.0,1.61,6
Moreirense,8,2,4,2,9,10,-1,10,portugal,0.25,0.75,-1,1.25,1.12,4.0,1.33,7
Arouca,8,2,4,2,8,9,-1,10,portugal,0.25,0.75,-1,1.25,1.0,4.0,1.33,7
Rio Ave,8,2,3,3,11,15,-4,9,portugal,0.25,0.62,-4,1.12,1.38,4.0,1.61,8
Santa Clara,8,2,2,4,6,9,-3,8,portugal,0.25,0.5,-3,1.0,0.75,4.0,2.0,9
AVS,8,1,3,4,6,11,-5,6,portugal,0.12,0.5,-5,0.75,0.75,8.33,2.0,10
Estrela Amadora,8,1,2,5,6,13,-7,5,portugal,0.12,0.38,-7,0.62,0.75,8.33,2.63,11
Gil Vicente,8,1,1,6,5,12,-7,4,portugal,0.12,0.25,-7,0.5,0.62,8.33,4.0,12
Boavista,8,1,0,7,6,15,-9,3,portugal,0.12,0.12,-9,0.38,0.75,8.33,8.33,13
Farense,8,0,2,6,3,10,-7,2,portugal,0.0,0.25,-7,0.25,0.38,0.0,4.0,14
Vizela,8,6,2,0,16,6,10,20,portugal2,0.75,1.0,10,2.5,2.0,1.33,1.0,1
Alverca,8,5,3,0,17,5,12,18,portugal2,0.62,1.0,12,2.25,2.12,1.61,1.0,2
Tondela,8,5,2,1,12,8,4,17,portugal2,0.62,0.88,4,2.12,1.5,1.61,1.14,3
Feirense,8,5,1,2,13,7,6,16,portugal2,0.62,0.75,6,2.0,1.62,1.61,1.33,4
Academico Viseu,8,4,4,0,11,6,5,16,portugal2,0.5,1.0,5,2.0,1.38,2.0,1.0,4
Felgueiras,8,5,1,2,9,6,3,16,portugal2,0.62,0.75,3,2.0,1.12,1.61,1.33,4
Benfica B,8,4,2,2,10,4,6,14,portugal2,0.5,0.75,6,1.75,1.25,2.0,1.33,5
Chaves,8,4,1,3,14,6,8,13,portugal2,0.5,0.62,8,1.62,1.75,2.0,1.61,6
Portimonense,8,4,1,3,13,11,2,13,portugal2,0.5,0.62,2,1.62,1.62,2.0,1.61,6
Mafra,8,3,4,1,8,6,2,13,portugal2,0.38,0.88,2,1.62,1.0,2.63,1.14,6
Penafiel,8,3,3,2,13,9,4,12,portugal2,0.38,0.75,4,1.5,1.62,2.63,1.33,7
Uniao de Leiria,8,3,3,2,8,7,1,12,portugal2,0.38,0.75,1,1.5,1.0,2.63,1.33,7
FC Porto B,8,3,2,3,10,10,0,11,portugal2,0.38,0.62,0,1.38,1.25,2.63,1.61,8
Pacos Ferreira,8,3,1,4,10,11,-1,10,portugal2,0.38,0.5,-1,1.25,1.25,2.63,2.0,9
Torreense,8,2,2,4,11,13,-2,8,portugal2,0.25,0.5,-2,1.0,1.38,4.0,2.0,10
Leixoes,8,1,4,3,6,8,-2,7,portugal2,0.12,0.62,-2,0.88,0.75,8.33,1.61,11
Maritimo,8,1,4,3,8,11,-3,7,portugal2,0.12,0.62,-3,0.88,1.0,8.33,1.61,11
Oliveirense,8,1,3,4,8,14,-6,6,portugal2,0.12,0.5,-6,0.75,1.0,8.33,2.0,12
Al Sadd,8,7,0,1,19,6,13,21,qatar,0.88,0.88,13,2.62,2.38,1.14,1.14,1
Al Gharafa,8,6,0,2,18,12,6,18,qatar,0.75,0.75,6,2.25,2.25,1.33,1.33,2
Al Duhail,8,5,1,2,15,11,4,16,qatar,0.62,0.75,4,2.0,1.88,1.61,1.33,3
Al Shahaniya,8,4,1,3,14,17,-3,13,qatar,0.5,0.62,-3,1.62,1.75,2.0,1.61,4
Al Shamal,8,4,0,4,22,19,3,12,qatar,0.5,0.5,3,1.5,2.75,2.0,2.0,5
Al Arabi,8,4,0,4,14,18,-4,12,qatar,0.5,0.5,-4,1.5,1.75,2.0,2.0,5
Al Ahli Doha,8,3,2,3,12,12,0,11,qatar,0.38,0.62,0,1.38,1.5,2.63,1.61,6
Al Rayyan,8,2,3,3,13,12,1,9,qatar,0.25,0.62,1,1.12,1.62,4.0,1.61,7
Qatar SC,8,2,2,4,9,13,-4,8,qatar,0.25,0.5,-4,1.0,1.12,4.0,2.0,8
Al Wakrah,8,2,2,4,9,16,-7,8,qatar,0.25,0.5,-7,1.0,1.12,4.0,2.0,8
Al Khor,8,1,0,7,12,19,-7,3,qatar,0.12,0.12,-7,0.38,1.5,8.33,8.33,9
Umm Salal,8,0,2,6,5,16,-11,2,qatar,0.0,0.25,-11,0.25,0.62,0.0,4.0,10
CFR Cluj,8,6,2,0,21,8,13,20,romania,0.75,1.0,13,2.5,2.62,1.33,1.0,1
Rapid Bucharest,8,6,2,0,11,3,8,20,romania,0.75,1.0,8,2.5,1.38,1.33,1.0,1
Univ. Craiova,8,6,1,1,14,7,7,19,romania,0.75,0.88,7,2.38,1.75,1.33,1.14,2
FCSB,8,5,3,0,13,4,9,18,romania,0.62,1.0,9,2.25,1.62,1.61,1.0,3
U. Cluj,8,5,1,2,16,11,5,16,romania,0.62,0.75,5,2.0,2.0,1.61,1.33,4
Sepsi OSK,8,4,3,1,11,5,6,15,romania,0.5,0.88,6,1.88,1.38,2.0,1.14,5
Hermannstadt,8,4,3,1,7,5,2,15,romania,0.5,0.88,2,1.88,0.88,2.0,1.14,5
Petrolul,8,4,2,2,10,6,4,14,romania,0.5,0.75,4,1.75,1.25,2.0,1.33,6
Din. Bucharest,8,3,4,1,7,4,3,13,romania,0.38,0.88,3,1.62,0.88,2.63,1.14,7
Farul Constanta,8,3,3,2,10,10,0,12,romania,0.38,0.75,0,1.5,1.25,2.63,1.33,8
Botosani,8,1,6,1,7,7,0,9,romania,0.12,0.88,0,1.12,0.88,8.33,1.14,9
P. Iasi,8,2,2,4,7,11,-4,8,romania,0.25,0.5,-4,1.0,0.88,4.0,2.0,10
FC Buzau,8,2,1,5,6,9,-3,7,romania,0.25,0.38,-3,0.88,0.75,4.0,2.63,11
Otelul,8,1,3,4,7,12,-5,6,romania,0.12,0.5,-5,0.75,0.88,8.33,2.0,12
UTA Arad,8,2,0,6,9,15,-6,6,romania,0.25,0.25,-6,0.75,1.12,4.0,4.0,12
Unirea Slobozia,8,1,2,5,6,11,-5,5,romania,0.12,0.38,-5,0.62,0.75,8.33,2.63,13
Spartak Moscow,8,6,0,2,20,8,12,18,russia,0.75,0.75,12,2.25,2.5,1.33,1.33,1
FC Krasnodar,8,5,2,1,17,4,13,17,russia,0.62,0.88,13,2.12,2.12,1.61,1.14,2
Lokomotiv M.,8,5,2,1,12,8,4,17,russia,0.62,0.88,4,2.12,1.5,1.61,1.14,2
Rubin Kazan,8,5,2,1,11,7,4,17,russia,0.62,0.88,4,2.12,1.38,1.61,1.14,2
Dinamo Moscow,8,5,1,2,22,9,13,16,russia,0.62,0.75,13,2.0,2.75,1.61,1.33,3
Zenit,8,4,2,2,15,8,7,14,russia,0.5,0.75,7,1.75,1.88,2.0,1.33,4
CSKA Moscow,8,4,2,2,12,7,5,14,russia,0.5,0.75,5,1.75,1.5,2.0,1.33,4
Makhachkala,8,3,3,2,14,8,6,12,russia,0.38,0.75,6,1.5,1.75,2.63,1.33,5
Khimki,8,3,3,2,12,10,2,12,russia,0.38,0.75,2,1.5,1.5,2.63,1.33,5
Akhmat Grozny,8,3,2,3,9,10,-1,11,russia,0.38,0.62,-1,1.38,1.12,2.63,1.61,6
Rostov,8,3,1,4,13,12,1,10,russia,0.38,0.5,1,1.25,1.62,2.63,2.0,7
Akron,8,3,1,4,11,17,-6,10,russia,0.38,0.5,-6,1.25,1.38,2.63,2.0,7
Krylya Sovetov,8,2,2,4,10,10,0,8,russia,0.25,0.5,0,1.0,1.25,4.0,2.0,8
Fakel Voronezh,8,0,6,2,3,6,-3,6,russia,0.0,0.75,-3,0.75,0.38,0.0,1.33,9
Nizhny Novgorod,8,1,3,4,6,13,-7,6,russia,0.12,0.5,-7,0.75,0.75,8.33,2.0,9
Orenburg,8,1,1,6,8,15,-7,4,russia,0.12,0.25,-7,0.5,1.0,8.33,4.0,10
Baltika,8,6,2,0,15,2,13,20,russia2,0.75,1.0,13,2.5,1.88,1.33,1.0,1
PFC Sochi,8,6,1,1,15,7,8,19,russia2,0.75,0.88,8,2.38,1.88,1.33,1.14,2
Ural,8,5,3,0,13,8,5,18,russia2,0.62,1.0,5,2.25,1.62,1.61,1.0,3
Yenisey,8,5,2,1,8,3,5,17,russia2,0.62,0.88,5,2.12,1.0,1.61,1.14,4
Kamaz,8,5,1,2,12,7,5,16,russia2,0.62,0.75,5,2.0,1.5,1.61,1.33,5
Torpedo Moscow,8,4,3,1,13,3,10,15,russia2,0.5,0.88,10,1.88,1.62,2.0,1.14,6
SKA Khabarovsk,8,4,2,2,15,9,6,14,russia2,0.5,0.75,6,1.75,1.88,2.0,1.33,7
Chernomorets,8,3,4,1,8,5,3,13,russia2,0.38,0.88,3,1.62,1.0,2.63,1.14,8
Ufa,8,4,1,3,11,15,-4,13,russia2,0.5,0.62,-4,1.62,1.38,2.0,1.61,8
Rodina Moskva,8,3,2,3,11,8,3,11,russia2,0.38,0.62,3,1.38,1.38,2.63,1.61,9
Chayka,8,2,5,1,9,7,2,11,russia2,0.25,0.88,2,1.38,1.12,4.0,1.14,9
Rotor Volgograd,8,2,5,1,7,6,1,11,russia2,0.25,0.88,1,1.38,0.88,4.0,1.14,9
Neftekhimik,8,3,2,3,8,8,0,11,russia2,0.38,0.62,0,1.38,1.0,2.63,1.61,9
Arsenal Tula,8,2,4,2,5,5,0,10,russia2,0.25,0.75,0,1.25,0.62,4.0,1.33,10
Shinnik,8,2,3,3,6,8,-2,9,russia2,0.25,0.62,-2,1.12,0.75,4.0,1.61,11
Tyumen,8,2,1,5,8,13,-5,7,russia2,0.25,0.38,-5,0.88,1.0,4.0,2.63,12
A. Vladikavkaz,8,1,2,5,6,12,-6,5,russia2,0.12,0.38,-6,0.62,0.75,8.33,2.63,13
Sokol Saratov,8,1,1,6,4,10,-6,4,russia2,0.12,0.25,-6,0.5,0.5,8.33,4.0,14
Al Ittihad,8,7,1,0,21,9,12,22,saudiarabia,0.88,1.0,12,2.75,2.62,1.14,1.0,1
Al Shabab,8,6,1,1,23,8,15,19,saudiarabia,0.75,0.88,15,2.38,2.88,1.33,1.14,2
Al Nassr,8,6,1,1,20,9,11,19,saudiarabia,0.75,0.88,11,2.38,2.5,1.33,1.14,2
Al Kholood,8,6,0,2,11,10,1,18,saudiarabia,0.75,0.75,1,2.25,1.38,1.33,1.33,3
Al Ahli Jeddah,8,5,2,1,21,10,11,17,saudiarabia,0.62,0.88,11,2.12,2.62,1.61,1.14,4
Al Quadisiya,8,5,2,1,10,6,4,17,saudiarabia,0.62,0.88,4,2.12,1.25,1.61,1.14,4
Al Hilal,8,5,1,2,29,11,18,16,saudiarabia,0.62,0.75,18,2.0,3.62,1.61,1.33,5
Al Riyadh,8,3,4,1,6,5,1,13,saudiarabia,0.38,0.88,1,1.62,0.75,2.63,1.14,6
Al Feiha,8,2,5,1,5,5,0,11,saudiarabia,0.25,0.88,0,1.38,0.62,4.0,1.14,7
Al Fateh,8,3,1,4,11,11,0,10,saudiarabia,0.38,0.5,0,1.25,1.38,2.63,2.0,8
Al Taawon,8,2,3,3,10,11,-1,9,saudiarabia,0.25,0.62,-1,1.12,1.25,4.0,1.61,9
Al Orubah,8,3,0,5,9,15,-6,9,saudiarabia,0.38,0.38,-6,1.12,1.12,2.63,2.63,9
Damak,8,2,2,4,8,13,-5,8,saudiarabia,0.25,0.5,-5,1.0,1.0,4.0,2.0,10
Al Ittifaq,8,2,1,5,9,15,-6,7,saudiarabia,0.25,0.38,-6,0.88,1.12,4.0,2.63,11
Al Wahda,8,2,1,5,10,18,-8,7,saudiarabia,0.25,0.38,-8,0.88,1.25,4.0,2.63,11
Al Akhdoud,8,1,2,5,7,13,-6,5,saudiarabia,0.12,0.38,-6,0.62,0.88,8.33,2.63,12
Al Khaleej,8,1,2,5,8,15,-7,5,saudiarabia,0.12,0.38,-7,0.62,1.0,8.33,2.63,12
Al Raed,8,0,1,7,4,15,-11,1,saudiarabia,0.0,0.12,-11,0.12,0.5,0.0,8.33,13
Neom SC,8,5,3,0,19,8,11,18,saudiarabia2,0.62,1.0,11,2.25,2.38,1.61,1.0,1
Al Najma,8,5,3,0,14,4,10,18,saudiarabia2,0.62,1.0,10,2.25,1.75,1.61,1.0,1
Al Jabalain,8,5,2,1,13,7,6,17,saudiarabia2,0.62,0.88,6,2.12,1.62,1.61,1.14,2
Al Bukayriyah,8,4,2,2,13,5,8,14,saudiarabia2,0.5,0.75,8,1.75,1.62,2.0,1.33,3
Al Batin,8,4,2,2,11,12,-1,14,saudiarabia2,0.5,0.75,-1,1.75,1.38,2.0,1.33,3
Al Zulfi,8,4,1,3,9,7,2,13,saudiarabia2,0.5,0.62,2,1.62,1.12,2.0,1.61,4
Al Hazm,8,4,1,3,13,12,1,13,saudiarabia2,0.5,0.62,1,1.62,1.62,2.0,1.61,4
Al Jubail,8,2,6,0,11,9,2,12,saudiarabia2,0.25,1.0,2,1.5,1.38,4.0,1.0,5
Al Ain,8,3,3,2,11,11,0,12,saudiarabia2,0.38,0.75,0,1.5,1.38,2.63,1.33,5
Abha,8,2,5,1,11,8,3,11,saudiarabia2,0.25,0.88,3,1.38,1.38,4.0,1.14,6
Jeddah,8,2,4,2,4,5,-1,10,saudiarabia2,0.25,0.75,-1,1.25,0.5,4.0,1.33,7
Al Tai,8,3,1,4,6,10,-4,10,saudiarabia2,0.38,0.5,-4,1.25,0.75,2.63,2.0,7
Al Adalha,8,2,3,3,15,16,-1,9,saudiarabia2,0.25,0.62,-1,1.12,1.88,4.0,1.61,8
Al Arabi,8,2,2,4,12,14,-2,8,saudiarabia2,0.25,0.5,-2,1.0,1.5,4.0,2.0,9
Ohod,8,2,1,5,10,14,-4,7,saudiarabia2,0.25,0.38,-4,0.88,1.25,4.0,2.63,10
Al Jandal,8,2,1,5,6,10,-4,7,saudiarabia2,0.25,0.38,-4,0.88,0.75,4.0,2.63,10
Al Faisaly,8,1,3,4,6,10,-4,6,saudiarabia2,0.12,0.5,-4,0.75,0.75,8.33,2.0,11
Al Safa,8,1,2,5,7,14,-7,5,saudiarabia2,0.12,0.38,-7,0.62,0.88,8.33,2.63,12
Hibernian,8,7,1,0,20,6,14,22,scotland,0.88,1.0,14,2.75,2.5,1.14,1.0,1
Celtic,8,7,0,1,29,5,24,21,scotland,0.88,0.88,24,2.62,3.62,1.14,1.14,2
Rangers,8,5,0,3,15,7,8,15,scotland,0.62,0.62,8,1.88,1.88,1.61,1.61,3
Hearts,8,5,0,3,13,10,3,15,scotland,0.62,0.62,3,1.88,1.62,1.61,1.61,3
Kilmarnock,8,4,2,2,11,7,4,14,scotland,0.5,0.75,4,1.75,1.38,2.0,1.33,4
St. Johnstone,8,3,2,3,8,9,-1,11,scotland,0.38,0.62,-1,1.38,1.0,2.63,1.61,5
St. Mirren,8,3,1,4,13,13,0,10,scotland,0.38,0.5,0,1.25,1.62,2.63,2.0,6
Motherwell,8,2,4,2,10,12,-2,10,scotland,0.25,0.75,-2,1.25,1.25,4.0,1.33,6
Dundee Utd,8,3,1,4,7,11,-4,10,scotland,0.38,0.5,-4,1.25,0.88,2.63,2.0,6
Aberdeen,8,2,3,3,11,13,-2,9,scotland,0.25,0.62,-2,1.12,1.38,4.0,1.61,7
Ross County,8,2,2,4,9,12,-3,8,scotland,0.25,0.5,-3,1.0,1.12,4.0,2.0,8
Dundee FC,8,1,3,4,12,19,-7,6,scotland,0.12,0.5,-7,0.75,1.5,8.33,2.0,9
Falkirk,8,5,2,1,17,6,11,17,scotland2,0.62,0.88,11,2.12,2.12,1.61,1.14,1
Livingston,8,5,2,1,12,4,8,17,scotland2,0.62,0.88,8,2.12,1.5,1.61,1.14,1
Raith Rovers,8,5,1,2,11,8,3,16,scotland2,0.62,0.75,3,2.0,1.38,1.61,1.33,2
Airdrieonians,8,5,1,2,13,11,2,16,scotland2,0.62,0.75,2,2.0,1.62,1.61,1.33,2
Ayr Utd,8,4,3,1,15,6,9,15,scotland2,0.5,0.88,9,1.88,1.88,2.0,1.14,3
Dunfermline,8,4,2,2,12,10,2,14,scotland2,0.5,0.75,2,1.75,1.5,2.0,1.33,4
Greenock Morton,8,3,2,3,12,12,0,11,scotland2,0.38,0.62,0,1.38,1.5,2.63,1.61,5
Partick Thistle,8,2,4,2,10,11,-1,10,scotland2,0.25,0.75,-1,1.25,1.25,4.0,1.33,6
Hamilton,8,2,1,5,7,16,-9,7,scotland2,0.25,0.38,-9,0.88,0.88,4.0,2.63,7
Queens Park,8,1,0,7,6,19,-13,3,scotland2,0.12,0.12,-13,0.38,0.75,8.33,8.33,8
Arbroath,8,6,1,1,18,5,13,19,scotland3,0.75,0.88,13,2.38,2.25,1.33,1.14,1
Queen of South,8,6,0,2,16,11,5,18,scotland3,0.75,0.75,5,2.25,2.0,1.33,1.33,2
Cove Rangers,8,5,2,1,13,8,5,17,scotland3,0.62,0.88,5,2.12,1.62,1.61,1.14,3
Inverness,8,3,2,3,10,10,0,11,scotland3,0.38,0.62,0,1.38,1.25,2.63,1.61,4
Alloa Athletic,8,3,1,4,12,13,-1,10,scotland3,0.38,0.5,-1,1.25,1.5,2.63,2.0,5
Stenhousemuir,8,2,2,4,8,14,-6,8,scotland3,0.25,0.5,-6,1.0,1.0,4.0,2.0,6
Annan Athletic,8,2,1,5,9,19,-10,7,scotland3,0.25,0.38,-10,0.88,1.12,4.0,2.63,7
Montrose,8,1,3,4,8,14,-6,6,scotland3,0.12,0.5,-6,0.75,1.0,8.33,2.0,8
Kelty Hearts,8,1,3,4,4,15,-11,6,scotland3,0.12,0.5,-11,0.75,0.5,8.33,2.0,8
Dumbarton,8,1,2,5,8,13,-5,5,scotland3,0.12,0.38,-5,0.62,1.0,8.33,2.63,9
Peterhead,8,6,2,0,18,6,12,20,scotland4,0.75,1.0,12,2.5,2.25,1.33,1.0,1
Stirling Albion,8,6,0,2,17,9,8,18,scotland4,0.75,0.75,8,2.25,2.12,1.33,1.33,2
East Fife,8,5,2,1,18,8,10,17,scotland4,0.62,0.88,10,2.12,2.25,1.61,1.14,3
Edinburgh City,8,5,0,3,20,12,8,15,scotland4,0.62,0.62,8,1.88,2.5,1.61,1.61,4
Spartans,8,4,2,2,9,6,3,14,scotland4,0.5,0.75,3,1.75,1.12,2.0,1.33,5
Elgin City,8,4,0,4,9,7,2,12,scotland4,0.5,0.5,2,1.5,1.12,2.0,2.0,6
Clyde,8,3,2,3,9,8,1,11,scotland4,0.38,0.62,1,1.38,1.12,2.63,1.61,7
Stranraer,8,3,1,4,8,7,1,10,scotland4,0.38,0.5,1,1.25,1.0,2.63,2.0,8
Bonnyrigg Rose,8,2,1,5,9,13,-4,7,scotland4,0.25,0.38,-4,0.88,1.12,4.0,2.63,9
Forfar Athletic,8,1,3,4,4,8,-4,6,scotland4,0.12,0.5,-4,0.75,0.5,8.33,2.0,10
Red Star,8,7,1,0,32,8,24,22,serbia,0.88,1.0,24,2.75,4.0,1.14,1.0,1
Partizan,8,5,3,0,18,7,11,18,serbia,0.62,1.0,11,2.25,2.25,1.61,1.0,2
Radnicki 1923,8,5,0,3,10,8,2,15,serbia,0.62,0.62,2,1.88,1.25,1.61,1.61,3
Napredak,8,4,2,2,10,11,-1,14,serbia,0.5,0.75,-1,1.75,1.25,2.0,1.33,4
Novi Pazar,8,4,1,3,16,20,-4,13,serbia,0.5,0.62,-4,1.62,2.0,2.0,1.61,5
OFK Beograd,8,3,3,2,12,8,4,12,serbia,0.38,0.75,4,1.5,1.5,2.63,1.33,6
IMT N. Beograd,8,3,3,2,11,8,3,12,serbia,0.38,0.75,3,1.5,1.38,2.63,1.33,6
Backa Topola,8,4,0,4,15,13,2,12,serbia,0.5,0.5,2,1.5,1.88,2.0,2.0,6
S. Subotica,8,2,4,2,4,5,-1,10,serbia,0.25,0.75,-1,1.25,0.5,4.0,1.33,7
Z. Pancevo,8,2,3,3,13,8,5,9,serbia,0.25,0.62,5,1.12,1.62,4.0,1.61,8
Mladost Lucani,8,2,3,3,9,11,-2,9,serbia,0.25,0.62,-2,1.12,1.12,4.0,1.61,8
Tekstilac Odzac,8,3,0,5,8,11,-3,9,serbia,0.38,0.38,-3,1.12,1.0,2.63,2.63,8
Jedinstvo U.,8,2,2,4,8,11,-3,8,serbia,0.25,0.5,-3,1.0,1.0,4.0,2.0,9
Vojvodina,8,2,2,4,8,12,-4,8,serbia,0.25,0.5,-4,1.0,1.0,4.0,2.0,9
Cukaricki,8,1,3,4,5,8,-3,6,serbia,0.12,0.5,-3,0.75,0.62,8.33,2.0,10
Radnicki Nis,8,1,1,6,9,18,-9,4,serbia,0.12,0.25,-9,0.5,1.12,8.33,4.0,11
R. Surdulica,8,8,0,0,17,3,14,24,serbia2,1.0,1.0,14,3.0,2.12,1.0,1.0,1
Borac Cacak,8,5,1,2,14,7,7,16,serbia2,0.62,0.75,7,2.0,1.75,1.61,1.33,2
Vozdovac,8,4,4,0,8,2,6,16,serbia2,0.5,1.0,6,2.0,1.0,2.0,1.0,2
Javor Ivanjica,8,5,1,2,11,8,3,16,serbia2,0.62,0.75,3,2.0,1.38,1.61,1.33,2
Macva Sabac,8,5,1,2,9,6,3,16,serbia2,0.62,0.75,3,2.0,1.12,1.61,1.33,2
Sloven Ruma,8,4,3,1,11,5,6,15,serbia2,0.5,0.88,6,1.88,1.38,2.0,1.14,3
Mladost,8,4,3,1,9,8,1,15,serbia2,0.5,0.88,1,1.88,1.12,2.0,1.14,3
Dubocica,8,4,1,3,15,13,2,13,serbia2,0.5,0.62,2,1.62,1.88,2.0,1.61,4
S. Mitrovica,8,3,4,1,7,6,1,13,serbia2,0.38,0.88,1,1.62,0.88,2.63,1.14,4
Graficar,8,2,5,1,8,6,2,11,serbia2,0.25,0.88,2,1.38,1.0,4.0,1.14,5
Trajal Krusevac,8,2,4,2,7,6,1,10,serbia2,0.25,0.75,1,1.25,0.88,4.0,1.33,6
Zemun,8,2,4,2,11,12,-1,10,serbia2,0.25,0.75,-1,1.25,1.38,4.0,1.33,6
Vrsac,8,2,2,4,7,6,1,8,serbia2,0.25,0.5,1,1.0,0.88,4.0,2.0,7
Smederevo,8,0,6,2,2,5,-3,6,serbia2,0.0,0.75,-3,0.75,0.25,0.0,1.33,8
Indija,8,1,2,5,9,12,-3,5,serbia2,0.12,0.38,-3,0.62,1.12,8.33,2.63,9
Sloboda Uzice,8,1,2,5,4,10,-6,5,serbia2,0.12,0.38,-6,0.62,0.5,8.33,2.63,9
Lion City,8,6,2,0,22,5,17,20,singapore,0.75,1.0,17,2.5,2.75,1.33,1.0,1
Tampines Rovers,8,4,2,2,20,13,7,14,singapore,0.5,0.75,7,1.75,2.5,2.0,1.33,2
A. Niigata (S),8,4,2,2,16,11,5,14,singapore,0.5,0.75,5,1.75,2.0,2.0,1.33,2
Hougang,8,3,4,1,19,11,8,13,singapore,0.38,0.88,8,1.62,2.38,2.63,1.14,3
Geylang,8,4,0,4,24,17,7,12,singapore,0.5,0.5,7,1.5,3.0,2.0,2.0,4
Khalsa,8,2,2,4,19,23,-4,8,singapore,0.25,0.5,-4,1.0,2.38,4.0,2.0,5
DPMM FC,8,2,2,4,12,18,-6,8,singapore,0.25,0.5,-6,1.0,1.5,4.0,2.0,5
Young Lions,8,0,3,5,9,30,-21,3,singapore,0.0,0.38,-21,0.38,1.12,0.0,2.63,6
Tanjong Pagar,8,1,0,7,7,28,-21,3,singapore,0.12,0.12,-21,0.38,0.88,8.33,8.33,6
Z. Michalovce,8,4,4,0,15,10,5,16,slovakia,0.5,1.0,5,2.0,1.88,2.0,1.0,1
S. Bratislava,8,4,3,1,18,8,10,15,slovakia,0.5,0.88,10,1.88,2.25,2.0,1.14,2
DAC Streda,8,4,3,1,16,7,9,15,slovakia,0.5,0.88,9,1.88,2.0,2.0,1.14,2
Spartak Trnava,8,4,3,1,14,10,4,15,slovakia,0.5,0.88,4,1.88,1.75,2.0,1.14,2
Skalica,8,4,2,2,7,5,2,14,slovakia,0.5,0.75,2,1.75,0.88,2.0,1.33,3
FC Kosice,8,3,4,1,15,10,5,13,slovakia,0.38,0.88,5,1.62,1.88,2.63,1.14,4
Trencin,8,3,4,1,10,9,1,13,slovakia,0.38,0.88,1,1.62,1.25,2.63,1.14,4
Komarno,8,3,3,2,9,6,3,12,slovakia,0.38,0.75,3,1.5,1.12,2.63,1.33,5
Zilina,8,3,3,2,11,13,-2,12,slovakia,0.38,0.75,-2,1.5,1.38,2.63,1.33,5
Podbrezova,8,2,3,3,8,9,-1,9,slovakia,0.25,0.62,-1,1.12,1.0,4.0,1.61,6
Banska Bystrica,8,3,0,5,13,15,-2,9,slovakia,0.38,0.38,-2,1.12,1.62,2.63,2.63,6
Ruzomberok,8,3,0,5,9,16,-7,9,slovakia,0.38,0.38,-7,1.12,1.12,2.63,2.63,6
Presov,8,7,1,0,16,2,14,22,slovakia2,0.88,1.0,14,2.75,2.0,1.14,1.0,1
Puchov,8,5,1,2,16,8,8,16,slovakia2,0.62,0.75,8,2.0,2.0,1.61,1.33,2
Malzenice,8,5,1,2,13,6,7,16,slovakia2,0.62,0.75,7,2.0,1.62,1.61,1.33,2
Zlate Moravce,8,5,1,2,12,5,7,16,slovakia2,0.62,0.75,7,2.0,1.5,1.61,1.33,2
P. Bystrica,8,5,1,2,18,12,6,16,slovakia2,0.62,0.75,6,2.0,2.25,1.61,1.33,2
L. Mikulas,8,4,2,2,12,8,4,14,slovakia2,0.5,0.75,4,1.75,1.5,2.0,1.33,3
Petrzalka,8,4,1,3,11,6,5,13,slovakia2,0.5,0.62,5,1.62,1.38,2.0,1.61,4
S. Bratislava B,8,4,1,3,12,10,2,13,slovakia2,0.5,0.62,2,1.62,1.5,2.0,1.61,4
Pohronie,8,4,1,3,14,13,1,13,slovakia2,0.5,0.62,1,1.62,1.75,2.0,1.61,4
Samorin,8,4,1,3,10,9,1,13,slovakia2,0.5,0.62,1,1.62,1.25,2.0,1.61,4
Zilina B,8,3,2,3,9,7,2,11,slovakia2,0.38,0.62,2,1.38,1.12,2.63,1.61,5
S. Lubovna,8,2,4,2,12,9,3,10,slovakia2,0.25,0.75,3,1.25,1.5,4.0,1.33,6
Humenne,8,3,1,4,6,7,-1,10,slovakia2,0.38,0.5,-1,1.25,0.75,2.63,2.0,6
Zvolen,8,2,2,4,7,11,-4,8,slovakia2,0.25,0.5,-4,1.0,0.88,4.0,2.0,7
NK Olimpija,8,6,2,0,18,2,16,20,slovenia,0.75,1.0,16,2.5,2.25,1.33,1.0,1
Maribor,8,6,0,2,17,8,9,18,slovenia,0.75,0.75,9,2.25,2.12,1.33,1.33,2
Koper,8,4,3,1,14,7,7,15,slovenia,0.5,0.88,7,1.88,1.75,2.0,1.14,3
NK Celje,8,4,2,2,22,13,9,14,slovenia,0.5,0.75,9,1.75,2.75,2.0,1.33,4
Primorje,8,4,2,2,10,6,4,14,slovenia,0.5,0.75,4,1.75,1.25,2.0,1.33,4
Nafta,8,3,4,1,13,10,3,13,slovenia,0.38,0.88,3,1.62,1.62,2.63,1.14,5
Bravo,8,2,5,1,12,10,2,11,slovenia,0.25,0.88,2,1.38,1.5,4.0,1.14,6
Radomlje,8,3,1,4,11,15,-4,10,slovenia,0.38,0.5,-4,1.25,1.38,2.63,2.0,7
Domzale,8,3,0,5,11,12,-1,9,slovenia,0.38,0.38,-1,1.12,1.38,2.63,2.63,8
Mura,8,2,3,3,7,8,-1,9,slovenia,0.25,0.62,-1,1.12,0.88,4.0,1.61,8
Mamelodi S.,8,8,0,0,23,2,21,24,southafrica,1.0,1.0,21,3.0,2.88,1.0,1.0,1
Orlando Pirates,8,7,0,1,18,5,13,21,southafrica,0.88,0.88,13,2.62,2.25,1.14,1.14,2
TS Galaxy,8,5,1,2,12,6,6,16,southafrica,0.62,0.75,6,2.0,1.5,1.61,1.33,3
AmaZulu,8,5,0,3,11,10,1,15,southafrica,0.62,0.62,1,1.88,1.38,1.61,1.61,4
Magesi,8,5,0,3,8,7,1,15,southafrica,0.62,0.62,1,1.88,1.0,1.61,1.61,4
Richards Bay,8,4,2,2,8,5,3,14,southafrica,0.5,0.75,3,1.75,1.0,2.0,1.33,5
Polokwane,8,4,1,3,8,5,3,13,southafrica,0.5,0.62,3,1.62,1.0,2.0,1.61,6
Kaizer Chiefs,8,3,3,2,8,9,-1,12,southafrica,0.38,0.75,-1,1.5,1.0,2.63,1.33,7
Chippa Utd,8,3,2,3,8,6,2,11,southafrica,0.38,0.62,2,1.38,1.0,2.63,1.61,8
Golden Arrows,8,2,5,1,7,6,1,11,southafrica,0.25,0.88,1,1.38,0.88,4.0,1.14,8
Cape Town City,8,3,2,3,7,8,-1,11,southafrica,0.38,0.62,-1,1.38,0.88,2.63,1.61,8
Stellenbosch,8,2,4,2,6,6,0,10,southafrica,0.25,0.75,0,1.25,0.75,4.0,1.33,9
Sekhukhune,8,3,1,4,12,14,-2,10,southafrica,0.38,0.5,-2,1.25,1.5,2.63,2.0,9
Marumo G.,8,2,3,3,6,7,-1,9,southafrica,0.25,0.62,-1,1.12,0.75,4.0,1.61,10
SuperSport Utd,8,1,3,4,2,9,-7,6,southafrica,0.12,0.5,-7,0.75,0.25,8.33,2.0,11
Royal AM,6,1,2,3,6,8,-2,5,southafrica,0.17,0.5,-2,0.83,1.0,5.88,2.0,12
Durban City,8,6,1,1,15,5,10,19,southafrica2,0.75,0.88,10,2.38,1.88,1.33,1.14,1
Baroka,8,5,2,1,18,12,6,17,southafrica2,0.62,0.88,6,2.12,2.25,1.61,1.14,2
Kruger United,8,5,2,1,10,5,5,17,southafrica2,0.62,0.88,5,2.12,1.25,1.61,1.14,2
JDR Stars,8,4,4,0,11,7,4,16,southafrica2,0.5,1.0,4,2.0,1.38,2.0,1.0,3
Venda FC,8,4,3,1,14,5,9,15,southafrica2,0.5,0.88,9,1.88,1.75,2.0,1.14,4
Casric Stars,8,4,3,1,12,7,5,15,southafrica2,0.5,0.88,5,1.88,1.5,2.0,1.14,4
Hungry Lions,8,4,2,2,14,8,6,14,southafrica2,0.5,0.75,6,1.75,1.75,2.0,1.33,5
Highbury,8,4,2,2,10,4,6,14,southafrica2,0.5,0.75,6,1.75,1.25,2.0,1.33,5
Black Leopards,8,3,5,0,11,6,5,14,southafrica2,0.38,1.0,5,1.75,1.38,2.63,1.0,5
Pretoria U.,8,3,4,1,12,10,2,13,southafrica2,0.38,0.88,2,1.62,1.5,2.63,1.14,6
Milford,8,4,0,4,8,8,0,12,southafrica2,0.5,0.5,0,1.5,1.0,2.0,2.0,7
Pretoria C.,8,4,0,4,12,13,-1,12,southafrica2,0.5,0.5,-1,1.5,1.5,2.0,2.0,7
Orbit College,8,2,5,1,7,5,2,11,southafrica2,0.25,0.88,2,1.38,0.88,4.0,1.14,8
Cape Town Spurs,8,2,5,1,8,7,1,11,southafrica2,0.25,0.88,1,1.38,1.0,4.0,1.14,8
Leruma United,8,2,3,3,5,8,-3,9,southafrica2,0.25,0.62,-3,1.12,0.62,4.0,1.61,9
Upington City,8,0,3,5,4,11,-7,3,southafrica2,0.0,0.38,-7,0.38,0.5,0.0,2.63,10
Gwangju,5,3,1,1,7,5,2,10,southkorea,0.6,0.8,2,2.0,1.4,1.67,1.25,1
Seoul,4,2,2,0,7,5,2,8,southkorea,0.5,1.0,2,2.0,1.75,2.0,1.0,2
Gimcheon Sangmu,3,2,1,0,3,0,3,7,southkorea,0.67,1.0,3,2.33,1.0,1.49,1.0,3
Ulsan,5,2,1,2,5,4,1,7,southkorea,0.4,0.6,1,1.4,1.0,2.5,1.67,3
Gangwon,4,2,1,1,3,2,1,7,southkorea,0.5,0.75,1,1.75,0.75,2.0,1.33,3
Pohang Steelers,4,2,1,1,3,4,-1,7,southkorea,0.5,0.75,-1,1.75,0.75,2.0,1.33,3
Suwon City,4,1,3,0,5,4,1,6,southkorea,0.25,1.0,1,1.5,1.25,4.0,1.0,4
Jeonbuk Motors,5,1,3,1,7,7,0,6,southkorea,0.2,0.8,0,1.2,1.4,5.0,1.25,4
Daegu,5,2,0,3,6,6,0,6,southkorea,0.4,0.4,0,1.2,1.2,2.5,2.5,4
Jeju Utd,4,2,0,2,6,6,0,6,southkorea,0.5,0.5,0,1.5,1.5,2.0,2.0,4
Daejeon Citizen,4,1,1,2,2,5,-3,4,southkorea,0.25,0.5,-3,1.0,0.5,4.0,2.0,5
Anyang,3,1,0,2,3,4,-1,3,southkorea,0.33,0.33,-1,1.0,1.0,3.03,3.03,6
Seoul E-Land,5,4,1,0,13,6,7,13,southkorea2,0.8,1.0,7,2.6,2.6,1.25,1.0,1
Incheon Utd,5,4,1,0,8,2,6,13,southkorea2,0.8,1.0,6,2.6,1.6,1.25,1.0,1
Seongnam,4,3,1,0,6,2,4,10,southkorea2,0.75,1.0,4,2.5,1.5,1.33,1.0,2
Suwon Bluewings,3,2,1,0,6,1,5,7,southkorea2,0.67,1.0,5,2.33,2.0,1.49,1.0,3
Bucheon FC,4,2,1,1,7,5,2,7,southkorea2,0.5,0.75,2,1.75,1.75,2.0,1.33,3
Hwaseong,5,1,2,2,5,6,-1,5,southkorea2,0.2,0.6,-1,1.0,1.0,5.0,1.67,4
Busan IPark,5,1,2,2,4,5,-1,5,southkorea2,0.2,0.6,-1,1.0,0.8,5.0,1.67,4
Gyeongnam,3,1,1,1,5,3,2,4,southkorea2,0.33,0.67,2,1.33,1.67,3.03,1.49,5
Asan,2,1,1,0,4,2,2,4,southkorea2,0.5,1.0,2,2.0,2.0,2.0,1.0,5
Cheonan City,5,1,0,4,2,7,-5,3,southkorea2,0.2,0.2,-5,0.6,0.4,5.0,5.0,6
Gimpo,4,0,2,2,4,6,-2,2,southkorea2,0.0,0.5,-2,0.5,1.0,0.0,2.0,7
Ansan Greeners,4,0,1,3,3,7,-4,1,southkorea2,0.0,0.25,-4,0.25,0.75,0.0,4.0,8
Cheongju,0,0,0,0,0,0,0,0,southkorea2,0.0,0.0,0,0.0,0.0,0.0,0.0,9
Jeonnam,0,0,0,0,0,0,0,0,southkorea2,0.0,0.0,0,0.0,0.0,0.0,0.0,9
FC Barcelona,8,6,1,1,22,5,17,19,spain,0.75,0.88,17,2.38,2.75,1.33,1.14,1
Real Madrid,8,6,1,1,19,9,10,19,spain,0.75,0.88,10,2.38,2.38,1.33,1.14,1
Athletic Bilbao,8,5,3,0,18,4,14,18,spain,0.62,1.0,14,2.25,2.25,1.61,1.0,2
Valencia,8,6,0,2,10,7,3,18,spain,0.75,0.75,3,2.25,1.25,1.33,1.33,2
Atletico Madrid,8,5,2,1,13,8,5,17,spain,0.62,0.88,5,2.12,1.62,1.61,1.14,3
Celta Vigo,8,5,1,2,12,8,4,16,spain,0.62,0.75,4,2.0,1.5,1.61,1.33,4
Real Betis,8,4,2,2,13,10,3,14,spain,0.5,0.75,3,1.75,1.62,2.0,1.33,5
Real Sociedad,8,4,1,3,8,8,0,13,spain,0.5,0.62,0,1.62,1.0,2.0,1.61,6
Espanyol,8,2,6,0,8,6,2,12,spain,0.25,1.0,2,1.5,1.0,4.0,1.0,7
Rayo Vallecano,8,3,3,2,11,13,-2,12,spain,0.38,0.75,-2,1.5,1.38,2.63,1.33,7
Mallorca,8,3,2,3,11,13,-2,11,spain,0.38,0.62,-2,1.38,1.38,2.63,1.61,8
Villarreal,8,2,4,2,15,9,6,10,spain,0.25,0.75,6,1.25,1.88,4.0,1.33,9
Osasuna,8,2,4,2,13,13,0,10,spain,0.25,0.75,0,1.25,1.62,4.0,1.33,9
Girona,8,2,2,4,10,12,-2,8,spain,0.25,0.5,-2,1.0,1.25,4.0,2.0,10
Getafe,8,2,2,4,7,10,-3,8,spain,0.25,0.5,-3,1.0,0.88,4.0,2.0,10
Leganes,8,2,2,4,10,14,-4,8,spain,0.25,0.5,-4,1.0,1.25,4.0,2.0,10
Las Palmas,8,2,2,4,9,13,-4,8,spain,0.25,0.5,-4,1.0,1.12,4.0,2.0,10
Sevilla FC,8,1,4,3,7,11,-4,7,spain,0.12,0.62,-4,0.88,0.88,8.33,1.61,11
Valladolid,8,2,1,5,3,18,-15,7,spain,0.25,0.38,-15,0.88,0.38,4.0,2.63,11
Alaves,8,1,2,5,3,8,-5,5,spain,0.12,0.38,-5,0.62,0.38,8.33,2.63,12
Elche,8,8,0,0,16,2,14,24,spain2,1.0,1.0,14,3.0,2.0,1.0,1.0,1
Mirandes,8,6,2,0,18,7,11,20,spain2,0.75,1.0,11,2.5,2.25,1.33,1.0,2
Huesca,8,6,1,1,15,6,9,19,spain2,0.75,0.88,9,2.38,1.88,1.33,1.14,3
Granada,8,5,3,0,16,5,11,18,spain2,0.62,1.0,11,2.25,2.0,1.61,1.0,4
Racing,8,5,2,1,19,8,11,17,spain2,0.62,0.88,11,2.12,2.38,1.61,1.14,5
Levante,8,5,2,1,14,6,8,17,spain2,0.62,0.88,8,2.12,1.75,1.61,1.14,5
Albacete,8,5,1,2,14,9,5,16,spain2,0.62,0.75,5,2.0,1.75,1.61,1.33,6
Burgos,8,5,1,2,10,6,4,16,spain2,0.62,0.75,4,2.0,1.25,1.61,1.33,6
Real Oviedo,8,4,3,1,10,5,5,15,spain2,0.5,0.88,5,1.88,1.25,2.0,1.14,7
Almeria,8,3,5,0,12,7,5,14,spain2,0.38,1.0,5,1.75,1.5,2.63,1.0,8
Tenerife,8,4,2,2,11,7,4,14,spain2,0.5,0.75,4,1.75,1.38,2.0,1.33,8
Cadiz,8,3,4,1,10,5,5,13,spain2,0.38,0.88,5,1.62,1.25,2.63,1.14,9
Eibar,8,3,4,1,10,8,2,13,spain2,0.38,0.88,2,1.62,1.25,2.63,1.14,9
Deportivo,8,3,3,2,13,11,2,12,spain2,0.38,0.75,2,1.5,1.62,2.63,1.33,10
Castellon,8,3,2,3,13,11,2,11,spain2,0.38,0.62,2,1.38,1.62,2.63,1.61,11
Malaga,8,3,2,3,9,7,2,11,spain2,0.38,0.62,2,1.38,1.12,2.63,1.61,11
Cordoba,8,2,2,4,13,13,0,8,spain2,0.25,0.5,0,1.0,1.62,4.0,2.0,12
Real Zaragoza,8,1,5,2,9,11,-2,8,spain2,0.12,0.75,-2,1.0,1.12,8.33,1.33,12
Sporting Gijon,8,1,4,3,7,11,-4,7,spain2,0.12,0.62,-4,0.88,0.88,8.33,1.61,13
Eldense,8,1,2,5,8,16,-8,5,spain2,0.12,0.38,-8,0.62,1.0,8.33,2.63,14
Cartagena,8,0,2,6,2,9,-7,2,spain2,0.0,0.25,-7,0.25,0.25,0.0,4.0,15
Racing Ferrol,8,0,2,6,3,15,-12,2,spain2,0.0,0.25,-12,0.25,0.38,0.0,4.0,15
Merida,8,7,0,1,17,12,5,21,spain4,0.88,0.88,5,2.62,2.12,1.14,1.14,1
Ceuta,8,6,2,0,16,6,10,20,spain4,0.75,1.0,10,2.5,2.0,1.33,1.0,2
Sevilla FC B,8,6,1,1,9,1,8,19,spain4,0.75,0.88,8,2.38,1.12,1.33,1.14,3
Alcorcon,8,5,2,1,12,5,7,17,spain4,0.62,0.88,7,2.12,1.5,1.61,1.14,4
Atletico M. B,8,5,2,1,11,5,6,17,spain4,0.62,0.88,6,2.12,1.38,1.61,1.14,4
Real Madrid B,8,4,4,0,11,5,6,16,spain4,0.5,1.0,6,2.0,1.38,2.0,1.0,5
Hercules,8,4,3,1,14,8,6,15,spain4,0.5,0.88,6,1.88,1.75,2.0,1.14,6
UD Ibiza,8,4,2,2,14,9,5,14,spain4,0.5,0.75,5,1.75,1.75,2.0,1.33,7
Antequera,8,4,2,2,14,13,1,14,spain4,0.5,0.75,1,1.75,1.75,2.0,1.33,7
Sanluqueno,8,3,4,1,9,6,3,13,spain4,0.38,0.88,3,1.62,1.12,2.63,1.14,8
Algeciras,8,3,4,1,7,6,1,13,spain4,0.38,0.88,1,1.62,0.88,2.63,1.14,8
Real Murcia,8,3,2,3,8,7,1,11,spain4,0.38,0.62,1,1.38,1.0,2.63,1.61,9
Fuenlabrada,8,2,4,2,9,7,2,10,spain4,0.25,0.75,2,1.25,1.12,4.0,1.33,10
Recreativo H.,8,2,4,2,8,10,-2,10,spain4,0.25,0.75,-2,1.25,1.0,4.0,1.33,10
Yeclano,8,1,6,1,7,6,1,9,spain4,0.12,0.88,1,1.12,0.88,8.33,1.14,11
Villarreal B,8,2,2,4,9,9,0,8,spain4,0.25,0.5,0,1.0,1.12,4.0,2.0,12
Marbella,8,2,2,4,12,17,-5,8,spain4,0.25,0.5,-5,1.0,1.5,4.0,2.0,12
Intercity,8,1,4,3,9,10,-1,7,spain4,0.12,0.62,-1,0.88,1.12,8.33,1.61,13
Real Betis B,8,2,1,5,8,16,-8,7,spain4,0.25,0.38,-8,0.88,1.0,4.0,2.63,13
Alcoyano,8,1,3,4,6,11,-5,6,spain4,0.12,0.5,-5,0.75,0.75,8.33,2.0,14
Pontevedra,8,8,0,0,15,3,12,24,spain5,1.0,1.0,12,3.0,1.88,1.0,1.0,1
Numancia,8,6,2,0,15,4,11,20,spain5,0.75,1.0,11,2.5,1.88,1.33,1.0,2
Real Aviles,8,5,2,1,14,8,6,17,spain5,0.62,0.88,6,2.12,1.75,1.61,1.14,3
Marino de L.,8,5,1,2,12,5,7,16,spain5,0.62,0.75,7,2.0,1.5,1.61,1.33,4
Langreo,8,4,2,2,11,8,3,14,spain5,0.5,0.75,3,1.75,1.38,2.0,1.33,5
Real Avila,8,4,1,3,12,8,4,13,spain5,0.5,0.62,4,1.62,1.5,2.0,1.61,6
Escobedo,8,3,4,1,6,3,3,13,spain5,0.38,0.88,3,1.62,0.75,2.63,1.14,6
Llanera,8,3,4,1,12,10,2,13,spain5,0.38,0.88,2,1.62,1.5,2.63,1.14,6
Valladolid B,8,3,3,2,9,4,5,12,spain5,0.38,0.75,5,1.5,1.12,2.63,1.33,7
D. Fabril,8,3,3,2,8,4,4,12,spain5,0.38,0.75,4,1.5,1.0,2.63,1.33,7
Coruxo,8,3,3,2,10,7,3,12,spain5,0.38,0.75,3,1.5,1.25,2.63,1.33,7
Rayo Cantabria,8,3,3,2,9,8,1,12,spain5,0.38,0.75,1,1.5,1.12,2.63,1.33,7
Bergantinos,8,3,2,3,14,13,1,11,spain5,0.38,0.62,1,1.38,1.75,2.63,1.61,8
Guijuelo,8,3,2,3,8,10,-2,11,spain5,0.38,0.62,-2,1.38,1.0,2.63,1.61,8
Torrelavega,8,2,4,2,8,3,5,10,spain5,0.25,0.75,5,1.25,1.0,4.0,1.33,9
Compostela,8,2,3,3,9,12,-3,9,spain5,0.25,0.62,-3,1.12,1.12,4.0,1.61,10
Laredo,8,2,3,3,7,11,-4,9,spain5,0.25,0.62,-4,1.12,0.88,4.0,1.61,10
Salamanca CF,8,1,3,4,7,11,-4,6,spain5,0.12,0.5,-4,0.75,0.88,8.33,2.0,11
Teruel,8,7,0,1,17,3,14,21,spain6,0.88,0.88,14,2.62,2.12,1.14,1.14,1
SD Logrones,8,5,1,2,13,5,8,16,spain6,0.62,0.75,8,2.0,1.62,1.61,1.33,2
Utebo,8,5,1,2,15,10,5,16,spain6,0.62,0.75,5,2.0,1.88,1.61,1.33,2
Barbastro,8,4,3,1,11,5,6,15,spain6,0.5,0.88,6,1.88,1.38,2.0,1.14,3
Ejea,8,4,3,1,9,4,5,15,spain6,0.5,0.88,5,1.88,1.12,2.0,1.14,3
UD Logrones,8,3,5,0,13,3,10,14,spain6,0.38,1.0,10,1.75,1.62,2.63,1.0,4
Arenas Club,8,4,2,2,13,8,5,14,spain6,0.5,0.75,5,1.75,1.62,2.0,1.33,4
Real Sociedad C,8,4,1,3,13,11,2,13,spain6,0.5,0.62,2,1.62,1.62,2.0,1.61,5
Alfaro,8,3,4,1,4,2,2,13,spain6,0.38,0.88,2,1.62,0.5,2.63,1.14,5
Calahorra,8,4,1,3,8,9,-1,13,spain6,0.5,0.62,-1,1.62,1.0,2.0,1.61,5
Eibar B,8,3,3,2,9,6,3,12,spain6,0.38,0.75,3,1.5,1.12,2.63,1.33,6
Real Zaragoza B,8,3,1,4,9,13,-4,10,spain6,0.38,0.5,-4,1.25,1.12,2.63,2.0,7
Gernika,8,2,3,3,9,15,-6,9,spain6,0.25,0.62,-6,1.12,1.12,4.0,1.61,8
Alaves B,8,2,1,5,5,8,-3,7,spain6,0.25,0.38,-3,0.88,0.62,4.0,2.63,9
Subiza,8,2,1,5,8,15,-7,7,spain6,0.25,0.38,-7,0.88,1.0,4.0,2.63,9
Tudelano,8,1,2,5,7,12,-5,5,spain6,0.12,0.38,-5,0.62,0.88,8.33,2.63,10
Anguiano,8,1,2,5,7,14,-7,5,spain6,0.12,0.38,-7,0.62,0.88,8.33,2.63,10
Izarra,8,0,2,6,4,13,-9,2,spain6,0.0,0.25,-9,0.25,0.5,0.0,4.0,11
Europa,8,7,1,0,13,5,8,22,spain7,0.88,1.0,8,2.75,1.62,1.14,1.0,1
Espanyol B,8,5,1,2,15,9,6,16,spain7,0.62,0.75,6,2.0,1.88,1.61,1.33,2
Andratx,8,5,1,2,8,8,0,16,spain7,0.62,0.75,0,2.0,1.0,1.61,1.33,2
Valencia B,8,5,0,3,15,9,6,15,spain7,0.62,0.62,6,1.88,1.88,1.61,1.61,3
Cornella,8,4,3,1,15,11,4,15,spain7,0.5,0.88,4,1.88,1.88,2.0,1.14,3
Sant Andreu,8,4,2,2,17,6,11,14,spain7,0.5,0.75,11,1.75,2.12,2.0,1.33,4
A. Baleares,8,3,5,0,13,6,7,14,spain7,0.38,1.0,7,1.75,1.62,2.63,1.0,4
Torrent,8,4,2,2,9,5,4,14,spain7,0.5,0.75,4,1.75,1.12,2.0,1.33,4
SD Ibiza,8,4,1,3,12,10,2,13,spain7,0.5,0.62,2,1.62,1.5,2.0,1.61,5
Elche B,8,4,1,3,11,9,2,13,spain7,0.5,0.62,2,1.62,1.38,2.0,1.61,5
Sabadell,8,3,3,2,12,8,4,12,spain7,0.38,0.75,4,1.5,1.5,2.63,1.33,6
Terrassa,8,3,3,2,6,5,1,12,spain7,0.38,0.75,1,1.5,0.75,2.63,1.33,6
Olot,8,2,3,3,7,8,-1,9,spain7,0.25,0.62,-1,1.12,0.88,4.0,1.61,7
Lleida,8,1,5,2,9,10,-1,8,spain7,0.12,0.75,-1,1.0,1.12,8.33,1.33,8
Pena Deportiva,8,1,4,3,8,10,-2,7,spain7,0.12,0.62,-2,0.88,1.0,8.33,1.61,9
Mallorca B,8,1,1,6,5,12,-7,4,spain7,0.12,0.25,-7,0.5,0.62,8.33,4.0,10
Badalona,8,0,2,6,2,11,-9,2,spain7,0.0,0.25,-9,0.25,0.25,0.0,4.0,11
Alzira,8,0,1,7,4,16,-12,1,spain7,0.0,0.12,-12,0.12,0.5,0.0,8.33,12
La Union,8,6,1,1,11,4,7,19,spain8,0.75,0.88,7,2.38,1.38,1.33,1.14,1
Linares,8,5,1,2,13,6,7,16,spain8,0.62,0.75,7,2.0,1.62,1.61,1.33,2
Torremolinos,8,5,1,2,10,8,2,16,spain8,0.62,0.75,2,2.0,1.25,1.61,1.33,2
CD Estepona,8,4,3,1,14,8,6,15,spain8,0.5,0.88,6,1.88,1.75,2.0,1.14,3
Almeria B,8,5,0,3,11,8,3,15,spain8,0.62,0.62,3,1.88,1.38,1.61,1.61,3
Orihuela,8,4,2,2,5,3,2,14,spain8,0.5,0.75,2,1.75,0.62,2.0,1.33,4
UCAM Murcia,8,3,3,2,8,3,5,12,spain8,0.38,0.75,5,1.5,1.0,2.63,1.33,5
San Fernando,8,3,3,2,11,8,3,12,spain8,0.38,0.75,3,1.5,1.38,2.63,1.33,5
Xerez CD,8,3,3,2,9,7,2,12,spain8,0.38,0.75,2,1.5,1.12,2.63,1.33,5
Cadiz B,8,3,3,2,8,7,1,12,spain8,0.38,0.75,1,1.5,1.0,2.63,1.33,5
Aguilas CF,8,3,3,2,7,7,0,12,spain8,0.38,0.75,0,1.5,0.88,2.63,1.33,5
Antoniano,8,3,3,2,8,9,-1,12,spain8,0.38,0.75,-1,1.5,1.0,2.63,1.33,5
Xerez D. FC,8,3,2,3,5,5,0,11,spain8,0.38,0.62,0,1.38,0.62,2.63,1.61,6
Villanovense,8,3,2,3,9,10,-1,11,spain8,0.38,0.62,-1,1.38,1.12,2.63,1.61,6
D. Minera,8,2,3,3,10,8,2,9,spain8,0.25,0.62,2,1.12,1.25,4.0,1.61,7
Granada B,8,1,3,4,5,9,-4,6,spain8,0.12,0.5,-4,0.75,0.62,8.33,2.0,8
Linense,8,1,2,5,5,11,-6,5,spain8,0.12,0.38,-6,0.62,0.62,8.33,2.63,9
Don Benito,8,0,2,6,3,11,-8,2,spain8,0.0,0.25,-8,0.25,0.38,0.0,4.0,10
Guadalajara,8,7,1,0,14,1,13,22,spain9,0.88,1.0,13,2.75,1.75,1.14,1.0,1
Navalcarnero,8,7,0,1,16,6,10,21,spain9,0.88,0.88,10,2.62,2.0,1.14,1.14,2
Cacereno,8,5,2,1,14,8,6,17,spain9,0.62,0.88,6,2.12,1.75,1.61,1.14,3
CD Coria,8,5,2,1,14,10,4,17,spain9,0.62,0.88,4,2.12,1.75,1.61,1.14,3
S. Sebastian R.,8,5,1,2,11,7,4,16,spain9,0.62,0.75,4,2.0,1.38,1.61,1.33,4
Conquense,8,5,0,3,13,8,5,15,spain9,0.62,0.62,5,1.88,1.62,1.61,1.61,5
Melilla,8,4,3,1,12,7,5,15,spain9,0.5,0.88,5,1.88,1.5,2.0,1.14,5
Tenerife B,8,4,2,2,13,11,2,14,spain9,0.5,0.75,2,1.75,1.62,2.0,1.33,6
Getafe B,8,3,4,1,9,4,5,13,spain9,0.38,0.88,5,1.62,1.12,2.63,1.14,7
Talavera CF,8,3,3,2,13,6,7,12,spain9,0.38,0.75,7,1.5,1.62,2.63,1.33,8
CD Mostoles,8,4,0,4,14,12,2,12,spain9,0.5,0.5,2,1.5,1.75,2.0,2.0,8
Real Madrid C,8,3,3,2,9,7,2,12,spain9,0.38,0.75,2,1.5,1.12,2.63,1.33,8
Union Adarve,8,2,4,2,6,6,0,10,spain9,0.25,0.75,0,1.25,0.75,4.0,1.33,9
R. Majadahonda,8,2,4,2,5,5,0,10,spain9,0.25,0.75,0,1.25,0.62,4.0,1.33,9
Atletico Paso,8,2,3,3,9,10,-1,9,spain9,0.25,0.62,-1,1.12,1.12,4.0,1.61,10
Illescas,8,2,1,5,6,12,-6,7,spain9,0.25,0.38,-6,0.88,0.75,4.0,2.63,11
Colonia M.,8,2,1,5,6,15,-9,7,spain9,0.25,0.38,-9,0.88,0.75,4.0,2.63,11
Yaiza,8,1,2,5,3,12,-9,5,spain9,0.12,0.38,-9,0.62,0.38,8.33,2.63,12
Hammarby,2,2,0,0,6,0,6,6,sweden,1.0,1.0,6,3.0,3.0,1.0,1.0,1
Elfsborg,2,1,1,0,4,2,2,4,sweden,0.5,1.0,2,2.0,2.0,2.0,1.0,2
AIK,2,1,1,0,4,3,1,4,sweden,0.5,1.0,1,2.0,2.0,2.0,1.0,2
Oster,1,1,0,0,2,0,2,3,sweden,1.0,1.0,2,3.0,2.0,1.0,1.0,3
Norrkoping,1,1,0,0,4,3,1,3,sweden,1.0,1.0,1,3.0,4.0,1.0,1.0,3
GAIS,2,1,0,1,2,1,1,3,sweden,0.5,0.5,1,1.5,1.0,2.0,2.0,3
Malmo FF,1,1,0,0,2,1,1,3,sweden,1.0,1.0,1,3.0,2.0,1.0,1.0,3
Degerfors,1,1,0,0,1,0,1,3,sweden,1.0,1.0,1,3.0,1.0,1.0,1.0,3
IFK Goteborg,1,1,0,0,1,0,1,3,sweden,1.0,1.0,1,3.0,1.0,1.0,1.0,3
Hacken,2,1,0,1,2,3,-1,3,sweden,0.5,0.5,-1,1.5,1.0,2.0,2.0,3
Halmstad,2,1,0,1,1,5,-4,3,sweden,0.5,0.5,-4,1.5,0.5,2.0,2.0,3
Mjallby,1,0,1,0,1,1,0,1,sweden,0.0,1.0,0,1.0,1.0,0.0,1.0,4
Djurgarden,1,0,0,1,0,1,-1,0,sweden,0.0,0.0,-1,0.0,0.0,0.0,0.0,5
Varnamo,2,0,0,2,1,3,-2,0,sweden,0.0,0.0,-2,0.0,0.5,0.0,0.0,5
Brommapojkarna,1,0,0,1,0,2,-2,0,sweden,0.0,0.0,-2,0.0,0.0,0.0,0.0,5
Sirius,2,0,0,2,0,4,-4,0,sweden,0.0,0.0,-4,0.0,0.0,0.0,0.0,5
Sandviken,2,1,1,0,2,0,2,4,sweden2,0.5,1.0,2,2.0,1.0,2.0,1.0,1
Landskrona,2,1,1,0,4,3,1,4,sweden2,0.5,1.0,1,2.0,2.0,2.0,1.0,1
Orgryte,2,1,1,0,2,1,1,4,sweden2,0.5,1.0,1,2.0,1.0,2.0,1.0,1
Vasteras,2,1,1,0,2,1,1,4,sweden2,0.5,1.0,1,2.0,1.0,2.0,1.0,1
GIF Sundsvall,1,1,0,0,2,0,2,3,sweden2,1.0,1.0,2,3.0,2.0,1.0,1.0,2
Varberg BoIS,1,1,0,0,2,1,1,3,sweden2,1.0,1.0,1,3.0,2.0,1.0,1.0,2
Kalmar,1,1,0,0,1,0,1,3,sweden2,1.0,1.0,1,3.0,1.0,1.0,1.0,2
Oddevold,2,1,0,1,2,3,-1,3,sweden2,0.5,0.5,-1,1.5,1.0,2.0,2.0,2
Ostersunds,1,0,1,0,3,3,0,1,sweden2,0.0,1.0,0,1.0,3.0,0.0,1.0,3
Falkenberg,1,0,1,0,2,2,0,1,sweden2,0.0,1.0,0,1.0,2.0,0.0,1.0,3
Umea,2,0,1,1,2,3,-1,1,sweden2,0.0,0.5,-1,0.5,1.0,0.0,2.0,3
Brage,2,0,1,1,1,3,-2,1,sweden2,0.0,0.5,-2,0.5,0.5,0.0,2.0,3
Helsingborg,1,0,0,1,1,2,-1,0,sweden2,0.0,0.0,-1,0.0,1.0,0.0,0.0,4
Trelleborg,1,0,0,1,0,1,-1,0,sweden2,0.0,0.0,-1,0.0,0.0,0.0,0.0,4
Utsikten,1,0,0,1,0,2,-2,0,sweden2,0.0,0.0,-2,0.0,0.0,0.0,0.0,4
Orebro,2,0,0,2,0,4,-4,0,sweden2,0.0,0.0,-4,0.0,0.0,0.0,0.0,4
BSC Young Boys,8,6,2,0,19,4,15,20,switzerland,0.75,1.0,15,2.5,2.38,1.33,1.0,1
Luzern,8,5,2,1,18,10,8,17,switzerland,0.62,0.88,8,2.12,2.25,1.61,1.14,2
FC Basel,8,5,1,2,14,7,7,16,switzerland,0.62,0.75,7,2.0,1.75,1.61,1.33,3
St. Gallen,8,4,3,1,12,9,3,15,switzerland,0.5,0.88,3,1.88,1.5,2.0,1.14,4
Servette,8,3,3,2,13,9,4,12,switzerland,0.38,0.75,4,1.5,1.62,2.63,1.33,5
Sion,8,3,3,2,13,11,2,12,switzerland,0.38,0.75,2,1.5,1.62,2.63,1.33,5
Lugano,8,3,3,2,11,12,-1,12,switzerland,0.38,0.75,-1,1.5,1.38,2.63,1.33,5
Lausanne Sport,8,3,2,3,13,10,3,11,switzerland,0.38,0.62,3,1.38,1.62,2.63,1.61,6
Yverdon,8,3,2,3,9,8,1,11,switzerland,0.38,0.62,1,1.38,1.12,2.63,1.61,6
Grasshopper,8,2,4,2,10,9,1,10,switzerland,0.25,0.75,1,1.25,1.25,4.0,1.33,7
Winterthur,8,3,1,4,11,11,0,10,switzerland,0.38,0.5,0,1.25,1.38,2.63,2.0,7
FC Zurich,8,3,1,4,10,15,-5,10,switzerland,0.38,0.5,-5,1.25,1.25,2.63,2.0,7
Etoile Carouge,8,5,3,0,18,7,11,18,switzerland2,0.62,1.0,11,2.25,2.25,1.61,1.0,1
Aarau,8,5,3,0,14,6,8,18,switzerland2,0.62,1.0,8,2.25,1.75,1.61,1.0,1
Thun,8,5,2,1,15,8,7,17,switzerland2,0.62,0.88,7,2.12,1.88,1.61,1.14,2
Vaduz,8,4,2,2,12,9,3,14,switzerland2,0.5,0.75,3,1.75,1.5,2.0,1.33,3
Lausanne Ouchy,8,4,1,3,16,11,5,13,switzerland2,0.5,0.62,5,1.62,2.0,2.0,1.61,4
Wil,8,3,2,3,12,14,-2,11,switzerland2,0.38,0.62,-2,1.38,1.5,2.63,1.61,5
Neuchatel Xamax,8,2,3,3,16,12,4,9,switzerland2,0.25,0.62,4,1.12,2.0,4.0,1.61,6
Bellinzona,8,2,3,3,9,9,0,9,switzerland2,0.25,0.62,0,1.12,1.12,4.0,1.61,6
Stade Nyonnais,8,3,0,5,9,11,-2,9,switzerland2,0.38,0.38,-2,1.12,1.12,2.63,2.63,6
Schaffhausen,8,0,2,6,8,16,-8,2,switzerland2,0.0,0.25,-8,0.25,1.0,0.0,4.0,7
Chiangrai Utd,8,7,0,1,12,3,9,21,thailand,0.88,0.88,9,2.62,1.5,1.14,1.14,1
Bangkok Utd,8,6,2,0,19,9,10,20,thailand,0.75,1.0,10,2.5,2.38,1.33,1.0,2
Buriram Utd,8,6,0,2,32,4,28,18,thailand,0.75,0.75,28,2.25,4.0,1.33,1.33,3
Muang Thong Utd,8,6,0,2,17,9,8,18,thailand,0.75,0.75,8,2.25,2.12,1.33,1.33,3
Pathum Utd,8,6,0,2,11,5,6,18,thailand,0.75,0.75,6,2.25,1.38,1.33,1.33,3
Prachuap,8,5,2,1,17,8,9,17,thailand,0.62,0.88,9,2.12,2.12,1.61,1.14,4
Ratchaburi,8,5,2,1,15,7,8,17,thailand,0.62,0.88,8,2.12,1.88,1.61,1.14,4
Sukhothai,8,4,1,3,14,13,1,13,thailand,0.5,0.62,1,1.62,1.75,2.0,1.61,5
Lamphun Warrior,8,4,1,3,10,10,0,13,thailand,0.5,0.62,0,1.62,1.25,2.0,1.61,5
Uthai Thani,8,3,3,2,11,6,5,12,thailand,0.38,0.75,5,1.5,1.38,2.63,1.33,6
Port FC,8,3,3,2,13,12,1,12,thailand,0.38,0.75,1,1.5,1.62,2.63,1.33,6
N. Bua Pitchaya,8,2,5,1,11,7,4,11,thailand,0.25,0.88,4,1.38,1.38,4.0,1.14,7
Rayong,8,2,3,3,14,17,-3,9,thailand,0.25,0.62,-3,1.12,1.75,4.0,1.61,8
N. Ratchasima,8,2,3,3,14,21,-7,9,thailand,0.25,0.62,-7,1.12,1.75,4.0,1.61,8
Nakhon Pathom,8,2,2,4,11,17,-6,8,thailand,0.25,0.5,-6,1.0,1.38,4.0,2.0,9
Khon Kaen Utd,8,1,2,5,9,17,-8,5,thailand,0.12,0.38,-8,0.62,1.12,8.33,2.63,10
Chonburi,8,7,1,0,24,9,15,22,thailand2,0.88,1.0,15,2.75,3.0,1.14,1.0,1
Ayutthaya Utd,8,6,2,0,17,4,13,20,thailand2,0.75,1.0,13,2.5,2.12,1.33,1.0,2
Lampang,8,5,2,1,18,10,8,17,thailand2,0.62,0.88,8,2.12,2.25,1.61,1.14,3
Kasetsart,8,5,2,1,8,3,5,17,thailand2,0.62,0.88,5,2.12,1.0,1.61,1.14,3
Phrae Utd,8,4,2,2,19,9,10,14,thailand2,0.5,0.75,10,1.75,2.38,2.0,1.33,4
Chainat,8,4,2,2,10,7,3,14,thailand2,0.5,0.75,3,1.75,1.25,2.0,1.33,4
Police Tero,8,4,2,2,9,6,3,14,thailand2,0.5,0.75,3,1.75,1.12,2.0,1.33,4
Sisaket Utd,8,4,2,2,8,6,2,14,thailand2,0.5,0.75,2,1.75,1.0,2.0,1.33,4
Nakhon Si,8,4,1,3,15,12,3,13,thailand2,0.5,0.62,3,1.62,1.88,2.0,1.61,5
Chanthaburi,8,4,1,3,10,8,2,13,thailand2,0.5,0.62,2,1.62,1.25,2.0,1.61,5
Suphanburi,8,3,3,2,19,15,4,12,thailand2,0.38,0.75,4,1.5,2.38,2.63,1.33,6
Trat FC,8,3,2,3,16,13,3,11,thailand2,0.38,0.62,3,1.38,2.0,2.63,1.61,7
Kanchanaburi,8,3,2,3,13,11,2,11,thailand2,0.38,0.62,2,1.38,1.62,2.63,1.61,7
Chiangmai Utd,8,3,2,3,12,13,-1,11,thailand2,0.38,0.62,-1,1.38,1.5,2.63,1.61,7
Bangkok FC,8,2,4,2,9,11,-2,10,thailand2,0.25,0.75,-2,1.25,1.12,4.0,1.33,8
Mahasarakham,8,2,2,4,11,14,-3,8,thailand2,0.25,0.5,-3,1.0,1.38,4.0,2.0,9
Pattaya United,8,2,1,5,4,12,-8,7,thailand2,0.25,0.38,-8,0.88,0.5,4.0,2.63,10
Samut Prakan,0,0,0,0,0,0,0,0,thailand2,0.0,0.0,0,0.0,0.0,0.0,0.0,11
Fenerbahce,8,7,1,0,21,8,13,22,turkey,0.88,1.0,13,2.75,2.62,1.14,1.0,1
Galatasaray,8,6,2,0,19,8,11,20,turkey,0.75,1.0,11,2.5,2.38,1.33,1.0,2
Trabzonspor,8,6,1,1,18,5,13,19,turkey,0.75,0.88,13,2.38,2.25,1.33,1.14,3
Gaziantep,8,6,1,1,11,4,7,19,turkey,0.75,0.88,7,2.38,1.38,1.33,1.14,3
Antalyaspor,8,5,2,1,12,9,3,17,turkey,0.62,0.88,3,2.12,1.5,1.61,1.14,4
Kayserispor,8,5,1,2,14,9,5,16,turkey,0.62,0.75,5,2.0,1.75,1.61,1.33,5
Konyaspor,8,5,1,2,12,8,4,16,turkey,0.62,0.75,4,2.0,1.5,1.61,1.33,5
Goztepe,8,4,3,1,16,6,10,15,turkey,0.5,0.88,10,1.88,2.0,2.0,1.14,6
Kasimpasa,8,4,3,1,19,15,4,15,turkey,0.5,0.88,4,1.88,2.38,2.0,1.14,6
Samsunspor,8,5,0,3,15,11,4,15,turkey,0.62,0.62,4,1.88,1.88,1.61,1.61,6
Alanyaspor,8,5,0,3,16,13,3,15,turkey,0.62,0.62,3,1.88,2.0,1.61,1.61,6
Eyupspor,8,4,2,2,16,9,7,14,turkey,0.5,0.75,7,1.75,2.0,2.0,1.33,7
Besiktas,8,4,2,2,10,8,2,14,turkey,0.5,0.75,2,1.75,1.25,2.0,1.33,7
Basaksehir,8,4,1,3,11,8,3,13,turkey,0.5,0.62,3,1.62,1.38,2.0,1.61,8
Sivasspor,8,3,3,2,16,11,5,12,turkey,0.38,0.75,5,1.5,2.0,2.63,1.33,9
Rizespor,8,3,3,2,13,10,3,12,turkey,0.38,0.75,3,1.5,1.62,2.63,1.33,9
Bodrumspor,8,3,3,2,7,6,1,12,turkey,0.38,0.75,1,1.5,0.88,2.63,1.33,9
Hatayspor,8,2,2,4,10,13,-3,8,turkey,0.25,0.5,-3,1.0,1.25,4.0,2.0,10
Adana Demirspor,8,1,2,5,6,15,-9,5,turkey,0.12,0.38,-9,0.62,0.75,8.33,2.63,11
Istanbulspor,8,7,0,1,21,2,19,21,turkey2,0.88,0.88,19,2.62,2.62,1.14,1.14,1
Kocaelispor,8,6,2,0,21,4,17,20,turkey2,0.75,1.0,17,2.5,2.62,1.33,1.0,2
Genclerbirligi,8,6,1,1,14,4,10,19,turkey2,0.75,0.88,10,2.38,1.75,1.33,1.14,3
Corum,8,5,2,1,19,11,8,17,turkey2,0.62,0.88,8,2.12,2.38,1.61,1.14,4
Umraniyespor,8,4,4,0,8,4,4,16,turkey2,0.5,1.0,4,2.0,1.0,2.0,1.0,5
Erokspor,8,4,3,1,13,8,5,15,turkey2,0.5,0.88,5,1.88,1.62,2.0,1.14,6
Igdir,8,4,2,2,10,4,6,14,turkey2,0.5,0.75,6,1.75,1.25,2.0,1.33,7
Sakaryaspor,8,4,2,2,16,11,5,14,turkey2,0.5,0.75,5,1.75,2.0,2.0,1.33,7
Pendikspor,8,4,2,2,12,8,4,14,turkey2,0.5,0.75,4,1.75,1.5,2.0,1.33,7
Bandirmaspor,8,4,2,2,13,10,3,14,turkey2,0.5,0.75,3,1.75,1.62,2.0,1.33,7
Amed SK,8,3,4,1,12,7,5,13,turkey2,0.38,0.88,5,1.62,1.5,2.63,1.14,8
Boluspor,8,3,4,1,8,5,3,13,turkey2,0.38,0.88,3,1.62,1.0,2.63,1.14,8
F. Karagumruk,8,3,3,2,6,6,0,12,turkey2,0.38,0.75,0,1.5,0.75,2.63,1.33,9
Keciorengucu,8,3,2,3,23,14,9,11,turkey2,0.38,0.62,9,1.38,2.88,2.63,1.61,10
Ankaragucu,8,3,1,4,12,12,0,10,turkey2,0.38,0.5,0,1.25,1.5,2.63,2.0,11
Erzurum BB,8,2,3,3,8,9,-1,9,turkey2,0.25,0.62,-1,1.12,1.0,4.0,1.61,12
Adanaspor,8,2,2,4,7,13,-6,8,turkey2,0.25,0.5,-6,1.0,0.88,4.0,2.0,13
Sanliurfaspor,8,2,1,5,5,9,-4,7,turkey2,0.25,0.38,-4,0.88,0.62,4.0,2.63,14
Manisa BB,8,1,2,5,7,12,-5,5,turkey2,0.12,0.38,-5,0.62,0.88,8.33,2.63,15
Y. Malatyaspor,8,0,0,8,4,32,-28,0,turkey2,0.0,0.0,-28,0.0,0.5,0.0,0.0,16
Sariyer,8,7,1,0,25,6,19,22,turkey3,0.88,1.0,19,2.75,3.12,1.14,1.0,1
B. Petrolspor,8,7,1,0,16,4,12,22,turkey3,0.88,1.0,12,2.75,2.0,1.14,1.0,1
Kastamonuspor,8,6,2,0,15,2,13,20,turkey3,0.75,1.0,13,2.5,1.88,1.33,1.0,2
Iskenderun,8,6,2,0,20,8,12,20,turkey3,0.75,1.0,12,2.5,2.5,1.33,1.0,2
Adana,8,6,1,1,24,6,18,19,turkey3,0.75,0.88,18,2.38,3.0,1.33,1.14,3
B. Anadolu,8,5,1,2,13,11,2,16,turkey3,0.62,0.75,2,2.0,1.62,1.61,1.33,4
Fethiyespor,8,4,3,1,9,5,4,15,turkey3,0.5,0.88,4,1.88,1.12,2.0,1.14,5
Isparta Davrazs,8,4,2,2,14,9,5,14,turkey3,0.5,0.75,5,1.75,1.75,2.0,1.33,6
Inegolspor,8,3,5,0,11,6,5,14,turkey3,0.38,1.0,5,1.75,1.38,2.63,1.0,6
Trabzon FK,8,4,2,2,7,6,1,14,turkey3,0.5,0.75,1,1.75,0.88,2.0,1.33,6
Kirklarelispor,8,4,1,3,11,7,4,13,turkey3,0.5,0.62,4,1.62,1.38,2.0,1.61,7
Altinordu,8,3,4,1,12,10,2,13,turkey3,0.38,0.88,2,1.62,1.5,2.63,1.14,7
Ankaraspor,8,3,3,2,16,6,10,12,turkey3,0.38,0.75,10,1.5,2.0,2.63,1.33,8
Altay,8,4,0,4,10,9,1,12,turkey3,0.5,0.5,1,1.5,1.25,2.0,2.0,8
24 Erzincanspor,8,2,2,4,12,15,-3,8,turkey3,0.25,0.5,-3,1.0,1.5,4.0,2.0,9
Kepez Belediyes,8,2,1,5,7,12,-5,7,turkey3,0.25,0.38,-5,0.88,0.88,4.0,2.63,10
Karakopru,8,1,3,4,9,12,-3,6,turkey3,0.12,0.5,-3,0.75,1.12,8.33,2.0,11
Afyonspor,8,0,0,8,1,27,-26,0,turkey3,0.0,0.0,-26,0.0,0.12,0.0,0.0,12
Elazigspor,8,7,1,0,21,6,15,22,turkey4,0.88,1.0,15,2.75,2.62,1.14,1.0,1
Menemen B.,8,6,2,0,19,9,10,20,turkey4,0.75,1.0,10,2.5,2.38,1.33,1.0,2
Karacabey,8,6,1,1,14,9,5,19,turkey4,0.75,0.88,5,2.38,1.75,1.33,1.14,3
Serik Belediyes,8,5,3,0,24,8,16,18,turkey4,0.62,1.0,16,2.25,3.0,1.61,1.0,4
Van Spor,8,5,3,0,19,6,13,18,turkey4,0.62,1.0,13,2.25,2.38,1.61,1.0,4
Erbaaspor,8,6,0,2,16,10,6,18,turkey4,0.75,0.75,6,2.25,2.0,1.33,1.33,4
Aksaray B.,8,5,2,1,19,10,9,17,turkey4,0.62,0.88,9,2.12,2.38,1.61,1.14,5
Beyoglu Yeni C.,8,5,2,1,18,10,8,17,turkey4,0.62,0.88,8,2.12,2.25,1.61,1.14,5
A. Demirspor,8,4,3,1,12,7,5,15,turkey4,0.5,0.88,5,1.88,1.5,2.0,1.14,6
Diyarbekirspor,8,4,2,2,8,6,2,14,turkey4,0.5,0.75,2,1.75,1.0,2.0,1.33,7
Bucaspor,8,4,1,3,10,10,0,13,turkey4,0.5,0.62,0,1.62,1.25,2.0,1.61,8
Arnavutkoy B.,8,3,2,3,14,16,-2,11,turkey4,0.38,0.62,-2,1.38,1.75,2.63,1.61,9
Derince,8,3,2,3,12,16,-4,11,turkey4,0.38,0.62,-4,1.38,1.5,2.63,1.61,9
Somaspor,8,3,1,4,10,8,2,10,turkey4,0.38,0.5,2,1.25,1.25,2.63,2.0,10
Yeni Mersin,8,3,1,4,9,13,-4,10,turkey4,0.38,0.5,-4,1.25,1.12,2.63,2.0,10
Karaman,8,0,6,2,5,8,-3,6,turkey4,0.0,0.75,-3,0.75,0.62,0.0,1.33,11
Nazillispor,8,1,1,6,8,23,-15,4,turkey4,0.12,0.25,-15,0.5,1.0,8.33,4.0,12
Giresunspor,8,0,2,6,6,19,-13,2,turkey4,0.0,0.25,-13,0.25,0.75,0.0,4.0,13
Duzcespor,8,7,0,1,12,6,6,21,turkey5,0.88,0.88,6,2.62,1.5,1.14,1.14,1
Bursaspor,8,5,3,0,16,4,12,18,turkey5,0.62,1.0,12,2.25,2.0,1.61,1.0,2
Musspor,8,5,3,0,17,8,9,18,turkey5,0.62,1.0,9,2.25,2.12,1.61,1.0,2
Anadolu U.,8,5,3,0,12,3,9,18,turkey5,0.62,1.0,9,2.25,1.5,1.61,1.0,2
Kutahyaspor,8,5,2,1,16,9,7,17,turkey5,0.62,0.88,7,2.12,2.0,1.61,1.14,3
Karsiyaka,8,5,1,2,17,8,9,16,turkey5,0.62,0.75,9,2.0,2.12,1.61,1.33,4
Silifke,8,5,1,2,17,10,7,16,turkey5,0.62,0.75,7,2.0,2.12,1.61,1.33,4
K. Bulvarspor,8,4,1,3,10,9,1,13,turkey5,0.5,0.62,1,1.62,1.25,2.0,1.61,5
Artvin Hopaspor,8,3,3,2,8,7,1,12,turkey5,0.38,0.75,1,1.5,1.0,2.63,1.33,6
Ergene Velimese,8,3,2,3,9,13,-4,11,turkey5,0.38,0.62,-4,1.38,1.12,2.63,1.61,7
Tokat,8,3,1,4,12,9,3,10,turkey5,0.38,0.5,3,1.25,1.5,2.63,2.0,8
Kusadasispor,8,3,1,4,5,10,-5,10,turkey5,0.38,0.5,-5,1.25,0.62,2.63,2.0,8
Kirsehir B.,8,2,2,4,6,16,-10,8,turkey5,0.25,0.5,-10,1.0,0.75,4.0,2.0,9
Elaziz K.,8,1,4,3,7,10,-3,7,turkey5,0.12,0.62,-3,0.88,0.88,8.33,1.61,10
Kahramanmar.,8,1,0,7,6,13,-7,3,turkey5,0.12,0.12,-7,0.38,0.75,8.33,8.33,11
Viven Bornova,8,0,2,6,8,25,-17,2,turkey5,0.0,0.25,-17,0.25,1.0,0.0,4.0,12
Muglaspor,8,6,2,0,9,1,8,20,turkey6,0.75,1.0,8,2.5,1.12,1.33,1.0,1
Beykoz Ishaklis,8,6,1,1,20,5,15,19,turkey6,0.75,0.88,15,2.38,2.5,1.33,1.14,2
Balikesirspor,8,5,1,2,17,6,11,16,turkey6,0.62,0.75,11,2.0,2.12,1.61,1.33,3
Amasyaspor,8,5,1,2,13,6,7,16,turkey6,0.62,0.75,7,2.0,1.62,1.61,1.33,3
Tire 2021 FK,8,4,2,2,18,10,8,14,turkey6,0.5,0.75,8,1.75,2.25,2.0,1.33,4
Usakspor,8,3,4,1,16,8,8,13,turkey6,0.38,0.88,8,1.62,2.0,2.63,1.14,5
Mazidagi,8,3,4,1,10,6,4,13,turkey6,0.38,0.88,4,1.62,1.25,2.63,1.14,5
Inegol Kafkas,8,4,1,3,10,8,2,13,turkey6,0.5,0.62,2,1.62,1.25,2.0,1.61,5
Silivrispor,8,3,3,2,9,7,2,12,turkey6,0.38,0.75,2,1.5,1.12,2.63,1.33,6
Cayelispor,8,3,3,2,5,5,0,12,turkey6,0.38,0.75,0,1.5,0.62,2.63,1.33,6
Turk Metal 1963,8,3,2,3,14,14,0,11,turkey6,0.38,0.62,0,1.38,1.75,2.63,1.61,7
Kelkit,8,2,3,3,7,9,-2,9,turkey6,0.25,0.62,-2,1.12,0.88,4.0,1.61,8
Fatsa B.,8,2,2,4,4,9,-5,8,turkey6,0.25,0.5,-5,1.0,0.5,4.0,2.0,9
Etimesgut,8,1,4,3,7,11,-4,7,turkey6,0.12,0.62,-4,0.88,0.88,8.33,1.61,10
Nevsehirspor,8,0,4,4,4,17,-13,4,turkey6,0.0,0.5,-13,0.5,0.5,0.0,2.0,11
Adiyaman,8,0,0,8,2,22,-20,0,turkey6,0.0,0.0,-20,0.0,0.25,0.0,0.0,12
Corluspor,8,8,0,0,27,10,17,24,turkey7,1.0,1.0,17,3.0,3.38,1.0,1.0,1
Aliaga FAS,8,7,1,0,20,3,17,22,turkey7,0.88,1.0,17,2.75,2.5,1.14,1.0,2
Ayvalikgucu,8,7,1,0,17,8,9,22,turkey7,0.88,1.0,9,2.75,2.12,1.14,1.0,2
Orduspor,8,5,2,1,18,7,11,17,turkey7,0.62,0.88,11,2.12,2.25,1.61,1.14,3
Yozgat Bld Bozo,8,4,3,1,16,10,6,15,turkey7,0.5,0.88,6,1.88,2.0,2.0,1.14,4
Osmaniyespor,8,4,3,1,15,11,4,15,turkey7,0.5,0.88,4,1.88,1.88,2.0,1.14,4
Kucukcekmece,8,3,5,0,12,7,5,14,turkey7,0.38,1.0,5,1.75,1.5,2.63,1.0,5
Viransehir,8,4,1,3,11,9,2,13,turkey7,0.5,0.62,2,1.62,1.38,2.0,1.61,6
1923 M.,8,3,3,2,11,8,3,12,turkey7,0.38,0.75,3,1.5,1.38,2.63,1.33,7
Cankaya FK,8,3,3,2,9,13,-4,12,turkey7,0.38,0.75,-4,1.5,1.12,2.63,1.33,7
Pazarspor,8,3,2,3,8,7,1,11,turkey7,0.38,0.62,1,1.38,1.0,2.63,1.61,8
Bayburt,8,3,1,4,6,8,-2,10,turkey7,0.38,0.5,-2,1.25,0.75,2.63,2.0,9
Alanya 1221,8,2,2,4,6,7,-1,8,turkey7,0.25,0.5,-1,1.0,0.75,4.0,2.0,10
K. Idmanyurdu,8,2,2,4,6,7,-1,8,turkey7,0.25,0.5,-1,1.0,0.75,4.0,2.0,10
Efeler 09,8,2,2,4,6,10,-4,8,turkey7,0.25,0.5,-4,1.0,0.75,4.0,2.0,10
1922 Konyaspor,8,0,4,4,2,8,-6,4,turkey7,0.0,0.5,-6,0.5,0.25,0.0,2.0,11
Mardin BB,8,7,1,0,27,4,23,22,turkey8,0.88,1.0,23,2.75,3.38,1.14,1.0,1
K. Istiklalspor,8,7,1,0,24,9,15,22,turkey8,0.88,1.0,15,2.75,3.0,1.14,1.0,1
Sebat G.,8,7,0,1,25,7,18,21,turkey8,0.88,0.88,18,2.62,3.12,1.14,1.14,2
Agri 1970,8,5,3,0,11,5,6,18,turkey8,0.62,1.0,6,2.25,1.38,1.61,1.0,3
Kirikkale B.,8,4,4,0,12,6,6,16,turkey8,0.5,1.0,6,2.0,1.5,2.0,1.0,4
Polatli B.,8,4,3,1,12,6,6,15,turkey8,0.5,0.88,6,1.88,1.5,2.0,1.14,5
Nigde Belediyes,8,4,3,1,12,7,5,15,turkey8,0.5,0.88,5,1.88,1.5,2.0,1.14,5
Z. Komurspor,8,4,3,1,13,10,3,15,turkey8,0.5,0.88,3,1.88,1.62,2.0,1.14,5
Nilufer B.,8,4,1,3,14,9,5,13,turkey8,0.5,0.62,5,1.62,1.75,2.0,1.61,6
Orduspor 1967,8,3,3,2,17,8,9,12,turkey8,0.38,0.75,9,1.5,2.12,2.63,1.33,7
Denizlispor,8,3,3,2,10,7,3,12,turkey8,0.38,0.75,3,1.5,1.25,2.63,1.33,7
Erciyes,8,3,1,4,9,13,-4,10,turkey8,0.38,0.5,-4,1.25,1.12,2.63,2.0,8
Turgutluspor,8,2,2,4,13,16,-3,8,turkey8,0.25,0.5,-3,1.0,1.62,4.0,2.0,9
Coruhlu,8,2,2,4,9,12,-3,8,turkey8,0.25,0.5,-3,1.0,1.12,4.0,2.0,9
Tepecik,8,1,3,4,5,11,-6,6,turkey8,0.12,0.5,-6,0.75,0.62,8.33,2.0,10
Edirnespor,8,1,3,4,10,17,-7,6,turkey8,0.12,0.5,-7,0.75,1.25,8.33,2.0,10
Shabab Al Ahli,8,6,2,0,14,2,12,20,uae,0.75,1.0,12,2.5,1.75,1.33,1.0,1
Al Sharjah,8,6,1,1,13,2,11,19,uae,0.75,0.88,11,2.38,1.62,1.33,1.14,2
Al Ain,8,5,2,1,17,5,12,17,uae,0.62,0.88,12,2.12,2.12,1.61,1.14,3
Al Wahda,8,5,2,1,19,10,9,17,uae,0.62,0.88,9,2.12,2.38,1.61,1.14,3
Al Wasl,8,4,3,1,17,7,10,15,uae,0.5,0.88,10,1.88,2.12,2.0,1.14,4
Khorfakkan,8,4,3,1,15,9,6,15,uae,0.5,0.88,6,1.88,1.88,2.0,1.14,4
Ajman,8,4,2,2,15,12,3,14,uae,0.5,0.75,3,1.75,1.88,2.0,1.33,5
Al Nasr,8,4,1,3,13,11,2,13,uae,0.5,0.62,2,1.62,1.62,2.0,1.61,6
Al Jazira,8,4,1,3,13,12,1,13,uae,0.5,0.62,1,1.62,1.62,2.0,1.61,6
Ittihad Kalba,8,2,2,4,10,12,-2,8,uae,0.25,0.5,-2,1.0,1.25,4.0,2.0,7
Dibba Al Hisn,8,2,1,5,9,18,-9,7,uae,0.25,0.38,-9,0.88,1.12,4.0,2.63,8
Al Bataeh,8,1,3,4,9,16,-7,6,uae,0.12,0.5,-7,0.75,1.12,8.33,2.0,9
Al Urooba,8,2,0,6,11,19,-8,6,uae,0.25,0.25,-8,0.75,1.38,4.0,4.0,9
Bani Yas,8,1,3,4,7,18,-11,6,uae,0.12,0.5,-11,0.75,0.88,8.33,2.0,9
Dynamo Kyiv,8,7,1,0,20,6,14,22,ukraine,0.88,1.0,14,2.75,2.5,1.14,1.0,1
Shakhtar,8,6,2,0,21,4,17,20,ukraine,0.75,1.0,17,2.5,2.62,1.33,1.0,2
Karpaty Lviv,8,6,2,0,15,0,15,20,ukraine,0.75,1.0,15,2.5,1.88,1.33,1.0,2
Oleksandria,8,6,2,0,15,2,13,20,ukraine,0.75,1.0,13,2.5,1.88,1.33,1.0,2
Veres,8,4,4,0,17,9,8,16,ukraine,0.5,1.0,8,2.0,2.12,2.0,1.0,3
Polessya,8,3,4,1,9,6,3,13,ukraine,0.38,0.88,3,1.62,1.12,2.63,1.14,4
Zorya Luhansk,8,4,0,4,10,11,-1,12,ukraine,0.5,0.5,-1,1.5,1.25,2.0,2.0,5
Kryvbas KR,8,3,2,3,10,10,0,11,ukraine,0.38,0.62,0,1.38,1.25,2.63,1.61,6
Obolon,8,3,2,3,5,9,-4,11,ukraine,0.38,0.62,-4,1.38,0.62,2.63,1.61,6
Chornomorets,8,3,1,4,5,7,-2,10,ukraine,0.38,0.5,-2,1.25,0.62,2.63,2.0,7
Livyi Bereh,8,2,2,4,6,10,-4,8,ukraine,0.25,0.5,-4,1.0,0.75,4.0,2.0,8
LNZ Cherkasy,8,2,1,5,8,11,-3,7,ukraine,0.25,0.38,-3,0.88,1.0,4.0,2.63,9
Inhulets,8,2,1,5,4,7,-3,7,ukraine,0.25,0.38,-3,0.88,0.5,4.0,2.63,9
Rukh Lviv,8,1,3,4,5,10,-5,6,ukraine,0.12,0.5,-5,0.75,0.62,8.33,2.0,10
Vorskla Poltava,8,1,2,5,4,10,-6,5,ukraine,0.12,0.38,-6,0.62,0.5,8.33,2.63,11
Kolos Kovalivka,8,0,4,4,3,7,-4,4,ukraine,0.0,0.5,-4,0.5,0.38,0.0,2.0,12
Dnipro-1,0,0,0,0,0,0,0,0,ukraine,0.0,0.0,0,0.0,0.0,0.0,0.0,13
Defensor S.,6,4,1,1,9,3,6,13,uruguay,0.67,0.83,6,2.17,1.5,1.49,1.2,1
Liverpool M.,5,3,2,0,10,5,5,11,uruguay,0.6,1.0,5,2.2,2.0,1.67,1.0,2
Juventud,5,3,1,1,9,6,3,10,uruguay,0.6,0.8,3,2.0,1.8,1.67,1.25,3
Cerro,6,2,3,1,6,5,1,9,uruguay,0.33,0.83,1,1.5,1.0,3.03,1.2,4
Cerro Largo,6,2,3,1,9,9,0,9,uruguay,0.33,0.83,0,1.5,1.5,3.03,1.2,4
Wanderers,7,1,5,1,6,4,2,8,uruguay,0.14,0.86,2,1.14,0.86,7.14,1.16,5
Montevideo City,5,2,2,1,7,7,0,8,uruguay,0.4,0.8,0,1.6,1.4,2.5,1.25,5
Racing CM,5,2,1,2,5,4,1,7,uruguay,0.4,0.6,1,1.4,1.0,2.5,1.67,6
Nacional,5,1,3,1,8,7,1,6,uruguay,0.2,0.8,1,1.2,1.6,5.0,1.25,7
Plaza Colonia,5,2,0,3,4,4,0,6,uruguay,0.4,0.4,0,1.2,0.8,2.5,2.5,7
Danubio,6,0,5,1,5,6,-1,5,uruguay,0.0,0.83,-1,0.83,0.83,0.0,1.2,8
Miramar Misione,6,1,2,3,4,6,-2,5,uruguay,0.17,0.5,-2,0.83,0.67,5.88,2.0,8
Progreso,6,1,2,3,7,13,-6,5,uruguay,0.17,0.5,-6,0.83,1.17,5.88,2.0,8
Boston River,5,1,1,3,4,7,-3,4,uruguay,0.2,0.4,-3,0.8,0.8,5.0,2.5,9
River Plate,5,1,1,3,3,6,-3,4,uruguay,0.2,0.4,-3,0.8,0.6,5.0,2.5,9
Penarol,5,1,1,3,5,10,-5,4,uruguay,0.2,0.4,-5,0.8,1.0,5.0,2.5,9
Nacional,4,3,1,0,8,2,6,10,uruguay2,0.75,1.0,6,2.5,2.0,1.33,1.0,1
Wanderers,4,3,0,1,8,5,3,9,uruguay2,0.75,0.75,3,2.25,2.0,1.33,1.33,2
Penarol,4,2,2,0,5,2,3,8,uruguay2,0.5,1.0,3,2.0,1.25,2.0,1.0,3
Cerro,4,2,1,1,7,2,5,7,uruguay2,0.5,0.75,5,1.75,1.75,2.0,1.33,4
Fenix,4,2,1,1,6,4,2,7,uruguay2,0.5,0.75,2,1.75,1.5,2.0,1.33,4
Boston River,4,2,0,2,5,5,0,6,uruguay2,0.5,0.5,0,1.5,1.25,2.0,2.0,5
Progreso,4,2,0,2,4,5,-1,6,uruguay2,0.5,0.5,-1,1.5,1.0,2.0,2.0,5
Danubio,3,2,0,1,4,6,-2,6,uruguay2,0.67,0.67,-2,2.0,1.33,1.49,1.49,5
Rampla Juniors,3,1,1,1,5,5,0,4,uruguay2,0.33,0.67,0,1.33,1.67,3.03,1.49,6
Miramar Misione,3,1,1,1,3,3,0,4,uruguay2,0.33,0.67,0,1.33,1.0,3.03,1.49,6
Cerro Largo,4,1,1,2,3,7,-4,4,uruguay2,0.25,0.5,-4,1.0,0.75,4.0,2.0,6
Racing CM,3,1,0,2,2,3,-1,3,uruguay2,0.33,0.33,-1,1.0,0.67,3.03,3.03,7
Liverpool M.,3,1,0,2,1,2,-1,3,uruguay2,0.33,0.33,-1,1.0,0.33,3.03,3.03,7
Defensor S.,3,0,2,1,2,3,-1,2,uruguay2,0.0,0.67,-1,0.67,0.67,0.0,1.49,8
River Plate,3,0,2,1,4,6,-2,2,uruguay2,0.0,0.67,-2,0.67,1.33,0.0,1.49,8
D. Maldonado,3,0,1,2,2,6,-4,1,uruguay2,0.0,0.33,-4,0.33,0.67,0.0,3.03,9
Charlotte,4,4,0,0,10,2,8,12,usa,1.0,1.0,8,3.0,2.5,1.0,1.0,1
Vancouver,5,4,0,1,12,5,7,12,usa,0.8,0.8,7,2.4,2.4,1.25,1.25,1
Nashville SC,5,3,1,1,8,3,5,10,usa,0.6,0.8,5,2.0,1.6,1.67,1.25,2
New York RB,4,3,1,0,8,4,4,10,usa,0.75,1.0,4,2.5,2.0,1.33,1.0,2
Cincinnati,4,3,1,0,6,2,4,10,usa,0.75,1.0,4,2.5,1.5,1.33,1.0,2
New York City,4,3,0,1,6,4,2,9,usa,0.75,0.75,2,2.25,1.5,1.33,1.33,3
Los Angeles FC,4,3,0,1,4,2,2,9,usa,0.75,0.75,2,2.25,1.0,1.33,1.33,3
San Diego,4,2,2,0,7,3,4,8,usa,0.5,1.0,4,2.0,1.75,2.0,1.0,4
Columbus Crew,4,2,2,0,6,3,3,8,usa,0.5,1.0,3,2.0,1.5,2.0,1.0,4
Inter Miami,4,2,2,0,6,4,2,8,usa,0.5,1.0,2,2.0,1.5,2.0,1.0,4
Atlanta Utd,6,2,2,2,9,9,0,8,usa,0.33,0.67,0,1.33,1.5,3.03,1.49,4
SJ Earthquakes,5,2,1,2,12,5,7,7,usa,0.4,0.6,7,1.4,2.4,2.5,1.67,5
Orlando City,4,2,1,1,10,7,3,7,usa,0.5,0.75,3,1.75,2.5,2.0,1.33,5
Minnesota Utd,3,2,1,0,5,2,3,7,usa,0.67,1.0,3,2.33,1.67,1.49,1.0,5
Philadelphia,4,2,1,1,6,4,2,7,usa,0.5,0.75,2,1.75,1.5,2.0,1.33,5
Austin,4,2,1,1,3,2,1,7,usa,0.5,0.75,1,1.75,0.75,2.0,1.33,5
Colorado Rapids,4,2,1,1,8,8,0,7,usa,0.5,0.75,0,1.75,2.0,2.0,1.33,5
Portland,4,2,1,1,6,6,0,7,usa,0.5,0.75,0,1.75,1.5,2.0,1.33,5
Real Salt Lake,4,2,0,2,5,4,1,6,usa,0.5,0.5,1,1.5,1.25,2.0,2.0,6
Seattle,3,1,2,0,7,4,3,5,usa,0.33,1.0,3,1.67,2.33,3.03,1.0,7
DC United,5,1,2,2,5,6,-1,5,usa,0.2,0.6,-1,1.0,1.0,5.0,1.67,7
St. Louis City,4,1,1,2,2,3,-1,4,usa,0.25,0.5,-1,1.0,0.5,4.0,2.0,8
Sporting KC,5,1,1,3,8,11,-3,4,usa,0.2,0.4,-3,0.8,1.6,5.0,2.5,8
Chicago Fire,3,0,3,0,3,3,0,3,usa,0.0,1.0,0,1.0,1.0,0.0,1.0,9
New England,3,1,0,2,2,4,-2,3,usa,0.33,0.33,-2,1.0,0.67,3.03,3.03,9
Dallas,4,1,0,3,3,6,-3,3,usa,0.25,0.25,-3,0.75,0.75,4.0,4.0,9
Houston Dynamo,4,1,0,3,4,8,-4,3,usa,0.25,0.25,-4,0.75,1.0,4.0,4.0,9
Toronto,3,0,2,1,1,2,-1,2,usa,0.0,0.67,-1,0.67,0.33,0.0,1.49,10
LA Galaxy,4,0,1,3,2,8,-6,1,usa,0.0,0.25,-6,0.25,0.5,0.0,4.0,11
Monterey Bay,3,3,0,0,8,4,4,9,usa2,1.0,1.0,4,3.0,2.67,1.0,1.0,1
Charleston,4,3,0,1,7,4,3,9,usa2,0.75,0.75,3,2.25,1.75,1.33,1.33,1
Orange County,4,2,1,1,8,8,0,7,usa2,0.5,0.75,0,1.75,2.0,2.0,1.33,2
Loudoun Utd,2,2,0,0,4,0,4,6,usa2,1.0,1.0,4,3.0,2.0,1.0,1.0,3
Louisville City,2,2,0,0,4,0,4,6,usa2,1.0,1.0,4,3.0,2.0,1.0,1.0,3
Pittsburgh,2,2,0,0,3,0,3,6,usa2,1.0,1.0,3,3.0,1.5,1.0,1.0,3
New Mexico,2,2,0,0,2,0,2,6,usa2,1.0,1.0,2,3.0,1.0,1.0,1.0,3
San Antonio,4,2,0,2,5,4,1,6,usa2,0.5,0.5,1,1.5,1.25,2.0,2.0,3
Las Vegas L.,3,2,0,1,4,3,1,6,usa2,0.67,0.67,1,2.0,1.33,1.49,1.49,3
FC Tulsa,4,2,0,2,3,3,0,6,usa2,0.5,0.5,0,1.5,0.75,2.0,2.0,3
El Paso,3,1,2,0,8,7,1,5,usa2,0.33,1.0,1,1.67,2.67,3.03,1.0,4
Lexington,4,1,2,1,5,4,1,5,usa2,0.25,0.75,1,1.25,1.25,4.0,1.33,4
Sacramento R.,3,1,2,0,5,4,1,5,usa2,0.33,1.0,1,1.67,1.67,3.03,1.0,4
Birmingham L.,3,1,1,1,5,5,0,4,usa2,0.33,0.67,0,1.33,1.67,3.03,1.49,5
North Carolina,3,1,1,1,4,4,0,4,usa2,0.33,0.67,0,1.33,1.33,3.03,1.49,5
Detroit City,2,0,2,0,2,2,0,2,usa2,0.0,1.0,0,1.0,1.0,0.0,1.0,6
Indy Eleven,2,0,1,1,4,5,-1,1,usa2,0.0,0.5,-1,0.5,2.0,0.0,2.0,7
Phoenix Rising,3,0,1,2,4,6,-2,1,usa2,0.0,0.33,-2,0.33,1.33,0.0,3.03,7
Oakland Roots,3,0,1,2,1,5,-4,1,usa2,0.0,0.33,-4,0.33,0.33,0.0,3.03,7
Rhode Island,0,0,0,0,0,0,0,0,usa2,0.0,0.0,0,0.0,0.0,0.0,0.0,8
Colorado S.,1,0,0,1,1,2,-1,0,usa2,0.0,0.0,-1,0.0,1.0,0.0,0.0,8
Hartford A.,1,0,0,1,1,2,-1,0,usa2,0.0,0.0,-1,0.0,1.0,0.0,0.0,8
Tampa Bay,1,0,0,1,1,2,-1,0,usa2,0.0,0.0,-1,0.0,1.0,0.0,0.0,8
Miami FC,4,0,0,4,2,8,-6,0,usa2,0.0,0.0,-6,0.0,0.5,0.0,0.0,8
Naples,4,2,2,0,5,2,3,8,usa3,0.5,1.0,3,2.0,1.25,2.0,1.0,1
Greenville,5,2,1,2,5,6,-1,7,usa3,0.4,0.6,-1,1.4,1.0,2.5,1.67,2
Alta,2,2,0,0,5,2,3,6,usa3,1.0,1.0,3,3.0,2.5,1.0,1.0,3
Richmond K.,3,2,0,1,5,3,2,6,usa3,0.67,0.67,2,2.0,1.67,1.49,1.49,3
Tormenta,4,2,0,2,7,8,-1,6,usa3,0.5,0.5,-1,1.5,1.75,2.0,2.0,3
Spokane V.,4,1,2,1,6,4,2,5,usa3,0.25,0.75,2,1.25,1.5,4.0,1.33,4
Charlotte I.,3,1,2,0,2,1,1,5,usa3,0.33,1.0,1,1.67,0.67,3.03,1.0,4
Chattanooga RW,1,0,1,0,2,2,0,1,usa3,0.0,1.0,0,1.0,2.0,0.0,1.0,5
Forward Madison,0,0,0,0,0,0,0,0,usa3,0.0,0.0,0,0.0,0.0,0.0,0.0,6
One Knoxville,0,0,0,0,0,0,0,0,usa3,0.0,0.0,0,0.0,0.0,0.0,0.0,6
Portland Hearts,0,0,0,0,0,0,0,0,usa3,0.0,0.0,0,0.0,0.0,0.0,0.0,6
Union Omaha,0,0,0,0,0,0,0,0,usa3,0.0,0.0,0,0.0,0.0,0.0,0.0,6
Westchester SC,0,0,0,0,0,0,0,0,usa3,0.0,0.0,0,0.0,0.0,0.0,0.0,6
Texoma,3,0,0,3,1,8,-7,0,usa3,0.0,0.0,-7,0.0,0.33,0.0,0.0,6
Rayo Zuliano,6,4,2,0,8,2,6,14,venezuela,0.67,1.0,6,2.33,1.33,1.49,1.0,1
D. Tachira,6,3,3,0,6,3,3,12,venezuela,0.5,1.0,3,2.0,1.0,2.0,1.0,2
D. La Guaira,5,3,2,0,9,4,5,11,venezuela,0.6,1.0,5,2.2,1.8,1.67,1.0,3
Carabobo,5,3,2,0,5,2,3,11,venezuela,0.6,1.0,3,2.2,1.0,1.67,1.0,3
Puerto Cabello,5,3,1,1,6,5,1,10,venezuela,0.6,0.8,1,2.0,1.2,1.67,1.25,4
Monagas,6,3,1,2,9,11,-2,10,venezuela,0.5,0.67,-2,1.67,1.5,2.0,1.49,4
A. Anzoategui,6,2,3,1,7,4,3,9,venezuela,0.33,0.83,3,1.5,1.17,3.03,1.2,5
UCV,5,2,3,0,5,3,2,9,venezuela,0.4,1.0,2,1.8,1.0,2.5,1.0,5
Portuguesa,6,3,0,3,8,9,-1,9,venezuela,0.5,0.5,-1,1.5,1.33,2.0,2.0,5
Metropolitanos,5,2,2,1,7,4,3,8,venezuela,0.4,0.8,3,1.6,1.4,2.5,1.25,6
Caracas,5,2,2,1,2,1,1,8,venezuela,0.4,0.8,1,1.6,0.4,2.5,1.25,6
Zamora,5,2,0,3,5,5,0,6,venezuela,0.4,0.4,0,1.2,1.0,2.5,2.5,7
E. Merida,6,2,0,4,9,11,-2,6,venezuela,0.33,0.33,-2,1.0,1.5,3.03,3.03,7
Yaracuyanos,6,0,3,3,6,12,-6,3,venezuela,0.0,0.5,-6,0.5,1.0,0.0,2.0,8
AGMK,3,2,1,0,4,1,3,7,uzbekistan,0.67,1.0,3,2.33,1.33,1.49,1.0,1
Nasaf Qarshi,3,2,1,0,2,0,2,7,uzbekistan,0.67,1.0,2,2.33,0.67,1.49,1.0,1
Bunyodkor,3,1,2,0,5,3,2,5,uzbekistan,0.33,1.0,2,1.67,1.67,3.03,1.0,2
Navbahor,3,1,2,0,4,2,2,5,uzbekistan,0.33,1.0,2,1.67,1.33,3.03,1.0,2
Kokand-1912,3,1,2,0,2,1,1,5,uzbekistan,0.33,1.0,1,1.67,0.67,3.03,1.0,2
Neftchi,2,1,1,0,3,2,1,4,uzbekistan,0.5,1.0,1,2.0,1.5,2.0,1.0,3
Andijan,2,1,1,0,2,1,1,4,uzbekistan,0.5,1.0,1,2.0,1.0,2.0,1.0,3
D. Samarqand,2,1,1,0,2,1,1,4,uzbekistan,0.5,1.0,1,2.0,1.0,2.0,1.0,3
Pakhtakor,3,1,0,2,7,4,3,3,uzbekistan,0.33,0.33,3,1.0,2.33,3.03,3.03,4
Sogdiana,2,1,0,1,4,3,1,3,uzbekistan,0.5,0.5,1,1.5,2.0,2.0,2.0,4
Qizilqum,2,1,0,1,3,3,0,3,uzbekistan,0.5,0.5,0,1.5,1.5,2.0,2.0,4
Termez Surkhon,2,1,0,1,3,3,0,3,uzbekistan,0.5,0.5,0,1.5,1.5,2.0,2.0,4
Buxoro,2,1,0,1,2,2,0,3,uzbekistan,0.5,0.5,0,1.5,1.0,2.0,2.0,4
Xorazm,3,1,0,2,3,5,-2,3,uzbekistan,0.33,0.33,-2,1.0,1.0,3.03,3.03,4
Mashal,2,1,0,1,2,4,-2,3,uzbekistan,0.5,0.5,-2,1.5,1.0,2.0,2.0,4
Shurtan,2,0,0,2,1,6,-5,0,uzbekistan,0.0,0.0,-5,0.0,0.5,0.0,0.0,5
Cong An Nhan,8,5,3,0,18,8,10,18,vietnam,0.62,1.0,10,2.25,2.25,1.61,1.0,1
Nam Dinh,8,5,1,2,17,8,9,16,vietnam,0.62,0.75,9,2.0,2.12,1.61,1.33,2
Ha Noi,8,4,3,1,14,8,6,15,vietnam,0.5,0.88,6,1.88,1.75,2.0,1.14,3
Binh Duong,8,4,2,2,16,12,4,14,vietnam,0.5,0.75,4,1.75,2.0,2.0,1.33,4
Gia Lai,8,3,4,1,11,7,4,13,vietnam,0.38,0.88,4,1.62,1.38,2.63,1.14,5
Hai Phong,8,4,1,3,9,6,3,13,vietnam,0.5,0.62,3,1.62,1.12,2.0,1.61,5
Thanh Hoa,8,2,6,0,11,8,3,12,vietnam,0.25,1.0,3,1.5,1.38,4.0,1.0,6
Ho Chi Minh,8,3,3,2,7,9,-2,12,vietnam,0.38,0.75,-2,1.5,0.88,2.63,1.33,6
Song Lam Nghe,8,3,3,2,5,8,-3,12,vietnam,0.38,0.75,-3,1.5,0.62,2.63,1.33,6
Viettel,8,3,2,3,9,10,-1,11,vietnam,0.38,0.62,-1,1.38,1.12,2.63,1.61,7
Hong Linh Ha T.,8,1,7,0,6,5,1,10,vietnam,0.12,1.0,1,1.25,0.75,8.33,1.0,8
Quang Nam,8,2,3,3,9,9,0,9,vietnam,0.25,0.62,0,1.12,1.12,4.0,1.61,9
Binh Dinh,8,2,2,4,6,10,-4,8,vietnam,0.25,0.5,-4,1.0,0.75,4.0,2.0,10
Da Nang,8,0,5,3,6,11,-5,5,vietnam,0.0,0.62,-5,0.62,0.75,0.0,1.61,11
Phu Dong,6,6,0,0,13,1,12,18,vietnam2,1.0,1.0,12,3.0,2.17,1.0,1.0,1
PVF-CAND,7,5,0,2,10,7,3,15,vietnam2,0.71,0.71,3,2.14,1.43,1.41,1.41,2
Binh Phuoc,6,3,2,1,10,6,4,11,vietnam2,0.5,0.83,4,1.83,1.67,2.0,1.2,3
Ba Ria Vung Tau,6,3,1,2,9,8,1,10,vietnam2,0.5,0.67,1,1.67,1.5,2.0,1.49,4
Dong Thap,6,2,2,2,3,2,1,8,vietnam2,0.33,0.67,1,1.33,0.5,3.03,1.49,5
Hoa Binh,7,1,5,1,4,5,-1,8,vietnam2,0.14,0.86,-1,1.14,0.57,7.14,1.16,5
S. Khanh Hoa,6,2,1,3,4,5,-1,7,vietnam2,0.33,0.5,-1,1.17,0.67,3.03,2.0,6
Ho Chi Minh B,6,1,3,2,5,7,-2,6,vietnam2,0.17,0.67,-2,1.0,0.83,5.88,1.49,7
Long An,7,1,3,3,4,7,-3,6,vietnam2,0.14,0.57,-3,0.86,0.57,7.14,1.75,7
Dong Nai,6,0,3,3,1,5,-4,3,vietnam2,0.0,0.5,-4,0.5,0.17,0.0,2.0,8
Hue,7,0,2,5,5,13,-8,2,vietnam2,0.0,0.29,-8,0.29,0.71,0.0,3.45,9
The New Saints,8,8,0,0,25,7,18,24,wales,1.0,1.0,18,3.0,3.12,1.0,1.0,1
Flint,8,7,0,1,18,7,11,21,wales,0.88,0.88,11,2.62,2.25,1.14,1.14,2
Penybont,8,5,3,0,11,5,6,18,wales,0.62,1.0,6,2.25,1.38,1.61,1.0,3
Haverfordwest,8,5,2,1,16,7,9,17,wales,0.62,0.88,9,2.12,2.0,1.61,1.14,4
Barry,8,5,1,2,14,11,3,16,wales,0.62,0.75,3,2.0,1.75,1.61,1.33,5
Connahs Quay,8,4,1,3,16,8,8,13,wales,0.5,0.62,8,1.62,2.0,2.0,1.61,6
Caernarfon,8,4,1,3,18,16,2,13,wales,0.5,0.62,2,1.62,2.25,2.0,1.61,6
Cardiff MU,8,4,1,3,12,16,-4,13,wales,0.5,0.62,-4,1.62,1.5,2.0,1.61,6
Briton Ferry,8,3,2,3,13,12,1,11,wales,0.38,0.62,1,1.38,1.62,2.63,1.61,7
Bala Town,8,2,3,3,5,8,-3,9,wales,0.25,0.62,-3,1.12,0.62,4.0,1.61,8
Aberystwyth,8,2,1,5,9,14,-5,7,wales,0.25,0.38,-5,0.88,1.12,4.0,2.63,9
Newtown,8,0,3,5,10,18,-8,3,wales,0.0,0.38,-8,0.38,1.25,0.0,2.63,10
