Equipe_Fora,GP,W,D,L,GF,GA,GD,Pts_Away,Liga,PIA,PIA_HA,GD_Away,GF_AVG_Away,Odd_Justa_MO,Odd_Justa_HA,Rank_Away
MC Alger,5,3,2,0,5,2,3,11,algeria,0.6,1.0,3,1.0,1.67,1.0,1
CR Belouizdad,6,2,3,1,5,2,3,9,algeria,0.33,0.83,3,0.83,3.03,1.2,2
JS Kabylie,5,2,2,1,7,5,2,8,algeria,0.4,0.8,2,1.4,2.5,1.25,3
O. Akbou,6,2,1,3,6,6,0,7,algeria,0.33,0.5,0,1.0,3.03,2.0,4
USM Alger,6,1,4,1,2,2,0,7,algeria,0.17,0.83,0,0.33,5.88,1.2,4
ES Setif,6,2,1,3,7,8,-1,7,algeria,0.33,0.5,-1,1.17,3.03,2.0,4
ASO Chlef,8,1,4,3,3,7,-4,7,algeria,0.12,0.62,-4,0.38,8.33,1.61,4
Paradou AC,5,1,3,1,6,6,0,6,algeria,0.2,0.8,0,1.2,5.0,1.25,5
Biskra,7,1,3,3,4,6,-2,6,algeria,0.14,0.57,-2,0.57,7.14,1.75,5
El Bayadh,7,2,0,5,4,10,-6,6,algeria,0.29,0.29,-6,0.57,3.45,3.45,5
CS Constantine,5,1,2,2,4,5,-1,5,algeria,0.2,0.6,-1,0.8,5.0,1.67,6
Mostaganem,8,1,2,5,4,10,-6,5,algeria,0.12,0.38,-6,0.5,8.33,2.63,6
Khenchela,5,0,3,2,2,7,-5,3,algeria,0.0,0.6,-5,0.4,0.0,1.67,7
NC Magra,8,0,2,6,3,12,-9,2,algeria,0.0,0.25,-9,0.38,0.0,4.0,8
MC Oran,6,0,1,5,5,11,-6,1,algeria,0.0,0.17,-6,0.83,0.0,5.88,9
JS Saoura,7,0,1,6,3,14,-11,1,algeria,0.0,0.14,-11,0.43,0.0,7.14,9
Tigre,8,4,2,2,7,4,3,14,argentina,0.5,0.75,3,0.88,2.0,1.33,1
T. de Cordoba,8,4,2,2,8,9,-1,14,argentina,0.5,0.75,-1,1.0,2.0,1.33,1
Central Cordoba,8,3,3,2,9,8,1,12,argentina,0.38,0.75,1,1.12,2.63,1.33,2
River Plate,8,3,3,2,7,6,1,12,argentina,0.38,0.75,1,0.88,2.63,1.33,2
Belgrano,8,2,5,1,10,7,3,11,argentina,0.25,0.88,3,1.25,4.0,1.14,3
Velez Sarsfield,8,2,4,2,9,7,2,10,argentina,0.25,0.75,2,1.12,4.0,1.33,4
Platense,8,2,4,2,5,4,1,10,argentina,0.25,0.75,1,0.62,4.0,1.33,4
Estudiantes,8,2,4,2,12,13,-1,10,argentina,0.25,0.75,-1,1.5,4.0,1.33,4
Barracas C.,8,3,1,4,4,7,-3,10,argentina,0.38,0.5,-3,0.5,2.63,2.0,4
Racing Club,8,3,0,5,8,10,-2,9,argentina,0.38,0.38,-2,1.0,2.63,2.63,5
San Lorenzo,8,2,3,3,4,6,-2,9,argentina,0.25,0.62,-2,0.5,4.0,1.61,5
Lanus,8,2,3,3,7,10,-3,9,argentina,0.25,0.62,-3,0.88,4.0,1.61,5
Independiente,8,1,5,2,5,5,0,8,argentina,0.12,0.75,0,0.62,8.33,1.33,6
Defensa y J.,8,2,2,4,11,12,-1,8,argentina,0.25,0.5,-1,1.38,4.0,2.0,6
Huracan,8,2,2,4,8,11,-3,8,argentina,0.25,0.5,-3,1.0,4.0,2.0,6
Godoy Cruz,8,2,2,4,9,13,-4,8,argentina,0.25,0.5,-4,1.12,4.0,2.0,6
Boca Juniors,8,2,2,4,5,9,-4,8,argentina,0.25,0.5,-4,0.62,4.0,2.0,6
I. Rivadavia,8,2,2,4,7,12,-5,8,argentina,0.25,0.5,-5,0.88,4.0,2.0,6
Gimnasia,8,1,4,3,3,5,-2,7,argentina,0.12,0.62,-2,0.38,8.33,1.61,7
D. Riestra,8,0,6,2,4,7,-3,6,argentina,0.0,0.75,-3,0.5,0.0,1.33,8
Newells,8,1,3,4,6,12,-6,6,argentina,0.12,0.5,-6,0.75,8.33,2.0,8
Rosario Central,8,1,3,4,5,11,-6,6,argentina,0.12,0.5,-6,0.62,8.33,2.0,8
Banfield,8,1,3,4,5,12,-7,6,argentina,0.12,0.5,-7,0.62,8.33,2.0,8
Instituto,8,1,2,5,7,14,-7,5,argentina,0.12,0.38,-7,0.88,8.33,2.63,9
Union Santa Fe,8,1,2,5,5,14,-9,5,argentina,0.12,0.38,-9,0.62,8.33,2.63,9
Sarmiento,8,0,3,5,5,12,-7,3,argentina,0.0,0.38,-7,0.62,0.0,2.63,10
Argentinos Jrs,8,0,2,6,5,11,-6,2,argentina,0.0,0.25,-6,0.62,0.0,4.0,11
A. Tucuman,8,0,2,6,3,12,-9,2,argentina,0.0,0.25,-9,0.38,0.0,4.0,11
SM Tucuman,8,7,1,0,12,3,9,22,argentina3,0.88,1.0,9,1.5,1.14,1.0,1
Quilmes,8,4,4,0,11,2,9,16,argentina3,0.5,1.0,9,1.38,2.0,1.0,2
Nueva Chicago,8,4,2,2,11,6,5,14,argentina3,0.5,0.75,5,1.38,2.0,1.33,3
D. Madryn,8,3,5,0,6,3,3,14,argentina3,0.38,1.0,3,0.75,2.63,1.0,3
All Boys,8,4,2,2,9,7,2,14,argentina3,0.5,0.75,2,1.12,2.0,1.33,3
Atletico Mitre,8,2,6,0,7,5,2,12,argentina3,0.25,1.0,2,0.88,4.0,1.0,4
G. Mendoza,8,3,3,2,5,3,2,12,argentina3,0.38,0.75,2,0.62,2.63,1.33,4
SM San Juan,8,3,3,2,6,5,1,12,argentina3,0.38,0.75,1,0.75,2.63,1.33,4
Tristan Suarez,8,3,2,3,11,10,1,11,argentina3,0.38,0.62,1,1.38,2.63,1.61,5
Almagro,8,3,2,3,11,11,0,11,argentina3,0.38,0.62,0,1.38,2.63,1.61,5
Gimnasia y Tiro,8,3,2,3,7,7,0,11,argentina3,0.38,0.62,0,0.88,2.63,1.61,5
Temperley,8,2,4,2,4,5,-1,10,argentina3,0.25,0.75,-1,0.5,4.0,1.33,6
Almirante Brown,8,3,1,4,7,13,-6,10,argentina3,0.38,0.5,-6,0.88,2.63,2.0,6
Aldosivi,8,2,3,3,8,9,-1,9,argentina3,0.25,0.62,-1,1.0,4.0,1.61,7
Ferro Carril,8,2,3,3,6,8,-2,9,argentina3,0.25,0.62,-2,0.75,4.0,1.61,7
D. de Belgrano,8,2,3,3,3,5,-2,9,argentina3,0.25,0.62,-2,0.38,4.0,1.61,7
Gimnasia Jujuy,8,2,3,3,3,5,-2,9,argentina3,0.25,0.62,-2,0.38,4.0,1.61,7
San Telmo,8,2,2,4,5,7,-2,8,argentina3,0.25,0.5,-2,0.62,4.0,2.0,8
Atlanta,8,2,2,4,5,8,-3,8,argentina3,0.25,0.5,-3,0.62,4.0,2.0,8
Alvarado,8,2,1,5,8,10,-2,7,argentina3,0.25,0.38,-2,1.0,4.0,2.63,9
A. Rafaela,8,1,4,3,6,8,-2,7,argentina3,0.12,0.62,-2,0.75,8.33,1.61,9
Deportivo Moron,8,1,4,3,4,8,-4,7,argentina3,0.12,0.62,-4,0.5,8.33,1.61,9
Chaco For Ever,8,1,4,3,1,5,-4,7,argentina3,0.12,0.62,-4,0.12,8.33,1.61,9
E. Rio Cuarto,8,1,4,3,2,7,-5,7,argentina3,0.12,0.62,-5,0.25,8.33,1.61,9
Racing Cordoba,8,2,1,5,5,11,-6,7,argentina3,0.25,0.38,-6,0.62,4.0,2.63,9
Brown de A.,8,2,1,5,5,12,-7,7,argentina3,0.25,0.38,-7,0.62,4.0,2.63,9
Patronato,8,2,0,6,9,13,-4,6,argentina3,0.25,0.25,-4,1.12,4.0,4.0,10
CA Estudiantes,8,1,3,4,5,12,-7,6,argentina3,0.12,0.5,-7,0.62,8.33,2.0,10
Colon Santa Fe,8,1,2,5,2,5,-3,5,argentina3,0.12,0.38,-3,0.25,8.33,2.63,11
Pyunik,8,6,0,2,18,7,11,18,armenia,0.75,0.75,11,2.25,1.33,1.33,1
Noah,8,5,1,2,20,7,13,16,armenia,0.62,0.75,13,2.5,1.61,1.33,2
Ararat-Armenia,8,4,2,2,16,10,6,14,armenia,0.5,0.75,6,2.0,2.0,1.33,3
Urartu,8,4,1,3,15,9,6,13,armenia,0.5,0.62,6,1.88,2.0,1.61,4
Van,8,4,1,3,10,10,0,13,armenia,0.5,0.62,0,1.25,2.0,1.61,4
Shirak,8,4,1,3,9,11,-2,13,armenia,0.5,0.62,-2,1.12,2.0,1.61,4
West Armenia,8,4,0,4,9,18,-9,12,armenia,0.5,0.5,-9,1.12,2.0,2.0,5
BKMA,8,3,1,4,19,19,0,10,armenia,0.38,0.5,0,2.38,2.63,2.0,6
Alashkert,8,2,1,5,4,11,-7,7,armenia,0.25,0.38,-7,0.5,4.0,2.63,7
Ararat Yerevan,8,2,1,5,7,17,-10,7,armenia,0.25,0.38,-10,0.88,4.0,2.63,7
Gandzasar,8,0,2,6,3,19,-16,2,armenia,0.0,0.25,-16,0.38,0.0,4.0,8
Melbourne City,5,4,1,0,12,2,10,13,australia,0.8,1.0,10,2.4,1.25,1.0,1
Adelaide Utd,4,4,0,0,12,5,7,12,australia,1.0,1.0,7,3.0,1.0,1.0,2
Western United,5,3,1,1,13,7,6,10,australia,0.6,0.8,6,2.6,1.67,1.25,3
Melbourne V.,4,2,1,1,6,3,3,7,australia,0.5,0.75,3,1.5,2.0,1.33,4
Auckland,3,2,1,0,5,2,3,7,australia,0.67,1.0,3,1.67,1.49,1.0,4
Macarthur FC,4,2,1,1,5,4,1,7,australia,0.5,0.75,1,1.25,2.0,1.33,4
Sydney FC,5,2,1,2,9,9,0,7,australia,0.4,0.6,0,1.8,2.5,1.67,4
Wellington,4,2,0,2,7,6,1,6,australia,0.5,0.5,1,1.75,2.0,2.0,5
Newcastle Jets,4,2,0,2,7,7,0,6,australia,0.5,0.5,0,1.75,2.0,2.0,5
Central Coast,3,1,2,0,4,3,1,5,australia,0.33,1.0,1,1.33,3.03,1.0,6
Perth Glory,5,1,2,2,4,10,-6,5,australia,0.2,0.6,-6,0.8,5.0,1.67,6
WS Wanderers,3,1,1,1,5,5,0,4,australia,0.33,0.67,0,1.67,3.03,1.49,7
Brisbane Roar,4,0,2,2,6,10,-4,2,australia,0.0,0.5,-4,1.5,0.0,2.0,8
Sturm Graz,8,5,2,1,14,7,7,17,austria,0.62,0.88,7,1.75,1.61,1.14,1
LASK Linz,8,4,1,3,11,10,1,13,austria,0.5,0.62,1,1.38,2.0,1.61,2
Wolfsberger AC,7,4,0,3,15,11,4,12,austria,0.57,0.57,4,2.14,1.75,1.75,3
Austria Wien,8,3,2,3,8,8,0,11,austria,0.38,0.62,0,1.0,2.63,1.61,4
Rapid Wien,8,1,6,1,7,9,-2,9,austria,0.12,0.88,-2,0.88,8.33,1.14,5
Tirol,8,3,0,5,11,14,-3,9,austria,0.38,0.38,-3,1.38,2.63,2.63,5
Salzburg,8,2,3,3,7,13,-6,9,austria,0.25,0.62,-6,0.88,4.0,1.61,5
Hartberg,8,2,2,4,10,14,-4,8,austria,0.25,0.5,-4,1.25,4.0,2.0,6
BW Linz,8,2,2,4,9,15,-6,8,austria,0.25,0.5,-6,1.12,4.0,2.0,6
A. Klagenfurt,8,2,1,5,5,20,-15,7,austria,0.25,0.38,-15,0.62,4.0,2.63,7
Grazer AK,8,1,3,4,10,17,-7,6,austria,0.12,0.5,-7,1.25,8.33,2.0,8
Altach,8,1,1,6,5,14,-9,4,austria,0.12,0.25,-9,0.62,8.33,4.0,9
Ried,8,6,1,1,13,4,9,19,austria2,0.75,0.88,9,1.62,1.33,1.14,1
Admira Wacker,8,6,1,1,14,8,6,19,austria2,0.75,0.88,6,1.75,1.33,1.14,1
First Vienna,7,5,1,1,17,10,7,16,austria2,0.71,0.86,7,2.43,1.41,1.16,2
St. Polten,8,5,0,3,16,10,6,15,austria2,0.62,0.62,6,2.0,1.61,1.61,3
Liefering,8,4,1,3,10,13,-3,13,austria2,0.5,0.62,-3,1.25,2.0,1.61,4
Kapfenberger,8,4,1,3,8,14,-6,13,austria2,0.5,0.62,-6,1.0,2.0,1.61,4
Sturm Graz B,8,3,3,2,17,12,5,12,austria2,0.38,0.75,5,2.12,2.63,1.33,5
A. Lustenau,8,3,3,2,8,8,0,12,austria2,0.38,0.75,0,1.0,2.63,1.33,5
Voitsberg,8,3,2,3,11,9,2,11,austria2,0.38,0.62,2,1.38,2.63,1.61,6
Amstetten,7,3,2,2,10,8,2,11,austria2,0.43,0.71,2,1.43,2.33,1.41,6
Rapid Wien B,8,3,2,3,15,17,-2,11,austria2,0.38,0.62,-2,1.88,2.63,1.61,6
Bregenz,7,2,4,1,8,8,0,10,austria2,0.29,0.86,0,1.14,3.45,1.16,7
Floridsdorfer,8,2,2,4,9,10,-1,8,austria2,0.25,0.5,-1,1.12,4.0,2.0,8
SV Horn,8,2,0,6,6,22,-16,6,austria2,0.25,0.25,-16,0.75,4.0,4.0,9
Stripfing,8,0,4,4,5,11,-6,4,austria2,0.0,0.5,-6,0.62,0.0,2.0,10
Lafnitz,8,1,1,6,6,20,-14,4,austria2,0.12,0.25,-14,0.75,8.33,4.0,10
Qarabag,8,6,2,0,17,2,15,20,azerbaijan,0.75,1.0,15,2.12,1.33,1.0,1
Araz,8,6,1,1,10,4,6,19,azerbaijan,0.75,0.88,6,1.25,1.33,1.14,2
Turan,8,3,4,1,13,8,5,13,azerbaijan,0.38,0.88,5,1.62,2.63,1.14,3
Zira,8,4,1,3,11,8,3,13,azerbaijan,0.5,0.62,3,1.38,2.0,1.61,3
Sabah,8,3,2,3,13,13,0,11,azerbaijan,0.38,0.62,0,1.62,2.63,1.61,4
Shamakhi,8,2,1,5,8,13,-5,7,azerbaijan,0.25,0.38,-5,1.0,4.0,2.63,5
Sumqayit,8,1,2,5,4,15,-11,5,azerbaijan,0.12,0.38,-11,0.5,8.33,2.63,6
Neftci,8,0,4,4,5,14,-9,4,azerbaijan,0.0,0.5,-9,0.62,0.0,2.0,7
Kapaz,8,1,1,6,5,17,-12,4,azerbaijan,0.12,0.25,-12,0.62,8.33,4.0,7
Sebail,8,0,1,7,5,13,-8,1,azerbaijan,0.0,0.12,-8,0.62,0.0,8.33,8
Al-Najma,4,3,0,1,8,6,2,9,bahrain,0.75,0.75,2,2.0,1.33,1.33,1
Bahrain SC,4,2,1,1,5,7,-2,7,bahrain,0.5,0.75,-2,1.25,2.0,1.33,2
Al Shabbab,4,2,0,2,4,7,-3,6,bahrain,0.5,0.5,-3,1.0,2.0,2.0,3
Al-Muharraq,3,1,2,0,3,1,2,5,bahrain,0.33,1.0,2,1.0,3.03,1.0,4
Sitra,2,1,1,0,4,2,2,4,bahrain,0.5,1.0,2,2.0,2.0,1.0,5
Malkiya,4,1,1,2,4,8,-4,4,bahrain,0.25,0.5,-4,1.0,4.0,2.0,5
Khalidiya,3,1,0,2,7,5,2,3,bahrain,0.33,0.33,2,2.33,3.03,3.03,6
Al Ahli M.,3,1,0,2,5,7,-2,3,bahrain,0.33,0.33,-2,1.67,3.03,3.03,6
Al Riffa,3,0,2,1,0,1,-1,2,bahrain,0.0,0.67,-1,0.0,0.0,1.49,7
AAli FC,4,0,1,3,4,11,-7,1,bahrain,0.0,0.25,-7,1.0,0.0,4.0,8
East Riffa,3,0,0,3,2,5,-3,0,bahrain,0.0,0.0,-3,0.67,0.0,0.0,9
Manama,3,0,0,3,1,9,-8,0,bahrain,0.0,0.0,-8,0.33,0.0,0.0,9
Neman Grodno,8,5,3,0,15,3,12,18,belarus,0.62,1.0,12,1.88,1.61,1.0,1
T. Zhodino,8,4,2,2,11,5,6,14,belarus,0.5,0.75,6,1.38,2.0,1.33,2
Slutsk,8,4,2,2,8,8,0,14,belarus,0.5,0.75,0,1.0,2.0,1.33,2
Dinamo Minsk,8,3,3,2,9,5,4,12,belarus,0.38,0.75,4,1.12,2.63,1.33,3
BATE Borisov,8,3,2,3,7,9,-2,11,belarus,0.38,0.62,-2,0.88,2.63,1.61,4
Vitebsk,8,3,1,4,10,9,1,10,belarus,0.38,0.5,1,1.25,2.63,2.0,5
Naftan,8,3,1,4,9,8,1,10,belarus,0.38,0.5,1,1.12,2.63,2.0,5
Isloch,8,3,1,4,12,12,0,10,belarus,0.38,0.5,0,1.5,2.63,2.0,5
Dinamo Brest,8,3,0,5,15,14,1,9,belarus,0.38,0.38,1,1.88,2.63,2.63,6
Gomel,8,2,3,3,7,10,-3,9,belarus,0.25,0.62,-3,0.88,4.0,1.61,6
FC Minsk,8,2,3,3,7,11,-4,9,belarus,0.25,0.62,-4,0.88,4.0,1.61,6
Slavia Mozyr,8,1,4,3,4,9,-5,7,belarus,0.12,0.62,-5,0.5,8.33,1.61,7
Arsenal D.,8,1,3,4,7,9,-2,6,belarus,0.12,0.5,-2,0.88,8.33,2.0,8
Dnepr Mogilev,8,1,3,4,9,15,-6,6,belarus,0.12,0.5,-6,1.12,8.33,2.0,8
S. Soligorsk,8,1,3,4,3,9,-6,6,belarus,0.12,0.5,-6,0.38,8.33,2.0,8
Smorgon,8,0,2,6,9,18,-9,2,belarus,0.0,0.25,-9,1.12,0.0,4.0,9
Maxline,8,8,0,0,24,6,18,24,belarus2,1.0,1.0,18,3.0,1.0,1.0,1
Dinamo Minsk B,8,5,1,2,17,6,11,16,belarus2,0.62,0.75,11,2.12,1.61,1.33,2
Niva,8,5,1,2,11,5,6,16,belarus2,0.62,0.75,6,1.38,1.61,1.33,2
Belshina,8,4,2,2,26,16,10,14,belarus2,0.5,0.75,10,3.25,2.0,1.33,3
Molodechno,8,4,1,3,11,11,0,13,belarus2,0.5,0.62,0,1.38,2.0,1.61,4
ABFF U17,8,4,1,3,9,9,0,13,belarus2,0.5,0.62,0,1.12,2.0,1.61,4
Orsha,8,3,3,2,15,13,2,12,belarus2,0.38,0.75,2,1.88,2.63,1.33,5
Volna Pinsk,8,4,0,4,13,13,0,12,belarus2,0.5,0.5,0,1.62,2.0,2.0,5
Lida,8,3,2,3,12,10,2,11,belarus2,0.38,0.62,2,1.5,2.63,1.61,6
BATE B,8,3,1,4,9,17,-8,10,belarus2,0.38,0.5,-8,1.12,2.63,2.0,7
Baranovichi,8,2,3,3,9,12,-3,9,belarus2,0.25,0.62,-3,1.12,4.0,1.61,8
Ostrovets,8,3,0,5,11,16,-5,9,belarus2,0.38,0.38,-5,1.38,2.63,2.63,8
S. Soligorsk B,8,2,1,5,5,14,-9,7,belarus2,0.25,0.38,-9,0.62,4.0,2.63,9
Bumprom,8,0,4,4,1,9,-8,4,belarus2,0.0,0.5,-8,0.12,0.0,2.0,10
Energetik-BGU,8,1,1,6,6,15,-9,4,belarus2,0.12,0.25,-9,0.75,8.33,4.0,10
Lokomotiv Gomel,8,0,3,5,4,13,-9,3,belarus2,0.0,0.38,-9,0.5,0.0,2.63,11
T. Zhodhino B,8,1,0,7,3,23,-20,3,belarus2,0.12,0.12,-20,0.38,8.33,8.33,11
Slonim,8,1,0,7,3,25,-22,3,belarus2,0.12,0.12,-22,0.38,8.33,8.33,11
Club Brugge,8,5,3,0,15,8,7,18,belgium,0.62,1.0,7,1.88,1.61,1.0,1
KRC Genk,8,4,1,3,14,15,-1,13,belgium,0.5,0.62,-1,1.75,2.0,1.61,2
Antwerp,8,3,3,2,11,10,1,12,belgium,0.38,0.75,1,1.38,2.63,1.33,3
Gent,8,2,4,2,9,13,-4,10,belgium,0.25,0.75,-4,1.12,4.0,1.33,4
Anderlecht,8,2,3,3,10,7,3,9,belgium,0.25,0.62,3,1.25,4.0,1.61,5
Dender,8,2,3,3,10,15,-5,9,belgium,0.25,0.62,-5,1.25,4.0,1.61,5
KV Mechelen,8,2,2,4,10,12,-2,8,belgium,0.25,0.5,-2,1.25,4.0,2.0,6
Royale Union SG,8,0,6,2,6,9,-3,6,belgium,0.0,0.75,-3,0.75,0.0,1.33,7
OH Leuven,8,1,3,4,6,14,-8,6,belgium,0.12,0.5,-8,0.75,8.33,2.0,7
Cercle Brugge,8,1,2,5,7,15,-8,5,belgium,0.12,0.38,-8,0.88,8.33,2.63,8
Sint-Truiden,8,1,2,5,9,18,-9,5,belgium,0.12,0.38,-9,1.12,8.33,2.63,8
Standard Liege,8,1,2,5,3,15,-12,5,belgium,0.12,0.38,-12,0.38,8.33,2.63,8
Charleroi,8,1,1,6,6,15,-9,4,belgium,0.12,0.25,-9,0.75,8.33,4.0,9
Westerlo,8,1,1,6,6,15,-9,4,belgium,0.12,0.25,-9,0.75,8.33,4.0,9
Kortrijk,8,0,2,6,5,21,-16,2,belgium,0.0,0.25,-16,0.62,0.0,4.0,10
Beerschot,8,0,1,7,4,21,-17,1,belgium,0.0,0.12,-17,0.5,0.0,8.33,11
Zulte-Waregem,7,6,0,1,16,8,8,18,belgium2,0.86,0.86,8,2.29,1.16,1.16,1
La Louviere,7,5,1,1,12,8,4,16,belgium2,0.71,0.86,4,1.71,1.41,1.16,2
RWDM,8,4,2,2,17,10,7,14,belgium2,0.5,0.75,7,2.12,2.0,1.33,3
Patro Eisden,7,3,4,0,12,4,8,13,belgium2,0.43,1.0,8,1.71,2.33,1.0,4
Lommel SK,8,4,1,3,14,14,0,13,belgium2,0.5,0.62,0,1.75,2.0,1.61,4
Eupen,8,3,2,3,15,12,3,11,belgium2,0.38,0.62,3,1.88,2.63,1.61,5
Seraing,7,3,2,2,9,11,-2,11,belgium2,0.43,0.71,-2,1.29,2.33,1.41,5
Lokeren-Temse,8,3,2,3,6,10,-4,11,belgium2,0.38,0.62,-4,0.75,2.63,1.61,5
Francs Borains,7,3,1,3,7,15,-8,10,belgium2,0.43,0.57,-8,1.0,2.33,1.75,6
Club Brugge B,7,2,3,2,9,9,0,9,belgium2,0.29,0.71,0,1.29,3.45,1.41,7
RFC Liege,8,3,0,5,10,15,-5,9,belgium2,0.38,0.38,-5,1.25,2.63,2.63,7
Beveren,7,2,2,3,5,10,-5,8,belgium2,0.29,0.57,-5,0.71,3.45,1.75,8
Anderlecht B,8,1,3,4,9,15,-6,6,belgium2,0.12,0.5,-6,1.12,8.33,2.0,9
KRC Genk B,7,1,2,4,10,16,-6,5,belgium2,0.14,0.43,-6,1.43,7.14,2.33,10
Lierse K.,7,1,2,4,6,13,-7,5,belgium2,0.14,0.43,-7,0.86,7.14,2.33,10
Deinze,0,0,0,0,0,0,0,0,belgium2,0.0,0.0,0,0.0,0.0,0.0,11
Bolivar,8,5,2,1,23,12,11,17,bolivia2,0.62,0.88,11,2.88,1.61,1.14,1
Always Ready,8,4,1,3,16,12,4,13,bolivia2,0.5,0.62,4,2.0,2.0,1.61,2
Aurora,8,3,3,2,14,16,-2,12,bolivia2,0.38,0.75,-2,1.75,2.63,1.33,3
Nacional Potosi,8,3,2,3,15,16,-1,11,bolivia2,0.38,0.62,-1,1.88,2.63,1.61,4
Wilstermann,8,3,2,3,9,10,-1,11,bolivia2,0.38,0.62,-1,1.12,2.63,1.61,4
The Strongest,8,3,1,4,11,14,-3,10,bolivia2,0.38,0.5,-3,1.38,2.63,2.0,5
SA Bulo Bulo,8,3,1,4,7,13,-6,10,bolivia2,0.38,0.5,-6,0.88,2.63,2.0,5
Blooming,8,3,1,4,6,18,-12,10,bolivia2,0.38,0.5,-12,0.75,2.63,2.0,5
Santa Cruz,8,3,0,5,11,25,-14,9,bolivia2,0.38,0.38,-14,1.38,2.63,2.63,6
Gualberto V. SJ,8,2,2,4,11,15,-4,8,bolivia2,0.25,0.5,-4,1.38,4.0,2.0,7
U. de Vinto,8,2,2,4,9,16,-7,8,bolivia2,0.25,0.5,-7,1.12,4.0,2.0,7
I. Petrolero,8,2,1,5,8,15,-7,7,bolivia2,0.25,0.38,-7,1.0,4.0,2.63,8
Guabira,8,1,2,5,8,18,-10,5,bolivia2,0.12,0.38,-10,1.0,8.33,2.63,9
Royal Pari,8,1,2,5,6,17,-11,5,bolivia2,0.12,0.38,-11,0.75,8.33,2.63,9
Real Tomayapo,8,1,0,7,10,19,-9,3,bolivia2,0.12,0.12,-9,1.25,8.33,8.33,10
Oriente P.,8,0,2,6,10,24,-14,2,bolivia2,0.0,0.25,-14,1.25,0.0,4.0,11
Palmeiras,8,6,1,1,13,7,6,19,brazil,0.75,0.88,6,1.62,1.33,1.14,1
Botafogo,8,5,2,1,9,4,5,17,brazil,0.62,0.88,5,1.12,1.61,1.14,2
Flamengo,8,4,2,2,12,7,5,14,brazil,0.5,0.75,5,1.5,2.0,1.33,3
Internacional,8,4,2,2,16,13,3,14,brazil,0.5,0.75,3,2.0,2.0,1.33,3
Corinthians,8,4,1,3,12,9,3,13,brazil,0.5,0.62,3,1.5,2.0,1.61,4
Vitoria,8,3,3,2,12,11,1,12,brazil,0.38,0.75,1,1.5,2.63,1.33,5
Fluminense,8,3,1,4,8,8,0,10,brazil,0.38,0.5,0,1.0,2.63,2.0,6
Juventude,8,2,3,3,11,13,-2,9,brazil,0.25,0.62,-2,1.38,4.0,1.61,7
Sao Paulo,8,2,2,4,8,10,-2,8,brazil,0.25,0.5,-2,1.0,4.0,2.0,8
Vasco da Gama,8,2,2,4,6,15,-9,8,brazil,0.25,0.5,-9,0.75,4.0,2.0,8
Bahia,8,2,1,5,10,16,-6,7,brazil,0.25,0.38,-6,1.25,4.0,2.63,9
Fortaleza,8,1,3,4,11,15,-4,6,brazil,0.12,0.5,-4,1.38,8.33,2.0,10
Cruzeiro,8,1,3,4,5,10,-5,6,brazil,0.12,0.5,-5,0.62,8.33,2.0,10
Gremio,8,0,5,3,7,10,-3,5,brazil,0.0,0.62,-3,0.88,0.0,1.61,11
Bragantino,8,1,2,5,5,13,-8,5,brazil,0.12,0.38,-8,0.62,8.33,2.63,11
Criciuma,8,1,2,5,5,17,-12,5,brazil,0.12,0.38,-12,0.62,8.33,2.63,11
Cuiaba,8,0,4,4,1,7,-6,4,brazil,0.0,0.5,-6,0.12,0.0,2.0,12
Atletico MG,8,0,3,5,4,12,-8,3,brazil,0.0,0.38,-8,0.5,0.0,2.63,13
Athletico PR,8,0,2,6,5,13,-8,2,brazil,0.0,0.25,-8,0.62,0.0,4.0,14
Atletico GO,8,0,1,7,4,18,-14,1,brazil,0.0,0.12,-14,0.5,0.0,8.33,15
Sport Recife,8,4,2,2,13,6,7,14,brazil2,0.5,0.75,7,1.62,2.0,1.33,1
Santos,8,4,1,3,11,9,2,13,brazil2,0.5,0.62,2,1.38,2.0,1.61,2
Goias,8,3,3,2,12,5,7,12,brazil2,0.38,0.75,7,1.5,2.63,1.33,3
Botafogo SP,8,3,2,3,8,9,-1,11,brazil2,0.38,0.62,-1,1.0,2.63,1.61,4
CRB,8,3,1,4,8,9,-1,10,brazil2,0.38,0.5,-1,1.0,2.63,2.0,5
Ituano,8,3,0,5,13,14,-1,9,brazil2,0.38,0.38,-1,1.62,2.63,2.63,6
Mirassol,8,2,3,3,7,8,-1,9,brazil2,0.25,0.62,-1,0.88,4.0,1.61,6
Novorizontino,8,2,2,4,7,7,0,8,brazil2,0.25,0.5,0,0.88,4.0,2.0,7
Ceara,8,2,2,4,10,11,-1,8,brazil2,0.25,0.5,-1,1.25,4.0,2.0,7
Chapecoense,8,2,2,4,8,10,-2,8,brazil2,0.25,0.5,-2,1.0,4.0,2.0,7
Operario PR,8,2,2,4,6,10,-4,8,brazil2,0.25,0.5,-4,0.75,4.0,2.0,7
Avai,8,2,1,5,7,11,-4,7,brazil2,0.25,0.38,-4,0.88,4.0,2.63,8
Coritiba,8,2,0,6,10,14,-4,6,brazil2,0.25,0.25,-4,1.25,4.0,4.0,9
Paysandu,8,1,3,4,8,12,-4,6,brazil2,0.12,0.5,-4,1.0,8.33,2.0,9
Amazonas,8,1,2,5,2,8,-6,5,brazil2,0.12,0.38,-6,0.25,8.33,2.63,10
America MG,8,1,1,6,6,10,-4,4,brazil2,0.12,0.25,-4,0.75,8.33,4.0,11
Ponte Preta,8,1,1,6,7,14,-7,4,brazil2,0.12,0.25,-7,0.88,8.33,4.0,11
Guarani,8,1,0,7,5,14,-9,3,brazil2,0.12,0.12,-9,0.62,8.33,8.33,12
Vila Nova,8,1,0,7,3,18,-15,3,brazil2,0.12,0.12,-15,0.38,8.33,8.33,12
Brusque,8,0,2,6,1,12,-11,2,brazil2,0.0,0.25,-11,0.12,0.0,4.0,13
Ludogorets,8,7,1,0,21,5,16,22,bulgaria,0.88,1.0,16,2.62,1.14,1.0,1
Cherno More,8,5,1,2,12,5,7,16,bulgaria,0.62,0.75,7,1.5,1.61,1.33,2
Botev Plovdiv,8,5,0,3,5,5,0,15,bulgaria,0.62,0.62,0,0.62,1.61,1.61,3
Levski Sofia,8,4,1,3,10,6,4,13,bulgaria,0.5,0.62,4,1.25,2.0,1.61,4
Arda,8,3,3,2,9,6,3,12,bulgaria,0.38,0.75,3,1.12,2.63,1.33,5
Septemvri Sofia,8,4,0,4,9,12,-3,12,bulgaria,0.5,0.5,-3,1.12,2.0,2.0,5
CSKA 1948 Sofia,8,2,5,1,11,9,2,11,bulgaria,0.25,0.88,2,1.38,4.0,1.14,6
CSKA Sofia,8,3,2,3,10,9,1,11,bulgaria,0.38,0.62,1,1.25,2.63,1.61,6
Beroe,8,3,2,3,9,9,0,11,bulgaria,0.38,0.62,0,1.12,2.63,1.61,6
Spartak Varna,8,3,2,3,8,12,-4,11,bulgaria,0.38,0.62,-4,1.0,2.63,1.61,6
L. Krumovgrad,8,2,3,3,5,9,-4,9,bulgaria,0.25,0.62,-4,0.62,4.0,1.61,7
Lok. Plovdiv,8,2,1,5,9,12,-3,7,bulgaria,0.25,0.38,-3,1.12,4.0,2.63,8
Slavia Sofia,8,2,0,6,8,13,-5,6,bulgaria,0.25,0.25,-5,1.0,4.0,4.0,9
Lokomotiv Sofia,8,1,1,6,6,17,-11,4,bulgaria,0.12,0.25,-11,0.75,8.33,4.0,10
Botev Vratsa,8,1,1,6,5,18,-13,4,bulgaria,0.12,0.25,-13,0.62,8.33,4.0,10
Hebar,8,0,2,6,6,17,-11,2,bulgaria,0.0,0.25,-11,0.75,0.0,4.0,11
Cavalry,8,7,0,1,15,6,9,21,canada,0.88,0.88,9,1.88,1.14,1.14,1
Forge,8,3,2,3,8,9,-1,11,canada,0.38,0.62,-1,1.0,2.63,1.61,2
York Utd,8,3,2,3,8,9,-1,11,canada,0.38,0.62,-1,1.0,2.63,1.61,2
A. Ottawa,8,2,3,3,10,12,-2,9,canada,0.25,0.62,-2,1.25,4.0,1.61,3
Valour,8,1,5,2,12,12,0,8,canada,0.12,0.75,0,1.5,8.33,1.33,4
Vancouver FC,8,1,4,3,8,12,-4,7,canada,0.12,0.62,-4,1.0,8.33,1.61,5
Pacific,8,1,2,5,6,11,-5,5,canada,0.12,0.38,-5,0.75,8.33,2.63,6
HFX Wanderers,8,0,2,6,6,17,-11,2,canada,0.0,0.25,-11,0.75,0.0,4.0,7
Colo-Colo,8,6,2,0,12,4,8,20,chile,0.75,1.0,8,1.5,1.33,1.0,1
U. de Chile,8,5,1,2,16,10,6,16,chile,0.62,0.75,6,2.0,1.61,1.33,2
Nublense,8,4,1,3,8,6,2,13,chile,0.5,0.62,2,1.0,2.0,1.61,3
Everton,8,3,3,2,16,12,4,12,chile,0.38,0.75,4,2.0,2.63,1.33,4
Union Espanola,8,3,2,3,10,10,0,11,chile,0.38,0.62,0,1.25,2.63,1.61,5
Union La Calera,8,2,3,3,4,7,-3,9,chile,0.25,0.62,-3,0.5,4.0,1.61,6
U. Catolica,8,2,2,4,8,11,-3,8,chile,0.25,0.5,-3,1.0,4.0,2.0,7
Audax Italiano,8,2,1,5,7,11,-4,7,chile,0.25,0.38,-4,0.88,4.0,2.63,8
OHiggins,8,2,1,5,8,14,-6,7,chile,0.25,0.38,-6,1.0,4.0,2.63,8
Coquimbo Unido,8,2,1,5,7,14,-7,7,chile,0.25,0.38,-7,0.88,4.0,2.63,8
Palestino,8,1,3,4,9,13,-4,6,chile,0.12,0.5,-4,1.12,8.33,2.0,9
Huachipato,8,2,0,6,8,15,-7,6,chile,0.25,0.25,-7,1.0,4.0,4.0,9
D. Iquique,8,1,2,5,9,17,-8,5,chile,0.12,0.38,-8,1.12,8.33,2.63,10
Copiapo,8,1,1,6,8,20,-12,4,chile,0.12,0.25,-12,1.0,8.33,4.0,11
Cobreloa,8,1,1,6,7,19,-12,4,chile,0.12,0.25,-12,0.88,8.33,4.0,11
Cobresal,8,0,2,6,3,15,-12,2,chile,0.0,0.25,-12,0.38,0.0,4.0,12
La Serena,8,4,4,0,10,4,6,16,chile2,0.5,1.0,6,1.25,2.0,1.0,1
Barnechea,8,4,2,2,16,11,5,14,chile2,0.5,0.75,5,2.0,2.0,1.33,2
Magallanes,8,4,2,2,11,8,3,14,chile2,0.5,0.75,3,1.38,2.0,1.33,2
S. Morning,8,3,3,2,9,8,1,12,chile2,0.38,0.75,1,1.12,2.63,1.33,3
Rangers,8,3,3,2,9,10,-1,12,chile2,0.38,0.75,-1,1.12,2.63,1.33,3
Curico Unido,8,3,2,3,8,8,0,11,chile2,0.38,0.62,0,1.0,2.63,1.61,4
U. San Felipe,8,3,2,3,7,12,-5,11,chile2,0.38,0.62,-5,0.88,2.63,1.61,4
Antofagasta,8,2,4,2,12,10,2,10,chile2,0.25,0.75,2,1.5,4.0,1.33,5
San Marcos,8,2,4,2,5,5,0,10,chile2,0.25,0.75,0,0.62,4.0,1.33,5
S. Wanderers,8,2,3,3,9,11,-2,9,chile2,0.25,0.62,-2,1.12,4.0,1.61,6
U. Concepcion,8,2,3,3,7,10,-3,9,chile2,0.25,0.62,-3,0.88,4.0,1.61,6
Recoleta,8,2,2,4,9,9,0,8,chile2,0.25,0.5,0,1.12,4.0,2.0,7
Deportes Temuco,8,2,1,5,8,13,-5,7,chile2,0.25,0.38,-5,1.0,4.0,2.63,8
D. Limache,8,2,1,5,6,14,-8,7,chile2,0.25,0.38,-8,0.75,4.0,2.63,8
San Luis,8,1,3,4,6,15,-9,6,chile2,0.12,0.5,-9,0.75,8.33,2.0,9
CD Santa Cruz,8,1,2,5,9,16,-7,5,chile2,0.12,0.38,-7,1.12,8.33,2.63,10
S. Shenhua,8,7,0,1,17,6,11,21,china,0.88,0.88,11,2.12,1.14,1.14,1
Shanghai Port,8,6,0,2,13,10,3,18,china,0.75,0.75,3,1.62,1.33,1.33,2
Chengdu,8,4,2,2,14,9,5,14,china,0.5,0.75,5,1.75,2.0,1.33,3
Henan SL,8,2,3,3,8,6,2,9,china,0.25,0.62,2,1.0,4.0,1.61,4
Beijing Guoan,8,2,3,3,13,15,-2,9,china,0.25,0.62,-2,1.62,4.0,1.61,4
Wuhan Three T.,8,2,3,3,5,7,-2,9,china,0.25,0.62,-2,0.62,4.0,1.61,4
Qingdao West C.,8,3,0,5,10,13,-3,9,china,0.38,0.38,-3,1.25,2.63,2.63,4
Shandong T.,8,2,2,4,12,18,-6,8,china,0.25,0.5,-6,1.5,4.0,2.0,5
Zhejiang,8,1,2,5,12,18,-6,5,china,0.12,0.38,-6,1.5,8.33,2.63,6
Cangzhou,8,1,2,5,7,16,-9,5,china,0.12,0.38,-9,0.88,8.33,2.63,6
Sichuan Jiuniu,8,1,2,5,7,16,-9,5,china,0.12,0.38,-9,0.88,8.33,2.63,6
Nantong Zhiyun,8,1,1,6,10,26,-16,4,china,0.12,0.25,-16,1.25,8.33,4.0,7
Qingdao Hainiu,8,1,1,6,6,24,-18,4,china,0.12,0.25,-18,0.75,8.33,4.0,7
Meizhou Hakka,8,0,2,6,9,24,-15,2,china,0.0,0.25,-15,1.12,0.0,4.0,8
Changchun Yatai,8,0,2,6,8,24,-16,2,china,0.0,0.25,-16,1.0,0.0,4.0,8
Tianjin T.,8,0,1,7,7,22,-15,1,china,0.0,0.12,-15,0.88,0.0,8.33,9
Liaoning Tieren,8,5,2,1,12,10,2,17,china2,0.62,0.88,2,1.5,1.61,1.14,1
Guangzhou FC,8,4,2,2,14,7,7,14,china2,0.5,0.75,7,1.75,2.0,1.33,2
Yunnan Yukun,8,4,1,3,17,9,8,13,china2,0.5,0.62,8,2.12,2.0,1.61,3
S. Gongfu,8,2,5,1,6,5,1,11,china2,0.25,0.88,1,0.75,4.0,1.14,4
Wuxi Wugou,8,3,2,3,9,11,-2,11,china2,0.38,0.62,-2,1.12,2.63,1.61,4
Yanbian Longdin,8,3,1,4,8,11,-3,10,china2,0.38,0.5,-3,1.0,2.63,2.0,5
Dalian Yingbo,8,3,1,4,9,13,-4,10,china2,0.38,0.5,-4,1.12,2.63,2.0,5
Heilongjiang IC,8,2,3,3,3,9,-6,9,china2,0.25,0.62,-6,0.38,4.0,1.61,6
Guangxi Baoyun,8,1,5,2,6,9,-3,8,china2,0.12,0.75,-3,0.75,8.33,1.33,7
Foshan Nanshi,8,2,2,4,5,13,-8,8,china2,0.25,0.5,-8,0.62,4.0,2.0,7
Suzhou Dongwu,8,1,4,3,9,11,-2,7,china2,0.12,0.62,-2,1.12,8.33,1.61,8
Shanghai Jiadin,8,0,6,2,6,9,-3,6,china2,0.0,0.75,-3,0.75,0.0,1.33,9
Chongqing T.,8,1,2,5,2,8,-6,5,china2,0.12,0.38,-6,0.25,8.33,2.63,10
Jiangxi Lushan,8,1,2,5,7,18,-11,5,china2,0.12,0.38,-11,0.88,8.33,2.63,10
Qingdao RL,8,0,3,5,6,18,-12,3,china2,0.0,0.38,-12,0.75,0.0,2.63,11
Nanjing City,8,0,1,7,5,16,-11,1,china2,0.0,0.12,-11,0.62,0.0,8.33,12
Ganzhou Ruishi,8,4,1,3,11,10,1,13,china3,0.5,0.62,1,1.38,2.0,1.61,1
Shaanxi Union,8,3,2,3,13,12,1,11,china3,0.38,0.62,1,1.62,2.63,1.61,2
Guangxi Lanhang,8,3,2,3,11,10,1,11,china3,0.38,0.62,1,1.38,2.63,1.61,2
Guangdong GZP,8,3,2,3,8,7,1,11,china3,0.38,0.62,1,1.0,2.63,1.61,2
Dalian Kuncheng,8,3,1,4,7,7,0,10,china3,0.38,0.5,0,0.88,2.63,2.0,3
Guangxi H.,8,3,1,4,8,9,-1,10,china3,0.38,0.5,-1,1.0,2.63,2.0,3
Shanghai Port B,8,3,1,4,10,12,-2,10,china3,0.38,0.5,-2,1.25,2.63,2.0,3
Shenzhen J.,8,2,3,3,10,8,2,9,china3,0.25,0.62,2,1.25,4.0,1.61,4
Shandong T. B,8,3,0,5,8,11,-3,9,china3,0.38,0.38,-3,1.0,2.63,2.63,4
Haikou M.,8,2,3,3,10,14,-4,9,china3,0.25,0.62,-4,1.25,4.0,1.61,4
Langfang Glory,8,2,2,4,6,8,-2,8,china3,0.25,0.5,-2,0.75,4.0,2.0,5
Xian Ronghai,8,2,2,4,9,12,-3,8,china3,0.25,0.5,-3,1.12,4.0,2.0,5
Taian Tiankuang,8,2,2,4,8,16,-8,8,china3,0.25,0.5,-8,1.0,4.0,2.0,5
Hubei Istar,8,2,1,5,9,12,-3,7,china3,0.25,0.38,-3,1.12,4.0,2.63,6
Hunan Billows,8,1,4,3,7,15,-8,7,china3,0.12,0.62,-8,0.88,8.33,1.61,6
Jiangxi DH,8,1,3,4,6,7,-1,6,china3,0.12,0.5,-1,0.75,8.33,2.0,7
Beijing IT,8,1,3,4,7,12,-5,6,china3,0.12,0.5,-5,0.88,8.33,2.0,7
Rizhao Yuqi,8,0,5,3,6,12,-6,5,china3,0.0,0.62,-6,0.75,0.0,1.61,8
Nantong Haimen,8,1,2,5,7,19,-12,5,china3,0.12,0.38,-12,0.88,8.33,2.63,8
Quanzhou Yassin,8,0,0,8,5,24,-19,0,china3,0.0,0.0,-19,0.62,0.0,0.0,9
A. Bucaramanga,8,5,2,1,13,5,8,17,colombia2,0.62,0.88,8,1.62,1.61,1.14,1
Santa Fe,8,4,4,0,11,5,6,16,colombia2,0.5,1.0,6,1.38,2.0,1.0,2
Millonarios,8,4,2,2,13,7,6,14,colombia2,0.5,0.75,6,1.62,2.0,1.33,3
A. Nacional,8,4,1,3,8,7,1,13,colombia2,0.5,0.62,1,1.0,2.0,1.61,4
Deportes Tolima,8,4,0,4,7,5,2,12,colombia2,0.5,0.5,2,0.88,2.0,2.0,5
America de Cali,8,3,2,3,11,12,-1,11,colombia2,0.38,0.62,-1,1.38,2.63,1.61,6
Junior,8,2,4,2,5,3,2,10,colombia2,0.25,0.75,2,0.62,4.0,1.33,7
I. Medelin,8,2,4,2,10,9,1,10,colombia2,0.25,0.75,1,1.25,4.0,1.33,7
Fortaleza CEIF,8,2,3,3,9,9,0,9,colombia2,0.25,0.62,0,1.12,4.0,1.61,8
Deportivo Pasto,8,2,3,3,6,6,0,9,colombia2,0.25,0.62,0,0.75,4.0,1.61,8
R. Aguilas,8,2,3,3,7,13,-6,9,colombia2,0.25,0.62,-6,0.88,4.0,1.61,8
Once Caldas,8,2,2,4,6,11,-5,8,colombia2,0.25,0.5,-5,0.75,4.0,2.0,9
D. Pereira,8,1,4,3,6,9,-3,7,colombia2,0.12,0.62,-3,0.75,8.33,1.61,10
Deportivo Cali,8,1,4,3,7,13,-6,7,colombia2,0.12,0.62,-6,0.88,8.33,1.61,10
La Equidad,8,1,3,4,7,13,-6,6,colombia2,0.12,0.5,-6,0.88,8.33,2.0,11
Patriotas,8,1,1,6,8,18,-10,4,colombia2,0.12,0.25,-10,1.0,8.33,4.0,12
Jaguares de C.,8,1,1,6,4,15,-11,4,colombia2,0.12,0.25,-11,0.5,8.33,4.0,12
Boyaca Chico,8,1,0,7,5,20,-15,3,colombia2,0.12,0.12,-15,0.62,8.33,8.33,13
A. Petrolera,8,0,2,6,4,13,-9,2,colombia2,0.0,0.25,-9,0.5,0.0,4.0,14
Envigado,8,0,1,7,2,15,-13,1,colombia2,0.0,0.12,-13,0.25,0.0,8.33,15
San Carlos,8,5,1,2,19,17,2,16,costarica,0.62,0.75,2,2.38,1.61,1.33,1
Saprissa,8,4,2,2,10,7,3,14,costarica,0.5,0.75,3,1.25,2.0,1.33,2
Alajuelense,8,3,3,2,10,9,1,12,costarica,0.38,0.75,1,1.25,2.63,1.33,3
Herediano,8,3,2,3,11,11,0,11,costarica,0.38,0.62,0,1.38,2.63,1.61,4
Santos Guapiles,8,1,4,3,11,13,-2,7,costarica,0.12,0.62,-2,1.38,8.33,1.61,5
M. Liberia,8,2,1,5,10,14,-4,7,costarica,0.25,0.38,-4,1.25,4.0,2.63,5
Zeledon,8,1,4,3,6,11,-5,7,costarica,0.12,0.62,-5,0.75,8.33,1.61,5
Santa Ana,8,2,0,6,8,12,-4,6,costarica,0.25,0.25,-4,1.0,4.0,4.0,6
Guanacasteca,8,1,3,4,6,15,-9,6,costarica,0.12,0.5,-9,0.75,8.33,2.0,6
Cartagines,8,1,1,6,8,17,-9,4,costarica,0.12,0.25,-9,1.0,8.33,4.0,7
Puntarenas,8,1,1,6,8,17,-9,4,costarica,0.12,0.25,-9,1.0,8.33,4.0,7
Sporting SJ,8,0,1,7,3,12,-9,1,costarica,0.0,0.12,-9,0.38,0.0,8.33,8
Slavia Prague,8,6,1,1,16,4,12,19,czechrepublic,0.75,0.88,12,2.0,1.33,1.14,1
Banik Ostrava,8,4,3,1,13,10,3,15,czechrepublic,0.5,0.88,3,1.62,2.0,1.14,2
Sparta Prague,8,4,2,2,12,8,4,14,czechrepublic,0.5,0.75,4,1.5,2.0,1.33,3
Viktoria Plzen,8,4,2,2,10,7,3,14,czechrepublic,0.5,0.75,3,1.25,2.0,1.33,3
Mlada Boleslav,8,3,3,2,14,10,4,12,czechrepublic,0.38,0.75,4,1.75,2.63,1.33,4
Bohemians,8,3,3,2,9,8,1,12,czechrepublic,0.38,0.75,1,1.12,2.63,1.33,4
Hradec Kralove,8,3,2,3,8,8,0,11,czechrepublic,0.38,0.62,0,1.0,2.63,1.61,5
Jablonec,8,2,2,4,10,9,1,8,czechrepublic,0.25,0.5,1,1.25,4.0,2.0,6
Slovan Liberec,8,2,2,4,10,9,1,8,czechrepublic,0.25,0.5,1,1.25,4.0,2.0,6
Sigma Olomouc,8,2,2,4,11,13,-2,8,czechrepublic,0.25,0.5,-2,1.38,4.0,2.0,6
Teplice,8,2,2,4,7,12,-5,8,czechrepublic,0.25,0.5,-5,0.88,4.0,2.0,6
Slovacko,8,2,2,4,11,18,-7,8,czechrepublic,0.25,0.5,-7,1.38,4.0,2.0,6
Karvina,8,1,2,5,11,23,-12,5,czechrepublic,0.12,0.38,-12,1.38,8.33,2.63,7
Pardubice,8,0,3,5,4,13,-9,3,czechrepublic,0.0,0.38,-9,0.5,0.0,2.63,8
Dukla Praha,8,0,2,6,4,18,-14,2,czechrepublic,0.0,0.25,-14,0.5,0.0,4.0,9
C. Budejovice,8,0,1,7,6,30,-24,1,czechrepublic,0.0,0.12,-24,0.75,0.0,8.33,10
Randers FC,8,3,4,1,14,9,5,13,denmark,0.38,0.88,5,1.75,2.63,1.14,1
FC Kobenhavn,8,3,3,2,12,9,3,12,denmark,0.38,0.75,3,1.5,2.63,1.33,2
Brondby IF,8,3,2,3,18,14,4,11,denmark,0.38,0.62,4,2.25,2.63,1.61,3
FC Midtjylland,8,3,2,3,14,12,2,11,denmark,0.38,0.62,2,1.75,2.63,1.61,3
Silkeborg,8,2,4,2,12,10,2,10,denmark,0.25,0.75,2,1.5,4.0,1.33,4
AGF Aarhus,8,2,3,3,9,8,1,9,denmark,0.25,0.62,1,1.12,4.0,1.61,5
Viborg,8,1,4,3,12,11,1,7,denmark,0.12,0.62,1,1.5,8.33,1.61,6
Nordsjaelland,8,2,1,5,12,20,-8,7,denmark,0.25,0.38,-8,1.5,4.0,2.63,6
SonderjyskE,8,2,1,5,9,18,-9,7,denmark,0.25,0.38,-9,1.12,4.0,2.63,6
Aalborg BK,8,1,3,4,8,13,-5,6,denmark,0.12,0.5,-5,1.0,8.33,2.0,7
Lyngby,8,0,3,5,6,12,-6,3,denmark,0.0,0.38,-6,0.75,0.0,2.63,8
Vejle BK,8,0,1,7,7,20,-13,1,denmark,0.0,0.12,-13,0.88,0.0,8.33,9
Odense BK,8,6,2,0,24,7,17,20,denmark2,0.75,1.0,17,3.0,1.33,1.0,1
Fredericia,8,6,0,2,21,8,13,18,denmark2,0.75,0.75,13,2.62,1.33,1.33,2
Kolding IF,8,4,1,3,7,4,3,13,denmark2,0.5,0.62,3,0.88,2.0,1.61,3
AC Horsens,8,4,1,3,13,12,1,13,denmark2,0.5,0.62,1,1.62,2.0,1.61,3
Esbjerg,8,4,0,4,13,14,-1,12,denmark2,0.5,0.5,-1,1.62,2.0,2.0,4
Hillerod,8,2,4,2,12,8,4,10,denmark2,0.25,0.75,4,1.5,4.0,1.33,5
Hobro,8,3,1,4,11,12,-1,10,denmark2,0.38,0.5,-1,1.38,2.63,2.0,5
B 93,8,3,1,4,13,18,-5,10,denmark2,0.38,0.5,-5,1.62,2.63,2.0,5
HB Koge,8,2,3,3,11,12,-1,9,denmark2,0.25,0.62,-1,1.38,4.0,1.61,6
Vendsyssel,8,2,3,3,9,12,-3,9,denmark2,0.25,0.62,-3,1.12,4.0,1.61,6
Hvidovre,8,2,1,5,4,9,-5,7,denmark2,0.25,0.38,-5,0.5,4.0,2.63,7
Roskilde,8,1,1,6,6,16,-10,4,denmark2,0.12,0.25,-10,0.75,8.33,4.0,8
I. del Valle,7,4,3,0,8,4,4,15,ecuador,0.57,1.0,4,1.14,1.75,1.0,1
Barcelona SC,8,4,2,2,11,7,4,14,ecuador,0.5,0.75,4,1.38,2.0,1.33,2
LDU Quito,8,4,2,2,12,10,2,14,ecuador,0.5,0.75,2,1.5,2.0,1.33,2
Aucas,7,3,3,1,11,8,3,12,ecuador,0.43,0.86,3,1.57,2.33,1.16,3
Emelec,7,3,3,1,10,9,1,12,ecuador,0.43,0.86,1,1.43,2.33,1.16,3
El Nacional,8,4,0,4,9,10,-1,12,ecuador,0.5,0.5,-1,1.12,2.0,2.0,3
Macara,8,2,3,3,6,9,-3,9,ecuador,0.25,0.62,-3,0.75,4.0,1.61,4
U. Catolica,7,2,2,3,10,10,0,8,ecuador,0.29,0.57,0,1.43,3.45,1.75,5
Orense,8,1,3,4,3,10,-7,6,ecuador,0.12,0.5,-7,0.38,8.33,2.0,6
Imbabura,8,1,2,5,7,21,-14,5,ecuador,0.12,0.38,-14,0.88,8.33,2.63,7
D. Cuenca,7,0,3,4,6,13,-7,3,ecuador,0.0,0.43,-7,0.86,0.0,2.33,8
Mushuc Runa,7,0,3,4,4,12,-8,3,ecuador,0.0,0.43,-8,0.57,0.0,2.33,8
Tecnico U.,7,1,0,6,5,14,-9,3,ecuador,0.14,0.14,-9,0.71,7.14,7.14,8
Libertad,8,0,3,5,4,15,-11,3,ecuador,0.0,0.38,-11,0.5,0.0,2.63,8
Cumbaya,8,0,1,7,2,14,-12,1,ecuador,0.0,0.12,-12,0.25,0.0,8.33,9
Delfin,7,0,1,6,1,14,-13,1,ecuador,0.0,0.14,-13,0.14,0.0,7.14,9
Guayaquil City,8,3,3,2,7,6,1,12,ecuador3,0.38,0.75,1,0.88,2.63,1.33,1
Manta,8,3,3,2,7,8,-1,12,ecuador3,0.38,0.75,-1,0.88,2.63,1.33,1
San Antonio,8,2,5,1,4,3,1,11,ecuador3,0.25,0.88,1,0.5,4.0,1.14,2
I. Juniors,8,2,4,2,9,8,1,10,ecuador3,0.25,0.75,1,1.12,4.0,1.33,3
Cuniburo,8,2,3,3,17,12,5,9,ecuador3,0.25,0.62,5,2.12,4.0,1.61,4
Leones Norte,8,2,2,4,5,7,-2,8,ecuador3,0.25,0.5,-2,0.62,4.0,2.0,5
Gualaceo,8,2,1,5,5,12,-7,7,ecuador3,0.25,0.38,-7,0.62,4.0,2.63,6
Nueve Octubre,8,1,2,5,6,12,-6,5,ecuador3,0.12,0.38,-6,0.75,8.33,2.63,7
Vargas Torres,8,0,3,5,3,16,-13,3,ecuador3,0.0,0.38,-13,0.38,0.0,2.63,8
Chacaritas,8,0,2,6,5,18,-13,2,ecuador3,0.0,0.25,-13,0.62,0.0,4.0,9
Al Masry,3,2,1,0,3,0,3,7,egypt,0.67,1.0,3,1.0,1.49,1.0,1
Zamalek,2,2,0,0,6,0,6,6,egypt,1.0,1.0,6,3.0,1.0,1.0,2
El Geish,2,2,0,0,4,2,2,6,egypt,1.0,1.0,2,2.0,1.0,1.0,2
Al Ittihad,3,1,2,0,2,1,1,5,egypt,0.33,1.0,1,0.67,3.03,1.0,3
ZED FC,3,1,2,0,2,1,1,5,egypt,0.33,1.0,1,0.67,3.03,1.0,3
Smouha,2,1,1,0,3,1,2,4,egypt,0.5,1.0,2,1.5,2.0,1.0,4
Pharco,2,1,1,0,2,1,1,4,egypt,0.5,1.0,1,1.0,2.0,1.0,4
Al Ahly,2,1,1,0,1,0,1,4,egypt,0.5,1.0,1,0.5,2.0,1.0,4
Ghazl El M.,2,1,1,0,1,0,1,4,egypt,0.5,1.0,1,0.5,2.0,1.0,4
Pyramids FC,3,1,1,1,3,3,0,4,egypt,0.33,0.67,0,1.0,3.03,1.49,4
Petrojet,3,1,1,1,2,2,0,4,egypt,0.33,0.67,0,0.67,3.03,1.49,4
National Bank,3,1,0,2,4,6,-2,3,egypt,0.33,0.33,-2,1.33,3.03,3.03,5
El Gouna,2,0,2,0,0,0,0,2,egypt,0.0,1.0,0,0.0,0.0,1.0,6
Ceramica C.,3,0,2,1,3,6,-3,2,egypt,0.0,0.67,-3,1.0,0.0,1.49,6
ENPPI,3,0,1,2,3,5,-2,1,egypt,0.0,0.33,-2,1.0,0.0,3.03,7
Modern Sport,2,0,1,1,2,5,-3,1,egypt,0.0,0.5,-3,1.0,0.0,2.0,7
Ismaily,2,0,0,2,0,2,-2,0,egypt,0.0,0.0,-2,0.0,0.0,0.0,8
Haras El Hodood,2,0,0,2,0,3,-3,0,egypt,0.0,0.0,-3,0.0,0.0,0.0,8
Liverpool,8,6,2,0,22,11,11,20,england,0.75,1.0,11,2.75,1.33,1.0,1
Chelsea,8,5,2,1,17,8,9,17,england,0.62,0.88,9,2.12,1.61,1.14,2
Nottm Forest,8,4,2,2,12,12,0,14,england,0.5,0.75,0,1.5,2.0,1.33,3
Bournemouth,8,4,1,3,15,13,2,13,england,0.5,0.62,2,1.88,2.0,1.61,4
Arsenal,8,3,3,2,15,10,5,12,england,0.38,0.75,5,1.88,2.63,1.33,5
Newcastle Utd,8,3,2,3,14,12,2,11,england,0.38,0.62,2,1.75,2.63,1.61,6
Tottenham,8,3,1,4,16,8,8,10,england,0.38,0.5,8,2.0,2.63,2.0,7
Fulham,8,2,4,2,10,9,1,10,england,0.25,0.75,1,1.25,4.0,1.33,7
Aston Villa,8,3,1,4,11,16,-5,10,england,0.38,0.5,-5,1.38,2.63,2.0,7
Crystal Palace,8,2,3,3,11,11,0,9,england,0.25,0.62,0,1.38,4.0,1.61,8
Manchester Utd,8,2,3,3,8,8,0,9,england,0.25,0.62,0,1.0,4.0,1.61,8
Brighton,8,2,3,3,11,14,-3,9,england,0.25,0.62,-3,1.38,4.0,1.61,8
West Ham Utd,8,2,3,3,9,13,-4,9,england,0.25,0.62,-4,1.12,4.0,1.61,8
Manchester City,8,2,2,4,11,13,-2,8,england,0.25,0.5,-2,1.38,4.0,2.0,9
Wolverhampton,8,2,2,4,15,18,-3,8,england,0.25,0.5,-3,1.88,4.0,2.0,9
Ipswich Town,8,2,2,4,10,16,-6,8,england,0.25,0.5,-6,1.25,4.0,2.0,9
Everton,8,1,3,4,5,13,-8,6,england,0.12,0.5,-8,0.62,8.33,2.0,10
Leicester City,8,1,2,5,10,22,-12,5,england,0.12,0.38,-12,1.25,8.33,2.63,11
Southampton,8,0,2,6,4,14,-10,2,england,0.0,0.25,-10,0.5,0.0,4.0,12
Brentford,8,0,1,7,6,16,-10,1,england,0.0,0.12,-10,0.75,0.0,8.33,13
Sheffield Wed,8,5,1,2,12,7,5,16,england2,0.62,0.75,5,1.5,1.61,1.33,1
Burnley,8,4,3,1,8,3,5,15,england2,0.5,0.88,5,1.0,2.0,1.14,2
Sheffield Utd,8,4,2,2,11,8,3,14,england2,0.5,0.75,3,1.38,2.0,1.33,3
Middlesbrough,8,3,3,2,20,15,5,12,england2,0.38,0.75,5,2.5,2.63,1.33,4
Sunderland,8,3,3,2,8,7,1,12,england2,0.38,0.75,1,1.0,2.63,1.33,4
Blackburn,8,4,0,4,7,8,-1,12,england2,0.5,0.5,-1,0.88,2.0,2.0,4
Bristol City,8,3,2,3,10,10,0,11,england2,0.38,0.62,0,1.25,2.63,1.61,5
Swansea City,8,3,2,3,8,8,0,11,england2,0.38,0.62,0,1.0,2.63,1.61,5
Leeds Utd,8,2,4,2,10,9,1,10,england2,0.25,0.75,1,1.25,4.0,1.33,6
West Brom,8,1,5,2,8,9,-1,8,england2,0.12,0.75,-1,1.0,8.33,1.33,7
Millwall,8,1,5,2,4,5,-1,8,england2,0.12,0.75,-1,0.5,8.33,1.33,7
Coventry City,8,2,2,4,8,12,-4,8,england2,0.25,0.5,-4,1.0,4.0,2.0,7
Preston,8,1,4,3,9,12,-3,7,england2,0.12,0.62,-3,1.12,8.33,1.61,8
Derby County,8,1,4,3,7,10,-3,7,england2,0.12,0.62,-3,0.88,8.33,1.61,8
QP Rangers,8,1,4,3,4,8,-4,7,england2,0.12,0.62,-4,0.5,8.33,1.61,8
Hull City,8,2,1,5,9,14,-5,7,england2,0.25,0.38,-5,1.12,4.0,2.63,8
Watford,8,1,2,5,11,16,-5,5,england2,0.12,0.38,-5,1.38,8.33,2.63,9
Cardiff City,8,0,5,3,7,12,-5,5,england2,0.0,0.62,-5,0.88,0.0,1.61,9
Stoke City,8,1,2,5,5,11,-6,5,england2,0.12,0.38,-6,0.62,8.33,2.63,9
Portsmouth,8,1,2,5,7,19,-12,5,england2,0.12,0.38,-12,0.88,8.33,2.63,9
Norwich City,8,0,4,4,7,14,-7,4,england2,0.0,0.5,-7,0.88,0.0,2.0,10
Luton Town,8,1,0,7,7,22,-15,3,england2,0.12,0.12,-15,0.88,8.33,8.33,11
Oxford Utd,8,0,2,6,4,17,-13,2,england2,0.0,0.25,-13,0.5,0.0,4.0,12
Plymouth,8,0,1,7,2,23,-21,1,england2,0.0,0.12,-21,0.25,0.0,8.33,13
Wycombe,8,6,2,0,22,10,12,20,england3,0.75,1.0,12,2.75,1.33,1.0,1
Birmingham City,8,5,1,2,13,7,6,16,england3,0.62,0.75,6,1.62,1.61,1.33,2
Huddersfield,8,4,2,2,15,6,9,14,england3,0.5,0.75,9,1.88,2.0,1.33,3
Leyton Orient,8,4,1,3,12,7,5,13,england3,0.5,0.62,5,1.5,2.0,1.61,4
Barnsley,8,4,1,3,9,10,-1,13,england3,0.5,0.62,-1,1.12,2.0,1.61,4
Wigan Athletic,8,3,3,2,9,5,4,12,england3,0.38,0.75,4,1.12,2.63,1.33,5
Blackpool,8,4,0,4,11,13,-2,12,england3,0.5,0.5,-2,1.38,2.0,2.0,5
Bolton,8,3,2,3,11,13,-2,11,england3,0.38,0.62,-2,1.38,2.63,1.61,6
Mansfield,8,3,1,4,8,10,-2,10,england3,0.38,0.5,-2,1.0,2.63,2.0,7
Exeter City,8,3,1,4,6,10,-4,10,england3,0.38,0.5,-4,0.75,2.63,2.0,7
Stockport,8,2,3,3,10,9,1,9,england3,0.25,0.62,1,1.25,4.0,1.61,8
Wrexham,8,2,3,3,6,8,-2,9,england3,0.25,0.62,-2,0.75,4.0,1.61,8
Reading,8,2,3,3,10,14,-4,9,england3,0.25,0.62,-4,1.25,4.0,1.61,8
Charlton,8,2,2,4,11,9,2,8,england3,0.25,0.5,2,1.38,4.0,2.0,9
Lincoln City,8,1,4,3,7,10,-3,7,england3,0.12,0.62,-3,0.88,8.33,1.61,10
Rotherham,8,1,3,4,6,10,-4,6,england3,0.12,0.5,-4,0.75,8.33,2.0,11
Stevenage,8,1,3,4,3,8,-5,6,england3,0.12,0.5,-5,0.38,8.33,2.0,11
Burton Albion,8,1,3,4,5,11,-6,6,england3,0.12,0.5,-6,0.62,8.33,2.0,11
Bristol Rovers,8,2,0,6,8,15,-7,6,england3,0.25,0.25,-7,1.0,4.0,4.0,11
Shrewsbury,8,1,2,5,11,19,-8,5,england3,0.12,0.38,-8,1.38,8.33,2.63,12
Crawley Town,8,1,2,5,7,15,-8,5,england3,0.12,0.38,-8,0.88,8.33,2.63,12
Cambridge Utd,8,1,2,5,7,16,-9,5,england3,0.12,0.38,-9,0.88,8.33,2.63,12
Peterborough,8,1,1,6,9,17,-8,4,england3,0.12,0.25,-8,1.12,8.33,4.0,13
Northampton,8,0,3,5,5,15,-10,3,england3,0.0,0.38,-10,0.62,0.0,2.63,14
Grimsby,8,6,1,1,12,6,6,19,england4,0.75,0.88,6,1.5,1.33,1.14,1
Walsall,8,5,2,1,12,4,8,17,england4,0.62,0.88,8,1.5,1.61,1.14,2
Port Vale,8,4,3,1,7,4,3,15,england4,0.5,0.88,3,0.88,2.0,1.14,3
Doncaster,8,4,2,2,12,8,4,14,england4,0.5,0.75,4,1.5,2.0,1.33,4
Chesterfield,8,4,1,3,16,10,6,13,england4,0.5,0.62,6,2.0,2.0,1.61,5
Bromley,8,3,4,1,9,6,3,13,england4,0.38,0.88,3,1.12,2.63,1.14,5
Crewe Alexandra,8,3,4,1,9,6,3,13,england4,0.38,0.88,3,1.12,2.63,1.14,5
Morecambe,8,3,2,3,11,14,-3,11,england4,0.38,0.62,-3,1.38,2.63,1.61,6
AFC Wimbledon,8,3,1,4,10,7,3,10,england4,0.38,0.5,3,1.25,2.63,2.0,7
Fleetwood,8,3,1,4,13,13,0,10,england4,0.38,0.5,0,1.62,2.63,2.0,7
Salford City,8,2,4,2,9,9,0,10,england4,0.25,0.75,0,1.12,4.0,1.33,7
Milton Keynes,8,3,1,4,15,16,-1,10,england4,0.38,0.5,-1,1.88,2.63,2.0,7
Cheltenham,8,2,3,3,12,13,-1,9,england4,0.25,0.62,-1,1.5,4.0,1.61,8
Colchester Utd,8,1,6,1,7,10,-3,9,england4,0.12,0.88,-3,0.88,8.33,1.14,8
Carlisle Utd,8,2,3,3,6,10,-4,9,england4,0.25,0.62,-4,0.75,4.0,1.61,8
Accrington,8,2,2,4,12,15,-3,8,england4,0.25,0.5,-3,1.5,4.0,2.0,9
Gillingham,8,2,2,4,5,8,-3,8,england4,0.25,0.5,-3,0.62,4.0,2.0,9
Bradford,8,1,4,3,7,10,-3,7,england4,0.12,0.62,-3,0.88,8.33,1.61,10
Notts County,8,1,4,3,9,13,-4,7,england4,0.12,0.62,-4,1.12,8.33,1.61,10
Newport,8,1,3,4,6,10,-4,6,england4,0.12,0.5,-4,0.75,8.33,2.0,11
Barrow,8,1,2,5,4,9,-5,5,england4,0.12,0.38,-5,0.5,8.33,2.63,12
Harrogate,8,1,2,5,4,11,-7,5,england4,0.12,0.38,-7,0.5,8.33,2.63,12
Swindon Town,8,1,2,5,9,17,-8,5,england4,0.12,0.38,-8,1.12,8.33,2.63,12
Tranmere,8,1,1,6,5,18,-13,4,england4,0.12,0.25,-13,0.62,8.33,4.0,13
Forest Green,8,5,2,1,15,7,8,17,england5,0.62,0.88,8,1.88,1.61,1.14,1
Oldham,8,4,4,0,14,7,7,16,england5,0.5,1.0,7,1.75,2.0,1.0,2
Gateshead FC,8,4,2,2,18,11,7,14,england5,0.5,0.75,7,2.25,2.0,1.33,3
Solihull Moors,8,4,2,2,14,7,7,14,england5,0.5,0.75,7,1.75,2.0,1.33,3
Halifax Town,8,4,2,2,10,8,2,14,england5,0.5,0.75,2,1.25,2.0,1.33,3
Barnet,8,4,1,3,14,13,1,13,england5,0.5,0.62,1,1.75,2.0,1.61,4
York City,8,3,3,2,9,8,1,12,england5,0.38,0.75,1,1.12,2.63,1.33,5
Southend Utd,8,3,3,2,8,8,0,12,england5,0.38,0.75,0,1.0,2.63,1.33,5
Yeovil Town,8,3,2,3,7,7,0,11,england5,0.38,0.62,0,0.88,2.63,1.61,6
Rochdale,8,3,1,4,11,11,0,10,england5,0.38,0.5,0,1.38,2.63,2.0,7
Sutton Utd,8,3,1,4,10,12,-2,10,england5,0.38,0.5,-2,1.25,2.63,2.0,7
Altrincham,8,2,3,3,15,13,2,9,england5,0.25,0.62,2,1.88,4.0,1.61,8
Hartlepool,8,2,3,3,11,13,-2,9,england5,0.25,0.62,-2,1.38,4.0,1.61,8
Maidenhead Utd,8,3,0,5,11,16,-5,9,england5,0.38,0.38,-5,1.38,2.63,2.63,8
Tamworth,8,3,0,5,7,15,-8,9,england5,0.38,0.38,-8,0.88,2.63,2.63,8
Wealdstone,8,1,4,3,11,12,-1,7,england5,0.12,0.62,-1,1.38,8.33,1.61,9
Eastleigh,8,1,4,3,7,11,-4,7,england5,0.12,0.62,-4,0.88,8.33,1.61,9
Dagenham & R.,8,1,2,5,5,11,-6,5,england5,0.12,0.38,-6,0.62,8.33,2.63,10
Aldershot Town,8,0,4,4,10,17,-7,4,england5,0.0,0.5,-7,1.25,0.0,2.0,11
Braintree Town,8,1,0,7,9,18,-9,3,england5,0.12,0.12,-9,1.12,8.33,8.33,12
Woking,8,0,3,5,6,15,-9,3,england5,0.0,0.38,-9,0.75,0.0,2.63,12
Boston Utd,8,0,3,5,4,14,-10,3,england5,0.0,0.38,-10,0.5,0.0,2.63,12
AFC Fylde,8,1,0,7,3,19,-16,3,england5,0.12,0.12,-16,0.38,8.33,8.33,12
Ebbsfleet Utd,8,0,1,7,6,23,-17,1,england5,0.0,0.12,-17,0.75,0.0,8.33,13
Curzon,8,6,1,1,12,4,8,19,england6,0.75,0.88,8,1.5,1.33,1.14,1
Brackley Town,8,4,3,1,12,6,6,15,england6,0.5,0.88,6,1.5,2.0,1.14,2
Alfreton Town,8,4,3,1,8,5,3,15,england6,0.5,0.88,3,1.0,2.0,1.14,2
Buxton,8,4,2,2,11,9,2,14,england6,0.5,0.75,2,1.38,2.0,1.33,3
Spennymoor,8,3,4,1,13,10,3,13,england6,0.38,0.88,3,1.62,2.63,1.14,4
Kidderminster,8,4,1,3,11,9,2,13,england6,0.5,0.62,2,1.38,2.0,1.61,4
Kings Lynn,8,3,3,2,9,7,2,12,england6,0.38,0.75,2,1.12,2.63,1.33,5
Darlington,8,3,2,3,10,9,1,11,england6,0.38,0.62,1,1.25,2.63,1.61,6
Scunthorpe,8,3,2,3,9,8,1,11,england6,0.38,0.62,1,1.12,2.63,1.61,6
Oxford City,8,3,2,3,13,13,0,11,england6,0.38,0.62,0,1.62,2.63,1.61,6
Radcliffe,8,2,4,2,9,9,0,10,england6,0.25,0.75,0,1.12,4.0,1.33,7
Peterborough S.,8,2,4,2,12,13,-1,10,england6,0.25,0.75,-1,1.5,4.0,1.33,7
Chorley,8,3,1,4,9,11,-2,10,england6,0.38,0.5,-2,1.12,2.63,2.0,7
Warrington,8,1,6,1,8,9,-1,9,england6,0.12,0.88,-1,1.0,8.33,1.14,8
Scarborough,8,2,3,3,6,8,-2,9,england6,0.25,0.62,-2,0.75,4.0,1.61,8
Chester,8,2,3,3,8,12,-4,9,england6,0.25,0.62,-4,1.0,4.0,1.61,8
Hereford Utd,8,2,3,3,5,9,-4,9,england6,0.25,0.62,-4,0.62,4.0,1.61,8
Needham Market,8,2,2,4,4,14,-10,8,england6,0.25,0.5,-10,0.5,4.0,2.0,9
Farsley Celtic,8,2,1,5,5,19,-14,7,england6,0.25,0.38,-14,0.62,4.0,2.63,10
South Shields,8,2,0,6,7,17,-10,6,england6,0.25,0.25,-10,0.88,4.0,4.0,11
Leamington,8,1,2,5,5,9,-4,5,england6,0.12,0.38,-4,0.62,8.33,2.63,12
Southport,8,1,1,6,4,16,-12,4,england6,0.12,0.25,-12,0.5,8.33,4.0,13
Rushall,8,1,0,7,4,22,-18,3,england6,0.12,0.12,-18,0.5,8.33,8.33,14
Marine,8,0,2,6,0,12,-12,2,england6,0.0,0.25,-12,0.0,0.0,4.0,15
Maidstone Utd,8,5,3,0,18,6,12,18,england7,0.62,1.0,12,2.25,1.61,1.0,1
Dorking,8,5,1,2,25,10,15,16,england7,0.62,0.75,15,3.12,1.61,1.33,2
Truro City,8,4,3,1,12,7,5,15,england7,0.5,0.88,5,1.5,2.0,1.14,3
Torquay Utd,8,4,2,2,11,8,3,14,england7,0.5,0.75,3,1.38,2.0,1.33,4
Weston-s.-Mare,8,4,2,2,10,8,2,14,england7,0.5,0.75,2,1.25,2.0,1.33,4
Chippenham,8,4,1,3,14,11,3,13,england7,0.5,0.62,3,1.75,2.0,1.61,5
Worthing,8,4,1,3,11,9,2,13,england7,0.5,0.62,2,1.38,2.0,1.61,5
Hampton & R.,8,3,2,3,11,9,2,11,england7,0.38,0.62,2,1.38,2.63,1.61,6
Boreham Wood,8,3,2,3,9,9,0,11,england7,0.38,0.62,0,1.12,2.63,1.61,6
Chesham Utd,8,3,2,3,12,13,-1,11,england7,0.38,0.62,-1,1.5,2.63,1.61,6
Chelmsford City,8,2,4,2,16,12,4,10,england7,0.25,0.75,4,2.0,4.0,1.33,7
Hornchurch,8,2,4,2,10,10,0,10,england7,0.25,0.75,0,1.25,4.0,1.33,7
Eastbourne,8,3,1,4,11,15,-4,10,england7,0.38,0.5,-4,1.38,2.63,2.0,7
Weymouth,8,2,3,3,5,8,-3,9,england7,0.25,0.62,-3,0.62,4.0,1.61,8
St Albans,8,1,5,2,10,15,-5,8,england7,0.12,0.75,-5,1.25,8.33,1.33,9
Enfield Town,8,2,2,4,7,13,-6,8,england7,0.25,0.5,-6,0.88,4.0,2.0,9
Tonbridge,8,1,4,3,8,11,-3,7,england7,0.12,0.62,-3,1.0,8.33,1.61,10
Welling Utd,8,2,1,5,8,19,-11,7,england7,0.25,0.38,-11,1.0,4.0,2.63,10
Slough Town,8,1,3,4,11,14,-3,6,england7,0.12,0.5,-3,1.38,8.33,2.0,11
Salisbury,8,1,3,4,11,15,-4,6,england7,0.12,0.5,-4,1.38,8.33,2.0,11
Farnborough,8,1,2,5,10,19,-9,5,england7,0.12,0.38,-9,1.25,8.33,2.63,12
Bath City,8,1,1,6,5,15,-10,4,england7,0.12,0.25,-10,0.62,8.33,4.0,13
Aveley,8,1,0,7,9,20,-11,3,england7,0.12,0.12,-11,1.12,8.33,8.33,14
Hemel Hempstead,8,0,0,8,2,17,-15,0,england7,0.0,0.0,-15,0.25,0.0,0.0,15
Dover Athletic,8,6,2,0,16,5,11,20,england8,0.75,1.0,11,2.0,1.33,1.0,1
Canvey Island,8,6,0,2,15,9,6,18,england8,0.75,0.75,6,1.88,1.33,1.33,2
Wingate & F.,8,4,0,4,19,17,2,12,england8,0.5,0.5,2,2.38,2.0,2.0,3
Cray Valley PM,8,3,3,2,14,13,1,12,england8,0.38,0.75,1,1.75,2.63,1.33,3
Cray Wanderers,8,4,0,4,9,8,1,12,england8,0.5,0.5,1,1.12,2.0,2.0,3
Dartford,8,3,3,2,14,16,-2,12,england8,0.38,0.75,-2,1.75,2.63,1.33,3
Chatham Town,8,3,2,3,17,12,5,11,england8,0.38,0.62,5,2.12,2.63,1.61,4
Hashtag United,8,3,2,3,15,14,1,11,england8,0.38,0.62,1,1.88,2.63,1.61,4
Cheshunt,8,3,1,4,14,14,0,10,england8,0.38,0.5,0,1.75,2.63,2.0,5
Chichester City,8,3,1,4,15,16,-1,10,england8,0.38,0.5,-1,1.88,2.63,2.0,5
Billericay Town,8,2,4,2,10,11,-1,10,england8,0.25,0.75,-1,1.25,4.0,1.33,5
Carshalton,8,2,3,3,8,7,1,9,england8,0.25,0.62,1,1.0,4.0,1.61,6
Folkestone,8,3,0,5,9,13,-4,9,england8,0.38,0.38,-4,1.12,2.63,2.63,6
Horsham,8,2,2,4,6,11,-5,8,england8,0.25,0.5,-5,0.75,4.0,2.0,7
Dulwich Hamlet,8,1,4,3,10,16,-6,7,england8,0.12,0.62,-6,1.25,8.33,1.61,8
Lewes,8,1,4,3,5,12,-7,7,england8,0.12,0.62,-7,0.62,8.33,1.61,8
Bowers & Pitsea,8,2,0,6,8,17,-9,6,england8,0.25,0.25,-9,1.0,4.0,4.0,9
Hastings Utd,8,1,3,4,6,22,-16,6,england8,0.12,0.5,-16,0.75,8.33,2.0,9
Potters Bar,8,1,2,5,8,18,-10,5,england8,0.12,0.38,-10,1.0,8.33,2.63,10
Whitehawk,8,1,2,5,5,20,-15,5,england8,0.12,0.38,-15,0.62,8.33,2.63,10
Bognor Regis,8,1,1,6,5,20,-15,4,england8,0.12,0.25,-15,0.62,8.33,4.0,11
Hendon,8,0,3,5,6,12,-6,3,england8,0.0,0.38,-6,0.75,0.0,2.63,12
Macclesfield,8,6,1,1,17,8,9,19,england9,0.75,0.88,9,2.12,1.33,1.14,1
Guiseley,8,5,3,0,15,8,7,18,england9,0.62,1.0,7,1.88,1.61,1.0,2
Morpeth Town,8,5,1,2,14,11,3,16,england9,0.62,0.75,3,1.75,1.61,1.33,3
Ashton Utd,8,4,3,1,15,10,5,15,england9,0.5,0.88,5,1.88,2.0,1.14,4
Gainsborough,8,5,0,3,11,8,3,15,england9,0.62,0.62,3,1.38,1.61,1.61,4
Worksop Town,8,4,1,3,14,10,4,13,england9,0.5,0.62,4,1.75,2.0,1.61,5
FC United,8,3,3,2,11,13,-2,12,england9,0.38,0.75,-2,1.38,2.63,1.33,6
Rylands,8,2,5,1,12,9,3,11,england9,0.25,0.88,3,1.5,4.0,1.14,7
Lancaster City,8,3,2,3,10,14,-4,11,england9,0.38,0.62,-4,1.25,2.63,1.61,7
Hyde Utd,8,2,4,2,12,12,0,10,england9,0.25,0.75,0,1.5,4.0,1.33,8
Ilkeston Town,8,3,1,4,11,13,-2,10,england9,0.38,0.5,-2,1.38,2.63,2.0,8
Matlock,8,2,3,3,12,10,2,9,england9,0.25,0.62,2,1.5,4.0,1.61,9
Basford Utd,8,3,0,5,12,16,-4,9,england9,0.38,0.38,-4,1.5,2.63,2.63,9
Stockton Town,8,2,2,4,14,14,0,8,england9,0.25,0.5,0,1.75,4.0,2.0,10
Hebburn Town,8,2,2,4,12,15,-3,8,england9,0.25,0.5,-3,1.5,4.0,2.0,10
Prescot Cables,8,2,2,4,12,15,-3,8,england9,0.25,0.5,-3,1.5,4.0,2.0,10
Bamber Bridge,8,2,2,4,12,17,-5,8,england9,0.25,0.5,-5,1.5,4.0,2.0,10
Whitby Town,8,2,1,5,14,22,-8,7,england9,0.25,0.38,-8,1.75,4.0,2.63,11
Leek Town,8,1,3,4,3,9,-6,6,england9,0.12,0.5,-6,0.38,8.33,2.0,12
Workington,8,1,2,5,10,19,-9,5,england9,0.12,0.38,-9,1.25,8.33,2.63,13
Blyth Spartans,8,1,0,7,5,20,-15,3,england9,0.12,0.12,-15,0.62,8.33,8.33,14
Mickleover,8,0,2,6,6,19,-13,2,england9,0.0,0.25,-13,0.75,0.0,4.0,15
Stratford Town,8,6,0,2,12,7,5,18,england10,0.75,0.75,5,1.5,1.33,1.33,1
Halesowen Town,8,5,1,2,17,6,11,16,england10,0.62,0.75,11,2.12,1.61,1.33,2
Leiston,8,4,2,2,14,11,3,14,england10,0.5,0.75,3,1.75,2.0,1.33,3
Telford Utd,8,4,2,2,13,11,2,14,england10,0.5,0.75,2,1.62,2.0,1.33,3
Stourbridge,8,4,1,3,14,9,5,13,england10,0.5,0.62,5,1.75,2.0,1.61,4
Kettering Town,8,4,1,3,13,9,4,13,england10,0.5,0.62,4,1.62,2.0,1.61,4
Alvechurch,8,4,1,3,10,9,1,13,england10,0.5,0.62,1,1.25,2.0,1.61,4
Redditch Utd,8,4,0,4,12,12,0,12,england10,0.5,0.5,0,1.5,2.0,2.0,5
St. Ives Town,8,3,2,3,10,9,1,11,england10,0.38,0.62,1,1.25,2.63,1.61,6
Barwell,8,3,1,4,9,12,-3,10,england10,0.38,0.5,-3,1.12,2.63,2.0,7
Spalding United,8,3,1,4,9,12,-3,10,england10,0.38,0.5,-3,1.12,2.63,2.0,7
Bedford Town,8,2,3,3,11,11,0,9,england10,0.25,0.62,0,1.38,4.0,1.61,8
Hitchin Town,8,2,3,3,15,17,-2,9,england10,0.25,0.62,-2,1.88,4.0,1.61,8
B. Stortford,8,3,0,5,11,14,-3,9,england10,0.38,0.38,-3,1.38,2.63,2.63,8
Banbury Utd,8,2,3,3,7,10,-3,9,england10,0.25,0.62,-3,0.88,4.0,1.61,8
Bromsgrove,8,2,2,4,7,10,-3,8,england10,0.25,0.5,-3,0.88,4.0,2.0,9
Harborough Town,8,2,2,4,9,13,-4,8,england10,0.25,0.5,-4,1.12,4.0,2.0,9
Stamford,8,2,2,4,7,11,-4,8,england10,0.25,0.5,-4,0.88,4.0,2.0,9
Royston,8,2,1,5,11,13,-2,7,england10,0.25,0.38,-2,1.38,4.0,2.63,10
Lowestoft,8,2,1,5,14,24,-10,7,england10,0.25,0.38,-10,1.75,4.0,2.63,10
Biggleswade,8,1,3,4,11,15,-4,6,england10,0.12,0.5,-4,1.38,8.33,2.0,11
AFC Sudbury,8,2,0,6,11,17,-6,6,england10,0.25,0.25,-6,1.38,4.0,4.0,11
Paide,8,7,0,1,21,6,15,21,estonia,0.88,0.88,15,2.62,1.14,1.14,1
Levadia,8,6,0,2,16,6,10,18,estonia,0.75,0.75,10,2.0,1.33,1.33,2
Nomme Kalju,8,5,1,2,18,10,8,16,estonia,0.62,0.75,8,2.25,1.61,1.33,3
Narva Trans,8,4,3,1,15,10,5,15,estonia,0.5,0.88,5,1.88,2.0,1.14,4
Flora,8,3,1,4,13,15,-2,10,estonia,0.38,0.5,-2,1.62,2.63,2.0,5
Tammeka,8,3,1,4,9,14,-5,10,estonia,0.38,0.5,-5,1.12,2.63,2.0,5
Vaprus,8,2,1,5,6,11,-5,7,estonia,0.25,0.38,-5,0.75,4.0,2.63,6
Kuressaare,8,2,1,5,13,19,-6,7,estonia,0.25,0.38,-6,1.62,4.0,2.63,6
Nomme Utd,8,0,2,6,6,20,-14,2,estonia,0.0,0.25,-14,0.75,0.0,4.0,7
Tallinna Kalev,8,0,2,6,7,23,-16,2,estonia,0.0,0.25,-16,0.88,0.0,4.0,7
Harju JK,8,6,0,2,28,11,17,18,estonia2,0.75,0.75,17,3.5,1.33,1.33,1
Viimsi,8,5,1,2,14,11,3,16,estonia2,0.62,0.75,3,1.75,1.61,1.33,2
Flora B,8,4,2,2,22,17,5,14,estonia2,0.5,0.75,5,2.75,2.0,1.33,3
Tartu Welco,8,4,2,2,13,8,5,14,estonia2,0.5,0.75,5,1.62,2.0,1.33,3
Elva,8,3,2,3,12,11,1,11,estonia2,0.38,0.62,1,1.5,2.63,1.61,4
FC Tallinn,8,3,2,3,9,11,-2,11,estonia2,0.38,0.62,-2,1.12,2.63,1.61,4
Tallinna K. B,8,3,2,3,18,21,-3,11,estonia2,0.38,0.62,-3,2.25,2.63,1.61,4
Paide B,8,2,1,5,9,20,-11,7,estonia2,0.25,0.38,-11,1.12,4.0,2.63,5
Levadia B,8,1,0,7,7,23,-16,3,estonia2,0.12,0.12,-16,0.88,8.33,8.33,6
Tabasalu,8,0,1,7,9,27,-18,1,estonia2,0.0,0.12,-18,1.12,0.0,8.33,7
Vikingur,8,7,1,0,24,4,20,22,faroeislands,0.88,1.0,20,3.0,1.14,1.0,1
Klaksvik,8,7,0,1,17,7,10,21,faroeislands,0.88,0.88,10,2.12,1.14,1.14,2
B36 Torshavn,8,4,2,2,20,12,8,14,faroeislands,0.5,0.75,8,2.5,2.0,1.33,3
B68 Toftir,8,2,2,4,9,12,-3,8,faroeislands,0.25,0.5,-3,1.12,4.0,2.0,4
NSI Runavik,8,2,2,4,11,16,-5,8,faroeislands,0.25,0.5,-5,1.38,4.0,2.0,4
HB Torshavn,8,2,1,5,13,12,1,7,faroeislands,0.25,0.38,1,1.62,4.0,2.63,5
Streymur,8,2,0,6,6,16,-10,6,faroeislands,0.25,0.25,-10,0.75,4.0,4.0,6
07 Vestur,8,1,1,6,8,25,-17,4,faroeislands,0.12,0.25,-17,1.0,8.33,4.0,7
IF Fuglafjordur,8,0,1,7,8,24,-16,1,faroeislands,0.0,0.12,-16,1.0,0.0,8.33,8
Skala,8,0,1,7,2,20,-18,1,faroeislands,0.0,0.12,-18,0.25,0.0,8.33,8
Vikingur B,8,5,3,0,22,7,15,18,faroeislands2,0.62,1.0,15,2.75,1.61,1.0,1
TB Tvoroyri,8,3,5,0,9,5,4,14,faroeislands2,0.38,1.0,4,1.12,2.63,1.0,2
B71 Sandur,8,3,3,2,11,9,2,12,faroeislands2,0.38,0.75,2,1.38,2.63,1.33,3
Suduroy,8,2,5,1,17,13,4,11,faroeislands2,0.25,0.88,4,2.12,4.0,1.14,4
AB Argir,8,3,2,3,11,14,-3,11,faroeislands2,0.38,0.62,-3,1.38,2.63,1.61,4
B36 Torshavn B,8,3,1,4,16,15,1,10,faroeislands2,0.38,0.5,1,2.0,2.63,2.0,5
Hoyvik,8,2,4,2,9,10,-1,10,faroeislands2,0.25,0.75,-1,1.12,4.0,1.33,5
Klaksvik B,8,3,0,5,10,18,-8,9,faroeislands2,0.38,0.38,-8,1.25,2.63,2.63,6
NSI Runavik B,8,2,1,5,10,19,-9,7,faroeislands2,0.25,0.38,-9,1.25,4.0,2.63,7
HB T. B,8,1,1,6,6,26,-20,4,faroeislands2,0.12,0.25,-20,0.75,8.33,4.0,8
Ilves,8,4,2,2,12,8,4,14,finland,0.5,0.75,4,1.5,2.0,1.33,1
Inter Turku,8,4,1,3,12,4,8,13,finland,0.5,0.62,8,1.5,2.0,1.61,2
HJK Helsinki,8,4,1,3,14,9,5,13,finland,0.5,0.62,5,1.75,2.0,1.61,2
KuPS,8,4,1,3,11,10,1,13,finland,0.5,0.62,1,1.38,2.0,1.61,2
Haka,8,4,0,4,11,11,0,12,finland,0.5,0.5,0,1.38,2.0,2.0,3
SJK,8,3,2,3,13,13,0,11,finland,0.38,0.62,0,1.62,2.63,1.61,4
Gnistan,8,2,2,4,12,16,-4,8,finland,0.25,0.5,-4,1.5,4.0,2.0,5
Ekenas IF,8,2,2,4,6,18,-12,8,finland,0.25,0.5,-12,0.75,4.0,2.0,5
VPS,8,2,1,5,12,18,-6,7,finland,0.25,0.38,-6,1.5,4.0,2.63,6
Oulu,8,1,2,5,6,15,-9,5,finland,0.12,0.38,-9,0.75,8.33,2.63,7
Lahti,8,0,4,4,9,18,-9,4,finland,0.0,0.5,-9,1.12,0.0,2.0,8
Mariehamn,8,1,0,7,6,17,-11,3,finland,0.12,0.12,-11,0.75,8.33,8.33,9
KTP,8,5,1,2,24,12,12,16,finland2,0.62,0.75,12,3.0,1.61,1.33,1
JIPPO,8,5,0,3,15,8,7,15,finland2,0.62,0.62,7,1.88,1.61,1.61,2
Jaro,8,4,1,3,13,13,0,13,finland2,0.5,0.62,0,1.62,2.0,1.61,3
JaPS,8,4,1,3,15,19,-4,13,finland2,0.5,0.62,-4,1.88,2.0,1.61,3
SalPa,8,4,0,4,8,16,-8,12,finland2,0.5,0.5,-8,1.0,2.0,2.0,4
TPS,8,2,5,1,7,5,2,11,finland2,0.25,0.88,2,0.88,4.0,1.14,5
PK-35,8,2,3,3,8,11,-3,9,finland2,0.25,0.62,-3,1.0,4.0,1.61,6
Mikkelin,8,2,2,4,11,16,-5,8,finland2,0.25,0.5,-5,1.38,4.0,2.0,7
KaPa,8,2,1,5,19,26,-7,7,finland2,0.25,0.38,-7,2.38,4.0,2.63,8
SJK Akatemia,8,1,3,4,10,15,-5,6,finland2,0.12,0.5,-5,1.25,8.33,2.0,9
Marseille,8,7,0,1,23,7,16,21,france,0.88,0.88,16,2.88,1.14,1.14,1
Paris SG,8,5,3,0,20,8,12,18,france,0.62,1.0,12,2.5,1.61,1.0,2
Lille,8,3,4,1,12,6,6,13,france,0.38,0.88,6,1.5,2.63,1.14,3
Monaco,7,4,1,2,12,6,6,13,france,0.57,0.71,6,1.71,1.75,1.41,3
Lens,8,3,4,1,11,7,4,13,france,0.38,0.88,4,1.38,2.63,1.14,3
Lyon,8,3,3,2,12,9,3,12,france,0.38,0.75,3,1.5,2.63,1.33,4
Reims,7,3,2,2,11,7,4,11,france,0.43,0.71,4,1.57,2.33,1.41,5
Nice,8,2,3,3,10,12,-2,9,france,0.25,0.62,-2,1.25,4.0,1.61,6
Angers,8,2,3,3,5,8,-3,9,france,0.25,0.62,-3,0.62,4.0,1.61,6
Toulouse,7,2,1,4,7,10,-3,7,france,0.29,0.43,-3,1.0,3.45,2.33,7
Le Havre,7,2,0,5,6,10,-4,6,france,0.29,0.29,-4,0.86,3.45,3.45,8
Nantes,8,1,3,4,9,15,-6,6,france,0.12,0.5,-6,1.12,8.33,2.0,8
Strasbourg,8,1,2,5,14,19,-5,5,france,0.12,0.38,-5,1.75,8.33,2.63,9
Auxerre,7,1,1,5,9,16,-7,4,france,0.14,0.29,-7,1.29,7.14,3.45,10
Brest,7,1,0,6,7,18,-11,3,france,0.14,0.14,-11,1.0,7.14,7.14,11
Rennes,7,0,1,6,4,15,-11,1,france,0.0,0.14,-11,0.57,0.0,7.14,12
Saint-Etienne,8,0,1,7,5,27,-22,1,france,0.0,0.12,-22,0.62,0.0,8.33,12
Montpellier,7,0,0,7,3,19,-16,0,france,0.0,0.0,-16,0.43,0.0,0.0,13
Laval,8,4,2,2,13,6,7,14,france2,0.5,0.75,7,1.62,2.0,1.33,1
Paris FC,8,4,2,2,10,5,5,14,france2,0.5,0.75,5,1.25,2.0,1.33,1
Metz,8,3,2,3,8,8,0,11,france2,0.38,0.62,0,1.0,2.63,1.61,2
Rodez Aveyron,8,2,4,2,15,12,3,10,france2,0.25,0.75,3,1.88,4.0,1.33,3
Lorient,8,2,3,3,8,9,-1,9,france2,0.25,0.62,-1,1.0,4.0,1.61,4
Guingamp,8,3,0,5,7,14,-7,9,france2,0.38,0.38,-7,0.88,2.63,2.63,4
SC Bastia,8,1,5,2,6,8,-2,8,france2,0.12,0.75,-2,0.75,8.33,1.33,5
Annecy,8,1,5,2,10,14,-4,8,france2,0.12,0.75,-4,1.25,8.33,1.33,5
Martigues,7,2,2,3,7,17,-10,8,france2,0.29,0.57,-10,1.0,3.45,1.75,5
USL Dunkerque,7,2,1,4,9,13,-4,7,france2,0.29,0.43,-4,1.29,3.45,2.33,6
Troyes,8,2,1,5,6,11,-5,7,france2,0.25,0.38,-5,0.75,4.0,2.63,6
Clermont,7,2,1,4,3,9,-6,7,france2,0.29,0.43,-6,0.43,3.45,2.33,6
Red Star,8,2,1,5,8,16,-8,7,france2,0.25,0.38,-8,1.0,4.0,2.63,6
Amiens,8,2,0,6,8,15,-7,6,france2,0.25,0.25,-7,1.0,4.0,4.0,7
Pau FC,8,1,2,5,7,15,-8,5,france2,0.12,0.38,-8,0.88,8.33,2.63,8
Caen,8,1,1,6,8,14,-6,4,france2,0.12,0.25,-6,1.0,8.33,4.0,9
Grenoble,8,1,1,6,7,14,-7,4,france2,0.12,0.25,-7,0.88,8.33,4.0,9
AC Ajaccio,8,0,1,7,2,12,-10,1,france2,0.0,0.12,-10,0.25,0.0,8.33,10
Nancy,8,4,3,1,13,9,4,15,france3,0.5,0.88,4,1.62,2.0,1.14,1
Orleans,8,4,2,2,10,7,3,14,france3,0.5,0.75,3,1.25,2.0,1.33,2
Le Mans,8,4,1,3,10,9,1,13,france3,0.5,0.62,1,1.25,2.0,1.61,3
Bourg-en-Bresse,8,3,1,4,6,8,-2,10,france3,0.38,0.5,-2,0.75,2.63,2.0,4
Boulogne,7,3,1,3,7,11,-4,10,france3,0.43,0.57,-4,1.0,2.33,1.75,4
Sochaux,6,1,5,0,4,3,1,8,france3,0.17,1.0,1,0.67,5.88,1.0,5
Paris 13 A.,7,2,2,3,8,10,-2,8,france3,0.29,0.57,-2,1.14,3.45,1.75,5
Dijon,7,2,2,3,5,7,-2,8,france3,0.29,0.57,-2,0.71,3.45,1.75,5
Aubagne,7,2,1,4,9,7,2,7,france3,0.29,0.43,2,1.29,3.45,2.33,6
Concarneau,7,2,1,4,10,14,-4,7,france3,0.29,0.43,-4,1.43,3.45,2.33,6
Quevilly Rouen,7,2,1,4,7,11,-4,7,france3,0.29,0.43,-4,1.0,3.45,2.33,6
Versailles,7,1,3,3,7,9,-2,6,france3,0.14,0.57,-2,1.0,7.14,1.75,7
Rouen,6,1,2,3,6,8,-2,5,france3,0.17,0.5,-2,1.0,5.88,2.0,8
Villefranche,7,0,4,3,5,9,-4,4,france3,0.0,0.57,-4,0.71,0.0,1.75,9
Nimes,6,0,3,3,2,6,-4,3,france3,0.0,0.5,-4,0.33,0.0,2.0,10
Valenciennes,7,0,3,4,4,12,-8,3,france3,0.0,0.43,-8,0.57,0.0,2.33,10
Chateauroux,7,0,2,5,6,16,-10,2,france3,0.0,0.29,-10,0.86,0.0,3.45,11
Iberia,8,7,0,1,19,9,10,21,georgia,0.88,0.88,10,2.38,1.14,1.14,1
Dila Gori,8,4,2,2,18,8,10,14,georgia,0.5,0.75,10,2.25,2.0,1.33,2
Dinamo Batumi,8,4,1,3,10,11,-1,13,georgia,0.5,0.62,-1,1.25,2.0,1.61,3
Samgurali,8,1,5,2,8,8,0,8,georgia,0.12,0.75,0,1.0,8.33,1.33,4
Torpedo Kutaisi,8,2,2,4,10,13,-3,8,georgia,0.25,0.5,-3,1.25,4.0,2.0,4
Gagra,8,2,1,5,8,14,-6,7,georgia,0.25,0.38,-6,1.0,4.0,2.63,5
Kolkheti Poti,8,2,1,5,9,17,-8,7,georgia,0.25,0.38,-8,1.12,4.0,2.63,5
Dinamo Tbilisi,8,1,3,4,4,12,-8,6,georgia,0.12,0.5,-8,0.5,8.33,2.0,6
Samtredia,8,1,2,5,9,16,-7,5,georgia,0.12,0.38,-7,1.12,8.33,2.63,7
Telavi,8,0,3,5,5,14,-9,3,georgia,0.0,0.38,-9,0.62,0.0,2.63,8
Gareji Sagarejo,8,4,3,1,17,12,5,15,georgia2,0.5,0.88,5,2.12,2.0,1.14,1
L. Tbilisi,8,4,2,2,9,7,2,14,georgia2,0.5,0.75,2,1.12,2.0,1.33,2
Spaeri,8,4,1,3,13,7,6,13,georgia2,0.5,0.62,6,1.62,2.0,1.61,3
Aragvi Dusheti,8,4,0,4,11,11,0,12,georgia2,0.5,0.5,0,1.38,2.0,2.0,4
WIT Georgia,8,2,2,4,10,10,0,8,georgia2,0.25,0.5,0,1.25,4.0,2.0,5
Shturmi,8,2,2,4,9,13,-4,8,georgia2,0.25,0.5,-4,1.12,4.0,2.0,5
Rustavi,8,2,1,5,11,16,-5,7,georgia2,0.25,0.38,-5,1.38,4.0,2.63,6
Bolnisi,8,2,1,5,10,16,-6,7,georgia2,0.25,0.38,-6,1.25,4.0,2.63,6
D. Tbilisi B,8,1,2,5,4,17,-13,5,georgia2,0.12,0.38,-13,0.5,8.33,2.63,7
Kolkheti Khobi,8,1,0,7,6,26,-20,3,georgia2,0.12,0.12,-20,0.75,8.33,8.33,8
Bayern Munich,8,5,2,1,25,9,16,17,germany,0.62,0.88,16,3.12,1.61,1.14,1
Werder Bremen,8,5,1,2,16,13,3,16,germany,0.62,0.75,3,2.0,1.61,1.33,2
Leverkusen,7,4,3,0,15,8,7,15,germany,0.57,1.0,7,2.14,1.75,1.0,3
FSV Mainz,7,4,2,1,18,10,8,14,germany,0.57,0.86,8,2.57,1.75,1.16,4
Wolfsburg,7,4,1,2,18,10,8,13,germany,0.57,0.71,8,2.57,1.75,1.41,5
E. Frankfurt,8,4,1,3,16,12,4,13,germany,0.5,0.62,4,2.0,2.0,1.61,5
RB Leipzig,8,4,1,3,13,13,0,13,germany,0.5,0.62,0,1.62,2.0,1.61,5
Sankt Pauli,8,3,0,5,9,10,-1,9,germany,0.38,0.38,-1,1.12,2.63,2.63,6
Stuttgart,7,2,3,2,11,13,-2,9,germany,0.29,0.71,-2,1.57,3.45,1.41,6
Monchengladbach,7,2,2,3,7,9,-2,8,germany,0.29,0.57,-2,1.0,3.45,1.75,7
Freiburg,8,2,2,4,7,15,-8,8,germany,0.25,0.5,-8,0.88,4.0,2.0,7
Heidenheim,8,2,0,6,12,19,-7,6,germany,0.25,0.25,-7,1.5,4.0,4.0,8
Dortmund,7,1,2,4,8,14,-6,5,germany,0.14,0.43,-6,1.14,7.14,2.33,9
Union Berlin,8,1,2,5,6,13,-7,5,germany,0.12,0.38,-7,0.75,8.33,2.63,9
Hoffenheim,7,0,4,3,4,9,-5,4,germany,0.0,0.57,-5,0.57,0.0,1.75,10
Holstein Kiel,7,0,2,5,10,18,-8,2,germany,0.0,0.29,-8,1.43,0.0,3.45,11
FC Augsburg,7,0,2,5,5,22,-17,2,germany,0.0,0.29,-17,0.71,0.0,3.45,11
Bochum,8,0,1,7,7,21,-14,1,germany,0.0,0.12,-14,0.88,0.0,8.33,12
Magdeburg,8,6,1,1,19,10,9,19,germany2,0.75,0.88,9,2.38,1.33,1.14,1
Dusseldorf,8,5,2,1,14,6,8,17,germany2,0.62,0.88,8,1.75,1.61,1.14,2
FC Koln,8,5,2,1,12,10,2,17,germany2,0.62,0.88,2,1.5,1.61,1.14,2
Hertha Berlin,8,4,2,2,16,12,4,14,germany2,0.5,0.75,4,2.0,2.0,1.33,3
Karlsruher SC,8,4,2,2,16,15,1,14,germany2,0.5,0.75,1,2.0,2.0,1.33,3
Elversberg,8,3,3,2,12,6,6,12,germany2,0.38,0.75,6,1.5,2.63,1.33,4
Schalke 04,8,3,3,2,14,11,3,12,germany2,0.38,0.75,3,1.75,2.63,1.33,4
Hamburger SV,8,3,2,3,14,13,1,11,germany2,0.38,0.62,1,1.75,2.63,1.61,5
Darmstadt,8,3,2,3,19,19,0,11,germany2,0.38,0.62,0,2.38,2.63,1.61,5
Paderborn,8,2,5,1,13,13,0,11,germany2,0.25,0.88,0,1.62,4.0,1.14,5
Kaiserslautern,8,3,2,3,10,12,-2,11,germany2,0.38,0.62,-2,1.25,2.63,1.61,5
Preuss. Munster,8,2,3,3,11,13,-2,9,germany2,0.25,0.62,-2,1.38,4.0,1.61,6
Greuther Furth,8,2,3,3,13,16,-3,9,germany2,0.25,0.62,-3,1.62,4.0,1.61,6
FC Nurnberg,8,2,2,4,12,13,-1,8,germany2,0.25,0.5,-1,1.5,4.0,2.0,7
Ulm,8,1,5,2,8,9,-1,8,germany2,0.12,0.75,-1,1.0,8.33,1.33,7
Hannover 96,8,1,2,5,7,11,-4,5,germany2,0.12,0.38,-4,0.88,8.33,2.63,8
Braunschweig,8,0,2,6,5,21,-16,2,germany2,0.0,0.25,-16,0.62,0.0,4.0,9
Regensburg,8,0,1,7,5,26,-21,1,germany2,0.0,0.12,-21,0.62,0.0,8.33,10
Energie Cottbus,8,5,2,1,14,8,6,17,germany3,0.62,0.88,6,1.75,1.61,1.14,1
Dynamo Dresden,8,5,1,2,18,8,10,16,germany3,0.62,0.75,10,2.25,1.61,1.33,2
1860 Munchen,8,4,2,2,14,12,2,14,germany3,0.5,0.75,2,1.75,2.0,1.33,3
Verl,8,4,1,3,18,12,6,13,germany3,0.5,0.62,6,2.25,2.0,1.61,4
FC Ingolstadt,8,3,2,3,22,17,5,11,germany3,0.38,0.62,5,2.75,2.63,1.61,5
Saarbrucken,8,2,5,1,11,11,0,11,germany3,0.25,0.88,0,1.38,4.0,1.14,5
Wehen Wiesbaden,8,2,4,2,13,12,1,10,germany3,0.25,0.75,1,1.62,4.0,1.33,6
Erzgebirge Aue,8,3,1,4,12,16,-4,10,germany3,0.38,0.5,-4,1.5,2.63,2.0,6
Bielefeld,8,2,3,3,9,11,-2,9,germany3,0.25,0.62,-2,1.12,4.0,1.61,7
Hannover 96 B,8,2,2,4,10,9,1,8,germany3,0.25,0.5,1,1.25,4.0,2.0,8
Sandhausen,8,1,5,2,7,8,-1,8,germany3,0.12,0.75,-1,0.88,8.33,1.33,8
Dortmund B,8,2,2,4,17,20,-3,8,germany3,0.25,0.5,-3,2.12,4.0,2.0,8
Viktoria Koln,8,2,1,5,8,12,-4,7,germany3,0.25,0.38,-4,1.0,4.0,2.63,9
Hansa Rostock,8,2,1,5,7,14,-7,7,germany3,0.25,0.38,-7,0.88,4.0,2.63,9
Alemannia A.,8,1,4,3,6,13,-7,7,germany3,0.12,0.62,-7,0.75,8.33,1.61,9
Mannheim,8,1,3,4,5,11,-6,6,germany3,0.12,0.5,-6,0.62,8.33,2.0,10
VfB Stuttgart B,8,0,3,5,7,17,-10,3,germany3,0.0,0.38,-10,0.88,0.0,2.63,11
Osnabruck,8,0,2,6,9,19,-10,2,germany3,0.0,0.25,-10,1.12,0.0,4.0,12
RW Essen,8,0,2,6,6,17,-11,2,germany3,0.0,0.25,-11,0.75,0.0,4.0,12
Unterhaching,8,0,2,6,10,22,-12,2,germany3,0.0,0.25,-12,1.25,0.0,4.0,12
Nations,7,4,1,2,6,3,3,13,ghana,0.57,0.71,3,0.86,1.75,1.41,1
Asante Kotoko,7,3,2,2,8,6,2,11,ghana,0.43,0.71,2,1.14,2.33,1.41,2
Hearts of Oak,7,3,2,2,5,4,1,11,ghana,0.43,0.71,1,0.71,2.33,1.41,2
Heart of Lions,7,2,4,1,5,4,1,10,ghana,0.29,0.86,1,0.71,3.45,1.16,3
Medeama,7,3,1,3,9,9,0,10,ghana,0.43,0.57,0,1.29,2.33,1.75,3
Bechem Utd,7,2,3,2,7,7,0,9,ghana,0.29,0.71,0,1.0,3.45,1.41,4
Bibiani GS,7,1,5,1,4,5,-1,8,ghana,0.14,0.86,-1,0.57,7.14,1.16,5
Karela,6,2,1,3,3,3,0,7,ghana,0.33,0.5,0,0.5,3.03,2.0,6
Berekum Chelsea,7,1,3,3,3,6,-3,6,ghana,0.14,0.57,-3,0.43,7.14,1.75,7
Dreams,7,1,3,3,2,5,-3,6,ghana,0.14,0.57,-3,0.29,7.14,1.75,7
Aduana Stars,7,0,5,2,2,6,-4,5,ghana,0.0,0.71,-4,0.29,0.0,1.41,8
Vision,7,1,2,4,4,9,-5,5,ghana,0.14,0.43,-5,0.57,7.14,2.33,8
Young Apostles,7,1,2,4,2,9,-7,5,ghana,0.14,0.43,-7,0.29,7.14,2.33,8
Samartex,7,0,4,3,2,5,-3,4,ghana,0.0,0.57,-3,0.29,0.0,1.75,9
Holy Stars,7,1,1,5,5,11,-6,4,ghana,0.14,0.29,-6,0.71,7.14,3.45,9
Accra Lions,7,0,3,4,2,6,-4,3,ghana,0.0,0.43,-4,0.29,0.0,2.33,10
Nsoatreman,7,0,1,6,3,13,-10,1,ghana,0.0,0.14,-10,0.43,0.0,7.14,11
Legon Cities,7,0,1,6,4,16,-12,1,ghana,0.0,0.14,-12,0.57,0.0,7.14,11
St Josephs,8,6,2,0,24,6,18,20,gibraltar,0.75,1.0,18,3.0,1.33,1.0,1
Europa FC,8,6,2,0,22,8,14,20,gibraltar,0.75,1.0,14,2.75,1.33,1.0,1
Lincoln RI,7,6,1,0,24,1,23,19,gibraltar,0.86,1.0,23,3.43,1.16,1.0,2
Magpies,7,4,0,3,22,8,14,12,gibraltar,0.57,0.57,14,3.14,1.75,1.75,3
Manchester 62,7,3,1,3,13,10,3,10,gibraltar,0.43,0.57,3,1.86,2.33,1.75,4
Lions FC,7,2,2,3,11,9,2,8,gibraltar,0.29,0.57,2,1.57,3.45,1.75,5
College 1975,7,2,1,4,6,13,-7,7,gibraltar,0.29,0.43,-7,0.86,3.45,2.33,6
Glacis Utd,7,2,0,5,9,19,-10,6,gibraltar,0.29,0.29,-10,1.29,3.45,3.45,7
Mons Calpe,7,1,0,6,8,19,-11,3,gibraltar,0.14,0.14,-11,1.14,7.14,7.14,8
Europa Point,7,0,2,5,5,16,-11,2,gibraltar,0.0,0.29,-11,0.71,0.0,3.45,9
Lynx,8,0,1,7,7,21,-14,1,gibraltar,0.0,0.12,-14,0.88,0.0,8.33,10
PAOK,8,7,1,0,18,6,12,22,greece,0.88,1.0,12,2.25,1.14,1.0,1
Panathinaikos,8,5,2,1,8,5,3,17,greece,0.62,0.88,3,1.0,1.61,1.14,2
Olympiakos,8,4,2,2,12,6,6,14,greece,0.5,0.75,6,1.5,2.0,1.33,3
Panaitolikos,8,3,4,1,7,5,2,13,greece,0.38,0.88,2,0.88,2.63,1.14,4
AEK Athens,8,4,1,3,8,7,1,13,greece,0.5,0.62,1,1.0,2.0,1.61,4
OFI Crete,8,3,3,2,10,12,-2,12,greece,0.38,0.75,-2,1.25,2.63,1.33,5
Volos,8,4,0,4,7,13,-6,12,greece,0.5,0.5,-6,0.88,2.0,2.0,5
Atromitos,8,3,2,3,11,12,-1,11,greece,0.38,0.62,-1,1.38,2.63,1.61,6
Asteras T.,8,2,3,3,8,10,-2,9,greece,0.25,0.62,-2,1.0,4.0,1.61,7
Panserraikos,8,3,0,5,9,14,-5,9,greece,0.38,0.38,-5,1.12,2.63,2.63,7
Aris,8,2,2,4,8,13,-5,8,greece,0.25,0.5,-5,1.0,4.0,2.0,8
Levadiakos,8,1,4,3,12,14,-2,7,greece,0.12,0.62,-2,1.5,8.33,1.61,9
Lamia,8,1,3,4,6,11,-5,6,greece,0.12,0.5,-5,0.75,8.33,2.0,10
A. Kallithea,8,0,5,3,6,10,-4,5,greece,0.0,0.62,-4,0.75,0.0,1.61,11
Comunicaciones,8,3,2,3,11,12,-1,11,guatemala,0.38,0.62,-1,1.38,2.63,1.61,1
Xelaju,8,2,4,2,8,5,3,10,guatemala,0.25,0.75,3,1.0,4.0,1.33,2
Coban Imperial,8,3,1,4,8,8,0,10,guatemala,0.38,0.5,0,1.0,2.63,2.0,2
Municipal,8,2,4,2,5,10,-5,10,guatemala,0.25,0.75,-5,0.62,4.0,1.33,2
Malacateco,8,2,3,3,7,10,-3,9,guatemala,0.25,0.62,-3,0.88,4.0,1.61,3
Xinabajul,8,2,3,3,11,15,-4,9,guatemala,0.25,0.62,-4,1.38,4.0,1.61,3
Achuapa,8,2,2,4,5,10,-5,8,guatemala,0.25,0.5,-5,0.62,4.0,2.0,4
Mixco,8,2,1,5,8,16,-8,7,guatemala,0.25,0.38,-8,1.0,4.0,2.63,5
Antigua GFC,8,1,3,4,9,15,-6,6,guatemala,0.12,0.5,-6,1.12,8.33,2.0,6
Guastatoya,8,0,4,4,3,11,-8,4,guatemala,0.0,0.5,-8,0.38,0.0,2.0,7
Marquense,8,0,2,6,3,19,-16,2,guatemala,0.0,0.25,-16,0.38,0.0,4.0,8
Zacapa Tellioz,8,0,2,6,3,21,-18,2,guatemala,0.0,0.25,-18,0.38,0.0,4.0,8
Motagua,8,5,2,1,17,6,11,17,honduras,0.62,0.88,11,2.12,1.61,1.14,1
Olimpia,8,4,2,2,10,7,3,14,honduras,0.5,0.75,3,1.25,2.0,1.33,2
Real Espana,8,3,2,3,8,6,2,11,honduras,0.38,0.62,2,1.0,2.63,1.61,3
Marathon,8,3,2,3,8,10,-2,11,honduras,0.38,0.62,-2,1.0,2.63,1.61,3
Genesis,8,2,2,4,10,15,-5,8,honduras,0.25,0.5,-5,1.25,4.0,2.0,4
Olancho,8,1,4,3,6,12,-6,7,honduras,0.12,0.62,-6,0.75,8.33,1.61,5
Real Sociedad,8,1,3,4,11,19,-8,6,honduras,0.12,0.5,-8,1.38,8.33,2.0,6
UPNFM,8,1,2,5,4,16,-12,5,honduras,0.12,0.38,-12,0.5,8.33,2.63,7
Juticalpa,8,1,2,5,5,20,-15,5,honduras,0.12,0.38,-15,0.62,8.33,2.63,7
Victoria,8,0,2,6,8,18,-10,2,honduras,0.0,0.25,-10,1.0,0.0,4.0,8
Eastern,4,2,2,0,6,3,3,8,hongkong,0.5,1.0,3,1.5,2.0,1.0,1
Tai Po,3,2,1,0,9,3,6,7,hongkong,0.67,1.0,6,3.0,1.49,1.0,2
Kowloon City,5,2,0,3,8,16,-8,6,hongkong,0.4,0.4,-8,1.6,2.5,2.5,3
Southern D.,5,1,2,2,7,8,-1,5,hongkong,0.2,0.6,-1,1.4,5.0,1.67,4
Kitchee,3,1,1,1,7,3,4,4,hongkong,0.33,0.67,4,2.33,3.03,1.49,5
LM Warriors,3,1,1,1,4,4,0,4,hongkong,0.33,0.67,0,1.33,3.03,1.49,5
HK Rangers,7,1,1,5,7,21,-14,4,hongkong,0.14,0.29,-14,1.0,7.14,3.45,5
Hong Kong FC,4,0,0,4,2,13,-11,0,hongkong,0.0,0.0,-11,0.5,0.0,0.0,6
North District,5,0,0,5,3,15,-12,0,hongkong,0.0,0.0,-12,0.6,0.0,0.0,6
DVTK,8,4,4,0,15,10,5,16,hungary,0.5,1.0,5,1.88,2.0,1.0,1
Puskas A.,8,5,0,3,14,10,4,15,hungary,0.62,0.62,4,1.75,1.61,1.61,2
Ferencvaros,8,4,2,2,13,10,3,14,hungary,0.5,0.75,3,1.62,2.0,1.33,3
Ujpest,8,4,1,3,11,10,1,13,hungary,0.5,0.62,1,1.38,2.0,1.61,4
MTK Budapest,8,4,0,4,10,11,-1,12,hungary,0.5,0.5,-1,1.25,2.0,2.0,5
Gyor,8,2,4,2,11,9,2,10,hungary,0.25,0.75,2,1.38,4.0,1.33,6
Paks,8,2,1,5,13,16,-3,7,hungary,0.25,0.38,-3,1.62,4.0,2.63,7
Kecskemeti TE,8,1,2,5,8,17,-9,5,hungary,0.12,0.38,-9,1.0,8.33,2.63,8
Zalaegerszegi,8,0,4,4,8,13,-5,4,hungary,0.0,0.5,-5,1.0,0.0,2.0,9
Nyiregyhaza,8,1,1,6,6,14,-8,4,hungary,0.12,0.25,-8,0.75,8.33,4.0,9
Fehervar,8,1,1,6,8,19,-11,4,hungary,0.12,0.25,-11,1.0,8.33,4.0,9
Debrecen,8,0,2,6,7,17,-10,2,hungary,0.0,0.25,-10,0.88,0.0,4.0,10
Vikingur R.,8,6,1,1,25,10,15,19,iceland,0.75,0.88,15,3.12,1.33,1.14,1
Breidablik,8,5,2,1,15,8,7,17,iceland,0.62,0.88,7,1.88,1.61,1.14,2
KA Akureyri,8,4,3,1,15,8,7,15,iceland,0.5,0.88,7,1.88,2.0,1.14,3
Stjarnan,8,2,4,2,14,11,3,10,iceland,0.25,0.75,3,1.75,4.0,1.33,4
Fylkir,8,2,2,4,7,14,-7,8,iceland,0.25,0.5,-7,0.88,4.0,2.0,5
KR Reykjavik,8,2,1,5,11,15,-4,7,iceland,0.25,0.38,-4,1.38,4.0,2.63,6
Hafnarfjordur,8,2,1,5,13,20,-7,7,iceland,0.25,0.38,-7,1.62,4.0,2.63,6
Valur,8,1,3,4,15,17,-2,6,iceland,0.12,0.5,-2,1.88,8.33,2.0,7
Vestri,8,1,3,4,12,15,-3,6,iceland,0.12,0.5,-3,1.5,8.33,2.0,7
IA Akranes,8,1,2,5,6,20,-14,5,iceland,0.12,0.38,-14,0.75,8.33,2.63,8
Fram,8,1,1,6,7,17,-10,4,iceland,0.12,0.25,-10,0.88,8.33,4.0,9
HK Kopavogur,8,0,1,7,10,32,-22,1,iceland,0.0,0.12,-22,1.25,0.0,8.33,10
Afturelding,8,6,0,2,20,12,8,18,iceland2,0.75,0.75,8,2.5,1.33,1.33,1
IBV,8,4,1,3,19,10,9,13,iceland2,0.5,0.62,9,2.38,2.0,1.61,2
Leiknir R.,8,3,2,3,12,12,0,11,iceland2,0.38,0.62,0,1.5,2.63,1.61,3
Thor Akureyri,8,3,1,4,12,15,-3,10,iceland2,0.38,0.5,-3,1.5,2.63,2.0,4
Keflavik,8,2,4,2,6,9,-3,10,iceland2,0.25,0.75,-3,0.75,4.0,1.33,4
Throttur R.,8,2,3,3,11,11,0,9,iceland2,0.25,0.62,0,1.38,4.0,1.61,5
Fjolnir,8,2,3,3,5,10,-5,9,iceland2,0.25,0.62,-5,0.62,4.0,1.61,5
IR Reykjavik,8,2,3,3,9,17,-8,9,iceland2,0.25,0.62,-8,1.12,4.0,1.61,5
Njardvik,8,1,5,2,11,14,-3,8,iceland2,0.12,0.75,-3,1.38,8.33,1.33,6
Grindavik,8,2,1,5,13,22,-9,7,iceland2,0.25,0.38,-9,1.62,4.0,2.63,7
Dalvik / Reynir,8,1,1,6,8,18,-10,4,iceland2,0.12,0.25,-10,1.0,8.33,4.0,8
Grotta,8,0,0,8,8,21,-13,0,iceland2,0.0,0.0,-13,1.0,0.0,0.0,9
Selfoss,8,7,0,1,16,8,8,21,iceland3,0.88,0.88,8,2.0,1.14,1.14,1
Throttur Vogar,8,5,2,1,26,14,12,17,iceland3,0.62,0.88,12,3.25,1.61,1.14,2
Volsungur,8,5,2,1,19,14,5,17,iceland3,0.62,0.88,5,2.38,1.61,1.14,2
Hottur/Huginn,8,4,1,3,19,24,-5,13,iceland3,0.5,0.62,-5,2.38,2.0,1.61,3
Fjardabyggd/L.,8,4,0,4,12,15,-3,12,iceland3,0.5,0.5,-3,1.5,2.0,2.0,4
KFG,8,3,2,3,12,12,0,11,iceland3,0.38,0.62,0,1.5,2.63,1.61,5
Haukar,8,3,1,4,11,15,-4,10,iceland3,0.38,0.5,-4,1.38,2.63,2.0,6
AEggir,8,2,2,4,9,16,-7,8,iceland3,0.25,0.5,-7,1.12,4.0,2.0,7
Kormakur/Hvot,8,2,2,4,5,16,-11,8,iceland3,0.25,0.5,-11,0.62,4.0,2.0,7
V. Olafsvik,8,1,3,4,14,18,-4,6,iceland3,0.12,0.5,-4,1.75,8.33,2.0,8
Reynir,8,2,0,6,14,22,-8,6,iceland3,0.25,0.25,-8,1.75,4.0,4.0,8
Fjallabyggd,8,0,1,7,5,23,-18,1,iceland3,0.0,0.12,-18,0.62,0.0,8.33,9
Goa,6,3,3,0,11,7,4,12,india,0.5,1.0,4,1.83,2.0,1.0,1
NorthEast Utd,7,3,2,2,15,12,3,11,india,0.43,0.71,3,2.14,2.33,1.41,2
Mohun Bagan,6,3,1,2,8,6,2,10,india,0.5,0.67,2,1.33,2.0,1.49,3
Chennaiyin,8,3,1,4,13,13,0,10,india,0.38,0.5,0,1.62,2.63,2.0,3
Mumbai City,6,2,3,1,8,7,1,9,india,0.33,0.83,1,1.33,3.03,1.2,4
Odisha FC,5,2,1,2,12,7,5,7,india,0.4,0.6,5,2.4,2.5,1.67,5
Bengaluru,5,2,1,2,7,9,-2,7,india,0.4,0.6,-2,1.4,2.5,1.67,5
Punjab,6,2,0,4,9,10,-1,6,india,0.33,0.33,-1,1.5,3.03,3.03,6
Hyderabad,7,2,0,5,7,10,-3,6,india,0.29,0.29,-3,1.0,3.45,3.45,6
Kerala Blasters,6,1,2,3,11,15,-4,5,india,0.17,0.5,-4,1.83,5.88,2.0,7
Mohammedan,6,1,1,4,2,11,-9,4,india,0.17,0.33,-9,0.33,5.88,3.03,8
East Bengal,5,1,0,4,4,7,-3,3,india,0.2,0.2,-3,0.8,5.0,5.0,9
Jamshedpur,5,1,0,4,3,12,-9,3,india,0.2,0.2,-9,0.6,5.0,5.0,9
Churchill B.,5,3,1,1,10,6,4,10,india2,0.6,0.8,4,2.0,1.67,1.25,1
Dempo,6,3,1,2,5,5,0,10,india2,0.5,0.67,0,0.83,2.0,1.49,1
Rajasthan,6,2,1,3,6,14,-8,7,india2,0.33,0.5,-8,1.0,3.03,2.0,2
Gokulam,4,1,3,0,4,3,1,6,india2,0.25,1.0,1,1.0,4.0,1.0,3
Delhi FC,5,1,2,2,5,9,-4,5,india2,0.2,0.6,-4,1.0,5.0,1.67,4
Inter Kashi,2,0,2,0,1,1,0,2,india2,0.0,1.0,0,0.5,0.0,1.0,5
Namdhari,1,0,1,0,0,0,0,1,india2,0.0,1.0,0,0.0,0.0,1.0,6
Real Kashmir,2,0,1,1,1,2,-1,1,india2,0.0,0.5,-1,0.5,0.0,2.0,6
Aizawl,2,0,1,1,2,4,-2,1,india2,0.0,0.5,-2,1.0,0.0,2.0,6
Shillong Lajong,1,0,0,1,1,3,-2,0,india2,0.0,0.0,-2,1.0,0.0,0.0,7
Sreenidi Deccan,1,0,0,1,1,3,-2,0,india2,0.0,0.0,-2,1.0,0.0,0.0,7
SC Bengaluru,2,0,0,2,0,3,-3,0,india2,0.0,0.0,-3,0.0,0.0,0.0,7
Persebaya S.,7,4,2,1,5,3,2,14,indonesia,0.57,0.86,2,0.71,1.75,1.16,1
Arema,8,4,1,3,13,11,2,13,indonesia,0.5,0.62,2,1.62,2.0,1.61,2
Persita,8,4,1,3,9,9,0,13,indonesia,0.5,0.62,0,1.12,2.0,1.61,2
Persib,6,3,3,0,10,6,4,12,indonesia,0.5,1.0,4,1.67,2.0,1.0,3
Malut United,8,3,2,3,9,9,0,11,indonesia,0.38,0.62,0,1.12,2.63,1.61,4
Persik Kediri,7,3,2,2,10,11,-1,11,indonesia,0.43,0.71,-1,1.43,2.33,1.41,4
Dewa Utd,8,2,4,2,14,6,8,10,indonesia,0.25,0.75,8,1.75,4.0,1.33,5
PSBS Biak N.,8,3,1,4,9,12,-3,10,indonesia,0.38,0.5,-3,1.12,2.63,2.0,5
Persija,8,3,1,4,8,11,-3,10,indonesia,0.38,0.5,-3,1.0,2.63,2.0,5
Bali Utd,8,3,0,5,10,11,-1,9,indonesia,0.38,0.38,-1,1.25,2.63,2.63,6
PSM,6,1,5,0,8,7,1,8,indonesia,0.17,1.0,1,1.33,5.88,1.0,7
PSS Sleman,8,2,2,4,8,8,0,8,indonesia,0.25,0.5,0,1.0,4.0,2.0,7
PSIS Semarang,8,2,2,4,5,8,-3,8,indonesia,0.25,0.5,-3,0.62,4.0,2.0,7
Borneo,8,1,3,4,8,10,-2,6,indonesia,0.12,0.5,-2,1.0,8.33,2.0,8
Barito Putera,8,1,3,4,8,13,-5,6,indonesia,0.12,0.5,-5,1.0,8.33,2.0,8
Semen Padang,8,1,1,6,6,13,-7,4,indonesia,0.12,0.25,-7,0.75,8.33,4.0,9
Persis Solo,8,0,2,6,3,15,-12,2,indonesia,0.0,0.25,-12,0.38,0.0,4.0,10
Madura Utd,8,0,1,7,5,22,-17,1,indonesia,0.0,0.12,-17,0.62,0.0,8.33,11
Tractor Sazi,7,7,0,0,15,1,14,21,iran,1.0,1.0,14,2.14,1.0,1.0,1
Foolad,7,5,0,2,10,7,3,15,iran,0.71,0.71,3,1.43,1.41,1.41,2
Sepahan,6,3,3,0,10,5,5,12,iran,0.5,1.0,5,1.67,2.0,1.0,3
Esteghlal,7,3,2,2,10,9,1,11,iran,0.43,0.71,1,1.43,2.33,1.41,4
Gol Gohar,7,2,4,1,3,1,2,10,iran,0.29,0.86,2,0.43,3.45,1.16,5
Persepolis,6,3,1,2,6,5,1,10,iran,0.5,0.67,1,1.0,2.0,1.49,5
Zob Ahan,7,2,3,2,6,4,2,9,iran,0.29,0.71,2,0.86,3.45,1.41,6
N. Mazandaran,6,2,3,1,4,3,1,9,iran,0.33,0.83,1,0.67,3.03,1.2,6
Havadar,6,1,5,0,4,2,2,8,iran,0.17,1.0,2,0.67,5.88,1.0,7
Mes Rafsanjan,6,2,1,3,6,6,0,7,iran,0.33,0.5,0,1.0,3.03,2.0,8
Shams A. Qazvin,7,2,1,4,3,9,-6,7,iran,0.29,0.43,-6,0.43,3.45,2.33,8
Malavan,6,1,3,2,7,7,0,6,iran,0.17,0.67,0,1.17,5.88,1.49,9
Aluminium Arak,7,1,2,4,6,9,-3,5,iran,0.14,0.43,-3,0.86,7.14,2.33,10
E. Khuzestan,6,1,2,3,3,6,-3,5,iran,0.17,0.5,-3,0.5,5.88,2.0,10
K. Khorramabad,6,1,2,3,2,5,-3,5,iran,0.17,0.5,-3,0.33,5.88,2.0,10
Chadormalu,7,1,1,5,5,11,-6,4,iran,0.14,0.29,-6,0.71,7.14,3.45,11
Al Shorta,5,5,0,0,12,1,11,15,iraq,1.0,1.0,11,2.4,1.0,1.0,1
Al Quwa Al J.,5,3,2,0,5,2,3,11,iraq,0.6,1.0,3,1.0,1.67,1.0,2
Al Naft,6,2,4,0,4,1,3,10,iraq,0.33,1.0,3,0.67,3.03,1.0,3
Naft Maysan,5,3,0,2,7,7,0,9,iraq,0.6,0.6,0,1.4,1.67,1.67,4
Duhok,4,2,2,0,7,3,4,8,iraq,0.5,1.0,4,1.75,2.0,1.0,5
Zakho,6,2,2,2,4,5,-1,8,iraq,0.33,0.67,-1,0.67,3.03,1.49,5
Al-Karma,6,2,1,3,10,7,3,7,iraq,0.33,0.5,3,1.67,3.03,2.0,6
Al Najaf,6,1,4,1,4,4,0,7,iraq,0.17,0.83,0,0.67,5.88,1.2,6
Al Kahrabaa,7,1,4,2,7,8,-1,7,iraq,0.14,0.71,-1,1.0,7.14,1.41,6
Al Zawraa,5,1,3,1,2,2,0,6,iraq,0.2,0.8,0,0.4,5.0,1.25,7
Al Karkh,6,2,0,4,6,7,-1,6,iraq,0.33,0.33,-1,1.0,3.03,3.03,7
Al-Qasim,6,1,2,3,3,6,-3,5,iraq,0.17,0.5,-3,0.5,5.88,2.0,8
Al Talaba,5,1,1,3,1,3,-2,4,iraq,0.2,0.4,-2,0.2,5.0,2.5,9
Karbala,5,1,1,3,3,10,-7,4,iraq,0.2,0.4,-7,0.6,5.0,2.5,9
Erbil,5,1,1,3,3,11,-8,4,iraq,0.2,0.4,-8,0.6,5.0,2.5,9
Al Hudod,5,1,0,4,5,10,-5,3,iraq,0.2,0.2,-5,1.0,5.0,5.0,10
Naft Al-Basra,5,1,0,4,3,9,-6,3,iraq,0.2,0.2,-6,0.6,5.0,5.0,10
Diala,5,0,2,3,5,10,-5,2,iraq,0.0,0.4,-5,1.0,0.0,2.5,11
Newroz SC,6,0,2,4,2,7,-5,2,iraq,0.0,0.33,-5,0.33,0.0,3.03,11
Al Minaa Basra,4,0,1,3,2,5,-3,1,iraq,0.0,0.25,-3,0.5,0.0,4.0,12
St. Patricks,8,5,2,1,14,6,8,17,ireland,0.62,0.88,8,1.75,1.61,1.14,1
Shamrock Rovers,8,4,1,3,9,9,0,13,ireland,0.5,0.62,0,1.12,2.0,1.61,2
Bohemians,8,2,5,1,10,7,3,11,ireland,0.25,0.88,3,1.25,4.0,1.14,3
Shelbourne,8,3,2,3,6,7,-1,11,ireland,0.38,0.62,-1,0.75,2.63,1.61,3
Derry City,8,3,1,4,7,7,0,10,ireland,0.38,0.5,0,0.88,2.63,2.0,4
Galway Utd,8,2,3,3,7,9,-2,9,ireland,0.25,0.62,-2,0.88,4.0,1.61,5
Waterford,8,2,0,6,7,15,-8,6,ireland,0.25,0.25,-8,0.88,4.0,4.0,6
Sligo Rovers,8,1,3,4,7,18,-11,6,ireland,0.12,0.5,-11,0.88,8.33,2.0,6
Drogheda Utd,8,1,2,5,7,19,-12,5,ireland,0.12,0.38,-12,0.88,8.33,2.63,7
Dundalk,8,0,4,4,5,9,-4,4,ireland,0.0,0.5,-4,0.62,0.0,2.0,8
Cork City,8,4,2,2,14,11,3,14,ireland2,0.5,0.75,3,1.75,2.0,1.33,1
Treaty Utd,8,4,2,2,12,10,2,14,ireland2,0.5,0.75,2,1.5,2.0,1.33,1
Wexford,8,4,1,3,13,18,-5,13,ireland2,0.5,0.62,-5,1.62,2.0,1.61,2
UC Dublin,8,3,3,2,9,9,0,12,ireland2,0.38,0.75,0,1.12,2.63,1.33,3
Athlone Town,8,3,2,3,8,9,-1,11,ireland2,0.38,0.62,-1,1.0,2.63,1.61,4
Bray Wanderers,8,2,3,3,7,10,-3,9,ireland2,0.25,0.62,-3,0.88,4.0,1.61,5
Cobh Ramblers,8,3,0,5,6,14,-8,9,ireland2,0.38,0.38,-8,0.75,2.63,2.63,5
Finn Harps,8,1,3,4,9,12,-3,6,ireland2,0.12,0.5,-3,1.12,8.33,2.0,6
Longford Town,8,1,1,6,8,16,-8,4,ireland2,0.12,0.25,-8,1.0,8.33,4.0,7
Kerry,8,0,3,5,7,17,-10,3,ireland2,0.0,0.38,-10,0.88,0.0,2.63,8
M. Tel Aviv,8,6,1,1,18,8,10,19,israel,0.75,0.88,10,2.25,1.33,1.14,1
Maccabi Haifa,8,4,2,2,15,8,7,14,israel,0.5,0.75,7,1.88,2.0,1.33,2
H. Beer Sheva,6,4,1,1,10,3,7,13,israel,0.67,0.83,7,1.67,1.49,1.2,3
Hapoel Haifa,8,4,1,3,9,6,3,13,israel,0.5,0.62,3,1.12,2.0,1.61,3
B. Jerusalem,7,3,1,3,14,12,2,10,israel,0.43,0.57,2,2.0,2.33,1.75,4
M. Bnei Raina,7,3,1,3,9,9,0,10,israel,0.43,0.57,0,1.29,2.33,1.75,4
Maccabi Netanya,8,2,1,5,12,16,-4,7,israel,0.25,0.38,-4,1.5,4.0,2.63,5
Kiryat Shmona,7,2,1,4,5,11,-6,7,israel,0.29,0.43,-6,0.71,3.45,2.33,5
M. Petah Tikva,7,2,1,4,6,15,-9,7,israel,0.29,0.43,-9,0.86,3.45,2.33,5
Sakhnin,8,1,3,4,3,8,-5,6,israel,0.12,0.5,-5,0.38,8.33,2.0,6
Ashdod,7,1,2,4,12,14,-2,5,israel,0.14,0.43,-2,1.71,7.14,2.33,7
Hapoel Hadera,7,0,4,3,8,14,-6,4,israel,0.0,0.57,-6,1.14,0.0,1.75,8
H. Jerusalem,6,1,1,4,5,12,-7,4,israel,0.17,0.33,-7,0.83,5.88,3.03,8
Ironi Tiberias,8,0,3,5,2,11,-9,3,israel,0.0,0.38,-9,0.25,0.0,2.63,9
H. Kfar Shalem,8,6,1,1,23,11,12,19,israel2,0.75,0.88,12,2.88,1.33,1.14,1
H. Ramat Gan,8,5,2,1,16,7,9,17,israel2,0.62,0.88,9,2.0,1.61,1.14,2
H. Petah Tikva,8,5,2,1,12,7,5,17,israel2,0.62,0.88,5,1.5,1.61,1.14,2
Hapoel Tel Aviv,8,4,3,1,15,11,4,15,israel2,0.5,0.88,4,1.88,2.0,1.14,3
H. Nof Hagalil,7,4,1,2,12,8,4,13,israel2,0.57,0.71,4,1.71,1.75,1.41,4
Ramat Hasharon,8,4,0,4,17,14,3,12,israel2,0.5,0.5,3,2.12,2.0,2.0,5
Bnei Yehuda,8,3,2,3,11,12,-1,11,israel2,0.38,0.62,-1,1.38,2.63,1.61,6
H. Kfar Saba,8,3,2,3,8,9,-1,11,israel2,0.38,0.62,-1,1.0,2.63,1.61,6
Hapoel Akko,8,3,1,4,9,14,-5,10,israel2,0.38,0.5,-5,1.12,2.63,2.0,7
Kafr Qasim,8,2,3,3,6,9,-3,9,israel2,0.25,0.62,-3,0.75,4.0,1.61,8
H. Ironi Rishon,8,2,1,5,10,16,-6,7,israel2,0.25,0.38,-6,1.25,4.0,2.63,9
M. Herziliya,8,2,1,5,7,17,-10,7,israel2,0.25,0.38,-10,0.88,4.0,2.63,9
Hapoel Raanana,7,1,3,3,8,12,-4,6,israel2,0.14,0.57,-4,1.14,7.14,1.75,10
Hapoel Afula,8,0,5,3,7,12,-5,5,israel2,0.0,0.62,-5,0.88,0.0,1.61,11
Maccabi Jaffa,8,0,3,5,6,14,-8,3,israel2,0.0,0.38,-8,0.75,0.0,2.63,12
H. Umm al-Fahm,8,0,2,6,6,16,-10,2,israel2,0.0,0.25,-10,0.75,0.0,4.0,13
Napoli,8,6,2,0,14,3,11,20,italy,0.75,1.0,11,1.75,1.33,1.0,1
Inter Milan,7,5,2,0,21,5,16,17,italy,0.71,1.0,16,3.0,1.41,1.0,2
Juventus,8,4,4,0,15,6,9,16,italy,0.5,1.0,9,1.88,2.0,1.0,3
Atalanta,8,5,1,2,13,8,5,16,italy,0.62,0.75,5,1.62,1.61,1.33,3
Lazio,8,5,0,3,14,10,4,15,italy,0.62,0.62,4,1.75,1.61,1.61,4
Bologna,8,4,3,1,15,12,3,15,italy,0.5,0.88,3,1.88,2.0,1.14,4
Fiorentina,8,4,2,2,13,5,8,14,italy,0.5,0.75,8,1.62,2.0,1.33,5
AC Milan,8,3,2,3,12,12,0,11,italy,0.38,0.62,0,1.5,2.63,1.61,6
Torino,8,3,1,4,9,11,-2,10,italy,0.38,0.5,-2,1.12,2.63,2.0,7
Udinese,8,3,1,4,11,14,-3,10,italy,0.38,0.5,-3,1.38,2.63,2.0,7
Genoa,7,3,1,3,5,10,-5,10,italy,0.43,0.57,-5,0.71,2.33,1.75,7
Empoli,8,2,3,3,12,12,0,9,italy,0.25,0.62,0,1.5,4.0,1.61,8
Monza,8,1,4,3,8,10,-2,7,italy,0.12,0.62,-2,1.0,8.33,1.61,9
Parma,8,1,4,3,9,16,-7,7,italy,0.12,0.62,-7,1.12,8.33,1.61,9
Hellas Verona,8,2,0,6,10,18,-8,6,italy,0.25,0.25,-8,1.25,4.0,4.0,10
Cagliari,8,1,2,5,8,13,-5,5,italy,0.12,0.38,-5,1.0,8.33,2.63,11
Como,8,1,2,5,7,13,-6,5,italy,0.12,0.38,-6,0.88,8.33,2.63,11
AS Roma,8,0,4,4,5,13,-8,4,italy,0.0,0.5,-8,0.62,0.0,2.0,12
Lecce,8,1,1,6,2,12,-10,4,italy,0.12,0.25,-10,0.25,8.33,4.0,12
Venezia,8,0,3,5,6,16,-10,3,italy,0.0,0.38,-10,0.75,0.0,2.63,13
Sassuolo,8,6,2,0,16,6,10,20,italy2,0.75,1.0,10,2.0,1.33,1.0,1
Cremonese,8,4,2,2,16,9,7,14,italy2,0.5,0.75,7,2.0,2.0,1.33,2
Spezia,8,3,4,1,8,4,4,13,italy2,0.38,0.88,4,1.0,2.63,1.14,3
Pisa,8,4,1,3,11,10,1,13,italy2,0.5,0.62,1,1.38,2.0,1.61,3
Palermo,8,3,3,2,11,8,3,12,italy2,0.38,0.75,3,1.38,2.63,1.33,4
Juve Stabia,8,2,5,1,7,8,-1,11,italy2,0.25,0.88,-1,0.88,4.0,1.14,5
Bari,8,2,4,2,8,6,2,10,italy2,0.25,0.75,2,1.0,4.0,1.33,6
Cosenza,8,2,4,2,9,9,0,10,italy2,0.25,0.75,0,1.12,4.0,1.33,6
Catanzaro,8,1,6,1,8,9,-1,9,italy2,0.12,0.88,-1,1.0,8.33,1.14,7
Brescia,8,2,3,3,6,8,-2,9,italy2,0.25,0.62,-2,0.75,4.0,1.61,7
Sampdoria,8,2,3,3,12,16,-4,9,italy2,0.25,0.62,-4,1.5,4.0,1.61,7
Sudtirol,8,3,0,5,7,11,-4,9,italy2,0.38,0.38,-4,0.88,2.63,2.63,7
Cittadella,8,3,0,5,6,18,-12,9,italy2,0.38,0.38,-12,0.75,2.63,2.63,7
Modena,8,1,5,2,7,9,-2,8,italy2,0.12,0.75,-2,0.88,8.33,1.33,8
Frosinone,8,2,2,4,5,12,-7,8,italy2,0.25,0.5,-7,0.62,4.0,2.0,8
Reggiana,8,1,3,4,7,11,-4,6,italy2,0.12,0.5,-4,0.88,8.33,2.0,9
Salernitana,8,1,3,4,6,12,-6,6,italy2,0.12,0.5,-6,0.75,8.33,2.0,9
Cesena,8,1,2,5,7,11,-4,5,italy2,0.12,0.38,-4,0.88,8.33,2.63,10
Carrarese,8,1,2,5,5,14,-9,5,italy2,0.12,0.38,-9,0.62,8.33,2.63,10
Mantova,8,0,3,5,7,14,-7,3,italy2,0.0,0.38,-7,0.88,0.0,2.63,11
Padova,8,7,1,0,15,4,11,22,italy3,0.88,1.0,11,1.88,1.14,1.0,1
Alcione,8,5,1,2,12,5,7,16,italy3,0.62,0.75,7,1.5,1.61,1.33,2
Vicenza,8,4,2,2,8,6,2,14,italy3,0.5,0.75,2,1.0,2.0,1.33,3
AlbinoLeffe,8,4,1,3,9,5,4,13,italy3,0.5,0.62,4,1.12,2.0,1.61,4
Renate,8,4,1,3,8,9,-1,13,italy3,0.5,0.62,-1,1.0,2.0,1.61,4
Virtus Verona,8,3,3,2,12,9,3,12,italy3,0.38,0.75,3,1.5,2.63,1.33,5
Novara,8,3,2,3,11,9,2,11,italy3,0.38,0.62,2,1.38,2.63,1.61,6
Arzignano,8,3,2,3,10,8,2,11,italy3,0.38,0.62,2,1.25,2.63,1.61,6
FeralpiSalo,8,3,2,3,9,8,1,11,italy3,0.38,0.62,1,1.12,2.63,1.61,6
Trento,8,2,5,1,7,7,0,11,italy3,0.25,0.88,0,0.88,4.0,1.14,6
Lumezzane,8,2,4,2,9,10,-1,10,italy3,0.25,0.75,-1,1.12,4.0,1.33,7
Pergolettese,8,2,3,3,8,12,-4,9,italy3,0.25,0.62,-4,1.0,4.0,1.61,8
Giana Erminio,8,2,1,5,7,11,-4,7,italy3,0.25,0.38,-4,0.88,4.0,2.63,9
Atalanta B,8,2,1,5,9,17,-8,7,italy3,0.25,0.38,-8,1.12,4.0,2.63,9
Pro Patria,8,1,3,4,5,9,-4,6,italy3,0.12,0.5,-4,0.62,8.33,2.0,10
Triestina,8,1,3,4,5,11,-6,6,italy3,0.12,0.5,-6,0.62,8.33,2.0,10
Caldiero Terme,8,1,1,6,5,16,-11,4,italy3,0.12,0.25,-11,0.62,8.33,4.0,11
Clodiense,8,0,3,5,6,13,-7,3,italy3,0.0,0.38,-7,0.75,0.0,2.63,12
Pro Vercelli,8,0,3,5,2,9,-7,3,italy3,0.0,0.38,-7,0.25,0.0,2.63,12
Lecco,8,0,2,6,7,15,-8,2,italy3,0.0,0.25,-8,0.88,0.0,4.0,13
Torres,8,6,1,1,16,10,6,19,italy4,0.75,0.88,6,2.0,1.33,1.14,1
Ternana,8,5,3,0,11,4,7,18,italy4,0.62,1.0,7,1.38,1.61,1.0,2
Pescara,8,5,2,1,11,6,5,17,italy4,0.62,0.88,5,1.38,1.61,1.14,3
Entella,8,4,4,0,9,4,5,16,italy4,0.5,1.0,5,1.12,2.0,1.0,4
Arezzo,8,5,1,2,9,6,3,16,italy4,0.62,0.75,3,1.12,1.61,1.33,4
Rimini,8,4,3,1,13,6,7,15,italy4,0.5,0.88,7,1.62,2.0,1.14,5
Vis Pesaro,8,4,2,2,10,8,2,14,italy4,0.5,0.75,2,1.25,2.0,1.33,6
Ascoli,8,3,3,2,10,9,1,12,italy4,0.38,0.75,1,1.25,2.63,1.33,7
Athletic Carpi,8,3,1,4,11,11,0,10,italy4,0.38,0.5,0,1.38,2.63,2.0,8
Campobasso,8,2,4,2,5,7,-2,10,italy4,0.25,0.75,-2,0.62,4.0,1.33,8
Pineto,8,2,3,3,11,13,-2,9,italy4,0.25,0.62,-2,1.38,4.0,1.61,9
Sestri Levante,8,2,3,3,8,11,-3,9,italy4,0.25,0.62,-3,1.0,4.0,1.61,9
Pianese,8,2,3,3,7,11,-4,9,italy4,0.25,0.62,-4,0.88,4.0,1.61,9
Legnago Salus,8,2,3,3,7,15,-8,9,italy4,0.25,0.62,-8,0.88,4.0,1.61,9
SPAL,8,2,2,4,9,17,-8,8,italy4,0.25,0.5,-8,1.12,4.0,2.0,10
Perugia,8,1,4,3,8,11,-3,7,italy4,0.12,0.62,-3,1.0,8.33,1.61,11
AC Milan B,8,1,3,4,7,13,-6,6,italy4,0.12,0.5,-6,0.88,8.33,2.0,12
Gubbio,8,2,0,6,6,12,-6,6,italy4,0.25,0.25,-6,0.75,4.0,4.0,12
Lucchese,8,1,3,4,3,15,-12,6,italy4,0.12,0.5,-12,0.38,8.33,2.0,12
Pontedera,8,1,2,5,7,15,-8,5,italy4,0.12,0.38,-8,0.88,8.33,2.63,13
Monopoli,8,5,2,1,6,2,4,17,italy5,0.62,0.88,4,0.75,1.61,1.14,1
Crotone,8,4,4,0,21,8,13,16,italy5,0.5,1.0,13,2.62,2.0,1.0,2
Avellino,8,4,4,0,15,5,10,16,italy5,0.5,1.0,10,1.88,2.0,1.0,2
Potenza,8,4,4,0,11,6,5,16,italy5,0.5,1.0,5,1.38,2.0,1.0,2
Benevento,8,4,2,2,11,6,5,14,italy5,0.5,0.75,5,1.38,2.0,1.33,3
Giugliano,8,4,1,3,8,8,0,13,italy5,0.5,0.62,0,1.0,2.0,1.61,4
Catania,8,3,3,2,20,14,6,12,italy5,0.38,0.75,6,2.5,2.63,1.33,5
Altamura,8,3,3,2,10,10,0,12,italy5,0.38,0.75,0,1.25,2.63,1.33,5
A. Cerignola,8,3,3,2,8,8,0,12,italy5,0.38,0.75,0,1.0,2.63,1.33,5
Sorrento,8,3,1,4,6,12,-6,10,italy5,0.38,0.5,-6,0.75,2.63,2.0,6
Latina,8,3,1,4,5,15,-10,10,italy5,0.38,0.5,-10,0.62,2.63,2.0,6
Trapani,8,2,3,3,12,10,2,9,italy5,0.25,0.62,2,1.5,4.0,1.61,7
Cavese,8,2,3,3,9,9,0,9,italy5,0.25,0.62,0,1.12,4.0,1.61,7
Foggia,8,2,2,4,9,12,-3,8,italy5,0.25,0.5,-3,1.12,4.0,2.0,8
Casertana,8,1,5,2,6,11,-5,8,italy5,0.12,0.75,-5,0.75,8.33,1.33,8
Turris,8,1,3,4,3,12,-9,6,italy5,0.12,0.5,-9,0.38,8.33,2.0,9
Juventus U23,8,1,2,5,7,14,-7,5,italy5,0.12,0.38,-7,0.88,8.33,2.63,10
ACR Messina,8,1,2,5,5,16,-11,5,italy5,0.12,0.38,-11,0.62,8.33,2.63,10
Picerno,8,0,3,5,4,10,-6,3,italy5,0.0,0.38,-6,0.5,0.0,2.63,11
Taranto,8,1,0,7,3,20,-17,3,italy5,0.12,0.12,-17,0.38,8.33,8.33,11
NovaRomentin,8,6,2,0,19,3,16,20,italy6,0.75,1.0,16,2.38,1.33,1.0,1
Bra,8,5,2,1,9,2,7,17,italy6,0.62,0.88,7,1.12,1.61,1.14,2
Chisola,8,5,1,2,8,5,3,16,italy6,0.62,0.75,3,1.0,1.61,1.33,3
Ligorna,8,4,2,2,15,7,8,14,italy6,0.5,0.75,8,1.88,2.0,1.33,4
Saluzzo,8,3,4,1,9,7,2,13,italy6,0.38,0.88,2,1.12,2.63,1.14,5
Vado,8,4,1,3,10,13,-3,13,italy6,0.5,0.62,-3,1.25,2.0,1.61,5
Citta di Varese,8,3,3,2,8,8,0,12,italy6,0.38,0.75,0,1.0,2.63,1.33,6
Gozzano,8,3,2,3,11,8,3,11,italy6,0.38,0.62,3,1.38,2.63,1.61,7
Oltrepo,8,3,2,3,14,16,-2,11,italy6,0.38,0.62,-2,1.75,2.63,1.61,7
Asti,8,2,3,3,11,14,-3,9,italy6,0.25,0.62,-3,1.38,4.0,1.61,8
Lavagnese,8,2,3,3,9,13,-4,9,italy6,0.25,0.62,-4,1.12,4.0,1.61,8
Vogherese,8,2,2,4,6,10,-4,8,italy6,0.25,0.5,-4,0.75,4.0,2.0,9
Albenga,8,2,1,5,7,21,-14,7,italy6,0.25,0.38,-14,0.88,4.0,2.63,10
Pro Imperia,8,2,0,6,11,15,-4,6,italy6,0.25,0.25,-4,1.38,4.0,4.0,11
Sanremese,8,1,3,4,4,8,-4,6,italy6,0.12,0.5,-4,0.5,8.33,2.0,11
Derthona,8,1,3,4,7,12,-5,6,italy6,0.12,0.5,-5,0.88,8.33,2.0,11
Fossano,8,1,2,5,9,15,-6,5,italy6,0.12,0.38,-6,1.12,8.33,2.63,12
Borgaro Nobis,8,1,1,6,5,20,-15,4,italy6,0.12,0.25,-15,0.62,8.33,4.0,13
Cairese,8,0,3,5,4,16,-12,3,italy6,0.0,0.38,-12,0.5,0.0,2.63,14
Chieri,8,0,1,7,6,20,-14,1,italy6,0.0,0.12,-14,0.75,0.0,8.33,15
Ospitaletto,8,5,2,1,12,5,7,17,italy7,0.62,0.88,7,1.5,1.61,1.14,1
Pro Sesto,8,4,2,2,12,7,5,14,italy7,0.5,0.75,5,1.5,2.0,1.33,2
Sondrio,8,3,3,2,11,11,0,12,italy7,0.38,0.75,0,1.38,2.63,1.33,3
Varesina,8,3,2,3,12,9,3,11,italy7,0.38,0.62,3,1.5,2.63,1.61,4
SantAngelo,8,3,2,3,9,8,1,11,italy7,0.38,0.62,1,1.12,2.63,1.61,4
Breno,8,2,5,1,8,7,1,11,italy7,0.25,0.88,1,1.0,4.0,1.14,4
Desenxano,8,2,5,1,9,9,0,11,italy7,0.25,0.88,0,1.12,4.0,1.14,4
Pro Palazzolo,8,3,2,3,8,10,-2,11,italy7,0.38,0.62,-2,1.0,2.63,1.61,4
F. Caratese,8,3,1,4,7,10,-3,10,italy7,0.38,0.5,-3,0.88,2.63,2.0,5
Club Milano,8,2,3,3,7,7,0,9,italy7,0.25,0.62,0,0.88,4.0,1.61,6
USD Casatese,8,2,3,3,10,11,-1,9,italy7,0.25,0.62,-1,1.25,4.0,1.61,6
Castellanzese,8,2,3,3,7,11,-4,9,italy7,0.25,0.62,-4,0.88,4.0,1.61,6
Ciliverghe,8,1,5,2,11,9,2,8,italy7,0.12,0.75,2,1.38,8.33,1.33,7
Sangiuliano C.,8,2,2,4,10,12,-2,8,italy7,0.25,0.5,-2,1.25,4.0,2.0,7
Vigasio,8,1,4,3,8,8,0,7,italy7,0.12,0.62,0,1.0,8.33,1.61,8
Magenta,8,1,2,5,5,11,-6,5,italy7,0.12,0.38,-6,0.62,8.33,2.63,9
Fanfulla,8,1,2,5,3,16,-13,5,italy7,0.12,0.38,-13,0.38,8.33,2.63,9
Chievo,8,0,4,4,2,6,-4,4,italy7,0.0,0.5,-4,0.25,0.0,2.0,10
Arconatese,8,1,1,6,6,15,-9,4,italy7,0.12,0.25,-9,0.75,8.33,4.0,10
Crema,8,0,3,5,6,18,-12,3,italy7,0.0,0.38,-12,0.75,0.0,2.63,11
Treviso,8,5,1,2,15,9,6,16,italy8,0.62,0.75,6,1.88,1.61,1.33,1
D. Bellunesi,8,4,2,2,9,9,0,14,italy8,0.5,0.75,0,1.12,2.0,1.33,2
Cjarlins Muzane,8,4,1,3,10,7,3,13,italy8,0.5,0.62,3,1.25,2.0,1.61,3
Campodarsego,8,3,4,1,7,5,2,13,italy8,0.38,0.88,2,0.88,2.63,1.14,3
Brusaporto,8,3,3,2,7,6,1,12,italy8,0.38,0.75,1,0.88,2.63,1.33,4
Brian Lignano,8,3,1,4,11,13,-2,10,italy8,0.38,0.5,-2,1.38,2.63,2.0,5
Ciserano,8,3,0,5,6,14,-8,9,italy8,0.38,0.38,-8,0.75,2.63,2.63,6
Caravaggio,8,2,2,4,8,13,-5,8,italy8,0.25,0.5,-5,1.0,4.0,2.0,7
Real Calepina,8,2,2,4,5,10,-5,8,italy8,0.25,0.5,-5,0.62,4.0,2.0,7
Villa Alme,8,1,4,3,9,11,-2,7,italy8,0.12,0.62,-2,1.12,8.33,1.61,8
Portogruaro,8,1,4,3,9,12,-3,7,italy8,0.12,0.62,-3,1.12,8.33,1.61,8
Adriese,8,1,4,3,6,9,-3,7,italy8,0.12,0.62,-3,0.75,8.33,1.61,8
Este,8,2,1,5,8,13,-5,7,italy8,0.25,0.38,-5,1.0,4.0,2.63,8
Luparense,8,1,3,4,5,7,-2,6,italy8,0.12,0.5,-2,0.62,8.33,2.0,9
Calvi Noale,8,1,3,4,7,11,-4,6,italy8,0.12,0.5,-4,0.88,8.33,2.0,9
Chions,8,2,0,6,9,16,-7,6,italy8,0.25,0.25,-7,1.12,4.0,4.0,9
Bassano Virtus,8,0,5,3,7,11,-4,5,italy8,0.0,0.62,-4,0.88,0.0,1.61,10
Mestre,8,1,2,5,5,10,-5,5,italy8,0.12,0.38,-5,0.62,8.33,2.63,10
Montecchio M.,8,1,1,6,9,14,-5,4,italy8,0.12,0.25,-5,1.12,8.33,4.0,11
Lavis,8,1,0,7,5,18,-13,3,italy8,0.12,0.12,-13,0.62,8.33,8.33,12
Ravenna,8,6,1,1,15,4,11,19,italy9,0.75,0.88,11,1.88,1.33,1.14,1
Forli,8,5,1,2,14,7,7,16,italy9,0.62,0.75,7,1.75,1.61,1.33,2
Lentigione,8,4,3,1,9,7,2,15,italy9,0.5,0.88,2,1.12,2.0,1.14,3
Cittadella Vis,8,4,1,3,10,8,2,13,italy9,0.5,0.62,2,1.25,2.0,1.61,4
Imolese,8,3,4,1,9,7,2,13,italy9,0.38,0.88,2,1.12,2.63,1.14,4
Pistoiese,8,3,3,2,9,6,3,12,italy9,0.38,0.75,3,1.12,2.63,1.33,5
Tau Altopascio,8,3,3,2,7,6,1,12,italy9,0.38,0.75,1,0.88,2.63,1.33,5
Tuttocuoio,8,4,0,4,8,12,-4,12,italy9,0.5,0.5,-4,1.0,2.0,2.0,5
Zenith Prato,8,2,2,4,10,13,-3,8,italy9,0.25,0.5,-3,1.25,4.0,2.0,6
Sasso Marconi,8,2,2,4,8,11,-3,8,italy9,0.25,0.5,-3,1.0,4.0,2.0,6
Progresso,8,2,2,4,5,8,-3,8,italy9,0.25,0.5,-3,0.62,4.0,2.0,6
Corticella,8,2,1,5,5,17,-12,7,italy9,0.25,0.38,-12,0.62,4.0,2.63,7
United Riccione,8,1,3,4,8,13,-5,6,italy9,0.12,0.5,-5,1.0,8.33,2.0,8
Prato,8,1,3,4,5,10,-5,6,italy9,0.12,0.5,-5,0.62,8.33,2.0,8
Fiorenzuola,8,2,0,6,3,13,-10,6,italy9,0.25,0.25,-10,0.38,4.0,4.0,8
Sammaurese,8,0,5,3,5,11,-6,5,italy9,0.0,0.62,-6,0.62,0.0,1.61,9
Piacenza,8,1,2,5,4,15,-11,5,italy9,0.12,0.38,-11,0.5,8.33,2.63,9
Victor San M.,8,1,1,6,7,14,-7,4,italy9,0.12,0.25,-7,0.88,8.33,4.0,10
Fulgens Foligno,8,6,1,1,16,9,7,19,italy10,0.75,0.88,7,2.0,1.33,1.14,1
Livorno,8,5,3,0,16,9,7,18,italy10,0.62,1.0,7,2.0,1.61,1.0,2
Grosseto,8,5,1,2,12,10,2,16,italy10,0.62,0.75,2,1.5,1.61,1.33,3
Seravezza,8,4,3,1,16,12,4,15,italy10,0.5,0.88,4,2.0,2.0,1.14,4
FC Siena,8,4,3,1,6,4,2,15,italy10,0.5,0.88,2,0.75,2.0,1.14,4
Poggibonsi,8,5,0,3,10,9,1,15,italy10,0.62,0.62,1,1.25,1.61,1.61,4
Ghiviborgo,8,5,0,3,16,16,0,15,italy10,0.62,0.62,0,2.0,1.61,1.61,4
Orvietana,8,4,2,2,8,9,-1,14,italy10,0.5,0.75,-1,1.0,2.0,1.33,5
Gavorrano,8,4,1,3,13,8,5,13,italy10,0.5,0.62,5,1.62,2.0,1.61,6
Flaminia,8,3,2,3,8,7,1,11,italy10,0.38,0.62,1,1.0,2.63,1.61,7
San Donato,8,2,3,3,6,7,-1,9,italy10,0.25,0.62,-1,0.75,4.0,1.61,8
S. Trestina,8,2,2,4,7,9,-2,8,italy10,0.25,0.5,-2,0.88,4.0,2.0,9
Montevarchi,8,2,2,4,8,13,-5,8,italy10,0.25,0.5,-5,1.0,4.0,2.0,9
Ostia Mare,8,1,2,5,8,15,-7,5,italy10,0.12,0.38,-7,1.0,8.33,2.63,10
Sangiovannese,8,1,2,5,3,10,-7,5,italy10,0.12,0.38,-7,0.38,8.33,2.63,10
T. Traiana,8,1,2,5,9,23,-14,5,italy10,0.12,0.38,-14,1.12,8.33,2.63,10
Fezzanese,8,1,1,6,5,14,-9,4,italy10,0.12,0.25,-9,0.62,8.33,4.0,11
Figline,8,1,1,6,5,14,-9,4,italy10,0.12,0.25,-9,0.62,8.33,4.0,11
Sambenedettese,8,5,3,0,16,5,11,18,italy11,0.62,1.0,11,2.0,1.61,1.0,1
Chieti,8,5,3,0,16,9,7,18,italy11,0.62,1.0,7,2.0,1.61,1.0,1
Atletico Ascoli,8,4,2,2,10,9,1,14,italy11,0.5,0.75,1,1.25,2.0,1.33,2
Teramo,8,3,3,2,12,11,1,12,italy11,0.38,0.75,1,1.5,2.63,1.33,3
Avezzano,8,4,0,4,9,9,0,12,italy11,0.5,0.5,0,1.12,2.0,2.0,3
Ancona 1905,8,4,0,4,6,9,-3,12,italy11,0.5,0.5,-3,0.75,2.0,2.0,3
Fossombrone,8,3,2,3,11,11,0,11,italy11,0.38,0.62,0,1.38,2.63,1.61,4
LAquila,8,2,5,1,8,10,-2,11,italy11,0.25,0.88,-2,1.0,4.0,1.14,4
V. Senigallia,8,2,4,2,9,7,2,10,italy11,0.25,0.75,2,1.12,4.0,1.33,5
Isernia,8,2,4,2,13,14,-1,10,italy11,0.25,0.75,-1,1.62,4.0,1.33,5
Sora,8,3,1,4,7,14,-7,10,italy11,0.38,0.5,-7,0.88,2.63,2.0,5
Castelfidardo,8,2,3,3,6,5,1,9,italy11,0.25,0.62,1,0.75,4.0,1.61,6
Recanatese,8,2,3,3,6,6,0,9,italy11,0.25,0.62,0,0.75,4.0,1.61,6
Termoli Calcio,8,2,3,3,7,13,-6,9,italy11,0.25,0.62,-6,0.88,4.0,1.61,6
Civitanovese,8,2,2,4,7,11,-4,8,italy11,0.25,0.5,-4,0.88,4.0,2.0,7
Fermana,8,2,1,5,3,10,-7,7,italy11,0.25,0.38,-7,0.38,4.0,2.63,8
Roma City,8,1,1,6,6,9,-3,4,italy11,0.12,0.25,-3,0.75,8.33,4.0,9
San Nicolo,8,0,3,5,7,13,-6,3,italy11,0.0,0.38,-6,0.88,0.0,2.63,10
Cassino,8,4,4,0,9,4,5,16,italy12,0.5,1.0,5,1.12,2.0,1.0,1
Gelbison,8,4,3,1,9,6,3,15,italy12,0.5,0.88,3,1.12,2.0,1.14,2
CynthiAlbalonga,8,4,2,2,15,10,5,14,italy12,0.5,0.75,5,1.88,2.0,1.33,3
Puteolana,8,3,3,2,12,9,3,12,italy12,0.38,0.75,3,1.5,2.63,1.33,4
Anzio,8,3,3,2,10,9,1,12,italy12,0.38,0.75,1,1.25,2.63,1.33,4
Paganese,8,3,2,3,10,11,-1,11,italy12,0.38,0.62,-1,1.25,2.63,1.61,5
Guidonia,8,3,2,3,5,6,-1,11,italy12,0.38,0.62,-1,0.62,2.63,1.61,5
Sarnese,8,3,2,3,5,6,-1,11,italy12,0.38,0.62,-1,0.62,2.63,1.61,5
Trastevere,8,3,2,3,12,15,-3,11,italy12,0.38,0.62,-3,1.5,2.63,1.61,5
R. Monterotondo,8,3,1,4,6,7,-1,10,italy12,0.38,0.5,-1,0.75,2.63,2.0,6
S. Ogliastra,8,3,1,4,9,14,-5,10,italy12,0.38,0.5,-5,1.12,2.63,2.0,6
Terracina,8,2,3,3,6,13,-7,9,italy12,0.25,0.62,-7,0.75,4.0,1.61,7
Olbia,8,2,2,4,12,15,-3,8,italy12,0.25,0.5,-3,1.5,4.0,2.0,8
A. Lodigiani,8,2,2,4,5,14,-9,8,italy12,0.25,0.5,-9,0.62,4.0,2.0,8
Latte Dolce,8,1,2,5,11,17,-6,5,italy12,0.12,0.38,-6,1.38,8.33,2.63,9
Ilvamaddalena,8,1,2,5,8,14,-6,5,italy12,0.12,0.38,-6,1.0,8.33,2.63,9
Savoia,8,0,4,4,5,11,-6,4,italy12,0.0,0.5,-6,0.62,0.0,2.0,10
Atletico Uri,8,1,1,6,5,19,-14,4,italy12,0.12,0.25,-14,0.62,8.33,4.0,10
Nocerina,8,6,0,2,21,9,12,18,italy13,0.75,0.75,12,2.62,1.33,1.33,1
Matera,8,5,3,0,15,7,8,18,italy13,0.62,1.0,8,1.88,1.61,1.0,1
Nardo,8,5,2,1,15,9,6,17,italy13,0.62,0.88,6,1.88,1.61,1.14,2
Martina Franca,8,4,4,0,14,9,5,16,italy13,0.5,1.0,5,1.75,2.0,1.0,3
Ischia,8,5,1,2,11,8,3,16,italy13,0.62,0.75,3,1.38,1.61,1.33,3
Casarano,8,3,4,1,16,10,6,13,italy13,0.38,0.88,6,2.0,2.63,1.14,4
Fidelis Andria,8,3,3,2,13,8,5,12,italy13,0.38,0.75,5,1.62,2.63,1.33,5
V. Francavilla,8,4,0,4,5,5,0,12,italy13,0.5,0.5,0,0.62,2.0,2.0,5
Gravina,8,3,2,3,10,13,-3,11,italy13,0.38,0.62,-3,1.25,2.63,1.61,6
Citta di Fasano,8,2,4,2,7,7,0,10,italy13,0.25,0.75,0,0.88,4.0,1.33,7
Real Acerrana,8,3,1,4,7,13,-6,10,italy13,0.38,0.5,-6,0.88,2.63,2.0,7
USD Palmese,8,2,3,3,10,13,-3,9,italy13,0.25,0.62,-3,1.25,4.0,1.61,8
Francavilla,8,0,5,3,0,3,-3,5,italy13,0.0,0.62,-3,0.0,0.0,1.61,9
Costa DAmalfi,8,1,2,5,7,11,-4,5,italy13,0.12,0.38,-4,0.88,8.33,2.63,9
Manfredonia,8,1,2,5,4,14,-10,5,italy13,0.12,0.38,-10,0.5,8.33,2.63,9
Angri Calcio,8,1,1,6,6,16,-10,4,italy13,0.12,0.25,-10,0.75,8.33,4.0,10
Brindisi,8,0,3,5,3,12,-9,3,italy13,0.0,0.38,-9,0.38,0.0,2.63,11
Ugento,8,0,1,7,2,18,-16,1,italy13,0.0,0.12,-16,0.25,0.0,8.33,12
Vibonese,8,5,2,1,10,5,5,17,italy14,0.62,0.88,5,1.25,1.61,1.14,1
Sambiase,8,4,3,1,10,5,5,15,italy14,0.5,0.88,5,1.25,2.0,1.14,2
Siracusa,8,4,3,1,7,4,3,15,italy14,0.5,0.88,3,0.88,2.0,1.14,2
Reggina,7,4,2,1,11,4,7,14,italy14,0.57,0.86,7,1.57,1.75,1.16,3
Nissa,8,3,4,1,13,11,2,13,italy14,0.38,0.88,2,1.62,2.63,1.14,4
Enna,8,4,1,3,5,11,-6,13,italy14,0.5,0.62,-6,0.62,2.0,1.61,4
CastrumFavara,8,2,5,1,9,7,2,11,italy14,0.25,0.88,2,1.12,4.0,1.14,5
Scafatese,8,3,2,3,12,11,1,11,italy14,0.38,0.62,1,1.5,2.63,1.61,5
Igea Virtus,8,2,2,4,6,11,-5,8,italy14,0.25,0.5,-5,0.75,4.0,2.0,6
Locri 1909,8,2,1,5,8,12,-4,7,italy14,0.25,0.38,-4,1.0,4.0,2.63,7
Ragusa,8,1,4,3,7,12,-5,7,italy14,0.12,0.62,-5,0.88,8.33,1.61,7
Pompei,8,1,3,4,8,13,-5,6,italy14,0.12,0.5,-5,1.0,8.33,2.0,8
Paterno,8,1,3,4,3,10,-7,6,italy14,0.12,0.5,-7,0.38,8.33,2.0,8
Sancataldese,8,1,2,5,7,15,-8,5,italy14,0.12,0.38,-8,0.88,8.33,2.63,9
CD S. Agata,8,1,1,6,6,16,-10,4,italy14,0.12,0.25,-10,0.75,8.33,4.0,10
Acireale,8,0,3,5,7,18,-11,3,italy14,0.0,0.38,-11,0.88,0.0,2.63,11
Licata,8,0,1,7,4,16,-12,1,italy14,0.0,0.12,-12,0.5,0.0,8.33,12
Akragas,8,0,1,7,2,15,-13,1,italy14,0.0,0.12,-13,0.25,0.0,8.33,12
Inter Milan U20,8,5,1,2,13,8,5,16,italy15,0.62,0.75,5,1.62,1.61,1.33,1
Sassuolo U20,8,5,1,2,15,12,3,16,italy15,0.62,0.75,3,1.88,1.61,1.33,1
Roma U20,8,5,0,3,20,13,7,15,italy15,0.62,0.62,7,2.5,1.61,1.61,2
Milan U20,8,5,0,3,17,14,3,15,italy15,0.62,0.62,3,2.12,1.61,1.61,2
Fiorentina U20,8,5,0,3,14,11,3,15,italy15,0.62,0.62,3,1.75,1.61,1.61,2
Juventus U20,8,4,1,3,19,13,6,13,italy15,0.5,0.62,6,2.38,2.0,1.61,3
Genoa U20,8,3,3,2,15,13,2,12,italy15,0.38,0.75,2,1.88,2.63,1.33,4
Atalanta U20,8,2,5,1,14,11,3,11,italy15,0.25,0.88,3,1.75,4.0,1.14,5
Lazio U20,8,2,4,2,8,10,-2,10,italy15,0.25,0.75,-2,1.0,4.0,1.33,6
H. Verona U20,8,3,1,4,9,14,-5,10,italy15,0.38,0.5,-5,1.12,2.63,2.0,6
Torino U20,8,3,0,5,15,18,-3,9,italy15,0.38,0.38,-3,1.88,2.63,2.63,7
Cesena U20,8,1,5,2,9,12,-3,8,italy15,0.12,0.75,-3,1.12,8.33,1.33,8
Cagliari U20,8,2,2,4,5,8,-3,8,italy15,0.25,0.5,-3,0.62,4.0,2.0,8
Cremonese U20,8,2,2,4,10,15,-5,8,italy15,0.25,0.5,-5,1.25,4.0,2.0,8
Lecce U20,8,1,4,3,11,15,-4,7,italy15,0.12,0.62,-4,1.38,8.33,1.61,9
Bologna U20,8,2,1,5,7,12,-5,7,italy15,0.25,0.38,-5,0.88,4.0,2.63,9
Sampdoria U20,8,1,2,5,8,18,-10,5,italy15,0.12,0.38,-10,1.0,8.33,2.63,10
Empoli U20,8,1,1,6,5,16,-11,4,italy15,0.12,0.25,-11,0.62,8.33,4.0,11
Udinese U20,8,1,1,6,9,21,-12,4,italy15,0.12,0.25,-12,1.12,8.33,4.0,11
Monza U20,8,0,3,5,7,20,-13,3,italy15,0.0,0.38,-13,0.88,0.0,2.63,12
Arnett Gardens,7,5,1,1,9,3,6,16,jamaica,0.71,0.86,6,1.29,1.41,1.16,1
Montego Bay,7,4,2,1,14,7,7,14,jamaica,0.57,0.86,7,2.0,1.75,1.16,2
Mount Pleasant,7,3,3,1,18,8,10,12,jamaica,0.43,0.86,10,2.57,2.33,1.16,3
Waterhouse,6,2,4,0,6,3,3,10,jamaica,0.33,1.0,3,1.0,3.03,1.0,4
Cavalier,7,2,4,1,7,5,2,10,jamaica,0.29,0.86,2,1.0,3.45,1.16,4
Portmore Utd,6,2,2,2,7,7,0,8,jamaica,0.33,0.67,0,1.17,3.03,1.49,5
Tivoli Gardens,8,2,2,4,10,11,-1,8,jamaica,0.25,0.5,-1,1.25,4.0,2.0,5
Chapelton,7,2,0,5,7,13,-6,6,jamaica,0.29,0.29,-6,1.0,3.45,3.45,6
Humble Lions,6,1,2,3,4,9,-5,5,jamaica,0.17,0.5,-5,0.67,5.88,2.0,7
Vere Utd,8,1,2,5,6,12,-6,5,jamaica,0.12,0.38,-6,0.75,8.33,2.63,7
Harbour View,8,1,1,6,5,16,-11,4,jamaica,0.12,0.25,-11,0.62,8.33,4.0,8
Molynes Utd,7,1,1,5,4,19,-15,4,jamaica,0.14,0.29,-15,0.57,7.14,3.45,8
Racing United,7,0,2,5,4,13,-9,2,jamaica,0.0,0.29,-9,0.57,0.0,3.45,9
Dunbeholden,7,0,1,6,4,16,-12,1,jamaica,0.0,0.14,-12,0.57,0.0,7.14,10
Shonan Bellmare,8,6,0,2,12,9,3,18,japan,0.75,0.75,3,1.5,1.33,1.33,1
Tokyo Verdy,8,4,3,1,9,4,5,15,japan,0.5,0.88,5,1.12,2.0,1.14,2
Vissel Kobe,8,4,3,1,13,11,2,15,japan,0.5,0.88,2,1.62,2.0,1.14,2
Kyoto Sanga,8,5,0,3,12,11,1,15,japan,0.62,0.62,1,1.5,1.61,1.61,2
Yokohama M.,8,5,0,3,16,19,-3,15,japan,0.62,0.62,-3,2.0,1.61,1.61,2
K. Frontale,8,4,2,2,17,13,4,14,japan,0.5,0.75,4,2.12,2.0,1.33,3
Gamba Osaka,8,3,4,1,12,9,3,13,japan,0.38,0.88,3,1.5,2.63,1.14,4
S. Hiroshima,8,4,1,3,13,13,0,13,japan,0.5,0.62,0,1.62,2.0,1.61,4
C. Sapporo,8,3,2,3,13,14,-1,11,japan,0.38,0.62,-1,1.62,2.63,1.61,5
Kashima Antlers,8,3,1,4,14,12,2,10,japan,0.38,0.5,2,1.75,2.63,2.0,6
FC Tokyo,8,3,1,4,10,12,-2,10,japan,0.38,0.5,-2,1.25,2.63,2.0,6
Machida Zelvia,8,2,3,3,7,8,-1,9,japan,0.25,0.62,-1,0.88,4.0,1.61,7
Albirex Niigata,8,2,3,3,5,12,-7,9,japan,0.25,0.62,-7,0.62,4.0,1.61,7
Nagoya G.,8,2,2,4,11,14,-3,8,japan,0.25,0.5,-3,1.38,4.0,2.0,8
Cerezo Osaka,8,2,2,4,6,14,-8,8,japan,0.25,0.5,-8,0.75,4.0,2.0,8
Urawa RD,8,1,4,3,5,7,-2,7,japan,0.12,0.62,-2,0.62,8.33,1.61,9
Jubilo Iwata,8,2,1,5,6,19,-13,7,japan,0.25,0.38,-13,0.75,4.0,2.63,9
Avispa Fukuoka,8,0,6,2,6,9,-3,6,japan,0.0,0.75,-3,0.75,0.0,1.33,10
Kashiwa Reysol,8,1,2,5,4,9,-5,5,japan,0.12,0.38,-5,0.5,8.33,2.63,11
Sagan Tosu,8,1,1,6,9,18,-9,4,japan,0.12,0.25,-9,1.12,8.33,4.0,12
M. Yamagata,8,7,1,0,18,5,13,22,japan2,0.88,1.0,13,2.25,1.14,1.0,1
Shimizu S-Pulse,8,5,1,2,13,10,3,16,japan2,0.62,0.75,3,1.62,1.61,1.33,2
Yokohama FC,8,4,3,1,15,9,6,15,japan2,0.5,0.88,6,1.88,2.0,1.14,3
R. Kumamoto,8,5,0,3,16,11,5,15,japan2,0.62,0.62,5,2.0,1.61,1.61,3
Iwaki,8,4,1,3,11,8,3,13,japan2,0.5,0.62,3,1.38,2.0,1.61,4
Tokushima V.,8,4,1,3,7,7,0,13,japan2,0.5,0.62,0,0.88,2.0,1.61,4
Mito Hollyhock,8,4,1,3,9,14,-5,13,japan2,0.5,0.62,-5,1.12,2.0,1.61,4
V-V. Nagasaki,8,3,3,2,11,10,1,12,japan2,0.38,0.75,1,1.38,2.63,1.33,5
Fagiano Okayama,8,2,4,2,10,10,0,10,japan2,0.25,0.75,0,1.25,4.0,1.33,6
Blaublitz Akita,8,3,1,4,5,8,-3,10,japan2,0.38,0.5,-3,0.62,2.63,2.0,6
JEF Utd Chiba,8,3,1,4,8,12,-4,10,japan2,0.38,0.5,-4,1.0,2.63,2.0,6
Vegalta Sendai,8,3,1,4,7,11,-4,10,japan2,0.38,0.5,-4,0.88,2.63,2.0,6
Fujieda MYFC,8,3,0,5,8,16,-8,9,japan2,0.38,0.38,-8,1.0,2.63,2.63,7
Ventforet Kofu,8,2,2,4,6,11,-5,8,japan2,0.25,0.5,-5,0.75,4.0,2.0,8
Tochigi SC,8,1,4,3,6,7,-1,7,japan2,0.12,0.62,-1,0.75,8.33,1.61,9
Oita Trinita,8,1,2,5,8,15,-7,5,japan2,0.12,0.38,-7,1.0,8.33,2.63,10
R. Yamaguchi,8,1,2,5,6,17,-11,5,japan2,0.12,0.38,-11,0.75,8.33,2.63,10
Ehime FC,8,1,2,5,6,18,-12,5,japan2,0.12,0.38,-12,0.75,8.33,2.63,10
Kusatsu,8,0,1,7,4,19,-15,1,japan2,0.0,0.12,-15,0.5,0.0,8.33,11
Kagoshima Utd,8,0,0,8,2,13,-11,0,japan2,0.0,0.0,-11,0.25,0.0,0.0,12
Kamatamare S.,8,5,3,0,18,11,7,18,japan3,0.62,1.0,7,2.25,1.61,1.0,1
Matsumoto Y.,8,5,2,1,16,7,9,17,japan3,0.62,0.88,9,2.0,1.61,1.14,2
Fukushima Utd,8,5,1,2,17,12,5,16,japan3,0.62,0.75,5,2.12,1.61,1.33,3
Omiya Ardija,8,4,4,0,11,6,5,16,japan3,0.5,1.0,5,1.38,2.0,1.0,3
FC Imabari,8,4,2,2,13,8,5,14,japan3,0.5,0.75,5,1.62,2.0,1.33,4
Kataller Toyama,8,3,4,1,9,8,1,13,japan3,0.38,0.88,1,1.12,2.63,1.14,5
G. Kitakyushu,8,4,0,4,13,13,0,12,japan3,0.5,0.5,0,1.62,2.0,2.0,6
Gainare Tottori,8,4,0,4,14,16,-2,12,japan3,0.5,0.5,-2,1.75,2.0,2.0,6
T. Miyazaki,8,3,2,3,11,9,2,11,japan3,0.38,0.62,2,1.38,2.63,1.61,7
V. Hachinohe,8,3,2,3,12,12,0,11,japan3,0.38,0.62,0,1.5,2.63,1.61,7
Osaka,8,3,2,3,7,7,0,11,japan3,0.38,0.62,0,0.88,2.63,1.61,7
Z. Kanazawa,8,2,3,3,7,9,-2,9,japan3,0.25,0.62,-2,0.88,4.0,1.61,8
Nara Club,8,2,3,3,9,13,-4,9,japan3,0.25,0.62,-4,1.12,4.0,1.61,8
AC Numazu,8,2,2,4,9,13,-4,8,japan3,0.25,0.5,-4,1.12,4.0,2.0,9
FC Gifu,8,2,1,5,15,18,-3,7,japan3,0.25,0.38,-3,1.88,4.0,2.63,10
SC Sagamihara,8,2,1,5,10,15,-5,7,japan3,0.25,0.38,-5,1.25,4.0,2.63,10
FC Ryukyu,8,2,1,5,6,13,-7,7,japan3,0.25,0.38,-7,0.75,4.0,2.63,10
Nagano Parceiro,8,0,5,3,5,10,-5,5,japan3,0.0,0.62,-5,0.62,0.0,1.61,11
Morioka,8,1,2,5,5,11,-6,5,japan3,0.12,0.38,-6,0.62,8.33,2.63,11
YSCC,8,0,0,8,7,26,-19,0,japan3,0.0,0.0,-19,0.88,0.0,0.0,12
Kairat Almaty,8,5,1,2,12,6,6,16,kazakhstan,0.62,0.75,6,1.5,1.61,1.33,1
FC Astana,8,5,1,2,11,5,6,16,kazakhstan,0.62,0.75,6,1.38,1.61,1.33,1
Ordabasy,8,4,1,3,11,9,2,13,kazakhstan,0.5,0.62,2,1.38,2.0,1.61,2
Aktobe,8,3,3,2,10,11,-1,12,kazakhstan,0.38,0.75,-1,1.25,2.63,1.33,3
Tobol,8,3,2,3,13,11,2,11,kazakhstan,0.38,0.62,2,1.62,2.63,1.61,4
Atyrau,8,3,1,4,12,10,2,10,kazakhstan,0.38,0.5,2,1.5,2.63,2.0,5
Kaisar K.,8,2,2,4,8,10,-2,8,kazakhstan,0.25,0.5,-2,1.0,4.0,2.0,6
Kyzylzhar,8,2,2,4,6,9,-3,8,kazakhstan,0.25,0.5,-3,0.75,4.0,2.0,6
Zhenys,8,1,4,3,7,9,-2,7,kazakhstan,0.12,0.62,-2,0.88,8.33,1.61,7
Yelimay Semey,8,2,1,5,10,15,-5,7,kazakhstan,0.25,0.38,-5,1.25,4.0,2.63,7
Zhetysu,8,0,3,5,3,15,-12,3,kazakhstan,0.0,0.38,-12,0.38,0.0,2.63,8
Turan,8,0,2,6,3,21,-18,2,kazakhstan,0.0,0.25,-18,0.38,0.0,4.0,9
Aksu,0,0,0,0,0,0,0,0,kazakhstan,0.0,0.0,0,0.0,0.0,0.0,10
S. Karagandy,8,0,0,8,4,19,-15,0,kazakhstan,0.0,0.0,-15,0.5,0.0,0.0,10
Drita,8,4,3,1,10,6,4,15,kosovo,0.5,0.88,4,1.25,2.0,1.14,1
Malisheva,8,3,3,2,10,7,3,12,kosovo,0.38,0.75,3,1.25,2.63,1.33,2
Ballkani,8,2,4,2,10,7,3,10,kosovo,0.25,0.75,3,1.25,4.0,1.33,3
Suhareka,8,2,2,4,9,15,-6,8,kosovo,0.25,0.5,-6,1.12,4.0,2.0,4
Ferizaj,8,2,2,4,5,11,-6,8,kosovo,0.25,0.5,-6,0.62,4.0,2.0,4
Prishtina,8,2,1,5,7,11,-4,7,kosovo,0.25,0.38,-4,0.88,4.0,2.63,5
Dukagjini,8,2,1,5,7,13,-6,7,kosovo,0.25,0.38,-6,0.88,4.0,2.63,5
Gjilani,8,1,3,4,14,16,-2,6,kosovo,0.12,0.5,-2,1.75,8.33,2.0,6
Llapi,8,1,0,7,7,17,-10,3,kosovo,0.12,0.12,-10,0.88,8.33,8.33,7
Feronikeli,8,0,2,6,5,15,-10,2,kosovo,0.0,0.25,-10,0.62,0.0,4.0,8
Al Kuwait,5,5,0,0,18,5,13,15,kuwait,1.0,1.0,13,3.6,1.0,1.0,1
Al Arabi SC,4,3,0,1,9,5,4,9,kuwait,0.75,0.75,4,2.25,1.33,1.33,2
Al Fahaheel,4,2,2,0,12,7,5,8,kuwait,0.5,1.0,5,3.0,2.0,1.0,3
Al Tadhamon,4,1,1,2,10,10,0,4,kuwait,0.25,0.5,0,2.5,4.0,2.0,4
Al Salmiyah,3,1,1,1,5,5,0,4,kuwait,0.33,0.67,0,1.67,3.03,1.49,4
Al Qadsia,4,1,1,2,3,4,-1,4,kuwait,0.25,0.5,-1,0.75,4.0,2.0,4
Al Nasar,5,1,0,4,4,9,-5,3,kuwait,0.2,0.2,-5,0.8,5.0,5.0,5
Kazma,5,1,0,4,3,9,-6,3,kuwait,0.2,0.2,-6,0.6,5.0,5.0,5
Khaitan,5,1,0,4,3,11,-8,3,kuwait,0.2,0.2,-8,0.6,5.0,5.0,5
Yarmouk,5,0,2,3,4,8,-4,2,kuwait,0.0,0.4,-4,0.8,0.0,2.5,6
RFS,8,7,1,0,18,4,14,22,latvia,0.88,1.0,14,2.25,1.14,1.0,1
Riga FC,8,6,2,0,25,7,18,20,latvia,0.75,1.0,18,3.12,1.33,1.0,2
Auda,8,6,0,2,18,8,10,18,latvia,0.75,0.75,10,2.25,1.33,1.33,3
Liepaja,8,4,1,3,10,9,1,13,latvia,0.5,0.62,1,1.25,2.0,1.61,4
Valmiera,8,3,2,3,15,12,3,11,latvia,0.38,0.62,3,1.88,2.63,1.61,5
Tukums,8,2,2,4,10,23,-13,8,latvia,0.25,0.5,-13,1.25,4.0,2.0,6
Metta,8,2,1,5,5,21,-16,7,latvia,0.25,0.38,-16,0.62,4.0,2.63,7
Grobina,8,1,1,6,3,19,-16,4,latvia,0.12,0.25,-16,0.38,8.33,4.0,8
FS Jelgava,8,1,1,6,9,29,-20,4,latvia,0.12,0.25,-20,1.12,8.33,4.0,8
Daugavpils,8,0,3,5,7,16,-9,3,latvia,0.0,0.38,-9,0.88,0.0,2.63,9
Kauno Zalgiris,8,4,3,1,12,11,1,15,lithuania,0.5,0.88,1,1.5,2.0,1.14,1
Dainava,8,4,2,2,10,6,4,14,lithuania,0.5,0.75,4,1.25,2.0,1.33,2
Hegelmann L.,8,4,2,2,13,10,3,14,lithuania,0.5,0.75,3,1.62,2.0,1.33,2
Zalgiris,8,3,2,3,11,7,4,11,lithuania,0.38,0.62,4,1.38,2.63,1.61,3
Panevezys,8,2,5,1,14,12,2,11,lithuania,0.25,0.88,2,1.75,4.0,1.14,3
Banga,8,3,1,4,7,11,-4,10,lithuania,0.38,0.5,-4,0.88,2.63,2.0,4
Suduva,8,2,2,4,11,10,1,8,lithuania,0.25,0.5,1,1.38,4.0,2.0,5
Dziugas Telsiai,8,2,2,4,6,6,0,8,lithuania,0.25,0.5,0,0.75,4.0,2.0,5
TransINVEST,8,2,2,4,7,10,-3,8,lithuania,0.25,0.5,-3,0.88,4.0,2.0,5
Siauliai,8,1,2,5,10,17,-7,5,lithuania,0.12,0.38,-7,1.25,8.33,2.63,6
Riteriai,8,7,0,1,14,4,10,21,lithuania2,0.88,0.88,10,1.75,1.14,1.14,1
Siauliai B,8,5,0,3,21,15,6,15,lithuania2,0.62,0.62,6,2.62,1.61,1.61,2
Babrungas,8,4,2,2,17,8,9,14,lithuania2,0.5,0.75,9,2.12,2.0,1.33,3
Tauras,8,4,2,2,16,11,5,14,lithuania2,0.5,0.75,5,2.0,2.0,1.33,3
Nevezis,8,4,2,2,11,7,4,14,lithuania2,0.5,0.75,4,1.38,2.0,1.33,3
Atmosfera,8,3,4,1,6,5,1,13,lithuania2,0.38,0.88,1,0.75,2.63,1.14,4
Ekranas,8,3,3,2,11,13,-2,12,lithuania2,0.38,0.75,-2,1.38,2.63,1.33,5
Neptuna K.,8,3,1,4,12,13,-1,10,lithuania2,0.38,0.5,-1,1.5,2.63,2.0,6
Panevezys B,8,3,1,4,10,15,-5,10,lithuania2,0.38,0.5,-5,1.25,2.63,2.0,6
BFA Vilnius,8,2,3,3,11,13,-2,9,lithuania2,0.25,0.62,-2,1.38,4.0,1.61,7
Be1 NFA,8,2,3,3,8,11,-3,9,lithuania2,0.25,0.62,-3,1.0,4.0,1.61,7
Kauno Z. B,8,3,0,5,10,20,-10,9,lithuania2,0.38,0.38,-10,1.25,2.63,2.63,7
Garliava,8,2,1,5,8,18,-10,7,lithuania2,0.25,0.38,-10,1.0,4.0,2.63,8
Hegelmann B,8,1,0,7,6,18,-12,3,lithuania2,0.12,0.12,-12,0.75,8.33,8.33,9
Minija,8,0,2,6,6,18,-12,2,lithuania2,0.0,0.25,-12,0.75,0.0,4.0,10
Banga B,8,0,0,8,2,23,-21,0,lithuania2,0.0,0.0,-21,0.25,0.0,0.0,11
Differdange,8,7,0,1,23,4,19,21,luxembourg,0.88,0.88,19,2.88,1.14,1.14,1
Dudelange,7,4,2,1,14,7,7,14,luxembourg,0.57,0.86,7,2.0,1.75,1.16,2
UNA Strassen,7,4,2,1,11,4,7,14,luxembourg,0.57,0.86,7,1.57,1.75,1.16,2
Hesperange,8,3,3,2,13,10,3,12,luxembourg,0.38,0.75,3,1.62,2.63,1.33,3
Niedercorn,7,3,2,2,8,5,3,11,luxembourg,0.43,0.71,3,1.14,2.33,1.41,4
Bettembourg,7,3,1,3,8,9,-1,10,luxembourg,0.43,0.57,-1,1.14,2.33,1.75,5
Mondorf,7,2,3,2,11,7,4,9,luxembourg,0.29,0.71,4,1.57,3.45,1.41,6
Racing,7,2,3,2,9,7,2,9,luxembourg,0.29,0.71,2,1.29,3.45,1.41,6
Hostert,8,3,0,5,15,17,-2,9,luxembourg,0.38,0.38,-2,1.88,2.63,2.63,6
Wiltz,8,3,0,5,11,15,-4,9,luxembourg,0.38,0.38,-4,1.38,2.63,2.63,6
Jeunesse Esch,8,2,2,4,7,18,-11,8,luxembourg,0.25,0.5,-11,0.88,4.0,2.0,7
Petange,7,1,3,3,3,8,-5,6,luxembourg,0.14,0.57,-5,0.43,7.14,1.75,8
V. Rosport,8,1,2,5,8,20,-12,5,luxembourg,0.12,0.38,-12,1.0,8.33,2.63,9
Mondercange,8,1,0,7,7,22,-15,3,luxembourg,0.12,0.12,-15,0.88,8.33,8.33,10
Fola Esch,7,0,0,7,7,23,-16,0,luxembourg,0.0,0.0,-16,1.0,0.0,0.0,11
Rodange,8,0,0,8,9,27,-18,0,luxembourg,0.0,0.0,-18,1.12,0.0,0.0,11
Johor Darul,8,7,1,0,30,5,25,22,malaysia,0.88,1.0,25,3.75,1.14,1.0,1
Selangor,8,5,2,1,12,5,7,17,malaysia,0.62,0.88,7,1.5,1.61,1.14,2
Sabah,7,5,0,2,16,11,5,15,malaysia,0.71,0.71,5,2.29,1.41,1.41,3
Perak,7,4,1,2,12,7,5,13,malaysia,0.57,0.71,5,1.71,1.75,1.41,4
Terengganu,8,2,4,2,8,10,-2,10,malaysia,0.25,0.75,-2,1.0,4.0,1.33,5
Pahang,7,1,5,1,7,9,-2,8,malaysia,0.14,0.86,-2,1.0,7.14,1.16,6
PDRM,8,2,2,4,8,15,-7,8,malaysia,0.25,0.5,-7,1.0,4.0,2.0,6
Kedah,7,2,1,4,5,18,-13,7,malaysia,0.29,0.43,-13,0.71,3.45,2.33,7
Kuala Lumpur,6,2,0,4,8,10,-2,6,malaysia,0.33,0.33,-2,1.33,3.03,3.03,8
Negeri Sembilan,8,1,3,4,10,16,-6,6,malaysia,0.12,0.5,-6,1.25,8.33,2.0,8
Kuching,6,1,2,3,6,11,-5,5,malaysia,0.17,0.5,-5,1.0,5.88,2.0,9
Pulau Pinang,8,1,2,5,8,18,-10,5,malaysia,0.12,0.38,-10,1.0,8.33,2.63,9
Kelantan United,8,1,0,7,4,23,-19,3,malaysia,0.12,0.12,-19,0.5,8.33,8.33,10
Floriana,7,5,2,0,13,3,10,17,malta,0.71,1.0,10,1.86,1.41,1.0,1
Hamrun Spartans,8,5,1,2,18,7,11,16,malta,0.62,0.75,11,2.25,1.61,1.33,2
Birkirkara,6,5,1,0,12,3,9,16,malta,0.83,1.0,9,2.0,1.2,1.0,2
Hibernians,8,4,1,3,9,8,1,13,malta,0.5,0.62,1,1.12,2.0,1.61,3
Melita,8,3,3,2,13,11,2,12,malta,0.38,0.75,2,1.62,2.63,1.33,4
Marsaxlokk,5,3,2,0,9,4,5,11,malta,0.6,1.0,5,1.8,1.67,1.0,5
Sliema,8,2,4,2,7,5,2,10,malta,0.25,0.75,2,0.88,4.0,1.33,6
Zabbar,8,3,1,4,12,14,-2,10,malta,0.38,0.5,-2,1.5,2.63,2.0,6
Mosta,8,3,0,5,11,15,-4,9,malta,0.38,0.38,-4,1.38,2.63,2.63,7
Gzira Utd,6,2,1,3,7,9,-2,7,malta,0.33,0.5,-2,1.17,3.03,2.0,8
Naxxar Lions,7,1,3,3,9,10,-1,6,malta,0.14,0.57,-1,1.29,7.14,1.75,9
Balzan,8,0,1,7,5,16,-11,1,malta,0.0,0.12,-11,0.62,0.0,8.33,10
Cruz Azul,8,6,1,1,19,9,10,19,mexico,0.75,0.88,10,2.38,1.33,1.14,1
Monterrey,8,4,2,2,10,7,3,14,mexico,0.5,0.75,3,1.25,2.0,1.33,2
Tigres,8,4,1,3,13,9,4,13,mexico,0.5,0.62,4,1.62,2.0,1.61,3
Toluca,8,3,3,2,10,9,1,12,mexico,0.38,0.75,1,1.25,2.63,1.33,4
Pumas UNAM,8,3,3,2,6,6,0,12,mexico,0.38,0.75,0,0.75,2.63,1.33,4
Juarez,8,4,0,4,10,18,-8,12,mexico,0.5,0.5,-8,1.25,2.0,2.0,4
Guadalajara,8,3,1,4,9,8,1,10,mexico,0.38,0.5,1,1.12,2.63,2.0,5
CF America,8,2,3,3,12,14,-2,9,mexico,0.25,0.62,-2,1.5,4.0,1.61,6
Tijuana,8,2,3,3,6,12,-6,9,mexico,0.25,0.62,-6,0.75,4.0,1.61,6
Atlas,8,2,2,4,7,16,-9,8,mexico,0.25,0.5,-9,0.88,4.0,2.0,7
A. San Luis,8,2,1,5,7,12,-5,7,mexico,0.25,0.38,-5,0.88,4.0,2.63,8
Club Leon,8,1,3,4,12,18,-6,6,mexico,0.12,0.5,-6,1.5,8.33,2.0,9
Queretaro,8,1,2,5,6,17,-11,5,mexico,0.12,0.38,-11,0.75,8.33,2.63,10
Mazatlan,8,0,4,4,0,7,-7,4,mexico,0.0,0.5,-7,0.0,0.0,2.0,11
Pachuca,8,1,1,6,7,16,-9,4,mexico,0.12,0.25,-9,0.88,8.33,4.0,11
Puebla,8,1,1,6,4,16,-12,4,mexico,0.12,0.25,-12,0.5,8.33,4.0,11
Necaxa,8,0,3,5,7,17,-10,3,mexico,0.0,0.38,-10,0.88,0.0,2.63,12
Santos Laguna,8,0,1,7,5,17,-12,1,mexico,0.0,0.12,-12,0.62,0.0,8.33,13
Buducnost,8,7,0,1,17,3,14,21,montenegro,0.88,0.88,14,2.12,1.14,1.14,1
Sutjeska,8,4,1,3,9,6,3,13,montenegro,0.5,0.62,3,1.12,2.0,1.61,2
Petrovac,8,4,1,3,9,8,1,13,montenegro,0.5,0.62,1,1.12,2.0,1.61,2
Bokelj,8,3,3,2,8,9,-1,12,montenegro,0.38,0.75,-1,1.0,2.63,1.33,3
Arsenal Tivat,8,3,2,3,10,11,-1,11,montenegro,0.38,0.62,-1,1.25,2.63,1.61,4
Mornar Bar,8,3,2,3,10,15,-5,11,montenegro,0.38,0.62,-5,1.25,2.63,1.61,4
Decic,8,1,6,1,8,9,-1,9,montenegro,0.12,0.88,-1,1.0,8.33,1.14,5
Jezero,8,1,3,4,6,10,-4,6,montenegro,0.12,0.5,-4,0.75,8.33,2.0,6
Otrant,8,0,4,4,1,5,-4,4,montenegro,0.0,0.5,-4,0.12,0.0,2.0,7
Jedinstvo,8,1,1,6,5,19,-14,4,montenegro,0.12,0.25,-14,0.62,8.33,4.0,7
Berkane,7,5,2,0,10,3,7,17,morocco,0.71,1.0,7,1.43,1.41,1.0,1
FUS Rabat,8,3,2,3,8,8,0,11,morocco,0.38,0.62,0,1.0,2.63,1.61,2
R. Zemamra,7,3,2,2,4,4,0,11,morocco,0.43,0.71,0,0.57,2.33,1.41,2
Olympic Safi,8,3,2,3,7,9,-2,11,morocco,0.38,0.62,-2,0.88,2.63,1.61,2
Maghreb de Fes,7,2,3,2,6,7,-1,9,morocco,0.29,0.71,-1,0.86,3.45,1.41,3
Ittihad Tanger,8,2,3,3,8,10,-2,9,morocco,0.25,0.62,-2,1.0,4.0,1.61,3
Difaa El Jadida,8,2,3,3,13,16,-3,9,morocco,0.25,0.62,-3,1.62,4.0,1.61,3
FAR Rabat,6,2,2,2,9,3,6,8,morocco,0.33,0.67,6,1.5,3.03,1.49,4
Union Touarga,7,2,2,3,9,8,1,8,morocco,0.29,0.57,1,1.29,3.45,1.75,4
Raja Casablanca,6,2,2,2,8,8,0,8,morocco,0.33,0.67,0,1.33,3.03,1.49,4
Wydad,8,1,5,2,6,8,-2,8,morocco,0.12,0.75,-2,0.75,8.33,1.33,4
Hassania Agadir,7,2,1,4,5,7,-2,7,morocco,0.29,0.43,-2,0.71,3.45,2.33,5
JS Sousalem,7,1,3,3,3,6,-3,6,morocco,0.14,0.57,-3,0.43,7.14,1.75,6
Moghreb Tetouan,7,1,0,6,3,10,-7,3,morocco,0.14,0.14,-7,0.43,7.14,7.14,7
Meknes,8,0,3,5,2,19,-17,3,morocco,0.0,0.38,-17,0.25,0.0,2.63,7
C. Mohammedia,8,0,2,6,5,20,-15,2,morocco,0.0,0.25,-15,0.62,0.0,4.0,8
RAC Casablanca,5,3,1,1,10,9,1,10,morocco2,0.6,0.8,1,2.0,1.67,1.25,1
R. Beni Mellal,6,2,3,1,9,5,4,9,morocco2,0.33,0.83,4,1.5,3.03,1.2,2
C. Benguerir,5,2,2,1,7,5,2,8,morocco2,0.4,0.8,2,1.4,2.5,1.25,3
Wydad Fes,6,2,1,3,5,7,-2,7,morocco2,0.33,0.5,-2,0.83,3.03,2.0,4
Kawkab M.,5,1,3,1,2,1,1,6,morocco2,0.2,0.8,1,0.4,5.0,1.25,5
Yacoub El Manso,5,2,0,3,5,7,-2,6,morocco2,0.4,0.4,-2,1.0,2.5,2.5,5
Youssoufia B.,5,1,2,2,8,7,1,5,morocco2,0.2,0.6,1,1.6,5.0,1.67,6
Stade Marocain,5,1,2,2,4,6,-2,5,morocco2,0.2,0.6,-2,0.8,5.0,1.67,6
Rapide Oued Z.,5,1,2,2,2,4,-2,5,morocco2,0.2,0.6,-2,0.4,5.0,1.67,6
El Massira,6,0,4,2,6,8,-2,4,morocco2,0.0,0.67,-2,1.0,0.0,1.49,7
Chabab Atlas K.,4,0,3,1,4,6,-2,3,morocco2,0.0,0.75,-2,1.0,0.0,1.33,8
Dcheira,4,0,2,2,2,4,-2,2,morocco2,0.0,0.5,-2,0.5,0.0,2.0,9
KAC Kenitra,4,0,2,2,4,9,-5,2,morocco2,0.0,0.5,-5,1.0,0.0,2.0,9
Mouloudia Oujda,6,0,2,4,3,10,-7,2,morocco2,0.0,0.33,-7,0.5,0.0,3.03,9
USM Oujda,4,0,2,2,2,11,-9,2,morocco2,0.0,0.5,-9,0.5,0.0,2.0,9
Khouribga,5,0,1,4,5,13,-8,1,morocco2,0.0,0.2,-8,1.0,0.0,5.0,10
Shan Utd,7,7,0,0,26,7,19,21,myanmar,1.0,1.0,19,3.71,1.0,1.0,1
Yangon Utd,6,4,2,0,20,9,11,14,myanmar,0.67,1.0,11,3.33,1.49,1.0,2
Dagon,8,4,1,3,13,6,7,13,myanmar,0.5,0.62,7,1.62,2.0,1.61,3
Hantharwady,5,4,1,0,10,3,7,13,myanmar,0.8,1.0,7,2.0,1.25,1.0,3
Sagaing Utd,7,3,0,4,11,11,0,9,myanmar,0.43,0.43,0,1.57,2.33,2.33,4
Yadanarbon,7,2,2,3,6,9,-3,8,myanmar,0.29,0.57,-3,0.86,3.45,1.75,5
Thitsar Arman,7,2,1,4,14,14,0,7,myanmar,0.29,0.43,0,2.0,3.45,2.33,6
Ayeyawady,7,2,1,4,6,11,-5,7,myanmar,0.29,0.43,-5,0.86,3.45,2.33,6
Ispe FC,6,1,2,3,7,10,-3,5,myanmar,0.17,0.5,-3,1.17,5.88,2.0,7
Dagon Port,8,1,2,5,15,30,-15,5,myanmar,0.12,0.38,-15,1.88,8.33,2.63,7
Myawady,8,1,0,7,4,18,-14,3,myanmar,0.12,0.12,-14,0.5,8.33,8.33,8
Rakhine Utd,8,0,2,6,9,22,-13,2,myanmar,0.0,0.25,-13,1.12,0.0,4.0,9
FC Utrecht,8,6,2,0,17,8,9,20,netherlands,0.75,1.0,9,2.12,1.33,1.0,1
PSV Eindhoven,8,6,0,2,24,9,15,18,netherlands,0.75,0.75,15,3.0,1.33,1.33,2
Ajax Amsterdam,8,5,2,1,16,9,7,17,netherlands,0.62,0.88,7,2.0,1.61,1.14,3
AZ Alkmaar,8,5,1,2,12,7,5,16,netherlands,0.62,0.75,5,1.5,1.61,1.33,4
Feyenoord,8,4,3,1,18,11,7,15,netherlands,0.5,0.88,7,2.25,2.0,1.14,5
Willem II,8,3,2,3,8,9,-1,11,netherlands,0.38,0.62,-1,1.0,2.63,1.61,6
FC Twente,8,3,1,4,13,14,-1,10,netherlands,0.38,0.5,-1,1.62,2.63,2.0,7
Sparta,8,2,2,4,7,10,-3,8,netherlands,0.25,0.5,-3,0.88,4.0,2.0,8
Go Ahead Eagles,8,2,2,4,10,15,-5,8,netherlands,0.25,0.5,-5,1.25,4.0,2.0,8
Fortuna Sittard,8,1,4,3,10,15,-5,7,netherlands,0.12,0.62,-5,1.25,8.33,1.61,9
NAC Breda,8,2,1,5,7,14,-7,7,netherlands,0.25,0.38,-7,0.88,4.0,2.63,9
NEC Nijmegen,8,2,0,6,7,14,-7,6,netherlands,0.25,0.25,-7,0.88,4.0,4.0,10
PEC Zwolle,8,0,5,3,5,14,-9,5,netherlands,0.0,0.62,-9,0.62,0.0,1.61,11
Heracles Almelo,8,1,1,6,5,20,-15,4,netherlands,0.12,0.25,-15,0.62,8.33,4.0,12
FC Groningen,8,1,1,6,5,21,-16,4,netherlands,0.12,0.25,-16,0.62,8.33,4.0,12
Heerenveen,8,1,0,7,4,26,-22,3,netherlands,0.12,0.12,-22,0.5,8.33,8.33,13
Almere City,8,0,2,6,2,15,-13,2,netherlands,0.0,0.25,-13,0.25,0.0,4.0,14
RKC Waalwijk,8,0,2,6,9,23,-14,2,netherlands,0.0,0.25,-14,1.12,0.0,4.0,14
Cambuur,8,6,1,1,19,6,13,19,netherlands2,0.75,0.88,13,2.38,1.33,1.14,1
FC Emmen,8,5,1,2,15,8,7,16,netherlands2,0.62,0.75,7,1.88,1.61,1.33,2
FC Volendam,8,4,4,0,16,10,6,16,netherlands2,0.5,1.0,6,2.0,2.0,1.0,2
FC Den Bosch,8,4,2,2,12,6,6,14,netherlands2,0.5,0.75,6,1.5,2.0,1.33,3
FC Eindhoven,8,4,1,3,19,16,3,13,netherlands2,0.5,0.62,3,2.38,2.0,1.61,4
Excelsior,8,3,4,1,11,8,3,13,netherlands2,0.38,0.88,3,1.38,2.63,1.14,4
FC Dordrecht,8,4,1,3,10,12,-2,13,netherlands2,0.5,0.62,-2,1.25,2.0,1.61,4
Jong AZ,8,4,0,4,10,11,-1,12,netherlands2,0.5,0.5,-1,1.25,2.0,2.0,5
Helmond Sport,8,4,0,4,13,18,-5,12,netherlands2,0.5,0.5,-5,1.62,2.0,2.0,5
Jong PSV,8,3,1,4,10,9,1,10,netherlands2,0.38,0.5,1,1.25,2.63,2.0,6
ADO Den Haag,8,2,3,3,16,12,4,9,netherlands2,0.25,0.62,4,2.0,4.0,1.61,7
Roda JC,8,2,3,3,9,12,-3,9,netherlands2,0.25,0.62,-3,1.12,4.0,1.61,7
VVV,8,3,0,5,9,19,-10,9,netherlands2,0.38,0.38,-10,1.12,2.63,2.63,7
De Graafschap,8,1,4,3,9,14,-5,7,netherlands2,0.12,0.62,-5,1.12,8.33,1.61,8
Telstar,8,1,3,4,7,15,-8,6,netherlands2,0.12,0.5,-8,0.88,8.33,2.0,9
MVV Maastricht,8,1,2,5,10,18,-8,5,netherlands2,0.12,0.38,-8,1.25,8.33,2.63,10
Jong Ajax,8,1,2,5,8,16,-8,5,netherlands2,0.12,0.38,-8,1.0,8.33,2.63,10
Jong Utrecht,8,0,4,4,8,14,-6,4,netherlands2,0.0,0.5,-6,1.0,0.0,2.0,11
TOP Oss,8,0,4,4,4,12,-8,4,netherlands2,0.0,0.5,-8,0.5,0.0,2.0,11
Vitesse Arnhem,8,0,3,5,14,25,-11,3,netherlands2,0.0,0.38,-11,1.75,0.0,2.63,12
Diriangen,8,4,4,0,21,7,14,16,nicaragua,0.5,1.0,14,2.62,2.0,1.0,1
Real Esteli,8,5,1,2,14,9,5,16,nicaragua,0.62,0.75,5,1.75,1.61,1.33,1
Walter Ferreti,8,4,2,2,8,5,3,14,nicaragua,0.5,0.75,3,1.0,2.0,1.33,2
Matagalpa,8,3,3,2,9,7,2,12,nicaragua,0.38,0.75,2,1.12,2.63,1.33,3
Export Sebaco,8,1,4,3,7,10,-3,7,nicaragua,0.12,0.62,-3,0.88,8.33,1.61,4
Managua FC,8,1,3,4,9,15,-6,6,nicaragua,0.12,0.5,-6,1.12,8.33,2.0,5
Jalapa,8,1,2,5,8,21,-13,5,nicaragua,0.12,0.38,-13,1.0,8.33,2.63,6
UNAN Managua,8,1,1,6,7,17,-10,4,nicaragua,0.12,0.25,-10,0.88,8.33,4.0,7
Rancho Santana,8,1,1,6,5,15,-10,4,nicaragua,0.12,0.25,-10,0.62,8.33,4.0,7
D. Ocotal,8,0,2,6,3,24,-21,2,nicaragua,0.0,0.25,-21,0.38,0.0,4.0,8
Linfield,8,6,1,1,14,5,9,19,northernireland,0.75,0.88,9,1.75,1.33,1.14,1
Ballymena Utd,8,6,0,2,11,6,5,18,northernireland,0.75,0.75,5,1.38,1.33,1.33,2
Larne,7,4,2,1,9,4,5,14,northernireland,0.57,0.86,5,1.29,1.75,1.16,3
Portadown,8,4,1,3,13,8,5,13,northernireland,0.5,0.62,5,1.62,2.0,1.61,4
Glentoran,8,4,1,3,14,10,4,13,northernireland,0.5,0.62,4,1.75,2.0,1.61,4
Dungannon,8,3,2,3,10,11,-1,11,northernireland,0.38,0.62,-1,1.25,2.63,1.61,5
Cliftonville,8,3,1,4,14,12,2,10,northernireland,0.38,0.5,2,1.75,2.63,2.0,6
Coleraine,8,2,1,5,12,14,-2,7,northernireland,0.25,0.38,-2,1.5,4.0,2.63,7
Crusaders,8,2,1,5,8,11,-3,7,northernireland,0.25,0.38,-3,1.0,4.0,2.63,7
Carrick Rangers,8,1,3,4,7,14,-7,6,northernireland,0.12,0.5,-7,0.88,8.33,2.0,8
Glenavon,8,1,2,5,2,10,-8,5,northernireland,0.12,0.38,-8,0.25,8.33,2.63,9
Loughgall,8,1,1,6,5,17,-12,4,northernireland,0.12,0.25,-12,0.62,8.33,4.0,10
Bangor,8,6,0,2,17,11,6,18,northernireland2,0.75,0.75,6,2.12,1.33,1.33,1
Limavady,8,4,3,1,17,7,10,15,northernireland2,0.5,0.88,10,2.12,2.0,1.14,2
Dundela,8,4,2,2,15,11,4,14,northernireland2,0.5,0.75,4,1.88,2.0,1.33,3
Ballyclare,8,4,0,4,10,12,-2,12,northernireland2,0.5,0.5,-2,1.25,2.0,2.0,4
HW Welders,8,3,2,3,17,14,3,11,northernireland2,0.38,0.62,3,2.12,2.63,1.61,5
Institute,8,3,2,3,11,12,-1,11,northernireland2,0.38,0.62,-1,1.38,2.63,1.61,5
Ards,8,3,1,4,14,17,-3,10,northernireland2,0.38,0.5,-3,1.75,2.63,2.0,6
Armagh City,8,2,4,2,7,11,-4,10,northernireland2,0.25,0.75,-4,0.88,4.0,1.33,6
Ballinamallard,8,3,0,5,12,12,0,9,northernireland2,0.38,0.38,0,1.5,2.63,2.63,7
Annagh Utd,8,2,2,4,9,9,0,8,northernireland2,0.25,0.5,0,1.12,4.0,2.0,8
Newry City,8,1,1,6,6,17,-11,4,northernireland2,0.12,0.25,-11,0.75,8.33,4.0,9
Newington,8,1,0,7,5,21,-16,3,northernireland2,0.12,0.12,-16,0.62,8.33,8.33,10
Sileks,8,5,2,1,11,2,9,17,northmacedonia,0.62,0.88,9,1.38,1.61,1.14,1
Gostivar,8,4,3,1,9,4,5,15,northmacedonia,0.5,0.88,5,1.12,2.0,1.14,2
Rabotnicki,8,3,4,1,8,3,5,13,northmacedonia,0.38,0.88,5,1.0,2.63,1.14,3
Struga,8,3,4,1,12,9,3,13,northmacedonia,0.38,0.88,3,1.5,2.63,1.14,3
Shkendija,8,3,4,1,6,4,2,13,northmacedonia,0.38,0.88,2,0.75,2.63,1.14,3
Shkupi,8,2,1,5,9,12,-3,7,northmacedonia,0.25,0.38,-3,1.12,4.0,2.63,4
Brera Strumica,8,2,1,5,8,16,-8,7,northmacedonia,0.25,0.38,-8,1.0,4.0,2.63,4
Vardar,8,1,2,5,3,12,-9,5,northmacedonia,0.12,0.38,-9,0.38,8.33,2.63,5
Pelister,8,1,2,5,4,14,-10,5,northmacedonia,0.12,0.38,-10,0.5,8.33,2.63,5
Tikves,8,0,4,4,3,9,-6,4,northmacedonia,0.0,0.5,-6,0.38,0.0,2.0,6
Voska Sport,8,1,1,6,8,20,-12,4,northmacedonia,0.12,0.25,-12,1.0,8.33,4.0,6
Besa,8,0,3,5,6,14,-8,3,northmacedonia,0.0,0.38,-8,0.75,0.0,2.63,7
Brann,8,5,2,1,17,8,9,17,norway,0.62,0.88,9,2.12,1.61,1.14,1
Rosenborg,8,5,2,1,16,7,9,17,norway,0.62,0.88,9,2.0,1.61,1.14,1
Viking,8,3,3,2,16,13,3,12,norway,0.38,0.75,3,2.0,2.63,1.33,2
Sarpsborg 08,8,3,3,2,12,14,-2,12,norway,0.38,0.75,-2,1.5,2.63,1.33,2
Molde,8,3,2,3,13,8,5,11,norway,0.38,0.62,5,1.62,2.63,1.61,3
HamKam,8,3,2,3,9,13,-4,11,norway,0.38,0.62,-4,1.12,2.63,1.61,3
KFUM Oslo,8,3,1,4,9,9,0,10,norway,0.38,0.5,0,1.12,2.63,2.0,4
Bodo/Glimt,8,2,4,2,10,11,-1,10,norway,0.25,0.75,-1,1.25,4.0,1.33,4
Fredrikstad,8,3,1,4,7,14,-7,10,norway,0.38,0.5,-7,0.88,2.63,2.0,4
Sandefjord,8,2,2,4,10,12,-2,8,norway,0.25,0.5,-2,1.25,4.0,2.0,5
Kristiansund,8,2,2,4,5,10,-5,8,norway,0.25,0.5,-5,0.62,4.0,2.0,5
Tromso,8,2,0,6,6,15,-9,6,norway,0.25,0.25,-9,0.75,4.0,4.0,6
Haugesund,8,1,3,4,8,18,-10,6,norway,0.12,0.5,-10,1.0,8.33,2.0,6
Stromsgodset,8,0,3,5,5,15,-10,3,norway,0.0,0.38,-10,0.62,0.0,2.63,7
Odd,8,0,2,6,5,15,-10,2,norway,0.0,0.25,-10,0.62,0.0,4.0,8
Lillestrom,8,0,0,8,7,25,-18,0,norway,0.0,0.0,-18,0.88,0.0,0.0,9
Valerenga,8,6,2,0,18,6,12,20,norway2,0.75,1.0,12,2.25,1.33,1.0,1
Bryne,8,5,1,2,17,10,7,16,norway2,0.62,0.75,7,2.12,1.61,1.33,2
Aalesund,8,5,1,2,14,8,6,16,norway2,0.62,0.75,6,1.75,1.61,1.33,2
Ranheim,8,5,1,2,16,11,5,16,norway2,0.62,0.75,5,2.0,1.61,1.33,2
Lyn,8,4,2,2,13,11,2,14,norway2,0.5,0.75,2,1.62,2.0,1.33,3
Raufoss,8,4,1,3,9,10,-1,13,norway2,0.5,0.62,-1,1.12,2.0,1.61,4
Kongsvinger,8,3,3,2,12,9,3,12,norway2,0.38,0.75,3,1.5,2.63,1.33,5
Start,8,3,2,3,16,17,-1,11,norway2,0.38,0.62,-1,2.0,2.63,1.61,6
Asane,8,3,2,3,12,15,-3,11,norway2,0.38,0.62,-3,1.5,2.63,1.61,6
Mjondalen,8,3,1,4,7,14,-7,10,norway2,0.38,0.5,-7,0.88,2.63,2.0,7
Stabaek,8,3,1,4,10,18,-8,10,norway2,0.38,0.5,-8,1.25,2.63,2.0,7
Egersund,8,3,0,5,12,17,-5,9,norway2,0.38,0.38,-5,1.5,2.63,2.63,8
Moss,8,2,2,4,9,11,-2,8,norway2,0.25,0.5,-2,1.12,4.0,2.0,9
Levanger,8,1,4,3,13,17,-4,7,norway2,0.12,0.62,-4,1.62,8.33,1.61,10
Sogndal,8,2,1,5,4,13,-9,7,norway2,0.25,0.38,-9,0.5,4.0,2.63,10
Sandnes Ulf,8,1,1,6,4,20,-16,4,norway2,0.12,0.25,-16,0.5,8.33,4.0,11
Hodd,8,4,3,1,18,6,12,15,norway3,0.5,0.88,12,2.25,2.0,1.14,1
Brattvag,8,5,0,3,12,11,1,15,norway3,0.62,0.62,1,1.5,1.61,1.61,1
Notodden,8,4,2,2,9,9,0,14,norway3,0.5,0.75,0,1.12,2.0,1.33,2
Flekkeroy,8,4,0,4,8,13,-5,12,norway3,0.5,0.5,-5,1.0,2.0,2.0,3
Brann B,8,3,2,3,15,15,0,11,norway3,0.38,0.62,0,1.88,2.63,1.61,4
Jerv,8,3,2,3,9,10,-1,11,norway3,0.38,0.62,-1,1.12,2.63,1.61,4
Arendal,8,3,2,3,8,9,-1,11,norway3,0.38,0.62,-1,1.0,2.63,1.61,4
Sotra,8,3,2,3,5,10,-5,11,norway3,0.38,0.62,-5,0.62,2.63,1.61,4
Lysekloster,8,3,1,4,16,16,0,10,norway3,0.38,0.5,0,2.0,2.63,2.0,5
Eik Tonsberg,8,3,1,4,7,10,-3,10,norway3,0.38,0.5,-3,0.88,2.63,2.0,5
V. Haugesund,8,3,1,4,12,20,-8,10,norway3,0.38,0.5,-8,1.5,2.63,2.0,5
Orn Horten,8,2,1,5,10,15,-5,7,norway3,0.25,0.38,-5,1.25,4.0,2.63,6
Kvik Halden,8,2,1,5,10,23,-13,7,norway3,0.25,0.38,-13,1.25,4.0,2.63,6
Viking B,8,0,1,7,7,18,-11,1,norway3,0.0,0.12,-11,0.88,0.0,8.33,7
Tromsdalen,8,5,1,2,16,12,4,16,norway4,0.62,0.75,4,2.0,1.61,1.33,1
Grorud,8,4,3,1,23,16,7,15,norway4,0.5,0.88,7,2.88,2.0,1.14,2
Eidsvold,8,5,0,3,21,14,7,15,norway4,0.62,0.62,7,2.62,1.61,1.61,2
Skeid,8,3,4,1,10,6,4,13,norway4,0.38,0.88,4,1.25,2.63,1.14,3
Strommen,8,4,1,3,11,12,-1,13,norway4,0.5,0.62,-1,1.38,2.0,1.61,3
Kjelsas,8,3,2,3,12,11,1,11,norway4,0.38,0.62,1,1.5,2.63,1.61,4
Ullensaker . K.,8,3,1,4,16,16,0,10,norway4,0.38,0.5,0,2.0,2.63,2.0,5
Alta,8,2,2,4,12,14,-2,8,norway4,0.25,0.5,-2,1.5,4.0,2.0,6
Stjordals-Blink,8,2,1,5,11,19,-8,7,norway4,0.25,0.38,-8,1.38,4.0,2.63,7
Follo,8,2,1,5,13,27,-14,7,norway4,0.25,0.38,-14,1.62,4.0,2.63,7
Gjovik-Lyn,8,1,2,5,6,18,-12,5,norway4,0.12,0.38,-12,0.75,8.33,2.63,8
Strindheim,8,1,1,6,7,20,-13,4,norway4,0.12,0.25,-13,0.88,8.33,4.0,9
Junkeren,8,1,1,6,13,28,-15,4,norway4,0.12,0.25,-15,1.62,8.33,4.0,9
Valerenga B,8,1,0,7,9,32,-23,3,norway4,0.12,0.12,-23,1.12,8.33,8.33,10
Sandviken,8,7,0,1,21,5,16,21,norway5,0.88,0.88,16,2.62,1.14,1.14,1
Bjarg,8,6,1,1,27,8,19,19,norway5,0.75,0.88,19,3.38,1.33,1.14,2
Djerv,8,5,1,2,21,16,5,16,norway5,0.62,0.75,5,2.62,1.61,1.33,3
Forde,8,4,2,2,18,10,8,14,norway5,0.5,0.75,8,2.25,2.0,1.33,4
Haugesund B,8,3,1,4,21,19,2,10,norway5,0.38,0.5,2,2.62,2.63,2.0,5
Os,8,3,1,4,11,10,1,10,norway5,0.38,0.5,1,1.38,2.63,2.0,5
Stord,8,3,1,4,28,28,0,10,norway5,0.38,0.5,0,3.5,2.63,2.0,5
Froya,8,3,0,5,19,21,-2,9,norway5,0.38,0.38,-2,2.38,2.63,2.63,6
Askoy,8,2,3,3,16,20,-4,9,norway5,0.25,0.62,-4,2.0,4.0,1.61,6
Loddefjord,8,2,2,4,17,22,-5,8,norway5,0.25,0.5,-5,2.12,4.0,2.0,7
Fana,8,2,1,5,21,22,-1,7,norway5,0.25,0.38,-1,2.62,4.0,2.63,8
Asane B,8,2,1,5,16,35,-19,7,norway5,0.25,0.38,-19,2.0,4.0,2.63,8
Ardal,8,1,1,6,11,31,-20,4,norway5,0.12,0.25,-20,1.38,8.33,4.0,9
Floro,8,0,0,8,7,31,-24,0,norway5,0.0,0.0,-24,0.88,0.0,0.0,10
Pors Grenland,8,6,1,1,15,6,9,19,norway6,0.75,0.88,9,1.88,1.33,1.14,1
Fram,8,5,1,2,18,17,1,16,norway6,0.62,0.75,1,2.25,1.61,1.33,2
Brodd,8,4,2,2,20,15,5,14,norway6,0.5,0.75,5,2.5,2.0,1.33,3
Vidar,8,4,0,4,20,17,3,12,norway6,0.5,0.5,3,2.5,2.0,2.0,4
Madla,8,3,1,4,19,16,3,10,norway6,0.38,0.5,3,2.38,2.63,2.0,5
Sandefjord B,8,3,0,5,21,18,3,9,norway6,0.38,0.38,3,2.62,2.63,2.63,6
Vindbjart,8,2,2,4,7,10,-3,8,norway6,0.25,0.5,-3,0.88,4.0,2.0,7
Mandalskamerat.,8,2,1,5,12,24,-12,7,norway6,0.25,0.38,-12,1.5,4.0,2.63,8
Staal Jorpeland,8,2,1,5,10,24,-14,7,norway6,0.25,0.38,-14,1.25,4.0,2.63,8
Sola,8,2,0,6,15,26,-11,6,norway6,0.25,0.25,-11,1.88,4.0,4.0,9
Sandnes Ulf B,8,1,0,7,10,25,-15,3,norway6,0.12,0.12,-15,1.25,8.33,8.33,10
Odd B,8,1,0,7,7,26,-19,3,norway6,0.12,0.12,-19,0.88,8.33,8.33,10
Start B,8,0,1,7,11,26,-15,1,norway6,0.0,0.12,-15,1.38,0.0,8.33,11
Vigor,8,0,0,8,3,33,-30,0,norway6,0.0,0.0,-30,0.38,0.0,0.0,12
Asker,8,6,0,2,25,11,14,18,norway7,0.75,0.75,14,3.12,1.33,1.33,1
Nordstrand,8,5,1,2,22,12,10,16,norway7,0.62,0.75,10,2.75,1.61,1.33,2
Gamle Oslo,8,4,3,1,23,14,9,15,norway7,0.5,0.88,9,2.88,2.0,1.14,3
Baerum,8,4,3,1,18,10,8,15,norway7,0.5,0.88,8,2.25,2.0,1.14,3
Frigg,8,4,2,2,27,15,12,14,norway7,0.5,0.75,12,3.38,2.0,1.33,4
Assiden IF,8,2,3,3,11,15,-4,9,norway7,0.25,0.62,-4,1.38,4.0,1.61,5
Flint,8,2,1,5,12,21,-9,7,norway7,0.25,0.38,-9,1.5,4.0,2.63,6
KFUM B,8,2,1,5,12,21,-9,7,norway7,0.25,0.38,-9,1.5,4.0,2.63,6
Ullern,8,2,1,5,9,18,-9,7,norway7,0.25,0.38,-9,1.12,4.0,2.63,6
Oppsal,8,2,0,6,11,18,-7,6,norway7,0.25,0.25,-7,1.38,4.0,4.0,7
Skeid B,8,2,0,6,18,27,-9,6,norway7,0.25,0.25,-9,2.25,4.0,4.0,7
Sarpsborg 08 B,8,1,1,6,12,24,-12,4,norway7,0.12,0.25,-12,1.5,8.33,4.0,8
Askollen,8,1,1,6,11,36,-25,4,norway7,0.12,0.25,-25,1.38,8.33,4.0,8
Mjondalen B,8,0,0,8,7,29,-22,0,norway7,0.0,0.0,-22,0.88,0.0,0.0,9
Rana,8,7,0,1,25,10,15,21,norway8,0.88,0.88,15,3.12,1.14,1.14,1
Nardo,8,6,1,1,19,5,14,19,norway8,0.75,0.88,14,2.38,1.33,1.14,2
Melhus,8,4,3,1,27,16,11,15,norway8,0.5,0.88,11,3.38,2.0,1.14,3
Trygg/Lade,8,4,2,2,21,13,8,14,norway8,0.5,0.75,8,2.62,2.0,1.33,4
Tiller,8,4,2,2,13,11,2,14,norway8,0.5,0.75,2,1.62,2.0,1.33,4
Stabaek B,8,3,2,3,20,11,9,11,norway8,0.38,0.62,9,2.5,2.63,1.61,5
Lillestrom B,8,3,1,4,16,21,-5,10,norway8,0.38,0.5,-5,2.0,2.63,2.0,6
Stromsgodset B,8,3,1,4,21,28,-7,10,norway8,0.38,0.5,-7,2.62,2.63,2.0,6
Surnadal,8,2,2,4,9,19,-10,8,norway8,0.25,0.5,-10,1.12,4.0,2.0,7
Rosenborg B,8,2,1,5,8,14,-6,7,norway8,0.25,0.38,-6,1.0,4.0,2.63,8
Byasen,8,2,1,5,9,25,-16,7,norway8,0.25,0.38,-16,1.12,4.0,2.63,8
Orkla,8,1,1,6,10,27,-17,4,norway8,0.12,0.25,-17,1.25,8.33,4.0,9
Verdal,8,1,1,6,10,28,-18,4,norway8,0.12,0.25,-18,1.25,8.33,4.0,9
Mosjoen,8,1,0,7,6,41,-35,3,norway8,0.12,0.12,-35,0.75,8.33,8.33,10
Lorenskog,8,7,1,0,19,3,16,22,norway9,0.88,1.0,16,2.38,1.14,1.0,1
Traef,8,5,3,0,13,5,8,18,norway9,0.62,1.0,8,1.62,1.61,1.0,2
Bjorkelangen,8,5,0,3,18,13,5,15,norway9,0.62,0.62,5,2.25,1.61,1.61,3
IF Ready,8,4,2,2,17,12,5,14,norway9,0.5,0.75,5,2.12,2.0,1.33,4
Skjetten,8,3,1,4,14,13,1,10,norway9,0.38,0.5,1,1.75,2.63,2.0,5
Lokomotiv Oslo,8,3,1,4,11,13,-2,10,norway9,0.38,0.5,-2,1.38,2.63,2.0,5
Molde B,8,3,1,4,16,19,-3,10,norway9,0.38,0.5,-3,2.0,2.63,2.0,5
Aalesund B,8,2,2,4,18,19,-1,8,norway9,0.25,0.5,-1,2.25,4.0,2.0,6
Kristiansund B,8,2,1,5,8,18,-10,7,norway9,0.25,0.38,-10,1.0,4.0,2.63,7
Funnefoss . V.,8,2,0,6,10,18,-8,6,norway9,0.25,0.25,-8,1.25,4.0,4.0,8
Skedsmo,8,1,3,4,10,20,-10,6,norway9,0.12,0.5,-10,1.25,8.33,2.0,8
Hodd B,8,1,0,7,6,23,-17,3,norway9,0.12,0.12,-17,0.75,8.33,8.33,9
Gjellerasen,8,0,3,5,5,29,-24,3,norway9,0.0,0.38,-24,0.62,0.0,2.63,9
Spjelkavik,8,0,2,6,8,19,-11,2,norway9,0.0,0.25,-11,1.0,0.0,4.0,10
Honefoss,8,8,0,0,31,7,24,24,norway10,1.0,1.0,24,3.88,1.0,1.0,1
Harstad,8,6,2,0,18,7,11,20,norway10,0.75,1.0,11,2.25,1.33,1.0,2
Floya,8,5,2,1,23,11,12,17,norway10,0.62,0.88,12,2.88,1.61,1.14,3
Elverum,8,5,1,2,21,9,12,16,norway10,0.62,0.75,12,2.62,1.61,1.33,4
Skjervoy,8,3,1,4,18,22,-4,10,norway10,0.38,0.5,-4,2.25,2.63,2.0,5
Innstranden,8,3,1,4,5,15,-10,10,norway10,0.38,0.5,-10,0.62,2.63,2.0,5
HamKam B,8,3,0,5,19,22,-3,9,norway10,0.38,0.38,-3,2.38,2.63,2.63,6
Sprint-Jeloy,8,3,0,5,10,20,-10,9,norway10,0.38,0.38,-10,1.25,2.63,2.63,6
Fredrikstad B,8,3,0,5,11,23,-12,9,norway10,0.38,0.38,-12,1.38,2.63,2.63,6
Kongsvinger B,8,2,2,4,16,21,-5,8,norway10,0.25,0.5,-5,2.0,4.0,2.0,7
Fyllingsdalen,8,2,1,5,9,26,-17,7,norway10,0.25,0.38,-17,1.12,4.0,2.63,8
Ulfstind,8,2,0,6,18,21,-3,6,norway10,0.25,0.25,-3,2.25,4.0,4.0,9
Mjolner,8,1,2,5,9,22,-13,5,norway10,0.12,0.38,-13,1.12,8.33,2.63,10
Bodo/Glimt B,8,0,0,8,7,36,-29,0,norway10,0.0,0.0,-29,0.88,0.0,0.0,11
Al-Nahda,6,5,1,0,9,2,7,16,oman,0.83,1.0,7,1.5,1.2,1.0,1
Al Seeb,5,5,0,0,12,3,9,15,oman,1.0,1.0,9,2.4,1.0,1.0,2
Oman Club,5,3,2,0,6,2,4,11,oman,0.6,1.0,4,1.2,1.67,1.0,3
Al Nasr,5,2,1,2,3,2,1,7,oman,0.4,0.6,1,0.6,2.5,1.67,4
Ibri,5,2,1,2,4,5,-1,7,oman,0.4,0.6,-1,0.8,2.5,1.67,4
Saham,5,2,0,3,7,7,0,6,oman,0.4,0.4,0,1.4,2.5,2.5,5
Al-Khabourah,5,2,0,3,3,6,-3,6,oman,0.4,0.4,-3,0.6,2.5,2.5,5
Bahla,5,1,2,2,5,6,-1,5,oman,0.2,0.6,-1,1.0,5.0,1.67,6
Sohar,5,0,2,3,6,11,-5,2,oman,0.0,0.4,-5,1.2,0.0,2.5,7
Sur,5,0,1,4,1,8,-7,1,oman,0.0,0.2,-7,0.2,0.0,5.0,8
Al-Shabab Club,4,0,0,4,1,5,-4,0,oman,0.0,0.0,-4,0.25,0.0,0.0,9
Al-Rustaq,5,0,0,5,3,11,-8,0,oman,0.0,0.0,-8,0.6,0.0,0.0,9
San Miguelito,8,4,2,2,8,4,4,14,panama2,0.5,0.75,4,1.0,2.0,1.33,1
Independiente,8,4,2,2,12,9,3,14,panama2,0.5,0.75,3,1.5,2.0,1.33,1
Tauro,8,3,1,4,7,10,-3,10,panama2,0.38,0.5,-3,0.88,2.63,2.0,2
Plaza Amador,6,2,3,1,8,7,1,9,panama2,0.33,0.83,1,1.33,3.03,1.2,3
Arabe Unido,8,2,3,3,6,5,1,9,panama2,0.25,0.62,1,0.75,4.0,1.61,3
Veraguas,6,3,0,3,11,12,-1,9,panama2,0.5,0.5,-1,1.83,2.0,2.0,3
UMECIT,8,2,3,3,6,7,-1,9,panama2,0.25,0.62,-1,0.75,4.0,1.61,3
Universitario,7,3,0,4,6,9,-3,9,panama2,0.43,0.43,-3,0.86,2.33,2.33,3
Alianza,7,2,1,4,7,10,-3,7,panama2,0.29,0.43,-3,1.0,3.45,2.33,4
San Francisco,8,1,3,4,8,11,-3,6,panama2,0.12,0.5,-3,1.0,8.33,2.0,5
Costa del Este,8,0,4,4,3,11,-8,4,panama2,0.0,0.5,-8,0.38,0.0,2.0,6
Herrera,8,0,2,6,5,12,-7,2,panama2,0.0,0.25,-7,0.62,0.0,4.0,7
Guarani,8,4,3,1,9,5,4,15,paraguay2,0.5,0.88,4,1.12,2.0,1.14,1
S. Ameliano,8,4,2,2,12,5,7,14,paraguay2,0.5,0.75,7,1.5,2.0,1.33,2
Olimpia,8,4,2,2,5,4,1,14,paraguay2,0.5,0.75,1,0.62,2.0,1.33,2
2 de Mayo,8,3,3,2,10,7,3,12,paraguay2,0.38,0.75,3,1.25,2.63,1.33,3
G. Caballero,8,3,2,3,7,6,1,11,paraguay2,0.38,0.62,1,0.88,2.63,1.61,4
Sol de America,8,2,3,3,9,8,1,9,paraguay2,0.25,0.62,1,1.12,4.0,1.61,5
S. Luqueno,8,2,3,3,14,14,0,9,paraguay2,0.25,0.62,0,1.75,4.0,1.61,5
Libertad,8,2,2,4,8,12,-4,8,paraguay2,0.25,0.5,-4,1.0,4.0,2.0,6
Cerro Porteno,8,2,1,5,7,12,-5,7,paraguay2,0.25,0.38,-5,0.88,4.0,2.63,7
Nacional,8,1,3,4,8,10,-2,6,paraguay2,0.12,0.5,-2,1.0,8.33,2.0,8
Tacuary,8,1,2,5,7,12,-5,5,paraguay2,0.12,0.38,-5,0.88,8.33,2.63,9
S. Trinidense,8,0,4,4,5,9,-4,4,paraguay2,0.0,0.5,-4,0.62,0.0,2.0,10
Alianza Lima,8,5,1,2,11,5,6,16,peru2,0.62,0.75,6,1.38,1.61,1.33,1
Atletico Grau,8,4,3,1,9,5,4,15,peru2,0.5,0.88,4,1.12,2.0,1.14,2
Cusco,8,4,2,2,14,13,1,14,peru2,0.5,0.75,1,1.75,2.0,1.33,3
Alianza A.,8,3,3,2,7,9,-2,12,peru2,0.38,0.75,-2,0.88,2.63,1.33,4
Universitario,8,2,4,2,9,6,3,10,peru2,0.25,0.75,3,1.12,4.0,1.33,5
S. Cristal,8,2,3,3,20,12,8,9,peru2,0.25,0.62,8,2.5,4.0,1.61,6
FBC Melgar,8,2,3,3,12,13,-1,9,peru2,0.25,0.62,-1,1.5,4.0,1.61,6
Sport Huancayo,8,2,2,4,8,13,-5,8,peru2,0.25,0.5,-5,1.0,4.0,2.0,7
ADT,8,1,4,3,5,7,-2,7,peru2,0.12,0.62,-2,0.62,8.33,1.61,8
Carlos Manucci,8,2,1,5,10,13,-3,7,peru2,0.25,0.38,-3,1.25,4.0,2.63,8
Cienciano,8,2,1,5,8,18,-10,7,peru2,0.25,0.38,-10,1.0,4.0,2.63,8
D. Garcilaso,8,1,2,5,7,11,-4,5,peru2,0.12,0.38,-4,0.88,8.33,2.63,9
Sport Boys,8,1,2,5,5,13,-8,5,peru2,0.12,0.38,-8,0.62,8.33,2.63,9
Cajamarca,8,0,3,5,3,15,-12,3,peru2,0.0,0.38,-12,0.38,0.0,2.63,10
Los Chankas,8,0,2,6,5,13,-8,2,peru2,0.0,0.25,-8,0.62,0.0,4.0,11
Comerciantes U.,8,0,1,7,5,19,-14,1,peru2,0.0,0.12,-14,0.62,0.0,8.33,12
Union Comercio,8,0,1,7,2,18,-16,1,peru2,0.0,0.12,-16,0.25,0.0,8.33,12
Cesar Vallejo,8,0,0,8,6,20,-14,0,peru2,0.0,0.0,-14,0.75,0.0,0.0,13
DH Cebu,4,3,1,0,13,4,9,10,philippines,0.75,1.0,9,3.25,1.33,1.0,1
Manila Digger,3,3,0,0,7,1,6,9,philippines,1.0,1.0,6,2.33,1.0,1.0,2
Stallion,3,3,0,0,7,1,6,9,philippines,1.0,1.0,6,2.33,1.0,1.0,2
Kaya FC,3,2,1,0,7,2,5,7,philippines,0.67,1.0,5,2.33,1.49,1.0,3
One Taguig,3,2,1,0,5,2,3,7,philippines,0.67,1.0,3,1.67,1.49,1.0,3
Davao Aguilas,3,2,0,1,5,3,2,6,philippines,0.67,0.67,2,1.67,1.49,1.49,4
Loyola,4,2,0,2,8,9,-1,6,philippines,0.5,0.5,-1,2.0,2.0,2.0,4
Maharlika,3,1,0,2,5,6,-1,3,philippines,0.33,0.33,-1,1.67,3.03,3.03,5
PFF Development,3,0,1,2,0,8,-8,1,philippines,0.0,0.33,-8,0.0,0.0,3.03,6
Mendiola,5,0,1,4,5,25,-20,1,philippines,0.0,0.2,-20,1.0,0.0,5.0,6
Rakow C.,8,5,3,0,11,5,6,18,poland,0.62,1.0,6,1.38,1.61,1.0,1
Cracovia Krakow,8,5,1,2,17,11,6,16,poland,0.62,0.75,6,2.12,1.61,1.33,2
Gornik Zabrze,8,4,2,2,14,10,4,14,poland,0.5,0.75,4,1.75,2.0,1.33,3
Lech Poznan,8,4,2,2,9,6,3,14,poland,0.5,0.75,3,1.12,2.0,1.33,3
Jagiellonia,8,4,2,2,11,11,0,14,poland,0.5,0.75,0,1.38,2.0,1.33,3
Motor Lublin,8,3,2,3,13,18,-5,11,poland,0.38,0.62,-5,1.62,2.63,1.61,4
Legia Warsaw,8,2,4,2,13,12,1,10,poland,0.25,0.75,1,1.62,4.0,1.33,5
Piast Gliwice,8,3,1,4,6,7,-1,10,poland,0.38,0.5,-1,0.75,2.63,2.0,5
Korona Kielce,8,2,4,2,7,11,-4,10,poland,0.25,0.75,-4,0.88,4.0,1.33,5
Katowice,8,2,2,4,14,16,-2,8,poland,0.25,0.5,-2,1.75,4.0,2.0,6
Widzew Lodz,8,2,2,4,11,14,-3,8,poland,0.25,0.5,-3,1.38,4.0,2.0,6
Radomiak Radom,8,2,0,6,7,13,-6,6,poland,0.25,0.25,-6,0.88,4.0,4.0,7
Zaglebie Lubin,8,1,3,4,6,14,-8,6,poland,0.12,0.5,-8,0.75,8.33,2.0,7
Puszcza Niepolo,8,1,2,5,3,10,-7,5,poland,0.12,0.38,-7,0.38,8.33,2.63,8
Lechia Gdansk,8,1,2,5,11,19,-8,5,poland,0.12,0.38,-8,1.38,8.33,2.63,8
Pogon Szczecin,8,1,1,6,7,13,-6,4,poland,0.12,0.25,-6,0.88,8.33,4.0,9
Stal Mielec,8,1,1,6,7,13,-6,4,poland,0.12,0.25,-6,0.88,8.33,4.0,9
Slask Wroclaw,8,0,3,5,6,14,-8,3,poland,0.0,0.38,-8,0.75,0.0,2.63,10
T. Nieciecza,8,7,0,1,15,4,11,21,poland2,0.88,0.88,11,1.88,1.14,1.14,1
Arka Gdynia,8,5,2,1,18,6,12,17,poland2,0.62,0.88,12,2.25,1.61,1.14,2
Miedz Legnica,8,5,2,1,13,5,8,17,poland2,0.62,0.88,8,1.62,1.61,1.14,2
LKS Lodz,8,4,2,2,17,11,6,14,poland2,0.5,0.75,6,2.12,2.0,1.33,3
Wisla Krakow,8,4,1,3,16,10,6,13,poland2,0.5,0.62,6,2.0,2.0,1.61,4
Gornik Leczna,8,3,4,1,15,11,4,13,poland2,0.38,0.88,4,1.88,2.63,1.14,4
Ruch Chorzow,8,4,0,4,9,11,-2,12,poland2,0.5,0.5,-2,1.12,2.0,2.0,5
Wisla Plock,8,3,2,3,12,14,-2,11,poland2,0.38,0.62,-2,1.5,2.63,1.61,6
Stal Rzeszow,8,2,4,2,12,10,2,10,poland2,0.25,0.75,2,1.5,4.0,1.33,7
Tychy,8,2,4,2,8,10,-2,10,poland2,0.25,0.75,-2,1.0,4.0,1.33,7
Odra Opole,8,2,3,3,7,19,-12,9,poland2,0.25,0.62,-12,0.88,4.0,1.61,8
Polonia Warszaw,8,2,2,4,10,14,-4,8,poland2,0.25,0.5,-4,1.25,4.0,2.0,9
Znicz Pruszkow,8,1,5,2,7,11,-4,8,poland2,0.12,0.75,-4,0.88,8.33,1.33,9
Warta Poznan,8,2,2,4,4,13,-9,8,poland2,0.25,0.5,-9,0.5,4.0,2.0,9
Stalowa Wola,8,1,2,5,3,13,-10,5,poland2,0.12,0.38,-10,0.38,8.33,2.63,10
Chrobry Glogow,8,1,1,6,6,18,-12,4,poland2,0.12,0.25,-12,0.75,8.33,4.0,11
K. Kolobrzeg,8,1,1,6,6,20,-14,4,poland2,0.12,0.25,-14,0.75,8.33,4.0,11
Pogon Siedlce,8,1,0,7,6,14,-8,3,poland2,0.12,0.12,-8,0.75,8.33,8.33,12
Pogon Grodzisk,8,6,2,0,18,5,13,20,poland3,0.75,1.0,13,2.25,1.33,1.0,1
Wieczysta K.,8,6,1,1,20,5,15,19,poland3,0.75,0.88,15,2.5,1.33,1.14,2
Polonia Bytom,8,4,2,2,13,10,3,14,poland3,0.5,0.75,3,1.62,2.0,1.33,3
LKS Lodz B,8,4,1,3,11,12,-1,13,poland3,0.5,0.62,-1,1.38,2.0,1.61,4
Podbeskidzie,8,3,2,3,14,12,2,11,poland3,0.38,0.62,2,1.75,2.63,1.61,5
Rekord Bielsko,8,3,2,3,18,18,0,11,poland3,0.38,0.62,0,2.25,2.63,1.61,5
Chojniczanka,8,3,2,3,7,8,-1,11,poland3,0.38,0.62,-1,0.88,2.63,1.61,5
Kalisz,8,3,2,3,5,7,-2,11,poland3,0.38,0.62,-2,0.62,2.63,1.61,5
Z. Sosnowiec,8,2,3,3,7,9,-2,9,poland3,0.25,0.62,-2,0.88,4.0,1.61,6
Hutnik Krakow,8,2,3,3,9,17,-8,9,poland3,0.25,0.62,-8,1.12,4.0,1.61,6
Jastrzebie,8,2,2,4,7,8,-1,8,poland3,0.25,0.5,-1,0.88,4.0,2.0,7
O. Grudziadz,8,2,2,4,10,12,-2,8,poland3,0.25,0.5,-2,1.25,4.0,2.0,7
Resovia Rzeszow,8,2,1,5,10,15,-5,7,poland3,0.25,0.38,-5,1.25,4.0,2.63,8
Swit Skolwin,8,1,3,4,7,14,-7,6,poland3,0.12,0.5,-7,0.88,8.33,2.0,9
Wisla Pulawy,8,2,0,6,10,21,-11,6,poland3,0.25,0.25,-11,1.25,4.0,4.0,9
SKRA Czestochow,8,1,1,6,5,18,-13,4,poland3,0.12,0.25,-13,0.62,8.33,4.0,10
Zaglebie L. B,8,0,3,5,11,19,-8,3,poland3,0.0,0.38,-8,1.38,0.0,2.63,11
Olimpia Elblag,8,0,1,7,6,22,-16,1,poland3,0.0,0.12,-16,0.75,0.0,8.33,12
Sporting CP,8,6,1,1,25,5,20,19,portugal,0.75,0.88,20,3.12,1.33,1.14,1
Sporting Braga,7,5,1,1,10,3,7,16,portugal,0.71,0.86,7,1.43,1.41,1.16,2
Benfica,7,4,2,1,11,5,6,14,portugal,0.57,0.86,6,1.57,1.75,1.16,3
FC Porto,7,4,1,2,15,7,8,13,portugal,0.57,0.71,8,2.14,1.75,1.41,4
Famalicao,7,2,3,2,12,10,2,9,portugal,0.29,0.71,2,1.71,3.45,1.41,5
Guimaraes,8,2,3,3,8,8,0,9,portugal,0.25,0.62,0,1.0,4.0,1.61,5
Boavista,8,2,3,3,9,10,-1,9,portugal,0.25,0.62,-1,1.12,4.0,1.61,5
Santa Clara,7,3,0,4,8,9,-1,9,portugal,0.43,0.43,-1,1.14,2.33,2.33,5
Casa Pia,7,2,2,3,6,10,-4,8,portugal,0.29,0.57,-4,0.86,3.45,1.75,6
Moreirense,8,2,0,6,9,14,-5,6,portugal,0.25,0.25,-5,1.12,4.0,4.0,7
Farense,8,1,3,4,5,10,-5,6,portugal,0.12,0.5,-5,0.62,8.33,2.0,7
Gil Vicente,8,1,2,5,6,18,-12,5,portugal,0.12,0.38,-12,0.75,8.33,2.63,8
AVS,7,0,4,3,5,11,-6,4,portugal,0.0,0.57,-6,0.71,0.0,1.75,9
Arouca,8,1,1,6,5,17,-12,4,portugal,0.12,0.25,-12,0.62,8.33,4.0,9
Nacional,8,0,3,5,4,10,-6,3,portugal,0.0,0.38,-6,0.5,0.0,2.63,10
Estoril,7,0,3,4,4,13,-9,3,portugal,0.0,0.43,-9,0.57,0.0,2.33,10
Rio Ave,8,1,0,7,3,17,-14,3,portugal,0.12,0.12,-14,0.38,8.33,8.33,10
Estrela Amadora,7,0,1,6,2,14,-12,1,portugal,0.0,0.14,-12,0.29,0.0,7.14,11
Penafiel,7,5,1,1,12,8,4,16,portugal2,0.71,0.86,4,1.71,1.41,1.16,1
Tondela,8,3,5,0,17,9,8,14,portugal2,0.38,1.0,8,2.12,2.63,1.0,2
Uniao de Leiria,8,4,1,3,14,7,7,13,portugal2,0.5,0.62,7,1.75,2.0,1.61,3
Chaves,8,4,1,3,11,9,2,13,portugal2,0.5,0.62,2,1.38,2.0,1.61,3
Maritimo,8,4,1,3,13,13,0,13,portugal2,0.5,0.62,0,1.62,2.0,1.61,3
Academico Viseu,8,3,3,2,13,9,4,12,portugal2,0.38,0.75,4,1.62,2.63,1.33,4
Alverca,8,3,3,2,13,9,4,12,portugal2,0.38,0.75,4,1.62,2.63,1.33,4
Benfica B,7,3,2,2,11,8,3,11,portugal2,0.43,0.71,3,1.57,2.33,1.41,5
Torreense,7,3,1,3,9,8,1,10,portugal2,0.43,0.57,1,1.29,2.33,1.75,6
Pacos Ferreira,7,3,1,3,9,9,0,10,portugal2,0.43,0.57,0,1.29,2.33,1.75,6
Felgueiras,7,2,3,2,10,9,1,9,portugal2,0.29,0.71,1,1.43,3.45,1.41,7
Vizela,8,2,3,3,8,9,-1,9,portugal2,0.25,0.62,-1,1.0,4.0,1.61,7
Portimonense,8,2,3,3,8,11,-3,9,portugal2,0.25,0.62,-3,1.0,4.0,1.61,7
Mafra,7,1,3,3,7,9,-2,6,portugal2,0.14,0.57,-2,1.0,7.14,1.75,8
Feirense,7,1,3,3,1,3,-2,6,portugal2,0.14,0.57,-2,0.14,7.14,1.75,8
Leixoes,7,1,2,4,4,9,-5,5,portugal2,0.14,0.43,-5,0.57,7.14,2.33,9
FC Porto B,8,0,3,5,7,15,-8,3,portugal2,0.0,0.38,-8,0.88,0.0,2.63,10
Oliveirense,7,0,2,5,7,15,-8,2,portugal2,0.0,0.29,-8,1.0,0.0,3.45,11
Al Duhail,6,5,0,1,21,5,16,15,qatar,0.83,0.83,16,3.5,1.2,1.2,1
Al Ahli Doha,5,3,2,0,12,6,6,11,qatar,0.6,1.0,6,2.4,1.67,1.0,2
Al Sadd,6,3,1,2,17,12,5,10,qatar,0.5,0.67,5,2.83,2.0,1.49,3
Al Shamal,6,3,1,2,10,8,2,10,qatar,0.5,0.67,2,1.67,2.0,1.49,3
Al Gharafa,6,2,2,2,10,9,1,8,qatar,0.33,0.67,1,1.67,3.03,1.49,4
Al Wakrah,5,2,1,2,6,6,0,7,qatar,0.4,0.6,0,1.2,2.5,1.67,5
Qatar SC,4,2,1,1,6,7,-1,7,qatar,0.5,0.75,-1,1.5,2.0,1.33,5
Umm Salal,6,2,0,4,8,11,-3,6,qatar,0.33,0.33,-3,1.33,3.03,3.03,6
Al Rayyan,6,2,0,4,7,12,-5,6,qatar,0.33,0.33,-5,1.17,3.03,3.03,6
Al Khor,5,1,2,2,5,7,-2,5,qatar,0.2,0.6,-2,1.0,5.0,1.67,7
Al Shahaniya,6,1,1,4,10,15,-5,4,qatar,0.17,0.33,-5,1.67,5.88,3.03,8
Al Arabi,5,0,2,3,6,16,-10,2,qatar,0.0,0.4,-10,1.2,0.0,2.5,9
FCSB,8,5,2,1,13,5,8,17,romania,0.62,0.88,8,1.62,1.61,1.14,1
Din. Bucharest,8,3,4,1,9,6,3,13,romania,0.38,0.88,3,1.12,2.63,1.14,2
CFR Cluj,8,3,4,1,8,5,3,13,romania,0.38,0.88,3,1.0,2.63,1.14,2
U. Cluj,8,3,3,2,9,6,3,12,romania,0.38,0.75,3,1.12,2.63,1.33,3
Petrolul,8,3,3,2,10,11,-1,12,romania,0.38,0.75,-1,1.25,2.63,1.33,3
Rapid Bucharest,8,2,4,2,6,8,-2,10,romania,0.25,0.75,-2,0.75,4.0,1.33,4
Univ. Craiova,8,2,3,3,10,11,-1,9,romania,0.25,0.62,-1,1.25,4.0,1.61,5
Unirea Slobozia,8,3,0,5,8,13,-5,9,romania,0.38,0.38,-5,1.0,2.63,2.63,5
Sepsi OSK,8,2,2,4,12,14,-2,8,romania,0.25,0.5,-2,1.5,4.0,2.0,6
Farul Constanta,8,1,5,2,5,10,-5,8,romania,0.12,0.75,-5,0.62,8.33,1.33,6
UTA Arad,8,2,1,5,5,9,-4,7,romania,0.25,0.38,-4,0.62,4.0,2.63,7
Hermannstadt,8,2,1,5,9,17,-8,7,romania,0.25,0.38,-8,1.12,4.0,2.63,7
Otelul,8,1,3,4,4,8,-4,6,romania,0.12,0.5,-4,0.5,8.33,2.0,8
P. Iasi,8,1,2,5,6,16,-10,5,romania,0.12,0.38,-10,0.75,8.33,2.63,9
Botosani,8,0,3,5,3,13,-10,3,romania,0.0,0.38,-10,0.38,0.0,2.63,10
FC Buzau,8,0,1,7,8,22,-14,1,romania,0.0,0.12,-14,1.0,0.0,8.33,11
Zenit,8,6,1,1,17,4,13,19,russia,0.75,0.88,13,2.12,1.33,1.14,1
CSKA Moscow,8,6,1,1,13,5,8,19,russia,0.75,0.88,8,1.62,1.33,1.14,1
FC Krasnodar,8,5,3,0,17,6,11,18,russia,0.62,1.0,11,2.12,1.61,1.0,2
Lokomotiv M.,8,4,2,2,16,11,5,14,russia,0.5,0.75,5,2.0,2.0,1.33,3
Spartak Moscow,8,4,2,2,12,7,5,14,russia,0.5,0.75,5,1.5,2.0,1.33,3
Dinamo Moscow,8,3,4,1,15,10,5,13,russia,0.38,0.88,5,1.88,2.63,1.14,4
Rubin Kazan,8,3,3,2,10,9,1,12,russia,0.38,0.75,1,1.25,2.63,1.33,5
Akron,8,2,3,3,7,15,-8,9,russia,0.25,0.62,-8,0.88,4.0,1.61,6
Krylya Sovetov,8,2,2,4,9,12,-3,8,russia,0.25,0.5,-3,1.12,4.0,2.0,7
Rostov,8,2,2,4,9,17,-8,8,russia,0.25,0.5,-8,1.12,4.0,2.0,7
Nizhny Novgorod,8,2,2,4,8,16,-8,8,russia,0.25,0.5,-8,1.0,4.0,2.0,7
Makhachkala,8,1,4,3,3,7,-4,7,russia,0.12,0.62,-4,0.38,8.33,1.61,8
Khimki,8,1,3,4,9,19,-10,6,russia,0.12,0.5,-10,1.12,8.33,2.0,9
Akhmat Grozny,8,1,2,5,6,14,-8,5,russia,0.12,0.38,-8,0.75,8.33,2.63,10
Fakel Voronezh,8,1,2,5,6,16,-10,5,russia,0.12,0.38,-10,0.75,8.33,2.63,10
Orenburg,8,0,1,7,3,13,-10,1,russia,0.0,0.12,-10,0.38,0.0,8.33,11
Baltika,8,6,0,2,12,7,5,18,russia2,0.75,0.75,5,1.5,1.33,1.33,1
Chernomorets,8,5,1,2,13,11,2,16,russia2,0.62,0.75,2,1.62,1.61,1.33,2
Torpedo Moscow,8,3,5,0,12,7,5,14,russia2,0.38,1.0,5,1.5,2.63,1.0,3
Rotor Volgograd,8,3,3,2,8,8,0,12,russia2,0.38,0.75,0,1.0,2.63,1.33,4
PFC Sochi,8,2,5,1,11,10,1,11,russia2,0.25,0.88,1,1.38,4.0,1.14,5
Ural,8,3,2,3,10,10,0,11,russia2,0.38,0.62,0,1.25,2.63,1.61,5
Shinnik,8,1,5,2,5,8,-3,8,russia2,0.12,0.75,-3,0.62,8.33,1.33,6
Chayka,8,2,2,4,4,12,-8,8,russia2,0.25,0.5,-8,0.5,4.0,2.0,6
SKA Khabarovsk,8,1,4,3,7,12,-5,7,russia2,0.12,0.62,-5,0.88,8.33,1.61,7
Neftekhimik,8,1,3,4,6,8,-2,6,russia2,0.12,0.5,-2,0.75,8.33,2.0,8
Arsenal Tula,8,0,6,2,7,10,-3,6,russia2,0.0,0.75,-3,0.88,0.0,1.33,8
Rodina Moskva,8,1,3,4,6,10,-4,6,russia2,0.12,0.5,-4,0.75,8.33,2.0,8
A. Vladikavkaz,8,1,3,4,2,10,-8,6,russia2,0.12,0.5,-8,0.25,8.33,2.0,8
Kamaz,8,1,2,5,5,9,-4,5,russia2,0.12,0.38,-4,0.62,8.33,2.63,9
Ufa,8,1,2,5,5,12,-7,5,russia2,0.12,0.38,-7,0.62,8.33,2.63,9
Sokol Saratov,8,1,2,5,4,17,-13,5,russia2,0.12,0.38,-13,0.5,8.33,2.63,9
Yenisey,8,1,1,6,7,17,-10,4,russia2,0.12,0.25,-10,0.88,8.33,4.0,10
Tyumen,8,1,0,7,5,15,-10,3,russia2,0.12,0.12,-10,0.62,8.33,8.33,11
Al Hilal,7,5,1,1,17,8,9,16,saudiarabia,0.71,0.86,9,2.43,1.41,1.16,1
Al Ittihad,6,5,0,1,11,4,7,15,saudiarabia,0.83,0.83,7,1.83,1.2,1.2,2
Al Riyadh,7,4,2,1,11,9,2,14,saudiarabia,0.57,0.86,2,1.57,1.75,1.16,3
Al Nassr,6,4,1,1,14,7,7,13,saudiarabia,0.67,0.83,7,2.33,1.49,1.2,4
Al Shabab,6,4,1,1,8,2,6,13,saudiarabia,0.67,0.83,6,1.33,1.49,1.2,4
Al Quadisiya,7,4,1,2,10,6,4,13,saudiarabia,0.57,0.71,4,1.43,1.75,1.41,4
Al Ittifaq,7,3,3,1,8,7,1,12,saudiarabia,0.43,0.86,1,1.14,2.33,1.16,5
Al Ahli Jeddah,7,3,1,3,9,6,3,10,saudiarabia,0.43,0.57,3,1.29,2.33,1.75,6
Al Khaleej,6,3,0,3,7,9,-2,9,saudiarabia,0.5,0.5,-2,1.17,2.0,2.0,7
Al Kholood,7,2,2,3,7,9,-2,8,saudiarabia,0.29,0.57,-2,1.0,3.45,1.75,8
Al Akhdoud,6,2,1,3,9,10,-1,7,saudiarabia,0.33,0.5,-1,1.5,3.03,2.0,9
Al Raed,7,2,1,4,10,12,-2,7,saudiarabia,0.29,0.43,-2,1.43,3.45,2.33,9
Al Orubah,8,2,1,5,9,19,-10,7,saudiarabia,0.25,0.38,-10,1.12,4.0,2.63,9
Al Taawon,6,1,1,4,4,8,-4,4,saudiarabia,0.17,0.33,-4,0.67,5.88,3.03,10
Al Feiha,7,0,4,3,5,11,-6,4,saudiarabia,0.0,0.57,-6,0.71,0.0,1.75,10
Damak,6,1,0,5,8,14,-6,3,saudiarabia,0.17,0.17,-6,1.33,5.88,5.88,11
Al Fateh,6,0,1,5,3,12,-9,1,saudiarabia,0.0,0.17,-9,0.5,0.0,5.88,12
Al Wahda,5,0,1,4,4,15,-11,1,saudiarabia,0.0,0.2,-11,0.8,0.0,5.0,12
Neom SC,6,5,0,1,14,5,9,15,saudiarabia2,0.83,0.83,9,2.33,1.2,1.2,1
Al Tai,7,3,2,2,6,7,-1,11,saudiarabia2,0.43,0.71,-1,0.86,2.33,1.41,2
Al Arabi,8,3,2,3,9,12,-3,11,saudiarabia2,0.38,0.62,-3,1.12,2.63,1.61,2
Al Bukayriyah,7,3,1,3,8,6,2,10,saudiarabia2,0.43,0.57,2,1.14,2.33,1.75,3
Al Adalha,8,2,3,3,9,11,-2,9,saudiarabia2,0.25,0.62,-2,1.12,4.0,1.61,4
Abha,7,3,0,4,7,13,-6,9,saudiarabia2,0.43,0.43,-6,1.0,2.33,2.33,4
Al Jubail,7,2,2,3,6,7,-1,8,saudiarabia2,0.29,0.57,-1,0.86,3.45,1.75,5
Jeddah,6,2,2,2,7,9,-2,8,saudiarabia2,0.33,0.67,-2,1.17,3.03,1.49,5
Al Ain,7,2,1,4,7,9,-2,7,saudiarabia2,0.29,0.43,-2,1.0,3.45,2.33,6
Al Jabalain,7,1,4,2,6,8,-2,7,saudiarabia2,0.14,0.71,-2,0.86,7.14,1.41,6
Al Hazm,7,2,1,4,10,13,-3,7,saudiarabia2,0.29,0.43,-3,1.43,3.45,2.33,6
Al Safa,6,2,1,3,4,7,-3,7,saudiarabia2,0.33,0.5,-3,0.67,3.03,2.0,6
Al Batin,7,1,4,2,7,12,-5,7,saudiarabia2,0.14,0.71,-5,1.0,7.14,1.41,6
Al Jandal,7,2,1,4,6,11,-5,7,saudiarabia2,0.29,0.43,-5,0.86,3.45,2.33,6
Al Najma,7,2,1,4,6,11,-5,7,saudiarabia2,0.29,0.43,-5,0.86,3.45,2.33,6
Al Faisaly,7,2,0,5,7,12,-5,6,saudiarabia2,0.29,0.29,-5,1.0,3.45,3.45,7
Al Zulfi,7,0,3,4,4,11,-7,3,saudiarabia2,0.0,0.43,-7,0.57,0.0,2.33,8
Ohod,6,0,1,5,3,10,-7,1,saudiarabia2,0.0,0.17,-7,0.5,0.0,5.88,9
Celtic,8,7,1,0,21,2,19,22,scotland,0.88,1.0,19,2.62,1.14,1.0,1
Aberdeen,7,3,3,1,12,10,2,12,scotland,0.43,0.86,2,1.71,2.33,1.16,2
Motherwell,8,4,0,4,11,13,-2,12,scotland,0.5,0.5,-2,1.38,2.0,2.0,2
Dundee Utd,8,2,4,2,11,11,0,10,scotland,0.25,0.75,0,1.38,4.0,1.33,3
Rangers,7,3,1,3,6,6,0,10,scotland,0.43,0.57,0,0.86,2.33,1.75,3
St. Mirren,8,3,1,4,11,16,-5,10,scotland,0.38,0.5,-5,1.38,2.63,2.0,3
Hibernian,8,2,2,4,10,13,-3,8,scotland,0.25,0.5,-3,1.25,4.0,2.0,4
Kilmarnock,8,2,2,4,10,17,-7,8,scotland,0.25,0.5,-7,1.25,4.0,2.0,4
St. Johnstone,8,1,2,5,9,16,-7,5,scotland,0.12,0.38,-7,1.12,8.33,2.63,5
Dundee FC,8,1,2,5,5,14,-9,5,scotland,0.12,0.38,-9,0.62,8.33,2.63,5
Hearts,8,1,1,6,7,14,-7,4,scotland,0.12,0.25,-7,0.88,8.33,4.0,6
Ross County,8,0,3,5,2,21,-19,3,scotland,0.0,0.38,-19,0.25,0.0,2.63,7
Livingston,8,4,3,1,9,5,4,15,scotland2,0.5,0.88,4,1.12,2.0,1.14,1
Falkirk,8,4,1,3,12,11,1,13,scotland2,0.5,0.62,1,1.5,2.0,1.61,2
Queens Park,8,3,2,3,10,11,-1,11,scotland2,0.38,0.62,-1,1.25,2.63,1.61,3
Partick Thistle,8,3,1,4,6,7,-1,10,scotland2,0.38,0.5,-1,0.75,2.63,2.0,4
Ayr Utd,8,2,3,3,5,8,-3,9,scotland2,0.25,0.62,-3,0.62,4.0,1.61,5
Greenock Morton,8,1,3,4,6,16,-10,6,scotland2,0.12,0.5,-10,0.75,8.33,2.0,6
Hamilton,8,1,1,6,12,19,-7,4,scotland2,0.12,0.25,-7,1.5,8.33,4.0,7
Raith Rovers,8,1,1,6,4,14,-10,4,scotland2,0.12,0.25,-10,0.5,8.33,4.0,7
Dunfermline,8,0,1,7,3,12,-9,1,scotland2,0.0,0.12,-9,0.38,0.0,8.33,8
Airdrieonians,8,0,1,7,4,14,-10,1,scotland2,0.0,0.12,-10,0.5,0.0,8.33,8
Arbroath,8,4,2,2,17,10,7,14,scotland3,0.5,0.75,7,2.12,2.0,1.33,1
Cove Rangers,8,4,2,2,15,8,7,14,scotland3,0.5,0.75,7,1.88,2.0,1.33,1
Kelty Hearts,8,3,3,2,14,7,7,12,scotland3,0.38,0.75,7,1.75,2.63,1.33,2
Alloa Athletic,8,3,3,2,7,6,1,12,scotland3,0.38,0.75,1,0.88,2.63,1.33,2
Inverness,8,3,2,3,9,10,-1,11,scotland3,0.38,0.62,-1,1.12,2.63,1.61,3
Montrose,8,3,1,4,6,6,0,10,scotland3,0.38,0.5,0,0.75,2.63,2.0,4
Dumbarton,8,2,3,3,9,14,-5,9,scotland3,0.25,0.62,-5,1.12,4.0,1.61,5
Stenhousemuir,8,2,2,4,8,9,-1,8,scotland3,0.25,0.5,-1,1.0,4.0,2.0,6
Annan Athletic,8,1,0,7,7,21,-14,3,scotland3,0.12,0.12,-14,0.88,8.33,8.33,7
Queen of South,8,0,1,7,2,11,-9,1,scotland3,0.0,0.12,-9,0.25,0.0,8.33,8
Stirling Albion,8,4,1,3,13,11,2,13,scotland4,0.5,0.62,2,1.62,2.0,1.61,1
Edinburgh City,8,3,3,2,13,10,3,12,scotland4,0.38,0.75,3,1.62,2.63,1.33,2
Peterhead,8,3,3,2,11,8,3,12,scotland4,0.38,0.75,3,1.38,2.63,1.33,2
Stranraer,8,3,1,4,9,10,-1,10,scotland4,0.38,0.5,-1,1.12,2.63,2.0,3
Elgin City,8,2,3,3,7,8,-1,9,scotland4,0.25,0.62,-1,0.88,4.0,1.61,4
East Fife,8,2,2,4,10,11,-1,8,scotland4,0.25,0.5,-1,1.25,4.0,2.0,5
Bonnyrigg Rose,8,2,2,4,10,19,-9,8,scotland4,0.25,0.5,-9,1.25,4.0,2.0,5
Spartans,8,1,3,4,9,14,-5,6,scotland4,0.12,0.5,-5,1.12,8.33,2.0,6
Forfar Athletic,8,1,0,7,5,13,-8,3,scotland4,0.12,0.12,-8,0.62,8.33,8.33,7
Clyde,8,0,2,6,9,20,-11,2,scotland4,0.0,0.25,-11,1.12,0.0,4.0,8
Red Star,8,8,0,0,27,3,24,24,serbia,1.0,1.0,24,3.38,1.0,1.0,1
Partizan,8,5,1,2,14,10,4,16,serbia,0.62,0.75,4,1.75,1.61,1.33,2
OFK Beograd,8,5,1,2,9,6,3,16,serbia,0.62,0.75,3,1.12,1.61,1.33,2
Vojvodina,8,4,3,1,17,7,10,15,serbia,0.5,0.88,10,2.12,2.0,1.14,3
Mladost Lucani,8,4,3,1,9,6,3,15,serbia,0.5,0.88,3,1.12,2.0,1.14,3
Backa Topola,8,3,3,2,15,12,3,12,serbia,0.38,0.75,3,1.88,2.63,1.33,4
Radnicki 1923,8,3,2,3,14,11,3,11,serbia,0.38,0.62,3,1.75,2.63,1.61,5
Novi Pazar,8,3,2,3,11,12,-1,11,serbia,0.38,0.62,-1,1.38,2.63,1.61,5
Z. Pancevo,8,3,1,4,8,10,-2,10,serbia,0.38,0.5,-2,1.0,2.63,2.0,6
Napredak,8,2,3,3,6,7,-1,9,serbia,0.25,0.62,-1,0.75,4.0,1.61,7
IMT N. Beograd,8,2,1,5,12,16,-4,7,serbia,0.25,0.38,-4,1.5,4.0,2.63,8
Cukaricki,8,1,4,3,11,17,-6,7,serbia,0.12,0.62,-6,1.38,8.33,1.61,8
Radnicki Nis,8,2,1,5,13,21,-8,7,serbia,0.25,0.38,-8,1.62,4.0,2.63,8
S. Subotica,8,1,2,5,5,13,-8,5,serbia,0.12,0.38,-8,0.62,8.33,2.63,9
Tekstilac Odzac,8,0,1,7,1,19,-18,1,serbia,0.0,0.12,-18,0.12,0.0,8.33,10
Jedinstvo U.,8,0,1,7,4,23,-19,1,serbia,0.0,0.12,-19,0.5,0.0,8.33,10
Javor Ivanjica,8,4,3,1,10,5,5,15,serbia2,0.5,0.88,5,1.25,2.0,1.14,1
R. Surdulica,8,3,3,2,7,4,3,12,serbia2,0.38,0.75,3,0.88,2.63,1.33,2
Vrsac,8,3,3,2,10,10,0,12,serbia2,0.38,0.75,0,1.25,2.63,1.33,2
Vozdovac,8,4,0,4,8,9,-1,12,serbia2,0.5,0.5,-1,1.0,2.0,2.0,2
Mladost,8,2,5,1,7,5,2,11,serbia2,0.25,0.88,2,0.88,4.0,1.14,3
Dubocica,8,2,4,2,10,9,1,10,serbia2,0.25,0.75,1,1.25,4.0,1.33,4
Trajal Krusevac,8,3,1,4,9,9,0,10,serbia2,0.38,0.5,0,1.12,2.63,2.0,4
Macva Sabac,8,3,1,4,6,8,-2,10,serbia2,0.38,0.5,-2,0.75,2.63,2.0,4
Indija,8,2,3,3,6,10,-4,9,serbia2,0.25,0.62,-4,0.75,4.0,1.61,5
Zemun,8,1,5,2,10,9,1,8,serbia2,0.12,0.75,1,1.25,8.33,1.33,6
Borac Cacak,8,1,3,4,4,14,-10,6,serbia2,0.12,0.5,-10,0.5,8.33,2.0,7
Smederevo,8,2,0,6,3,14,-11,6,serbia2,0.25,0.25,-11,0.38,4.0,4.0,7
S. Mitrovica,8,0,5,3,2,8,-6,5,serbia2,0.0,0.62,-6,0.25,0.0,1.61,8
Sloboda Uzice,8,1,1,6,5,11,-6,4,serbia2,0.12,0.25,-6,0.62,8.33,4.0,9
Graficar,8,0,2,6,5,16,-11,2,serbia2,0.0,0.25,-11,0.62,0.0,4.0,10
Sloven Ruma,8,0,2,6,3,16,-13,2,serbia2,0.0,0.25,-13,0.38,0.0,4.0,10
Geylang,8,5,3,0,30,12,18,18,singapore,0.62,1.0,18,3.75,1.61,1.0,1
Lion City,8,5,2,1,26,9,17,17,singapore,0.62,0.88,17,3.25,1.61,1.14,2
Tampines Rovers,8,5,2,1,22,8,14,17,singapore,0.62,0.88,14,2.75,1.61,1.14,2
Young Lions,8,3,2,3,16,15,1,11,singapore,0.38,0.62,1,2.0,2.63,1.61,3
DPMM FC,8,3,1,4,17,20,-3,10,singapore,0.38,0.5,-3,2.12,2.63,2.0,4
A. Niigata (S),8,3,1,4,10,19,-9,10,singapore,0.38,0.5,-9,1.25,2.63,2.0,4
Khalsa,8,2,3,3,25,24,1,9,singapore,0.25,0.62,1,3.12,4.0,1.61,5
Hougang,8,1,2,5,11,25,-14,5,singapore,0.12,0.38,-14,1.38,8.33,2.63,6
Tanjong Pagar,8,0,1,7,8,34,-26,1,singapore,0.0,0.12,-26,1.0,0.0,8.33,7
S. Bratislava,8,6,1,1,17,9,8,19,slovakia,0.75,0.88,8,2.12,1.33,1.14,1
Spartak Trnava,8,5,2,1,15,8,7,17,slovakia,0.62,0.88,7,1.88,1.61,1.14,2
Zilina,8,4,3,1,15,5,10,15,slovakia,0.5,0.88,10,1.88,2.0,1.14,3
DAC Streda,8,4,2,2,12,5,7,14,slovakia,0.5,0.75,7,1.5,2.0,1.33,4
Podbrezova,8,3,2,3,9,12,-3,11,slovakia,0.38,0.62,-3,1.12,2.63,1.61,5
Komarno,8,3,1,4,10,17,-7,10,slovakia,0.38,0.5,-7,1.25,2.63,2.0,6
FC Kosice,8,2,3,3,10,10,0,9,slovakia,0.25,0.62,0,1.25,4.0,1.61,7
Z. Michalovce,8,2,2,4,9,14,-5,8,slovakia,0.25,0.5,-5,1.12,4.0,2.0,8
Ruzomberok,8,1,1,6,8,16,-8,4,slovakia,0.12,0.25,-8,1.0,8.33,4.0,9
Trencin,8,0,4,4,8,18,-10,4,slovakia,0.0,0.5,-10,1.0,0.0,2.0,9
Skalica,8,1,1,6,9,21,-12,4,slovakia,0.12,0.25,-12,1.12,8.33,4.0,9
Banska Bystrica,8,0,3,5,4,13,-9,3,slovakia,0.0,0.38,-9,0.5,0.0,2.63,10
Presov,7,5,1,1,13,8,5,16,slovakia2,0.71,0.86,5,1.86,1.41,1.16,1
Zlate Moravce,7,5,0,2,6,3,3,15,slovakia2,0.71,0.71,3,0.86,1.41,1.41,2
L. Mikulas,7,3,3,1,13,10,3,12,slovakia2,0.43,0.86,3,1.86,2.33,1.16,3
Petrzalka,7,3,2,2,8,6,2,11,slovakia2,0.43,0.71,2,1.14,2.33,1.41,4
Malzenice,5,2,1,2,8,7,1,7,slovakia2,0.4,0.6,1,1.6,2.5,1.67,5
S. Bratislava B,8,2,0,6,9,14,-5,6,slovakia2,0.25,0.25,-5,1.12,4.0,4.0,6
Puchov,7,1,3,3,7,12,-5,6,slovakia2,0.14,0.57,-5,1.0,7.14,1.75,6
Zilina B,7,2,0,5,7,15,-8,6,slovakia2,0.29,0.29,-8,1.0,3.45,3.45,6
Samorin,8,2,0,6,10,19,-9,6,slovakia2,0.25,0.25,-9,1.25,4.0,4.0,6
Humenne,7,1,2,4,6,10,-4,5,slovakia2,0.14,0.43,-4,0.86,7.14,2.33,7
P. Bystrica,7,1,2,4,6,12,-6,5,slovakia2,0.14,0.43,-6,0.86,7.14,2.33,7
Pohronie,7,1,2,4,7,15,-8,5,slovakia2,0.14,0.43,-8,1.0,7.14,2.33,7
Zvolen,7,1,1,5,3,15,-12,4,slovakia2,0.14,0.29,-12,0.43,7.14,3.45,8
S. Lubovna,7,1,0,6,5,9,-4,3,slovakia2,0.14,0.14,-4,0.71,7.14,7.14,9
NK Olimpija,8,5,3,0,9,2,7,18,slovenia,0.62,1.0,7,1.12,1.61,1.0,1
Koper,8,5,0,3,11,6,5,15,slovenia,0.62,0.62,5,1.38,1.61,1.61,2
Maribor,8,3,3,2,10,6,4,12,slovenia,0.38,0.75,4,1.25,2.63,1.33,3
NK Celje,8,3,3,2,14,11,3,12,slovenia,0.38,0.75,3,1.75,2.63,1.33,3
Bravo,8,3,3,2,12,11,1,12,slovenia,0.38,0.75,1,1.5,2.63,1.33,3
Primorje,8,3,2,3,12,16,-4,11,slovenia,0.38,0.62,-4,1.5,2.63,1.61,4
Radomlje,8,2,1,5,7,10,-3,7,slovenia,0.25,0.38,-3,0.88,4.0,2.63,5
Mura,8,1,2,5,9,15,-6,5,slovenia,0.12,0.38,-6,1.12,8.33,2.63,6
Domzale,8,1,2,5,6,17,-11,5,slovenia,0.12,0.38,-11,0.75,8.33,2.63,6
Nafta,8,0,1,7,3,19,-16,1,slovenia,0.0,0.12,-16,0.38,0.0,8.33,7
Stellenbosch,4,2,2,0,4,1,3,8,southafrica,0.5,1.0,3,1.0,2.0,1.0,1
Kaizer Chiefs,6,2,2,2,8,8,0,8,southafrica,0.33,0.67,0,1.33,3.03,1.49,1
Orlando Pirates,2,2,0,0,3,0,3,6,southafrica,1.0,1.0,3,1.5,1.0,1.0,2
Mamelodi S.,3,2,0,1,3,2,1,6,southafrica,0.67,0.67,1,1.0,1.49,1.49,2
TS Galaxy,7,1,3,3,7,8,-1,6,southafrica,0.14,0.57,-1,1.0,7.14,1.75,2
Golden Arrows,4,2,0,2,5,6,-1,6,southafrica,0.5,0.5,-1,1.25,2.0,2.0,2
Polokwane,5,2,0,3,3,6,-3,6,southafrica,0.4,0.4,-3,0.6,2.5,2.5,2
SuperSport Utd,6,1,2,3,1,5,-4,5,southafrica,0.17,0.5,-4,0.17,5.88,2.0,3
Richards Bay,6,1,1,4,2,6,-4,4,southafrica,0.17,0.33,-4,0.33,5.88,3.03,4
Magesi,6,1,1,4,2,7,-5,4,southafrica,0.17,0.33,-5,0.33,5.88,3.03,4
Cape Town City,6,1,1,4,4,11,-7,4,southafrica,0.17,0.33,-7,0.67,5.88,3.03,4
AmaZulu,5,1,0,4,5,7,-2,3,southafrica,0.2,0.2,-2,1.0,5.0,5.0,5
Royal AM,5,0,3,2,4,6,-2,3,southafrica,0.0,0.6,-2,0.8,0.0,1.67,5
Tshakhuma,5,1,0,4,2,8,-6,3,southafrica,0.2,0.2,-6,0.4,5.0,5.0,5
Chippa Utd,3,0,1,2,2,5,-3,1,southafrica,0.0,0.33,-3,0.67,0.0,3.03,6
Sekhukhune,2,0,0,2,0,5,-5,0,southafrica,0.0,0.0,-5,0.0,0.0,0.0,7
Orbit College,7,4,2,1,10,7,3,14,southafrica2,0.57,0.86,3,1.43,1.75,1.16,1
Durban City,7,3,3,1,9,6,3,12,southafrica2,0.43,0.86,3,1.29,2.33,1.16,2
Milford,7,3,2,2,10,9,1,11,southafrica2,0.43,0.71,1,1.43,2.33,1.41,3
JDR Stars,8,3,2,3,7,7,0,11,southafrica2,0.38,0.62,0,0.88,2.63,1.61,3
Casric Stars,8,3,2,3,7,8,-1,11,southafrica2,0.38,0.62,-1,0.88,2.63,1.61,3
Kruger United,7,2,3,2,10,7,3,9,southafrica2,0.29,0.71,3,1.43,3.45,1.41,4
Highbury,7,2,3,2,8,6,2,9,southafrica2,0.29,0.71,2,1.14,3.45,1.41,4
Upington City,7,2,3,2,7,6,1,9,southafrica2,0.29,0.71,1,1.0,3.45,1.41,4
Pretoria C.,7,2,2,3,4,6,-2,8,southafrica2,0.29,0.57,-2,0.57,3.45,1.75,5
Baroka,7,2,2,3,5,8,-3,8,southafrica2,0.29,0.57,-3,0.71,3.45,1.75,5
Hungry Lions,7,2,1,4,9,10,-1,7,southafrica2,0.29,0.43,-1,1.29,3.45,2.33,6
Pretoria U.,6,2,1,3,2,4,-2,7,southafrica2,0.33,0.5,-2,0.33,3.03,2.0,6
Black Leopards,6,2,1,3,10,13,-3,7,southafrica2,0.33,0.5,-3,1.67,3.03,2.0,6
Venda FC,7,1,1,5,8,14,-6,4,southafrica2,0.14,0.29,-6,1.14,7.14,3.45,7
Leruma United,6,1,0,5,2,12,-10,3,southafrica2,0.17,0.17,-10,0.33,5.88,5.88,8
Cape Town Spurs,8,0,2,6,1,9,-8,2,southafrica2,0.0,0.25,-8,0.12,0.0,4.0,9
Daejeon Citizen,8,4,3,1,13,9,4,15,southkorea,0.5,0.88,4,1.62,2.0,1.14,1
Seoul,8,4,2,2,9,7,2,14,southkorea,0.5,0.75,2,1.12,2.0,1.33,2
Incheon Utd,8,4,1,3,9,7,2,13,southkorea,0.5,0.62,2,1.12,2.0,1.61,3
Ulsan,8,3,3,2,5,4,1,12,southkorea,0.38,0.75,1,0.62,2.63,1.33,4
Gwangju,8,3,1,4,5,8,-3,10,southkorea,0.38,0.5,-3,0.62,2.63,2.0,5
Daegu,8,2,3,3,11,10,1,9,southkorea,0.25,0.62,1,1.38,4.0,1.61,6
Gimcheon Sangmu,8,3,0,5,10,11,-1,9,southkorea,0.38,0.38,-1,1.25,2.63,2.63,6
Jeonbuk Motors,8,2,2,4,13,14,-1,8,southkorea,0.25,0.5,-1,1.62,4.0,2.0,7
Gangwon,8,2,1,5,8,15,-7,7,southkorea,0.25,0.38,-7,1.0,4.0,2.63,8
Jeju Utd,8,2,1,5,8,17,-9,7,southkorea,0.25,0.38,-9,1.0,4.0,2.63,8
Suwon City,8,1,3,4,8,12,-4,6,southkorea,0.12,0.5,-4,1.0,8.33,2.0,9
Pohang Steelers,8,1,2,5,13,17,-4,5,southkorea,0.12,0.38,-4,1.62,8.33,2.63,10
Busan IPark,8,6,0,2,17,11,6,18,southkorea2,0.75,0.75,6,2.12,1.33,1.33,1
Seoul E-Land,8,4,3,1,15,7,8,15,southkorea2,0.5,0.88,8,1.88,2.0,1.14,2
Asan,8,5,0,3,14,10,4,15,southkorea2,0.62,0.62,4,1.75,1.61,1.61,2
Gimpo,8,3,3,2,8,6,2,12,southkorea2,0.38,0.75,2,1.0,2.63,1.33,3
Cheonan City,8,3,3,2,14,13,1,12,southkorea2,0.38,0.75,1,1.75,2.63,1.33,3
Suwon Bluewings,8,2,5,1,10,8,2,11,southkorea2,0.25,0.88,2,1.25,4.0,1.14,4
Jeonnam,8,3,1,4,13,11,2,10,southkorea2,0.38,0.5,2,1.62,2.63,2.0,5
Cheongju,8,2,3,3,5,7,-2,9,southkorea2,0.25,0.62,-2,0.62,4.0,1.61,6
Anyang,8,2,2,4,8,9,-1,8,southkorea2,0.25,0.5,-1,1.0,4.0,2.0,7
Bucheon FC,8,2,2,4,11,13,-2,8,southkorea2,0.25,0.5,-2,1.38,4.0,2.0,7
Ansan Greeners,8,1,2,5,8,13,-5,5,southkorea2,0.12,0.38,-5,1.0,8.33,2.63,8
Gyeongnam,8,0,5,3,8,14,-6,5,southkorea2,0.0,0.62,-6,1.0,0.0,1.61,8
Seongnam,8,0,3,5,6,18,-12,3,southkorea2,0.0,0.38,-12,0.75,0.0,2.63,9
Atletico Madrid,8,5,2,1,12,4,8,17,spain,0.62,0.88,8,1.5,1.61,1.14,1
Real Madrid,8,4,3,1,16,8,8,15,spain,0.5,0.88,8,2.0,2.0,1.14,2
Athletic Bilbao,8,4,3,1,12,8,4,15,spain,0.5,0.88,4,1.5,2.0,1.14,2
Mallorca,8,5,0,3,10,9,1,15,spain,0.62,0.62,1,1.25,1.61,1.61,2
FC Barcelona,8,4,2,2,23,11,12,14,spain,0.5,0.75,12,2.88,2.0,1.33,3
Villarreal,8,4,2,2,14,12,2,14,spain,0.5,0.75,2,1.75,2.0,1.33,3
Real Sociedad,8,3,2,3,6,4,2,11,spain,0.38,0.62,2,0.75,2.63,1.61,4
Las Palmas,8,3,1,4,10,13,-3,10,spain,0.38,0.5,-3,1.25,2.63,2.0,5
Rayo Vallecano,8,2,3,3,6,7,-1,9,spain,0.25,0.62,-1,0.75,4.0,1.61,6
Girona,8,2,2,4,7,11,-4,8,spain,0.25,0.5,-4,0.88,4.0,2.0,7
Real Betis,8,2,2,4,8,13,-5,8,spain,0.25,0.5,-5,1.0,4.0,2.0,7
Leganes,8,1,4,3,8,12,-4,7,spain,0.12,0.62,-4,1.0,8.33,1.61,8
Osasuna,8,1,4,3,5,13,-8,7,spain,0.12,0.62,-8,0.62,8.33,1.61,8
Sevilla FC,8,1,2,5,10,17,-7,5,spain,0.12,0.38,-7,1.25,8.33,2.63,9
Celta Vigo,8,1,1,6,10,19,-9,4,spain,0.12,0.25,-9,1.25,8.33,4.0,10
Valencia,8,0,3,5,3,12,-9,3,spain,0.0,0.38,-9,0.38,0.0,2.63,11
Valladolid,8,1,0,7,6,22,-16,3,spain,0.12,0.12,-16,0.75,8.33,8.33,11
Getafe,8,0,2,6,3,10,-7,2,spain,0.0,0.25,-7,0.38,0.0,4.0,12
Alaves,8,0,2,6,9,18,-9,2,spain,0.0,0.25,-9,1.12,0.0,4.0,12
Espanyol,8,0,1,7,4,18,-14,1,spain,0.0,0.12,-14,0.5,0.0,8.33,13
Racing,8,5,1,2,9,10,-1,16,spain2,0.62,0.75,-1,1.12,1.61,1.33,1
Almeria,8,4,2,2,17,14,3,14,spain2,0.5,0.75,3,2.12,2.0,1.33,2
Elche,8,3,4,1,9,3,6,13,spain2,0.38,0.88,6,1.12,2.63,1.14,3
Mirandes,8,4,0,4,10,8,2,12,spain2,0.5,0.5,2,1.25,2.0,2.0,4
Castellon,8,3,3,2,15,15,0,12,spain2,0.38,0.75,0,1.88,2.63,1.33,4
Deportivo,8,3,2,3,17,12,5,11,spain2,0.38,0.62,5,2.12,2.63,1.61,5
Granada,8,3,2,3,11,12,-1,11,spain2,0.38,0.62,-1,1.38,2.63,1.61,5
Sporting Gijon,8,2,4,2,12,10,2,10,spain2,0.25,0.75,2,1.5,4.0,1.33,6
Real Oviedo,8,2,4,2,11,12,-1,10,spain2,0.25,0.75,-1,1.38,4.0,1.33,6
Real Zaragoza,8,2,3,3,11,12,-1,9,spain2,0.25,0.62,-1,1.38,4.0,1.61,7
Albacete,8,2,3,3,9,10,-1,9,spain2,0.25,0.62,-1,1.12,4.0,1.61,7
Racing Ferrol,8,2,3,3,6,8,-2,9,spain2,0.25,0.62,-2,0.75,4.0,1.61,7
Huesca,8,2,2,4,7,7,0,8,spain2,0.25,0.5,0,0.88,4.0,2.0,8
Malaga,8,1,5,2,7,9,-2,8,spain2,0.12,0.75,-2,0.88,8.33,1.33,8
Levante,8,2,2,4,5,8,-3,8,spain2,0.25,0.5,-3,0.62,4.0,2.0,8
Cadiz,8,1,3,4,7,12,-5,6,spain2,0.12,0.5,-5,0.88,8.33,2.0,9
Cordoba,8,1,2,5,6,16,-10,5,spain2,0.12,0.38,-10,0.75,8.33,2.63,10
Burgos,8,1,1,6,5,14,-9,4,spain2,0.12,0.25,-9,0.62,8.33,4.0,11
Cartagena,8,1,0,7,6,18,-12,3,spain2,0.12,0.12,-12,0.75,8.33,8.33,12
Eldense,8,0,2,6,5,14,-9,2,spain2,0.0,0.25,-9,0.62,0.0,4.0,13
Eibar,8,0,1,7,4,11,-7,1,spain2,0.0,0.12,-7,0.5,0.0,8.33,14
Tenerife,8,0,1,7,4,17,-13,1,spain2,0.0,0.12,-13,0.5,0.0,8.33,14
Leonesa,8,5,2,1,12,9,3,17,spain3,0.62,0.88,3,1.5,1.61,1.14,1
Ponferradina,8,3,3,2,9,7,2,12,spain3,0.38,0.75,2,1.12,2.63,1.33,2
Sestao River,8,3,2,3,6,7,-1,11,spain3,0.38,0.62,-1,0.75,2.63,1.61,3
Arenteiro,8,3,2,3,6,9,-3,11,spain3,0.38,0.62,-3,0.75,2.63,1.61,3
Barakaldo,8,2,4,2,9,8,1,10,spain3,0.25,0.75,1,1.12,4.0,1.33,4
FC Barcelona B,8,2,4,2,11,11,0,10,spain3,0.25,0.75,0,1.38,4.0,1.33,4
Athletic B. B,8,3,1,4,10,10,0,10,spain3,0.38,0.5,0,1.25,2.63,2.0,4
Lugo,8,2,3,3,4,6,-2,9,spain3,0.25,0.62,-2,0.5,4.0,1.61,5
FC Andorra,8,2,3,3,5,9,-4,9,spain3,0.25,0.62,-4,0.62,4.0,1.61,5
Zamora,8,1,4,3,10,11,-1,7,spain3,0.12,0.62,-1,1.25,8.33,1.61,6
Unionistas,8,0,7,1,7,8,-1,7,spain3,0.0,0.88,-1,0.88,0.0,1.14,6
Real Sociedad B,8,1,4,3,7,9,-2,7,spain3,0.12,0.62,-2,0.88,8.33,1.61,6
Celta Vigo B,8,2,1,5,9,14,-5,7,spain3,0.25,0.38,-5,1.12,4.0,2.63,6
Gimnastic T.,8,2,1,5,8,13,-5,7,spain3,0.25,0.38,-5,1.0,4.0,2.63,6
Ourense CF,8,2,1,5,5,12,-7,7,spain3,0.25,0.38,-7,0.62,4.0,2.63,6
Osasuna B,8,2,1,5,8,17,-9,7,spain3,0.25,0.38,-9,1.0,4.0,2.63,6
Gimnastica,8,1,2,5,9,19,-10,5,spain3,0.12,0.38,-10,1.12,8.33,2.63,7
Tarazona,8,1,1,6,9,15,-6,4,spain3,0.12,0.25,-6,1.12,8.33,4.0,8
Real Union,8,1,1,6,4,21,-17,4,spain3,0.12,0.25,-17,0.5,8.33,4.0,8
Amorebieta,8,0,2,6,5,22,-17,2,spain3,0.0,0.25,-17,0.62,0.0,4.0,9
Atletico M. B,8,4,3,1,12,8,4,15,spain4,0.5,0.88,4,1.5,2.0,1.14,1
Real Betis B,8,4,3,1,12,8,4,15,spain4,0.5,0.88,4,1.5,2.0,1.14,1
Real Murcia,8,4,2,2,10,8,2,14,spain4,0.5,0.75,2,1.25,2.0,1.33,2
Antequera,8,3,4,1,11,9,2,13,spain4,0.38,0.88,2,1.38,2.63,1.14,3
Yeclano,8,3,3,2,10,6,4,12,spain4,0.38,0.75,4,1.25,2.63,1.33,4
Alcoyano,8,3,2,3,9,10,-1,11,spain4,0.38,0.62,-1,1.12,2.63,1.61,5
Villarreal B,8,2,4,2,10,9,1,10,spain4,0.25,0.75,1,1.25,4.0,1.33,6
Algeciras,8,2,4,2,9,9,0,10,spain4,0.25,0.75,0,1.12,4.0,1.33,6
Alcorcon,8,3,1,4,8,11,-3,10,spain4,0.38,0.5,-3,1.0,2.63,2.0,6
UD Ibiza,8,3,1,4,5,8,-3,10,spain4,0.38,0.5,-3,0.62,2.63,2.0,6
Fuenlabrada,8,2,3,3,9,9,0,9,spain4,0.25,0.62,0,1.12,4.0,1.61,7
Ceuta,8,1,6,1,6,7,-1,9,spain4,0.12,0.88,-1,0.75,8.33,1.14,7
Sanluqueno,8,1,4,3,7,11,-4,7,spain4,0.12,0.62,-4,0.88,8.33,1.61,8
Hercules,8,1,3,4,8,11,-3,6,spain4,0.12,0.5,-3,1.0,8.33,2.0,9
Sevilla FC B,8,1,3,4,9,15,-6,6,spain4,0.12,0.5,-6,1.12,8.33,2.0,9
Intercity,8,1,3,4,7,13,-6,6,spain4,0.12,0.5,-6,0.88,8.33,2.0,9
Merida,8,1,3,4,7,14,-7,6,spain4,0.12,0.5,-7,0.88,8.33,2.0,9
Marbella,8,1,2,5,9,14,-5,5,spain4,0.12,0.38,-5,1.12,8.33,2.63,10
Real Madrid B,8,0,4,4,9,14,-5,4,spain4,0.0,0.5,-5,1.12,0.0,2.0,11
Recreativo H.,8,0,3,5,4,11,-7,3,spain4,0.0,0.38,-7,0.5,0.0,2.63,12
Pontevedra,8,6,1,1,11,3,8,19,spain5,0.75,0.88,8,1.38,1.33,1.14,1
Numancia,8,4,3,1,13,6,7,15,spain5,0.5,0.88,7,1.62,2.0,1.14,2
Valladolid B,8,4,2,2,12,9,3,14,spain5,0.5,0.75,3,1.5,2.0,1.33,3
Salamanca CF,8,4,2,2,10,10,0,14,spain5,0.5,0.75,0,1.25,2.0,1.33,3
Langreo,8,3,4,1,7,5,2,13,spain5,0.38,0.88,2,0.88,2.63,1.14,4
Real Avila,8,4,1,3,7,6,1,13,spain5,0.5,0.62,1,0.88,2.0,1.61,4
Escobedo,8,3,3,2,7,11,-4,12,spain5,0.38,0.75,-4,0.88,2.63,1.33,5
Bergantinos,8,3,2,3,14,8,6,11,spain5,0.38,0.62,6,1.75,2.63,1.61,6
Rayo Cantabria,8,2,4,2,15,10,5,10,spain5,0.25,0.75,5,1.88,4.0,1.33,7
Coruxo,8,3,1,4,8,9,-1,10,spain5,0.38,0.5,-1,1.0,2.63,2.0,7
Real Aviles,8,2,3,3,9,13,-4,9,spain5,0.25,0.62,-4,1.12,4.0,1.61,8
Compostela,8,2,2,4,9,9,0,8,spain5,0.25,0.5,0,1.12,4.0,2.0,9
Marino de L.,8,2,2,4,7,10,-3,8,spain5,0.25,0.5,-3,0.88,4.0,2.0,9
Guijuelo,8,1,4,3,9,11,-2,7,spain5,0.12,0.62,-2,1.12,8.33,1.61,10
D. Fabril,8,2,1,5,9,12,-3,7,spain5,0.25,0.38,-3,1.12,4.0,2.63,10
Torrelavega,8,1,3,4,11,14,-3,6,spain5,0.12,0.5,-3,1.38,8.33,2.0,11
Llanera,8,0,2,6,4,13,-9,2,spain5,0.0,0.25,-9,0.5,0.0,4.0,12
Laredo,8,0,2,6,4,17,-13,2,spain5,0.0,0.25,-13,0.5,0.0,4.0,12
SD Logrones,7,5,1,1,16,6,10,16,spain6,0.71,0.86,10,2.29,1.41,1.16,1
Arenas Club,8,4,2,2,11,9,2,14,spain6,0.5,0.75,2,1.38,2.0,1.33,2
Tudelano,8,3,4,1,12,8,4,13,spain6,0.38,0.88,4,1.5,2.63,1.14,3
Eibar B,8,3,3,2,10,8,2,12,spain6,0.38,0.75,2,1.25,2.63,1.33,4
Calahorra,8,3,2,3,9,10,-1,11,spain6,0.38,0.62,-1,1.12,2.63,1.61,5
Alfaro,8,3,2,3,5,10,-5,11,spain6,0.38,0.62,-5,0.62,2.63,1.61,5
Alaves B,8,2,4,2,7,7,0,10,spain6,0.25,0.75,0,0.88,4.0,1.33,6
UD Logrones,8,2,4,2,5,5,0,10,spain6,0.25,0.75,0,0.62,4.0,1.33,6
Real Zaragoza B,8,3,1,4,7,8,-1,10,spain6,0.38,0.5,-1,0.88,2.63,2.0,6
Utebo,8,2,3,3,9,10,-1,9,spain6,0.25,0.62,-1,1.12,4.0,1.61,7
Izarra,8,2,2,4,12,17,-5,8,spain6,0.25,0.5,-5,1.5,4.0,2.0,8
Anguiano,8,2,1,5,8,9,-1,7,spain6,0.25,0.38,-1,1.0,4.0,2.63,9
Teruel,8,2,1,5,6,13,-7,7,spain6,0.25,0.38,-7,0.75,4.0,2.63,9
Ejea,8,1,2,5,8,13,-5,5,spain6,0.12,0.38,-5,1.0,8.33,2.63,10
Barbastro,8,1,2,5,8,15,-7,5,spain6,0.12,0.38,-7,1.0,8.33,2.63,10
Real Sociedad C,8,1,2,5,5,17,-12,5,spain6,0.12,0.38,-12,0.62,8.33,2.63,10
Subiza,8,1,1,6,4,13,-9,4,spain6,0.12,0.25,-9,0.5,8.33,4.0,11
Gernika,8,1,1,6,5,15,-10,4,spain6,0.12,0.25,-10,0.62,8.33,4.0,11
Espanyol B,8,5,2,1,12,6,6,17,spain7,0.62,0.88,6,1.5,1.61,1.14,1
Sant Andreu,8,5,2,1,16,13,3,17,spain7,0.62,0.88,3,2.0,1.61,1.14,1
Alzira,8,4,4,0,12,7,5,16,spain7,0.5,1.0,5,1.5,2.0,1.0,2
Terrassa,8,4,3,1,10,7,3,15,spain7,0.5,0.88,3,1.25,2.0,1.14,3
Lleida,8,3,4,1,8,3,5,13,spain7,0.38,0.88,5,1.0,2.63,1.14,4
Sabadell,8,3,4,1,11,7,4,13,spain7,0.38,0.88,4,1.38,2.63,1.14,4
Valencia B,8,3,3,2,9,8,1,12,spain7,0.38,0.75,1,1.12,2.63,1.33,5
SD Ibiza,8,3,3,2,8,9,-1,12,spain7,0.38,0.75,-1,1.0,2.63,1.33,5
A. Baleares,8,3,2,3,10,9,1,11,spain7,0.38,0.62,1,1.25,2.63,1.61,6
Europa,8,3,2,3,10,9,1,11,spain7,0.38,0.62,1,1.25,2.63,1.61,6
Elche B,8,2,4,2,9,11,-2,10,spain7,0.25,0.75,-2,1.12,4.0,1.33,7
Olot,8,3,1,4,5,7,-2,10,spain7,0.38,0.5,-2,0.62,2.63,2.0,7
Andratx,8,3,1,4,5,10,-5,10,spain7,0.38,0.5,-5,0.62,2.63,2.0,7
Cornella,8,2,2,4,6,10,-4,8,spain7,0.25,0.5,-4,0.75,4.0,2.0,8
Torrent,8,1,4,3,7,13,-6,7,spain7,0.12,0.62,-6,0.88,8.33,1.61,9
Pena Deportiva,8,2,1,5,6,13,-7,7,spain7,0.25,0.38,-7,0.75,4.0,2.63,9
Mallorca B,8,1,2,5,3,13,-10,5,spain7,0.12,0.38,-10,0.38,8.33,2.63,10
Badalona,8,0,3,5,4,15,-11,3,spain7,0.0,0.38,-11,0.5,0.0,2.63,11
CD Estepona,8,5,1,2,10,4,6,16,spain8,0.62,0.75,6,1.25,1.61,1.33,1
UCAM Murcia,8,4,3,1,7,2,5,15,spain8,0.5,0.88,5,0.88,2.0,1.14,2
Torremolinos,8,4,3,1,11,7,4,15,spain8,0.5,0.88,4,1.38,2.0,1.14,2
Almeria B,8,3,4,1,9,6,3,13,spain8,0.38,0.88,3,1.12,2.63,1.14,3
Xerez CD,8,4,1,3,6,4,2,13,spain8,0.5,0.62,2,0.75,2.0,1.61,3
La Union,8,4,1,3,8,7,1,13,spain8,0.5,0.62,1,1.0,2.0,1.61,3
Linense,8,3,3,2,6,8,-2,12,spain8,0.38,0.75,-2,0.75,2.63,1.33,4
Orihuela,8,3,2,3,7,6,1,11,spain8,0.38,0.62,1,0.88,2.63,1.61,5
Xerez D. FC,8,2,4,2,7,6,1,10,spain8,0.25,0.75,1,0.88,4.0,1.33,6
D. Minera,8,2,3,3,9,11,-2,9,spain8,0.25,0.62,-2,1.12,4.0,1.61,7
Aguilas CF,8,1,4,3,6,7,-1,7,spain8,0.12,0.62,-1,0.75,8.33,1.61,8
San Fernando,8,2,1,5,7,9,-2,7,spain8,0.25,0.38,-2,0.88,4.0,2.63,8
Antoniano,8,2,1,5,5,9,-4,7,spain8,0.25,0.38,-4,0.62,4.0,2.63,8
Granada B,8,2,1,5,8,15,-7,7,spain8,0.25,0.38,-7,1.0,4.0,2.63,8
Linares,8,1,2,5,5,10,-5,5,spain8,0.12,0.38,-5,0.62,8.33,2.63,9
Cadiz B,8,1,2,5,3,15,-12,5,spain8,0.12,0.38,-12,0.38,8.33,2.63,9
Villanovense,8,0,4,4,8,16,-8,4,spain8,0.0,0.5,-8,1.0,0.0,2.0,10
Don Benito,8,1,0,7,8,17,-9,3,spain8,0.12,0.12,-9,1.0,8.33,8.33,11
Guadalajara,8,4,4,0,15,7,8,16,spain9,0.5,1.0,8,1.88,2.0,1.0,1
Tenerife B,8,4,1,3,12,9,3,13,spain9,0.5,0.62,3,1.5,2.0,1.61,2
Talavera CF,8,4,1,3,10,10,0,13,spain9,0.5,0.62,0,1.25,2.0,1.61,2
Cacereno,8,2,5,1,11,10,1,11,spain9,0.25,0.88,1,1.38,4.0,1.14,3
Getafe B,8,3,2,3,10,10,0,11,spain9,0.38,0.62,0,1.25,2.63,1.61,3
Melilla,8,3,2,3,10,10,0,11,spain9,0.38,0.62,0,1.25,2.63,1.61,3
R. Majadahonda,8,3,2,3,7,8,-1,11,spain9,0.38,0.62,-1,0.88,2.63,1.61,3
CDC Moscardo,8,3,2,3,10,12,-2,11,spain9,0.38,0.62,-2,1.25,2.63,1.61,3
Navalcarnero,8,2,2,4,6,10,-4,8,spain9,0.25,0.5,-4,0.75,4.0,2.0,4
Union Adarve,8,2,2,4,4,9,-5,8,spain9,0.25,0.5,-5,0.5,4.0,2.0,4
Real Madrid C,8,1,4,3,6,9,-3,7,spain9,0.12,0.62,-3,0.75,8.33,1.61,5
Conquense,8,2,1,5,7,11,-4,7,spain9,0.25,0.38,-4,0.88,4.0,2.63,5
Union Sur Yaiza,8,1,3,4,10,20,-10,6,spain9,0.12,0.5,-10,1.25,8.33,2.0,6
Illescas,8,1,2,5,4,9,-5,5,spain9,0.12,0.38,-5,0.5,8.33,2.63,7
CD Coria,8,1,2,5,9,15,-6,5,spain9,0.12,0.38,-6,1.12,8.33,2.63,7
S. Sebastian R.,8,1,1,6,5,17,-12,4,spain9,0.12,0.25,-12,0.62,8.33,4.0,8
CD Mostoles,8,1,0,7,5,20,-15,3,spain9,0.12,0.12,-15,0.62,8.33,8.33,9
Atletico Paso,8,0,0,8,4,16,-12,0,spain9,0.0,0.0,-12,0.5,0.0,0.0,10
AIK,8,6,0,2,9,5,4,18,sweden,0.75,0.75,4,1.12,1.33,1.33,1
Hammarby,8,5,1,2,13,3,10,16,sweden,0.62,0.75,10,1.62,1.61,1.33,2
Sirius,8,4,1,3,12,11,1,13,sweden,0.5,0.62,1,1.5,2.0,1.61,3
Elfsborg,8,3,3,2,15,14,1,12,sweden,0.38,0.75,1,1.88,2.63,1.33,4
Malmo FF,8,2,5,1,11,10,1,11,sweden,0.25,0.88,1,1.38,4.0,1.14,5
Hacken,8,3,2,3,13,14,-1,11,sweden,0.38,0.62,-1,1.62,2.63,1.61,5
GAIS,8,3,2,3,8,10,-2,11,sweden,0.38,0.62,-2,1.0,2.63,1.61,5
Djurgarden,8,3,1,4,6,13,-7,10,sweden,0.38,0.5,-7,0.75,2.63,2.0,6
IFK Goteborg,8,2,3,3,10,11,-1,9,sweden,0.25,0.62,-1,1.25,4.0,1.61,7
Norrkoping,8,2,3,3,9,11,-2,9,sweden,0.25,0.62,-2,1.12,4.0,1.61,7
Mjallby,8,2,3,3,7,9,-2,9,sweden,0.25,0.62,-2,0.88,4.0,1.61,7
Brommapojkarna,8,2,2,4,14,16,-2,8,sweden,0.25,0.5,-2,1.75,4.0,2.0,8
Varnamo,8,1,5,2,5,7,-2,8,sweden,0.12,0.75,-2,0.62,8.33,1.33,8
Kalmar,8,1,4,3,9,13,-4,7,sweden,0.12,0.62,-4,1.12,8.33,1.61,9
Halmstad,8,1,1,6,6,18,-12,4,sweden,0.12,0.25,-12,0.75,8.33,4.0,10
Vasteras,8,1,0,7,5,15,-10,3,sweden,0.12,0.12,-10,0.62,8.33,8.33,11
Degerfors,8,4,3,1,12,6,6,15,sweden2,0.5,0.88,6,1.5,2.0,1.14,1
Varberg BoIS,8,4,2,2,21,14,7,14,sweden2,0.5,0.75,7,2.62,2.0,1.33,2
Orgryte,8,4,2,2,11,7,4,14,sweden2,0.5,0.75,4,1.38,2.0,1.33,2
Helsingborg,8,4,1,3,13,10,3,13,sweden2,0.5,0.62,3,1.62,2.0,1.61,3
Oster,8,3,3,2,9,7,2,12,sweden2,0.38,0.75,2,1.12,2.63,1.33,4
Oddevold,8,3,3,2,12,13,-1,12,sweden2,0.38,0.75,-1,1.5,2.63,1.33,4
GIF Sundsvall,8,3,2,3,7,9,-2,11,sweden2,0.38,0.62,-2,0.88,2.63,1.61,5
Brage,8,2,3,3,6,8,-2,9,sweden2,0.25,0.62,-2,0.75,4.0,1.61,6
Trelleborg,8,3,0,5,10,13,-3,9,sweden2,0.38,0.38,-3,1.25,2.63,2.63,6
Landskrona,8,2,1,5,9,12,-3,7,sweden2,0.25,0.38,-3,1.12,4.0,2.63,7
Orebro,8,1,3,4,9,14,-5,6,sweden2,0.12,0.5,-5,1.12,8.33,2.0,8
Utsikten,8,1,3,4,7,13,-6,6,sweden2,0.12,0.5,-6,0.88,8.33,2.0,8
Gefle,8,2,0,6,4,17,-13,6,sweden2,0.25,0.25,-13,0.5,4.0,4.0,8
Sandviken,8,1,2,5,11,18,-7,5,sweden2,0.12,0.38,-7,1.38,8.33,2.63,9
Skovde AIK,8,0,4,4,10,20,-10,4,sweden2,0.0,0.5,-10,1.25,0.0,2.0,10
Ostersunds,8,0,1,7,7,19,-12,1,sweden2,0.0,0.12,-12,0.88,0.0,8.33,11
FC Basel,8,4,2,2,23,8,15,14,switzerland,0.5,0.75,15,2.88,2.0,1.33,1
Luzern,8,4,2,2,17,16,1,14,switzerland,0.5,0.75,1,2.12,2.0,1.33,1
St. Gallen,8,3,2,3,13,13,0,11,switzerland,0.38,0.62,0,1.62,2.63,1.61,2
FC Zurich,8,3,2,3,11,15,-4,11,switzerland,0.38,0.62,-4,1.38,2.63,1.61,2
Lausanne Sport,8,2,3,3,11,9,2,9,switzerland,0.25,0.62,2,1.38,4.0,1.61,3
Lugano,8,2,3,3,9,11,-2,9,switzerland,0.25,0.62,-2,1.12,4.0,1.61,3
Servette,8,2,2,4,10,13,-3,8,switzerland,0.25,0.5,-3,1.25,4.0,2.0,4
Sion,8,2,1,5,6,11,-5,7,switzerland,0.25,0.38,-5,0.75,4.0,2.63,5
Yverdon,8,1,4,3,6,11,-5,7,switzerland,0.12,0.62,-5,0.75,8.33,1.61,5
Grasshopper,8,2,1,5,4,10,-6,7,switzerland,0.25,0.38,-6,0.5,4.0,2.63,5
BSC Young Boys,8,1,3,4,8,14,-6,6,switzerland,0.12,0.5,-6,1.0,8.33,2.0,6
Winterthur,8,0,3,5,5,18,-13,3,switzerland,0.0,0.38,-13,0.62,0.0,2.63,7
Bangkok Utd,8,5,1,2,16,9,7,16,thailand,0.62,0.75,7,2.0,1.61,1.33,1
Buriram Utd,6,4,2,0,18,2,16,14,thailand,0.67,1.0,16,3.0,1.49,1.0,2
Pathum Utd,8,3,3,2,14,12,2,12,thailand,0.38,0.75,2,1.75,2.63,1.33,3
Port FC,7,3,3,1,11,9,2,12,thailand,0.43,0.86,2,1.57,2.33,1.16,3
N. Ratchasima,8,2,4,2,8,10,-2,10,thailand,0.25,0.75,-2,1.0,4.0,1.33,4
Uthai Thani,8,2,2,4,8,12,-4,8,thailand,0.25,0.5,-4,1.0,4.0,2.0,5
Prachuap,7,1,3,3,5,12,-7,6,thailand,0.14,0.57,-7,0.71,7.14,1.75,6
Sukhothai,8,1,3,4,8,17,-9,6,thailand,0.12,0.5,-9,1.0,8.33,2.0,6
Rayong,7,2,0,5,5,15,-10,6,thailand,0.29,0.29,-10,0.71,3.45,3.45,6
Lamphun Warrior,7,1,2,4,7,12,-5,5,thailand,0.14,0.43,-5,1.0,7.14,2.33,7
Khon Kaen Utd,6,1,1,4,2,11,-9,4,thailand,0.17,0.33,-9,0.33,5.88,3.03,8
Muang Thong Utd,6,0,3,3,4,8,-4,3,thailand,0.0,0.5,-4,0.67,0.0,2.0,9
Chiangrai Utd,7,1,0,6,4,15,-11,3,thailand,0.14,0.14,-11,0.57,7.14,7.14,9
N. Bua Pitchaya,7,0,2,5,9,20,-11,2,thailand,0.0,0.29,-11,1.29,0.0,3.45,10
Nakhon Pathom,8,0,2,6,6,17,-11,2,thailand,0.0,0.25,-11,0.75,0.0,4.0,10
Ratchaburi,6,0,1,5,5,17,-12,1,thailand,0.0,0.17,-12,0.83,0.0,5.88,11
Phrae Utd,8,6,1,1,11,3,8,19,thailand2,0.75,0.88,8,1.38,1.33,1.14,1
Ayutthaya Utd,8,4,2,2,13,9,4,14,thailand2,0.5,0.75,4,1.62,2.0,1.33,2
Kanchanaburi,8,3,5,0,16,13,3,14,thailand2,0.38,1.0,3,2.0,2.63,1.0,2
Bangkok FC,8,4,1,3,15,14,1,13,thailand2,0.5,0.62,1,1.88,2.0,1.61,3
Kasetsart,8,3,4,1,12,12,0,13,thailand2,0.38,0.88,0,1.5,2.63,1.14,3
Chiangmai Utd,8,3,3,2,12,12,0,12,thailand2,0.38,0.75,0,1.5,2.63,1.33,4
Chonburi,8,3,2,3,11,10,1,11,thailand2,0.38,0.62,1,1.38,2.63,1.61,5
Lampang,8,2,3,3,12,13,-1,9,thailand2,0.25,0.62,-1,1.5,4.0,1.61,6
Chanthaburi,8,2,2,4,7,12,-5,8,thailand2,0.25,0.5,-5,0.88,4.0,2.0,7
Mahasarakham,8,2,1,5,7,11,-4,7,thailand2,0.25,0.38,-4,0.88,4.0,2.63,8
Sisaket Utd,6,1,3,2,2,4,-2,6,thailand2,0.17,0.67,-2,0.33,5.88,1.49,9
Police Tero,8,1,2,5,12,17,-5,5,thailand2,0.12,0.38,-5,1.5,8.33,2.63,10
Pattaya United,8,1,1,6,11,12,-1,4,thailand2,0.12,0.25,-1,1.38,8.33,4.0,11
Chainat,8,0,4,4,4,8,-4,4,thailand2,0.0,0.5,-4,0.5,0.0,2.0,11
Trat FC,8,1,1,6,3,14,-11,4,thailand2,0.12,0.25,-11,0.38,8.33,4.0,11
Suphanburi,8,1,0,7,5,15,-10,3,thailand2,0.12,0.12,-10,0.62,8.33,8.33,12
Samut Prakan,8,0,1,7,6,16,-10,1,thailand2,0.0,0.12,-10,0.75,0.0,8.33,13
Nakhon Si,8,0,1,7,5,19,-14,1,thailand2,0.0,0.12,-14,0.62,0.0,8.33,13
Galatasaray,7,7,0,0,22,6,16,21,turkey,1.0,1.0,16,3.14,1.0,1.0,1
Fenerbahce,8,5,2,1,21,8,13,17,turkey,0.62,0.88,13,2.62,1.61,1.14,2
Samsunspor,8,5,1,2,14,8,6,16,turkey,0.62,0.75,6,1.75,1.61,1.33,3
Kasimpasa,8,3,5,0,14,10,4,14,turkey,0.38,1.0,4,1.75,2.63,1.0,4
Besiktas,8,2,4,2,10,7,3,10,turkey,0.25,0.75,3,1.25,4.0,1.33,5
Eyupspor,8,2,3,3,9,11,-2,9,turkey,0.25,0.62,-2,1.12,4.0,1.61,6
Kayserispor,8,2,3,3,6,12,-6,9,turkey,0.25,0.62,-6,0.75,4.0,1.61,6
Rizespor,8,3,0,5,6,14,-8,9,turkey,0.38,0.38,-8,0.75,2.63,2.63,6
Sivasspor,8,2,1,5,9,16,-7,7,turkey,0.25,0.38,-7,1.12,4.0,2.63,7
Basaksehir,8,2,1,5,7,14,-7,7,turkey,0.25,0.38,-7,0.88,4.0,2.63,7
Konyaspor,8,2,1,5,7,14,-7,7,turkey,0.25,0.38,-7,0.88,4.0,2.63,7
Goztepe,8,1,3,4,11,15,-4,6,turkey,0.12,0.5,-4,1.38,8.33,2.0,8
Alanyaspor,8,1,3,4,6,12,-6,6,turkey,0.12,0.5,-6,0.75,8.33,2.0,8
Adana Demirspor,8,1,2,5,8,17,-9,5,turkey,0.12,0.38,-9,1.0,8.33,2.63,9
Antalyaspor,8,1,2,5,8,17,-9,5,turkey,0.12,0.38,-9,1.0,8.33,2.63,9
Trabzonspor,8,0,4,4,7,12,-5,4,turkey,0.0,0.5,-5,0.88,0.0,2.0,10
Gaziantep,8,1,1,6,10,20,-10,4,turkey,0.12,0.25,-10,1.25,8.33,4.0,10
Bodrumspor,8,1,1,6,4,16,-12,4,turkey,0.12,0.25,-12,0.5,8.33,4.0,10
Hatayspor,7,0,2,5,6,14,-8,2,turkey,0.0,0.29,-8,0.86,0.0,3.45,11
Kocaelispor,8,6,0,2,16,10,6,18,turkey2,0.75,0.75,6,2.0,1.33,1.33,1
Keciorengucu,8,4,3,1,9,8,1,15,turkey2,0.5,0.88,1,1.12,2.0,1.14,2
Corum,8,4,2,2,12,9,3,14,turkey2,0.5,0.75,3,1.5,2.0,1.33,3
Bandirmaspor,8,3,4,1,10,8,2,13,turkey2,0.38,0.88,2,1.25,2.63,1.14,4
Erokspor,8,4,0,4,10,9,1,12,turkey2,0.5,0.5,1,1.25,2.0,2.0,5
F. Karagumruk,8,3,2,3,12,10,2,11,turkey2,0.38,0.62,2,1.5,2.63,1.61,6
Amed SK,8,2,5,1,8,7,1,11,turkey2,0.25,0.88,1,1.0,4.0,1.14,6
Pendikspor,8,3,2,3,10,13,-3,11,turkey2,0.38,0.62,-3,1.25,2.63,1.61,6
Igdir,8,3,2,3,8,11,-3,11,turkey2,0.38,0.62,-3,1.0,2.63,1.61,6
Umraniyespor,8,3,1,4,7,12,-5,10,turkey2,0.38,0.5,-5,0.88,2.63,2.0,7
Genclerbirligi,8,2,3,3,9,11,-2,9,turkey2,0.25,0.62,-2,1.12,4.0,1.61,8
Manisa BB,8,3,0,5,7,12,-5,9,turkey2,0.38,0.38,-5,0.88,2.63,2.63,8
Istanbulspor,8,2,1,5,10,12,-2,7,turkey2,0.25,0.38,-2,1.25,4.0,2.63,9
Ankaragucu,8,2,1,5,9,11,-2,7,turkey2,0.25,0.38,-2,1.12,4.0,2.63,9
Boluspor,8,1,4,3,8,11,-3,7,turkey2,0.12,0.62,-3,1.0,8.33,1.61,9
Erzurum BB,8,2,1,5,7,11,-4,7,turkey2,0.25,0.38,-4,0.88,4.0,2.63,9
Sakaryaspor,8,1,3,4,7,14,-7,6,turkey2,0.12,0.5,-7,0.88,8.33,2.0,10
Adanaspor,8,1,3,4,4,12,-8,6,turkey2,0.12,0.5,-8,0.5,8.33,2.0,10
Sanliurfaspor,8,1,2,5,7,12,-5,5,turkey2,0.12,0.38,-5,0.88,8.33,2.63,11
Y. Malatyaspor,8,0,0,8,4,26,-22,0,turkey2,0.0,0.0,-22,0.5,0.0,0.0,12
Al Sharjah,5,4,0,1,12,4,8,12,uae,0.8,0.8,8,2.4,1.25,1.25,1
Shabab Al Ahli,4,3,1,0,12,4,8,10,uae,0.75,1.0,8,3.0,1.33,1.0,2
Khorfakkan,6,3,0,3,13,17,-4,9,uae,0.5,0.5,-4,2.17,2.0,2.0,3
Al Ain,4,2,2,0,13,9,4,8,uae,0.5,1.0,4,3.25,2.0,1.0,4
Al Wahda,5,2,1,2,7,8,-1,7,uae,0.4,0.6,-1,1.4,2.5,1.67,5
Al Nasr,5,2,0,3,11,13,-2,6,uae,0.4,0.4,-2,2.2,2.5,2.5,6
Al Jazira,5,1,2,2,9,10,-1,5,uae,0.2,0.6,-1,1.8,5.0,1.67,7
Ittihad Kalba,5,1,2,2,5,6,-1,5,uae,0.2,0.6,-1,1.0,5.0,1.67,7
Al Bataeh,6,1,1,4,6,12,-6,4,uae,0.17,0.33,-6,1.0,5.88,3.03,8
Al Wasl,5,0,3,2,6,11,-5,3,uae,0.0,0.6,-5,1.2,0.0,1.67,9
Ajman,5,1,0,4,4,11,-7,3,uae,0.2,0.2,-7,0.8,5.0,5.0,9
Dibba Al Hisn,5,0,2,3,5,11,-6,2,uae,0.0,0.4,-6,1.0,0.0,2.5,10
Bani Yas,5,0,1,4,3,12,-9,1,uae,0.0,0.2,-9,0.6,0.0,5.0,11
Al Urooba,4,0,0,4,1,10,-9,0,uae,0.0,0.0,-9,0.25,0.0,0.0,12
Dynamo Kyiv,7,5,2,0,16,4,12,17,ukraine,0.71,1.0,12,2.29,1.41,1.0,1
Kryvbas KR,8,5,1,2,10,7,3,16,ukraine,0.62,0.75,3,1.25,1.61,1.33,2
Shakhtar,7,3,2,2,12,7,5,11,ukraine,0.43,0.71,5,1.71,2.33,1.41,3
Oleksandria,6,3,2,1,6,5,1,11,ukraine,0.5,0.83,1,1.0,2.0,1.2,3
Polessya,7,3,1,3,11,9,2,10,ukraine,0.43,0.57,2,1.57,2.33,1.75,4
Zorya Luhansk,8,3,1,4,8,10,-2,10,ukraine,0.38,0.5,-2,1.0,2.63,2.0,4
Kolos Kovalivka,8,2,3,3,7,7,0,9,ukraine,0.25,0.62,0,0.88,4.0,1.61,5
Rukh Lviv,8,1,5,2,5,8,-3,8,ukraine,0.12,0.75,-3,0.62,8.33,1.33,6
Livyi Bereh,8,2,2,4,4,8,-4,8,ukraine,0.25,0.5,-4,0.5,4.0,2.0,6
Veres,7,2,2,3,5,10,-5,8,ukraine,0.29,0.57,-5,0.71,3.45,1.75,6
Obolon,8,2,2,4,5,12,-7,8,ukraine,0.25,0.5,-7,0.62,4.0,2.0,6
Karpaty Lviv,8,2,1,5,6,14,-8,7,ukraine,0.25,0.38,-8,0.75,4.0,2.63,7
LNZ Cherkasy,8,1,3,4,8,17,-9,6,ukraine,0.12,0.5,-9,1.0,8.33,2.0,8
Vorskla Poltava,8,1,2,5,7,14,-7,5,ukraine,0.12,0.38,-7,0.88,8.33,2.63,9
Inhulets,8,1,2,5,7,17,-10,5,ukraine,0.12,0.38,-10,0.88,8.33,2.63,9
Chornomorets,8,0,2,6,5,14,-9,2,ukraine,0.0,0.25,-9,0.62,0.0,4.0,10
Dnipro-1,0,0,0,0,0,0,0,0,ukraine,0.0,0.0,0,0.0,0.0,0.0,11
Defensor S.,4,3,0,1,5,2,3,9,uruguay2,0.75,0.75,3,1.25,1.33,1.33,1
Danubio,4,2,2,0,7,5,2,8,uruguay2,0.5,1.0,2,1.75,2.0,1.0,2
Cerro Largo,3,2,1,0,3,0,3,7,uruguay2,0.67,1.0,3,1.0,1.49,1.0,3
Nacional,3,2,0,1,10,3,7,6,uruguay2,0.67,0.67,7,3.33,1.49,1.49,4
Penarol,3,2,0,1,5,3,2,6,uruguay2,0.67,0.67,2,1.67,1.49,1.49,4
River Plate,4,2,0,2,4,3,1,6,uruguay2,0.5,0.5,1,1.0,2.0,2.0,4
Miramar Misione,4,2,0,2,4,7,-3,6,uruguay2,0.5,0.5,-3,1.0,2.0,2.0,4
D. Maldonado,4,1,2,1,3,3,0,5,uruguay2,0.25,0.75,0,0.75,4.0,1.33,5
Wanderers,3,1,1,1,3,4,-1,4,uruguay2,0.33,0.67,-1,1.0,3.03,1.49,6
Rampla Juniors,4,1,1,2,3,7,-4,4,uruguay2,0.25,0.5,-4,0.75,4.0,2.0,6
Racing CM,4,0,3,1,6,7,-1,3,uruguay2,0.0,0.75,-1,1.5,0.0,1.33,7
Fenix,3,1,0,2,4,5,-1,3,uruguay2,0.33,0.33,-1,1.33,3.03,3.03,7
Cerro,3,1,0,2,1,3,-2,3,uruguay2,0.33,0.33,-2,0.33,3.03,3.03,7
Progreso,3,0,2,1,4,6,-2,2,uruguay2,0.0,0.67,-2,1.33,0.0,1.49,8
Boston River,3,0,1,2,1,3,-2,1,uruguay2,0.0,0.33,-2,0.33,0.0,3.03,9
Liverpool M.,4,0,0,4,3,8,-5,0,uruguay2,0.0,0.0,-5,0.75,0.0,0.0,10
Columbus Crew,8,5,2,1,19,8,11,17,usa,0.62,0.88,11,2.38,1.61,1.14,1
Inter Miami,8,5,2,1,16,14,2,17,usa,0.62,0.88,2,2.0,1.61,1.14,1
Seattle,8,5,1,2,15,7,8,16,usa,0.62,0.75,8,1.88,1.61,1.33,2
Los Angeles FC,8,5,1,2,15,10,5,16,usa,0.62,0.75,5,1.88,1.61,1.33,2
DC United,8,5,1,2,16,19,-3,16,usa,0.62,0.75,-3,2.0,1.61,1.33,2
Orlando City,8,5,0,3,19,15,4,15,usa,0.62,0.62,4,2.38,1.61,1.61,3
Houston Dynamo,8,5,0,3,14,11,3,15,usa,0.62,0.62,3,1.75,1.61,1.61,3
Minnesota Utd,8,4,2,2,12,8,4,14,usa,0.5,0.75,4,1.5,2.0,1.33,4
Cincinnati,8,4,1,3,13,14,-1,13,usa,0.5,0.62,-1,1.62,2.0,1.61,5
Vancouver,8,3,2,3,13,12,1,11,usa,0.38,0.62,1,1.62,2.63,1.61,6
Austin,8,3,1,4,8,10,-2,10,usa,0.38,0.5,-2,1.0,2.63,2.0,7
Charlotte,8,2,3,3,11,10,1,9,usa,0.25,0.62,1,1.38,4.0,1.61,8
LA Galaxy,8,3,0,5,12,13,-1,9,usa,0.38,0.38,-1,1.5,2.63,2.63,8
Real Salt Lake,8,2,3,3,11,16,-5,9,usa,0.25,0.62,-5,1.38,4.0,1.61,8
Atlanta Utd,8,2,2,4,9,14,-5,8,usa,0.25,0.5,-5,1.12,4.0,2.0,9
New York RB,8,1,4,3,10,10,0,7,usa,0.12,0.62,0,1.25,8.33,1.61,10
New York City,8,1,4,3,12,13,-1,7,usa,0.12,0.62,-1,1.5,8.33,1.61,10
Portland,8,1,4,3,12,14,-2,7,usa,0.12,0.62,-2,1.5,8.33,1.61,10
Toronto,8,2,1,5,5,15,-10,7,usa,0.25,0.38,-10,0.62,4.0,2.63,10
Philadelphia,8,2,0,6,17,19,-2,6,usa,0.25,0.25,-2,2.12,4.0,4.0,11
Dallas,8,1,3,4,13,16,-3,6,usa,0.12,0.5,-3,1.62,8.33,2.0,11
Colorado Rapids,8,2,0,6,12,20,-8,6,usa,0.25,0.25,-8,1.5,4.0,4.0,11
St. Louis City,8,1,3,4,11,19,-8,6,usa,0.12,0.5,-8,1.38,8.33,2.0,11
Nashville SC,8,2,0,6,8,16,-8,6,usa,0.25,0.25,-8,1.0,4.0,4.0,11
CF Montreal,8,1,3,4,10,19,-9,6,usa,0.12,0.5,-9,1.25,8.33,2.0,11
Chicago Fire,8,1,1,6,8,14,-6,4,usa,0.12,0.25,-6,1.0,8.33,4.0,12
Sporting KC,8,1,1,6,7,17,-10,4,usa,0.12,0.25,-10,0.88,8.33,4.0,12
SJ Earthquakes,8,1,1,6,7,20,-13,4,usa,0.12,0.25,-13,0.88,8.33,4.0,12
New England,8,1,0,7,9,26,-17,3,usa,0.12,0.12,-17,1.12,8.33,8.33,13
Detroit City,8,4,3,1,13,7,6,15,usa2,0.5,0.88,6,1.62,2.0,1.14,1
Pittsburgh,8,4,2,2,12,5,7,14,usa2,0.5,0.75,7,1.5,2.0,1.33,2
Las Vegas L.,8,4,2,2,14,10,4,14,usa2,0.5,0.75,4,1.75,2.0,1.33,2
Louisville City,8,3,2,3,13,12,1,11,usa2,0.38,0.62,1,1.62,2.63,1.61,3
Colorado S.,8,3,2,3,11,12,-1,11,usa2,0.38,0.62,-1,1.38,2.63,1.61,3
New Mexico,8,3,2,3,7,9,-2,11,usa2,0.38,0.62,-2,0.88,2.63,1.61,3
San Antonio,8,3,2,3,6,9,-3,11,usa2,0.38,0.62,-3,0.75,2.63,1.61,3
Oakland Roots,8,3,2,3,9,17,-8,11,usa2,0.38,0.62,-8,1.12,2.63,1.61,3
Hartford A.,8,2,4,2,12,12,0,10,usa2,0.25,0.75,0,1.5,4.0,1.33,4
Memphis,8,3,1,4,14,15,-1,10,usa2,0.38,0.5,-1,1.75,2.63,2.0,4
FC Tulsa,8,3,1,4,9,11,-2,10,usa2,0.38,0.5,-2,1.12,2.63,2.0,4
North Carolina,8,3,1,4,9,11,-2,10,usa2,0.38,0.5,-2,1.12,2.63,2.0,4
Phoenix Rising,8,3,1,4,5,11,-6,10,usa2,0.38,0.5,-6,0.62,2.63,2.0,4
Rhode Island,8,2,3,3,8,8,0,9,usa2,0.25,0.62,0,1.0,4.0,1.61,5
Birmingham L.,8,2,2,4,13,14,-1,8,usa2,0.25,0.5,-1,1.62,4.0,2.0,6
Loudoun Utd,8,2,2,4,7,8,-1,8,usa2,0.25,0.5,-1,0.88,4.0,2.0,6
Monterey Bay,8,2,2,4,9,13,-4,8,usa2,0.25,0.5,-4,1.12,4.0,2.0,6
El Paso,8,2,2,4,3,9,-6,8,usa2,0.25,0.5,-6,0.38,4.0,2.0,6
Charleston,8,1,3,4,8,15,-7,6,usa2,0.12,0.5,-7,1.0,8.33,2.0,7
Indy Eleven,8,1,3,4,3,13,-10,6,usa2,0.12,0.5,-10,0.38,8.33,2.0,7
Orange County,8,1,3,4,3,14,-11,6,usa2,0.12,0.5,-11,0.38,8.33,2.0,7
Tampa Bay,8,1,2,5,9,16,-7,5,usa2,0.12,0.38,-7,1.12,8.33,2.63,8
Sacramento R.,8,1,1,6,9,15,-6,4,usa2,0.12,0.25,-6,1.12,8.33,4.0,9
Miami FC,8,0,0,8,2,24,-22,0,usa2,0.0,0.0,-22,0.25,0.0,0.0,10
N. Colorado,8,5,2,1,10,5,5,17,usa3,0.62,0.88,5,1.25,1.61,1.14,1
Charlotte I.,8,4,4,0,14,8,6,16,usa3,0.5,1.0,6,1.75,2.0,1.0,2
Union Omaha,8,5,1,2,17,12,5,16,usa3,0.62,0.75,5,2.12,1.61,1.33,2
Forward Madison,8,3,3,2,14,9,5,12,usa3,0.38,0.75,5,1.75,2.63,1.33,3
Greenville,8,4,0,4,14,14,0,12,usa3,0.5,0.5,0,1.75,2.0,2.0,3
One Knoxville,8,2,4,2,4,4,0,10,usa3,0.25,0.75,0,0.5,4.0,1.33,4
Lexington,8,2,2,4,13,17,-4,8,usa3,0.25,0.5,-4,1.62,4.0,2.0,5
Spokane V.,8,2,2,4,7,12,-5,8,usa3,0.25,0.5,-5,0.88,4.0,2.0,5
Chattanooga RW,8,2,1,5,10,15,-5,7,usa3,0.25,0.38,-5,1.25,4.0,2.63,6
Richmond K.,8,1,3,4,8,15,-7,6,usa3,0.12,0.5,-7,1.0,8.33,2.0,7
Tormenta,8,1,3,4,8,17,-9,6,usa3,0.12,0.5,-9,1.0,8.33,2.0,7
Central Valley,8,1,1,6,10,24,-14,4,usa3,0.12,0.25,-14,1.25,8.33,4.0,8
Sogdiana,8,5,2,1,12,4,8,17,uzbekistan,0.62,0.88,8,1.5,1.61,1.14,1
Nasaf Qarshi,8,5,2,1,9,5,4,17,uzbekistan,0.62,0.88,4,1.12,1.61,1.14,1
Navbahor,8,5,1,2,15,9,6,16,uzbekistan,0.62,0.75,6,1.88,1.61,1.33,2
Neftchi,8,3,4,1,8,4,4,13,uzbekistan,0.38,0.88,4,1.0,2.63,1.14,3
Bunyodkor,8,4,1,3,11,10,1,13,uzbekistan,0.5,0.62,1,1.38,2.0,1.61,3
Dinamo Samarqan,8,4,0,4,14,15,-1,12,uzbekistan,0.5,0.5,-1,1.75,2.0,2.0,4
AGMK,8,3,2,3,10,10,0,11,uzbekistan,0.38,0.62,0,1.25,2.63,1.61,5
Termez Surkhon,8,3,1,4,9,12,-3,10,uzbekistan,0.38,0.5,-3,1.12,2.63,2.0,6
L. Tashkent,8,2,2,4,8,12,-4,8,uzbekistan,0.25,0.5,-4,1.0,4.0,2.0,7
Metallurg,8,1,3,4,7,10,-3,6,uzbekistan,0.12,0.5,-3,0.88,8.33,2.0,8
Pakhtakor,8,2,0,6,9,17,-8,6,uzbekistan,0.25,0.25,-8,1.12,4.0,4.0,8
FK Olympic,8,1,3,4,8,18,-10,6,uzbekistan,0.12,0.5,-10,1.0,8.33,2.0,8
Andijan,8,0,5,3,9,16,-7,5,uzbekistan,0.0,0.62,-7,1.12,0.0,1.61,9
Qizilqum,8,0,3,5,4,11,-7,3,uzbekistan,0.0,0.38,-7,0.5,0.0,2.63,10
Thanh Hoa,5,4,1,0,9,3,6,13,vietnam,0.8,1.0,6,1.8,1.25,1.0,1
Nam Dinh,5,3,1,1,9,3,6,10,vietnam,0.6,0.8,6,1.8,1.67,1.25,2
Viettel,4,2,2,0,8,2,6,8,vietnam,0.5,1.0,6,2.0,2.0,1.0,3
Hong Linh Ha T.,4,1,3,0,6,4,2,6,vietnam,0.25,1.0,2,1.5,4.0,1.0,4
Cong An Nhan,5,1,2,2,6,5,1,5,vietnam,0.2,0.6,1,1.2,5.0,1.67,5
Ha Noi,4,1,2,1,5,4,1,5,vietnam,0.25,0.75,1,1.25,4.0,1.33,5
Ho Chi Minh,4,1,2,1,3,5,-2,5,vietnam,0.25,0.75,-2,0.75,4.0,1.33,5
Gia Lai,5,1,1,3,6,8,-2,4,vietnam,0.2,0.4,-2,1.2,5.0,2.5,6
Binh Duong,5,1,1,3,3,5,-2,4,vietnam,0.2,0.4,-2,0.6,5.0,2.5,6
Binh Dinh,4,1,1,2,1,4,-3,4,vietnam,0.25,0.5,-3,0.25,4.0,2.0,6
Hai Phong,5,0,3,2,4,7,-3,3,vietnam,0.0,0.6,-3,0.8,0.0,1.67,7
Quang Nam,4,0,2,2,0,2,-2,2,vietnam,0.0,0.5,-2,0.0,0.0,2.0,8
Song Lam Nghe,4,0,2,2,4,9,-5,2,vietnam,0.0,0.5,-5,1.0,0.0,2.0,8
Da Nang,5,0,1,4,2,12,-10,1,vietnam,0.0,0.2,-10,0.4,0.0,5.0,9
Phu Dong,3,3,0,0,6,0,6,9,vietnam2,1.0,1.0,6,2.0,1.0,1.0,1
Binh Phuoc,3,2,1,0,2,0,2,7,vietnam2,0.67,1.0,2,0.67,1.49,1.0,2
PVF-CAND,3,1,2,0,3,0,3,5,vietnam2,0.33,1.0,3,1.0,3.03,1.0,3
Hue,2,1,0,1,4,3,1,3,vietnam2,0.5,0.5,1,2.0,2.0,2.0,4
Dong Thap,2,0,2,0,2,2,0,2,vietnam2,0.0,1.0,0,1.0,0.0,1.0,5
Ho Chi Minh B,2,0,1,1,1,3,-2,1,vietnam2,0.0,0.5,-2,0.5,0.0,2.0,6
Long An,2,0,1,1,0,2,-2,1,vietnam2,0.0,0.5,-2,0.0,0.0,2.0,6
S. Khanh Hoa,2,0,1,1,0,2,-2,1,vietnam2,0.0,0.5,-2,0.0,0.0,2.0,6
Dong Nai,3,0,1,2,2,6,-4,1,vietnam2,0.0,0.33,-4,0.67,0.0,3.03,6
Ba Ria Vung Tau,1,0,0,1,2,3,-1,0,vietnam2,0.0,0.0,-1,2.0,0.0,0.0,7
Hoa Binh,2,0,0,2,1,3,-2,0,vietnam2,0.0,0.0,-2,0.5,0.0,0.0,7
Penybont,8,5,2,1,15,6,9,17,wales,0.62,0.88,9,1.88,1.61,1.14,1
The New Saints,8,5,0,3,19,11,8,15,wales,0.62,0.62,8,2.38,1.61,1.61,2
Caernarfon,8,4,3,1,10,8,2,15,wales,0.5,0.88,2,1.25,2.0,1.14,2
Haverfordwest,8,4,1,3,10,6,4,13,wales,0.5,0.62,4,1.25,2.0,1.61,3
Connahs Quay,8,3,2,3,13,9,4,11,wales,0.38,0.62,4,1.62,2.63,1.61,4
Bala Town,8,1,7,0,11,10,1,10,wales,0.12,1.0,1,1.38,8.33,1.0,5
Barry,8,3,1,4,13,19,-6,10,wales,0.38,0.5,-6,1.62,2.63,2.0,5
Cardiff MU,8,3,0,5,7,11,-4,9,wales,0.38,0.38,-4,0.88,2.63,2.63,6
Newtown,8,2,2,4,10,15,-5,8,wales,0.25,0.5,-5,1.25,4.0,2.0,7
Flint,8,2,1,5,11,20,-9,7,wales,0.25,0.38,-9,1.38,4.0,2.63,8
Briton Ferry,8,1,0,7,8,18,-10,3,wales,0.12,0.12,-10,1.0,8.33,8.33,9
Aberystwyth,8,1,0,7,4,20,-16,3,wales,0.12,0.12,-16,0.5,8.33,8.33,9
