Equipe_Fora,GP,W,D,L,GF,GA,GD,Pts_Away,Liga,PIA,PIA_HA,GD_Away,GF_AVG_Away,Odd_Justa_MO,Odd_Justa_HA,Rank_Away
Partizani T.,8,4,3,1,12,6,6,15,Albania - Abissnet Superiore,0.5,0.5,6,1.5,2.0,2.0,1
Egnatia R.,8,4,1,3,12,7,5,13,Albania - Abissnet Superiore,0.5,0.5,5,1.5,2.0,2.0,2
Dinamo Tirana,8,2,5,1,13,8,5,11,Albania - Abissnet Superiore,0.25,0.75,5,1.62,4.0,1.33,3
Vllaznia S.,8,3,1,4,13,13,0,10,Albania - Abissnet Superiore,0.38,0.62,0,1.62,2.63,1.61,4
AF Elbasani,8,2,4,2,8,9,-1,10,Albania - Abissnet Superiore,0.25,0.75,-1,1.0,4.0,1.33,4
Laci,8,1,3,4,6,9,-3,6,Albania - Abissnet Superiore,0.12,0.88,-3,0.75,8.33,1.14,5
Skenderbeu K.,8,1,3,4,5,9,-4,6,Albania - Abissnet Superiore,0.12,0.88,-4,0.62,8.33,1.14,5
Bylis,8,1,3,4,7,13,-6,6,Albania - Abissnet Superiore,0.12,0.88,-6,0.88,8.33,1.14,5
KF Tirana,8,1,2,5,8,12,-4,5,Albania - Abissnet Superiore,0.12,0.88,-4,1.0,8.33,1.14,6
Teuta Durres,8,0,3,5,4,14,-10,3,Albania - Abissnet Superiore,0.0,1.0,-10,0.5,0.0,1.0,7
Rosario Central,1,1,0,0,3,0,3,3,Argentina - Liga Profesional,1.0,0.0,3,3.0,1.0,0.0,1
Racing Club,1,1,0,0,3,1,2,3,Argentina - Liga Profesional,1.0,0.0,2,3.0,1.0,0.0,1
D. Riestra,1,1,0,0,2,0,2,3,Argentina - Liga Profesional,1.0,0.0,2,2.0,1.0,0.0,1
San Lorenzo,1,1,0,0,2,0,2,3,Argentina - Liga Profesional,1.0,0.0,2,2.0,1.0,0.0,1
Independiente,1,1,0,0,3,2,1,3,Argentina - Liga Profesional,1.0,0.0,1,3.0,1.0,0.0,1
A. Tucuman,1,1,0,0,1,0,1,3,Argentina - Liga Profesional,1.0,0.0,1,1.0,1.0,0.0,1
Banfield,1,1,0,0,1,0,1,3,Argentina - Liga Profesional,1.0,0.0,1,1.0,1.0,0.0,1
I. Rivadavia,1,1,0,0,1,0,1,3,Argentina - Liga Profesional,1.0,0.0,1,1.0,1.0,0.0,1
Platense,1,1,0,0,1,0,1,3,Argentina - Liga Profesional,1.0,0.0,1,1.0,1.0,0.0,1
Boca Juniors,1,0,1,0,1,1,0,1,Argentina - Liga Profesional,0.0,1.0,0,1.0,0.0,1.0,2
Huracan,1,0,1,0,1,1,0,1,Argentina - Liga Profesional,0.0,1.0,0,1.0,0.0,1.0,2
River Plate,1,0,1,0,1,1,0,1,Argentina - Liga Profesional,0.0,1.0,0,1.0,0.0,1.0,2
Argentinos Jrs,1,0,1,0,0,0,0,1,Argentina - Liga Profesional,0.0,1.0,0,0.0,0.0,1.0,2
Barracas C.,1,0,1,0,0,0,0,1,Argentina - Liga Profesional,0.0,1.0,0,0.0,0.0,1.0,2
Estudiantes,1,0,1,0,0,0,0,1,Argentina - Liga Profesional,0.0,1.0,0,0.0,0.0,1.0,2
Godoy Cruz,1,0,1,0,0,0,0,1,Argentina - Liga Profesional,0.0,1.0,0,0.0,0.0,1.0,2
SM San Juan,1,0,1,0,0,0,0,1,Argentina - Liga Profesional,0.0,1.0,0,0.0,0.0,1.0,2
Belgrano,0,0,0,0,0,0,0,0,Argentina - Liga Profesional,0.0,0.0,0,0.0,0.0,0.0,3
Central Cordoba,0,0,0,0,0,0,0,0,Argentina - Liga Profesional,0.0,0.0,0,0.0,0.0,0.0,3
Defensa y J.,0,0,0,0,0,0,0,0,Argentina - Liga Profesional,0.0,0.0,0,0.0,0.0,0.0,3
Tigre,0,0,0,0,0,0,0,0,Argentina - Liga Profesional,0.0,0.0,0,0.0,0.0,0.0,3
Lanus,1,0,0,1,1,2,-1,0,Argentina - Liga Profesional,0.0,1.0,-1,1.0,0.0,1.0,3
Sarmiento,1,0,0,1,1,2,-1,0,Argentina - Liga Profesional,0.0,1.0,-1,1.0,0.0,1.0,3
Aldosivi,1,0,0,1,0,1,-1,0,Argentina - Liga Profesional,0.0,1.0,-1,0.0,0.0,1.0,3
Instituto,1,0,0,1,0,1,-1,0,Argentina - Liga Profesional,0.0,1.0,-1,0.0,0.0,1.0,3
T. de Cordoba,1,0,0,1,0,1,-1,0,Argentina - Liga Profesional,0.0,1.0,-1,0.0,0.0,1.0,3
Union Santa Fe,1,0,0,1,1,3,-2,0,Argentina - Liga Profesional,0.0,1.0,-2,1.0,0.0,1.0,3
Gimnasia,1,0,0,1,0,3,-3,0,Argentina - Liga Profesional,0.0,1.0,-3,0.0,0.0,1.0,3
Newells,1,0,0,1,0,3,-3,0,Argentina - Liga Profesional,0.0,1.0,-3,0.0,0.0,1.0,3
Agropecuario,0,0,0,0,0,0,0,0,Argentina - Primera Nacional,0.0,0.0,0,0.0,0.0,0.0,1
All Boys,0,0,0,0,0,0,0,0,Argentina - Primera Nacional,0.0,0.0,0,0.0,0.0,0.0,1
Almagro,0,0,0,0,0,0,0,0,Argentina - Primera Nacional,0.0,0.0,0,0.0,0.0,0.0,1
Almirante Brown,0,0,0,0,0,0,0,0,Argentina - Primera Nacional,0.0,0.0,0,0.0,0.0,0.0,1
Alvarado,0,0,0,0,0,0,0,0,Argentina - Primera Nacional,0.0,0.0,0,0.0,0.0,0.0,1
Arsenal Sarandi,0,0,0,0,0,0,0,0,Argentina - Primera Nacional,0.0,0.0,0,0.0,0.0,0.0,1
Atlanta,0,0,0,0,0,0,0,0,Argentina - Primera Nacional,0.0,0.0,0,0.0,0.0,0.0,1
Atletico Mitre,0,0,0,0,0,0,0,0,Argentina - Primera Nacional,0.0,0.0,0,0.0,0.0,0.0,1
CA Estudiantes,0,0,0,0,0,0,0,0,Argentina - Primera Nacional,0.0,0.0,0,0.0,0.0,0.0,1
CA Guemes,0,0,0,0,0,0,0,0,Argentina - Primera Nacional,0.0,0.0,0,0.0,0.0,0.0,1
Central Norte,0,0,0,0,0,0,0,0,Argentina - Primera Nacional,0.0,0.0,0,0.0,0.0,0.0,1
Chacarita J.,0,0,0,0,0,0,0,0,Argentina - Primera Nacional,0.0,0.0,0,0.0,0.0,0.0,1
Chaco For Ever,0,0,0,0,0,0,0,0,Argentina - Primera Nacional,0.0,0.0,0,0.0,0.0,0.0,1
Colegiales,0,0,0,0,0,0,0,0,Argentina - Primera Nacional,0.0,0.0,0,0.0,0.0,0.0,1
Colon Santa Fe,0,0,0,0,0,0,0,0,Argentina - Primera Nacional,0.0,0.0,0,0.0,0.0,0.0,1
D. de Belgrano,0,0,0,0,0,0,0,0,Argentina - Primera Nacional,0.0,0.0,0,0.0,0.0,0.0,1
D. Madryn,0,0,0,0,0,0,0,0,Argentina - Primera Nacional,0.0,0.0,0,0.0,0.0,0.0,1
Defensores U.,0,0,0,0,0,0,0,0,Argentina - Primera Nacional,0.0,0.0,0,0.0,0.0,0.0,1
Deportivo Maipu,0,0,0,0,0,0,0,0,Argentina - Primera Nacional,0.0,0.0,0,0.0,0.0,0.0,1
Deportivo Moron,0,0,0,0,0,0,0,0,Argentina - Primera Nacional,0.0,0.0,0,0.0,0.0,0.0,1
E. Rio Cuarto,0,0,0,0,0,0,0,0,Argentina - Primera Nacional,0.0,0.0,0,0.0,0.0,0.0,1
Ferro Carril,0,0,0,0,0,0,0,0,Argentina - Primera Nacional,0.0,0.0,0,0.0,0.0,0.0,1
G. Mendoza,0,0,0,0,0,0,0,0,Argentina - Primera Nacional,0.0,0.0,0,0.0,0.0,0.0,1
Gimnasia Jujuy,0,0,0,0,0,0,0,0,Argentina - Primera Nacional,0.0,0.0,0,0.0,0.0,0.0,1
Gimnasia y Tiro,0,0,0,0,0,0,0,0,Argentina - Primera Nacional,0.0,0.0,0,0.0,0.0,0.0,1
Los Andes,0,0,0,0,0,0,0,0,Argentina - Primera Nacional,0.0,0.0,0,0.0,0.0,0.0,1
Nueva Chicago,0,0,0,0,0,0,0,0,Argentina - Primera Nacional,0.0,0.0,0,0.0,0.0,0.0,1
Patronato,0,0,0,0,0,0,0,0,Argentina - Primera Nacional,0.0,0.0,0,0.0,0.0,0.0,1
Quilmes,0,0,0,0,0,0,0,0,Argentina - Primera Nacional,0.0,0.0,0,0.0,0.0,0.0,1
Deportivo Merlo,8,5,2,1,7,2,5,17,Argentina - Primera B,0.62,0.38,5,0.88,1.61,2.63,1
A. Quilmes,8,4,3,1,8,3,5,15,Argentina - Primera B,0.5,0.5,5,1.0,2.0,2.0,2
Dock Sud,8,4,2,2,11,8,3,14,Argentina - Primera B,0.5,0.5,3,1.38,2.0,2.0,3
D. Armenio,8,4,2,2,10,7,3,14,Argentina - Primera B,0.5,0.5,3,1.25,2.0,2.0,3
Comunicaciones,8,4,2,2,7,4,3,14,Argentina - Primera B,0.5,0.5,3,0.88,2.0,2.0,3
Argentino Merlo,8,4,2,2,8,8,0,14,Argentina - Primera B,0.5,0.5,0,1.0,2.0,2.0,3
Colegiales,8,4,0,4,11,11,0,12,Argentina - Primera B,0.5,0.5,0,1.38,2.0,2.0,4
Villa Dalmine,8,3,2,3,4,4,0,11,Argentina - Primera B,0.38,0.62,0,0.5,2.63,1.61,5
Midland,8,2,4,2,9,7,2,10,Argentina - Primera B,0.25,0.75,2,1.12,4.0,1.33,6
Acassuso,8,2,4,2,6,7,-1,10,Argentina - Primera B,0.25,0.75,-1,0.75,4.0,1.33,6
UAI Urquiza,8,3,1,4,8,12,-4,10,Argentina - Primera B,0.38,0.62,-4,1.0,2.63,1.61,6
V. San Carlos,8,2,3,3,5,9,-4,9,Argentina - Primera B,0.25,0.75,-4,0.62,4.0,1.33,7
Sacachispas,8,2,2,4,4,8,-4,8,Argentina - Primera B,0.25,0.75,-4,0.5,4.0,1.33,8
Flandria,8,2,2,4,6,11,-5,8,Argentina - Primera B,0.25,0.75,-5,0.75,4.0,1.33,8
Excursionistas,8,1,4,3,8,12,-4,7,Argentina - Primera B,0.12,0.88,-4,1.0,8.33,1.14,9
Liniers,8,1,4,3,3,8,-5,7,Argentina - Primera B,0.12,0.88,-5,0.38,8.33,1.14,9
S. Italiano,8,1,3,4,7,13,-6,6,Argentina - Primera B,0.12,0.88,-6,0.88,8.33,1.14,10
Canuelas,8,1,2,5,6,10,-4,5,Argentina - Primera B,0.12,0.88,-4,0.75,8.33,1.14,11
D. Laferrere,8,0,4,4,1,12,-11,4,Argentina - Primera B,0.0,1.0,-11,0.12,0.0,1.0,12
Los Andes,8,0,2,6,4,13,-9,2,Argentina - Primera B,0.0,1.0,-9,0.5,0.0,1.0,13
SM Burzaco,8,0,1,7,2,14,-12,1,Argentina - Primera B,0.0,1.0,-12,0.25,0.0,1.0,14
Fenix,8,0,1,7,1,15,-14,1,Argentina - Primera B,0.0,1.0,-14,0.12,0.0,1.0,14
Olimpo Bahia B.,8,4,3,1,11,6,5,15,Argentina - Torneo Federal,0.5,0.5,5,1.38,2.0,2.0,1
Gutierrez,8,4,3,1,7,4,3,15,Argentina - Torneo Federal,0.5,0.5,3,0.88,2.0,2.0,1
Camioneros,8,3,5,0,10,5,5,14,Argentina - Torneo Federal,0.38,0.62,5,1.25,2.63,1.61,2
Central Norte,8,4,2,2,10,6,4,14,Argentina - Torneo Federal,0.5,0.5,4,1.25,2.0,2.0,2
D. Belgrano VR,8,3,4,1,7,4,3,13,Argentina - Torneo Federal,0.38,0.62,3,0.88,2.63,1.61,3
Villa Mitre,8,3,3,2,7,5,2,12,Argentina - Torneo Federal,0.38,0.62,2,0.88,2.63,1.61,4
S. Belgrano,8,3,2,3,6,3,3,11,Argentina - Torneo Federal,0.38,0.62,3,0.75,2.63,1.61,5
S. Las Parejas,8,3,2,3,7,6,1,11,Argentina - Torneo Federal,0.38,0.62,1,0.88,2.63,1.61,5
Germinal,8,2,5,1,7,7,0,11,Argentina - Torneo Federal,0.25,0.75,0,0.88,4.0,1.33,5
Argentino MM,8,3,2,3,5,5,0,11,Argentina - Torneo Federal,0.38,0.62,0,0.62,2.63,1.61,5
Kimberley,8,2,4,2,7,7,0,10,Argentina - Torneo Federal,0.25,0.75,0,0.88,4.0,1.33,6
9 Julio Rafaela,8,2,4,2,8,9,-1,10,Argentina - Torneo Federal,0.25,0.75,-1,1.0,4.0,1.33,6
El Linqueno,8,3,1,4,5,7,-2,10,Argentina - Torneo Federal,0.38,0.62,-2,0.62,2.63,1.61,6
Juventud U. U.,8,3,1,4,7,11,-4,10,Argentina - Torneo Federal,0.38,0.62,-4,0.88,2.63,1.61,6
Douglas Haig,8,2,3,3,9,10,-1,9,Argentina - Torneo Federal,0.25,0.75,-1,1.12,4.0,1.33,7
Sarmiento DLB,8,2,3,3,7,8,-1,9,Argentina - Torneo Federal,0.25,0.75,-1,0.88,4.0,1.33,7
I. Chivilcoy,8,1,5,2,3,4,-1,8,Argentina - Torneo Federal,0.12,0.88,-1,0.38,8.33,1.14,8
SM Formosa,8,2,2,4,6,8,-2,8,Argentina - Torneo Federal,0.25,0.75,-2,0.75,4.0,1.33,8
Santamarina,8,2,2,4,5,8,-3,8,Argentina - Torneo Federal,0.25,0.75,-3,0.62,4.0,1.33,8
Ciudad Bolivar,8,2,1,5,8,7,1,7,Argentina - Torneo Federal,0.25,0.75,1,1.0,4.0,1.33,9
Sol de America,8,1,4,3,5,9,-4,7,Argentina - Torneo Federal,0.12,0.88,-4,0.62,8.33,1.14,9
Atenas,8,2,0,6,7,12,-5,6,Argentina - Torneo Federal,0.25,0.75,-5,0.88,4.0,1.33,10
SM Mendoza,8,2,0,6,4,9,-5,6,Argentina - Torneo Federal,0.25,0.75,-5,0.5,4.0,1.33,10
Huracan Las H.,8,0,5,3,5,9,-4,5,Argentina - Torneo Federal,0.0,1.0,-4,0.62,0.0,1.0,11
Crucero del N.,8,1,2,5,6,12,-6,5,Argentina - Torneo Federal,0.12,0.88,-6,0.75,8.33,1.14,11
Gimnasia E.,8,1,2,5,5,16,-11,5,Argentina - Torneo Federal,0.12,0.88,-11,0.62,8.33,1.14,11
Cipolletti,8,0,4,4,4,10,-6,4,Argentina - Torneo Federal,0.0,1.0,-6,0.5,0.0,1.0,12
Boca Unidos,8,1,1,6,7,14,-7,4,Argentina - Torneo Federal,0.12,0.88,-7,0.88,8.33,1.14,12
S. Estudiantes,8,1,1,6,6,15,-9,4,Argentina - Torneo Federal,0.12,0.88,-9,0.75,8.33,1.14,12
Pyunik,8,6,0,2,18,7,11,18,Armenia - Premier League,0.75,0.25,11,2.25,1.33,4.0,1
Noah,8,5,1,2,20,7,13,16,Armenia - Premier League,0.62,0.38,13,2.5,1.61,2.63,2
Ararat-Armenia,8,4,2,2,16,10,6,14,Armenia - Premier League,0.5,0.5,6,2.0,2.0,2.0,3
Urartu,8,4,1,3,15,9,6,13,Armenia - Premier League,0.5,0.5,6,1.88,2.0,2.0,4
Van,8,4,1,3,10,10,0,13,Armenia - Premier League,0.5,0.5,0,1.25,2.0,2.0,4
Shirak,8,4,1,3,9,11,-2,13,Armenia - Premier League,0.5,0.5,-2,1.12,2.0,2.0,4
West Armenia,8,4,0,4,9,18,-9,12,Armenia - Premier League,0.5,0.5,-9,1.12,2.0,2.0,5
BKMA,8,3,1,4,19,19,0,10,Armenia - Premier League,0.38,0.62,0,2.38,2.63,1.61,6
Alashkert,8,2,1,5,4,11,-7,7,Armenia - Premier League,0.25,0.75,-7,0.5,4.0,1.33,7
Ararat Yerevan,8,2,1,5,7,17,-10,7,Armenia - Premier League,0.25,0.75,-10,0.88,4.0,1.33,7
Gandzasar,8,0,2,6,3,19,-16,2,Armenia - Premier League,0.0,1.0,-16,0.38,0.0,1.0,8
Adelaide Utd,6,6,0,0,16,7,9,18,Australia - A-League,1.0,0.0,9,2.67,1.0,0.0,1
Macarthur FC,7,5,1,1,14,7,7,16,Australia - A-League,0.71,0.29,7,2.0,1.41,3.45,2
Western United,8,5,1,2,20,14,6,16,Australia - A-League,0.62,0.38,6,2.5,1.61,2.63,2
Melbourne City,8,4,2,2,13,7,6,14,Australia - A-League,0.5,0.5,6,1.62,2.0,2.0,3
Auckland,7,4,2,1,12,6,6,14,Australia - A-League,0.57,0.43,6,1.71,1.75,2.33,3
Central Coast,8,3,4,1,13,11,2,13,Australia - A-League,0.38,0.62,2,1.62,2.63,1.61,4
WS Wanderers,6,3,2,1,12,10,2,11,Australia - A-League,0.5,0.5,2,2.0,2.0,2.0,5
Wellington,6,3,0,3,9,9,0,9,Australia - A-League,0.5,0.5,0,1.5,2.0,2.0,6
Sydney FC,8,2,3,3,11,13,-2,9,Australia - A-League,0.25,0.75,-2,1.38,4.0,1.33,6
Newcastle Jets,7,3,0,4,10,12,-2,9,Australia - A-League,0.43,0.57,-2,1.43,2.33,1.75,6
Melbourne V.,7,2,2,3,8,9,-1,8,Australia - A-League,0.29,0.71,-1,1.14,3.45,1.41,7
Perth Glory,7,1,3,3,6,15,-9,6,Australia - A-League,0.14,0.86,-9,0.86,7.14,1.16,8
Brisbane Roar,7,1,2,4,10,15,-5,5,Australia - A-League,0.14,0.86,-5,1.43,7.14,1.16,9
Altona Magic,0,0,0,0,0,0,0,0,Australia - NPL Victoria,0.0,0.0,0,0.0,0.0,0.0,1
Avondale,0,0,0,0,0,0,0,0,Australia - NPL Victoria,0.0,0.0,0,0.0,0.0,0.0,1
Dandenong City,0,0,0,0,0,0,0,0,Australia - NPL Victoria,0.0,0.0,0,0.0,0.0,0.0,1
Dandenong T.,0,0,0,0,0,0,0,0,Australia - NPL Victoria,0.0,0.0,0,0.0,0.0,0.0,1
Green Gully,0,0,0,0,0,0,0,0,Australia - NPL Victoria,0.0,0.0,0,0.0,0.0,0.0,1
Heidelberg Utd,0,0,0,0,0,0,0,0,Australia - NPL Victoria,0.0,0.0,0,0.0,0.0,0.0,1
Hume City,0,0,0,0,0,0,0,0,Australia - NPL Victoria,0.0,0.0,0,0.0,0.0,0.0,1
M. Victory B,0,0,0,0,0,0,0,0,Australia - NPL Victoria,0.0,0.0,0,0.0,0.0,0.0,1
Melbourne K.,0,0,0,0,0,0,0,0,Australia - NPL Victoria,0.0,0.0,0,0.0,0.0,0.0,1
Oakleigh C.,0,0,0,0,0,0,0,0,Australia - NPL Victoria,0.0,0.0,0,0.0,0.0,0.0,1
Port Melbourne,0,0,0,0,0,0,0,0,Australia - NPL Victoria,0.0,0.0,0,0.0,0.0,0.0,1
Preston Lions,0,0,0,0,0,0,0,0,Australia - NPL Victoria,0.0,0.0,0,0.0,0.0,0.0,1
South Melbourne,0,0,0,0,0,0,0,0,Australia - NPL Victoria,0.0,0.0,0,0.0,0.0,0.0,1
St. Albans,0,0,0,0,0,0,0,0,Australia - NPL Victoria,0.0,0.0,0,0.0,0.0,0.0,1
Brisbane City,0,0,0,0,0,0,0,0,Australia - NPL Queensland,0.0,0.0,0,0.0,0.0,0.0,1
Brisbane Roar B,0,0,0,0,0,0,0,0,Australia - NPL Queensland,0.0,0.0,0,0.0,0.0,0.0,1
Eastern Suburbs,0,0,0,0,0,0,0,0,Australia - NPL Queensland,0.0,0.0,0,0.0,0.0,0.0,1
Gold C. Knights,0,0,0,0,0,0,0,0,Australia - NPL Queensland,0.0,0.0,0,0.0,0.0,0.0,1
Gold C. Utd,0,0,0,0,0,0,0,0,Australia - NPL Queensland,0.0,0.0,0,0.0,0.0,0.0,1
Moreton City E.,0,0,0,0,0,0,0,0,Australia - NPL Queensland,0.0,0.0,0,0.0,0.0,0.0,1
Olympic FC,0,0,0,0,0,0,0,0,Australia - NPL Queensland,0.0,0.0,0,0.0,0.0,0.0,1
Peninsula,0,0,0,0,0,0,0,0,Australia - NPL Queensland,0.0,0.0,0,0.0,0.0,0.0,1
Q. Lions,0,0,0,0,0,0,0,0,Australia - NPL Queensland,0.0,0.0,0,0.0,0.0,0.0,1
SC Wanderers,0,0,0,0,0,0,0,0,Australia - NPL Queensland,0.0,0.0,0,0.0,0.0,0.0,1
St George W.,0,0,0,0,0,0,0,0,Australia - NPL Queensland,0.0,0.0,0,0.0,0.0,0.0,1
Wynnum Wolves,0,0,0,0,0,0,0,0,Australia - NPL Queensland,0.0,0.0,0,0.0,0.0,0.0,1
Sturm Graz,8,5,2,1,14,7,7,17,Austria - Bundesliga,0.62,0.38,7,1.75,1.61,2.63,1
LASK Linz,8,4,1,3,11,10,1,13,Austria - Bundesliga,0.5,0.5,1,1.38,2.0,2.0,2
Wolfsberger AC,7,4,0,3,15,11,4,12,Austria - Bundesliga,0.57,0.43,4,2.14,1.75,2.33,3
Austria Wien,8,3,2,3,8,8,0,11,Austria - Bundesliga,0.38,0.62,0,1.0,2.63,1.61,4
Rapid Wien,8,1,6,1,7,9,-2,9,Austria - Bundesliga,0.12,0.88,-2,0.88,8.33,1.14,5
Tirol,8,3,0,5,11,14,-3,9,Austria - Bundesliga,0.38,0.62,-3,1.38,2.63,1.61,5
Salzburg,8,2,3,3,7,13,-6,9,Austria - Bundesliga,0.25,0.75,-6,0.88,4.0,1.33,5
Hartberg,8,2,2,4,10,14,-4,8,Austria - Bundesliga,0.25,0.75,-4,1.25,4.0,1.33,6
BW Linz,8,2,2,4,9,15,-6,8,Austria - Bundesliga,0.25,0.75,-6,1.12,4.0,1.33,6
A. Klagenfurt,8,2,1,5,5,20,-15,7,Austria - Bundesliga,0.25,0.75,-15,0.62,4.0,1.33,7
Grazer AK,8,1,3,4,10,17,-7,6,Austria - Bundesliga,0.12,0.88,-7,1.25,8.33,1.14,8
Altach,8,1,1,6,5,14,-9,4,Austria - Bundesliga,0.12,0.88,-9,0.62,8.33,1.14,9
Ried,8,6,1,1,13,4,9,19,Austria - 2. Liga,0.75,0.25,9,1.62,1.33,4.0,1
Admira Wacker,8,6,1,1,14,8,6,19,Austria - 2. Liga,0.75,0.25,6,1.75,1.33,4.0,1
First Vienna,7,5,1,1,17,10,7,16,Austria - 2. Liga,0.71,0.29,7,2.43,1.41,3.45,2
St. Polten,8,5,0,3,16,10,6,15,Austria - 2. Liga,0.62,0.38,6,2.0,1.61,2.63,3
Liefering,8,4,1,3,10,13,-3,13,Austria - 2. Liga,0.5,0.5,-3,1.25,2.0,2.0,4
Kapfenberger,8,4,1,3,8,14,-6,13,Austria - 2. Liga,0.5,0.5,-6,1.0,2.0,2.0,4
Sturm Graz B,8,3,3,2,17,12,5,12,Austria - 2. Liga,0.38,0.62,5,2.12,2.63,1.61,5
A. Lustenau,8,3,3,2,8,8,0,12,Austria - 2. Liga,0.38,0.62,0,1.0,2.63,1.61,5
Voitsberg,8,3,2,3,11,9,2,11,Austria - 2. Liga,0.38,0.62,2,1.38,2.63,1.61,6
Amstetten,7,3,2,2,10,8,2,11,Austria - 2. Liga,0.43,0.57,2,1.43,2.33,1.75,6
Rapid Wien B,8,3,2,3,15,17,-2,11,Austria - 2. Liga,0.38,0.62,-2,1.88,2.63,1.61,6
Bregenz,7,2,4,1,8,8,0,10,Austria - 2. Liga,0.29,0.71,0,1.14,3.45,1.41,7
Floridsdorfer,8,2,2,4,9,10,-1,8,Austria - 2. Liga,0.25,0.75,-1,1.12,4.0,1.33,8
SV Horn,8,2,0,6,6,22,-16,6,Austria - 2. Liga,0.25,0.75,-16,0.75,4.0,1.33,9
Stripfing,8,0,4,4,5,11,-6,4,Austria - 2. Liga,0.0,1.0,-6,0.62,0.0,1.0,10
Lafnitz,8,1,1,6,6,20,-14,4,Austria - 2. Liga,0.12,0.88,-14,0.75,8.33,1.14,10
Qarabag,8,6,2,0,17,2,15,20,Azerbaijan - Premier League,0.75,0.25,15,2.12,1.33,4.0,1
Araz,8,5,1,2,8,4,4,16,Azerbaijan - Premier League,0.62,0.38,4,1.0,1.61,2.63,2
Zira,8,4,1,3,11,9,2,13,Azerbaijan - Premier League,0.5,0.5,2,1.38,2.0,2.0,3
Turan,8,2,4,2,13,14,-1,10,Azerbaijan - Premier League,0.25,0.75,-1,1.62,4.0,1.33,4
Sabah,8,2,3,3,11,12,-1,9,Azerbaijan - Premier League,0.25,0.75,-1,1.38,4.0,1.33,5
Shamakhi,8,2,1,5,10,15,-5,7,Azerbaijan - Premier League,0.25,0.75,-5,1.25,4.0,1.33,6
Sumqayit,8,1,3,4,3,12,-9,6,Azerbaijan - Premier League,0.12,0.88,-9,0.38,8.33,1.14,7
Sebail,8,1,1,6,6,11,-5,4,Azerbaijan - Premier League,0.12,0.88,-5,0.75,8.33,1.14,8
Kapaz,8,1,1,6,5,15,-10,4,Azerbaijan - Premier League,0.12,0.88,-10,0.62,8.33,1.14,8
Neftci,8,0,3,5,5,15,-10,3,Azerbaijan - Premier League,0.0,1.0,-10,0.62,0.0,1.0,9
Al-Najma,5,4,0,1,11,7,4,12,Bahrain - Premier League,0.8,0.2,4,2.2,1.25,5.0,1
Al Shabbab,5,3,0,2,6,7,-1,9,Bahrain - Premier League,0.6,0.4,-1,1.2,1.67,2.5,2
Malkiya,5,2,1,2,5,8,-3,7,Bahrain - Premier League,0.4,0.6,-3,1.0,2.5,1.67,3
Bahrain SC,5,2,1,2,5,10,-5,7,Bahrain - Premier League,0.4,0.6,-5,1.0,2.5,1.67,3
Khalidiya,4,2,0,2,10,6,4,6,Bahrain - Premier League,0.5,0.5,4,2.5,2.0,2.0,4
Sitra,3,1,2,0,6,4,2,5,Bahrain - Premier League,0.33,0.67,2,2.0,3.03,1.49,5
Al-Muharraq,4,1,2,1,3,3,0,5,Bahrain - Premier League,0.25,0.75,0,0.75,4.0,1.33,5
Al Ahli M.,4,1,0,3,7,10,-3,3,Bahrain - Premier League,0.25,0.75,-3,1.75,4.0,1.33,6
Al Riffa,4,0,2,2,0,3,-3,2,Bahrain - Premier League,0.0,1.0,-3,0.0,0.0,1.0,7
AAli FC,5,0,2,3,5,12,-7,2,Bahrain - Premier League,0.0,1.0,-7,1.0,0.0,1.0,7
Manama,4,0,1,3,1,9,-8,1,Bahrain - Premier League,0.0,1.0,-8,0.25,0.0,1.0,8
East Riffa,4,0,0,4,4,8,-4,0,Bahrain - Premier League,0.0,1.0,-4,1.0,0.0,1.0,9
Mohammedan,5,5,0,0,18,3,15,15,Bangladesh - Premier League,1.0,0.0,15,3.6,1.0,0.0,1
Abahani,6,3,2,1,7,1,6,11,Bangladesh - Premier League,0.5,0.5,6,1.17,2.0,2.0,2
Bashundhara K.,5,2,1,2,11,3,8,7,Bangladesh - Premier League,0.4,0.6,8,2.2,2.5,1.67,3
Rahmatgonj,4,2,0,2,10,7,3,6,Bangladesh - Premier League,0.5,0.5,3,2.5,2.0,2.0,4
Fakirerpool,5,2,0,3,5,11,-6,6,Bangladesh - Premier League,0.4,0.6,-6,1.0,2.5,1.67,4
Brothers Union,4,1,2,1,7,6,1,5,Bangladesh - Premier League,0.25,0.75,1,1.75,4.0,1.33,5
Fortis,4,1,1,2,5,5,0,4,Bangladesh - Premier League,0.25,0.75,0,1.25,4.0,1.33,6
B. Police,4,1,0,3,5,5,0,3,Bangladesh - Premier League,0.25,0.75,0,1.25,4.0,1.33,7
Dhaka Wanderers,4,0,1,3,3,12,-9,1,Bangladesh - Premier League,0.0,1.0,-9,0.75,0.0,1.0,8
Chittagong,4,0,0,4,0,11,-11,0,Bangladesh - Premier League,0.0,1.0,-11,0.0,0.0,1.0,9
Neman Grodno,8,5,3,0,15,3,12,18,Belarus - Vysshaya Liga,0.62,0.38,12,1.88,1.61,2.63,1
T. Zhodino,8,4,2,2,11,5,6,14,Belarus - Vysshaya Liga,0.5,0.5,6,1.38,2.0,2.0,2
Slutsk,8,4,2,2,8,8,0,14,Belarus - Vysshaya Liga,0.5,0.5,0,1.0,2.0,2.0,2
Dinamo Minsk,8,3,3,2,9,5,4,12,Belarus - Vysshaya Liga,0.38,0.62,4,1.12,2.63,1.61,3
BATE Borisov,8,3,2,3,7,9,-2,11,Belarus - Vysshaya Liga,0.38,0.62,-2,0.88,2.63,1.61,4
Vitebsk,8,3,1,4,10,9,1,10,Belarus - Vysshaya Liga,0.38,0.62,1,1.25,2.63,1.61,5
Naftan,8,3,1,4,9,8,1,10,Belarus - Vysshaya Liga,0.38,0.62,1,1.12,2.63,1.61,5
Isloch,8,3,1,4,12,12,0,10,Belarus - Vysshaya Liga,0.38,0.62,0,1.5,2.63,1.61,5
Dinamo Brest,8,3,0,5,15,14,1,9,Belarus - Vysshaya Liga,0.38,0.62,1,1.88,2.63,1.61,6
Gomel,8,2,3,3,7,10,-3,9,Belarus - Vysshaya Liga,0.25,0.75,-3,0.88,4.0,1.33,6
FC Minsk,8,2,3,3,7,11,-4,9,Belarus - Vysshaya Liga,0.25,0.75,-4,0.88,4.0,1.33,6
Slavia Mozyr,8,1,4,3,4,9,-5,7,Belarus - Vysshaya Liga,0.12,0.88,-5,0.5,8.33,1.14,7
Arsenal D.,8,1,3,4,7,9,-2,6,Belarus - Vysshaya Liga,0.12,0.88,-2,0.88,8.33,1.14,8
Dnepr Mogilev,8,1,3,4,9,15,-6,6,Belarus - Vysshaya Liga,0.12,0.88,-6,1.12,8.33,1.14,8
S. Soligorsk,8,1,3,4,3,9,-6,6,Belarus - Vysshaya Liga,0.12,0.88,-6,0.38,8.33,1.14,8
Smorgon,8,0,2,6,9,18,-9,2,Belarus - Vysshaya Liga,0.0,1.0,-9,1.12,0.0,1.0,9
Maxline,8,8,0,0,24,6,18,24,Belarus - First League,1.0,0.0,18,3.0,1.0,0.0,1
Dinamo Minsk B,8,5,1,2,17,6,11,16,Belarus - First League,0.62,0.38,11,2.12,1.61,2.63,2
Niva,8,5,1,2,11,5,6,16,Belarus - First League,0.62,0.38,6,1.38,1.61,2.63,2
Belshina,8,4,2,2,26,16,10,14,Belarus - First League,0.5,0.5,10,3.25,2.0,2.0,3
Molodechno,8,4,1,3,11,11,0,13,Belarus - First League,0.5,0.5,0,1.38,2.0,2.0,4
ABFF U17,8,4,1,3,9,9,0,13,Belarus - First League,0.5,0.5,0,1.12,2.0,2.0,4
Orsha,8,3,3,2,15,13,2,12,Belarus - First League,0.38,0.62,2,1.88,2.63,1.61,5
Volna Pinsk,8,4,0,4,13,13,0,12,Belarus - First League,0.5,0.5,0,1.62,2.0,2.0,5
Lida,8,3,2,3,12,10,2,11,Belarus - First League,0.38,0.62,2,1.5,2.63,1.61,6
BATE B,8,3,1,4,9,17,-8,10,Belarus - First League,0.38,0.62,-8,1.12,2.63,1.61,7
Baranovichi,8,2,3,3,9,12,-3,9,Belarus - First League,0.25,0.75,-3,1.12,4.0,1.33,8
Ostrovets,8,3,0,5,11,16,-5,9,Belarus - First League,0.38,0.62,-5,1.38,2.63,1.61,8
S. Soligorsk B,8,2,1,5,5,14,-9,7,Belarus - First League,0.25,0.75,-9,0.62,4.0,1.33,9
Bumprom,8,0,4,4,1,9,-8,4,Belarus - First League,0.0,1.0,-8,0.12,0.0,1.0,10
Energetik-BGU,8,1,1,6,6,15,-9,4,Belarus - First League,0.12,0.88,-9,0.75,8.33,1.14,10
Lokomotiv Gomel,8,0,3,5,4,13,-9,3,Belarus - First League,0.0,1.0,-9,0.5,0.0,1.0,11
T. Zhodhino B,8,1,0,7,3,23,-20,3,Belarus - First League,0.12,0.88,-20,0.38,8.33,1.14,11
Slonim,8,1,0,7,3,25,-22,3,Belarus - First League,0.12,0.88,-22,0.38,8.33,1.14,11
Club Brugge,8,5,3,0,16,7,9,18,Belgium - Pro League,0.62,0.38,9,2.0,1.61,2.63,1
Royale Union SG,8,3,5,0,12,5,7,14,Belgium - Pro League,0.38,0.62,7,1.5,2.63,1.61,2
Anderlecht,8,3,2,3,12,7,5,11,Belgium - Pro League,0.38,0.62,5,1.5,2.63,1.61,3
KRC Genk,8,3,2,3,11,14,-3,11,Belgium - Pro League,0.38,0.62,-3,1.38,2.63,1.61,3
Antwerp,8,2,4,2,10,10,0,10,Belgium - Pro League,0.25,0.75,0,1.25,4.0,1.33,4
Cercle Brugge,8,2,3,3,9,11,-2,9,Belgium - Pro League,0.25,0.75,-2,1.12,4.0,1.33,5
Gent,8,1,6,1,4,9,-5,9,Belgium - Pro League,0.12,0.88,-5,0.5,8.33,1.14,5
Standard Liege,8,2,3,3,5,13,-8,9,Belgium - Pro League,0.25,0.75,-8,0.62,4.0,1.33,5
Dender,8,2,2,4,8,14,-6,8,Belgium - Pro League,0.25,0.75,-6,1.0,4.0,1.33,6
Charleroi,8,2,1,5,6,11,-5,7,Belgium - Pro League,0.25,0.75,-5,0.75,4.0,1.33,7
Sint-Truiden,8,2,1,5,10,18,-8,7,Belgium - Pro League,0.25,0.75,-8,1.25,4.0,1.33,7
OH Leuven,8,1,2,5,4,14,-10,5,Belgium - Pro League,0.12,0.88,-10,0.5,8.33,1.14,8
KV Mechelen,8,1,1,6,10,17,-7,4,Belgium - Pro League,0.12,0.88,-7,1.25,8.33,1.14,9
Westerlo,8,1,1,6,10,17,-7,4,Belgium - Pro League,0.12,0.88,-7,1.25,8.33,1.14,9
Kortrijk,8,0,2,6,5,21,-16,2,Belgium - Pro League,0.0,1.0,-16,0.62,0.0,1.0,10
Beerschot,8,0,1,7,5,22,-17,1,Belgium - Pro League,0.0,1.0,-17,0.62,0.0,1.0,11
Zulte-Waregem,8,6,1,1,17,9,8,19,Belgium - Challenger Pro League,0.75,0.25,8,2.12,1.33,4.0,1
RWDM,8,4,2,2,16,10,6,14,Belgium - Challenger Pro League,0.5,0.5,6,2.0,2.0,2.0,2
La Louviere,8,4,2,2,12,10,2,14,Belgium - Challenger Pro League,0.5,0.5,2,1.5,2.0,2.0,2
Patro Eisden,8,3,4,1,14,7,7,13,Belgium - Challenger Pro League,0.38,0.62,7,1.75,2.63,1.61,3
Lommel SK,8,4,1,3,14,14,0,13,Belgium - Challenger Pro League,0.5,0.5,0,1.75,2.0,2.0,3
Club Brugge B,8,3,3,2,12,10,2,12,Belgium - Challenger Pro League,0.38,0.62,2,1.5,2.63,1.61,4
RFC Liege,8,4,0,4,11,10,1,12,Belgium - Challenger Pro League,0.5,0.5,1,1.38,2.0,2.0,4
Seraing,8,3,3,2,11,13,-2,12,Belgium - Challenger Pro League,0.38,0.62,-2,1.38,2.63,1.61,4
Lokeren-Temse,8,3,2,3,7,10,-3,11,Belgium - Challenger Pro League,0.38,0.62,-3,0.88,2.63,1.61,5
Francs Borains,8,3,2,3,9,17,-8,11,Belgium - Challenger Pro League,0.38,0.62,-8,1.12,2.63,1.61,5
Eupen,8,2,3,3,13,13,0,9,Belgium - Challenger Pro League,0.25,0.75,0,1.62,4.0,1.33,6
Beveren,8,2,3,3,5,10,-5,9,Belgium - Challenger Pro League,0.25,0.75,-5,0.62,4.0,1.33,6
Anderlecht B,8,1,4,3,10,14,-4,7,Belgium - Challenger Pro League,0.12,0.88,-4,1.25,8.33,1.14,7
Lierse K.,8,1,3,4,8,14,-6,6,Belgium - Challenger Pro League,0.12,0.88,-6,1.0,8.33,1.14,8
KRC Genk B,8,0,2,6,9,21,-12,2,Belgium - Challenger Pro League,0.0,1.0,-12,1.12,0.0,1.0,9
Deinze,0,0,0,0,0,0,0,0,Belgium - Challenger Pro League,0.0,0.0,0,0.0,0.0,0.0,10
Bolivar,8,5,2,1,24,12,12,17,Bolivia - Primera Div. - Clausura,0.62,0.38,12,3.0,1.61,2.63,1
Always Ready,8,4,1,3,16,12,4,13,Bolivia - Primera Div. - Clausura,0.5,0.5,4,2.0,2.0,2.0,2
Aurora,8,3,3,2,14,16,-2,12,Bolivia - Primera Div. - Clausura,0.38,0.62,-2,1.75,2.63,1.61,3
Nacional Potosi,8,3,2,3,15,16,-1,11,Bolivia - Primera Div. - Clausura,0.38,0.62,-1,1.88,2.63,1.61,4
Wilstermann,8,3,2,3,9,10,-1,11,Bolivia - Primera Div. - Clausura,0.38,0.62,-1,1.12,2.63,1.61,4
The Strongest,8,3,1,4,11,14,-3,10,Bolivia - Primera Div. - Clausura,0.38,0.62,-3,1.38,2.63,1.61,5
SA Bulo Bulo,8,3,1,4,7,13,-6,10,Bolivia - Primera Div. - Clausura,0.38,0.62,-6,0.88,2.63,1.61,5
Blooming,8,3,1,4,6,18,-12,10,Bolivia - Primera Div. - Clausura,0.38,0.62,-12,0.75,2.63,1.61,5
Santa Cruz,8,3,0,5,11,25,-14,9,Bolivia - Primera Div. - Clausura,0.38,0.62,-14,1.38,2.63,1.61,6
Gualberto V. SJ,8,2,2,4,11,15,-4,8,Bolivia - Primera Div. - Clausura,0.25,0.75,-4,1.38,4.0,1.33,7
U. de Vinto,8,2,2,4,9,16,-7,8,Bolivia - Primera Div. - Clausura,0.25,0.75,-7,1.12,4.0,1.33,7
I. Petrolero,8,2,1,5,8,15,-7,7,Bolivia - Primera Div. - Clausura,0.25,0.75,-7,1.0,4.0,1.33,8
Guabira,8,1,2,5,8,18,-10,5,Bolivia - Primera Div. - Clausura,0.12,0.88,-10,1.0,8.33,1.14,9
Royal Pari,8,1,2,5,6,17,-11,5,Bolivia - Primera Div. - Clausura,0.12,0.88,-11,0.75,8.33,1.14,9
Real Tomayapo,8,1,0,7,10,19,-9,3,Bolivia - Primera Div. - Clausura,0.12,0.88,-9,1.25,8.33,1.14,10
Oriente P.,8,0,2,6,10,24,-14,2,Bolivia - Primera Div. - Clausura,0.0,1.0,-14,1.25,0.0,1.0,11
Palmeiras,8,6,1,1,13,7,6,19,Brazil - Serie A,0.75,0.25,6,1.62,1.33,4.0,1
Botafogo,8,5,2,1,9,4,5,17,Brazil - Serie A,0.62,0.38,5,1.12,1.61,2.63,2
Flamengo,8,4,2,2,12,7,5,14,Brazil - Serie A,0.5,0.5,5,1.5,2.0,2.0,3
Internacional,8,4,2,2,16,13,3,14,Brazil - Serie A,0.5,0.5,3,2.0,2.0,2.0,3
Corinthians,8,4,1,3,12,9,3,13,Brazil - Serie A,0.5,0.5,3,1.5,2.0,2.0,4
Vitoria,8,3,3,2,12,11,1,12,Brazil - Serie A,0.38,0.62,1,1.5,2.63,1.61,5
Fluminense,8,3,1,4,8,8,0,10,Brazil - Serie A,0.38,0.62,0,1.0,2.63,1.61,6
Juventude,8,2,3,3,11,13,-2,9,Brazil - Serie A,0.25,0.75,-2,1.38,4.0,1.33,7
Sao Paulo,8,2,2,4,8,10,-2,8,Brazil - Serie A,0.25,0.75,-2,1.0,4.0,1.33,8
Vasco da Gama,8,2,2,4,6,15,-9,8,Brazil - Serie A,0.25,0.75,-9,0.75,4.0,1.33,8
Bahia,8,2,1,5,10,16,-6,7,Brazil - Serie A,0.25,0.75,-6,1.25,4.0,1.33,9
Fortaleza,8,1,3,4,11,15,-4,6,Brazil - Serie A,0.12,0.88,-4,1.38,8.33,1.14,10
Cruzeiro,8,1,3,4,5,10,-5,6,Brazil - Serie A,0.12,0.88,-5,0.62,8.33,1.14,10
Gremio,8,0,5,3,7,10,-3,5,Brazil - Serie A,0.0,1.0,-3,0.88,0.0,1.0,11
Bragantino,8,1,2,5,5,13,-8,5,Brazil - Serie A,0.12,0.88,-8,0.62,8.33,1.14,11
Criciuma,8,1,2,5,5,17,-12,5,Brazil - Serie A,0.12,0.88,-12,0.62,8.33,1.14,11
Cuiaba,8,0,4,4,1,7,-6,4,Brazil - Serie A,0.0,1.0,-6,0.12,0.0,1.0,12
Atletico MG,8,0,3,5,4,12,-8,3,Brazil - Serie A,0.0,1.0,-8,0.5,0.0,1.0,13
Athletico PR,8,0,2,6,5,13,-8,2,Brazil - Serie A,0.0,1.0,-8,0.62,0.0,1.0,14
Atletico GO,8,0,1,7,4,18,-14,1,Brazil - Serie A,0.0,1.0,-14,0.5,0.0,1.0,15
Sport Recife,8,4,2,2,13,6,7,14,Brazil - Serie B,0.5,0.5,7,1.62,2.0,2.0,1
Santos,8,4,1,3,11,9,2,13,Brazil - Serie B,0.5,0.5,2,1.38,2.0,2.0,2
Goias,8,3,3,2,12,5,7,12,Brazil - Serie B,0.38,0.62,7,1.5,2.63,1.61,3
Botafogo SP,8,3,2,3,8,9,-1,11,Brazil - Serie B,0.38,0.62,-1,1.0,2.63,1.61,4
CRB,8,3,1,4,8,9,-1,10,Brazil - Serie B,0.38,0.62,-1,1.0,2.63,1.61,5
Ituano,8,3,0,5,13,14,-1,9,Brazil - Serie B,0.38,0.62,-1,1.62,2.63,1.61,6
Mirassol,8,2,3,3,7,8,-1,9,Brazil - Serie B,0.25,0.75,-1,0.88,4.0,1.33,6
Novorizontino,8,2,2,4,7,7,0,8,Brazil - Serie B,0.25,0.75,0,0.88,4.0,1.33,7
Ceara,8,2,2,4,10,11,-1,8,Brazil - Serie B,0.25,0.75,-1,1.25,4.0,1.33,7
Chapecoense,8,2,2,4,8,10,-2,8,Brazil - Serie B,0.25,0.75,-2,1.0,4.0,1.33,7
Operario PR,8,2,2,4,6,10,-4,8,Brazil - Serie B,0.25,0.75,-4,0.75,4.0,1.33,7
Avai,8,2,1,5,7,11,-4,7,Brazil - Serie B,0.25,0.75,-4,0.88,4.0,1.33,8
Coritiba,8,2,0,6,10,14,-4,6,Brazil - Serie B,0.25,0.75,-4,1.25,4.0,1.33,9
Paysandu,8,1,3,4,8,12,-4,6,Brazil - Serie B,0.12,0.88,-4,1.0,8.33,1.14,9
Amazonas,8,1,2,5,2,8,-6,5,Brazil - Serie B,0.12,0.88,-6,0.25,8.33,1.14,10
America MG,8,1,1,6,6,10,-4,4,Brazil - Serie B,0.12,0.88,-4,0.75,8.33,1.14,11
Ponte Preta,8,1,1,6,7,14,-7,4,Brazil - Serie B,0.12,0.88,-7,0.88,8.33,1.14,11
Guarani,8,1,0,7,5,14,-9,3,Brazil - Serie B,0.12,0.88,-9,0.62,8.33,1.14,12
Vila Nova,8,1,0,7,3,18,-15,3,Brazil - Serie B,0.12,0.88,-15,0.38,8.33,1.14,12
Brusque,8,0,2,6,1,12,-11,2,Brazil - Serie B,0.0,1.0,-11,0.12,0.0,1.0,13
Ferroviaria,8,3,4,1,4,2,2,13,Brazil - Serie C,0.38,0.62,2,0.5,2.63,1.61,1
CSA,8,4,1,3,8,7,1,13,Brazil - Serie C,0.5,0.5,1,1.0,2.0,2.0,1
Botafogo PB,8,3,3,2,10,9,1,12,Brazil - Serie C,0.38,0.62,1,1.25,2.63,1.61,2
Londrina,8,3,2,3,7,7,0,11,Brazil - Serie C,0.38,0.62,0,0.88,2.63,1.61,3
Sao Bernardo,8,3,2,3,10,11,-1,11,Brazil - Serie C,0.38,0.62,-1,1.25,2.63,1.61,3
Volta Redonda,8,3,2,3,12,15,-3,11,Brazil - Serie C,0.38,0.62,-3,1.5,2.63,1.61,3
Athletic Club,8,2,4,2,10,11,-1,10,Brazil - Serie C,0.25,0.75,-1,1.25,4.0,1.33,4
Floresta,8,2,3,3,4,8,-4,9,Brazil - Serie C,0.25,0.75,-4,0.5,4.0,1.33,5
Ypiranga,8,2,2,4,6,12,-6,8,Brazil - Serie C,0.25,0.75,-6,0.75,4.0,1.33,6
ABC,8,1,4,3,8,8,0,7,Brazil - Serie C,0.12,0.88,0,1.0,8.33,1.14,7
Tombense,8,1,4,3,10,11,-1,7,Brazil - Serie C,0.12,0.88,-1,1.25,8.33,1.14,7
Remo,8,2,1,5,9,14,-5,7,Brazil - Serie C,0.25,0.75,-5,1.12,4.0,1.33,7
Nautico,8,0,4,4,9,14,-5,4,Brazil - Serie C,0.0,1.0,-5,1.12,0.0,1.0,8
Sampaio Correa,8,0,4,4,3,8,-5,4,Brazil - Serie C,0.0,1.0,-5,0.38,0.0,1.0,8
Ferroviario,8,1,1,6,7,16,-9,4,Brazil - Serie C,0.12,0.88,-9,0.88,8.33,1.14,8
Figueirense,8,1,1,6,7,16,-9,4,Brazil - Serie C,0.12,0.88,-9,0.88,8.33,1.14,8
Aparecidense,8,1,1,6,6,15,-9,4,Brazil - Serie C,0.12,0.88,-9,0.75,8.33,1.14,8
EC Sao Jose,8,0,3,5,5,11,-6,3,Brazil - Serie C,0.0,1.0,-6,0.62,0.0,1.0,9
Confianca,8,0,1,7,4,14,-10,1,Brazil - Serie C,0.0,1.0,-10,0.5,0.0,1.0,10
Caxias,8,0,0,8,4,14,-10,0,Brazil - Serie C,0.0,1.0,-10,0.5,0.0,1.0,11
Manauara,7,4,3,0,14,3,11,15,Brazil - Serie D,0.57,0.43,11,2.0,1.75,2.33,1
Treze,7,4,2,1,15,6,9,14,Brazil - Serie D,0.57,0.43,9,2.14,1.75,2.33,2
Brasiliense,7,4,1,2,13,7,6,13,Brazil - Serie D,0.57,0.43,6,1.86,1.75,2.33,3
Itabuna,7,4,1,2,11,7,4,13,Brazil - Serie D,0.57,0.43,4,1.57,1.75,2.33,3
Anapolis,7,4,1,2,8,5,3,13,Brazil - Serie D,0.57,0.43,3,1.14,1.75,2.33,3
Maranhao,7,3,3,1,8,5,3,12,Brazil - Serie D,0.43,0.57,3,1.14,2.33,1.75,4
Nova Iguacu,7,3,3,1,6,4,2,12,Brazil - Serie D,0.43,0.57,2,0.86,2.33,1.75,4
Cianorte,7,4,0,3,6,6,0,12,Brazil - Serie D,0.57,0.43,0,0.86,1.75,2.33,4
Altos,7,3,2,2,10,9,1,11,Brazil - Serie D,0.43,0.57,1,1.43,2.33,1.75,5
Maringa,7,3,2,2,10,9,1,11,Brazil - Serie D,0.43,0.57,1,1.43,2.33,1.75,5
P. do Solimoes,7,3,2,2,9,10,-1,11,Brazil - Serie D,0.43,0.57,-1,1.29,2.33,1.75,5
Portuguesa RJ,7,2,4,1,6,4,2,10,Brazil - Serie D,0.29,0.71,2,0.86,3.45,1.41,6
Itabaiana,7,3,1,3,8,7,1,10,Brazil - Serie D,0.43,0.57,1,1.14,2.33,1.75,6
CSE,7,3,1,3,9,10,-1,10,Brazil - Serie D,0.43,0.57,-1,1.29,2.33,1.75,6
Juazeirense,7,3,1,3,5,6,-1,10,Brazil - Serie D,0.43,0.57,-1,0.71,2.33,1.75,6
Manaus,7,2,3,2,11,10,1,9,Brazil - Serie D,0.29,0.71,1,1.57,3.45,1.41,7
Hercilio Luz,7,1,6,0,5,4,1,9,Brazil - Serie D,0.14,0.86,1,0.71,7.14,1.16,7
Serra,7,2,3,2,9,10,-1,9,Brazil - Serie D,0.29,0.71,-1,1.29,3.45,1.41,7
Novo Hamburgo,7,2,3,2,8,9,-1,9,Brazil - Serie D,0.29,0.71,-1,1.14,3.45,1.41,7
Atletico CE,7,2,3,2,7,9,-2,9,Brazil - Serie D,0.29,0.71,-2,1.0,3.45,1.41,7
Porto Velho,7,3,0,4,8,11,-3,9,Brazil - Serie D,0.43,0.57,-3,1.14,2.33,1.75,7
Trem,7,3,0,4,11,15,-4,9,Brazil - Serie D,0.43,0.57,-4,1.57,2.33,1.75,7
Barra FC,7,2,2,3,6,5,1,8,Brazil - Serie D,0.29,0.71,1,0.86,3.45,1.41,8
Inter Limeira,7,2,2,3,4,3,1,8,Brazil - Serie D,0.29,0.71,1,0.57,3.45,1.41,8
River,7,2,2,3,8,8,0,8,Brazil - Serie D,0.29,0.71,0,1.14,3.45,1.41,8
ASA,7,2,2,3,8,9,-1,8,Brazil - Serie D,0.29,0.71,-1,1.14,3.45,1.41,8
Retro,7,2,2,3,7,8,-1,8,Brazil - Serie D,0.29,0.71,-1,1.0,3.45,1.41,8
Costa Rica MS,7,2,2,3,5,6,-1,8,Brazil - Serie D,0.29,0.71,-1,0.71,3.45,1.41,8
CRAC,7,1,5,1,4,5,-1,8,Brazil - Serie D,0.14,0.86,-1,0.57,7.14,1.16,8
Flamengo,3,2,1,0,8,1,7,7,Brazil - Carioca,0.67,0.33,7,2.67,1.49,3.03,1
Volta Redonda,3,2,0,1,3,3,0,6,Brazil - Carioca,0.67,0.33,0,1.0,1.49,3.03,2
Vasco da Gama,3,1,2,0,3,2,1,5,Brazil - Carioca,0.33,0.67,1,1.0,3.03,1.49,3
CFRJ . Marica,2,1,1,0,3,2,1,4,Brazil - Carioca,0.5,0.5,1,1.5,2.0,2.0,4
Fluminense,4,1,1,2,4,4,0,4,Brazil - Carioca,0.25,0.75,0,1.0,4.0,1.33,4
Boavista,3,1,1,1,2,2,0,4,Brazil - Carioca,0.33,0.67,0,0.67,3.03,1.49,4
Sampaio Correa,4,0,3,1,3,4,-1,3,Brazil - Carioca,0.0,1.0,-1,0.75,0.0,1.0,5
Nova Iguacu,2,1,0,1,2,3,-1,3,Brazil - Carioca,0.5,0.5,-1,1.0,2.0,2.0,5
Portuguesa RJ,4,1,0,3,3,8,-5,3,Brazil - Carioca,0.25,0.75,-5,0.75,4.0,1.33,5
Bangu,2,0,1,1,0,2,-2,1,Brazil - Carioca,0.0,1.0,-2,0.0,0.0,1.0,6
Botafogo,1,0,0,1,1,2,-1,0,Brazil - Carioca,0.0,1.0,-1,1.0,0.0,1.0,7
Madureira,2,0,0,2,1,4,-3,0,Brazil - Carioca,0.0,1.0,-3,0.5,0.0,1.0,7
Betim,2,1,1,0,2,1,1,4,Brazil - Mineiro,0.5,0.5,1,1.0,2.0,2.0,1
Uberlandia,2,1,1,0,2,1,1,4,Brazil - Mineiro,0.5,0.5,1,1.0,2.0,2.0,1
Tombense,2,1,0,1,1,1,0,3,Brazil - Mineiro,0.5,0.5,0,0.5,2.0,2.0,2
Athletic Club,2,1,0,1,1,2,-1,3,Brazil - Mineiro,0.5,0.5,-1,0.5,2.0,2.0,2
Villa Nova,3,1,0,2,2,8,-6,3,Brazil - Mineiro,0.33,0.67,-6,0.67,3.03,1.49,2
America MG,2,0,2,0,3,3,0,2,Brazil - Mineiro,0.0,1.0,0,1.5,0.0,1.0,3
Democrata GV,2,0,2,0,2,2,0,2,Brazil - Mineiro,0.0,1.0,0,1.0,0.0,1.0,3
Atletico MG,2,0,2,0,0,0,0,2,Brazil - Mineiro,0.0,1.0,0,0.0,0.0,1.0,3
Itabirito,2,0,1,1,1,2,-1,1,Brazil - Mineiro,0.0,1.0,-1,0.5,0.0,1.0,4
Pouso Alegre,2,0,1,1,1,8,-7,1,Brazil - Mineiro,0.0,1.0,-7,0.5,0.0,1.0,4
Cruzeiro,1,0,0,1,0,1,-1,0,Brazil - Mineiro,0.0,1.0,-1,0.0,0.0,1.0,5
Aymores,1,0,0,1,0,2,-2,0,Brazil - Mineiro,0.0,1.0,-2,0.0,0.0,1.0,5
Atletico GO,2,1,1,0,4,2,2,4,Brazil - Goiano,0.5,0.5,2,2.0,2.0,2.0,1
Vila Nova,2,1,1,0,3,1,2,4,Brazil - Goiano,0.5,0.5,2,1.5,2.0,2.0,1
Anapolis,2,1,1,0,2,1,1,4,Brazil - Goiano,0.5,0.5,1,1.0,2.0,2.0,1
Inhumas,3,1,1,1,2,3,-1,4,Brazil - Goiano,0.33,0.67,-1,0.67,3.03,1.49,1
Goias,2,1,0,1,2,2,0,3,Brazil - Goiano,0.5,0.5,0,1.0,2.0,2.0,2
ABECAT Ouvidore,3,1,0,2,1,2,-1,3,Brazil - Goiano,0.33,0.67,-1,0.33,3.03,1.49,2
Goiatuba EC,2,0,1,1,3,4,-1,1,Brazil - Goiano,0.0,1.0,-1,1.5,0.0,1.0,3
Aparecidense,2,0,1,1,1,2,-1,1,Brazil - Goiano,0.0,1.0,-1,0.5,0.0,1.0,3
CRAC,2,0,1,1,0,2,-2,1,Brazil - Goiano,0.0,1.0,-2,0.0,0.0,1.0,3
Jataiense,3,0,1,2,0,4,-4,1,Brazil - Goiano,0.0,1.0,-4,0.0,0.0,1.0,3
Goianesia,2,0,0,2,0,4,-4,0,Brazil - Goiano,0.0,1.0,-4,0.0,0.0,1.0,4
Goiania,3,0,0,3,1,8,-7,0,Brazil - Goiano,0.0,1.0,-7,0.33,0.0,1.0,4
Maguary PE,2,2,0,0,4,1,3,6,Brazil - Pernambucano,1.0,0.0,3,2.0,1.0,0.0,1
Sport Recife,2,1,1,0,2,1,1,4,Brazil - Pernambucano,0.5,0.5,1,1.0,2.0,2.0,2
Petrolina,3,0,2,1,2,4,-2,2,Brazil - Pernambucano,0.0,1.0,-2,0.67,0.0,1.0,3
Jaguar,4,0,2,2,4,8,-4,2,Brazil - Pernambucano,0.0,1.0,-4,1.0,0.0,1.0,3
Decisao,2,0,1,1,2,3,-1,1,Brazil - Pernambucano,0.0,1.0,-1,1.0,0.0,1.0,4
Santa Cruz,2,0,1,1,2,3,-1,1,Brazil - Pernambucano,0.0,1.0,-1,1.0,0.0,1.0,4
Central,2,0,1,1,1,2,-1,1,Brazil - Pernambucano,0.0,1.0,-1,0.5,0.0,1.0,4
Retro,2,0,1,1,1,2,-1,1,Brazil - Pernambucano,0.0,1.0,-1,0.5,0.0,1.0,4
Winner Semi-fin,0,0,0,0,0,0,0,0,Brazil - Pernambucano,0.0,0.0,0,0.0,0.0,0.0,5
Nautico,1,0,0,1,1,2,-1,0,Brazil - Pernambucano,0.0,1.0,-1,1.0,0.0,1.0,5
Afogados,2,0,0,2,0,3,-3,0,Brazil - Pernambucano,0.0,1.0,-3,0.0,0.0,1.0,5
Sao Bernardo,2,2,0,0,3,1,2,6,Brazil - Paulista,1.0,0.0,2,1.5,1.0,0.0,1
Novorizontino,2,1,1,0,4,3,1,4,Brazil - Paulista,0.5,0.5,1,2.0,2.0,2.0,2
Palmeiras,2,1,1,0,3,2,1,4,Brazil - Paulista,0.5,0.5,1,1.5,2.0,2.0,2
Ponte Preta,2,1,1,0,2,1,1,4,Brazil - Paulista,0.5,0.5,1,1.0,2.0,2.0,2
Sao Paulo,2,1,1,0,2,1,1,4,Brazil - Paulista,0.5,0.5,1,1.0,2.0,2.0,2
Mirassol,2,1,0,1,3,3,0,3,Brazil - Paulista,0.5,0.5,0,1.5,2.0,2.0,3
Noroeste,2,1,0,1,2,2,0,3,Brazil - Paulista,0.5,0.5,0,1.0,2.0,2.0,3
Corinthians,2,1,0,1,3,4,-1,3,Brazil - Paulista,0.5,0.5,-1,1.5,2.0,2.0,3
Inter Limeira,2,0,2,0,3,3,0,2,Brazil - Paulista,0.0,1.0,0,1.5,0.0,1.0,4
Guarani,3,0,1,2,2,4,-2,1,Brazil - Paulista,0.0,1.0,-2,0.67,0.0,1.0,5
Velo Clube,3,0,1,2,2,4,-2,1,Brazil - Paulista,0.0,1.0,-2,0.67,0.0,1.0,5
Botafogo SP,2,0,1,1,0,2,-2,1,Brazil - Paulista,0.0,1.0,-2,0.0,0.0,1.0,5
Santos,3,0,1,2,3,6,-3,1,Brazil - Paulista,0.0,1.0,-3,1.0,0.0,1.0,5
Portuguesa,3,0,1,2,1,4,-3,1,Brazil - Paulista,0.0,1.0,-3,0.33,0.0,1.0,5
Bragantino,3,0,1,2,2,6,-4,1,Brazil - Paulista,0.0,1.0,-4,0.67,0.0,1.0,5
Agua Santa,3,0,1,2,2,9,-7,1,Brazil - Paulista,0.0,1.0,-7,0.67,0.0,1.0,5
Sousa,3,2,1,0,5,1,4,7,Brazil - Paraibano,0.67,0.33,4,1.67,1.49,3.03,1
EC de Patos,2,1,0,1,3,3,0,3,Brazil - Paraibano,0.5,0.5,0,1.5,2.0,2.0,2
Botafogo PB,2,1,0,1,1,1,0,3,Brazil - Paraibano,0.5,0.5,0,0.5,2.0,2.0,2
Pombal,3,1,0,2,3,4,-1,3,Brazil - Paraibano,0.33,0.67,-1,1.0,3.03,1.49,2
Auto Esporte,1,0,1,0,1,1,0,1,Brazil - Paraibano,0.0,1.0,0,1.0,0.0,1.0,3
Nacional Patos,2,0,1,1,4,6,-2,1,Brazil - Paraibano,0.0,1.0,-2,2.0,0.0,1.0,3
Campinense,3,0,1,2,1,4,-3,1,Brazil - Paraibano,0.0,1.0,-3,0.33,0.0,1.0,3
Serra Branca,3,0,1,2,1,4,-3,1,Brazil - Paraibano,0.0,1.0,-3,0.33,0.0,1.0,3
Picuiense,2,0,1,1,2,8,-6,1,Brazil - Paraibano,0.0,1.0,-6,1.0,0.0,1.0,3
Treze,1,0,0,1,0,2,-2,0,Brazil - Paraibano,0.0,1.0,-2,0.0,0.0,1.0,4
Figueirense,2,1,1,0,1,0,1,4,Brazil - Catarinense,0.5,0.5,1,0.5,2.0,2.0,1
Chapecoense,3,1,1,1,4,4,0,4,Brazil - Catarinense,0.33,0.67,0,1.33,3.03,1.49,1
Santa Catarina,3,1,1,1,3,3,0,4,Brazil - Catarinense,0.33,0.67,0,1.0,3.03,1.49,1
Criciuma,1,1,0,0,3,2,1,3,Brazil - Catarinense,1.0,0.0,1,3.0,1.0,0.0,2
Barra FC,2,0,2,0,1,1,0,2,Brazil - Catarinense,0.0,1.0,0,0.5,0.0,1.0,3
Brusque,2,0,2,0,1,1,0,2,Brazil - Catarinense,0.0,1.0,0,0.5,0.0,1.0,3
Avai,2,0,2,0,0,0,0,2,Brazil - Catarinense,0.0,1.0,0,0.0,0.0,1.0,3
Hercilio Luz,3,0,2,1,2,3,-1,2,Brazil - Catarinense,0.0,1.0,-1,0.67,0.0,1.0,3
Caravaggio,3,0,1,2,2,5,-3,1,Brazil - Catarinense,0.0,1.0,-3,0.67,0.0,1.0,4
Joinville,2,0,1,1,0,3,-3,1,Brazil - Catarinense,0.0,1.0,-3,0.0,0.0,1.0,4
Marcilio Dias,1,0,0,1,0,1,-1,0,Brazil - Catarinense,0.0,1.0,-1,0.0,0.0,1.0,5
Concordia,3,0,0,3,2,8,-6,0,Brazil - Catarinense,0.0,1.0,-6,0.67,0.0,1.0,5
Gremio,2,1,1,0,3,0,3,4,Brazil - Gaucho,0.5,0.5,3,1.5,2.0,2.0,1
Internacional,2,1,1,0,4,2,2,4,Brazil - Gaucho,0.5,0.5,2,2.0,2.0,2.0,1
Monsoon,1,1,0,0,2,1,1,3,Brazil - Gaucho,1.0,0.0,1,2.0,1.0,0.0,2
Caxias,2,1,0,1,1,4,-3,3,Brazil - Gaucho,0.5,0.5,-3,0.5,2.0,2.0,2
EC Sao Jose,1,0,1,0,1,1,0,1,Brazil - Gaucho,0.0,1.0,0,1.0,0.0,1.0,3
Pelotas,1,0,1,0,1,1,0,1,Brazil - Gaucho,0.0,1.0,0,1.0,0.0,1.0,3
Sao Luiz,1,0,1,0,1,1,0,1,Brazil - Gaucho,0.0,1.0,0,1.0,0.0,1.0,3
Guarany de Bage,2,0,1,1,0,1,-1,1,Brazil - Gaucho,0.0,1.0,-1,0.0,0.0,1.0,3
Ypiranga,2,0,1,1,0,2,-2,1,Brazil - Gaucho,0.0,1.0,-2,0.0,0.0,1.0,3
Avenida,1,0,0,1,1,2,-1,0,Brazil - Gaucho,0.0,1.0,-1,1.0,0.0,1.0,4
Brasil de P.,1,0,0,1,2,4,-2,0,Brazil - Gaucho,0.0,1.0,-2,2.0,0.0,1.0,4
Juventude,1,0,0,1,0,2,-2,0,Brazil - Gaucho,0.0,1.0,-2,0.0,0.0,1.0,4
Ludogorets,8,7,1,0,21,5,16,22,Bulgaria - Parva Liga,0.88,0.12,16,2.62,1.14,8.33,1
Cherno More,8,5,1,2,12,5,7,16,Bulgaria - Parva Liga,0.62,0.38,7,1.5,1.61,2.63,2
Botev Plovdiv,8,5,0,3,5,5,0,15,Bulgaria - Parva Liga,0.62,0.38,0,0.62,1.61,2.63,3
Levski Sofia,8,4,1,3,10,6,4,13,Bulgaria - Parva Liga,0.5,0.5,4,1.25,2.0,2.0,4
Arda,8,3,3,2,9,6,3,12,Bulgaria - Parva Liga,0.38,0.62,3,1.12,2.63,1.61,5
Septemvri Sofia,8,4,0,4,9,12,-3,12,Bulgaria - Parva Liga,0.5,0.5,-3,1.12,2.0,2.0,5
CSKA 1948 Sofia,8,2,5,1,11,9,2,11,Bulgaria - Parva Liga,0.25,0.75,2,1.38,4.0,1.33,6
CSKA Sofia,8,3,2,3,10,9,1,11,Bulgaria - Parva Liga,0.38,0.62,1,1.25,2.63,1.61,6
Beroe,8,3,2,3,9,9,0,11,Bulgaria - Parva Liga,0.38,0.62,0,1.12,2.63,1.61,6
Spartak Varna,8,3,2,3,8,12,-4,11,Bulgaria - Parva Liga,0.38,0.62,-4,1.0,2.63,1.61,6
L. Krumovgrad,8,2,3,3,5,9,-4,9,Bulgaria - Parva Liga,0.25,0.75,-4,0.62,4.0,1.33,7
Lok. Plovdiv,8,2,1,5,9,12,-3,7,Bulgaria - Parva Liga,0.25,0.75,-3,1.12,4.0,1.33,8
Slavia Sofia,8,2,0,6,8,13,-5,6,Bulgaria - Parva Liga,0.25,0.75,-5,1.0,4.0,1.33,9
Lokomotiv Sofia,8,1,1,6,6,17,-11,4,Bulgaria - Parva Liga,0.12,0.88,-11,0.75,8.33,1.14,10
Botev Vratsa,8,1,1,6,5,18,-13,4,Bulgaria - Parva Liga,0.12,0.88,-13,0.62,8.33,1.14,10
Hebar,8,0,2,6,6,17,-11,2,Bulgaria - Parva Liga,0.0,1.0,-11,0.75,0.0,1.0,11
Cavalry,8,7,0,1,15,6,9,21,Canada - Premier League,0.88,0.12,9,1.88,1.14,8.33,1
Forge,8,3,2,3,8,9,-1,11,Canada - Premier League,0.38,0.62,-1,1.0,2.63,1.61,2
York Utd,8,3,2,3,8,9,-1,11,Canada - Premier League,0.38,0.62,-1,1.0,2.63,1.61,2
A. Ottawa,8,2,3,3,10,12,-2,9,Canada - Premier League,0.25,0.75,-2,1.25,4.0,1.33,3
Valour,8,1,5,2,12,12,0,8,Canada - Premier League,0.12,0.88,0,1.5,8.33,1.14,4
Vancouver FC,8,1,4,3,8,12,-4,7,Canada - Premier League,0.12,0.88,-4,1.0,8.33,1.14,5
Pacific,8,1,2,5,6,11,-5,5,Canada - Premier League,0.12,0.88,-5,0.75,8.33,1.14,6
HFX Wanderers,8,0,2,6,6,17,-11,2,Canada - Premier League,0.0,1.0,-11,0.75,0.0,1.0,7
Audax Italiano,0,0,0,0,0,0,0,0,Chile - Primera Division,0.0,0.0,0,0.0,0.0,0.0,1
Cobresal,0,0,0,0,0,0,0,0,Chile - Primera Division,0.0,0.0,0,0.0,0.0,0.0,1
Colo-Colo,0,0,0,0,0,0,0,0,Chile - Primera Division,0.0,0.0,0,0.0,0.0,0.0,1
Coquimbo Unido,0,0,0,0,0,0,0,0,Chile - Primera Division,0.0,0.0,0,0.0,0.0,0.0,1
D. Iquique,0,0,0,0,0,0,0,0,Chile - Primera Division,0.0,0.0,0,0.0,0.0,0.0,1
D. Limache,0,0,0,0,0,0,0,0,Chile - Primera Division,0.0,0.0,0,0.0,0.0,0.0,1
Everton,0,0,0,0,0,0,0,0,Chile - Primera Division,0.0,0.0,0,0.0,0.0,0.0,1
Huachipato,0,0,0,0,0,0,0,0,Chile - Primera Division,0.0,0.0,0,0.0,0.0,0.0,1
La Serena,0,0,0,0,0,0,0,0,Chile - Primera Division,0.0,0.0,0,0.0,0.0,0.0,1
Nublense,0,0,0,0,0,0,0,0,Chile - Primera Division,0.0,0.0,0,0.0,0.0,0.0,1
OHiggins,0,0,0,0,0,0,0,0,Chile - Primera Division,0.0,0.0,0,0.0,0.0,0.0,1
Palestino,0,0,0,0,0,0,0,0,Chile - Primera Division,0.0,0.0,0,0.0,0.0,0.0,1
U. Catolica,0,0,0,0,0,0,0,0,Chile - Primera Division,0.0,0.0,0,0.0,0.0,0.0,1
U. de Chile,0,0,0,0,0,0,0,0,Chile - Primera Division,0.0,0.0,0,0.0,0.0,0.0,1
Union Espanola,0,0,0,0,0,0,0,0,Chile - Primera Division,0.0,0.0,0,0.0,0.0,0.0,1
Union La Calera,0,0,0,0,0,0,0,0,Chile - Primera Division,0.0,0.0,0,0.0,0.0,0.0,1
La Serena,8,4,4,0,10,4,6,16,Chile - Primera B,0.5,0.5,6,1.25,2.0,2.0,1
Barnechea,8,4,2,2,16,11,5,14,Chile - Primera B,0.5,0.5,5,2.0,2.0,2.0,2
Magallanes,8,4,2,2,11,8,3,14,Chile - Primera B,0.5,0.5,3,1.38,2.0,2.0,2
S. Morning,8,3,3,2,9,8,1,12,Chile - Primera B,0.38,0.62,1,1.12,2.63,1.61,3
Rangers,8,3,3,2,9,10,-1,12,Chile - Primera B,0.38,0.62,-1,1.12,2.63,1.61,3
Curico Unido,8,3,2,3,8,8,0,11,Chile - Primera B,0.38,0.62,0,1.0,2.63,1.61,4
U. San Felipe,8,3,2,3,7,12,-5,11,Chile - Primera B,0.38,0.62,-5,0.88,2.63,1.61,4
Antofagasta,8,2,4,2,12,10,2,10,Chile - Primera B,0.25,0.75,2,1.5,4.0,1.33,5
San Marcos,8,2,4,2,5,5,0,10,Chile - Primera B,0.25,0.75,0,0.62,4.0,1.33,5
S. Wanderers,8,2,3,3,9,11,-2,9,Chile - Primera B,0.25,0.75,-2,1.12,4.0,1.33,6
U. Concepcion,8,2,3,3,7,10,-3,9,Chile - Primera B,0.25,0.75,-3,0.88,4.0,1.33,6
Recoleta,8,2,2,4,9,9,0,8,Chile - Primera B,0.25,0.75,0,1.12,4.0,1.33,7
Deportes Temuco,8,2,1,5,8,13,-5,7,Chile - Primera B,0.25,0.75,-5,1.0,4.0,1.33,8
D. Limache,8,2,1,5,6,14,-8,7,Chile - Primera B,0.25,0.75,-8,0.75,4.0,1.33,8
San Luis,8,1,3,4,6,15,-9,6,Chile - Primera B,0.12,0.88,-9,0.75,8.33,1.14,9
CD Santa Cruz,8,1,2,5,9,16,-7,5,Chile - Primera B,0.12,0.88,-7,1.12,8.33,1.14,10
S. Shenhua,8,7,0,1,17,6,11,21,China - Super League,0.88,0.12,11,2.12,1.14,8.33,1
Shanghai Port,8,6,0,2,13,10,3,18,China - Super League,0.75,0.25,3,1.62,1.33,4.0,2
Chengdu,8,4,2,2,14,9,5,14,China - Super League,0.5,0.5,5,1.75,2.0,2.0,3
Henan SL,8,2,3,3,8,6,2,9,China - Super League,0.25,0.75,2,1.0,4.0,1.33,4
Beijing Guoan,8,2,3,3,13,15,-2,9,China - Super League,0.25,0.75,-2,1.62,4.0,1.33,4
Wuhan Three T.,8,2,3,3,5,7,-2,9,China - Super League,0.25,0.75,-2,0.62,4.0,1.33,4
Qingdao West C.,8,3,0,5,10,13,-3,9,China - Super League,0.38,0.62,-3,1.25,2.63,1.61,4
Shandong T.,8,2,2,4,12,18,-6,8,China - Super League,0.25,0.75,-6,1.5,4.0,1.33,5
Zhejiang,8,1,2,5,12,18,-6,5,China - Super League,0.12,0.88,-6,1.5,8.33,1.14,6
Cangzhou,8,1,2,5,7,16,-9,5,China - Super League,0.12,0.88,-9,0.88,8.33,1.14,6
Sichuan Jiuniu,8,1,2,5,7,16,-9,5,China - Super League,0.12,0.88,-9,0.88,8.33,1.14,6
Nantong Zhiyun,8,1,1,6,10,26,-16,4,China - Super League,0.12,0.88,-16,1.25,8.33,1.14,7
Qingdao Hainiu,8,1,1,6,6,24,-18,4,China - Super League,0.12,0.88,-18,0.75,8.33,1.14,7
Meizhou Hakka,8,0,2,6,9,24,-15,2,China - Super League,0.0,1.0,-15,1.12,0.0,1.0,8
Changchun Yatai,8,0,2,6,8,24,-16,2,China - Super League,0.0,1.0,-16,1.0,0.0,1.0,8
Tianjin T.,8,0,1,7,7,22,-15,1,China - Super League,0.0,1.0,-15,0.88,0.0,1.0,9
Liaoning Tieren,8,5,2,1,12,10,2,17,China - League One,0.62,0.38,2,1.5,1.61,2.63,1
Guangzhou FC,8,4,2,2,14,7,7,14,China - League One,0.5,0.5,7,1.75,2.0,2.0,2
Yunnan Yukun,8,4,1,3,17,9,8,13,China - League One,0.5,0.5,8,2.12,2.0,2.0,3
S. Gongfu,8,2,5,1,6,5,1,11,China - League One,0.25,0.75,1,0.75,4.0,1.33,4
Wuxi Wugou,8,3,2,3,9,11,-2,11,China - League One,0.38,0.62,-2,1.12,2.63,1.61,4
Yanbian Longdin,8,3,1,4,8,11,-3,10,China - League One,0.38,0.62,-3,1.0,2.63,1.61,5
Dalian Yingbo,8,3,1,4,9,13,-4,10,China - League One,0.38,0.62,-4,1.12,2.63,1.61,5
Heilongjiang IC,8,2,3,3,3,9,-6,9,China - League One,0.25,0.75,-6,0.38,4.0,1.33,6
Guangxi Baoyun,8,1,5,2,6,9,-3,8,China - League One,0.12,0.88,-3,0.75,8.33,1.14,7
Foshan Nanshi,8,2,2,4,5,13,-8,8,China - League One,0.25,0.75,-8,0.62,4.0,1.33,7
Suzhou Dongwu,8,1,4,3,9,11,-2,7,China - League One,0.12,0.88,-2,1.12,8.33,1.14,8
Shanghai Jiadin,8,0,6,2,6,9,-3,6,China - League One,0.0,1.0,-3,0.75,0.0,1.0,9
Chongqing T.,8,1,2,5,2,8,-6,5,China - League One,0.12,0.88,-6,0.25,8.33,1.14,10
Jiangxi Lushan,8,1,2,5,7,18,-11,5,China - League One,0.12,0.88,-11,0.88,8.33,1.14,10
Qingdao RL,8,0,3,5,6,18,-12,3,China - League One,0.0,1.0,-12,0.75,0.0,1.0,11
Nanjing City,8,0,1,7,5,16,-11,1,China - League One,0.0,1.0,-11,0.62,0.0,1.0,12
Ganzhou Ruishi,8,4,1,3,11,10,1,13,China - League Two,0.5,0.5,1,1.38,2.0,2.0,1
Shaanxi Union,8,3,2,3,13,12,1,11,China - League Two,0.38,0.62,1,1.62,2.63,1.61,2
Guangxi Lanhang,8,3,2,3,11,10,1,11,China - League Two,0.38,0.62,1,1.38,2.63,1.61,2
Guangdong GZP,8,3,2,3,8,7,1,11,China - League Two,0.38,0.62,1,1.0,2.63,1.61,2
Dalian Kuncheng,8,3,1,4,7,7,0,10,China - League Two,0.38,0.62,0,0.88,2.63,1.61,3
Guangxi H.,8,3,1,4,8,9,-1,10,China - League Two,0.38,0.62,-1,1.0,2.63,1.61,3
Shanghai Port B,8,3,1,4,10,12,-2,10,China - League Two,0.38,0.62,-2,1.25,2.63,1.61,3
Shenzhen J.,8,2,3,3,10,8,2,9,China - League Two,0.25,0.75,2,1.25,4.0,1.33,4
Shandong T. B,8,3,0,5,8,11,-3,9,China - League Two,0.38,0.62,-3,1.0,2.63,1.61,4
Haikou M.,8,2,3,3,10,14,-4,9,China - League Two,0.25,0.75,-4,1.25,4.0,1.33,4
Langfang Glory,8,2,2,4,6,8,-2,8,China - League Two,0.25,0.75,-2,0.75,4.0,1.33,5
Xian Ronghai,8,2,2,4,9,12,-3,8,China - League Two,0.25,0.75,-3,1.12,4.0,1.33,5
Taian Tiankuang,8,2,2,4,8,16,-8,8,China - League Two,0.25,0.75,-8,1.0,4.0,1.33,5
Hubei Istar,8,2,1,5,9,12,-3,7,China - League Two,0.25,0.75,-3,1.12,4.0,1.33,6
Hunan Billows,8,1,4,3,7,15,-8,7,China - League Two,0.12,0.88,-8,0.88,8.33,1.14,6
Jiangxi DH,8,1,3,4,6,7,-1,6,China - League Two,0.12,0.88,-1,0.75,8.33,1.14,7
Beijing IT,8,1,3,4,7,12,-5,6,China - League Two,0.12,0.88,-5,0.88,8.33,1.14,7
Rizhao Yuqi,8,0,5,3,6,12,-6,5,China - League Two,0.0,1.0,-6,0.75,0.0,1.0,8
Nantong Haimen,8,1,2,5,7,19,-12,5,China - League Two,0.12,0.88,-12,0.88,8.33,1.14,8
Quanzhou Yassin,8,0,0,8,5,24,-19,0,China - League Two,0.0,1.0,-19,0.62,0.0,1.0,9
I. Medelin,1,0,1,0,1,1,0,1,Colombia - Primera A - Apertura,0.0,1.0,0,1.0,0.0,1.0,1
La Equidad,1,0,1,0,1,1,0,1,Colombia - Primera A - Apertura,0.0,1.0,0,1.0,0.0,1.0,1
Deportivo Cali,1,0,1,0,0,0,0,1,Colombia - Primera A - Apertura,0.0,1.0,0,0.0,0.0,1.0,1
Envigado,1,0,1,0,0,0,0,1,Colombia - Primera A - Apertura,0.0,1.0,0,0.0,0.0,1.0,1
A. Nacional,0,0,0,0,0,0,0,0,Colombia - Primera A - Apertura,0.0,0.0,0,0.0,0.0,0.0,2
A. Petrolera,0,0,0,0,0,0,0,0,Colombia - Primera A - Apertura,0.0,0.0,0,0.0,0.0,0.0,2
America de Cali,0,0,0,0,0,0,0,0,Colombia - Primera A - Apertura,0.0,0.0,0,0.0,0.0,0.0,2
Boyaca Chico,0,0,0,0,0,0,0,0,Colombia - Primera A - Apertura,0.0,0.0,0,0.0,0.0,0.0,2
Deportes Tolima,0,0,0,0,0,0,0,0,Colombia - Primera A - Apertura,0.0,0.0,0,0.0,0.0,0.0,2
Fortaleza CEIF,0,0,0,0,0,0,0,0,Colombia - Primera A - Apertura,0.0,0.0,0,0.0,0.0,0.0,2
Junior,0,0,0,0,0,0,0,0,Colombia - Primera A - Apertura,0.0,0.0,0,0.0,0.0,0.0,2
Millonarios,0,0,0,0,0,0,0,0,Colombia - Primera A - Apertura,0.0,0.0,0,0.0,0.0,0.0,2
R. Aguilas,0,0,0,0,0,0,0,0,Colombia - Primera A - Apertura,0.0,0.0,0,0.0,0.0,0.0,2
Santa Fe,0,0,0,0,0,0,0,0,Colombia - Primera A - Apertura,0.0,0.0,0,0.0,0.0,0.0,2
Union Magdalena,0,0,0,0,0,0,0,0,Colombia - Primera A - Apertura,0.0,0.0,0,0.0,0.0,0.0,2
Llaneros,1,0,0,1,3,4,-1,0,Colombia - Primera A - Apertura,0.0,1.0,-1,3.0,0.0,1.0,2
D. Pereira,1,0,0,1,1,2,-1,0,Colombia - Primera A - Apertura,0.0,1.0,-1,1.0,0.0,1.0,2
A. Bucaramanga,1,0,0,1,0,1,-1,0,Colombia - Primera A - Apertura,0.0,1.0,-1,0.0,0.0,1.0,2
Deportivo Pasto,1,0,0,1,0,2,-2,0,Colombia - Primera A - Apertura,0.0,1.0,-2,0.0,0.0,1.0,2
Once Caldas,1,0,0,1,0,4,-4,0,Colombia - Primera A - Apertura,0.0,1.0,-4,0.0,0.0,1.0,2
A. Bucaramanga,8,5,2,1,13,5,8,17,Colombia - Primera A - Clausura,0.62,0.38,8,1.62,1.61,2.63,1
Santa Fe,8,4,4,0,11,5,6,16,Colombia - Primera A - Clausura,0.5,0.5,6,1.38,2.0,2.0,2
Millonarios,8,4,2,2,13,7,6,14,Colombia - Primera A - Clausura,0.5,0.5,6,1.62,2.0,2.0,3
A. Nacional,8,4,1,3,8,7,1,13,Colombia - Primera A - Clausura,0.5,0.5,1,1.0,2.0,2.0,4
Deportes Tolima,8,4,0,4,7,5,2,12,Colombia - Primera A - Clausura,0.5,0.5,2,0.88,2.0,2.0,5
America de Cali,8,3,2,3,11,12,-1,11,Colombia - Primera A - Clausura,0.38,0.62,-1,1.38,2.63,1.61,6
Junior,8,2,4,2,5,3,2,10,Colombia - Primera A - Clausura,0.25,0.75,2,0.62,4.0,1.33,7
I. Medelin,8,2,4,2,10,9,1,10,Colombia - Primera A - Clausura,0.25,0.75,1,1.25,4.0,1.33,7
Fortaleza CEIF,8,2,3,3,9,9,0,9,Colombia - Primera A - Clausura,0.25,0.75,0,1.12,4.0,1.33,8
Deportivo Pasto,8,2,3,3,6,6,0,9,Colombia - Primera A - Clausura,0.25,0.75,0,0.75,4.0,1.33,8
R. Aguilas,8,2,3,3,7,13,-6,9,Colombia - Primera A - Clausura,0.25,0.75,-6,0.88,4.0,1.33,8
Once Caldas,8,2,2,4,6,11,-5,8,Colombia - Primera A - Clausura,0.25,0.75,-5,0.75,4.0,1.33,9
D. Pereira,8,1,4,3,6,9,-3,7,Colombia - Primera A - Clausura,0.12,0.88,-3,0.75,8.33,1.14,10
Deportivo Cali,8,1,4,3,7,13,-6,7,Colombia - Primera A - Clausura,0.12,0.88,-6,0.88,8.33,1.14,10
La Equidad,8,1,3,4,7,13,-6,6,Colombia - Primera A - Clausura,0.12,0.88,-6,0.88,8.33,1.14,11
Patriotas,8,1,1,6,8,18,-10,4,Colombia - Primera A - Clausura,0.12,0.88,-10,1.0,8.33,1.14,12
Jaguares de C.,8,1,1,6,4,15,-11,4,Colombia - Primera A - Clausura,0.12,0.88,-11,0.5,8.33,1.14,12
Boyaca Chico,8,1,0,7,5,20,-15,3,Colombia - Primera A - Clausura,0.12,0.88,-15,0.62,8.33,1.14,13
A. Petrolera,8,0,2,6,4,13,-9,2,Colombia - Primera A - Clausura,0.0,1.0,-9,0.5,0.0,1.0,14
Envigado,8,0,1,7,2,15,-13,1,Colombia - Primera A - Clausura,0.0,1.0,-13,0.25,0.0,1.0,15
San Carlos,8,5,1,2,19,17,2,16,Costa Rica - Primera Div. - Apertura,0.62,0.38,2,2.38,1.61,2.63,1
Saprissa,8,4,2,2,10,7,3,14,Costa Rica - Primera Div. - Apertura,0.5,0.5,3,1.25,2.0,2.0,2
Alajuelense,8,3,3,2,10,9,1,12,Costa Rica - Primera Div. - Apertura,0.38,0.62,1,1.25,2.63,1.61,3
Herediano,8,3,2,3,11,11,0,11,Costa Rica - Primera Div. - Apertura,0.38,0.62,0,1.38,2.63,1.61,4
Santos Guapiles,8,1,4,3,11,13,-2,7,Costa Rica - Primera Div. - Apertura,0.12,0.88,-2,1.38,8.33,1.14,5
M. Liberia,8,2,1,5,10,14,-4,7,Costa Rica - Primera Div. - Apertura,0.25,0.75,-4,1.25,4.0,1.33,5
Zeledon,8,1,4,3,6,11,-5,7,Costa Rica - Primera Div. - Apertura,0.12,0.88,-5,0.75,8.33,1.14,5
Santa Ana,8,2,0,6,8,12,-4,6,Costa Rica - Primera Div. - Apertura,0.25,0.75,-4,1.0,4.0,1.33,6
Guanacasteca,8,1,3,4,6,15,-9,6,Costa Rica - Primera Div. - Apertura,0.12,0.88,-9,0.75,8.33,1.14,6
Cartagines,8,1,1,6,8,17,-9,4,Costa Rica - Primera Div. - Apertura,0.12,0.88,-9,1.0,8.33,1.14,7
Puntarenas,8,1,1,6,8,17,-9,4,Costa Rica - Primera Div. - Apertura,0.12,0.88,-9,1.0,8.33,1.14,7
Sporting SJ,8,0,1,7,3,12,-9,1,Costa Rica - Primera Div. - Apertura,0.0,1.0,-9,0.38,0.0,1.0,8
Slavia Prague,8,6,1,1,16,4,12,19,CzechRepublic - 1. Liga,0.75,0.25,12,2.0,1.33,4.0,1
Banik Ostrava,8,4,3,1,13,10,3,15,CzechRepublic - 1. Liga,0.5,0.5,3,1.62,2.0,2.0,2
Sparta Prague,8,4,2,2,12,8,4,14,CzechRepublic - 1. Liga,0.5,0.5,4,1.5,2.0,2.0,3
Viktoria Plzen,8,4,2,2,10,7,3,14,CzechRepublic - 1. Liga,0.5,0.5,3,1.25,2.0,2.0,3
Mlada Boleslav,8,3,3,2,14,10,4,12,CzechRepublic - 1. Liga,0.38,0.62,4,1.75,2.63,1.61,4
Bohemians,8,3,3,2,9,8,1,12,CzechRepublic - 1. Liga,0.38,0.62,1,1.12,2.63,1.61,4
Hradec Kralove,8,3,2,3,8,8,0,11,CzechRepublic - 1. Liga,0.38,0.62,0,1.0,2.63,1.61,5
Jablonec,8,2,2,4,10,9,1,8,CzechRepublic - 1. Liga,0.25,0.75,1,1.25,4.0,1.33,6
Slovan Liberec,8,2,2,4,10,9,1,8,CzechRepublic - 1. Liga,0.25,0.75,1,1.25,4.0,1.33,6
Sigma Olomouc,8,2,2,4,11,13,-2,8,CzechRepublic - 1. Liga,0.25,0.75,-2,1.38,4.0,1.33,6
Teplice,8,2,2,4,7,12,-5,8,CzechRepublic - 1. Liga,0.25,0.75,-5,0.88,4.0,1.33,6
Slovacko,8,2,2,4,11,18,-7,8,CzechRepublic - 1. Liga,0.25,0.75,-7,1.38,4.0,1.33,6
Karvina,8,1,2,5,11,23,-12,5,CzechRepublic - 1. Liga,0.12,0.88,-12,1.38,8.33,1.14,7
Pardubice,8,0,3,5,4,13,-9,3,CzechRepublic - 1. Liga,0.0,1.0,-9,0.5,0.0,1.0,8
Dukla Praha,8,0,2,6,4,18,-14,2,CzechRepublic - 1. Liga,0.0,1.0,-14,0.5,0.0,1.0,9
C. Budejovice,8,0,1,7,6,30,-24,1,CzechRepublic - 1. Liga,0.0,1.0,-24,0.75,0.0,1.0,10
Randers FC,8,3,4,1,14,9,5,13,Denmark - Superligaen,0.38,0.62,5,1.75,2.63,1.61,1
FC Kobenhavn,8,3,3,2,12,9,3,12,Denmark - Superligaen,0.38,0.62,3,1.5,2.63,1.61,2
Brondby IF,8,3,2,3,18,14,4,11,Denmark - Superligaen,0.38,0.62,4,2.25,2.63,1.61,3
FC Midtjylland,8,3,2,3,14,12,2,11,Denmark - Superligaen,0.38,0.62,2,1.75,2.63,1.61,3
Silkeborg,8,2,4,2,12,10,2,10,Denmark - Superligaen,0.25,0.75,2,1.5,4.0,1.33,4
AGF Aarhus,8,2,3,3,9,8,1,9,Denmark - Superligaen,0.25,0.75,1,1.12,4.0,1.33,5
Viborg,8,1,4,3,12,11,1,7,Denmark - Superligaen,0.12,0.88,1,1.5,8.33,1.14,6
Nordsjaelland,8,2,1,5,12,20,-8,7,Denmark - Superligaen,0.25,0.75,-8,1.5,4.0,1.33,6
SonderjyskE,8,2,1,5,9,18,-9,7,Denmark - Superligaen,0.25,0.75,-9,1.12,4.0,1.33,6
Aalborg BK,8,1,3,4,8,13,-5,6,Denmark - Superligaen,0.12,0.88,-5,1.0,8.33,1.14,7
Lyngby,8,0,3,5,6,12,-6,3,Denmark - Superligaen,0.0,1.0,-6,0.75,0.0,1.0,8
Vejle BK,8,0,1,7,7,20,-13,1,Denmark - Superligaen,0.0,1.0,-13,0.88,0.0,1.0,9
Odense BK,8,6,2,0,24,7,17,20,Denmark - 1st Division,0.75,0.25,17,3.0,1.33,4.0,1
Fredericia,8,6,0,2,21,8,13,18,Denmark - 1st Division,0.75,0.25,13,2.62,1.33,4.0,2
Kolding IF,8,4,1,3,7,4,3,13,Denmark - 1st Division,0.5,0.5,3,0.88,2.0,2.0,3
AC Horsens,8,4,1,3,13,12,1,13,Denmark - 1st Division,0.5,0.5,1,1.62,2.0,2.0,3
Esbjerg,8,4,0,4,13,14,-1,12,Denmark - 1st Division,0.5,0.5,-1,1.62,2.0,2.0,4
Hillerod,8,2,4,2,12,8,4,10,Denmark - 1st Division,0.25,0.75,4,1.5,4.0,1.33,5
Hobro,8,3,1,4,11,12,-1,10,Denmark - 1st Division,0.38,0.62,-1,1.38,2.63,1.61,5
B 93,8,3,1,4,13,18,-5,10,Denmark - 1st Division,0.38,0.62,-5,1.62,2.63,1.61,5
HB Koge,8,2,3,3,11,12,-1,9,Denmark - 1st Division,0.25,0.75,-1,1.38,4.0,1.33,6
Vendsyssel,8,2,3,3,9,12,-3,9,Denmark - 1st Division,0.25,0.75,-3,1.12,4.0,1.33,6
Hvidovre,8,2,1,5,4,9,-5,7,Denmark - 1st Division,0.25,0.75,-5,0.5,4.0,1.33,7
Roskilde,8,1,1,6,6,16,-10,4,Denmark - 1st Division,0.12,0.88,-10,0.75,8.33,1.14,8
Fremad Amager,8,6,1,1,15,8,7,19,Denmark - 2nd Division,0.75,0.25,7,1.88,1.33,4.0,1
Middelfart,8,4,2,2,14,7,7,14,Denmark - 2nd Division,0.5,0.5,7,1.75,2.0,2.0,2
Ishoj,8,4,2,2,10,8,2,14,Denmark - 2nd Division,0.5,0.5,2,1.25,2.0,2.0,2
Hellerup IK,8,3,2,3,7,4,3,11,Denmark - 2nd Division,0.38,0.62,3,0.88,2.63,1.61,3
Naestved,8,3,2,3,6,7,-1,11,Denmark - 2nd Division,0.38,0.62,-1,0.75,2.63,1.61,3
Helsingor,8,3,2,3,9,11,-2,11,Denmark - 2nd Division,0.38,0.62,-2,1.12,2.63,1.61,3
Aarhus Fremad,8,3,1,4,10,9,1,10,Denmark - 2nd Division,0.38,0.62,1,1.25,2.63,1.61,4
Skive,8,3,1,4,10,14,-4,10,Denmark - 2nd Division,0.38,0.62,-4,1.25,2.63,1.61,4
AB Copenhagen,8,2,3,3,8,10,-2,9,Denmark - 2nd Division,0.25,0.75,-2,1.0,4.0,1.33,5
BK Frem,6,2,2,2,7,7,0,8,Denmark - 2nd Division,0.33,0.67,0,1.17,3.03,1.49,6
Thisted,7,0,4,3,6,10,-4,4,Denmark - 2nd Division,0.0,1.0,-4,0.86,0.0,1.0,7
Nykobing,8,1,0,7,4,15,-11,3,Denmark - 2nd Division,0.12,0.88,-11,0.5,8.33,1.14,8
Aucas,0,0,0,0,0,0,0,0,Ecuador - Liga Pro 1st Stage,0.0,0.0,0,0.0,0.0,0.0,1
Barcelona SC,0,0,0,0,0,0,0,0,Ecuador - Liga Pro 1st Stage,0.0,0.0,0,0.0,0.0,0.0,1
Cuniburo,0,0,0,0,0,0,0,0,Ecuador - Liga Pro 1st Stage,0.0,0.0,0,0.0,0.0,0.0,1
D. Cuenca,0,0,0,0,0,0,0,0,Ecuador - Liga Pro 1st Stage,0.0,0.0,0,0.0,0.0,0.0,1
Delfin,0,0,0,0,0,0,0,0,Ecuador - Liga Pro 1st Stage,0.0,0.0,0,0.0,0.0,0.0,1
El Nacional,0,0,0,0,0,0,0,0,Ecuador - Liga Pro 1st Stage,0.0,0.0,0,0.0,0.0,0.0,1
Emelec,0,0,0,0,0,0,0,0,Ecuador - Liga Pro 1st Stage,0.0,0.0,0,0.0,0.0,0.0,1
I. del Valle,0,0,0,0,0,0,0,0,Ecuador - Liga Pro 1st Stage,0.0,0.0,0,0.0,0.0,0.0,1
LDU Quito,0,0,0,0,0,0,0,0,Ecuador - Liga Pro 1st Stage,0.0,0.0,0,0.0,0.0,0.0,1
Libertad,0,0,0,0,0,0,0,0,Ecuador - Liga Pro 1st Stage,0.0,0.0,0,0.0,0.0,0.0,1
Macara,0,0,0,0,0,0,0,0,Ecuador - Liga Pro 1st Stage,0.0,0.0,0,0.0,0.0,0.0,1
Manta,0,0,0,0,0,0,0,0,Ecuador - Liga Pro 1st Stage,0.0,0.0,0,0.0,0.0,0.0,1
Mushuc Runa,0,0,0,0,0,0,0,0,Ecuador - Liga Pro 1st Stage,0.0,0.0,0,0.0,0.0,0.0,1
Orense,0,0,0,0,0,0,0,0,Ecuador - Liga Pro 1st Stage,0.0,0.0,0,0.0,0.0,0.0,1
Tecnico U.,0,0,0,0,0,0,0,0,Ecuador - Liga Pro 1st Stage,0.0,0.0,0,0.0,0.0,0.0,1
U. Catolica,0,0,0,0,0,0,0,0,Ecuador - Liga Pro 1st Stage,0.0,0.0,0,0.0,0.0,0.0,1
Guayaquil City,8,3,3,2,7,6,1,12,Ecuador - Serie B,0.38,0.62,1,0.88,2.63,1.61,1
Manta,8,3,3,2,7,8,-1,12,Ecuador - Serie B,0.38,0.62,-1,0.88,2.63,1.61,1
San Antonio,8,2,5,1,4,3,1,11,Ecuador - Serie B,0.25,0.75,1,0.5,4.0,1.33,2
I. Juniors,8,2,4,2,9,8,1,10,Ecuador - Serie B,0.25,0.75,1,1.12,4.0,1.33,3
Cuniburo,8,2,3,3,17,12,5,9,Ecuador - Serie B,0.25,0.75,5,2.12,4.0,1.33,4
Leones Norte,8,2,2,4,5,7,-2,8,Ecuador - Serie B,0.25,0.75,-2,0.62,4.0,1.33,5
Gualaceo,8,2,1,5,5,12,-7,7,Ecuador - Serie B,0.25,0.75,-7,0.62,4.0,1.33,6
Nueve Octubre,8,1,2,5,6,12,-6,5,Ecuador - Serie B,0.12,0.88,-6,0.75,8.33,1.14,7
Vargas Torres,8,0,3,5,3,16,-13,3,Ecuador - Serie B,0.0,1.0,-13,0.38,0.0,1.0,8
Chacaritas,8,0,2,6,5,18,-13,2,Ecuador - Serie B,0.0,1.0,-13,0.62,0.0,1.0,9
Pyramids FC,6,3,2,1,7,5,2,11,Egypt - Premier League,0.5,0.5,2,1.17,2.0,2.0,1
Ceramica C.,6,3,2,1,7,7,0,11,Egypt - Premier League,0.5,0.5,0,1.17,2.0,2.0,1
Al Ahly,5,2,3,0,4,1,3,9,Egypt - Premier League,0.4,0.6,3,0.8,2.5,1.67,2
National Bank,5,3,0,2,7,7,0,9,Egypt - Premier League,0.6,0.4,0,1.4,1.67,2.5,2
El Geish,4,3,0,1,5,5,0,9,Egypt - Premier League,0.75,0.25,0,1.25,1.33,4.0,2
Al Masry,5,2,2,1,5,3,2,8,Egypt - Premier League,0.4,0.6,2,1.0,2.5,1.67,3
Petrojet,5,2,2,1,5,3,2,8,Egypt - Premier League,0.4,0.6,2,1.0,2.5,1.67,3
ZED FC,5,2,2,1,4,3,1,8,Egypt - Premier League,0.4,0.6,1,0.8,2.5,1.67,3
Zamalek,4,2,1,1,8,3,5,7,Egypt - Premier League,0.5,0.5,5,2.0,2.0,2.0,4
Ghazl El M.,4,2,1,1,5,5,0,7,Egypt - Premier League,0.5,0.5,0,1.25,2.0,2.0,4
Al Ittihad,5,1,3,1,3,4,-1,6,Egypt - Premier League,0.2,0.8,-1,0.6,5.0,1.25,5
Pharco,5,1,2,2,2,5,-3,5,Egypt - Premier League,0.2,0.8,-3,0.4,5.0,1.25,6
Smouha,5,1,1,3,4,6,-2,4,Egypt - Premier League,0.2,0.8,-2,0.8,5.0,1.25,7
Haras El Hodood,5,1,1,3,5,8,-3,4,Egypt - Premier League,0.2,0.8,-3,1.0,5.0,1.25,7
Ismaily,5,1,0,4,3,4,-1,3,Egypt - Premier League,0.2,0.8,-1,0.6,5.0,1.25,8
ENPPI,6,0,3,3,4,7,-3,3,Egypt - Premier League,0.0,1.0,-3,0.67,0.0,1.0,8
Modern Sport,5,0,2,3,2,7,-5,2,Egypt - Premier League,0.0,1.0,-5,0.4,0.0,1.0,9
El Gouna,5,0,2,3,1,7,-6,2,Egypt - Premier League,0.0,1.0,-6,0.2,0.0,1.0,9
Liverpool,8,5,3,0,23,11,12,18,Premier League,0.62,0.38,12,2.88,1.61,2.63,2
Newcastle Utd,8,5,1,2,18,10,8,16,Premier League,0.62,0.38,8,2.25,1.61,2.63,4
Arsenal,8,4,3,1,17,8,9,15,Premier League,0.5,0.5,9,2.12,2.0,2.0,5
Bournemouth,8,4,3,1,20,12,8,15,Premier League,0.5,0.5,8,2.5,2.0,2.0,5
Crystal Palace,8,4,3,1,12,6,6,15,Premier League,0.5,0.5,6,1.5,2.0,2.0,5
Nottm Forest,8,5,0,3,13,14,-1,15,Premier League,0.62,0.38,-1,1.62,1.61,2.63,5
Fulham,8,3,3,2,14,11,3,12,Premier League,0.38,0.62,3,1.75,2.63,1.61,7
Brighton,8,3,3,2,14,12,2,12,Premier League,0.38,0.62,2,1.75,2.63,1.61,7
Chelsea,8,3,3,2,14,12,2,12,Premier League,0.38,0.62,2,1.75,2.63,1.61,7
Manchester Utd,8,2,3,3,7,10,-3,9,Premier League,0.25,0.75,-3,0.88,4.0,1.33,10
Everton,8,2,3,3,4,7,-3,9,Premier League,0.25,0.75,-3,0.5,4.0,1.33,10
Manchester City,8,2,2,4,15,12,3,8,Premier League,0.25,0.75,3,1.88,4.0,1.33,11
Brentford,8,2,2,4,11,10,1,8,Premier League,0.25,0.75,1,1.38,4.0,1.33,11
Wolverhampton,8,2,2,4,13,17,-4,8,Premier League,0.25,0.75,-4,1.62,4.0,1.33,11
West Ham Utd,8,2,2,4,8,16,-8,8,Premier League,0.25,0.75,-8,1.0,4.0,1.33,11
Ipswich Town,8,2,1,5,11,18,-7,7,Premier League,0.25,0.75,-7,1.38,4.0,1.33,12
Aston Villa,8,2,1,5,8,17,-9,7,Premier League,0.25,0.75,-9,1.0,4.0,1.33,12
Leicester City,8,2,1,5,9,20,-11,7,Premier League,0.25,0.75,-11,1.12,4.0,1.33,12
Tottenham,8,2,0,6,14,11,3,6,Premier League,0.25,0.75,3,1.75,4.0,1.33,13
Southampton,8,0,2,6,5,13,-8,2,Premier League,0.0,1.0,-8,0.62,0.0,1.0,16
Burnley,8,6,2,0,13,1,12,20,Premier League,0.75,0.25,12,1.62,1.33,4.0,1
Sheffield Utd,8,5,2,1,14,9,5,17,Premier League,0.62,0.38,5,1.75,1.61,2.63,3
Blackburn,8,4,1,3,8,6,2,13,Premier League,0.5,0.5,2,1.0,2.0,2.0,6
Sheffield Wed,8,4,1,3,13,12,1,13,Premier League,0.5,0.5,1,1.62,2.0,2.0,6
Leeds Utd,8,3,3,2,11,9,2,12,Premier League,0.38,0.62,2,1.38,2.63,1.61,7
QP Rangers,8,3,3,2,7,8,-1,12,Premier League,0.38,0.62,-1,0.88,2.63,1.61,7
Middlesbrough,8,3,2,3,18,14,4,11,Premier League,0.38,0.62,4,2.25,2.63,1.61,8
Millwall,8,2,4,2,7,7,0,10,Premier League,0.25,0.75,0,0.88,4.0,1.33,9
Sunderland,8,2,4,2,7,7,0,10,Premier League,0.25,0.75,0,0.88,4.0,1.33,9
Hull City,8,3,0,5,7,8,-1,9,Premier League,0.38,0.62,-1,0.88,2.63,1.61,10
Preston,8,2,3,3,8,10,-2,9,Premier League,0.25,0.75,-2,1.0,4.0,1.33,10
Cardiff City,8,1,5,2,12,13,-1,8,Premier League,0.12,0.88,-1,1.5,8.33,1.14,11
Coventry City,8,2,2,4,8,13,-5,8,Premier League,0.25,0.75,-5,1.0,4.0,1.33,11
West Brom,8,1,4,3,7,10,-3,7,Premier League,0.12,0.88,-3,0.88,8.33,1.14,12
Swansea City,8,2,1,5,7,18,-11,7,Premier League,0.25,0.75,-11,0.88,4.0,1.33,12
Watford,8,1,3,4,9,12,-3,6,Premier League,0.12,0.88,-3,1.12,8.33,1.14,13
Stoke City,8,1,3,4,7,11,-4,6,Premier League,0.12,0.88,-4,0.88,8.33,1.14,13
Bristol City,8,1,3,4,7,12,-5,6,Premier League,0.12,0.88,-5,0.88,8.33,1.14,13
Oxford Utd,8,1,3,4,3,12,-9,6,Premier League,0.12,0.88,-9,0.38,8.33,1.14,13
Derby County,8,1,2,5,7,13,-6,5,Premier League,0.12,0.88,-6,0.88,8.33,1.14,14
Norwich City,8,1,2,5,4,13,-9,5,Premier League,0.12,0.88,-9,0.5,8.33,1.14,14
Plymouth,8,0,3,5,4,21,-17,3,Premier League,0.0,1.0,-17,0.5,0.0,1.0,15
Portsmouth,8,0,1,7,4,21,-17,1,Premier League,0.0,1.0,-17,0.5,0.0,1.0,17
Luton Town,8,0,0,8,7,22,-15,0,Premier League,0.0,1.0,-15,0.88,0.0,1.0,18
Wycombe,8,6,1,1,21,8,13,19,League One,0.75,0.25,13,2.62,1.33,4.0,1
Blackpool,8,5,2,1,14,5,9,17,League One,0.62,0.38,9,1.75,1.61,2.63,2
Birmingham City,8,5,2,1,13,6,7,17,League One,0.62,0.38,7,1.62,1.61,2.63,2
Huddersfield,8,4,3,1,13,6,7,15,League One,0.5,0.5,7,1.62,2.0,2.0,3
Leyton Orient,8,4,2,2,15,8,7,14,League One,0.5,0.5,7,1.88,2.0,2.0,4
Barnsley,8,4,1,3,12,10,2,13,League One,0.5,0.5,2,1.5,2.0,2.0,5
Wigan Athletic,8,4,1,3,9,7,2,13,League One,0.5,0.5,2,1.12,2.0,2.0,5
Stevenage,8,3,3,2,6,6,0,12,League One,0.38,0.62,0,0.75,2.63,1.61,6
Charlton,8,3,2,3,13,10,3,11,League One,0.38,0.62,3,1.62,2.63,1.61,7
Bolton,8,3,2,3,10,13,-3,11,League One,0.38,0.62,-3,1.25,2.63,1.61,7
Reading,8,2,3,3,10,12,-2,9,League One,0.25,0.75,-2,1.25,4.0,1.33,8
Burton Albion,8,2,3,3,6,8,-2,9,League One,0.25,0.75,-2,0.75,4.0,1.33,8
Stockport,8,2,2,4,10,10,0,8,League One,0.25,0.75,0,1.25,4.0,1.33,9
Wrexham,8,2,2,4,7,9,-2,8,League One,0.25,0.75,-2,0.88,4.0,1.33,9
Crawley Town,8,2,2,4,10,17,-7,8,League One,0.25,0.75,-7,1.25,4.0,1.33,9
Mansfield,8,2,1,5,9,11,-2,7,League One,0.25,0.75,-2,1.12,4.0,1.33,10
Exeter City,8,2,1,5,6,12,-6,7,League One,0.25,0.75,-6,0.75,4.0,1.33,10
Lincoln City,8,1,3,4,5,10,-5,6,League One,0.12,0.88,-5,0.62,8.33,1.14,11
Bristol Rovers,8,2,0,6,3,15,-12,6,League One,0.25,0.75,-12,0.38,4.0,1.33,11
Rotherham,8,1,2,5,6,12,-6,5,League One,0.12,0.88,-6,0.75,8.33,1.14,12
Northampton,8,1,2,5,5,15,-10,5,League One,0.12,0.88,-10,0.62,8.33,1.14,12
Cambridge Utd,8,0,3,5,7,19,-12,3,League One,0.0,1.0,-12,0.88,0.0,1.0,13
Shrewsbury,8,0,2,6,4,13,-9,2,League One,0.0,1.0,-9,0.5,0.0,1.0,14
Peterborough,8,0,1,7,6,19,-13,1,League One,0.0,1.0,-13,0.75,0.0,1.0,15
Walsall,8,5,1,2,10,7,3,16,League Two,0.62,0.38,3,1.25,1.61,2.63,1
AFC Wimbledon,8,4,2,2,13,7,6,14,League Two,0.5,0.5,6,1.62,2.0,2.0,2
Salford City,8,4,2,2,11,7,4,14,League Two,0.5,0.5,4,1.38,2.0,2.0,2
Doncaster,8,4,2,2,11,8,3,14,League Two,0.5,0.5,3,1.38,2.0,2.0,2
Milton Keynes,8,4,1,3,20,17,3,13,League Two,0.5,0.5,3,2.5,2.0,2.0,3
Bromley,8,3,3,2,12,12,0,12,League Two,0.38,0.62,0,1.5,2.63,1.61,4
Crewe Alexandra,8,2,5,1,8,6,2,11,League Two,0.25,0.75,2,1.0,4.0,1.33,5
Notts County,8,3,2,3,14,13,1,11,League Two,0.38,0.62,1,1.75,2.63,1.61,5
Accrington,8,3,2,3,13,12,1,11,League Two,0.38,0.62,1,1.62,2.63,1.61,5
Colchester Utd,8,2,5,1,6,5,1,11,League Two,0.25,0.75,1,0.75,4.0,1.33,5
Chesterfield,8,3,1,4,13,12,1,10,League Two,0.38,0.62,1,1.62,2.63,1.61,6
Fleetwood,8,3,1,4,13,12,1,10,League Two,0.38,0.62,1,1.62,2.63,1.61,6
Cheltenham,8,2,4,2,9,10,-1,10,League Two,0.25,0.75,-1,1.12,4.0,1.33,6
Bradford,8,2,4,2,8,9,-1,10,League Two,0.25,0.75,-1,1.0,4.0,1.33,6
Morecambe,8,3,1,4,8,10,-2,10,League Two,0.38,0.62,-2,1.0,2.63,1.61,6
Grimsby,8,3,1,4,9,12,-3,10,League Two,0.38,0.62,-3,1.12,2.63,1.61,6
Port Vale,8,2,3,3,6,9,-3,9,League Two,0.25,0.75,-3,0.75,4.0,1.33,7
Carlisle Utd,8,2,2,4,7,10,-3,8,League Two,0.25,0.75,-3,0.88,4.0,1.33,8
Harrogate,8,2,1,5,8,11,-3,7,League Two,0.25,0.75,-3,1.0,4.0,1.33,9
Gillingham,8,1,3,4,6,10,-4,6,League Two,0.12,0.88,-4,0.75,8.33,1.14,10
Swindon Town,8,1,3,4,7,15,-8,6,League Two,0.12,0.88,-8,0.88,8.33,1.14,10
Newport,8,0,4,4,8,15,-7,4,League Two,0.0,1.0,-7,1.0,0.0,1.0,11
Barrow,8,0,3,5,3,11,-8,3,League Two,0.0,1.0,-8,0.38,0.0,1.0,12
Tranmere,8,0,0,8,4,22,-18,0,League Two,0.0,1.0,-18,0.5,0.0,1.0,13
Halifax Town,8,4,3,1,13,8,5,15,England - National League,0.5,0.5,5,1.62,2.0,2.0,1
Southend Utd,8,4,2,2,6,5,1,14,England - National League,0.5,0.5,1,0.75,2.0,2.0,2
Forest Green,8,3,4,1,14,8,6,13,England - National League,0.38,0.62,6,1.75,2.63,1.61,3
Oldham,8,3,4,1,13,9,4,13,England - National League,0.38,0.62,4,1.62,2.63,1.61,3
Gateshead FC,8,3,3,2,14,9,5,12,England - National League,0.38,0.62,5,1.75,2.63,1.61,4
Barnet,8,3,3,2,14,12,2,12,England - National League,0.38,0.62,2,1.75,2.63,1.61,4
Solihull Moors,8,3,2,3,12,7,5,11,England - National League,0.38,0.62,5,1.5,2.63,1.61,5
Altrincham,8,3,2,3,17,14,3,11,England - National League,0.38,0.62,3,2.12,2.63,1.61,5
Sutton Utd,8,3,2,3,12,12,0,11,England - National League,0.38,0.62,0,1.5,2.63,1.61,5
York City,8,3,2,3,10,11,-1,11,England - National League,0.38,0.62,-1,1.25,2.63,1.61,5
Rochdale,8,3,1,4,10,9,1,10,England - National League,0.38,0.62,1,1.25,2.63,1.61,6
Eastleigh,8,2,4,2,9,9,0,10,England - National League,0.25,0.75,0,1.12,4.0,1.33,6
Braintree Town,8,3,1,4,14,16,-2,10,England - National League,0.38,0.62,-2,1.75,2.63,1.61,6
Yeovil Town,8,2,2,4,6,13,-7,8,England - National League,0.25,0.75,-7,0.75,4.0,1.33,7
Hartlepool,8,1,4,3,13,17,-4,7,England - National League,0.12,0.88,-4,1.62,8.33,1.14,8
Tamworth,8,2,1,5,8,18,-10,7,England - National League,0.25,0.75,-10,1.0,4.0,1.33,8
Wealdstone,8,1,3,4,10,14,-4,6,England - National League,0.12,0.88,-4,1.25,8.33,1.14,9
Aldershot Town,8,1,3,4,12,17,-5,6,England - National League,0.12,0.88,-5,1.5,8.33,1.14,9
Dagenham & R.,8,1,2,5,6,11,-5,5,England - National League,0.12,0.88,-5,0.75,8.33,1.14,10
Woking,8,0,3,5,7,16,-9,3,England - National League,0.0,1.0,-9,0.88,0.0,1.0,11
Maidenhead Utd,8,1,0,7,7,22,-15,3,England - National League,0.12,0.88,-15,0.88,8.33,1.14,11
Ebbsfleet Utd,8,0,3,5,6,21,-15,3,England - National League,0.0,1.0,-15,0.75,0.0,1.0,11
AFC Fylde,8,1,0,7,4,20,-16,3,England - National League,0.12,0.88,-16,0.5,8.33,1.14,11
Boston Utd,8,0,2,6,2,15,-13,2,England - National League,0.0,1.0,-13,0.25,0.0,1.0,12
Chester,8,6,1,1,21,10,11,19,England - National L. North,0.75,0.25,11,2.62,1.33,4.0,1
Kidderminster,8,6,1,1,16,7,9,19,England - National L. North,0.75,0.25,9,2.0,1.33,4.0,1
Curzon,8,5,2,1,13,4,9,17,England - National L. North,0.62,0.38,9,1.62,1.61,2.63,2
Buxton,8,5,2,1,15,8,7,17,England - National L. North,0.62,0.38,7,1.88,1.61,2.63,2
Brackley Town,8,5,1,2,14,9,5,16,England - National L. North,0.62,0.38,5,1.75,1.61,2.63,3
Darlington,8,5,0,3,11,8,3,15,England - National L. North,0.62,0.38,3,1.38,1.61,2.63,4
Oxford City,8,4,2,2,12,8,4,14,England - National L. North,0.5,0.5,4,1.5,2.0,2.0,5
Peterborough S.,8,3,4,1,13,10,3,13,England - National L. North,0.38,0.62,3,1.62,2.63,1.61,6
Scunthorpe,8,3,2,3,12,11,1,11,England - National L. North,0.38,0.62,1,1.5,2.63,1.61,7
Alfreton Town,8,3,2,3,9,10,-1,11,England - National L. North,0.38,0.62,-1,1.12,2.63,1.61,7
Radcliffe,8,2,4,2,7,7,0,10,England - National L. North,0.25,0.75,0,0.88,4.0,1.33,8
Chorley,8,3,1,4,7,10,-3,10,England - National L. North,0.38,0.62,-3,0.88,2.63,1.61,8
Needham Market,8,2,3,3,8,16,-8,9,England - National L. North,0.25,0.75,-8,1.0,4.0,1.33,9
Scarborough,8,2,2,4,12,11,1,8,England - National L. North,0.25,0.75,1,1.5,4.0,1.33,10
Kings Lynn,8,2,2,4,7,12,-5,8,England - National L. North,0.25,0.75,-5,0.88,4.0,1.33,10
Spennymoor,8,1,4,3,10,14,-4,7,England - National L. North,0.12,0.88,-4,1.25,8.33,1.14,11
Hereford Utd,8,2,1,5,7,13,-6,7,England - National L. North,0.25,0.75,-6,0.88,4.0,1.33,11
South Shields,8,2,1,5,10,17,-7,7,England - National L. North,0.25,0.75,-7,1.25,4.0,1.33,11
Southport,8,1,3,4,4,10,-6,6,England - National L. North,0.12,0.88,-6,0.5,8.33,1.14,12
Marine,8,1,3,4,4,11,-7,6,England - National L. North,0.12,0.88,-7,0.5,8.33,1.14,12
Farsley Celtic,8,2,0,6,7,23,-16,6,England - National L. North,0.25,0.75,-16,0.88,4.0,1.33,12
Rushall,8,2,0,6,6,25,-19,6,England - National L. North,0.25,0.75,-19,0.75,4.0,1.33,12
Warrington,8,0,5,3,4,10,-6,5,England - National L. North,0.0,1.0,-6,0.5,0.0,1.0,13
Leamington,8,0,1,7,5,12,-7,1,England - National L. North,0.0,1.0,-7,0.62,0.0,1.0,14
Dorking,8,7,0,1,28,10,18,21,England - National L. South,0.88,0.12,18,3.5,1.14,8.33,1
Chippenham,8,5,2,1,18,8,10,17,England - National L. South,0.62,0.38,10,2.25,1.61,2.63,2
Maidstone Utd,8,5,2,1,14,6,8,17,England - National L. South,0.62,0.38,8,1.75,1.61,2.63,2
Worthing,8,5,0,3,12,9,3,15,England - National L. South,0.62,0.38,3,1.5,1.61,2.63,3
Hampton & R.,8,4,2,2,13,8,5,14,England - National L. South,0.5,0.5,5,1.62,2.0,2.0,4
Boreham Wood,8,4,1,3,10,8,2,13,England - National L. South,0.5,0.5,2,1.25,2.0,2.0,5
Eastbourne,8,3,3,2,9,8,1,12,England - National L. South,0.38,0.62,1,1.12,2.63,1.61,6
Torquay Utd,8,2,5,1,12,9,3,11,England - National L. South,0.25,0.75,3,1.5,4.0,1.33,7
Truro City,8,3,2,3,8,8,0,11,England - National L. South,0.38,0.62,0,1.0,2.63,1.61,7
Weston-s.-Mare,8,3,2,3,10,12,-2,11,England - National L. South,0.38,0.62,-2,1.25,2.63,1.61,7
Salisbury,8,2,4,2,11,11,0,10,England - National L. South,0.25,0.75,0,1.38,4.0,1.33,8
Hornchurch,8,2,3,3,10,10,0,9,England - National L. South,0.25,0.75,0,1.25,4.0,1.33,9
Chelmsford City,8,1,4,3,11,13,-2,7,England - National L. South,0.12,0.88,-2,1.38,8.33,1.14,10
Tonbridge,8,1,4,3,8,11,-3,7,England - National L. South,0.12,0.88,-3,1.0,8.33,1.14,10
Chesham Utd,8,1,4,3,8,12,-4,7,England - National L. South,0.12,0.88,-4,1.0,8.33,1.14,10
Welling Utd,8,2,1,5,12,17,-5,7,England - National L. South,0.25,0.75,-5,1.5,4.0,1.33,10
Enfield Town,8,1,3,4,7,12,-5,6,England - National L. South,0.12,0.88,-5,0.88,8.33,1.14,11
Bath City,8,1,2,5,6,10,-4,5,England - National L. South,0.12,0.88,-4,0.75,8.33,1.14,12
St Albans,8,0,5,3,7,14,-7,5,England - National L. South,0.0,1.0,-7,0.88,0.0,1.0,12
Slough Town,8,1,1,6,12,22,-10,4,England - National L. South,0.12,0.88,-10,1.5,8.33,1.14,13
Weymouth,8,0,3,5,2,10,-8,3,England - National L. South,0.0,1.0,-8,0.25,0.0,1.0,14
Hemel Hempstead,8,1,0,7,1,14,-13,3,England - National L. South,0.12,0.88,-13,0.12,8.33,1.14,14
Farnborough,8,0,2,6,6,17,-11,2,England - National L. South,0.0,1.0,-11,0.75,0.0,1.0,15
Aveley,8,0,0,8,4,19,-15,0,England - National L. South,0.0,1.0,-15,0.5,0.0,1.0,16
Dover Athletic,8,7,0,1,19,6,13,21,England - Isthmian league,0.88,0.12,13,2.38,1.14,8.33,1
Dartford,8,6,2,0,17,7,10,20,England - Isthmian league,0.75,0.25,10,2.12,1.33,4.0,2
Horsham,8,6,0,2,17,6,11,18,England - Isthmian league,0.75,0.25,11,2.12,1.33,4.0,3
Cray Valley PM,8,5,3,0,18,12,6,18,England - Isthmian league,0.62,0.38,6,2.25,1.61,2.63,3
Chichester City,8,5,0,3,18,14,4,15,England - Isthmian league,0.62,0.38,4,2.25,1.61,2.63,4
Hashtag United,8,4,2,2,15,8,7,14,England - Isthmian league,0.5,0.5,7,1.88,2.0,2.0,5
Cheshunt,8,4,2,2,13,9,4,14,England - Isthmian league,0.5,0.5,4,1.62,2.0,2.0,5
Cray Wanderers,8,4,0,4,9,8,1,12,England - Isthmian league,0.5,0.5,1,1.12,2.0,2.0,6
Billericay Town,8,3,1,4,9,14,-5,10,England - Isthmian league,0.38,0.62,-5,1.12,2.63,1.61,7
Chatham Town,8,2,3,3,13,11,2,9,England - Isthmian league,0.25,0.75,2,1.62,4.0,1.33,8
Carshalton,8,2,3,3,10,9,1,9,England - Isthmian league,0.25,0.75,1,1.25,4.0,1.33,8
Wingate & F.,8,3,0,5,19,20,-1,9,England - Isthmian league,0.38,0.62,-1,2.38,2.63,1.61,8
Canvey Island,8,3,0,5,10,15,-5,9,England - Isthmian league,0.38,0.62,-5,1.25,2.63,1.61,8
Folkestone,8,2,2,4,8,12,-4,8,England - Isthmian league,0.25,0.75,-4,1.0,4.0,1.33,9
Whitehawk,8,2,2,4,12,20,-8,8,England - Isthmian league,0.25,0.75,-8,1.5,4.0,1.33,9
Hastings Utd,8,2,2,4,8,19,-11,8,England - Isthmian league,0.25,0.75,-11,1.0,4.0,1.33,9
Potters Bar,8,2,1,5,11,14,-3,7,England - Isthmian league,0.25,0.75,-3,1.38,4.0,1.33,10
Lewes,8,0,4,4,6,12,-6,4,England - Isthmian league,0.0,1.0,-6,0.75,0.0,1.0,11
Bowers & Pitsea,8,1,1,6,7,17,-10,4,England - Isthmian league,0.12,0.88,-10,0.88,8.33,1.14,11
Bognor Regis,8,1,1,6,10,26,-16,4,England - Isthmian league,0.12,0.88,-16,1.25,8.33,1.14,11
Hendon,8,0,3,5,7,12,-5,3,England - Isthmian league,0.0,1.0,-5,0.88,0.0,1.0,12
Dulwich Hamlet,8,0,3,5,7,15,-8,3,England - Isthmian league,0.0,1.0,-8,0.88,0.0,1.0,12
Guiseley,8,5,2,1,15,7,8,17,England - Northern league,0.62,0.38,8,1.88,1.61,2.63,1
Macclesfield,8,5,1,2,18,9,9,16,England - Northern league,0.62,0.38,9,2.25,1.61,2.63,2
Ashton Utd,8,4,3,1,17,9,8,15,England - Northern league,0.5,0.5,8,2.12,2.0,2.0,3
Rylands,8,2,5,1,15,11,4,11,England - Northern league,0.25,0.75,4,1.88,4.0,1.33,4
Stockton Town,8,3,2,3,15,12,3,11,England - Northern league,0.38,0.62,3,1.88,2.63,1.61,4
Morpeth Town,8,3,2,3,13,16,-3,11,England - Northern league,0.38,0.62,-3,1.62,2.63,1.61,4
Gainsborough,8,3,2,3,10,13,-3,11,England - Northern league,0.38,0.62,-3,1.25,2.63,1.61,4
Matlock,8,2,4,2,15,12,3,10,England - Northern league,0.25,0.75,3,1.88,4.0,1.33,5
Ilkeston Town,8,3,1,4,11,15,-4,10,England - Northern league,0.38,0.62,-4,1.38,2.63,1.61,5
Whitby Town,8,3,1,4,13,21,-8,10,England - Northern league,0.38,0.62,-8,1.62,2.63,1.61,5
Bamber Bridge,8,2,3,3,13,15,-2,9,England - Northern league,0.25,0.75,-2,1.62,4.0,1.33,6
Hyde Utd,8,2,3,3,10,12,-2,9,England - Northern league,0.25,0.75,-2,1.25,4.0,1.33,6
FC United,8,2,3,3,9,12,-3,9,England - Northern league,0.25,0.75,-3,1.12,4.0,1.33,6
Lancaster City,8,3,0,5,11,17,-6,9,England - Northern league,0.38,0.62,-6,1.38,2.63,1.61,6
Leek Town,8,2,2,4,6,9,-3,8,England - Northern league,0.25,0.75,-3,0.75,4.0,1.33,7
Worksop Town,8,2,2,4,10,15,-5,8,England - Northern league,0.25,0.75,-5,1.25,4.0,1.33,7
Workington,8,2,2,4,11,18,-7,8,England - Northern league,0.25,0.75,-7,1.38,4.0,1.33,7
Hebburn Town,8,1,4,3,13,15,-2,7,England - Northern league,0.12,0.88,-2,1.62,8.33,1.14,8
Prescot Cables,8,1,2,5,8,17,-9,5,England - Northern league,0.12,0.88,-9,1.0,8.33,1.14,9
Mickleover,8,0,1,7,3,17,-14,1,England - Northern league,0.0,1.0,-14,0.38,0.0,1.0,10
Blyth Spartans,8,0,1,7,3,21,-18,1,England - Northern league,0.0,1.0,-18,0.38,0.0,1.0,10
Basford Utd,8,0,0,8,4,21,-17,0,England - Northern league,0.0,1.0,-17,0.5,0.0,1.0,11
Leiston,8,5,1,2,12,11,1,16,England - Southern Central,0.62,0.38,1,1.5,1.61,2.63,1
Stratford Town,8,5,0,3,8,8,0,15,England - Southern Central,0.62,0.38,0,1.0,1.61,2.63,2
Spalding United,8,4,2,2,14,7,7,14,England - Southern Central,0.5,0.5,7,1.75,2.0,2.0,3
Bromsgrove,8,4,2,2,10,7,3,14,England - Southern Central,0.5,0.5,3,1.25,2.0,2.0,3
Harborough Town,8,4,1,3,14,14,0,13,England - Southern Central,0.5,0.5,0,1.75,2.0,2.0,4
Bedford Town,8,4,1,3,12,13,-1,13,England - Southern Central,0.5,0.5,-1,1.5,2.0,2.0,4
Telford Utd,8,3,3,2,16,17,-1,12,England - Southern Central,0.38,0.62,-1,2.0,2.63,1.61,5
Royston,8,3,2,3,12,8,4,11,England - Southern Central,0.38,0.62,4,1.5,2.63,1.61,6
Alvechurch,8,3,2,3,13,10,3,11,England - Southern Central,0.38,0.62,3,1.62,2.63,1.61,6
Kettering Town,8,3,2,3,15,14,1,11,England - Southern Central,0.38,0.62,1,1.88,2.63,1.61,6
Stamford,8,3,1,4,9,9,0,10,England - Southern Central,0.38,0.62,0,1.12,2.63,1.61,7
B. Stortford,8,3,1,4,10,12,-2,10,England - Southern Central,0.38,0.62,-2,1.25,2.63,1.61,7
Banbury Utd,8,2,4,2,9,11,-2,10,England - Southern Central,0.25,0.75,-2,1.12,4.0,1.33,7
Stourbridge,8,3,1,4,8,10,-2,10,England - Southern Central,0.38,0.62,-2,1.0,2.63,1.61,7
Lowestoft,8,3,1,4,16,25,-9,10,England - Southern Central,0.38,0.62,-9,2.0,2.63,1.61,7
Halesowen Town,8,2,2,4,13,10,3,8,England - Southern Central,0.25,0.75,3,1.62,4.0,1.33,8
Redditch Utd,8,2,1,5,9,13,-4,7,England - Southern Central,0.25,0.75,-4,1.12,4.0,1.33,9
Hitchin Town,8,1,3,4,7,12,-5,6,England - Southern Central,0.12,0.88,-5,0.88,8.33,1.14,10
St. Ives Town,8,1,2,5,6,11,-5,5,England - Southern Central,0.12,0.88,-5,0.75,8.33,1.14,11
Biggleswade,8,0,3,5,9,17,-8,3,England - Southern Central,0.0,1.0,-8,1.12,0.0,1.0,12
Barwell,8,1,0,7,7,16,-9,3,England - Southern Central,0.12,0.88,-9,0.88,8.33,1.14,12
AFC Sudbury,8,1,0,7,6,17,-11,3,England - Southern Central,0.12,0.88,-11,0.75,8.33,1.14,12
Paide,8,7,0,1,21,6,15,21,Estonia - Meistriliiga,0.88,0.12,15,2.62,1.14,8.33,1
Levadia,8,6,0,2,16,6,10,18,Estonia - Meistriliiga,0.75,0.25,10,2.0,1.33,4.0,2
Nomme Kalju,8,5,1,2,18,10,8,16,Estonia - Meistriliiga,0.62,0.38,8,2.25,1.61,2.63,3
Narva Trans,8,4,3,1,15,10,5,15,Estonia - Meistriliiga,0.5,0.5,5,1.88,2.0,2.0,4
Flora,8,3,1,4,13,15,-2,10,Estonia - Meistriliiga,0.38,0.62,-2,1.62,2.63,1.61,5
Tammeka,8,3,1,4,9,14,-5,10,Estonia - Meistriliiga,0.38,0.62,-5,1.12,2.63,1.61,5
Vaprus,8,2,1,5,6,11,-5,7,Estonia - Meistriliiga,0.25,0.75,-5,0.75,4.0,1.33,6
Kuressaare,8,2,1,5,13,19,-6,7,Estonia - Meistriliiga,0.25,0.75,-6,1.62,4.0,1.33,6
Nomme Utd,8,0,2,6,6,20,-14,2,Estonia - Meistriliiga,0.0,1.0,-14,0.75,0.0,1.0,7
Tallinna Kalev,8,0,2,6,7,23,-16,2,Estonia - Meistriliiga,0.0,1.0,-16,0.88,0.0,1.0,7
Harju JK,8,6,0,2,28,11,17,18,Estonia - Esiliiga,0.75,0.25,17,3.5,1.33,4.0,1
Viimsi,8,5,1,2,14,11,3,16,Estonia - Esiliiga,0.62,0.38,3,1.75,1.61,2.63,2
Flora B,8,4,2,2,22,17,5,14,Estonia - Esiliiga,0.5,0.5,5,2.75,2.0,2.0,3
Tartu Welco,8,4,2,2,13,8,5,14,Estonia - Esiliiga,0.5,0.5,5,1.62,2.0,2.0,3
Elva,8,3,2,3,12,11,1,11,Estonia - Esiliiga,0.38,0.62,1,1.5,2.63,1.61,4
FC Tallinn,8,3,2,3,9,11,-2,11,Estonia - Esiliiga,0.38,0.62,-2,1.12,2.63,1.61,4
Tallinna K. B,8,3,2,3,18,21,-3,11,Estonia - Esiliiga,0.38,0.62,-3,2.25,2.63,1.61,4
Paide B,8,2,1,5,9,20,-11,7,Estonia - Esiliiga,0.25,0.75,-11,1.12,4.0,1.33,5
Levadia B,8,1,0,7,7,23,-16,3,Estonia - Esiliiga,0.12,0.88,-16,0.88,8.33,1.14,6
Tabasalu,8,0,1,7,9,27,-18,1,Estonia - Esiliiga,0.0,1.0,-18,1.12,0.0,1.0,7
Vikingur,8,7,1,0,24,4,20,22,FaroeIslands - Premier League,0.88,0.12,20,3.0,1.14,8.33,1
Klaksvik,8,7,0,1,17,7,10,21,FaroeIslands - Premier League,0.88,0.12,10,2.12,1.14,8.33,2
B36 Torshavn,8,4,2,2,20,12,8,14,FaroeIslands - Premier League,0.5,0.5,8,2.5,2.0,2.0,3
B68 Toftir,8,2,2,4,9,12,-3,8,FaroeIslands - Premier League,0.25,0.75,-3,1.12,4.0,1.33,4
NSI Runavik,8,2,2,4,11,16,-5,8,FaroeIslands - Premier League,0.25,0.75,-5,1.38,4.0,1.33,4
HB Torshavn,8,2,1,5,13,12,1,7,FaroeIslands - Premier League,0.25,0.75,1,1.62,4.0,1.33,5
Streymur,8,2,0,6,6,16,-10,6,FaroeIslands - Premier League,0.25,0.75,-10,0.75,4.0,1.33,6
07 Vestur,8,1,1,6,8,25,-17,4,FaroeIslands - Premier League,0.12,0.88,-17,1.0,8.33,1.14,7
IF Fuglafjordur,8,0,1,7,8,24,-16,1,FaroeIslands - Premier League,0.0,1.0,-16,1.0,0.0,1.0,8
Skala,8,0,1,7,2,20,-18,1,FaroeIslands - Premier League,0.0,1.0,-18,0.25,0.0,1.0,8
Vikingur B,8,5,3,0,22,7,15,18,FaroeIslands - 1. Deild,0.62,0.38,15,2.75,1.61,2.63,1
TB Tvoroyri,8,3,5,0,9,5,4,14,FaroeIslands - 1. Deild,0.38,0.62,4,1.12,2.63,1.61,2
B71 Sandur,8,3,3,2,11,9,2,12,FaroeIslands - 1. Deild,0.38,0.62,2,1.38,2.63,1.61,3
Suduroy,8,2,5,1,17,13,4,11,FaroeIslands - 1. Deild,0.25,0.75,4,2.12,4.0,1.33,4
AB Argir,8,3,2,3,11,14,-3,11,FaroeIslands - 1. Deild,0.38,0.62,-3,1.38,2.63,1.61,4
B36 Torshavn B,8,3,1,4,16,15,1,10,FaroeIslands - 1. Deild,0.38,0.62,1,2.0,2.63,1.61,5
Hoyvik,8,2,4,2,9,10,-1,10,FaroeIslands - 1. Deild,0.25,0.75,-1,1.12,4.0,1.33,5
Klaksvik B,8,3,0,5,10,18,-8,9,FaroeIslands - 1. Deild,0.38,0.62,-8,1.25,2.63,1.61,6
NSI Runavik B,8,2,1,5,10,19,-9,7,FaroeIslands - 1. Deild,0.25,0.75,-9,1.25,4.0,1.33,7
HB T. B,8,1,1,6,6,26,-20,4,FaroeIslands - 1. Deild,0.12,0.88,-20,0.75,8.33,1.14,8
Ilves,8,4,2,2,12,8,4,14,Finland - Veikkausliiga,0.5,0.5,4,1.5,2.0,2.0,1
Inter Turku,8,4,1,3,12,4,8,13,Finland - Veikkausliiga,0.5,0.5,8,1.5,2.0,2.0,2
HJK Helsinki,8,4,1,3,14,9,5,13,Finland - Veikkausliiga,0.5,0.5,5,1.75,2.0,2.0,2
KuPS,8,4,1,3,11,10,1,13,Finland - Veikkausliiga,0.5,0.5,1,1.38,2.0,2.0,2
Haka,8,4,0,4,11,11,0,12,Finland - Veikkausliiga,0.5,0.5,0,1.38,2.0,2.0,3
SJK,8,3,2,3,13,13,0,11,Finland - Veikkausliiga,0.38,0.62,0,1.62,2.63,1.61,4
Gnistan,8,2,2,4,12,16,-4,8,Finland - Veikkausliiga,0.25,0.75,-4,1.5,4.0,1.33,5
Ekenas IF,8,2,2,4,6,18,-12,8,Finland - Veikkausliiga,0.25,0.75,-12,0.75,4.0,1.33,5
VPS,8,2,1,5,12,18,-6,7,Finland - Veikkausliiga,0.25,0.75,-6,1.5,4.0,1.33,6
Oulu,8,1,2,5,6,15,-9,5,Finland - Veikkausliiga,0.12,0.88,-9,0.75,8.33,1.14,7
Lahti,8,0,4,4,9,18,-9,4,Finland - Veikkausliiga,0.0,1.0,-9,1.12,0.0,1.0,8
Mariehamn,8,1,0,7,6,17,-11,3,Finland - Veikkausliiga,0.12,0.88,-11,0.75,8.33,1.14,9
KTP,8,5,1,2,24,12,12,16,Finland - Ykkosliga,0.62,0.38,12,3.0,1.61,2.63,1
JIPPO,8,5,0,3,15,8,7,15,Finland - Ykkosliga,0.62,0.38,7,1.88,1.61,2.63,2
Jaro,8,4,1,3,13,13,0,13,Finland - Ykkosliga,0.5,0.5,0,1.62,2.0,2.0,3
JaPS,8,4,1,3,15,19,-4,13,Finland - Ykkosliga,0.5,0.5,-4,1.88,2.0,2.0,3
SalPa,8,4,0,4,8,16,-8,12,Finland - Ykkosliga,0.5,0.5,-8,1.0,2.0,2.0,4
TPS,8,2,5,1,7,5,2,11,Finland - Ykkosliga,0.25,0.75,2,0.88,4.0,1.33,5
PK-35,8,2,3,3,8,11,-3,9,Finland - Ykkosliga,0.25,0.75,-3,1.0,4.0,1.33,6
Mikkelin,8,2,2,4,11,16,-5,8,Finland - Ykkosliga,0.25,0.75,-5,1.38,4.0,1.33,7
KaPa,8,2,1,5,19,26,-7,7,Finland - Ykkosliga,0.25,0.75,-7,2.38,4.0,1.33,8
SJK Akatemia,8,1,3,4,10,15,-5,6,Finland - Ykkosliga,0.12,0.88,-5,1.25,8.33,1.14,9
PKKU,8,6,2,0,24,16,8,20,Finland - Ykkonen,0.75,0.25,8,3.0,1.33,4.0,1
KPV Kokkola,8,6,1,1,20,12,8,19,Finland - Ykkonen,0.75,0.25,8,2.5,1.33,4.0,2
JJK,8,4,2,2,14,13,1,14,Finland - Ykkonen,0.5,0.5,1,1.75,2.0,2.0,3
Klubi-04,8,4,1,3,13,10,3,13,Finland - Ykkonen,0.5,0.5,3,1.62,2.0,2.0,4
Atlantis,8,3,2,3,17,16,1,11,Finland - Ykkonen,0.38,0.62,1,2.12,2.63,1.61,5
VIFK,8,2,3,3,18,21,-3,9,Finland - Ykkonen,0.25,0.75,-3,2.25,4.0,1.33,6
Jazz Pori,8,3,0,5,16,20,-4,9,Finland - Ykkonen,0.38,0.62,-4,2.0,2.63,1.61,6
OLS Oulu,8,2,3,3,12,17,-5,9,Finland - Ykkonen,0.25,0.75,-5,1.5,4.0,1.33,6
EPS,8,1,4,3,8,10,-2,7,Finland - Ykkonen,0.12,0.88,-2,1.0,8.33,1.14,7
Rovaniemi,8,2,1,5,10,13,-3,7,Finland - Ykkonen,0.25,0.75,-3,1.25,4.0,1.33,7
KuPS Ak.,8,1,1,6,9,19,-10,4,Finland - Ykkonen,0.12,0.88,-10,1.12,8.33,1.14,8
Vaajakoski,8,0,1,7,8,23,-15,1,Finland - Ykkonen,0.0,1.0,-15,1.0,0.0,1.0,9
Paris SG,8,5,3,0,18,8,10,18,France - Ligue 1,0.62,0.38,10,2.25,1.61,2.63,1
Marseille,8,6,0,2,17,8,9,18,France - Ligue 1,0.75,0.25,9,2.12,1.33,4.0,1
Lens,8,3,4,1,12,8,4,13,France - Ligue 1,0.38,0.62,4,1.5,2.63,1.61,2
Lyon,8,3,3,2,14,9,5,12,France - Ligue 1,0.38,0.62,5,1.75,2.63,1.61,3
Lille,8,2,5,1,11,7,4,11,France - Ligue 1,0.25,0.75,4,1.38,4.0,1.33,4
Monaco,8,3,2,3,13,10,3,11,France - Ligue 1,0.38,0.62,3,1.62,2.63,1.61,4
Reims,8,3,2,3,11,9,2,11,France - Ligue 1,0.38,0.62,2,1.38,2.63,1.61,4
Angers,8,3,2,3,7,7,0,11,France - Ligue 1,0.38,0.62,0,0.88,2.63,1.61,4
Toulouse,8,3,1,4,7,9,-2,10,France - Ligue 1,0.38,0.62,-2,0.88,2.63,1.61,5
Nice,8,2,3,3,10,13,-3,9,France - Ligue 1,0.25,0.75,-3,1.25,4.0,1.33,6
Brest,8,3,0,5,9,16,-7,9,France - Ligue 1,0.38,0.62,-7,1.12,2.63,1.61,6
Strasbourg,8,2,2,4,13,16,-3,8,France - Ligue 1,0.25,0.75,-3,1.62,4.0,1.33,7
Nantes,8,0,4,4,8,16,-8,4,France - Ligue 1,0.0,1.0,-8,1.0,0.0,1.0,8
Auxerre,8,1,1,6,10,19,-9,4,France - Ligue 1,0.12,0.88,-9,1.25,8.33,1.14,8
Le Havre,8,1,1,6,6,16,-10,4,France - Ligue 1,0.12,0.88,-10,0.75,8.33,1.14,8
Montpellier,8,1,0,7,5,15,-10,3,France - Ligue 1,0.12,0.88,-10,0.62,8.33,1.14,9
Saint-Etienne,8,0,2,6,7,25,-18,2,France - Ligue 1,0.0,1.0,-18,0.88,0.0,1.0,10
Rennes,8,0,1,7,7,18,-11,1,France - Ligue 1,0.0,1.0,-11,0.88,0.0,1.0,11
Laval,8,4,2,2,13,6,7,14,France - Ligue 2,0.5,0.5,7,1.62,2.0,2.0,1
Paris FC,8,3,2,3,10,8,2,11,France - Ligue 2,0.38,0.62,2,1.25,2.63,1.61,2
Rodez Aveyron,8,2,4,2,15,14,1,10,France - Ligue 2,0.25,0.75,1,1.88,4.0,1.33,3
Annecy,8,2,4,2,10,14,-4,10,France - Ligue 2,0.25,0.75,-4,1.25,4.0,1.33,3
Clermont,8,3,1,4,6,11,-5,10,France - Ligue 2,0.38,0.62,-5,0.75,2.63,1.61,3
Troyes,8,3,0,5,9,8,1,9,France - Ligue 2,0.38,0.62,1,1.12,2.63,1.61,4
USL Dunkerque,8,2,3,3,10,12,-2,9,France - Ligue 2,0.25,0.75,-2,1.25,4.0,1.33,4
Lorient,8,2,3,3,8,10,-2,9,France - Ligue 2,0.25,0.75,-2,1.0,4.0,1.33,4
Metz,8,2,3,3,5,7,-2,9,France - Ligue 2,0.25,0.75,-2,0.62,4.0,1.33,4
Guingamp,8,3,0,5,9,14,-5,9,France - Ligue 2,0.38,0.62,-5,1.12,2.63,1.61,4
Pau FC,8,2,2,4,6,11,-5,8,France - Ligue 2,0.25,0.75,-5,0.75,4.0,1.33,5
Red Star,8,2,2,4,7,13,-6,8,France - Ligue 2,0.25,0.75,-6,0.88,4.0,1.33,5
Martigues,8,2,2,4,5,17,-12,8,France - Ligue 2,0.25,0.75,-12,0.62,4.0,1.33,5
Amiens,8,2,0,6,8,15,-7,6,France - Ligue 2,0.25,0.75,-7,1.0,4.0,1.33,6
SC Bastia,8,0,4,4,6,11,-5,4,France - Ligue 2,0.0,1.0,-5,0.75,0.0,1.0,7
Caen,8,1,1,6,9,15,-6,4,France - Ligue 2,0.12,0.88,-6,1.12,8.33,1.14,7
Grenoble,8,1,1,6,4,15,-11,4,France - Ligue 2,0.12,0.88,-11,0.5,8.33,1.14,7
AC Ajaccio,8,1,0,7,3,15,-12,3,France - Ligue 2,0.12,0.88,-12,0.38,8.33,1.14,8
Nancy,8,6,1,1,16,6,10,19,France - National,0.75,0.25,10,2.0,1.33,4.0,1
Le Mans,8,4,2,2,14,10,4,14,France - National,0.5,0.5,4,1.75,2.0,2.0,2
Orleans,8,3,2,3,8,7,1,11,France - National,0.38,0.62,1,1.0,2.63,1.61,3
Quevilly Rouen,8,3,2,3,11,12,-1,11,France - National,0.38,0.62,-1,1.38,2.63,1.61,3
Boulogne,8,3,2,3,8,12,-4,11,France - National,0.38,0.62,-4,1.0,2.63,1.61,3
Aubagne,8,3,1,4,11,8,3,10,France - National,0.38,0.62,3,1.38,2.63,1.61,4
Paris 13 A.,8,2,4,2,12,12,0,10,France - National,0.25,0.75,0,1.5,4.0,1.33,4
Sochaux,7,1,6,0,5,4,1,9,France - National,0.14,0.86,1,0.71,7.14,1.16,5
Bourg-en-Bresse,8,2,3,3,7,8,-1,9,France - National,0.25,0.75,-1,0.88,4.0,1.33,5
Dijon,8,2,3,3,7,9,-2,9,France - National,0.25,0.75,-2,0.88,4.0,1.33,5
Villefranche,8,1,4,3,6,9,-3,7,France - National,0.12,0.88,-3,0.75,8.33,1.14,6
Concarneau,8,2,1,5,11,17,-6,7,France - National,0.25,0.75,-6,1.38,4.0,1.33,6
Versailles,7,1,3,3,7,9,-2,6,France - National,0.14,0.86,-2,1.0,7.14,1.16,7
Valenciennes,8,1,3,4,6,13,-7,6,France - National,0.12,0.88,-7,0.75,8.33,1.14,7
Rouen,7,1,2,4,6,9,-3,5,France - National,0.14,0.86,-3,0.86,7.14,1.16,8
Nimes,8,0,3,5,4,11,-7,3,France - National,0.0,1.0,-7,0.5,0.0,1.0,9
Chateauroux,8,0,3,5,7,20,-13,3,France - National,0.0,1.0,-13,0.88,0.0,1.0,9
Iberia,8,7,0,1,19,9,10,21,Georgia - Erovnuli Liga,0.88,0.12,10,2.38,1.14,8.33,1
Dila Gori,8,4,2,2,18,8,10,14,Georgia - Erovnuli Liga,0.5,0.5,10,2.25,2.0,2.0,2
Dinamo Batumi,8,4,1,3,10,11,-1,13,Georgia - Erovnuli Liga,0.5,0.5,-1,1.25,2.0,2.0,3
Samgurali,8,1,5,2,8,8,0,8,Georgia - Erovnuli Liga,0.12,0.88,0,1.0,8.33,1.14,4
Torpedo Kutaisi,8,2,2,4,10,13,-3,8,Georgia - Erovnuli Liga,0.25,0.75,-3,1.25,4.0,1.33,4
Gagra,8,2,1,5,8,14,-6,7,Georgia - Erovnuli Liga,0.25,0.75,-6,1.0,4.0,1.33,5
Kolkheti Poti,8,2,1,5,9,17,-8,7,Georgia - Erovnuli Liga,0.25,0.75,-8,1.12,4.0,1.33,5
Dinamo Tbilisi,8,1,3,4,4,12,-8,6,Georgia - Erovnuli Liga,0.12,0.88,-8,0.5,8.33,1.14,6
Samtredia,8,1,2,5,9,16,-7,5,Georgia - Erovnuli Liga,0.12,0.88,-7,1.12,8.33,1.14,7
Telavi,8,0,3,5,5,14,-9,3,Georgia - Erovnuli Liga,0.0,1.0,-9,0.62,0.0,1.0,8
Gareji Sagarejo,8,4,3,1,17,12,5,15,Georgia - Erovnuli Liga 2,0.5,0.5,5,2.12,2.0,2.0,1
L. Tbilisi,8,4,2,2,9,7,2,14,Georgia - Erovnuli Liga 2,0.5,0.5,2,1.12,2.0,2.0,2
Spaeri,8,4,1,3,13,7,6,13,Georgia - Erovnuli Liga 2,0.5,0.5,6,1.62,2.0,2.0,3
Aragvi Dusheti,8,4,0,4,11,11,0,12,Georgia - Erovnuli Liga 2,0.5,0.5,0,1.38,2.0,2.0,4
WIT Georgia,8,2,2,4,10,10,0,8,Georgia - Erovnuli Liga 2,0.25,0.75,0,1.25,4.0,1.33,5
Shturmi,8,2,2,4,9,13,-4,8,Georgia - Erovnuli Liga 2,0.25,0.75,-4,1.12,4.0,1.33,5
Rustavi,8,2,1,5,11,16,-5,7,Georgia - Erovnuli Liga 2,0.25,0.75,-5,1.38,4.0,1.33,6
Bolnisi,8,2,1,5,10,16,-6,7,Georgia - Erovnuli Liga 2,0.25,0.75,-6,1.25,4.0,1.33,6
D. Tbilisi B,8,1,2,5,4,17,-13,5,Georgia - Erovnuli Liga 2,0.12,0.88,-13,0.5,8.33,1.14,7
Kolkheti Khobi,8,1,0,7,6,26,-20,3,Georgia - Erovnuli Liga 2,0.12,0.88,-20,0.75,8.33,1.14,8
Bayern Munich,8,5,2,1,19,7,12,17,Germany - Bundesliga,0.62,0.38,12,2.38,1.61,2.63,1
Leverkusen,8,4,4,0,17,10,7,16,Germany - Bundesliga,0.5,0.5,7,2.12,2.0,2.0,2
E. Frankfurt,8,4,2,2,17,11,6,14,Germany - Bundesliga,0.5,0.5,6,2.12,2.0,2.0,3
Wolfsburg,8,4,1,3,19,13,6,13,Germany - Bundesliga,0.5,0.5,6,2.38,2.0,2.0,4
FSV Mainz,8,4,1,3,16,10,6,13,Germany - Bundesliga,0.5,0.5,6,2.0,2.0,2.0,4
Werder Bremen,8,4,1,3,16,16,0,13,Germany - Bundesliga,0.5,0.5,0,2.0,2.0,2.0,4
Sankt Pauli,8,4,0,4,10,7,3,12,Germany - Bundesliga,0.5,0.5,3,1.25,2.0,2.0,5
Stuttgart,8,3,3,2,11,12,-1,12,Germany - Bundesliga,0.38,0.62,-1,1.38,2.63,1.61,5
RB Leipzig,8,3,1,4,14,16,-2,10,Germany - Bundesliga,0.38,0.62,-2,1.75,2.63,1.61,6
FC Augsburg,8,2,2,4,9,18,-9,8,Germany - Bundesliga,0.25,0.75,-9,1.12,4.0,1.33,7
Hoffenheim,8,1,4,3,6,12,-6,7,Germany - Bundesliga,0.12,0.88,-6,0.75,8.33,1.14,8
Monchengladbach,8,1,2,5,7,17,-10,5,Germany - Bundesliga,0.12,0.88,-10,0.88,8.33,1.14,9
Freiburg,8,1,2,5,5,21,-16,5,Germany - Bundesliga,0.12,0.88,-16,0.62,8.33,1.14,9
Heidenheim,8,1,1,6,12,20,-8,4,Germany - Bundesliga,0.12,0.88,-8,1.5,8.33,1.14,10
Dortmund,8,1,1,6,10,20,-10,4,Germany - Bundesliga,0.12,0.88,-10,1.25,8.33,1.14,10
Holstein Kiel,8,0,3,5,12,20,-8,3,Germany - Bundesliga,0.0,1.0,-8,1.5,0.0,1.0,11
Union Berlin,8,1,0,7,5,17,-12,3,Germany - Bundesliga,0.12,0.88,-12,0.62,8.33,1.14,11
Bochum,8,0,1,7,6,23,-17,1,Germany - Bundesliga,0.0,1.0,-17,0.75,0.0,1.0,12
Magdeburg,8,6,1,1,20,12,8,19,Germany - 2. Bundesliga,0.75,0.25,8,2.5,1.33,4.0,1
Dusseldorf,8,5,2,1,15,8,7,17,Germany - 2. Bundesliga,0.62,0.38,7,1.88,1.61,2.63,2
FC Koln,8,5,1,2,10,9,1,16,Germany - 2. Bundesliga,0.62,0.38,1,1.25,1.61,2.63,3
Hertha Berlin,8,4,2,2,14,10,4,14,Germany - 2. Bundesliga,0.5,0.5,4,1.75,2.0,2.0,4
Paderborn,8,3,4,1,13,12,1,13,Germany - 2. Bundesliga,0.38,0.62,1,1.62,2.63,1.61,5
Schalke 04,8,3,3,2,12,9,3,12,Germany - 2. Bundesliga,0.38,0.62,3,1.5,2.63,1.61,6
Darmstadt,8,3,3,2,20,18,2,12,Germany - 2. Bundesliga,0.38,0.62,2,2.5,2.63,1.61,6
Elversberg,8,3,2,3,12,7,5,11,Germany - 2. Bundesliga,0.38,0.62,5,1.5,2.63,1.61,7
Hamburger SV,8,3,2,3,15,14,1,11,Germany - 2. Bundesliga,0.38,0.62,1,1.88,2.63,1.61,7
Karlsruher SC,8,3,2,3,15,16,-1,11,Germany - 2. Bundesliga,0.38,0.62,-1,1.88,2.63,1.61,7
Kaiserslautern,8,3,2,3,13,14,-1,11,Germany - 2. Bundesliga,0.38,0.62,-1,1.62,2.63,1.61,7
Preuss. Munster,8,2,4,2,12,12,0,10,Germany - 2. Bundesliga,0.25,0.75,0,1.5,4.0,1.33,8
Greuther Furth,8,2,2,4,12,16,-4,8,Germany - 2. Bundesliga,0.25,0.75,-4,1.5,4.0,1.33,9
Ulm,8,1,4,3,9,11,-2,7,Germany - 2. Bundesliga,0.12,0.88,-2,1.12,8.33,1.14,10
FC Nurnberg,8,2,1,5,12,15,-3,7,Germany - 2. Bundesliga,0.25,0.75,-3,1.5,4.0,1.33,10
Hannover 96,8,2,1,5,8,11,-3,7,Germany - 2. Bundesliga,0.25,0.75,-3,1.0,4.0,1.33,10
Braunschweig,8,0,3,5,6,17,-11,3,Germany - 2. Bundesliga,0.0,1.0,-11,0.75,0.0,1.0,11
Regensburg,8,0,1,7,6,29,-23,1,Germany - 2. Bundesliga,0.0,1.0,-23,0.75,0.0,1.0,12
Energie Cottbus,8,5,2,1,13,8,5,17,Germany - 3. Liga,0.62,0.38,5,1.62,1.61,2.63,1
Dynamo Dresden,8,4,2,2,16,7,9,14,Germany - 3. Liga,0.5,0.5,9,2.0,2.0,2.0,2
Verl,8,4,1,3,17,11,6,13,Germany - 3. Liga,0.5,0.5,6,2.12,2.0,2.0,3
Saarbrucken,8,2,5,1,12,13,-1,11,Germany - 3. Liga,0.25,0.75,-1,1.5,4.0,1.33,4
1860 Munchen,8,3,2,3,13,16,-3,11,Germany - 3. Liga,0.38,0.62,-3,1.62,2.63,1.61,4
Wehen Wiesbaden,8,2,4,2,14,13,1,10,Germany - 3. Liga,0.25,0.75,1,1.75,4.0,1.33,5
Hansa Rostock,8,3,1,4,10,11,-1,10,Germany - 3. Liga,0.38,0.62,-1,1.25,2.63,1.61,5
Dortmund B,8,3,1,4,18,20,-2,10,Germany - 3. Liga,0.38,0.62,-2,2.25,2.63,1.61,5
FC Ingolstadt,8,2,3,3,19,15,4,9,Germany - 3. Liga,0.25,0.75,4,2.38,4.0,1.33,6
Bielefeld,8,2,3,3,10,10,0,9,Germany - 3. Liga,0.25,0.75,0,1.25,4.0,1.33,6
Sandhausen,8,1,4,3,8,10,-2,7,Germany - 3. Liga,0.12,0.88,-2,1.0,8.33,1.14,7
Hannover 96 B,8,2,1,5,10,13,-3,7,Germany - 3. Liga,0.25,0.75,-3,1.25,4.0,1.33,7
Viktoria Koln,8,2,1,5,8,13,-5,7,Germany - 3. Liga,0.25,0.75,-5,1.0,4.0,1.33,7
Erzgebirge Aue,8,2,1,5,11,17,-6,7,Germany - 3. Liga,0.25,0.75,-6,1.38,4.0,1.33,7
Alemannia A.,8,1,4,3,6,13,-7,7,Germany - 3. Liga,0.12,0.88,-7,0.75,8.33,1.14,7
Mannheim,8,1,2,5,4,11,-7,5,Germany - 3. Liga,0.12,0.88,-7,0.5,8.33,1.14,8
VfB Stuttgart B,8,0,4,4,8,14,-6,4,Germany - 3. Liga,0.0,1.0,-6,1.0,0.0,1.0,9
Osnabruck,8,0,3,5,7,16,-9,3,Germany - 3. Liga,0.0,1.0,-9,0.88,0.0,1.0,10
RW Essen,8,0,2,6,6,17,-11,2,Germany - 3. Liga,0.0,1.0,-11,0.75,0.0,1.0,11
Unterhaching,8,0,2,6,9,21,-12,2,Germany - 3. Liga,0.0,1.0,-12,1.12,0.0,1.0,11
Hearts of Oak,8,4,3,1,8,4,4,15,Ghana - Premier League,0.5,0.5,4,1.0,2.0,2.0,1
Nations,8,4,1,3,6,5,1,13,Ghana - Premier League,0.5,0.5,1,0.75,2.0,2.0,2
Asante Kotoko,8,3,3,2,9,7,2,12,Ghana - Premier League,0.38,0.62,2,1.12,2.63,1.61,3
Heart of Lions,8,2,4,2,5,7,-2,10,Ghana - Premier League,0.25,0.75,-2,0.62,4.0,1.33,4
Bibiani GS,8,2,3,3,6,7,-1,9,Ghana - Premier League,0.25,0.75,-1,0.75,4.0,1.33,5
Bechem Utd,8,2,3,3,7,10,-3,9,Ghana - Premier League,0.25,0.75,-3,0.88,4.0,1.33,5
Aduana Stars,8,1,5,2,4,6,-2,8,Ghana - Premier League,0.12,0.88,-2,0.5,8.33,1.14,6
Samartex,8,1,4,3,3,5,-2,7,Ghana - Premier League,0.12,0.88,-2,0.38,8.33,1.14,7
Dreams,8,1,4,3,3,8,-5,7,Ghana - Premier League,0.12,0.88,-5,0.38,8.33,1.14,7
Berekum Chelsea,8,1,3,4,3,8,-5,6,Ghana - Premier League,0.12,0.88,-5,0.38,8.33,1.14,8
Medeama,8,1,2,5,8,12,-4,5,Ghana - Premier League,0.12,0.88,-4,1.0,8.33,1.14,9
Young Apostles,8,1,2,5,2,10,-8,5,Ghana - Premier League,0.12,0.88,-8,0.25,8.33,1.14,9
Karela,8,1,1,6,1,7,-6,4,Ghana - Premier League,0.12,0.88,-6,0.12,8.33,1.14,10
Holy Stars,8,1,1,6,6,14,-8,4,Ghana - Premier League,0.12,0.88,-8,0.75,8.33,1.14,10
Accra Lions,8,0,3,5,2,7,-5,3,Ghana - Premier League,0.0,1.0,-5,0.25,0.0,1.0,11
Vision,8,0,3,5,3,13,-10,3,Ghana - Premier League,0.0,1.0,-10,0.38,0.0,1.0,11
Nsoatreman,8,0,1,7,2,12,-10,1,Ghana - Premier League,0.0,1.0,-10,0.25,0.0,1.0,12
Legon Cities,8,0,1,7,4,17,-13,1,Ghana - Premier League,0.0,1.0,-13,0.5,0.0,1.0,12
Lincoln RI,8,7,1,0,29,2,27,22,Gibraltar - Premier Division,0.88,0.12,27,3.62,1.14,8.33,1
St Josephs,8,6,2,0,24,6,18,20,Gibraltar - Premier Division,0.75,0.25,18,3.0,1.33,4.0,2
Europa FC,8,5,2,1,20,10,10,17,Gibraltar - Premier Division,0.62,0.38,10,2.5,1.61,2.63,3
Magpies,8,4,0,4,22,10,12,12,Gibraltar - Premier Division,0.5,0.5,12,2.75,2.0,2.0,4
Manchester 62,8,3,1,4,14,12,2,10,Gibraltar - Premier Division,0.38,0.62,2,1.75,2.63,1.61,5
Glacis Utd,8,3,0,5,12,20,-8,9,Gibraltar - Premier Division,0.38,0.62,-8,1.5,2.63,1.61,6
Lions FC,7,2,2,3,11,9,2,8,Gibraltar - Premier Division,0.29,0.71,2,1.57,3.45,1.41,7
College 1975,7,2,1,4,6,13,-7,7,Gibraltar - Premier Division,0.29,0.71,-7,0.86,3.45,1.41,8
Mons Calpe,8,1,0,7,8,23,-15,3,Gibraltar - Premier Division,0.12,0.88,-15,1.0,8.33,1.14,9
Europa Point,8,0,2,6,7,19,-12,2,Gibraltar - Premier Division,0.0,1.0,-12,0.88,0.0,1.0,10
Lynx,8,0,1,7,7,21,-14,1,Gibraltar - Premier Division,0.0,1.0,-14,0.88,0.0,1.0,11
PAOK,8,5,2,1,13,6,7,17,Greece - Super League,0.62,0.38,7,1.62,1.61,2.63,1
Panathinaikos,8,5,2,1,9,6,3,17,Greece - Super League,0.62,0.38,3,1.12,1.61,2.63,1
Olympiakos,8,4,2,2,11,7,4,14,Greece - Super League,0.5,0.5,4,1.38,2.0,2.0,2
Atromitos,8,4,1,3,12,10,2,13,Greece - Super League,0.5,0.5,2,1.5,2.0,2.0,3
Panaitolikos,8,3,3,2,7,6,1,12,Greece - Super League,0.38,0.62,1,0.88,2.63,1.61,4
OFI Crete,8,3,3,2,9,9,0,12,Greece - Super League,0.38,0.62,0,1.12,2.63,1.61,4
AEK Athens,8,4,0,4,9,10,-1,12,Greece - Super League,0.5,0.5,-1,1.12,2.0,2.0,4
Volos,8,4,0,4,8,14,-6,12,Greece - Super League,0.5,0.5,-6,1.0,2.0,2.0,4
Asteras T.,8,3,2,3,9,10,-1,11,Greece - Super League,0.38,0.62,-1,1.12,2.63,1.61,5
Panserraikos,8,3,0,5,9,12,-3,9,Greece - Super League,0.38,0.62,-3,1.12,2.63,1.61,6
Levadiakos,8,1,4,3,10,12,-2,7,Greece - Super League,0.12,0.88,-2,1.25,8.33,1.14,7
Aris,8,2,1,5,9,14,-5,7,Greece - Super League,0.25,0.75,-5,1.12,4.0,1.33,7
A. Kallithea,8,0,4,4,5,11,-6,4,Greece - Super League,0.0,1.0,-6,0.62,0.0,1.0,8
Lamia,8,0,2,6,5,14,-9,2,Greece - Super League,0.0,1.0,-9,0.62,0.0,1.0,9
Comunicaciones,8,3,2,3,11,12,-1,11,Guatemala - Liga Nacional - Apertura,0.38,0.62,-1,1.38,2.63,1.61,1
Xelaju,8,2,4,2,8,5,3,10,Guatemala - Liga Nacional - Apertura,0.25,0.75,3,1.0,4.0,1.33,2
Coban Imperial,8,3,1,4,8,8,0,10,Guatemala - Liga Nacional - Apertura,0.38,0.62,0,1.0,2.63,1.61,2
Municipal,8,2,4,2,5,10,-5,10,Guatemala - Liga Nacional - Apertura,0.25,0.75,-5,0.62,4.0,1.33,2
Malacateco,8,2,3,3,7,10,-3,9,Guatemala - Liga Nacional - Apertura,0.25,0.75,-3,0.88,4.0,1.33,3
Xinabajul,8,2,3,3,11,15,-4,9,Guatemala - Liga Nacional - Apertura,0.25,0.75,-4,1.38,4.0,1.33,3
Achuapa,8,2,2,4,5,10,-5,8,Guatemala - Liga Nacional - Apertura,0.25,0.75,-5,0.62,4.0,1.33,4
Mixco,8,2,1,5,8,16,-8,7,Guatemala - Liga Nacional - Apertura,0.25,0.75,-8,1.0,4.0,1.33,5
Antigua GFC,8,1,3,4,9,15,-6,6,Guatemala - Liga Nacional - Apertura,0.12,0.88,-6,1.12,8.33,1.14,6
Guastatoya,8,0,4,4,3,11,-8,4,Guatemala - Liga Nacional - Apertura,0.0,1.0,-8,0.38,0.0,1.0,7
Marquense,8,0,2,6,3,19,-16,2,Guatemala - Liga Nacional - Apertura,0.0,1.0,-16,0.38,0.0,1.0,8
Zacapa Tellioz,8,0,2,6,3,21,-18,2,Guatemala - Liga Nacional - Apertura,0.0,1.0,-18,0.38,0.0,1.0,8
Marquense,2,1,1,0,4,3,1,4,guatemala2,0.5,0.5,1,2.0,2.0,2.0,1
Coban Imperial,1,1,0,0,2,1,1,3,guatemala2,1.0,0.0,1,2.0,1.0,0.0,2
Antigua GFC,2,1,0,1,4,7,-3,3,guatemala2,0.5,0.5,-3,2.0,2.0,2.0,2
Comunicaciones,1,0,1,0,0,0,0,1,guatemala2,0.0,1.0,0,0.0,0.0,1.0,3
Municipal,2,0,1,1,2,3,-1,1,guatemala2,0.0,1.0,-1,1.0,0.0,1.0,3
Malacateco,2,0,1,1,0,1,-1,1,guatemala2,0.0,1.0,-1,0.0,0.0,1.0,3
Achuapa,1,0,0,1,1,2,-1,0,guatemala2,0.0,1.0,-1,1.0,0.0,1.0,4
Xinabajul,1,0,0,1,0,2,-2,0,guatemala2,0.0,1.0,-2,0.0,0.0,1.0,4
Mixco,2,0,0,2,1,4,-3,0,guatemala2,0.0,1.0,-3,0.5,0.0,1.0,4
Xelaju,2,0,0,2,1,4,-3,0,guatemala2,0.0,1.0,-3,0.5,0.0,1.0,4
Guastatoya,2,0,0,2,0,5,-5,0,guatemala2,0.0,1.0,-5,0.0,0.0,1.0,4
Motagua,8,5,2,1,17,6,11,17,Honduras - Liga Nacional - Apertura,0.62,0.38,11,2.12,1.61,2.63,1
Olimpia,8,4,2,2,10,7,3,14,Honduras - Liga Nacional - Apertura,0.5,0.5,3,1.25,2.0,2.0,2
Real Espana,8,3,2,3,8,6,2,11,Honduras - Liga Nacional - Apertura,0.38,0.62,2,1.0,2.63,1.61,3
Marathon,8,3,2,3,8,10,-2,11,Honduras - Liga Nacional - Apertura,0.38,0.62,-2,1.0,2.63,1.61,3
Genesis,8,2,2,4,10,15,-5,8,Honduras - Liga Nacional - Apertura,0.25,0.75,-5,1.25,4.0,1.33,4
Olancho,8,1,4,3,6,12,-6,7,Honduras - Liga Nacional - Apertura,0.12,0.88,-6,0.75,8.33,1.14,5
Real Sociedad,8,1,3,4,11,19,-8,6,Honduras - Liga Nacional - Apertura,0.12,0.88,-8,1.38,8.33,1.14,6
UPNFM,8,1,2,5,4,16,-12,5,Honduras - Liga Nacional - Apertura,0.12,0.88,-12,0.5,8.33,1.14,7
Juticalpa,8,1,2,5,5,20,-15,5,Honduras - Liga Nacional - Apertura,0.12,0.88,-15,0.62,8.33,1.14,7
Victoria,8,0,2,6,8,18,-10,2,Honduras - Liga Nacional - Apertura,0.0,1.0,-10,1.0,0.0,1.0,8
Real Espana,1,1,0,0,2,0,2,3,honduras2,1.0,0.0,2,2.0,1.0,0.0,1
Victoria,1,1,0,0,1,0,1,3,honduras2,1.0,0.0,1,1.0,1.0,0.0,1
Olimpia,2,1,0,1,1,1,0,3,honduras2,0.5,0.5,0,0.5,2.0,2.0,1
Olancho,2,0,2,0,3,3,0,2,honduras2,0.0,1.0,0,1.5,0.0,1.0,2
Genesis,1,0,1,0,1,1,0,1,honduras2,0.0,1.0,0,1.0,0.0,1.0,3
Marathon,1,0,1,0,0,0,0,1,honduras2,0.0,1.0,0,0.0,0.0,1.0,3
Motagua,1,0,0,1,1,2,-1,0,honduras2,0.0,1.0,-1,1.0,0.0,1.0,4
Juticalpa,1,0,0,1,0,3,-3,0,honduras2,0.0,1.0,-3,0.0,0.0,1.0,4
Real Sociedad,1,0,0,1,0,3,-3,0,honduras2,0.0,1.0,-3,0.0,0.0,1.0,4
UPNFM,2,0,0,2,0,5,-5,0,honduras2,0.0,1.0,-5,0.0,0.0,1.0,4
Eastern,5,3,2,0,8,3,5,11,Hong Kong - Premier League,0.6,0.4,5,1.6,1.67,2.5,1
Tai Po,5,3,1,1,11,6,5,10,Hong Kong - Premier League,0.6,0.4,5,2.2,1.67,2.5,2
Kowloon City,8,3,1,4,10,19,-9,10,Hong Kong - Premier League,0.38,0.62,-9,1.25,2.63,1.61,2
Kitchee,6,2,3,1,11,6,5,9,Hong Kong - Premier League,0.33,0.67,5,1.83,3.03,1.49,3
LM Warriors,5,2,1,2,6,6,0,7,Hong Kong - Premier League,0.4,0.6,0,1.2,2.5,1.67,4
Southern D.,5,1,2,2,7,8,-1,5,Hong Kong - Premier League,0.2,0.8,-1,1.4,5.0,1.25,5
HK Rangers,8,1,2,5,11,25,-14,5,Hong Kong - Premier League,0.12,0.88,-14,1.38,8.33,1.14,5
Hong Kong FC,5,0,0,5,2,14,-12,0,Hong Kong - Premier League,0.0,1.0,-12,0.4,0.0,1.0,6
North District,6,0,0,6,6,19,-13,0,Hong Kong - Premier League,0.0,1.0,-13,1.0,0.0,1.0,6
DVTK,8,4,4,0,15,10,5,16,Hungary - NB I,0.5,0.5,5,1.88,2.0,2.0,1
Puskas A.,8,5,0,3,14,10,4,15,Hungary - NB I,0.62,0.38,4,1.75,1.61,2.63,2
Ferencvaros,8,4,2,2,13,10,3,14,Hungary - NB I,0.5,0.5,3,1.62,2.0,2.0,3
Ujpest,8,4,1,3,11,10,1,13,Hungary - NB I,0.5,0.5,1,1.38,2.0,2.0,4
MTK Budapest,8,4,0,4,10,11,-1,12,Hungary - NB I,0.5,0.5,-1,1.25,2.0,2.0,5
Gyor,8,2,4,2,11,9,2,10,Hungary - NB I,0.25,0.75,2,1.38,4.0,1.33,6
Paks,8,2,1,5,13,16,-3,7,Hungary - NB I,0.25,0.75,-3,1.62,4.0,1.33,7
Kecskemeti TE,8,1,2,5,8,17,-9,5,Hungary - NB I,0.12,0.88,-9,1.0,8.33,1.14,8
Zalaegerszegi,8,0,4,4,8,13,-5,4,Hungary - NB I,0.0,1.0,-5,1.0,0.0,1.0,9
Nyiregyhaza,8,1,1,6,6,14,-8,4,Hungary - NB I,0.12,0.88,-8,0.75,8.33,1.14,9
Fehervar,8,1,1,6,8,19,-11,4,Hungary - NB I,0.12,0.88,-11,1.0,8.33,1.14,9
Debrecen,8,0,2,6,7,17,-10,2,Hungary - NB I,0.0,1.0,-10,0.88,0.0,1.0,10
BVSC,8,4,2,2,10,8,2,14,Hungary - NB II,0.5,0.5,2,1.25,2.0,2.0,1
Kazincbarcika,7,3,3,1,20,8,12,12,Hungary - NB II,0.43,0.57,12,2.86,2.33,1.75,2
Budafoki,7,3,3,1,13,11,2,12,Hungary - NB II,0.43,0.57,2,1.86,2.33,1.75,2
Kozarmisleny,6,3,2,1,10,7,3,11,Hungary - NB II,0.5,0.5,3,1.67,2.0,2.0,3
Szentlorinc,8,3,2,3,8,9,-1,11,Hungary - NB II,0.38,0.62,-1,1.0,2.63,1.61,3
Mezokovesd,7,3,1,3,9,9,0,10,Hungary - NB II,0.43,0.57,0,1.29,2.33,1.75,4
Kisvarda,8,3,1,4,11,14,-3,10,Hungary - NB II,0.38,0.62,-3,1.38,2.63,1.61,4
Vasas,7,3,0,4,10,11,-1,9,Hungary - NB II,0.43,0.57,-1,1.43,2.33,1.75,5
Szeged,8,1,5,2,4,5,-1,8,Hungary - NB II,0.12,0.88,-1,0.5,8.33,1.14,6
Ajka,6,2,1,3,9,13,-4,7,Hungary - NB II,0.33,0.67,-4,1.5,3.03,1.49,7
Soroksar,7,1,2,4,6,10,-4,5,Hungary - NB II,0.14,0.86,-4,0.86,7.14,1.16,8
Bekescsaba,8,1,2,5,3,8,-5,5,Hungary - NB II,0.12,0.88,-5,0.38,8.33,1.14,8
Tatabanya,6,1,1,4,5,9,-4,4,Hungary - NB II,0.17,0.83,-4,0.83,5.88,1.2,9
Honved,8,0,3,5,8,18,-10,3,Hungary - NB II,0.0,1.0,-10,1.0,0.0,1.0,10
Csakvari,6,0,2,4,5,12,-7,2,Hungary - NB II,0.0,1.0,-7,0.83,0.0,1.0,11
Gyirmot,8,0,2,6,11,20,-9,2,Hungary - NB II,0.0,1.0,-9,1.38,0.0,1.0,11
Vikingur R.,8,6,1,1,25,10,15,19,Iceland - Besta deild,0.75,0.25,15,3.12,1.33,4.0,1
Breidablik,8,5,2,1,15,8,7,17,Iceland - Besta deild,0.62,0.38,7,1.88,1.61,2.63,2
KA Akureyri,8,4,3,1,15,8,7,15,Iceland - Besta deild,0.5,0.5,7,1.88,2.0,2.0,3
Stjarnan,8,2,4,2,14,11,3,10,Iceland - Besta deild,0.25,0.75,3,1.75,4.0,1.33,4
Fylkir,8,2,2,4,7,14,-7,8,Iceland - Besta deild,0.25,0.75,-7,0.88,4.0,1.33,5
KR Reykjavik,8,2,1,5,11,15,-4,7,Iceland - Besta deild,0.25,0.75,-4,1.38,4.0,1.33,6
Hafnarfjordur,8,2,1,5,13,20,-7,7,Iceland - Besta deild,0.25,0.75,-7,1.62,4.0,1.33,6
Valur,8,1,3,4,15,17,-2,6,Iceland - Besta deild,0.12,0.88,-2,1.88,8.33,1.14,7
Vestri,8,1,3,4,12,15,-3,6,Iceland - Besta deild,0.12,0.88,-3,1.5,8.33,1.14,7
IA Akranes,8,1,2,5,6,20,-14,5,Iceland - Besta deild,0.12,0.88,-14,0.75,8.33,1.14,8
Fram,8,1,1,6,7,17,-10,4,Iceland - Besta deild,0.12,0.88,-10,0.88,8.33,1.14,9
HK Kopavogur,8,0,1,7,10,32,-22,1,Iceland - Besta deild,0.0,1.0,-22,1.25,0.0,1.0,10
Afturelding,8,6,0,2,20,12,8,18,Iceland - 1. Deild,0.75,0.25,8,2.5,1.33,4.0,1
IBV,8,4,1,3,19,10,9,13,Iceland - 1. Deild,0.5,0.5,9,2.38,2.0,2.0,2
Leiknir R.,8,3,2,3,12,12,0,11,Iceland - 1. Deild,0.38,0.62,0,1.5,2.63,1.61,3
Thor Akureyri,8,3,1,4,12,15,-3,10,Iceland - 1. Deild,0.38,0.62,-3,1.5,2.63,1.61,4
Keflavik,8,2,4,2,6,9,-3,10,Iceland - 1. Deild,0.25,0.75,-3,0.75,4.0,1.33,4
Throttur R.,8,2,3,3,11,11,0,9,Iceland - 1. Deild,0.25,0.75,0,1.38,4.0,1.33,5
Fjolnir,8,2,3,3,5,10,-5,9,Iceland - 1. Deild,0.25,0.75,-5,0.62,4.0,1.33,5
IR Reykjavik,8,2,3,3,9,17,-8,9,Iceland - 1. Deild,0.25,0.75,-8,1.12,4.0,1.33,5
Njardvik,8,1,5,2,11,14,-3,8,Iceland - 1. Deild,0.12,0.88,-3,1.38,8.33,1.14,6
Grindavik,8,2,1,5,13,22,-9,7,Iceland - 1. Deild,0.25,0.75,-9,1.62,4.0,1.33,7
Dalvik / Reynir,8,1,1,6,8,18,-10,4,Iceland - 1. Deild,0.12,0.88,-10,1.0,8.33,1.14,8
Grotta,8,0,0,8,8,21,-13,0,Iceland - 1. Deild,0.0,1.0,-13,1.0,0.0,1.0,9
Selfoss,8,7,0,1,16,8,8,21,Iceland - 2. Deild,0.88,0.12,8,2.0,1.14,8.33,1
Throttur Vogar,8,5,2,1,26,14,12,17,Iceland - 2. Deild,0.62,0.38,12,3.25,1.61,2.63,2
Volsungur,8,5,2,1,19,14,5,17,Iceland - 2. Deild,0.62,0.38,5,2.38,1.61,2.63,2
Hottur/Huginn,8,4,1,3,19,24,-5,13,Iceland - 2. Deild,0.5,0.5,-5,2.38,2.0,2.0,3
Fjardabyggd/L.,8,4,0,4,12,15,-3,12,Iceland - 2. Deild,0.5,0.5,-3,1.5,2.0,2.0,4
KFG,8,3,2,3,12,12,0,11,Iceland - 2. Deild,0.38,0.62,0,1.5,2.63,1.61,5
Haukar,8,3,1,4,11,15,-4,10,Iceland - 2. Deild,0.38,0.62,-4,1.38,2.63,1.61,6
AEggir,8,2,2,4,9,16,-7,8,Iceland - 2. Deild,0.25,0.75,-7,1.12,4.0,1.33,7
Kormakur/Hvot,8,2,2,4,5,16,-11,8,Iceland - 2. Deild,0.25,0.75,-11,0.62,4.0,1.33,7
V. Olafsvik,8,1,3,4,14,18,-4,6,Iceland - 2. Deild,0.12,0.88,-4,1.75,8.33,1.14,8
Reynir,8,2,0,6,14,22,-8,6,Iceland - 2. Deild,0.25,0.75,-8,1.75,4.0,1.33,8
Fjallabyggd,8,0,1,7,5,23,-18,1,Iceland - 2. Deild,0.0,1.0,-18,0.62,0.0,1.0,9
Goa,8,4,4,0,16,10,6,16,India - Super League,0.5,0.5,6,2.0,2.0,2.0,1
Mohun Bagan,8,4,3,1,12,5,7,15,India - Super League,0.5,0.5,7,1.5,2.0,2.0,2
Mumbai City,8,3,4,1,12,10,2,13,India - Super League,0.38,0.62,2,1.5,2.63,1.61,3
Odisha FC,8,3,3,2,18,12,6,12,India - Super League,0.38,0.62,6,2.25,2.63,1.61,4
NorthEast Utd,8,3,3,2,17,12,5,12,India - Super League,0.38,0.62,5,2.12,2.63,1.61,4
Bengaluru,8,3,1,4,13,15,-2,10,India - Super League,0.38,0.62,-2,1.62,2.63,1.61,5
Jamshedpur,8,3,0,5,10,16,-6,9,India - Super League,0.38,0.62,-6,1.25,2.63,1.61,6
Punjab,7,2,1,4,10,11,-1,7,India - Super League,0.29,0.71,-1,1.43,3.45,1.41,7
Chennaiyin,8,2,1,5,12,15,-3,7,India - Super League,0.25,0.75,-3,1.5,4.0,1.33,7
Hyderabad,8,2,1,5,9,13,-4,7,India - Super League,0.25,0.75,-4,1.12,4.0,1.33,7
Kerala Blasters,8,2,1,5,12,17,-5,7,India - Super League,0.25,0.75,-5,1.5,4.0,1.33,7
Mohammedan,8,1,2,5,2,14,-12,5,India - Super League,0.12,0.88,-12,0.25,8.33,1.14,8
East Bengal,8,1,1,6,5,10,-5,4,India - Super League,0.12,0.88,-5,0.62,8.33,1.14,9
Churchill B.,7,4,1,2,12,8,4,13,India - I-League,0.57,0.43,4,1.71,1.75,2.33,1
Gokulam,5,3,2,0,10,3,7,11,India - I-League,0.6,0.4,7,2.0,1.67,2.5,2
Dempo,8,3,2,3,6,8,-2,11,India - I-League,0.38,0.62,-2,0.75,2.63,1.61,2
Rajasthan,7,2,2,3,7,15,-8,8,India - I-League,0.29,0.71,-8,1.0,3.45,1.41,3
Namdhari,3,2,1,0,3,0,3,7,India - I-League,0.67,0.33,3,1.0,1.49,3.03,4
Inter Kashi,6,1,3,2,5,10,-5,6,India - I-League,0.17,0.83,-5,0.83,5.88,1.2,5
Sreenidi Deccan,5,1,2,2,8,10,-2,5,India - I-League,0.2,0.8,-2,1.6,5.0,1.25,6
Delhi FC,7,1,2,4,7,14,-7,5,India - I-League,0.14,0.86,-7,1.0,7.14,1.16,6
Real Kashmir,3,0,1,2,1,3,-2,1,India - I-League,0.0,1.0,-2,0.33,0.0,1.0,7
Shillong Lajong,3,0,1,2,8,13,-5,1,India - I-League,0.0,1.0,-5,2.67,0.0,1.0,7
Aizawl,4,0,1,3,5,14,-9,1,India - I-League,0.0,1.0,-9,1.25,0.0,1.0,7
SC Bengaluru,6,0,0,6,2,17,-15,0,India - I-League,0.0,1.0,-15,0.33,0.0,1.0,8
Persib,8,5,3,0,14,7,7,18,Indonesia - Liga 1,0.62,0.38,7,1.75,1.61,2.63,1
Persija,8,5,1,2,14,11,3,16,Indonesia - Liga 1,0.62,0.38,3,1.75,1.61,2.63,2
Persik Kediri,8,4,1,3,14,12,2,13,Indonesia - Liga 1,0.5,0.5,2,1.75,2.0,2.0,3
Malut United,8,4,1,3,11,9,2,13,Indonesia - Liga 1,0.5,0.5,2,1.38,2.0,2.0,3
Dewa Utd,8,3,3,2,16,6,10,12,Indonesia - Liga 1,0.38,0.62,10,2.0,2.63,1.61,4
Arema,8,4,0,4,14,14,0,12,Indonesia - Liga 1,0.5,0.5,0,1.75,2.0,2.0,4
PSBS Biak N.,8,3,2,3,9,9,0,11,Indonesia - Liga 1,0.38,0.62,0,1.12,2.63,1.61,5
Semen Padang,8,3,1,4,12,12,0,10,Indonesia - Liga 1,0.38,0.62,0,1.5,2.63,1.61,6
Persita,8,3,1,4,8,11,-3,10,Indonesia - Liga 1,0.38,0.62,-3,1.0,2.63,1.61,6
Persebaya S.,8,3,1,4,5,11,-6,10,Indonesia - Liga 1,0.38,0.62,-6,0.62,2.63,1.61,6
Bali Utd,8,3,0,5,12,11,1,9,Indonesia - Liga 1,0.38,0.62,1,1.5,2.63,1.61,7
PSS Sleman,8,2,3,3,8,7,1,9,Indonesia - Liga 1,0.25,0.75,1,1.0,4.0,1.33,7
Barito Putera,8,2,3,3,12,12,0,9,Indonesia - Liga 1,0.25,0.75,0,1.5,4.0,1.33,7
PSIS Semarang,8,2,3,3,6,7,-1,9,Indonesia - Liga 1,0.25,0.75,-1,0.75,4.0,1.33,7
PSM,8,1,5,2,10,11,-1,8,Indonesia - Liga 1,0.12,0.88,-1,1.25,8.33,1.14,8
Persis Solo,8,1,2,5,4,14,-10,5,Indonesia - Liga 1,0.12,0.88,-10,0.5,8.33,1.14,9
Madura Utd,8,1,2,5,6,20,-14,5,Indonesia - Liga 1,0.12,0.88,-14,0.75,8.33,1.14,9
Borneo,8,0,3,5,8,13,-5,3,Indonesia - Liga 1,0.0,1.0,-5,1.0,0.0,1.0,10
Tractor Sazi,8,6,1,1,14,4,10,19,Iran - Pro League,0.75,0.25,10,1.75,1.33,4.0,1
Sepahan,8,4,4,0,13,7,6,16,Iran - Pro League,0.5,0.5,6,1.62,2.0,2.0,2
Foolad,8,5,1,2,12,9,3,16,Iran - Pro League,0.62,0.38,3,1.5,1.61,2.63,2
Persepolis,8,4,2,2,11,5,6,14,Iran - Pro League,0.5,0.5,6,1.38,2.0,2.0,3
Gol Gohar,8,3,5,0,5,1,4,14,Iran - Pro League,0.38,0.62,4,0.62,2.63,1.61,3
Zob Ahan,8,3,3,2,7,4,3,12,Iran - Pro League,0.38,0.62,3,0.88,2.63,1.61,4
Esteghlal,8,2,4,2,8,8,0,10,Iran - Pro League,0.25,0.75,0,1.0,4.0,1.33,5
N. Mazandaran,8,2,4,2,4,4,0,10,Iran - Pro League,0.25,0.75,0,0.5,4.0,1.33,5
Mes Rafsanjan,8,3,1,4,9,12,-3,10,Iran - Pro League,0.38,0.62,-3,1.12,2.63,1.61,5
Shams A. Qazvin,8,3,0,5,3,11,-8,9,Iran - Pro League,0.38,0.62,-8,0.38,2.63,1.61,6
Aluminium Arak,8,2,2,4,9,11,-2,8,Iran - Pro League,0.25,0.75,-2,1.12,4.0,1.33,7
Havadar,8,1,5,2,4,9,-5,8,Iran - Pro League,0.12,0.88,-5,0.5,8.33,1.14,7
Malavan,8,1,3,4,8,10,-2,6,Iran - Pro League,0.12,0.88,-2,1.0,8.33,1.14,8
E. Khuzestan,8,1,3,4,4,10,-6,6,Iran - Pro League,0.12,0.88,-6,0.5,8.33,1.14,8
Chadormalu,8,1,2,5,5,11,-6,5,Iran - Pro League,0.12,0.88,-6,0.62,8.33,1.14,9
K. Khorramabad,8,1,2,5,3,9,-6,5,Iran - Pro League,0.12,0.88,-6,0.38,8.33,1.14,9
St. Patricks,8,5,2,1,14,6,8,17,Ireland - Premier Division,0.62,0.38,8,1.75,1.61,2.63,1
Shamrock Rovers,8,4,1,3,9,9,0,13,Ireland - Premier Division,0.5,0.5,0,1.12,2.0,2.0,2
Bohemians,8,2,5,1,10,7,3,11,Ireland - Premier Division,0.25,0.75,3,1.25,4.0,1.33,3
Shelbourne,8,3,2,3,6,7,-1,11,Ireland - Premier Division,0.38,0.62,-1,0.75,2.63,1.61,3
Derry City,8,3,1,4,7,7,0,10,Ireland - Premier Division,0.38,0.62,0,0.88,2.63,1.61,4
Galway Utd,8,2,3,3,7,9,-2,9,Ireland - Premier Division,0.25,0.75,-2,0.88,4.0,1.33,5
Waterford,8,2,0,6,7,15,-8,6,Ireland - Premier Division,0.25,0.75,-8,0.88,4.0,1.33,6
Sligo Rovers,8,1,3,4,7,18,-11,6,Ireland - Premier Division,0.12,0.88,-11,0.88,8.33,1.14,6
Drogheda Utd,8,1,2,5,7,19,-12,5,Ireland - Premier Division,0.12,0.88,-12,0.88,8.33,1.14,7
Dundalk,8,0,4,4,5,9,-4,4,Ireland - Premier Division,0.0,1.0,-4,0.62,0.0,1.0,8
Cork City,8,4,2,2,14,11,3,14,Ireland - First Division,0.5,0.5,3,1.75,2.0,2.0,1
Treaty Utd,8,4,2,2,12,10,2,14,Ireland - First Division,0.5,0.5,2,1.5,2.0,2.0,1
Wexford,8,4,1,3,13,18,-5,13,Ireland - First Division,0.5,0.5,-5,1.62,2.0,2.0,2
UC Dublin,8,3,3,2,9,9,0,12,Ireland - First Division,0.38,0.62,0,1.12,2.63,1.61,3
Athlone Town,8,3,2,3,8,9,-1,11,Ireland - First Division,0.38,0.62,-1,1.0,2.63,1.61,4
Bray Wanderers,8,2,3,3,7,10,-3,9,Ireland - First Division,0.25,0.75,-3,0.88,4.0,1.33,5
Cobh Ramblers,8,3,0,5,6,14,-8,9,Ireland - First Division,0.38,0.62,-8,0.75,2.63,1.61,5
Finn Harps,8,1,3,4,9,12,-3,6,Ireland - First Division,0.12,0.88,-3,1.12,8.33,1.14,6
Longford Town,8,1,1,6,8,16,-8,4,Ireland - First Division,0.12,0.88,-8,1.0,8.33,1.14,7
Kerry,8,0,3,5,7,17,-10,3,Ireland - First Division,0.0,1.0,-10,0.88,0.0,1.0,8
H. Beer Sheva,8,6,1,1,14,4,10,19,Israel - Ligat HaAl,0.75,0.25,10,1.75,1.33,4.0,1
M. Tel Aviv,8,4,3,1,17,12,5,15,Israel - Ligat HaAl,0.5,0.5,5,2.12,2.0,2.0,2
Hapoel Haifa,8,4,1,3,10,5,5,13,Israel - Ligat HaAl,0.5,0.5,5,1.25,2.0,2.0,3
B. Jerusalem,8,4,1,3,18,15,3,13,Israel - Ligat HaAl,0.5,0.5,3,2.25,2.0,2.0,3
Maccabi Haifa,8,3,3,2,12,9,3,12,Israel - Ligat HaAl,0.38,0.62,3,1.5,2.63,1.61,4
Maccabi Netanya,8,3,1,4,11,14,-3,10,Israel - Ligat HaAl,0.38,0.62,-3,1.38,2.63,1.61,5
M. Bnei Raina,8,2,2,4,9,11,-2,8,Israel - Ligat HaAl,0.25,0.75,-2,1.12,4.0,1.33,6
Sakhnin,8,2,2,4,8,12,-4,8,Israel - Ligat HaAl,0.25,0.75,-4,1.0,4.0,1.33,6
Ironi Tiberias,8,1,4,3,4,6,-2,7,Israel - Ligat HaAl,0.12,0.88,-2,0.5,8.33,1.14,7
Kiryat Shmona,8,2,1,5,6,16,-10,7,Israel - Ligat HaAl,0.25,0.75,-10,0.75,4.0,1.33,7
M. Petah Tikva,8,2,1,5,8,20,-12,7,Israel - Ligat HaAl,0.25,0.75,-12,1.0,4.0,1.33,7
H. Jerusalem,8,1,3,4,6,11,-5,6,Israel - Ligat HaAl,0.12,0.88,-5,0.75,8.33,1.14,8
Ashdod,8,1,2,5,12,18,-6,5,Israel - Ligat HaAl,0.12,0.88,-6,1.5,8.33,1.14,9
Hapoel Hadera,8,0,5,3,8,14,-6,5,Israel - Ligat HaAl,0.0,1.0,-6,1.0,0.0,1.0,9
H. Ramat Gan,8,6,2,0,18,4,14,20,Israel - Leumit League,0.75,0.25,14,2.25,1.33,4.0,1
H. Petah Tikva,8,6,1,1,13,6,7,19,Israel - Leumit League,0.75,0.25,7,1.62,1.33,4.0,2
Hapoel Tel Aviv,8,5,3,0,14,8,6,18,Israel - Leumit League,0.62,0.38,6,1.75,1.61,2.63,3
H. Kfar Shalem,8,5,2,1,20,9,11,17,Israel - Leumit League,0.62,0.38,11,2.5,1.61,2.63,4
H. Kfar Saba,8,4,2,2,9,7,2,14,Israel - Leumit League,0.5,0.5,2,1.12,2.0,2.0,5
Hapoel Akko,8,4,1,3,8,12,-4,13,Israel - Leumit League,0.5,0.5,-4,1.0,2.0,2.0,6
Hapoel Raanana,8,2,4,2,11,12,-1,10,Israel - Leumit League,0.25,0.75,-1,1.38,4.0,1.33,7
Bnei Yehuda,8,3,1,4,11,14,-3,10,Israel - Leumit League,0.38,0.62,-3,1.38,2.63,1.61,7
Ramat Hasharon,8,3,0,5,16,18,-2,9,Israel - Leumit League,0.38,0.62,-2,2.0,2.63,1.61,8
H. Nof Hagalil,8,3,0,5,13,15,-2,9,Israel - Leumit League,0.38,0.62,-2,1.62,2.63,1.61,8
M. Herziliya,8,3,0,5,8,17,-9,9,Israel - Leumit League,0.38,0.62,-9,1.0,2.63,1.61,8
Kafr Qasim,8,2,2,4,4,8,-4,8,Israel - Leumit League,0.25,0.75,-4,0.5,4.0,1.33,9
H. Ironi Rishon,8,2,1,5,8,16,-8,7,Israel - Leumit League,0.25,0.75,-8,1.0,4.0,1.33,10
Maccabi Jaffa,8,0,4,4,8,15,-7,4,Israel - Leumit League,0.0,1.0,-7,1.0,0.0,1.0,11
Hapoel Afula,8,0,3,5,4,13,-9,3,Israel - Leumit League,0.0,1.0,-9,0.5,0.0,1.0,12
H. Umm al-Fahm,8,0,2,6,6,16,-10,2,Israel - Leumit League,0.0,1.0,-10,0.75,0.0,1.0,13
Inter Milan,8,8,0,0,26,2,24,24,Italy - Serie A,1.0,0.0,24,3.25,1.0,0.0,1
Napoli,8,7,1,0,16,5,11,22,Italy - Serie A,0.88,0.12,11,2.0,1.14,8.33,2
Atalanta,8,6,2,0,14,3,11,20,Italy - Serie A,0.75,0.25,11,1.75,1.33,4.0,3
Fiorentina,8,5,1,2,15,6,9,16,Italy - Serie A,0.62,0.38,9,1.88,1.61,2.63,4
Lazio,8,5,0,3,13,8,5,15,Italy - Serie A,0.62,0.38,5,1.62,1.61,2.63,5
Bologna,8,3,4,1,14,12,2,13,Italy - Serie A,0.38,0.62,2,1.75,2.63,1.61,6
AC Milan,8,4,1,3,11,11,0,13,Italy - Serie A,0.5,0.5,0,1.38,2.0,2.0,6
Juventus,8,2,5,1,12,10,2,11,Italy - Serie A,0.25,0.75,2,1.5,4.0,1.33,7
Genoa,8,3,2,3,7,12,-5,11,Italy - Serie A,0.38,0.62,-5,0.88,2.63,1.61,7
Udinese,8,2,2,4,9,13,-4,8,Italy - Serie A,0.25,0.75,-4,1.12,4.0,1.33,8
Hellas Verona,8,2,1,5,9,18,-9,7,Italy - Serie A,0.25,0.75,-9,1.12,4.0,1.33,9
Empoli,8,1,3,4,11,15,-4,6,Italy - Serie A,0.12,0.88,-4,1.38,8.33,1.14,10
Torino,8,1,3,4,8,12,-4,6,Italy - Serie A,0.12,0.88,-4,1.0,8.33,1.14,10
Como,8,1,3,4,8,13,-5,6,Italy - Serie A,0.12,0.88,-5,1.0,8.33,1.14,10
AS Roma,8,1,3,4,9,16,-7,6,Italy - Serie A,0.12,0.88,-7,1.12,8.33,1.14,10
Parma,8,1,3,4,8,16,-8,6,Italy - Serie A,0.12,0.88,-8,1.0,8.33,1.14,10
Lecce,8,2,0,6,6,14,-8,6,Italy - Serie A,0.25,0.75,-8,0.75,4.0,1.33,10
Monza,8,1,2,5,8,13,-5,5,Italy - Serie A,0.12,0.88,-5,1.0,8.33,1.14,11
Cagliari,8,1,2,5,7,13,-6,5,Italy - Serie A,0.12,0.88,-6,0.88,8.33,1.14,11
Venezia,8,0,3,5,7,14,-7,3,Italy - Serie A,0.0,1.0,-7,0.88,0.0,1.0,12
Sassuolo,8,5,1,2,16,11,5,16,Italy - Serie B,0.62,0.38,5,2.0,1.61,2.63,1
Cremonese,8,4,2,2,14,7,7,14,Italy - Serie B,0.5,0.5,7,1.75,2.0,2.0,2
Spezia,8,4,2,2,11,5,6,14,Italy - Serie B,0.5,0.5,6,1.38,2.0,2.0,2
Pisa,8,4,2,2,9,6,3,14,Italy - Serie B,0.5,0.5,3,1.12,2.0,2.0,2
Catanzaro,8,2,6,0,13,11,2,12,Italy - Serie B,0.25,0.75,2,1.62,4.0,1.33,3
Juve Stabia,8,2,4,2,9,9,0,10,Italy - Serie B,0.25,0.75,0,1.12,4.0,1.33,4
Cittadella,8,3,1,4,7,18,-11,10,Italy - Serie B,0.38,0.62,-11,0.88,2.63,1.61,4
Mantova,8,1,5,2,10,11,-1,8,Italy - Serie B,0.12,0.88,-1,1.25,8.33,1.14,5
Bari,8,1,5,2,5,6,-1,8,Italy - Serie B,0.12,0.88,-1,0.62,8.33,1.14,5
Reggiana,8,2,2,4,9,11,-2,8,Italy - Serie B,0.25,0.75,-2,1.12,4.0,1.33,5
Brescia,8,1,5,2,6,8,-2,8,Italy - Serie B,0.12,0.88,-2,0.75,8.33,1.14,5
Cosenza,8,2,2,4,9,12,-3,8,Italy - Serie B,0.25,0.75,-3,1.12,4.0,1.33,5
Sampdoria,8,1,5,2,11,16,-5,8,Italy - Serie B,0.12,0.88,-5,1.38,8.33,1.14,5
Cesena,8,2,1,5,8,12,-4,7,Italy - Serie B,0.25,0.75,-4,1.0,4.0,1.33,6
Modena,8,1,4,3,7,11,-4,7,Italy - Serie B,0.12,0.88,-4,0.88,8.33,1.14,6
Frosinone,8,1,4,3,5,9,-4,7,Italy - Serie B,0.12,0.88,-4,0.62,8.33,1.14,6
Sudtirol,8,2,1,5,8,14,-6,7,Italy - Serie B,0.25,0.75,-6,1.0,4.0,1.33,6
Palermo,8,1,3,4,9,11,-2,6,Italy - Serie B,0.12,0.88,-2,1.12,8.33,1.14,7
Carrarese,8,1,3,4,5,11,-6,6,Italy - Serie B,0.12,0.88,-6,0.62,8.33,1.14,7
Salernitana,8,1,2,5,4,12,-8,5,Italy - Serie B,0.12,0.88,-8,0.5,8.33,1.14,8
Padova,8,7,1,0,14,3,11,22,Italy - Serie C - Group A,0.88,0.12,11,1.75,1.14,8.33,1
Pergolettese,8,4,3,1,9,6,3,15,Italy - Serie C - Group A,0.5,0.5,3,1.12,2.0,2.0,2
Arzignano,8,3,5,0,10,5,5,14,Italy - Serie C - Group A,0.38,0.62,5,1.25,2.63,1.61,3
Vicenza,8,4,2,2,9,5,4,14,Italy - Serie C - Group A,0.5,0.5,4,1.12,2.0,2.0,3
Novara,8,3,4,1,11,7,4,13,Italy - Serie C - Group A,0.38,0.62,4,1.38,2.63,1.61,4
Giana Erminio,8,4,1,3,12,9,3,13,Italy - Serie C - Group A,0.5,0.5,3,1.5,2.0,2.0,4
FeralpiSalo,8,4,1,3,10,7,3,13,Italy - Serie C - Group A,0.5,0.5,3,1.25,2.0,2.0,4
AlbinoLeffe,8,4,1,3,9,7,2,13,Italy - Serie C - Group A,0.5,0.5,2,1.12,2.0,2.0,4
Trento,8,3,3,2,7,9,-2,12,Italy - Serie C - Group A,0.38,0.62,-2,0.88,2.63,1.61,5
Lumezzane,8,2,4,2,9,10,-1,10,Italy - Serie C - Group A,0.25,0.75,-1,1.12,4.0,1.33,6
Alcione,8,3,1,4,7,9,-2,10,Italy - Serie C - Group A,0.38,0.62,-2,0.88,2.63,1.61,6
Renate,8,3,1,4,8,12,-4,10,Italy - Serie C - Group A,0.38,0.62,-4,1.0,2.63,1.61,6
Virtus Verona,8,2,3,3,10,12,-2,9,Italy - Serie C - Group A,0.25,0.75,-2,1.25,4.0,1.33,7
Triestina,8,2,2,4,7,12,-5,8,Italy - Serie C - Group A,0.25,0.75,-5,0.88,4.0,1.33,8
Atalanta B,8,2,2,4,10,17,-7,8,Italy - Serie C - Group A,0.25,0.75,-7,1.25,4.0,1.33,8
Pro Vercelli,8,1,3,4,4,9,-5,6,Italy - Serie C - Group A,0.12,0.88,-5,0.5,8.33,1.14,9
Clodiense,8,1,3,4,7,13,-6,6,Italy - Serie C - Group A,0.12,0.88,-6,0.88,8.33,1.14,9
Lecco,8,0,3,5,5,15,-10,3,Italy - Serie C - Group A,0.0,1.0,-10,0.62,0.0,1.0,10
Pro Patria,8,0,2,6,4,11,-7,2,Italy - Serie C - Group A,0.0,1.0,-7,0.5,0.0,1.0,11
Caldiero Terme,8,0,1,7,5,18,-13,1,Italy - Serie C - Group A,0.0,1.0,-13,0.62,0.0,1.0,12
Torres,8,5,2,1,17,9,8,17,Italy - Serie C - Group B,0.62,0.38,8,2.12,1.61,2.63,1
Entella,8,4,4,0,10,4,6,16,Italy - Serie C - Group B,0.5,0.5,6,1.25,2.0,2.0,2
Arezzo,8,5,1,2,11,6,5,16,Italy - Serie C - Group B,0.62,0.38,5,1.38,1.61,2.63,2
Ternana,8,4,3,1,9,5,4,15,Italy - Serie C - Group B,0.5,0.5,4,1.12,2.0,2.0,3
Vis Pesaro,8,4,2,2,8,6,2,14,Italy - Serie C - Group B,0.5,0.5,2,1.0,2.0,2.0,4
Pineto,8,3,2,3,12,13,-1,11,Italy - Serie C - Group B,0.38,0.62,-1,1.5,2.63,1.61,5
Pontedera,8,3,2,3,10,12,-2,11,Italy - Serie C - Group B,0.38,0.62,-2,1.25,2.63,1.61,5
Rimini,8,2,4,2,8,6,2,10,Italy - Serie C - Group B,0.25,0.75,2,1.0,4.0,1.33,6
Athletic Carpi,8,3,1,4,10,10,0,10,Italy - Serie C - Group B,0.38,0.62,0,1.25,2.63,1.61,6
Legnago Salus,8,2,4,2,7,8,-1,10,Italy - Serie C - Group B,0.25,0.75,-1,0.88,4.0,1.33,6
Pescara,8,2,3,3,9,9,0,9,Italy - Serie C - Group B,0.25,0.75,0,1.12,4.0,1.33,7
Ascoli,8,2,3,3,8,10,-2,9,Italy - Serie C - Group B,0.25,0.75,-2,1.0,4.0,1.33,7
SPAL,8,2,2,4,11,16,-5,8,Italy - Serie C - Group B,0.25,0.75,-5,1.38,4.0,1.33,8
Pianese,8,2,2,4,8,13,-5,8,Italy - Serie C - Group B,0.25,0.75,-5,1.0,4.0,1.33,8
Sestri Levante,8,1,4,3,5,9,-4,7,Italy - Serie C - Group B,0.12,0.88,-4,0.62,8.33,1.14,9
Campobasso,8,1,4,3,4,8,-4,7,Italy - Serie C - Group B,0.12,0.88,-4,0.5,8.33,1.14,9
AC Milan B,8,1,4,3,8,13,-5,7,Italy - Serie C - Group B,0.12,0.88,-5,1.0,8.33,1.14,9
Perugia,8,1,3,4,9,13,-4,6,Italy - Serie C - Group B,0.12,0.88,-4,1.12,8.33,1.14,10
Gubbio,8,1,1,6,6,12,-6,4,Italy - Serie C - Group B,0.12,0.88,-6,0.75,8.33,1.14,11
Lucchese,8,0,4,4,2,13,-11,4,Italy - Serie C - Group B,0.0,1.0,-11,0.25,0.0,1.0,11
Crotone,8,6,2,0,22,4,18,20,Italy - Serie C - Group C,0.75,0.25,18,2.75,1.33,4.0,1
A. Cerignola,8,5,2,1,12,6,6,17,Italy - Serie C - Group C,0.62,0.38,6,1.5,1.61,2.63,2
Monopoli,8,5,2,1,7,3,4,17,Italy - Serie C - Group C,0.62,0.38,4,0.88,1.61,2.63,2
Avellino,8,3,5,0,13,7,6,14,Italy - Serie C - Group C,0.38,0.62,6,1.62,2.63,1.61,3
Potenza,8,3,5,0,9,4,5,14,Italy - Serie C - Group C,0.38,0.62,5,1.12,2.63,1.61,3
Benevento,8,4,2,2,13,10,3,14,Italy - Serie C - Group C,0.5,0.5,3,1.62,2.0,2.0,3
Catania,8,2,4,2,18,14,4,10,Italy - Serie C - Group C,0.25,0.75,4,2.25,4.0,1.33,4
Altamura,8,2,4,2,8,8,0,10,Italy - Serie C - Group C,0.25,0.75,0,1.0,4.0,1.33,4
Giugliano,8,3,1,4,8,10,-2,10,Italy - Serie C - Group C,0.38,0.62,-2,1.0,2.63,1.61,4
Sorrento,8,3,1,4,5,10,-5,10,Italy - Serie C - Group C,0.38,0.62,-5,0.62,2.63,1.61,4
Casertana,8,2,3,3,6,11,-5,9,Italy - Serie C - Group C,0.25,0.75,-5,0.75,4.0,1.33,5
Foggia,8,2,2,4,9,9,0,8,Italy - Serie C - Group C,0.25,0.75,0,1.12,4.0,1.33,6
Cavese,8,2,2,4,11,13,-2,8,Italy - Serie C - Group C,0.25,0.75,-2,1.38,4.0,1.33,6
ACR Messina,8,2,2,4,6,14,-8,8,Italy - Serie C - Group C,0.25,0.75,-8,0.75,4.0,1.33,6
Juventus U23,8,2,1,5,8,14,-6,7,Italy - Serie C - Group C,0.25,0.75,-6,1.0,4.0,1.33,7
Latina,8,2,1,5,4,16,-12,7,Italy - Serie C - Group C,0.25,0.75,-12,0.5,4.0,1.33,7
Trapani,8,1,3,4,7,11,-4,6,Italy - Serie C - Group C,0.12,0.88,-4,0.88,8.33,1.14,8
Picerno,8,1,3,4,4,8,-4,6,Italy - Serie C - Group C,0.12,0.88,-4,0.5,8.33,1.14,8
Turris,8,1,2,5,4,16,-12,5,Italy - Serie C - Group C,0.12,0.88,-12,0.5,8.33,1.14,9
Taranto,8,1,0,7,4,25,-21,3,Italy - Serie C - Group C,0.12,0.88,-21,0.5,8.33,1.14,10
NovaRomentin,8,7,1,0,23,4,19,22,Italy - Serie D - Group A,0.88,0.12,19,2.88,1.14,8.33,1
Vado,8,6,2,0,14,7,7,20,Italy - Serie D - Group A,0.75,0.25,7,1.75,1.33,4.0,2
Gozzano,8,5,1,2,13,8,5,16,Italy - Serie D - Group A,0.62,0.38,5,1.62,1.61,2.63,3
Bra,8,4,3,1,7,2,5,15,Italy - Serie D - Group A,0.5,0.5,5,0.88,2.0,2.0,4
Citta di Varese,8,4,2,2,11,5,6,14,Italy - Serie D - Group A,0.5,0.5,6,1.38,2.0,2.0,5
Chisola,8,4,2,2,9,4,5,14,Italy - Serie D - Group A,0.5,0.5,5,1.12,2.0,2.0,5
Ligorna,8,4,1,3,14,8,6,13,Italy - Serie D - Group A,0.5,0.5,6,1.75,2.0,2.0,6
Lavagnese,8,3,3,2,12,9,3,12,Italy - Serie D - Group A,0.38,0.62,3,1.5,2.63,1.61,7
Cairese,8,3,2,3,7,10,-3,11,Italy - Serie D - Group A,0.38,0.62,-3,0.88,2.63,1.61,8
Saluzzo,8,2,4,2,8,7,1,10,Italy - Serie D - Group A,0.25,0.75,1,1.0,4.0,1.33,9
Pro Imperia,8,3,1,4,9,10,-1,10,Italy - Serie D - Group A,0.38,0.62,-1,1.12,2.63,1.61,9
Asti,8,2,2,4,10,14,-4,8,Italy - Serie D - Group A,0.25,0.75,-4,1.25,4.0,1.33,10
Oltrepo,8,2,2,4,9,15,-6,8,Italy - Serie D - Group A,0.25,0.75,-6,1.12,4.0,1.33,10
Sanremese,8,1,4,3,6,11,-5,7,Italy - Serie D - Group A,0.12,0.88,-5,0.75,8.33,1.14,11
Fossano,8,1,3,4,10,15,-5,6,Italy - Serie D - Group A,0.12,0.88,-5,1.25,8.33,1.14,12
Derthona,8,1,2,5,6,10,-4,5,Italy - Serie D - Group A,0.12,0.88,-4,0.75,8.33,1.14,13
Borgaro Nobis,8,1,2,5,7,19,-12,5,Italy - Serie D - Group A,0.12,0.88,-12,0.88,8.33,1.14,13
Vogherese,8,0,2,6,3,14,-11,2,Italy - Serie D - Group A,0.0,1.0,-11,0.38,0.0,1.0,14
Chieri,8,0,2,6,4,16,-12,2,Italy - Serie D - Group A,0.0,1.0,-12,0.5,0.0,1.0,14
Albenga,8,0,0,8,2,23,-21,0,Italy - Serie D - Group A,0.0,1.0,-21,0.25,0.0,1.0,15
Ospitaletto,8,6,1,1,17,6,11,19,Italy - Serie D - Group B,0.75,0.25,11,2.12,1.33,4.0,1
F. Caratese,8,5,2,1,11,6,5,17,Italy - Serie D - Group B,0.62,0.38,5,1.38,1.61,2.63,2
Pro Sesto,8,3,3,2,11,9,2,12,Italy - Serie D - Group B,0.38,0.62,2,1.38,2.63,1.61,3
Chievo,8,3,3,2,8,6,2,12,Italy - Serie D - Group B,0.38,0.62,2,1.0,2.63,1.61,3
Desenxano,8,2,5,1,12,9,3,11,Italy - Serie D - Group B,0.25,0.75,3,1.5,4.0,1.33,4
Varesina,8,2,5,1,11,9,2,11,Italy - Serie D - Group B,0.25,0.75,2,1.38,4.0,1.33,4
Pro Palazzolo,8,3,2,3,11,10,1,11,Italy - Serie D - Group B,0.38,0.62,1,1.38,2.63,1.61,4
USD Casatese,8,2,5,1,10,9,1,11,Italy - Serie D - Group B,0.25,0.75,1,1.25,4.0,1.33,4
SantAngelo,8,3,2,3,9,8,1,11,Italy - Serie D - Group B,0.38,0.62,1,1.12,2.63,1.61,4
Club Milano,8,3,2,3,6,6,0,11,Italy - Serie D - Group B,0.38,0.62,0,0.75,2.63,1.61,4
Arconatese,8,2,3,3,7,9,-2,9,Italy - Serie D - Group B,0.25,0.75,-2,0.88,4.0,1.33,5
Sondrio,8,2,3,3,8,15,-7,9,Italy - Serie D - Group B,0.25,0.75,-7,1.0,4.0,1.33,5
Breno,8,1,5,2,6,8,-2,8,Italy - Serie D - Group B,0.12,0.88,-2,0.75,8.33,1.14,6
Castellanzese,8,2,2,4,8,13,-5,8,Italy - Serie D - Group B,0.25,0.75,-5,1.0,4.0,1.33,6
Crema,8,2,2,4,8,16,-8,8,Italy - Serie D - Group B,0.25,0.75,-8,1.0,4.0,1.33,6
Vigasio,8,1,4,3,8,8,0,7,Italy - Serie D - Group B,0.12,0.88,0,1.0,8.33,1.14,7
Sangiuliano C.,8,2,1,5,5,9,-4,7,Italy - Serie D - Group B,0.25,0.75,-4,0.62,4.0,1.33,7
Fanfulla,8,1,2,5,5,19,-14,5,Italy - Serie D - Group B,0.12,0.88,-14,0.62,8.33,1.14,8
Magenta,8,0,3,5,7,12,-5,3,Italy - Serie D - Group B,0.0,1.0,-5,0.88,0.0,1.0,9
Ciliverghe,8,0,3,5,8,17,-9,3,Italy - Serie D - Group B,0.0,1.0,-9,1.0,0.0,1.0,9
Treviso,8,5,2,1,16,7,9,17,Italy - Serie D - Group C,0.62,0.38,9,2.0,1.61,2.63,1
Adriese,8,4,3,1,9,6,3,15,Italy - Serie D - Group C,0.5,0.5,3,1.12,2.0,2.0,2
Real Calepina,8,4,2,2,10,8,2,14,Italy - Serie D - Group C,0.5,0.5,2,1.25,2.0,2.0,3
Campodarsego,8,3,4,1,6,3,3,13,Italy - Serie D - Group C,0.38,0.62,3,0.75,2.63,1.61,4
Mestre,8,4,1,3,8,6,2,13,Italy - Serie D - Group C,0.5,0.5,2,1.0,2.0,2.0,4
Brusaporto,8,3,3,2,7,6,1,12,Italy - Serie D - Group C,0.38,0.62,1,0.88,2.63,1.61,5
Villa Alme,8,2,5,1,11,8,3,11,Italy - Serie D - Group C,0.25,0.75,3,1.38,4.0,1.33,6
Cjarlins Muzane,8,3,2,3,9,7,2,11,Italy - Serie D - Group C,0.38,0.62,2,1.12,2.63,1.61,6
Este,8,3,2,3,12,11,1,11,Italy - Serie D - Group C,0.38,0.62,1,1.5,2.63,1.61,6
D. Bellunesi,8,2,3,3,7,10,-3,9,Italy - Serie D - Group C,0.25,0.75,-3,0.88,4.0,1.33,7
Caravaggio,8,2,2,4,10,10,0,8,Italy - Serie D - Group C,0.25,0.75,0,1.25,4.0,1.33,8
Luparense,8,2,2,4,8,9,-1,8,Italy - Serie D - Group C,0.25,0.75,-1,1.0,4.0,1.33,8
Brian Lignano,8,2,1,5,10,16,-6,7,Italy - Serie D - Group C,0.25,0.75,-6,1.25,4.0,1.33,9
Bassano Virtus,8,1,3,4,9,15,-6,6,Italy - Serie D - Group C,0.12,0.88,-6,1.12,8.33,1.14,10
Portogruaro,8,0,4,4,8,13,-5,4,Italy - Serie D - Group C,0.0,1.0,-5,1.0,0.0,1.0,11
Montecchio M.,8,1,1,6,6,13,-7,4,Italy - Serie D - Group C,0.12,0.88,-7,0.75,8.33,1.14,11
Chions,8,1,1,6,6,17,-11,4,Italy - Serie D - Group C,0.12,0.88,-11,0.75,8.33,1.14,11
Calvi Noale,8,0,3,5,5,10,-5,3,Italy - Serie D - Group C,0.0,1.0,-5,0.62,0.0,1.0,12
Ciserano,8,1,0,7,5,19,-14,3,Italy - Serie D - Group C,0.12,0.88,-14,0.62,8.33,1.14,12
Lavis,8,0,0,8,4,22,-18,0,Italy - Serie D - Group C,0.0,1.0,-18,0.5,0.0,1.0,13
Ravenna,8,6,2,0,16,4,12,20,Italy - Serie D - Group D,0.75,0.25,12,2.0,1.33,4.0,1
Forli,8,6,1,1,15,5,10,19,Italy - Serie D - Group D,0.75,0.25,10,1.88,1.33,4.0,2
Lentigione,8,5,2,1,11,8,3,17,Italy - Serie D - Group D,0.62,0.38,3,1.38,1.61,2.63,3
Tau Altopascio,8,3,3,2,12,4,8,12,Italy - Serie D - Group D,0.38,0.62,8,1.5,2.63,1.61,4
Pistoiese,8,3,2,3,9,7,2,11,Italy - Serie D - Group D,0.38,0.62,2,1.12,2.63,1.61,5
Zenith Prato,8,3,1,4,11,12,-1,10,Italy - Serie D - Group D,0.38,0.62,-1,1.38,2.63,1.61,6
Imolese,8,2,4,2,8,10,-2,10,Italy - Serie D - Group D,0.25,0.75,-2,1.0,4.0,1.33,6
Tuttocuoio,8,3,1,4,7,16,-9,10,Italy - Serie D - Group D,0.38,0.62,-9,0.88,2.63,1.61,6
Progresso,8,2,3,3,6,10,-4,9,Italy - Serie D - Group D,0.25,0.75,-4,0.75,4.0,1.33,7
Cittadella Vis,8,2,2,4,10,13,-3,8,Italy - Serie D - Group D,0.25,0.75,-3,1.25,4.0,1.33,8
Sasso Marconi,8,2,2,4,7,10,-3,8,Italy - Serie D - Group D,0.25,0.75,-3,0.88,4.0,1.33,8
Corticella,8,2,2,4,7,13,-6,8,Italy - Serie D - Group D,0.25,0.75,-6,0.88,4.0,1.33,8
San Marino C.,8,1,2,5,6,10,-4,5,Italy - Serie D - Group D,0.12,0.88,-4,0.75,8.33,1.14,9
Prato,8,1,2,5,5,11,-6,5,Italy - Serie D - Group D,0.12,0.88,-6,0.62,8.33,1.14,9
United Riccione,8,1,2,5,4,17,-13,5,Italy - Serie D - Group D,0.12,0.88,-13,0.5,8.33,1.14,9
Sammaurese,8,0,4,4,4,12,-8,4,Italy - Serie D - Group D,0.0,1.0,-8,0.5,0.0,1.0,10
Fiorenzuola,8,1,0,7,2,15,-13,3,Italy - Serie D - Group D,0.12,0.88,-13,0.25,8.33,1.14,11
Piacenza,8,0,2,6,6,20,-14,2,Italy - Serie D - Group D,0.0,1.0,-14,0.75,0.0,1.0,12
Grosseto,8,6,1,1,10,4,6,19,Italy - Serie D - Group E,0.75,0.25,6,1.25,1.33,4.0,1
Livorno,8,5,3,0,13,6,7,18,Italy - Serie D - Group E,0.62,0.38,7,1.62,1.61,2.63,2
Fulgens Foligno,8,5,2,1,13,8,5,17,Italy - Serie D - Group E,0.62,0.38,5,1.62,1.61,2.63,3
Ghiviborgo,8,5,0,3,16,13,3,15,Italy - Serie D - Group E,0.62,0.38,3,2.0,1.61,2.63,4
FC Siena,8,4,3,1,6,4,2,15,Italy - Serie D - Group E,0.5,0.5,2,0.75,2.0,2.0,4
Orvietana,8,4,2,2,10,9,1,14,Italy - Serie D - Group E,0.5,0.5,1,1.25,2.0,2.0,5
Seravezza,8,3,4,1,12,9,3,13,Italy - Serie D - Group E,0.38,0.62,3,1.5,2.63,1.61,6
Poggibonsi,8,4,0,4,10,10,0,12,Italy - Serie D - Group E,0.5,0.5,0,1.25,2.0,2.0,7
San Donato,8,3,2,3,7,7,0,11,Italy - Serie D - Group E,0.38,0.62,0,0.88,2.63,1.61,8
Montevarchi,8,3,2,3,9,12,-3,11,Italy - Serie D - Group E,0.38,0.62,-3,1.12,2.63,1.61,8
S. Trestina,8,3,1,4,8,9,-1,10,Italy - Serie D - Group E,0.38,0.62,-1,1.0,2.63,1.61,9
Gavorrano,8,3,0,5,8,12,-4,9,Italy - Serie D - Group E,0.38,0.62,-4,1.0,2.63,1.61,10
Flaminia,8,2,2,4,6,8,-2,8,Italy - Serie D - Group E,0.25,0.75,-2,0.75,4.0,1.33,11
Sangiovannese,8,2,2,4,5,7,-2,8,Italy - Serie D - Group E,0.25,0.75,-2,0.62,4.0,1.33,11
Figline,8,2,1,5,7,14,-7,7,Italy - Serie D - Group E,0.25,0.75,-7,0.88,4.0,1.33,12
T. Traiana,8,1,2,5,10,24,-14,5,Italy - Serie D - Group E,0.12,0.88,-14,1.25,8.33,1.14,13
Fezzanese,8,1,1,6,8,18,-10,4,Italy - Serie D - Group E,0.12,0.88,-10,1.0,8.33,1.14,14
Ostia Mare,8,0,3,5,9,16,-7,3,Italy - Serie D - Group E,0.0,1.0,-7,1.12,0.0,1.0,15
Sambenedettese,8,7,1,0,22,4,18,22,Italy - Serie D - Group F,0.88,0.12,18,2.75,1.14,8.33,1
Chieti,8,4,4,0,14,10,4,16,Italy - Serie D - Group F,0.5,0.5,4,1.75,2.0,2.0,2
Teramo,8,4,3,1,13,8,5,15,Italy - Serie D - Group F,0.5,0.5,5,1.62,2.0,2.0,3
LAquila,8,3,5,0,9,4,5,14,Italy - Serie D - Group F,0.38,0.62,5,1.12,2.63,1.61,4
Recanatese,8,3,4,1,5,2,3,13,Italy - Serie D - Group F,0.38,0.62,3,0.62,2.63,1.61,5
Ancona 1905,8,4,1,3,9,10,-1,13,Italy - Serie D - Group F,0.5,0.5,-1,1.12,2.0,2.0,5
Castelfidardo,8,3,3,2,9,7,2,12,Italy - Serie D - Group F,0.38,0.62,2,1.12,2.63,1.61,6
Civitanovese,8,3,2,3,9,10,-1,11,Italy - Serie D - Group F,0.38,0.62,-1,1.12,2.63,1.61,7
Avezzano,8,3,1,4,8,9,-1,10,Italy - Serie D - Group F,0.38,0.62,-1,1.0,2.63,1.61,8
Fossombrone,8,3,1,4,8,11,-3,10,Italy - Serie D - Group F,0.38,0.62,-3,1.0,2.63,1.61,8
Roma City,8,2,2,4,6,6,0,8,Italy - Serie D - Group F,0.25,0.75,0,0.75,4.0,1.33,9
Isernia,8,1,5,2,13,17,-4,8,Italy - Serie D - Group F,0.12,0.88,-4,1.62,8.33,1.14,9
Fermana,8,2,2,4,4,9,-5,8,Italy - Serie D - Group F,0.25,0.75,-5,0.5,4.0,1.33,9
Atletico Ascoli,8,2,2,4,4,11,-7,8,Italy - Serie D - Group F,0.25,0.75,-7,0.5,4.0,1.33,9
Sora,8,2,2,4,4,12,-8,8,Italy - Serie D - Group F,0.25,0.75,-8,0.5,4.0,1.33,9
V. Senigallia,8,1,3,4,7,11,-4,6,Italy - Serie D - Group F,0.12,0.88,-4,0.88,8.33,1.14,10
Termoli Calcio,8,1,3,4,6,16,-10,6,Italy - Serie D - Group F,0.12,0.88,-10,0.75,8.33,1.14,10
San Nicolo,8,0,2,6,9,15,-6,2,Italy - Serie D - Group F,0.0,1.0,-6,1.12,0.0,1.0,11
Gelbison,8,4,2,2,9,8,1,14,Italy - Serie D - Group G,0.5,0.5,1,1.12,2.0,2.0,1
Cassino,8,2,6,0,6,4,2,12,Italy - Serie D - Group G,0.25,0.75,2,0.75,4.0,1.33,2
Puteolana,8,3,2,3,14,10,4,11,Italy - Serie D - Group G,0.38,0.62,4,1.75,2.63,1.61,3
CynthiAlbalonga,8,3,2,3,15,13,2,11,Italy - Serie D - Group G,0.38,0.62,2,1.88,2.63,1.61,3
Guidonia,8,3,2,3,7,8,-1,11,Italy - Serie D - Group G,0.38,0.62,-1,0.88,2.63,1.61,3
S. Ogliastra,8,3,2,3,9,12,-3,11,Italy - Serie D - Group G,0.38,0.62,-3,1.12,2.63,1.61,3
Sarnese,8,3,1,4,8,9,-1,10,Italy - Serie D - Group G,0.38,0.62,-1,1.0,2.63,1.61,4
Paganese,8,2,3,3,9,11,-2,9,Italy - Serie D - Group G,0.25,0.75,-2,1.12,4.0,1.33,5
A. Lodigiani,8,2,2,4,8,15,-7,8,Italy - Serie D - Group G,0.25,0.75,-7,1.0,4.0,1.33,6
Anzio,8,1,4,3,8,10,-2,7,Italy - Serie D - Group G,0.12,0.88,-2,1.0,8.33,1.14,7
R. Monterotondo,8,2,1,5,5,9,-4,7,Italy - Serie D - Group G,0.25,0.75,-4,0.62,4.0,1.33,7
Olbia,8,2,1,5,11,16,-5,7,Italy - Serie D - Group G,0.25,0.75,-5,1.38,4.0,1.33,7
Trastevere,8,2,1,5,9,17,-8,7,Italy - Serie D - Group G,0.25,0.75,-8,1.12,4.0,1.33,7
Terracina,8,2,1,5,6,17,-11,7,Italy - Serie D - Group G,0.25,0.75,-11,0.75,4.0,1.33,7
Savoia,8,1,3,4,5,10,-5,6,Italy - Serie D - Group G,0.12,0.88,-5,0.62,8.33,1.14,8
Atletico Uri,8,1,3,4,6,17,-11,6,Italy - Serie D - Group G,0.12,0.88,-11,0.75,8.33,1.14,8
Latte Dolce,8,1,1,6,10,18,-8,4,Italy - Serie D - Group G,0.12,0.88,-8,1.25,8.33,1.14,9
Ilvamaddalena,8,0,3,5,5,14,-9,3,Italy - Serie D - Group G,0.0,1.0,-9,0.62,0.0,1.0,10
Nocerina,8,6,0,2,18,9,9,18,Italy - Serie D - Group H,0.75,0.25,9,2.25,1.33,4.0,1
Martina Franca,8,5,3,0,12,6,6,18,Italy - Serie D - Group H,0.62,0.38,6,1.5,1.61,2.63,1
Casarano,8,4,3,1,21,8,13,15,Italy - Serie D - Group H,0.5,0.5,13,2.62,2.0,2.0,2
Fidelis Andria,8,4,2,2,14,7,7,14,Italy - Serie D - Group H,0.5,0.5,7,1.75,2.0,2.0,3
Ischia,8,4,1,3,10,8,2,13,Italy - Serie D - Group H,0.5,0.5,2,1.25,2.0,2.0,4
Nardo,8,3,3,2,12,10,2,12,Italy - Serie D - Group H,0.38,0.62,2,1.5,2.63,1.61,5
Citta di Fasano,8,3,3,2,7,6,1,12,Italy - Serie D - Group H,0.38,0.62,1,0.88,2.63,1.61,5
Matera,8,3,3,2,11,11,0,12,Italy - Serie D - Group H,0.38,0.62,0,1.38,2.63,1.61,5
USD Palmese,8,2,3,3,8,11,-3,9,Italy - Serie D - Group H,0.25,0.75,-3,1.0,4.0,1.33,6
V. Francavilla,8,2,2,4,3,5,-2,8,Italy - Serie D - Group H,0.25,0.75,-2,0.38,4.0,1.33,7
Real Acerrana,8,2,1,5,5,15,-10,7,Italy - Serie D - Group H,0.25,0.75,-10,0.62,4.0,1.33,8
Gravina,8,1,3,4,10,17,-7,6,Italy - Serie D - Group H,0.12,0.88,-7,1.25,8.33,1.14,9
Francavilla,8,0,5,3,3,6,-3,5,Italy - Serie D - Group H,0.0,1.0,-3,0.38,0.0,1.0,10
Manfredonia,8,1,2,5,5,17,-12,5,Italy - Serie D - Group H,0.12,0.88,-12,0.62,8.33,1.14,10
Brindisi,8,0,4,4,6,12,-6,4,Italy - Serie D - Group H,0.0,1.0,-6,0.75,0.0,1.0,11
Costa DAmalfi,8,0,3,5,6,15,-9,3,Italy - Serie D - Group H,0.0,1.0,-9,0.75,0.0,1.0,12
Ugento,8,1,0,7,3,21,-18,3,Italy - Serie D - Group H,0.12,0.88,-18,0.38,8.33,1.14,12
Angri Calcio,8,0,0,8,4,23,-19,0,Italy - Serie D - Group H,0.0,1.0,-19,0.5,0.0,1.0,13
Sambiase,8,5,2,1,11,4,7,17,Italy - Serie D - Group I,0.62,0.38,7,1.38,1.61,2.63,1
Reggina,8,4,3,1,11,4,7,15,Italy - Serie D - Group I,0.5,0.5,7,1.38,2.0,2.0,2
Siracusa,8,4,3,1,7,5,2,15,Italy - Serie D - Group I,0.5,0.5,2,0.88,2.0,2.0,2
Vibonese,8,4,2,2,10,5,5,14,Italy - Serie D - Group I,0.5,0.5,5,1.25,2.0,2.0,3
Scafatese,8,4,1,3,13,10,3,13,Italy - Serie D - Group I,0.5,0.5,3,1.62,2.0,2.0,4
CastrumFavara,8,2,6,0,8,5,3,12,Italy - Serie D - Group I,0.25,0.75,3,1.0,4.0,1.33,5
Enna,8,3,2,3,4,11,-7,11,Italy - Serie D - Group I,0.38,0.62,-7,0.5,2.63,1.61,6
Nissa,8,2,3,3,11,18,-7,9,Italy - Serie D - Group I,0.25,0.75,-7,1.38,4.0,1.33,7
Ragusa,8,1,5,2,10,12,-2,8,Italy - Serie D - Group I,0.12,0.88,-2,1.25,8.33,1.14,8
Sancataldese,8,1,3,4,8,15,-7,6,Italy - Serie D - Group I,0.12,0.88,-7,1.0,8.33,1.14,9
Locri 1909,8,1,2,5,8,14,-6,5,Italy - Serie D - Group I,0.12,0.88,-6,1.0,8.33,1.14,10
Licata,8,1,1,6,5,12,-7,4,Italy - Serie D - Group I,0.12,0.88,-7,0.62,8.33,1.14,11
Pompei,8,0,4,4,4,11,-7,4,Italy - Serie D - Group I,0.0,1.0,-7,0.5,0.0,1.0,11
Akragas,8,1,1,6,4,15,-11,4,Italy - Serie D - Group I,0.12,0.88,-11,0.5,8.33,1.14,11
CD S. Agata,8,1,0,7,6,17,-11,3,Italy - Serie D - Group I,0.12,0.88,-11,0.75,8.33,1.14,12
Igea Virtus,8,0,3,5,5,16,-11,3,Italy - Serie D - Group I,0.0,1.0,-11,0.62,0.0,1.0,12
Paterno,8,0,3,5,4,15,-11,3,Italy - Serie D - Group I,0.0,1.0,-11,0.5,0.0,1.0,12
Acireale,8,0,2,6,6,16,-10,2,Italy - Serie D - Group I,0.0,1.0,-10,0.75,0.0,1.0,13
Roma U20,8,6,0,2,26,15,11,18,Italy - Primavera 1,0.75,0.25,11,3.25,1.33,4.0,1
Fiorentina U20,8,6,0,2,19,9,10,18,Italy - Primavera 1,0.75,0.25,10,2.38,1.33,4.0,1
Inter Milan U20,8,5,1,2,16,9,7,16,Italy - Primavera 1,0.62,0.38,7,2.0,1.61,2.63,2
H. Verona U20,8,5,1,2,11,9,2,16,Italy - Primavera 1,0.62,0.38,2,1.38,1.61,2.63,2
Milan U20,8,4,2,2,15,12,3,14,Italy - Primavera 1,0.5,0.5,3,1.88,2.0,2.0,3
Genoa U20,8,4,1,3,12,11,1,13,Italy - Primavera 1,0.5,0.5,1,1.5,2.0,2.0,4
Sassuolo U20,8,4,0,4,14,15,-1,12,Italy - Primavera 1,0.5,0.5,-1,1.75,2.0,2.0,5
Juventus U20,8,3,2,3,13,12,1,11,Italy - Primavera 1,0.38,0.62,1,1.62,2.63,1.61,6
Atalanta U20,8,2,5,1,8,7,1,11,Italy - Primavera 1,0.25,0.75,1,1.0,4.0,1.33,6
Monza U20,8,2,3,3,11,15,-4,9,Italy - Primavera 1,0.25,0.75,-4,1.38,4.0,1.33,7
Cagliari U20,8,2,2,4,6,11,-5,8,Italy - Primavera 1,0.25,0.75,-5,0.75,4.0,1.33,8
Cesena U20,8,1,4,3,12,13,-1,7,Italy - Primavera 1,0.12,0.88,-1,1.5,8.33,1.14,9
Cremonese U20,8,2,1,5,6,14,-8,7,Italy - Primavera 1,0.25,0.75,-8,0.75,4.0,1.33,9
Torino U20,8,2,0,6,12,16,-4,6,Italy - Primavera 1,0.25,0.75,-4,1.5,4.0,1.33,10
Lecce U20,8,1,3,4,10,15,-5,6,Italy - Primavera 1,0.12,0.88,-5,1.25,8.33,1.14,10
Lazio U20,8,1,3,4,5,12,-7,6,Italy - Primavera 1,0.12,0.88,-7,0.62,8.33,1.14,10
Empoli U20,8,1,2,5,8,16,-8,5,Italy - Primavera 1,0.12,0.88,-8,1.0,8.33,1.14,11
Bologna U20,8,1,2,5,6,15,-9,5,Italy - Primavera 1,0.12,0.88,-9,0.75,8.33,1.14,11
Sampdoria U20,8,1,1,6,6,18,-12,4,Italy - Primavera 1,0.12,0.88,-12,0.75,8.33,1.14,12
Udinese U20,8,0,1,7,8,18,-10,1,Italy - Primavera 1,0.0,1.0,-10,1.0,0.0,1.0,13
Mount Pleasant,8,5,2,1,22,9,13,17,jamaica,0.62,0.38,13,2.75,1.61,2.63,1
Arnett Gardens,8,5,2,1,10,6,4,17,jamaica,0.62,0.38,4,1.25,1.61,2.63,1
Portmore Utd,8,4,3,1,10,6,4,15,jamaica,0.5,0.5,4,1.25,2.0,2.0,2
Montego Bay,8,4,2,2,12,7,5,14,jamaica,0.5,0.5,5,1.5,2.0,2.0,3
Waterhouse,8,3,4,1,12,8,4,13,jamaica,0.38,0.62,4,1.5,2.63,1.61,4
Molynes Utd,8,3,2,3,10,14,-4,11,jamaica,0.38,0.62,-4,1.25,2.63,1.61,5
Tivoli Gardens,8,3,1,4,10,11,-1,10,jamaica,0.38,0.62,-1,1.25,2.63,1.61,6
Cavalier,8,2,4,2,7,8,-1,10,jamaica,0.25,0.75,-1,0.88,4.0,1.33,6
Vere Utd,8,2,2,4,8,10,-2,8,jamaica,0.25,0.75,-2,1.0,4.0,1.33,7
Chapelton,8,2,1,5,9,10,-1,7,jamaica,0.25,0.75,-1,1.12,4.0,1.33,8
Racing United,8,1,3,4,9,14,-5,6,jamaica,0.12,0.88,-5,1.12,8.33,1.14,9
Humble Lions,8,1,2,5,6,17,-11,5,jamaica,0.12,0.88,-11,0.75,8.33,1.14,10
Dunbeholden,8,1,1,6,7,19,-12,4,jamaica,0.12,0.88,-12,0.88,8.33,1.14,11
Harbour View,8,0,0,8,3,21,-18,0,jamaica,0.0,1.0,-18,0.38,0.0,1.0,12
Shonan Bellmare,8,6,0,2,12,9,3,18,japan,0.75,0.25,3,1.5,1.33,4.0,1
Tokyo Verdy,8,4,3,1,9,4,5,15,japan,0.5,0.5,5,1.12,2.0,2.0,2
Vissel Kobe,8,4,3,1,13,11,2,15,japan,0.5,0.5,2,1.62,2.0,2.0,2
Kyoto Sanga,8,5,0,3,12,11,1,15,japan,0.62,0.38,1,1.5,1.61,2.63,2
Yokohama M.,8,5,0,3,16,19,-3,15,japan,0.62,0.38,-3,2.0,1.61,2.63,2
K. Frontale,8,4,2,2,17,13,4,14,japan,0.5,0.5,4,2.12,2.0,2.0,3
Gamba Osaka,8,3,4,1,12,9,3,13,japan,0.38,0.62,3,1.5,2.63,1.61,4
S. Hiroshima,8,4,1,3,13,13,0,13,japan,0.5,0.5,0,1.62,2.0,2.0,4
C. Sapporo,8,3,2,3,13,14,-1,11,japan,0.38,0.62,-1,1.62,2.63,1.61,5
Kashima Antlers,8,3,1,4,14,12,2,10,japan,0.38,0.62,2,1.75,2.63,1.61,6
FC Tokyo,8,3,1,4,10,12,-2,10,japan,0.38,0.62,-2,1.25,2.63,1.61,6
Machida Zelvia,8,2,3,3,7,8,-1,9,japan,0.25,0.75,-1,0.88,4.0,1.33,7
Albirex Niigata,8,2,3,3,5,12,-7,9,japan,0.25,0.75,-7,0.62,4.0,1.33,7
Nagoya G.,8,2,2,4,11,14,-3,8,japan,0.25,0.75,-3,1.38,4.0,1.33,8
Cerezo Osaka,8,2,2,4,6,14,-8,8,japan,0.25,0.75,-8,0.75,4.0,1.33,8
Urawa RD,8,1,4,3,5,7,-2,7,japan,0.12,0.88,-2,0.62,8.33,1.14,9
Jubilo Iwata,8,2,1,5,6,19,-13,7,japan,0.25,0.75,-13,0.75,4.0,1.33,9
Avispa Fukuoka,8,0,6,2,6,9,-3,6,japan,0.0,1.0,-3,0.75,0.0,1.0,10
Kashiwa Reysol,8,1,2,5,4,9,-5,5,japan,0.12,0.88,-5,0.5,8.33,1.14,11
Sagan Tosu,8,1,1,6,9,18,-9,4,japan,0.12,0.88,-9,1.12,8.33,1.14,12
M. Yamagata,8,7,1,0,18,5,13,22,japan2,0.88,0.12,13,2.25,1.14,8.33,1
Shimizu S-Pulse,8,5,1,2,13,10,3,16,japan2,0.62,0.38,3,1.62,1.61,2.63,2
Yokohama FC,8,4,3,1,15,9,6,15,japan2,0.5,0.5,6,1.88,2.0,2.0,3
R. Kumamoto,8,5,0,3,16,11,5,15,japan2,0.62,0.38,5,2.0,1.61,2.63,3
Iwaki,8,4,1,3,11,8,3,13,japan2,0.5,0.5,3,1.38,2.0,2.0,4
Tokushima V.,8,4,1,3,7,7,0,13,japan2,0.5,0.5,0,0.88,2.0,2.0,4
Mito Hollyhock,8,4,1,3,9,14,-5,13,japan2,0.5,0.5,-5,1.12,2.0,2.0,4
V-V. Nagasaki,8,3,3,2,11,10,1,12,japan2,0.38,0.62,1,1.38,2.63,1.61,5
Fagiano Okayama,8,2,4,2,10,10,0,10,japan2,0.25,0.75,0,1.25,4.0,1.33,6
Blaublitz Akita,8,3,1,4,5,8,-3,10,japan2,0.38,0.62,-3,0.62,2.63,1.61,6
JEF Utd Chiba,8,3,1,4,8,12,-4,10,japan2,0.38,0.62,-4,1.0,2.63,1.61,6
Vegalta Sendai,8,3,1,4,7,11,-4,10,japan2,0.38,0.62,-4,0.88,2.63,1.61,6
Fujieda MYFC,8,3,0,5,8,16,-8,9,japan2,0.38,0.62,-8,1.0,2.63,1.61,7
Ventforet Kofu,8,2,2,4,6,11,-5,8,japan2,0.25,0.75,-5,0.75,4.0,1.33,8
Tochigi SC,8,1,4,3,6,7,-1,7,japan2,0.12,0.88,-1,0.75,8.33,1.14,9
Oita Trinita,8,1,2,5,8,15,-7,5,japan2,0.12,0.88,-7,1.0,8.33,1.14,10
R. Yamaguchi,8,1,2,5,6,17,-11,5,japan2,0.12,0.88,-11,0.75,8.33,1.14,10
Ehime FC,8,1,2,5,6,18,-12,5,japan2,0.12,0.88,-12,0.75,8.33,1.14,10
Kusatsu,8,0,1,7,4,19,-15,1,japan2,0.0,1.0,-15,0.5,0.0,1.0,11
Kagoshima Utd,8,0,0,8,2,13,-11,0,japan2,0.0,1.0,-11,0.25,0.0,1.0,12
Kamatamare S.,8,5,3,0,18,11,7,18,japan3,0.62,0.38,7,2.25,1.61,2.63,1
Matsumoto Y.,8,5,2,1,16,7,9,17,japan3,0.62,0.38,9,2.0,1.61,2.63,2
Fukushima Utd,8,5,1,2,17,12,5,16,japan3,0.62,0.38,5,2.12,1.61,2.63,3
Omiya Ardija,8,4,4,0,11,6,5,16,japan3,0.5,0.5,5,1.38,2.0,2.0,3
FC Imabari,8,4,2,2,13,8,5,14,japan3,0.5,0.5,5,1.62,2.0,2.0,4
Kataller Toyama,8,3,4,1,9,8,1,13,japan3,0.38,0.62,1,1.12,2.63,1.61,5
G. Kitakyushu,8,4,0,4,13,13,0,12,japan3,0.5,0.5,0,1.62,2.0,2.0,6
Gainare Tottori,8,4,0,4,14,16,-2,12,japan3,0.5,0.5,-2,1.75,2.0,2.0,6
T. Miyazaki,8,3,2,3,11,9,2,11,japan3,0.38,0.62,2,1.38,2.63,1.61,7
V. Hachinohe,8,3,2,3,12,12,0,11,japan3,0.38,0.62,0,1.5,2.63,1.61,7
Osaka,8,3,2,3,7,7,0,11,japan3,0.38,0.62,0,0.88,2.63,1.61,7
Z. Kanazawa,8,2,3,3,7,9,-2,9,japan3,0.25,0.75,-2,0.88,4.0,1.33,8
Nara Club,8,2,3,3,9,13,-4,9,japan3,0.25,0.75,-4,1.12,4.0,1.33,8
AC Numazu,8,2,2,4,9,13,-4,8,japan3,0.25,0.75,-4,1.12,4.0,1.33,9
FC Gifu,8,2,1,5,15,18,-3,7,japan3,0.25,0.75,-3,1.88,4.0,1.33,10
SC Sagamihara,8,2,1,5,10,15,-5,7,japan3,0.25,0.75,-5,1.25,4.0,1.33,10
FC Ryukyu,8,2,1,5,6,13,-7,7,japan3,0.25,0.75,-7,0.75,4.0,1.33,10
Nagano Parceiro,8,0,5,3,5,10,-5,5,japan3,0.0,1.0,-5,0.62,0.0,1.0,11
Morioka,8,1,2,5,5,11,-6,5,japan3,0.12,0.88,-6,0.62,8.33,1.14,11
YSCC,8,0,0,8,7,26,-19,0,japan3,0.0,1.0,-19,0.88,0.0,1.0,12
Kairat Almaty,8,5,1,2,12,6,6,16,kazakhstan,0.62,0.38,6,1.5,1.61,2.63,1
FC Astana,8,5,1,2,11,5,6,16,kazakhstan,0.62,0.38,6,1.38,1.61,2.63,1
Ordabasy,8,4,1,3,11,9,2,13,kazakhstan,0.5,0.5,2,1.38,2.0,2.0,2
Aktobe,8,3,3,2,10,11,-1,12,kazakhstan,0.38,0.62,-1,1.25,2.63,1.61,3
Tobol,8,3,2,3,13,11,2,11,kazakhstan,0.38,0.62,2,1.62,2.63,1.61,4
Atyrau,8,3,1,4,12,10,2,10,kazakhstan,0.38,0.62,2,1.5,2.63,1.61,5
Kaisar K.,8,2,2,4,8,10,-2,8,kazakhstan,0.25,0.75,-2,1.0,4.0,1.33,6
Kyzylzhar,8,2,2,4,6,9,-3,8,kazakhstan,0.25,0.75,-3,0.75,4.0,1.33,6
Zhenys,8,1,4,3,7,9,-2,7,kazakhstan,0.12,0.88,-2,0.88,8.33,1.14,7
Yelimay Semey,8,2,1,5,10,15,-5,7,kazakhstan,0.25,0.75,-5,1.25,4.0,1.33,7
Zhetysu,8,0,3,5,3,15,-12,3,kazakhstan,0.0,1.0,-12,0.38,0.0,1.0,8
Turan,8,0,2,6,3,21,-18,2,kazakhstan,0.0,1.0,-18,0.38,0.0,1.0,9
Aksu,0,0,0,0,0,0,0,0,kazakhstan,0.0,0.0,0,0.0,0.0,0.0,10
S. Karagandy,8,0,0,8,4,19,-15,0,kazakhstan,0.0,1.0,-15,0.5,0.0,1.0,10
Drita,8,4,3,1,10,6,4,15,kosovo,0.5,0.5,4,1.25,2.0,2.0,1
Malisheva,8,3,3,2,10,7,3,12,kosovo,0.38,0.62,3,1.25,2.63,1.61,2
Ballkani,8,2,4,2,10,7,3,10,kosovo,0.25,0.75,3,1.25,4.0,1.33,3
Suhareka,8,2,2,4,9,15,-6,8,kosovo,0.25,0.75,-6,1.12,4.0,1.33,4
Ferizaj,8,2,2,4,5,11,-6,8,kosovo,0.25,0.75,-6,0.62,4.0,1.33,4
Prishtina,8,2,1,5,7,11,-4,7,kosovo,0.25,0.75,-4,0.88,4.0,1.33,5
Dukagjini,8,2,1,5,7,13,-6,7,kosovo,0.25,0.75,-6,0.88,4.0,1.33,5
Gjilani,8,1,3,4,14,16,-2,6,kosovo,0.12,0.88,-2,1.75,8.33,1.14,6
Llapi,8,1,0,7,7,17,-10,3,kosovo,0.12,0.88,-10,0.88,8.33,1.14,7
Feronikeli,8,0,2,6,5,15,-10,2,kosovo,0.0,1.0,-10,0.62,0.0,1.0,8
Al Kuwait,7,6,0,1,21,8,13,18,kuwait,0.86,0.14,13,3.0,1.16,7.14,1
Al Arabi SC,7,6,0,1,19,7,12,18,kuwait,0.86,0.14,12,2.71,1.16,7.14,1
Al Salmiyah,5,3,1,1,9,6,3,10,kuwait,0.6,0.4,3,1.8,1.67,2.5,2
Al Fahaheel,5,2,2,1,12,10,2,8,kuwait,0.4,0.6,2,2.4,2.5,1.67,3
Al Qadsia,5,1,2,2,5,6,-1,5,kuwait,0.2,0.8,-1,1.0,5.0,1.25,4
Al Tadhamon,5,1,1,3,10,11,-1,4,kuwait,0.2,0.8,-1,2.0,5.0,1.25,5
Al Nasar,6,1,1,4,5,10,-5,4,kuwait,0.17,0.83,-5,0.83,5.88,1.2,5
Kazma,7,1,1,5,5,13,-8,4,kuwait,0.14,0.86,-8,0.71,7.14,1.16,5
Khaitan,6,1,0,5,3,12,-9,3,kuwait,0.17,0.83,-9,0.5,5.88,1.2,6
Yarmouk,7,0,2,5,7,15,-8,2,kuwait,0.0,1.0,-8,1.0,0.0,1.0,7
RFS,8,7,1,0,18,4,14,22,latvia,0.88,0.12,14,2.25,1.14,8.33,1
Riga FC,8,6,2,0,25,7,18,20,latvia,0.75,0.25,18,3.12,1.33,4.0,2
Auda,8,6,0,2,18,8,10,18,latvia,0.75,0.25,10,2.25,1.33,4.0,3
Liepaja,8,4,1,3,10,9,1,13,latvia,0.5,0.5,1,1.25,2.0,2.0,4
Valmiera,8,3,2,3,15,12,3,11,latvia,0.38,0.62,3,1.88,2.63,1.61,5
Tukums,8,2,2,4,10,23,-13,8,latvia,0.25,0.75,-13,1.25,4.0,1.33,6
Metta,8,2,1,5,5,21,-16,7,latvia,0.25,0.75,-16,0.62,4.0,1.33,7
Grobina,8,1,1,6,3,19,-16,4,latvia,0.12,0.88,-16,0.38,8.33,1.14,8
FS Jelgava,8,1,1,6,9,29,-20,4,latvia,0.12,0.88,-20,1.12,8.33,1.14,8
Daugavpils,8,0,3,5,7,16,-9,3,latvia,0.0,1.0,-9,0.88,0.0,1.0,9
Kauno Zalgiris,8,4,3,1,12,11,1,15,lithuania,0.5,0.5,1,1.5,2.0,2.0,1
Dainava,8,4,2,2,10,6,4,14,lithuania,0.5,0.5,4,1.25,2.0,2.0,2
Hegelmann L.,8,4,2,2,13,10,3,14,lithuania,0.5,0.5,3,1.62,2.0,2.0,2
Zalgiris,8,3,2,3,11,7,4,11,lithuania,0.38,0.62,4,1.38,2.63,1.61,3
Panevezys,8,2,5,1,14,12,2,11,lithuania,0.25,0.75,2,1.75,4.0,1.33,3
Banga,8,3,1,4,7,11,-4,10,lithuania,0.38,0.62,-4,0.88,2.63,1.61,4
Suduva,8,2,2,4,11,10,1,8,lithuania,0.25,0.75,1,1.38,4.0,1.33,5
Dziugas Telsiai,8,2,2,4,6,6,0,8,lithuania,0.25,0.75,0,0.75,4.0,1.33,5
TransINVEST,8,2,2,4,7,10,-3,8,lithuania,0.25,0.75,-3,0.88,4.0,1.33,5
Siauliai,8,1,2,5,10,17,-7,5,lithuania,0.12,0.88,-7,1.25,8.33,1.14,6
Riteriai,8,7,0,1,14,4,10,21,lithuania2,0.88,0.12,10,1.75,1.14,8.33,1
Siauliai B,8,5,0,3,21,15,6,15,lithuania2,0.62,0.38,6,2.62,1.61,2.63,2
Babrungas,8,4,2,2,17,8,9,14,lithuania2,0.5,0.5,9,2.12,2.0,2.0,3
Tauras,8,4,2,2,16,11,5,14,lithuania2,0.5,0.5,5,2.0,2.0,2.0,3
Nevezis,8,4,2,2,11,7,4,14,lithuania2,0.5,0.5,4,1.38,2.0,2.0,3
Atmosfera,8,3,4,1,6,5,1,13,lithuania2,0.38,0.62,1,0.75,2.63,1.61,4
Ekranas,8,3,3,2,11,13,-2,12,lithuania2,0.38,0.62,-2,1.38,2.63,1.61,5
Neptuna K.,8,3,1,4,12,13,-1,10,lithuania2,0.38,0.62,-1,1.5,2.63,1.61,6
Panevezys B,8,3,1,4,10,15,-5,10,lithuania2,0.38,0.62,-5,1.25,2.63,1.61,6
BFA Vilnius,8,2,3,3,11,13,-2,9,lithuania2,0.25,0.75,-2,1.38,4.0,1.33,7
Be1 NFA,8,2,3,3,8,11,-3,9,lithuania2,0.25,0.75,-3,1.0,4.0,1.33,7
Kauno Z. B,8,3,0,5,10,20,-10,9,lithuania2,0.38,0.62,-10,1.25,2.63,1.61,7
Garliava,8,2,1,5,8,18,-10,7,lithuania2,0.25,0.75,-10,1.0,4.0,1.33,8
Hegelmann B,8,1,0,7,6,18,-12,3,lithuania2,0.12,0.88,-12,0.75,8.33,1.14,9
Minija,8,0,2,6,6,18,-12,2,lithuania2,0.0,1.0,-12,0.75,0.0,1.0,10
Banga B,8,0,0,8,2,23,-21,0,lithuania2,0.0,1.0,-21,0.25,0.0,1.0,11
Differdange,8,7,0,1,23,4,19,21,luxembourg,0.88,0.12,19,2.88,1.14,8.33,1
Dudelange,7,4,2,1,14,7,7,14,luxembourg,0.57,0.43,7,2.0,1.75,2.33,2
UNA Strassen,7,4,2,1,11,4,7,14,luxembourg,0.57,0.43,7,1.57,1.75,2.33,2
Hesperange,8,3,3,2,13,10,3,12,luxembourg,0.38,0.62,3,1.62,2.63,1.61,3
Niedercorn,7,3,2,2,8,5,3,11,luxembourg,0.43,0.57,3,1.14,2.33,1.75,4
Bettembourg,7,3,1,3,8,9,-1,10,luxembourg,0.43,0.57,-1,1.14,2.33,1.75,5
Mondorf,7,2,3,2,11,7,4,9,luxembourg,0.29,0.71,4,1.57,3.45,1.41,6
Racing,7,2,3,2,9,7,2,9,luxembourg,0.29,0.71,2,1.29,3.45,1.41,6
Hostert,8,3,0,5,15,17,-2,9,luxembourg,0.38,0.62,-2,1.88,2.63,1.61,6
Wiltz,8,3,0,5,11,15,-4,9,luxembourg,0.38,0.62,-4,1.38,2.63,1.61,6
Jeunesse Esch,8,2,2,4,7,18,-11,8,luxembourg,0.25,0.75,-11,0.88,4.0,1.33,7
Petange,7,1,3,3,3,8,-5,6,luxembourg,0.14,0.86,-5,0.43,7.14,1.16,8
V. Rosport,8,1,2,5,8,20,-12,5,luxembourg,0.12,0.88,-12,1.0,8.33,1.14,9
Mondercange,8,1,0,7,7,22,-15,3,luxembourg,0.12,0.88,-15,0.88,8.33,1.14,10
Fola Esch,7,0,0,7,7,23,-16,0,luxembourg,0.0,1.0,-16,1.0,0.0,1.0,11
Rodange,8,0,0,8,9,27,-18,0,luxembourg,0.0,1.0,-18,1.12,0.0,1.0,11
Johor Darul,8,7,1,0,26,4,22,22,malaysia,0.88,0.12,22,3.25,1.14,8.33,1
Selangor,8,5,3,0,13,5,8,18,malaysia,0.62,0.38,8,1.62,1.61,2.63,2
Sabah,8,5,0,3,15,14,1,15,malaysia,0.62,0.38,1,1.88,1.61,2.63,3
Perak,8,4,2,2,15,10,5,14,malaysia,0.5,0.5,5,1.88,2.0,2.0,4
Terengganu,8,2,4,2,8,10,-2,10,malaysia,0.25,0.75,-2,1.0,4.0,1.33,5
Kedah,8,3,1,4,6,18,-12,10,malaysia,0.38,0.62,-12,0.75,2.63,1.61,5
Kuching,7,2,2,3,8,11,-3,8,malaysia,0.29,0.71,-3,1.14,3.45,1.41,6
Pahang,8,1,5,2,8,11,-3,8,malaysia,0.12,0.88,-3,1.0,8.33,1.14,6
PDRM,8,2,2,4,8,15,-7,8,malaysia,0.25,0.75,-7,1.0,4.0,1.33,6
Kuala Lumpur,8,2,1,5,9,12,-3,7,malaysia,0.25,0.75,-3,1.12,4.0,1.33,7
Negeri Sembilan,8,1,3,4,10,16,-6,6,malaysia,0.12,0.88,-6,1.25,8.33,1.14,8
Pulau Pinang,8,1,2,5,8,18,-10,5,malaysia,0.12,0.88,-10,1.0,8.33,1.14,9
Kelantan United,8,1,0,7,4,27,-23,3,malaysia,0.12,0.88,-23,0.5,8.33,1.14,10
Hamrun Spartans,8,6,2,0,18,5,13,20,malta,0.75,0.25,13,2.25,1.33,4.0,1
Floriana,8,5,2,1,13,5,8,17,malta,0.62,0.38,8,1.62,1.61,2.63,2
Birkirkara,6,5,1,0,12,3,9,16,malta,0.83,0.17,9,2.0,1.2,5.88,3
Marsaxlokk,6,4,2,0,10,4,6,14,malta,0.67,0.33,6,1.67,1.49,3.03,4
Hibernians,8,4,1,3,10,9,1,13,malta,0.5,0.5,1,1.25,2.0,2.0,5
Melita,8,3,3,2,11,9,2,12,malta,0.38,0.62,2,1.38,2.63,1.61,6
Zabbar,8,3,1,4,13,15,-2,10,malta,0.38,0.62,-2,1.62,2.63,1.61,7
Sliema,8,2,3,3,7,6,1,9,malta,0.25,0.75,1,0.88,4.0,1.33,8
Mosta,8,3,0,5,13,16,-3,9,malta,0.38,0.62,-3,1.62,2.63,1.61,8
Gzira Utd,8,2,2,4,9,12,-3,8,malta,0.25,0.75,-3,1.12,4.0,1.33,9
Naxxar Lions,8,1,2,5,6,14,-8,5,malta,0.12,0.88,-8,0.75,8.33,1.14,10
Balzan,8,0,1,7,6,20,-14,1,malta,0.0,1.0,-14,0.75,0.0,1.0,11
Cruz Azul,8,6,1,1,19,9,10,19,mexico,0.75,0.25,10,2.38,1.33,4.0,1
Monterrey,8,4,2,2,10,7,3,14,mexico,0.5,0.5,3,1.25,2.0,2.0,2
Tigres,8,4,1,3,13,9,4,13,mexico,0.5,0.5,4,1.62,2.0,2.0,3
Toluca,8,3,3,2,10,9,1,12,mexico,0.38,0.62,1,1.25,2.63,1.61,4
Pumas UNAM,8,3,3,2,6,6,0,12,mexico,0.38,0.62,0,0.75,2.63,1.61,4
Juarez,8,4,0,4,10,18,-8,12,mexico,0.5,0.5,-8,1.25,2.0,2.0,4
Guadalajara,8,3,1,4,9,8,1,10,mexico,0.38,0.62,1,1.12,2.63,1.61,5
CF America,8,2,3,3,12,14,-2,9,mexico,0.25,0.75,-2,1.5,4.0,1.33,6
Tijuana,8,2,3,3,6,12,-6,9,mexico,0.25,0.75,-6,0.75,4.0,1.33,6
Atlas,8,2,2,4,7,16,-9,8,mexico,0.25,0.75,-9,0.88,4.0,1.33,7
A. San Luis,8,2,1,5,7,12,-5,7,mexico,0.25,0.75,-5,0.88,4.0,1.33,8
Club Leon,8,1,3,4,12,18,-6,6,mexico,0.12,0.88,-6,1.5,8.33,1.14,9
Queretaro,8,1,2,5,6,17,-11,5,mexico,0.12,0.88,-11,0.75,8.33,1.14,10
Mazatlan,8,0,4,4,0,7,-7,4,mexico,0.0,1.0,-7,0.0,0.0,1.0,11
Pachuca,8,1,1,6,7,16,-9,4,mexico,0.12,0.88,-9,0.88,8.33,1.14,11
Puebla,8,1,1,6,4,16,-12,4,mexico,0.12,0.88,-12,0.5,8.33,1.14,11
Necaxa,8,0,3,5,7,17,-10,3,mexico,0.0,1.0,-10,0.88,0.0,1.0,12
Santos Laguna,8,0,1,7,5,17,-12,1,mexico,0.0,1.0,-12,0.62,0.0,1.0,13
CF America,2,2,0,0,5,1,4,6,mexico2,1.0,0.0,4,2.5,1.0,0.0,1
Pachuca,2,2,0,0,4,2,2,6,mexico2,1.0,0.0,2,2.0,1.0,0.0,1
Tigres,2,1,1,0,4,2,2,4,mexico2,0.5,0.5,2,2.0,2.0,2.0,2
Toluca,3,1,1,1,6,5,1,4,mexico2,0.33,0.67,1,2.0,3.03,1.49,2
Necaxa,2,1,0,1,4,2,2,3,mexico2,0.5,0.5,2,2.0,2.0,2.0,3
Cruz Azul,2,1,0,1,3,2,1,3,mexico2,0.5,0.5,1,1.5,2.0,2.0,3
Club Leon,1,1,0,0,2,1,1,3,mexico2,1.0,0.0,1,2.0,1.0,0.0,3
Mazatlan,2,1,0,1,2,2,0,3,mexico2,0.5,0.5,0,1.0,2.0,2.0,3
A. San Luis,2,1,0,1,2,4,-2,3,mexico2,0.5,0.5,-2,1.0,2.0,2.0,3
Monterrey,2,0,2,0,4,4,0,2,mexico2,0.0,1.0,0,2.0,0.0,1.0,4
Puebla,2,0,2,0,2,2,0,2,mexico2,0.0,1.0,0,1.0,0.0,1.0,4
Atlas,2,0,2,0,1,1,0,2,mexico2,0.0,1.0,0,0.5,0.0,1.0,4
Juarez,2,0,1,1,1,2,-1,1,mexico2,0.0,1.0,-1,0.5,0.0,1.0,5
Tijuana,2,0,1,1,1,5,-4,1,mexico2,0.0,1.0,-4,0.5,0.0,1.0,5
Pumas UNAM,1,0,0,1,2,3,-1,0,mexico2,0.0,1.0,-1,2.0,0.0,1.0,6
Queretaro,1,0,0,1,1,2,-1,0,mexico2,0.0,1.0,-1,1.0,0.0,1.0,6
Guadalajara,2,0,0,2,3,5,-2,0,mexico2,0.0,1.0,-2,1.5,0.0,1.0,6
Santos Laguna,3,0,0,3,1,4,-3,0,mexico2,0.0,1.0,-3,0.33,0.0,1.0,6
Khangarid,5,4,0,1,10,4,6,12,mongolia,0.8,0.2,6,2.0,1.25,5.0,1
Erchim,5,3,1,1,14,6,8,10,mongolia,0.6,0.4,8,2.8,1.67,2.5,2
SP Falcons,4,3,0,1,10,1,9,9,mongolia,0.75,0.25,9,2.5,1.33,4.0,3
Deren,4,2,1,1,27,4,23,7,mongolia,0.5,0.5,23,6.75,2.0,2.0,4
FC Ulaanbaatar,4,2,1,1,16,5,11,7,mongolia,0.5,0.5,11,4.0,2.0,2.0,4
Hunters,5,2,1,2,6,10,-4,7,mongolia,0.4,0.6,-4,1.2,2.5,1.67,4
Bayanzurkh S.,6,2,0,4,25,11,14,6,mongolia,0.33,0.67,14,4.17,3.03,1.49,5
Khoromkhon,3,2,0,1,7,6,1,6,mongolia,0.67,0.33,1,2.33,1.49,3.03,5
Khovd,4,1,1,2,13,9,4,4,mongolia,0.25,0.75,4,3.25,4.0,1.33,6
Tuv Buganuud,4,0,0,4,0,48,-48,0,mongolia,0.0,1.0,-48,0.0,0.0,1.0,7
Buducnost,8,7,0,1,17,3,14,21,montenegro,0.88,0.12,14,2.12,1.14,8.33,1
Sutjeska,8,4,1,3,9,6,3,13,montenegro,0.5,0.5,3,1.12,2.0,2.0,2
Petrovac,8,4,1,3,9,8,1,13,montenegro,0.5,0.5,1,1.12,2.0,2.0,2
Bokelj,8,3,3,2,8,9,-1,12,montenegro,0.38,0.62,-1,1.0,2.63,1.61,3
Arsenal Tivat,8,3,2,3,10,11,-1,11,montenegro,0.38,0.62,-1,1.25,2.63,1.61,4
Mornar Bar,8,3,2,3,10,15,-5,11,montenegro,0.38,0.62,-5,1.25,2.63,1.61,4
Decic,8,1,6,1,8,9,-1,9,montenegro,0.12,0.88,-1,1.0,8.33,1.14,5
Jezero,8,1,3,4,6,10,-4,6,montenegro,0.12,0.88,-4,0.75,8.33,1.14,6
Otrant,8,0,4,4,1,5,-4,4,montenegro,0.0,1.0,-4,0.12,0.0,1.0,7
Jedinstvo,8,1,1,6,5,19,-14,4,montenegro,0.12,0.88,-14,0.62,8.33,1.14,7
Berkane,8,6,2,0,14,4,10,20,morocco,0.75,0.25,10,1.75,1.33,4.0,1
R. Zemamra,8,5,1,2,7,3,4,16,morocco,0.62,0.38,4,0.88,1.61,2.63,2
Maghreb de Fes,8,4,3,1,14,7,7,15,morocco,0.5,0.5,7,1.75,2.0,2.0,3
Wydad,8,3,4,1,9,7,2,13,morocco,0.38,0.62,2,1.12,2.63,1.61,4
FUS Rabat,8,4,1,3,8,6,2,13,morocco,0.5,0.5,2,1.0,2.0,2.0,4
FAR Rabat,8,3,3,2,13,6,7,12,morocco,0.38,0.62,7,1.62,2.63,1.61,5
Olympic Safi,8,3,2,3,9,11,-2,11,morocco,0.38,0.62,-2,1.12,2.63,1.61,6
Raja Casablanca,8,2,2,4,8,11,-3,8,morocco,0.25,0.75,-3,1.0,4.0,1.33,7
Ittihad Tanger,8,1,4,3,8,11,-3,7,morocco,0.12,0.88,-3,1.0,8.33,1.14,8
Difaa El Jadida,8,1,3,4,10,14,-4,6,morocco,0.12,0.88,-4,1.25,8.33,1.14,9
Union Touarga,8,1,2,5,8,11,-3,5,morocco,0.12,0.88,-3,1.0,8.33,1.14,10
JS Sousalem,8,1,2,5,4,11,-7,5,morocco,0.12,0.88,-7,0.5,8.33,1.14,10
Hassania Agadir,8,1,1,6,4,10,-6,4,morocco,0.12,0.88,-6,0.5,8.33,1.14,11
Moghreb Tetouan,8,1,0,7,4,12,-8,3,morocco,0.12,0.88,-8,0.5,8.33,1.14,12
Meknes,8,0,3,5,4,18,-14,3,morocco,0.0,1.0,-14,0.5,0.0,1.0,12
C. Mohammedia,8,0,2,6,6,17,-11,2,morocco,0.0,1.0,-11,0.75,0.0,1.0,13
R. Beni Mellal,8,2,4,2,9,6,3,10,morocco2,0.25,0.75,3,1.12,4.0,1.33,1
Kawkab M.,8,2,4,2,5,5,0,10,morocco2,0.25,0.75,0,0.62,4.0,1.33,1
Stade Marocain,8,2,4,2,7,8,-1,10,morocco2,0.25,0.75,-1,0.88,4.0,1.33,1
RAC Casablanca,7,3,1,3,10,12,-2,10,morocco2,0.43,0.57,-2,1.43,2.33,1.75,1
Wydad Fes,8,3,1,4,8,10,-2,10,morocco2,0.38,0.62,-2,1.0,2.63,1.61,1
Dcheira,7,2,3,2,7,6,1,9,morocco2,0.29,0.71,1,1.0,3.45,1.41,2
C. Benguerir,7,2,3,2,8,8,0,9,morocco2,0.29,0.71,0,1.14,3.45,1.41,2
El Massira,8,1,5,2,8,8,0,8,morocco2,0.12,0.88,0,1.0,8.33,1.14,3
Rapide Oued Z.,8,1,4,3,4,7,-3,7,morocco2,0.12,0.88,-3,0.5,8.33,1.14,4
Yacoub El Manso,7,2,1,4,6,10,-4,7,morocco2,0.29,0.71,-4,0.86,3.45,1.41,4
Khouribga,7,2,1,4,7,13,-6,7,morocco2,0.29,0.71,-6,1.0,3.45,1.41,4
Youssoufia B.,8,1,3,4,8,10,-2,6,morocco2,0.12,0.88,-2,1.0,8.33,1.14,5
KAC Kenitra,7,0,5,2,7,12,-5,5,morocco2,0.0,1.0,-5,1.0,0.0,1.0,6
Chabab Atlas K.,7,0,5,2,4,10,-6,5,morocco2,0.0,1.0,-6,0.57,0.0,1.0,6
USM Oujda,7,0,5,2,3,12,-9,5,morocco2,0.0,1.0,-9,0.43,0.0,1.0,6
Mouloudia Oujda,8,0,3,5,5,14,-9,3,morocco2,0.0,1.0,-9,0.62,0.0,1.0,7
Shan Utd,8,8,0,0,28,6,22,24,myanmar,1.0,0.0,22,3.5,1.0,0.0,1
Hantharwady,8,6,2,0,15,6,9,20,myanmar,0.75,0.25,9,1.88,1.33,4.0,2
Dagon,8,6,1,1,17,4,13,19,myanmar,0.75,0.25,13,2.12,1.33,4.0,3
Yangon Utd,8,5,3,0,27,11,16,18,myanmar,0.62,0.38,16,3.38,1.61,2.63,4
Yadanarbon,8,3,2,3,10,11,-1,11,myanmar,0.38,0.62,-1,1.25,2.63,1.61,5
Thitsar Arman,8,3,1,4,15,14,1,10,myanmar,0.38,0.62,1,1.88,2.63,1.61,6
Sagaing Utd,8,3,0,5,13,14,-1,9,myanmar,0.38,0.62,-1,1.62,2.63,1.61,7
Ispe FC,8,2,2,4,10,12,-2,8,myanmar,0.25,0.75,-2,1.25,4.0,1.33,8
Ayeyawady,8,2,1,5,7,14,-7,7,myanmar,0.25,0.75,-7,0.88,4.0,1.33,9
Dagon Port,8,1,2,5,15,30,-15,5,myanmar,0.12,0.88,-15,1.88,8.33,1.14,10
Myawady,8,1,1,6,5,14,-9,4,myanmar,0.12,0.88,-9,0.62,8.33,1.14,11
Rakhine Utd,8,0,2,6,9,22,-13,2,myanmar,0.0,1.0,-13,1.12,0.0,1.0,12
FC Utrecht,8,6,2,0,17,8,9,20,netherlands,0.75,0.25,9,2.12,1.33,4.0,1
Ajax Amsterdam,8,6,1,1,17,8,9,19,netherlands,0.75,0.25,9,2.12,1.33,4.0,2
Feyenoord,8,4,3,1,18,11,7,15,netherlands,0.5,0.5,7,2.25,2.0,2.0,3
PSV Eindhoven,8,5,0,3,18,11,7,15,netherlands,0.62,0.38,7,2.25,1.61,2.63,3
AZ Alkmaar,8,4,2,2,13,9,4,14,netherlands,0.5,0.5,4,1.62,2.0,2.0,4
Go Ahead Eagles,8,3,2,3,13,13,0,11,netherlands,0.38,0.62,0,1.62,2.63,1.61,5
FC Twente,8,3,1,4,13,14,-1,10,netherlands,0.38,0.62,-1,1.62,2.63,1.61,6
NEC Nijmegen,8,3,0,5,8,13,-5,9,netherlands,0.38,0.62,-5,1.0,2.63,1.61,7
Willem II,8,3,0,5,8,15,-7,9,netherlands,0.38,0.62,-7,1.0,2.63,1.61,7
Sparta,8,2,2,4,7,10,-3,8,netherlands,0.25,0.75,-3,0.88,4.0,1.33,8
PEC Zwolle,8,1,5,2,9,14,-5,8,netherlands,0.12,0.88,-5,1.12,8.33,1.14,8
NAC Breda,8,2,1,5,9,13,-4,7,netherlands,0.25,0.75,-4,1.12,4.0,1.33,9
Fortuna Sittard,8,1,4,3,11,18,-7,7,netherlands,0.12,0.88,-7,1.38,8.33,1.14,9
Heerenveen,8,2,0,6,7,18,-11,6,netherlands,0.25,0.75,-11,0.88,4.0,1.33,10
Heracles Almelo,8,2,0,6,7,20,-13,6,netherlands,0.25,0.75,-13,0.88,4.0,1.33,10
RKC Waalwijk,8,0,3,5,10,19,-9,3,netherlands,0.0,1.0,-9,1.25,0.0,1.0,11
Almere City,8,0,3,5,2,12,-10,3,netherlands,0.0,1.0,-10,0.25,0.0,1.0,11
FC Groningen,8,0,1,7,4,22,-18,1,netherlands,0.0,1.0,-18,0.5,0.0,1.0,12
Cambuur,8,6,1,1,18,8,10,19,netherlands2,0.75,0.25,10,2.25,1.33,4.0,1
FC Volendam,8,5,3,0,17,9,8,18,netherlands2,0.62,0.38,8,2.12,1.61,2.63,2
FC Dordrecht,8,5,0,3,13,11,2,15,netherlands2,0.62,0.38,2,1.62,1.61,2.63,3
VVV,8,5,0,3,15,14,1,15,netherlands2,0.62,0.38,1,1.88,1.61,2.63,3
FC Emmen,8,4,1,3,13,11,2,13,netherlands2,0.5,0.5,2,1.62,2.0,2.0,4
FC Eindhoven,8,4,1,3,17,17,0,13,netherlands2,0.5,0.5,0,2.12,2.0,2.0,4
Excelsior,8,3,3,2,9,7,2,12,netherlands2,0.38,0.62,2,1.12,2.63,1.61,5
Roda JC,8,3,2,3,11,12,-1,11,netherlands2,0.38,0.62,-1,1.38,2.63,1.61,6
FC Den Bosch,8,3,2,3,9,11,-2,11,netherlands2,0.38,0.62,-2,1.12,2.63,1.61,6
Jong AZ,8,3,1,4,8,9,-1,10,netherlands2,0.38,0.62,-1,1.0,2.63,1.61,7
ADO Den Haag,8,2,3,3,16,11,5,9,netherlands2,0.25,0.75,5,2.0,4.0,1.33,8
Helmond Sport,8,3,0,5,11,19,-8,9,netherlands2,0.38,0.62,-8,1.38,2.63,1.61,8
De Graafschap,8,1,4,3,8,13,-5,7,netherlands2,0.12,0.88,-5,1.0,8.33,1.14,9
MVV Maastricht,8,1,2,5,11,17,-6,5,netherlands2,0.12,0.88,-6,1.38,8.33,1.14,10
Telstar,8,1,2,5,6,15,-9,5,netherlands2,0.12,0.88,-9,0.75,8.33,1.14,10
TOP Oss,8,0,4,4,4,12,-8,4,netherlands2,0.0,1.0,-8,0.5,0.0,1.0,11
Jong PSV,8,1,1,6,5,14,-9,4,netherlands2,0.12,0.88,-9,0.62,8.33,1.14,11
Jong Utrecht,8,0,3,5,4,14,-10,3,netherlands2,0.0,1.0,-10,0.5,0.0,1.0,12
Vitesse Arnhem,8,0,2,6,11,26,-15,2,netherlands2,0.0,1.0,-15,1.38,0.0,1.0,13
Jong Ajax,8,0,1,7,6,19,-13,1,netherlands2,0.0,1.0,-13,0.75,0.0,1.0,14
Diriangen,8,4,4,0,21,7,14,16,nicaragua,0.5,0.5,14,2.62,2.0,2.0,1
Real Esteli,8,5,1,2,14,9,5,16,nicaragua,0.62,0.38,5,1.75,1.61,2.63,1
Walter Ferreti,8,4,2,2,8,5,3,14,nicaragua,0.5,0.5,3,1.0,2.0,2.0,2
Matagalpa,8,3,3,2,9,7,2,12,nicaragua,0.38,0.62,2,1.12,2.63,1.61,3
Export Sebaco,8,1,4,3,7,10,-3,7,nicaragua,0.12,0.88,-3,0.88,8.33,1.14,4
Managua FC,8,1,3,4,9,15,-6,6,nicaragua,0.12,0.88,-6,1.12,8.33,1.14,5
Jalapa,8,1,2,5,8,21,-13,5,nicaragua,0.12,0.88,-13,1.0,8.33,1.14,6
UNAN Managua,8,1,1,6,7,17,-10,4,nicaragua,0.12,0.88,-10,0.88,8.33,1.14,7
Rancho Santana,8,1,1,6,5,15,-10,4,nicaragua,0.12,0.88,-10,0.62,8.33,1.14,7
D. Ocotal,8,0,2,6,3,24,-21,2,nicaragua,0.0,1.0,-21,0.38,0.0,1.0,8
Glentoran,8,6,1,1,18,8,10,19,northernireland,0.75,0.25,10,2.25,1.33,4.0,1
Linfield,8,6,1,1,14,6,8,19,northernireland,0.75,0.25,8,1.75,1.33,4.0,1
Larne,8,5,2,1,12,5,7,17,northernireland,0.62,0.38,7,1.5,1.61,2.63,2
Dungannon,8,4,2,2,14,10,4,14,northernireland,0.5,0.5,4,1.75,2.0,2.0,3
Coleraine,8,3,2,3,14,12,2,11,northernireland,0.38,0.62,2,1.75,2.63,1.61,4
Ballymena Utd,8,3,2,3,8,9,-1,11,northernireland,0.38,0.62,-1,1.0,2.63,1.61,4
Portadown,8,3,0,5,10,11,-1,9,northernireland,0.38,0.62,-1,1.25,2.63,1.61,5
Glenavon,8,2,2,4,5,9,-4,8,northernireland,0.25,0.75,-4,0.62,4.0,1.33,6
Cliftonville,8,2,1,5,8,13,-5,7,northernireland,0.25,0.75,-5,1.0,4.0,1.33,7
Crusaders,8,2,1,5,6,11,-5,7,northernireland,0.25,0.75,-5,0.75,4.0,1.33,7
Carrick Rangers,8,1,4,3,6,13,-7,7,northernireland,0.12,0.88,-7,0.75,8.33,1.14,7
Loughgall,8,1,1,6,6,17,-11,4,northernireland,0.12,0.88,-11,0.75,8.33,1.14,8
Dundela,8,5,1,2,16,12,4,16,northernireland2,0.62,0.38,4,2.0,1.61,2.63,1
Limavady,8,3,3,2,15,8,7,12,northernireland2,0.38,0.62,7,1.88,2.63,1.61,2
Ards,8,3,3,2,13,12,1,12,northernireland2,0.38,0.62,1,1.62,2.63,1.61,2
Bangor,8,4,0,4,14,14,0,12,northernireland2,0.5,0.5,0,1.75,2.0,2.0,2
Ballyclare,8,4,0,4,10,13,-3,12,northernireland2,0.5,0.5,-3,1.25,2.0,2.0,2
Annagh Utd,8,3,2,3,12,8,4,11,northernireland2,0.38,0.62,4,1.5,2.63,1.61,3
HW Welders,8,2,3,3,12,15,-3,9,northernireland2,0.25,0.75,-3,1.5,4.0,1.33,4
Institute,8,2,3,3,10,13,-3,9,northernireland2,0.25,0.75,-3,1.25,4.0,1.33,4
Armagh City,8,1,5,2,7,10,-3,8,northernireland2,0.12,0.88,-3,0.88,8.33,1.14,5
Ballinamallard,8,2,0,6,11,16,-5,6,northernireland2,0.25,0.75,-5,1.38,4.0,1.33,6
Newington,8,1,1,6,5,18,-13,4,northernireland2,0.12,0.88,-13,0.62,8.33,1.14,7
Newry City,8,1,0,7,4,20,-16,3,northernireland2,0.12,0.88,-16,0.5,8.33,1.14,8
Sileks,8,5,2,1,11,2,9,17,northmacedonia,0.62,0.38,9,1.38,1.61,2.63,1
Gostivar,8,4,3,1,9,4,5,15,northmacedonia,0.5,0.5,5,1.12,2.0,2.0,2
Rabotnicki,8,3,4,1,8,3,5,13,northmacedonia,0.38,0.62,5,1.0,2.63,1.61,3
Struga,8,3,4,1,12,9,3,13,northmacedonia,0.38,0.62,3,1.5,2.63,1.61,3
Shkendija,8,3,4,1,6,4,2,13,northmacedonia,0.38,0.62,2,0.75,2.63,1.61,3
Shkupi,8,2,1,5,9,12,-3,7,northmacedonia,0.25,0.75,-3,1.12,4.0,1.33,4
Brera Strumica,8,2,1,5,8,16,-8,7,northmacedonia,0.25,0.75,-8,1.0,4.0,1.33,4
Vardar,8,1,2,5,3,12,-9,5,northmacedonia,0.12,0.88,-9,0.38,8.33,1.14,5
Pelister,8,1,2,5,4,14,-10,5,northmacedonia,0.12,0.88,-10,0.5,8.33,1.14,5
Tikves,8,0,4,4,3,9,-6,4,northmacedonia,0.0,1.0,-6,0.38,0.0,1.0,6
Voska Sport,8,1,1,6,8,20,-12,4,northmacedonia,0.12,0.88,-12,1.0,8.33,1.14,6
Besa,8,0,3,5,6,14,-8,3,northmacedonia,0.0,1.0,-8,0.75,0.0,1.0,7
Brann,8,5,2,1,17,8,9,17,norway,0.62,0.38,9,2.12,1.61,2.63,1
Rosenborg,8,5,2,1,16,7,9,17,norway,0.62,0.38,9,2.0,1.61,2.63,1
Viking,8,3,3,2,16,13,3,12,norway,0.38,0.62,3,2.0,2.63,1.61,2
Sarpsborg 08,8,3,3,2,12,14,-2,12,norway,0.38,0.62,-2,1.5,2.63,1.61,2
Molde,8,3,2,3,13,8,5,11,norway,0.38,0.62,5,1.62,2.63,1.61,3
HamKam,8,3,2,3,9,13,-4,11,norway,0.38,0.62,-4,1.12,2.63,1.61,3
KFUM Oslo,8,3,1,4,9,9,0,10,norway,0.38,0.62,0,1.12,2.63,1.61,4
Bodo/Glimt,8,2,4,2,10,11,-1,10,norway,0.25,0.75,-1,1.25,4.0,1.33,4
Fredrikstad,8,3,1,4,7,14,-7,10,norway,0.38,0.62,-7,0.88,2.63,1.61,4
Sandefjord,8,2,2,4,10,12,-2,8,norway,0.25,0.75,-2,1.25,4.0,1.33,5
Kristiansund,8,2,2,4,5,10,-5,8,norway,0.25,0.75,-5,0.62,4.0,1.33,5
Tromso,8,2,0,6,6,15,-9,6,norway,0.25,0.75,-9,0.75,4.0,1.33,6
Haugesund,8,1,3,4,8,18,-10,6,norway,0.12,0.88,-10,1.0,8.33,1.14,6
Stromsgodset,8,0,3,5,5,15,-10,3,norway,0.0,1.0,-10,0.62,0.0,1.0,7
Odd,8,0,2,6,5,15,-10,2,norway,0.0,1.0,-10,0.62,0.0,1.0,8
Lillestrom,8,0,0,8,7,25,-18,0,norway,0.0,1.0,-18,0.88,0.0,1.0,9
Valerenga,8,6,2,0,18,6,12,20,norway2,0.75,0.25,12,2.25,1.33,4.0,1
Bryne,8,5,1,2,17,10,7,16,norway2,0.62,0.38,7,2.12,1.61,2.63,2
Aalesund,8,5,1,2,14,8,6,16,norway2,0.62,0.38,6,1.75,1.61,2.63,2
Ranheim,8,5,1,2,16,11,5,16,norway2,0.62,0.38,5,2.0,1.61,2.63,2
Lyn,8,4,2,2,13,11,2,14,norway2,0.5,0.5,2,1.62,2.0,2.0,3
Raufoss,8,4,1,3,9,10,-1,13,norway2,0.5,0.5,-1,1.12,2.0,2.0,4
Kongsvinger,8,3,3,2,12,9,3,12,norway2,0.38,0.62,3,1.5,2.63,1.61,5
Start,8,3,2,3,16,17,-1,11,norway2,0.38,0.62,-1,2.0,2.63,1.61,6
Asane,8,3,2,3,12,15,-3,11,norway2,0.38,0.62,-3,1.5,2.63,1.61,6
Mjondalen,8,3,1,4,7,14,-7,10,norway2,0.38,0.62,-7,0.88,2.63,1.61,7
Stabaek,8,3,1,4,10,18,-8,10,norway2,0.38,0.62,-8,1.25,2.63,1.61,7
Egersund,8,3,0,5,12,17,-5,9,norway2,0.38,0.62,-5,1.5,2.63,1.61,8
Moss,8,2,2,4,9,11,-2,8,norway2,0.25,0.75,-2,1.12,4.0,1.33,9
Levanger,8,1,4,3,13,17,-4,7,norway2,0.12,0.88,-4,1.62,8.33,1.14,10
Sogndal,8,2,1,5,4,13,-9,7,norway2,0.25,0.75,-9,0.5,4.0,1.33,10
Sandnes Ulf,8,1,1,6,4,20,-16,4,norway2,0.12,0.88,-16,0.5,8.33,1.14,11
Hodd,8,4,3,1,18,6,12,15,norway3,0.5,0.5,12,2.25,2.0,2.0,1
Brattvag,8,5,0,3,12,11,1,15,norway3,0.62,0.38,1,1.5,1.61,2.63,1
Notodden,8,4,2,2,9,9,0,14,norway3,0.5,0.5,0,1.12,2.0,2.0,2
Flekkeroy,8,4,0,4,8,13,-5,12,norway3,0.5,0.5,-5,1.0,2.0,2.0,3
Brann B,8,3,2,3,15,15,0,11,norway3,0.38,0.62,0,1.88,2.63,1.61,4
Jerv,8,3,2,3,9,10,-1,11,norway3,0.38,0.62,-1,1.12,2.63,1.61,4
Arendal,8,3,2,3,8,9,-1,11,norway3,0.38,0.62,-1,1.0,2.63,1.61,4
Sotra,8,3,2,3,5,10,-5,11,norway3,0.38,0.62,-5,0.62,2.63,1.61,4
Lysekloster,8,3,1,4,16,16,0,10,norway3,0.38,0.62,0,2.0,2.63,1.61,5
Eik Tonsberg,8,3,1,4,7,10,-3,10,norway3,0.38,0.62,-3,0.88,2.63,1.61,5
V. Haugesund,8,3,1,4,12,20,-8,10,norway3,0.38,0.62,-8,1.5,2.63,1.61,5
Orn Horten,8,2,1,5,10,15,-5,7,norway3,0.25,0.75,-5,1.25,4.0,1.33,6
Kvik Halden,8,2,1,5,10,23,-13,7,norway3,0.25,0.75,-13,1.25,4.0,1.33,6
Viking B,8,0,1,7,7,18,-11,1,norway3,0.0,1.0,-11,0.88,0.0,1.0,7
Tromsdalen,8,5,1,2,16,12,4,16,norway4,0.62,0.38,4,2.0,1.61,2.63,1
Grorud,8,4,3,1,23,16,7,15,norway4,0.5,0.5,7,2.88,2.0,2.0,2
Eidsvold,8,5,0,3,21,14,7,15,norway4,0.62,0.38,7,2.62,1.61,2.63,2
Skeid,8,3,4,1,10,6,4,13,norway4,0.38,0.62,4,1.25,2.63,1.61,3
Strommen,8,4,1,3,11,12,-1,13,norway4,0.5,0.5,-1,1.38,2.0,2.0,3
Kjelsas,8,3,2,3,12,11,1,11,norway4,0.38,0.62,1,1.5,2.63,1.61,4
Ullensaker . K.,8,3,1,4,16,16,0,10,norway4,0.38,0.62,0,2.0,2.63,1.61,5
Alta,8,2,2,4,12,14,-2,8,norway4,0.25,0.75,-2,1.5,4.0,1.33,6
Stjordals-Blink,8,2,1,5,11,19,-8,7,norway4,0.25,0.75,-8,1.38,4.0,1.33,7
Follo,8,2,1,5,13,27,-14,7,norway4,0.25,0.75,-14,1.62,4.0,1.33,7
Gjovik-Lyn,8,1,2,5,6,18,-12,5,norway4,0.12,0.88,-12,0.75,8.33,1.14,8
Strindheim,8,1,1,6,7,20,-13,4,norway4,0.12,0.88,-13,0.88,8.33,1.14,9
Junkeren,8,1,1,6,13,28,-15,4,norway4,0.12,0.88,-15,1.62,8.33,1.14,9
Valerenga B,8,1,0,7,9,32,-23,3,norway4,0.12,0.88,-23,1.12,8.33,1.14,10
Sandviken,8,7,0,1,21,5,16,21,norway5,0.88,0.12,16,2.62,1.14,8.33,1
Bjarg,8,6,1,1,27,8,19,19,norway5,0.75,0.25,19,3.38,1.33,4.0,2
Djerv,8,5,1,2,21,16,5,16,norway5,0.62,0.38,5,2.62,1.61,2.63,3
Forde,8,4,2,2,18,10,8,14,norway5,0.5,0.5,8,2.25,2.0,2.0,4
Haugesund B,8,3,1,4,21,19,2,10,norway5,0.38,0.62,2,2.62,2.63,1.61,5
Os,8,3,1,4,11,10,1,10,norway5,0.38,0.62,1,1.38,2.63,1.61,5
Stord,8,3,1,4,28,28,0,10,norway5,0.38,0.62,0,3.5,2.63,1.61,5
Froya,8,3,0,5,19,21,-2,9,norway5,0.38,0.62,-2,2.38,2.63,1.61,6
Askoy,8,2,3,3,16,20,-4,9,norway5,0.25,0.75,-4,2.0,4.0,1.33,6
Loddefjord,8,2,2,4,17,22,-5,8,norway5,0.25,0.75,-5,2.12,4.0,1.33,7
Fana,8,2,1,5,21,22,-1,7,norway5,0.25,0.75,-1,2.62,4.0,1.33,8
Asane B,8,2,1,5,16,35,-19,7,norway5,0.25,0.75,-19,2.0,4.0,1.33,8
Ardal,8,1,1,6,11,31,-20,4,norway5,0.12,0.88,-20,1.38,8.33,1.14,9
Floro,8,0,0,8,7,31,-24,0,norway5,0.0,1.0,-24,0.88,0.0,1.0,10
Pors Grenland,8,6,1,1,15,6,9,19,norway6,0.75,0.25,9,1.88,1.33,4.0,1
Fram,8,5,1,2,18,17,1,16,norway6,0.62,0.38,1,2.25,1.61,2.63,2
Brodd,8,4,2,2,20,15,5,14,norway6,0.5,0.5,5,2.5,2.0,2.0,3
Vidar,8,4,0,4,20,17,3,12,norway6,0.5,0.5,3,2.5,2.0,2.0,4
Madla,8,3,1,4,19,16,3,10,norway6,0.38,0.62,3,2.38,2.63,1.61,5
Sandefjord B,8,3,0,5,21,18,3,9,norway6,0.38,0.62,3,2.62,2.63,1.61,6
Vindbjart,8,2,2,4,7,10,-3,8,norway6,0.25,0.75,-3,0.88,4.0,1.33,7
Mandalskamerat.,8,2,1,5,12,24,-12,7,norway6,0.25,0.75,-12,1.5,4.0,1.33,8
Staal Jorpeland,8,2,1,5,10,24,-14,7,norway6,0.25,0.75,-14,1.25,4.0,1.33,8
Sola,8,2,0,6,15,26,-11,6,norway6,0.25,0.75,-11,1.88,4.0,1.33,9
Sandnes Ulf B,8,1,0,7,10,25,-15,3,norway6,0.12,0.88,-15,1.25,8.33,1.14,10
Odd B,8,1,0,7,7,26,-19,3,norway6,0.12,0.88,-19,0.88,8.33,1.14,10
Start B,8,0,1,7,11,26,-15,1,norway6,0.0,1.0,-15,1.38,0.0,1.0,11
Vigor,8,0,0,8,3,33,-30,0,norway6,0.0,1.0,-30,0.38,0.0,1.0,12
Asker,8,6,0,2,25,11,14,18,norway7,0.75,0.25,14,3.12,1.33,4.0,1
Nordstrand,8,5,1,2,22,12,10,16,norway7,0.62,0.38,10,2.75,1.61,2.63,2
Gamle Oslo,8,4,3,1,23,14,9,15,norway7,0.5,0.5,9,2.88,2.0,2.0,3
Baerum,8,4,3,1,18,10,8,15,norway7,0.5,0.5,8,2.25,2.0,2.0,3
Frigg,8,4,2,2,27,15,12,14,norway7,0.5,0.5,12,3.38,2.0,2.0,4
Assiden IF,8,2,3,3,11,15,-4,9,norway7,0.25,0.75,-4,1.38,4.0,1.33,5
Flint,8,2,1,5,12,21,-9,7,norway7,0.25,0.75,-9,1.5,4.0,1.33,6
KFUM B,8,2,1,5,12,21,-9,7,norway7,0.25,0.75,-9,1.5,4.0,1.33,6
Ullern,8,2,1,5,9,18,-9,7,norway7,0.25,0.75,-9,1.12,4.0,1.33,6
Oppsal,8,2,0,6,11,18,-7,6,norway7,0.25,0.75,-7,1.38,4.0,1.33,7
Skeid B,8,2,0,6,18,27,-9,6,norway7,0.25,0.75,-9,2.25,4.0,1.33,7
Sarpsborg 08 B,8,1,1,6,12,24,-12,4,norway7,0.12,0.88,-12,1.5,8.33,1.14,8
Askollen,8,1,1,6,11,36,-25,4,norway7,0.12,0.88,-25,1.38,8.33,1.14,8
Mjondalen B,8,0,0,8,7,29,-22,0,norway7,0.0,1.0,-22,0.88,0.0,1.0,9
Rana,8,7,0,1,25,10,15,21,norway8,0.88,0.12,15,3.12,1.14,8.33,1
Nardo,8,6,1,1,19,5,14,19,norway8,0.75,0.25,14,2.38,1.33,4.0,2
Melhus,8,4,3,1,27,16,11,15,norway8,0.5,0.5,11,3.38,2.0,2.0,3
Trygg/Lade,8,4,2,2,21,13,8,14,norway8,0.5,0.5,8,2.62,2.0,2.0,4
Tiller,8,4,2,2,13,11,2,14,norway8,0.5,0.5,2,1.62,2.0,2.0,4
Stabaek B,8,3,2,3,20,11,9,11,norway8,0.38,0.62,9,2.5,2.63,1.61,5
Lillestrom B,8,3,1,4,16,21,-5,10,norway8,0.38,0.62,-5,2.0,2.63,1.61,6
Stromsgodset B,8,3,1,4,21,28,-7,10,norway8,0.38,0.62,-7,2.62,2.63,1.61,6
Surnadal,8,2,2,4,9,19,-10,8,norway8,0.25,0.75,-10,1.12,4.0,1.33,7
Rosenborg B,8,2,1,5,8,14,-6,7,norway8,0.25,0.75,-6,1.0,4.0,1.33,8
Byasen,8,2,1,5,9,25,-16,7,norway8,0.25,0.75,-16,1.12,4.0,1.33,8
Orkla,8,1,1,6,10,27,-17,4,norway8,0.12,0.88,-17,1.25,8.33,1.14,9
Verdal,8,1,1,6,10,28,-18,4,norway8,0.12,0.88,-18,1.25,8.33,1.14,9
Mosjoen,8,1,0,7,6,41,-35,3,norway8,0.12,0.88,-35,0.75,8.33,1.14,10
Lorenskog,8,7,1,0,19,3,16,22,norway9,0.88,0.12,16,2.38,1.14,8.33,1
Traef,8,5,3,0,13,5,8,18,norway9,0.62,0.38,8,1.62,1.61,2.63,2
Bjorkelangen,8,5,0,3,18,13,5,15,norway9,0.62,0.38,5,2.25,1.61,2.63,3
IF Ready,8,4,2,2,17,12,5,14,norway9,0.5,0.5,5,2.12,2.0,2.0,4
Skjetten,8,3,1,4,14,13,1,10,norway9,0.38,0.62,1,1.75,2.63,1.61,5
Lokomotiv Oslo,8,3,1,4,11,13,-2,10,norway9,0.38,0.62,-2,1.38,2.63,1.61,5
Molde B,8,3,1,4,16,19,-3,10,norway9,0.38,0.62,-3,2.0,2.63,1.61,5
Aalesund B,8,2,2,4,18,19,-1,8,norway9,0.25,0.75,-1,2.25,4.0,1.33,6
Kristiansund B,8,2,1,5,8,18,-10,7,norway9,0.25,0.75,-10,1.0,4.0,1.33,7
Funnefoss . V.,8,2,0,6,10,18,-8,6,norway9,0.25,0.75,-8,1.25,4.0,1.33,8
Skedsmo,8,1,3,4,10,20,-10,6,norway9,0.12,0.88,-10,1.25,8.33,1.14,8
Hodd B,8,1,0,7,6,23,-17,3,norway9,0.12,0.88,-17,0.75,8.33,1.14,9
Gjellerasen,8,0,3,5,5,29,-24,3,norway9,0.0,1.0,-24,0.62,0.0,1.0,9
Spjelkavik,8,0,2,6,8,19,-11,2,norway9,0.0,1.0,-11,1.0,0.0,1.0,10
Honefoss,8,8,0,0,31,7,24,24,norway10,1.0,0.0,24,3.88,1.0,0.0,1
Harstad,8,6,2,0,18,7,11,20,norway10,0.75,0.25,11,2.25,1.33,4.0,2
Floya,8,5,2,1,23,11,12,17,norway10,0.62,0.38,12,2.88,1.61,2.63,3
Elverum,8,5,1,2,21,9,12,16,norway10,0.62,0.38,12,2.62,1.61,2.63,4
Skjervoy,8,3,1,4,18,22,-4,10,norway10,0.38,0.62,-4,2.25,2.63,1.61,5
Innstranden,8,3,1,4,5,15,-10,10,norway10,0.38,0.62,-10,0.62,2.63,1.61,5
HamKam B,8,3,0,5,19,22,-3,9,norway10,0.38,0.62,-3,2.38,2.63,1.61,6
Sprint-Jeloy,8,3,0,5,10,20,-10,9,norway10,0.38,0.62,-10,1.25,2.63,1.61,6
Fredrikstad B,8,3,0,5,11,23,-12,9,norway10,0.38,0.62,-12,1.38,2.63,1.61,6
Kongsvinger B,8,2,2,4,16,21,-5,8,norway10,0.25,0.75,-5,2.0,4.0,1.33,7
Fyllingsdalen,8,2,1,5,9,26,-17,7,norway10,0.25,0.75,-17,1.12,4.0,1.33,8
Ulfstind,8,2,0,6,18,21,-3,6,norway10,0.25,0.75,-3,2.25,4.0,1.33,9
Mjolner,8,1,2,5,9,22,-13,5,norway10,0.12,0.88,-13,1.12,8.33,1.14,10
Bodo/Glimt B,8,0,0,8,7,36,-29,0,norway10,0.0,1.0,-29,0.88,0.0,1.0,11
Al Seeb,7,6,1,0,15,4,11,19,oman,0.86,0.14,11,2.14,1.16,7.14,1
Al-Nahda,7,6,1,0,11,2,9,19,oman,0.86,0.14,9,1.57,1.16,7.14,1
Oman Club,6,4,2,0,7,2,5,14,oman,0.67,0.33,5,1.17,1.49,3.03,2
Al-Khabourah,7,4,0,3,6,7,-1,12,oman,0.57,0.43,-1,0.86,1.75,2.33,3
Bahla,7,3,2,2,9,6,3,11,oman,0.43,0.57,3,1.29,2.33,1.75,4
Al Nasr,5,2,1,2,3,2,1,7,oman,0.4,0.6,1,0.6,2.5,1.67,5
Saham,6,2,1,3,8,8,0,7,oman,0.33,0.67,0,1.33,3.03,1.49,5
Ibri,5,2,1,2,4,5,-1,7,oman,0.4,0.6,-1,0.8,2.5,1.67,5
Al-Shabab Club,5,1,0,4,5,5,0,3,oman,0.2,0.8,0,1.0,5.0,1.25,6
Sohar,6,0,3,3,7,12,-5,3,oman,0.0,1.0,-5,1.17,0.0,1.0,6
Sur,6,0,2,4,1,8,-7,2,oman,0.0,1.0,-7,0.17,0.0,1.0,7
Al-Rustaq,5,0,0,5,3,11,-8,0,oman,0.0,1.0,-8,0.6,0.0,1.0,8
Alianza,2,1,1,0,4,3,1,4,panama,0.5,0.5,1,2.0,2.0,2.0,1
San Miguelito,1,1,0,0,1,0,1,3,panama,1.0,0.0,1,1.0,1.0,0.0,2
Costa del Este,2,0,2,0,2,2,0,2,panama,0.0,1.0,0,1.0,0.0,1.0,3
Universitario,1,0,1,0,0,0,0,1,panama,0.0,1.0,0,0.0,0.0,1.0,4
Veraguas,1,0,1,0,0,0,0,1,panama,0.0,1.0,0,0.0,0.0,1.0,4
San Francisco,2,0,1,1,1,2,-1,1,panama,0.0,1.0,-1,0.5,0.0,1.0,4
Independiente,0,0,0,0,0,0,0,0,panama,0.0,0.0,0,0.0,0.0,0.0,5
Plaza Amador,0,0,0,0,0,0,0,0,panama,0.0,0.0,0,0.0,0.0,0.0,5
Tauro,0,0,0,0,0,0,0,0,panama,0.0,0.0,0,0.0,0.0,0.0,5
Arabe Unido,1,0,0,1,1,2,-1,0,panama,0.0,1.0,-1,1.0,0.0,1.0,5
Herrera,1,0,0,1,1,2,-1,0,panama,0.0,1.0,-1,1.0,0.0,1.0,5
UMECIT,1,0,0,1,1,2,-1,0,panama,0.0,1.0,-1,1.0,0.0,1.0,5
Independiente,8,4,2,2,12,9,3,14,panama2,0.5,0.5,3,1.5,2.0,2.0,1
San Miguelito,8,3,3,2,5,4,1,12,panama2,0.38,0.62,1,0.62,2.63,1.61,2
Plaza Amador,8,2,5,1,8,7,1,11,panama2,0.25,0.75,1,1.0,4.0,1.33,3
Veraguas,7,3,1,3,11,12,-1,10,panama2,0.43,0.57,-1,1.57,2.33,1.75,4
Tauro,8,3,1,4,7,10,-3,10,panama2,0.38,0.62,-3,0.88,2.63,1.61,4
Universitario,8,3,1,4,6,9,-3,10,panama2,0.38,0.62,-3,0.75,2.63,1.61,4
Arabe Unido,8,2,3,3,6,5,1,9,panama2,0.25,0.75,1,0.75,4.0,1.33,5
UMECIT,8,2,3,3,6,7,-1,9,panama2,0.25,0.75,-1,0.75,4.0,1.33,5
Alianza,7,2,1,4,7,10,-3,7,panama2,0.29,0.71,-3,1.0,3.45,1.41,6
San Francisco,8,1,3,4,8,11,-3,6,panama2,0.12,0.88,-3,1.0,8.33,1.14,7
Costa del Este,8,0,4,4,3,11,-8,4,panama2,0.0,1.0,-8,0.38,0.0,1.0,8
Herrera,8,0,2,6,5,12,-7,2,panama2,0.0,1.0,-7,0.62,0.0,1.0,9
Libertad,2,1,1,0,5,2,3,4,paraguay,0.5,0.5,3,2.5,2.0,2.0,1
2 de Mayo,1,1,0,0,2,0,2,3,paraguay,1.0,0.0,2,2.0,1.0,0.0,2
S. Ameliano,1,1,0,0,2,1,1,3,paraguay,1.0,0.0,1,2.0,1.0,0.0,2
Guarani,1,1,0,0,1,0,1,3,paraguay,1.0,0.0,1,1.0,1.0,0.0,2
D. Recoleta,1,0,1,0,2,2,0,1,paraguay,0.0,1.0,0,2.0,0.0,1.0,3
S. Trinidense,1,0,1,0,2,2,0,1,paraguay,0.0,1.0,0,2.0,0.0,1.0,3
A. Tembetary,1,0,1,0,1,1,0,1,paraguay,0.0,1.0,0,1.0,0.0,1.0,3
Cerro Porteno,1,0,1,0,1,1,0,1,paraguay,0.0,1.0,0,1.0,0.0,1.0,3
Nacional,1,0,1,0,0,0,0,1,paraguay,0.0,1.0,0,0.0,0.0,1.0,3
G. Caballero,0,0,0,0,0,0,0,0,paraguay,0.0,0.0,0,0.0,0.0,0.0,4
Olimpia,0,0,0,0,0,0,0,0,paraguay,0.0,0.0,0,0.0,0.0,0.0,4
S. Luqueno,0,0,0,0,0,0,0,0,paraguay,0.0,0.0,0,0.0,0.0,0.0,4
Guarani,8,4,3,1,9,5,4,15,paraguay2,0.5,0.5,4,1.12,2.0,2.0,1
S. Ameliano,8,4,2,2,12,5,7,14,paraguay2,0.5,0.5,7,1.5,2.0,2.0,2
Olimpia,8,4,2,2,5,4,1,14,paraguay2,0.5,0.5,1,0.62,2.0,2.0,2
2 de Mayo,8,3,3,2,10,7,3,12,paraguay2,0.38,0.62,3,1.25,2.63,1.61,3
G. Caballero,8,3,2,3,7,6,1,11,paraguay2,0.38,0.62,1,0.88,2.63,1.61,4
Sol de America,8,2,3,3,9,8,1,9,paraguay2,0.25,0.75,1,1.12,4.0,1.33,5
S. Luqueno,8,2,3,3,14,14,0,9,paraguay2,0.25,0.75,0,1.75,4.0,1.33,5
Libertad,8,2,2,4,8,12,-4,8,paraguay2,0.25,0.75,-4,1.0,4.0,1.33,6
Cerro Porteno,8,2,1,5,7,12,-5,7,paraguay2,0.25,0.75,-5,0.88,4.0,1.33,7
Nacional,8,1,3,4,8,10,-2,6,paraguay2,0.12,0.88,-2,1.0,8.33,1.14,8
Tacuary,8,1,2,5,7,12,-5,5,paraguay2,0.12,0.88,-5,0.88,8.33,1.14,9
S. Trinidense,8,0,4,4,5,9,-4,4,paraguay2,0.0,1.0,-4,0.62,0.0,1.0,10
Alianza Lima,8,5,1,2,11,5,6,16,peru2,0.62,0.38,6,1.38,1.61,2.63,1
Atletico Grau,8,4,3,1,9,5,4,15,peru2,0.5,0.5,4,1.12,2.0,2.0,2
Cusco,8,4,2,2,14,13,1,14,peru2,0.5,0.5,1,1.75,2.0,2.0,3
Alianza A.,8,3,3,2,7,9,-2,12,peru2,0.38,0.62,-2,0.88,2.63,1.61,4
Universitario,8,2,4,2,9,6,3,10,peru2,0.25,0.75,3,1.12,4.0,1.33,5
S. Cristal,8,2,3,3,20,12,8,9,peru2,0.25,0.75,8,2.5,4.0,1.33,6
FBC Melgar,8,2,3,3,12,13,-1,9,peru2,0.25,0.75,-1,1.5,4.0,1.33,6
Sport Huancayo,8,2,2,4,8,13,-5,8,peru2,0.25,0.75,-5,1.0,4.0,1.33,7
ADT,8,1,4,3,5,7,-2,7,peru2,0.12,0.88,-2,0.62,8.33,1.14,8
Carlos Manucci,8,2,1,5,10,13,-3,7,peru2,0.25,0.75,-3,1.25,4.0,1.33,8
Cienciano,8,2,1,5,8,18,-10,7,peru2,0.25,0.75,-10,1.0,4.0,1.33,8
D. Garcilaso,8,1,2,5,7,11,-4,5,peru2,0.12,0.88,-4,0.88,8.33,1.14,9
Sport Boys,8,1,2,5,5,13,-8,5,peru2,0.12,0.88,-8,0.62,8.33,1.14,9
Cajamarca,8,0,3,5,3,15,-12,3,peru2,0.0,1.0,-12,0.38,0.0,1.0,10
Los Chankas,8,0,2,6,5,13,-8,2,peru2,0.0,1.0,-8,0.62,0.0,1.0,11
Comerciantes U.,8,0,1,7,5,19,-14,1,peru2,0.0,1.0,-14,0.62,0.0,1.0,12
Union Comercio,8,0,1,7,2,18,-16,1,peru2,0.0,1.0,-16,0.25,0.0,1.0,12
Cesar Vallejo,8,0,0,8,6,20,-14,0,peru2,0.0,1.0,-14,0.75,0.0,1.0,13
DH Cebu,4,3,1,0,13,4,9,10,philippines,0.75,0.25,9,3.25,1.33,4.0,1
One Taguig,4,3,1,0,10,2,8,10,philippines,0.75,0.25,8,2.5,1.33,4.0,1
Manila Digger,3,3,0,0,7,1,6,9,philippines,1.0,0.0,6,2.33,1.0,0.0,2
Stallion,3,3,0,0,7,1,6,9,philippines,1.0,0.0,6,2.33,1.0,0.0,2
Davao Aguilas,4,3,0,1,8,3,5,9,philippines,0.75,0.25,5,2.0,1.33,4.0,2
Kaya FC,3,2,1,0,7,2,5,7,philippines,0.67,0.33,5,2.33,1.49,3.03,3
Loyola,4,2,0,2,8,9,-1,6,philippines,0.5,0.5,-1,2.0,2.0,2.0,4
Maharlika,3,1,0,2,5,6,-1,3,philippines,0.33,0.67,-1,1.67,3.03,1.49,5
PFF Development,5,0,1,4,0,12,-12,1,philippines,0.0,1.0,-12,0.0,0.0,1.0,6
Mendiola,5,0,1,4,5,25,-20,1,philippines,0.0,1.0,-20,1.0,0.0,1.0,6
Rakow C.,8,5,3,0,11,5,6,18,poland,0.62,0.38,6,1.38,1.61,2.63,1
Cracovia Krakow,8,5,1,2,17,11,6,16,poland,0.62,0.38,6,2.12,1.61,2.63,2
Gornik Zabrze,8,4,2,2,14,10,4,14,poland,0.5,0.5,4,1.75,2.0,2.0,3
Lech Poznan,8,4,2,2,9,6,3,14,poland,0.5,0.5,3,1.12,2.0,2.0,3
Jagiellonia,8,4,2,2,11,11,0,14,poland,0.5,0.5,0,1.38,2.0,2.0,3
Motor Lublin,8,3,2,3,13,18,-5,11,poland,0.38,0.62,-5,1.62,2.63,1.61,4
Legia Warsaw,8,2,4,2,13,12,1,10,poland,0.25,0.75,1,1.62,4.0,1.33,5
Piast Gliwice,8,3,1,4,6,7,-1,10,poland,0.38,0.62,-1,0.75,2.63,1.61,5
Korona Kielce,8,2,4,2,7,11,-4,10,poland,0.25,0.75,-4,0.88,4.0,1.33,5
Katowice,8,2,2,4,14,16,-2,8,poland,0.25,0.75,-2,1.75,4.0,1.33,6
Widzew Lodz,8,2,2,4,11,14,-3,8,poland,0.25,0.75,-3,1.38,4.0,1.33,6
Radomiak Radom,8,2,0,6,7,13,-6,6,poland,0.25,0.75,-6,0.88,4.0,1.33,7
Zaglebie Lubin,8,1,3,4,6,14,-8,6,poland,0.12,0.88,-8,0.75,8.33,1.14,7
Puszcza Niepolo,8,1,2,5,3,10,-7,5,poland,0.12,0.88,-7,0.38,8.33,1.14,8
Lechia Gdansk,8,1,2,5,11,19,-8,5,poland,0.12,0.88,-8,1.38,8.33,1.14,8
Pogon Szczecin,8,1,1,6,7,13,-6,4,poland,0.12,0.88,-6,0.88,8.33,1.14,9
Stal Mielec,8,1,1,6,7,13,-6,4,poland,0.12,0.88,-6,0.88,8.33,1.14,9
Slask Wroclaw,8,0,3,5,6,14,-8,3,poland,0.0,1.0,-8,0.75,0.0,1.0,10
T. Nieciecza,8,7,0,1,15,4,11,21,poland2,0.88,0.12,11,1.88,1.14,8.33,1
Arka Gdynia,8,5,2,1,18,6,12,17,poland2,0.62,0.38,12,2.25,1.61,2.63,2
Miedz Legnica,8,5,2,1,13,5,8,17,poland2,0.62,0.38,8,1.62,1.61,2.63,2
LKS Lodz,8,4,2,2,17,11,6,14,poland2,0.5,0.5,6,2.12,2.0,2.0,3
Wisla Krakow,8,4,1,3,16,10,6,13,poland2,0.5,0.5,6,2.0,2.0,2.0,4
Gornik Leczna,8,3,4,1,15,11,4,13,poland2,0.38,0.62,4,1.88,2.63,1.61,4
Ruch Chorzow,8,4,0,4,9,11,-2,12,poland2,0.5,0.5,-2,1.12,2.0,2.0,5
Wisla Plock,8,3,2,3,12,14,-2,11,poland2,0.38,0.62,-2,1.5,2.63,1.61,6
Stal Rzeszow,8,2,4,2,12,10,2,10,poland2,0.25,0.75,2,1.5,4.0,1.33,7
Tychy,8,2,4,2,8,10,-2,10,poland2,0.25,0.75,-2,1.0,4.0,1.33,7
Odra Opole,8,2,3,3,7,19,-12,9,poland2,0.25,0.75,-12,0.88,4.0,1.33,8
Polonia Warszaw,8,2,2,4,10,14,-4,8,poland2,0.25,0.75,-4,1.25,4.0,1.33,9
Znicz Pruszkow,8,1,5,2,7,11,-4,8,poland2,0.12,0.88,-4,0.88,8.33,1.14,9
Warta Poznan,8,2,2,4,4,13,-9,8,poland2,0.25,0.75,-9,0.5,4.0,1.33,9
Stalowa Wola,8,1,2,5,3,13,-10,5,poland2,0.12,0.88,-10,0.38,8.33,1.14,10
Chrobry Glogow,8,1,1,6,6,18,-12,4,poland2,0.12,0.88,-12,0.75,8.33,1.14,11
K. Kolobrzeg,8,1,1,6,6,20,-14,4,poland2,0.12,0.88,-14,0.75,8.33,1.14,11
Pogon Siedlce,8,1,0,7,6,14,-8,3,poland2,0.12,0.88,-8,0.75,8.33,1.14,12
Pogon Grodzisk,8,6,2,0,18,5,13,20,poland3,0.75,0.25,13,2.25,1.33,4.0,1
Wieczysta K.,8,6,1,1,20,5,15,19,poland3,0.75,0.25,15,2.5,1.33,4.0,2
Polonia Bytom,8,4,2,2,13,10,3,14,poland3,0.5,0.5,3,1.62,2.0,2.0,3
LKS Lodz B,8,4,1,3,11,12,-1,13,poland3,0.5,0.5,-1,1.38,2.0,2.0,4
Podbeskidzie,8,3,2,3,14,12,2,11,poland3,0.38,0.62,2,1.75,2.63,1.61,5
Rekord Bielsko,8,3,2,3,18,18,0,11,poland3,0.38,0.62,0,2.25,2.63,1.61,5
Chojniczanka,8,3,2,3,7,8,-1,11,poland3,0.38,0.62,-1,0.88,2.63,1.61,5
Kalisz,8,3,2,3,5,7,-2,11,poland3,0.38,0.62,-2,0.62,2.63,1.61,5
Z. Sosnowiec,8,2,3,3,7,9,-2,9,poland3,0.25,0.75,-2,0.88,4.0,1.33,6
Hutnik Krakow,8,2,3,3,9,17,-8,9,poland3,0.25,0.75,-8,1.12,4.0,1.33,6
Jastrzebie,8,2,2,4,7,8,-1,8,poland3,0.25,0.75,-1,0.88,4.0,1.33,7
O. Grudziadz,8,2,2,4,10,12,-2,8,poland3,0.25,0.75,-2,1.25,4.0,1.33,7
Resovia Rzeszow,8,2,1,5,10,15,-5,7,poland3,0.25,0.75,-5,1.25,4.0,1.33,8
Swit Skolwin,8,1,3,4,7,14,-7,6,poland3,0.12,0.88,-7,0.88,8.33,1.14,9
Wisla Pulawy,8,2,0,6,10,21,-11,6,poland3,0.25,0.75,-11,1.25,4.0,1.33,9
SKRA Czestochow,8,1,1,6,5,18,-13,4,poland3,0.12,0.88,-13,0.62,8.33,1.14,10
Zaglebie L. B,8,0,3,5,11,19,-8,3,poland3,0.0,1.0,-8,1.38,0.0,1.0,11
Olimpia Elblag,8,0,1,7,6,22,-16,1,poland3,0.0,1.0,-16,0.75,0.0,1.0,12
Sporting Braga,8,6,1,1,12,4,8,19,portugal,0.75,0.25,8,1.5,1.33,4.0,1
Sporting CP,8,5,2,1,21,8,13,17,portugal,0.62,0.38,13,2.62,1.61,2.63,2
Benfica,8,4,2,2,12,7,5,14,portugal,0.5,0.5,5,1.5,2.0,2.0,3
Casa Pia,8,4,2,2,11,10,1,14,portugal,0.5,0.5,1,1.38,2.0,2.0,3
FC Porto,8,3,1,4,14,12,2,10,portugal,0.38,0.62,2,1.75,2.63,1.61,4
Santa Clara,8,3,1,4,7,10,-3,10,portugal,0.38,0.62,-3,0.88,2.63,1.61,4
Estoril,8,2,3,3,11,16,-5,9,portugal,0.25,0.75,-5,1.38,4.0,1.33,5
Farense,8,1,5,2,5,7,-2,8,portugal,0.12,0.88,-2,0.62,8.33,1.14,6
Arouca,8,2,2,4,9,16,-7,8,portugal,0.25,0.75,-7,1.12,4.0,1.33,6
Guimaraes,8,1,4,3,9,10,-1,7,portugal,0.12,0.88,-1,1.12,8.33,1.14,7
Famalicao,8,1,4,3,10,15,-5,7,portugal,0.12,0.88,-5,1.25,8.33,1.14,7
Rio Ave,8,2,1,5,5,14,-9,7,portugal,0.25,0.75,-9,0.62,4.0,1.33,7
Boavista,8,1,3,4,8,16,-8,6,portugal,0.12,0.88,-8,1.0,8.33,1.14,8
AVS,8,0,5,3,5,11,-6,5,portugal,0.0,1.0,-6,0.62,0.0,1.0,9
Gil Vicente,8,1,2,5,7,17,-10,5,portugal,0.12,0.88,-10,0.88,8.33,1.14,9
Moreirense,8,1,1,6,8,13,-5,4,portugal,0.12,0.88,-5,1.0,8.33,1.14,10
Nacional,8,0,2,6,4,12,-8,2,portugal,0.0,1.0,-8,0.5,0.0,1.0,11
Estrela Amadora,8,0,2,6,2,14,-12,2,portugal,0.0,1.0,-12,0.25,0.0,1.0,11
Penafiel,8,5,2,1,13,9,4,17,portugal2,0.62,0.38,4,1.62,1.61,2.63,1
Tondela,8,3,5,0,16,8,8,14,portugal2,0.38,0.62,8,2.0,2.63,1.61,2
Chaves,8,4,2,2,10,7,3,14,portugal2,0.5,0.5,3,1.25,2.0,2.0,2
Alverca,8,4,1,3,12,8,4,13,portugal2,0.5,0.5,4,1.5,2.0,2.0,3
Benfica B,8,3,4,1,12,8,4,13,portugal2,0.38,0.62,4,1.5,2.63,1.61,3
Uniao de Leiria,8,4,0,4,14,8,6,12,portugal2,0.5,0.5,6,1.75,2.0,2.0,4
Torreense,8,3,3,2,11,8,3,12,portugal2,0.38,0.62,3,1.38,2.63,1.61,4
Felgueiras,8,3,2,3,14,11,3,11,portugal2,0.38,0.62,3,1.75,2.63,1.61,5
Maritimo,8,3,2,3,12,10,2,11,portugal2,0.38,0.62,2,1.5,2.63,1.61,5
Portimonense,8,3,1,4,8,11,-3,10,portugal2,0.38,0.62,-3,1.0,2.63,1.61,6
Pacos Ferreira,8,2,2,4,10,12,-2,8,portugal2,0.25,0.75,-2,1.25,4.0,1.33,7
Vizela,8,1,5,2,7,9,-2,8,portugal2,0.12,0.88,-2,0.88,8.33,1.14,7
Academico Viseu,8,2,2,4,10,14,-4,8,portugal2,0.25,0.75,-4,1.25,4.0,1.33,7
Oliveirense,8,1,3,4,6,12,-6,6,portugal2,0.12,0.88,-6,0.75,8.33,1.14,8
Mafra,8,1,2,5,8,12,-4,5,portugal2,0.12,0.88,-4,1.0,8.33,1.14,9
Feirense,8,0,4,4,1,5,-4,4,portugal2,0.0,1.0,-4,0.12,0.0,1.0,10
Leixoes,8,1,1,6,4,14,-10,4,portugal2,0.12,0.88,-10,0.5,8.33,1.14,10
FC Porto B,8,0,2,6,6,15,-9,2,portugal2,0.0,1.0,-9,0.75,0.0,1.0,11
Al Duhail,7,5,1,1,21,5,16,16,qatar,0.71,0.29,16,3.0,1.41,3.45,1
Al Ahli Doha,7,4,2,1,13,8,5,14,qatar,0.57,0.43,5,1.86,1.75,2.33,2
Al Sadd,6,3,1,2,17,12,5,10,qatar,0.5,0.5,5,2.83,2.0,2.0,3
Al Shamal,7,3,1,3,10,9,1,10,qatar,0.43,0.57,1,1.43,2.33,1.75,3
Qatar SC,6,3,1,2,8,11,-3,10,qatar,0.5,0.5,-3,1.33,2.0,2.0,3
Al Gharafa,7,2,3,2,12,11,1,9,qatar,0.29,0.71,1,1.71,3.45,1.41,4
Al Rayyan,7,3,0,4,13,14,-1,9,qatar,0.43,0.57,-1,1.86,2.33,1.75,4
Al Wakrah,6,2,1,3,9,12,-3,7,qatar,0.33,0.67,-3,1.5,3.03,1.49,5
Umm Salal,7,2,0,5,8,15,-7,6,qatar,0.29,0.71,-7,1.14,3.45,1.41,6
Al Khor,7,1,2,4,7,12,-5,5,qatar,0.14,0.86,-5,1.0,7.14,1.16,7
Al Shahaniya,7,1,1,5,11,18,-7,4,qatar,0.14,0.86,-7,1.57,7.14,1.16,8
Al Arabi,6,0,2,4,9,20,-11,2,qatar,0.0,1.0,-11,1.5,0.0,1.0,9
FCSB,8,5,2,1,13,5,8,17,romania,0.62,0.38,8,1.62,1.61,2.63,1
CFR Cluj,8,3,4,1,9,6,3,13,romania,0.38,0.62,3,1.12,2.63,1.61,2
Din. Bucharest,8,3,4,1,8,5,3,13,romania,0.38,0.62,3,1.0,2.63,1.61,2
U. Cluj,8,3,3,2,9,6,3,12,romania,0.38,0.62,3,1.12,2.63,1.61,3
Petrolul,8,2,4,2,8,10,-2,10,romania,0.25,0.75,-2,1.0,4.0,1.33,4
Rapid Bucharest,8,2,4,2,6,8,-2,10,romania,0.25,0.75,-2,0.75,4.0,1.33,4
Hermannstadt,8,3,1,4,9,14,-5,10,romania,0.38,0.62,-5,1.12,2.63,1.61,4
Univ. Craiova,8,2,3,3,9,10,-1,9,romania,0.25,0.75,-1,1.12,4.0,1.33,5
Sepsi OSK,8,2,2,4,14,14,0,8,romania,0.25,0.75,0,1.75,4.0,1.33,6
UTA Arad,8,2,2,4,6,9,-3,8,romania,0.25,0.75,-3,0.75,4.0,1.33,6
Farul Constanta,8,1,4,3,5,12,-7,7,romania,0.12,0.88,-7,0.62,8.33,1.14,7
Unirea Slobozia,8,2,0,6,7,16,-9,6,romania,0.25,0.75,-9,0.88,4.0,1.33,8
Otelul,8,1,2,5,4,10,-6,5,romania,0.12,0.88,-6,0.5,8.33,1.14,9
Botosani,8,0,3,5,4,13,-9,3,romania,0.0,1.0,-9,0.5,0.0,1.0,10
P. Iasi,8,0,2,6,6,18,-12,2,romania,0.0,1.0,-12,0.75,0.0,1.0,11
FC Buzau,8,0,1,7,8,20,-12,1,romania,0.0,1.0,-12,1.0,0.0,1.0,12
Zenit,8,6,1,1,17,4,13,19,russia,0.75,0.25,13,2.12,1.33,4.0,1
CSKA Moscow,8,6,1,1,13,5,8,19,russia,0.75,0.25,8,1.62,1.33,4.0,1
FC Krasnodar,8,5,3,0,17,6,11,18,russia,0.62,0.38,11,2.12,1.61,2.63,2
Lokomotiv M.,8,4,2,2,16,11,5,14,russia,0.5,0.5,5,2.0,2.0,2.0,3
Spartak Moscow,8,4,2,2,12,7,5,14,russia,0.5,0.5,5,1.5,2.0,2.0,3
Dinamo Moscow,8,3,4,1,15,10,5,13,russia,0.38,0.62,5,1.88,2.63,1.61,4
Rubin Kazan,8,3,3,2,10,9,1,12,russia,0.38,0.62,1,1.25,2.63,1.61,5
Akron,8,2,3,3,7,15,-8,9,russia,0.25,0.75,-8,0.88,4.0,1.33,6
Krylya Sovetov,8,2,2,4,9,12,-3,8,russia,0.25,0.75,-3,1.12,4.0,1.33,7
Rostov,8,2,2,4,9,17,-8,8,russia,0.25,0.75,-8,1.12,4.0,1.33,7
Nizhny Novgorod,8,2,2,4,8,16,-8,8,russia,0.25,0.75,-8,1.0,4.0,1.33,7
Makhachkala,8,1,4,3,3,7,-4,7,russia,0.12,0.88,-4,0.38,8.33,1.14,8
Khimki,8,1,3,4,9,19,-10,6,russia,0.12,0.88,-10,1.12,8.33,1.14,9
Akhmat Grozny,8,1,2,5,6,14,-8,5,russia,0.12,0.88,-8,0.75,8.33,1.14,10
Fakel Voronezh,8,1,2,5,6,16,-10,5,russia,0.12,0.88,-10,0.75,8.33,1.14,10
Orenburg,8,0,1,7,3,13,-10,1,russia,0.0,1.0,-10,0.38,0.0,1.0,11
Baltika,8,6,0,2,12,7,5,18,russia2,0.75,0.25,5,1.5,1.33,4.0,1
Chernomorets,8,5,1,2,13,11,2,16,russia2,0.62,0.38,2,1.62,1.61,2.63,2
Torpedo Moscow,8,3,5,0,12,7,5,14,russia2,0.38,0.62,5,1.5,2.63,1.61,3
Rotor Volgograd,8,3,3,2,8,8,0,12,russia2,0.38,0.62,0,1.0,2.63,1.61,4
PFC Sochi,8,2,5,1,11,10,1,11,russia2,0.25,0.75,1,1.38,4.0,1.33,5
Ural,8,3,2,3,10,10,0,11,russia2,0.38,0.62,0,1.25,2.63,1.61,5
Shinnik,8,1,5,2,5,8,-3,8,russia2,0.12,0.88,-3,0.62,8.33,1.14,6
Chayka,8,2,2,4,4,12,-8,8,russia2,0.25,0.75,-8,0.5,4.0,1.33,6
SKA Khabarovsk,8,1,4,3,7,12,-5,7,russia2,0.12,0.88,-5,0.88,8.33,1.14,7
Neftekhimik,8,1,3,4,6,8,-2,6,russia2,0.12,0.88,-2,0.75,8.33,1.14,8
Arsenal Tula,8,0,6,2,7,10,-3,6,russia2,0.0,1.0,-3,0.88,0.0,1.0,8
Rodina Moskva,8,1,3,4,6,10,-4,6,russia2,0.12,0.88,-4,0.75,8.33,1.14,8
A. Vladikavkaz,8,1,3,4,2,10,-8,6,russia2,0.12,0.88,-8,0.25,8.33,1.14,8
Kamaz,8,1,2,5,5,9,-4,5,russia2,0.12,0.88,-4,0.62,8.33,1.14,9
Ufa,8,1,2,5,5,12,-7,5,russia2,0.12,0.88,-7,0.62,8.33,1.14,9
Sokol Saratov,8,1,2,5,4,17,-13,5,russia2,0.12,0.88,-13,0.5,8.33,1.14,9
Yenisey,8,1,1,6,7,17,-10,4,russia2,0.12,0.88,-10,0.88,8.33,1.14,10
Tyumen,8,1,0,7,5,15,-10,3,russia2,0.12,0.88,-10,0.62,8.33,1.14,11
Al Nassr,8,5,2,1,18,9,9,17,saudiarabia,0.62,0.38,9,2.25,1.61,2.63,1
Al Hilal,8,5,1,2,20,10,10,16,saudiarabia,0.62,0.38,10,2.5,1.61,2.63,2
Al Quadisiya,8,5,1,2,14,6,8,16,saudiarabia,0.62,0.38,8,1.75,1.61,2.63,2
Al Ittihad,8,5,1,2,13,7,6,16,saudiarabia,0.62,0.38,6,1.62,1.61,2.63,2
Al Ahli Jeddah,8,4,1,3,11,7,4,13,saudiarabia,0.5,0.5,4,1.38,2.0,2.0,3
Al Shabab,8,4,1,3,11,7,4,13,saudiarabia,0.5,0.5,4,1.38,2.0,2.0,3
Al Ittifaq,8,3,4,1,12,9,3,13,saudiarabia,0.38,0.62,3,1.5,2.63,1.61,3
Al Khaleej,8,4,1,3,11,12,-1,13,saudiarabia,0.5,0.5,-1,1.38,2.0,2.0,3
Al Riyadh,8,4,1,3,9,13,-4,13,saudiarabia,0.5,0.5,-4,1.12,2.0,2.0,3
Al Kholood,8,3,2,3,9,9,0,11,saudiarabia,0.38,0.62,0,1.12,2.63,1.61,4
Al Akhdoud,8,3,1,4,12,13,-1,10,saudiarabia,0.38,0.62,-1,1.5,2.63,1.61,5
Al Orubah,8,2,2,4,8,18,-10,8,saudiarabia,0.25,0.75,-10,1.0,4.0,1.33,6
Al Taawon,8,2,1,5,7,9,-2,7,saudiarabia,0.25,0.75,-2,0.88,4.0,1.33,7
Al Feiha,8,1,4,3,8,13,-5,7,saudiarabia,0.12,0.88,-5,1.0,8.33,1.14,7
Damak,8,2,0,6,11,16,-5,6,saudiarabia,0.25,0.75,-5,1.38,4.0,1.33,8
Al Raed,8,2,0,6,11,17,-6,6,saudiarabia,0.25,0.75,-6,1.38,4.0,1.33,8
Al Wahda,7,1,1,5,7,20,-13,4,saudiarabia,0.14,0.86,-13,1.0,7.14,1.16,9
Al Fateh,8,0,1,7,4,24,-20,1,saudiarabia,0.0,1.0,-20,0.5,0.0,1.0,10
Neom SC,8,5,0,3,13,10,3,15,saudiarabia2,0.62,0.38,3,1.62,1.61,2.63,1
Al Bukayriyah,8,4,1,3,12,6,6,13,saudiarabia2,0.5,0.5,6,1.5,2.0,2.0,2
Al Tai,8,3,4,1,10,8,2,13,saudiarabia2,0.38,0.62,2,1.25,2.63,1.61,2
Al Adalha,8,3,3,2,13,11,2,12,saudiarabia2,0.38,0.62,2,1.62,2.63,1.61,3
Al Najma,8,3,2,3,10,11,-1,11,saudiarabia2,0.38,0.62,-1,1.25,2.63,1.61,4
Al Jabalain,8,2,4,2,9,9,0,10,saudiarabia2,0.25,0.75,0,1.12,4.0,1.33,5
Al Jubail,8,3,1,4,7,8,-1,10,saudiarabia2,0.38,0.62,-1,0.88,2.63,1.61,5
Al Hazm,8,3,1,4,12,14,-2,10,saudiarabia2,0.38,0.62,-2,1.5,2.63,1.61,5
Al Arabi,8,3,1,4,11,14,-3,10,saudiarabia2,0.38,0.62,-3,1.38,2.63,1.61,5
Jeddah,8,2,3,3,7,11,-4,9,saudiarabia2,0.25,0.75,-4,0.88,4.0,1.33,6
Al Safa,8,2,2,4,8,12,-4,8,saudiarabia2,0.25,0.75,-4,1.0,4.0,1.33,7
Al Jandal,8,2,1,5,6,12,-6,7,saudiarabia2,0.25,0.75,-6,0.75,4.0,1.33,8
Al Faisaly,8,1,2,5,10,16,-6,5,saudiarabia2,0.12,0.88,-6,1.25,8.33,1.14,9
Al Ain,8,1,2,5,4,10,-6,5,saudiarabia2,0.12,0.88,-6,0.5,8.33,1.14,9
Al Zulfi,8,0,4,4,5,10,-5,4,saudiarabia2,0.0,1.0,-5,0.62,0.0,1.0,10
Ohod,8,1,1,6,3,10,-7,4,saudiarabia2,0.12,0.88,-7,0.38,8.33,1.14,10
Abha,8,1,1,6,7,19,-12,4,saudiarabia2,0.12,0.88,-12,0.88,8.33,1.14,10
Al Batin,8,0,3,5,6,19,-13,3,saudiarabia2,0.0,1.0,-13,0.75,0.0,1.0,11
Celtic,8,5,2,1,17,8,9,17,scotland,0.62,0.38,9,2.12,1.61,2.63,1
Rangers,8,3,3,2,15,11,4,12,scotland,0.38,0.62,4,1.88,2.63,1.61,2
Hibernian,8,3,3,2,11,11,0,12,scotland,0.38,0.62,0,1.38,2.63,1.61,2
St. Mirren,8,4,0,4,11,13,-2,12,scotland,0.5,0.5,-2,1.38,2.0,2.0,2
Dundee Utd,8,3,2,3,10,11,-1,11,scotland,0.38,0.62,-1,1.25,2.63,1.61,3
Dundee FC,8,3,1,4,8,12,-4,10,scotland,0.38,0.62,-4,1.0,2.63,1.61,4
Ross County,8,3,1,4,7,15,-8,10,scotland,0.38,0.62,-8,0.88,2.63,1.61,4
Hearts,8,2,3,3,8,9,-1,9,scotland,0.25,0.75,-1,1.0,4.0,1.33,5
Kilmarnock,8,1,2,5,8,17,-9,5,scotland,0.12,0.88,-9,1.0,8.33,1.14,6
St. Johnstone,8,1,1,6,7,18,-11,4,scotland,0.12,0.88,-11,0.88,8.33,1.14,7
Motherwell,8,1,1,6,5,16,-11,4,scotland,0.12,0.88,-11,0.62,8.33,1.14,7
Aberdeen,8,0,3,5,7,18,-11,3,scotland,0.0,1.0,-11,0.88,0.0,1.0,8
Partick Thistle,8,4,0,4,8,8,0,12,scotland2,0.5,0.5,0,1.0,2.0,2.0,1
Falkirk,8,3,2,3,12,12,0,11,scotland2,0.38,0.62,0,1.5,2.63,1.61,2
Livingston,8,3,2,3,9,9,0,11,scotland2,0.38,0.62,0,1.12,2.63,1.61,2
Ayr Utd,8,3,2,3,6,7,-1,11,scotland2,0.38,0.62,-1,0.75,2.63,1.61,2
Queens Park,8,2,3,3,9,10,-1,9,scotland2,0.25,0.75,-1,1.12,4.0,1.33,3
Greenock Morton,8,2,3,3,7,15,-8,9,scotland2,0.25,0.75,-8,0.88,4.0,1.33,3
Raith Rovers,8,2,1,5,7,14,-7,7,scotland2,0.25,0.75,-7,0.88,4.0,1.33,4
Dunfermline,8,1,1,6,7,14,-7,4,scotland2,0.12,0.88,-7,0.88,8.33,1.14,5
Hamilton,8,1,1,6,10,19,-9,4,scotland2,0.12,0.88,-9,1.25,8.33,1.14,5
Airdrieonians,8,0,0,8,5,15,-10,0,scotland2,0.0,1.0,-10,0.62,0.0,1.0,6
Cove Rangers,8,5,1,2,17,5,12,16,scotland3,0.62,0.38,12,2.12,1.61,2.63,1
Inverness,8,5,0,3,14,11,3,15,scotland3,0.62,0.38,3,1.75,1.61,2.63,2
Arbroath,8,4,2,2,17,10,7,14,scotland3,0.5,0.5,7,2.12,2.0,2.0,3
Stenhousemuir,8,3,3,2,11,6,5,12,scotland3,0.38,0.62,5,1.38,2.63,1.61,4
Alloa Athletic,8,3,3,2,9,7,2,12,scotland3,0.38,0.62,2,1.12,2.63,1.61,4
Montrose,8,3,1,4,7,9,-2,10,scotland3,0.38,0.62,-2,0.88,2.63,1.61,5
Kelty Hearts,8,2,3,3,9,7,2,9,scotland3,0.25,0.75,2,1.12,4.0,1.33,6
Dumbarton,8,2,1,5,8,17,-9,7,scotland3,0.25,0.75,-9,1.0,4.0,1.33,7
Annan Athletic,8,1,2,5,8,16,-8,5,scotland3,0.12,0.88,-8,1.0,8.33,1.14,8
Queen of South,8,0,2,6,3,11,-8,2,scotland3,0.0,1.0,-8,0.38,0.0,1.0,9
Stranraer,8,4,1,3,10,9,1,13,scotland4,0.5,0.5,1,1.25,2.0,2.0,1
East Fife,8,3,2,3,10,9,1,11,scotland4,0.38,0.62,1,1.25,2.63,1.61,2
Edinburgh City,8,3,2,3,12,12,0,11,scotland4,0.38,0.62,0,1.5,2.63,1.61,2
Elgin City,8,2,3,3,6,7,-1,9,scotland4,0.25,0.75,-1,0.75,4.0,1.33,3
Stirling Albion,8,2,2,4,12,15,-3,8,scotland4,0.25,0.75,-3,1.5,4.0,1.33,4
Peterhead,8,2,2,4,7,11,-4,8,scotland4,0.25,0.75,-4,0.88,4.0,1.33,4
Bonnyrigg Rose,8,2,1,5,7,20,-13,7,scotland4,0.25,0.75,-13,0.88,4.0,1.33,5
Spartans,8,1,3,4,9,14,-5,6,scotland4,0.12,0.88,-5,1.12,8.33,1.14,6
Forfar Athletic,8,1,0,7,4,12,-8,3,scotland4,0.12,0.88,-8,0.5,8.33,1.14,7
Clyde,8,0,2,6,9,22,-13,2,scotland4,0.0,1.0,-13,1.12,0.0,1.0,8
Red Star,8,8,0,0,27,3,24,24,serbia,1.0,0.0,24,3.38,1.0,0.0,1
Partizan,8,5,1,2,14,10,4,16,serbia,0.62,0.38,4,1.75,1.61,2.63,2
OFK Beograd,8,5,1,2,9,6,3,16,serbia,0.62,0.38,3,1.12,1.61,2.63,2
Vojvodina,8,4,3,1,17,7,10,15,serbia,0.5,0.5,10,2.12,2.0,2.0,3
Mladost Lucani,8,4,3,1,9,6,3,15,serbia,0.5,0.5,3,1.12,2.0,2.0,3
Backa Topola,8,3,3,2,14,11,3,12,serbia,0.38,0.62,3,1.75,2.63,1.61,4
Radnicki 1923,8,3,2,3,14,11,3,11,serbia,0.38,0.62,3,1.75,2.63,1.61,5
Novi Pazar,8,3,2,3,11,12,-1,11,serbia,0.38,0.62,-1,1.38,2.63,1.61,5
Z. Pancevo,8,3,1,4,8,10,-2,10,serbia,0.38,0.62,-2,1.0,2.63,1.61,6
Napredak,8,2,3,3,6,7,-1,9,serbia,0.25,0.75,-1,0.75,4.0,1.33,7
IMT N. Beograd,8,2,1,5,12,16,-4,7,serbia,0.25,0.75,-4,1.5,4.0,1.33,8
Cukaricki,8,1,4,3,11,17,-6,7,serbia,0.12,0.88,-6,1.38,8.33,1.14,8
Radnicki Nis,8,2,1,5,13,21,-8,7,serbia,0.25,0.75,-8,1.62,4.0,1.33,8
S. Subotica,8,1,2,5,5,13,-8,5,serbia,0.12,0.88,-8,0.62,8.33,1.14,9
Tekstilac Odzac,8,0,1,7,1,19,-18,1,serbia,0.0,1.0,-18,0.12,0.0,1.0,10
Jedinstvo U.,8,0,1,7,4,23,-19,1,serbia,0.0,1.0,-19,0.5,0.0,1.0,10
Javor Ivanjica,8,4,3,1,10,5,5,15,serbia2,0.5,0.5,5,1.25,2.0,2.0,1
R. Surdulica,8,3,3,2,7,4,3,12,serbia2,0.38,0.62,3,0.88,2.63,1.61,2
Vrsac,8,3,3,2,10,10,0,12,serbia2,0.38,0.62,0,1.25,2.63,1.61,2
Vozdovac,8,4,0,4,8,9,-1,12,serbia2,0.5,0.5,-1,1.0,2.0,2.0,2
Mladost,8,2,5,1,7,5,2,11,serbia2,0.25,0.75,2,0.88,4.0,1.33,3
Dubocica,8,2,4,2,10,9,1,10,serbia2,0.25,0.75,1,1.25,4.0,1.33,4
Trajal Krusevac,8,3,1,4,9,9,0,10,serbia2,0.38,0.62,0,1.12,2.63,1.61,4
Macva Sabac,8,3,1,4,6,8,-2,10,serbia2,0.38,0.62,-2,0.75,2.63,1.61,4
Indija,8,2,3,3,6,10,-4,9,serbia2,0.25,0.75,-4,0.75,4.0,1.33,5
Zemun,8,1,5,2,10,9,1,8,serbia2,0.12,0.88,1,1.25,8.33,1.14,6
Borac Cacak,8,1,3,4,4,14,-10,6,serbia2,0.12,0.88,-10,0.5,8.33,1.14,7
Smederevo,8,2,0,6,3,14,-11,6,serbia2,0.25,0.75,-11,0.38,4.0,1.33,7
S. Mitrovica,8,0,5,3,2,8,-6,5,serbia2,0.0,1.0,-6,0.25,0.0,1.0,8
Sloboda Uzice,8,1,1,6,5,11,-6,4,serbia2,0.12,0.88,-6,0.62,8.33,1.14,9
Graficar,8,0,2,6,5,16,-11,2,serbia2,0.0,1.0,-11,0.62,0.0,1.0,10
Sloven Ruma,8,0,2,6,3,16,-13,2,serbia2,0.0,1.0,-13,0.38,0.0,1.0,10
Geylang,8,6,2,0,29,9,20,20,singapore,0.75,0.25,20,3.62,1.33,4.0,1
Lion City,8,5,2,1,26,11,15,17,singapore,0.62,0.38,15,3.25,1.61,2.63,2
Tampines Rovers,8,5,2,1,22,8,14,17,singapore,0.62,0.38,14,2.75,1.61,2.63,2
Young Lions,8,4,2,2,17,14,3,14,singapore,0.5,0.5,3,2.12,2.0,2.0,3
A. Niigata (S),8,3,1,4,9,18,-9,10,singapore,0.38,0.62,-9,1.12,2.63,1.61,4
Khalsa,8,2,2,4,23,24,-1,8,singapore,0.25,0.75,-1,2.88,4.0,1.33,5
Hougang,8,2,2,4,14,22,-8,8,singapore,0.25,0.75,-8,1.75,4.0,1.33,5
DPMM FC,8,2,1,5,13,22,-9,7,singapore,0.25,0.75,-9,1.62,4.0,1.33,6
Tanjong Pagar,8,0,2,6,9,32,-23,2,singapore,0.0,1.0,-23,1.12,0.0,1.0,7
S. Bratislava,8,6,1,1,17,9,8,19,slovakia,0.75,0.25,8,2.12,1.33,4.0,1
Spartak Trnava,8,5,2,1,15,8,7,17,slovakia,0.62,0.38,7,1.88,1.61,2.63,2
Zilina,8,4,3,1,15,5,10,15,slovakia,0.5,0.5,10,1.88,2.0,2.0,3
DAC Streda,8,4,2,2,12,5,7,14,slovakia,0.5,0.5,7,1.5,2.0,2.0,4
Podbrezova,8,3,2,3,9,12,-3,11,slovakia,0.38,0.62,-3,1.12,2.63,1.61,5
Komarno,8,3,1,4,10,17,-7,10,slovakia,0.38,0.62,-7,1.25,2.63,1.61,6
FC Kosice,8,2,3,3,10,10,0,9,slovakia,0.25,0.75,0,1.25,4.0,1.33,7
Z. Michalovce,8,2,2,4,9,14,-5,8,slovakia,0.25,0.75,-5,1.12,4.0,1.33,8
Ruzomberok,8,1,1,6,8,16,-8,4,slovakia,0.12,0.88,-8,1.0,8.33,1.14,9
Trencin,8,0,4,4,8,18,-10,4,slovakia,0.0,1.0,-10,1.0,0.0,1.0,9
Skalica,8,1,1,6,9,21,-12,4,slovakia,0.12,0.88,-12,1.12,8.33,1.14,9
Banska Bystrica,8,0,3,5,4,13,-9,3,slovakia,0.0,1.0,-9,0.5,0.0,1.0,10
Presov,7,5,1,1,13,8,5,16,slovakia2,0.71,0.29,5,1.86,1.41,3.45,1
Zlate Moravce,7,5,0,2,6,3,3,15,slovakia2,0.71,0.29,3,0.86,1.41,3.45,2
L. Mikulas,7,3,3,1,13,10,3,12,slovakia2,0.43,0.57,3,1.86,2.33,1.75,3
Petrzalka,7,3,2,2,8,6,2,11,slovakia2,0.43,0.57,2,1.14,2.33,1.75,4
Malzenice,5,2,1,2,8,7,1,7,slovakia2,0.4,0.6,1,1.6,2.5,1.67,5
S. Bratislava B,8,2,0,6,9,14,-5,6,slovakia2,0.25,0.75,-5,1.12,4.0,1.33,6
Puchov,7,1,3,3,7,12,-5,6,slovakia2,0.14,0.86,-5,1.0,7.14,1.16,6
Zilina B,7,2,0,5,7,15,-8,6,slovakia2,0.29,0.71,-8,1.0,3.45,1.41,6
Samorin,8,2,0,6,10,19,-9,6,slovakia2,0.25,0.75,-9,1.25,4.0,1.33,6
Humenne,7,1,2,4,6,10,-4,5,slovakia2,0.14,0.86,-4,0.86,7.14,1.16,7
P. Bystrica,7,1,2,4,6,12,-6,5,slovakia2,0.14,0.86,-6,0.86,7.14,1.16,7
Pohronie,7,1,2,4,7,15,-8,5,slovakia2,0.14,0.86,-8,1.0,7.14,1.16,7
Zvolen,7,1,1,5,3,15,-12,4,slovakia2,0.14,0.86,-12,0.43,7.14,1.16,8
S. Lubovna,7,1,0,6,5,9,-4,3,slovakia2,0.14,0.86,-4,0.71,7.14,1.16,9
NK Olimpija,8,5,3,0,9,2,7,18,slovenia,0.62,0.38,7,1.12,1.61,2.63,1
Koper,8,5,0,3,11,6,5,15,slovenia,0.62,0.38,5,1.38,1.61,2.63,2
Maribor,8,3,3,2,10,6,4,12,slovenia,0.38,0.62,4,1.25,2.63,1.61,3
NK Celje,8,3,3,2,14,11,3,12,slovenia,0.38,0.62,3,1.75,2.63,1.61,3
Bravo,8,3,3,2,12,11,1,12,slovenia,0.38,0.62,1,1.5,2.63,1.61,3
Primorje,8,3,2,3,12,16,-4,11,slovenia,0.38,0.62,-4,1.5,2.63,1.61,4
Radomlje,8,2,1,5,7,10,-3,7,slovenia,0.25,0.75,-3,0.88,4.0,1.33,5
Mura,8,1,2,5,9,15,-6,5,slovenia,0.12,0.88,-6,1.12,8.33,1.14,6
Domzale,8,1,2,5,6,17,-11,5,slovenia,0.12,0.88,-11,0.75,8.33,1.14,6
Nafta,8,0,1,7,3,19,-16,1,slovenia,0.0,1.0,-16,0.38,0.0,1.0,7
Mamelodi S.,6,5,0,1,8,3,5,15,southafrica,0.83,0.17,5,1.33,1.2,5.88,1
Stellenbosch,7,3,3,1,11,4,7,12,southafrica,0.43,0.57,7,1.57,2.33,1.75,2
TS Galaxy,8,2,4,2,11,9,2,10,southafrica,0.25,0.75,2,1.38,4.0,1.33,3
Golden Arrows,6,3,1,2,6,6,0,10,southafrica,0.5,0.5,0,1.0,2.0,2.0,3
Polokwane,7,3,1,3,4,6,-2,10,southafrica,0.43,0.57,-2,0.57,2.33,1.75,3
Orlando Pirates,4,3,0,1,4,1,3,9,southafrica,0.75,0.25,3,1.0,1.33,4.0,4
AmaZulu,7,3,0,4,7,7,0,9,southafrica,0.43,0.57,0,1.0,2.33,1.75,4
Kaizer Chiefs,7,2,2,3,8,9,-1,8,southafrica,0.29,0.71,-1,1.14,3.45,1.41,5
Sekhukhune,6,2,1,3,6,7,-1,7,southafrica,0.33,0.67,-1,1.0,3.03,1.49,6
SuperSport Utd,6,1,2,3,1,5,-4,5,southafrica,0.17,0.83,-4,0.17,5.88,1.2,7
Richards Bay,8,1,2,5,3,8,-5,5,southafrica,0.12,0.88,-5,0.38,8.33,1.14,7
Magesi,7,1,2,4,2,7,-5,5,southafrica,0.14,0.86,-5,0.29,7.14,1.16,7
Cape Town City,7,1,1,5,4,12,-8,4,southafrica,0.14,0.86,-8,0.57,7.14,1.16,8
Tshakhuma,8,1,1,6,5,19,-14,4,southafrica,0.12,0.88,-14,0.62,8.33,1.14,8
Royal AM,5,0,3,2,4,6,-2,3,southafrica,0.0,1.0,-2,0.8,0.0,1.0,9
Chippa Utd,4,0,1,3,2,6,-4,1,southafrica,0.0,1.0,-4,0.5,0.0,1.0,10
Orbit College,8,5,1,2,10,7,3,16,southafrica2,0.62,0.38,3,1.25,1.61,2.63,1
Durban City,8,3,3,2,9,7,2,12,southafrica2,0.38,0.62,2,1.12,2.63,1.61,2
Milford,8,3,3,2,11,10,1,12,southafrica2,0.38,0.62,1,1.38,2.63,1.61,2
JDR Stars,8,3,2,3,7,7,0,11,southafrica2,0.38,0.62,0,0.88,2.63,1.61,3
Casric Stars,8,3,2,3,6,7,-1,11,southafrica2,0.38,0.62,-1,0.75,2.63,1.61,3
Kruger United,8,2,3,3,11,10,1,9,southafrica2,0.25,0.75,1,1.38,4.0,1.33,4
Highbury,8,2,3,3,8,7,1,9,southafrica2,0.25,0.75,1,1.0,4.0,1.33,4
Upington City,7,2,3,2,7,6,1,9,southafrica2,0.29,0.71,1,1.0,3.45,1.41,4
Pretoria C.,8,2,3,3,4,6,-2,9,southafrica2,0.25,0.75,-2,0.5,4.0,1.33,4
Baroka,8,2,3,3,8,11,-3,9,southafrica2,0.25,0.75,-3,1.0,4.0,1.33,4
Pretoria U.,7,2,1,4,2,6,-4,7,southafrica2,0.29,0.71,-4,0.29,3.45,1.41,5
Black Leopards,7,2,1,4,10,15,-5,7,southafrica2,0.29,0.71,-5,1.43,3.45,1.41,5
Hungry Lions,8,1,2,5,10,15,-5,5,southafrica2,0.12,0.88,-5,1.25,8.33,1.14,6
Venda FC,8,1,1,6,8,15,-7,4,southafrica2,0.12,0.88,-7,1.0,8.33,1.14,7
Leruma United,7,1,0,6,3,14,-11,3,southafrica2,0.14,0.86,-11,0.43,7.14,1.16,8
Cape Town Spurs,8,0,2,6,3,11,-8,2,southafrica2,0.0,1.0,-8,0.38,0.0,1.0,9
Daejeon Citizen,8,4,3,1,13,9,4,15,southkorea,0.5,0.5,4,1.62,2.0,2.0,1
Seoul,8,4,2,2,9,7,2,14,southkorea,0.5,0.5,2,1.12,2.0,2.0,2
Incheon Utd,8,4,1,3,9,7,2,13,southkorea,0.5,0.5,2,1.12,2.0,2.0,3
Ulsan,8,3,3,2,5,4,1,12,southkorea,0.38,0.62,1,0.62,2.63,1.61,4
Gwangju,8,3,1,4,5,8,-3,10,southkorea,0.38,0.62,-3,0.62,2.63,1.61,5
Daegu,8,2,3,3,11,10,1,9,southkorea,0.25,0.75,1,1.38,4.0,1.33,6
Gimcheon Sangmu,8,3,0,5,10,11,-1,9,southkorea,0.38,0.62,-1,1.25,2.63,1.61,6
Jeonbuk Motors,8,2,2,4,13,14,-1,8,southkorea,0.25,0.75,-1,1.62,4.0,1.33,7
Gangwon,8,2,1,5,8,15,-7,7,southkorea,0.25,0.75,-7,1.0,4.0,1.33,8
Jeju Utd,8,2,1,5,8,17,-9,7,southkorea,0.25,0.75,-9,1.0,4.0,1.33,8
Suwon City,8,1,3,4,8,12,-4,6,southkorea,0.12,0.88,-4,1.0,8.33,1.14,9
Pohang Steelers,8,1,2,5,13,17,-4,5,southkorea,0.12,0.88,-4,1.62,8.33,1.14,10
Busan IPark,8,6,0,2,17,11,6,18,southkorea2,0.75,0.25,6,2.12,1.33,4.0,1
Seoul E-Land,8,4,3,1,15,7,8,15,southkorea2,0.5,0.5,8,1.88,2.0,2.0,2
Asan,8,5,0,3,14,10,4,15,southkorea2,0.62,0.38,4,1.75,1.61,2.63,2
Gimpo,8,3,3,2,8,6,2,12,southkorea2,0.38,0.62,2,1.0,2.63,1.61,3
Cheonan City,8,3,3,2,14,13,1,12,southkorea2,0.38,0.62,1,1.75,2.63,1.61,3
Suwon Bluewings,8,2,5,1,10,8,2,11,southkorea2,0.25,0.75,2,1.25,4.0,1.33,4
Jeonnam,8,3,1,4,13,11,2,10,southkorea2,0.38,0.62,2,1.62,2.63,1.61,5
Cheongju,8,2,3,3,5,7,-2,9,southkorea2,0.25,0.75,-2,0.62,4.0,1.33,6
Anyang,8,2,2,4,8,9,-1,8,southkorea2,0.25,0.75,-1,1.0,4.0,1.33,7
Bucheon FC,8,2,2,4,11,13,-2,8,southkorea2,0.25,0.75,-2,1.38,4.0,1.33,7
Ansan Greeners,8,1,2,5,8,13,-5,5,southkorea2,0.12,0.88,-5,1.0,8.33,1.14,8
Gyeongnam,8,0,5,3,8,14,-6,5,southkorea2,0.0,1.0,-6,1.0,0.0,1.0,8
Seongnam,8,0,3,5,6,18,-12,3,southkorea2,0.0,1.0,-12,0.75,0.0,1.0,9
Real Madrid,8,5,2,1,18,8,10,17,spain,0.62,0.38,10,2.25,1.61,2.63,1
Athletic Bilbao,8,4,3,1,11,7,4,15,spain,0.5,0.5,4,1.38,2.0,2.0,2
Atletico Madrid,8,4,2,2,11,5,6,14,spain,0.5,0.5,6,1.38,2.0,2.0,3
FC Barcelona,8,3,3,2,19,11,8,12,spain,0.38,0.62,8,2.38,2.63,1.61,4
Mallorca,8,4,0,4,9,13,-4,12,spain,0.5,0.5,-4,1.12,2.0,2.0,4
Villarreal,8,3,2,3,12,12,0,11,spain,0.38,0.62,0,1.5,2.63,1.61,5
Real Sociedad,8,3,1,4,6,5,1,10,spain,0.38,0.62,1,0.75,2.63,1.61,6
Rayo Vallecano,8,2,4,2,6,6,0,10,spain,0.25,0.75,0,0.75,4.0,1.33,6
Real Betis,8,3,1,4,8,11,-3,10,spain,0.38,0.62,-3,1.0,2.63,1.61,6
Las Palmas,8,3,1,4,11,15,-4,10,spain,0.38,0.62,-4,1.38,2.63,1.61,6
Leganes,8,1,5,2,9,11,-2,8,spain,0.12,0.88,-2,1.12,8.33,1.14,7
Girona,8,2,2,4,7,10,-3,8,spain,0.25,0.75,-3,0.88,4.0,1.33,7
Osasuna,8,1,5,2,5,8,-3,8,spain,0.12,0.88,-3,0.62,8.33,1.14,7
Getafe,8,2,1,5,7,9,-2,7,spain,0.25,0.75,-2,0.88,4.0,1.33,8
Sevilla FC,8,2,1,5,12,18,-6,7,spain,0.25,0.75,-6,1.5,4.0,1.33,8
Alaves,8,1,2,5,10,16,-6,5,spain,0.12,0.88,-6,1.25,8.33,1.14,9
Celta Vigo,8,1,2,5,7,15,-8,5,spain,0.12,0.88,-8,0.88,8.33,1.14,9
Valencia,8,0,4,4,5,16,-11,4,spain,0.0,1.0,-11,0.62,0.0,1.0,10
Valladolid,8,1,0,7,7,17,-10,3,spain,0.12,0.88,-10,0.88,8.33,1.14,11
Espanyol,8,0,1,7,5,19,-14,1,spain,0.0,1.0,-14,0.62,0.0,1.0,12
Almeria,8,5,2,1,17,9,8,17,spain2,0.62,0.38,8,2.12,1.61,2.63,1
Racing,8,4,2,2,9,11,-2,14,spain2,0.5,0.5,-2,1.12,2.0,2.0,2
Deportivo,8,3,3,2,13,8,5,12,spain2,0.38,0.62,5,1.62,2.63,1.61,3
Levante,8,3,3,2,8,6,2,12,spain2,0.38,0.62,2,1.0,2.63,1.61,3
Real Zaragoza,8,3,3,2,13,12,1,12,spain2,0.38,0.62,1,1.62,2.63,1.61,3
Real Oviedo,8,3,3,2,11,11,0,12,spain2,0.38,0.62,0,1.38,2.63,1.61,3
Elche,8,2,5,1,7,4,3,11,spain2,0.25,0.75,3,0.88,4.0,1.33,4
Granada,8,3,1,4,10,13,-3,10,spain2,0.38,0.62,-3,1.25,2.63,1.61,5
Huesca,8,2,3,3,7,6,1,9,spain2,0.25,0.75,1,0.88,4.0,1.33,6
Mirandes,8,3,0,5,10,11,-1,9,spain2,0.38,0.62,-1,1.25,2.63,1.61,6
Racing Ferrol,8,2,3,3,5,11,-6,9,spain2,0.25,0.75,-6,0.62,4.0,1.33,6
Sporting Gijon,8,1,4,3,10,12,-2,7,spain2,0.12,0.88,-2,1.25,8.33,1.14,7
Malaga,8,1,4,3,9,12,-3,7,spain2,0.12,0.88,-3,1.12,8.33,1.14,7
Albacete,8,1,4,3,6,10,-4,7,spain2,0.12,0.88,-4,0.75,8.33,1.14,7
Cordoba,8,2,1,5,7,16,-9,7,spain2,0.25,0.75,-9,0.88,4.0,1.33,7
Cadiz,8,1,3,4,9,12,-3,6,spain2,0.12,0.88,-3,1.12,8.33,1.14,8
Castellon,8,1,3,4,7,14,-7,6,spain2,0.12,0.88,-7,0.88,8.33,1.14,8
Eldense,8,1,2,5,6,13,-7,5,spain2,0.12,0.88,-7,0.75,8.33,1.14,9
Eibar,8,1,0,7,5,11,-6,3,spain2,0.12,0.88,-6,0.62,8.33,1.14,10
Burgos,8,0,2,6,3,14,-11,2,spain2,0.0,1.0,-11,0.38,0.0,1.0,11
Tenerife,8,0,2,6,5,17,-12,2,spain2,0.0,1.0,-12,0.62,0.0,1.0,11
Cartagena,8,0,1,7,4,19,-15,1,spain2,0.0,1.0,-15,0.5,0.0,1.0,12
Leonesa,8,5,2,1,15,10,5,17,spain3,0.62,0.38,5,1.88,1.61,2.63,1
Ponferradina,8,4,2,2,11,6,5,14,spain3,0.5,0.5,5,1.38,2.0,2.0,2
Athletic B. B,8,4,1,3,12,9,3,13,spain3,0.5,0.5,3,1.5,2.0,2.0,3
Arenteiro,8,4,1,3,8,10,-2,13,spain3,0.5,0.5,-2,1.0,2.0,2.0,3
Barakaldo,8,3,3,2,11,8,3,12,spain3,0.38,0.62,3,1.38,2.63,1.61,4
FC Barcelona B,8,2,5,1,12,11,1,11,spain3,0.25,0.75,1,1.5,4.0,1.33,5
Sestao River,8,3,2,3,6,8,-2,11,spain3,0.38,0.62,-2,0.75,2.63,1.61,5
Zamora,8,2,3,3,9,9,0,9,spain3,0.25,0.75,0,1.12,4.0,1.33,6
Gimnastic T.,8,2,2,4,8,12,-4,8,spain3,0.25,0.75,-4,1.0,4.0,1.33,7
Ourense CF,8,2,2,4,6,10,-4,8,spain3,0.25,0.75,-4,0.75,4.0,1.33,7
Celta Vigo B,8,2,1,5,9,13,-4,7,spain3,0.25,0.75,-4,1.12,4.0,1.33,8
Osasuna B,8,2,1,5,8,17,-9,7,spain3,0.25,0.75,-9,1.0,4.0,1.33,8
Unionistas,8,0,6,2,10,12,-2,6,spain3,0.0,1.0,-2,1.25,0.0,1.0,9
Lugo,8,1,3,4,4,8,-4,6,spain3,0.12,0.88,-4,0.5,8.33,1.14,9
Tarazona,8,1,2,5,11,16,-5,5,spain3,0.12,0.88,-5,1.38,8.33,1.14,10
Real Sociedad B,8,0,4,4,7,11,-4,4,spain3,0.0,1.0,-4,0.88,0.0,1.0,11
Real Union,8,1,1,6,3,20,-17,4,spain3,0.12,0.88,-17,0.38,8.33,1.14,11
Gimnastica,8,1,1,6,9,27,-18,4,spain3,0.12,0.88,-18,1.12,8.33,1.14,11
FC Andorra,8,0,3,5,3,13,-10,3,spain3,0.0,1.0,-10,0.38,0.0,1.0,12
Amorebieta,8,0,2,6,5,20,-15,2,spain3,0.0,1.0,-15,0.62,0.0,1.0,13
Real Murcia,8,4,2,2,9,8,1,14,spain4,0.5,0.5,1,1.12,2.0,2.0,1
Antequera,8,3,4,1,10,8,2,13,spain4,0.38,0.62,2,1.25,2.63,1.61,2
Atletico M. B,8,3,3,2,10,8,2,12,spain4,0.38,0.62,2,1.25,2.63,1.61,3
Real Betis B,8,3,3,2,12,13,-1,12,spain4,0.38,0.62,-1,1.5,2.63,1.61,3
Villarreal B,8,2,5,1,11,8,3,11,spain4,0.25,0.75,3,1.38,4.0,1.33,4
Yeclano,8,3,2,3,10,7,3,11,spain4,0.38,0.62,3,1.25,2.63,1.61,4
Sanluqueno,8,2,4,2,7,7,0,10,spain4,0.25,0.75,0,0.88,4.0,1.33,5
Alcorcon,8,3,1,4,11,14,-3,10,spain4,0.38,0.62,-3,1.38,2.63,1.61,5
UD Ibiza,8,3,1,4,5,8,-3,10,spain4,0.38,0.62,-3,0.62,2.63,1.61,5
Algeciras,8,1,5,2,9,10,-1,8,spain4,0.12,0.88,-1,1.12,8.33,1.14,6
Hercules,8,2,2,4,9,11,-2,8,spain4,0.25,0.75,-2,1.12,4.0,1.33,6
Ceuta,8,0,7,1,6,8,-2,7,spain4,0.0,1.0,-2,0.75,0.0,1.0,7
Alcoyano,8,2,1,5,6,12,-6,7,spain4,0.25,0.75,-6,0.75,4.0,1.33,7
Fuenlabrada,8,1,3,4,9,11,-2,6,spain4,0.12,0.88,-2,1.12,8.33,1.14,8
Real Madrid B,8,1,3,4,11,14,-3,6,spain4,0.12,0.88,-3,1.38,8.33,1.14,8
Marbella,8,1,2,5,10,16,-6,5,spain4,0.12,0.88,-6,1.25,8.33,1.14,9
Sevilla FC B,8,1,2,5,7,14,-7,5,spain4,0.12,0.88,-7,0.88,8.33,1.14,9
Intercity,8,1,2,5,6,13,-7,5,spain4,0.12,0.88,-7,0.75,8.33,1.14,9
Recreativo H.,8,0,4,4,3,8,-5,4,spain4,0.0,1.0,-5,0.38,0.0,1.0,10
Merida,8,0,3,5,4,16,-12,3,spain4,0.0,1.0,-12,0.5,0.0,1.0,11
Pontevedra,8,6,2,0,11,1,10,20,spain5,0.75,0.25,10,1.38,1.33,4.0,1
Salamanca CF,8,5,1,2,11,10,1,16,spain5,0.62,0.38,1,1.38,1.61,2.63,2
Valladolid B,8,4,2,2,11,8,3,14,spain5,0.5,0.5,3,1.38,2.0,2.0,3
Numancia,8,3,4,1,13,7,6,13,spain5,0.38,0.62,6,1.62,2.63,1.61,4
Real Avila,8,4,1,3,7,6,1,13,spain5,0.5,0.5,1,0.88,2.0,2.0,4
Langreo,8,3,4,1,5,4,1,13,spain5,0.38,0.62,1,0.62,2.63,1.61,4
Escobedo,8,3,3,2,6,10,-4,12,spain5,0.38,0.62,-4,0.75,2.63,1.61,5
Bergantinos,8,3,1,4,14,11,3,10,spain5,0.38,0.62,3,1.75,2.63,1.61,6
Guijuelo,8,2,4,2,10,10,0,10,spain5,0.25,0.75,0,1.25,4.0,1.33,6
Coruxo,8,3,1,4,7,7,0,10,spain5,0.38,0.62,0,0.88,2.63,1.61,6
Real Aviles,8,2,4,2,11,12,-1,10,spain5,0.25,0.75,-1,1.38,4.0,1.33,6
Rayo Cantabria,8,2,2,4,17,14,3,8,spain5,0.25,0.75,3,2.12,4.0,1.33,7
Compostela,8,2,2,4,10,11,-1,8,spain5,0.25,0.75,-1,1.25,4.0,1.33,7
D. Fabril,8,2,1,5,8,11,-3,7,spain5,0.25,0.75,-3,1.0,4.0,1.33,8
Torrelavega,8,1,3,4,9,12,-3,6,spain5,0.12,0.88,-3,1.12,8.33,1.14,9
Llanera,8,1,2,5,5,11,-6,5,spain5,0.12,0.88,-6,0.62,8.33,1.14,10
Marino de L.,8,1,1,6,6,13,-7,4,spain5,0.12,0.88,-7,0.75,8.33,1.14,11
Laredo,8,0,3,5,3,15,-12,3,spain5,0.0,1.0,-12,0.38,0.0,1.0,12
Arenas Club,8,5,2,1,12,6,6,17,spain6,0.62,0.38,6,1.5,1.61,2.63,1
SD Logrones,8,5,1,2,16,9,7,16,spain6,0.62,0.38,7,2.0,1.61,2.63,2
Eibar B,8,4,3,1,12,7,5,15,spain6,0.5,0.5,5,1.5,2.0,2.0,3
UD Logrones,8,3,3,2,9,5,4,12,spain6,0.38,0.62,4,1.12,2.63,1.61,4
Tudelano,8,2,5,1,11,10,1,11,spain6,0.25,0.75,1,1.38,4.0,1.33,5
Calahorra,8,3,2,3,9,9,0,11,spain6,0.38,0.62,0,1.12,2.63,1.61,5
Alfaro,8,3,2,3,8,11,-3,11,spain6,0.38,0.62,-3,1.0,2.63,1.61,5
Anguiano,8,3,1,4,11,9,2,10,spain6,0.38,0.62,2,1.38,2.63,1.61,6
Alaves B,8,2,4,2,7,7,0,10,spain6,0.25,0.75,0,0.88,4.0,1.33,6
Real Zaragoza B,8,3,1,4,9,10,-1,10,spain6,0.38,0.62,-1,1.12,2.63,1.61,6
Teruel,8,3,1,4,6,10,-4,10,spain6,0.38,0.62,-4,0.75,2.63,1.61,6
Ejea,8,2,3,3,12,9,3,9,spain6,0.25,0.75,3,1.5,4.0,1.33,7
Utebo,8,1,5,2,5,6,-1,8,spain6,0.12,0.88,-1,0.62,8.33,1.14,8
Barbastro,8,2,2,4,8,13,-5,8,spain6,0.25,0.75,-5,1.0,4.0,1.33,8
Izarra,8,2,1,5,10,16,-6,7,spain6,0.25,0.75,-6,1.25,4.0,1.33,9
Subiza,8,2,1,5,5,11,-6,7,spain6,0.25,0.75,-6,0.62,4.0,1.33,9
Gernika,8,2,1,5,5,12,-7,7,spain6,0.25,0.75,-7,0.62,4.0,1.33,9
Real Sociedad C,8,1,2,5,5,14,-9,5,spain6,0.12,0.88,-9,0.62,8.33,1.14,10
Terrassa,8,5,2,1,9,4,5,17,spain7,0.62,0.38,5,1.12,1.61,2.63,1
Sabadell,8,4,3,1,13,8,5,15,spain7,0.5,0.5,5,1.62,2.0,2.0,2
Espanyol B,8,4,3,1,11,7,4,15,spain7,0.5,0.5,4,1.38,2.0,2.0,2
Alzira,8,4,3,1,13,10,3,15,spain7,0.5,0.5,3,1.62,2.0,2.0,2
Sant Andreu,8,4,3,1,15,13,2,15,spain7,0.5,0.5,2,1.88,2.0,2.0,2
Valencia B,8,4,2,2,10,7,3,14,spain7,0.5,0.5,3,1.25,2.0,2.0,3
Elche B,8,3,3,2,9,10,-1,12,spain7,0.38,0.62,-1,1.12,2.63,1.61,4
SD Ibiza,8,3,3,2,8,9,-1,12,spain7,0.38,0.62,-1,1.0,2.63,1.61,4
Torrent,8,3,3,2,6,9,-3,12,spain7,0.38,0.62,-3,0.75,2.63,1.61,4
Lleida,8,2,5,1,8,5,3,11,spain7,0.25,0.75,3,1.0,4.0,1.33,5
Europa,8,3,2,3,11,10,1,11,spain7,0.38,0.62,1,1.38,2.63,1.61,5
A. Baleares,8,3,1,4,9,10,-1,10,spain7,0.38,0.62,-1,1.12,2.63,1.61,6
Olot,8,3,1,4,6,8,-2,10,spain7,0.38,0.62,-2,0.75,2.63,1.61,6
Cornella,8,3,1,4,7,10,-3,10,spain7,0.38,0.62,-3,0.88,2.63,1.61,6
Andratx,8,3,1,4,6,11,-5,10,spain7,0.38,0.62,-5,0.75,2.63,1.61,6
Badalona,8,1,4,3,5,10,-5,7,spain7,0.12,0.88,-5,0.62,8.33,1.14,7
Pena Deportiva,8,2,1,5,5,11,-6,7,spain7,0.25,0.75,-6,0.62,4.0,1.33,7
Mallorca B,8,1,2,5,3,14,-11,5,spain7,0.12,0.88,-11,0.38,8.33,1.14,8
Torremolinos,8,5,3,0,9,1,8,18,spain8,0.62,0.38,8,1.12,1.61,2.63,1
UCAM Murcia,8,4,3,1,8,3,5,15,spain8,0.5,0.5,5,1.0,2.0,2.0,2
Almeria B,8,4,3,1,8,4,4,15,spain8,0.5,0.5,4,1.0,2.0,2.0,2
CD Estepona,8,4,2,2,9,4,5,14,spain8,0.5,0.5,5,1.12,2.0,2.0,3
Linense,8,4,1,3,6,8,-2,13,spain8,0.5,0.5,-2,0.75,2.0,2.0,4
Xerez CD,8,3,2,3,6,5,1,11,spain8,0.38,0.62,1,0.75,2.63,1.61,5
Aguilas CF,8,2,4,2,7,5,2,10,spain8,0.25,0.75,2,0.88,4.0,1.33,6
Antoniano,8,3,1,4,9,9,0,10,spain8,0.38,0.62,0,1.12,2.63,1.61,6
Orihuela,8,3,1,4,5,5,0,10,spain8,0.38,0.62,0,0.62,2.63,1.61,6
La Union,8,3,1,4,5,8,-3,10,spain8,0.38,0.62,-3,0.62,2.63,1.61,6
D. Minera,8,2,3,3,8,11,-3,9,spain8,0.25,0.75,-3,1.0,4.0,1.33,7
Cadiz B,8,2,2,4,4,11,-7,8,spain8,0.25,0.75,-7,0.5,4.0,1.33,8
San Fernando,8,2,1,5,7,9,-2,7,spain8,0.25,0.75,-2,0.88,4.0,1.33,9
Xerez D. FC,8,1,4,3,6,8,-2,7,spain8,0.12,0.88,-2,0.75,8.33,1.14,9
Linares,8,1,3,4,5,9,-4,6,spain8,0.12,0.88,-4,0.62,8.33,1.14,10
Granada B,8,2,0,6,6,14,-8,6,spain8,0.25,0.75,-8,0.75,4.0,1.33,10
Villanovense,8,0,3,5,8,16,-8,3,spain8,0.0,1.0,-8,1.0,0.0,1.0,11
Don Benito,8,1,0,7,7,16,-9,3,spain8,0.12,0.88,-9,0.88,8.33,1.14,11
Guadalajara,8,5,3,0,14,5,9,18,spain9,0.62,0.38,9,1.75,1.61,2.63,1
Talavera CF,8,5,2,1,13,8,5,17,spain9,0.62,0.38,5,1.62,1.61,2.63,2
Cacereno,8,4,3,1,12,9,3,15,spain9,0.5,0.5,3,1.5,2.0,2.0,3
R. Majadahonda,8,4,1,3,12,11,1,13,spain9,0.5,0.5,1,1.5,2.0,2.0,4
Tenerife B,8,4,0,4,12,11,1,12,spain9,0.5,0.5,1,1.5,2.0,2.0,5
Melilla,8,3,2,3,10,11,-1,11,spain9,0.38,0.62,-1,1.25,2.63,1.61,6
CDC Moscardo,8,3,2,3,10,12,-2,11,spain9,0.38,0.62,-2,1.25,2.63,1.61,6
Conquense,8,3,1,4,8,10,-2,10,spain9,0.38,0.62,-2,1.0,2.63,1.61,7
Getafe B,8,2,3,3,10,11,-1,9,spain9,0.25,0.75,-1,1.25,4.0,1.33,8
CD Coria,8,2,1,5,8,13,-5,7,spain9,0.25,0.75,-5,1.0,4.0,1.33,9
Union Adarve,8,2,1,5,4,11,-7,7,spain9,0.25,0.75,-7,0.5,4.0,1.33,9
Illescas,8,1,3,4,3,7,-4,6,spain9,0.12,0.88,-4,0.38,8.33,1.14,10
Navalcarnero,8,1,3,4,4,9,-5,6,spain9,0.12,0.88,-5,0.5,8.33,1.14,10
S. Sebastian R.,8,1,2,5,6,12,-6,5,spain9,0.12,0.88,-6,0.75,8.33,1.14,11
Real Madrid C,8,1,2,5,5,12,-7,5,spain9,0.12,0.88,-7,0.62,8.33,1.14,11
Union Sur Yaiza,8,1,2,5,10,20,-10,5,spain9,0.12,0.88,-10,1.25,8.33,1.14,11
CD Mostoles,8,1,0,7,5,18,-13,3,spain9,0.12,0.88,-13,0.62,8.33,1.14,12
Atletico Paso,8,0,0,8,6,19,-13,0,spain9,0.0,1.0,-13,0.75,0.0,1.0,13
AIK,8,6,0,2,9,5,4,18,sweden,0.75,0.25,4,1.12,1.33,4.0,1
Hammarby,8,5,1,2,13,3,10,16,sweden,0.62,0.38,10,1.62,1.61,2.63,2
Sirius,8,4,1,3,12,11,1,13,sweden,0.5,0.5,1,1.5,2.0,2.0,3
Elfsborg,8,3,3,2,15,14,1,12,sweden,0.38,0.62,1,1.88,2.63,1.61,4
Malmo FF,8,2,5,1,11,10,1,11,sweden,0.25,0.75,1,1.38,4.0,1.33,5
Hacken,8,3,2,3,13,14,-1,11,sweden,0.38,0.62,-1,1.62,2.63,1.61,5
GAIS,8,3,2,3,8,10,-2,11,sweden,0.38,0.62,-2,1.0,2.63,1.61,5
Djurgarden,8,3,1,4,6,13,-7,10,sweden,0.38,0.62,-7,0.75,2.63,1.61,6
IFK Goteborg,8,2,3,3,10,11,-1,9,sweden,0.25,0.75,-1,1.25,4.0,1.33,7
Norrkoping,8,2,3,3,9,11,-2,9,sweden,0.25,0.75,-2,1.12,4.0,1.33,7
Mjallby,8,2,3,3,7,9,-2,9,sweden,0.25,0.75,-2,0.88,4.0,1.33,7
Brommapojkarna,8,2,2,4,14,16,-2,8,sweden,0.25,0.75,-2,1.75,4.0,1.33,8
Varnamo,8,1,5,2,5,7,-2,8,sweden,0.12,0.88,-2,0.62,8.33,1.14,8
Kalmar,8,1,4,3,9,13,-4,7,sweden,0.12,0.88,-4,1.12,8.33,1.14,9
Halmstad,8,1,1,6,6,18,-12,4,sweden,0.12,0.88,-12,0.75,8.33,1.14,10
Vasteras,8,1,0,7,5,15,-10,3,sweden,0.12,0.88,-10,0.62,8.33,1.14,11
Degerfors,8,4,3,1,12,6,6,15,sweden2,0.5,0.5,6,1.5,2.0,2.0,1
Varberg BoIS,8,4,2,2,21,14,7,14,sweden2,0.5,0.5,7,2.62,2.0,2.0,2
Orgryte,8,4,2,2,11,7,4,14,sweden2,0.5,0.5,4,1.38,2.0,2.0,2
Helsingborg,8,4,1,3,13,10,3,13,sweden2,0.5,0.5,3,1.62,2.0,2.0,3
Oster,8,3,3,2,9,7,2,12,sweden2,0.38,0.62,2,1.12,2.63,1.61,4
Oddevold,8,3,3,2,12,13,-1,12,sweden2,0.38,0.62,-1,1.5,2.63,1.61,4
GIF Sundsvall,8,3,2,3,7,9,-2,11,sweden2,0.38,0.62,-2,0.88,2.63,1.61,5
Brage,8,2,3,3,6,8,-2,9,sweden2,0.25,0.75,-2,0.75,4.0,1.33,6
Trelleborg,8,3,0,5,10,13,-3,9,sweden2,0.38,0.62,-3,1.25,2.63,1.61,6
Landskrona,8,2,1,5,9,12,-3,7,sweden2,0.25,0.75,-3,1.12,4.0,1.33,7
Orebro,8,1,3,4,9,14,-5,6,sweden2,0.12,0.88,-5,1.12,8.33,1.14,8
Utsikten,8,1,3,4,7,13,-6,6,sweden2,0.12,0.88,-6,0.88,8.33,1.14,8
Gefle,8,2,0,6,4,17,-13,6,sweden2,0.25,0.75,-13,0.5,4.0,1.33,8
Sandviken,8,1,2,5,11,18,-7,5,sweden2,0.12,0.88,-7,1.38,8.33,1.14,9
Skovde AIK,8,0,4,4,10,20,-10,4,sweden2,0.0,1.0,-10,1.25,0.0,1.0,10
Ostersunds,8,0,1,7,7,19,-12,1,sweden2,0.0,1.0,-12,0.88,0.0,1.0,11
FC Basel,8,3,3,2,22,10,12,12,switzerland,0.38,0.62,12,2.75,2.63,1.61,1
Luzern,8,3,3,2,14,14,0,12,switzerland,0.38,0.62,0,1.75,2.63,1.61,1
Grasshopper,8,3,1,4,5,9,-4,10,switzerland,0.38,0.62,-4,0.62,2.63,1.61,2
FC Zurich,8,3,1,4,10,16,-6,10,switzerland,0.38,0.62,-6,1.25,2.63,1.61,2
Lausanne Sport,8,2,3,3,13,10,3,9,switzerland,0.25,0.75,3,1.62,4.0,1.33,3
St. Gallen,8,2,3,3,10,11,-1,9,switzerland,0.25,0.75,-1,1.25,4.0,1.33,3
Servette,8,2,3,3,9,10,-1,9,switzerland,0.25,0.75,-1,1.12,4.0,1.33,3
Lugano,8,2,3,3,10,12,-2,9,switzerland,0.25,0.75,-2,1.25,4.0,1.33,3
BSC Young Boys,8,1,4,3,8,10,-2,7,switzerland,0.12,0.88,-2,1.0,8.33,1.14,4
Sion,8,2,1,5,7,14,-7,7,switzerland,0.25,0.75,-7,0.88,4.0,1.33,4
Yverdon,8,1,3,4,6,12,-6,6,switzerland,0.12,0.88,-6,0.75,8.33,1.14,5
Winterthur,8,0,4,4,5,16,-11,4,switzerland,0.0,1.0,-11,0.62,0.0,1.0,6
Bangkok Utd,8,6,0,2,15,8,7,18,thailand,0.75,0.25,7,1.88,1.33,4.0,1
Buriram Utd,8,5,2,1,18,7,11,17,thailand,0.62,0.38,11,2.25,1.61,2.63,2
Pathum Utd,8,2,4,2,11,9,2,10,thailand,0.25,0.75,2,1.38,4.0,1.33,3
Port FC,8,2,3,3,10,12,-2,9,thailand,0.25,0.75,-2,1.25,4.0,1.33,4
Ratchaburi,8,2,2,4,12,20,-8,8,thailand,0.25,0.75,-8,1.5,4.0,1.33,5
Uthai Thani,8,2,1,5,9,14,-5,7,thailand,0.25,0.75,-5,1.12,4.0,1.33,6
N. Ratchasima,8,1,4,3,6,12,-6,7,thailand,0.12,0.88,-6,0.75,8.33,1.14,6
Khon Kaen Utd,8,2,1,5,5,23,-18,7,thailand,0.25,0.75,-18,0.62,4.0,1.33,6
Muang Thong Utd,8,1,3,4,9,10,-1,6,thailand,0.12,0.88,-1,1.12,8.33,1.14,7
Nakhon Pathom,8,1,3,4,9,13,-4,6,thailand,0.12,0.88,-4,1.12,8.33,1.14,7
Lamphun Warrior,8,1,3,4,8,13,-5,6,thailand,0.12,0.88,-5,1.0,8.33,1.14,7
Prachuap,8,1,3,4,6,14,-8,6,thailand,0.12,0.88,-8,0.75,8.33,1.14,7
Sukhothai,8,1,3,4,7,16,-9,6,thailand,0.12,0.88,-9,0.88,8.33,1.14,7
Rayong,8,1,1,6,7,22,-15,4,thailand,0.12,0.88,-15,0.88,8.33,1.14,8
N. Bua Pitchaya,8,0,3,5,11,19,-8,3,thailand,0.0,1.0,-8,1.38,0.0,1.0,9
Chiangrai Utd,8,1,0,7,3,20,-17,3,thailand,0.12,0.88,-17,0.38,8.33,1.14,9
Ayutthaya Utd,8,5,3,0,13,6,7,18,thailand2,0.62,0.38,7,1.62,1.61,2.63,1
Phrae Utd,8,5,1,2,10,5,5,16,thailand2,0.62,0.38,5,1.25,1.61,2.63,2
Kanchanaburi,8,3,4,1,15,13,2,13,thailand2,0.38,0.62,2,1.88,2.63,1.61,3
Bangkok FC,8,4,1,3,15,15,0,13,thailand2,0.5,0.5,0,1.88,2.0,2.0,3
Lampang,8,3,3,2,13,12,1,12,thailand2,0.38,0.62,1,1.62,2.63,1.61,4
Chiangmai Utd,8,3,2,3,13,15,-2,11,thailand2,0.38,0.62,-2,1.62,2.63,1.61,5
Pattaya United,8,3,1,4,13,8,5,10,thailand2,0.38,0.62,5,1.62,2.63,1.61,6
Mahasarakham,8,3,1,4,9,10,-1,10,thailand2,0.38,0.62,-1,1.12,2.63,1.61,6
Kasetsart,8,2,4,2,8,11,-3,10,thailand2,0.25,0.75,-3,1.0,4.0,1.33,6
Chonburi,8,2,3,3,10,10,0,9,thailand2,0.25,0.75,0,1.25,4.0,1.33,7
Chanthaburi,8,2,3,3,11,15,-4,9,thailand2,0.25,0.75,-4,1.38,4.0,1.33,7
Police Tero,8,2,1,5,10,17,-7,7,thailand2,0.25,0.75,-7,1.25,4.0,1.33,8
Sisaket Utd,8,1,4,3,4,12,-8,7,thailand2,0.12,0.88,-8,0.5,8.33,1.14,8
Suphanburi,8,1,0,7,5,14,-9,3,thailand2,0.12,0.88,-9,0.62,8.33,1.14,9
Chainat,8,0,2,6,5,11,-6,2,thailand2,0.0,1.0,-6,0.62,0.0,1.0,10
Samut Prakan,8,0,1,7,6,17,-11,1,thailand2,0.0,1.0,-11,0.75,0.0,1.0,11
Nakhon Si,8,0,1,7,5,19,-14,1,thailand2,0.0,1.0,-14,0.62,0.0,1.0,11
Trat FC,8,0,1,7,2,16,-14,1,thailand2,0.0,1.0,-14,0.25,0.0,1.0,11
Galatasaray,8,7,1,0,23,7,16,22,turkey,0.88,0.12,16,2.88,1.14,8.33,1
Fenerbahce,8,5,2,1,21,10,11,17,turkey,0.62,0.38,11,2.62,1.61,2.63,2
Samsunspor,8,4,2,2,11,8,3,14,turkey,0.5,0.5,3,1.38,2.0,2.0,3
Eyupspor,8,3,2,3,11,10,1,11,turkey,0.38,0.62,1,1.38,2.63,1.61,4
Kasimpasa,8,2,5,1,15,17,-2,11,turkey,0.25,0.75,-2,1.88,4.0,1.33,4
Rizespor,8,3,0,5,6,11,-5,9,turkey,0.38,0.62,-5,0.75,2.63,1.61,5
Besiktas,8,1,5,2,9,8,1,8,turkey,0.12,0.88,1,1.12,8.33,1.14,6
Kayserispor,8,2,2,4,7,16,-9,8,turkey,0.25,0.75,-9,0.88,4.0,1.33,6
Alanyaspor,8,1,4,3,5,9,-4,7,turkey,0.12,0.88,-4,0.62,8.33,1.14,7
Basaksehir,8,2,0,6,10,18,-8,6,turkey,0.25,0.75,-8,1.25,4.0,1.33,8
Bodrumspor,8,1,2,5,4,12,-8,5,turkey,0.12,0.88,-8,0.5,8.33,1.14,9
Antalyaspor,8,1,2,5,4,14,-10,5,turkey,0.12,0.88,-10,0.5,8.33,1.14,9
Goztepe,8,1,1,6,13,19,-6,4,turkey,0.12,0.88,-6,1.62,8.33,1.14,10
Konyaspor,8,1,1,6,6,14,-8,4,turkey,0.12,0.88,-8,0.75,8.33,1.14,10
Adana Demirspor,8,1,1,6,8,18,-10,4,turkey,0.12,0.88,-10,1.0,8.33,1.14,10
Sivasspor,8,1,1,6,7,19,-12,4,turkey,0.12,0.88,-12,0.88,8.33,1.14,10
Trabzonspor,8,0,3,5,8,14,-6,3,turkey,0.0,1.0,-6,1.0,0.0,1.0,11
Hatayspor,8,0,2,6,10,19,-9,2,turkey,0.0,1.0,-9,1.25,0.0,1.0,12
Gaziantep,8,0,2,6,10,21,-11,2,turkey,0.0,1.0,-11,1.25,0.0,1.0,12
Kocaelispor,8,6,0,2,15,7,8,18,turkey2,0.75,0.25,8,1.88,1.33,4.0,1
Corum,8,4,2,2,12,7,5,14,turkey2,0.5,0.5,5,1.5,2.0,2.0,2
Keciorengucu,8,4,2,2,9,10,-1,14,turkey2,0.5,0.5,-1,1.12,2.0,2.0,2
F. Karagumruk,8,4,1,3,10,7,3,13,turkey2,0.5,0.5,3,1.25,2.0,2.0,3
Erokspor,8,4,0,4,8,10,-2,12,turkey2,0.5,0.5,-2,1.0,2.0,2.0,4
Boluspor,8,3,2,3,11,11,0,11,turkey2,0.38,0.62,0,1.38,2.63,1.61,5
Bandirmaspor,8,2,5,1,7,7,0,11,turkey2,0.25,0.75,0,0.88,4.0,1.33,5
Erzurum BB,8,3,2,3,7,8,-1,11,turkey2,0.38,0.62,-1,0.88,2.63,1.61,5
Amed SK,8,2,4,2,8,8,0,10,turkey2,0.25,0.75,0,1.0,4.0,1.33,6
Ankaragucu,8,3,1,4,8,8,0,10,turkey2,0.38,0.62,0,1.0,2.63,1.61,6
Umraniyespor,8,3,1,4,10,12,-2,10,turkey2,0.38,0.62,-2,1.25,2.63,1.61,6
Genclerbirligi,8,2,3,3,9,10,-1,9,turkey2,0.25,0.75,-1,1.12,4.0,1.33,7
Sakaryaspor,8,2,3,3,9,14,-5,9,turkey2,0.25,0.75,-5,1.12,4.0,1.33,7
Manisa BB,8,3,0,5,8,14,-6,9,turkey2,0.38,0.62,-6,1.0,2.63,1.61,7
Sanliurfaspor,8,2,2,4,8,8,0,8,turkey2,0.25,0.75,0,1.0,4.0,1.33,8
Pendikspor,8,2,2,4,6,12,-6,8,turkey2,0.25,0.75,-6,0.75,4.0,1.33,8
Istanbulspor,8,2,1,5,10,13,-3,7,turkey2,0.25,0.75,-3,1.25,4.0,1.33,9
Igdir,8,1,3,4,5,14,-9,6,turkey2,0.12,0.88,-9,0.62,8.33,1.14,10
Adanaspor,8,1,2,5,3,11,-8,5,turkey2,0.12,0.88,-8,0.38,8.33,1.14,11
Y. Malatyaspor,8,0,0,8,2,26,-24,0,turkey2,0.0,1.0,-24,0.25,0.0,1.0,12
Sariyer,8,5,3,0,17,4,13,18,turkey3,0.62,0.38,13,2.12,1.61,2.63,1
Altinordu,8,4,3,1,18,7,11,15,turkey3,0.5,0.5,11,2.25,2.0,2.0,2
Fethiyespor,8,4,3,1,14,8,6,15,turkey3,0.5,0.5,6,1.75,2.0,2.0,2
Kastamonuspor,8,4,2,2,15,9,6,14,turkey3,0.5,0.5,6,1.88,2.0,2.0,3
Adana,8,3,3,2,9,9,0,12,turkey3,0.38,0.62,0,1.12,2.63,1.61,4
B. Petrolspor,8,4,0,4,10,13,-3,12,turkey3,0.5,0.5,-3,1.25,2.0,2.0,4
Iskenderun,8,3,2,3,10,10,0,11,turkey3,0.38,0.62,0,1.25,2.63,1.61,5
24 Erzincanspor,8,2,4,2,13,9,4,10,turkey3,0.25,0.75,4,1.62,4.0,1.33,6
B. Anadolu,8,2,2,4,12,16,-4,8,turkey3,0.25,0.75,-4,1.5,4.0,1.33,7
Isparta Davrazs,8,1,4,3,5,8,-3,7,turkey3,0.12,0.88,-3,0.62,8.33,1.14,8
Inegolspor,8,2,1,5,9,15,-6,7,turkey3,0.25,0.75,-6,1.12,4.0,1.33,8
Kepez Belediyes,8,1,3,4,6,13,-7,6,turkey3,0.12,0.88,-7,0.75,8.33,1.14,9
Trabzon FK,8,1,2,5,10,14,-4,5,turkey3,0.12,0.88,-4,1.25,8.33,1.14,10
Karakopru,8,1,2,5,5,12,-7,5,turkey3,0.12,0.88,-7,0.62,8.33,1.14,10
Kirklarelispor,8,0,3,5,4,12,-8,3,turkey3,0.0,1.0,-8,0.5,0.0,1.0,11
Ankaraspor,8,0,3,5,4,17,-13,3,turkey3,0.0,1.0,-13,0.5,0.0,1.0,11
Altay,8,1,0,7,4,21,-17,3,turkey3,0.12,0.88,-17,0.5,8.33,1.14,11
Afyonspor,8,0,0,8,2,32,-30,0,turkey3,0.0,1.0,-30,0.25,0.0,1.0,12
Serik Belediyes,8,8,0,0,23,7,16,24,turkey4,1.0,0.0,16,2.88,1.0,0.0,1
Van Spor,8,5,2,1,15,7,8,17,turkey4,0.62,0.38,8,1.88,1.61,2.63,2
Menemen B.,8,4,2,2,15,6,9,14,turkey4,0.5,0.5,9,1.88,2.0,2.0,3
Karaman,8,4,2,2,13,7,6,14,turkey4,0.5,0.5,6,1.62,2.0,2.0,3
Aksaray B.,8,4,1,3,11,8,3,13,turkey4,0.5,0.5,3,1.38,2.0,2.0,4
Beyoglu Yeni C.,8,3,3,2,16,11,5,12,turkey4,0.38,0.62,5,2.0,2.63,1.61,5
Elazigspor,8,3,3,2,13,11,2,12,turkey4,0.38,0.62,2,1.62,2.63,1.61,5
A. Demirspor,8,3,2,3,15,14,1,11,turkey4,0.38,0.62,1,1.88,2.63,1.61,6
Arnavutkoy B.,8,3,2,3,13,14,-1,11,turkey4,0.38,0.62,-1,1.62,2.63,1.61,6
Karacabey,8,3,1,4,14,14,0,10,turkey4,0.38,0.62,0,1.75,2.63,1.61,7
Bucaspor,8,2,2,4,4,6,-2,8,turkey4,0.25,0.75,-2,0.5,4.0,1.33,8
Erbaaspor,8,2,2,4,10,13,-3,8,turkey4,0.25,0.75,-3,1.25,4.0,1.33,8
Somaspor,8,2,1,5,7,10,-3,7,turkey4,0.25,0.75,-3,0.88,4.0,1.33,9
Derince,8,0,4,4,5,10,-5,4,turkey4,0.0,1.0,-5,0.62,0.0,1.0,10
Nazillispor,8,1,1,6,5,15,-10,4,turkey4,0.12,0.88,-10,0.62,8.33,1.14,10
Diyarbekirspor,8,0,3,5,3,12,-9,3,turkey4,0.0,1.0,-9,0.38,0.0,1.0,11
Yeni Mersin,8,0,3,5,4,16,-12,3,turkey4,0.0,1.0,-12,0.5,0.0,1.0,11
Giresunspor,8,0,2,6,7,19,-12,2,turkey4,0.0,1.0,-12,0.88,0.0,1.0,12
Bursaspor,8,7,1,0,18,3,15,22,turkey5,0.88,0.12,15,2.25,1.14,8.33,1
Kirsehir B.,8,4,2,2,12,9,3,14,turkey5,0.5,0.5,3,1.5,2.0,2.0,2
Anadolu U.,8,4,1,3,12,5,7,13,turkey5,0.5,0.5,7,1.5,2.0,2.0,3
Karsiyaka,8,4,1,3,12,9,3,13,turkey5,0.5,0.5,3,1.5,2.0,2.0,3
Duzcespor,8,3,4,1,9,9,0,13,turkey5,0.38,0.62,0,1.12,2.63,1.61,3
Silifke,8,3,2,3,16,13,3,11,turkey5,0.38,0.62,3,2.0,2.63,1.61,4
Elaziz K.,8,3,2,3,7,5,2,11,turkey5,0.38,0.62,2,0.88,2.63,1.61,4
Kutahyaspor,8,3,2,3,11,10,1,11,turkey5,0.38,0.62,1,1.38,2.63,1.61,4
Musspor,8,2,4,2,8,7,1,10,turkey5,0.25,0.75,1,1.0,4.0,1.33,5
Viven Bornova,8,2,3,3,12,13,-1,9,turkey5,0.25,0.75,-1,1.5,4.0,1.33,6
Artvin Hopaspor,8,2,3,3,7,10,-3,9,turkey5,0.25,0.75,-3,0.88,4.0,1.33,6
Tokat,8,1,5,2,3,5,-2,8,turkey5,0.12,0.88,-2,0.38,8.33,1.14,7
Kahramanmar.,8,1,3,4,7,16,-9,6,turkey5,0.12,0.88,-9,0.88,8.33,1.14,8
Kusadasispor,8,2,0,6,8,18,-10,6,turkey5,0.25,0.75,-10,1.0,4.0,1.33,8
K. Bulvarspor,8,1,3,4,5,16,-11,6,turkey5,0.12,0.88,-11,0.62,8.33,1.14,8
Ergene Velimese,8,1,2,5,3,13,-10,5,turkey5,0.12,0.88,-10,0.38,8.33,1.14,9
Silivrispor,8,5,2,1,16,9,7,17,turkey6,0.62,0.38,7,2.0,1.61,2.63,1
Balikesirspor,8,5,1,2,18,9,9,16,turkey6,0.62,0.38,9,2.25,1.61,2.63,2
Tire 2021 FK,8,4,3,1,11,4,7,15,turkey6,0.5,0.5,7,1.38,2.0,2.0,3
Usakspor,8,5,0,3,10,6,4,15,turkey6,0.62,0.38,4,1.25,1.61,2.63,3
Cayelispor,8,4,2,2,11,8,3,14,turkey6,0.5,0.5,3,1.38,2.0,2.0,4
Fatsa B.,8,4,2,2,11,8,3,14,turkey6,0.5,0.5,3,1.38,2.0,2.0,4
Kelkit,8,2,5,1,5,4,1,11,turkey6,0.25,0.75,1,0.62,4.0,1.33,5
Mazidagi,8,2,5,1,5,4,1,11,turkey6,0.25,0.75,1,0.62,4.0,1.33,5
Muglaspor,8,3,2,3,9,10,-1,11,turkey6,0.38,0.62,-1,1.12,2.63,1.61,5
Amasyaspor,8,2,4,2,12,13,-1,10,turkey6,0.25,0.75,-1,1.5,4.0,1.33,6
Etimesgut,8,2,4,2,5,6,-1,10,turkey6,0.25,0.75,-1,0.62,4.0,1.33,6
Turk Metal 1963,8,2,3,3,9,13,-4,9,turkey6,0.25,0.75,-4,1.12,4.0,1.33,7
Beykoz Ishaklis,8,2,2,4,8,10,-2,8,turkey6,0.25,0.75,-2,1.0,4.0,1.33,8
Nevsehirspor,8,1,2,5,4,12,-8,5,turkey6,0.12,0.88,-8,0.5,8.33,1.14,9
Inegol Kafkas,8,1,2,5,6,15,-9,5,turkey6,0.12,0.88,-9,0.75,8.33,1.14,9
Adiyaman,8,1,2,5,7,18,-11,5,turkey6,0.12,0.88,-11,0.88,8.33,1.14,9
Kucukcekmece,8,5,1,2,19,8,11,16,turkey7,0.62,0.38,11,2.38,1.61,2.63,1
Orduspor,8,4,3,1,7,3,4,15,turkey7,0.5,0.5,4,0.88,2.0,2.0,2
Aliaga FAS,8,2,6,0,5,1,4,12,turkey7,0.25,0.75,4,0.62,4.0,1.33,3
Ayvalikgucu,8,3,3,2,7,5,2,12,turkey7,0.38,0.62,2,0.88,2.63,1.61,3
Corluspor,8,3,2,3,8,9,-1,11,turkey7,0.38,0.62,-1,1.0,2.63,1.61,4
Pazarspor,8,2,4,2,5,5,0,10,turkey7,0.25,0.75,0,0.62,4.0,1.33,5
1922 Konyaspor,8,2,3,3,7,11,-4,9,turkey7,0.25,0.75,-4,0.88,4.0,1.33,6
K. Idmanyurdu,8,1,4,3,9,15,-6,7,turkey7,0.12,0.88,-6,1.12,8.33,1.14,7
Bursa,8,2,1,5,5,15,-10,7,turkey7,0.25,0.75,-10,0.62,4.0,1.33,7
Osmaniyespor,8,2,0,6,7,13,-6,6,turkey7,0.25,0.75,-6,0.88,4.0,1.33,8
Bayburt,8,0,5,3,10,14,-4,5,turkey7,0.0,1.0,-4,1.25,0.0,1.0,9
Efeler 09,8,1,2,5,4,8,-4,5,turkey7,0.12,0.88,-4,0.5,8.33,1.14,9
Alanya 1221,8,0,3,5,7,13,-6,3,turkey7,0.0,1.0,-6,0.88,0.0,1.0,10
Cankaya FK,8,1,0,7,6,20,-14,3,turkey7,0.12,0.88,-14,0.75,8.33,1.14,10
Yozgat Bld Bozo,8,0,2,6,5,16,-11,2,turkey7,0.0,1.0,-11,0.62,0.0,1.0,11
Viransehir,8,0,1,7,1,17,-16,1,turkey7,0.0,1.0,-16,0.12,0.0,1.0,12
Agri 1970,8,4,2,2,17,11,6,14,turkey8,0.5,0.5,6,2.12,2.0,2.0,1
Mardin BB,8,4,2,2,11,8,3,14,turkey8,0.5,0.5,3,1.38,2.0,2.0,1
Sebat G.,8,4,2,2,13,11,2,14,turkey8,0.5,0.5,2,1.62,2.0,2.0,1
Orduspor 1967,8,4,1,3,16,10,6,13,turkey8,0.5,0.5,6,2.0,2.0,2.0,2
Nilufer B.,8,3,3,2,13,7,6,12,turkey8,0.38,0.62,6,1.62,2.63,1.61,3
K. Istiklalspor,8,3,2,3,11,6,5,11,turkey8,0.38,0.62,5,1.38,2.63,1.61,4
Z. Komurspor,8,3,2,3,9,7,2,11,turkey8,0.38,0.62,2,1.12,2.63,1.61,4
Kirikkale B.,8,3,1,4,9,7,2,10,turkey8,0.38,0.62,2,1.12,2.63,1.61,5
Nigde Belediyes,8,1,3,4,8,13,-5,6,turkey8,0.12,0.88,-5,1.0,8.33,1.14,6
Talasgucu,8,1,2,5,6,11,-5,5,turkey8,0.12,0.88,-5,0.75,8.33,1.14,7
Turgutluspor,8,1,2,5,7,16,-9,5,turkey8,0.12,0.88,-9,0.88,8.33,1.14,7
Edirnespor,8,1,2,5,4,16,-12,5,turkey8,0.12,0.88,-12,0.5,8.33,1.14,7
Denizlispor,8,1,2,5,5,21,-16,5,turkey8,0.12,0.88,-16,0.62,8.33,1.14,7
Tepecik,8,1,1,6,5,17,-12,4,turkey8,0.12,0.88,-12,0.62,8.33,1.14,8
Polatli B.,8,0,2,6,7,22,-15,2,turkey8,0.0,1.0,-15,0.88,0.0,1.0,9
Bergama B.,8,0,1,7,8,21,-13,1,turkey8,0.0,1.0,-13,1.0,0.0,1.0,10
Al Sharjah,7,5,1,1,13,4,9,16,uae,0.71,0.29,9,1.86,1.41,3.45,1
Shabab Al Ahli,5,4,1,0,13,4,9,13,uae,0.8,0.2,9,2.6,1.25,5.0,2
Khorfakkan,7,3,0,4,13,18,-5,9,uae,0.43,0.57,-5,1.86,2.33,1.75,3
Al Ain,5,2,2,1,15,13,2,8,uae,0.4,0.6,2,3.0,2.5,1.67,4
Al Jazira,7,2,2,3,13,12,1,8,uae,0.29,0.71,1,1.86,3.45,1.41,4
Al Wahda,6,2,2,2,7,8,-1,8,uae,0.33,0.67,-1,1.17,3.03,1.49,4
Al Bataeh,7,2,1,4,8,12,-4,7,uae,0.29,0.71,-4,1.14,3.45,1.41,5
Ajman,7,2,0,5,8,14,-6,6,uae,0.29,0.71,-6,1.14,3.45,1.41,6
Al Nasr,7,2,0,5,12,19,-7,6,uae,0.29,0.71,-7,1.71,3.45,1.41,6
Ittihad Kalba,6,1,2,3,7,9,-2,5,uae,0.17,0.83,-2,1.17,5.88,1.2,7
Dibba Al Hisn,7,1,2,4,8,16,-8,5,uae,0.14,0.86,-8,1.14,7.14,1.16,7
Al Wasl,6,0,4,2,6,11,-5,4,uae,0.0,1.0,-5,1.0,0.0,1.0,8
Bani Yas,7,1,1,5,6,17,-11,4,uae,0.14,0.86,-11,0.86,7.14,1.16,8
Al Urooba,6,0,0,6,1,17,-16,0,uae,0.0,1.0,-16,0.17,0.0,1.0,9
Dynamo Kyiv,7,5,2,0,16,4,12,17,ukraine,0.71,0.29,12,2.29,1.41,3.45,1
Kryvbas KR,8,5,1,2,10,7,3,16,ukraine,0.62,0.38,3,1.25,1.61,2.63,2
Shakhtar,7,3,2,2,12,7,5,11,ukraine,0.43,0.57,5,1.71,2.33,1.75,3
Oleksandria,6,3,2,1,6,5,1,11,ukraine,0.5,0.5,1,1.0,2.0,2.0,3
Polessya,7,3,1,3,11,9,2,10,ukraine,0.43,0.57,2,1.57,2.33,1.75,4
Zorya Luhansk,8,3,1,4,8,10,-2,10,ukraine,0.38,0.62,-2,1.0,2.63,1.61,4
Kolos Kovalivka,8,2,3,3,7,7,0,9,ukraine,0.25,0.75,0,0.88,4.0,1.33,5
Rukh Lviv,8,1,5,2,5,8,-3,8,ukraine,0.12,0.88,-3,0.62,8.33,1.14,6
Livyi Bereh,8,2,2,4,4,8,-4,8,ukraine,0.25,0.75,-4,0.5,4.0,1.33,6
Veres,7,2,2,3,5,10,-5,8,ukraine,0.29,0.71,-5,0.71,3.45,1.41,6
Obolon,8,2,2,4,5,12,-7,8,ukraine,0.25,0.75,-7,0.62,4.0,1.33,6
Karpaty Lviv,8,2,1,5,6,14,-8,7,ukraine,0.25,0.75,-8,0.75,4.0,1.33,7
LNZ Cherkasy,8,1,3,4,8,17,-9,6,ukraine,0.12,0.88,-9,1.0,8.33,1.14,8
Vorskla Poltava,8,1,2,5,7,14,-7,5,ukraine,0.12,0.88,-7,0.88,8.33,1.14,9
Inhulets,8,1,2,5,7,17,-10,5,ukraine,0.12,0.88,-10,0.88,8.33,1.14,9
Chornomorets,8,0,2,6,5,14,-9,2,ukraine,0.0,1.0,-9,0.62,0.0,1.0,10
Dnipro-1,0,0,0,0,0,0,0,0,ukraine,0.0,0.0,0,0.0,0.0,0.0,11
Defensor S.,4,3,0,1,5,2,3,9,uruguay2,0.75,0.25,3,1.25,1.33,4.0,1
Danubio,4,2,2,0,7,5,2,8,uruguay2,0.5,0.5,2,1.75,2.0,2.0,2
Cerro Largo,3,2,1,0,3,0,3,7,uruguay2,0.67,0.33,3,1.0,1.49,3.03,3
Nacional,3,2,0,1,10,3,7,6,uruguay2,0.67,0.33,7,3.33,1.49,3.03,4
Penarol,3,2,0,1,5,3,2,6,uruguay2,0.67,0.33,2,1.67,1.49,3.03,4
River Plate,4,2,0,2,4,3,1,6,uruguay2,0.5,0.5,1,1.0,2.0,2.0,4
Miramar Misione,4,2,0,2,4,7,-3,6,uruguay2,0.5,0.5,-3,1.0,2.0,2.0,4
D. Maldonado,4,1,2,1,3,3,0,5,uruguay2,0.25,0.75,0,0.75,4.0,1.33,5
Wanderers,3,1,1,1,3,4,-1,4,uruguay2,0.33,0.67,-1,1.0,3.03,1.49,6
Rampla Juniors,4,1,1,2,3,7,-4,4,uruguay2,0.25,0.75,-4,0.75,4.0,1.33,6
Racing CM,4,0,3,1,6,7,-1,3,uruguay2,0.0,1.0,-1,1.5,0.0,1.0,7
Fenix,3,1,0,2,4,5,-1,3,uruguay2,0.33,0.67,-1,1.33,3.03,1.49,7
Cerro,3,1,0,2,1,3,-2,3,uruguay2,0.33,0.67,-2,0.33,3.03,1.49,7
Progreso,3,0,2,1,4,6,-2,2,uruguay2,0.0,1.0,-2,1.33,0.0,1.0,8
Boston River,3,0,1,2,1,3,-2,1,uruguay2,0.0,1.0,-2,0.33,0.0,1.0,9
Liverpool M.,4,0,0,4,3,8,-5,0,uruguay2,0.0,1.0,-5,0.75,0.0,1.0,10
Columbus Crew,8,5,2,1,19,8,11,17,usa,0.62,0.38,11,2.38,1.61,2.63,1
Inter Miami,8,5,2,1,16,14,2,17,usa,0.62,0.38,2,2.0,1.61,2.63,1
Seattle,8,5,1,2,15,7,8,16,usa,0.62,0.38,8,1.88,1.61,2.63,2
Los Angeles FC,8,5,1,2,15,10,5,16,usa,0.62,0.38,5,1.88,1.61,2.63,2
DC United,8,5,1,2,16,19,-3,16,usa,0.62,0.38,-3,2.0,1.61,2.63,2
Orlando City,8,5,0,3,19,15,4,15,usa,0.62,0.38,4,2.38,1.61,2.63,3
Houston Dynamo,8,5,0,3,14,11,3,15,usa,0.62,0.38,3,1.75,1.61,2.63,3
Minnesota Utd,8,4,2,2,12,8,4,14,usa,0.5,0.5,4,1.5,2.0,2.0,4
Cincinnati,8,4,1,3,13,14,-1,13,usa,0.5,0.5,-1,1.62,2.0,2.0,5
Vancouver,8,3,2,3,13,12,1,11,usa,0.38,0.62,1,1.62,2.63,1.61,6
Austin,8,3,1,4,8,10,-2,10,usa,0.38,0.62,-2,1.0,2.63,1.61,7
Charlotte,8,2,3,3,11,10,1,9,usa,0.25,0.75,1,1.38,4.0,1.33,8
LA Galaxy,8,3,0,5,12,13,-1,9,usa,0.38,0.62,-1,1.5,2.63,1.61,8
Real Salt Lake,8,2,3,3,11,16,-5,9,usa,0.25,0.75,-5,1.38,4.0,1.33,8
Atlanta Utd,8,2,2,4,9,14,-5,8,usa,0.25,0.75,-5,1.12,4.0,1.33,9
New York RB,8,1,4,3,10,10,0,7,usa,0.12,0.88,0,1.25,8.33,1.14,10
New York City,8,1,4,3,12,13,-1,7,usa,0.12,0.88,-1,1.5,8.33,1.14,10
Portland,8,1,4,3,12,14,-2,7,usa,0.12,0.88,-2,1.5,8.33,1.14,10
Toronto,8,2,1,5,5,15,-10,7,usa,0.25,0.75,-10,0.62,4.0,1.33,10
Philadelphia,8,2,0,6,17,19,-2,6,usa,0.25,0.75,-2,2.12,4.0,1.33,11
Dallas,8,1,3,4,13,16,-3,6,usa,0.12,0.88,-3,1.62,8.33,1.14,11
Colorado Rapids,8,2,0,6,12,20,-8,6,usa,0.25,0.75,-8,1.5,4.0,1.33,11
St. Louis City,8,1,3,4,11,19,-8,6,usa,0.12,0.88,-8,1.38,8.33,1.14,11
Nashville SC,8,2,0,6,8,16,-8,6,usa,0.25,0.75,-8,1.0,4.0,1.33,11
CF Montreal,8,1,3,4,10,19,-9,6,usa,0.12,0.88,-9,1.25,8.33,1.14,11
Chicago Fire,8,1,1,6,8,14,-6,4,usa,0.12,0.88,-6,1.0,8.33,1.14,12
Sporting KC,8,1,1,6,7,17,-10,4,usa,0.12,0.88,-10,0.88,8.33,1.14,12
SJ Earthquakes,8,1,1,6,7,20,-13,4,usa,0.12,0.88,-13,0.88,8.33,1.14,12
New England,8,1,0,7,9,26,-17,3,usa,0.12,0.88,-17,1.12,8.33,1.14,13
Detroit City,8,4,3,1,13,7,6,15,usa2,0.5,0.5,6,1.62,2.0,2.0,1
Pittsburgh,8,4,2,2,12,5,7,14,usa2,0.5,0.5,7,1.5,2.0,2.0,2
Las Vegas L.,8,4,2,2,14,10,4,14,usa2,0.5,0.5,4,1.75,2.0,2.0,2
Louisville City,8,3,2,3,13,12,1,11,usa2,0.38,0.62,1,1.62,2.63,1.61,3
Colorado S.,8,3,2,3,11,12,-1,11,usa2,0.38,0.62,-1,1.38,2.63,1.61,3
New Mexico,8,3,2,3,7,9,-2,11,usa2,0.38,0.62,-2,0.88,2.63,1.61,3
San Antonio,8,3,2,3,6,9,-3,11,usa2,0.38,0.62,-3,0.75,2.63,1.61,3
Oakland Roots,8,3,2,3,9,17,-8,11,usa2,0.38,0.62,-8,1.12,2.63,1.61,3
Hartford A.,8,2,4,2,12,12,0,10,usa2,0.25,0.75,0,1.5,4.0,1.33,4
Memphis,8,3,1,4,14,15,-1,10,usa2,0.38,0.62,-1,1.75,2.63,1.61,4
FC Tulsa,8,3,1,4,9,11,-2,10,usa2,0.38,0.62,-2,1.12,2.63,1.61,4
North Carolina,8,3,1,4,9,11,-2,10,usa2,0.38,0.62,-2,1.12,2.63,1.61,4
Phoenix Rising,8,3,1,4,5,11,-6,10,usa2,0.38,0.62,-6,0.62,2.63,1.61,4
Rhode Island,8,2,3,3,8,8,0,9,usa2,0.25,0.75,0,1.0,4.0,1.33,5
Birmingham L.,8,2,2,4,13,14,-1,8,usa2,0.25,0.75,-1,1.62,4.0,1.33,6
Loudoun Utd,8,2,2,4,7,8,-1,8,usa2,0.25,0.75,-1,0.88,4.0,1.33,6
Monterey Bay,8,2,2,4,9,13,-4,8,usa2,0.25,0.75,-4,1.12,4.0,1.33,6
El Paso,8,2,2,4,3,9,-6,8,usa2,0.25,0.75,-6,0.38,4.0,1.33,6
Charleston,8,1,3,4,8,15,-7,6,usa2,0.12,0.88,-7,1.0,8.33,1.14,7
Indy Eleven,8,1,3,4,3,13,-10,6,usa2,0.12,0.88,-10,0.38,8.33,1.14,7
Orange County,8,1,3,4,3,14,-11,6,usa2,0.12,0.88,-11,0.38,8.33,1.14,7
Tampa Bay,8,1,2,5,9,16,-7,5,usa2,0.12,0.88,-7,1.12,8.33,1.14,8
Sacramento R.,8,1,1,6,9,15,-6,4,usa2,0.12,0.88,-6,1.12,8.33,1.14,9
Miami FC,8,0,0,8,2,24,-22,0,usa2,0.0,1.0,-22,0.25,0.0,1.0,10
N. Colorado,8,5,2,1,10,5,5,17,usa3,0.62,0.38,5,1.25,1.61,2.63,1
Charlotte I.,8,4,4,0,14,8,6,16,usa3,0.5,0.5,6,1.75,2.0,2.0,2
Union Omaha,8,5,1,2,17,12,5,16,usa3,0.62,0.38,5,2.12,1.61,2.63,2
Forward Madison,8,3,3,2,14,9,5,12,usa3,0.38,0.62,5,1.75,2.63,1.61,3
Greenville,8,4,0,4,14,14,0,12,usa3,0.5,0.5,0,1.75,2.0,2.0,3
One Knoxville,8,2,4,2,4,4,0,10,usa3,0.25,0.75,0,0.5,4.0,1.33,4
Lexington,8,2,2,4,13,17,-4,8,usa3,0.25,0.75,-4,1.62,4.0,1.33,5
Spokane V.,8,2,2,4,7,12,-5,8,usa3,0.25,0.75,-5,0.88,4.0,1.33,5
Chattanooga RW,8,2,1,5,10,15,-5,7,usa3,0.25,0.75,-5,1.25,4.0,1.33,6
Richmond K.,8,1,3,4,8,15,-7,6,usa3,0.12,0.88,-7,1.0,8.33,1.14,7
Tormenta,8,1,3,4,8,17,-9,6,usa3,0.12,0.88,-9,1.0,8.33,1.14,7
Central Valley,8,1,1,6,10,24,-14,4,usa3,0.12,0.88,-14,1.25,8.33,1.14,8
Sogdiana,8,5,2,1,12,4,8,17,uzbekistan,0.62,0.38,8,1.5,1.61,2.63,1
Nasaf Qarshi,8,5,2,1,9,5,4,17,uzbekistan,0.62,0.38,4,1.12,1.61,2.63,1
Navbahor,8,5,1,2,15,9,6,16,uzbekistan,0.62,0.38,6,1.88,1.61,2.63,2
Neftchi,8,3,4,1,8,4,4,13,uzbekistan,0.38,0.62,4,1.0,2.63,1.61,3
Bunyodkor,8,4,1,3,11,10,1,13,uzbekistan,0.5,0.5,1,1.38,2.0,2.0,3
Dinamo Samarqan,8,4,0,4,14,15,-1,12,uzbekistan,0.5,0.5,-1,1.75,2.0,2.0,4
AGMK,8,3,2,3,10,10,0,11,uzbekistan,0.38,0.62,0,1.25,2.63,1.61,5
Termez Surkhon,8,3,1,4,9,12,-3,10,uzbekistan,0.38,0.62,-3,1.12,2.63,1.61,6
L. Tashkent,8,2,2,4,8,12,-4,8,uzbekistan,0.25,0.75,-4,1.0,4.0,1.33,7
Metallurg,8,1,3,4,7,10,-3,6,uzbekistan,0.12,0.88,-3,0.88,8.33,1.14,8
Pakhtakor,8,2,0,6,9,17,-8,6,uzbekistan,0.25,0.75,-8,1.12,4.0,1.33,8
FK Olympic,8,1,3,4,8,18,-10,6,uzbekistan,0.12,0.88,-10,1.0,8.33,1.14,8
Andijan,8,0,5,3,9,16,-7,5,uzbekistan,0.0,1.0,-7,1.12,0.0,1.0,9
Qizilqum,8,0,3,5,4,11,-7,3,uzbekistan,0.0,1.0,-7,0.5,0.0,1.0,10
Thanh Hoa,5,4,1,0,9,3,6,13,vietnam,0.8,0.2,6,1.8,1.25,5.0,1
Nam Dinh,7,3,3,1,10,4,6,12,vietnam,0.43,0.57,6,1.43,2.33,1.75,2
Viettel,5,3,2,0,9,2,7,11,vietnam,0.6,0.4,7,1.8,1.67,2.5,3
Ha Noi,5,2,2,1,7,4,3,8,vietnam,0.4,0.6,3,1.4,2.5,1.67,4
Hong Linh Ha T.,5,1,4,0,7,5,2,7,vietnam,0.2,0.8,2,1.4,5.0,1.25,5
Gia Lai,6,2,1,3,7,8,-1,7,vietnam,0.33,0.67,-1,1.17,3.03,1.49,5
Ho Chi Minh,5,1,3,1,5,7,-2,6,vietnam,0.2,0.8,-2,1.0,5.0,1.25,6
Cong An Nhan,5,1,2,2,6,5,1,5,vietnam,0.2,0.8,1,1.2,5.0,1.25,7
Quang Nam,5,1,2,2,1,2,-1,5,vietnam,0.2,0.8,-1,0.2,5.0,1.25,7
Hai Phong,6,0,4,2,5,8,-3,4,vietnam,0.0,1.0,-3,0.83,0.0,1.0,8
Binh Duong,6,1,1,4,3,6,-3,4,vietnam,0.17,0.83,-3,0.5,5.88,1.2,8
Binh Dinh,5,1,1,3,2,6,-4,4,vietnam,0.2,0.8,-4,0.4,5.0,1.25,8
Song Lam Nghe,5,0,3,2,5,10,-5,3,vietnam,0.0,1.0,-5,1.0,0.0,1.0,9
Da Nang,6,0,1,5,2,13,-11,1,vietnam,0.0,1.0,-11,0.33,0.0,1.0,10
Binh Phuoc,4,3,1,0,3,0,3,10,vietnam2,0.75,0.25,3,0.75,1.33,4.0,1
Phu Dong,3,3,0,0,6,0,6,9,vietnam2,1.0,0.0,6,2.0,1.0,0.0,2
PVF-CAND,3,1,2,0,3,0,3,5,vietnam2,0.33,0.67,3,1.0,3.03,1.49,3
Hue,3,1,0,2,4,4,0,3,vietnam2,0.33,0.67,0,1.33,3.03,1.49,4
Dong Thap,3,0,3,0,2,2,0,3,vietnam2,0.0,1.0,0,0.67,0.0,1.0,4
S. Khanh Hoa,3,0,2,1,2,4,-2,2,vietnam2,0.0,1.0,-2,0.67,0.0,1.0,5
Ho Chi Minh B,3,0,2,1,1,3,-2,2,vietnam2,0.0,1.0,-2,0.33,0.0,1.0,5
Long An,3,0,2,1,1,3,-2,2,vietnam2,0.0,1.0,-2,0.33,0.0,1.0,5
Dong Nai,4,0,2,2,3,7,-4,2,vietnam2,0.0,1.0,-4,0.75,0.0,1.0,5
Ba Ria Vung Tau,3,0,0,3,2,5,-3,0,vietnam2,0.0,1.0,-3,0.67,0.0,1.0,6
Hoa Binh,3,0,0,3,1,5,-4,0,vietnam2,0.0,1.0,-4,0.33,0.0,1.0,6
The New Saints,8,6,0,2,24,11,13,18,wales,0.75,0.25,13,3.0,1.33,4.0,1
Caernarfon,8,5,2,1,11,7,4,17,wales,0.62,0.38,4,1.38,1.61,2.63,2
Penybont,8,5,1,2,17,9,8,16,wales,0.62,0.38,8,2.12,1.61,2.63,3
Haverfordwest,8,4,1,3,11,6,5,13,wales,0.5,0.5,5,1.38,2.0,2.0,4
Barry,8,3,2,3,13,15,-2,11,wales,0.38,0.62,-2,1.62,2.63,1.61,5
Bala Town,8,1,6,1,10,9,1,9,wales,0.12,0.88,1,1.25,8.33,1.14,6
Briton Ferry,8,2,1,5,17,21,-4,7,wales,0.25,0.75,-4,2.12,4.0,1.33,7
Cardiff MU,8,2,1,5,7,12,-5,7,wales,0.25,0.75,-5,0.88,4.0,1.33,7
Connahs Quay,8,1,2,5,8,11,-3,5,wales,0.12,0.88,-3,1.0,8.33,1.14,8
Newtown,8,1,2,5,9,15,-6,5,wales,0.12,0.88,-6,1.12,8.33,1.14,8
Flint,8,1,1,6,9,27,-18,4,wales,0.12,0.88,-18,1.12,8.33,1.14,9
Aberystwyth,8,1,0,7,4,19,-15,3,wales,0.12,0.88,-15,0.5,8.33,1.14,10
