Equipe,GP,W,D,L,GF,GA,GD,Pts_Home,Liga,PIH,PIH_HA,GD_Home,GF_AVG_Home,Odd_Justa_MO,Odd_Justa_HA,Rank_Home
Egnatia R.,8,6,2,0,13,4,9,20,Albania - Abissnet Superiore,0.75,1.0,9,1.62,1.33,1.0,1
Vllaznia S.,8,4,1,3,13,10,3,13,Albania - Abissnet Superiore,0.5,0.62,3,1.62,2.0,1.61,2
Laci,8,3,4,1,10,7,3,13,Albania - Abissnet Superiore,0.38,0.88,3,1.25,2.63,1.14,2
Bylis,8,4,1,3,7,11,-4,13,Albania - Abissnet Superiore,0.5,0.62,-4,0.88,2.0,1.61,2
AF Elbasani,8,3,2,3,12,9,3,11,Albania - Abissnet Superiore,0.38,0.62,3,1.5,2.63,1.61,3
Partizani T.,8,2,5,1,11,9,2,11,Albania - Abissnet Superiore,0.25,0.88,2,1.38,4.0,1.14,3
Teuta Durres,8,2,4,2,6,8,-2,10,Albania - Abissnet Superiore,0.25,0.75,-2,0.75,4.0,1.33,4
KF Tirana,8,2,4,2,7,10,-3,10,Albania - Abissnet Superiore,0.25,0.75,-3,0.88,4.0,1.33,4
Skenderbeu K.,8,2,2,4,6,13,-7,8,Albania - Abissnet Superiore,0.25,0.5,-7,0.75,4.0,2.0,5
JS Saoura,8,6,2,0,12,3,9,20,Algeria - Ligue 1,0.75,1.0,9,1.5,1.33,1.0,1
JS Kabylie,8,6,1,1,14,7,7,19,Algeria - Ligue 1,0.75,0.88,7,1.75,1.33,1.14,2
ASO Chlef,8,5,3,0,10,2,8,18,Algeria - Ligue 1,0.62,1.0,8,1.25,1.61,1.0,3
USM Alger,8,5,2,1,12,4,8,17,Algeria - Ligue 1,0.62,0.88,8,1.5,1.61,1.14,4
CR Belouizdad,8,5,1,2,14,6,8,16,Algeria - Ligue 1,0.62,0.75,8,1.75,1.61,1.33,5
MC Oran,8,5,1,2,7,4,3,16,Algeria - Ligue 1,0.62,0.75,3,0.88,1.61,1.33,5
CS Constantine,8,4,3,1,10,7,3,15,Algeria - Ligue 1,0.5,0.88,3,1.25,2.0,1.14,6
ES Setif,8,4,3,1,8,5,3,15,Algeria - Ligue 1,0.5,0.88,3,1.0,2.0,1.14,6
Paradou AC,8,4,1,3,15,11,4,13,Algeria - Ligue 1,0.5,0.62,4,1.88,2.0,1.61,7
NC Magra,8,3,4,1,9,7,2,13,Algeria - Ligue 1,0.38,0.88,2,1.12,2.63,1.14,7
MC Alger,8,3,4,1,9,8,1,13,Algeria - Ligue 1,0.38,0.88,1,1.12,2.63,1.14,7
Khenchela,8,4,1,3,9,9,0,13,Algeria - Ligue 1,0.5,0.62,0,1.12,2.0,1.61,7
El Bayadh,8,3,3,2,7,6,1,12,Algeria - Ligue 1,0.38,0.75,1,0.88,2.63,1.33,8
Mostaganem,8,3,3,2,6,6,0,12,Algeria - Ligue 1,0.38,0.75,0,0.75,2.63,1.33,8
Biskra,8,1,4,3,3,5,-2,7,Algeria - Ligue 1,0.12,0.62,-2,0.38,8.33,1.61,9
O. Akbou,8,1,3,4,5,7,-2,6,Algeria - Ligue 1,0.12,0.5,-2,0.62,8.33,2.0,10
Huracan,5,4,1,0,7,0,7,13,Argentina - Liga Profesional,0.8,1.0,7,1.4,1.25,1.0,1
Estudiantes,5,4,1,0,10,4,6,13,Argentina - Liga Profesional,0.8,1.0,6,2.0,1.25,1.0,1
Central Cordoba,6,4,1,1,9,3,6,13,Argentina - Liga Profesional,0.67,0.83,6,1.5,1.49,1.2,1
Boca Juniors,5,4,1,0,7,2,5,13,Argentina - Liga Profesional,0.8,1.0,5,1.4,1.25,1.0,1
Independiente,4,4,0,0,9,1,8,12,Argentina - Liga Profesional,1.0,1.0,8,2.25,1.0,1.0,2
Tigre,4,4,0,0,6,0,6,12,Argentina - Liga Profesional,1.0,1.0,6,1.5,1.0,1.0,2
Rosario Central,4,4,0,0,8,3,5,12,Argentina - Liga Profesional,1.0,1.0,5,2.0,1.0,1.0,2
River Plate,5,4,0,1,5,2,3,12,Argentina - Liga Profesional,0.8,0.8,3,1.0,1.25,1.25,2
Argentinos Jrs,6,3,2,1,5,3,2,11,Argentina - Liga Profesional,0.5,0.83,2,0.83,2.0,1.2,3
San Lorenzo,5,3,1,1,7,5,2,10,Argentina - Liga Profesional,0.6,0.8,2,1.4,1.67,1.25,4
Instituto,4,2,1,1,6,2,4,7,Argentina - Liga Profesional,0.5,0.75,4,1.5,2.0,1.33,5
Gimnasia,4,2,1,1,5,3,2,7,Argentina - Liga Profesional,0.5,0.75,2,1.25,2.0,1.33,5
Belgrano,4,2,1,1,5,4,1,7,Argentina - Liga Profesional,0.5,0.75,1,1.25,2.0,1.33,5
Defensa y J.,4,2,1,1,4,3,1,7,Argentina - Liga Profesional,0.5,0.75,1,1.0,2.0,1.33,5
Sarmiento,5,1,4,0,4,3,1,7,Argentina - Liga Profesional,0.2,1.0,1,0.8,5.0,1.0,5
Barracas C.,5,2,1,2,8,8,0,7,Argentina - Liga Profesional,0.4,0.6,0,1.6,2.5,1.67,5
Racing Club,4,2,0,2,8,4,4,6,Argentina - Liga Profesional,0.5,0.5,4,2.0,2.0,2.0,6
Platense,5,1,3,1,3,3,0,6,Argentina - Liga Profesional,0.2,0.8,0,0.6,5.0,1.25,6
I. Rivadavia,5,1,3,1,6,7,-1,6,Argentina - Liga Profesional,0.2,0.8,-1,1.2,5.0,1.25,6
Banfield,5,1,2,2,5,4,1,5,Argentina - Liga Profesional,0.2,0.6,1,1.0,5.0,1.67,7
Lanus,4,1,2,1,2,2,0,5,Argentina - Liga Profesional,0.25,0.75,0,0.5,4.0,1.33,7
Union Santa Fe,4,1,2,1,2,2,0,5,Argentina - Liga Profesional,0.25,0.75,0,0.5,4.0,1.33,7
D. Riestra,5,0,5,0,1,1,0,5,Argentina - Liga Profesional,0.0,1.0,0,0.2,0.0,1.0,7
SM San Juan,5,1,1,3,3,5,-2,4,Argentina - Liga Profesional,0.2,0.4,-2,0.6,5.0,2.5,8
Newells,5,1,1,3,2,4,-2,4,Argentina - Liga Profesional,0.2,0.4,-2,0.4,5.0,2.5,8
Velez Sarsfield,5,1,1,3,1,5,-4,4,Argentina - Liga Profesional,0.2,0.4,-4,0.2,5.0,2.5,8
A. Tucuman,4,1,0,3,6,6,0,3,Argentina - Liga Profesional,0.25,0.25,0,1.5,4.0,4.0,9
Godoy Cruz,4,0,3,1,1,4,-3,3,Argentina - Liga Profesional,0.0,0.75,-3,0.25,0.0,1.33,9
T. de Cordoba,5,0,2,3,4,7,-3,2,Argentina - Liga Profesional,0.0,0.4,-3,0.8,0.0,2.5,10
Colon Santa Fe,4,3,1,0,6,2,4,10,Argentina - Primera Nacional,0.75,1.0,4,1.5,1.33,1.0,1
San Miguel,3,3,0,0,6,1,5,9,Argentina - Primera Nacional,1.0,1.0,5,2.0,1.0,1.0,2
All Boys,3,2,1,0,6,1,5,7,Argentina - Primera Nacional,0.67,1.0,5,2.0,1.49,1.0,3
CA Estudiantes,3,2,1,0,7,3,4,7,Argentina - Primera Nacional,0.67,1.0,4,2.33,1.49,1.0,3
Central Norte,3,2,1,0,4,1,3,7,Argentina - Primera Nacional,0.67,1.0,3,1.33,1.49,1.0,3
G. Mendoza,3,2,1,0,4,1,3,7,Argentina - Primera Nacional,0.67,1.0,3,1.33,1.49,1.0,3
Tristan Suarez,3,2,1,0,4,1,3,7,Argentina - Primera Nacional,0.67,1.0,3,1.33,1.49,1.0,3
Atlanta,3,2,1,0,2,0,2,7,Argentina - Primera Nacional,0.67,1.0,2,0.67,1.49,1.0,3
Deportivo Maipu,2,2,0,0,5,1,4,6,Argentina - Primera Nacional,1.0,1.0,4,2.5,1.0,1.0,4
Temperley,2,2,0,0,4,0,4,6,Argentina - Primera Nacional,1.0,1.0,4,2.0,1.0,1.0,4
Racing Cordoba,3,2,0,1,5,2,3,6,Argentina - Primera Nacional,0.67,0.67,3,1.67,1.49,1.49,4
Chaco For Ever,4,2,0,2,4,3,1,6,Argentina - Primera Nacional,0.5,0.5,1,1.0,2.0,2.0,4
Agropecuario,3,2,0,1,3,2,1,6,Argentina - Primera Nacional,0.67,0.67,1,1.0,1.49,1.49,4
Quilmes,3,1,2,0,5,3,2,5,Argentina - Primera Nacional,0.33,1.0,2,1.67,3.03,1.0,5
Almirante Brown,3,1,2,0,4,2,2,5,Argentina - Primera Nacional,0.33,1.0,2,1.33,3.03,1.0,5
Deportivo Moron,3,1,2,0,3,1,2,5,Argentina - Primera Nacional,0.33,1.0,2,1.0,3.03,1.0,5
Ferro Carril,3,1,2,0,2,0,2,5,Argentina - Primera Nacional,0.33,1.0,2,0.67,3.03,1.0,5
D. de Belgrano,2,1,1,0,2,1,1,4,Argentina - Primera Nacional,0.5,1.0,1,1.0,2.0,1.0,6
E. Rio Cuarto,2,1,1,0,2,1,1,4,Argentina - Primera Nacional,0.5,1.0,1,1.0,2.0,1.0,6
SM Tucuman,2,1,1,0,2,1,1,4,Argentina - Primera Nacional,0.5,1.0,1,1.0,2.0,1.0,6
Los Andes,3,1,1,1,4,4,0,4,Argentina - Primera Nacional,0.33,0.67,0,1.33,3.03,1.49,6
Almagro,3,1,1,1,1,1,0,4,Argentina - Primera Nacional,0.33,0.67,0,0.33,3.03,1.49,6
Gimnasia Jujuy,3,1,1,1,1,1,0,4,Argentina - Primera Nacional,0.33,0.67,0,0.33,3.03,1.49,6
D. Madryn,2,1,0,1,3,3,0,3,Argentina - Primera Nacional,0.5,0.5,0,1.5,2.0,2.0,7
Gimnasia y Tiro,2,1,0,1,2,2,0,3,Argentina - Primera Nacional,0.5,0.5,0,1.0,2.0,2.0,7
Arsenal Sarandi,4,0,3,1,2,3,-1,3,Argentina - Primera Nacional,0.0,0.75,-1,0.5,0.0,1.33,7
T. Remedios,3,1,0,2,2,3,-1,3,Argentina - Primera Nacional,0.33,0.33,-1,0.67,3.03,3.03,7
San Telmo,2,1,0,1,1,3,-2,3,Argentina - Primera Nacional,0.5,0.5,-2,0.5,2.0,2.0,7
Alvarado,2,0,2,0,0,0,0,2,Argentina - Primera Nacional,0.0,1.0,0,0.0,0.0,1.0,8
A. Quilmes,8,6,2,0,14,3,11,20,Argentina - Primera B,0.75,1.0,11,1.75,1.33,1.0,1
Deportivo Merlo,8,5,3,0,12,5,7,18,Argentina - Primera B,0.62,1.0,7,1.5,1.61,1.0,2
Excursionistas,8,5,2,1,18,7,11,17,Argentina - Primera B,0.62,0.88,11,2.25,1.61,1.14,3
D. Armenio,8,5,2,1,14,4,10,17,Argentina - Primera B,0.62,0.88,10,1.75,1.61,1.14,3
Colegiales,8,5,2,1,10,1,9,17,Argentina - Primera B,0.62,0.88,9,1.25,1.61,1.14,3
Liniers,8,4,3,1,12,6,6,15,Argentina - Primera B,0.5,0.88,6,1.5,2.0,1.14,4
Flandria,8,4,3,1,8,3,5,15,Argentina - Primera B,0.5,0.88,5,1.0,2.0,1.14,4
Villa Dalmine,8,4,3,1,6,4,2,15,Argentina - Primera B,0.5,0.88,2,0.75,2.0,1.14,4
S. Italiano,8,4,2,2,11,3,8,14,Argentina - Primera B,0.5,0.75,8,1.38,2.0,1.33,5
Midland,8,4,2,2,11,5,6,14,Argentina - Primera B,0.5,0.75,6,1.38,2.0,1.33,5
SM Burzaco,8,4,2,2,9,4,5,14,Argentina - Primera B,0.5,0.75,5,1.12,2.0,1.33,5
Los Andes,8,4,1,3,9,6,3,13,Argentina - Primera B,0.5,0.62,3,1.12,2.0,1.61,6
UAI Urquiza,8,3,3,2,10,9,1,12,Argentina - Primera B,0.38,0.75,1,1.25,2.63,1.33,7
Sacachispas,8,3,2,3,5,7,-2,11,Argentina - Primera B,0.38,0.62,-2,0.62,2.63,1.61,8
Comunicaciones,8,2,4,2,8,8,0,10,Argentina - Primera B,0.25,0.75,0,1.0,4.0,1.33,9
Argentino Merlo,8,3,1,4,8,11,-3,10,Argentina - Primera B,0.38,0.5,-3,1.0,2.63,2.0,9
Fenix,8,2,2,4,6,7,-1,8,Argentina - Primera B,0.25,0.5,-1,0.75,4.0,2.0,10
Dock Sud,8,2,2,4,8,10,-2,8,Argentina - Primera B,0.25,0.5,-2,1.0,4.0,2.0,10
Acassuso,8,2,2,4,6,11,-5,8,Argentina - Primera B,0.25,0.5,-5,0.75,4.0,2.0,10
Canuelas,8,2,2,4,3,9,-6,8,Argentina - Primera B,0.25,0.5,-6,0.38,4.0,2.0,10
D. Laferrere,8,1,4,3,7,9,-2,7,Argentina - Primera B,0.12,0.62,-2,0.88,8.33,1.61,11
V. San Carlos,8,1,3,4,3,4,-1,6,Argentina - Primera B,0.12,0.5,-1,0.38,8.33,2.0,12
Ciudad Bolivar,1,1,0,0,3,1,2,3,Argentina - Torneo Federal,1.0,1.0,2,3.0,1.0,1.0,1
D. Rincon,1,1,0,0,1,0,1,3,Argentina - Torneo Federal,1.0,1.0,1,1.0,1.0,1.0,1
J. Antoniana,1,1,0,0,1,0,1,3,Argentina - Torneo Federal,1.0,1.0,1,1.0,1.0,1.0,1
Costa Brava,1,0,1,0,1,1,0,1,Argentina - Torneo Federal,0.0,1.0,0,1.0,0.0,1.0,2
Santamarina,1,0,1,0,1,1,0,1,Argentina - Torneo Federal,0.0,1.0,0,1.0,0.0,1.0,2
9 Julio Rafaela,0,0,0,0,0,0,0,0,Argentina - Torneo Federal,0.0,0.0,0,0.0,0.0,0.0,3
A. Rafaela,0,0,0,0,0,0,0,0,Argentina - Torneo Federal,0.0,0.0,0,0.0,0.0,0.0,3
Argentino MM,0,0,0,0,0,0,0,0,Argentina - Torneo Federal,0.0,0.0,0,0.0,0.0,0.0,3
Bartolom√© Mitre,0,0,0,0,0,0,0,0,Argentina - Torneo Federal,0.0,0.0,0,0.0,0.0,0.0,3
Ben Hur,0,0,0,0,0,0,0,0,Argentina - Torneo Federal,0.0,0.0,0,0.0,0.0,0.0,3
Boca Unidos,0,0,0,0,0,0,0,0,Argentina - Torneo Federal,0.0,0.0,0,0.0,0.0,0.0,3
Cipolletti,0,0,0,0,0,0,0,0,Argentina - Torneo Federal,0.0,0.0,0,0.0,0.0,0.0,3
Circulo D.,0,0,0,0,0,0,0,0,Argentina - Torneo Federal,0.0,0.0,0,0.0,0.0,0.0,3
Crucero del N.,0,0,0,0,0,0,0,0,Argentina - Torneo Federal,0.0,0.0,0,0.0,0.0,0.0,3
D. Belgrano VR,0,0,0,0,0,0,0,0,Argentina - Torneo Federal,0.0,0.0,0,0.0,0.0,0.0,3
Douglas Haig,0,0,0,0,0,0,0,0,Argentina - Torneo Federal,0.0,0.0,0,0.0,0.0,0.0,3
El Linqueno,0,0,0,0,0,0,0,0,Argentina - Torneo Federal,0.0,0.0,0,0.0,0.0,0.0,3
Germinal,0,0,0,0,0,0,0,0,Argentina - Torneo Federal,0.0,0.0,0,0.0,0.0,0.0,3
Gimnasia Chivil,0,0,0,0,0,0,0,0,Argentina - Torneo Federal,0.0,0.0,0,0.0,0.0,0.0,3
Gimnasia E.,0,0,0,0,0,0,0,0,Argentina - Torneo Federal,0.0,0.0,0,0.0,0.0,0.0,3
Guillermo Brown,0,0,0,0,0,0,0,0,Argentina - Torneo Federal,0.0,0.0,0,0.0,0.0,0.0,3
Gutierrez,0,0,0,0,0,0,0,0,Argentina - Torneo Federal,0.0,0.0,0,0.0,0.0,0.0,3
Huracan Las H.,0,0,0,0,0,0,0,0,Argentina - Torneo Federal,0.0,0.0,0,0.0,0.0,0.0,3
I. Chivilcoy,0,0,0,0,0,0,0,0,Argentina - Torneo Federal,0.0,0.0,0,0.0,0.0,0.0,3
Juventud U. U.,0,0,0,0,0,0,0,0,Argentina - Torneo Federal,0.0,0.0,0,0.0,0.0,0.0,3
Kimberley,0,0,0,0,0,0,0,0,Argentina - Torneo Federal,0.0,0.0,0,0.0,0.0,0.0,3
Olimpo Bahia B.,0,0,0,0,0,0,0,0,Argentina - Torneo Federal,0.0,0.0,0,0.0,0.0,0.0,3
S. Belgrano,0,0,0,0,0,0,0,0,Argentina - Torneo Federal,0.0,0.0,0,0.0,0.0,0.0,3
S. Estudiantes,0,0,0,0,0,0,0,0,Argentina - Torneo Federal,0.0,0.0,0,0.0,0.0,0.0,3
Noah,8,8,0,0,35,3,32,24,Armenia - Premier League,1.0,1.0,32,4.38,1.0,1.0,1
Urartu,8,7,0,1,17,7,10,21,Armenia - Premier League,0.88,0.88,10,2.12,1.14,1.14,2
Pyunik,8,5,0,3,16,9,7,15,Armenia - Premier League,0.62,0.62,7,2.0,1.61,1.61,3
Van,8,4,2,2,19,9,10,14,Armenia - Premier League,0.5,0.75,10,2.38,2.0,1.33,4
Ararat-Armenia,8,4,1,3,15,9,6,13,Armenia - Premier League,0.5,0.62,6,1.88,2.0,1.61,5
West Armenia,8,3,2,3,8,10,-2,11,Armenia - Premier League,0.38,0.62,-2,1.0,2.63,1.61,6
BKMA,8,3,1,4,10,12,-2,10,Armenia - Premier League,0.38,0.5,-2,1.25,2.63,2.0,7
Shirak,8,2,3,3,3,7,-4,9,Armenia - Premier League,0.25,0.62,-4,0.38,4.0,1.61,8
Ararat Yerevan,8,1,3,4,7,13,-6,6,Armenia - Premier League,0.12,0.5,-6,0.88,8.33,2.0,9
Alashkert,8,1,2,5,7,18,-11,5,Armenia - Premier League,0.12,0.38,-11,0.88,8.33,2.63,10
Gandzasar,8,0,0,8,2,25,-23,0,Armenia - Premier League,0.0,0.0,-23,0.25,0.0,0.0,11
Sydney FC,8,5,1,2,27,15,12,16,Australia - A-League,0.62,0.75,12,3.38,1.61,1.33,1
Melbourne City,8,5,1,2,10,5,5,16,Australia - A-League,0.62,0.75,5,1.25,1.61,1.33,1
Melbourne V.,8,4,3,1,16,9,7,15,Australia - A-League,0.5,0.88,7,2.0,2.0,1.14,2
Auckland,8,4,3,1,19,13,6,15,Australia - A-League,0.5,0.88,6,2.38,2.0,1.14,2
Western United,8,4,2,2,14,9,5,14,Australia - A-League,0.5,0.75,5,1.75,2.0,1.33,3
WS Wanderers,8,4,1,3,19,14,5,13,Australia - A-League,0.5,0.62,5,2.38,2.0,1.61,4
Adelaide Utd,8,2,3,3,17,18,-1,9,Australia - A-League,0.25,0.62,-1,2.12,4.0,1.61,5
Wellington,8,2,3,3,6,7,-1,9,Australia - A-League,0.25,0.62,-1,0.75,4.0,1.61,5
Newcastle Jets,8,2,3,3,14,16,-2,9,Australia - A-League,0.25,0.62,-2,1.75,4.0,1.61,5
Macarthur FC,8,1,3,4,10,14,-4,6,Australia - A-League,0.12,0.5,-4,1.25,8.33,2.0,6
Perth Glory,8,1,2,5,6,14,-8,5,Australia - A-League,0.12,0.38,-8,0.75,8.33,2.63,7
Central Coast,8,1,2,5,7,22,-15,5,Australia - A-League,0.12,0.38,-15,0.88,8.33,2.63,7
Brisbane Roar,8,0,1,7,7,17,-10,1,Australia - A-League,0.0,0.12,-10,0.88,0.0,8.33,8
Dandenong T.,4,3,1,0,8,5,3,10,Australia - NPL Victoria,0.75,1.0,3,2.0,1.33,1.0,1
Avondale,3,3,0,0,11,3,8,9,Australia - NPL Victoria,1.0,1.0,8,3.67,1.0,1.0,2
Preston Lions,3,3,0,0,5,1,4,9,Australia - NPL Victoria,1.0,1.0,4,1.67,1.0,1.0,2
Heidelberg Utd,3,2,1,0,7,2,5,7,Australia - NPL Victoria,0.67,1.0,5,2.33,1.49,1.0,3
Hume City,2,2,0,0,4,1,3,6,Australia - NPL Victoria,1.0,1.0,3,2.0,1.0,1.0,4
Melbourne K.,3,2,0,1,7,5,2,6,Australia - NPL Victoria,0.67,0.67,2,2.33,1.49,1.49,4
Green Gully,4,1,2,1,5,7,-2,5,Australia - NPL Victoria,0.25,0.75,-2,1.25,4.0,1.33,5
Altona Magic,3,1,1,1,2,2,0,4,Australia - NPL Victoria,0.33,0.67,0,0.67,3.03,1.49,6
Oakleigh C.,3,1,0,2,5,4,1,3,Australia - NPL Victoria,0.33,0.33,1,1.67,3.03,3.03,7
South Melbourne,2,1,0,1,3,4,-1,3,Australia - NPL Victoria,0.5,0.5,-1,1.5,2.0,2.0,7
Port Melbourne,4,1,0,3,1,6,-5,3,Australia - NPL Victoria,0.25,0.25,-5,0.25,4.0,4.0,7
Dandenong City,3,0,2,1,6,8,-2,2,Australia - NPL Victoria,0.0,0.67,-2,2.0,0.0,1.49,8
M. Victory B,3,0,2,1,4,7,-3,2,Australia - NPL Victoria,0.0,0.67,-3,1.33,0.0,1.49,8
St. Albans,2,0,0,2,2,6,-4,0,Australia - NPL Victoria,0.0,0.0,-4,1.0,0.0,0.0,9
Peninsula,2,2,0,0,7,1,6,6,Australia - NPL Queensland,1.0,1.0,6,3.5,1.0,1.0,1
Gold C. Utd,2,2,0,0,5,1,4,6,Australia - NPL Queensland,1.0,1.0,4,2.5,1.0,1.0,1
Q. Lions,1,1,0,0,3,0,3,3,Australia - NPL Queensland,1.0,1.0,3,3.0,1.0,1.0,2
Gold C. Knights,1,1,0,0,3,1,2,3,Australia - NPL Queensland,1.0,1.0,2,3.0,1.0,1.0,2
Eastern Suburbs,1,0,1,0,1,1,0,1,Australia - NPL Queensland,0.0,1.0,0,1.0,0.0,1.0,3
Brisbane Roar B,0,0,0,0,0,0,0,0,Australia - NPL Queensland,0.0,0.0,0,0.0,0.0,0.0,4
Moreton City E.,0,0,0,0,0,0,0,0,Australia - NPL Queensland,0.0,0.0,0,0.0,0.0,0.0,4
St George W.,0,0,0,0,0,0,0,0,Australia - NPL Queensland,0.0,0.0,0,0.0,0.0,0.0,4
Olympic FC,1,0,0,1,1,2,-1,0,Australia - NPL Queensland,0.0,0.0,-1,1.0,0.0,0.0,4
SC Wanderers,1,0,0,1,0,2,-2,0,Australia - NPL Queensland,0.0,0.0,-2,0.0,0.0,0.0,4
Wynnum Wolves,1,0,0,1,0,2,-2,0,Australia - NPL Queensland,0.0,0.0,-2,0.0,0.0,0.0,4
Brisbane City,2,0,0,2,3,7,-4,0,Australia - NPL Queensland,0.0,0.0,-4,1.5,0.0,0.0,4
Austria Wien,8,7,0,1,15,4,11,21,Austria - Bundesliga,0.88,0.88,11,1.88,1.14,1.14,1
Sturm Graz,8,5,2,1,26,11,15,17,Austria - Bundesliga,0.62,0.88,15,3.25,1.61,1.14,2
Rapid Wien,8,5,1,2,16,9,7,16,Austria - Bundesliga,0.62,0.75,7,2.0,1.61,1.33,3
Salzburg,8,4,3,1,16,7,9,15,Austria - Bundesliga,0.5,0.88,9,2.0,2.0,1.14,4
LASK Linz,8,4,2,2,15,10,5,14,Austria - Bundesliga,0.5,0.75,5,1.88,2.0,1.33,5
Hartberg,8,4,2,2,10,9,1,14,Austria - Bundesliga,0.5,0.75,1,1.25,2.0,1.33,5
BW Linz,8,4,0,4,10,10,0,12,Austria - Bundesliga,0.5,0.5,0,1.25,2.0,2.0,6
A. Klagenfurt,8,3,2,3,12,12,0,11,Austria - Bundesliga,0.38,0.62,0,1.5,2.63,1.61,7
Wolfsberger AC,8,3,1,4,11,10,1,10,Austria - Bundesliga,0.38,0.5,1,1.38,2.63,2.0,8
Tirol,8,1,5,2,6,9,-3,8,Austria - Bundesliga,0.12,0.75,-3,0.75,8.33,1.33,9
Grazer AK,8,1,2,5,8,14,-6,5,Austria - Bundesliga,0.12,0.38,-6,1.0,8.33,2.63,10
Altach,8,0,4,4,6,10,-4,4,Austria - Bundesliga,0.0,0.5,-4,0.75,0.0,2.0,11
Admira Wacker,8,7,1,0,17,5,12,22,Austria - 2. Liga,0.88,1.0,12,2.12,1.14,1.0,1
Bregenz,8,6,1,1,18,11,7,19,Austria - 2. Liga,0.75,0.88,7,2.25,1.33,1.14,2
First Vienna,8,6,0,2,17,9,8,18,Austria - 2. Liga,0.75,0.75,8,2.12,1.33,1.33,3
Sturm Graz B,8,5,2,1,11,6,5,17,Austria - 2. Liga,0.62,0.88,5,1.38,1.61,1.14,4
Ried,8,5,1,2,18,8,10,16,Austria - 2. Liga,0.62,0.75,10,2.25,1.61,1.33,5
Rapid Wien B,8,4,1,3,13,9,4,13,Austria - 2. Liga,0.5,0.62,4,1.62,2.0,1.61,6
St. Polten,8,3,3,2,12,9,3,12,Austria - 2. Liga,0.38,0.75,3,1.5,2.63,1.33,7
Voitsberg,8,4,0,4,10,9,1,12,Austria - 2. Liga,0.5,0.5,1,1.25,2.0,2.0,7
Liefering,8,3,2,3,13,11,2,11,Austria - 2. Liga,0.38,0.62,2,1.62,2.63,1.61,8
Amstetten,8,3,1,4,14,12,2,10,Austria - 2. Liga,0.38,0.5,2,1.75,2.63,2.0,9
Kapfenberger,8,3,1,4,11,12,-1,10,Austria - 2. Liga,0.38,0.5,-1,1.38,2.63,2.0,9
Floridsdorfer,8,2,4,2,7,9,-2,10,Austria - 2. Liga,0.25,0.75,-2,0.88,4.0,1.33,9
Stripfing,8,2,2,4,10,11,-1,8,Austria - 2. Liga,0.25,0.5,-1,1.25,4.0,2.0,10
A. Lustenau,8,1,5,2,6,7,-1,8,Austria - 2. Liga,0.12,0.75,-1,0.75,8.33,1.33,10
Lafnitz,8,1,3,4,11,16,-5,6,Austria - 2. Liga,0.12,0.5,-5,1.38,8.33,2.0,11
SV Horn,8,1,3,4,10,17,-7,6,Austria - 2. Liga,0.12,0.5,-7,1.25,8.33,2.0,11
Qarabag,8,6,1,1,24,5,19,19,Azerbaijan - Premier League,0.75,0.88,19,3.0,1.33,1.14,1
Zira,8,5,1,2,12,6,6,16,Azerbaijan - Premier League,0.62,0.75,6,1.5,1.61,1.33,2
Neftci,8,4,2,2,8,8,0,14,Azerbaijan - Premier League,0.5,0.75,0,1.0,2.0,1.33,3
Turan,8,3,4,1,9,8,1,13,Azerbaijan - Premier League,0.38,0.88,1,1.12,2.63,1.14,4
Sumqayit,8,4,1,3,8,8,0,13,Azerbaijan - Premier League,0.5,0.62,0,1.0,2.0,1.61,4
Sabah,8,2,6,0,9,7,2,12,Azerbaijan - Premier League,0.25,1.0,2,1.12,4.0,1.0,5
Araz,8,3,3,2,6,6,0,12,Azerbaijan - Premier League,0.38,0.75,0,0.75,2.63,1.33,5
Kapaz,8,3,3,2,10,11,-1,12,Azerbaijan - Premier League,0.38,0.75,-1,1.25,2.63,1.33,5
Shamakhi,8,3,1,4,6,6,0,10,Azerbaijan - Premier League,0.38,0.5,0,0.75,2.63,2.0,6
Sebail,8,1,2,5,2,10,-8,5,Azerbaijan - Premier League,0.12,0.38,-8,0.25,8.33,2.63,7
Al-Muharraq,6,6,0,0,23,5,18,18,Bahrain - Premier League,1.0,1.0,18,3.83,1.0,1.0,1
Khalidiya,6,6,0,0,13,3,10,18,Bahrain - Premier League,1.0,1.0,10,2.17,1.0,1.0,1
Al Riffa,5,4,0,1,10,3,7,12,Bahrain - Premier League,0.8,0.8,7,2.0,1.25,1.25,2
Sitra,6,3,1,2,9,6,3,10,Bahrain - Premier League,0.5,0.67,3,1.5,2.0,1.49,3
Al Ahli M.,5,3,0,2,10,7,3,9,Bahrain - Premier League,0.6,0.6,3,2.0,1.67,1.67,4
Malkiya,6,1,5,0,4,3,1,8,Bahrain - Premier League,0.17,1.0,1,0.67,5.88,1.0,5
Bahrain SC,6,2,1,3,8,10,-2,7,Bahrain - Premier League,0.33,0.5,-2,1.33,3.03,2.0,6
Al Shabbab,6,1,3,2,6,7,-1,6,Bahrain - Premier League,0.17,0.67,-1,1.0,5.88,1.49,7
Manama,6,1,3,2,4,10,-6,6,Bahrain - Premier League,0.17,0.67,-6,0.67,5.88,1.49,7
Al-Najma,6,1,1,4,10,12,-2,4,Bahrain - Premier League,0.17,0.33,-2,1.67,5.88,3.03,8
AAli FC,6,1,1,4,5,10,-5,4,Bahrain - Premier League,0.17,0.33,-5,0.83,5.88,3.03,8
East Riffa,6,0,2,4,4,12,-8,2,Bahrain - Premier League,0.0,0.33,-8,0.67,0.0,3.03,9
Abahani,4,4,0,0,10,1,9,12,Bangladesh - Premier League,1.0,1.0,9,2.5,1.0,1.0,1
Mohammedan,5,4,0,1,6,1,5,12,Bangladesh - Premier League,0.8,0.8,5,1.2,1.25,1.25,1
Bashundhara K.,4,3,1,0,16,3,13,10,Bangladesh - Premier League,0.75,1.0,13,4.0,1.33,1.0,2
Brothers Union,5,3,1,1,7,2,5,10,Bangladesh - Premier League,0.6,0.8,5,1.4,1.67,1.25,2
Fortis,6,2,4,0,7,4,3,10,Bangladesh - Premier League,0.33,1.0,3,1.17,3.03,1.0,2
B. Police,6,3,1,2,9,11,-2,10,Bangladesh - Premier League,0.5,0.67,-2,1.5,2.0,1.49,2
Rahmatgonj,5,3,0,2,13,7,6,9,Bangladesh - Premier League,0.6,0.6,6,2.6,1.67,1.67,3
Fakirerpool,4,1,0,3,5,12,-7,3,Bangladesh - Premier League,0.25,0.25,-7,1.25,4.0,4.0,4
Chittagong,6,1,0,5,2,15,-13,3,Bangladesh - Premier League,0.17,0.17,-13,0.33,5.88,5.88,4
Dhaka Wanderers,5,1,0,4,2,19,-17,3,Bangladesh - Premier League,0.2,0.2,-17,0.4,5.0,5.0,4
Neman Grodno,1,1,0,0,3,0,3,3,Belarus - Vysshaya Liga,1.0,1.0,3,3.0,1.0,1.0,1
Isloch,1,0,1,0,2,2,0,1,Belarus - Vysshaya Liga,0.0,1.0,0,2.0,0.0,1.0,2
Gomel,1,0,1,0,1,1,0,1,Belarus - Vysshaya Liga,0.0,1.0,0,1.0,0.0,1.0,2
Arsenal D.,0,0,0,0,0,0,0,0,Belarus - Vysshaya Liga,0.0,0.0,0,0.0,0.0,0.0,3
BATE Borisov,0,0,0,0,0,0,0,0,Belarus - Vysshaya Liga,0.0,0.0,0,0.0,0.0,0.0,3
Dinamo Brest,0,0,0,0,0,0,0,0,Belarus - Vysshaya Liga,0.0,0.0,0,0.0,0.0,0.0,3
Dinamo Minsk,0,0,0,0,0,0,0,0,Belarus - Vysshaya Liga,0.0,0.0,0,0.0,0.0,0.0,3
Maxline,0,0,0,0,0,0,0,0,Belarus - Vysshaya Liga,0.0,0.0,0,0.0,0.0,0.0,3
Molodechno,0,0,0,0,0,0,0,0,Belarus - Vysshaya Liga,0.0,0.0,0,0.0,0.0,0.0,3
Naftan,0,0,0,0,0,0,0,0,Belarus - Vysshaya Liga,0.0,0.0,0,0.0,0.0,0.0,3
Slavia Mozyr,0,0,0,0,0,0,0,0,Belarus - Vysshaya Liga,0.0,0.0,0,0.0,0.0,0.0,3
Slutsk,0,0,0,0,0,0,0,0,Belarus - Vysshaya Liga,0.0,0.0,0,0.0,0.0,0.0,3
Smorgon,0,0,0,0,0,0,0,0,Belarus - Vysshaya Liga,0.0,0.0,0,0.0,0.0,0.0,3
T. Zhodino,0,0,0,0,0,0,0,0,Belarus - Vysshaya Liga,0.0,0.0,0,0.0,0.0,0.0,3
FC Minsk,1,0,0,1,1,2,-1,0,Belarus - Vysshaya Liga,0.0,0.0,-1,1.0,0.0,0.0,3
Vitebsk,1,0,0,1,0,1,-1,0,Belarus - Vysshaya Liga,0.0,0.0,-1,0.0,0.0,0.0,3
Volna Pinsk,8,7,0,1,25,6,19,21,Belarus - First League,0.88,0.88,19,3.12,1.14,1.14,1
Belshina,8,7,0,1,17,7,10,21,Belarus - First League,0.88,0.88,10,2.12,1.14,1.14,1
Molodechno,8,6,2,0,14,2,12,20,Belarus - First League,0.75,1.0,12,1.75,1.33,1.0,2
Maxline,8,6,1,1,19,3,16,19,Belarus - First League,0.75,0.88,16,2.38,1.33,1.14,3
Bumprom,8,6,1,1,19,8,11,19,Belarus - First League,0.75,0.88,11,2.38,1.33,1.14,3
Niva,8,5,1,2,17,9,8,16,Belarus - First League,0.62,0.75,8,2.12,1.61,1.33,4
Lokomotiv Gomel,8,5,0,3,17,9,8,15,Belarus - First League,0.62,0.62,8,2.12,1.61,1.61,5
Lida,8,4,2,2,15,7,8,14,Belarus - First League,0.5,0.75,8,1.88,2.0,1.33,6
Slonim,8,3,3,2,6,6,0,12,Belarus - First League,0.38,0.75,0,0.75,2.63,1.33,7
Energetik-BGU,8,3,2,3,12,6,6,11,Belarus - First League,0.38,0.62,6,1.5,2.63,1.61,8
BATE B,8,3,2,3,11,16,-5,11,Belarus - First League,0.38,0.62,-5,1.38,2.63,1.61,8
Dinamo Minsk B,8,2,4,2,12,9,3,10,Belarus - First League,0.25,0.75,3,1.5,4.0,1.33,9
Baranovichi,8,3,1,4,11,18,-7,10,Belarus - First League,0.38,0.5,-7,1.38,2.63,2.0,9
S. Soligorsk B,8,3,0,5,7,13,-6,9,Belarus - First League,0.38,0.38,-6,0.88,2.63,2.63,10
Orsha,8,2,2,4,10,13,-3,8,Belarus - First League,0.25,0.5,-3,1.25,4.0,2.0,11
Ostrovets,8,2,1,5,8,17,-9,7,Belarus - First League,0.25,0.38,-9,1.0,4.0,2.63,12
ABFF U17,8,1,3,4,3,8,-5,6,Belarus - First League,0.12,0.5,-5,0.38,8.33,2.0,13
T. Zhodhino B,8,1,0,7,9,24,-15,3,Belarus - First League,0.12,0.12,-15,1.12,8.33,8.33,14
KRC Genk,8,7,1,0,15,4,11,22,Belgium - Pro League,0.88,1.0,11,1.88,1.14,1.0,1
Club Brugge,8,6,1,1,24,9,15,19,Belgium - Pro League,0.75,0.88,15,3.0,1.33,1.14,2
Royale Union SG,8,6,1,1,17,7,10,19,Belgium - Pro League,0.75,0.88,10,2.12,1.33,1.14,2
OH Leuven,8,4,4,0,8,3,5,16,Belgium - Pro League,0.5,1.0,5,1.0,2.0,1.0,3
Anderlecht,8,5,0,3,20,10,10,15,Belgium - Pro League,0.62,0.62,10,2.5,1.61,1.61,4
Gent,8,4,3,1,15,8,7,15,Belgium - Pro League,0.5,0.88,7,1.88,2.0,1.14,4
Standard Liege,8,4,1,3,7,7,0,13,Belgium - Pro League,0.5,0.62,0,0.88,2.0,1.61,5
Antwerp,8,3,3,2,13,13,0,12,Belgium - Pro League,0.38,0.75,0,1.62,2.63,1.33,6
Westerlo,8,3,2,3,16,12,4,11,Belgium - Pro League,0.38,0.62,4,2.0,2.63,1.61,7
Beerschot,8,2,5,1,10,12,-2,11,Belgium - Pro League,0.25,0.88,-2,1.25,4.0,1.14,7
Sint-Truiden,8,2,4,2,13,12,1,10,Belgium - Pro League,0.25,0.75,1,1.62,4.0,1.33,8
Cercle Brugge,8,2,4,2,5,10,-5,10,Belgium - Pro League,0.25,0.75,-5,0.62,4.0,1.33,8
Charleroi,8,2,3,3,11,8,3,9,Belgium - Pro League,0.25,0.62,3,1.38,4.0,1.61,9
Dender,8,2,3,3,5,7,-2,9,Belgium - Pro League,0.25,0.62,-2,0.62,4.0,1.61,9
KV Mechelen,8,1,5,2,11,10,1,8,Belgium - Pro League,0.12,0.75,1,1.38,8.33,1.33,10
Kortrijk,8,2,1,5,8,12,-4,7,Belgium - Pro League,0.25,0.38,-4,1.0,4.0,2.63,11
RWDM,8,7,0,1,9,4,5,21,Belgium - Challenger Pro League,0.88,0.88,5,1.12,1.14,1.14,1
Zulte-Waregem,8,6,1,1,22,10,12,19,Belgium - Challenger Pro League,0.75,0.88,12,2.75,1.33,1.14,2
La Louviere,8,5,3,0,17,6,11,18,Belgium - Challenger Pro League,0.62,1.0,11,2.12,1.61,1.0,3
Beveren,8,4,3,1,12,6,6,15,Belgium - Challenger Pro League,0.5,0.88,6,1.5,2.0,1.14,4
Patro Eisden,8,4,2,2,18,10,8,14,Belgium - Challenger Pro League,0.5,0.75,8,2.25,2.0,1.33,5
Lierse K.,8,3,4,1,11,9,2,13,Belgium - Challenger Pro League,0.38,0.88,2,1.38,2.63,1.14,6
RFC Liege,8,3,3,2,9,8,1,12,Belgium - Challenger Pro League,0.38,0.75,1,1.12,2.63,1.33,7
Anderlecht B,8,3,2,3,17,11,6,11,Belgium - Challenger Pro League,0.38,0.62,6,2.12,2.63,1.61,8
Club Brugge B,8,3,0,5,9,13,-4,9,Belgium - Challenger Pro League,0.38,0.38,-4,1.12,2.63,2.63,9
Francs Borains,8,2,2,4,10,14,-4,8,Belgium - Challenger Pro League,0.25,0.5,-4,1.25,4.0,2.0,10
Lokeren-Temse,8,2,2,4,6,14,-8,8,Belgium - Challenger Pro League,0.25,0.5,-8,0.75,4.0,2.0,10
Eupen,8,2,1,5,12,18,-6,7,Belgium - Challenger Pro League,0.25,0.38,-6,1.5,4.0,2.63,11
Seraing,8,0,4,4,9,15,-6,4,Belgium - Challenger Pro League,0.0,0.5,-6,1.12,0.0,2.0,12
KRC Genk B,8,0,3,5,10,19,-9,3,Belgium - Challenger Pro League,0.0,0.38,-9,1.25,0.0,2.63,13
Lommel SK,8,0,2,6,6,14,-8,2,Belgium - Challenger Pro League,0.0,0.25,-8,0.75,0.0,4.0,14
Deinze,0,0,0,0,0,0,0,0,Belgium - Challenger Pro League,0.0,0.0,0,0.0,0.0,0.0,15
Aurora,4,4,0,0,13,4,9,12,Bolivia - Primera Div. - Apertura,1.0,1.0,9,3.25,1.0,1.0,1
The Strongest,4,4,0,0,9,2,7,12,Bolivia - Primera Div. - Apertura,1.0,1.0,7,2.25,1.0,1.0,1
U. de Vinto,4,4,0,0,6,2,4,12,Bolivia - Primera Div. - Apertura,1.0,1.0,4,1.5,1.0,1.0,1
SA Bulo Bulo,4,3,1,0,10,2,8,10,Bolivia - Primera Div. - Apertura,0.75,1.0,8,2.5,1.33,1.0,2
Bolivar,4,3,1,0,13,8,5,10,Bolivia - Primera Div. - Apertura,0.75,1.0,5,3.25,1.33,1.0,2
Nacional Potosi,4,3,1,0,9,4,5,10,Bolivia - Primera Div. - Apertura,0.75,1.0,5,2.25,1.33,1.0,2
Guabira,4,3,0,1,9,5,4,9,Bolivia - Primera Div. - Apertura,0.75,0.75,4,2.25,1.33,1.33,3
Blooming,4,3,0,1,5,4,1,9,Bolivia - Primera Div. - Apertura,0.75,0.75,1,1.25,1.33,1.33,3
I. Petrolero,4,2,2,0,6,4,2,8,Bolivia - Primera Div. - Apertura,0.5,1.0,2,1.5,2.0,1.0,4
Real Tomayapo,4,2,1,1,6,5,1,7,Bolivia - Primera Div. - Apertura,0.5,0.75,1,1.5,2.0,1.33,5
Gualberto V. SJ,4,2,1,1,6,6,0,7,Bolivia - Primera Div. - Apertura,0.5,0.75,0,1.5,2.0,1.33,5
Oriente P.,4,2,1,1,3,3,0,7,Bolivia - Primera Div. - Apertura,0.5,0.75,0,0.75,2.0,1.33,5
Always Ready,4,1,2,1,3,3,0,5,Bolivia - Primera Div. - Apertura,0.25,0.75,0,0.75,4.0,1.33,6
Wilstermann,4,1,1,2,8,7,1,4,Bolivia - Primera Div. - Apertura,0.25,0.5,1,2.0,4.0,2.0,7
Royal Pari,4,0,2,2,2,4,-2,2,Bolivia - Primera Div. - Apertura,0.0,0.5,-2,0.5,0.0,2.0,8
Santa Cruz,4,0,1,3,4,9,-5,1,Bolivia - Primera Div. - Apertura,0.0,0.25,-5,1.0,0.0,4.0,9
Gualberto V. SJ,8,7,1,0,31,6,25,22,Bolivia - Primera Div. - Clausura,0.88,1.0,25,3.88,1.14,1.0,1
The Strongest,8,7,1,0,27,6,21,22,Bolivia - Primera Div. - Clausura,0.88,1.0,21,3.38,1.14,1.0,1
Bolivar,8,6,1,1,25,8,17,19,Bolivia - Primera Div. - Clausura,0.75,0.88,17,3.12,1.33,1.14,2
Nacional Potosi,8,5,1,2,17,8,9,16,Bolivia - Primera Div. - Clausura,0.62,0.75,9,2.12,1.61,1.33,3
Aurora,8,5,1,2,15,8,7,16,Bolivia - Primera Div. - Clausura,0.62,0.75,7,1.88,1.61,1.33,3
Real Tomayapo,8,5,1,2,12,8,4,16,Bolivia - Primera Div. - Clausura,0.62,0.75,4,1.5,1.61,1.33,3
Always Ready,8,4,2,2,15,11,4,14,Bolivia - Primera Div. - Clausura,0.5,0.75,4,1.88,2.0,1.33,4
Wilstermann,8,3,4,1,15,11,4,13,Bolivia - Primera Div. - Clausura,0.38,0.88,4,1.88,2.63,1.14,5
Blooming,8,3,4,1,11,7,4,13,Bolivia - Primera Div. - Clausura,0.38,0.88,4,1.38,2.63,1.14,5
Oriente P.,8,4,1,3,18,15,3,13,Bolivia - Primera Div. - Clausura,0.5,0.62,3,2.25,2.0,1.61,5
Guabira,8,4,1,3,11,9,2,13,Bolivia - Primera Div. - Clausura,0.5,0.62,2,1.38,2.0,1.61,5
Royal Pari,8,4,1,3,9,7,2,13,Bolivia - Primera Div. - Clausura,0.5,0.62,2,1.12,2.0,1.61,5
I. Petrolero,8,3,2,3,17,18,-1,11,Bolivia - Primera Div. - Clausura,0.38,0.62,-1,2.12,2.63,1.61,6
U. de Vinto,8,3,1,4,11,12,-1,10,Bolivia - Primera Div. - Clausura,0.38,0.5,-1,1.38,2.63,2.0,7
SA Bulo Bulo,8,1,2,5,15,19,-4,5,Bolivia - Primera Div. - Clausura,0.12,0.38,-4,1.88,8.33,2.63,8
Santa Cruz,8,1,1,6,7,17,-10,4,Bolivia - Primera Div. - Clausura,0.12,0.25,-10,0.88,8.33,4.0,9
Corinthians,8,7,1,0,22,7,15,22,Brazil - Serie A,0.88,1.0,15,2.75,1.14,1.0,1
Fortaleza,8,6,2,0,14,2,12,20,Brazil - Serie A,0.75,1.0,12,1.75,1.33,1.0,2
Internacional,8,6,1,1,16,4,12,19,Brazil - Serie A,0.75,0.88,12,2.0,1.33,1.14,3
Palmeiras,8,5,1,2,18,8,10,16,Brazil - Serie A,0.62,0.75,10,2.25,1.61,1.33,4
Botafogo,8,4,4,0,11,4,7,16,Brazil - Serie A,0.5,1.0,7,1.38,2.0,1.0,4
Sao Paulo,8,5,1,2,15,10,5,16,Brazil - Serie A,0.62,0.75,5,1.88,1.61,1.33,4
Fluminense,8,4,3,1,9,5,4,15,Brazil - Serie A,0.5,0.88,4,1.12,2.0,1.14,5
Flamengo,8,4,3,1,13,10,3,15,Brazil - Serie A,0.5,0.88,3,1.62,2.0,1.14,5
Vasco da Gama,8,4,2,2,11,8,3,14,Brazil - Serie A,0.5,0.75,3,1.38,2.0,1.33,6
Vitoria,8,4,2,2,10,7,3,14,Brazil - Serie A,0.5,0.75,3,1.25,2.0,1.33,6
Atletico GO,8,4,2,2,7,5,2,14,Brazil - Serie A,0.5,0.75,2,0.88,2.0,1.33,6
Gremio,8,4,1,3,16,15,1,13,Brazil - Serie A,0.5,0.62,1,2.0,2.0,1.61,7
Athletico PR,8,3,2,3,10,7,3,11,Brazil - Serie A,0.38,0.62,3,1.25,2.63,1.61,8
Atletico MG,8,3,2,3,11,11,0,11,Brazil - Serie A,0.38,0.62,0,1.38,2.63,1.61,8
Bahia,8,3,2,3,8,8,0,11,Brazil - Serie A,0.38,0.62,0,1.0,2.63,1.61,8
Bragantino,8,1,6,1,11,8,3,9,Brazil - Serie A,0.12,0.88,3,1.38,8.33,1.14,9
Cruzeiro,8,2,3,3,9,9,0,9,Brazil - Serie A,0.25,0.62,0,1.12,4.0,1.61,9
Cuiaba,8,2,2,4,7,8,-1,8,Brazil - Serie A,0.25,0.5,-1,0.88,4.0,2.0,10
Criciuma,8,2,2,4,6,10,-4,8,Brazil - Serie A,0.25,0.5,-4,0.75,4.0,2.0,10
Juventude,8,2,2,4,10,16,-6,8,Brazil - Serie A,0.25,0.5,-6,1.25,4.0,2.0,10
Ceara,8,8,0,0,14,2,12,24,Brazil - Serie B,1.0,1.0,12,1.75,1.0,1.0,1
America MG,8,6,2,0,17,6,11,20,Brazil - Serie B,0.75,1.0,11,2.12,1.33,1.0,2
Mirassol,8,6,2,0,11,1,10,20,Brazil - Serie B,0.75,1.0,10,1.38,1.33,1.0,2
Goias,8,6,0,2,11,4,7,18,Brazil - Serie B,0.75,0.75,7,1.38,1.33,1.33,3
Operario PR,8,5,3,0,11,6,5,18,Brazil - Serie B,0.62,1.0,5,1.38,1.61,1.0,3
Paysandu,8,6,0,2,10,5,5,18,Brazil - Serie B,0.75,0.75,5,1.25,1.33,1.33,3
Sport Recife,8,5,2,1,16,7,9,17,Brazil - Serie B,0.62,0.88,9,2.0,1.61,1.14,4
Santos,8,5,2,1,13,8,5,17,Brazil - Serie B,0.62,0.88,5,1.62,1.61,1.14,4
Novorizontino,8,5,1,2,11,6,5,16,Brazil - Serie B,0.62,0.75,5,1.38,1.61,1.33,5
Vila Nova,8,5,1,2,12,11,1,16,Brazil - Serie B,0.62,0.75,1,1.5,1.61,1.33,5
Chapecoense,8,5,1,2,11,11,0,16,Brazil - Serie B,0.62,0.75,0,1.38,1.61,1.33,5
Amazonas,8,5,1,2,9,9,0,16,Brazil - Serie B,0.62,0.75,0,1.12,1.61,1.33,5
Avai,8,4,3,1,10,5,5,15,Brazil - Serie B,0.5,0.88,5,1.25,2.0,1.14,6
Coritiba,8,4,2,2,12,10,2,14,Brazil - Serie B,0.5,0.75,2,1.5,2.0,1.33,7
Guarani,8,3,4,1,6,5,1,13,Brazil - Serie B,0.38,0.88,1,0.75,2.63,1.14,8
Brusque,8,4,0,4,8,7,1,12,Brazil - Serie B,0.5,0.5,1,1.0,2.0,2.0,9
Ituano,8,3,0,5,7,10,-3,9,Brazil - Serie B,0.38,0.38,-3,0.88,2.63,2.63,10
CRB,8,2,2,4,8,10,-2,8,Brazil - Serie B,0.25,0.5,-2,1.0,4.0,2.0,11
Botafogo SP,8,2,2,4,6,11,-5,8,Brazil - Serie B,0.25,0.5,-5,0.75,4.0,2.0,11
Ponte Preta,8,2,0,6,5,15,-10,6,Brazil - Serie B,0.25,0.25,-10,0.62,4.0,4.0,12
Botafogo PB,8,7,1,0,19,10,9,22,Brazil - Serie C,0.88,1.0,9,2.38,1.14,1.0,1
Athletic Club,8,7,0,1,17,9,8,21,Brazil - Serie C,0.88,0.88,8,2.12,1.14,1.14,2
Caxias,8,6,1,1,13,6,7,19,Brazil - Serie C,0.75,0.88,7,1.62,1.33,1.14,3
Remo,8,6,1,1,10,3,7,19,Brazil - Serie C,0.75,0.88,7,1.25,1.33,1.14,3
Ferroviaria,8,5,3,0,12,4,8,18,Brazil - Serie C,0.62,1.0,8,1.5,1.61,1.0,4
Confianca,8,5,2,1,13,4,9,17,Brazil - Serie C,0.62,0.88,9,1.62,1.61,1.14,5
Sao Bernardo,8,5,2,1,9,2,7,17,Brazil - Serie C,0.62,0.88,7,1.12,1.61,1.14,5
Volta Redonda,8,5,2,1,13,8,5,17,Brazil - Serie C,0.62,0.88,5,1.62,1.61,1.14,5
Ypiranga,8,5,2,1,9,4,5,17,Brazil - Serie C,0.62,0.88,5,1.12,1.61,1.14,5
Londrina,8,4,4,0,14,7,7,16,Brazil - Serie C,0.5,1.0,7,1.75,2.0,1.0,6
Nautico,8,4,2,2,17,9,8,14,Brazil - Serie C,0.5,0.75,8,2.12,2.0,1.33,7
Sampaio Correa,8,4,2,2,12,9,3,14,Brazil - Serie C,0.5,0.75,3,1.5,2.0,1.33,7
ABC,8,4,2,2,9,6,3,14,Brazil - Serie C,0.5,0.75,3,1.12,2.0,1.33,7
Figueirense,8,3,4,1,7,3,4,13,Brazil - Serie C,0.38,0.88,4,0.88,2.63,1.14,8
Tombense,8,2,4,2,8,6,2,10,Brazil - Serie C,0.25,0.75,2,1.0,4.0,1.33,9
CSA,8,2,4,2,10,13,-3,10,Brazil - Serie C,0.25,0.75,-3,1.25,4.0,1.33,9
Ferroviario,8,2,4,2,9,13,-4,10,Brazil - Serie C,0.25,0.75,-4,1.12,4.0,1.33,9
Floresta,8,3,1,4,9,14,-5,10,Brazil - Serie C,0.38,0.5,-5,1.12,2.63,2.0,9
EC Sao Jose,8,2,2,4,5,5,0,8,Brazil - Serie C,0.25,0.5,0,0.62,4.0,2.0,10
Aparecidense,8,1,5,2,8,9,-1,8,Brazil - Serie C,0.12,0.75,-1,1.0,8.33,1.33,10
Maringa,7,7,0,0,15,1,14,21,Brazil - Serie D,1.0,1.0,14,2.14,1.0,1.0,1
Iguatu,7,7,0,0,10,0,10,21,Brazil - Serie D,1.0,1.0,10,1.43,1.0,1.0,1
Manauara,7,6,1,0,21,4,17,19,Brazil - Serie D,0.86,1.0,17,3.0,1.16,1.0,2
Porto Velho,7,6,1,0,21,4,17,19,Brazil - Serie D,0.86,1.0,17,3.0,1.16,1.0,2
Nova Iguacu,7,6,1,0,13,1,12,19,Brazil - Serie D,0.86,1.0,12,1.86,1.16,1.0,2
Brasiliense,7,6,1,0,14,3,11,19,Brazil - Serie D,0.86,1.0,11,2.0,1.16,1.0,2
America RN,7,6,1,0,12,2,10,19,Brazil - Serie D,0.86,1.0,10,1.71,1.16,1.0,2
Retro,7,6,0,1,14,4,10,18,Brazil - Serie D,0.86,0.86,10,2.0,1.16,1.16,3
Treze,7,5,2,0,13,3,10,17,Brazil - Serie D,0.71,1.0,10,1.86,1.41,1.0,4
Itabaiana,7,5,1,1,13,4,9,16,Brazil - Serie D,0.71,0.86,9,1.86,1.41,1.16,5
Inter Limeira,7,5,1,1,12,4,8,16,Brazil - Serie D,0.71,0.86,8,1.71,1.41,1.16,5
Jacuipense,7,5,1,1,10,4,6,16,Brazil - Serie D,0.71,0.86,6,1.43,1.41,1.16,5
Agua Santa,7,5,1,1,8,4,4,16,Brazil - Serie D,0.71,0.86,4,1.14,1.41,1.16,5
Maranhao,7,5,0,2,14,4,10,15,Brazil - Serie D,0.71,0.71,10,2.0,1.41,1.41,6
Portuguesa RJ,7,4,3,0,12,2,10,15,Brazil - Serie D,0.57,1.0,10,1.71,1.75,1.0,6
Brasil de P.,7,5,0,2,12,5,7,15,Brazil - Serie D,0.71,0.71,7,1.71,1.41,1.41,6
Mixto,7,4,3,0,11,5,6,15,Brazil - Serie D,0.57,1.0,6,1.57,1.75,1.0,6
Manaus,7,5,0,2,10,8,2,15,Brazil - Serie D,0.71,0.71,2,1.43,1.41,1.41,6
P. do Solimoes,7,4,2,1,14,6,8,14,Brazil - Serie D,0.57,0.86,8,2.0,1.75,1.16,7
Real Noroeste,7,4,2,1,11,5,6,14,Brazil - Serie D,0.57,0.86,6,1.57,1.75,1.16,7
CRAC,7,4,2,1,9,3,6,14,Brazil - Serie D,0.57,0.86,6,1.29,1.75,1.16,7
Concordia,7,4,2,1,9,4,5,14,Brazil - Serie D,0.57,0.86,5,1.29,1.75,1.16,7
Tocantinopolis,7,4,2,1,10,6,4,14,Brazil - Serie D,0.57,0.86,4,1.43,1.75,1.16,7
Avenida,7,4,2,1,8,4,4,14,Brazil - Serie D,0.57,0.86,4,1.14,1.75,1.16,7
Altos,7,4,1,2,12,7,5,13,Brazil - Serie D,0.57,0.71,5,1.71,1.75,1.41,8
Cameta,7,4,1,2,12,8,4,13,Brazil - Serie D,0.57,0.71,4,1.71,1.75,1.41,8
Santa Cruz de N,7,4,1,2,14,11,3,13,Brazil - Serie D,0.57,0.71,3,2.0,1.75,1.41,8
ASA,7,4,1,2,7,4,3,13,Brazil - Serie D,0.57,0.71,3,1.0,1.75,1.41,8
Costa Rica MS,7,4,1,2,11,11,0,13,Brazil - Serie D,0.57,0.71,0,1.57,1.75,1.41,8
Flamengo,6,4,0,2,12,4,8,12,Brazil - Carioca,0.67,0.67,8,2.0,1.49,1.49,1
Vasco da Gama,6,3,2,1,10,5,5,11,Brazil - Carioca,0.5,0.83,5,1.67,2.0,1.2,2
Sampaio Correa,5,3,1,1,9,5,4,10,Brazil - Carioca,0.6,0.8,4,1.8,1.67,1.25,3
Fluminense,6,2,4,0,7,4,3,10,Brazil - Carioca,0.33,1.0,3,1.17,3.03,1.0,3
Volta Redonda,5,3,1,1,5,4,1,10,Brazil - Carioca,0.6,0.8,1,1.0,1.67,1.25,3
Botafogo,6,3,0,3,8,7,1,9,Brazil - Carioca,0.5,0.5,1,1.33,2.0,2.0,4
Nova Iguacu,6,2,3,1,5,4,1,9,Brazil - Carioca,0.33,0.83,1,0.83,3.03,1.2,4
Boavista,6,1,5,0,7,5,2,8,Brazil - Carioca,0.17,1.0,2,1.17,5.88,1.0,5
CFRJ . Marica,5,2,2,1,6,4,2,8,Brazil - Carioca,0.4,0.8,2,1.2,2.5,1.25,5
Madureira,5,2,2,1,4,2,2,8,Brazil - Carioca,0.4,0.8,2,0.8,2.5,1.25,5
Portuguesa RJ,5,2,0,3,6,11,-5,6,Brazil - Carioca,0.4,0.4,-5,1.2,2.5,2.5,6
Bangu,5,0,1,4,0,10,-10,1,Brazil - Carioca,0.0,0.2,-10,0.0,0.0,5.0,7
Tombense,4,3,1,0,4,1,3,10,Brazil - Mineiro,0.75,1.0,3,1.0,1.33,1.0,1
Athletic Club,4,3,0,1,11,6,5,9,Brazil - Mineiro,0.75,0.75,5,2.75,1.33,1.33,2
America MG,4,2,2,0,10,1,9,8,Brazil - Mineiro,0.5,1.0,9,2.5,2.0,1.0,3
Atletico MG,4,2,2,0,6,2,4,8,Brazil - Mineiro,0.5,1.0,4,1.5,2.0,1.0,3
Cruzeiro,4,2,1,1,5,4,1,7,Brazil - Mineiro,0.5,0.75,1,1.25,2.0,1.33,4
Uberlandia,4,1,2,1,6,4,2,5,Brazil - Mineiro,0.25,0.75,2,1.5,4.0,1.33,5
Betim,4,1,2,1,4,3,1,5,Brazil - Mineiro,0.25,0.75,1,1.0,4.0,1.33,5
Aymores,4,1,2,1,3,2,1,5,Brazil - Mineiro,0.25,0.75,1,0.75,4.0,1.33,5
Pouso Alegre,4,1,1,2,2,4,-2,4,Brazil - Mineiro,0.25,0.5,-2,0.5,4.0,2.0,6
Itabirito,4,1,1,2,2,5,-3,4,Brazil - Mineiro,0.25,0.5,-3,0.5,4.0,2.0,6
Democrata GV,4,1,0,3,4,7,-3,3,Brazil - Mineiro,0.25,0.25,-3,1.0,4.0,4.0,7
Villa Nova,4,0,0,4,1,8,-7,0,Brazil - Mineiro,0.0,0.0,-7,0.25,0.0,0.0,8
Anapolis,6,4,1,1,9,4,5,13,Brazil - Goiano,0.67,0.83,5,1.5,1.49,1.2,1
Vila Nova,6,3,3,0,3,0,3,12,Brazil - Goiano,0.5,1.0,3,0.5,2.0,1.0,2
Goias,6,3,2,1,7,3,4,11,Brazil - Goiano,0.5,0.83,4,1.17,2.0,1.2,3
Aparecidense,6,3,1,2,6,3,3,10,Brazil - Goiano,0.5,0.67,3,1.0,2.0,1.49,4
Jataiense,5,3,0,2,9,5,4,9,Brazil - Goiano,0.6,0.6,4,1.8,1.67,1.67,5
CRAC,5,2,3,0,6,3,3,9,Brazil - Goiano,0.4,1.0,3,1.2,2.5,1.0,5
ABECAT Ouvidore,5,3,0,2,6,4,2,9,Brazil - Goiano,0.6,0.6,2,1.2,1.67,1.67,5
Atletico GO,6,2,3,1,4,4,0,9,Brazil - Goiano,0.33,0.83,0,0.67,3.03,1.2,5
Inhumas,5,3,0,2,6,8,-2,9,Brazil - Goiano,0.6,0.6,-2,1.2,1.67,1.67,5
Goiania,6,2,1,3,6,8,-2,7,Brazil - Goiano,0.33,0.5,-2,1.0,3.03,2.0,6
Goianesia,5,1,3,1,7,5,2,6,Brazil - Goiano,0.2,0.8,2,1.4,5.0,1.25,7
Goiatuba EC,5,2,0,3,3,6,-3,6,Brazil - Goiano,0.4,0.4,-3,0.6,2.5,2.5,7
Santa Cruz,5,5,0,0,8,1,7,15,Brazil - Pernambucano,1.0,1.0,7,1.6,1.0,1.0,1
Nautico,5,4,1,0,12,4,8,13,Brazil - Pernambucano,0.8,1.0,8,2.4,1.25,1.0,2
Maguary PE,4,3,1,0,8,1,7,10,Brazil - Pernambucano,0.75,1.0,7,2.0,1.33,1.0,3
Jaguar,4,3,0,1,5,6,-1,9,Brazil - Pernambucano,0.75,0.75,-1,1.25,1.33,1.33,4
Sport Recife,5,2,2,1,12,5,7,8,Brazil - Pernambucano,0.4,0.8,7,2.4,2.5,1.25,5
Decisao,4,2,2,0,6,2,4,8,Brazil - Pernambucano,0.5,1.0,4,1.5,2.0,1.0,5
Retro,5,2,2,1,5,5,0,8,Brazil - Pernambucano,0.4,0.8,0,1.0,2.5,1.25,5
Central,5,2,1,2,6,5,1,7,Brazil - Pernambucano,0.4,0.6,1,1.2,2.5,1.67,6
Afogados,4,0,4,0,4,4,0,4,Brazil - Pernambucano,0.0,1.0,0,1.0,0.0,1.0,7
Petrolina,4,0,1,3,1,5,-4,1,Brazil - Pernambucano,0.0,0.25,-4,0.25,0.0,4.0,8
Corinthians,6,5,1,0,12,6,6,16,Brazil - Paulista,0.83,1.0,6,2.0,1.2,1.0,1
Santos,6,4,1,1,13,6,7,13,Brazil - Paulista,0.67,0.83,7,2.17,1.49,1.2,2
Bragantino,6,4,0,2,9,5,4,12,Brazil - Paulista,0.67,0.67,4,1.5,1.49,1.49,3
Sao Paulo,6,3,2,1,12,7,5,11,Brazil - Paulista,0.5,0.83,5,2.0,2.0,1.2,4
Guarani,6,3,2,1,10,5,5,11,Brazil - Paulista,0.5,0.83,5,1.67,2.0,1.2,4
Mirassol,6,3,1,2,15,9,6,10,Brazil - Paulista,0.5,0.67,6,2.5,2.0,1.49,5
Sao Bernardo,6,3,1,2,10,9,1,10,Brazil - Paulista,0.5,0.67,1,1.67,2.0,1.49,5
Velo Clube,6,3,1,2,7,7,0,10,Brazil - Paulista,0.5,0.67,0,1.17,2.0,1.49,5
Palmeiras,6,2,3,1,7,4,3,9,Brazil - Paulista,0.33,0.83,3,1.17,3.03,1.2,6
Portuguesa,6,2,3,1,11,9,2,9,Brazil - Paulista,0.33,0.83,2,1.83,3.03,1.2,6
Botafogo SP,6,2,2,2,4,4,0,8,Brazil - Paulista,0.33,0.67,0,0.67,3.03,1.49,7
Agua Santa,6,1,3,2,7,6,1,6,Brazil - Paulista,0.17,0.67,1,1.17,5.88,1.49,8
Novorizontino,6,1,3,2,4,5,-1,6,Brazil - Paulista,0.17,0.67,-1,0.67,5.88,1.49,8
Ponte Preta,6,1,3,2,3,4,-1,6,Brazil - Paulista,0.17,0.67,-1,0.5,5.88,1.49,8
Noroeste,6,0,4,2,7,9,-2,4,Brazil - Paulista,0.0,0.67,-2,1.17,0.0,1.49,9
Inter Limeira,6,0,3,3,3,10,-7,3,Brazil - Paulista,0.0,0.5,-7,0.5,0.0,2.0,10
Serra Branca,5,4,1,0,18,4,14,13,Brazil - Paraibano,0.8,1.0,14,3.6,1.25,1.0,1
Botafogo PB,5,4,1,0,15,4,11,13,Brazil - Paraibano,0.8,1.0,11,3.0,1.25,1.0,1
Sousa,5,4,0,1,9,2,7,12,Brazil - Paraibano,0.8,0.8,7,1.8,1.25,1.25,2
Treze,5,3,2,0,7,2,5,11,Brazil - Paraibano,0.6,1.0,5,1.4,1.67,1.0,3
Campinense,4,3,1,0,11,2,9,10,Brazil - Paraibano,0.75,1.0,9,2.75,1.33,1.0,4
Nacional Patos,4,2,1,1,8,8,0,7,Brazil - Paraibano,0.5,0.75,0,2.0,2.0,1.33,5
Pombal,4,1,2,1,3,5,-2,5,Brazil - Paraibano,0.25,0.75,-2,0.75,4.0,1.33,6
Auto Esporte,4,0,2,2,3,5,-2,2,Brazil - Paraibano,0.0,0.5,-2,0.75,0.0,2.0,7
EC de Patos,4,0,1,3,3,8,-5,1,Brazil - Paraibano,0.0,0.25,-5,0.75,0.0,4.0,8
Picuiense,5,0,0,5,3,16,-13,0,Brazil - Paraibano,0.0,0.0,-13,0.6,0.0,0.0,9
Santa Catarina,5,4,1,0,11,4,7,13,Brazil - Catarinense,0.8,1.0,7,2.2,1.25,1.0,1
Avai,6,4,0,2,10,5,5,12,Brazil - Catarinense,0.67,0.67,5,1.67,1.49,1.49,2
Marcilio Dias,6,3,3,0,6,2,4,12,Brazil - Catarinense,0.5,1.0,4,1.0,2.0,1.0,2
Brusque,6,3,2,1,8,4,4,11,Brazil - Catarinense,0.5,0.83,4,1.33,2.0,1.2,3
Figueirense,6,3,1,2,15,10,5,10,Brazil - Catarinense,0.5,0.67,5,2.5,2.0,1.49,4
Barra FC,6,2,4,0,6,4,2,10,Brazil - Catarinense,0.33,1.0,2,1.0,3.03,1.0,4
Concordia,5,3,1,1,6,5,1,10,Brazil - Catarinense,0.6,0.8,1,1.2,1.67,1.25,4
Criciuma,6,2,3,1,8,4,4,9,Brazil - Catarinense,0.33,0.83,4,1.33,3.03,1.2,5
Joinville,5,2,3,0,8,6,2,9,Brazil - Catarinense,0.4,1.0,2,1.6,2.5,1.0,5
Chapecoense,5,1,4,0,3,2,1,7,Brazil - Catarinense,0.2,1.0,1,0.6,5.0,1.0,6
Caravaggio,5,1,2,2,2,3,-1,5,Brazil - Catarinense,0.2,0.6,-1,0.4,5.0,1.67,7
Hercilio Luz,5,1,1,3,4,8,-4,4,Brazil - Catarinense,0.2,0.4,-4,0.8,5.0,2.5,8
Internacional,4,4,0,0,8,0,8,12,Brazil - Gaucho,1.0,1.0,8,2.0,1.0,1.0,1
Juventude,4,4,0,0,8,1,7,12,Brazil - Gaucho,1.0,1.0,7,2.0,1.0,1.0,1
Gremio,4,3,1,0,15,1,14,10,Brazil - Gaucho,0.75,1.0,14,3.75,1.33,1.0,2
Caxias,4,2,1,1,6,5,1,7,Brazil - Gaucho,0.5,0.75,1,1.5,2.0,1.33,3
Ypiranga,4,2,1,1,4,3,1,7,Brazil - Gaucho,0.5,0.75,1,1.0,2.0,1.33,3
Guarany de Bage,4,1,2,1,3,3,0,5,Brazil - Gaucho,0.25,0.75,0,0.75,4.0,1.33,4
Brasil de P.,4,1,2,1,2,2,0,5,Brazil - Gaucho,0.25,0.75,0,0.5,4.0,1.33,4
Sao Luiz,4,1,2,1,5,6,-1,5,Brazil - Gaucho,0.25,0.75,-1,1.25,4.0,1.33,4
Pelotas,4,1,1,2,4,5,-1,4,Brazil - Gaucho,0.25,0.5,-1,1.0,4.0,2.0,5
Avenida,4,0,3,1,2,3,-1,3,Brazil - Gaucho,0.0,0.75,-1,0.5,0.0,1.33,6
EC Sao Jose,4,0,3,1,2,4,-2,3,Brazil - Gaucho,0.0,0.75,-2,0.5,0.0,1.33,6
Monsoon,4,1,0,3,3,8,-5,3,Brazil - Gaucho,0.25,0.25,-5,0.75,4.0,4.0,6
Ludogorets,8,7,1,0,17,1,16,22,Bulgaria - Parva Liga,0.88,1.0,16,2.12,1.14,1.0,1
Slavia Sofia,8,6,1,1,15,10,5,19,Bulgaria - Parva Liga,0.75,0.88,5,1.88,1.33,1.14,2
Beroe,8,5,1,2,13,5,8,16,Bulgaria - Parva Liga,0.62,0.75,8,1.62,1.61,1.33,3
Levski Sofia,8,5,1,2,14,10,4,16,Bulgaria - Parva Liga,0.62,0.75,4,1.75,1.61,1.33,3
Arda,8,4,3,1,13,11,2,15,Bulgaria - Parva Liga,0.5,0.88,2,1.62,2.0,1.14,4
CSKA Sofia,8,3,5,0,16,10,6,14,Bulgaria - Parva Liga,0.38,1.0,6,2.0,2.63,1.0,5
Botev Plovdiv,8,4,2,2,11,10,1,14,Bulgaria - Parva Liga,0.5,0.75,1,1.38,2.0,1.33,5
Cherno More,8,3,4,1,11,6,5,13,Bulgaria - Parva Liga,0.38,0.88,5,1.38,2.63,1.14,6
Spartak Varna,8,4,1,3,12,12,0,13,Bulgaria - Parva Liga,0.5,0.62,0,1.5,2.0,1.61,6
Septemvri Sofia,8,3,2,3,12,9,3,11,Bulgaria - Parva Liga,0.38,0.62,3,1.5,2.63,1.61,7
CSKA 1948 Sofia,8,3,1,4,9,15,-6,10,Bulgaria - Parva Liga,0.38,0.5,-6,1.12,2.63,2.0,8
L. Krumovgrad,8,1,4,3,5,7,-2,7,Bulgaria - Parva Liga,0.12,0.62,-2,0.62,8.33,1.61,9
Hebar,8,1,3,4,5,11,-6,6,Bulgaria - Parva Liga,0.12,0.5,-6,0.62,8.33,2.0,10
Botev Vratsa,8,1,3,4,6,13,-7,6,Bulgaria - Parva Liga,0.12,0.5,-7,0.75,8.33,2.0,10
Lok. Plovdiv,8,1,2,5,7,13,-6,5,Bulgaria - Parva Liga,0.12,0.38,-6,0.88,8.33,2.63,11
Lokomotiv Sofia,8,1,2,5,4,11,-7,5,Bulgaria - Parva Liga,0.12,0.38,-7,0.5,8.33,2.63,11
Union La Calera,3,2,1,0,7,2,5,7,Chile - Primera Division,0.67,1.0,5,2.33,1.49,1.0,1
Audax Italiano,3,2,1,0,8,4,4,7,Chile - Primera Division,0.67,1.0,4,2.67,1.49,1.0,1
U. de Chile,2,2,0,0,6,0,6,6,Chile - Primera Division,1.0,1.0,6,3.0,1.0,1.0,2
Huachipato,2,2,0,0,6,1,5,6,Chile - Primera Division,1.0,1.0,5,3.0,1.0,1.0,2
Cobresal,2,2,0,0,5,2,3,6,Chile - Primera Division,1.0,1.0,3,2.5,1.0,1.0,2
U. Catolica,2,2,0,0,4,1,3,6,Chile - Primera Division,1.0,1.0,3,2.0,1.0,1.0,2
Coquimbo Unido,2,1,1,0,2,1,1,4,Chile - Primera Division,0.5,1.0,1,1.0,2.0,1.0,3
Colo-Colo,2,1,0,1,2,1,1,3,Chile - Primera Division,0.5,0.5,1,1.0,2.0,2.0,4
La Serena,2,1,0,1,2,3,-1,3,Chile - Primera Division,0.5,0.5,-1,1.0,2.0,2.0,4
Palestino,2,1,0,1,2,3,-1,3,Chile - Primera Division,0.5,0.5,-1,1.0,2.0,2.0,4
Nublense,2,0,2,0,2,2,0,2,Chile - Primera Division,0.0,1.0,0,1.0,0.0,1.0,5
OHiggins,2,0,2,0,1,1,0,2,Chile - Primera Division,0.0,1.0,0,0.5,0.0,1.0,5
Everton,2,0,1,1,1,2,-1,1,Chile - Primera Division,0.0,0.5,-1,0.5,0.0,2.0,6
D. Limache,3,0,1,2,4,6,-2,1,Chile - Primera Division,0.0,0.33,-2,1.33,0.0,3.03,6
Union Espanola,1,0,0,1,0,3,-3,0,Chile - Primera Division,0.0,0.0,-3,0.0,0.0,0.0,7
D. Iquique,2,0,0,2,1,6,-5,0,Chile - Primera Division,0.0,0.0,-5,0.5,0.0,0.0,7
S. Wanderers,2,1,1,0,4,0,4,4,Chile - Primera B,0.5,1.0,4,2.0,2.0,1.0,1
Copiapo,2,1,1,0,5,2,3,4,Chile - Primera B,0.5,1.0,3,2.5,2.0,1.0,1
S. Morning,2,1,1,0,2,1,1,4,Chile - Primera B,0.5,1.0,1,1.0,2.0,1.0,1
Antofagasta,1,1,0,0,3,1,2,3,Chile - Primera B,1.0,1.0,2,3.0,1.0,1.0,2
Magallanes,2,1,0,1,3,1,2,3,Chile - Primera B,0.5,0.5,2,1.5,2.0,2.0,2
Recoleta,1,1,0,0,3,2,1,3,Chile - Primera B,1.0,1.0,1,3.0,1.0,1.0,2
Deportes Temuco,1,1,0,0,2,1,1,3,Chile - Primera B,1.0,1.0,1,2.0,1.0,1.0,2
U. Concepcion,2,1,0,1,3,3,0,3,Chile - Primera B,0.5,0.5,0,1.5,2.0,2.0,2
Rangers,2,0,2,0,3,3,0,2,Chile - Primera B,0.0,1.0,0,1.5,0.0,1.0,3
San Luis,2,0,2,0,1,1,0,2,Chile - Primera B,0.0,1.0,0,0.5,0.0,1.0,3
Curico Unido,1,0,1,0,1,1,0,1,Chile - Primera B,0.0,1.0,0,1.0,0.0,1.0,4
Concepcion,2,0,1,1,2,3,-1,1,Chile - Primera B,0.0,0.5,-1,1.0,0.0,2.0,4
San Marcos,2,0,1,1,2,3,-1,1,Chile - Primera B,0.0,0.5,-1,1.0,0.0,2.0,4
Cobreloa,2,0,1,1,1,3,-2,1,Chile - Primera B,0.0,0.5,-2,0.5,0.0,2.0,4
U. San Felipe,2,0,0,2,0,2,-2,0,Chile - Primera B,0.0,0.0,-2,0.0,0.0,0.0,5
CD Santa Cruz,1,0,0,1,0,3,-3,0,Chile - Primera B,0.0,0.0,-3,0.0,0.0,0.0,5
Shanghai Port,2,2,0,0,5,1,4,6,China - Super League,1.0,1.0,4,2.5,1.0,1.0,1
Shandong T.,2,1,1,0,4,1,3,4,China - Super League,0.5,1.0,3,2.0,2.0,1.0,2
S. Shenhua,2,1,1,0,4,3,1,4,China - Super League,0.5,1.0,1,2.0,2.0,1.0,2
Qingdao West C.,1,1,0,0,2,0,2,3,China - Super League,1.0,1.0,2,2.0,1.0,1.0,3
Meizhou Hakka,1,1,0,0,2,1,1,3,China - Super League,1.0,1.0,1,2.0,1.0,1.0,3
Chengdu,2,1,0,1,2,2,0,3,China - Super League,0.5,0.5,0,1.0,2.0,2.0,3
Tianjin T.,1,0,1,0,2,2,0,1,China - Super League,0.0,1.0,0,2.0,0.0,1.0,4
Zhejiang,1,0,1,0,1,1,0,1,China - Super League,0.0,1.0,0,1.0,0.0,1.0,4
Qingdao Hainiu,2,0,1,1,2,3,-1,1,China - Super League,0.0,0.5,-1,1.0,0.0,2.0,4
Yunnan Yukun,2,0,1,1,1,3,-2,1,China - Super League,0.0,0.5,-2,0.5,0.0,2.0,4
Beijing Guoan,0,0,0,0,0,0,0,0,China - Super League,0.0,0.0,0,0.0,0.0,0.0,5
Changchun Yatai,0,0,0,0,0,0,0,0,China - Super League,0.0,0.0,0,0.0,0.0,0.0,5
Dalian Yingbo,0,0,0,0,0,0,0,0,China - Super League,0.0,0.0,0,0.0,0.0,0.0,5
Henan SL,0,0,0,0,0,0,0,0,China - Super League,0.0,0.0,0,0.0,0.0,0.0,5
Sichuan Jiuniu,0,0,0,0,0,0,0,0,China - Super League,0.0,0.0,0,0.0,0.0,0.0,5
Wuhan Three T.,0,0,0,0,0,0,0,0,China - Super League,0.0,0.0,0,0.0,0.0,0.0,5
Guangdong GZP,1,1,0,0,4,0,4,3,China - League One,1.0,1.0,4,4.0,1.0,1.0,1
Nantong Zhiyun,1,1,0,0,1,0,1,3,China - League One,1.0,1.0,1,1.0,1.0,1.0,1
Chongqing T.,1,0,1,0,1,1,0,1,China - League One,0.0,1.0,0,1.0,0.0,1.0,2
Dalian Kuncheng,0,0,0,0,0,0,0,0,China - League One,0.0,0.0,0,0.0,0.0,0.0,3
Foshan Nanshi,0,0,0,0,0,0,0,0,China - League One,0.0,0.0,0,0.0,0.0,0.0,3
Heilongjiang IC,0,0,0,0,0,0,0,0,China - League One,0.0,0.0,0,0.0,0.0,0.0,3
Liaoning Tieren,0,0,0,0,0,0,0,0,China - League One,0.0,0.0,0,0.0,0.0,0.0,3
Nanjing City,0,0,0,0,0,0,0,0,China - League One,0.0,0.0,0,0.0,0.0,0.0,3
Qingdao RL,0,0,0,0,0,0,0,0,China - League One,0.0,0.0,0,0.0,0.0,0.0,3
S. Gongfu,0,0,0,0,0,0,0,0,China - League One,0.0,0.0,0,0.0,0.0,0.0,3
Shaanxi Union,0,0,0,0,0,0,0,0,China - League One,0.0,0.0,0,0.0,0.0,0.0,3
Shanghai Jiadin,0,0,0,0,0,0,0,0,China - League One,0.0,0.0,0,0.0,0.0,0.0,3
Shenzhen J.,0,0,0,0,0,0,0,0,China - League One,0.0,0.0,0,0.0,0.0,0.0,3
Suzhou Dongwu,0,0,0,0,0,0,0,0,China - League One,0.0,0.0,0,0.0,0.0,0.0,3
Yanbian Longdin,0,0,0,0,0,0,0,0,China - League One,0.0,0.0,0,0.0,0.0,0.0,3
Guangxi Baoyun,1,0,0,1,0,3,-3,0,China - League One,0.0,0.0,-3,0.0,0.0,0.0,3
Langfang Glory,8,7,1,0,16,3,13,22,China - League Two,0.88,1.0,13,2.0,1.14,1.0,1
Dalian Kuncheng,8,7,1,0,13,1,12,22,China - League Two,0.88,1.0,12,1.62,1.14,1.0,1
Rizhao Yuqi,8,7,1,0,15,4,11,22,China - League Two,0.88,1.0,11,1.88,1.14,1.0,1
Shenzhen J.,8,7,1,0,14,7,7,22,China - League Two,0.88,1.0,7,1.75,1.14,1.0,1
Shandong T. B,8,6,1,1,14,6,8,19,China - League Two,0.75,0.88,8,1.75,1.33,1.14,2
Guangdong GZP,8,5,3,0,18,5,13,18,China - League Two,0.62,1.0,13,2.25,1.61,1.0,3
Jiangxi DH,8,6,0,2,12,4,8,18,China - League Two,0.75,0.75,8,1.5,1.33,1.33,3
Shaanxi Union,8,4,2,2,13,8,5,14,China - League Two,0.5,0.75,5,1.62,2.0,1.33,4
Quanzhou Yassin,8,3,3,2,7,7,0,12,China - League Two,0.38,0.75,0,0.88,2.63,1.33,5
Guangxi H.,8,3,2,3,11,10,1,11,China - League Two,0.38,0.62,1,1.38,2.63,1.61,6
Xian Ronghai,8,3,2,3,10,9,1,11,China - League Two,0.38,0.62,1,1.25,2.63,1.61,6
Taian Tiankuang,8,3,2,3,13,13,0,11,China - League Two,0.38,0.62,0,1.62,2.63,1.61,6
Haikou M.,8,3,2,3,12,12,0,11,China - League Two,0.38,0.62,0,1.5,2.63,1.61,6
Hunan Billows,8,2,5,1,9,9,0,11,China - League Two,0.25,0.88,0,1.12,4.0,1.14,6
Hubei Istar,8,2,3,3,12,10,2,9,China - League Two,0.25,0.62,2,1.5,4.0,1.61,7
Shanghai Port B,8,3,0,5,9,10,-1,9,China - League Two,0.38,0.38,-1,1.12,2.63,2.63,7
Beijing IT,8,3,0,5,5,8,-3,9,China - League Two,0.38,0.38,-3,0.62,2.63,2.63,7
Ganzhou Ruishi,8,1,5,2,14,14,0,8,China - League Two,0.12,0.75,0,1.75,8.33,1.33,8
Guangxi Lanhang,8,1,5,2,10,12,-2,8,China - League Two,0.12,0.75,-2,1.25,8.33,1.33,8
Nantong Haimen,8,2,1,5,9,15,-6,7,China - League Two,0.25,0.38,-6,1.12,4.0,2.63,9
America de Cali,5,4,1,0,12,4,8,13,Colombia - Primera A - Apertura,0.8,1.0,8,2.4,1.25,1.0,1
Deportivo Pasto,5,4,0,1,8,3,5,12,Colombia - Primera A - Apertura,0.8,0.8,5,1.6,1.25,1.25,2
I. Medelin,4,3,1,0,8,1,7,10,Colombia - Primera A - Apertura,0.75,1.0,7,2.0,1.33,1.0,3
Deportes Tolima,4,3,1,0,7,1,6,10,Colombia - Primera A - Apertura,0.75,1.0,6,1.75,1.33,1.0,3
A. Nacional,3,3,0,0,8,0,8,9,Colombia - Primera A - Apertura,1.0,1.0,8,2.67,1.0,1.0,4
Once Caldas,5,3,0,2,8,6,2,9,Colombia - Primera A - Apertura,0.6,0.6,2,1.6,1.67,1.67,4
D. Pereira,4,2,2,0,4,0,4,8,Colombia - Primera A - Apertura,0.5,1.0,4,1.0,2.0,1.0,5
Santa Fe,4,2,2,0,6,3,3,8,Colombia - Primera A - Apertura,0.5,1.0,3,1.5,2.0,1.0,5
Deportivo Cali,4,2,2,0,4,1,3,8,Colombia - Primera A - Apertura,0.5,1.0,3,1.0,2.0,1.0,5
Junior,5,2,2,1,7,5,2,8,Colombia - Primera A - Apertura,0.4,0.8,2,1.4,2.5,1.25,5
Fortaleza CEIF,5,2,2,1,5,7,-2,8,Colombia - Primera A - Apertura,0.4,0.8,-2,1.0,2.5,1.25,5
A. Petrolera,3,2,1,0,5,3,2,7,Colombia - Primera A - Apertura,0.67,1.0,2,1.67,1.49,1.0,6
Llaneros,4,2,1,1,5,3,2,7,Colombia - Primera A - Apertura,0.5,0.75,2,1.25,2.0,1.33,6
Millonarios,3,2,0,1,4,2,2,6,Colombia - Primera A - Apertura,0.67,0.67,2,1.33,1.49,1.49,7
Boyaca Chico,4,1,2,1,4,5,-1,5,Colombia - Primera A - Apertura,0.25,0.75,-1,1.0,4.0,1.33,8
Union Magdalena,4,0,3,1,3,5,-2,3,Colombia - Primera A - Apertura,0.0,0.75,-2,0.75,0.0,1.33,9
R. Aguilas,4,0,2,2,1,3,-2,2,Colombia - Primera A - Apertura,0.0,0.5,-2,0.25,0.0,2.0,10
A. Bucaramanga,4,0,2,2,1,6,-5,2,Colombia - Primera A - Apertura,0.0,0.5,-5,0.25,0.0,2.0,10
La Equidad,4,0,1,3,2,5,-3,1,Colombia - Primera A - Apertura,0.0,0.25,-3,0.5,0.0,4.0,11
Envigado,4,0,1,3,1,9,-8,1,Colombia - Primera A - Apertura,0.0,0.25,-8,0.25,0.0,4.0,11
Deportivo Pasto,8,6,0,2,14,8,6,18,Colombia - Primera A - Clausura,0.75,0.75,6,1.75,1.33,1.33,1
I. Medelin,8,5,2,1,11,2,9,17,Colombia - Primera A - Clausura,0.62,0.88,9,1.38,1.61,1.14,2
Junior,8,5,2,1,17,9,8,17,Colombia - Primera A - Clausura,0.62,0.88,8,2.12,1.61,1.14,2
Millonarios,8,5,2,1,11,3,8,17,Colombia - Primera A - Clausura,0.62,0.88,8,1.38,1.61,1.14,2
America de Cali,8,5,2,1,9,3,6,17,Colombia - Primera A - Clausura,0.62,0.88,6,1.12,1.61,1.14,2
D. Pereira,8,5,1,2,10,6,4,16,Colombia - Primera A - Clausura,0.62,0.75,4,1.25,1.61,1.33,3
Santa Fe,8,4,3,1,12,5,7,15,Colombia - Primera A - Clausura,0.5,0.88,7,1.5,2.0,1.14,4
Deportes Tolima,8,4,3,1,10,4,6,15,Colombia - Primera A - Clausura,0.5,0.88,6,1.25,2.0,1.14,4
Patriotas,8,4,2,2,14,8,6,14,Colombia - Primera A - Clausura,0.5,0.75,6,1.75,2.0,1.33,5
Once Caldas,8,4,2,2,11,8,3,14,Colombia - Primera A - Clausura,0.5,0.75,3,1.38,2.0,1.33,5
A. Nacional,8,3,4,1,15,11,4,13,Colombia - Primera A - Clausura,0.38,0.88,4,1.88,2.63,1.14,6
A. Petrolera,8,3,3,2,11,8,3,12,Colombia - Primera A - Clausura,0.38,0.75,3,1.38,2.63,1.33,7
Boyaca Chico,8,3,3,2,7,10,-3,12,Colombia - Primera A - Clausura,0.38,0.75,-3,0.88,2.63,1.33,7
Fortaleza CEIF,8,3,2,3,9,9,0,11,Colombia - Primera A - Clausura,0.38,0.62,0,1.12,2.63,1.61,8
La Equidad,8,2,4,2,10,11,-1,10,Colombia - Primera A - Clausura,0.25,0.75,-1,1.25,4.0,1.33,9
Deportivo Cali,8,3,1,4,7,9,-2,10,Colombia - Primera A - Clausura,0.38,0.5,-2,0.88,2.63,2.0,9
R. Aguilas,8,2,3,3,7,9,-2,9,Colombia - Primera A - Clausura,0.25,0.62,-2,0.88,4.0,1.61,10
Jaguares de C.,8,2,3,3,5,8,-3,9,Colombia - Primera A - Clausura,0.25,0.62,-3,0.62,4.0,1.61,10
Envigado,8,2,2,4,4,4,0,8,Colombia - Primera A - Clausura,0.25,0.5,0,0.5,4.0,2.0,11
A. Bucaramanga,8,2,2,4,6,9,-3,8,Colombia - Primera A - Clausura,0.25,0.5,-3,0.75,4.0,2.0,11
Guanacasteca,8,8,0,0,13,3,10,24,Costa Rica - Primera Div. - Apertura,1.0,1.0,10,1.62,1.0,1.0,1
Alajuelense,8,6,2,0,19,5,14,20,Costa Rica - Primera Div. - Apertura,0.75,1.0,14,2.38,1.33,1.0,2
Cartagines,8,6,2,0,16,8,8,20,Costa Rica - Primera Div. - Apertura,0.75,1.0,8,2.0,1.33,1.0,2
Saprissa,8,5,2,1,17,11,6,17,Costa Rica - Primera Div. - Apertura,0.62,0.88,6,2.12,1.61,1.14,3
Herediano,8,4,1,3,15,14,1,13,Costa Rica - Primera Div. - Apertura,0.5,0.62,1,1.88,2.0,1.61,4
San Carlos,8,2,6,0,9,6,3,12,Costa Rica - Primera Div. - Apertura,0.25,1.0,3,1.12,4.0,1.0,5
Santos Guapiles,8,4,0,4,13,11,2,12,Costa Rica - Primera Div. - Apertura,0.5,0.5,2,1.62,2.0,2.0,5
Zeledon,8,3,3,2,10,8,2,12,Costa Rica - Primera Div. - Apertura,0.38,0.75,2,1.25,2.63,1.33,5
Santa Ana,8,3,3,2,11,11,0,12,Costa Rica - Primera Div. - Apertura,0.38,0.75,0,1.38,2.63,1.33,5
Sporting SJ,8,3,1,4,12,11,1,10,Costa Rica - Primera Div. - Apertura,0.38,0.5,1,1.5,2.63,2.0,6
Puntarenas,8,2,3,3,7,9,-2,9,Costa Rica - Primera Div. - Apertura,0.25,0.62,-2,0.88,4.0,1.61,7
M. Liberia,8,2,2,4,12,11,1,8,Costa Rica - Primera Div. - Apertura,0.25,0.5,1,1.5,4.0,2.0,8
Slavia Prague,8,8,0,0,18,2,16,24,CzechRepublic - 1. Liga,1.0,1.0,16,2.25,1.0,1.0,1
Jablonec,8,6,1,1,22,5,17,19,CzechRepublic - 1. Liga,0.75,0.88,17,2.75,1.33,1.14,2
Viktoria Plzen,8,6,1,1,20,10,10,19,CzechRepublic - 1. Liga,0.75,0.88,10,2.5,1.33,1.14,2
Sparta Prague,8,6,1,1,16,7,9,19,CzechRepublic - 1. Liga,0.75,0.88,9,2.0,1.33,1.14,2
Banik Ostrava,8,6,0,2,17,7,10,18,CzechRepublic - 1. Liga,0.75,0.75,10,2.12,1.33,1.33,3
Teplice,8,5,1,2,12,7,5,16,CzechRepublic - 1. Liga,0.62,0.75,5,1.5,1.61,1.33,4
Karvina,8,4,2,2,13,8,5,14,CzechRepublic - 1. Liga,0.5,0.75,5,1.62,2.0,1.33,5
Slovan Liberec,8,4,2,2,12,8,4,14,CzechRepublic - 1. Liga,0.5,0.75,4,1.5,2.0,1.33,5
Slovacko,8,3,3,2,7,8,-1,12,CzechRepublic - 1. Liga,0.38,0.75,-1,0.88,2.63,1.33,6
Mlada Boleslav,8,3,2,3,11,11,0,11,CzechRepublic - 1. Liga,0.38,0.62,0,1.38,2.63,1.61,7
Sigma Olomouc,8,3,1,4,12,13,-1,10,CzechRepublic - 1. Liga,0.38,0.5,-1,1.5,2.63,2.0,8
Bohemians,8,2,4,2,10,11,-1,10,CzechRepublic - 1. Liga,0.25,0.75,-1,1.25,4.0,1.33,8
Hradec Kralove,8,1,5,2,9,8,1,8,CzechRepublic - 1. Liga,0.12,0.75,1,1.12,8.33,1.33,9
Pardubice,8,1,4,3,5,9,-4,7,CzechRepublic - 1. Liga,0.12,0.62,-4,0.62,8.33,1.61,10
Dukla Praha,8,1,3,4,7,11,-4,6,CzechRepublic - 1. Liga,0.12,0.5,-4,0.88,8.33,2.0,11
C. Budejovice,8,0,2,6,2,19,-17,2,CzechRepublic - 1. Liga,0.0,0.25,-17,0.25,0.0,4.0,12
FC Midtjylland,8,7,0,1,15,10,5,21,Denmark - Superligaen,0.88,0.88,5,1.88,1.14,1.14,1
FC Kobenhavn,8,6,2,0,17,7,10,20,Denmark - Superligaen,0.75,1.0,10,2.12,1.33,1.0,2
Nordsjaelland,8,6,2,0,18,9,9,20,Denmark - Superligaen,0.75,1.0,9,2.25,1.33,1.0,2
AGF Aarhus,8,4,4,0,16,8,8,16,Denmark - Superligaen,0.5,1.0,8,2.0,2.0,1.0,3
Brondby IF,8,4,4,0,13,5,8,16,Denmark - Superligaen,0.5,1.0,8,1.62,2.0,1.0,3
Viborg,8,5,1,2,15,12,3,16,Denmark - Superligaen,0.62,0.75,3,1.88,1.61,1.33,3
Randers FC,8,4,3,1,16,8,8,15,Denmark - Superligaen,0.5,0.88,8,2.0,2.0,1.14,4
Aalborg BK,8,2,3,3,10,12,-2,9,Denmark - Superligaen,0.25,0.62,-2,1.25,4.0,1.61,5
Lyngby,8,1,5,2,6,8,-2,8,Denmark - Superligaen,0.12,0.75,-2,0.75,8.33,1.33,6
SonderjyskE,8,2,2,4,13,22,-9,8,Denmark - Superligaen,0.25,0.5,-9,1.62,4.0,2.0,6
Silkeborg,8,1,4,3,9,12,-3,7,Denmark - Superligaen,0.12,0.62,-3,1.12,8.33,1.61,7
Vejle BK,8,1,3,4,9,18,-9,6,Denmark - Superligaen,0.12,0.5,-9,1.12,8.33,2.0,8
Hvidovre,8,5,3,0,13,6,7,18,Denmark - 1st Division,0.62,1.0,7,1.62,1.61,1.0,1
AC Horsens,8,4,3,1,13,7,6,15,Denmark - 1st Division,0.5,0.88,6,1.62,2.0,1.14,2
Odense BK,8,4,3,1,15,13,2,15,Denmark - 1st Division,0.5,0.88,2,1.88,2.0,1.14,2
Esbjerg,8,4,1,3,14,12,2,13,Denmark - 1st Division,0.5,0.62,2,1.75,2.0,1.61,3
Kolding IF,8,3,3,2,10,6,4,12,Denmark - 1st Division,0.38,0.75,4,1.25,2.63,1.33,4
Hobro,8,3,1,4,10,14,-4,10,Denmark - 1st Division,0.38,0.5,-4,1.25,2.63,2.0,5
Hillerod,8,2,3,3,8,12,-4,9,Denmark - 1st Division,0.25,0.62,-4,1.0,4.0,1.61,6
HB Koge,8,3,0,5,11,16,-5,9,Denmark - 1st Division,0.38,0.38,-5,1.38,2.63,2.63,6
B 93,8,2,2,4,7,15,-8,8,Denmark - 1st Division,0.25,0.5,-8,0.88,4.0,2.0,7
Fredericia,8,2,1,5,8,12,-4,7,Denmark - 1st Division,0.25,0.38,-4,1.0,4.0,2.63,8
Roskilde,8,2,0,6,8,15,-7,6,Denmark - 1st Division,0.25,0.25,-7,1.0,4.0,4.0,9
Vendsyssel,8,1,2,5,8,13,-5,5,Denmark - 1st Division,0.12,0.38,-5,1.0,8.33,2.63,10
Aarhus Fremad,8,6,1,1,14,5,9,19,Denmark - 2nd Division,0.75,0.88,9,1.75,1.33,1.14,1
Fremad Amager,8,6,0,2,11,6,5,18,Denmark - 2nd Division,0.75,0.75,5,1.38,1.33,1.33,2
Naestved,8,5,1,2,10,10,0,16,Denmark - 2nd Division,0.62,0.75,0,1.25,1.61,1.33,3
Skive,8,3,3,2,12,7,5,12,Denmark - 2nd Division,0.38,0.75,5,1.5,2.63,1.33,4
AB Copenhagen,8,3,2,3,11,10,1,11,Denmark - 2nd Division,0.38,0.62,1,1.38,2.63,1.61,5
Hellerup IK,8,3,2,3,10,9,1,11,Denmark - 2nd Division,0.38,0.62,1,1.25,2.63,1.61,5
Middelfart,8,3,1,4,10,12,-2,10,Denmark - 2nd Division,0.38,0.5,-2,1.25,2.63,2.0,6
Thisted,8,3,1,4,8,10,-2,10,Denmark - 2nd Division,0.38,0.5,-2,1.0,2.63,2.0,6
Nykobing,8,2,2,4,8,11,-3,8,Denmark - 2nd Division,0.25,0.5,-3,1.0,4.0,2.0,7
BK Frem,8,1,3,4,7,10,-3,6,Denmark - 2nd Division,0.12,0.5,-3,0.88,8.33,2.0,8
Ishoj,8,1,3,4,9,13,-4,6,Denmark - 2nd Division,0.12,0.5,-4,1.12,8.33,2.0,8
Helsingor,8,1,3,4,6,10,-4,6,Denmark - 2nd Division,0.12,0.5,-4,0.75,8.33,2.0,8
LDU Quito,3,2,1,0,7,0,7,7,Ecuador - Liga Pro 1st Stage,0.67,1.0,7,2.33,1.49,1.0,1
Mushuc Runa,3,2,0,1,6,3,3,6,Ecuador - Liga Pro 1st Stage,0.67,0.67,3,2.0,1.49,1.49,2
Libertad,3,2,0,1,7,5,2,6,Ecuador - Liga Pro 1st Stage,0.67,0.67,2,2.33,1.49,1.49,2
Orense,2,2,0,0,4,2,2,6,Ecuador - Liga Pro 1st Stage,1.0,1.0,2,2.0,1.0,1.0,2
U. Catolica,3,1,2,0,5,2,3,5,Ecuador - Liga Pro 1st Stage,0.33,1.0,3,1.67,3.03,1.0,3
Aucas,2,1,1,0,6,3,3,4,Ecuador - Liga Pro 1st Stage,0.5,1.0,3,3.0,2.0,1.0,4
Delfin,2,1,1,0,2,0,2,4,Ecuador - Liga Pro 1st Stage,0.5,1.0,2,1.0,2.0,1.0,4
Macara,2,1,1,0,2,1,1,4,Ecuador - Liga Pro 1st Stage,0.5,1.0,1,1.0,2.0,1.0,4
Manta,3,1,1,1,8,8,0,4,Ecuador - Liga Pro 1st Stage,0.33,0.67,0,2.67,3.03,1.49,4
D. Cuenca,2,1,0,1,2,1,1,3,Ecuador - Liga Pro 1st Stage,0.5,0.5,1,1.0,2.0,2.0,5
Cuniburo,2,1,0,1,3,3,0,3,Ecuador - Liga Pro 1st Stage,0.5,0.5,0,1.5,2.0,2.0,5
Barcelona SC,2,1,0,1,1,4,-3,3,Ecuador - Liga Pro 1st Stage,0.5,0.5,-3,0.5,2.0,2.0,5
I. del Valle,2,0,2,0,2,2,0,2,Ecuador - Liga Pro 1st Stage,0.0,1.0,0,1.0,0.0,1.0,6
Tecnico U.,1,0,1,0,2,2,0,1,Ecuador - Liga Pro 1st Stage,0.0,1.0,0,2.0,0.0,1.0,7
El Nacional,2,0,1,1,0,1,-1,1,Ecuador - Liga Pro 1st Stage,0.0,0.5,-1,0.0,0.0,2.0,7
Emelec,2,0,1,1,0,4,-4,1,Ecuador - Liga Pro 1st Stage,0.0,0.5,-4,0.0,0.0,2.0,7
22 de Julio,0,0,0,0,0,0,0,0,Ecuador - Serie B,0.0,0.0,0,0.0,0.0,0.0,1
Chacaritas,0,0,0,0,0,0,0,0,Ecuador - Serie B,0.0,0.0,0,0.0,0.0,0.0,1
Cumbaya,0,0,0,0,0,0,0,0,Ecuador - Serie B,0.0,0.0,0,0.0,0.0,0.0,1
Gualaceo,0,0,0,0,0,0,0,0,Ecuador - Serie B,0.0,0.0,0,0.0,0.0,0.0,1
Guayaquil City,0,0,0,0,0,0,0,0,Ecuador - Serie B,0.0,0.0,0,0.0,0.0,0.0,1
I. Juniors,0,0,0,0,0,0,0,0,Ecuador - Serie B,0.0,0.0,0,0.0,0.0,0.0,1
Imbabura,0,0,0,0,0,0,0,0,Ecuador - Serie B,0.0,0.0,0,0.0,0.0,0.0,1
Leones Norte,0,0,0,0,0,0,0,0,Ecuador - Serie B,0.0,0.0,0,0.0,0.0,0.0,1
Nueve Octubre,0,0,0,0,0,0,0,0,Ecuador - Serie B,0.0,0.0,0,0.0,0.0,0.0,1
San Antonio,0,0,0,0,0,0,0,0,Ecuador - Serie B,0.0,0.0,0,0.0,0.0,0.0,1
Vargas Torres,0,0,0,0,0,0,0,0,Ecuador - Serie B,0.0,0.0,0,0.0,0.0,0.0,1
Vinotinto,0,0,0,0,0,0,0,0,Ecuador - Serie B,0.0,0.0,0,0.0,0.0,0.0,1
Pyramids FC,8,7,1,0,19,3,16,22,Egypt - Premier League,0.88,1.0,16,2.38,1.14,1.0,1
Zamalek,8,5,3,0,17,6,11,18,Egypt - Premier League,0.62,1.0,11,2.12,1.61,1.0,2
Al Ahly,8,5,3,0,13,5,8,18,Egypt - Premier League,0.62,1.0,8,1.62,1.61,1.0,2
Al Masry,8,4,3,1,8,5,3,15,Egypt - Premier League,0.5,0.88,3,1.0,2.0,1.14,3
Haras El Hodood,8,4,2,2,8,3,5,14,Egypt - Premier League,0.5,0.75,5,1.0,2.0,1.33,4
Ceramica C.,8,3,3,2,14,9,5,12,Egypt - Premier League,0.38,0.75,5,1.75,2.63,1.33,5
El Gouna,8,4,0,4,8,5,3,12,Egypt - Premier League,0.5,0.5,3,1.0,2.0,2.0,5
Pharco,8,3,3,2,9,8,1,12,Egypt - Premier League,0.38,0.75,1,1.12,2.63,1.33,5
Petrojet,8,3,3,2,8,7,1,12,Egypt - Premier League,0.38,0.75,1,1.0,2.63,1.33,5
National Bank,8,3,3,2,8,8,0,12,Egypt - Premier League,0.38,0.75,0,1.0,2.63,1.33,5
ZED FC,8,2,5,1,9,6,3,11,Egypt - Premier League,0.25,0.88,3,1.12,4.0,1.14,6
Ghazl El M.,8,3,1,4,6,7,-1,10,Egypt - Premier League,0.38,0.5,-1,0.75,2.63,2.0,7
Ismaily,8,2,3,3,6,11,-5,9,Egypt - Premier League,0.25,0.62,-5,0.75,4.0,1.61,8
ENPPI,8,2,2,4,4,8,-4,8,Egypt - Premier League,0.25,0.5,-4,0.5,4.0,2.0,9
El Geish,8,1,4,3,5,7,-2,7,Egypt - Premier League,0.12,0.62,-2,0.62,8.33,1.61,10
Al Ittihad,8,2,1,5,4,8,-4,7,Egypt - Premier League,0.25,0.38,-4,0.5,4.0,2.63,10
Modern Sport,8,2,1,5,6,11,-5,7,Egypt - Premier League,0.25,0.38,-5,0.75,4.0,2.63,10
Smouha,8,2,1,5,6,15,-9,7,Egypt - Premier League,0.25,0.38,-9,0.75,4.0,2.63,10
Liverpool,8,6,2,0,20,8,12,20,Premier League,0.75,1.0,12,2.5,1.33,1.0,1
Nottm Forest,8,6,2,0,16,4,12,20,Premier League,0.75,1.0,12,2.0,1.33,1.0,1
Chelsea,8,6,1,1,18,7,11,19,Premier League,0.75,0.88,11,2.25,1.33,1.14,2
Arsenal,8,5,2,1,15,5,10,17,Premier League,0.62,0.88,10,1.88,1.61,1.14,3
Aston Villa,8,4,4,0,13,9,4,16,Premier League,0.5,1.0,4,1.62,2.0,1.0,4
Manchester City,8,4,2,2,18,9,9,14,Premier League,0.5,0.75,9,2.25,2.0,1.33,6
Newcastle Utd,8,4,1,3,19,14,5,13,Premier League,0.5,0.62,5,2.38,2.0,1.61,7
Brighton,8,3,3,2,10,8,2,12,Premier League,0.38,0.75,2,1.25,2.63,1.33,8
Bournemouth,8,3,2,3,9,6,3,11,Premier League,0.38,0.62,3,1.12,2.63,1.61,9
Crystal Palace,8,3,2,3,13,14,-1,11,Premier League,0.38,0.62,-1,1.62,2.63,1.61,9
Everton,8,2,4,2,12,10,2,10,Premier League,0.25,0.75,2,1.5,4.0,1.33,10
Fulham,8,2,4,2,10,10,0,10,Premier League,0.25,0.75,0,1.25,4.0,1.33,10
West Ham Utd,8,3,1,4,8,13,-5,10,Premier League,0.38,0.5,-5,1.0,2.63,2.0,10
Wolverhampton,8,2,1,5,9,13,-4,7,Premier League,0.25,0.38,-4,1.12,4.0,2.63,13
Manchester Utd,8,2,1,5,10,17,-7,7,Premier League,0.25,0.38,-7,1.25,4.0,2.63,13
Tottenham,8,1,2,5,13,19,-6,5,Premier League,0.12,0.38,-6,1.62,8.33,2.63,15
Brentford,8,1,2,5,8,15,-7,5,Premier League,0.12,0.38,-7,1.0,8.33,2.63,15
Leicester City,8,1,1,6,5,18,-13,4,Premier League,0.12,0.25,-13,0.62,8.33,4.0,16
Ipswich Town,8,1,0,7,7,24,-17,3,Premier League,0.12,0.12,-17,0.88,8.33,8.33,17
Southampton,8,0,0,8,4,28,-24,0,Premier League,0.0,0.0,-24,0.5,0.0,0.0,18
Leeds Utd,8,6,2,0,22,3,19,20,Premier League,0.75,1.0,19,2.75,1.33,1.0,1
Bristol City,8,6,1,1,13,5,8,19,Premier League,0.75,0.88,8,1.62,1.33,1.14,2
Coventry City,8,6,1,1,12,6,6,19,Premier League,0.75,0.88,6,1.5,1.33,1.14,2
West Brom,8,5,2,1,15,7,8,17,Premier League,0.62,0.88,8,1.88,1.61,1.14,3
Burnley,8,4,4,0,12,1,11,16,Premier League,0.5,1.0,11,1.5,2.0,1.0,4
QP Rangers,8,5,1,2,16,10,6,16,Premier League,0.62,0.75,6,2.0,1.61,1.33,4
Preston,8,4,4,0,10,5,5,16,Premier League,0.5,1.0,5,1.25,2.0,1.0,4
Portsmouth,8,5,1,2,11,7,4,16,Premier League,0.62,0.75,4,1.38,1.61,1.33,4
Oxford Utd,8,5,1,2,13,10,3,16,Premier League,0.62,0.75,3,1.62,1.61,1.33,4
Sunderland,8,4,3,1,12,8,4,15,Premier League,0.5,0.88,4,1.5,2.0,1.14,5
Sheffield Utd,8,4,2,2,11,10,1,14,Premier League,0.5,0.75,1,1.38,2.0,1.33,6
Norwich City,8,3,3,2,16,11,5,12,Premier League,0.38,0.75,5,2.0,2.63,1.33,8
Cardiff City,8,3,3,2,11,8,3,12,Premier League,0.38,0.75,3,1.38,2.63,1.33,8
Middlesbrough,8,3,3,2,11,9,2,12,Premier League,0.38,0.75,2,1.38,2.63,1.33,8
Stoke City,8,3,3,2,6,6,0,12,Premier League,0.38,0.75,0,0.75,2.63,1.33,8
Hull City,8,3,2,3,12,11,1,11,Premier League,0.38,0.62,1,1.5,2.63,1.61,9
Millwall,8,3,2,3,7,8,-1,11,Premier League,0.38,0.62,-1,0.88,2.63,1.61,9
Blackburn,8,3,1,4,9,8,1,10,Premier League,0.38,0.5,1,1.12,2.63,2.0,10
Swansea City,8,3,1,4,8,9,-1,10,Premier League,0.38,0.5,-1,1.0,2.63,2.0,10
Sheffield Wed,8,2,3,3,13,12,1,9,Premier League,0.25,0.62,1,1.62,4.0,1.61,11
Luton Town,8,2,3,3,4,5,-1,9,Premier League,0.25,0.62,-1,0.5,4.0,1.61,11
Plymouth,8,2,2,4,11,16,-5,8,Premier League,0.25,0.5,-5,1.38,4.0,2.0,12
Derby County,8,2,1,5,4,7,-3,7,Premier League,0.25,0.38,-3,0.5,4.0,2.63,13
Watford,8,2,0,6,7,13,-6,6,Premier League,0.25,0.25,-6,0.88,4.0,4.0,14
Birmingham City,8,8,0,0,14,2,12,24,League One,1.0,1.0,12,1.75,1.0,1.0,1
Charlton,8,7,1,0,13,2,11,22,League One,0.88,1.0,11,1.62,1.14,1.0,2
Stockport,8,5,2,1,11,6,5,17,League One,0.62,0.88,5,1.38,1.61,1.14,3
Bolton,8,5,1,2,18,11,7,16,League One,0.62,0.75,7,2.25,1.61,1.33,4
Bristol Rovers,8,5,1,2,18,12,6,16,League One,0.62,0.75,6,2.25,1.61,1.33,4
Leyton Orient,8,5,0,3,13,7,6,15,League One,0.62,0.62,6,1.62,1.61,1.61,5
Rotherham,8,4,2,2,13,9,4,14,League One,0.5,0.75,4,1.62,2.0,1.33,6
Wrexham,8,4,2,2,10,8,2,14,League One,0.5,0.75,2,1.25,2.0,1.33,6
Reading,8,3,4,1,8,6,2,13,League One,0.38,0.88,2,1.0,2.63,1.14,7
Wycombe,8,3,3,2,7,4,3,12,League One,0.38,0.75,3,0.88,2.63,1.33,8
Peterborough,8,3,3,2,11,12,-1,12,League One,0.38,0.75,-1,1.38,2.63,1.33,8
Lincoln City,8,3,2,3,15,7,8,11,League One,0.38,0.62,8,1.88,2.63,1.61,9
Blackpool,8,2,5,1,13,11,2,11,League One,0.25,0.88,2,1.62,4.0,1.14,9
Exeter City,8,3,2,3,16,17,-1,11,League One,0.38,0.62,-1,2.0,2.63,1.61,9
Wigan Athletic,8,3,1,4,8,11,-3,10,League One,0.38,0.5,-3,1.0,2.63,2.0,10
Barnsley,8,3,1,4,10,14,-4,10,League One,0.38,0.5,-4,1.25,2.63,2.0,10
Burton Albion,8,2,3,3,13,13,0,9,League One,0.25,0.62,0,1.62,4.0,1.61,11
Northampton,8,2,3,3,8,10,-2,9,League One,0.25,0.62,-2,1.0,4.0,1.61,11
Stevenage,8,2,2,4,11,11,0,8,League One,0.25,0.5,0,1.38,4.0,2.0,12
Shrewsbury,8,2,2,4,7,10,-3,8,League One,0.25,0.5,-3,0.88,4.0,2.0,12
Crawley Town,8,1,4,3,8,10,-2,7,League One,0.12,0.62,-2,1.0,8.33,1.61,13
Cambridge Utd,8,2,1,5,7,10,-3,7,League One,0.25,0.38,-3,0.88,4.0,2.63,13
Mansfield,8,2,1,5,6,11,-5,7,League One,0.25,0.38,-5,0.75,4.0,2.63,13
Huddersfield,8,1,3,4,6,6,0,6,League One,0.12,0.5,0,0.75,8.33,2.0,14
Bradford,8,7,0,1,14,2,12,21,League Two,0.88,0.88,12,1.75,1.14,1.14,1
AFC Wimbledon,8,6,0,2,11,3,8,18,League Two,0.75,0.75,8,1.38,1.33,1.33,2
Port Vale,8,5,3,0,11,4,7,18,League Two,0.62,1.0,7,1.38,1.61,1.0,2
Colchester Utd,8,5,2,1,11,6,5,17,League Two,0.62,0.88,5,1.38,1.61,1.14,3
Chesterfield,8,5,1,2,17,9,8,16,League Two,0.62,0.75,8,2.12,1.61,1.33,4
Swindon Town,8,4,4,0,17,11,6,16,League Two,0.5,1.0,6,2.12,2.0,1.0,4
Doncaster,8,5,1,2,15,9,6,16,League Two,0.62,0.75,6,1.88,1.61,1.33,4
Newport,8,5,1,2,11,7,4,16,League Two,0.62,0.75,4,1.38,1.61,1.33,4
Walsall,8,4,2,2,18,11,7,14,League Two,0.5,0.75,7,2.25,2.0,1.33,5
Notts County,8,4,2,2,11,7,4,14,League Two,0.5,0.75,4,1.38,2.0,1.33,5
Cheltenham,8,4,2,2,14,13,1,14,League Two,0.5,0.75,1,1.75,2.0,1.33,5
Harrogate,8,4,2,2,7,6,1,14,League Two,0.5,0.75,1,0.88,2.0,1.33,5
Barrow,8,4,1,3,13,9,4,13,League Two,0.5,0.62,4,1.62,2.0,1.61,6
Fleetwood,8,3,4,1,11,7,4,13,League Two,0.38,0.88,4,1.38,2.63,1.14,6
Morecambe,8,4,1,3,11,8,3,13,League Two,0.5,0.62,3,1.38,2.0,1.61,6
Accrington,8,3,3,2,12,8,4,12,League Two,0.38,0.75,4,1.5,2.63,1.33,7
Grimsby,8,3,3,2,10,8,2,12,League Two,0.38,0.75,2,1.25,2.63,1.33,7
Crewe Alexandra,8,3,2,3,13,13,0,11,League Two,0.38,0.62,0,1.62,2.63,1.61,8
Bromley,8,3,2,3,7,7,0,11,League Two,0.38,0.62,0,0.88,2.63,1.61,8
Tranmere,8,2,4,2,7,8,-1,10,League Two,0.25,0.75,-1,0.88,4.0,1.33,9
Salford City,8,2,3,3,9,13,-4,9,League Two,0.25,0.62,-4,1.12,4.0,1.61,10
Milton Keynes,8,2,2,4,5,8,-3,8,League Two,0.25,0.5,-3,0.62,4.0,2.0,11
Gillingham,8,2,2,4,6,10,-4,8,League Two,0.25,0.5,-4,0.75,4.0,2.0,11
Carlisle Utd,8,1,3,4,5,11,-6,6,League Two,0.12,0.5,-6,0.62,8.33,2.0,12
Barnet,8,6,2,0,21,6,15,20,England - National League,0.75,1.0,15,2.62,1.33,1.0,1
Southend Utd,8,5,2,1,16,9,7,17,England - National League,0.62,0.88,7,2.0,1.61,1.14,2
Rochdale,8,5,1,2,15,6,9,16,England - National League,0.62,0.75,9,1.88,1.61,1.33,3
Forest Green,8,4,4,0,11,6,5,16,England - National League,0.5,1.0,5,1.38,2.0,1.0,3
Altrincham,8,4,2,2,14,6,8,14,England - National League,0.5,0.75,8,1.75,2.0,1.33,4
York City,8,4,2,2,14,8,6,14,England - National League,0.5,0.75,6,1.75,2.0,1.33,4
Halifax Town,8,4,2,2,7,5,2,14,England - National League,0.5,0.75,2,0.88,2.0,1.33,4
Eastleigh,8,3,4,1,13,7,6,13,England - National League,0.38,0.88,6,1.62,2.63,1.14,5
Aldershot Town,8,3,4,1,18,14,4,13,England - National League,0.38,0.88,4,2.25,2.63,1.14,5
Woking,8,3,3,2,8,7,1,12,England - National League,0.38,0.75,1,1.0,2.63,1.33,6
Gateshead FC,8,3,2,3,15,14,1,11,England - National League,0.38,0.62,1,1.88,2.63,1.61,7
Maidenhead Utd,8,3,2,3,13,12,1,11,England - National League,0.38,0.62,1,1.62,2.63,1.61,7
Tamworth,8,2,4,2,12,8,4,10,England - National League,0.25,0.75,4,1.5,4.0,1.33,8
Boston Utd,8,2,4,2,11,9,2,10,England - National League,0.25,0.75,2,1.38,4.0,1.33,8
Wealdstone,8,2,4,2,15,15,0,10,England - National League,0.25,0.75,0,1.88,4.0,1.33,8
Solihull Moors,8,3,1,4,10,10,0,10,England - National League,0.38,0.5,0,1.25,2.63,2.0,8
Hartlepool,8,2,4,2,9,9,0,10,England - National League,0.25,0.75,0,1.12,4.0,1.33,8
Braintree Town,8,3,1,4,6,7,-1,10,England - National League,0.38,0.5,-1,0.75,2.63,2.0,8
Sutton Utd,8,2,3,3,9,11,-2,9,England - National League,0.25,0.62,-2,1.12,4.0,1.61,9
AFC Fylde,8,2,2,4,10,13,-3,8,England - National League,0.25,0.5,-3,1.25,4.0,2.0,10
Yeovil Town,8,1,4,3,8,12,-4,7,England - National League,0.12,0.62,-4,1.0,8.33,1.61,11
Oldham,8,1,3,4,6,12,-6,6,England - National League,0.12,0.5,-6,0.75,8.33,2.0,12
Ebbsfleet Utd,8,1,2,5,5,13,-8,5,England - National League,0.12,0.38,-8,0.62,8.33,2.63,13
Dagenham & R.,8,0,2,6,8,19,-11,2,England - National League,0.0,0.25,-11,1.0,0.0,4.0,14
Scunthorpe,8,7,1,0,17,6,11,22,England - National L. North,0.88,1.0,11,2.12,1.14,1.0,1
Brackley Town,8,7,0,1,18,5,13,21,England - National L. North,0.88,0.88,13,2.25,1.14,1.14,2
Chorley,8,5,3,0,18,6,12,18,England - National L. North,0.62,1.0,12,2.25,1.61,1.0,3
Chester,8,5,3,0,13,3,10,18,England - National L. North,0.62,1.0,10,1.62,1.61,1.0,3
Spennymoor,8,4,3,1,17,7,10,15,England - National L. North,0.5,0.88,10,2.12,2.0,1.14,4
Darlington,8,4,2,2,13,11,2,14,England - National L. North,0.5,0.75,2,1.62,2.0,1.33,5
Leamington,8,4,2,2,13,11,2,14,England - National L. North,0.5,0.75,2,1.62,2.0,1.33,5
Buxton,8,4,1,3,11,12,-1,13,England - National L. North,0.5,0.62,-1,1.38,2.0,1.61,6
South Shields,8,4,1,3,8,9,-1,13,England - National L. North,0.5,0.62,-1,1.0,2.0,1.61,6
Hereford Utd,8,4,1,3,11,13,-2,13,England - National L. North,0.5,0.62,-2,1.38,2.0,1.61,6
Scarborough,8,4,0,4,17,12,5,12,England - National L. North,0.5,0.5,5,2.12,2.0,2.0,7
Kidderminster,8,4,0,4,11,7,4,12,England - National L. North,0.5,0.5,4,1.38,2.0,2.0,7
Radcliffe,8,4,0,4,15,13,2,12,England - National L. North,0.5,0.5,2,1.88,2.0,2.0,7
Kings Lynn,8,3,3,2,11,11,0,12,England - National L. North,0.38,0.75,0,1.38,2.63,1.33,7
Needham Market,8,3,2,3,11,9,2,11,England - National L. North,0.38,0.62,2,1.38,2.63,1.61,8
Peterborough S.,8,3,2,3,10,8,2,11,England - National L. North,0.38,0.62,2,1.25,2.63,1.61,8
Rushall,8,3,2,3,7,11,-4,11,England - National L. North,0.38,0.62,-4,0.88,2.63,1.61,8
Curzon,8,3,1,4,8,8,0,10,England - National L. North,0.38,0.5,0,1.0,2.63,2.0,9
Marine,8,3,1,4,14,15,-1,10,England - National L. North,0.38,0.5,-1,1.75,2.63,2.0,9
Southport,8,2,3,3,4,8,-4,9,England - National L. North,0.25,0.62,-4,0.5,4.0,1.61,10
Warrington,8,2,1,5,5,10,-5,7,England - National L. North,0.25,0.38,-5,0.62,4.0,2.63,11
Oxford City,8,1,3,4,3,17,-14,6,England - National L. North,0.12,0.5,-14,0.38,8.33,2.0,12
Alfreton Town,8,0,2,6,8,17,-9,2,England - National L. North,0.0,0.25,-9,1.0,0.0,4.0,13
Farsley Celtic,8,0,1,7,4,25,-21,1,England - National L. North,0.0,0.12,-21,0.5,0.0,8.33,14
Eastbourne,8,6,2,0,16,7,9,20,England - National L. South,0.75,1.0,9,2.0,1.33,1.0,1
Hemel Hempstead,8,6,1,1,21,9,12,19,England - National L. South,0.75,0.88,12,2.62,1.33,1.14,2
Worthing,8,6,1,1,17,8,9,19,England - National L. South,0.75,0.88,9,2.12,1.33,1.14,2
Truro City,8,5,3,0,13,7,6,18,England - National L. South,0.62,1.0,6,1.62,1.61,1.0,3
Torquay Utd,8,5,2,1,13,7,6,17,England - National L. South,0.62,0.88,6,1.62,1.61,1.14,4
Maidstone Utd,8,5,1,2,16,7,9,16,England - National L. South,0.62,0.75,9,2.0,1.61,1.33,5
Boreham Wood,8,5,1,2,15,8,7,16,England - National L. South,0.62,0.75,7,1.88,1.61,1.33,5
Dorking,8,4,2,2,13,9,4,14,England - National L. South,0.5,0.75,4,1.62,2.0,1.33,6
Bath City,8,4,2,2,8,5,3,14,England - National L. South,0.5,0.75,3,1.0,2.0,1.33,6
Enfield Town,8,4,1,3,9,13,-4,13,England - National L. South,0.5,0.62,-4,1.12,2.0,1.61,7
Hornchurch,8,3,3,2,12,10,2,12,England - National L. South,0.38,0.75,2,1.5,2.63,1.33,8
St Albans,8,3,3,2,11,9,2,12,England - National L. South,0.38,0.75,2,1.38,2.63,1.33,8
Farnborough,8,4,0,4,12,11,1,12,England - National L. South,0.5,0.5,1,1.5,2.0,2.0,8
Chelmsford City,8,3,3,2,9,8,1,12,England - National L. South,0.38,0.75,1,1.12,2.63,1.33,8
Weymouth,8,3,2,3,15,13,2,11,England - National L. South,0.38,0.62,2,1.88,2.63,1.61,9
Chesham Utd,8,3,2,3,12,13,-1,11,England - National L. South,0.38,0.62,-1,1.5,2.63,1.61,9
Slough Town,8,2,4,2,11,9,2,10,England - National L. South,0.25,0.75,2,1.38,4.0,1.33,10
Tonbridge,8,3,1,4,9,8,1,10,England - National L. South,0.38,0.5,1,1.12,2.63,2.0,10
Hampton & R.,8,2,2,4,11,12,-1,8,England - National L. South,0.25,0.5,-1,1.38,4.0,2.0,11
Welling Utd,8,2,2,4,8,10,-2,8,England - National L. South,0.25,0.5,-2,1.0,4.0,2.0,11
Chippenham,8,2,2,4,9,13,-4,8,England - National L. South,0.25,0.5,-4,1.12,4.0,2.0,11
Weston-s.-Mare,8,1,4,3,8,12,-4,7,England - National L. South,0.12,0.62,-4,1.0,8.33,1.61,12
Salisbury,8,1,3,4,6,11,-5,6,England - National L. South,0.12,0.5,-5,0.75,8.33,2.0,13
Aveley,8,1,2,5,8,13,-5,5,England - National L. South,0.12,0.38,-5,1.0,8.33,2.63,14
Dartford,8,6,2,0,18,5,13,20,England - Isthmian league,0.75,1.0,13,2.25,1.33,1.0,1
Cray Wanderers,8,6,2,0,13,6,7,20,England - Isthmian league,0.75,1.0,7,1.62,1.33,1.0,1
Billericay Town,8,6,1,1,17,8,9,19,England - Isthmian league,0.75,0.88,9,2.12,1.33,1.14,2
Horsham,8,6,1,1,14,5,9,19,England - Isthmian league,0.75,0.88,9,1.75,1.33,1.14,2
Hashtag United,8,6,1,1,20,13,7,19,England - Isthmian league,0.75,0.88,7,2.5,1.33,1.14,2
Chichester City,8,5,2,1,12,7,5,17,England - Isthmian league,0.62,0.88,5,1.5,1.61,1.14,3
Folkestone,8,5,1,2,16,13,3,16,England - Isthmian league,0.62,0.75,3,2.0,1.61,1.33,4
Whitehawk,8,4,2,2,14,9,5,14,England - Isthmian league,0.5,0.75,5,1.75,2.0,1.33,5
Carshalton,8,4,2,2,15,13,2,14,England - Isthmian league,0.5,0.75,2,1.88,2.0,1.33,5
Chatham Town,8,4,1,3,14,11,3,13,England - Isthmian league,0.5,0.62,3,1.75,2.0,1.61,6
Cray Valley PM,8,3,4,1,14,11,3,13,England - Isthmian league,0.38,0.88,3,1.75,2.63,1.14,6
Wingate & F.,8,3,3,2,13,11,2,12,England - Isthmian league,0.38,0.75,2,1.62,2.63,1.33,7
Cheshunt,8,3,2,3,14,14,0,11,England - Isthmian league,0.38,0.62,0,1.75,2.63,1.61,8
Canvey Island,8,3,1,4,8,8,0,10,England - Isthmian league,0.38,0.5,0,1.0,2.63,2.0,9
Lewes,8,2,3,3,11,12,-1,9,England - Isthmian league,0.25,0.62,-1,1.38,4.0,1.61,10
Dulwich Hamlet,8,3,0,5,13,15,-2,9,England - Isthmian league,0.38,0.38,-2,1.62,2.63,2.63,10
Potters Bar,8,2,1,5,5,14,-9,7,England - Isthmian league,0.25,0.38,-9,0.62,4.0,2.63,11
Dover Athletic,8,1,2,5,7,12,-5,5,England - Isthmian league,0.12,0.38,-5,0.88,8.33,2.63,12
Bognor Regis,8,1,1,6,8,17,-9,4,England - Isthmian league,0.12,0.25,-9,1.0,8.33,4.0,13
Hastings Utd,8,1,1,6,5,14,-9,4,England - Isthmian league,0.12,0.25,-9,0.62,8.33,4.0,13
Bowers & Pitsea,8,0,2,6,7,23,-16,2,England - Isthmian league,0.0,0.25,-16,0.88,0.0,4.0,14
Hendon,8,0,1,7,6,26,-20,1,England - Isthmian league,0.0,0.12,-20,0.75,0.0,8.33,15
Macclesfield,8,7,0,1,24,5,19,21,England - Northern league,0.88,0.88,19,3.0,1.14,1.14,1
Prescot Cables,8,6,1,1,10,4,6,19,England - Northern league,0.75,0.88,6,1.25,1.33,1.14,2
Worksop Town,8,5,2,1,24,12,12,17,England - Northern league,0.62,0.88,12,3.0,1.61,1.14,3
Ashton Utd,8,5,2,1,14,5,9,17,England - Northern league,0.62,0.88,9,1.75,1.61,1.14,3
Ilkeston Town,8,5,1,2,17,7,10,16,England - Northern league,0.62,0.75,10,2.12,1.61,1.33,4
Guiseley,8,4,3,1,12,6,6,15,England - Northern league,0.5,0.88,6,1.5,2.0,1.14,5
Rylands,8,4,2,2,12,9,3,14,England - Northern league,0.5,0.75,3,1.5,2.0,1.33,6
Matlock,8,3,4,1,14,8,6,13,England - Northern league,0.38,0.88,6,1.75,2.63,1.14,7
Leek Town,8,3,3,2,14,11,3,12,England - Northern league,0.38,0.75,3,1.75,2.63,1.33,8
FC United,8,3,3,2,16,15,1,12,England - Northern league,0.38,0.75,1,2.0,2.63,1.33,8
Gainsborough,8,3,3,2,11,10,1,12,England - Northern league,0.38,0.75,1,1.38,2.63,1.33,8
Stockton Town,8,3,3,2,10,10,0,12,England - Northern league,0.38,0.75,0,1.25,2.63,1.33,8
Workington,8,3,2,3,13,12,1,11,England - Northern league,0.38,0.62,1,1.62,2.63,1.61,9
Hyde Utd,8,2,5,1,11,11,0,11,England - Northern league,0.25,0.88,0,1.38,4.0,1.14,9
Morpeth Town,8,3,2,3,9,13,-4,11,England - Northern league,0.38,0.62,-4,1.12,2.63,1.61,9
Bamber Bridge,8,3,0,5,12,14,-2,9,England - Northern league,0.38,0.38,-2,1.5,2.63,2.63,10
Mickleover,8,3,0,5,7,10,-3,9,England - Northern league,0.38,0.38,-3,0.88,2.63,2.63,10
Basford Utd,8,2,3,3,10,14,-4,9,England - Northern league,0.25,0.62,-4,1.25,4.0,1.61,10
Hebburn Town,8,2,2,4,12,13,-1,8,England - Northern league,0.25,0.5,-1,1.5,4.0,2.0,11
Whitby Town,8,2,2,4,7,11,-4,8,England - Northern league,0.25,0.5,-4,0.88,4.0,2.0,11
Lancaster City,8,1,4,3,6,9,-3,7,England - Northern league,0.12,0.62,-3,0.75,8.33,1.61,12
Blyth Spartans,8,1,2,5,9,16,-7,5,England - Northern league,0.12,0.38,-7,1.12,8.33,2.63,13
Harborough Town,8,7,0,1,15,4,11,21,England - Southern Central,0.88,0.88,11,1.88,1.14,1.14,1
Telford Utd,8,6,2,0,18,5,13,20,England - Southern Central,0.75,1.0,13,2.25,1.33,1.0,2
Halesowen Town,8,6,1,1,16,7,9,19,England - Southern Central,0.75,0.88,9,2.0,1.33,1.14,3
Alvechurch,8,6,0,2,12,7,5,18,England - Southern Central,0.75,0.75,5,1.5,1.33,1.33,4
Stratford Town,8,5,2,1,18,6,12,17,England - Southern Central,0.62,0.88,12,2.25,1.61,1.14,5
Spalding United,8,5,2,1,13,6,7,17,England - Southern Central,0.62,0.88,7,1.62,1.61,1.14,5
Leiston,8,5,1,2,18,11,7,16,England - Southern Central,0.62,0.75,7,2.25,1.61,1.33,6
Kettering Town,8,5,1,2,15,9,6,16,England - Southern Central,0.62,0.75,6,1.88,1.61,1.33,6
Bedford Town,8,5,1,2,17,13,4,16,England - Southern Central,0.62,0.75,4,2.12,1.61,1.33,6
Banbury Utd,8,4,3,1,7,5,2,15,England - Southern Central,0.5,0.88,2,0.88,2.0,1.14,7
B. Stortford,8,4,2,2,15,9,6,14,England - Southern Central,0.5,0.75,6,1.88,2.0,1.33,8
Hitchin Town,8,4,2,2,13,10,3,14,England - Southern Central,0.5,0.75,3,1.62,2.0,1.33,8
St. Ives Town,8,3,2,3,15,12,3,11,England - Southern Central,0.38,0.62,3,1.88,2.63,1.61,9
Bromsgrove,8,3,2,3,9,7,2,11,England - Southern Central,0.38,0.62,2,1.12,2.63,1.61,9
Redditch Utd,8,2,5,1,12,11,1,11,England - Southern Central,0.25,0.88,1,1.5,4.0,1.14,9
Royston,8,2,5,1,10,10,0,11,England - Southern Central,0.25,0.88,0,1.25,4.0,1.14,9
Stamford,8,3,2,3,8,9,-1,11,England - Southern Central,0.38,0.62,-1,1.0,2.63,1.61,9
Barwell,8,2,1,5,10,17,-7,7,England - Southern Central,0.25,0.38,-7,1.25,4.0,2.63,10
Lowestoft,8,2,1,5,6,15,-9,7,England - Southern Central,0.25,0.38,-9,0.75,4.0,2.63,10
Stourbridge,8,1,3,4,6,10,-4,6,England - Southern Central,0.12,0.5,-4,0.75,8.33,2.0,11
Biggleswade,8,1,2,5,9,16,-7,5,England - Southern Central,0.12,0.38,-7,1.12,8.33,2.63,12
AFC Sudbury,8,0,3,5,6,11,-5,3,England - Southern Central,0.0,0.38,-5,0.75,0.0,2.63,13
Levadia,1,1,0,0,5,0,5,3,Estonia - Meistriliiga,1.0,1.0,5,5.0,1.0,1.0,1
Paide,1,1,0,0,4,0,4,3,Estonia - Meistriliiga,1.0,1.0,4,4.0,1.0,1.0,1
Harju JK,1,1,0,0,2,0,2,3,Estonia - Meistriliiga,1.0,1.0,2,2.0,1.0,1.0,1
Narva Trans,2,1,0,1,1,2,-1,3,Estonia - Meistriliiga,0.5,0.5,-1,0.5,2.0,2.0,1
Flora,2,0,1,1,2,3,-1,1,Estonia - Meistriliiga,0.0,0.5,-1,1.0,0.0,2.0,2
Nomme Kalju,0,0,0,0,0,0,0,0,Estonia - Meistriliiga,0.0,0.0,0,0.0,0.0,0.0,3
Tammeka,1,0,0,1,2,3,-1,0,Estonia - Meistriliiga,0.0,0.0,-1,2.0,0.0,0.0,3
Kuressaare,1,0,0,1,1,2,-1,0,Estonia - Meistriliiga,0.0,0.0,-1,1.0,0.0,0.0,3
Vaprus,2,0,0,2,1,5,-4,0,Estonia - Meistriliiga,0.0,0.0,-4,0.5,0.0,0.0,3
Tallinna Kalev,2,0,0,2,1,6,-5,0,Estonia - Meistriliiga,0.0,0.0,-5,0.5,0.0,0.0,3
Flora B,2,2,0,0,4,0,4,6,Estonia - Esiliiga,1.0,1.0,4,2.0,1.0,1.0,1
Tartu Welco,2,1,1,0,4,3,1,4,Estonia - Esiliiga,0.5,1.0,1,2.0,2.0,1.0,2
Elva,1,1,0,0,3,1,2,3,Estonia - Esiliiga,1.0,1.0,2,3.0,1.0,1.0,3
Nomme Utd,1,1,0,0,2,0,2,3,Estonia - Esiliiga,1.0,1.0,2,2.0,1.0,1.0,3
Viimsi,1,0,1,0,3,3,0,1,Estonia - Esiliiga,0.0,1.0,0,3.0,0.0,1.0,4
FC Tallinn,1,0,0,1,1,2,-1,0,Estonia - Esiliiga,0.0,0.0,-1,1.0,0.0,0.0,5
Levadia B,1,0,0,1,1,2,-1,0,Estonia - Esiliiga,0.0,0.0,-1,1.0,0.0,0.0,5
Tallinna K. B,1,0,0,1,1,2,-1,0,Estonia - Esiliiga,0.0,0.0,-1,1.0,0.0,0.0,5
Nomme Kalju B,1,0,0,1,0,2,-2,0,Estonia - Esiliiga,0.0,0.0,-2,0.0,0.0,0.0,5
Tammeka B,2,0,0,2,0,3,-3,0,Estonia - Esiliiga,0.0,0.0,-3,0.0,0.0,0.0,5
Klaksvik,1,1,0,0,3,1,2,3,FaroeIslands - Premier League,1.0,1.0,2,3.0,1.0,1.0,1
NSI Runavik,1,1,0,0,4,3,1,3,FaroeIslands - Premier League,1.0,1.0,1,4.0,1.0,1.0,1
HB Torshavn,1,1,0,0,3,2,1,3,FaroeIslands - Premier League,1.0,1.0,1,3.0,1.0,1.0,1
TB Tvoroyri,1,0,1,0,1,1,0,1,FaroeIslands - Premier League,0.0,1.0,0,1.0,0.0,1.0,2
07 Vestur,0,0,0,0,0,0,0,0,FaroeIslands - Premier League,0.0,0.0,0,0.0,0.0,0.0,3
B36 Torshavn,0,0,0,0,0,0,0,0,FaroeIslands - Premier League,0.0,0.0,0,0.0,0.0,0.0,3
B68 Toftir,0,0,0,0,0,0,0,0,FaroeIslands - Premier League,0.0,0.0,0,0.0,0.0,0.0,3
Streymur,0,0,0,0,0,0,0,0,FaroeIslands - Premier League,0.0,0.0,0,0.0,0.0,0.0,3
Suduroy,0,0,0,0,0,0,0,0,FaroeIslands - Premier League,0.0,0.0,0,0.0,0.0,0.0,3
Vikingur,0,0,0,0,0,0,0,0,FaroeIslands - Premier League,0.0,0.0,0,0.0,0.0,0.0,3
B71 Sandur,1,1,0,0,3,0,3,3,FaroeIslands - 1. Deild,1.0,1.0,3,3.0,1.0,1.0,1
AB Argir,1,1,0,0,3,1,2,3,FaroeIslands - 1. Deild,1.0,1.0,2,3.0,1.0,1.0,1
Streymur B,1,1,0,0,2,1,1,3,FaroeIslands - 1. Deild,1.0,1.0,1,2.0,1.0,1.0,1
B36 Torshavn B,1,0,1,0,2,2,0,1,FaroeIslands - 1. Deild,0.0,1.0,0,2.0,0.0,1.0,2
NSI Runavik B,1,0,1,0,2,2,0,1,FaroeIslands - 1. Deild,0.0,1.0,0,2.0,0.0,1.0,2
Skala,1,0,1,0,0,0,0,1,FaroeIslands - 1. Deild,0.0,1.0,0,0.0,0.0,1.0,2
Klaksvik B,1,0,0,1,0,1,-1,0,FaroeIslands - 1. Deild,0.0,0.0,-1,0.0,0.0,0.0,3
Vikingur B,1,0,0,1,0,1,-1,0,FaroeIslands - 1. Deild,0.0,0.0,-1,0.0,0.0,0.0,3
IF Fuglafjordur,1,0,0,1,1,3,-2,0,FaroeIslands - 1. Deild,0.0,0.0,-2,1.0,0.0,0.0,3
07 Vestur B,1,0,0,1,0,4,-4,0,FaroeIslands - 1. Deild,0.0,0.0,-4,0.0,0.0,0.0,3
Ilves,8,7,1,0,23,6,17,22,Finland - Veikkausliiga,0.88,1.0,17,2.88,1.14,1.0,1
KuPS,8,7,0,1,14,4,10,21,Finland - Veikkausliiga,0.88,0.88,10,1.75,1.14,1.14,2
Inter Turku,8,6,2,0,21,7,14,20,Finland - Veikkausliiga,0.75,1.0,14,2.62,1.33,1.0,3
Gnistan,8,5,2,1,14,7,7,17,Finland - Veikkausliiga,0.62,0.88,7,1.75,1.61,1.14,4
HJK Helsinki,8,5,1,2,15,6,9,16,Finland - Veikkausliiga,0.62,0.75,9,1.88,1.61,1.33,5
Lahti,8,3,4,1,14,9,5,13,Finland - Veikkausliiga,0.38,0.88,5,1.75,2.63,1.14,6
Oulu,8,4,0,4,9,6,3,12,Finland - Veikkausliiga,0.5,0.5,3,1.12,2.0,2.0,7
SJK,8,3,1,4,14,16,-2,10,Finland - Veikkausliiga,0.38,0.5,-2,1.75,2.63,2.0,8
Haka,8,2,3,3,12,14,-2,9,Finland - Veikkausliiga,0.25,0.62,-2,1.5,4.0,1.61,9
VPS,8,2,3,3,11,14,-3,9,Finland - Veikkausliiga,0.25,0.62,-3,1.38,4.0,1.61,9
Mariehamn,8,2,2,4,6,11,-5,8,Finland - Veikkausliiga,0.25,0.5,-5,0.75,4.0,2.0,10
Ekenas IF,8,1,2,5,8,19,-11,5,Finland - Veikkausliiga,0.12,0.38,-11,1.0,8.33,2.63,11
Jaro,8,7,0,1,22,7,15,21,Finland - Ykkosliga,0.88,0.88,15,2.75,1.14,1.14,1
JIPPO,8,5,1,2,17,10,7,16,Finland - Ykkosliga,0.62,0.75,7,2.12,1.61,1.33,2
KTP,8,4,2,2,22,11,11,14,Finland - Ykkosliga,0.5,0.75,11,2.75,2.0,1.33,3
PK-35,8,4,1,3,9,7,2,13,Finland - Ykkosliga,0.5,0.62,2,1.12,2.0,1.61,4
SJK Akatemia,8,3,3,2,17,10,7,12,Finland - Ykkosliga,0.38,0.75,7,2.12,2.63,1.33,5
TPS,8,4,0,4,18,12,6,12,Finland - Ykkosliga,0.5,0.5,6,2.25,2.0,2.0,5
JaPS,8,2,4,2,12,12,0,10,Finland - Ykkosliga,0.25,0.75,0,1.5,4.0,1.33,6
KaPa,8,2,2,4,11,21,-10,8,Finland - Ykkosliga,0.25,0.5,-10,1.38,4.0,2.0,7
SalPa,8,1,3,4,8,16,-8,6,Finland - Ykkosliga,0.12,0.5,-8,1.0,8.33,2.0,8
Mikkelin,8,1,1,6,8,21,-13,4,Finland - Ykkosliga,0.12,0.25,-13,1.0,8.33,4.0,9
Klubi-04,8,6,1,1,28,10,18,19,Finland - Ykkonen,0.75,0.88,18,3.5,1.33,1.14,1
KPV Kokkola,8,6,0,2,12,6,6,18,Finland - Ykkonen,0.75,0.75,6,1.5,1.33,1.33,2
OLS Oulu,8,5,2,1,22,17,5,17,Finland - Ykkonen,0.62,0.88,5,2.75,1.61,1.14,3
EPS,8,5,0,3,21,18,3,15,Finland - Ykkonen,0.62,0.62,3,2.62,1.61,1.61,4
Rovaniemi,8,4,1,3,14,12,2,13,Finland - Ykkonen,0.5,0.62,2,1.75,2.0,1.61,5
Atlantis,8,3,3,2,15,12,3,12,Finland - Ykkonen,0.38,0.75,3,1.88,2.63,1.33,6
JJK,8,3,2,3,8,13,-5,11,Finland - Ykkonen,0.38,0.62,-5,1.0,2.63,1.61,7
PKKU,8,3,1,4,20,16,4,10,Finland - Ykkonen,0.38,0.5,4,2.5,2.63,2.0,8
Jazz Pori,8,2,3,3,12,13,-1,9,Finland - Ykkonen,0.25,0.62,-1,1.5,4.0,1.61,9
KuPS Ak.,8,3,0,5,14,17,-3,9,Finland - Ykkonen,0.38,0.38,-3,1.75,2.63,2.63,9
Vaajakoski,8,1,4,3,12,17,-5,7,Finland - Ykkonen,0.12,0.62,-5,1.5,8.33,1.61,10
VIFK,8,2,1,5,10,16,-6,7,Finland - Ykkonen,0.25,0.38,-6,1.25,4.0,2.63,10
Atlantis B,8,6,0,2,19,13,6,18,Finland - Kakkonen Group A,0.75,0.75,6,2.38,1.33,1.33,1
Reipas,8,5,2,1,23,8,15,17,Finland - Kakkonen Group A,0.62,0.88,15,2.88,1.61,1.14,2
Kiffen,8,5,1,2,22,9,13,16,Finland - Kakkonen Group A,0.62,0.75,13,2.75,1.61,1.33,3
JaPS B,8,5,1,2,16,11,5,16,Finland - Kakkonen Group A,0.62,0.75,5,2.0,1.61,1.33,3
PEPO,8,5,1,2,13,8,5,16,Finland - Kakkonen Group A,0.62,0.75,5,1.62,1.61,1.33,3
MYPA,8,4,2,2,13,9,4,14,Finland - Kakkonen Group A,0.5,0.75,4,1.62,2.0,1.33,4
GrIFK,8,3,3,2,11,10,1,12,Finland - Kakkonen Group A,0.38,0.75,1,1.38,2.63,1.33,5
NJS,8,2,5,1,13,11,2,11,Finland - Kakkonen Group A,0.25,0.88,2,1.62,4.0,1.14,6
PPJ,8,3,2,3,12,10,2,11,Finland - Kakkonen Group A,0.38,0.62,2,1.5,2.63,1.61,6
Futura,8,0,1,7,7,25,-18,1,Finland - Kakkonen Group A,0.0,0.12,-18,0.88,0.0,8.33,7
Inter Turku B,8,7,0,1,37,10,27,21,Finland - Kakkonen Group B,0.88,0.88,27,4.62,1.14,1.14,1
P-Iirot,8,6,0,2,26,11,15,18,Finland - Kakkonen Group B,0.75,0.75,15,3.25,1.33,1.33,2
HJS Akatemia,8,5,2,1,19,8,11,17,Finland - Kakkonen Group B,0.62,0.88,11,2.38,1.61,1.14,3
VJS,8,5,2,1,17,9,8,17,Finland - Kakkonen Group B,0.62,0.88,8,2.12,1.61,1.14,3
Tampere Utd,8,5,1,2,20,8,12,16,Finland - Kakkonen Group B,0.62,0.75,12,2.5,1.61,1.33,4
TPV,8,3,4,1,15,12,3,13,Finland - Kakkonen Group B,0.38,0.88,3,1.88,2.63,1.14,5
Honka,8,4,1,3,16,17,-1,13,Finland - Kakkonen Group B,0.5,0.62,-1,2.0,2.0,1.61,5
Ilves B,8,3,0,5,16,20,-4,9,Finland - Kakkonen Group B,0.38,0.38,-4,2.0,2.63,2.63,6
EBK,8,2,1,5,13,14,-1,7,Finland - Kakkonen Group B,0.25,0.38,-1,1.62,4.0,2.63,7
Ilves-Kissat,8,2,1,5,13,29,-16,7,Finland - Kakkonen Group B,0.25,0.38,-16,1.62,4.0,2.63,7
Poxyt,8,0,0,8,6,23,-17,0,Finland - Kakkonen Group B,0.0,0.0,-17,0.75,0.0,0.0,8
TP-47,8,6,1,1,20,13,7,19,Finland - Kakkonen Group C,0.75,0.88,7,2.5,1.33,1.14,1
GBK,8,6,0,2,23,17,6,18,Finland - Kakkonen Group C,0.75,0.75,6,2.88,1.33,1.33,2
Narpes Kraft,8,5,2,1,22,11,11,17,Finland - Kakkonen Group C,0.62,0.88,11,2.75,1.61,1.14,3
Kuopion Elo,8,5,1,2,24,14,10,16,Finland - Kakkonen Group C,0.62,0.75,10,3.0,1.61,1.33,4
JBK,8,5,1,2,17,8,9,16,Finland - Kakkonen Group C,0.62,0.75,9,2.12,1.61,1.33,4
JPS,8,3,2,3,23,14,9,11,Finland - Kakkonen Group C,0.38,0.62,9,2.88,2.63,1.61,5
SJK Akatemia B,8,3,2,3,15,15,0,11,Finland - Kakkonen Group C,0.38,0.62,0,1.88,2.63,1.61,5
JS Hercules,8,3,1,4,14,20,-6,10,Finland - Kakkonen Group C,0.38,0.5,-6,1.75,2.63,2.0,6
OPS,8,2,3,3,15,14,1,9,Finland - Kakkonen Group C,0.25,0.62,1,1.88,4.0,1.61,7
OTP,8,1,0,7,12,27,-15,3,Finland - Kakkonen Group C,0.12,0.12,-15,1.5,8.33,8.33,8
Paris SG,8,6,2,0,19,6,13,20,France - Ligue 1,0.75,1.0,13,2.38,1.33,1.0,1
Lille,8,6,1,1,15,7,8,19,France - Ligue 1,0.75,0.88,8,1.88,1.33,1.14,2
Nice,8,6,1,1,14,7,7,19,France - Ligue 1,0.75,0.88,7,1.75,1.33,1.14,2
Monaco,8,6,0,2,24,12,12,18,France - Ligue 1,0.75,0.75,12,3.0,1.33,1.33,3
Marseille,8,5,2,1,19,8,11,17,France - Ligue 1,0.62,0.88,11,2.38,1.61,1.14,4
Lyon,8,5,2,1,16,7,9,17,France - Ligue 1,0.62,0.88,9,2.0,1.61,1.14,4
Strasbourg,8,4,3,1,13,8,5,15,France - Ligue 1,0.5,0.88,5,1.62,2.0,1.14,5
Brest,8,4,2,2,16,12,4,14,France - Ligue 1,0.5,0.75,4,2.0,2.0,1.33,6
Rennes,8,4,0,4,12,10,2,12,France - Ligue 1,0.5,0.5,2,1.5,2.0,2.0,7
Auxerre,8,2,5,1,9,6,3,11,France - Ligue 1,0.25,0.88,3,1.12,4.0,1.14,8
Toulouse,8,3,2,3,9,8,1,11,France - Ligue 1,0.38,0.62,1,1.12,2.63,1.61,8
Saint-Etienne,8,3,2,3,11,12,-1,11,France - Ligue 1,0.38,0.62,-1,1.38,2.63,1.61,8
Nantes,8,3,2,3,8,9,-1,11,France - Ligue 1,0.38,0.62,-1,1.0,2.63,1.61,8
Lens,8,3,0,5,9,12,-3,9,France - Ligue 1,0.38,0.38,-3,1.12,2.63,2.63,9
Montpellier,8,2,2,4,11,19,-8,8,France - Ligue 1,0.25,0.5,-8,1.38,4.0,2.0,10
Angers,8,2,1,5,7,16,-9,7,France - Ligue 1,0.25,0.38,-9,0.88,4.0,2.63,11
Reims,8,0,3,5,5,13,-8,3,France - Ligue 1,0.0,0.38,-8,0.62,0.0,2.63,12
Le Havre,8,0,1,7,4,18,-14,1,France - Ligue 1,0.0,0.12,-14,0.5,0.0,8.33,13
Metz,8,6,1,1,17,4,13,19,France - Ligue 2,0.75,0.88,13,2.12,1.33,1.14,1
Lorient,8,6,1,1,17,5,12,19,France - Ligue 2,0.75,0.88,12,2.12,1.33,1.14,1
Paris FC,8,5,2,1,16,9,7,17,France - Ligue 2,0.62,0.88,7,2.0,1.61,1.14,2
Guingamp,8,5,1,2,14,6,8,16,France - Ligue 2,0.62,0.75,8,1.75,1.61,1.33,3
SC Bastia,8,4,4,0,13,5,8,16,France - Ligue 2,0.5,1.0,8,1.62,2.0,1.0,3
USL Dunkerque,8,5,0,3,13,7,6,15,France - Ligue 2,0.62,0.62,6,1.62,1.61,1.61,4
Laval,8,4,2,2,10,5,5,14,France - Ligue 2,0.5,0.75,5,1.25,2.0,1.33,5
Rodez Aveyron,8,4,1,3,15,10,5,13,France - Ligue 2,0.5,0.62,5,1.88,2.0,1.61,6
Red Star,8,4,1,3,11,10,1,13,France - Ligue 2,0.5,0.62,1,1.38,2.0,1.61,6
Grenoble,8,3,3,2,9,9,0,12,France - Ligue 2,0.38,0.75,0,1.12,2.63,1.33,7
Pau FC,8,3,3,2,8,10,-2,12,France - Ligue 2,0.38,0.75,-2,1.0,2.63,1.33,7
Troyes,8,3,2,3,9,3,6,11,France - Ligue 2,0.38,0.62,6,1.12,2.63,1.61,8
Annecy,8,3,2,3,9,10,-1,11,France - Ligue 2,0.38,0.62,-1,1.12,2.63,1.61,8
AC Ajaccio,8,3,1,4,9,11,-2,10,France - Ligue 2,0.38,0.5,-2,1.12,2.63,2.0,9
Amiens,8,3,1,4,8,14,-6,10,France - Ligue 2,0.38,0.5,-6,1.0,2.63,2.0,9
Clermont,8,1,5,2,6,7,-1,8,France - Ligue 2,0.12,0.75,-1,0.75,8.33,1.33,10
Martigues,8,2,1,5,8,10,-2,7,France - Ligue 2,0.25,0.38,-2,1.0,4.0,2.63,11
Caen,8,1,2,5,7,11,-4,5,France - Ligue 2,0.12,0.38,-4,0.88,8.33,2.63,12
Boulogne,8,4,4,0,13,6,7,16,France - National,0.5,1.0,7,1.62,2.0,1.0,1
Le Mans,8,5,1,2,11,10,1,16,France - National,0.62,0.75,1,1.38,1.61,1.33,1
Nancy,8,5,0,3,12,9,3,15,France - National,0.62,0.62,3,1.5,1.61,1.61,2
Orleans,8,4,2,2,15,12,3,14,France - National,0.5,0.75,3,1.88,2.0,1.33,3
Rouen,8,4,2,2,14,11,3,14,France - National,0.5,0.75,3,1.75,2.0,1.33,3
Sochaux,8,3,4,1,9,6,3,13,France - National,0.38,0.88,3,1.12,2.63,1.14,4
Valenciennes,8,3,4,1,8,5,3,13,France - National,0.38,0.88,3,1.0,2.63,1.14,4
Aubagne,8,4,1,3,9,8,1,13,France - National,0.5,0.62,1,1.12,2.0,1.61,4
Nimes,8,3,3,2,7,4,3,12,France - National,0.38,0.75,3,0.88,2.63,1.33,5
Versailles,8,3,3,2,12,10,2,12,France - National,0.38,0.75,2,1.5,2.63,1.33,5
Dijon,8,3,3,2,12,11,1,12,France - National,0.38,0.75,1,1.5,2.63,1.33,5
Bourg-en-Bresse,8,3,3,2,6,5,1,12,France - National,0.38,0.75,1,0.75,2.63,1.33,5
Concarneau,8,3,2,3,13,12,1,11,France - National,0.38,0.62,1,1.62,2.63,1.61,6
Paris 13 A.,8,3,2,3,6,6,0,11,France - National,0.38,0.62,0,0.75,2.63,1.61,6
Villefranche,8,3,2,3,9,11,-2,11,France - National,0.38,0.62,-2,1.12,2.63,1.61,6
Quevilly Rouen,8,3,1,4,7,7,0,10,France - National,0.38,0.5,0,0.88,2.63,2.0,7
Chateauroux,8,3,1,4,10,16,-6,10,France - National,0.38,0.5,-6,1.25,2.63,2.0,7
Iberia,3,2,1,0,5,1,4,7,Georgia - Erovnuli Liga,0.67,1.0,4,1.67,1.49,1.0,1
Telavi,2,1,1,0,2,1,1,4,Georgia - Erovnuli Liga,0.5,1.0,1,1.0,2.0,1.0,2
Samgurali,1,1,0,0,3,1,2,3,Georgia - Erovnuli Liga,1.0,1.0,2,3.0,1.0,1.0,3
Dinamo Batumi,1,1,0,0,2,1,1,3,Georgia - Erovnuli Liga,1.0,1.0,1,2.0,1.0,1.0,3
Dinamo Tbilisi,1,1,0,0,2,1,1,3,Georgia - Erovnuli Liga,1.0,1.0,1,2.0,1.0,1.0,3
Gareji Sagarejo,1,0,1,0,0,0,0,1,Georgia - Erovnuli Liga,0.0,1.0,0,0.0,0.0,1.0,4
Kolkheti Poti,1,0,1,0,0,0,0,1,Georgia - Erovnuli Liga,0.0,1.0,0,0.0,0.0,1.0,4
Gagra,2,0,1,1,1,2,-1,1,Georgia - Erovnuli Liga,0.0,0.5,-1,0.5,0.0,2.0,4
Dila Gori,1,0,0,1,0,1,-1,0,Georgia - Erovnuli Liga,0.0,0.0,-1,0.0,0.0,0.0,5
Torpedo Kutaisi,2,0,0,2,2,4,-2,0,Georgia - Erovnuli Liga,0.0,0.0,-2,1.0,0.0,0.0,5
Bolnisi,1,1,0,0,3,0,3,3,Georgia - Erovnuli Liga 2,1.0,1.0,3,3.0,1.0,1.0,1
Iberia B,1,1,0,0,3,1,2,3,Georgia - Erovnuli Liga 2,1.0,1.0,2,3.0,1.0,1.0,1
Rustavi,1,1,0,0,3,2,1,3,Georgia - Erovnuli Liga 2,1.0,1.0,1,3.0,1.0,1.0,1
Spaeri,1,0,1,0,3,3,0,1,Georgia - Erovnuli Liga 2,0.0,1.0,0,3.0,0.0,1.0,2
L. Tbilisi,1,0,1,0,1,1,0,1,Georgia - Erovnuli Liga 2,0.0,1.0,0,1.0,0.0,1.0,2
Merani Martvili,1,0,1,0,1,1,0,1,Georgia - Erovnuli Liga 2,0.0,1.0,0,1.0,0.0,1.0,2
Meshakhte,1,0,1,0,1,1,0,1,Georgia - Erovnuli Liga 2,0.0,1.0,0,1.0,0.0,1.0,2
Samtredia,1,0,1,0,1,1,0,1,Georgia - Erovnuli Liga 2,0.0,1.0,0,1.0,0.0,1.0,2
D. Tbilisi B,0,0,0,0,0,0,0,0,Georgia - Erovnuli Liga 2,0.0,0.0,0,0.0,0.0,0.0,3
Gonio,1,0,0,1,1,2,-1,0,Georgia - Erovnuli Liga 2,0.0,0.0,-1,1.0,0.0,0.0,3
Bayern Munich,8,7,0,1,30,11,19,21,Germany - Bundesliga,0.88,0.88,19,3.75,1.14,1.14,1
FSV Mainz,8,6,2,0,15,4,11,20,Germany - Bundesliga,0.75,1.0,11,1.88,1.33,1.0,2
Leverkusen,8,6,1,1,19,8,11,19,Germany - Bundesliga,0.75,0.88,11,2.38,1.33,1.14,3
Freiburg,8,5,2,1,16,7,9,17,Germany - Bundesliga,0.62,0.88,9,2.0,1.61,1.14,4
RB Leipzig,8,4,2,2,16,14,2,14,Germany - Bundesliga,0.5,0.75,2,2.0,2.0,1.33,5
Wolfsburg,8,3,4,1,15,11,4,13,Germany - Bundesliga,0.38,0.88,4,1.88,2.63,1.14,6
Stuttgart,8,4,0,4,14,11,3,12,Germany - Bundesliga,0.5,0.5,3,1.75,2.0,2.0,7
FC Augsburg,8,3,3,2,4,4,0,12,Germany - Bundesliga,0.38,0.75,0,0.5,2.63,1.33,7
Monchengladbach,8,3,2,3,12,10,2,11,Germany - Bundesliga,0.38,0.62,2,1.5,2.63,1.61,8
Bochum,8,3,2,3,9,7,2,11,Germany - Bundesliga,0.38,0.62,2,1.12,2.63,1.61,8
E. Frankfurt,8,3,2,3,15,14,1,11,Germany - Bundesliga,0.38,0.62,1,1.88,2.63,1.61,8
Sankt Pauli,8,3,1,4,8,8,0,10,Germany - Bundesliga,0.38,0.5,0,1.0,2.63,2.0,9
Dortmund,8,2,3,3,17,10,7,9,Germany - Bundesliga,0.25,0.62,7,2.12,4.0,1.61,10
Holstein Kiel,8,2,2,4,14,17,-3,8,Germany - Bundesliga,0.25,0.5,-3,1.75,4.0,2.0,11
Werder Bremen,8,2,2,4,14,17,-3,8,Germany - Bundesliga,0.25,0.5,-3,1.75,4.0,2.0,11
Hoffenheim,8,1,4,3,10,15,-5,7,Germany - Bundesliga,0.12,0.62,-5,1.25,8.33,1.61,12
Union Berlin,8,1,3,4,6,10,-4,6,Germany - Bundesliga,0.12,0.5,-4,0.75,8.33,2.0,13
Heidenheim,8,1,0,7,5,19,-14,3,Germany - Bundesliga,0.12,0.12,-14,0.62,8.33,8.33,14
FC Nurnberg,8,5,2,1,17,8,9,17,Germany - 2. Bundesliga,0.62,0.88,9,2.12,1.61,1.14,1
Kaiserslautern,8,5,2,1,14,7,7,17,Germany - 2. Bundesliga,0.62,0.88,7,1.75,1.61,1.14,1
FC Koln,8,5,2,1,12,7,5,17,Germany - 2. Bundesliga,0.62,0.88,5,1.5,1.61,1.14,1
Hamburger SV,8,4,4,0,20,8,12,16,Germany - 2. Bundesliga,0.5,1.0,12,2.5,2.0,1.0,2
Darmstadt,8,4,2,2,14,7,7,14,Germany - 2. Bundesliga,0.5,0.75,7,1.75,2.0,1.33,3
Dusseldorf,8,4,1,3,16,14,2,13,Germany - 2. Bundesliga,0.5,0.62,2,2.0,2.0,1.61,4
Greuther Furth,8,4,1,3,14,15,-1,13,Germany - 2. Bundesliga,0.5,0.62,-1,1.75,2.0,1.61,4
Schalke 04,8,4,1,3,12,13,-1,13,Germany - 2. Bundesliga,0.5,0.62,-1,1.5,2.0,1.61,4
Paderborn,8,4,0,4,17,15,2,12,Germany - 2. Bundesliga,0.5,0.5,2,2.12,2.0,2.0,5
Hannover 96,8,2,5,1,11,10,1,11,Germany - 2. Bundesliga,0.25,0.88,1,1.38,4.0,1.14,6
Regensburg,8,3,2,3,6,5,1,11,Germany - 2. Bundesliga,0.38,0.62,1,0.75,2.63,1.61,6
Preuss. Munster,8,3,1,4,7,7,0,10,Germany - 2. Bundesliga,0.38,0.5,0,0.88,2.63,2.0,7
Braunschweig,8,2,4,2,7,8,-1,10,Germany - 2. Bundesliga,0.25,0.75,-1,0.88,4.0,1.33,7
Elversberg,8,3,1,4,14,16,-2,10,Germany - 2. Bundesliga,0.38,0.5,-2,1.75,2.63,2.0,7
Karlsruher SC,8,3,1,4,13,15,-2,10,Germany - 2. Bundesliga,0.38,0.5,-2,1.62,2.63,2.0,7
Magdeburg,8,2,3,3,13,13,0,9,Germany - 2. Bundesliga,0.25,0.62,0,1.62,4.0,1.61,8
Ulm,8,1,4,3,7,7,0,7,Germany - 2. Bundesliga,0.12,0.62,0,0.88,8.33,1.61,9
Hertha Berlin,8,1,2,5,9,12,-3,5,Germany - 2. Bundesliga,0.12,0.38,-3,1.12,8.33,2.63,10
Saarbrucken,8,6,1,1,17,7,10,19,Germany - 3. Liga,0.75,0.88,10,2.12,1.33,1.14,1
Hansa Rostock,8,6,1,1,13,7,6,19,Germany - 3. Liga,0.75,0.88,6,1.62,1.33,1.14,1
Dynamo Dresden,8,5,2,1,18,8,10,17,Germany - 3. Liga,0.62,0.88,10,2.25,1.61,1.14,2
FC Ingolstadt,8,5,2,1,13,9,4,17,Germany - 3. Liga,0.62,0.88,4,1.62,1.61,1.14,2
Bielefeld,8,5,1,2,16,10,6,16,Germany - 3. Liga,0.62,0.75,6,2.0,1.61,1.33,3
Mannheim,8,4,3,1,15,8,7,15,Germany - 3. Liga,0.5,0.88,7,1.88,2.0,1.14,4
Energie Cottbus,8,4,3,1,15,10,5,15,Germany - 3. Liga,0.5,0.88,5,1.88,2.0,1.14,4
Viktoria Koln,8,5,0,3,11,6,5,15,Germany - 3. Liga,0.62,0.62,5,1.38,1.61,1.61,4
Erzgebirge Aue,8,4,3,1,12,10,2,15,Germany - 3. Liga,0.5,0.88,2,1.5,2.0,1.14,4
VfB Stuttgart B,8,5,0,3,12,12,0,15,Germany - 3. Liga,0.62,0.62,0,1.5,1.61,1.61,4
RW Essen,8,3,4,1,13,9,4,13,Germany - 3. Liga,0.38,0.88,4,1.62,2.63,1.14,5
Verl,8,3,4,1,11,11,0,13,Germany - 3. Liga,0.38,0.88,0,1.38,2.63,1.14,5
Alemannia A.,8,2,5,1,7,5,2,11,Germany - 3. Liga,0.25,0.88,2,0.88,4.0,1.14,6
Osnabruck,8,3,2,3,8,9,-1,11,Germany - 3. Liga,0.38,0.62,-1,1.0,2.63,1.61,6
1860 Munchen,8,3,2,3,9,12,-3,11,Germany - 3. Liga,0.38,0.62,-3,1.12,2.63,1.61,6
Hannover 96 B,8,3,1,4,12,19,-7,10,Germany - 3. Liga,0.38,0.5,-7,1.5,2.63,2.0,7
Dortmund B,8,2,3,3,7,11,-4,9,Germany - 3. Liga,0.25,0.62,-4,0.88,4.0,1.61,8
Wehen Wiesbaden,8,2,2,4,8,12,-4,8,Germany - 3. Liga,0.25,0.5,-4,1.0,4.0,2.0,9
Sandhausen,8,2,1,5,16,20,-4,7,Germany - 3. Liga,0.25,0.38,-4,2.0,4.0,2.63,10
Unterhaching,8,1,2,5,9,14,-5,5,Germany - 3. Liga,0.12,0.38,-5,1.12,8.33,2.63,11
Bechem Utd,8,7,1,0,11,0,11,22,Ghana - Premier League,0.88,1.0,11,1.38,1.14,1.0,1
Bibiani GS,8,6,2,0,10,1,9,20,Ghana - Premier League,0.75,1.0,9,1.25,1.33,1.0,2
Heart of Lions,8,6,1,1,11,3,8,19,Ghana - Premier League,0.75,0.88,8,1.38,1.33,1.14,3
Holy Stars,8,5,3,0,12,3,9,18,Ghana - Premier League,0.62,1.0,9,1.5,1.61,1.0,4
Asante Kotoko,8,6,0,2,11,4,7,18,Ghana - Premier League,0.75,0.75,7,1.38,1.33,1.33,4
Medeama,8,5,2,1,9,4,5,17,Ghana - Premier League,0.62,0.88,5,1.12,1.61,1.14,5
Legon Cities,8,5,1,2,10,5,5,16,Ghana - Premier League,0.62,0.75,5,1.25,1.61,1.33,6
Hearts of Oak,8,5,1,2,9,4,5,16,Ghana - Premier League,0.62,0.75,5,1.12,1.61,1.33,6
Berekum Chelsea,8,4,3,1,12,7,5,15,Ghana - Premier League,0.5,0.88,5,1.5,2.0,1.14,7
Vision,8,4,3,1,9,6,3,15,Ghana - Premier League,0.5,0.88,3,1.12,2.0,1.14,7
Young Apostles,8,4,3,1,6,3,3,15,Ghana - Premier League,0.5,0.88,3,0.75,2.0,1.14,7
Nations,8,4,2,2,14,5,9,14,Ghana - Premier League,0.5,0.75,9,1.75,2.0,1.33,8
Nsoatreman,8,3,4,1,9,6,3,13,Ghana - Premier League,0.38,0.88,3,1.12,2.63,1.14,9
Aduana Stars,8,3,2,3,7,7,0,11,Ghana - Premier League,0.38,0.62,0,0.88,2.63,1.61,10
Dreams,8,3,2,3,5,5,0,11,Ghana - Premier League,0.38,0.62,0,0.62,2.63,1.61,10
Karela,8,2,4,2,7,7,0,10,Ghana - Premier League,0.25,0.75,0,0.88,4.0,1.33,11
Samartex,8,2,4,2,5,5,0,10,Ghana - Premier League,0.25,0.75,0,0.62,4.0,1.33,11
Accra Lions,8,2,4,2,6,8,-2,10,Ghana - Premier League,0.25,0.75,-2,0.75,4.0,1.33,11
St Josephs,8,7,1,0,14,6,8,22,Gibraltar - Premier Division,0.88,1.0,8,1.75,1.14,1.0,1
Lincoln RI,8,6,1,1,20,5,15,19,Gibraltar - Premier Division,0.75,0.88,15,2.5,1.33,1.14,2
Europa FC,8,5,2,1,20,3,17,17,Gibraltar - Premier Division,0.62,0.88,17,2.5,1.61,1.14,3
Magpies,8,5,1,2,17,11,6,16,Gibraltar - Premier Division,0.62,0.75,6,2.12,1.61,1.33,4
Manchester 62,8,4,3,1,17,14,3,15,Gibraltar - Premier Division,0.5,0.88,3,2.12,2.0,1.14,5
Lions FC,8,3,1,4,14,17,-3,10,Gibraltar - Premier Division,0.38,0.5,-3,1.75,2.63,2.0,6
Lynx,8,3,1,4,12,23,-11,10,Gibraltar - Premier Division,0.38,0.5,-11,1.5,2.63,2.0,6
Glacis Utd,8,3,0,5,12,22,-10,9,Gibraltar - Premier Division,0.38,0.38,-10,1.5,2.63,2.63,7
College 1975,8,2,2,4,7,14,-7,8,Gibraltar - Premier Division,0.25,0.5,-7,0.88,4.0,2.0,8
Mons Calpe,8,2,0,6,9,21,-12,6,Gibraltar - Premier Division,0.25,0.25,-12,1.12,4.0,4.0,9
Europa Point,8,0,2,6,6,32,-26,2,Gibraltar - Premier Division,0.0,0.25,-26,0.75,0.0,4.0,10
Panathinaikos,8,7,1,0,13,5,8,22,Greece - Super League,0.88,1.0,8,1.62,1.14,1.0,1
Olympiakos,8,6,2,0,15,5,10,20,Greece - Super League,0.75,1.0,10,1.88,1.33,1.0,2
AEK Athens,8,6,1,1,18,3,15,19,Greece - Super League,0.75,0.88,15,2.25,1.33,1.14,3
Aris,8,4,2,2,7,5,2,14,Greece - Super League,0.5,0.75,2,0.88,2.0,1.33,4
PAOK,8,4,1,3,19,9,10,13,Greece - Super League,0.5,0.62,10,2.38,2.0,1.61,5
OFI Crete,8,4,1,3,13,12,1,13,Greece - Super League,0.5,0.62,1,1.62,2.0,1.61,5
Asteras T.,8,4,0,4,8,9,-1,12,Greece - Super League,0.5,0.5,-1,1.0,2.0,2.0,6
Panserraikos,8,3,3,2,10,13,-3,12,Greece - Super League,0.38,0.75,-3,1.25,2.63,1.33,6
Levadiakos,8,3,1,4,11,10,1,10,Greece - Super League,0.38,0.5,1,1.38,2.63,2.0,7
Panaitolikos,8,3,1,4,6,7,-1,10,Greece - Super League,0.38,0.5,-1,0.75,2.63,2.0,7
A. Kallithea,8,3,1,4,11,13,-2,10,Greece - Super League,0.38,0.5,-2,1.38,2.63,2.0,7
Atromitos,8,2,2,4,6,8,-2,8,Greece - Super League,0.25,0.5,-2,0.75,4.0,2.0,8
Lamia,8,2,1,5,5,11,-6,7,Greece - Super League,0.25,0.38,-6,0.62,4.0,2.63,9
Volos,8,1,2,5,6,11,-5,5,Greece - Super League,0.12,0.38,-5,0.75,8.33,2.63,10
Municipal,8,6,2,0,20,5,15,20,Guatemala - Liga Nacional - Apertura,0.75,1.0,15,2.5,1.33,1.0,1
Xelaju,8,6,2,0,18,4,14,20,Guatemala - Liga Nacional - Apertura,0.75,1.0,14,2.25,1.33,1.0,1
Antigua GFC,8,5,2,1,18,9,9,17,Guatemala - Liga Nacional - Apertura,0.62,0.88,9,2.25,1.61,1.14,2
Malacateco,8,5,1,2,12,3,9,16,Guatemala - Liga Nacional - Apertura,0.62,0.75,9,1.5,1.61,1.33,3
Xinabajul,8,5,1,2,15,9,6,16,Guatemala - Liga Nacional - Apertura,0.62,0.75,6,1.88,1.61,1.33,3
Coban Imperial,8,4,3,1,17,8,9,15,Guatemala - Liga Nacional - Apertura,0.5,0.88,9,2.12,2.0,1.14,4
Mixco,8,4,3,1,7,3,4,15,Guatemala - Liga Nacional - Apertura,0.5,0.88,4,0.88,2.0,1.14,4
Achuapa,8,3,4,1,10,7,3,13,Guatemala - Liga Nacional - Apertura,0.38,0.88,3,1.25,2.63,1.14,5
Comunicaciones,8,4,1,3,13,11,2,13,Guatemala - Liga Nacional - Apertura,0.5,0.62,2,1.62,2.0,1.61,5
Guastatoya,8,2,4,2,12,8,4,10,Guatemala - Liga Nacional - Apertura,0.25,0.75,4,1.5,4.0,1.33,6
Marquense,8,2,4,2,8,7,1,10,Guatemala - Liga Nacional - Apertura,0.25,0.75,1,1.0,4.0,1.33,6
Zacapa Tellioz,8,0,4,4,2,7,-5,4,Guatemala - Liga Nacional - Apertura,0.0,0.5,-5,0.25,0.0,2.0,7
Malacateco,5,5,0,0,13,4,9,15,guatemala2,1.0,1.0,9,2.6,1.0,1.0,1
Marquense,7,4,3,0,9,2,7,15,guatemala2,0.57,1.0,7,1.29,1.75,1.0,1
Xelaju,7,4,2,1,16,8,8,14,guatemala2,0.57,0.86,8,2.29,1.75,1.16,2
Municipal,5,4,1,0,11,6,5,13,guatemala2,0.8,1.0,5,2.2,1.25,1.0,3
Coban Imperial,6,4,1,1,6,1,5,13,guatemala2,0.67,0.83,5,1.0,1.49,1.2,3
Antigua GFC,5,4,0,1,14,4,10,12,guatemala2,0.8,0.8,10,2.8,1.25,1.25,4
Achuapa,7,3,3,1,7,4,3,12,guatemala2,0.43,0.86,3,1.0,2.33,1.16,4
Guastatoya,6,3,1,2,7,4,3,10,guatemala2,0.5,0.67,3,1.17,2.0,1.49,5
Comunicaciones,6,3,1,2,10,10,0,10,guatemala2,0.5,0.67,0,1.67,2.0,1.49,5
Mixco,5,2,1,2,5,5,0,7,guatemala2,0.4,0.6,0,1.0,2.5,1.67,6
Xinabajul,6,2,0,4,6,8,-2,6,guatemala2,0.33,0.33,-2,1.0,3.03,3.03,7
Olimpia,8,6,2,0,23,6,17,20,Honduras - Liga Nacional - Apertura,0.75,1.0,17,2.88,1.33,1.0,1
Olancho,8,5,2,1,20,6,14,17,Honduras - Liga Nacional - Apertura,0.62,0.88,14,2.5,1.61,1.14,2
Victoria,8,5,1,2,18,10,8,16,Honduras - Liga Nacional - Apertura,0.62,0.75,8,2.25,1.61,1.33,3
Motagua,8,4,2,2,16,12,4,14,Honduras - Liga Nacional - Apertura,0.5,0.75,4,2.0,2.0,1.33,4
UPNFM,8,4,1,3,11,11,0,13,Honduras - Liga Nacional - Apertura,0.5,0.62,0,1.38,2.0,1.61,5
Marathon,8,3,3,2,11,7,4,12,Honduras - Liga Nacional - Apertura,0.38,0.75,4,1.38,2.63,1.33,6
Genesis,8,3,3,2,11,8,3,12,Honduras - Liga Nacional - Apertura,0.38,0.75,3,1.38,2.63,1.33,6
Real Espana,8,3,3,2,8,8,0,12,Honduras - Liga Nacional - Apertura,0.38,0.75,0,1.0,2.63,1.33,6
Juticalpa,8,2,2,4,6,8,-2,8,Honduras - Liga Nacional - Apertura,0.25,0.5,-2,0.75,4.0,2.0,7
Real Sociedad,8,1,4,3,5,11,-6,7,Honduras - Liga Nacional - Apertura,0.12,0.62,-6,0.62,8.33,1.61,8
Motagua,6,4,1,1,13,5,8,13,honduras2,0.67,0.83,8,2.17,1.49,1.2,1
Olimpia,5,4,1,0,9,2,7,13,honduras2,0.8,1.0,7,1.8,1.25,1.0,1
Real Espana,6,3,2,1,8,5,3,11,honduras2,0.5,0.83,3,1.33,2.0,1.2,2
Genesis,6,2,4,0,10,4,6,10,honduras2,0.33,1.0,6,1.67,3.03,1.0,3
Marathon,5,2,2,1,10,5,5,8,honduras2,0.4,0.8,5,2.0,2.5,1.25,4
Victoria,5,2,1,2,4,6,-2,7,honduras2,0.4,0.6,-2,0.8,2.5,1.67,5
Olancho,5,1,2,2,4,8,-4,5,honduras2,0.2,0.6,-4,0.8,5.0,1.67,6
Real Sociedad,6,0,4,2,4,9,-5,4,honduras2,0.0,0.67,-5,0.67,0.0,1.49,7
Juticalpa,6,1,1,4,2,7,-5,4,honduras2,0.17,0.33,-5,0.33,5.88,3.03,7
UPNFM,5,0,3,2,6,8,-2,3,honduras2,0.0,0.6,-2,1.2,0.0,1.67,8
Eastern,8,6,1,1,21,8,13,19,Hong Kong - Premier League,0.75,0.88,13,2.62,1.33,1.14,1
LM Warriors,8,6,1,1,21,11,10,19,Hong Kong - Premier League,0.75,0.88,10,2.62,1.33,1.14,1
Tai Po,8,6,1,1,14,7,7,19,Hong Kong - Premier League,0.75,0.88,7,1.75,1.33,1.14,1
Kitchee,8,5,1,2,29,6,23,16,Hong Kong - Premier League,0.62,0.75,23,3.62,1.61,1.33,2
Hong Kong FC,8,3,1,4,9,13,-4,10,Hong Kong - Premier League,0.38,0.5,-4,1.12,2.63,2.0,3
North District,8,2,3,3,17,19,-2,9,Hong Kong - Premier League,0.25,0.62,-2,2.12,4.0,1.61,4
Southern D.,7,2,2,3,9,8,1,8,Hong Kong - Premier League,0.29,0.57,1,1.29,3.45,1.75,5
HK Rangers,8,2,2,4,12,16,-4,8,Hong Kong - Premier League,0.25,0.5,-4,1.5,4.0,2.0,5
Kowloon City,6,2,1,3,8,17,-9,7,Hong Kong - Premier League,0.33,0.5,-9,1.33,3.03,2.0,6
Paks,8,5,2,1,23,13,10,17,Hungary - NB I,0.62,0.88,10,2.88,1.61,1.14,1
Puskas A.,8,5,2,1,14,8,6,17,Hungary - NB I,0.62,0.88,6,1.75,1.61,1.14,1
MTK Budapest,8,4,2,2,17,10,7,14,Hungary - NB I,0.5,0.75,7,2.12,2.0,1.33,2
Ferencvaros,8,3,4,1,13,9,4,13,Hungary - NB I,0.38,0.88,4,1.62,2.63,1.14,3
DVTK,8,4,1,3,10,10,0,13,Hungary - NB I,0.5,0.62,0,1.25,2.0,1.61,3
Fehervar,8,4,0,4,13,8,5,12,Hungary - NB I,0.5,0.5,5,1.62,2.0,2.0,4
Zalaegerszegi,8,3,3,2,12,10,2,12,Hungary - NB I,0.38,0.75,2,1.5,2.63,1.33,4
Gyor,8,2,3,3,11,10,1,9,Hungary - NB I,0.25,0.62,1,1.38,4.0,1.61,5
Kecskemeti TE,8,2,3,3,10,10,0,9,Hungary - NB I,0.25,0.62,0,1.25,4.0,1.61,5
Nyiregyhaza,8,2,3,3,7,8,-1,9,Hungary - NB I,0.25,0.62,-1,0.88,4.0,1.61,5
Debrecen,8,2,2,4,15,16,-1,8,Hungary - NB I,0.25,0.5,-1,1.88,4.0,2.0,6
Ujpest,8,1,5,2,5,9,-4,8,Hungary - NB I,0.12,0.75,-4,0.62,8.33,1.33,6
Kisvarda,8,6,2,0,18,7,11,20,Hungary - NB II,0.75,1.0,11,2.25,1.33,1.0,1
Vasas,8,6,0,2,15,8,7,18,Hungary - NB II,0.75,0.75,7,1.88,1.33,1.33,2
Soroksar,8,5,2,1,16,8,8,17,Hungary - NB II,0.62,0.88,8,2.0,1.61,1.14,3
Kazincbarcika,8,5,2,1,12,6,6,17,Hungary - NB II,0.62,0.88,6,1.5,1.61,1.14,3
Kozarmisleny,8,5,1,2,17,11,6,16,Hungary - NB II,0.62,0.75,6,2.12,1.61,1.33,4
Szeged,8,5,1,2,11,6,5,16,Hungary - NB II,0.62,0.75,5,1.38,1.61,1.33,4
Gyirmot,8,4,2,2,13,9,4,14,Hungary - NB II,0.5,0.75,4,1.62,2.0,1.33,5
Szentlorinc,8,4,2,2,9,6,3,14,Hungary - NB II,0.5,0.75,3,1.12,2.0,1.33,5
Csakvari,8,4,2,2,13,13,0,14,Hungary - NB II,0.5,0.75,0,1.62,2.0,1.33,5
Honved,8,4,1,3,13,8,5,13,Hungary - NB II,0.5,0.62,5,1.62,2.0,1.61,6
Bekescsaba,8,3,3,2,11,12,-1,12,Hungary - NB II,0.38,0.75,-1,1.38,2.63,1.33,7
Ajka,8,2,4,2,10,8,2,10,Hungary - NB II,0.25,0.75,2,1.25,4.0,1.33,8
Tatabanya,8,3,1,4,7,17,-10,10,Hungary - NB II,0.38,0.5,-10,0.88,2.63,2.0,8
Mezokovesd,8,2,3,3,12,11,1,9,Hungary - NB II,0.25,0.62,1,1.5,4.0,1.61,9
Budafoki,8,2,2,4,10,17,-7,8,Hungary - NB II,0.25,0.5,-7,1.25,4.0,2.0,10
BVSC,8,0,5,3,3,8,-5,5,Hungary - NB II,0.0,0.62,-5,0.38,0.0,1.61,11
Breidablik,8,6,2,0,22,10,12,20,Iceland - Besta deild,0.75,1.0,12,2.75,1.33,1.0,1
Stjarnan,8,6,1,1,17,10,7,19,Iceland - Besta deild,0.75,0.88,7,2.12,1.33,1.14,2
Valur,8,5,1,2,26,11,15,16,Iceland - Besta deild,0.62,0.75,15,3.25,1.61,1.33,3
KR Reykjavik,8,4,3,1,24,11,13,15,Iceland - Besta deild,0.5,0.88,13,3.0,2.0,1.14,4
IA Akranes,8,5,0,3,22,12,10,15,Iceland - Besta deild,0.62,0.62,10,2.75,1.61,1.61,4
Vikingur R.,8,4,2,2,17,12,5,14,Iceland - Besta deild,0.5,0.75,5,2.12,2.0,1.33,5
HK Kopavogur,8,4,2,2,14,13,1,14,Iceland - Besta deild,0.5,0.75,1,1.75,2.0,1.33,5
KA Akureyri,8,4,2,2,13,14,-1,14,Iceland - Besta deild,0.5,0.75,-1,1.62,2.0,1.33,5
Fram,8,4,1,3,16,15,1,13,Iceland - Besta deild,0.5,0.62,1,2.0,2.0,1.61,6
Vestri,8,2,3,3,7,10,-3,9,Iceland - Besta deild,0.25,0.62,-3,0.88,4.0,1.61,7
Fylkir,8,2,2,4,10,16,-6,8,Iceland - Besta deild,0.25,0.5,-6,1.25,4.0,2.0,8
Hafnarfjordur,8,1,4,3,10,13,-3,7,Iceland - Besta deild,0.12,0.62,-3,1.25,8.33,1.61,9
Keflavik,8,6,2,0,19,9,10,20,Iceland - 1. Deild,0.75,1.0,10,2.38,1.33,1.0,1
IBV,8,6,1,1,21,7,14,19,Iceland - 1. Deild,0.75,0.88,14,2.62,1.33,1.14,2
IR Reykjavik,8,5,2,1,12,4,8,17,Iceland - 1. Deild,0.62,0.88,8,1.5,1.61,1.14,3
Throttur R.,8,5,1,2,16,10,6,16,Iceland - 1. Deild,0.62,0.75,6,2.0,1.61,1.33,4
Leiknir R.,8,4,2,2,16,9,7,14,Iceland - 1. Deild,0.5,0.75,7,2.0,2.0,1.33,5
Fjolnir,8,4,2,2,16,11,5,14,Iceland - 1. Deild,0.5,0.75,5,2.0,2.0,1.33,5
Grindavik,8,3,4,1,18,14,4,13,Iceland - 1. Deild,0.38,0.88,4,2.25,2.63,1.14,6
Njardvik,8,3,3,2,10,9,1,12,Iceland - 1. Deild,0.38,0.75,1,1.25,2.63,1.33,7
Thor Akureyri,8,2,4,2,11,11,0,10,Iceland - 1. Deild,0.25,0.75,0,1.38,4.0,1.33,8
Afturelding,8,3,1,4,10,12,-2,10,Iceland - 1. Deild,0.38,0.5,-2,1.25,2.63,2.0,8
Grotta,8,2,0,6,12,20,-8,6,Iceland - 1. Deild,0.25,0.25,-8,1.5,4.0,4.0,9
Dalvik / Reynir,8,0,3,5,6,20,-14,3,Iceland - 1. Deild,0.0,0.38,-14,0.75,0.0,2.63,10
V. Olafsvik,8,8,0,0,23,7,16,24,Iceland - 2. Deild,1.0,1.0,16,2.88,1.0,1.0,1
Throttur Vogar,8,7,0,1,29,7,22,21,Iceland - 2. Deild,0.88,0.88,22,3.62,1.14,1.14,2
Volsungur,8,5,1,2,17,7,10,16,Iceland - 2. Deild,0.62,0.75,10,2.12,1.61,1.33,3
Selfoss,8,4,2,2,20,14,6,14,Iceland - 2. Deild,0.5,0.75,6,2.5,2.0,1.33,4
Fjallabyggd,8,4,2,2,14,12,2,14,Iceland - 2. Deild,0.5,0.75,2,1.75,2.0,1.33,4
Fjardabyggd/L.,8,4,1,3,24,17,7,13,Iceland - 2. Deild,0.5,0.62,7,3.0,2.0,1.61,5
Haukar,8,4,0,4,20,19,1,12,Iceland - 2. Deild,0.5,0.5,1,2.5,2.0,2.0,6
KFG,8,2,3,3,21,23,-2,9,Iceland - 2. Deild,0.25,0.62,-2,2.62,4.0,1.61,7
Hottur/Huginn,8,3,0,5,10,12,-2,9,Iceland - 2. Deild,0.38,0.38,-2,1.25,2.63,2.63,7
AEggir,8,1,3,4,7,11,-4,6,Iceland - 2. Deild,0.12,0.5,-4,0.88,8.33,2.0,8
Reynir,8,1,2,5,6,14,-8,5,Iceland - 2. Deild,0.12,0.38,-8,0.75,8.33,2.63,9
Kormakur/Hvot,8,1,1,6,7,18,-11,4,Iceland - 2. Deild,0.12,0.25,-11,0.88,8.33,4.0,10
Mohun Bagan,8,8,0,0,15,2,13,24,India - Super League,1.0,1.0,13,1.88,1.0,1.0,1
Goa,8,7,1,0,14,4,10,22,India - Super League,0.88,1.0,10,1.75,1.14,1.0,2
Jamshedpur,8,5,1,2,14,10,4,16,India - Super League,0.62,0.75,4,1.75,1.61,1.33,3
Kerala Blasters,8,4,2,2,11,7,4,14,India - Super League,0.5,0.75,4,1.38,2.0,1.33,4
East Bengal,8,4,1,3,13,12,1,13,India - Super League,0.5,0.62,1,1.62,2.0,1.61,5
Bengaluru,8,3,2,3,14,12,2,11,India - Super League,0.38,0.62,2,1.75,2.63,1.61,6
Odisha FC,8,2,5,1,13,11,2,11,India - Super League,0.25,0.88,2,1.62,4.0,1.14,6
Chennaiyin,8,3,2,3,13,15,-2,11,India - Super League,0.38,0.62,-2,1.62,2.63,1.61,6
Mumbai City,8,3,2,3,8,11,-3,11,India - Super League,0.38,0.62,-3,1.0,2.63,1.61,6
Hyderabad,8,2,4,2,12,14,-2,10,India - Super League,0.25,0.75,-2,1.5,4.0,1.33,7
NorthEast Utd,8,2,3,3,10,9,1,9,India - Super League,0.25,0.62,1,1.25,4.0,1.61,8
Punjab,8,2,1,5,9,13,-4,7,India - Super League,0.25,0.38,-4,1.12,4.0,2.63,9
Mohammedan,8,0,3,5,6,16,-10,3,India - Super League,0.0,0.38,-10,0.75,0.0,2.63,10
Real Kashmir,8,6,2,0,15,6,9,20,India - I-League,0.75,1.0,9,1.88,1.33,1.0,1
Shillong Lajong,8,5,2,1,21,4,17,17,India - I-League,0.62,0.88,17,2.62,1.61,1.14,2
Churchill B.,8,5,2,1,23,8,15,17,India - I-League,0.62,0.88,15,2.88,1.61,1.14,2
Inter Kashi,8,5,0,3,20,17,3,15,India - I-League,0.62,0.62,3,2.5,1.61,1.61,3
Namdhari,8,4,2,2,14,9,5,14,India - I-League,0.5,0.75,5,1.75,2.0,1.33,4
SC Bengaluru,8,3,4,1,11,7,4,13,India - I-League,0.38,0.88,4,1.38,2.63,1.14,5
Rajasthan,8,3,3,2,10,8,2,12,India - I-League,0.38,0.75,2,1.25,2.63,1.33,6
Sreenidi Deccan,8,3,2,3,13,11,2,11,India - I-League,0.38,0.62,2,1.62,2.63,1.61,7
Gokulam,8,3,1,4,17,13,4,10,India - I-League,0.38,0.5,4,2.12,2.63,2.0,8
Dempo,8,2,2,4,15,14,1,8,India - I-League,0.25,0.5,1,1.88,4.0,2.0,9
Aizawl,8,1,2,5,12,18,-6,5,India - I-League,0.12,0.38,-6,1.5,8.33,2.63,10
Delhi FC,8,1,1,6,4,14,-10,4,India - I-League,0.12,0.25,-10,0.5,8.33,4.0,11
Dewa Utd,8,6,1,1,18,5,13,19,Indonesia - Liga 1,0.75,0.88,13,2.25,1.33,1.14,1
Persebaya S.,8,5,2,1,16,9,7,17,Indonesia - Liga 1,0.62,0.88,7,2.0,1.61,1.14,2
Persib,8,5,2,1,12,5,7,17,Indonesia - Liga 1,0.62,0.88,7,1.5,1.61,1.14,2
Malut United,8,5,1,2,12,7,5,16,Indonesia - Liga 1,0.62,0.75,5,1.5,1.61,1.33,3
Arema,8,4,3,1,19,13,6,15,Indonesia - Liga 1,0.5,0.88,6,2.38,2.0,1.14,4
Persija,8,4,3,1,15,9,6,15,Indonesia - Liga 1,0.5,0.88,6,1.88,2.0,1.14,4
PSM,8,4,3,1,10,6,4,15,Indonesia - Liga 1,0.5,0.88,4,1.25,2.0,1.14,4
Persik Kediri,8,3,4,1,9,6,3,13,Indonesia - Liga 1,0.38,0.88,3,1.12,2.63,1.14,5
Borneo,8,4,1,3,12,10,2,13,Indonesia - Liga 1,0.5,0.62,2,1.5,2.0,1.61,5
Persita,8,4,1,3,10,11,-1,13,Indonesia - Liga 1,0.5,0.62,-1,1.25,2.0,1.61,5
Bali Utd,8,3,3,2,12,11,1,12,Indonesia - Liga 1,0.38,0.75,1,1.5,2.63,1.33,6
Barito Putera,8,3,2,3,12,11,1,11,Indonesia - Liga 1,0.38,0.62,1,1.5,2.63,1.61,7
PSBS Biak N.,8,3,2,3,11,12,-1,11,Indonesia - Liga 1,0.38,0.62,-1,1.38,2.63,1.61,7
Madura Utd,8,3,1,4,11,12,-1,10,Indonesia - Liga 1,0.38,0.5,-1,1.38,2.63,2.0,8
PSS Sleman,8,3,0,5,15,16,-1,9,Indonesia - Liga 1,0.38,0.38,-1,1.88,2.63,2.63,9
Persis Solo,8,1,5,2,9,10,-1,8,Indonesia - Liga 1,0.12,0.75,-1,1.12,8.33,1.33,10
PSIS Semarang,8,2,1,5,7,13,-6,7,Indonesia - Liga 1,0.25,0.38,-6,0.88,4.0,2.63,11
Semen Padang,8,1,3,4,7,14,-7,6,Indonesia - Liga 1,0.12,0.5,-7,0.88,8.33,2.0,12
Tractor Sazi,8,6,1,1,16,2,14,19,Iran - Pro League,0.75,0.88,14,2.0,1.33,1.14,1
K. Khorramabad,8,6,0,2,13,6,7,18,Iran - Pro League,0.75,0.75,7,1.62,1.33,1.33,2
Persepolis,8,6,0,2,12,6,6,18,Iran - Pro League,0.75,0.75,6,1.5,1.33,1.33,2
Sepahan,8,5,2,1,16,5,11,17,Iran - Pro League,0.62,0.88,11,2.0,1.61,1.14,3
Foolad,8,5,2,1,13,7,6,17,Iran - Pro League,0.62,0.88,6,1.62,1.61,1.14,3
Aluminium Arak,8,3,5,0,12,5,7,14,Iran - Pro League,0.38,1.0,7,1.5,2.63,1.0,4
Chadormalu,8,4,2,2,8,4,4,14,Iran - Pro League,0.5,0.75,4,1.0,2.0,1.33,4
Gol Gohar,8,4,2,2,8,5,3,14,Iran - Pro League,0.5,0.75,3,1.0,2.0,1.33,4
Zob Ahan,8,3,3,2,9,5,4,12,Iran - Pro League,0.38,0.75,4,1.12,2.63,1.33,5
E. Khuzestan,8,3,3,2,7,6,1,12,Iran - Pro League,0.38,0.75,1,0.88,2.63,1.33,5
Esteghlal,8,3,2,3,5,7,-2,11,Iran - Pro League,0.38,0.62,-2,0.62,2.63,1.61,6
Shams A. Qazvin,8,2,3,3,8,9,-1,9,Iran - Pro League,0.25,0.62,-1,1.0,4.0,1.61,7
Malavan,8,2,3,3,5,8,-3,9,Iran - Pro League,0.25,0.62,-3,0.62,4.0,1.61,7
N. Mazandaran,8,1,5,2,4,5,-1,8,Iran - Pro League,0.12,0.75,-1,0.5,8.33,1.33,8
Mes Rafsanjan,8,1,4,3,6,10,-4,7,Iran - Pro League,0.12,0.62,-4,0.75,8.33,1.61,9
Havadar,8,1,1,6,4,13,-9,4,Iran - Pro League,0.12,0.25,-9,0.5,8.33,4.0,10
St. Patricks,4,3,1,0,9,3,6,10,Ireland - Premier Division,0.75,1.0,6,2.25,1.33,1.0,1
Galway Utd,3,2,1,0,4,2,2,7,Ireland - Premier Division,0.67,1.0,2,1.33,1.49,1.0,2
Cork City,3,1,2,0,5,4,1,5,Ireland - Premier Division,0.33,1.0,1,1.67,3.03,1.0,3
Shelbourne,4,1,2,1,5,4,1,5,Ireland - Premier Division,0.25,0.75,1,1.25,4.0,1.33,3
Drogheda Utd,3,1,1,1,5,3,2,4,Ireland - Premier Division,0.33,0.67,2,1.67,3.03,1.49,4
Derry City,3,1,1,1,3,3,0,4,Ireland - Premier Division,0.33,0.67,0,1.0,3.03,1.49,4
Shamrock Rovers,1,1,0,0,1,0,1,3,Ireland - Premier Division,1.0,1.0,1,1.0,1.0,1.0,5
Bohemians,2,1,0,1,1,1,0,3,Ireland - Premier Division,0.5,0.5,0,0.5,2.0,2.0,5
Sligo Rovers,3,1,0,2,4,5,-1,3,Ireland - Premier Division,0.33,0.33,-1,1.33,3.03,3.03,5
Waterford,3,1,0,2,2,5,-3,3,Ireland - Premier Division,0.33,0.33,-3,0.67,3.03,3.03,5
Cobh Ramblers,2,1,1,0,5,0,5,4,Ireland - First Division,0.5,1.0,5,2.5,2.0,1.0,1
Dundalk,2,1,1,0,3,2,1,4,Ireland - First Division,0.5,1.0,1,1.5,2.0,1.0,1
Longford Town,3,1,1,1,4,4,0,4,Ireland - First Division,0.33,0.67,0,1.33,3.03,1.49,1
Wexford,2,1,0,1,2,1,1,3,Ireland - First Division,0.5,0.5,1,1.0,2.0,2.0,2
Treaty Utd,3,1,0,2,5,5,0,3,Ireland - First Division,0.33,0.33,0,1.67,3.03,3.03,2
Kerry,3,1,0,2,2,2,0,3,Ireland - First Division,0.33,0.33,0,0.67,3.03,3.03,2
Athlone Town,2,1,0,1,2,6,-4,3,Ireland - First Division,0.5,0.5,-4,1.0,2.0,2.0,2
UC Dublin,3,0,2,1,2,5,-3,2,Ireland - First Division,0.0,0.67,-3,0.67,0.0,1.49,3
Bray Wanderers,1,0,0,1,1,3,-2,0,Ireland - First Division,0.0,0.0,-2,1.0,0.0,0.0,4
Finn Harps,2,0,0,2,1,3,-2,0,Ireland - First Division,0.0,0.0,-2,0.5,0.0,0.0,4
H. Beer Sheva,8,6,2,0,22,7,15,20,Israel - Ligat HaAl,0.75,1.0,15,2.75,1.33,1.0,1
Hapoel Haifa,8,6,0,2,20,12,8,18,Israel - Ligat HaAl,0.75,0.75,8,2.5,1.33,1.33,2
M. Tel Aviv,8,5,2,1,20,9,11,17,Israel - Ligat HaAl,0.62,0.88,11,2.5,1.61,1.14,3
Maccabi Netanya,8,5,2,1,17,7,10,17,Israel - Ligat HaAl,0.62,0.88,10,2.12,1.61,1.14,3
B. Jerusalem,8,3,4,1,11,7,4,13,Israel - Ligat HaAl,0.38,0.88,4,1.38,2.63,1.14,4
Ironi Tiberias,8,3,4,1,11,8,3,13,Israel - Ligat HaAl,0.38,0.88,3,1.38,2.63,1.14,4
Kiryat Shmona,8,4,1,3,10,9,1,13,Israel - Ligat HaAl,0.5,0.62,1,1.25,2.0,1.61,4
H. Jerusalem,8,3,3,2,11,8,3,12,Israel - Ligat HaAl,0.38,0.75,3,1.38,2.63,1.33,5
Maccabi Haifa,8,3,2,3,13,13,0,11,Israel - Ligat HaAl,0.38,0.62,0,1.62,2.63,1.61,6
M. Bnei Raina,8,2,1,5,6,12,-6,7,Israel - Ligat HaAl,0.25,0.38,-6,0.75,4.0,2.63,7
M. Petah Tikva,8,1,3,4,7,9,-2,6,Israel - Ligat HaAl,0.12,0.5,-2,0.88,8.33,2.0,8
Ashdod,8,1,3,4,9,15,-6,6,Israel - Ligat HaAl,0.12,0.5,-6,1.12,8.33,2.0,8
Hapoel Hadera,8,1,2,5,8,14,-6,5,Israel - Ligat HaAl,0.12,0.38,-6,1.0,8.33,2.63,9
Sakhnin,8,1,2,5,2,9,-7,5,Israel - Ligat HaAl,0.12,0.38,-7,0.25,8.33,2.63,9
Hapoel Tel Aviv,8,8,0,0,22,3,19,24,Israel - Leumit League,1.0,1.0,19,2.75,1.0,1.0,1
H. Ramat Gan,8,6,1,1,25,6,19,19,Israel - Leumit League,0.75,0.88,19,3.12,1.33,1.14,2
H. Petah Tikva,8,6,0,2,18,6,12,18,Israel - Leumit League,0.75,0.75,12,2.25,1.33,1.33,3
H. Kfar Shalem,8,5,1,2,16,11,5,16,Israel - Leumit League,0.62,0.75,5,2.0,1.61,1.33,4
Hapoel Akko,8,5,1,2,9,5,4,16,Israel - Leumit League,0.62,0.75,4,1.12,1.61,1.33,4
M. Herziliya,8,5,1,2,10,9,1,16,Israel - Leumit League,0.62,0.75,1,1.25,1.61,1.33,4
H. Kfar Saba,8,4,3,1,14,8,6,15,Israel - Leumit League,0.5,0.88,6,1.75,2.0,1.14,5
Ramat Hasharon,8,4,1,3,10,10,0,13,Israel - Leumit League,0.5,0.62,0,1.25,2.0,1.61,6
H. Ironi Rishon,8,3,1,4,13,11,2,10,Israel - Leumit League,0.38,0.5,2,1.62,2.63,2.0,7
Kafr Qasim,8,2,3,3,7,8,-1,9,Israel - Leumit League,0.25,0.62,-1,0.88,4.0,1.61,8
Hapoel Raanana,8,2,2,4,8,10,-2,8,Israel - Leumit League,0.25,0.5,-2,1.0,4.0,2.0,9
Bnei Yehuda,8,2,2,4,5,7,-2,8,Israel - Leumit League,0.25,0.5,-2,0.62,4.0,2.0,9
Maccabi Jaffa,8,2,2,4,8,13,-5,8,Israel - Leumit League,0.25,0.5,-5,1.0,4.0,2.0,9
Hapoel Afula,8,1,4,3,10,12,-2,7,Israel - Leumit League,0.12,0.62,-2,1.25,8.33,1.61,10
H. Umm al-Fahm,8,2,1,5,5,10,-5,7,Israel - Leumit League,0.25,0.38,-5,0.62,4.0,2.63,10
H. Nof Hagalil,8,2,1,5,6,12,-6,7,Israel - Leumit League,0.25,0.38,-6,0.75,4.0,2.63,10
Inter Milan,8,6,2,0,17,8,9,20,Italy - Serie A,0.75,1.0,9,2.12,1.33,1.0,1
AS Roma,8,6,1,1,21,6,15,19,Italy - Serie A,0.75,0.88,15,2.62,1.33,1.14,2
Bologna,8,6,1,1,17,10,7,19,Italy - Serie A,0.75,0.88,7,2.12,1.33,1.14,2
Napoli,8,5,2,1,10,5,5,17,Italy - Serie A,0.62,0.88,5,1.25,1.61,1.14,3
Genoa,8,4,3,1,11,6,5,15,Italy - Serie A,0.5,0.88,5,1.38,2.0,1.14,4
Juventus,8,4,3,1,15,11,4,15,Italy - Serie A,0.5,0.88,4,1.88,2.0,1.14,4
Como,8,4,1,3,14,9,5,13,Italy - Serie A,0.5,0.62,5,1.75,2.0,1.61,5
Atalanta,8,3,4,1,11,9,2,13,Italy - Serie A,0.38,0.88,2,1.38,2.63,1.14,5
AC Milan,8,3,4,1,10,8,2,13,Italy - Serie A,0.38,0.88,2,1.25,2.63,1.14,5
Fiorentina,8,4,1,3,9,9,0,13,Italy - Serie A,0.5,0.62,0,1.12,2.0,1.61,5
Torino,8,3,3,2,7,6,1,12,Italy - Serie A,0.38,0.75,1,0.88,2.63,1.33,6
Parma,8,3,2,3,13,12,1,11,Italy - Serie A,0.38,0.62,1,1.62,2.63,1.61,7
Udinese,8,3,2,3,11,10,1,11,Italy - Serie A,0.38,0.62,1,1.38,2.63,1.61,7
Lazio,8,2,4,2,14,14,0,10,Italy - Serie A,0.25,0.75,0,1.75,4.0,1.33,8
Cagliari,8,3,1,4,9,10,-1,10,Italy - Serie A,0.38,0.5,-1,1.12,2.63,2.0,8
Venezia,8,1,4,3,6,8,-2,7,Italy - Serie A,0.12,0.62,-2,0.75,8.33,1.61,9
Lecce,8,1,3,4,6,12,-6,6,Italy - Serie A,0.12,0.5,-6,0.75,8.33,2.0,10
Monza,8,1,2,5,6,11,-5,5,Italy - Serie A,0.12,0.38,-5,0.75,8.33,2.63,11
Hellas Verona,8,1,1,6,3,20,-17,4,Italy - Serie A,0.12,0.25,-17,0.38,8.33,4.0,12
Empoli,8,0,2,6,4,16,-12,2,Italy - Serie A,0.0,0.25,-12,0.5,0.0,4.0,13
Sassuolo,8,7,1,0,20,7,13,22,Italy - Serie B,0.88,1.0,13,2.5,1.14,1.0,1
Pisa,8,6,1,1,16,6,10,19,Italy - Serie B,0.75,0.88,10,2.0,1.33,1.14,2
Juve Stabia,8,6,1,1,14,6,8,19,Italy - Serie B,0.75,0.88,8,1.75,1.33,1.14,2
Spezia,8,4,3,1,17,8,9,15,Italy - Serie B,0.5,0.88,9,2.12,2.0,1.14,3
Catanzaro,8,4,3,1,11,7,4,15,Italy - Serie B,0.5,0.88,4,1.38,2.0,1.14,3
Modena,8,3,5,0,10,5,5,14,Italy - Serie B,0.38,1.0,5,1.25,2.63,1.0,4
Salernitana,8,4,2,2,11,7,4,14,Italy - Serie B,0.5,0.75,4,1.38,2.0,1.33,4
Bari,8,3,4,1,9,6,3,13,Italy - Serie B,0.38,0.88,3,1.12,2.63,1.14,5
Palermo,8,4,1,3,11,9,2,13,Italy - Serie B,0.5,0.62,2,1.38,2.0,1.61,5
Carrarese,8,4,1,3,10,11,-1,13,Italy - Serie B,0.5,0.62,-1,1.25,2.0,1.61,5
Cremonese,8,3,3,2,15,10,5,12,Italy - Serie B,0.38,0.75,5,1.88,2.63,1.33,6
Cesena,8,2,5,1,7,5,2,11,Italy - Serie B,0.25,0.88,2,0.88,4.0,1.14,7
Frosinone,8,3,2,3,9,12,-3,11,Italy - Serie B,0.38,0.62,-3,1.12,2.63,1.61,7
Sampdoria,8,2,4,2,5,5,0,10,Italy - Serie B,0.25,0.75,0,0.62,4.0,1.33,8
Reggiana,8,2,3,3,8,10,-2,9,Italy - Serie B,0.25,0.62,-2,1.0,4.0,1.61,9
Sudtirol,8,2,3,3,9,12,-3,9,Italy - Serie B,0.25,0.62,-3,1.12,4.0,1.61,9
Cosenza,8,2,3,3,6,9,-3,9,Italy - Serie B,0.25,0.62,-3,0.75,4.0,1.61,9
Brescia,8,0,7,1,8,9,-1,7,Italy - Serie B,0.0,0.88,-1,1.0,0.0,1.14,10
Cittadella,8,2,1,5,8,15,-7,7,Italy - Serie B,0.25,0.38,-7,1.0,4.0,2.63,10
Mantova,8,1,3,4,8,13,-5,6,Italy - Serie B,0.12,0.5,-5,1.0,8.33,2.0,11
Vicenza,8,7,1,0,20,2,18,22,Italy - Serie C - Group A,0.88,1.0,18,2.5,1.14,1.0,1
Padova,8,6,2,0,17,4,13,20,Italy - Serie C - Group A,0.75,1.0,13,2.12,1.33,1.0,2
FeralpiSalo,8,5,2,1,13,6,7,17,Italy - Serie C - Group A,0.62,0.88,7,1.62,1.61,1.14,3
Renate,8,5,0,3,7,7,0,15,Italy - Serie C - Group A,0.62,0.62,0,0.88,1.61,1.61,4
Triestina,8,4,2,2,8,3,5,14,Italy - Serie C - Group A,0.5,0.75,5,1.0,2.0,1.33,5
Giana Erminio,8,4,2,2,12,9,3,14,Italy - Serie C - Group A,0.5,0.75,3,1.5,2.0,1.33,5
Arzignano,8,4,1,3,13,9,4,13,Italy - Serie C - Group A,0.5,0.62,4,1.62,2.0,1.61,6
AlbinoLeffe,8,3,4,1,8,6,2,13,Italy - Serie C - Group A,0.38,0.88,2,1.0,2.63,1.14,6
Atalanta B,8,3,3,2,13,11,2,12,Italy - Serie C - Group A,0.38,0.75,2,1.62,2.63,1.33,7
Lecco,8,3,3,2,12,10,2,12,Italy - Serie C - Group A,0.38,0.75,2,1.5,2.63,1.33,7
Pro Vercelli,8,3,3,2,7,7,0,12,Italy - Serie C - Group A,0.38,0.75,0,0.88,2.63,1.33,7
Novara,8,3,2,3,9,7,2,11,Italy - Serie C - Group A,0.38,0.62,2,1.12,2.63,1.61,8
Virtus Verona,8,3,2,3,13,12,1,11,Italy - Serie C - Group A,0.38,0.62,1,1.62,2.63,1.61,8
Trento,8,2,4,2,13,9,4,10,Italy - Serie C - Group A,0.25,0.75,4,1.62,4.0,1.33,9
Pergolettese,8,3,1,4,8,8,0,10,Italy - Serie C - Group A,0.38,0.5,0,1.0,2.63,2.0,9
Pro Patria,8,2,3,3,8,10,-2,9,Italy - Serie C - Group A,0.25,0.62,-2,1.0,4.0,1.61,10
Alcione,8,2,2,4,5,7,-2,8,Italy - Serie C - Group A,0.25,0.5,-2,0.62,4.0,2.0,11
Clodiense,8,1,2,5,7,10,-3,5,Italy - Serie C - Group A,0.12,0.38,-3,0.88,8.33,2.63,12
Caldiero Terme,8,1,2,5,9,14,-5,5,Italy - Serie C - Group A,0.12,0.38,-5,1.12,8.33,2.63,12
Lumezzane,8,1,2,5,8,14,-6,5,Italy - Serie C - Group A,0.12,0.38,-6,1.0,8.33,2.63,12
Entella,8,8,0,0,19,5,14,24,Italy - Serie C - Group B,1.0,1.0,14,2.38,1.0,1.0,1
Ternana,8,6,2,0,15,5,10,20,Italy - Serie C - Group B,0.75,1.0,10,1.88,1.33,1.0,2
Pineto,8,5,3,0,8,3,5,18,Italy - Serie C - Group B,0.62,1.0,5,1.0,1.61,1.0,3
Perugia,8,5,2,1,9,5,4,17,Italy - Serie C - Group B,0.62,0.88,4,1.12,1.61,1.14,4
Torres,8,4,3,1,7,4,3,15,Italy - Serie C - Group B,0.5,0.88,3,0.88,2.0,1.14,5
Vis Pesaro,8,4,2,2,10,7,3,14,Italy - Serie C - Group B,0.5,0.75,3,1.25,2.0,1.33,6
Gubbio,8,4,2,2,9,8,1,14,Italy - Serie C - Group B,0.5,0.75,1,1.12,2.0,1.33,6
Pontedera,8,4,1,3,12,11,1,13,Italy - Serie C - Group B,0.5,0.62,1,1.5,2.0,1.61,7
Lucchese,8,3,3,2,15,13,2,12,Italy - Serie C - Group B,0.38,0.75,2,1.88,2.63,1.33,8
Ascoli,8,3,2,3,10,10,0,11,Italy - Serie C - Group B,0.38,0.62,0,1.25,2.63,1.61,9
Pianese,8,3,2,3,9,9,0,11,Italy - Serie C - Group B,0.38,0.62,0,1.12,2.63,1.61,9
Rimini,8,2,3,3,8,6,2,9,Italy - Serie C - Group B,0.25,0.62,2,1.0,4.0,1.61,10
Sestri Levante,8,2,3,3,11,12,-1,9,Italy - Serie C - Group B,0.25,0.62,-1,1.38,4.0,1.61,10
Pescara,8,1,5,2,9,8,1,8,Italy - Serie C - Group B,0.12,0.75,1,1.12,8.33,1.33,11
Arezzo,8,2,2,4,9,11,-2,8,Italy - Serie C - Group B,0.25,0.5,-2,1.12,4.0,2.0,11
Campobasso,8,2,2,4,7,11,-4,8,Italy - Serie C - Group B,0.25,0.5,-4,0.88,4.0,2.0,11
Athletic Carpi,8,2,2,4,6,10,-4,8,Italy - Serie C - Group B,0.25,0.5,-4,0.75,4.0,2.0,11
AC Milan B,8,1,3,4,6,13,-7,6,Italy - Serie C - Group B,0.12,0.5,-7,0.75,8.33,2.0,12
SPAL,8,1,2,5,5,12,-7,5,Italy - Serie C - Group B,0.12,0.38,-7,0.62,8.33,2.63,13
Legnago Salus,8,1,2,5,5,13,-8,5,Italy - Serie C - Group B,0.12,0.38,-8,0.62,8.33,2.63,13
Avellino,8,7,1,0,18,5,13,22,Italy - Serie C - Group C,0.88,1.0,13,2.25,1.14,1.0,1
Crotone,8,5,2,1,17,10,7,17,Italy - Serie C - Group C,0.62,0.88,7,2.12,1.61,1.14,2
Juventus U23,8,5,2,1,9,2,7,17,Italy - Serie C - Group C,0.62,0.88,7,1.12,1.61,1.14,2
A. Cerignola,8,4,4,0,15,9,6,16,Italy - Serie C - Group C,0.5,1.0,6,1.88,2.0,1.0,3
Monopoli,8,4,3,1,12,7,5,15,Italy - Serie C - Group C,0.5,0.88,5,1.5,2.0,1.14,4
Foggia,8,4,2,2,11,10,1,14,Italy - Serie C - Group C,0.5,0.75,1,1.38,2.0,1.33,5
Potenza,8,3,3,2,16,10,6,12,Italy - Serie C - Group C,0.38,0.75,6,2.0,2.63,1.33,6
Catania,8,3,3,2,13,9,4,12,Italy - Serie C - Group C,0.38,0.75,4,1.62,2.63,1.33,6
Cavese,8,3,3,2,10,9,1,12,Italy - Serie C - Group C,0.38,0.75,1,1.25,2.63,1.33,6
Trapani,8,3,2,3,10,8,2,11,Italy - Serie C - Group C,0.38,0.62,2,1.25,2.63,1.61,7
Picerno,8,2,5,1,7,6,1,11,Italy - Serie C - Group C,0.25,0.88,1,0.88,4.0,1.14,7
Giugliano,8,3,1,4,13,14,-1,10,Italy - Serie C - Group C,0.38,0.5,-1,1.62,2.63,2.0,8
Latina,8,3,1,4,7,13,-6,10,Italy - Serie C - Group C,0.38,0.5,-6,0.88,2.63,2.0,8
Benevento,8,1,6,1,7,7,0,9,Italy - Serie C - Group C,0.12,0.88,0,0.88,8.33,1.14,9
Altamura,8,2,3,3,9,11,-2,9,Italy - Serie C - Group C,0.25,0.62,-2,1.12,4.0,1.61,9
Sorrento,8,2,1,5,8,11,-3,7,Italy - Serie C - Group C,0.25,0.38,-3,1.0,4.0,2.63,10
ACR Messina,8,1,1,6,3,12,-9,4,Italy - Serie C - Group C,0.12,0.25,-9,0.38,8.33,4.0,11
Casertana,8,0,3,5,3,9,-6,3,Italy - Serie C - Group C,0.0,0.38,-6,0.38,0.0,2.63,12
Taranto,0,0,0,0,0,0,0,0,Italy - Serie C - Group C,0.0,0.0,0,0.0,0.0,0.0,13
Turris,0,0,0,0,0,0,0,0,Italy - Serie C - Group C,0.0,0.0,0,0.0,0.0,0.0,13
Citta di Varese,8,6,2,0,12,3,9,20,Italy - Serie D - Group A,0.75,1.0,9,1.5,1.33,1.0,1
Bra,8,6,1,1,21,6,15,19,Italy - Serie D - Group A,0.75,0.88,15,2.62,1.33,1.14,2
Gozzano,8,5,3,0,10,4,6,18,Italy - Serie D - Group A,0.62,1.0,6,1.25,1.61,1.0,3
Saluzzo,8,5,1,2,12,7,5,16,Italy - Serie D - Group A,0.62,0.75,5,1.5,1.61,1.33,4
NovaRomentin,8,4,2,2,14,7,7,14,Italy - Serie D - Group A,0.5,0.75,7,1.75,2.0,1.33,5
Pro Imperia,8,3,4,1,13,8,5,13,Italy - Serie D - Group A,0.38,0.88,5,1.62,2.63,1.14,6
Ligorna,8,3,3,2,16,11,5,12,Italy - Serie D - Group A,0.38,0.75,5,2.0,2.63,1.33,7
Lavagnese,8,3,2,3,12,10,2,11,Italy - Serie D - Group A,0.38,0.62,2,1.5,2.63,1.61,8
Vado,8,3,2,3,10,9,1,11,Italy - Serie D - Group A,0.38,0.62,1,1.25,2.63,1.61,8
Vogherese,8,2,5,1,9,8,1,11,Italy - Serie D - Group A,0.25,0.88,1,1.12,4.0,1.14,8
Derthona,8,3,2,3,10,13,-3,11,Italy - Serie D - Group A,0.38,0.62,-3,1.25,2.63,1.61,8
Chisola,8,2,3,3,7,8,-1,9,Italy - Serie D - Group A,0.25,0.62,-1,0.88,4.0,1.61,9
Fossano,8,3,0,5,6,11,-5,9,Italy - Serie D - Group A,0.38,0.38,-5,0.75,2.63,2.63,9
Asti,8,2,2,4,8,9,-1,8,Italy - Serie D - Group A,0.25,0.5,-1,1.0,4.0,2.0,10
Cairese,8,1,4,3,5,7,-2,7,Italy - Serie D - Group A,0.12,0.62,-2,0.62,8.33,1.61,11
Sanremese,8,1,4,3,4,6,-2,7,Italy - Serie D - Group A,0.12,0.62,-2,0.5,8.33,1.61,11
Chieri,8,2,1,5,8,14,-6,7,Italy - Serie D - Group A,0.25,0.38,-6,1.0,4.0,2.63,11
Borgaro Nobis,8,2,1,5,6,13,-7,7,Italy - Serie D - Group A,0.25,0.38,-7,0.75,4.0,2.63,11
Oltrepo,8,0,4,4,5,11,-6,4,Italy - Serie D - Group A,0.0,0.5,-6,0.62,0.0,2.0,12
Albenga,0,0,0,0,0,0,0,0,Italy - Serie D - Group A,0.0,0.0,0,0.0,0.0,0.0,13
Pro Palazzolo,8,5,2,1,16,5,11,17,Italy - Serie D - Group B,0.62,0.88,11,2.0,1.61,1.14,1
USD Casatese,8,5,2,1,7,4,3,17,Italy - Serie D - Group B,0.62,0.88,3,0.88,1.61,1.14,1
F. Caratese,8,5,1,2,18,11,7,16,Italy - Serie D - Group B,0.62,0.75,7,2.25,1.61,1.33,2
Chievo,8,5,1,2,11,8,3,16,Italy - Serie D - Group B,0.62,0.75,3,1.38,1.61,1.33,2
Club Milano,8,5,0,3,12,7,5,15,Italy - Serie D - Group B,0.62,0.62,5,1.5,1.61,1.61,3
Desenxano,8,4,3,1,10,5,5,15,Italy - Serie D - Group B,0.5,0.88,5,1.25,2.0,1.14,3
Varesina,8,4,2,2,10,8,2,14,Italy - Serie D - Group B,0.5,0.75,2,1.25,2.0,1.33,4
Breno,8,3,4,1,12,7,5,13,Italy - Serie D - Group B,0.38,0.88,5,1.5,2.63,1.14,5
Ciliverghe,8,4,1,3,15,13,2,13,Italy - Serie D - Group B,0.5,0.62,2,1.88,2.0,1.61,5
Fanfulla,8,4,1,3,10,9,1,13,Italy - Serie D - Group B,0.5,0.62,1,1.25,2.0,1.61,5
Sangiuliano C.,8,3,3,2,10,9,1,12,Italy - Serie D - Group B,0.38,0.75,1,1.25,2.63,1.33,6
Crema,8,3,2,3,14,10,4,11,Italy - Serie D - Group B,0.38,0.62,4,1.75,2.63,1.61,7
Vigasio,8,3,2,3,12,11,1,11,Italy - Serie D - Group B,0.38,0.62,1,1.5,2.63,1.61,7
Ospitaletto,8,2,4,2,12,9,3,10,Italy - Serie D - Group B,0.25,0.75,3,1.5,4.0,1.33,8
Sondrio,8,2,4,2,9,10,-1,10,Italy - Serie D - Group B,0.25,0.75,-1,1.12,4.0,1.33,8
Pro Sesto,8,1,5,2,7,9,-2,8,Italy - Serie D - Group B,0.12,0.75,-2,0.88,8.33,1.33,9
SantAngelo,8,0,7,1,6,8,-2,7,Italy - Serie D - Group B,0.0,0.88,-2,0.75,0.0,1.14,10
Magenta,8,2,1,5,6,15,-9,7,Italy - Serie D - Group B,0.25,0.38,-9,0.75,4.0,2.63,10
Arconatese,8,1,3,4,4,8,-4,6,Italy - Serie D - Group B,0.12,0.5,-4,0.5,8.33,2.0,11
Castellanzese,8,0,5,3,7,14,-7,5,Italy - Serie D - Group B,0.0,0.62,-7,0.88,0.0,1.61,12
D. Bellunesi,8,6,2,0,16,6,10,20,Italy - Serie D - Group C,0.75,1.0,10,2.0,1.33,1.0,1
Villa Alme,8,5,2,1,18,9,9,17,Italy - Serie D - Group C,0.62,0.88,9,2.25,1.61,1.14,2
Mestre,8,5,2,1,12,8,4,17,Italy - Serie D - Group C,0.62,0.88,4,1.5,1.61,1.14,2
Brian Lignano,8,4,2,2,13,5,8,14,Italy - Serie D - Group C,0.5,0.75,8,1.62,2.0,1.33,3
Adriese,8,3,5,0,12,4,8,14,Italy - Serie D - Group C,0.38,1.0,8,1.5,2.63,1.0,3
Brusaporto,8,4,2,2,16,11,5,14,Italy - Serie D - Group C,0.5,0.75,5,2.0,2.0,1.33,3
Este,8,4,2,2,14,10,4,14,Italy - Serie D - Group C,0.5,0.75,4,1.75,2.0,1.33,3
Bassano Virtus,8,4,2,2,8,6,2,14,Italy - Serie D - Group C,0.5,0.75,2,1.0,2.0,1.33,3
Calvi Noale,8,4,1,3,11,11,0,13,Italy - Serie D - Group C,0.5,0.62,0,1.38,2.0,1.61,4
Real Calepina,8,3,3,2,12,9,3,12,Italy - Serie D - Group C,0.38,0.75,3,1.5,2.63,1.33,5
Luparense,8,2,6,0,10,7,3,12,Italy - Serie D - Group C,0.25,1.0,3,1.25,4.0,1.0,5
Cjarlins Muzane,8,3,3,2,10,8,2,12,Italy - Serie D - Group C,0.38,0.75,2,1.25,2.63,1.33,5
Treviso,8,4,0,4,9,9,0,12,Italy - Serie D - Group C,0.5,0.5,0,1.12,2.0,2.0,5
Montecchio M.,8,2,3,3,7,6,1,9,Italy - Serie D - Group C,0.25,0.62,1,0.88,4.0,1.61,6
Campodarsego,8,2,3,3,9,12,-3,9,Italy - Serie D - Group C,0.25,0.62,-3,1.12,4.0,1.61,6
Ciserano,8,1,4,3,12,13,-1,7,Italy - Serie D - Group C,0.12,0.62,-1,1.5,8.33,1.61,7
Portogruaro,8,1,4,3,3,5,-2,7,Italy - Serie D - Group C,0.12,0.62,-2,0.38,8.33,1.61,7
Caravaggio,8,2,1,5,9,13,-4,7,Italy - Serie D - Group C,0.25,0.38,-4,1.12,4.0,2.63,7
Chions,8,0,5,3,3,7,-4,5,Italy - Serie D - Group C,0.0,0.62,-4,0.38,0.0,1.61,8
Lavis,8,0,2,6,3,20,-17,2,Italy - Serie D - Group C,0.0,0.25,-17,0.38,0.0,4.0,9
Ravenna,8,7,1,0,16,3,13,22,Italy - Serie D - Group D,0.88,1.0,13,2.0,1.14,1.0,1
Forli,8,7,0,1,21,6,15,21,Italy - Serie D - Group D,0.88,0.88,15,2.62,1.14,1.14,2
Pistoiese,8,6,1,1,14,5,9,19,Italy - Serie D - Group D,0.75,0.88,9,1.75,1.33,1.14,3
Tau Altopascio,8,5,1,2,14,9,5,16,Italy - Serie D - Group D,0.62,0.75,5,1.75,1.61,1.33,4
Piacenza,8,4,2,2,10,7,3,14,Italy - Serie D - Group D,0.5,0.75,3,1.25,2.0,1.33,5
Lentigione,8,4,2,2,9,7,2,14,Italy - Serie D - Group D,0.5,0.75,2,1.12,2.0,1.33,5
Prato,8,4,1,3,11,9,2,13,Italy - Serie D - Group D,0.5,0.62,2,1.38,2.0,1.61,6
Sammaurese,8,3,2,3,11,6,5,11,Italy - Serie D - Group D,0.38,0.62,5,1.38,2.63,1.61,7
Imolese,8,3,2,3,11,12,-1,11,Italy - Serie D - Group D,0.38,0.62,-1,1.38,2.63,1.61,7
United Riccione,8,3,2,3,9,14,-5,11,Italy - Serie D - Group D,0.38,0.62,-5,1.12,2.63,1.61,7
Progresso,8,2,4,2,6,4,2,10,Italy - Serie D - Group D,0.25,0.75,2,0.75,4.0,1.33,8
Cittadella Vis,8,3,1,4,9,8,1,10,Italy - Serie D - Group D,0.38,0.5,1,1.12,2.63,2.0,8
Tuttocuoio,8,2,4,2,7,7,0,10,Italy - Serie D - Group D,0.25,0.75,0,0.88,4.0,1.33,8
Corticella,8,3,1,4,7,8,-1,10,Italy - Serie D - Group D,0.38,0.5,-1,0.88,2.63,2.0,8
San Marino C.,8,3,1,4,5,8,-3,10,Italy - Serie D - Group D,0.38,0.5,-3,0.62,2.63,2.0,8
Zenith Prato,8,2,2,4,7,12,-5,8,Italy - Serie D - Group D,0.25,0.5,-5,0.88,4.0,2.0,9
Sasso Marconi,8,1,2,5,8,14,-6,5,Italy - Serie D - Group D,0.12,0.38,-6,1.0,8.33,2.63,10
Fiorenzuola,8,0,1,7,4,13,-9,1,Italy - Serie D - Group D,0.0,0.12,-9,0.5,0.0,8.33,11
Livorno,8,7,1,0,26,7,19,22,Italy - Serie D - Group E,0.88,1.0,19,3.25,1.14,1.0,1
Fulgens Foligno,8,5,2,1,21,12,9,17,Italy - Serie D - Group E,0.62,0.88,9,2.62,1.61,1.14,2
Grosseto,8,4,3,1,9,5,4,15,Italy - Serie D - Group E,0.5,0.88,4,1.12,2.0,1.14,3
Sangiovannese,8,3,2,3,8,5,3,11,Italy - Serie D - Group E,0.38,0.62,3,1.0,2.63,1.61,4
Figline,8,3,2,3,7,6,1,11,Italy - Serie D - Group E,0.38,0.62,1,0.88,2.63,1.61,4
Seravezza,8,3,2,3,10,10,0,11,Italy - Serie D - Group E,0.38,0.62,0,1.25,2.63,1.61,4
San Donato,8,3,2,3,6,6,0,11,Italy - Serie D - Group E,0.38,0.62,0,0.75,2.63,1.61,4
Ostia Mare,8,3,2,3,10,11,-1,11,Italy - Serie D - Group E,0.38,0.62,-1,1.25,2.63,1.61,4
Gavorrano,8,2,3,3,10,10,0,9,Italy - Serie D - Group E,0.25,0.62,0,1.25,4.0,1.61,5
FC Siena,8,2,3,3,6,6,0,9,Italy - Serie D - Group E,0.25,0.62,0,0.75,4.0,1.61,5
Fezzanese,8,2,3,3,9,11,-2,9,Italy - Serie D - Group E,0.25,0.62,-2,1.12,4.0,1.61,5
Ghiviborgo,8,3,0,5,18,21,-3,9,Italy - Serie D - Group E,0.38,0.38,-3,2.25,2.63,2.63,5
Orvietana,8,2,2,4,7,9,-2,8,Italy - Serie D - Group E,0.25,0.5,-2,0.88,4.0,2.0,6
Montevarchi,8,2,2,4,7,10,-3,8,Italy - Serie D - Group E,0.25,0.5,-3,0.88,4.0,2.0,6
Poggibonsi,8,2,1,5,8,11,-3,7,Italy - Serie D - Group E,0.25,0.38,-3,1.0,4.0,2.63,7
T. Traiana,8,1,4,3,4,7,-3,7,Italy - Serie D - Group E,0.12,0.62,-3,0.5,8.33,1.61,7
S. Trestina,8,1,4,3,7,14,-7,7,Italy - Serie D - Group E,0.12,0.62,-7,0.88,8.33,1.61,7
Flaminia,8,1,2,5,7,11,-4,5,Italy - Serie D - Group E,0.12,0.38,-4,0.88,8.33,2.63,8
Sambenedettese,8,6,2,0,15,4,11,20,Italy - Serie D - Group F,0.75,1.0,11,1.88,1.33,1.0,1
LAquila,8,5,2,1,13,5,8,17,Italy - Serie D - Group F,0.62,0.88,8,1.62,1.61,1.14,2
Teramo,8,4,2,2,12,6,6,14,Italy - Serie D - Group F,0.5,0.75,6,1.5,2.0,1.33,3
Castelfidardo,8,4,1,3,11,6,5,13,Italy - Serie D - Group F,0.5,0.62,5,1.38,2.0,1.61,4
Avezzano,8,3,4,1,7,5,2,13,Italy - Serie D - Group F,0.38,0.88,2,0.88,2.63,1.14,4
Recanatese,8,3,3,2,16,19,-3,12,Italy - Serie D - Group F,0.38,0.75,-3,2.0,2.63,1.33,5
Ancona 1905,8,3,2,3,8,8,0,11,Italy - Serie D - Group F,0.38,0.62,0,1.0,2.63,1.61,6
Chieti,8,3,2,3,11,12,-1,11,Italy - Serie D - Group F,0.38,0.62,-1,1.38,2.63,1.61,6
Fossombrone,8,2,4,2,13,11,2,10,Italy - Serie D - Group F,0.25,0.75,2,1.62,4.0,1.33,7
V. Senigallia,8,2,4,2,8,10,-2,10,Italy - Serie D - Group F,0.25,0.75,-2,1.0,4.0,1.33,7
Atletico Ascoli,8,2,3,3,10,10,0,9,Italy - Serie D - Group F,0.25,0.62,0,1.25,4.0,1.61,8
Sora,8,2,3,3,6,6,0,9,Italy - Serie D - Group F,0.25,0.62,0,0.75,4.0,1.61,8
Civitanovese,8,1,5,2,4,4,0,8,Italy - Serie D - Group F,0.12,0.75,0,0.5,8.33,1.33,9
Roma City,8,2,2,4,7,8,-1,8,Italy - Serie D - Group F,0.25,0.5,-1,0.88,4.0,2.0,9
San Nicolo,8,2,2,4,4,6,-2,8,Italy - Serie D - Group F,0.25,0.5,-2,0.5,4.0,2.0,9
Termoli Calcio,8,1,4,3,7,9,-2,7,Italy - Serie D - Group F,0.12,0.62,-2,0.88,8.33,1.61,10
Fermana,8,1,4,3,8,11,-3,7,Italy - Serie D - Group F,0.12,0.62,-3,1.0,8.33,1.61,10
Isernia,8,0,3,5,2,15,-13,3,Italy - Serie D - Group F,0.0,0.38,-13,0.25,0.0,2.63,11
Gelbison,8,7,1,0,18,6,12,22,Italy - Serie D - Group G,0.88,1.0,12,2.25,1.14,1.0,1
Cassino,8,6,2,0,14,3,11,20,Italy - Serie D - Group G,0.75,1.0,11,1.75,1.33,1.0,2
Olbia,8,6,2,0,15,6,9,20,Italy - Serie D - Group G,0.75,1.0,9,1.88,1.33,1.0,2
Guidonia,8,5,2,1,14,5,9,17,Italy - Serie D - Group G,0.62,0.88,9,1.75,1.61,1.14,3
Trastevere,8,5,2,1,17,9,8,17,Italy - Serie D - Group G,0.62,0.88,8,2.12,1.61,1.14,3
Savoia,8,5,1,2,14,6,8,16,Italy - Serie D - Group G,0.62,0.75,8,1.75,1.61,1.33,4
CynthiAlbalonga,8,5,1,2,15,8,7,16,Italy - Serie D - Group G,0.62,0.75,7,1.88,1.61,1.33,4
Sarnese,8,5,1,2,19,13,6,16,Italy - Serie D - Group G,0.62,0.75,6,2.38,1.61,1.33,4
Puteolana,8,5,1,2,13,7,6,16,Italy - Serie D - Group G,0.62,0.75,6,1.62,1.61,1.33,4
Latte Dolce,8,5,0,3,17,8,9,15,Italy - Serie D - Group G,0.62,0.62,9,2.12,1.61,1.61,5
Paganese,8,4,3,1,6,3,3,15,Italy - Serie D - Group G,0.5,0.88,3,0.75,2.0,1.14,5
A. Lodigiani,8,3,3,2,12,8,4,12,Italy - Serie D - Group G,0.38,0.75,4,1.5,2.63,1.33,6
Atletico Uri,8,3,3,2,11,8,3,12,Italy - Serie D - Group G,0.38,0.75,3,1.38,2.63,1.33,6
Ilvamaddalena,8,3,3,2,10,7,3,12,Italy - Serie D - Group G,0.38,0.75,3,1.25,2.63,1.33,6
S. Ogliastra,8,3,2,3,9,11,-2,11,Italy - Serie D - Group G,0.38,0.62,-2,1.12,2.63,1.61,7
R. Monterotondo,8,2,3,3,10,8,2,9,Italy - Serie D - Group G,0.25,0.62,2,1.25,4.0,1.61,8
Anzio,8,2,3,3,10,14,-4,9,Italy - Serie D - Group G,0.25,0.62,-4,1.25,4.0,1.61,8
Terracina,8,1,1,6,4,14,-10,4,Italy - Serie D - Group G,0.12,0.25,-10,0.5,8.33,4.0,9
Martina Franca,8,7,1,0,18,4,14,22,Italy - Serie D - Group H,0.88,1.0,14,2.25,1.14,1.0,1
Citta di Fasano,8,6,1,1,15,4,11,19,Italy - Serie D - Group H,0.75,0.88,11,1.88,1.33,1.14,2
Fidelis Andria,8,6,1,1,9,3,6,19,Italy - Serie D - Group H,0.75,0.88,6,1.12,1.33,1.14,2
Casarano,8,5,3,0,13,4,9,18,Italy - Serie D - Group H,0.62,1.0,9,1.62,1.61,1.0,3
Ugento,8,5,1,2,15,6,9,16,Italy - Serie D - Group H,0.62,0.75,9,1.88,1.61,1.33,4
Nocerina,8,4,4,0,12,4,8,16,Italy - Serie D - Group H,0.5,1.0,8,1.5,2.0,1.0,4
Matera,8,4,4,0,11,4,7,16,Italy - Serie D - Group H,0.5,1.0,7,1.38,2.0,1.0,4
Brindisi,8,4,3,1,16,9,7,15,Italy - Serie D - Group H,0.5,0.88,7,2.0,2.0,1.14,5
Ischia,8,4,3,1,16,12,4,15,Italy - Serie D - Group H,0.5,0.88,4,2.0,2.0,1.14,5
Real Acerrana,8,4,3,1,13,10,3,15,Italy - Serie D - Group H,0.5,0.88,3,1.62,2.0,1.14,5
Manfredonia,8,3,4,1,11,7,4,13,Italy - Serie D - Group H,0.38,0.88,4,1.38,2.63,1.14,6
Francavilla,8,4,0,4,12,10,2,12,Italy - Serie D - Group H,0.5,0.5,2,1.5,2.0,2.0,7
Nardo,8,3,2,3,10,5,5,11,Italy - Serie D - Group H,0.38,0.62,5,1.25,2.63,1.61,8
V. Francavilla,8,2,4,2,11,12,-1,10,Italy - Serie D - Group H,0.25,0.75,-1,1.38,4.0,1.33,9
USD Palmese,8,3,1,4,7,10,-3,10,Italy - Serie D - Group H,0.38,0.5,-3,0.88,2.63,2.0,9
Gravina,8,3,1,4,9,13,-4,10,Italy - Serie D - Group H,0.38,0.5,-4,1.12,2.63,2.0,9
Costa DAmalfi,8,1,4,3,8,15,-7,7,Italy - Serie D - Group H,0.12,0.62,-7,1.0,8.33,1.61,10
Angri Calcio,8,1,1,6,5,15,-10,4,Italy - Serie D - Group H,0.12,0.25,-10,0.62,8.33,4.0,11
Siracusa,8,7,0,1,26,4,22,21,Italy - Serie D - Group I,0.88,0.88,22,3.25,1.14,1.14,1
Reggina,8,6,1,1,20,7,13,19,Italy - Serie D - Group I,0.75,0.88,13,2.5,1.33,1.14,2
Sambiase,8,6,1,1,15,7,8,19,Italy - Serie D - Group I,0.75,0.88,8,1.88,1.33,1.14,2
Nissa,8,5,3,0,13,4,9,18,Italy - Serie D - Group I,0.62,1.0,9,1.62,1.61,1.0,3
Igea Virtus,8,5,1,2,16,9,7,16,Italy - Serie D - Group I,0.62,0.75,7,2.0,1.61,1.33,4
Acireale,8,5,0,3,14,12,2,15,Italy - Serie D - Group I,0.62,0.62,2,1.75,1.61,1.61,5
Scafatese,8,4,2,2,13,6,7,14,Italy - Serie D - Group I,0.5,0.75,7,1.62,2.0,1.33,6
Sancataldese,8,3,4,1,11,7,4,13,Italy - Serie D - Group I,0.38,0.88,4,1.38,2.63,1.14,7
Ragusa,8,3,2,3,9,7,2,11,Italy - Serie D - Group I,0.38,0.62,2,1.12,2.63,1.61,8
Pompei,8,3,2,3,7,10,-3,11,Italy - Serie D - Group I,0.38,0.62,-3,0.88,2.63,1.61,8
Paterno,8,2,4,2,4,5,-1,10,Italy - Serie D - Group I,0.25,0.75,-1,0.5,4.0,1.33,9
Vibonese,8,3,0,5,12,8,4,9,Italy - Serie D - Group I,0.38,0.38,4,1.5,2.63,2.63,10
CastrumFavara,8,1,3,4,6,10,-4,6,Italy - Serie D - Group I,0.12,0.5,-4,0.75,8.33,2.0,11
Locri 1909,8,1,3,4,9,14,-5,6,Italy - Serie D - Group I,0.12,0.5,-5,1.12,8.33,2.0,11
Enna,8,0,6,2,6,11,-5,6,Italy - Serie D - Group I,0.0,0.75,-5,0.75,0.0,1.33,11
Licata,8,2,0,6,6,15,-9,6,Italy - Serie D - Group I,0.25,0.25,-9,0.75,4.0,4.0,11
CD S. Agata,8,0,5,3,9,12,-3,5,Italy - Serie D - Group I,0.0,0.62,-3,1.12,0.0,1.61,12
Akragas,8,1,2,5,5,11,-6,5,Italy - Serie D - Group I,0.12,0.38,-6,0.62,8.33,2.63,12
Inter Milan U20,8,6,1,1,21,11,10,19,Italy - Primavera 1,0.75,0.88,10,2.62,1.33,1.14,1
Cremonese U20,8,5,2,1,13,5,8,17,Italy - Primavera 1,0.62,0.88,8,1.62,1.61,1.14,2
Cagliari U20,8,5,2,1,12,5,7,17,Italy - Primavera 1,0.62,0.88,7,1.5,1.61,1.14,2
Lecce U20,8,5,1,2,12,7,5,16,Italy - Primavera 1,0.62,0.75,5,1.5,1.61,1.33,3
Roma U20,8,5,1,2,12,7,5,16,Italy - Primavera 1,0.62,0.75,5,1.5,1.61,1.33,3
Monza U20,8,5,0,3,18,13,5,15,Italy - Primavera 1,0.62,0.62,5,2.25,1.61,1.61,4
Juventus U20,8,5,0,3,16,15,1,15,Italy - Primavera 1,0.62,0.62,1,2.0,1.61,1.61,4
Fiorentina U20,8,4,2,2,17,12,5,14,Italy - Primavera 1,0.5,0.75,5,2.12,2.0,1.33,5
Cesena U20,8,4,2,2,21,17,4,14,Italy - Primavera 1,0.5,0.75,4,2.62,2.0,1.33,5
Lazio U20,8,4,2,2,13,10,3,14,Italy - Primavera 1,0.5,0.75,3,1.62,2.0,1.33,5
Sassuolo U20,8,4,2,2,12,9,3,14,Italy - Primavera 1,0.5,0.75,3,1.5,2.0,1.33,5
Milan U20,8,3,2,3,9,8,1,11,Italy - Primavera 1,0.38,0.62,1,1.12,2.63,1.61,6
Atalanta U20,8,3,1,4,11,11,0,10,Italy - Primavera 1,0.38,0.5,0,1.38,2.63,2.0,7
Sampdoria U20,8,2,3,3,15,13,2,9,Italy - Primavera 1,0.25,0.62,2,1.88,4.0,1.61,8
Genoa U20,8,2,2,4,10,12,-2,8,Italy - Primavera 1,0.25,0.5,-2,1.25,4.0,2.0,9
H. Verona U20,8,2,2,4,10,13,-3,8,Italy - Primavera 1,0.25,0.5,-3,1.25,4.0,2.0,9
Torino U20,8,2,1,5,7,13,-6,7,Italy - Primavera 1,0.25,0.38,-6,0.88,4.0,2.63,10
Bologna U20,8,1,3,4,7,12,-5,6,Italy - Primavera 1,0.12,0.5,-5,0.88,8.33,2.0,11
Udinese U20,8,1,3,4,8,19,-11,6,Italy - Primavera 1,0.12,0.5,-11,1.0,8.33,2.0,11
Empoli U20,8,1,2,5,5,9,-4,5,Italy - Primavera 1,0.12,0.38,-4,0.62,8.33,2.63,12
Mount Pleasant,8,8,0,0,21,1,20,24,Jamaica - Premier League,1.0,1.0,20,2.62,1.0,1.0,1
Montego Bay,8,6,2,0,15,5,10,20,Jamaica - Premier League,0.75,1.0,10,1.88,1.33,1.0,2
Arnett Gardens,8,4,4,0,16,7,9,16,Jamaica - Premier League,0.5,1.0,9,2.0,2.0,1.0,3
Tivoli Gardens,8,4,2,2,17,10,7,14,Jamaica - Premier League,0.5,0.75,7,2.12,2.0,1.33,4
Portmore Utd,8,3,5,0,10,4,6,14,Jamaica - Premier League,0.38,1.0,6,1.25,2.63,1.0,4
Racing United,8,4,2,2,11,9,2,14,Jamaica - Premier League,0.5,0.75,2,1.38,2.0,1.33,4
Harbour View,8,3,3,2,12,7,5,12,Jamaica - Premier League,0.38,0.75,5,1.5,2.63,1.33,5
Dunbeholden,8,3,2,3,9,11,-2,11,Jamaica - Premier League,0.38,0.62,-2,1.12,2.63,1.61,6
Humble Lions,8,3,2,3,9,11,-2,11,Jamaica - Premier League,0.38,0.62,-2,1.12,2.63,1.61,6
Cavalier,8,1,5,2,10,11,-1,8,Jamaica - Premier League,0.12,0.75,-1,1.25,8.33,1.33,7
Waterhouse,8,2,2,4,6,14,-8,8,Jamaica - Premier League,0.25,0.5,-8,0.75,4.0,2.0,7
Molynes Utd,8,2,1,5,8,17,-9,7,Jamaica - Premier League,0.25,0.38,-9,1.0,4.0,2.63,8
Vere Utd,8,1,1,6,5,15,-10,4,Jamaica - Premier League,0.12,0.25,-10,0.62,8.33,4.0,9
Chapelton,8,0,2,6,4,15,-11,2,Jamaica - Premier League,0.0,0.25,-11,0.5,0.0,4.0,10
Kashima Antlers,4,3,1,0,9,2,7,10,Japan - J1 League,0.75,1.0,7,2.25,1.33,1.0,1
Fagiano Okayama,4,2,2,0,5,1,4,8,Japan - J1 League,0.5,1.0,4,1.25,2.0,1.0,2
S. Hiroshima,3,2,1,0,3,1,2,7,Japan - J1 League,0.67,1.0,2,1.0,1.49,1.0,3
Yokohama M.,4,1,3,0,4,2,2,6,Japan - J1 League,0.25,1.0,2,1.0,4.0,1.0,4
Shonan Bellmare,3,2,0,1,4,3,1,6,Japan - J1 League,0.67,0.67,1,1.33,1.49,1.49,4
Yokohama FC,4,2,0,2,3,3,0,6,Japan - J1 League,0.5,0.5,0,0.75,2.0,2.0,4
Gamba Osaka,3,2,0,1,5,6,-1,6,Japan - J1 League,0.67,0.67,-1,1.67,1.49,1.49,4
Shimizu S-Pulse,3,1,1,1,4,3,1,4,Japan - J1 League,0.33,0.67,1,1.33,3.03,1.49,5
FC Tokyo,3,1,1,1,3,2,1,4,Japan - J1 League,0.33,0.67,1,1.0,3.03,1.49,5
Kashiwa Reysol,3,1,1,1,4,5,-1,4,Japan - J1 League,0.33,0.67,-1,1.33,3.03,1.49,5
K. Frontale,2,1,0,1,4,1,3,3,Japan - J1 League,0.5,0.5,3,2.0,2.0,2.0,6
Avispa Fukuoka,3,1,0,2,2,3,-1,3,Japan - J1 League,0.33,0.33,-1,0.67,3.03,3.03,6
Machida Zelvia,3,1,0,2,2,3,-1,3,Japan - J1 League,0.33,0.33,-1,0.67,3.03,3.03,6
Tokyo Verdy,3,1,0,2,2,3,-1,3,Japan - J1 League,0.33,0.33,-1,0.67,3.03,3.03,6
Urawa RD,2,1,0,1,1,2,-1,3,Japan - J1 League,0.5,0.5,-1,0.5,2.0,2.0,6
Albirex Niigata,2,0,2,0,4,4,0,2,Japan - J1 League,0.0,1.0,0,2.0,0.0,1.0,7
Vissel Kobe,3,0,2,1,1,2,-1,2,Japan - J1 League,0.0,0.67,-1,0.33,0.0,1.49,7
Nagoya G.,2,0,1,1,3,4,-1,1,Japan - J1 League,0.0,0.5,-1,1.5,0.0,2.0,8
Cerezo Osaka,2,0,1,1,2,3,-1,1,Japan - J1 League,0.0,0.5,-1,1.0,0.0,2.0,8
Kyoto Sanga,2,0,1,1,1,2,-1,1,Japan - J1 League,0.0,0.5,-1,0.5,0.0,2.0,8
JEF Utd Chiba,3,3,0,0,10,3,7,9,japan2,1.0,1.0,7,3.33,1.0,1.0,1
Jubilo Iwata,3,3,0,0,6,3,3,9,japan2,1.0,1.0,3,2.0,1.0,1.0,1
Omiya Ardija,3,3,0,0,5,2,3,9,japan2,1.0,1.0,3,1.67,1.0,1.0,1
V-V. Nagasaki,3,3,0,0,5,2,3,9,japan2,1.0,1.0,3,1.67,1.0,1.0,1
Kataller Toyama,2,2,0,0,5,1,4,6,japan2,1.0,1.0,4,2.5,1.0,1.0,2
Fujieda MYFC,3,2,0,1,4,3,1,6,japan2,0.67,0.67,1,1.33,1.49,1.49,2
R. Yamaguchi,3,1,2,0,5,3,2,5,japan2,0.33,1.0,2,1.67,3.03,1.0,3
Oita Trinita,3,1,2,0,2,0,2,5,japan2,0.33,1.0,2,0.67,3.03,1.0,3
Mito Hollyhock,3,1,2,0,4,3,1,5,japan2,0.33,1.0,1,1.33,3.03,1.0,3
Vegalta Sendai,2,1,1,0,3,1,2,4,japan2,0.5,1.0,2,1.5,2.0,1.0,4
Ventforet Kofu,2,1,1,0,4,3,1,4,japan2,0.5,1.0,1,2.0,2.0,1.0,4
Tokushima V.,2,1,1,0,1,0,1,4,japan2,0.5,1.0,1,0.5,2.0,1.0,4
M. Yamagata,1,1,0,0,4,2,2,3,japan2,1.0,1.0,2,4.0,1.0,1.0,5
R. Kumamoto,3,1,0,2,4,7,-3,3,japan2,0.33,0.33,-3,1.33,3.03,3.03,5
Sagan Tosu,3,1,0,2,2,5,-3,3,japan2,0.33,0.33,-3,0.67,3.03,3.03,5
FC Imabari,3,0,2,1,0,1,-1,2,japan2,0.0,0.67,-1,0.0,0.0,1.49,6
Iwaki,3,0,2,1,2,4,-2,2,japan2,0.0,0.67,-2,0.67,0.0,1.49,6
Blaublitz Akita,1,0,0,1,1,3,-2,0,japan2,0.0,0.0,-2,1.0,0.0,0.0,7
C. Sapporo,1,0,0,1,1,3,-2,0,japan2,0.0,0.0,-2,1.0,0.0,0.0,7
Ehime FC,3,0,0,3,3,6,-3,0,japan2,0.0,0.0,-3,1.0,0.0,0.0,7
G. Kitakyushu,3,3,0,0,5,0,5,9,japan3,1.0,1.0,5,1.67,1.0,1.0,1
Kusatsu,3,2,1,0,4,0,4,7,japan3,0.67,1.0,4,1.33,1.49,1.0,2
Kamatamare S.,3,2,1,0,4,1,3,7,japan3,0.67,1.0,3,1.33,1.49,1.0,2
Nara Club,3,2,1,0,6,4,2,7,japan3,0.67,1.0,2,2.0,1.49,1.0,2
Tochigi City,3,2,1,0,5,3,2,7,japan3,0.67,1.0,2,1.67,1.49,1.0,2
Tochigi SC,3,2,0,1,3,2,1,6,japan3,0.67,0.67,1,1.0,1.49,1.49,3
AC Numazu,3,1,2,0,4,1,3,5,japan3,0.33,1.0,3,1.33,3.03,1.0,4
Kagoshima Utd,3,1,1,1,7,5,2,4,japan3,0.33,0.67,2,2.33,3.03,1.49,5
T. Miyazaki,3,1,1,1,3,2,1,4,japan3,0.33,0.67,1,1.0,3.03,1.49,5
Osaka,2,1,1,0,2,1,1,4,japan3,0.5,1.0,1,1.0,2.0,1.0,5
SC Sagamihara,3,1,1,1,2,3,-1,4,japan3,0.33,0.67,-1,0.67,3.03,1.49,5
Fukushima Utd,1,1,0,0,4,3,1,3,japan3,1.0,1.0,1,4.0,1.0,1.0,6
Nagano Parceiro,2,1,0,1,4,4,0,3,japan3,0.5,0.5,0,2.0,2.0,2.0,6
Gifu,2,1,0,1,2,2,0,3,japan3,0.5,0.5,0,1.0,2.0,2.0,6
Kochi United,3,0,2,1,3,4,-1,2,japan3,0.0,0.67,-1,1.0,0.0,1.49,7
Gainare Tottori,1,0,1,0,1,1,0,1,japan3,0.0,1.0,0,1.0,0.0,1.0,8
Matsumoto Y.,0,0,0,0,0,0,0,0,japan3,0.0,0.0,0,0.0,0.0,0.0,9
V. Hachinohe,1,0,0,1,1,2,-1,0,japan3,0.0,0.0,-1,1.0,0.0,0.0,9
Z. Kanazawa,1,0,0,1,1,2,-1,0,japan3,0.0,0.0,-1,1.0,0.0,0.0,9
FC Ryukyu,2,0,0,2,0,2,-2,0,japan3,0.0,0.0,-2,0.0,0.0,0.0,9
Al Wihdat,7,6,1,0,17,7,10,19,jordan,0.86,1.0,10,2.43,1.16,1.0,1
Al Hussein,7,6,1,0,13,3,10,19,jordan,0.86,1.0,10,1.86,1.16,1.0,1
Al Jazeera,7,5,1,1,18,10,8,16,jordan,0.71,0.86,8,2.57,1.41,1.16,2
Al Faysali,8,4,4,0,15,9,6,16,jordan,0.5,1.0,6,1.88,2.0,1.0,2
Shabab Al Ordon,8,4,2,2,9,9,0,14,jordan,0.5,0.75,0,1.12,2.0,1.33,3
Al Salt,8,4,1,3,13,10,3,13,jordan,0.5,0.62,3,1.62,2.0,1.61,4
Al Ramtha,8,3,2,3,5,10,-5,11,jordan,0.38,0.62,-5,0.62,2.63,1.61,5
Al Ahli,7,3,0,4,9,9,0,9,jordan,0.43,0.43,0,1.29,2.33,2.33,6
Maan,8,2,2,4,9,15,-6,8,jordan,0.25,0.5,-6,1.12,4.0,2.0,7
Al Sareeh,7,1,4,2,10,11,-1,7,jordan,0.14,0.71,-1,1.43,7.14,1.41,8
Aqaba,8,2,1,5,7,13,-6,7,jordan,0.25,0.38,-6,0.88,4.0,2.63,8
Moghayer Al S.,8,0,1,7,3,16,-13,1,jordan,0.0,0.12,-13,0.38,0.0,8.33,9
Kairat Almaty,1,1,0,0,4,0,4,3,kazakhstan,1.0,1.0,4,4.0,1.0,1.0,1
Tobol,1,1,0,0,2,0,2,3,kazakhstan,1.0,1.0,2,2.0,1.0,1.0,1
Turan,1,1,0,0,2,0,2,3,kazakhstan,1.0,1.0,2,2.0,1.0,1.0,1
Yelimay Semey,1,1,0,0,2,0,2,3,kazakhstan,1.0,1.0,2,2.0,1.0,1.0,1
Aktobe,1,1,0,0,2,1,1,3,kazakhstan,1.0,1.0,1,2.0,1.0,1.0,1
Atyrau,1,1,0,0,2,1,1,3,kazakhstan,1.0,1.0,1,2.0,1.0,1.0,1
Okzhetpes,1,1,0,0,2,1,1,3,kazakhstan,1.0,1.0,1,2.0,1.0,1.0,1
FC Astana,1,0,1,0,1,1,0,1,kazakhstan,0.0,1.0,0,1.0,0.0,1.0,2
Kaisar K.,1,0,1,0,0,0,0,1,kazakhstan,0.0,1.0,0,0.0,0.0,1.0,2
Ordabasy,1,0,1,0,0,0,0,1,kazakhstan,0.0,1.0,0,0.0,0.0,1.0,2
Zhenys,1,0,1,0,0,0,0,1,kazakhstan,0.0,1.0,0,0.0,0.0,1.0,2
Zhetysu,1,0,1,0,0,0,0,1,kazakhstan,0.0,1.0,0,0.0,0.0,1.0,2
Kyzylzhar,2,0,1,1,1,3,-2,1,kazakhstan,0.0,0.5,-2,0.5,0.0,2.0,2
Ulytau,0,0,0,0,0,0,0,0,kazakhstan,0.0,0.0,0,0.0,0.0,0.0,3
Drita,8,8,0,0,19,4,15,24,kosovo,1.0,1.0,15,2.38,1.0,1.0,1
Malisheva,8,5,2,1,15,8,7,17,kosovo,0.62,0.88,7,1.88,1.61,1.14,2
Ferizaj,8,5,2,1,14,8,6,17,kosovo,0.62,0.88,6,1.75,1.61,1.14,2
Ballkani,8,4,3,1,12,9,3,15,kosovo,0.5,0.88,3,1.5,2.0,1.14,3
Dukagjini,8,4,3,1,7,4,3,15,kosovo,0.5,0.88,3,0.88,2.0,1.14,3
Gjilani,8,4,1,3,9,8,1,13,kosovo,0.5,0.62,1,1.12,2.0,1.61,4
Suhareka,8,3,1,4,11,10,1,10,kosovo,0.38,0.5,1,1.38,2.63,2.0,5
Feronikeli,8,3,1,4,6,12,-6,10,kosovo,0.38,0.5,-6,0.75,2.63,2.0,5
Llapi,8,1,6,1,5,5,0,9,kosovo,0.12,0.88,0,0.62,8.33,1.14,6
Prishtina,8,0,7,1,9,10,-1,7,kosovo,0.0,0.88,-1,1.12,0.0,1.14,7
Al Kuwait,8,8,0,0,27,1,26,24,kuwait,1.0,1.0,26,3.38,1.0,1.0,1
Al Arabi SC,7,6,1,0,11,3,8,19,kuwait,0.86,1.0,8,1.57,1.16,1.0,2
Al Qadsia,8,6,0,2,16,10,6,18,kuwait,0.75,0.75,6,2.0,1.33,1.33,3
Al Fahaheel,8,5,1,2,18,9,9,16,kuwait,0.62,0.75,9,2.25,1.61,1.33,4
Al Salmiyah,8,4,1,3,15,14,1,13,kuwait,0.5,0.62,1,1.88,2.0,1.61,5
Al Tadhamon,8,4,1,3,10,14,-4,13,kuwait,0.5,0.62,-4,1.25,2.0,1.61,5
Kazma,8,3,3,2,12,9,3,12,kuwait,0.38,0.75,3,1.5,2.63,1.33,6
Khaitan,8,1,4,3,7,13,-6,7,kuwait,0.12,0.62,-6,0.88,8.33,1.61,7
Al Nasar,8,1,2,5,8,17,-9,5,kuwait,0.12,0.38,-9,1.0,8.33,2.63,8
Yarmouk,8,0,3,5,6,17,-11,3,kuwait,0.0,0.38,-11,0.75,0.0,2.63,9
Liepaja,2,1,1,0,4,0,4,4,latvia,0.5,1.0,4,2.0,2.0,1.0,1
Riga FC,2,1,1,0,4,2,2,4,latvia,0.5,1.0,2,2.0,2.0,1.0,1
Grobina,2,1,1,0,4,3,1,4,latvia,0.5,1.0,1,2.0,2.0,1.0,1
Super Nova,1,1,0,0,4,0,4,3,latvia,1.0,1.0,4,4.0,1.0,1.0,2
Daugavpils,2,1,0,1,4,2,2,3,latvia,0.5,0.5,2,2.0,2.0,2.0,2
RFS,1,1,0,0,1,0,1,3,latvia,1.0,1.0,1,1.0,1.0,1.0,2
FS Jelgava,1,0,1,0,1,1,0,1,latvia,0.0,1.0,0,1.0,0.0,1.0,3
Metta,0,0,0,0,0,0,0,0,latvia,0.0,0.0,0,0.0,0.0,0.0,4
Tukums,0,0,0,0,0,0,0,0,latvia,0.0,0.0,0,0.0,0.0,0.0,4
Auda,1,0,0,1,1,2,-1,0,latvia,0.0,0.0,-1,1.0,0.0,0.0,4
Hegelmann L.,2,2,0,0,3,1,2,6,lithuania,1.0,1.0,2,1.5,1.0,1.0,1
Zalgiris,2,1,1,0,3,2,1,4,lithuania,0.5,1.0,1,1.5,2.0,1.0,2
Banga,1,1,0,0,2,0,2,3,lithuania,1.0,1.0,2,2.0,1.0,1.0,3
Suduva,1,1,0,0,1,0,1,3,lithuania,1.0,1.0,1,1.0,1.0,1.0,3
Siauliai,1,0,1,0,2,2,0,1,lithuania,0.0,1.0,0,2.0,0.0,1.0,4
Riteriai,2,0,1,1,6,7,-1,1,lithuania,0.0,0.5,-1,3.0,0.0,2.0,4
Dziugas Telsiai,0,0,0,0,0,0,0,0,lithuania,0.0,0.0,0,0.0,0.0,0.0,5
Kauno Zalgiris,1,0,0,1,1,2,-1,0,lithuania,0.0,0.0,-1,1.0,0.0,0.0,5
Panevezys,1,0,0,1,1,3,-2,0,lithuania,0.0,0.0,-2,1.0,0.0,0.0,5
Dainava,2,0,0,2,1,5,-4,0,lithuania,0.0,0.0,-4,0.5,0.0,0.0,5
TransINVEST,2,2,0,0,5,0,5,6,lithuania2,1.0,1.0,5,2.5,1.0,1.0,1
Tauras,1,1,0,0,6,0,6,3,lithuania2,1.0,1.0,6,6.0,1.0,1.0,2
Neptuna K.,1,1,0,0,5,1,4,3,lithuania2,1.0,1.0,4,5.0,1.0,1.0,2
Atmosfera,1,1,0,0,1,0,1,3,lithuania2,1.0,1.0,1,1.0,1.0,1.0,2
Babrungas,1,1,0,0,1,0,1,3,lithuania2,1.0,1.0,1,1.0,1.0,1.0,2
Kauno Z. B,1,1,0,0,1,0,1,3,lithuania2,1.0,1.0,1,1.0,1.0,1.0,2
Be1 NFA,1,0,1,0,1,1,0,1,lithuania2,0.0,1.0,0,1.0,0.0,1.0,3
Nevezis,1,0,1,0,1,1,0,1,lithuania2,0.0,1.0,0,1.0,0.0,1.0,3
BFA Vilnius,0,0,0,0,0,0,0,0,lithuania2,0.0,0.0,0,0.0,0.0,0.0,4
Hegelmann B,0,0,0,0,0,0,0,0,lithuania2,0.0,0.0,0,0.0,0.0,0.0,4
Siauliai B,0,0,0,0,0,0,0,0,lithuania2,0.0,0.0,0,0.0,0.0,0.0,4
Zalgiris B,0,0,0,0,0,0,0,0,lithuania2,0.0,0.0,0,0.0,0.0,0.0,4
Jonava,1,0,0,1,0,1,-1,0,lithuania2,0.0,0.0,-1,0.0,0.0,0.0,4
Ekranas,1,0,0,1,0,2,-2,0,lithuania2,0.0,0.0,-2,0.0,0.0,0.0,4
Panevezys B,1,0,0,1,0,3,-3,0,lithuania2,0.0,0.0,-3,0.0,0.0,0.0,4
Minija,1,0,0,1,0,4,-4,0,lithuania2,0.0,0.0,-4,0.0,0.0,0.0,4
Differdange,8,7,1,0,18,1,17,22,luxembourg,0.88,1.0,17,2.25,1.14,1.0,1
Hesperange,8,6,2,0,16,0,16,20,luxembourg,0.75,1.0,16,2.0,1.33,1.0,2
Racing,8,6,1,1,15,6,9,19,luxembourg,0.75,0.88,9,1.88,1.33,1.14,3
Jeunesse Esch,8,5,2,1,19,13,6,17,luxembourg,0.62,0.88,6,2.38,1.61,1.14,4
UNA Strassen,8,5,1,2,18,6,12,16,luxembourg,0.62,0.75,12,2.25,1.61,1.33,5
Dudelange,8,5,1,2,20,11,9,16,luxembourg,0.62,0.75,9,2.5,1.61,1.33,5
Niedercorn,8,4,3,1,17,10,7,15,luxembourg,0.5,0.88,7,2.12,2.0,1.14,6
Mondorf,8,3,3,2,13,12,1,12,luxembourg,0.38,0.75,1,1.62,2.63,1.33,7
Wiltz,8,3,2,3,12,10,2,11,luxembourg,0.38,0.62,2,1.5,2.63,1.61,8
Hostert,8,3,2,3,12,18,-6,11,luxembourg,0.38,0.62,-6,1.5,2.63,1.61,8
V. Rosport,8,2,3,3,6,9,-3,9,luxembourg,0.25,0.62,-3,0.75,4.0,1.61,9
Petange,8,1,4,3,3,6,-3,7,luxembourg,0.12,0.62,-3,0.38,8.33,1.61,10
Rodange,8,1,3,4,10,20,-10,6,luxembourg,0.12,0.5,-10,1.25,8.33,2.0,11
Mondercange,8,1,1,6,5,16,-11,4,luxembourg,0.12,0.25,-11,0.62,8.33,4.0,12
Fola Esch,8,1,1,6,2,19,-17,4,luxembourg,0.12,0.25,-17,0.25,8.33,4.0,12
Bettembourg,8,1,0,7,7,20,-13,3,luxembourg,0.12,0.12,-13,0.88,8.33,8.33,13
Johor Darul,8,8,0,0,30,1,29,24,malaysia,1.0,1.0,29,3.75,1.0,1.0,1
Kuala Lumpur,8,6,1,1,17,6,11,19,malaysia,0.75,0.88,11,2.12,1.33,1.14,2
Selangor,8,6,1,1,15,5,10,19,malaysia,0.75,0.88,10,1.88,1.33,1.14,2
Kuching,8,4,3,1,14,7,7,15,malaysia,0.5,0.88,7,1.75,2.0,1.14,3
PDRM,8,4,2,2,13,9,4,14,malaysia,0.5,0.75,4,1.62,2.0,1.33,4
Sabah,8,3,3,2,17,12,5,12,malaysia,0.38,0.75,5,2.12,2.63,1.33,5
Pulau Pinang,8,2,4,2,12,12,0,10,malaysia,0.25,0.75,0,1.5,4.0,1.33,6
Kedah,8,2,4,2,10,10,0,10,malaysia,0.25,0.75,0,1.25,4.0,1.33,6
Perak,8,2,3,3,14,14,0,9,malaysia,0.25,0.62,0,1.75,4.0,1.61,7
Terengganu,8,1,4,3,8,10,-2,7,malaysia,0.12,0.62,-2,1.0,8.33,1.61,8
Negeri Sembilan,8,2,0,6,7,17,-10,6,malaysia,0.25,0.25,-10,0.88,4.0,4.0,9
Pahang,8,1,2,5,11,19,-8,5,malaysia,0.12,0.38,-8,1.38,8.33,2.63,10
Kelantan United,8,0,1,7,5,29,-24,1,malaysia,0.0,0.12,-24,0.62,0.0,8.33,11
Mosta,8,6,1,1,13,6,7,19,malta,0.75,0.88,7,1.62,1.33,1.14,1
Floriana,8,4,2,2,11,7,4,14,malta,0.5,0.75,4,1.38,2.0,1.33,2
Marsaxlokk,8,3,4,1,13,14,-1,13,malta,0.38,0.88,-1,1.62,2.63,1.14,3
Birkirkara,8,3,3,2,13,9,4,12,malta,0.38,0.75,4,1.62,2.63,1.33,4
Sliema,8,3,1,4,14,10,4,10,malta,0.38,0.5,4,1.75,2.63,2.0,5
Melita,8,3,1,4,12,14,-2,10,malta,0.38,0.5,-2,1.5,2.63,2.0,5
Hibernians,8,3,1,4,9,14,-5,10,malta,0.38,0.5,-5,1.12,2.63,2.0,5
Zabbar,8,3,0,5,10,12,-2,9,malta,0.38,0.38,-2,1.25,2.63,2.63,6
Naxxar Lions,8,2,3,3,5,12,-7,9,malta,0.25,0.62,-7,0.62,4.0,1.61,6
Balzan,8,2,2,4,9,13,-4,8,malta,0.25,0.5,-4,1.12,4.0,2.0,7
Gzira Utd,8,2,2,4,6,13,-7,8,malta,0.25,0.5,-7,0.75,4.0,2.0,7
Hamrun Spartans,8,1,1,6,5,11,-6,4,malta,0.12,0.25,-6,0.62,8.33,4.0,8
A. San Luis,8,7,1,0,18,5,13,22,mexico,0.88,1.0,13,2.25,1.14,1.0,1
Toluca,8,6,2,0,25,5,20,20,mexico,0.75,1.0,20,3.12,1.33,1.0,2
Cruz Azul,8,6,2,0,19,3,16,20,mexico,0.75,1.0,16,2.38,1.33,1.0,2
Tigres,8,6,2,0,11,5,6,20,mexico,0.75,1.0,6,1.38,1.33,1.0,2
CF America,8,6,0,2,14,5,9,18,mexico,0.75,0.75,9,1.75,1.33,1.33,3
Pumas UNAM,8,6,0,2,14,6,8,18,mexico,0.75,0.75,8,1.75,1.33,1.33,3
Monterrey,8,5,2,1,16,8,8,17,mexico,0.62,0.88,8,2.0,1.61,1.14,4
Tijuana,8,5,2,1,14,11,3,17,mexico,0.62,0.88,3,1.75,1.61,1.14,4
Guadalajara,8,4,2,2,15,7,8,14,mexico,0.5,0.75,8,1.88,2.0,1.33,5
Atlas,8,3,4,1,8,5,3,13,mexico,0.38,0.88,3,1.0,2.63,1.14,6
Club Leon,8,2,5,1,9,5,4,11,mexico,0.25,0.88,4,1.12,4.0,1.14,7
Mazatlan,8,2,4,2,10,11,-1,10,mexico,0.25,0.75,-1,1.25,4.0,1.33,8
Necaxa,8,2,3,3,9,8,1,9,mexico,0.25,0.62,1,1.12,4.0,1.61,9
Pachuca,8,2,2,4,13,13,0,8,mexico,0.25,0.5,0,1.62,4.0,2.0,10
Santos Laguna,8,2,2,4,6,12,-6,8,mexico,0.25,0.5,-6,0.75,4.0,2.0,10
Puebla,8,2,1,5,12,15,-3,7,mexico,0.25,0.38,-3,1.5,4.0,2.63,11
Queretaro,8,2,1,5,6,11,-5,7,mexico,0.25,0.38,-5,0.75,4.0,2.63,11
Juarez,8,1,2,5,10,15,-5,5,mexico,0.12,0.38,-5,1.25,8.33,2.63,12
Tigres,7,6,0,1,14,4,10,18,mexico2,0.86,0.86,10,2.0,1.16,1.16,1
Toluca,5,4,1,0,14,4,10,13,mexico2,0.8,1.0,10,2.8,1.25,1.0,2
Club Leon,5,4,1,0,9,5,4,13,mexico2,0.8,1.0,4,1.8,1.25,1.0,2
Guadalajara,6,3,3,0,7,4,3,12,mexico2,0.5,1.0,3,1.17,2.0,1.0,3
Necaxa,6,4,0,2,13,11,2,12,mexico2,0.67,0.67,2,2.17,1.49,1.49,3
Queretaro,7,4,0,3,9,8,1,12,mexico2,0.57,0.57,1,1.29,1.75,1.75,3
CF America,6,3,2,1,14,5,9,11,mexico2,0.5,0.83,9,2.33,2.0,1.2,4
Pachuca,6,3,2,1,8,6,2,11,mexico2,0.5,0.83,2,1.33,2.0,1.2,4
Juarez,6,3,2,1,7,8,-1,11,mexico2,0.5,0.83,-1,1.17,2.0,1.2,4
Monterrey,5,3,1,1,11,7,4,10,mexico2,0.6,0.8,4,2.2,1.67,1.25,5
Cruz Azul,5,2,3,0,6,4,2,9,mexico2,0.4,1.0,2,1.2,2.5,1.0,6
Mazatlan,6,2,3,1,7,6,1,9,mexico2,0.33,0.83,1,1.17,3.03,1.2,6
Pumas UNAM,6,2,2,2,4,5,-1,8,mexico2,0.33,0.67,-1,0.67,3.03,1.49,7
Atlas,6,2,1,3,11,15,-4,7,mexico2,0.33,0.5,-4,1.83,3.03,2.0,8
Tijuana,6,2,0,4,14,16,-2,6,mexico2,0.33,0.33,-2,2.33,3.03,3.03,9
Santos Laguna,5,2,0,3,5,8,-3,6,mexico2,0.4,0.4,-3,1.0,2.5,2.5,9
A. San Luis,6,2,0,4,8,12,-4,6,mexico2,0.33,0.33,-4,1.33,3.03,3.03,9
Puebla,6,1,0,5,5,11,-6,3,mexico2,0.17,0.17,-6,0.83,5.88,5.88,10
Buducnost,8,6,1,1,19,7,12,19,montenegro,0.75,0.88,12,2.38,1.33,1.14,1
Petrovac,8,5,2,1,11,8,3,17,montenegro,0.62,0.88,3,1.38,1.61,1.14,2
Jedinstvo,8,4,1,3,12,10,2,13,montenegro,0.5,0.62,2,1.5,2.0,1.61,3
Decic,8,3,3,2,9,4,5,12,montenegro,0.38,0.75,5,1.12,2.63,1.33,4
Bokelj,8,4,0,4,10,9,1,12,montenegro,0.5,0.5,1,1.25,2.0,2.0,4
Mornar Bar,8,3,3,2,9,8,1,12,montenegro,0.38,0.75,1,1.12,2.63,1.33,4
Sutjeska,8,2,3,3,7,8,-1,9,montenegro,0.25,0.62,-1,0.88,4.0,1.61,5
Jezero,8,2,3,3,6,7,-1,9,montenegro,0.25,0.62,-1,0.75,4.0,1.61,5
Otrant,8,3,0,5,7,11,-4,9,montenegro,0.38,0.38,-4,0.88,2.63,2.63,5
Arsenal Tivat,8,2,2,4,8,10,-2,8,montenegro,0.25,0.5,-2,1.0,4.0,2.0,6
FUS Rabat,8,6,1,1,21,9,12,19,morocco,0.75,0.88,12,2.62,1.33,1.14,1
Berkane,8,5,3,0,13,3,10,18,morocco,0.62,1.0,10,1.62,1.61,1.0,2
FAR Rabat,8,5,3,0,14,7,7,18,morocco,0.62,1.0,7,1.75,1.61,1.0,2
Olympic Safi,8,4,4,0,8,3,5,16,morocco,0.5,1.0,5,1.0,2.0,1.0,3
Meknes,8,4,3,1,10,5,5,15,morocco,0.5,0.88,5,1.25,2.0,1.14,4
Wydad,8,4,3,1,13,9,4,15,morocco,0.5,0.88,4,1.62,2.0,1.14,4
Ittihad Tanger,8,4,3,1,11,8,3,15,morocco,0.5,0.88,3,1.38,2.0,1.14,4
Raja Casablanca,8,3,5,0,10,4,6,14,morocco,0.38,1.0,6,1.25,2.63,1.0,5
R. Zemamra,8,4,2,2,11,6,5,14,morocco,0.5,0.75,5,1.38,2.0,1.33,5
Union Touarga,8,4,2,2,12,10,2,14,morocco,0.5,0.75,2,1.5,2.0,1.33,5
Difaa El Jadida,8,4,2,2,8,7,1,14,morocco,0.5,0.75,1,1.0,2.0,1.33,5
Hassania Agadir,8,3,3,2,13,10,3,12,morocco,0.38,0.75,3,1.62,2.63,1.33,6
Maghreb de Fes,8,3,2,3,6,7,-1,11,morocco,0.38,0.62,-1,0.75,2.63,1.61,7
JS Sousalem,8,2,2,4,6,12,-6,8,morocco,0.25,0.5,-6,0.75,4.0,2.0,8
Moghreb Tetouan,8,1,2,5,7,12,-5,5,morocco,0.12,0.38,-5,0.88,8.33,2.63,9
C. Mohammedia,8,0,0,8,2,20,-18,0,morocco,0.0,0.0,-18,0.25,0.0,0.0,10
Shan Utd,8,8,0,0,23,1,22,24,myanmar,1.0,1.0,22,2.88,1.0,1.0,1
Yangon Utd,8,5,2,1,16,7,9,17,myanmar,0.62,0.88,9,2.0,1.61,1.14,2
Sagaing Utd,8,5,1,2,20,13,7,16,myanmar,0.62,0.75,7,2.5,1.61,1.33,3
Hantharwady,8,4,2,2,13,12,1,14,myanmar,0.5,0.75,1,1.62,2.0,1.33,4
Yadanarbon,8,3,3,2,16,14,2,12,myanmar,0.38,0.75,2,2.0,2.63,1.33,5
Dagon,8,3,3,2,7,7,0,12,myanmar,0.38,0.75,0,0.88,2.63,1.33,5
Ispe FC,8,3,2,3,12,15,-3,11,myanmar,0.38,0.62,-3,1.5,2.63,1.61,6
Thitsar Arman,8,2,2,4,14,19,-5,8,myanmar,0.25,0.5,-5,1.75,4.0,2.0,7
Rakhine Utd,8,1,3,4,7,21,-14,6,myanmar,0.12,0.5,-14,0.88,8.33,2.0,8
Myawady,8,1,1,6,12,22,-10,4,myanmar,0.12,0.25,-10,1.5,8.33,4.0,9
Dagon Port,8,1,1,6,9,21,-12,4,myanmar,0.12,0.25,-12,1.12,8.33,4.0,9
Ayeyawady,8,1,0,7,5,14,-9,3,myanmar,0.12,0.12,-9,0.62,8.33,8.33,10
FC Twente,8,7,1,0,23,6,17,22,netherlands,0.88,1.0,17,2.88,1.14,1.0,1
Ajax Amsterdam,8,7,1,0,20,6,14,22,netherlands,0.88,1.0,14,2.5,1.14,1.0,1
Go Ahead Eagles,8,6,2,0,20,8,12,20,netherlands,0.75,1.0,12,2.5,1.33,1.0,2
PSV Eindhoven,8,5,3,0,24,9,15,18,netherlands,0.62,1.0,15,3.0,1.61,1.0,3
Feyenoord,8,5,2,1,18,8,10,17,netherlands,0.62,0.88,10,2.25,1.61,1.14,4
AZ Alkmaar,8,5,1,2,11,7,4,16,netherlands,0.62,0.75,4,1.38,1.61,1.33,5
Heerenveen,8,4,3,1,13,9,4,15,netherlands,0.5,0.88,4,1.62,2.0,1.14,6
FC Groningen,8,4,3,1,7,3,4,15,netherlands,0.5,0.88,4,0.88,2.0,1.14,6
Heracles Almelo,8,3,5,0,17,11,6,14,netherlands,0.38,1.0,6,2.12,2.63,1.0,7
Fortuna Sittard,8,4,0,4,10,13,-3,12,netherlands,0.5,0.5,-3,1.25,2.0,2.0,8
PEC Zwolle,8,3,2,3,11,9,2,11,netherlands,0.38,0.62,2,1.38,2.63,1.61,9
RKC Waalwijk,8,3,1,4,13,12,1,10,netherlands,0.38,0.5,1,1.62,2.63,2.0,10
NEC Nijmegen,8,2,3,3,20,14,6,9,netherlands,0.25,0.62,6,2.5,4.0,1.61,11
NAC Breda,8,2,3,3,8,12,-4,9,netherlands,0.25,0.62,-4,1.0,4.0,1.61,11
Sparta,8,2,2,4,9,12,-3,8,netherlands,0.25,0.5,-3,1.12,4.0,2.0,12
FC Utrecht,8,2,2,4,9,15,-6,8,netherlands,0.25,0.5,-6,1.12,4.0,2.0,12
Almere City,8,2,1,5,8,15,-7,7,netherlands,0.25,0.38,-7,1.0,4.0,2.63,13
Willem II,8,1,2,5,11,15,-4,5,netherlands,0.12,0.38,-4,1.38,8.33,2.63,14
FC Volendam,8,7,0,1,22,6,16,21,netherlands2,0.88,0.88,16,2.75,1.14,1.14,1
ADO Den Haag,8,7,0,1,13,7,6,21,netherlands2,0.88,0.88,6,1.62,1.14,1.14,1
Telstar,8,6,1,1,24,6,18,19,netherlands2,0.75,0.88,18,3.0,1.33,1.14,2
De Graafschap,8,6,0,2,20,7,13,18,netherlands2,0.75,0.75,13,2.5,1.33,1.33,3
MVV Maastricht,8,5,1,2,20,11,9,16,netherlands2,0.62,0.75,9,2.5,1.61,1.33,4
FC Dordrecht,8,4,4,0,19,10,9,16,netherlands2,0.5,1.0,9,2.38,2.0,1.0,4
Jong Ajax,8,5,1,2,16,8,8,16,netherlands2,0.62,0.75,8,2.0,1.61,1.33,4
Cambuur,8,5,1,2,13,7,6,16,netherlands2,0.62,0.75,6,1.62,1.61,1.33,4
Excelsior,8,4,3,1,10,6,4,15,netherlands2,0.5,0.88,4,1.25,2.0,1.14,5
Vitesse Arnhem,8,5,0,3,10,10,0,15,netherlands2,0.62,0.62,0,1.25,1.61,1.61,5
Helmond Sport,8,4,2,2,13,6,7,14,netherlands2,0.5,0.75,7,1.62,2.0,1.33,6
Roda JC,8,3,3,2,12,9,3,12,netherlands2,0.38,0.75,3,1.5,2.63,1.33,7
Jong AZ,8,3,2,3,19,14,5,11,netherlands2,0.38,0.62,5,2.38,2.63,1.61,8
TOP Oss,8,3,2,3,6,11,-5,11,netherlands2,0.38,0.62,-5,0.75,2.63,1.61,8
FC Emmen,8,3,1,4,12,11,1,10,netherlands2,0.38,0.5,1,1.5,2.63,2.0,9
FC Eindhoven,8,3,1,4,15,15,0,10,netherlands2,0.38,0.5,0,1.88,2.63,2.0,9
FC Den Bosch,8,3,1,4,9,10,-1,10,netherlands2,0.38,0.5,-1,1.12,2.63,2.0,9
VVV,8,2,3,3,4,7,-3,9,netherlands2,0.25,0.62,-3,0.5,4.0,1.61,10
Jong PSV,8,2,1,5,16,20,-4,7,netherlands2,0.25,0.38,-4,2.0,4.0,2.63,11
Jong Utrecht,8,1,3,4,7,14,-7,6,netherlands2,0.12,0.5,-7,0.88,8.33,2.0,12
Diriangen,8,7,0,1,26,5,21,21,nicaragua,0.88,0.88,21,3.25,1.14,1.14,1
Matagalpa,8,5,3,0,20,8,12,18,nicaragua,0.62,1.0,12,2.5,1.61,1.0,2
Walter Ferreti,8,4,3,1,12,7,5,15,nicaragua,0.5,0.88,5,1.5,2.0,1.14,3
Real Esteli,8,3,5,0,15,4,11,14,nicaragua,0.38,1.0,11,1.88,2.63,1.0,4
Export Sebaco,8,4,2,2,15,7,8,14,nicaragua,0.5,0.75,8,1.88,2.0,1.33,4
Jalapa,8,3,3,2,8,5,3,12,nicaragua,0.38,0.75,3,1.0,2.63,1.33,5
Managua FC,8,4,0,4,13,11,2,12,nicaragua,0.5,0.5,2,1.62,2.0,2.0,5
UNAN Managua,8,3,3,2,9,12,-3,12,nicaragua,0.38,0.75,-3,1.12,2.63,1.33,5
D. Ocotal,8,3,0,5,9,14,-5,9,nicaragua,0.38,0.38,-5,1.12,2.63,2.63,6
Rancho Santana,8,2,2,4,9,17,-8,8,nicaragua,0.25,0.5,-8,1.12,4.0,2.0,7
Managua FC,6,5,1,0,7,1,6,16,nicaragua2,0.83,1.0,6,1.17,1.2,1.0,1
Real Esteli,6,4,1,1,14,3,11,13,nicaragua2,0.67,0.83,11,2.33,1.49,1.2,2
Diriangen,6,4,0,2,13,7,6,12,nicaragua2,0.67,0.67,6,2.17,1.49,1.49,3
Rancho Santana,5,3,1,1,10,4,6,10,nicaragua2,0.6,0.8,6,2.0,1.67,1.25,4
Jalapa,6,2,3,1,4,1,3,9,nicaragua2,0.33,0.83,3,0.67,3.03,1.2,5
UNAN Managua,4,3,0,1,5,4,1,9,nicaragua2,0.75,0.75,1,1.25,1.33,1.33,5
CS Sebaco,6,2,2,2,5,7,-2,8,nicaragua2,0.33,0.67,-2,0.83,3.03,1.49,6
Matagalpa,7,2,2,3,12,15,-3,8,nicaragua2,0.29,0.57,-3,1.71,3.45,1.75,6
Walter Ferreti,5,2,1,2,8,5,3,7,nicaragua2,0.4,0.6,3,1.6,2.5,1.67,7
D. Ocotal,5,1,1,3,5,8,-3,4,nicaragua2,0.2,0.4,-3,1.0,5.0,2.5,8
Linfield,8,7,0,1,12,4,8,21,northernireland,0.88,0.88,8,1.5,1.14,1.14,1
Portadown,8,5,1,2,9,6,3,16,northernireland,0.62,0.75,3,1.12,1.61,1.33,2
Cliftonville,8,4,1,3,14,7,7,13,northernireland,0.5,0.62,7,1.75,2.0,1.61,3
Glenavon,8,4,1,3,13,11,2,13,northernireland,0.5,0.62,2,1.62,2.0,1.61,3
Glentoran,8,3,3,2,7,8,-1,12,northernireland,0.38,0.75,-1,0.88,2.63,1.33,4
Coleraine,8,3,2,3,12,10,2,11,northernireland,0.38,0.62,2,1.5,2.63,1.61,5
Larne,8,2,4,2,7,6,1,10,northernireland,0.25,0.75,1,0.88,4.0,1.33,6
Dungannon,8,3,1,4,10,11,-1,10,northernireland,0.38,0.5,-1,1.25,2.63,2.0,6
Crusaders,8,3,1,4,12,17,-5,10,northernireland,0.38,0.5,-5,1.5,2.63,2.0,6
Carrick Rangers,8,1,5,2,2,3,-1,8,northernireland,0.12,0.75,-1,0.25,8.33,1.33,7
Ballymena Utd,8,2,2,4,8,10,-2,8,northernireland,0.25,0.5,-2,1.0,4.0,2.0,7
Loughgall,8,0,1,7,7,18,-11,1,northernireland,0.0,0.12,-11,0.88,0.0,8.33,8
Bangor,8,6,2,0,20,4,16,20,northernireland2,0.75,1.0,16,2.5,1.33,1.0,1
HW Welders,8,6,0,2,19,4,15,18,northernireland2,0.75,0.75,15,2.38,1.33,1.33,2
Limavady,8,5,2,1,15,4,11,17,northernireland2,0.62,0.88,11,1.88,1.61,1.14,3
Annagh Utd,8,5,1,2,19,8,11,16,northernireland2,0.62,0.75,11,2.38,1.61,1.33,4
Ballinamallard,8,4,2,2,13,11,2,14,northernireland2,0.5,0.75,2,1.62,2.0,1.33,5
Dundela,8,4,0,4,17,17,0,12,northernireland2,0.5,0.5,0,2.12,2.0,2.0,6
Ards,8,3,2,3,10,8,2,11,northernireland2,0.38,0.62,2,1.25,2.63,1.61,7
Institute,8,2,5,1,9,8,1,11,northernireland2,0.25,0.88,1,1.12,4.0,1.14,7
Newington,8,3,1,4,9,11,-2,10,northernireland2,0.38,0.5,-2,1.12,2.63,2.0,8
Newry City,8,2,2,4,6,10,-4,8,northernireland2,0.25,0.5,-4,0.75,4.0,2.0,9
Ballyclare,8,1,4,3,10,17,-7,7,northernireland2,0.12,0.62,-7,1.25,8.33,1.61,10
Armagh City,8,1,2,5,12,22,-10,5,northernireland2,0.12,0.38,-10,1.5,8.33,2.63,11
Shkendija,8,6,2,0,15,7,8,20,northmacedonia,0.75,1.0,8,1.88,1.33,1.0,1
Rabotnicki,8,6,1,1,12,4,8,19,northmacedonia,0.75,0.88,8,1.5,1.33,1.14,2
Sileks,8,5,3,0,14,5,9,18,northmacedonia,0.62,1.0,9,1.75,1.61,1.0,3
Gostivar,8,4,4,0,12,3,9,16,northmacedonia,0.5,1.0,9,1.5,2.0,1.0,4
Struga,8,5,1,2,11,9,2,16,northmacedonia,0.62,0.75,2,1.38,1.61,1.33,4
Voska Sport,8,3,4,1,10,5,5,13,northmacedonia,0.38,0.88,5,1.25,2.63,1.14,5
Pelister,8,3,4,1,3,1,2,13,northmacedonia,0.38,0.88,2,0.38,2.63,1.14,5
Shkupi,8,4,0,4,13,10,3,12,northmacedonia,0.5,0.5,3,1.62,2.0,2.0,6
Tikves,8,3,2,3,6,6,0,11,northmacedonia,0.38,0.62,0,0.75,2.63,1.61,7
Besa,8,3,1,4,7,12,-5,10,northmacedonia,0.38,0.5,-5,0.88,2.63,2.0,8
Vardar,8,1,4,3,6,9,-3,7,northmacedonia,0.12,0.62,-3,0.75,8.33,1.61,9
Brera Strumica,8,1,2,5,8,11,-3,5,northmacedonia,0.12,0.38,-3,1.0,8.33,2.63,10
Bodo.Glimt,0,0,0,0,0,0,0,0,norway,0.0,0.0,0,0.0,0.0,0.0,1
Brann,0,0,0,0,0,0,0,0,norway,0.0,0.0,0,0.0,0.0,0.0,1
Bryne,0,0,0,0,0,0,0,0,norway,0.0,0.0,0,0.0,0.0,0.0,1
Fredrikstad,0,0,0,0,0,0,0,0,norway,0.0,0.0,0,0.0,0.0,0.0,1
HamKam,0,0,0,0,0,0,0,0,norway,0.0,0.0,0,0.0,0.0,0.0,1
Haugesund,0,0,0,0,0,0,0,0,norway,0.0,0.0,0,0.0,0.0,0.0,1
KFUM Oslo,0,0,0,0,0,0,0,0,norway,0.0,0.0,0,0.0,0.0,0.0,1
Kristiansund,0,0,0,0,0,0,0,0,norway,0.0,0.0,0,0.0,0.0,0.0,1
Molde,0,0,0,0,0,0,0,0,norway,0.0,0.0,0,0.0,0.0,0.0,1
Rosenborg,0,0,0,0,0,0,0,0,norway,0.0,0.0,0,0.0,0.0,0.0,1
Sandefjord,0,0,0,0,0,0,0,0,norway,0.0,0.0,0,0.0,0.0,0.0,1
Sarpsborg 08,0,0,0,0,0,0,0,0,norway,0.0,0.0,0,0.0,0.0,0.0,1
Stromsgodset,0,0,0,0,0,0,0,0,norway,0.0,0.0,0,0.0,0.0,0.0,1
Tromso,0,0,0,0,0,0,0,0,norway,0.0,0.0,0,0.0,0.0,0.0,1
Valerenga,0,0,0,0,0,0,0,0,norway,0.0,0.0,0,0.0,0.0,0.0,1
Viking,0,0,0,0,0,0,0,0,norway,0.0,0.0,0,0.0,0.0,0.0,1
Aalesund,0,0,0,0,0,0,0,0,norway2,0.0,0.0,0,0.0,0.0,0.0,1
Asane,0,0,0,0,0,0,0,0,norway2,0.0,0.0,0,0.0,0.0,0.0,1
Egersund,0,0,0,0,0,0,0,0,norway2,0.0,0.0,0,0.0,0.0,0.0,1
Hodd,0,0,0,0,0,0,0,0,norway2,0.0,0.0,0,0.0,0.0,0.0,1
Kongsvinger,0,0,0,0,0,0,0,0,norway2,0.0,0.0,0,0.0,0.0,0.0,1
Lillestrom,0,0,0,0,0,0,0,0,norway2,0.0,0.0,0,0.0,0.0,0.0,1
Lyn,0,0,0,0,0,0,0,0,norway2,0.0,0.0,0,0.0,0.0,0.0,1
Mjondalen,0,0,0,0,0,0,0,0,norway2,0.0,0.0,0,0.0,0.0,0.0,1
Moss,0,0,0,0,0,0,0,0,norway2,0.0,0.0,0,0.0,0.0,0.0,1
Odd,0,0,0,0,0,0,0,0,norway2,0.0,0.0,0,0.0,0.0,0.0,1
Ranheim,0,0,0,0,0,0,0,0,norway2,0.0,0.0,0,0.0,0.0,0.0,1
Raufoss,0,0,0,0,0,0,0,0,norway2,0.0,0.0,0,0.0,0.0,0.0,1
Skeid,0,0,0,0,0,0,0,0,norway2,0.0,0.0,0,0.0,0.0,0.0,1
Sogndal,0,0,0,0,0,0,0,0,norway2,0.0,0.0,0,0.0,0.0,0.0,1
Stabaek,0,0,0,0,0,0,0,0,norway2,0.0,0.0,0,0.0,0.0,0.0,1
Start,0,0,0,0,0,0,0,0,norway2,0.0,0.0,0,0.0,0.0,0.0,1
Arendal,0,0,0,0,0,0,0,0,norway3,0.0,0.0,0,0.0,0.0,0.0,1
Brann B,0,0,0,0,0,0,0,0,norway3,0.0,0.0,0,0.0,0.0,0.0,1
Brattvag,0,0,0,0,0,0,0,0,norway3,0.0,0.0,0,0.0,0.0,0.0,1
Eik Tonsberg,0,0,0,0,0,0,0,0,norway3,0.0,0.0,0,0.0,0.0,0.0,1
Flekkeroy,0,0,0,0,0,0,0,0,norway3,0.0,0.0,0,0.0,0.0,0.0,1
Jerv,0,0,0,0,0,0,0,0,norway3,0.0,0.0,0,0.0,0.0,0.0,1
Lysekloster,0,0,0,0,0,0,0,0,norway3,0.0,0.0,0,0.0,0.0,0.0,1
Notodden,0,0,0,0,0,0,0,0,norway3,0.0,0.0,0,0.0,0.0,0.0,1
Pors Grenland,0,0,0,0,0,0,0,0,norway3,0.0,0.0,0,0.0,0.0,0.0,1
Sandnes Ulf,0,0,0,0,0,0,0,0,norway3,0.0,0.0,0,0.0,0.0,0.0,1
Sandviken,0,0,0,0,0,0,0,0,norway3,0.0,0.0,0,0.0,0.0,0.0,1
Sotra,0,0,0,0,0,0,0,0,norway3,0.0,0.0,0,0.0,0.0,0.0,1
Traef,0,0,0,0,0,0,0,0,norway3,0.0,0.0,0,0.0,0.0,0.0,1
V. Haugesund,0,0,0,0,0,0,0,0,norway3,0.0,0.0,0,0.0,0.0,0.0,1
Alta,0,0,0,0,0,0,0,0,norway4,0.0,0.0,0,0.0,0.0,0.0,1
Asker,0,0,0,0,0,0,0,0,norway4,0.0,0.0,0,0.0,0.0,0.0,1
Eidsvold,0,0,0,0,0,0,0,0,norway4,0.0,0.0,0,0.0,0.0,0.0,1
Follo,0,0,0,0,0,0,0,0,norway4,0.0,0.0,0,0.0,0.0,0.0,1
Grorud,0,0,0,0,0,0,0,0,norway4,0.0,0.0,0,0.0,0.0,0.0,1
Honefoss,0,0,0,0,0,0,0,0,norway4,0.0,0.0,0,0.0,0.0,0.0,1
Kjelsas,0,0,0,0,0,0,0,0,norway4,0.0,0.0,0,0.0,0.0,0.0,1
Levanger,0,0,0,0,0,0,0,0,norway4,0.0,0.0,0,0.0,0.0,0.0,1
Rana,0,0,0,0,0,0,0,0,norway4,0.0,0.0,0,0.0,0.0,0.0,1
Stjordals-Blink,0,0,0,0,0,0,0,0,norway4,0.0,0.0,0,0.0,0.0,0.0,1
Strindheim,0,0,0,0,0,0,0,0,norway4,0.0,0.0,0,0.0,0.0,0.0,1
Strommen,0,0,0,0,0,0,0,0,norway4,0.0,0.0,0,0.0,0.0,0.0,1
Tromsdalen,0,0,0,0,0,0,0,0,norway4,0.0,0.0,0,0.0,0.0,0.0,1
Ull/Kisa,0,0,0,0,0,0,0,0,norway4,0.0,0.0,0,0.0,0.0,0.0,1
Alta B,0,0,0,0,0,0,0,0,norway5,0.0,0.0,0,0.0,0.0,0.0,1
Baerum,0,0,0,0,0,0,0,0,norway5,0.0,0.0,0,0.0,0.0,0.0,1
Floya,0,0,0,0,0,0,0,0,norway5,0.0,0.0,0,0.0,0.0,0.0,1
Frigg,0,0,0,0,0,0,0,0,norway5,0.0,0.0,0,0.0,0.0,0.0,1
Funnefoss/V.,0,0,0,0,0,0,0,0,norway5,0.0,0.0,0,0.0,0.0,0.0,1
Gamle Oslo,0,0,0,0,0,0,0,0,norway5,0.0,0.0,0,0.0,0.0,0.0,1
Harstad,0,0,0,0,0,0,0,0,norway5,0.0,0.0,0,0.0,0.0,0.0,1
Junkeren,0,0,0,0,0,0,0,0,norway5,0.0,0.0,0,0.0,0.0,0.0,1
KFUM B,0,0,0,0,0,0,0,0,norway5,0.0,0.0,0,0.0,0.0,0.0,1
Skjervoy,0,0,0,0,0,0,0,0,norway5,0.0,0.0,0,0.0,0.0,0.0,1
Sortland,0,0,0,0,0,0,0,0,norway5,0.0,0.0,0,0.0,0.0,0.0,1
Tromso B,0,0,0,0,0,0,0,0,norway5,0.0,0.0,0,0.0,0.0,0.0,1
Ulfstind,0,0,0,0,0,0,0,0,norway5,0.0,0.0,0,0.0,0.0,0.0,1
Ullern,0,0,0,0,0,0,0,0,norway5,0.0,0.0,0,0.0,0.0,0.0,1
Aalesund B,0,0,0,0,0,0,0,0,norway6,0.0,0.0,0,0.0,0.0,0.0,1
Byasen,0,0,0,0,0,0,0,0,norway6,0.0,0.0,0,0.0,0.0,0.0,1
Kristiansund B,0,0,0,0,0,0,0,0,norway6,0.0,0.0,0,0.0,0.0,0.0,1
Kvik Trondheim,0,0,0,0,0,0,0,0,norway6,0.0,0.0,0,0.0,0.0,0.0,1
Melhus,0,0,0,0,0,0,0,0,norway6,0.0,0.0,0,0.0,0.0,0.0,1
Molde B,0,0,0,0,0,0,0,0,norway6,0.0,0.0,0,0.0,0.0,0.0,1
Nardo,0,0,0,0,0,0,0,0,norway6,0.0,0.0,0,0.0,0.0,0.0,1
Ranheim B,0,0,0,0,0,0,0,0,norway6,0.0,0.0,0,0.0,0.0,0.0,1
Rosenborg B,0,0,0,0,0,0,0,0,norway6,0.0,0.0,0,0.0,0.0,0.0,1
Spjelkavik,0,0,0,0,0,0,0,0,norway6,0.0,0.0,0,0.0,0.0,0.0,1
Surnadal,0,0,0,0,0,0,0,0,norway6,0.0,0.0,0,0.0,0.0,0.0,1
Tiller,0,0,0,0,0,0,0,0,norway6,0.0,0.0,0,0.0,0.0,0.0,1
Trygg.Lade,0,0,0,0,0,0,0,0,norway6,0.0,0.0,0,0.0,0.0,0.0,1
Volda,0,0,0,0,0,0,0,0,norway6,0.0,0.0,0,0.0,0.0,0.0,1
Assiden IF,0,0,0,0,0,0,0,0,norway7,0.0,0.0,0,0.0,0.0,0.0,1
Bjorkelangen,0,0,0,0,0,0,0,0,norway7,0.0,0.0,0,0.0,0.0,0.0,1
Elverum,0,0,0,0,0,0,0,0,norway7,0.0,0.0,0,0.0,0.0,0.0,1
Gjovik-Lyn,0,0,0,0,0,0,0,0,norway7,0.0,0.0,0,0.0,0.0,0.0,1
HamKam B,0,0,0,0,0,0,0,0,norway7,0.0,0.0,0,0.0,0.0,0.0,1
Kongsvinger B,0,0,0,0,0,0,0,0,norway7,0.0,0.0,0,0.0,0.0,0.0,1
Lillehammer,0,0,0,0,0,0,0,0,norway7,0.0,0.0,0,0.0,0.0,0.0,1
Lillestrom B,0,0,0,0,0,0,0,0,norway7,0.0,0.0,0,0.0,0.0,0.0,1
Lorenskog,0,0,0,0,0,0,0,0,norway7,0.0,0.0,0,0.0,0.0,0.0,1
Nordstrand,0,0,0,0,0,0,0,0,norway7,0.0,0.0,0,0.0,0.0,0.0,1
Skedsmo,0,0,0,0,0,0,0,0,norway7,0.0,0.0,0,0.0,0.0,0.0,1
Skjetten,0,0,0,0,0,0,0,0,norway7,0.0,0.0,0,0.0,0.0,0.0,1
Stromsgodset B,0,0,0,0,0,0,0,0,norway7,0.0,0.0,0,0.0,0.0,0.0,1
Ull/Kisa B,0,0,0,0,0,0,0,0,norway7,0.0,0.0,0,0.0,0.0,0.0,1
Asane B,0,0,0,0,0,0,0,0,norway8,0.0,0.0,0,0.0,0.0,0.0,1
Askoy,0,0,0,0,0,0,0,0,norway8,0.0,0.0,0,0.0,0.0,0.0,1
Bjarg,0,0,0,0,0,0,0,0,norway8,0.0,0.0,0,0.0,0.0,0.0,1
Fana,0,0,0,0,0,0,0,0,norway8,0.0,0.0,0,0.0,0.0,0.0,1
Fjora,0,0,0,0,0,0,0,0,norway8,0.0,0.0,0,0.0,0.0,0.0,1
Forde,0,0,0,0,0,0,0,0,norway8,0.0,0.0,0,0.0,0.0,0.0,1
Fyllingsdalen,0,0,0,0,0,0,0,0,norway8,0.0,0.0,0,0.0,0.0,0.0,1
Gneist,0,0,0,0,0,0,0,0,norway8,0.0,0.0,0,0.0,0.0,0.0,1
Loddefjord,0,0,0,0,0,0,0,0,norway8,0.0,0.0,0,0.0,0.0,0.0,1
Lyn B,0,0,0,0,0,0,0,0,norway8,0.0,0.0,0,0.0,0.0,0.0,1
Lyngbo,0,0,0,0,0,0,0,0,norway8,0.0,0.0,0,0.0,0.0,0.0,1
OS,0,0,0,0,0,0,0,0,norway8,0.0,0.0,0,0.0,0.0,0.0,1
Sandefjord B,0,0,0,0,0,0,0,0,norway8,0.0,0.0,0,0.0,0.0,0.0,1
Valerenga B,0,0,0,0,0,0,0,0,norway8,0.0,0.0,0,0.0,0.0,0.0,1
Brodd,0,0,0,0,0,0,0,0,norway9,0.0,0.0,0,0.0,0.0,0.0,1
Djerv,0,0,0,0,0,0,0,0,norway9,0.0,0.0,0,0.0,0.0,0.0,1
Haugesund B,0,0,0,0,0,0,0,0,norway9,0.0,0.0,0,0.0,0.0,0.0,1
Hinna,0,0,0,0,0,0,0,0,norway9,0.0,0.0,0,0.0,0.0,0.0,1
Madla,0,0,0,0,0,0,0,0,norway9,0.0,0.0,0,0.0,0.0,0.0,1
Sandnes Ulf B,0,0,0,0,0,0,0,0,norway9,0.0,0.0,0,0.0,0.0,0.0,1
Sola,0,0,0,0,0,0,0,0,norway9,0.0,0.0,0,0.0,0.0,0.0,1
Staal Jorpeland,0,0,0,0,0,0,0,0,norway9,0.0,0.0,0,0.0,0.0,0.0,1
Stord,0,0,0,0,0,0,0,0,norway9,0.0,0.0,0,0.0,0.0,0.0,1
Torvastad,0,0,0,0,0,0,0,0,norway9,0.0,0.0,0,0.0,0.0,0.0,1
Vag,0,0,0,0,0,0,0,0,norway9,0.0,0.0,0,0.0,0.0,0.0,1
Vidar,0,0,0,0,0,0,0,0,norway9,0.0,0.0,0,0.0,0.0,0.0,1
Viking B,0,0,0,0,0,0,0,0,norway9,0.0,0.0,0,0.0,0.0,0.0,1
Vindbjart,0,0,0,0,0,0,0,0,norway9,0.0,0.0,0,0.0,0.0,0.0,1
Drobak-Frogn,0,0,0,0,0,0,0,0,norway10,0.0,0.0,0,0.0,0.0,0.0,1
Flint,0,0,0,0,0,0,0,0,norway10,0.0,0.0,0,0.0,0.0,0.0,1
Fram,0,0,0,0,0,0,0,0,norway10,0.0,0.0,0,0.0,0.0,0.0,1
Fredrikstad B,0,0,0,0,0,0,0,0,norway10,0.0,0.0,0,0.0,0.0,0.0,1
Grei,0,0,0,0,0,0,0,0,norway10,0.0,0.0,0,0.0,0.0,0.0,1
IF Ready,0,0,0,0,0,0,0,0,norway10,0.0,0.0,0,0.0,0.0,0.0,1
Kvik Halden,0,0,0,0,0,0,0,0,norway10,0.0,0.0,0,0.0,0.0,0.0,1
Lokomotiv Oslo,0,0,0,0,0,0,0,0,norway10,0.0,0.0,0,0.0,0.0,0.0,1
Odd B,0,0,0,0,0,0,0,0,norway10,0.0,0.0,0,0.0,0.0,0.0,1
Oppsal,0,0,0,0,0,0,0,0,norway10,0.0,0.0,0,0.0,0.0,0.0,1
Orn Horten,0,0,0,0,0,0,0,0,norway10,0.0,0.0,0,0.0,0.0,0.0,1
Pors Grenland B,0,0,0,0,0,0,0,0,norway10,0.0,0.0,0,0.0,0.0,0.0,1
Sarpsborg 08 B,0,0,0,0,0,0,0,0,norway10,0.0,0.0,0,0.0,0.0,0.0,1
Stabaek B,0,0,0,0,0,0,0,0,norway10,0.0,0.0,0,0.0,0.0,0.0,1
Independiente,5,3,2,0,8,2,6,11,panama,0.6,1.0,6,1.6,1.67,1.0,1
Plaza Amador,5,3,1,1,9,5,4,10,panama,0.6,0.8,4,1.8,1.67,1.25,2
Universitario,5,2,3,0,9,4,5,9,panama,0.4,1.0,5,1.8,2.5,1.0,3
Arabe Unido,4,2,2,0,5,3,2,8,panama,0.5,1.0,2,1.25,2.0,1.0,4
San Miguelito,5,2,2,1,5,3,2,8,panama,0.4,0.8,2,1.0,2.5,1.25,4
Veraguas,4,2,1,1,4,2,2,7,panama,0.5,0.75,2,1.0,2.0,1.33,5
UMECIT,4,2,1,1,4,3,1,7,panama,0.5,0.75,1,1.0,2.0,1.33,5
Costa del Este,5,1,3,1,6,6,0,6,panama,0.2,0.8,0,1.2,5.0,1.25,6
Tauro,4,1,2,1,7,4,3,5,panama,0.25,0.75,3,1.75,4.0,1.33,7
Herrera,3,1,1,1,3,3,0,4,panama,0.33,0.67,0,1.0,3.03,1.49,8
Alianza,4,0,2,2,2,5,-3,2,panama,0.0,0.5,-3,0.5,0.0,2.0,9
San Francisco,3,0,1,2,1,4,-3,1,panama,0.0,0.33,-3,0.33,0.0,3.03,10
Plaza Amador,8,6,1,1,10,6,4,19,panama2,0.75,0.88,4,1.25,1.33,1.14,1
Arabe Unido,8,5,3,0,13,5,8,18,panama2,0.62,1.0,8,1.62,1.61,1.0,2
Independiente,8,5,2,1,10,6,4,17,panama2,0.62,0.88,4,1.25,1.61,1.14,3
Tauro,8,3,5,0,11,5,6,14,panama2,0.38,1.0,6,1.38,2.63,1.0,4
Alianza,8,4,2,2,8,5,3,14,panama2,0.5,0.75,3,1.0,2.0,1.33,4
San Miguelito,7,4,2,1,8,5,3,14,panama2,0.57,0.86,3,1.14,1.75,1.16,4
Universitario,8,4,1,3,12,9,3,13,panama2,0.5,0.62,3,1.5,2.0,1.61,5
Costa del Este,8,3,3,2,11,12,-1,12,panama2,0.38,0.75,-1,1.38,2.63,1.33,6
UMECIT,8,3,1,4,6,6,0,10,panama2,0.38,0.5,0,0.75,2.63,2.0,7
Veraguas,8,2,3,3,7,7,0,9,panama2,0.25,0.62,0,0.88,4.0,1.61,8
Herrera,7,1,3,3,7,8,-1,6,panama2,0.14,0.57,-1,1.0,7.14,1.75,9
San Francisco,8,1,2,5,5,10,-5,5,panama2,0.12,0.38,-5,0.62,8.33,2.63,10
Libertad,4,4,0,0,12,3,9,12,paraguay,1.0,1.0,9,3.0,1.0,1.0,1
Olimpia,5,4,0,1,11,5,6,12,paraguay,0.8,0.8,6,2.2,1.25,1.25,1
G. Caballero,5,2,2,1,7,4,3,8,paraguay,0.4,0.8,3,1.4,2.5,1.25,2
S. Ameliano,4,2,2,0,7,4,3,8,paraguay,0.5,1.0,3,1.75,2.0,1.0,2
S. Trinidense,5,2,2,1,4,3,1,8,paraguay,0.4,0.8,1,0.8,2.5,1.25,2
Cerro Porteno,4,2,1,1,7,5,2,7,paraguay,0.5,0.75,2,1.75,2.0,1.33,3
S. Luqueno,5,1,3,1,4,4,0,6,paraguay,0.2,0.8,0,0.8,5.0,1.25,4
A. Tembetary,4,1,1,2,6,7,-1,4,paraguay,0.25,0.5,-1,1.5,4.0,2.0,5
D. Recoleta,3,1,1,1,2,3,-1,4,paraguay,0.33,0.67,-1,0.67,3.03,1.49,5
Guarani,4,1,1,2,3,5,-2,4,paraguay,0.25,0.5,-2,0.75,4.0,2.0,5
2 de Mayo,5,0,3,2,2,5,-3,3,paraguay,0.0,0.6,-3,0.4,0.0,1.67,6
Nacional,3,1,0,2,2,5,-3,3,paraguay,0.33,0.33,-3,0.67,3.03,3.03,6
Olimpia,8,5,3,0,15,7,8,18,paraguay2,0.62,1.0,8,1.88,1.61,1.0,1
Nacional,8,5,3,0,11,4,7,18,paraguay2,0.62,1.0,7,1.38,1.61,1.0,1
S. Ameliano,8,5,0,3,7,5,2,15,paraguay2,0.62,0.62,2,0.88,1.61,1.61,2
S. Trinidense,8,4,1,3,11,11,0,13,paraguay2,0.5,0.62,0,1.38,2.0,1.61,3
Guarani,8,2,6,0,7,5,2,12,paraguay2,0.25,1.0,2,0.88,4.0,1.0,4
G. Caballero,8,2,5,1,7,8,-1,11,paraguay2,0.25,0.88,-1,0.88,4.0,1.14,5
Libertad,8,3,1,4,6,7,-1,10,paraguay2,0.38,0.5,-1,0.75,2.63,2.0,6
Sol de America,8,2,3,3,8,9,-1,9,paraguay2,0.25,0.62,-1,1.0,4.0,1.61,7
S. Luqueno,8,2,3,3,8,10,-2,9,paraguay2,0.25,0.62,-2,1.0,4.0,1.61,7
Cerro Porteno,8,2,3,3,10,13,-3,9,paraguay2,0.25,0.62,-3,1.25,4.0,1.61,7
2 de Mayo,8,2,2,4,8,10,-2,8,paraguay2,0.25,0.5,-2,1.0,4.0,2.0,8
Tacuary,8,1,1,6,3,14,-11,4,paraguay2,0.12,0.25,-11,0.38,8.33,4.0,9
Alianza Lima,3,3,0,0,6,0,6,9,peru,1.0,1.0,6,2.0,1.0,1.0,1
FBC Melgar,3,3,0,0,6,1,5,9,peru,1.0,1.0,5,2.0,1.0,1.0,1
Alianza A.,2,2,0,0,7,2,5,6,peru,1.0,1.0,5,3.5,1.0,1.0,2
Universitario,2,2,0,0,7,2,5,6,peru,1.0,1.0,5,3.5,1.0,1.0,2
D. Garcilaso,2,2,0,0,4,1,3,6,peru,1.0,1.0,3,2.0,1.0,1.0,2
Atletico Grau,2,2,0,0,3,1,2,6,peru,1.0,1.0,2,1.5,1.0,1.0,2
Sport Huancayo,3,2,0,1,4,3,1,6,peru,0.67,0.67,1,1.33,1.49,1.49,2
Sport Boys,3,2,0,1,3,3,0,6,peru,0.67,0.67,0,1.0,1.49,1.49,2
ADT,2,1,1,0,6,5,1,4,peru,0.5,1.0,1,3.0,2.0,1.0,3
Ayacucho,2,1,1,0,4,3,1,4,peru,0.5,1.0,1,2.0,2.0,1.0,3
Cienciano,3,1,1,1,7,7,0,4,peru,0.33,0.67,0,2.33,3.03,1.49,3
Binacional,2,1,0,1,3,2,1,3,peru,0.5,0.5,1,1.5,2.0,2.0,4
S. Cristal,2,1,0,1,3,3,0,3,peru,0.5,0.5,0,1.5,2.0,2.0,4
Comerciantes U.,2,0,2,0,2,2,0,2,peru,0.0,1.0,0,1.0,0.0,1.0,5
A. Huanuco,3,0,2,1,4,5,-1,2,peru,0.0,0.67,-1,1.33,0.0,1.49,5
Los Chankas,1,0,1,0,2,2,0,1,peru,0.0,1.0,0,2.0,0.0,1.0,6
Cusco,2,0,1,1,1,2,-1,1,peru,0.0,0.5,-1,0.5,0.0,2.0,6
Cajamarca,2,0,1,1,0,4,-4,1,peru,0.0,0.5,-4,0.0,0.0,2.0,6
Juan Pablo II C,1,0,0,1,0,1,-1,0,peru,0.0,0.0,-1,0.0,0.0,0.0,7
Kaya FC,7,6,0,1,25,7,18,18,philippines,0.86,0.86,18,3.57,1.16,1.16,1
Manila Digger,8,5,0,3,19,7,12,15,philippines,0.62,0.62,12,2.38,1.61,1.61,2
One Taguig,8,3,1,4,16,7,9,10,philippines,0.38,0.5,9,2.0,2.63,2.0,3
DH Cebu,6,3,1,2,9,4,5,10,philippines,0.5,0.67,5,1.5,2.0,1.49,3
Stallion,7,2,1,4,14,12,2,7,philippines,0.29,0.43,2,2.0,3.45,2.33,4
PFF Development,6,2,1,3,9,17,-8,7,philippines,0.33,0.5,-8,1.5,3.03,2.0,4
Loyola,6,1,1,4,5,12,-7,4,philippines,0.17,0.33,-7,0.83,5.88,3.03,5
Davao Aguilas,7,0,2,5,5,11,-6,2,philippines,0.0,0.29,-6,0.71,0.0,3.45,6
Maharlika,8,0,2,6,6,24,-18,2,philippines,0.0,0.25,-18,0.75,0.0,4.0,6
Mendiola,7,0,1,6,6,36,-30,1,philippines,0.0,0.14,-30,0.86,0.0,7.14,7
Jagiellonia,8,5,3,0,20,8,12,18,poland,0.62,1.0,12,2.5,1.61,1.0,1
Lech Poznan,8,6,0,2,20,9,11,18,poland,0.75,0.75,11,2.5,1.33,1.33,1
Legia Warsaw,8,5,2,1,16,8,8,17,poland,0.62,0.88,8,2.0,1.61,1.14,2
Rakow C.,8,5,2,1,12,6,6,17,poland,0.62,0.88,6,1.5,1.61,1.14,2
Gornik Zabrze,8,5,1,2,14,8,6,16,poland,0.62,0.75,6,1.75,1.61,1.33,3
Pogon Szczecin,8,5,1,2,13,8,5,16,poland,0.62,0.75,5,1.62,1.61,1.33,3
Katowice,8,4,3,1,10,5,5,15,poland,0.5,0.88,5,1.25,2.0,1.14,4
Motor Lublin,8,4,2,2,17,15,2,14,poland,0.5,0.75,2,2.12,2.0,1.33,5
Radomiak Radom,8,3,4,1,12,8,4,13,poland,0.38,0.88,4,1.5,2.63,1.14,6
Stal Mielec,8,3,2,3,12,13,-1,11,poland,0.38,0.62,-1,1.5,2.63,1.61,7
Korona Kielce,8,3,2,3,9,10,-1,11,poland,0.38,0.62,-1,1.12,2.63,1.61,7
Widzew Lodz,8,3,1,4,8,12,-4,10,poland,0.38,0.5,-4,1.0,2.63,2.0,8
Zaglebie Lubin,8,3,0,5,8,12,-4,9,poland,0.38,0.38,-4,1.0,2.63,2.63,9
Slask Wroclaw,8,2,2,4,8,9,-1,8,poland,0.25,0.5,-1,1.0,4.0,2.0,10
Puszcza Niepolo,8,2,2,4,7,12,-5,8,poland,0.25,0.5,-5,0.88,4.0,2.0,10
Cracovia Krakow,8,1,4,3,14,14,0,7,poland,0.12,0.62,0,1.75,8.33,1.61,11
Piast Gliwice,8,1,4,3,8,12,-4,7,poland,0.12,0.62,-4,1.0,8.33,1.61,11
Lechia Gdansk,8,2,1,5,5,12,-7,7,poland,0.25,0.38,-7,0.62,4.0,2.63,11
Arka Gdynia,8,6,2,0,20,5,15,20,poland2,0.75,1.0,15,2.5,1.33,1.0,1
Polonia Warszaw,8,6,1,1,13,5,8,19,poland2,0.75,0.88,8,1.62,1.33,1.14,2
Wisla Plock,8,4,3,1,17,8,9,15,poland2,0.5,0.88,9,2.12,2.0,1.14,3
Wisla Krakow,8,4,3,1,12,4,8,15,poland2,0.5,0.88,8,1.5,2.0,1.14,3
T. Nieciecza,8,4,3,1,15,10,5,15,poland2,0.5,0.88,5,1.88,2.0,1.14,3
Ruch Chorzow,8,4,2,2,16,9,7,14,poland2,0.5,0.75,7,2.0,2.0,1.33,4
Tychy,8,3,3,2,11,7,4,12,poland2,0.38,0.75,4,1.38,2.63,1.33,5
Miedz Legnica,8,3,3,2,16,14,2,12,poland2,0.38,0.75,2,2.0,2.63,1.33,5
Chrobry Glogow,8,3,3,2,9,9,0,12,poland2,0.38,0.75,0,1.12,2.63,1.33,5
Znicz Pruszkow,8,3,2,3,11,11,0,11,poland2,0.38,0.62,0,1.38,2.63,1.61,6
Gornik Leczna,8,2,4,2,11,11,0,10,poland2,0.25,0.75,0,1.38,4.0,1.33,7
Stal Rzeszow,8,3,1,4,11,13,-2,10,poland2,0.38,0.5,-2,1.38,2.63,2.0,7
LKS Lodz,8,2,2,4,6,7,-1,8,poland2,0.25,0.5,-1,0.75,4.0,2.0,8
K. Kolobrzeg,8,1,4,3,5,10,-5,7,poland2,0.12,0.62,-5,0.62,8.33,1.61,9
Stalowa Wola,8,1,4,3,7,13,-6,7,poland2,0.12,0.62,-6,0.88,8.33,1.61,9
Pogon Siedlce,8,1,3,4,9,15,-6,6,poland2,0.12,0.5,-6,1.12,8.33,2.0,10
Warta Poznan,8,2,0,6,6,13,-7,6,poland2,0.25,0.25,-7,0.75,4.0,4.0,10
Odra Opole,8,1,3,4,6,18,-12,6,poland2,0.12,0.5,-12,0.75,8.33,2.0,10
Polonia Bytom,8,7,0,1,19,4,15,21,poland3,0.88,0.88,15,2.38,1.14,1.14,1
Wieczysta K.,8,6,2,0,15,3,12,20,poland3,0.75,1.0,12,1.88,1.33,1.0,2
Chojniczanka,8,5,2,1,14,6,8,17,poland3,0.62,0.88,8,1.75,1.61,1.14,3
Pogon Grodzisk,8,5,2,1,14,8,6,17,poland3,0.62,0.88,6,1.75,1.61,1.14,3
Hutnik Krakow,8,5,2,1,12,8,4,17,poland3,0.62,0.88,4,1.5,1.61,1.14,3
SKRA Czestochow,8,5,1,2,10,6,4,16,poland3,0.62,0.75,4,1.25,1.61,1.33,4
Zaglebie L. B,8,4,1,3,16,9,7,13,poland3,0.5,0.62,7,2.0,2.0,1.61,5
Swit Skolwin,8,4,1,3,14,13,1,13,poland3,0.5,0.62,1,1.75,2.0,1.61,5
Podbeskidzie,8,4,1,3,8,8,0,13,poland3,0.5,0.62,0,1.0,2.0,1.61,5
Z. Sosnowiec,8,4,1,3,16,17,-1,13,poland3,0.5,0.62,-1,2.0,2.0,1.61,5
Kalisz,8,3,2,3,12,11,1,11,poland3,0.38,0.62,1,1.5,2.63,1.61,6
Wisla Pulawy,8,3,1,4,7,12,-5,10,poland3,0.38,0.5,-5,0.88,2.63,2.0,7
O. Grudziadz,8,2,2,4,12,14,-2,8,poland3,0.25,0.5,-2,1.5,4.0,2.0,8
Resovia Rzeszow,8,2,2,4,12,14,-2,8,poland3,0.25,0.5,-2,1.5,4.0,2.0,8
Olimpia Elblag,8,2,2,4,10,12,-2,8,poland3,0.25,0.5,-2,1.25,4.0,2.0,8
LKS Lodz B,8,2,2,4,9,12,-3,8,poland3,0.25,0.5,-3,1.12,4.0,2.0,8
Jastrzebie,8,1,3,4,5,9,-4,6,poland3,0.12,0.5,-4,0.62,8.33,2.0,9
Rekord Bielsko,8,0,5,3,6,10,-4,5,poland3,0.0,0.62,-4,0.75,0.0,1.61,10
Benfica,8,7,0,1,22,5,17,21,portugal,0.88,0.88,17,2.75,1.14,1.14,1
Sporting CP,8,6,1,1,17,8,9,19,portugal,0.75,0.88,9,2.12,1.33,1.14,2
FC Porto,8,5,3,0,17,3,14,18,portugal,0.62,1.0,14,2.12,1.61,1.0,3
Guimaraes,8,4,4,0,16,8,8,16,portugal,0.5,1.0,8,2.0,2.0,1.0,4
Casa Pia,8,4,3,1,12,8,4,15,portugal,0.5,0.88,4,1.5,2.0,1.14,5
Estoril,8,4,3,1,11,9,2,15,portugal,0.5,0.88,2,1.38,2.0,1.14,5
Sporting Braga,8,4,2,2,15,11,4,14,portugal,0.5,0.75,4,1.88,2.0,1.33,6
Nacional,8,4,2,2,11,8,3,14,portugal,0.5,0.75,3,1.38,2.0,1.33,6
Rio Ave,8,3,4,1,14,14,0,13,portugal,0.38,0.88,0,1.75,2.63,1.14,7
Moreirense,8,3,3,2,11,12,-1,12,portugal,0.38,0.75,-1,1.38,2.63,1.33,8
Estrela Amadora,8,3,2,3,10,10,0,11,portugal,0.38,0.62,0,1.25,2.63,1.61,9
Santa Clara,8,3,2,3,7,8,-1,11,portugal,0.38,0.62,-1,0.88,2.63,1.61,9
Famalicao,8,2,4,2,6,5,1,10,portugal,0.25,0.75,1,0.75,4.0,1.33,10
Arouca,8,2,3,3,7,10,-3,9,portugal,0.25,0.62,-3,0.88,4.0,1.61,11
Gil Vicente,8,2,2,4,8,10,-2,8,portugal,0.25,0.5,-2,1.0,4.0,2.0,12
AVS,8,1,3,4,8,11,-3,6,portugal,0.12,0.5,-3,1.0,8.33,2.0,13
Boavista,8,1,2,5,6,12,-6,5,portugal,0.12,0.38,-6,0.75,8.33,2.63,14
Farense,8,1,1,6,4,10,-6,4,portugal,0.12,0.25,-6,0.5,8.33,4.0,15
Alverca,8,6,2,0,21,7,14,20,portugal2,0.75,1.0,14,2.62,1.33,1.0,1
Vizela,8,5,3,0,13,4,9,18,portugal2,0.62,1.0,9,1.62,1.61,1.0,2
Feirense,8,5,2,1,13,6,7,17,portugal2,0.62,0.88,7,1.62,1.61,1.14,3
Tondela,8,5,2,1,12,7,5,17,portugal2,0.62,0.88,5,1.5,1.61,1.14,3
Academico Viseu,8,4,4,0,10,5,5,16,portugal2,0.5,1.0,5,1.25,2.0,1.0,4
Penafiel,8,4,3,1,15,9,6,15,portugal2,0.5,0.88,6,1.88,2.0,1.14,5
Uniao de Leiria,8,4,3,1,6,3,3,15,portugal2,0.5,0.88,3,0.75,2.0,1.14,5
Chaves,8,4,2,2,13,8,5,14,portugal2,0.5,0.75,5,1.62,2.0,1.33,6
Benfica B,8,4,2,2,10,8,2,14,portugal2,0.5,0.75,2,1.25,2.0,1.33,6
Felgueiras,8,4,2,2,9,7,2,14,portugal2,0.5,0.75,2,1.12,2.0,1.33,6
Portimonense,8,4,1,3,12,10,2,13,portugal2,0.5,0.62,2,1.5,2.0,1.61,7
Torreense,8,4,1,3,11,9,2,13,portugal2,0.5,0.62,2,1.38,2.0,1.61,7
FC Porto B,8,3,3,2,12,11,1,12,portugal2,0.38,0.75,1,1.5,2.63,1.33,8
Leixoes,8,2,4,2,9,9,0,10,portugal2,0.25,0.75,0,1.12,4.0,1.33,9
Pacos Ferreira,8,2,2,4,10,13,-3,8,portugal2,0.25,0.5,-3,1.25,4.0,2.0,10
Mafra,8,1,4,3,5,9,-4,7,portugal2,0.12,0.62,-4,0.62,8.33,1.61,11
Maritimo,8,1,3,4,9,13,-4,6,portugal2,0.12,0.5,-4,1.12,8.33,2.0,12
Oliveirense,8,1,2,5,7,16,-9,5,portugal2,0.12,0.38,-9,0.88,8.33,2.63,13
Al Duhail,8,6,1,1,20,8,12,19,qatar,0.75,0.88,12,2.5,1.33,1.14,1
Al Gharafa,8,6,1,1,19,11,8,19,qatar,0.75,0.88,8,2.38,1.33,1.14,1
Al Sadd,8,6,0,2,19,9,10,18,qatar,0.75,0.75,10,2.38,1.33,1.33,2
Al Arabi,8,5,0,3,15,16,-1,15,qatar,0.62,0.62,-1,1.88,1.61,1.61,3
Al Shahaniya,8,5,0,3,13,15,-2,15,qatar,0.62,0.62,-2,1.62,1.61,1.61,3
Al Rayyan,8,3,3,2,16,12,4,12,qatar,0.38,0.75,4,2.0,2.63,1.33,4
Al Shamal,8,4,0,4,18,16,2,12,qatar,0.5,0.5,2,2.25,2.0,2.0,4
Al Ahli Doha,8,3,3,2,16,15,1,12,qatar,0.38,0.75,1,2.0,2.63,1.33,4
Al Wakrah,8,3,1,4,11,16,-5,10,qatar,0.38,0.5,-5,1.38,2.63,2.0,5
Qatar SC,8,2,1,5,10,18,-8,7,qatar,0.25,0.38,-8,1.25,4.0,2.63,6
Umm Salal,8,1,2,5,9,17,-8,5,qatar,0.12,0.38,-8,1.12,8.33,2.63,7
Al Khor,8,0,1,7,9,19,-10,1,qatar,0.0,0.12,-10,1.12,0.0,8.33,8
CFR Cluj,8,6,2,0,21,8,13,20,romania,0.75,1.0,13,2.62,1.33,1.0,1
Rapid Bucharest,8,6,2,0,11,3,8,20,romania,0.75,1.0,8,1.38,1.33,1.0,1
Univ. Craiova,8,6,1,1,14,7,7,19,romania,0.75,0.88,7,1.75,1.33,1.14,2
FCSB,8,5,3,0,13,4,9,18,romania,0.62,1.0,9,1.62,1.61,1.0,3
U. Cluj,8,5,1,2,16,11,5,16,romania,0.62,0.75,5,2.0,1.61,1.33,4
Sepsi OSK,8,4,3,1,11,5,6,15,romania,0.5,0.88,6,1.38,2.0,1.14,5
Hermannstadt,8,4,3,1,7,5,2,15,romania,0.5,0.88,2,0.88,2.0,1.14,5
Petrolul,8,4,2,2,10,6,4,14,romania,0.5,0.75,4,1.25,2.0,1.33,6
Din. Bucharest,8,3,4,1,7,4,3,13,romania,0.38,0.88,3,0.88,2.63,1.14,7
Farul Constanta,8,3,3,2,10,10,0,12,romania,0.38,0.75,0,1.25,2.63,1.33,8
Botosani,8,1,6,1,7,7,0,9,romania,0.12,0.88,0,0.88,8.33,1.14,9
P. Iasi,8,2,2,4,7,11,-4,8,romania,0.25,0.5,-4,0.88,4.0,2.0,10
FC Buzau,8,2,1,5,6,9,-3,7,romania,0.25,0.38,-3,0.75,4.0,2.63,11
Otelul,8,1,3,4,7,12,-5,6,romania,0.12,0.5,-5,0.88,8.33,2.0,12
UTA Arad,8,2,0,6,9,15,-6,6,romania,0.25,0.25,-6,1.12,4.0,4.0,12
Unirea Slobozia,8,1,2,5,6,11,-5,5,romania,0.12,0.38,-5,0.75,8.33,2.63,13
Spartak Moscow,8,6,1,1,20,7,13,19,russia,0.75,0.88,13,2.5,1.33,1.14,1
FC Krasnodar,8,5,2,1,15,5,10,17,russia,0.62,0.88,10,1.88,1.61,1.14,2
Dinamo Moscow,8,5,1,2,18,8,10,16,russia,0.62,0.75,10,2.25,1.61,1.33,3
Lokomotiv M.,8,5,1,2,11,10,1,16,russia,0.62,0.75,1,1.38,1.61,1.33,3
Rostov,8,4,2,2,17,9,8,14,russia,0.5,0.75,8,2.12,2.0,1.33,4
Rubin Kazan,8,4,2,2,11,9,2,14,russia,0.5,0.75,2,1.38,2.0,1.33,4
Zenit,8,3,3,2,10,8,2,12,russia,0.38,0.75,2,1.25,2.63,1.33,5
CSKA Moscow,8,3,2,3,11,7,4,11,russia,0.38,0.62,4,1.38,2.63,1.61,6
Khimki,8,2,4,2,10,10,0,10,russia,0.25,0.75,0,1.25,4.0,1.33,7
Krylya Sovetov,8,3,1,4,9,9,0,10,russia,0.38,0.5,0,1.12,2.63,2.0,7
Akron,8,3,1,4,11,16,-5,10,russia,0.38,0.5,-5,1.38,2.63,2.0,7
Makhachkala,8,2,3,3,10,8,2,9,russia,0.25,0.62,2,1.25,4.0,1.61,8
Akhmat Grozny,8,2,3,3,8,10,-2,9,russia,0.25,0.62,-2,1.0,4.0,1.61,8
Fakel Voronezh,8,1,5,2,4,6,-2,8,russia,0.12,0.75,-2,0.5,8.33,1.33,9
Nizhny Novgorod,8,2,2,4,5,13,-8,8,russia,0.25,0.5,-8,0.62,4.0,2.0,9
Orenburg,8,1,2,5,10,15,-5,5,russia,0.12,0.38,-5,1.25,8.33,2.63,10
PFC Sochi,8,6,2,0,17,4,13,20,russia2,0.75,1.0,13,2.12,1.33,1.0,1
Torpedo Moscow,8,5,3,0,17,5,12,18,russia2,0.62,1.0,12,2.12,1.61,1.0,2
Yenisey,8,5,3,0,11,2,9,18,russia2,0.62,1.0,9,1.38,1.61,1.0,2
SKA Khabarovsk,8,5,2,1,17,8,9,17,russia2,0.62,0.88,9,2.12,1.61,1.14,3
Chernomorets,8,5,2,1,11,4,7,17,russia2,0.62,0.88,7,1.38,1.61,1.14,3
Baltika,8,4,4,0,9,2,7,16,russia2,0.5,1.0,7,1.12,2.0,1.0,4
Ural,8,4,4,0,12,6,6,16,russia2,0.5,1.0,6,1.5,2.0,1.0,4
Kamaz,8,5,0,3,12,7,5,15,russia2,0.62,0.62,5,1.5,1.61,1.61,5
Ufa,8,4,1,3,11,9,2,13,russia2,0.5,0.62,2,1.38,2.0,1.61,6
Arsenal Tula,8,2,5,1,6,5,1,11,russia2,0.25,0.88,1,0.75,4.0,1.14,7
Rotor Volgograd,8,2,5,1,6,5,1,11,russia2,0.25,0.88,1,0.75,4.0,1.14,7
Shinnik,8,3,2,3,7,7,0,11,russia2,0.38,0.62,0,0.88,2.63,1.61,7
Chayka,8,1,6,1,9,7,2,9,russia2,0.12,0.88,2,1.12,8.33,1.14,8
Rodina Moskva,8,2,3,3,7,8,-1,9,russia2,0.25,0.62,-1,0.88,4.0,1.61,8
Neftekhimik,8,2,3,3,6,7,-1,9,russia2,0.25,0.62,-1,0.75,4.0,1.61,8
Sokol Saratov,8,1,2,5,4,9,-5,5,russia2,0.12,0.38,-5,0.5,8.33,2.63,9
Tyumen,8,1,2,5,7,13,-6,5,russia2,0.12,0.38,-6,0.88,8.33,2.63,9
A. Vladikavkaz,8,1,2,5,5,11,-6,5,russia2,0.12,0.38,-6,0.62,8.33,2.63,9
Al Ittihad,8,7,1,0,21,9,12,22,saudiarabia,0.88,1.0,12,2.62,1.14,1.0,1
Al Hilal,8,6,1,1,31,9,22,19,saudiarabia,0.75,0.88,22,3.88,1.33,1.14,2
Al Ahli Jeddah,8,6,1,1,21,8,13,19,saudiarabia,0.75,0.88,13,2.62,1.33,1.14,2
Al Quadisiya,8,6,1,1,11,5,6,19,saudiarabia,0.75,0.88,6,1.38,1.33,1.14,2
Al Kholood,8,6,0,2,11,10,1,18,saudiarabia,0.75,0.75,1,1.38,1.33,1.33,3
Al Shabab,8,5,1,2,22,10,12,16,saudiarabia,0.62,0.75,12,2.75,1.61,1.33,4
Al Nassr,8,5,1,2,19,10,9,16,saudiarabia,0.62,0.75,9,2.38,1.61,1.33,4
Al Riyadh,8,3,3,2,6,6,0,12,saudiarabia,0.38,0.75,0,0.75,2.63,1.33,5
Damak,8,3,2,3,10,13,-3,11,saudiarabia,0.38,0.62,-3,1.25,2.63,1.61,6
Al Fateh,8,3,1,4,11,11,0,10,saudiarabia,0.38,0.5,0,1.38,2.63,2.0,7
Al Taawon,8,2,3,3,10,11,-1,9,saudiarabia,0.25,0.62,-1,1.25,4.0,1.61,8
Al Orubah,8,3,0,5,9,15,-6,9,saudiarabia,0.38,0.38,-6,1.12,2.63,2.63,8
Al Khaleej,8,2,2,4,10,12,-2,8,saudiarabia,0.25,0.5,-2,1.25,4.0,2.0,9
Al Feiha,8,1,4,3,2,5,-3,7,saudiarabia,0.12,0.62,-3,0.25,8.33,1.61,10
Al Wahda,8,2,1,5,11,18,-7,7,saudiarabia,0.25,0.38,-7,1.38,4.0,2.63,10
Al Ittifaq,8,2,0,6,8,16,-8,6,saudiarabia,0.25,0.25,-8,1.0,4.0,4.0,11
Al Akhdoud,8,1,2,5,7,13,-6,5,saudiarabia,0.12,0.38,-6,0.88,8.33,2.63,12
Al Raed,8,1,1,6,6,13,-7,4,saudiarabia,0.12,0.25,-7,0.75,8.33,4.0,13
Al Najma,8,5,3,0,15,5,10,18,saudiarabia2,0.62,1.0,10,1.88,1.61,1.0,1
Al Batin,8,5,2,1,10,4,6,17,saudiarabia2,0.62,0.88,6,1.25,1.61,1.14,2
Al Jabalain,8,5,2,1,12,8,4,17,saudiarabia2,0.62,0.88,4,1.5,1.61,1.14,2
Neom SC,8,4,4,0,19,10,9,16,saudiarabia2,0.5,1.0,9,2.38,2.0,1.0,3
Al Hazm,8,5,1,2,17,10,7,16,saudiarabia2,0.62,0.75,7,2.12,1.61,1.33,3
Al Adalha,8,4,3,1,19,13,6,15,saudiarabia2,0.5,0.88,6,2.38,2.0,1.14,4
Al Zulfi,8,4,1,3,11,8,3,13,saudiarabia2,0.5,0.62,3,1.38,2.0,1.61,5
Al Jandal,8,4,1,3,10,7,3,13,saudiarabia2,0.5,0.62,3,1.25,2.0,1.61,5
Al Ain,8,3,3,2,9,8,1,12,saudiarabia2,0.38,0.75,1,1.12,2.63,1.33,6
Al Bukayriyah,8,3,2,3,12,7,5,11,saudiarabia2,0.38,0.62,5,1.5,2.63,1.61,7
Al Arabi,8,3,2,3,15,13,2,11,saudiarabia2,0.38,0.62,2,1.88,2.63,1.61,7
Al Jubail,8,2,5,1,11,10,1,11,saudiarabia2,0.25,0.88,1,1.38,4.0,1.14,7
Abha,8,2,5,1,10,10,0,11,saudiarabia2,0.25,0.88,0,1.25,4.0,1.14,7
Al Tai,8,3,2,3,7,9,-2,11,saudiarabia2,0.38,0.62,-2,0.88,2.63,1.61,7
Jeddah,8,2,4,2,6,7,-1,10,saudiarabia2,0.25,0.75,-1,0.75,4.0,1.33,8
Al Safa,8,3,1,4,9,11,-2,10,saudiarabia2,0.38,0.5,-2,1.12,2.63,2.0,8
Al Faisaly,8,1,2,5,6,11,-5,5,saudiarabia2,0.12,0.38,-5,0.75,8.33,2.63,9
Ohod,8,1,1,6,9,16,-7,4,saudiarabia2,0.12,0.25,-7,1.12,8.33,4.0,10
Celtic,8,8,0,0,30,1,29,24,scotland,1.0,1.0,29,3.75,1.0,1.0,1
Hibernian,8,6,2,0,19,10,9,20,scotland,0.75,1.0,9,2.38,1.33,1.0,2
Rangers,8,6,0,2,21,5,16,18,scotland,0.75,0.75,16,2.62,1.33,1.33,3
Hearts,8,6,0,2,15,9,6,18,scotland,0.75,0.75,6,1.88,1.33,1.33,3
Kilmarnock,8,4,2,2,13,7,6,14,scotland,0.5,0.75,6,1.62,2.0,1.33,4
Motherwell,8,3,3,2,14,15,-1,12,scotland,0.38,0.75,-1,1.75,2.63,1.33,5
Dundee Utd,8,3,2,3,7,8,-1,11,scotland,0.38,0.62,-1,0.88,2.63,1.61,6
Ross County,8,3,2,3,11,14,-3,11,scotland,0.38,0.62,-3,1.38,2.63,1.61,6
St. Johnstone,8,2,2,4,9,12,-3,8,scotland,0.25,0.5,-3,1.12,4.0,2.0,7
St. Mirren,8,2,1,5,7,12,-5,7,scotland,0.25,0.38,-5,0.88,4.0,2.63,8
Aberdeen,8,1,3,4,6,12,-6,6,scotland,0.12,0.5,-6,0.75,8.33,2.0,9
Dundee FC,8,1,3,4,11,19,-8,6,scotland,0.12,0.5,-8,1.38,8.33,2.0,9
Ayr Utd,8,6,1,1,19,8,11,19,scotland2,0.75,0.88,11,2.38,1.33,1.14,1
Falkirk,8,5,2,1,15,6,9,17,scotland2,0.62,0.88,9,1.88,1.61,1.14,2
Livingston,8,5,2,1,11,4,7,17,scotland2,0.62,0.88,7,1.38,1.61,1.14,2
Partick Thistle,8,4,3,1,15,10,5,15,scotland2,0.5,0.88,5,1.88,2.0,1.14,3
Greenock Morton,8,4,3,1,11,7,4,15,scotland2,0.5,0.88,4,1.38,2.0,1.14,3
Raith Rovers,8,5,0,3,13,10,3,15,scotland2,0.62,0.62,3,1.62,1.61,1.61,3
Dunfermline,8,4,2,2,12,10,2,14,scotland2,0.5,0.75,2,1.5,2.0,1.33,4
Airdrieonians,8,4,1,3,11,13,-2,13,scotland2,0.5,0.62,-2,1.38,2.0,1.61,5
Hamilton,8,3,1,4,9,14,-5,10,scotland2,0.38,0.5,-5,1.12,2.63,2.0,6
Queens Park,8,2,0,6,9,15,-6,6,scotland2,0.25,0.25,-6,1.12,4.0,4.0,7
Arbroath,8,6,1,1,17,7,10,19,scotland3,0.75,0.88,10,2.12,1.33,1.14,1
Cove Rangers,8,5,2,1,13,8,5,17,scotland3,0.62,0.88,5,1.62,1.61,1.14,2
Queen of South,8,5,1,2,13,11,2,16,scotland3,0.62,0.75,2,1.62,1.61,1.33,3
Stenhousemuir,8,4,2,2,10,7,3,14,scotland3,0.5,0.75,3,1.25,2.0,1.33,4
Inverness,8,4,1,3,10,9,1,13,scotland3,0.5,0.62,1,1.25,2.0,1.61,5
Alloa Athletic,8,2,2,4,12,14,-2,8,scotland3,0.25,0.5,-2,1.5,4.0,2.0,6
Kelty Hearts,8,2,2,4,6,12,-6,8,scotland3,0.25,0.5,-6,0.75,4.0,2.0,6
Dumbarton,8,2,1,5,10,16,-6,7,scotland3,0.25,0.38,-6,1.25,4.0,2.63,7
Montrose,8,1,3,4,9,16,-7,6,scotland3,0.12,0.5,-7,1.12,8.33,2.0,8
Annan Athletic,8,1,2,5,8,19,-11,5,scotland3,0.12,0.38,-11,1.0,8.33,2.63,9
Peterhead,8,6,2,0,15,6,9,20,scotland4,0.75,1.0,9,1.88,1.33,1.0,1
East Fife,8,5,2,1,16,7,9,17,scotland4,0.62,0.88,9,2.0,1.61,1.14,2
Edinburgh City,8,5,0,3,15,9,6,15,scotland4,0.62,0.62,6,1.88,1.61,1.61,3
Elgin City,8,5,0,3,13,7,6,15,scotland4,0.62,0.62,6,1.62,1.61,1.61,3
Spartans,8,4,2,2,10,8,2,14,scotland4,0.5,0.75,2,1.25,2.0,1.33,4
Stirling Albion,8,4,1,3,14,12,2,13,scotland4,0.5,0.62,2,1.75,2.0,1.61,5
Clyde,8,4,1,3,10,8,2,13,scotland4,0.5,0.62,2,1.25,2.0,1.61,5
Stranraer,8,3,3,2,8,5,3,12,scotland4,0.38,0.75,3,1.0,2.63,1.33,6
Bonnyrigg Rose,8,3,2,3,13,13,0,11,scotland4,0.38,0.62,0,1.62,2.63,1.61,7
Forfar Athletic,8,1,3,4,9,10,-1,6,scotland4,0.12,0.5,-1,1.12,8.33,2.0,8
Red Star,8,7,1,0,35,7,28,22,serbia,0.88,1.0,28,4.38,1.14,1.0,1
Partizan,8,5,3,0,18,7,11,18,serbia,0.62,1.0,11,2.25,1.61,1.0,2
Radnicki 1923,8,6,0,2,14,6,8,18,serbia,0.75,0.75,8,1.75,1.33,1.33,2
IMT N. Beograd,8,3,3,2,12,9,3,12,serbia,0.38,0.75,3,1.5,2.63,1.33,3
Novi Pazar,8,4,0,4,15,20,-5,12,serbia,0.5,0.5,-5,1.88,2.0,2.0,3
Mladost Lucani,8,3,2,3,9,10,-1,11,serbia,0.38,0.62,-1,1.12,2.63,1.61,4
Napredak,8,3,2,3,9,14,-5,11,serbia,0.38,0.62,-5,1.12,2.63,1.61,4
Z. Pancevo,8,2,4,2,15,9,6,10,serbia,0.25,0.75,6,1.88,4.0,1.33,5
S. Subotica,8,2,4,2,5,6,-1,10,serbia,0.25,0.75,-1,0.62,4.0,1.33,5
Backa Topola,8,3,0,5,12,13,-1,9,serbia,0.38,0.38,-1,1.5,2.63,2.63,6
Vojvodina,8,2,3,3,5,7,-2,9,serbia,0.25,0.62,-2,0.62,4.0,1.61,6
Cukaricki,8,1,4,3,6,7,-1,7,serbia,0.12,0.62,-1,0.75,8.33,1.61,7
OFK Beograd,8,1,4,3,7,9,-2,7,serbia,0.12,0.62,-2,0.88,8.33,1.61,7
Jedinstvo U.,8,2,1,5,8,12,-4,7,serbia,0.25,0.38,-4,1.0,4.0,2.63,7
Radnicki Nis,8,2,1,5,10,17,-7,7,serbia,0.25,0.38,-7,1.25,4.0,2.63,7
Tekstilac Odzac,8,2,0,6,6,13,-7,6,serbia,0.25,0.25,-7,0.75,4.0,4.0,8
R. Surdulica,8,6,2,0,16,2,14,20,serbia2,0.75,1.0,14,2.0,1.33,1.0,1
Javor Ivanjica,8,6,1,1,13,6,7,19,serbia2,0.75,0.88,7,1.62,1.33,1.14,2
Mladost,8,5,2,1,11,8,3,17,serbia2,0.62,0.88,3,1.38,1.61,1.14,3
Borac Cacak,8,4,2,2,12,7,5,14,serbia2,0.5,0.75,5,1.5,2.0,1.33,4
Vozdovac,8,3,5,0,6,2,4,14,serbia2,0.38,1.0,4,0.75,2.63,1.0,4
Macva Sabac,8,4,2,2,7,4,3,14,serbia2,0.5,0.75,3,0.88,2.0,1.33,4
Zemun,8,3,4,1,12,6,6,13,serbia2,0.38,0.88,6,1.5,2.63,1.14,5
Vrsac,8,4,1,3,9,4,5,13,serbia2,0.5,0.62,5,1.12,2.0,1.61,5
Trajal Krusevac,8,3,3,2,10,6,4,12,serbia2,0.38,0.75,4,1.25,2.63,1.33,6
Sloven Ruma,8,3,3,2,8,4,4,12,serbia2,0.38,0.75,4,1.0,2.63,1.33,6
S. Mitrovica,8,3,3,2,9,8,1,12,serbia2,0.38,0.75,1,1.12,2.63,1.33,6
Graficar,8,2,5,1,9,7,2,11,serbia2,0.25,0.88,2,1.12,4.0,1.14,7
Smederevo,8,2,5,1,5,4,1,11,serbia2,0.25,0.88,1,0.62,4.0,1.14,7
Dubocica,8,2,2,4,10,18,-8,8,serbia2,0.25,0.5,-8,1.25,4.0,2.0,8
Indija,8,1,4,3,9,9,0,7,serbia2,0.12,0.62,0,1.12,8.33,1.61,9
Sloboda Uzice,8,1,3,4,3,6,-3,6,serbia2,0.12,0.5,-3,0.38,8.33,2.0,10
Lion City,8,7,1,0,29,6,23,22,singapore,0.88,1.0,23,3.62,1.14,1.0,1
A. Niigata (S),8,5,1,2,18,12,6,16,singapore,0.62,0.75,6,2.25,1.61,1.33,2
Hougang,8,3,4,1,23,12,11,13,singapore,0.38,0.88,11,2.88,2.63,1.14,3
Tampines Rovers,8,3,3,2,19,14,5,12,singapore,0.38,0.75,5,2.38,2.63,1.33,4
Geylang,8,3,0,5,20,15,5,9,singapore,0.38,0.38,5,2.5,2.63,2.63,5
DPMM FC,8,2,2,4,12,18,-6,8,singapore,0.25,0.5,-6,1.5,4.0,2.0,6
Khalsa,8,2,1,5,18,24,-6,7,singapore,0.25,0.38,-6,2.25,4.0,2.63,7
Tanjong Pagar,8,2,0,6,9,27,-18,6,singapore,0.25,0.25,-18,1.12,4.0,4.0,8
Young Lions,8,0,3,5,9,28,-19,3,singapore,0.0,0.38,-19,1.12,0.0,2.63,9
Z. Michalovce,8,5,3,0,15,9,6,18,slovakia,0.62,1.0,6,1.88,1.61,1.0,1
S. Bratislava,8,5,2,1,18,7,11,17,slovakia,0.62,0.88,11,2.25,1.61,1.14,2
Zilina,8,4,3,1,13,8,5,15,slovakia,0.5,0.88,5,1.62,2.0,1.14,3
Spartak Trnava,8,4,3,1,12,7,5,15,slovakia,0.5,0.88,5,1.5,2.0,1.14,3
DAC Streda,8,4,2,2,16,9,7,14,slovakia,0.5,0.75,7,2.0,2.0,1.33,4
Skalica,8,4,2,2,9,5,4,14,slovakia,0.5,0.75,4,1.12,2.0,1.33,4
FC Kosice,8,3,3,2,14,10,4,12,slovakia,0.38,0.75,4,1.75,2.63,1.33,5
Podbrezova,8,3,3,2,11,11,0,12,slovakia,0.38,0.75,0,1.38,2.63,1.33,5
Trencin,8,3,3,2,11,11,0,12,slovakia,0.38,0.75,0,1.38,2.63,1.33,5
Banska Bystrica,8,3,0,5,13,15,-2,9,slovakia,0.38,0.38,-2,1.62,2.63,2.63,6
Komarno,8,2,2,4,8,8,0,8,slovakia,0.25,0.5,0,1.0,4.0,2.0,7
Ruzomberok,8,2,1,5,7,15,-8,7,slovakia,0.25,0.38,-8,0.88,4.0,2.63,8
Presov,8,6,2,0,18,4,14,20,slovakia2,0.75,1.0,14,2.25,1.33,1.0,1
P. Bystrica,8,6,0,2,21,14,7,18,slovakia2,0.75,0.75,7,2.62,1.33,1.33,2
L. Mikulas,8,6,0,2,14,7,7,18,slovakia2,0.75,0.75,7,1.75,1.33,1.33,2
Zlate Moravce,8,5,1,2,16,5,11,16,slovakia2,0.62,0.75,11,2.0,1.61,1.33,3
Malzenice,8,5,1,2,13,6,7,16,slovakia2,0.62,0.75,7,1.62,1.61,1.33,3
Pohronie,8,5,1,2,17,13,4,16,slovakia2,0.62,0.75,4,2.12,1.61,1.33,3
S. Bratislava B,8,5,0,3,12,9,3,15,slovakia2,0.62,0.62,3,1.5,1.61,1.61,4
Puchov,8,4,2,2,16,8,8,14,slovakia2,0.5,0.75,8,2.0,2.0,1.33,5
Samorin,7,4,1,2,11,7,4,13,slovakia2,0.57,0.71,4,1.57,1.75,1.41,6
Petrzalka,8,4,0,4,11,7,4,12,slovakia2,0.5,0.5,4,1.38,2.0,2.0,7
Zilina B,7,3,2,2,10,5,5,11,slovakia2,0.43,0.71,5,1.43,2.33,1.41,8
Zvolen,8,3,2,3,10,13,-3,11,slovakia2,0.38,0.62,-3,1.25,2.63,1.61,8
S. Lubovna,8,2,4,2,10,9,1,10,slovakia2,0.25,0.75,1,1.25,4.0,1.33,9
Humenne,8,2,2,4,7,9,-2,8,slovakia2,0.25,0.5,-2,0.88,4.0,2.0,10
NK Olimpija,8,6,1,1,17,2,15,19,slovenia,0.75,0.88,15,2.12,1.33,1.14,1
Maribor,8,6,0,2,15,6,9,18,slovenia,0.75,0.75,9,1.88,1.33,1.33,2
Bravo,8,4,3,1,12,8,4,15,slovenia,0.5,0.88,4,1.5,2.0,1.14,3
Koper,8,3,3,2,13,9,4,12,slovenia,0.38,0.75,4,1.62,2.63,1.33,4
NK Celje,8,3,2,3,21,14,7,11,slovenia,0.38,0.62,7,2.62,2.63,1.61,5
Primorje,8,3,2,3,8,8,0,11,slovenia,0.38,0.62,0,1.0,2.63,1.61,5
Mura,8,2,4,2,8,7,1,10,slovenia,0.25,0.75,1,1.0,4.0,1.33,6
Radomlje,8,3,1,4,11,16,-5,10,slovenia,0.38,0.5,-5,1.38,2.63,2.0,6
Nafta,8,2,3,3,8,9,-1,9,slovenia,0.25,0.62,-1,1.0,4.0,1.61,7
Domzale,8,2,1,5,10,16,-6,7,slovenia,0.25,0.38,-6,1.25,4.0,2.63,8
Mamelodi S.,8,8,0,0,23,2,21,24,southafrica,1.0,1.0,21,2.88,1.0,1.0,1
Orlando Pirates,8,7,0,1,19,4,15,21,southafrica,0.88,0.88,15,2.38,1.14,1.14,2
TS Galaxy,8,5,2,1,11,4,7,17,southafrica,0.62,0.88,7,1.38,1.61,1.14,3
Polokwane,8,4,2,2,7,4,3,14,southafrica,0.5,0.75,3,0.88,2.0,1.33,4
Kaizer Chiefs,8,4,2,2,8,8,0,14,southafrica,0.5,0.75,0,1.0,2.0,1.33,4
Sekhukhune,8,4,1,3,13,12,1,13,southafrica,0.5,0.62,1,1.62,2.0,1.61,5
AmaZulu,8,4,1,3,10,10,0,13,southafrica,0.5,0.62,0,1.25,2.0,1.61,5
Magesi,8,4,0,4,7,8,-1,12,southafrica,0.5,0.5,-1,0.88,2.0,2.0,6
Chippa Utd,8,3,2,3,8,5,3,11,southafrica,0.38,0.62,3,1.0,2.63,1.61,7
Marumo G.,8,3,2,3,8,7,1,11,southafrica,0.38,0.62,1,1.0,2.63,1.61,7
Richards Bay,8,3,2,3,7,8,-1,11,southafrica,0.38,0.62,-1,0.88,2.63,1.61,7
Cape Town City,8,3,2,3,6,7,-1,11,southafrica,0.38,0.62,-1,0.75,2.63,1.61,7
Golden Arrows,8,2,4,2,7,6,1,10,southafrica,0.25,0.75,1,0.88,4.0,1.33,8
Stellenbosch,8,1,5,2,6,7,-1,8,southafrica,0.12,0.75,-1,0.75,8.33,1.33,9
SuperSport Utd,8,2,2,4,3,9,-6,8,southafrica,0.25,0.5,-6,0.38,4.0,2.0,9
Royal AM,6,1,2,3,6,8,-2,5,southafrica,0.17,0.5,-2,1.0,5.88,2.0,10
Kruger United,8,6,2,0,11,2,9,20,southafrica2,0.75,1.0,9,1.38,1.33,1.0,1
Durban City,8,6,1,1,15,5,10,19,southafrica2,0.75,0.88,10,1.88,1.33,1.14,2
JDR Stars,8,5,3,0,10,5,5,18,southafrica2,0.62,1.0,5,1.25,1.61,1.0,3
Highbury,8,5,2,1,11,3,8,17,southafrica2,0.62,0.88,8,1.38,1.61,1.14,4
Hungry Lions,8,4,3,1,14,7,7,15,southafrica2,0.5,0.88,7,1.75,2.0,1.14,5
Milford,8,5,0,3,10,6,4,15,southafrica2,0.62,0.62,4,1.25,1.61,1.61,5
Pretoria U.,8,4,3,1,14,11,3,15,southafrica2,0.5,0.88,3,1.75,2.0,1.14,5
Venda FC,8,4,2,2,14,7,7,14,southafrica2,0.5,0.75,7,1.75,2.0,1.33,6
Orbit College,8,3,5,0,10,4,6,14,southafrica2,0.38,1.0,6,1.25,2.63,1.0,6
Black Leopards,8,3,5,0,11,6,5,14,southafrica2,0.38,1.0,5,1.38,2.63,1.0,6
Baroka,8,4,2,2,17,13,4,14,southafrica2,0.5,0.75,4,2.12,2.0,1.33,6
Casric Stars,8,4,1,3,12,9,3,13,southafrica2,0.5,0.62,3,1.5,2.0,1.61,7
Cape Town Spurs,8,3,3,2,10,9,1,12,southafrica2,0.38,0.75,1,1.25,2.63,1.33,8
Pretoria C.,8,4,0,4,11,14,-3,12,southafrica2,0.5,0.5,-3,1.38,2.0,2.0,8
Leruma United,8,2,3,3,5,8,-3,9,southafrica2,0.25,0.62,-3,0.62,4.0,1.61,9
Upington City,8,0,3,5,7,14,-7,3,southafrica2,0.0,0.38,-7,0.88,0.0,2.63,10
Ulsan,3,2,0,1,3,1,2,6,southkorea,0.67,0.67,2,1.0,1.49,1.49,1
Daegu,4,2,0,2,6,5,1,6,southkorea,0.5,0.5,1,1.5,2.0,2.0,1
Gwangju,2,1,1,0,2,1,1,4,southkorea,0.5,1.0,1,1.0,2.0,1.0,2
Seoul,2,1,1,0,2,1,1,4,southkorea,0.5,1.0,1,1.0,2.0,1.0,2
Jeonbuk Motors,3,1,1,1,4,4,0,4,southkorea,0.33,0.67,0,1.33,3.03,1.49,2
Gangwon,3,1,1,1,2,2,0,4,southkorea,0.33,0.67,0,0.67,3.03,1.49,2
Jeju Utd,3,1,0,2,5,6,-1,3,southkorea,0.33,0.33,-1,1.67,3.03,3.03,3
Daejeon Citizen,2,1,0,1,1,2,-1,3,southkorea,0.5,0.5,-1,0.5,2.0,2.0,3
Suwon City,2,0,2,0,1,1,0,2,southkorea,0.0,1.0,0,0.5,0.0,1.0,4
Pohang Steelers,2,0,1,1,0,3,-3,1,southkorea,0.0,0.5,-3,0.0,0.0,2.0,5
Gimcheon Sangmu,0,0,0,0,0,0,0,0,southkorea,0.0,0.0,0,0.0,0.0,0.0,6
Anyang,1,0,0,1,1,3,-2,0,southkorea,0.0,0.0,-2,1.0,0.0,0.0,6
Incheon Utd,3,3,0,0,5,0,5,9,southkorea2,1.0,1.0,5,1.67,1.0,1.0,1
Seoul E-Land,3,2,1,0,7,4,3,7,southkorea2,0.67,1.0,3,2.33,1.49,1.0,2
Seongnam,3,2,1,0,5,2,3,7,southkorea2,0.67,1.0,3,1.67,1.49,1.0,2
Hwaseong,3,1,2,0,4,3,1,5,southkorea2,0.33,1.0,1,1.33,3.03,1.0,3
Busan IPark,3,1,1,1,2,2,0,4,southkorea2,0.33,0.67,0,0.67,3.03,1.49,4
Bucheon FC,2,1,0,1,3,3,0,3,southkorea2,0.5,0.5,0,1.5,2.0,2.0,5
Cheonan City,3,1,0,2,2,4,-2,3,southkorea2,0.33,0.33,-2,0.67,3.03,3.03,5
Gyeongnam,1,0,1,0,2,2,0,1,southkorea2,0.0,1.0,0,2.0,0.0,1.0,6
Suwon Bluewings,1,0,1,0,0,0,0,1,southkorea2,0.0,1.0,0,0.0,0.0,1.0,6
Gimpo,2,0,1,1,2,3,-1,1,southkorea2,0.0,0.5,-1,1.0,0.0,2.0,6
Asan,0,0,0,0,0,0,0,0,southkorea2,0.0,0.0,0,0.0,0.0,0.0,7
Cheongju,0,0,0,0,0,0,0,0,southkorea2,0.0,0.0,0,0.0,0.0,0.0,7
Jeonnam,0,0,0,0,0,0,0,0,southkorea2,0.0,0.0,0,0.0,0.0,0.0,7
Ansan Greeners,3,0,0,3,0,4,-4,0,southkorea2,0.0,0.0,-4,0.0,0.0,0.0,7
Atletico Madrid,8,6,2,0,13,6,7,20,spain,0.75,1.0,7,1.62,1.33,1.0,1
Real Madrid,8,6,1,1,19,9,10,19,spain,0.75,0.88,10,2.38,1.33,1.14,2
Celta Vigo,8,6,1,1,14,7,7,19,spain,0.75,0.88,7,1.75,1.33,1.14,2
Athletic Bilbao,8,5,3,0,17,4,13,18,spain,0.62,1.0,13,2.12,1.61,1.0,3
Real Sociedad,8,5,1,2,9,5,4,16,spain,0.62,0.75,4,1.12,1.61,1.33,4
FC Barcelona,8,5,0,3,18,7,11,15,spain,0.62,0.62,11,2.25,1.61,1.61,5
Espanyol,8,3,5,0,10,6,4,14,spain,0.38,1.0,4,1.25,2.63,1.0,6
Mallorca,8,4,2,2,12,12,0,14,spain,0.5,0.75,0,1.5,2.0,1.33,6
Real Betis,8,3,4,1,14,11,3,13,spain,0.38,0.88,3,1.75,2.63,1.14,7
Valencia,8,4,1,3,10,10,0,13,spain,0.5,0.62,0,1.25,2.0,1.61,7
Villarreal,8,3,3,2,18,9,9,12,spain,0.38,0.75,9,2.25,2.63,1.33,8
Girona,8,3,2,3,14,12,2,11,spain,0.38,0.62,2,1.75,2.63,1.61,9
Osasuna,8,2,5,1,13,12,1,11,spain,0.25,0.88,1,1.62,4.0,1.14,9
Getafe,8,3,2,3,7,6,1,11,spain,0.38,0.62,1,0.88,2.63,1.61,9
Rayo Vallecano,8,3,2,3,11,12,-1,11,spain,0.38,0.62,-1,1.38,2.63,1.61,9
Sevilla FC,8,2,4,2,7,10,-3,10,spain,0.25,0.75,-3,0.88,4.0,1.33,10
Leganes,8,3,1,4,8,15,-7,10,spain,0.38,0.5,-7,1.0,2.63,2.0,10
Alaves,8,2,3,3,5,6,-1,9,spain,0.25,0.62,-1,0.62,4.0,1.61,11
Las Palmas,8,2,2,4,10,13,-3,8,spain,0.25,0.5,-3,1.25,4.0,2.0,12
Valladolid,8,2,2,4,4,15,-11,8,spain,0.25,0.5,-11,0.5,4.0,2.0,12
Elche,8,8,0,0,19,3,16,24,spain2,1.0,1.0,16,2.38,1.0,1.0,1
Mirandes,8,7,1,0,17,5,12,22,spain2,0.88,1.0,12,2.12,1.14,1.0,2
Huesca,8,5,3,0,14,5,9,18,spain2,0.62,1.0,9,1.75,1.61,1.0,3
Granada,8,4,4,0,15,4,11,16,spain2,0.5,1.0,11,1.88,2.0,1.0,4
Burgos,8,5,1,2,7,4,3,16,spain2,0.62,0.75,3,0.88,1.61,1.33,4
Levante,8,4,3,1,13,6,7,15,spain2,0.5,0.88,7,1.62,2.0,1.14,5
Cadiz,8,4,3,1,14,8,6,15,spain2,0.5,0.88,6,1.75,2.0,1.14,5
Albacete,8,4,3,1,11,5,6,15,spain2,0.5,0.88,6,1.38,2.0,1.14,5
Eibar,8,4,3,1,10,6,4,15,spain2,0.5,0.88,4,1.25,2.0,1.14,5
Almeria,8,3,5,0,12,7,5,14,spain2,0.38,1.0,5,1.5,2.63,1.0,6
Racing,8,4,1,3,16,8,8,13,spain2,0.5,0.62,8,2.0,2.0,1.61,7
Castellon,8,4,1,3,11,7,4,13,spain2,0.5,0.62,4,1.38,2.0,1.61,7
Real Oviedo,8,3,3,2,9,7,2,12,spain2,0.38,0.75,2,1.12,2.63,1.33,8
Cordoba,8,3,2,3,15,11,4,11,spain2,0.38,0.62,4,1.88,2.63,1.61,9
Tenerife,8,3,2,3,10,9,1,11,spain2,0.38,0.62,1,1.25,2.63,1.61,9
Deportivo,8,2,4,2,12,11,1,10,spain2,0.25,0.75,1,1.5,4.0,1.33,10
Malaga,8,2,4,2,8,7,1,10,spain2,0.25,0.75,1,1.0,4.0,1.33,10
Sporting Gijon,8,2,4,2,9,9,0,10,spain2,0.25,0.75,0,1.12,4.0,1.33,10
Eldense,8,2,2,4,7,13,-6,8,spain2,0.25,0.5,-6,0.88,4.0,2.0,11
Real Zaragoza,8,1,3,4,8,12,-4,6,spain2,0.12,0.5,-4,1.0,8.33,2.0,12
Cartagena,8,1,1,6,2,8,-6,4,spain2,0.12,0.25,-6,0.25,8.33,4.0,13
Racing Ferrol,8,0,3,5,3,14,-11,3,spain2,0.0,0.38,-11,0.38,0.0,2.63,14
Unionistas,8,6,2,0,12,5,7,20,spain3,0.75,1.0,7,1.5,1.33,1.0,1
Zamora,8,6,1,1,11,4,7,19,spain3,0.75,0.88,7,1.38,1.33,1.14,2
Ponferradina,8,6,0,2,17,5,12,18,spain3,0.75,0.75,12,2.12,1.33,1.33,3
Amorebieta,8,5,3,0,16,7,9,18,spain3,0.62,1.0,9,2.0,1.61,1.0,3
Ourense CF,8,5,3,0,11,6,5,18,spain3,0.62,1.0,5,1.38,1.61,1.0,3
FC Andorra,8,5,2,1,16,6,10,17,spain3,0.62,0.88,10,2.0,1.61,1.14,4
Gimnastic T.,8,5,1,2,15,9,6,16,spain3,0.62,0.75,6,1.88,1.61,1.33,5
Real Sociedad B,8,4,2,2,15,8,7,14,spain3,0.5,0.75,7,1.88,2.0,1.33,6
Celta Vigo B,8,4,2,2,12,8,4,14,spain3,0.5,0.75,4,1.5,2.0,1.33,6
Barakaldo,8,4,1,3,14,11,3,13,spain3,0.5,0.62,3,1.75,2.0,1.61,7
Lugo,8,4,1,3,13,12,1,13,spain3,0.5,0.62,1,1.62,2.0,1.61,7
Arenteiro,8,3,3,2,13,8,5,12,spain3,0.38,0.75,5,1.62,2.63,1.33,8
Real Union,8,4,0,4,13,8,5,12,spain3,0.5,0.5,5,1.62,2.0,2.0,8
Sestao River,8,3,3,2,7,5,2,12,spain3,0.38,0.75,2,0.88,2.63,1.33,8
Leonesa,8,3,2,3,14,14,0,11,spain3,0.38,0.62,0,1.75,2.63,1.61,9
Athletic B. B,8,3,2,3,9,9,0,11,spain3,0.38,0.62,0,1.12,2.63,1.61,9
Tarazona,8,2,4,2,7,7,0,10,spain3,0.25,0.75,0,0.88,4.0,1.33,10
Osasuna B,8,1,5,2,8,9,-1,8,spain3,0.12,0.75,-1,1.0,8.33,1.33,11
Gimnastica,8,2,2,4,8,12,-4,8,spain3,0.25,0.5,-4,1.0,4.0,2.0,11
FC Barcelona B,8,0,4,4,9,17,-8,4,spain3,0.0,0.5,-8,1.12,0.0,2.0,12
Ceuta,8,6,2,0,18,7,11,20,spain4,0.75,1.0,11,2.25,1.33,1.0,1
Atletico M. B,8,6,1,1,11,6,5,19,spain4,0.75,0.88,5,1.38,1.33,1.14,2
Merida,8,6,1,1,17,13,4,19,spain4,0.75,0.88,4,2.12,1.33,1.14,2
Real Madrid B,8,5,2,1,17,6,11,17,spain4,0.62,0.88,11,2.12,1.61,1.14,3
Hercules,8,5,2,1,14,7,7,17,spain4,0.62,0.88,7,1.75,1.61,1.14,3
UD Ibiza,8,5,1,2,17,9,8,16,spain4,0.62,0.75,8,2.12,1.61,1.33,4
Sevilla FC B,8,5,1,2,8,5,3,16,spain4,0.62,0.75,3,1.0,1.61,1.33,4
Fuenlabrada,8,3,4,1,12,8,4,13,spain4,0.38,0.88,4,1.5,2.63,1.14,5
Antequera,8,3,4,1,12,10,2,13,spain4,0.38,0.88,2,1.5,2.63,1.14,5
Algeciras,8,3,4,1,8,8,0,13,spain4,0.38,0.88,0,1.0,2.63,1.14,5
Alcorcon,8,3,3,2,9,6,3,12,spain4,0.38,0.75,3,1.12,2.63,1.33,6
Recreativo H.,8,3,3,2,10,11,-1,12,spain4,0.38,0.75,-1,1.25,2.63,1.33,6
Villarreal B,8,3,2,3,12,8,4,11,spain4,0.38,0.62,4,1.5,2.63,1.61,7
Yeclano,8,2,4,2,8,6,2,10,spain4,0.25,0.75,2,1.0,4.0,1.33,8
Intercity,8,2,4,2,13,12,1,10,spain4,0.25,0.75,1,1.62,4.0,1.33,8
Sanluqueno,8,2,3,3,7,9,-2,9,spain4,0.25,0.62,-2,0.88,4.0,1.61,9
Real Murcia,8,2,3,3,6,8,-2,9,spain4,0.25,0.62,-2,0.75,4.0,1.61,9
Alcoyano,8,1,5,2,4,6,-2,8,spain4,0.12,0.75,-2,0.5,8.33,1.33,10
Real Betis B,8,2,1,5,7,16,-9,7,spain4,0.25,0.38,-9,0.88,4.0,2.63,11
Marbella,8,1,3,4,10,17,-7,6,spain4,0.12,0.5,-7,1.25,8.33,2.0,12
Pontevedra,8,7,1,0,16,5,11,22,spain5,0.88,1.0,11,2.0,1.14,1.0,1
Numancia,8,5,3,0,13,6,7,18,spain5,0.62,1.0,7,1.62,1.61,1.0,2
Marino de L.,8,5,2,1,12,3,9,17,spain5,0.62,0.88,9,1.5,1.61,1.14,3
Compostela,8,4,3,1,12,8,4,15,spain5,0.5,0.88,4,1.5,2.0,1.14,4
Real Aviles,8,4,2,2,12,9,3,14,spain5,0.5,0.75,3,1.5,2.0,1.33,5
Llanera,8,4,2,2,9,7,2,14,spain5,0.5,0.75,2,1.12,2.0,1.33,5
Valladolid B,8,3,4,1,11,5,6,13,spain5,0.38,0.88,6,1.38,2.63,1.14,6
Rayo Cantabria,8,3,3,2,13,11,2,12,spain5,0.38,0.75,2,1.62,2.63,1.33,7
Salamanca CF,8,3,3,2,11,10,1,12,spain5,0.38,0.75,1,1.38,2.63,1.33,7
Coruxo,8,3,2,3,10,6,4,11,spain5,0.38,0.62,4,1.25,2.63,1.61,8
Real Avila,8,3,2,3,9,6,3,11,spain5,0.38,0.62,3,1.12,2.63,1.61,8
D. Fabril,8,3,2,3,8,5,3,11,spain5,0.38,0.62,3,1.0,2.63,1.61,8
Guijuelo,8,2,4,2,6,6,0,10,spain5,0.25,0.75,0,0.75,4.0,1.33,9
Bergantinos,8,3,1,4,12,15,-3,10,spain5,0.38,0.5,-3,1.5,2.63,2.0,9
Langreo,8,3,1,4,7,12,-5,10,spain5,0.38,0.5,-5,0.88,2.63,2.0,9
Laredo,8,2,2,4,7,12,-5,8,spain5,0.25,0.5,-5,0.88,4.0,2.0,10
Escobedo,8,1,5,2,3,8,-5,8,spain5,0.12,0.75,-5,0.38,8.33,1.33,10
Torrelavega,8,1,4,3,3,4,-1,7,spain5,0.12,0.62,-1,0.38,8.33,1.61,11
Teruel,8,5,2,1,13,4,9,17,spain6,0.62,0.88,9,1.62,1.61,1.14,1
Ejea,8,5,2,1,11,5,6,17,spain6,0.62,0.88,6,1.38,1.61,1.14,1
Utebo,8,5,1,2,15,8,7,16,spain6,0.62,0.75,7,1.88,1.61,1.33,2
Eibar B,8,5,1,2,10,5,5,16,spain6,0.62,0.75,5,1.25,1.61,1.33,2
UD Logrones,8,3,5,0,12,2,10,14,spain6,0.38,1.0,10,1.5,2.63,1.0,3
Arenas Club,8,4,2,2,13,8,5,14,spain6,0.5,0.75,5,1.62,2.0,1.33,3
Alfaro,8,3,4,1,5,2,3,13,spain6,0.38,0.88,3,0.62,2.63,1.14,4
Calahorra,8,3,3,2,8,7,1,12,spain6,0.38,0.75,1,1.0,2.63,1.33,5
Gernika,8,3,3,2,10,12,-2,12,spain6,0.38,0.75,-2,1.25,2.63,1.33,5
SD Logrones,8,3,2,3,11,7,4,11,spain6,0.38,0.62,4,1.38,2.63,1.61,6
Real Sociedad C,8,3,2,3,14,11,3,11,spain6,0.38,0.62,3,1.75,2.63,1.61,6
Barbastro,8,3,2,3,9,7,2,11,spain6,0.38,0.62,2,1.12,2.63,1.61,6
Real Zaragoza B,8,3,1,4,10,13,-3,10,spain6,0.38,0.5,-3,1.25,2.63,2.0,7
Anguiano,8,3,1,4,10,14,-4,10,spain6,0.38,0.5,-4,1.25,2.63,2.0,7
Alaves B,8,3,0,5,5,7,-2,9,spain6,0.38,0.38,-2,0.62,2.63,2.63,8
Subiza,8,2,2,4,7,13,-6,8,spain6,0.25,0.5,-6,0.88,4.0,2.0,9
Izarra,8,0,4,4,5,12,-7,4,spain6,0.0,0.5,-7,0.62,0.0,2.0,10
Tudelano,8,0,2,6,6,14,-8,2,spain6,0.0,0.25,-8,0.75,0.0,4.0,11
Europa,8,6,1,1,16,10,6,19,spain7,0.75,0.88,6,2.0,1.33,1.14,1
Espanyol B,8,5,1,2,13,9,4,16,spain7,0.62,0.75,4,1.62,1.61,1.33,2
A. Baleares,8,4,3,1,10,4,6,15,spain7,0.5,0.88,6,1.25,2.0,1.14,3
Valencia B,8,4,2,2,13,7,6,14,spain7,0.5,0.75,6,1.62,2.0,1.33,4
Torrent,8,4,2,2,11,7,4,14,spain7,0.5,0.75,4,1.38,2.0,1.33,4
Sant Andreu,8,4,1,3,15,5,10,13,spain7,0.5,0.62,10,1.88,2.0,1.61,5
Elche B,8,4,1,3,13,9,4,13,spain7,0.5,0.62,4,1.62,2.0,1.61,5
Lleida,8,2,6,0,12,6,6,12,spain7,0.25,1.0,6,1.5,4.0,1.0,6
SD Ibiza,8,3,2,3,11,9,2,11,spain7,0.38,0.62,2,1.38,2.63,1.61,7
Olot,8,2,4,2,9,8,1,10,spain7,0.25,0.75,1,1.12,4.0,1.33,8
Terrassa,8,2,4,2,6,5,1,10,spain7,0.25,0.75,1,0.75,4.0,1.33,8
Pena Deportiva,8,2,3,3,11,10,1,9,spain7,0.25,0.62,1,1.38,4.0,1.61,9
Sabadell,8,1,5,2,7,9,-2,8,spain7,0.12,0.75,-2,0.88,8.33,1.33,10
Andratx,8,2,2,4,5,10,-5,8,spain7,0.25,0.5,-5,0.62,4.0,2.0,10
Cornella,8,1,4,3,9,11,-2,7,spain7,0.12,0.62,-2,1.12,8.33,1.61,11
Mallorca B,8,1,2,5,5,11,-6,5,spain7,0.12,0.38,-6,0.62,8.33,2.63,12
Alzira,8,1,2,5,4,11,-7,5,spain7,0.12,0.38,-7,0.5,8.33,2.63,12
Badalona,8,0,2,6,4,12,-8,2,spain7,0.0,0.25,-8,0.5,0.0,4.0,13
Torremolinos,8,6,1,1,12,5,7,19,spain8,0.75,0.88,7,1.5,1.33,1.14,1
La Union,8,6,1,1,8,2,6,19,spain8,0.75,0.88,6,1.0,1.33,1.14,1
UCAM Murcia,8,5,2,1,11,3,8,17,spain8,0.62,0.88,8,1.38,1.61,1.14,2
Aguilas CF,8,4,4,0,7,3,4,16,spain8,0.5,1.0,4,0.88,2.0,1.0,3
Orihuela,8,4,3,1,7,2,5,15,spain8,0.5,0.88,5,0.88,2.0,1.14,4
Linares,8,5,0,3,9,5,4,15,spain8,0.62,0.62,4,1.12,1.61,1.61,4
Almeria B,8,5,0,3,10,8,2,15,spain8,0.62,0.62,2,1.25,1.61,1.61,4
Villanovense,8,4,2,2,12,7,5,14,spain8,0.5,0.75,5,1.5,2.0,1.33,5
San Fernando,8,4,2,2,11,7,4,14,spain8,0.5,0.75,4,1.38,2.0,1.33,5
CD Estepona,8,3,3,2,12,7,5,12,spain8,0.38,0.75,5,1.5,2.63,1.33,6
Cadiz B,8,3,3,2,8,8,0,12,spain8,0.38,0.75,0,1.0,2.63,1.33,6
Antoniano,8,3,3,2,7,8,-1,12,spain8,0.38,0.75,-1,0.88,2.63,1.33,6
Xerez CD,8,3,2,3,5,5,0,11,spain8,0.38,0.62,0,0.62,2.63,1.61,7
Xerez D. FC,8,3,2,3,5,6,-1,11,spain8,0.38,0.62,-1,0.62,2.63,1.61,7
Linense,8,2,3,3,9,9,0,9,spain8,0.25,0.62,0,1.12,4.0,1.61,8
D. Minera,8,1,4,3,6,8,-2,7,spain8,0.12,0.62,-2,0.75,8.33,1.61,9
Granada B,8,1,3,4,8,10,-2,6,spain8,0.12,0.5,-2,1.0,8.33,2.0,10
Don Benito,8,0,3,5,1,8,-7,3,spain8,0.0,0.38,-7,0.12,0.0,2.63,11
Guadalajara,8,7,1,0,13,1,12,22,spain9,0.88,1.0,12,1.62,1.14,1.0,1
Cacereno,8,6,1,1,12,5,7,19,spain9,0.75,0.88,7,1.5,1.33,1.14,2
Talavera CF,8,5,2,1,15,5,10,17,spain9,0.62,0.88,10,1.88,1.61,1.14,3
CD Coria,8,5,1,2,12,12,0,16,spain9,0.62,0.75,0,1.5,1.61,1.33,4
Tenerife B,8,4,3,1,14,9,5,15,spain9,0.5,0.88,5,1.75,2.0,1.14,5
S. Sebastian R.,8,4,2,2,15,11,4,14,spain9,0.5,0.75,4,1.88,2.0,1.33,6
Navalcarnero,8,4,2,2,15,12,3,14,spain9,0.5,0.75,3,1.88,2.0,1.33,6
R. Majadahonda,8,4,2,2,9,6,3,14,spain9,0.5,0.75,3,1.12,2.0,1.33,6
Real Madrid C,8,3,4,1,10,5,5,13,spain9,0.38,0.88,5,1.25,2.63,1.14,7
Getafe B,8,3,4,1,9,5,4,13,spain9,0.38,0.88,4,1.12,2.63,1.14,7
Union Adarve,8,3,4,1,7,5,2,13,spain9,0.38,0.88,2,0.88,2.63,1.14,7
Melilla,8,2,4,2,12,10,2,10,spain9,0.25,0.75,2,1.5,4.0,1.33,8
Conquense,8,3,1,4,13,13,0,10,spain9,0.38,0.5,0,1.62,2.63,2.0,8
Colonia M.,8,3,1,4,10,17,-7,10,spain9,0.38,0.5,-7,1.25,2.63,2.0,8
CD Mostoles,8,3,0,5,11,13,-2,9,spain9,0.38,0.38,-2,1.38,2.63,2.63,9
Atletico Paso,8,2,2,4,9,12,-3,8,spain9,0.25,0.5,-3,1.12,4.0,2.0,10
Yaiza,8,1,3,4,7,10,-3,6,spain9,0.12,0.5,-3,0.88,8.33,2.0,11
Illescas,8,2,0,6,5,13,-8,6,spain9,0.25,0.25,-8,0.62,4.0,4.0,11
AIK,0,0,0,0,0,0,0,0,sweden,0.0,0.0,0,0.0,0.0,0.0,1
Brommapojkarna,0,0,0,0,0,0,0,0,sweden,0.0,0.0,0,0.0,0.0,0.0,1
Degerfors,0,0,0,0,0,0,0,0,sweden,0.0,0.0,0,0.0,0.0,0.0,1
Djurgarden,0,0,0,0,0,0,0,0,sweden,0.0,0.0,0,0.0,0.0,0.0,1
Elfsborg,0,0,0,0,0,0,0,0,sweden,0.0,0.0,0,0.0,0.0,0.0,1
GAIS,0,0,0,0,0,0,0,0,sweden,0.0,0.0,0,0.0,0.0,0.0,1
Hacken,0,0,0,0,0,0,0,0,sweden,0.0,0.0,0,0.0,0.0,0.0,1
Halmstad,0,0,0,0,0,0,0,0,sweden,0.0,0.0,0,0.0,0.0,0.0,1
Hammarby,0,0,0,0,0,0,0,0,sweden,0.0,0.0,0,0.0,0.0,0.0,1
IFK Goteborg,0,0,0,0,0,0,0,0,sweden,0.0,0.0,0,0.0,0.0,0.0,1
Malmo FF,0,0,0,0,0,0,0,0,sweden,0.0,0.0,0,0.0,0.0,0.0,1
Mjallby,0,0,0,0,0,0,0,0,sweden,0.0,0.0,0,0.0,0.0,0.0,1
Norrkoping,0,0,0,0,0,0,0,0,sweden,0.0,0.0,0,0.0,0.0,0.0,1
Oster,0,0,0,0,0,0,0,0,sweden,0.0,0.0,0,0.0,0.0,0.0,1
Sirius,0,0,0,0,0,0,0,0,sweden,0.0,0.0,0,0.0,0.0,0.0,1
Varnamo,0,0,0,0,0,0,0,0,sweden,0.0,0.0,0,0.0,0.0,0.0,1
Brage,0,0,0,0,0,0,0,0,sweden2,0.0,0.0,0,0.0,0.0,0.0,1
Falkenberg,0,0,0,0,0,0,0,0,sweden2,0.0,0.0,0,0.0,0.0,0.0,1
GIF Sundsvall,0,0,0,0,0,0,0,0,sweden2,0.0,0.0,0,0.0,0.0,0.0,1
Helsingborg,0,0,0,0,0,0,0,0,sweden2,0.0,0.0,0,0.0,0.0,0.0,1
Kalmar,0,0,0,0,0,0,0,0,sweden2,0.0,0.0,0,0.0,0.0,0.0,1
Landskrona,0,0,0,0,0,0,0,0,sweden2,0.0,0.0,0,0.0,0.0,0.0,1
Oddevold,0,0,0,0,0,0,0,0,sweden2,0.0,0.0,0,0.0,0.0,0.0,1
Orebro,0,0,0,0,0,0,0,0,sweden2,0.0,0.0,0,0.0,0.0,0.0,1
Orgryte,0,0,0,0,0,0,0,0,sweden2,0.0,0.0,0,0.0,0.0,0.0,1
Ostersunds,0,0,0,0,0,0,0,0,sweden2,0.0,0.0,0,0.0,0.0,0.0,1
Sandviken,0,0,0,0,0,0,0,0,sweden2,0.0,0.0,0,0.0,0.0,0.0,1
Trelleborg,0,0,0,0,0,0,0,0,sweden2,0.0,0.0,0,0.0,0.0,0.0,1
Umea,0,0,0,0,0,0,0,0,sweden2,0.0,0.0,0,0.0,0.0,0.0,1
Utsikten,0,0,0,0,0,0,0,0,sweden2,0.0,0.0,0,0.0,0.0,0.0,1
Varberg BoIS,0,0,0,0,0,0,0,0,sweden2,0.0,0.0,0,0.0,0.0,0.0,1
Vasteras,0,0,0,0,0,0,0,0,sweden2,0.0,0.0,0,0.0,0.0,0.0,1
BSC Young Boys,8,7,1,0,22,5,17,22,switzerland,0.88,1.0,17,2.75,1.14,1.0,1
FC Basel,8,5,2,1,18,6,12,17,switzerland,0.62,0.88,12,2.25,1.61,1.14,2
Luzern,8,5,2,1,15,10,5,17,switzerland,0.62,0.88,5,1.88,1.61,1.14,2
Lausanne Sport,8,4,2,2,12,6,6,14,switzerland,0.5,0.75,6,1.5,2.0,1.33,3
Sion,8,4,2,2,16,13,3,14,switzerland,0.5,0.75,3,2.0,2.0,1.33,3
Lugano,8,4,2,2,15,13,2,14,switzerland,0.5,0.75,2,1.88,2.0,1.33,3
Servette,8,3,4,1,14,9,5,13,switzerland,0.38,0.88,5,1.75,2.63,1.14,4
St. Gallen,8,3,4,1,12,10,2,13,switzerland,0.38,0.88,2,1.5,2.63,1.14,4
Yverdon,8,3,2,3,9,9,0,11,switzerland,0.38,0.62,0,1.12,2.63,1.61,5
FC Zurich,8,3,1,4,9,12,-3,10,switzerland,0.38,0.5,-3,1.12,2.63,2.0,6
Winterthur,8,3,0,5,13,18,-5,9,switzerland,0.38,0.38,-5,1.62,2.63,2.63,7
Grasshopper,8,1,5,2,8,9,-1,8,switzerland,0.12,0.75,-1,1.0,8.33,1.33,8
Ratchaburi,8,6,2,0,17,3,14,20,thailand,0.75,1.0,14,2.12,1.33,1.0,1
Bangkok Utd,8,6,2,0,18,9,9,20,thailand,0.75,1.0,9,2.25,1.33,1.0,1
Buriram Utd,8,6,1,1,28,2,26,19,thailand,0.75,0.88,26,3.5,1.33,1.14,2
Pathum Utd,8,6,0,2,11,5,6,18,thailand,0.75,0.75,6,1.38,1.33,1.33,3
Chiangrai Utd,8,5,1,2,9,4,5,16,thailand,0.62,0.75,5,1.12,1.61,1.33,4
Sukhothai,8,5,1,2,16,12,4,16,thailand,0.62,0.75,4,2.0,1.61,1.33,4
Prachuap,8,4,3,1,15,9,6,15,thailand,0.5,0.88,6,1.88,2.0,1.14,5
Muang Thong Utd,8,5,0,3,15,11,4,15,thailand,0.62,0.62,4,1.88,1.61,1.61,5
Port FC,8,4,2,2,16,12,4,14,thailand,0.5,0.75,4,2.0,2.0,1.33,6
N. Bua Pitchaya,8,3,4,1,15,9,6,13,thailand,0.38,0.88,6,1.88,2.63,1.14,7
Uthai Thani,8,3,3,2,11,6,5,12,thailand,0.38,0.75,5,1.38,2.63,1.33,8
N. Ratchasima,8,3,3,2,14,17,-3,12,thailand,0.38,0.75,-3,1.75,2.63,1.33,8
Lamphun Warrior,8,3,2,3,8,9,-1,11,thailand,0.38,0.62,-1,1.0,2.63,1.61,9
Nakhon Pathom,8,3,2,3,9,14,-5,11,thailand,0.38,0.62,-5,1.12,2.63,1.61,9
Rayong,8,2,3,3,14,17,-3,9,thailand,0.25,0.62,-3,1.75,4.0,1.61,10
Khon Kaen Utd,8,0,3,5,3,10,-7,3,thailand,0.0,0.38,-7,0.38,0.0,2.63,11
Chonburi,8,6,1,1,20,8,12,19,thailand2,0.75,0.88,12,2.5,1.33,1.14,1
Lampang,8,5,2,1,19,10,9,17,thailand2,0.62,0.88,9,2.38,1.61,1.14,2
Ayutthaya Utd,8,5,2,1,14,7,7,17,thailand2,0.62,0.88,7,1.75,1.61,1.14,2
Nakhon Si,8,5,1,2,19,11,8,16,thailand2,0.62,0.75,8,2.38,1.61,1.33,3
Kasetsart,8,5,1,2,9,5,4,16,thailand2,0.62,0.75,4,1.12,1.61,1.33,3
Phrae Utd,8,4,2,2,19,9,10,14,thailand2,0.5,0.75,10,2.38,2.0,1.33,4
Trat FC,8,4,2,2,16,11,5,14,thailand2,0.5,0.75,5,2.0,2.0,1.33,4
Sisaket Utd,8,4,2,2,8,6,2,14,thailand2,0.5,0.75,2,1.0,2.0,1.33,4
Chanthaburi,8,4,1,3,9,7,2,13,thailand2,0.5,0.62,2,1.12,2.0,1.61,5
Suphanburi,8,3,3,2,20,15,5,12,thailand2,0.38,0.75,5,2.5,2.63,1.33,6
Police Tero,8,3,3,2,9,7,2,12,thailand2,0.38,0.75,2,1.12,2.63,1.33,6
Kanchanaburi,8,3,3,2,11,10,1,12,thailand2,0.38,0.75,1,1.38,2.63,1.33,6
Chainat,8,3,3,2,8,7,1,12,thailand2,0.38,0.75,1,1.0,2.63,1.33,6
Bangkok FC,8,3,3,2,9,10,-1,12,thailand2,0.38,0.75,-1,1.12,2.63,1.33,6
Chiangmai Utd,8,3,2,3,13,14,-1,11,thailand2,0.38,0.62,-1,1.62,2.63,1.61,7
Mahasarakham,8,3,1,4,13,15,-2,10,thailand2,0.38,0.5,-2,1.62,2.63,2.0,8
Pattaya United,8,1,2,5,3,12,-9,5,thailand2,0.12,0.38,-9,0.38,8.33,2.63,9
Samut Prakan,0,0,0,0,0,0,0,0,thailand2,0.0,0.0,0,0.0,0.0,0.0,10
Fenerbahce,8,8,0,0,24,8,16,24,turkey,1.0,1.0,16,3.0,1.0,1.0,1
Galatasaray,8,6,2,0,19,8,11,20,turkey,0.75,1.0,11,2.38,1.33,1.0,2
Trabzonspor,8,6,1,1,22,6,16,19,turkey,0.75,0.88,16,2.75,1.33,1.14,3
Goztepe,8,6,1,1,18,5,13,19,turkey,0.75,0.88,13,2.25,1.33,1.14,3
Samsunspor,8,6,1,1,18,8,10,19,turkey,0.75,0.88,10,2.25,1.33,1.14,3
Gaziantep,8,6,1,1,10,3,7,19,turkey,0.75,0.88,7,1.25,1.33,1.14,3
Rizespor,8,5,2,1,17,9,8,17,turkey,0.62,0.88,8,2.12,1.61,1.14,4
Antalyaspor,8,5,2,1,13,10,3,17,turkey,0.62,0.88,3,1.62,1.61,1.14,4
Alanyaspor,8,5,0,3,17,14,3,15,turkey,0.62,0.62,3,2.12,1.61,1.61,5
Eyupspor,8,4,2,2,13,8,5,14,turkey,0.5,0.75,5,1.62,2.0,1.33,6
Besiktas,8,4,2,2,11,9,2,14,turkey,0.5,0.75,2,1.38,2.0,1.33,6
Kasimpasa,8,4,2,2,19,18,1,14,turkey,0.5,0.75,1,2.38,2.0,1.33,6
Basaksehir,8,4,1,3,13,8,5,13,turkey,0.5,0.62,5,1.62,2.0,1.61,7
Kayserispor,8,4,1,3,12,15,-3,13,turkey,0.5,0.62,-3,1.5,2.0,1.61,7
Konyaspor,8,3,3,2,12,10,2,12,turkey,0.38,0.75,2,1.5,2.63,1.33,8
Bodrumspor,8,3,3,2,5,3,2,12,turkey,0.38,0.75,2,0.62,2.63,1.33,8
Sivasspor,8,2,4,2,12,10,2,10,turkey,0.25,0.75,2,1.5,4.0,1.33,9
Hatayspor,8,2,3,3,11,12,-1,9,turkey,0.25,0.62,-1,1.38,4.0,1.61,10
Adana Demirspor,8,1,2,5,6,14,-8,5,turkey,0.12,0.38,-8,0.75,8.33,2.63,11
Istanbulspor,8,7,1,0,18,2,16,22,turkey2,0.88,1.0,16,2.25,1.14,1.0,1
Amed SK,8,5,3,0,15,6,9,18,turkey2,0.62,1.0,9,1.88,1.61,1.0,2
Kocaelispor,8,5,2,1,13,4,9,17,turkey2,0.62,0.88,9,1.62,1.61,1.14,3
Genclerbirligi,8,5,1,2,14,5,9,16,turkey2,0.62,0.75,9,1.75,1.61,1.33,4
Bandirmaspor,8,5,1,2,14,9,5,16,turkey2,0.62,0.75,5,1.75,1.61,1.33,4
Corum,8,4,3,1,15,7,8,15,turkey2,0.5,0.88,8,1.88,2.0,1.14,5
Umraniyespor,8,4,3,1,8,5,3,15,turkey2,0.5,0.88,3,1.0,2.0,1.14,5
F. Karagumruk,8,4,2,2,13,8,5,14,turkey2,0.5,0.75,5,1.62,2.0,1.33,6
Igdir,8,4,1,3,10,5,5,13,turkey2,0.5,0.62,5,1.25,2.0,1.61,7
Adanaspor,8,3,4,1,10,6,4,13,turkey2,0.38,0.88,4,1.25,2.63,1.14,7
Sakaryaspor,8,3,3,2,15,11,4,12,turkey2,0.38,0.75,4,1.88,2.63,1.33,8
Pendikspor,8,3,3,2,10,7,3,12,turkey2,0.38,0.75,3,1.25,2.63,1.33,8
Erokspor,8,2,5,1,10,8,2,11,turkey2,0.25,0.88,2,1.25,4.0,1.14,9
Ankaragucu,8,3,1,4,11,9,2,10,turkey2,0.38,0.5,2,1.38,2.63,2.0,10
Erzurum BB,8,2,3,3,7,8,-1,9,turkey2,0.25,0.62,-1,0.88,4.0,1.61,11
Boluspor,8,2,3,3,8,10,-2,9,turkey2,0.25,0.62,-2,1.0,4.0,1.61,11
Keciorengucu,8,2,2,4,18,13,5,8,turkey2,0.25,0.5,5,2.25,4.0,2.0,12
Sanliurfaspor,8,2,2,4,4,7,-3,8,turkey2,0.25,0.5,-3,0.5,4.0,2.0,12
Manisa BB,8,2,1,5,6,12,-6,7,turkey2,0.25,0.38,-6,0.75,4.0,2.63,13
Y. Malatyaspor,8,0,0,8,5,34,-29,0,turkey2,0.0,0.0,-29,0.62,0.0,0.0,14
Sariyer,8,7,1,0,26,4,22,22,turkey3,0.88,1.0,22,3.25,1.14,1.0,1
B. Petrolspor,8,7,1,0,20,5,15,22,turkey3,0.88,1.0,15,2.5,1.14,1.0,1
Adana,8,6,1,1,22,5,17,19,turkey3,0.75,0.88,17,2.75,1.33,1.14,2
Kastamonuspor,8,5,3,0,15,3,12,18,turkey3,0.62,1.0,12,1.88,1.61,1.0,3
Iskenderun,8,5,3,0,16,5,11,18,turkey3,0.62,1.0,11,2.0,1.61,1.0,3
B. Anadolu,8,5,1,2,9,7,2,16,turkey3,0.62,0.75,2,1.12,1.61,1.33,4
Altinordu,8,4,3,1,16,10,6,15,turkey3,0.5,0.88,6,2.0,2.0,1.14,5
Kirklarelispor,8,4,2,2,12,6,6,14,turkey3,0.5,0.75,6,1.5,2.0,1.33,6
Isparta Davrazs,8,3,4,1,12,6,6,13,turkey3,0.38,0.88,6,1.5,2.63,1.14,7
Inegolspor,8,3,4,1,12,8,4,13,turkey3,0.38,0.88,4,1.5,2.63,1.14,7
Ankaraspor,8,3,2,3,13,7,6,11,turkey3,0.38,0.62,6,1.62,2.63,1.61,8
Fethiyespor,8,2,5,1,5,3,2,11,turkey3,0.25,0.88,2,0.62,4.0,1.14,8
24 Erzincanspor,8,3,2,3,11,14,-3,11,turkey3,0.38,0.62,-3,1.38,2.63,1.61,8
Trabzon FK,8,3,2,3,7,10,-3,11,turkey3,0.38,0.62,-3,0.88,2.63,1.61,8
Karakopru,8,2,3,3,14,12,2,9,turkey3,0.25,0.62,2,1.75,4.0,1.61,9
Altay,8,3,0,5,8,15,-7,9,turkey3,0.38,0.38,-7,1.0,2.63,2.63,9
Kepez Belediyes,8,2,1,5,7,13,-6,7,turkey3,0.25,0.38,-6,0.88,4.0,2.63,10
Afyonspor,8,0,0,8,1,26,-25,0,turkey3,0.0,0.0,-25,0.12,0.0,0.0,11
Aksaray B.,8,6,2,0,20,7,13,20,turkey4,0.75,1.0,13,2.5,1.33,1.0,1
Elazigspor,8,6,2,0,17,6,11,20,turkey4,0.75,1.0,11,2.12,1.33,1.0,1
Beyoglu Yeni C.,8,6,1,1,13,7,6,19,turkey4,0.75,0.88,6,1.62,1.33,1.14,2
Van Spor,8,5,2,1,19,8,11,17,turkey4,0.62,0.88,11,2.38,1.61,1.14,3
Menemen B.,8,5,1,2,16,10,6,16,turkey4,0.62,0.75,6,2.0,1.61,1.33,4
Erbaaspor,8,5,1,2,15,14,1,16,turkey4,0.62,0.75,1,1.88,1.61,1.33,4
Karacabey,8,4,3,1,15,10,5,15,turkey4,0.5,0.88,5,1.88,2.0,1.14,5
Serik Belediyes,8,4,3,1,13,9,4,15,turkey4,0.5,0.88,4,1.62,2.0,1.14,5
Derince,8,3,3,2,8,10,-2,12,turkey4,0.38,0.75,-2,1.0,2.63,1.33,6
A. Demirspor,8,2,5,1,10,8,2,11,turkey4,0.25,0.88,2,1.25,4.0,1.14,7
Diyarbekirspor,8,3,2,3,4,5,-1,11,turkey4,0.38,0.62,-1,0.5,2.63,1.61,7
Bucaspor,8,3,2,3,9,11,-2,11,turkey4,0.38,0.62,-2,1.12,2.63,1.61,7
Arnavutkoy B.,8,3,2,3,9,12,-3,11,turkey4,0.38,0.62,-3,1.12,2.63,1.61,7
Somaspor,8,2,2,4,10,9,1,8,turkey4,0.25,0.5,1,1.25,4.0,2.0,8
Nazillispor,8,2,2,4,10,18,-8,8,turkey4,0.25,0.5,-8,1.25,4.0,2.0,8
Karaman,8,1,4,3,5,8,-3,7,turkey4,0.12,0.62,-3,0.62,8.33,1.61,9
Yeni Mersin,8,1,1,6,3,17,-14,4,turkey4,0.12,0.25,-14,0.38,8.33,4.0,10
Giresunspor,8,0,2,6,5,20,-15,2,turkey4,0.0,0.25,-15,0.62,0.0,4.0,11
Duzcespor,8,6,1,1,14,5,9,19,turkey5,0.75,0.88,9,1.75,1.33,1.14,1
Bursaspor,8,5,3,0,16,4,12,18,turkey5,0.62,1.0,12,2.0,1.61,1.0,2
Karsiyaka,8,5,2,1,11,7,4,17,turkey5,0.62,0.88,4,1.38,1.61,1.14,3
Anadolu U.,8,3,5,0,12,5,7,14,turkey5,0.38,1.0,7,1.5,2.63,1.0,4
Musspor,8,3,5,0,12,7,5,14,turkey5,0.38,1.0,5,1.5,2.63,1.0,4
Kutahyaspor,8,4,2,2,15,11,4,14,turkey5,0.5,0.75,4,1.88,2.0,1.33,4
K. Bulvarspor,8,4,1,3,12,8,4,13,turkey5,0.5,0.62,4,1.5,2.0,1.61,5
Silifke,8,3,3,2,13,9,4,12,turkey5,0.38,0.75,4,1.62,2.63,1.33,6
Artvin Hopaspor,8,3,3,2,6,7,-1,12,turkey5,0.38,0.75,-1,0.75,2.63,1.33,6
Tokat,8,3,1,4,9,10,-1,10,turkey5,0.38,0.5,-1,1.12,2.63,2.0,7
Elaziz K.,8,2,2,4,8,12,-4,8,turkey5,0.25,0.5,-4,1.0,4.0,2.0,8
Kahramanmar.,8,2,1,5,8,12,-4,7,turkey5,0.25,0.38,-4,1.0,4.0,2.63,9
Kusadasispor,8,2,1,5,4,11,-7,7,turkey5,0.25,0.38,-7,0.5,4.0,2.63,9
Ergene Velimese,8,1,3,4,5,11,-6,6,turkey5,0.12,0.5,-6,0.62,8.33,2.0,10
Kirsehir B.,8,2,0,6,6,18,-12,6,turkey5,0.25,0.25,-12,0.75,4.0,4.0,10
Viven Bornova,8,1,3,4,6,20,-14,6,turkey5,0.12,0.5,-14,0.75,8.33,2.0,10
Muglaspor,8,5,3,0,8,2,6,18,turkey6,0.62,1.0,6,1.0,1.61,1.0,1
Amasyaspor,8,5,2,1,13,5,8,17,turkey6,0.62,0.88,8,1.62,1.61,1.14,2
Balikesirspor,8,5,1,2,14,5,9,16,turkey6,0.62,0.75,9,1.75,1.61,1.33,3
Etimesgut,8,4,2,2,11,6,5,14,turkey6,0.5,0.75,5,1.38,2.0,1.33,4
Mazidagi,8,3,4,1,7,4,3,13,turkey6,0.38,0.88,3,0.88,2.63,1.14,5
Usakspor,8,3,3,2,21,9,12,12,turkey6,0.38,0.75,12,2.62,2.63,1.33,6
Silivrispor,8,3,3,2,8,6,2,12,turkey6,0.38,0.75,2,1.0,2.63,1.33,6
Cayelispor,8,3,3,2,7,8,-1,12,turkey6,0.38,0.75,-1,0.88,2.63,1.33,6
Inegol Kafkas,8,3,1,4,11,11,0,10,turkey6,0.38,0.5,0,1.38,2.63,2.0,7
Nevsehirspor,8,1,6,1,6,6,0,9,turkey6,0.12,0.88,0,0.75,8.33,1.14,8
Fatsa B.,8,2,2,4,6,8,-2,8,turkey6,0.25,0.5,-2,0.75,4.0,2.0,9
Beykoz Ishaklis,8,2,2,4,10,14,-4,8,turkey6,0.25,0.5,-4,1.25,4.0,2.0,9
Turk Metal 1963,8,2,2,4,10,15,-5,8,turkey6,0.25,0.5,-5,1.25,4.0,2.0,9
Kelkit,8,1,4,3,7,10,-3,7,turkey6,0.12,0.62,-3,0.88,8.33,1.61,10
Tire 2021 FK,8,1,3,4,11,15,-4,6,turkey6,0.12,0.5,-4,1.38,8.33,2.0,11
Adiyaman,8,0,1,7,4,21,-17,1,turkey6,0.0,0.12,-17,0.5,0.0,8.33,12
Ayvalikgucu,8,7,1,0,18,11,7,22,turkey7,0.88,1.0,7,2.25,1.14,1.0,1
Corluspor,8,7,0,1,21,9,12,21,turkey7,0.88,0.88,12,2.62,1.14,1.14,2
Orduspor,8,6,2,0,17,5,12,20,turkey7,0.75,1.0,12,2.12,1.33,1.0,3
Yozgat Bld Bozo,8,6,2,0,16,5,11,20,turkey7,0.75,1.0,11,2.0,1.33,1.0,3
Aliaga FAS,8,5,3,0,17,4,13,18,turkey7,0.62,1.0,13,2.12,1.61,1.0,4
Kucukcekmece,8,5,3,0,14,4,10,18,turkey7,0.62,1.0,10,1.75,1.61,1.0,4
Osmaniyespor,8,4,4,0,14,7,7,16,turkey7,0.5,1.0,7,1.75,2.0,1.0,5
Cankaya FK,8,3,4,1,8,6,2,13,turkey7,0.38,0.88,2,1.0,2.63,1.14,6
Viransehir,8,3,3,2,9,9,0,12,turkey7,0.38,0.75,0,1.12,2.63,1.33,7
Pazarspor,8,3,2,3,6,7,-1,11,turkey7,0.38,0.62,-1,0.75,2.63,1.61,8
K. Idmanyurdu,8,3,1,4,9,8,1,10,turkey7,0.38,0.5,1,1.12,2.63,2.0,9
Alanya 1221,8,2,3,3,7,7,0,9,turkey7,0.25,0.62,0,0.88,4.0,1.61,10
Bursa,8,3,0,5,8,11,-3,9,turkey7,0.38,0.38,-3,1.0,2.63,2.63,10
Bayburt,8,2,2,4,7,10,-3,8,turkey7,0.25,0.5,-3,0.88,4.0,2.0,11
1922 Konyaspor,8,1,3,4,5,10,-5,6,turkey7,0.12,0.5,-5,0.62,8.33,2.0,12
Efeler 09,8,1,2,5,5,11,-6,5,turkey7,0.12,0.38,-6,0.62,8.33,2.63,13
Mardin BB,8,7,1,0,23,3,20,22,turkey8,0.88,1.0,20,2.88,1.14,1.0,1
Agri 1970,8,7,1,0,13,4,9,22,turkey8,0.88,1.0,9,1.62,1.14,1.0,1
Sebat G.,8,7,0,1,26,5,21,21,turkey8,0.88,0.88,21,3.25,1.14,1.14,2
Orduspor 1967,8,5,3,0,17,3,14,18,turkey8,0.62,1.0,14,2.12,1.61,1.0,3
K. Istiklalspor,8,5,3,0,15,5,10,18,turkey8,0.62,1.0,10,1.88,1.61,1.0,3
Coruhlu,8,5,2,1,13,8,5,17,turkey8,0.62,0.88,5,1.62,1.61,1.14,4
Z. Komurspor,8,5,2,1,10,8,2,17,turkey8,0.62,0.88,2,1.25,1.61,1.14,4
Kirikkale B.,8,4,4,0,11,5,6,16,turkey8,0.5,1.0,6,1.38,2.0,1.0,5
Nilufer B.,8,4,2,2,14,8,6,14,turkey8,0.5,0.75,6,1.75,2.0,1.33,6
Polatli B.,8,3,4,1,10,7,3,13,turkey8,0.38,0.88,3,1.25,2.63,1.14,7
Nigde Belediyes,8,3,2,3,9,12,-3,11,turkey8,0.38,0.62,-3,1.12,2.63,1.61,8
Erciyes,8,3,1,4,7,12,-5,10,turkey8,0.38,0.5,-5,0.88,2.63,2.0,9
Denizlispor,8,3,0,5,7,17,-10,9,turkey8,0.38,0.38,-10,0.88,2.63,2.63,10
Tepecik,8,1,3,4,7,13,-6,6,turkey8,0.12,0.5,-6,0.88,8.33,2.0,11
Turgutluspor,8,1,2,5,13,18,-5,5,turkey8,0.12,0.38,-5,1.62,8.33,2.63,12
Edirnespor,8,1,2,5,9,16,-7,5,turkey8,0.12,0.38,-7,1.12,8.33,2.63,12
Shabab Al Ahli,8,7,1,0,16,3,13,22,uae,0.88,1.0,13,2.0,1.14,1.0,1
Al Sharjah,8,7,0,1,14,2,12,21,uae,0.88,0.88,12,1.75,1.14,1.14,2
Al Wahda,8,5,2,1,19,10,9,17,uae,0.62,0.88,9,2.38,1.61,1.14,3
Al Jazira,8,5,1,2,15,7,8,16,uae,0.62,0.75,8,1.88,1.61,1.33,4
Ajman,8,5,1,2,19,12,7,16,uae,0.62,0.75,7,2.38,1.61,1.33,4
Al Nasr,8,5,1,2,16,11,5,16,uae,0.62,0.75,5,2.0,1.61,1.33,4
Al Wasl,8,4,2,2,19,10,9,14,uae,0.5,0.75,9,2.38,2.0,1.33,5
Al Ain,8,4,2,2,15,7,8,14,uae,0.5,0.75,8,1.88,2.0,1.33,5
Ittihad Kalba,8,4,2,2,15,9,6,14,uae,0.5,0.75,6,1.88,2.0,1.33,5
Khorfakkan,8,3,3,2,14,11,3,12,uae,0.38,0.75,3,1.75,2.63,1.33,6
Bani Yas,8,2,3,3,8,14,-6,9,uae,0.25,0.62,-6,1.0,4.0,1.61,7
Al Bataeh,8,1,2,5,8,17,-9,5,uae,0.12,0.38,-9,1.0,8.33,2.63,8
Dibba Al Hisn,8,1,1,6,8,21,-13,4,uae,0.12,0.25,-13,1.0,8.33,4.0,9
Al Urooba,8,1,0,7,10,20,-10,3,uae,0.12,0.12,-10,1.25,8.33,8.33,10
Shakhtar,8,6,2,0,20,5,15,20,ukraine,0.75,1.0,15,2.5,1.33,1.0,1
Oleksandria,8,6,2,0,16,3,13,20,ukraine,0.75,1.0,13,2.0,1.33,1.0,1
Dynamo Kyiv,8,6,2,0,19,7,12,20,ukraine,0.75,1.0,12,2.38,1.33,1.0,1
Karpaty Lviv,8,5,2,1,12,3,9,17,ukraine,0.62,0.88,9,1.5,1.61,1.14,2
Veres,8,4,4,0,17,9,8,16,ukraine,0.5,1.0,8,2.12,2.0,1.0,3
Zorya Luhansk,8,5,0,3,11,8,3,15,ukraine,0.62,0.62,3,1.38,1.61,1.61,4
Polessya,8,3,4,1,9,6,3,13,ukraine,0.38,0.88,3,1.12,2.63,1.14,5
Kryvbas KR,8,3,3,2,11,9,2,12,ukraine,0.38,0.75,2,1.38,2.63,1.33,6
Livyi Bereh,8,3,2,3,7,8,-1,11,ukraine,0.38,0.62,-1,0.88,2.63,1.61,7
LNZ Cherkasy,8,3,1,4,10,10,0,10,ukraine,0.38,0.5,0,1.25,2.63,2.0,8
Vorskla Poltava,8,2,3,3,5,6,-1,9,ukraine,0.25,0.62,-1,0.62,4.0,1.61,9
Obolon,8,2,3,3,4,9,-5,9,ukraine,0.25,0.62,-5,0.5,4.0,1.61,9
Kolos Kovalivka,8,1,4,3,4,6,-2,7,ukraine,0.12,0.62,-2,0.5,8.33,1.61,10
Chornomorets,8,2,1,5,5,11,-6,7,ukraine,0.25,0.38,-6,0.62,4.0,2.63,10
Rukh Lviv,8,1,3,4,4,8,-4,6,ukraine,0.12,0.5,-4,0.5,8.33,2.0,11
Inhulets,4,1,0,3,2,4,-2,3,ukraine,0.25,0.25,-2,0.5,4.0,4.0,12
Dnipro-1,0,0,0,0,0,0,0,0,ukraine,0.0,0.0,0,0.0,0.0,0.0,13
Liverpool M.,3,3,0,0,8,3,5,9,uruguay,1.0,1.0,5,2.67,1.0,1.0,1
Cerro Largo,3,2,1,0,8,4,4,7,uruguay,0.67,1.0,4,2.67,1.49,1.0,2
Montevideo City,3,2,1,0,4,2,2,7,uruguay,0.67,1.0,2,1.33,1.49,1.0,2
Defensor S.,3,2,0,1,4,1,3,6,uruguay,0.67,0.67,3,1.33,1.49,1.49,3
Plaza Colonia,3,2,0,1,4,2,2,6,uruguay,0.67,0.67,2,1.33,1.49,1.49,3
Wanderers,3,1,2,0,4,1,3,5,uruguay,0.33,1.0,3,1.33,3.03,1.0,4
Juventud,2,1,1,0,3,2,1,4,uruguay,0.5,1.0,1,1.5,2.0,1.0,5
Cerro,3,1,1,1,3,3,0,4,uruguay,0.33,0.67,0,1.0,3.03,1.49,5
Miramar Misione,4,1,1,2,3,4,-1,4,uruguay,0.25,0.5,-1,0.75,4.0,2.0,5
Racing CM,2,1,0,1,3,2,1,3,uruguay,0.5,0.5,1,1.5,2.0,2.0,6
Danubio,3,0,3,0,2,2,0,3,uruguay,0.0,1.0,0,0.67,0.0,1.0,6
Nacional,2,0,2,0,4,4,0,2,uruguay,0.0,1.0,0,2.0,0.0,1.0,7
Boston River,2,0,1,1,2,3,-1,1,uruguay,0.0,0.5,-1,1.0,0.0,2.0,8
River Plate,2,0,1,1,1,2,-1,1,uruguay,0.0,0.5,-1,0.5,0.0,2.0,8
Penarol,2,0,1,1,1,3,-2,1,uruguay,0.0,0.5,-2,0.5,0.0,2.0,8
Progreso,3,0,1,2,4,10,-6,1,uruguay,0.0,0.33,-6,1.33,0.0,3.03,8
Nacional,4,3,1,0,8,2,6,10,uruguay2,0.75,1.0,6,2.0,1.33,1.0,1
Wanderers,4,3,0,1,8,5,3,9,uruguay2,0.75,0.75,3,2.0,1.33,1.33,2
Penarol,4,2,2,0,5,2,3,8,uruguay2,0.5,1.0,3,1.25,2.0,1.0,3
Cerro,4,2,1,1,7,2,5,7,uruguay2,0.5,0.75,5,1.75,2.0,1.33,4
Fenix,4,2,1,1,6,4,2,7,uruguay2,0.5,0.75,2,1.5,2.0,1.33,4
Boston River,4,2,0,2,5,5,0,6,uruguay2,0.5,0.5,0,1.25,2.0,2.0,5
Progreso,4,2,0,2,4,5,-1,6,uruguay2,0.5,0.5,-1,1.0,2.0,2.0,5
Danubio,3,2,0,1,4,6,-2,6,uruguay2,0.67,0.67,-2,1.33,1.49,1.49,5
Rampla Juniors,3,1,1,1,5,5,0,4,uruguay2,0.33,0.67,0,1.67,3.03,1.49,6
Miramar Misione,3,1,1,1,3,3,0,4,uruguay2,0.33,0.67,0,1.0,3.03,1.49,6
Cerro Largo,4,1,1,2,3,7,-4,4,uruguay2,0.25,0.5,-4,0.75,4.0,2.0,6
Racing CM,3,1,0,2,2,3,-1,3,uruguay2,0.33,0.33,-1,0.67,3.03,3.03,7
Liverpool M.,3,1,0,2,1,2,-1,3,uruguay2,0.33,0.33,-1,0.33,3.03,3.03,7
Defensor S.,3,0,2,1,2,3,-1,2,uruguay2,0.0,0.67,-1,0.67,0.0,1.49,8
River Plate,3,0,2,1,4,6,-2,2,uruguay2,0.0,0.67,-2,1.33,0.0,1.49,8
D. Maldonado,3,0,1,2,2,6,-4,1,uruguay2,0.0,0.33,-4,0.67,0.0,3.03,9
Charlotte,2,2,0,0,4,0,4,6,usa,1.0,1.0,4,2.0,1.0,1.0,1
Vancouver,2,2,0,0,4,1,3,6,usa,1.0,1.0,3,2.0,1.0,1.0,1
Cincinnati,2,2,0,0,3,0,3,6,usa,1.0,1.0,3,1.5,1.0,1.0,1
New York City,2,2,0,0,4,2,2,6,usa,1.0,1.0,2,2.0,1.0,1.0,1
Los Angeles FC,3,2,0,1,2,1,1,6,usa,0.67,0.67,1,0.67,1.49,1.49,1
DC United,3,1,2,0,4,3,1,5,usa,0.33,1.0,1,1.33,3.03,1.0,2
Seattle,2,1,1,0,7,4,3,4,usa,0.5,1.0,3,3.5,2.0,1.0,3
Columbus Crew,2,1,1,0,4,2,2,4,usa,0.5,1.0,2,2.0,2.0,1.0,3
New York RB,2,1,1,0,4,2,2,4,usa,0.5,1.0,2,2.0,2.0,1.0,3
Nashville SC,2,1,1,0,2,0,2,4,usa,0.5,1.0,2,1.0,2.0,1.0,3
Atlanta Utd,2,1,1,0,3,2,1,4,usa,0.5,1.0,1,1.5,2.0,1.0,3
Inter Miami,2,1,1,0,3,2,1,4,usa,0.5,1.0,1,1.5,2.0,1.0,3
St. Louis City,2,1,1,0,1,0,1,4,usa,0.5,1.0,1,0.5,2.0,1.0,3
Philadelphia,1,1,0,0,4,1,3,3,usa,1.0,1.0,3,4.0,1.0,1.0,4
SJ Earthquakes,3,1,0,2,5,3,2,3,usa,0.33,0.33,2,1.67,3.03,3.03,4
Minnesota Utd,1,1,0,0,1,0,1,3,usa,1.0,1.0,1,1.0,1.0,1.0,4
Orlando City,2,1,0,1,6,6,0,3,usa,0.5,0.5,0,3.0,2.0,2.0,4
Real Salt Lake,2,1,0,1,3,3,0,3,usa,0.5,0.5,0,1.5,2.0,2.0,4
Austin,2,1,0,1,1,1,0,3,usa,0.5,0.5,0,0.5,2.0,2.0,4
Portland,2,1,0,1,2,4,-2,3,usa,0.5,0.5,-2,1.0,2.0,2.0,4
San Diego,2,0,2,0,1,1,0,2,usa,0.0,1.0,0,0.5,0.0,1.0,5
Colorado Rapids,1,0,1,0,3,3,0,1,usa,0.0,1.0,0,3.0,0.0,1.0,6
Chicago Fire,1,0,1,0,2,2,0,1,usa,0.0,1.0,0,2.0,0.0,1.0,6
Sporting KC,2,0,1,1,4,5,-1,1,usa,0.0,0.5,-1,2.0,0.0,2.0,6
CF Montreal,0,0,0,0,0,0,0,0,usa,0.0,0.0,0,0.0,0.0,0.0,7
Toronto,1,0,0,1,1,2,-1,0,usa,0.0,0.0,-1,1.0,0.0,0.0,7
Dallas,2,0,0,2,1,4,-3,0,usa,0.0,0.0,-3,0.5,0.0,0.0,7
New England,2,0,0,2,0,3,-3,0,usa,0.0,0.0,-3,0.0,0.0,0.0,7
Houston Dynamo,3,0,0,3,3,8,-5,0,usa,0.0,0.0,-5,1.0,0.0,0.0,7
San Antonio,2,2,0,0,3,0,3,6,usa2,1.0,1.0,3,1.5,1.0,1.0,1
Orange County,2,1,1,0,6,4,2,4,usa2,0.5,1.0,2,3.0,2.0,1.0,2
Lexington,1,1,0,0,2,0,2,3,usa2,1.0,1.0,2,2.0,1.0,1.0,3
Charleston,2,1,0,1,3,2,1,3,usa2,0.5,0.5,1,1.5,2.0,2.0,3
Monterey Bay,1,1,0,0,3,2,1,3,usa2,1.0,1.0,1,3.0,1.0,1.0,3
Sacramento R.,1,1,0,0,2,1,1,3,usa2,1.0,1.0,1,2.0,1.0,1.0,3
FC Tulsa,1,1,0,0,1,0,1,3,usa2,1.0,1.0,1,1.0,1.0,1.0,3
Las Vegas L.,2,1,0,1,3,3,0,3,usa2,0.5,0.5,0,1.5,2.0,2.0,3
El Paso,2,0,2,0,6,6,0,2,usa2,0.0,1.0,0,3.0,0.0,1.0,4
North Carolina,2,0,1,1,2,3,-1,1,usa2,0.0,0.5,-1,1.0,0.0,2.0,5
Detroit City,0,0,0,0,0,0,0,0,usa2,0.0,0.0,0,0.0,0.0,0.0,6
Hartford A.,0,0,0,0,0,0,0,0,usa2,0.0,0.0,0,0.0,0.0,0.0,6
Indy Eleven,0,0,0,0,0,0,0,0,usa2,0.0,0.0,0,0.0,0.0,0.0,6
Loudoun Utd,0,0,0,0,0,0,0,0,usa2,0.0,0.0,0,0.0,0.0,0.0,6
Louisville City,0,0,0,0,0,0,0,0,usa2,0.0,0.0,0,0.0,0.0,0.0,6
New Mexico,0,0,0,0,0,0,0,0,usa2,0.0,0.0,0,0.0,0.0,0.0,6
Oakland Roots,0,0,0,0,0,0,0,0,usa2,0.0,0.0,0,0.0,0.0,0.0,6
Pittsburgh,0,0,0,0,0,0,0,0,usa2,0.0,0.0,0,0.0,0.0,0.0,6
Rhode Island,0,0,0,0,0,0,0,0,usa2,0.0,0.0,0,0.0,0.0,0.0,6
Tampa Bay,0,0,0,0,0,0,0,0,usa2,0.0,0.0,0,0.0,0.0,0.0,6
Colorado S.,1,0,0,1,1,2,-1,0,usa2,0.0,0.0,-1,1.0,0.0,0.0,6
Phoenix Rising,1,0,0,1,0,1,-1,0,usa2,0.0,0.0,-1,0.0,0.0,0.0,6
Birmingham L.,1,0,0,1,1,3,-2,0,usa2,0.0,0.0,-2,1.0,0.0,0.0,6
Miami FC,2,0,0,2,1,5,-4,0,usa2,0.0,0.0,-4,0.5,0.0,0.0,6
Greenville,2,1,1,0,4,1,3,4,usa3,0.5,1.0,3,2.0,2.0,1.0,1
Naples,2,1,1,0,3,1,2,4,usa3,0.5,1.0,2,1.5,2.0,1.0,1
Charlotte I.,1,1,0,0,1,0,1,3,usa3,1.0,1.0,1,1.0,1.0,1.0,2
Alta,0,0,0,0,0,0,0,0,usa3,0.0,0.0,0,0.0,0.0,0.0,3
Chattanooga RW,0,0,0,0,0,0,0,0,usa3,0.0,0.0,0,0.0,0.0,0.0,3
Forward Madison,0,0,0,0,0,0,0,0,usa3,0.0,0.0,0,0.0,0.0,0.0,3
One Knoxville,0,0,0,0,0,0,0,0,usa3,0.0,0.0,0,0.0,0.0,0.0,3
Portland Hearts,0,0,0,0,0,0,0,0,usa3,0.0,0.0,0,0.0,0.0,0.0,3
Richmond K.,0,0,0,0,0,0,0,0,usa3,0.0,0.0,0,0.0,0.0,0.0,3
Spokane V.,0,0,0,0,0,0,0,0,usa3,0.0,0.0,0,0.0,0.0,0.0,3
Texoma,0,0,0,0,0,0,0,0,usa3,0.0,0.0,0,0.0,0.0,0.0,3
Union Omaha,0,0,0,0,0,0,0,0,usa3,0.0,0.0,0,0.0,0.0,0.0,3
Westchester SC,0,0,0,0,0,0,0,0,usa3,0.0,0.0,0,0.0,0.0,0.0,3
Tormenta,1,0,0,1,2,4,-2,0,usa3,0.0,0.0,-2,2.0,0.0,0.0,3
Rayo Zuliano,5,3,2,0,6,2,4,11,venezuela,0.6,1.0,4,1.2,1.67,1.0,1
D. Tachira,4,3,1,0,4,1,3,10,venezuela,0.75,1.0,3,1.0,1.33,1.0,2
A. Anzoategui,5,2,2,1,6,3,3,8,venezuela,0.4,0.8,3,1.2,2.5,1.25,3
UCV,4,2,2,0,5,3,2,8,venezuela,0.5,1.0,2,1.25,2.0,1.0,3
Caracas,4,2,2,0,2,0,2,8,venezuela,0.5,1.0,2,0.5,2.0,1.0,3
D. La Guaira,3,2,1,0,7,3,4,7,venezuela,0.67,1.0,4,2.33,1.49,1.0,4
Metropolitanos,3,2,1,0,5,1,4,7,venezuela,0.67,1.0,4,1.67,1.49,1.0,4
Monagas,5,2,1,2,6,9,-3,7,venezuela,0.4,0.6,-3,1.2,2.5,1.67,4
E. Merida,4,2,0,2,6,6,0,6,venezuela,0.5,0.5,0,1.5,2.0,2.0,5
Puerto Cabello,3,2,0,1,3,3,0,6,venezuela,0.67,0.67,0,1.0,1.49,1.49,5
Portuguesa,4,2,0,2,3,4,-1,6,venezuela,0.5,0.5,-1,0.75,2.0,2.0,5
Carabobo,3,1,2,0,3,2,1,5,venezuela,0.33,1.0,1,1.0,3.03,1.0,6
Zamora,3,1,0,2,2,4,-2,3,venezuela,0.33,0.33,-2,0.67,3.03,3.03,7
Yaracuyanos,4,0,2,2,2,7,-5,2,venezuela,0.0,0.5,-5,0.5,0.0,2.0,8
Buxoro,1,1,0,0,2,0,2,3,uzbekistan,1.0,1.0,2,2.0,1.0,1.0,1
Qizilqum,1,1,0,0,2,0,2,3,uzbekistan,1.0,1.0,2,2.0,1.0,1.0,1
Xorazm,1,1,0,0,2,0,2,3,uzbekistan,1.0,1.0,2,2.0,1.0,1.0,1
AGMK,1,1,0,0,2,1,1,3,uzbekistan,1.0,1.0,1,2.0,1.0,1.0,1
D. Samarqand,1,1,0,0,1,0,1,3,uzbekistan,1.0,1.0,1,1.0,1.0,1.0,1
Nasaf Qarshi,1,1,0,0,1,0,1,3,uzbekistan,1.0,1.0,1,1.0,1.0,1.0,1
Bunyodkor,1,0,1,0,2,2,0,1,uzbekistan,0.0,1.0,0,2.0,0.0,1.0,2
Andijan,1,0,1,0,1,1,0,1,uzbekistan,0.0,1.0,0,1.0,0.0,1.0,2
Kokand-1912,1,0,1,0,1,1,0,1,uzbekistan,0.0,1.0,0,1.0,0.0,1.0,2
Navbahor,1,0,1,0,0,0,0,1,uzbekistan,0.0,1.0,0,0.0,0.0,1.0,2
Neftchi,1,0,1,0,0,0,0,1,uzbekistan,0.0,1.0,0,0.0,0.0,1.0,2
Mashal,0,0,0,0,0,0,0,0,uzbekistan,0.0,0.0,0,0.0,0.0,0.0,3
Pakhtakor,0,0,0,0,0,0,0,0,uzbekistan,0.0,0.0,0,0.0,0.0,0.0,3
Sogdiana,0,0,0,0,0,0,0,0,uzbekistan,0.0,0.0,0,0.0,0.0,0.0,3
Termez Surkhon,0,0,0,0,0,0,0,0,uzbekistan,0.0,0.0,0,0.0,0.0,0.0,3
Shurtan,1,0,0,1,0,2,-2,0,uzbekistan,0.0,0.0,-2,0.0,0.0,0.0,3
Nam Dinh,7,5,0,2,15,7,8,15,vietnam,0.71,0.71,8,2.14,1.41,1.41,1
Cong An Nhan,8,4,3,1,15,8,7,15,vietnam,0.5,0.88,7,1.88,2.0,1.14,1
Ha Noi,8,4,3,1,12,7,5,15,vietnam,0.5,0.88,5,1.5,2.0,1.14,1
Binh Duong,8,4,2,2,16,12,4,14,vietnam,0.5,0.75,4,2.0,2.0,1.33,2
Hai Phong,8,4,1,3,10,7,3,13,vietnam,0.5,0.62,3,1.25,2.0,1.61,3
Viettel,8,4,1,3,9,9,0,13,vietnam,0.5,0.62,0,1.12,2.0,1.61,3
Quang Nam,8,3,3,2,11,9,2,12,vietnam,0.38,0.75,2,1.38,2.63,1.33,4
Ho Chi Minh,8,3,3,2,6,8,-2,12,vietnam,0.38,0.75,-2,0.75,2.63,1.33,4
Song Lam Nghe,8,3,3,2,5,8,-3,12,vietnam,0.38,0.75,-3,0.62,2.63,1.33,4
Thanh Hoa,8,2,5,1,11,9,2,11,vietnam,0.25,0.88,2,1.38,4.0,1.14,5
Hong Linh Ha T.,8,1,7,0,4,3,1,10,vietnam,0.12,1.0,1,0.5,8.33,1.0,6
Gia Lai,7,2,4,1,7,7,0,10,vietnam,0.29,0.86,0,1.0,3.45,1.16,6
Binh Dinh,8,2,2,4,7,11,-4,8,vietnam,0.25,0.5,-4,0.88,4.0,2.0,7
Da Nang,7,0,5,2,5,9,-4,5,vietnam,0.0,0.71,-4,0.71,0.0,1.41,8
Phu Dong,5,5,0,0,8,1,7,15,vietnam2,1.0,1.0,7,1.6,1.0,1.0,1
PVF-CAND,6,4,0,2,7,7,0,12,vietnam2,0.67,0.67,0,1.17,1.49,1.49,2
Ba Ria Vung Tau,6,3,1,2,9,8,1,10,vietnam2,0.5,0.67,1,1.5,2.0,1.49,3
Binh Phuoc,5,2,2,1,8,6,2,8,vietnam2,0.4,0.8,2,1.6,2.5,1.25,4
Hoa Binh,6,1,5,0,2,1,1,8,vietnam2,0.17,1.0,1,0.33,5.88,1.0,4
S. Khanh Hoa,5,2,1,2,4,3,1,7,vietnam2,0.4,0.6,1,0.8,2.5,1.67,5
Long An,6,1,3,2,4,5,-1,6,vietnam2,0.17,0.67,-1,0.67,5.88,1.49,6
Dong Thap,5,1,2,2,1,2,-1,5,vietnam2,0.2,0.6,-1,0.2,5.0,1.67,7
Ho Chi Minh B,5,1,2,2,3,5,-2,5,vietnam2,0.2,0.6,-2,0.6,5.0,1.67,7
Dong Nai,5,0,3,2,1,4,-3,3,vietnam2,0.0,0.6,-3,0.2,0.0,1.67,8
Hue,6,0,2,4,5,12,-7,2,vietnam2,0.0,0.33,-7,0.83,0.0,3.03,9
The New Saints,8,8,0,0,26,8,18,24,wales,1.0,1.0,18,3.25,1.0,1.0,1
Flint,8,6,1,1,17,7,10,19,wales,0.75,0.88,10,2.12,1.33,1.14,2
Haverfordwest,8,5,3,0,14,4,10,18,wales,0.62,1.0,10,1.75,1.61,1.0,3
Connahs Quay,8,5,1,2,17,6,11,16,wales,0.62,0.75,11,2.12,1.61,1.33,4
Cardiff MU,8,5,1,2,17,12,5,16,wales,0.62,0.75,5,2.12,1.61,1.33,4
Penybont,8,4,4,0,11,6,5,16,wales,0.5,1.0,5,1.38,2.0,1.0,4
Barry,8,4,1,3,13,14,-1,13,wales,0.5,0.62,-1,1.62,2.0,1.61,5
Briton Ferry,8,3,2,3,15,11,4,11,wales,0.38,0.62,4,1.88,2.63,1.61,6
Caernarfon,8,3,1,4,14,20,-6,10,wales,0.38,0.5,-6,1.75,2.63,2.0,7
Bala Town,8,2,2,4,5,10,-5,8,wales,0.25,0.5,-5,0.62,4.0,2.0,8
Aberystwyth,8,2,1,5,10,18,-8,7,wales,0.25,0.38,-8,1.25,4.0,2.63,9
Newtown,8,0,4,4,8,16,-8,4,wales,0.0,0.5,-8,1.0,0.0,2.0,10
