Equipe_Fora,GP,W,D,L,GF,GA,GD,Pts_Away,Liga,PIA,PIA_HA,GD_Away,GF_AVG_Away,Odd_Justa_MO,Odd_Justa_HA,Rank_Away
Partizani T.,8,3,4,1,11,7,4,13,Albania - Abissnet Superiore,0.38,0.88,4,1.38,2.63,1.14,1
Dinamo Tirana,8,2,5,1,13,8,5,11,Albania - Abissnet Superiore,0.25,0.88,5,1.62,4.0,1.14,2
AF Elbasani,8,2,5,1,8,7,1,11,Albania - Abissnet Superiore,0.25,0.88,1,1.0,4.0,1.14,2
Vllaznia S.,8,3,1,4,11,14,-3,10,Albania - Abissnet Superiore,0.38,0.5,-3,1.38,2.63,2.0,3
Egnatia R.,8,2,2,4,7,10,-3,8,Albania - Abissnet Superiore,0.25,0.5,-3,0.88,4.0,2.0,4
Skenderbeu K.,8,1,3,4,5,9,-4,6,Albania - Abissnet Superiore,0.12,0.5,-4,0.62,8.33,2.0,5
Teuta Durres,8,1,3,4,4,12,-8,6,Albania - Abissnet Superiore,0.12,0.5,-8,0.5,8.33,2.0,5
Laci,8,0,3,5,5,10,-5,3,Albania - Abissnet Superiore,0.0,0.38,-5,0.62,0.0,2.63,6
KF Tirana,8,0,3,5,5,12,-7,3,Albania - Abissnet Superiore,0.0,0.38,-7,0.62,0.0,2.63,6
Bylis,8,0,3,5,4,17,-13,3,Albania - Abissnet Superiore,0.0,0.38,-13,0.5,0.0,2.63,6
MC Alger,6,4,2,0,7,3,4,14,Algeria - Ligue 1,0.67,1.0,4,1.17,1.49,1.0,1
CR Belouizdad,6,2,3,1,5,2,3,9,Algeria - Ligue 1,0.33,0.83,3,0.83,3.03,1.2,2
Paradou AC,6,2,3,1,8,6,2,9,Algeria - Ligue 1,0.33,0.83,2,1.33,3.03,1.2,2
JS Kabylie,6,2,2,2,7,6,1,8,Algeria - Ligue 1,0.33,0.67,1,1.17,3.03,1.49,3
ES Setif,7,2,2,3,7,8,-1,8,Algeria - Ligue 1,0.29,0.57,-1,1.0,3.45,1.75,3
USM Alger,6,1,4,1,2,2,0,7,Algeria - Ligue 1,0.17,0.83,0,0.33,5.88,1.2,4
O. Akbou,7,2,1,4,6,7,-1,7,Algeria - Ligue 1,0.29,0.43,-1,0.86,3.45,2.33,4
ASO Chlef,8,1,4,3,3,7,-4,7,Algeria - Ligue 1,0.12,0.62,-4,0.38,8.33,1.61,4
Biskra,8,1,3,4,5,8,-3,6,Algeria - Ligue 1,0.12,0.5,-3,0.62,8.33,2.0,5
Khenchela,6,1,3,2,4,8,-4,6,Algeria - Ligue 1,0.17,0.67,-4,0.67,5.88,1.49,5
El Bayadh,7,2,0,5,4,10,-6,6,Algeria - Ligue 1,0.29,0.29,-6,0.57,3.45,3.45,5
CS Constantine,6,1,2,3,4,7,-3,5,Algeria - Ligue 1,0.17,0.5,-3,0.67,5.88,2.0,6
Mostaganem,8,1,2,5,4,10,-6,5,Algeria - Ligue 1,0.12,0.38,-6,0.5,8.33,2.63,6
NC Magra,8,0,3,5,3,11,-8,3,Algeria - Ligue 1,0.0,0.38,-8,0.38,0.0,2.63,7
MC Oran,7,0,1,6,5,14,-9,1,Algeria - Ligue 1,0.0,0.14,-9,0.71,0.0,7.14,8
JS Saoura,7,0,1,6,3,14,-11,1,Algeria - Ligue 1,0.0,0.14,-11,0.43,0.0,7.14,8
A. Tucuman,0,0,0,0,0,0,0,0,Argentina - Liga Profesional,0.0,0.0,0,0.0,0.0,0.0,1
Aldosivi,0,0,0,0,0,0,0,0,Argentina - Liga Profesional,0.0,0.0,0,0.0,0.0,0.0,1
Argentinos Jrs,0,0,0,0,0,0,0,0,Argentina - Liga Profesional,0.0,0.0,0,0.0,0.0,0.0,1
Banfield,0,0,0,0,0,0,0,0,Argentina - Liga Profesional,0.0,0.0,0,0.0,0.0,0.0,1
Barracas C.,0,0,0,0,0,0,0,0,Argentina - Liga Profesional,0.0,0.0,0,0.0,0.0,0.0,1
Belgrano,0,0,0,0,0,0,0,0,Argentina - Liga Profesional,0.0,0.0,0,0.0,0.0,0.0,1
Boca Juniors,0,0,0,0,0,0,0,0,Argentina - Liga Profesional,0.0,0.0,0,0.0,0.0,0.0,1
Central Cordoba,0,0,0,0,0,0,0,0,Argentina - Liga Profesional,0.0,0.0,0,0.0,0.0,0.0,1
D. Riestra,0,0,0,0,0,0,0,0,Argentina - Liga Profesional,0.0,0.0,0,0.0,0.0,0.0,1
Defensa y J.,0,0,0,0,0,0,0,0,Argentina - Liga Profesional,0.0,0.0,0,0.0,0.0,0.0,1
Estudiantes,0,0,0,0,0,0,0,0,Argentina - Liga Profesional,0.0,0.0,0,0.0,0.0,0.0,1
Gimnasia,0,0,0,0,0,0,0,0,Argentina - Liga Profesional,0.0,0.0,0,0.0,0.0,0.0,1
Godoy Cruz,0,0,0,0,0,0,0,0,Argentina - Liga Profesional,0.0,0.0,0,0.0,0.0,0.0,1
Huracan,0,0,0,0,0,0,0,0,Argentina - Liga Profesional,0.0,0.0,0,0.0,0.0,0.0,1
I. Rivadavia,0,0,0,0,0,0,0,0,Argentina - Liga Profesional,0.0,0.0,0,0.0,0.0,0.0,1
Independiente,0,0,0,0,0,0,0,0,Argentina - Liga Profesional,0.0,0.0,0,0.0,0.0,0.0,1
Instituto,0,0,0,0,0,0,0,0,Argentina - Liga Profesional,0.0,0.0,0,0.0,0.0,0.0,1
Lanus,0,0,0,0,0,0,0,0,Argentina - Liga Profesional,0.0,0.0,0,0.0,0.0,0.0,1
Newells,0,0,0,0,0,0,0,0,Argentina - Liga Profesional,0.0,0.0,0,0.0,0.0,0.0,1
Platense,0,0,0,0,0,0,0,0,Argentina - Liga Profesional,0.0,0.0,0,0.0,0.0,0.0,1
Racing Club,0,0,0,0,0,0,0,0,Argentina - Liga Profesional,0.0,0.0,0,0.0,0.0,0.0,1
River Plate,0,0,0,0,0,0,0,0,Argentina - Liga Profesional,0.0,0.0,0,0.0,0.0,0.0,1
Rosario Central,0,0,0,0,0,0,0,0,Argentina - Liga Profesional,0.0,0.0,0,0.0,0.0,0.0,1
San Lorenzo,0,0,0,0,0,0,0,0,Argentina - Liga Profesional,0.0,0.0,0,0.0,0.0,0.0,1
Sarmiento,0,0,0,0,0,0,0,0,Argentina - Liga Profesional,0.0,0.0,0,0.0,0.0,0.0,1
SM San Juan,0,0,0,0,0,0,0,0,Argentina - Liga Profesional,0.0,0.0,0,0.0,0.0,0.0,1
T. de Cordoba,0,0,0,0,0,0,0,0,Argentina - Liga Profesional,0.0,0.0,0,0.0,0.0,0.0,1
Tigre,0,0,0,0,0,0,0,0,Argentina - Liga Profesional,0.0,0.0,0,0.0,0.0,0.0,1
Union Santa Fe,0,0,0,0,0,0,0,0,Argentina - Liga Profesional,0.0,0.0,0,0.0,0.0,0.0,1
Agropecuario,0,0,0,0,0,0,0,0,Argentina - Primera Nacional,0.0,0.0,0,0.0,0.0,0.0,1
All Boys,0,0,0,0,0,0,0,0,Argentina - Primera Nacional,0.0,0.0,0,0.0,0.0,0.0,1
Almagro,0,0,0,0,0,0,0,0,Argentina - Primera Nacional,0.0,0.0,0,0.0,0.0,0.0,1
Almirante Brown,0,0,0,0,0,0,0,0,Argentina - Primera Nacional,0.0,0.0,0,0.0,0.0,0.0,1
Alvarado,0,0,0,0,0,0,0,0,Argentina - Primera Nacional,0.0,0.0,0,0.0,0.0,0.0,1
Arsenal Sarandi,0,0,0,0,0,0,0,0,Argentina - Primera Nacional,0.0,0.0,0,0.0,0.0,0.0,1
Atlanta,0,0,0,0,0,0,0,0,Argentina - Primera Nacional,0.0,0.0,0,0.0,0.0,0.0,1
Atletico Mitre,0,0,0,0,0,0,0,0,Argentina - Primera Nacional,0.0,0.0,0,0.0,0.0,0.0,1
CA Estudiantes,0,0,0,0,0,0,0,0,Argentina - Primera Nacional,0.0,0.0,0,0.0,0.0,0.0,1
CA Guemes,0,0,0,0,0,0,0,0,Argentina - Primera Nacional,0.0,0.0,0,0.0,0.0,0.0,1
Central Norte,0,0,0,0,0,0,0,0,Argentina - Primera Nacional,0.0,0.0,0,0.0,0.0,0.0,1
Chacarita J.,0,0,0,0,0,0,0,0,Argentina - Primera Nacional,0.0,0.0,0,0.0,0.0,0.0,1
Chaco For Ever,0,0,0,0,0,0,0,0,Argentina - Primera Nacional,0.0,0.0,0,0.0,0.0,0.0,1
Colegiales,0,0,0,0,0,0,0,0,Argentina - Primera Nacional,0.0,0.0,0,0.0,0.0,0.0,1
Colon Santa Fe,0,0,0,0,0,0,0,0,Argentina - Primera Nacional,0.0,0.0,0,0.0,0.0,0.0,1
D. de Belgrano,0,0,0,0,0,0,0,0,Argentina - Primera Nacional,0.0,0.0,0,0.0,0.0,0.0,1
D. Madryn,0,0,0,0,0,0,0,0,Argentina - Primera Nacional,0.0,0.0,0,0.0,0.0,0.0,1
Defensores U.,0,0,0,0,0,0,0,0,Argentina - Primera Nacional,0.0,0.0,0,0.0,0.0,0.0,1
Deportivo Maipu,0,0,0,0,0,0,0,0,Argentina - Primera Nacional,0.0,0.0,0,0.0,0.0,0.0,1
Deportivo Moron,0,0,0,0,0,0,0,0,Argentina - Primera Nacional,0.0,0.0,0,0.0,0.0,0.0,1
E. Rio Cuarto,0,0,0,0,0,0,0,0,Argentina - Primera Nacional,0.0,0.0,0,0.0,0.0,0.0,1
Ferro Carril,0,0,0,0,0,0,0,0,Argentina - Primera Nacional,0.0,0.0,0,0.0,0.0,0.0,1
G. Mendoza,0,0,0,0,0,0,0,0,Argentina - Primera Nacional,0.0,0.0,0,0.0,0.0,0.0,1
Gimnasia Jujuy,0,0,0,0,0,0,0,0,Argentina - Primera Nacional,0.0,0.0,0,0.0,0.0,0.0,1
Gimnasia y Tiro,0,0,0,0,0,0,0,0,Argentina - Primera Nacional,0.0,0.0,0,0.0,0.0,0.0,1
Los Andes,0,0,0,0,0,0,0,0,Argentina - Primera Nacional,0.0,0.0,0,0.0,0.0,0.0,1
Nueva Chicago,0,0,0,0,0,0,0,0,Argentina - Primera Nacional,0.0,0.0,0,0.0,0.0,0.0,1
Patronato,0,0,0,0,0,0,0,0,Argentina - Primera Nacional,0.0,0.0,0,0.0,0.0,0.0,1
Quilmes,0,0,0,0,0,0,0,0,Argentina - Primera Nacional,0.0,0.0,0,0.0,0.0,0.0,1
Deportivo Merlo,8,5,2,1,7,2,5,17,Argentina - Primera B,0.62,0.88,5,0.88,1.61,1.14,1
A. Quilmes,8,4,3,1,8,3,5,15,Argentina - Primera B,0.5,0.88,5,1.0,2.0,1.14,2
Dock Sud,8,4,2,2,11,8,3,14,Argentina - Primera B,0.5,0.75,3,1.38,2.0,1.33,3
D. Armenio,8,4,2,2,10,7,3,14,Argentina - Primera B,0.5,0.75,3,1.25,2.0,1.33,3
Comunicaciones,8,4,2,2,7,4,3,14,Argentina - Primera B,0.5,0.75,3,0.88,2.0,1.33,3
Argentino Merlo,8,4,2,2,8,8,0,14,Argentina - Primera B,0.5,0.75,0,1.0,2.0,1.33,3
Colegiales,8,4,0,4,11,11,0,12,Argentina - Primera B,0.5,0.5,0,1.38,2.0,2.0,4
Villa Dalmine,8,3,2,3,4,4,0,11,Argentina - Primera B,0.38,0.62,0,0.5,2.63,1.61,5
Midland,8,2,4,2,9,7,2,10,Argentina - Primera B,0.25,0.75,2,1.12,4.0,1.33,6
Acassuso,8,2,4,2,6,7,-1,10,Argentina - Primera B,0.25,0.75,-1,0.75,4.0,1.33,6
UAI Urquiza,8,3,1,4,8,12,-4,10,Argentina - Primera B,0.38,0.5,-4,1.0,2.63,2.0,6
V. San Carlos,8,2,3,3,5,9,-4,9,Argentina - Primera B,0.25,0.62,-4,0.62,4.0,1.61,7
Sacachispas,8,2,2,4,4,8,-4,8,Argentina - Primera B,0.25,0.5,-4,0.5,4.0,2.0,8
Flandria,8,2,2,4,6,11,-5,8,Argentina - Primera B,0.25,0.5,-5,0.75,4.0,2.0,8
Excursionistas,8,1,4,3,8,12,-4,7,Argentina - Primera B,0.12,0.62,-4,1.0,8.33,1.61,9
Liniers,8,1,4,3,3,8,-5,7,Argentina - Primera B,0.12,0.62,-5,0.38,8.33,1.61,9
S. Italiano,8,1,3,4,7,13,-6,6,Argentina - Primera B,0.12,0.5,-6,0.88,8.33,2.0,10
Canuelas,8,1,2,5,6,10,-4,5,Argentina - Primera B,0.12,0.38,-4,0.75,8.33,2.63,11
D. Laferrere,8,0,4,4,1,12,-11,4,Argentina - Primera B,0.0,0.5,-11,0.12,0.0,2.0,12
Los Andes,8,0,2,6,4,13,-9,2,Argentina - Primera B,0.0,0.25,-9,0.5,0.0,4.0,13
SM Burzaco,8,0,1,7,2,14,-12,1,Argentina - Primera B,0.0,0.12,-12,0.25,0.0,8.33,14
Fenix,8,0,1,7,1,15,-14,1,Argentina - Primera B,0.0,0.12,-14,0.12,0.0,8.33,14
Olimpo Bahia B.,8,4,3,1,11,6,5,15,Argentina - Torneo Federal,0.5,0.88,5,1.38,2.0,1.14,1
Gutierrez,8,4,3,1,7,4,3,15,Argentina - Torneo Federal,0.5,0.88,3,0.88,2.0,1.14,1
Camioneros,8,3,5,0,10,5,5,14,Argentina - Torneo Federal,0.38,1.0,5,1.25,2.63,1.0,2
Central Norte,8,4,2,2,10,6,4,14,Argentina - Torneo Federal,0.5,0.75,4,1.25,2.0,1.33,2
D. Belgrano VR,8,3,4,1,7,4,3,13,Argentina - Torneo Federal,0.38,0.88,3,0.88,2.63,1.14,3
Villa Mitre,8,3,3,2,7,5,2,12,Argentina - Torneo Federal,0.38,0.75,2,0.88,2.63,1.33,4
S. Belgrano,8,3,2,3,6,3,3,11,Argentina - Torneo Federal,0.38,0.62,3,0.75,2.63,1.61,5
S. Las Parejas,8,3,2,3,7,6,1,11,Argentina - Torneo Federal,0.38,0.62,1,0.88,2.63,1.61,5
Germinal,8,2,5,1,7,7,0,11,Argentina - Torneo Federal,0.25,0.88,0,0.88,4.0,1.14,5
Argentino MM,8,3,2,3,5,5,0,11,Argentina - Torneo Federal,0.38,0.62,0,0.62,2.63,1.61,5
Kimberley,8,2,4,2,7,7,0,10,Argentina - Torneo Federal,0.25,0.75,0,0.88,4.0,1.33,6
9 Julio Rafaela,8,2,4,2,8,9,-1,10,Argentina - Torneo Federal,0.25,0.75,-1,1.0,4.0,1.33,6
El Linqueno,8,3,1,4,5,7,-2,10,Argentina - Torneo Federal,0.38,0.5,-2,0.62,2.63,2.0,6
Juventud U. U.,8,3,1,4,7,11,-4,10,Argentina - Torneo Federal,0.38,0.5,-4,0.88,2.63,2.0,6
Douglas Haig,8,2,3,3,9,10,-1,9,Argentina - Torneo Federal,0.25,0.62,-1,1.12,4.0,1.61,7
Sarmiento DLB,8,2,3,3,7,8,-1,9,Argentina - Torneo Federal,0.25,0.62,-1,0.88,4.0,1.61,7
I. Chivilcoy,8,1,5,2,3,4,-1,8,Argentina - Torneo Federal,0.12,0.75,-1,0.38,8.33,1.33,8
SM Formosa,8,2,2,4,6,8,-2,8,Argentina - Torneo Federal,0.25,0.5,-2,0.75,4.0,2.0,8
Santamarina,8,2,2,4,5,8,-3,8,Argentina - Torneo Federal,0.25,0.5,-3,0.62,4.0,2.0,8
Ciudad Bolivar,8,2,1,5,8,7,1,7,Argentina - Torneo Federal,0.25,0.38,1,1.0,4.0,2.63,9
Sol de America,8,1,4,3,5,9,-4,7,Argentina - Torneo Federal,0.12,0.62,-4,0.62,8.33,1.61,9
Atenas,8,2,0,6,7,12,-5,6,Argentina - Torneo Federal,0.25,0.25,-5,0.88,4.0,4.0,10
SM Mendoza,8,2,0,6,4,9,-5,6,Argentina - Torneo Federal,0.25,0.25,-5,0.5,4.0,4.0,10
Huracan Las H.,8,0,5,3,5,9,-4,5,Argentina - Torneo Federal,0.0,0.62,-4,0.62,0.0,1.61,11
Crucero del N.,8,1,2,5,6,12,-6,5,Argentina - Torneo Federal,0.12,0.38,-6,0.75,8.33,2.63,11
Gimnasia E.,8,1,2,5,5,16,-11,5,Argentina - Torneo Federal,0.12,0.38,-11,0.62,8.33,2.63,11
Cipolletti,8,0,4,4,4,10,-6,4,Argentina - Torneo Federal,0.0,0.5,-6,0.5,0.0,2.0,12
Boca Unidos,8,1,1,6,7,14,-7,4,Argentina - Torneo Federal,0.12,0.25,-7,0.88,8.33,4.0,12
S. Estudiantes,8,1,1,6,6,15,-9,4,Argentina - Torneo Federal,0.12,0.25,-9,0.75,8.33,4.0,12
Pyunik,8,6,0,2,18,7,11,18,Armenia - Premier League,0.75,0.75,11,2.25,1.33,1.33,1
Noah,8,5,1,2,20,7,13,16,Armenia - Premier League,0.62,0.75,13,2.5,1.61,1.33,2
Ararat-Armenia,8,4,2,2,16,10,6,14,Armenia - Premier League,0.5,0.75,6,2.0,2.0,1.33,3
Urartu,8,4,1,3,15,9,6,13,Armenia - Premier League,0.5,0.62,6,1.88,2.0,1.61,4
Van,8,4,1,3,10,10,0,13,Armenia - Premier League,0.5,0.62,0,1.25,2.0,1.61,4
Shirak,8,4,1,3,9,11,-2,13,Armenia - Premier League,0.5,0.62,-2,1.12,2.0,1.61,4
West Armenia,8,4,0,4,9,18,-9,12,Armenia - Premier League,0.5,0.5,-9,1.12,2.0,2.0,5
BKMA,8,3,1,4,19,19,0,10,Armenia - Premier League,0.38,0.5,0,2.38,2.63,2.0,6
Alashkert,8,2,1,5,4,11,-7,7,Armenia - Premier League,0.25,0.38,-7,0.5,4.0,2.63,7
Ararat Yerevan,8,2,1,5,7,17,-10,7,Armenia - Premier League,0.25,0.38,-10,0.88,4.0,2.63,7
Gandzasar,8,0,2,6,3,19,-16,2,Armenia - Premier League,0.0,0.25,-16,0.38,0.0,4.0,8
Adelaide Utd,6,6,0,0,16,7,9,18,Australia - A-League,1.0,1.0,9,2.67,1.0,1.0,1
Macarthur FC,7,5,1,1,14,7,7,16,Australia - A-League,0.71,0.86,7,2.0,1.41,1.16,2
Western United,8,5,1,2,20,14,6,16,Australia - A-League,0.62,0.75,6,2.5,1.61,1.33,2
Melbourne City,6,4,2,0,13,3,10,14,Australia - A-League,0.67,1.0,10,2.17,1.49,1.0,3
WS Wanderers,6,3,2,1,12,10,2,11,Australia - A-League,0.5,0.83,2,2.0,2.0,1.2,4
Auckland,5,3,1,1,9,4,5,10,Australia - A-League,0.6,0.8,5,1.8,1.67,1.25,5
Sydney FC,7,2,3,2,11,11,0,9,Australia - A-League,0.29,0.71,0,1.57,3.45,1.41,6
Newcastle Jets,6,3,0,3,9,9,0,9,Australia - A-League,0.5,0.5,0,1.5,2.0,2.0,6
Central Coast,5,2,2,1,8,8,0,8,Australia - A-League,0.4,0.8,0,1.6,2.5,1.25,7
Melbourne V.,6,2,2,2,6,6,0,8,Australia - A-League,0.33,0.67,0,1.0,3.03,1.49,7
Wellington,5,2,0,3,7,8,-1,6,Australia - A-League,0.4,0.4,-1,1.4,2.5,2.5,8
Perth Glory,6,1,2,3,4,13,-9,5,Australia - A-League,0.17,0.5,-9,0.67,5.88,2.0,9
Brisbane Roar,6,0,2,4,6,12,-6,2,Australia - A-League,0.0,0.33,-6,1.0,0.0,3.03,10
Altona Magic,0,0,0,0,0,0,0,0,Australia - NPL Victoria,0.0,0.0,0,0.0,0.0,0.0,1
Avondale,0,0,0,0,0,0,0,0,Australia - NPL Victoria,0.0,0.0,0,0.0,0.0,0.0,1
Dandenong City,0,0,0,0,0,0,0,0,Australia - NPL Victoria,0.0,0.0,0,0.0,0.0,0.0,1
Dandenong T.,0,0,0,0,0,0,0,0,Australia - NPL Victoria,0.0,0.0,0,0.0,0.0,0.0,1
Green Gully,0,0,0,0,0,0,0,0,Australia - NPL Victoria,0.0,0.0,0,0.0,0.0,0.0,1
Heidelberg Utd,0,0,0,0,0,0,0,0,Australia - NPL Victoria,0.0,0.0,0,0.0,0.0,0.0,1
Hume City,0,0,0,0,0,0,0,0,Australia - NPL Victoria,0.0,0.0,0,0.0,0.0,0.0,1
M. Victory B,0,0,0,0,0,0,0,0,Australia - NPL Victoria,0.0,0.0,0,0.0,0.0,0.0,1
Melbourne K.,0,0,0,0,0,0,0,0,Australia - NPL Victoria,0.0,0.0,0,0.0,0.0,0.0,1
Oakleigh C.,0,0,0,0,0,0,0,0,Australia - NPL Victoria,0.0,0.0,0,0.0,0.0,0.0,1
Port Melbourne,0,0,0,0,0,0,0,0,Australia - NPL Victoria,0.0,0.0,0,0.0,0.0,0.0,1
Preston Lions,0,0,0,0,0,0,0,0,Australia - NPL Victoria,0.0,0.0,0,0.0,0.0,0.0,1
South Melbourne,0,0,0,0,0,0,0,0,Australia - NPL Victoria,0.0,0.0,0,0.0,0.0,0.0,1
St. Albans,0,0,0,0,0,0,0,0,Australia - NPL Victoria,0.0,0.0,0,0.0,0.0,0.0,1
Brisbane City,0,0,0,0,0,0,0,0,Australia - NPL Queensland,0.0,0.0,0,0.0,0.0,0.0,1
Brisbane Roar B,0,0,0,0,0,0,0,0,Australia - NPL Queensland,0.0,0.0,0,0.0,0.0,0.0,1
Eastern Suburbs,0,0,0,0,0,0,0,0,Australia - NPL Queensland,0.0,0.0,0,0.0,0.0,0.0,1
Gold C. Knights,0,0,0,0,0,0,0,0,Australia - NPL Queensland,0.0,0.0,0,0.0,0.0,0.0,1
Gold C. Utd,0,0,0,0,0,0,0,0,Australia - NPL Queensland,0.0,0.0,0,0.0,0.0,0.0,1
Moreton City E.,0,0,0,0,0,0,0,0,Australia - NPL Queensland,0.0,0.0,0,0.0,0.0,0.0,1
Olympic FC,0,0,0,0,0,0,0,0,Australia - NPL Queensland,0.0,0.0,0,0.0,0.0,0.0,1
Peninsula,0,0,0,0,0,0,0,0,Australia - NPL Queensland,0.0,0.0,0,0.0,0.0,0.0,1
Q. Lions,0,0,0,0,0,0,0,0,Australia - NPL Queensland,0.0,0.0,0,0.0,0.0,0.0,1
SC Wanderers,0,0,0,0,0,0,0,0,Australia - NPL Queensland,0.0,0.0,0,0.0,0.0,0.0,1
St George W.,0,0,0,0,0,0,0,0,Australia - NPL Queensland,0.0,0.0,0,0.0,0.0,0.0,1
Wynnum Wolves,0,0,0,0,0,0,0,0,Australia - NPL Queensland,0.0,0.0,0,0.0,0.0,0.0,1
Sturm Graz,8,5,2,1,14,7,7,17,Austria - Bundesliga,0.62,0.88,7,1.75,1.61,1.14,1
LASK Linz,8,4,1,3,11,10,1,13,Austria - Bundesliga,0.5,0.62,1,1.38,2.0,1.61,2
Wolfsberger AC,7,4,0,3,15,11,4,12,Austria - Bundesliga,0.57,0.57,4,2.14,1.75,1.75,3
Austria Wien,8,3,2,3,8,8,0,11,Austria - Bundesliga,0.38,0.62,0,1.0,2.63,1.61,4
Rapid Wien,8,1,6,1,7,9,-2,9,Austria - Bundesliga,0.12,0.88,-2,0.88,8.33,1.14,5
Tirol,8,3,0,5,11,14,-3,9,Austria - Bundesliga,0.38,0.38,-3,1.38,2.63,2.63,5
Salzburg,8,2,3,3,7,13,-6,9,Austria - Bundesliga,0.25,0.62,-6,0.88,4.0,1.61,5
Hartberg,8,2,2,4,10,14,-4,8,Austria - Bundesliga,0.25,0.5,-4,1.25,4.0,2.0,6
BW Linz,8,2,2,4,9,15,-6,8,Austria - Bundesliga,0.25,0.5,-6,1.12,4.0,2.0,6
A. Klagenfurt,8,2,1,5,5,20,-15,7,Austria - Bundesliga,0.25,0.38,-15,0.62,4.0,2.63,7
Grazer AK,8,1,3,4,10,17,-7,6,Austria - Bundesliga,0.12,0.5,-7,1.25,8.33,2.0,8
Altach,8,1,1,6,5,14,-9,4,Austria - Bundesliga,0.12,0.25,-9,0.62,8.33,4.0,9
Ried,8,6,1,1,13,4,9,19,Austria - 2. Liga,0.75,0.88,9,1.62,1.33,1.14,1
Admira Wacker,8,6,1,1,14,8,6,19,Austria - 2. Liga,0.75,0.88,6,1.75,1.33,1.14,1
First Vienna,7,5,1,1,17,10,7,16,Austria - 2. Liga,0.71,0.86,7,2.43,1.41,1.16,2
St. Polten,8,5,0,3,16,10,6,15,Austria - 2. Liga,0.62,0.62,6,2.0,1.61,1.61,3
Liefering,8,4,1,3,10,13,-3,13,Austria - 2. Liga,0.5,0.62,-3,1.25,2.0,1.61,4
Kapfenberger,8,4,1,3,8,14,-6,13,Austria - 2. Liga,0.5,0.62,-6,1.0,2.0,1.61,4
Sturm Graz B,8,3,3,2,17,12,5,12,Austria - 2. Liga,0.38,0.75,5,2.12,2.63,1.33,5
A. Lustenau,8,3,3,2,8,8,0,12,Austria - 2. Liga,0.38,0.75,0,1.0,2.63,1.33,5
Voitsberg,8,3,2,3,11,9,2,11,Austria - 2. Liga,0.38,0.62,2,1.38,2.63,1.61,6
Amstetten,7,3,2,2,10,8,2,11,Austria - 2. Liga,0.43,0.71,2,1.43,2.33,1.41,6
Rapid Wien B,8,3,2,3,15,17,-2,11,Austria - 2. Liga,0.38,0.62,-2,1.88,2.63,1.61,6
Bregenz,7,2,4,1,8,8,0,10,Austria - 2. Liga,0.29,0.86,0,1.14,3.45,1.16,7
Floridsdorfer,8,2,2,4,9,10,-1,8,Austria - 2. Liga,0.25,0.5,-1,1.12,4.0,2.0,8
SV Horn,8,2,0,6,6,22,-16,6,Austria - 2. Liga,0.25,0.25,-16,0.75,4.0,4.0,9
Stripfing,8,0,4,4,5,11,-6,4,Austria - 2. Liga,0.0,0.5,-6,0.62,0.0,2.0,10
Lafnitz,8,1,1,6,6,20,-14,4,Austria - 2. Liga,0.12,0.25,-14,0.75,8.33,4.0,10
Qarabag,8,6,2,0,17,2,15,20,Azerbaijan - Premier League,0.75,1.0,15,2.12,1.33,1.0,1
Araz,8,6,1,1,10,4,6,19,Azerbaijan - Premier League,0.75,0.88,6,1.25,1.33,1.14,2
Turan,8,3,4,1,13,8,5,13,Azerbaijan - Premier League,0.38,0.88,5,1.62,2.63,1.14,3
Zira,8,4,1,3,11,8,3,13,Azerbaijan - Premier League,0.5,0.62,3,1.38,2.0,1.61,3
Sabah,8,3,2,3,13,13,0,11,Azerbaijan - Premier League,0.38,0.62,0,1.62,2.63,1.61,4
Shamakhi,8,2,1,5,8,13,-5,7,Azerbaijan - Premier League,0.25,0.38,-5,1.0,4.0,2.63,5
Sumqayit,8,1,2,5,4,15,-11,5,Azerbaijan - Premier League,0.12,0.38,-11,0.5,8.33,2.63,6
Neftci,8,0,4,4,5,14,-9,4,Azerbaijan - Premier League,0.0,0.5,-9,0.62,0.0,2.0,7
Kapaz,8,1,1,6,5,17,-12,4,Azerbaijan - Premier League,0.12,0.25,-12,0.62,8.33,4.0,7
Sebail,8,0,1,7,5,13,-8,1,Azerbaijan - Premier League,0.0,0.12,-8,0.62,0.0,8.33,8
Al-Najma,5,4,0,1,11,7,4,12,Bahrain - Premier League,0.8,0.8,4,2.2,1.25,1.25,1
Al Shabbab,5,3,0,2,6,7,-1,9,Bahrain - Premier League,0.6,0.6,-1,1.2,1.67,1.67,2
Malkiya,5,2,1,2,5,8,-3,7,Bahrain - Premier League,0.4,0.6,-3,1.0,2.5,1.67,3
Bahrain SC,5,2,1,2,5,10,-5,7,Bahrain - Premier League,0.4,0.6,-5,1.0,2.5,1.67,3
Al-Muharraq,4,1,2,1,3,3,0,5,Bahrain - Premier League,0.25,0.75,0,0.75,4.0,1.33,4
Sitra,2,1,1,0,4,2,2,4,Bahrain - Premier League,0.5,1.0,2,2.0,2.0,1.0,5
Khalidiya,3,1,0,2,7,5,2,3,Bahrain - Premier League,0.33,0.33,2,2.33,3.03,3.03,6
Al Ahli M.,3,1,0,2,5,7,-2,3,Bahrain - Premier League,0.33,0.33,-2,1.67,3.03,3.03,6
Al Riffa,3,0,2,1,0,1,-1,2,Bahrain - Premier League,0.0,0.67,-1,0.0,0.0,1.49,7
AAli FC,4,0,1,3,4,11,-7,1,Bahrain - Premier League,0.0,0.25,-7,1.0,0.0,4.0,8
East Riffa,4,0,0,4,4,8,-4,0,Bahrain - Premier League,0.0,0.0,-4,1.0,0.0,0.0,9
Manama,3,0,0,3,1,9,-8,0,Bahrain - Premier League,0.0,0.0,-8,0.33,0.0,0.0,9
Mohammedan,4,4,0,0,17,3,14,12,Bangladesh - Premier League,1.0,1.0,14,4.25,1.0,1.0,1
Rahmatgonj,3,2,0,1,9,5,4,6,Bangladesh - Premier League,0.67,0.67,4,3.0,1.49,1.49,2
Brothers Union,4,1,2,1,7,6,1,5,Bangladesh - Premier League,0.25,0.75,1,1.75,4.0,1.33,3
Abahani,3,1,1,1,2,1,1,4,Bangladesh - Premier League,0.33,0.67,1,0.67,3.03,1.49,4
Fortis,4,1,1,2,5,5,0,4,Bangladesh - Premier League,0.25,0.5,0,1.25,4.0,2.0,4
Bashundhara K.,3,1,0,2,5,2,3,3,Bangladesh - Premier League,0.33,0.33,3,1.67,3.03,3.03,5
B. Police,3,1,0,2,5,4,1,3,Bangladesh - Premier League,0.33,0.33,1,1.67,3.03,3.03,5
Fakirerpool,4,1,0,3,4,11,-7,3,Bangladesh - Premier League,0.25,0.25,-7,1.0,4.0,4.0,5
Dhaka Wanderers,3,0,1,2,2,8,-6,1,Bangladesh - Premier League,0.0,0.33,-6,0.67,0.0,3.03,6
Chittagong,3,0,0,3,0,10,-10,0,Bangladesh - Premier League,0.0,0.0,-10,0.0,0.0,0.0,7
Neman Grodno,8,5,3,0,15,3,12,18,Belarus - Vysshaya Liga,0.62,1.0,12,1.88,1.61,1.0,1
T. Zhodino,8,4,2,2,11,5,6,14,Belarus - Vysshaya Liga,0.5,0.75,6,1.38,2.0,1.33,2
Slutsk,8,4,2,2,8,8,0,14,Belarus - Vysshaya Liga,0.5,0.75,0,1.0,2.0,1.33,2
Dinamo Minsk,8,3,3,2,9,5,4,12,Belarus - Vysshaya Liga,0.38,0.75,4,1.12,2.63,1.33,3
BATE Borisov,8,3,2,3,7,9,-2,11,Belarus - Vysshaya Liga,0.38,0.62,-2,0.88,2.63,1.61,4
Vitebsk,8,3,1,4,10,9,1,10,Belarus - Vysshaya Liga,0.38,0.5,1,1.25,2.63,2.0,5
Naftan,8,3,1,4,9,8,1,10,Belarus - Vysshaya Liga,0.38,0.5,1,1.12,2.63,2.0,5
Isloch,8,3,1,4,12,12,0,10,Belarus - Vysshaya Liga,0.38,0.5,0,1.5,2.63,2.0,5
Dinamo Brest,8,3,0,5,15,14,1,9,Belarus - Vysshaya Liga,0.38,0.38,1,1.88,2.63,2.63,6
Gomel,8,2,3,3,7,10,-3,9,Belarus - Vysshaya Liga,0.25,0.62,-3,0.88,4.0,1.61,6
FC Minsk,8,2,3,3,7,11,-4,9,Belarus - Vysshaya Liga,0.25,0.62,-4,0.88,4.0,1.61,6
Slavia Mozyr,8,1,4,3,4,9,-5,7,Belarus - Vysshaya Liga,0.12,0.62,-5,0.5,8.33,1.61,7
Arsenal D.,8,1,3,4,7,9,-2,6,Belarus - Vysshaya Liga,0.12,0.5,-2,0.88,8.33,2.0,8
Dnepr Mogilev,8,1,3,4,9,15,-6,6,Belarus - Vysshaya Liga,0.12,0.5,-6,1.12,8.33,2.0,8
S. Soligorsk,8,1,3,4,3,9,-6,6,Belarus - Vysshaya Liga,0.12,0.5,-6,0.38,8.33,2.0,8
Smorgon,8,0,2,6,9,18,-9,2,Belarus - Vysshaya Liga,0.0,0.25,-9,1.12,0.0,4.0,9
Maxline,8,8,0,0,24,6,18,24,Belarus - First League,1.0,1.0,18,3.0,1.0,1.0,1
Dinamo Minsk B,8,5,1,2,17,6,11,16,Belarus - First League,0.62,0.75,11,2.12,1.61,1.33,2
Niva,8,5,1,2,11,5,6,16,Belarus - First League,0.62,0.75,6,1.38,1.61,1.33,2
Belshina,8,4,2,2,26,16,10,14,Belarus - First League,0.5,0.75,10,3.25,2.0,1.33,3
Molodechno,8,4,1,3,11,11,0,13,Belarus - First League,0.5,0.62,0,1.38,2.0,1.61,4
ABFF U17,8,4,1,3,9,9,0,13,Belarus - First League,0.5,0.62,0,1.12,2.0,1.61,4
Orsha,8,3,3,2,15,13,2,12,Belarus - First League,0.38,0.75,2,1.88,2.63,1.33,5
Volna Pinsk,8,4,0,4,13,13,0,12,Belarus - First League,0.5,0.5,0,1.62,2.0,2.0,5
Lida,8,3,2,3,12,10,2,11,Belarus - First League,0.38,0.62,2,1.5,2.63,1.61,6
BATE B,8,3,1,4,9,17,-8,10,Belarus - First League,0.38,0.5,-8,1.12,2.63,2.0,7
Baranovichi,8,2,3,3,9,12,-3,9,Belarus - First League,0.25,0.62,-3,1.12,4.0,1.61,8
Ostrovets,8,3,0,5,11,16,-5,9,Belarus - First League,0.38,0.38,-5,1.38,2.63,2.63,8
S. Soligorsk B,8,2,1,5,5,14,-9,7,Belarus - First League,0.25,0.38,-9,0.62,4.0,2.63,9
Bumprom,8,0,4,4,1,9,-8,4,Belarus - First League,0.0,0.5,-8,0.12,0.0,2.0,10
Energetik-BGU,8,1,1,6,6,15,-9,4,Belarus - First League,0.12,0.25,-9,0.75,8.33,4.0,10
Lokomotiv Gomel,8,0,3,5,4,13,-9,3,Belarus - First League,0.0,0.38,-9,0.5,0.0,2.63,11
T. Zhodhino B,8,1,0,7,3,23,-20,3,Belarus - First League,0.12,0.12,-20,0.38,8.33,8.33,11
Slonim,8,1,0,7,3,25,-22,3,Belarus - First League,0.12,0.12,-22,0.38,8.33,8.33,11
Club Brugge,8,5,3,0,16,7,9,18,Belgium - Pro League,0.62,1.0,9,2.0,1.61,1.0,1
Antwerp,8,3,3,2,11,10,1,12,Belgium - Pro League,0.38,0.75,1,1.38,2.63,1.33,2
Royale Union SG,8,2,5,1,8,7,1,11,Belgium - Pro League,0.25,0.88,1,1.0,4.0,1.14,3
KRC Genk,8,3,2,3,12,14,-2,11,Belgium - Pro League,0.38,0.62,-2,1.5,2.63,1.61,3
Dender,8,3,2,3,10,14,-4,11,Belgium - Pro League,0.38,0.62,-4,1.25,2.63,1.61,3
Anderlecht,8,2,3,3,10,7,3,9,Belgium - Pro League,0.25,0.62,3,1.25,4.0,1.61,4
Gent,8,1,5,2,5,11,-6,8,Belgium - Pro League,0.12,0.75,-6,0.62,8.33,1.33,5
KV Mechelen,8,2,1,5,10,13,-3,7,Belgium - Pro League,0.25,0.38,-3,1.25,4.0,2.63,6
Charleroi,8,2,1,5,5,10,-5,7,Belgium - Pro League,0.25,0.38,-5,0.62,4.0,2.63,6
Sint-Truiden,8,2,1,5,10,18,-8,7,Belgium - Pro League,0.25,0.38,-8,1.25,4.0,2.63,6
Standard Liege,8,1,3,4,3,14,-11,6,Belgium - Pro League,0.12,0.5,-11,0.38,8.33,2.0,7
Cercle Brugge,8,1,2,5,7,15,-8,5,Belgium - Pro League,0.12,0.38,-8,0.88,8.33,2.63,8
OH Leuven,8,1,2,5,5,15,-10,5,Belgium - Pro League,0.12,0.38,-10,0.62,8.33,2.63,8
Westerlo,8,1,1,6,8,15,-7,4,Belgium - Pro League,0.12,0.25,-7,1.0,8.33,4.0,9
Kortrijk,8,0,2,6,5,21,-16,2,Belgium - Pro League,0.0,0.25,-16,0.62,0.0,4.0,10
Beerschot,8,0,1,7,3,19,-16,1,Belgium - Pro League,0.0,0.12,-16,0.38,0.0,8.33,11
Zulte-Waregem,7,6,0,1,16,8,8,18,Belgium - Challenger Pro League,0.86,0.86,8,2.29,1.16,1.16,1
La Louviere,8,5,2,1,12,8,4,17,Belgium - Challenger Pro League,0.62,0.88,4,1.5,1.61,1.14,2
RWDM,8,4,2,2,17,10,7,14,Belgium - Challenger Pro League,0.5,0.75,7,2.12,2.0,1.33,3
Patro Eisden,8,3,4,1,14,7,7,13,Belgium - Challenger Pro League,0.38,0.88,7,1.75,2.63,1.14,4
Lommel SK,8,4,1,3,14,14,0,13,Belgium - Challenger Pro League,0.5,0.62,0,1.75,2.0,1.61,4
Eupen,8,3,2,3,15,12,3,11,Belgium - Challenger Pro League,0.38,0.62,3,1.88,2.63,1.61,5
Seraing,7,3,2,2,9,11,-2,11,Belgium - Challenger Pro League,0.43,0.71,-2,1.29,2.33,1.41,5
Lokeren-Temse,8,3,2,3,6,10,-4,11,Belgium - Challenger Pro League,0.38,0.62,-4,0.75,2.63,1.61,5
Francs Borains,7,3,1,3,7,15,-8,10,Belgium - Challenger Pro League,0.43,0.57,-8,1.0,2.33,1.75,6
Club Brugge B,7,2,3,2,9,9,0,9,Belgium - Challenger Pro League,0.29,0.71,0,1.29,3.45,1.41,7
RFC Liege,8,3,0,5,10,13,-3,9,Belgium - Challenger Pro League,0.38,0.38,-3,1.25,2.63,2.63,7
Beveren,7,2,2,3,5,10,-5,8,Belgium - Challenger Pro League,0.29,0.57,-5,0.71,3.45,1.75,8
Anderlecht B,8,1,3,4,9,15,-6,6,Belgium - Challenger Pro League,0.12,0.5,-6,1.12,8.33,2.0,9
KRC Genk B,7,1,2,4,10,16,-6,5,Belgium - Challenger Pro League,0.14,0.43,-6,1.43,7.14,2.33,10
Lierse K.,7,1,2,4,6,13,-7,5,Belgium - Challenger Pro League,0.14,0.43,-7,0.86,7.14,2.33,10
Deinze,0,0,0,0,0,0,0,0,Belgium - Challenger Pro League,0.0,0.0,0,0.0,0.0,0.0,11
Bolivar,4,2,0,2,6,5,1,6,Bolivia - Primera Div. - Apertura,0.5,0.5,1,1.5,2.0,2.0,1
Royal Pari,4,2,0,2,5,6,-1,6,Bolivia - Primera Div. - Apertura,0.5,0.5,-1,1.25,2.0,2.0,1
Blooming,4,1,2,1,7,8,-1,5,Bolivia - Primera Div. - Apertura,0.25,0.75,-1,1.75,4.0,1.33,2
SA Bulo Bulo,4,1,1,2,5,5,0,4,Bolivia - Primera Div. - Apertura,0.25,0.5,0,1.25,4.0,2.0,3
Gualberto V. SJ,4,1,1,2,6,8,-2,4,Bolivia - Primera Div. - Apertura,0.25,0.5,-2,1.5,4.0,2.0,3
Nacional Potosi,4,1,1,2,4,7,-3,4,Bolivia - Primera Div. - Apertura,0.25,0.5,-3,1.0,4.0,2.0,3
Real Tomayapo,4,1,1,2,4,7,-3,4,Bolivia - Primera Div. - Apertura,0.25,0.5,-3,1.0,4.0,2.0,3
The Strongest,4,1,1,2,8,13,-5,4,Bolivia - Primera Div. - Apertura,0.25,0.5,-5,2.0,4.0,2.0,3
I. Petrolero,4,1,0,3,4,7,-3,3,Bolivia - Primera Div. - Apertura,0.25,0.25,-3,1.0,4.0,4.0,4
Oriente P.,4,1,0,3,6,10,-4,3,Bolivia - Primera Div. - Apertura,0.25,0.25,-4,1.5,4.0,4.0,4
Santa Cruz,4,1,0,3,4,8,-4,3,Bolivia - Primera Div. - Apertura,0.25,0.25,-4,1.0,4.0,4.0,4
Aurora,4,0,2,2,1,3,-2,2,Bolivia - Primera Div. - Apertura,0.0,0.5,-2,0.25,0.0,2.0,5
U. de Vinto,4,0,2,2,2,5,-3,2,Bolivia - Primera Div. - Apertura,0.0,0.5,-3,0.5,0.0,2.0,5
Wilstermann,4,0,1,3,4,7,-3,1,Bolivia - Primera Div. - Apertura,0.0,0.25,-3,1.0,0.0,4.0,6
Guabira,4,0,1,3,3,6,-3,1,Bolivia - Primera Div. - Apertura,0.0,0.25,-3,0.75,0.0,4.0,6
Always Ready,4,0,1,3,3,7,-4,1,Bolivia - Primera Div. - Apertura,0.0,0.25,-4,0.75,0.0,4.0,6
Bolivar,8,5,2,1,24,12,12,17,Bolivia - Primera Div. - Clausura,0.62,0.88,12,3.0,1.61,1.14,1
Always Ready,8,4,1,3,16,12,4,13,Bolivia - Primera Div. - Clausura,0.5,0.62,4,2.0,2.0,1.61,2
Aurora,8,3,3,2,14,16,-2,12,Bolivia - Primera Div. - Clausura,0.38,0.75,-2,1.75,2.63,1.33,3
Nacional Potosi,8,3,2,3,15,16,-1,11,Bolivia - Primera Div. - Clausura,0.38,0.62,-1,1.88,2.63,1.61,4
Wilstermann,8,3,2,3,9,10,-1,11,Bolivia - Primera Div. - Clausura,0.38,0.62,-1,1.12,2.63,1.61,4
The Strongest,8,3,1,4,11,14,-3,10,Bolivia - Primera Div. - Clausura,0.38,0.5,-3,1.38,2.63,2.0,5
SA Bulo Bulo,8,3,1,4,7,13,-6,10,Bolivia - Primera Div. - Clausura,0.38,0.5,-6,0.88,2.63,2.0,5
Blooming,8,3,1,4,6,18,-12,10,Bolivia - Primera Div. - Clausura,0.38,0.5,-12,0.75,2.63,2.0,5
Santa Cruz,8,3,0,5,11,25,-14,9,Bolivia - Primera Div. - Clausura,0.38,0.38,-14,1.38,2.63,2.63,6
Gualberto V. SJ,8,2,2,4,11,15,-4,8,Bolivia - Primera Div. - Clausura,0.25,0.5,-4,1.38,4.0,2.0,7
U. de Vinto,8,2,2,4,9,16,-7,8,Bolivia - Primera Div. - Clausura,0.25,0.5,-7,1.12,4.0,2.0,7
I. Petrolero,8,2,1,5,8,15,-7,7,Bolivia - Primera Div. - Clausura,0.25,0.38,-7,1.0,4.0,2.63,8
Guabira,8,1,2,5,8,18,-10,5,Bolivia - Primera Div. - Clausura,0.12,0.38,-10,1.0,8.33,2.63,9
Royal Pari,8,1,2,5,6,17,-11,5,Bolivia - Primera Div. - Clausura,0.12,0.38,-11,0.75,8.33,2.63,9
Real Tomayapo,8,1,0,7,10,19,-9,3,Bolivia - Primera Div. - Clausura,0.12,0.12,-9,1.25,8.33,8.33,10
Oriente P.,8,0,2,6,10,24,-14,2,Bolivia - Primera Div. - Clausura,0.0,0.25,-14,1.25,0.0,4.0,11
Palmeiras,8,6,1,1,13,7,6,19,Brazil - Serie A,0.75,0.88,6,1.62,1.33,1.14,1
Botafogo,8,5,2,1,9,4,5,17,Brazil - Serie A,0.62,0.88,5,1.12,1.61,1.14,2
Flamengo,8,4,2,2,12,7,5,14,Brazil - Serie A,0.5,0.75,5,1.5,2.0,1.33,3
Internacional,8,4,2,2,16,13,3,14,Brazil - Serie A,0.5,0.75,3,2.0,2.0,1.33,3
Corinthians,8,4,1,3,12,9,3,13,Brazil - Serie A,0.5,0.62,3,1.5,2.0,1.61,4
Vitoria,8,3,3,2,12,11,1,12,Brazil - Serie A,0.38,0.75,1,1.5,2.63,1.33,5
Fluminense,8,3,1,4,8,8,0,10,Brazil - Serie A,0.38,0.5,0,1.0,2.63,2.0,6
Juventude,8,2,3,3,11,13,-2,9,Brazil - Serie A,0.25,0.62,-2,1.38,4.0,1.61,7
Sao Paulo,8,2,2,4,8,10,-2,8,Brazil - Serie A,0.25,0.5,-2,1.0,4.0,2.0,8
Vasco da Gama,8,2,2,4,6,15,-9,8,Brazil - Serie A,0.25,0.5,-9,0.75,4.0,2.0,8
Bahia,8,2,1,5,10,16,-6,7,Brazil - Serie A,0.25,0.38,-6,1.25,4.0,2.63,9
Fortaleza,8,1,3,4,11,15,-4,6,Brazil - Serie A,0.12,0.5,-4,1.38,8.33,2.0,10
Cruzeiro,8,1,3,4,5,10,-5,6,Brazil - Serie A,0.12,0.5,-5,0.62,8.33,2.0,10
Gremio,8,0,5,3,7,10,-3,5,Brazil - Serie A,0.0,0.62,-3,0.88,0.0,1.61,11
Bragantino,8,1,2,5,5,13,-8,5,Brazil - Serie A,0.12,0.38,-8,0.62,8.33,2.63,11
Criciuma,8,1,2,5,5,17,-12,5,Brazil - Serie A,0.12,0.38,-12,0.62,8.33,2.63,11
Cuiaba,8,0,4,4,1,7,-6,4,Brazil - Serie A,0.0,0.5,-6,0.12,0.0,2.0,12
Atletico MG,8,0,3,5,4,12,-8,3,Brazil - Serie A,0.0,0.38,-8,0.5,0.0,2.63,13
Athletico PR,8,0,2,6,5,13,-8,2,Brazil - Serie A,0.0,0.25,-8,0.62,0.0,4.0,14
Atletico GO,8,0,1,7,4,18,-14,1,Brazil - Serie A,0.0,0.12,-14,0.5,0.0,8.33,15
Sport Recife,8,4,2,2,13,6,7,14,Brazil - Serie B,0.5,0.75,7,1.62,2.0,1.33,1
Santos,8,4,1,3,11,9,2,13,Brazil - Serie B,0.5,0.62,2,1.38,2.0,1.61,2
Goias,8,3,3,2,12,5,7,12,Brazil - Serie B,0.38,0.75,7,1.5,2.63,1.33,3
Botafogo SP,8,3,2,3,8,9,-1,11,Brazil - Serie B,0.38,0.62,-1,1.0,2.63,1.61,4
CRB,8,3,1,4,8,9,-1,10,Brazil - Serie B,0.38,0.5,-1,1.0,2.63,2.0,5
Ituano,8,3,0,5,13,14,-1,9,Brazil - Serie B,0.38,0.38,-1,1.62,2.63,2.63,6
Mirassol,8,2,3,3,7,8,-1,9,Brazil - Serie B,0.25,0.62,-1,0.88,4.0,1.61,6
Novorizontino,8,2,2,4,7,7,0,8,Brazil - Serie B,0.25,0.5,0,0.88,4.0,2.0,7
Ceara,8,2,2,4,10,11,-1,8,Brazil - Serie B,0.25,0.5,-1,1.25,4.0,2.0,7
Chapecoense,8,2,2,4,8,10,-2,8,Brazil - Serie B,0.25,0.5,-2,1.0,4.0,2.0,7
Operario PR,8,2,2,4,6,10,-4,8,Brazil - Serie B,0.25,0.5,-4,0.75,4.0,2.0,7
Avai,8,2,1,5,7,11,-4,7,Brazil - Serie B,0.25,0.38,-4,0.88,4.0,2.63,8
Coritiba,8,2,0,6,10,14,-4,6,Brazil - Serie B,0.25,0.25,-4,1.25,4.0,4.0,9
Paysandu,8,1,3,4,8,12,-4,6,Brazil - Serie B,0.12,0.5,-4,1.0,8.33,2.0,9
Amazonas,8,1,2,5,2,8,-6,5,Brazil - Serie B,0.12,0.38,-6,0.25,8.33,2.63,10
America MG,8,1,1,6,6,10,-4,4,Brazil - Serie B,0.12,0.25,-4,0.75,8.33,4.0,11
Ponte Preta,8,1,1,6,7,14,-7,4,Brazil - Serie B,0.12,0.25,-7,0.88,8.33,4.0,11
Guarani,8,1,0,7,5,14,-9,3,Brazil - Serie B,0.12,0.12,-9,0.62,8.33,8.33,12
Vila Nova,8,1,0,7,3,18,-15,3,Brazil - Serie B,0.12,0.12,-15,0.38,8.33,8.33,12
Brusque,8,0,2,6,1,12,-11,2,Brazil - Serie B,0.0,0.25,-11,0.12,0.0,4.0,13
Ferroviaria,8,3,4,1,4,2,2,13,Brazil - Serie C,0.38,0.88,2,0.5,2.63,1.14,1
CSA,8,4,1,3,8,7,1,13,Brazil - Serie C,0.5,0.62,1,1.0,2.0,1.61,1
Botafogo PB,8,3,3,2,10,9,1,12,Brazil - Serie C,0.38,0.75,1,1.25,2.63,1.33,2
Londrina,8,3,2,3,7,7,0,11,Brazil - Serie C,0.38,0.62,0,0.88,2.63,1.61,3
Sao Bernardo,8,3,2,3,10,11,-1,11,Brazil - Serie C,0.38,0.62,-1,1.25,2.63,1.61,3
Volta Redonda,8,3,2,3,12,15,-3,11,Brazil - Serie C,0.38,0.62,-3,1.5,2.63,1.61,3
Athletic Club,8,2,4,2,10,11,-1,10,Brazil - Serie C,0.25,0.75,-1,1.25,4.0,1.33,4
Floresta,8,2,3,3,4,8,-4,9,Brazil - Serie C,0.25,0.62,-4,0.5,4.0,1.61,5
Ypiranga,8,2,2,4,6,12,-6,8,Brazil - Serie C,0.25,0.5,-6,0.75,4.0,2.0,6
ABC,8,1,4,3,8,8,0,7,Brazil - Serie C,0.12,0.62,0,1.0,8.33,1.61,7
Tombense,8,1,4,3,10,11,-1,7,Brazil - Serie C,0.12,0.62,-1,1.25,8.33,1.61,7
Remo,8,2,1,5,9,14,-5,7,Brazil - Serie C,0.25,0.38,-5,1.12,4.0,2.63,7
Nautico,8,0,4,4,9,14,-5,4,Brazil - Serie C,0.0,0.5,-5,1.12,0.0,2.0,8
Sampaio Correa,8,0,4,4,3,8,-5,4,Brazil - Serie C,0.0,0.5,-5,0.38,0.0,2.0,8
Ferroviario,8,1,1,6,7,16,-9,4,Brazil - Serie C,0.12,0.25,-9,0.88,8.33,4.0,8
Figueirense,8,1,1,6,7,16,-9,4,Brazil - Serie C,0.12,0.25,-9,0.88,8.33,4.0,8
Aparecidense,8,1,1,6,6,15,-9,4,Brazil - Serie C,0.12,0.25,-9,0.75,8.33,4.0,8
EC Sao Jose,8,0,3,5,5,11,-6,3,Brazil - Serie C,0.0,0.38,-6,0.62,0.0,2.63,9
Confianca,8,0,1,7,4,14,-10,1,Brazil - Serie C,0.0,0.12,-10,0.5,0.0,8.33,10
Caxias,8,0,0,8,4,14,-10,0,Brazil - Serie C,0.0,0.0,-10,0.5,0.0,0.0,11
Manauara,7,4,3,0,14,3,11,15,Brazil - Serie D,0.57,1.0,11,2.0,1.75,1.0,1
Treze,7,4,2,1,15,6,9,14,Brazil - Serie D,0.57,0.86,9,2.14,1.75,1.16,2
Brasiliense,7,4,1,2,13,7,6,13,Brazil - Serie D,0.57,0.71,6,1.86,1.75,1.41,3
Itabuna,7,4,1,2,11,7,4,13,Brazil - Serie D,0.57,0.71,4,1.57,1.75,1.41,3
Anapolis,7,4,1,2,8,5,3,13,Brazil - Serie D,0.57,0.71,3,1.14,1.75,1.41,3
Maranhao,7,3,3,1,8,5,3,12,Brazil - Serie D,0.43,0.86,3,1.14,2.33,1.16,4
Nova Iguacu,7,3,3,1,6,4,2,12,Brazil - Serie D,0.43,0.86,2,0.86,2.33,1.16,4
Cianorte,7,4,0,3,6,6,0,12,Brazil - Serie D,0.57,0.57,0,0.86,1.75,1.75,4
Altos,7,3,2,2,10,9,1,11,Brazil - Serie D,0.43,0.71,1,1.43,2.33,1.41,5
Maringa,7,3,2,2,10,9,1,11,Brazil - Serie D,0.43,0.71,1,1.43,2.33,1.41,5
P. do Solimoes,7,3,2,2,9,10,-1,11,Brazil - Serie D,0.43,0.71,-1,1.29,2.33,1.41,5
Portuguesa RJ,7,2,4,1,6,4,2,10,Brazil - Serie D,0.29,0.86,2,0.86,3.45,1.16,6
Itabaiana,7,3,1,3,8,7,1,10,Brazil - Serie D,0.43,0.57,1,1.14,2.33,1.75,6
CSE,7,3,1,3,9,10,-1,10,Brazil - Serie D,0.43,0.57,-1,1.29,2.33,1.75,6
Juazeirense,7,3,1,3,5,6,-1,10,Brazil - Serie D,0.43,0.57,-1,0.71,2.33,1.75,6
Manaus,7,2,3,2,11,10,1,9,Brazil - Serie D,0.29,0.71,1,1.57,3.45,1.41,7
Hercilio Luz,7,1,6,0,5,4,1,9,Brazil - Serie D,0.14,1.0,1,0.71,7.14,1.0,7
Serra,7,2,3,2,9,10,-1,9,Brazil - Serie D,0.29,0.71,-1,1.29,3.45,1.41,7
Novo Hamburgo,7,2,3,2,8,9,-1,9,Brazil - Serie D,0.29,0.71,-1,1.14,3.45,1.41,7
Atletico CE,7,2,3,2,7,9,-2,9,Brazil - Serie D,0.29,0.71,-2,1.0,3.45,1.41,7
Porto Velho,7,3,0,4,8,11,-3,9,Brazil - Serie D,0.43,0.43,-3,1.14,2.33,2.33,7
Trem,7,3,0,4,11,15,-4,9,Brazil - Serie D,0.43,0.43,-4,1.57,2.33,2.33,7
Barra FC,7,2,2,3,6,5,1,8,Brazil - Serie D,0.29,0.57,1,0.86,3.45,1.75,8
Inter Limeira,7,2,2,3,4,3,1,8,Brazil - Serie D,0.29,0.57,1,0.57,3.45,1.75,8
River,7,2,2,3,8,8,0,8,Brazil - Serie D,0.29,0.57,0,1.14,3.45,1.75,8
ASA,7,2,2,3,8,9,-1,8,Brazil - Serie D,0.29,0.57,-1,1.14,3.45,1.75,8
Retro,7,2,2,3,7,8,-1,8,Brazil - Serie D,0.29,0.57,-1,1.0,3.45,1.75,8
Costa Rica MS,7,2,2,3,5,6,-1,8,Brazil - Serie D,0.29,0.57,-1,0.71,3.45,1.75,8
CRAC,7,1,5,1,4,5,-1,8,Brazil - Serie D,0.14,0.86,-1,0.57,7.14,1.16,8
Boavista,1,1,0,0,2,1,1,3,Brazil - Carioca,1.0,1.0,1,2.0,1.0,1.0,1
CFRJ . Marica,1,1,0,0,2,1,1,3,Brazil - Carioca,1.0,1.0,1,2.0,1.0,1.0,1
Portuguesa RJ,2,1,0,1,1,2,-1,3,Brazil - Carioca,0.5,0.5,-1,0.5,2.0,2.0,1
Vasco da Gama,1,0,1,0,1,1,0,1,Brazil - Carioca,0.0,1.0,0,1.0,0.0,1.0,2
Sampaio Correa,1,0,1,0,0,0,0,1,Brazil - Carioca,0.0,1.0,0,0.0,0.0,1.0,2
Bangu,0,0,0,0,0,0,0,0,Brazil - Carioca,0.0,0.0,0,0.0,0.0,0.0,3
Botafogo,0,0,0,0,0,0,0,0,Brazil - Carioca,0.0,0.0,0,0.0,0.0,0.0,3
Flamengo,0,0,0,0,0,0,0,0,Brazil - Carioca,0.0,0.0,0,0.0,0.0,0.0,3
Fluminense,0,0,0,0,0,0,0,0,Brazil - Carioca,0.0,0.0,0,0.0,0.0,0.0,3
Madureira,0,0,0,0,0,0,0,0,Brazil - Carioca,0.0,0.0,0,0.0,0.0,0.0,3
Nova Iguacu,0,0,0,0,0,0,0,0,Brazil - Carioca,0.0,0.0,0,0.0,0.0,0.0,3
Volta Redonda,1,0,0,1,0,2,-2,0,Brazil - Carioca,0.0,0.0,-2,0.0,0.0,0.0,3
America MG,0,0,0,0,0,0,0,0,Brazil - Mineiro,0.0,0.0,0,0.0,0.0,0.0,1
Athletic Club,0,0,0,0,0,0,0,0,Brazil - Mineiro,0.0,0.0,0,0.0,0.0,0.0,1
Atletico MG,0,0,0,0,0,0,0,0,Brazil - Mineiro,0.0,0.0,0,0.0,0.0,0.0,1
Aymorés,0,0,0,0,0,0,0,0,Brazil - Mineiro,0.0,0.0,0,0.0,0.0,0.0,1
Betim,0,0,0,0,0,0,0,0,Brazil - Mineiro,0.0,0.0,0,0.0,0.0,0.0,1
Cruzeiro,0,0,0,0,0,0,0,0,Brazil - Mineiro,0.0,0.0,0,0.0,0.0,0.0,1
Democrata GV,0,0,0,0,0,0,0,0,Brazil - Mineiro,0.0,0.0,0,0.0,0.0,0.0,1
Itabirito,0,0,0,0,0,0,0,0,Brazil - Mineiro,0.0,0.0,0,0.0,0.0,0.0,1
Pouso Alegre,0,0,0,0,0,0,0,0,Brazil - Mineiro,0.0,0.0,0,0.0,0.0,0.0,1
Tombense,0,0,0,0,0,0,0,0,Brazil - Mineiro,0.0,0.0,0,0.0,0.0,0.0,1
Uberlandia,0,0,0,0,0,0,0,0,Brazil - Mineiro,0.0,0.0,0,0.0,0.0,0.0,1
Villa Nova,0,0,0,0,0,0,0,0,Brazil - Mineiro,0.0,0.0,0,0.0,0.0,0.0,1
ABECAT Ouvidore,0,0,0,0,0,0,0,0,Brazil - Goiano,0.0,0.0,0,0.0,0.0,0.0,1
Anapolis,0,0,0,0,0,0,0,0,Brazil - Goiano,0.0,0.0,0,0.0,0.0,0.0,1
Aparecidense,0,0,0,0,0,0,0,0,Brazil - Goiano,0.0,0.0,0,0.0,0.0,0.0,1
Atletico GO,0,0,0,0,0,0,0,0,Brazil - Goiano,0.0,0.0,0,0.0,0.0,0.0,1
CRAC,0,0,0,0,0,0,0,0,Brazil - Goiano,0.0,0.0,0,0.0,0.0,0.0,1
Goianesia,0,0,0,0,0,0,0,0,Brazil - Goiano,0.0,0.0,0,0.0,0.0,0.0,1
Goiania,0,0,0,0,0,0,0,0,Brazil - Goiano,0.0,0.0,0,0.0,0.0,0.0,1
Goias,0,0,0,0,0,0,0,0,Brazil - Goiano,0.0,0.0,0,0.0,0.0,0.0,1
Goiatuba EC,0,0,0,0,0,0,0,0,Brazil - Goiano,0.0,0.0,0,0.0,0.0,0.0,1
Inhumas,0,0,0,0,0,0,0,0,Brazil - Goiano,0.0,0.0,0,0.0,0.0,0.0,1
Jataiense,0,0,0,0,0,0,0,0,Brazil - Goiano,0.0,0.0,0,0.0,0.0,0.0,1
Vila Nova,0,0,0,0,0,0,0,0,Brazil - Goiano,0.0,0.0,0,0.0,0.0,0.0,1
Maguary PE,1,1,0,0,3,1,2,3,Brazil - Pernambucano,1.0,1.0,2,3.0,1.0,1.0,1
Decisao,1,0,1,0,1,1,0,1,Brazil - Pernambucano,0.0,1.0,0,1.0,0.0,1.0,2
Petrolina,1,0,1,0,1,1,0,1,Brazil - Pernambucano,0.0,1.0,0,1.0,0.0,1.0,2
Santa Cruz,1,0,1,0,1,1,0,1,Brazil - Pernambucano,0.0,1.0,0,1.0,0.0,1.0,2
Sport Recife,1,0,1,0,1,1,0,1,Brazil - Pernambucano,0.0,1.0,0,1.0,0.0,1.0,2
Jaguar,1,0,1,0,0,0,0,1,Brazil - Pernambucano,0.0,1.0,0,0.0,0.0,1.0,2
Afogados,0,0,0,0,0,0,0,0,Brazil - Pernambucano,0.0,0.0,0,0.0,0.0,0.0,3
Central,0,0,0,0,0,0,0,0,Brazil - Pernambucano,0.0,0.0,0,0.0,0.0,0.0,3
Nautico,0,0,0,0,0,0,0,0,Brazil - Pernambucano,0.0,0.0,0,0.0,0.0,0.0,3
Retro,0,0,0,0,0,0,0,0,Brazil - Pernambucano,0.0,0.0,0,0.0,0.0,0.0,3
Winner Semi-fin,0,0,0,0,0,0,0,0,Brazil - Pernambucano,0.0,0.0,0,0.0,0.0,0.0,3
Agua Santa,0,0,0,0,0,0,0,0,Brazil - Paulista,0.0,0.0,0,0.0,0.0,0.0,1
Botafogo SP,0,0,0,0,0,0,0,0,Brazil - Paulista,0.0,0.0,0,0.0,0.0,0.0,1
Bragantino,0,0,0,0,0,0,0,0,Brazil - Paulista,0.0,0.0,0,0.0,0.0,0.0,1
Corinthians,0,0,0,0,0,0,0,0,Brazil - Paulista,0.0,0.0,0,0.0,0.0,0.0,1
Guarani,0,0,0,0,0,0,0,0,Brazil - Paulista,0.0,0.0,0,0.0,0.0,0.0,1
Inter Limeira,0,0,0,0,0,0,0,0,Brazil - Paulista,0.0,0.0,0,0.0,0.0,0.0,1
Mirassol,0,0,0,0,0,0,0,0,Brazil - Paulista,0.0,0.0,0,0.0,0.0,0.0,1
Noroeste,0,0,0,0,0,0,0,0,Brazil - Paulista,0.0,0.0,0,0.0,0.0,0.0,1
Novorizontino,0,0,0,0,0,0,0,0,Brazil - Paulista,0.0,0.0,0,0.0,0.0,0.0,1
Palmeiras,0,0,0,0,0,0,0,0,Brazil - Paulista,0.0,0.0,0,0.0,0.0,0.0,1
Ponte Preta,0,0,0,0,0,0,0,0,Brazil - Paulista,0.0,0.0,0,0.0,0.0,0.0,1
Portuguesa,0,0,0,0,0,0,0,0,Brazil - Paulista,0.0,0.0,0,0.0,0.0,0.0,1
Santos,0,0,0,0,0,0,0,0,Brazil - Paulista,0.0,0.0,0,0.0,0.0,0.0,1
Sao Bernardo,0,0,0,0,0,0,0,0,Brazil - Paulista,0.0,0.0,0,0.0,0.0,0.0,1
Sao Paulo,0,0,0,0,0,0,0,0,Brazil - Paulista,0.0,0.0,0,0.0,0.0,0.0,1
Velo Clube,0,0,0,0,0,0,0,0,Brazil - Paulista,0.0,0.0,0,0.0,0.0,0.0,1
EC de Patos,1,1,0,0,3,0,3,3,Brazil - Paraibano,1.0,1.0,3,3.0,1.0,1.0,1
Sousa,1,1,0,0,2,0,2,3,Brazil - Paraibano,1.0,1.0,2,2.0,1.0,1.0,1
Auto Esporte,1,0,1,0,1,1,0,1,Brazil - Paraibano,0.0,1.0,0,1.0,0.0,1.0,2
Botafogo PB,0,0,0,0,0,0,0,0,Brazil - Paraibano,0.0,0.0,0,0.0,0.0,0.0,3
Picuiense,0,0,0,0,0,0,0,0,Brazil - Paraibano,0.0,0.0,0,0.0,0.0,0.0,3
Pombal,0,0,0,0,0,0,0,0,Brazil - Paraibano,0.0,0.0,0,0.0,0.0,0.0,3
Serra Branca,0,0,0,0,0,0,0,0,Brazil - Paraibano,0.0,0.0,0,0.0,0.0,0.0,3
Treze,0,0,0,0,0,0,0,0,Brazil - Paraibano,0.0,0.0,0,0.0,0.0,0.0,3
Campinense,1,0,0,1,0,1,-1,0,Brazil - Paraibano,0.0,0.0,-1,0.0,0.0,0.0,3
Nacional Patos,1,0,0,1,2,4,-2,0,Brazil - Paraibano,0.0,0.0,-2,2.0,0.0,0.0,3
Figueirense,1,0,1,0,0,0,0,1,Brazil - Catarinense,0.0,1.0,0,0.0,0.0,1.0,1
Avai,0,0,0,0,0,0,0,0,Brazil - Catarinense,0.0,0.0,0,0.0,0.0,0.0,2
Barra FC,0,0,0,0,0,0,0,0,Brazil - Catarinense,0.0,0.0,0,0.0,0.0,0.0,2
Brusque,0,0,0,0,0,0,0,0,Brazil - Catarinense,0.0,0.0,0,0.0,0.0,0.0,2
Caravaggio,0,0,0,0,0,0,0,0,Brazil - Catarinense,0.0,0.0,0,0.0,0.0,0.0,2
Chapecoense,0,0,0,0,0,0,0,0,Brazil - Catarinense,0.0,0.0,0,0.0,0.0,0.0,2
Concordia,0,0,0,0,0,0,0,0,Brazil - Catarinense,0.0,0.0,0,0.0,0.0,0.0,2
Criciuma,0,0,0,0,0,0,0,0,Brazil - Catarinense,0.0,0.0,0,0.0,0.0,0.0,2
Hercilio Luz,0,0,0,0,0,0,0,0,Brazil - Catarinense,0.0,0.0,0,0.0,0.0,0.0,2
Joinville,0,0,0,0,0,0,0,0,Brazil - Catarinense,0.0,0.0,0,0.0,0.0,0.0,2
Marcilio Dias,0,0,0,0,0,0,0,0,Brazil - Catarinense,0.0,0.0,0,0.0,0.0,0.0,2
Santa Catarina,0,0,0,0,0,0,0,0,Brazil - Catarinense,0.0,0.0,0,0.0,0.0,0.0,2
Avenida,0,0,0,0,0,0,0,0,Brazil - Gaucho,0.0,0.0,0,0.0,0.0,0.0,1
Brasil de P.,0,0,0,0,0,0,0,0,Brazil - Gaucho,0.0,0.0,0,0.0,0.0,0.0,1
Caxias,0,0,0,0,0,0,0,0,Brazil - Gaucho,0.0,0.0,0,0.0,0.0,0.0,1
EC Sao Jose,0,0,0,0,0,0,0,0,Brazil - Gaucho,0.0,0.0,0,0.0,0.0,0.0,1
Gremio,0,0,0,0,0,0,0,0,Brazil - Gaucho,0.0,0.0,0,0.0,0.0,0.0,1
Guarany de Bage,0,0,0,0,0,0,0,0,Brazil - Gaucho,0.0,0.0,0,0.0,0.0,0.0,1
Internacional,0,0,0,0,0,0,0,0,Brazil - Gaucho,0.0,0.0,0,0.0,0.0,0.0,1
Juventude,0,0,0,0,0,0,0,0,Brazil - Gaucho,0.0,0.0,0,0.0,0.0,0.0,1
Monsoon,0,0,0,0,0,0,0,0,Brazil - Gaucho,0.0,0.0,0,0.0,0.0,0.0,1
Pelotas,0,0,0,0,0,0,0,0,Brazil - Gaucho,0.0,0.0,0,0.0,0.0,0.0,1
Sao Luiz,0,0,0,0,0,0,0,0,Brazil - Gaucho,0.0,0.0,0,0.0,0.0,0.0,1
Ypiranga,0,0,0,0,0,0,0,0,Brazil - Gaucho,0.0,0.0,0,0.0,0.0,0.0,1
Ludogorets,8,7,1,0,21,5,16,22,Bulgaria - Parva Liga,0.88,1.0,16,2.62,1.14,1.0,1
Cherno More,8,5,1,2,12,5,7,16,Bulgaria - Parva Liga,0.62,0.75,7,1.5,1.61,1.33,2
Botev Plovdiv,8,5,0,3,5,5,0,15,Bulgaria - Parva Liga,0.62,0.62,0,0.62,1.61,1.61,3
Levski Sofia,8,4,1,3,10,6,4,13,Bulgaria - Parva Liga,0.5,0.62,4,1.25,2.0,1.61,4
Arda,8,3,3,2,9,6,3,12,Bulgaria - Parva Liga,0.38,0.75,3,1.12,2.63,1.33,5
Septemvri Sofia,8,4,0,4,9,12,-3,12,Bulgaria - Parva Liga,0.5,0.5,-3,1.12,2.0,2.0,5
CSKA 1948 Sofia,8,2,5,1,11,9,2,11,Bulgaria - Parva Liga,0.25,0.88,2,1.38,4.0,1.14,6
CSKA Sofia,8,3,2,3,10,9,1,11,Bulgaria - Parva Liga,0.38,0.62,1,1.25,2.63,1.61,6
Beroe,8,3,2,3,9,9,0,11,Bulgaria - Parva Liga,0.38,0.62,0,1.12,2.63,1.61,6
Spartak Varna,8,3,2,3,8,12,-4,11,Bulgaria - Parva Liga,0.38,0.62,-4,1.0,2.63,1.61,6
L. Krumovgrad,8,2,3,3,5,9,-4,9,Bulgaria - Parva Liga,0.25,0.62,-4,0.62,4.0,1.61,7
Lok. Plovdiv,8,2,1,5,9,12,-3,7,Bulgaria - Parva Liga,0.25,0.38,-3,1.12,4.0,2.63,8
Slavia Sofia,8,2,0,6,8,13,-5,6,Bulgaria - Parva Liga,0.25,0.25,-5,1.0,4.0,4.0,9
Lokomotiv Sofia,8,1,1,6,6,17,-11,4,Bulgaria - Parva Liga,0.12,0.25,-11,0.75,8.33,4.0,10
Botev Vratsa,8,1,1,6,5,18,-13,4,Bulgaria - Parva Liga,0.12,0.25,-13,0.62,8.33,4.0,10
Hebar,8,0,2,6,6,17,-11,2,Bulgaria - Parva Liga,0.0,0.25,-11,0.75,0.0,4.0,11
Cavalry,8,7,0,1,15,6,9,21,Canada - Premier League,0.88,0.88,9,1.88,1.14,1.14,1
Forge,8,3,2,3,8,9,-1,11,Canada - Premier League,0.38,0.62,-1,1.0,2.63,1.61,2
York Utd,8,3,2,3,8,9,-1,11,Canada - Premier League,0.38,0.62,-1,1.0,2.63,1.61,2
A. Ottawa,8,2,3,3,10,12,-2,9,Canada - Premier League,0.25,0.62,-2,1.25,4.0,1.61,3
Valour,8,1,5,2,12,12,0,8,Canada - Premier League,0.12,0.75,0,1.5,8.33,1.33,4
Vancouver FC,8,1,4,3,8,12,-4,7,Canada - Premier League,0.12,0.62,-4,1.0,8.33,1.61,5
Pacific,8,1,2,5,6,11,-5,5,Canada - Premier League,0.12,0.38,-5,0.75,8.33,2.63,6
HFX Wanderers,8,0,2,6,6,17,-11,2,Canada - Premier League,0.0,0.25,-11,0.75,0.0,4.0,7
Colo-Colo,8,6,2,0,12,4,8,20,Chile - Primera Division,0.75,1.0,8,1.5,1.33,1.0,1
U. de Chile,8,5,1,2,16,10,6,16,Chile - Primera Division,0.62,0.75,6,2.0,1.61,1.33,2
Nublense,8,4,1,3,8,6,2,13,Chile - Primera Division,0.5,0.62,2,1.0,2.0,1.61,3
Everton,8,3,3,2,16,12,4,12,Chile - Primera Division,0.38,0.75,4,2.0,2.63,1.33,4
Union Espanola,8,3,2,3,10,10,0,11,Chile - Primera Division,0.38,0.62,0,1.25,2.63,1.61,5
Union La Calera,8,2,3,3,4,7,-3,9,Chile - Primera Division,0.25,0.62,-3,0.5,4.0,1.61,6
U. Catolica,8,2,2,4,8,11,-3,8,Chile - Primera Division,0.25,0.5,-3,1.0,4.0,2.0,7
Audax Italiano,8,2,1,5,7,11,-4,7,Chile - Primera Division,0.25,0.38,-4,0.88,4.0,2.63,8
OHiggins,8,2,1,5,8,14,-6,7,Chile - Primera Division,0.25,0.38,-6,1.0,4.0,2.63,8
Coquimbo Unido,8,2,1,5,7,14,-7,7,Chile - Primera Division,0.25,0.38,-7,0.88,4.0,2.63,8
Palestino,8,1,3,4,9,13,-4,6,Chile - Primera Division,0.12,0.5,-4,1.12,8.33,2.0,9
Huachipato,8,2,0,6,8,15,-7,6,Chile - Primera Division,0.25,0.25,-7,1.0,4.0,4.0,9
D. Iquique,8,1,2,5,9,17,-8,5,Chile - Primera Division,0.12,0.38,-8,1.12,8.33,2.63,10
Copiapo,8,1,1,6,8,20,-12,4,Chile - Primera Division,0.12,0.25,-12,1.0,8.33,4.0,11
Cobreloa,8,1,1,6,7,19,-12,4,Chile - Primera Division,0.12,0.25,-12,0.88,8.33,4.0,11
Cobresal,8,0,2,6,3,15,-12,2,Chile - Primera Division,0.0,0.25,-12,0.38,0.0,4.0,12
La Serena,8,4,4,0,10,4,6,16,Chile - Primera B,0.5,1.0,6,1.25,2.0,1.0,1
Barnechea,8,4,2,2,16,11,5,14,Chile - Primera B,0.5,0.75,5,2.0,2.0,1.33,2
Magallanes,8,4,2,2,11,8,3,14,Chile - Primera B,0.5,0.75,3,1.38,2.0,1.33,2
S. Morning,8,3,3,2,9,8,1,12,Chile - Primera B,0.38,0.75,1,1.12,2.63,1.33,3
Rangers,8,3,3,2,9,10,-1,12,Chile - Primera B,0.38,0.75,-1,1.12,2.63,1.33,3
Curico Unido,8,3,2,3,8,8,0,11,Chile - Primera B,0.38,0.62,0,1.0,2.63,1.61,4
U. San Felipe,8,3,2,3,7,12,-5,11,Chile - Primera B,0.38,0.62,-5,0.88,2.63,1.61,4
Antofagasta,8,2,4,2,12,10,2,10,Chile - Primera B,0.25,0.75,2,1.5,4.0,1.33,5
San Marcos,8,2,4,2,5,5,0,10,Chile - Primera B,0.25,0.75,0,0.62,4.0,1.33,5
S. Wanderers,8,2,3,3,9,11,-2,9,Chile - Primera B,0.25,0.62,-2,1.12,4.0,1.61,6
U. Concepcion,8,2,3,3,7,10,-3,9,Chile - Primera B,0.25,0.62,-3,0.88,4.0,1.61,6
Recoleta,8,2,2,4,9,9,0,8,Chile - Primera B,0.25,0.5,0,1.12,4.0,2.0,7
Deportes Temuco,8,2,1,5,8,13,-5,7,Chile - Primera B,0.25,0.38,-5,1.0,4.0,2.63,8
D. Limache,8,2,1,5,6,14,-8,7,Chile - Primera B,0.25,0.38,-8,0.75,4.0,2.63,8
San Luis,8,1,3,4,6,15,-9,6,Chile - Primera B,0.12,0.5,-9,0.75,8.33,2.0,9
CD Santa Cruz,8,1,2,5,9,16,-7,5,Chile - Primera B,0.12,0.38,-7,1.12,8.33,2.63,10
S. Shenhua,8,7,0,1,17,6,11,21,China - Super League,0.88,0.88,11,2.12,1.14,1.14,1
Shanghai Port,8,6,0,2,13,10,3,18,China - Super League,0.75,0.75,3,1.62,1.33,1.33,2
Chengdu,8,4,2,2,14,9,5,14,China - Super League,0.5,0.75,5,1.75,2.0,1.33,3
Henan SL,8,2,3,3,8,6,2,9,China - Super League,0.25,0.62,2,1.0,4.0,1.61,4
Beijing Guoan,8,2,3,3,13,15,-2,9,China - Super League,0.25,0.62,-2,1.62,4.0,1.61,4
Wuhan Three T.,8,2,3,3,5,7,-2,9,China - Super League,0.25,0.62,-2,0.62,4.0,1.61,4
Qingdao West C.,8,3,0,5,10,13,-3,9,China - Super League,0.38,0.38,-3,1.25,2.63,2.63,4
Shandong T.,8,2,2,4,12,18,-6,8,China - Super League,0.25,0.5,-6,1.5,4.0,2.0,5
Zhejiang,8,1,2,5,12,18,-6,5,China - Super League,0.12,0.38,-6,1.5,8.33,2.63,6
Cangzhou,8,1,2,5,7,16,-9,5,China - Super League,0.12,0.38,-9,0.88,8.33,2.63,6
Sichuan Jiuniu,8,1,2,5,7,16,-9,5,China - Super League,0.12,0.38,-9,0.88,8.33,2.63,6
Nantong Zhiyun,8,1,1,6,10,26,-16,4,China - Super League,0.12,0.25,-16,1.25,8.33,4.0,7
Qingdao Hainiu,8,1,1,6,6,24,-18,4,China - Super League,0.12,0.25,-18,0.75,8.33,4.0,7
Meizhou Hakka,8,0,2,6,9,24,-15,2,China - Super League,0.0,0.25,-15,1.12,0.0,4.0,8
Changchun Yatai,8,0,2,6,8,24,-16,2,China - Super League,0.0,0.25,-16,1.0,0.0,4.0,8
Tianjin T.,8,0,1,7,7,22,-15,1,China - Super League,0.0,0.12,-15,0.88,0.0,8.33,9
Liaoning Tieren,8,5,2,1,12,10,2,17,China - League One,0.62,0.88,2,1.5,1.61,1.14,1
Guangzhou FC,8,4,2,2,14,7,7,14,China - League One,0.5,0.75,7,1.75,2.0,1.33,2
Yunnan Yukun,8,4,1,3,17,9,8,13,China - League One,0.5,0.62,8,2.12,2.0,1.61,3
S. Gongfu,8,2,5,1,6,5,1,11,China - League One,0.25,0.88,1,0.75,4.0,1.14,4
Wuxi Wugou,8,3,2,3,9,11,-2,11,China - League One,0.38,0.62,-2,1.12,2.63,1.61,4
Yanbian Longdin,8,3,1,4,8,11,-3,10,China - League One,0.38,0.5,-3,1.0,2.63,2.0,5
Dalian Yingbo,8,3,1,4,9,13,-4,10,China - League One,0.38,0.5,-4,1.12,2.63,2.0,5
Heilongjiang IC,8,2,3,3,3,9,-6,9,China - League One,0.25,0.62,-6,0.38,4.0,1.61,6
Guangxi Baoyun,8,1,5,2,6,9,-3,8,China - League One,0.12,0.75,-3,0.75,8.33,1.33,7
Foshan Nanshi,8,2,2,4,5,13,-8,8,China - League One,0.25,0.5,-8,0.62,4.0,2.0,7
Suzhou Dongwu,8,1,4,3,9,11,-2,7,China - League One,0.12,0.62,-2,1.12,8.33,1.61,8
Shanghai Jiadin,8,0,6,2,6,9,-3,6,China - League One,0.0,0.75,-3,0.75,0.0,1.33,9
Chongqing T.,8,1,2,5,2,8,-6,5,China - League One,0.12,0.38,-6,0.25,8.33,2.63,10
Jiangxi Lushan,8,1,2,5,7,18,-11,5,China - League One,0.12,0.38,-11,0.88,8.33,2.63,10
Qingdao RL,8,0,3,5,6,18,-12,3,China - League One,0.0,0.38,-12,0.75,0.0,2.63,11
Nanjing City,8,0,1,7,5,16,-11,1,China - League One,0.0,0.12,-11,0.62,0.0,8.33,12
Ganzhou Ruishi,8,4,1,3,11,10,1,13,China - League Two,0.5,0.62,1,1.38,2.0,1.61,1
Shaanxi Union,8,3,2,3,13,12,1,11,China - League Two,0.38,0.62,1,1.62,2.63,1.61,2
Guangxi Lanhang,8,3,2,3,11,10,1,11,China - League Two,0.38,0.62,1,1.38,2.63,1.61,2
Guangdong GZP,8,3,2,3,8,7,1,11,China - League Two,0.38,0.62,1,1.0,2.63,1.61,2
Dalian Kuncheng,8,3,1,4,7,7,0,10,China - League Two,0.38,0.5,0,0.88,2.63,2.0,3
Guangxi H.,8,3,1,4,8,9,-1,10,China - League Two,0.38,0.5,-1,1.0,2.63,2.0,3
Shanghai Port B,8,3,1,4,10,12,-2,10,China - League Two,0.38,0.5,-2,1.25,2.63,2.0,3
Shenzhen J.,8,2,3,3,10,8,2,9,China - League Two,0.25,0.62,2,1.25,4.0,1.61,4
Shandong T. B,8,3,0,5,8,11,-3,9,China - League Two,0.38,0.38,-3,1.0,2.63,2.63,4
Haikou M.,8,2,3,3,10,14,-4,9,China - League Two,0.25,0.62,-4,1.25,4.0,1.61,4
Langfang Glory,8,2,2,4,6,8,-2,8,China - League Two,0.25,0.5,-2,0.75,4.0,2.0,5
Xian Ronghai,8,2,2,4,9,12,-3,8,China - League Two,0.25,0.5,-3,1.12,4.0,2.0,5
Taian Tiankuang,8,2,2,4,8,16,-8,8,China - League Two,0.25,0.5,-8,1.0,4.0,2.0,5
Hubei Istar,8,2,1,5,9,12,-3,7,China - League Two,0.25,0.38,-3,1.12,4.0,2.63,6
Hunan Billows,8,1,4,3,7,15,-8,7,China - League Two,0.12,0.62,-8,0.88,8.33,1.61,6
Jiangxi DH,8,1,3,4,6,7,-1,6,China - League Two,0.12,0.5,-1,0.75,8.33,2.0,7
Beijing IT,8,1,3,4,7,12,-5,6,China - League Two,0.12,0.5,-5,0.88,8.33,2.0,7
Rizhao Yuqi,8,0,5,3,6,12,-6,5,China - League Two,0.0,0.62,-6,0.75,0.0,1.61,8
Nantong Haimen,8,1,2,5,7,19,-12,5,China - League Two,0.12,0.38,-12,0.88,8.33,2.63,8
Quanzhou Yassin,8,0,0,8,5,24,-19,0,China - League Two,0.0,0.0,-19,0.62,0.0,0.0,9
D. Pereira,8,6,1,1,13,6,7,19,Colombia - Primera A - Apertura,0.75,0.88,7,1.62,1.33,1.14,1
A. Bucaramanga,8,4,3,1,6,2,4,15,Colombia - Primera A - Apertura,0.5,0.88,4,0.75,2.0,1.14,2
Deportes Tolima,8,4,2,2,11,8,3,14,Colombia - Primera A - Apertura,0.5,0.75,3,1.38,2.0,1.33,3
La Equidad,8,4,2,2,10,9,1,14,Colombia - Primera A - Apertura,0.5,0.75,1,1.25,2.0,1.33,3
Millonarios,8,4,1,3,10,10,0,13,Colombia - Primera A - Apertura,0.5,0.62,0,1.25,2.0,1.61,4
Santa Fe,8,3,2,3,7,8,-1,11,Colombia - Primera A - Apertura,0.38,0.62,-1,0.88,2.63,1.61,5
Once Caldas,8,3,2,3,6,8,-2,11,Colombia - Primera A - Apertura,0.38,0.62,-2,0.75,2.63,1.61,5
I. Medelin,8,3,2,3,10,15,-5,11,Colombia - Primera A - Apertura,0.38,0.62,-5,1.25,2.63,1.61,5
R. Aguilas,8,3,0,5,9,10,-1,9,Colombia - Primera A - Apertura,0.38,0.38,-1,1.12,2.63,2.63,6
Fortaleza CEIF,8,2,3,3,6,9,-3,9,Colombia - Primera A - Apertura,0.25,0.62,-3,0.75,4.0,1.61,6
America de Cali,8,1,5,2,7,7,0,8,Colombia - Primera A - Apertura,0.12,0.75,0,0.88,8.33,1.33,7
Deportivo Pasto,8,2,2,4,5,6,-1,8,Colombia - Primera A - Apertura,0.25,0.5,-1,0.62,4.0,2.0,7
A. Nacional,8,1,4,3,6,9,-3,7,Colombia - Primera A - Apertura,0.12,0.62,-3,0.75,8.33,1.61,8
A. Petrolera,8,2,1,5,4,11,-7,7,Colombia - Primera A - Apertura,0.25,0.38,-7,0.5,4.0,2.63,8
Deportivo Cali,8,1,3,4,7,11,-4,6,Colombia - Primera A - Apertura,0.12,0.5,-4,0.88,8.33,2.0,9
Patriotas,8,2,0,6,4,12,-8,6,Colombia - Primera A - Apertura,0.25,0.25,-8,0.5,4.0,4.0,9
Junior,8,1,2,5,8,16,-8,5,Colombia - Primera A - Apertura,0.12,0.38,-8,1.0,8.33,2.63,10
Envigado,8,1,2,5,6,14,-8,5,Colombia - Primera A - Apertura,0.12,0.38,-8,0.75,8.33,2.63,10
Boyaca Chico,8,1,1,6,7,21,-14,4,Colombia - Primera A - Apertura,0.12,0.25,-14,0.88,8.33,4.0,11
Jaguares de C.,8,0,3,5,5,13,-8,3,Colombia - Primera A - Apertura,0.0,0.38,-8,0.62,0.0,2.63,12
A. Bucaramanga,8,5,2,1,13,5,8,17,Colombia - Primera A - Clausura,0.62,0.88,8,1.62,1.61,1.14,1
Santa Fe,8,4,4,0,11,5,6,16,Colombia - Primera A - Clausura,0.5,1.0,6,1.38,2.0,1.0,2
Millonarios,8,4,2,2,13,7,6,14,Colombia - Primera A - Clausura,0.5,0.75,6,1.62,2.0,1.33,3
A. Nacional,8,4,1,3,8,7,1,13,Colombia - Primera A - Clausura,0.5,0.62,1,1.0,2.0,1.61,4
Deportes Tolima,8,4,0,4,7,5,2,12,Colombia - Primera A - Clausura,0.5,0.5,2,0.88,2.0,2.0,5
America de Cali,8,3,2,3,11,12,-1,11,Colombia - Primera A - Clausura,0.38,0.62,-1,1.38,2.63,1.61,6
Junior,8,2,4,2,5,3,2,10,Colombia - Primera A - Clausura,0.25,0.75,2,0.62,4.0,1.33,7
I. Medelin,8,2,4,2,10,9,1,10,Colombia - Primera A - Clausura,0.25,0.75,1,1.25,4.0,1.33,7
Fortaleza CEIF,8,2,3,3,9,9,0,9,Colombia - Primera A - Clausura,0.25,0.62,0,1.12,4.0,1.61,8
Deportivo Pasto,8,2,3,3,6,6,0,9,Colombia - Primera A - Clausura,0.25,0.62,0,0.75,4.0,1.61,8
R. Aguilas,8,2,3,3,7,13,-6,9,Colombia - Primera A - Clausura,0.25,0.62,-6,0.88,4.0,1.61,8
Once Caldas,8,2,2,4,6,11,-5,8,Colombia - Primera A - Clausura,0.25,0.5,-5,0.75,4.0,2.0,9
D. Pereira,8,1,4,3,6,9,-3,7,Colombia - Primera A - Clausura,0.12,0.62,-3,0.75,8.33,1.61,10
Deportivo Cali,8,1,4,3,7,13,-6,7,Colombia - Primera A - Clausura,0.12,0.62,-6,0.88,8.33,1.61,10
La Equidad,8,1,3,4,7,13,-6,6,Colombia - Primera A - Clausura,0.12,0.5,-6,0.88,8.33,2.0,11
Patriotas,8,1,1,6,8,18,-10,4,Colombia - Primera A - Clausura,0.12,0.25,-10,1.0,8.33,4.0,12
Jaguares de C.,8,1,1,6,4,15,-11,4,Colombia - Primera A - Clausura,0.12,0.25,-11,0.5,8.33,4.0,12
Boyaca Chico,8,1,0,7,5,20,-15,3,Colombia - Primera A - Clausura,0.12,0.12,-15,0.62,8.33,8.33,13
A. Petrolera,8,0,2,6,4,13,-9,2,Colombia - Primera A - Clausura,0.0,0.25,-9,0.5,0.0,4.0,14
Envigado,8,0,1,7,2,15,-13,1,Colombia - Primera A - Clausura,0.0,0.12,-13,0.25,0.0,8.33,15
San Carlos,8,5,1,2,19,17,2,16,Costa Rica - Primera Div. - Apertura,0.62,0.75,2,2.38,1.61,1.33,1
Saprissa,8,4,2,2,10,7,3,14,Costa Rica - Primera Div. - Apertura,0.5,0.75,3,1.25,2.0,1.33,2
Alajuelense,8,3,3,2,10,9,1,12,Costa Rica - Primera Div. - Apertura,0.38,0.75,1,1.25,2.63,1.33,3
Herediano,8,3,2,3,11,11,0,11,Costa Rica - Primera Div. - Apertura,0.38,0.62,0,1.38,2.63,1.61,4
Santos Guapiles,8,1,4,3,11,13,-2,7,Costa Rica - Primera Div. - Apertura,0.12,0.62,-2,1.38,8.33,1.61,5
M. Liberia,8,2,1,5,10,14,-4,7,Costa Rica - Primera Div. - Apertura,0.25,0.38,-4,1.25,4.0,2.63,5
Zeledon,8,1,4,3,6,11,-5,7,Costa Rica - Primera Div. - Apertura,0.12,0.62,-5,0.75,8.33,1.61,5
Santa Ana,8,2,0,6,8,12,-4,6,Costa Rica - Primera Div. - Apertura,0.25,0.25,-4,1.0,4.0,4.0,6
Guanacasteca,8,1,3,4,6,15,-9,6,Costa Rica - Primera Div. - Apertura,0.12,0.5,-9,0.75,8.33,2.0,6
Cartagines,8,1,1,6,8,17,-9,4,Costa Rica - Primera Div. - Apertura,0.12,0.25,-9,1.0,8.33,4.0,7
Puntarenas,8,1,1,6,8,17,-9,4,Costa Rica - Primera Div. - Apertura,0.12,0.25,-9,1.0,8.33,4.0,7
Sporting SJ,8,0,1,7,3,12,-9,1,Costa Rica - Primera Div. - Apertura,0.0,0.12,-9,0.38,0.0,8.33,8
Slavia Prague,8,6,1,1,16,4,12,19,CzechRepublic - 1. Liga,0.75,0.88,12,2.0,1.33,1.14,1
Banik Ostrava,8,4,3,1,13,10,3,15,CzechRepublic - 1. Liga,0.5,0.88,3,1.62,2.0,1.14,2
Sparta Prague,8,4,2,2,12,8,4,14,CzechRepublic - 1. Liga,0.5,0.75,4,1.5,2.0,1.33,3
Viktoria Plzen,8,4,2,2,10,7,3,14,CzechRepublic - 1. Liga,0.5,0.75,3,1.25,2.0,1.33,3
Mlada Boleslav,8,3,3,2,14,10,4,12,CzechRepublic - 1. Liga,0.38,0.75,4,1.75,2.63,1.33,4
Bohemians,8,3,3,2,9,8,1,12,CzechRepublic - 1. Liga,0.38,0.75,1,1.12,2.63,1.33,4
Hradec Kralove,8,3,2,3,8,8,0,11,CzechRepublic - 1. Liga,0.38,0.62,0,1.0,2.63,1.61,5
Jablonec,8,2,2,4,10,9,1,8,CzechRepublic - 1. Liga,0.25,0.5,1,1.25,4.0,2.0,6
Slovan Liberec,8,2,2,4,10,9,1,8,CzechRepublic - 1. Liga,0.25,0.5,1,1.25,4.0,2.0,6
Sigma Olomouc,8,2,2,4,11,13,-2,8,CzechRepublic - 1. Liga,0.25,0.5,-2,1.38,4.0,2.0,6
Teplice,8,2,2,4,7,12,-5,8,CzechRepublic - 1. Liga,0.25,0.5,-5,0.88,4.0,2.0,6
Slovacko,8,2,2,4,11,18,-7,8,CzechRepublic - 1. Liga,0.25,0.5,-7,1.38,4.0,2.0,6
Karvina,8,1,2,5,11,23,-12,5,CzechRepublic - 1. Liga,0.12,0.38,-12,1.38,8.33,2.63,7
Pardubice,8,0,3,5,4,13,-9,3,CzechRepublic - 1. Liga,0.0,0.38,-9,0.5,0.0,2.63,8
Dukla Praha,8,0,2,6,4,18,-14,2,CzechRepublic - 1. Liga,0.0,0.25,-14,0.5,0.0,4.0,9
C. Budejovice,8,0,1,7,6,30,-24,1,CzechRepublic - 1. Liga,0.0,0.12,-24,0.75,0.0,8.33,10
Randers FC,8,3,4,1,14,9,5,13,Denmark - Superligaen,0.38,0.88,5,1.75,2.63,1.14,1
FC Kobenhavn,8,3,3,2,12,9,3,12,Denmark - Superligaen,0.38,0.75,3,1.5,2.63,1.33,2
Brondby IF,8,3,2,3,18,14,4,11,Denmark - Superligaen,0.38,0.62,4,2.25,2.63,1.61,3
FC Midtjylland,8,3,2,3,14,12,2,11,Denmark - Superligaen,0.38,0.62,2,1.75,2.63,1.61,3
Silkeborg,8,2,4,2,12,10,2,10,Denmark - Superligaen,0.25,0.75,2,1.5,4.0,1.33,4
AGF Aarhus,8,2,3,3,9,8,1,9,Denmark - Superligaen,0.25,0.62,1,1.12,4.0,1.61,5
Viborg,8,1,4,3,12,11,1,7,Denmark - Superligaen,0.12,0.62,1,1.5,8.33,1.61,6
Nordsjaelland,8,2,1,5,12,20,-8,7,Denmark - Superligaen,0.25,0.38,-8,1.5,4.0,2.63,6
SonderjyskE,8,2,1,5,9,18,-9,7,Denmark - Superligaen,0.25,0.38,-9,1.12,4.0,2.63,6
Aalborg BK,8,1,3,4,8,13,-5,6,Denmark - Superligaen,0.12,0.5,-5,1.0,8.33,2.0,7
Lyngby,8,0,3,5,6,12,-6,3,Denmark - Superligaen,0.0,0.38,-6,0.75,0.0,2.63,8
Vejle BK,8,0,1,7,7,20,-13,1,Denmark - Superligaen,0.0,0.12,-13,0.88,0.0,8.33,9
Odense BK,8,6,2,0,24,7,17,20,Denmark - 1st Division,0.75,1.0,17,3.0,1.33,1.0,1
Fredericia,8,6,0,2,21,8,13,18,Denmark - 1st Division,0.75,0.75,13,2.62,1.33,1.33,2
Kolding IF,8,4,1,3,7,4,3,13,Denmark - 1st Division,0.5,0.62,3,0.88,2.0,1.61,3
AC Horsens,8,4,1,3,13,12,1,13,Denmark - 1st Division,0.5,0.62,1,1.62,2.0,1.61,3
Esbjerg,8,4,0,4,13,14,-1,12,Denmark - 1st Division,0.5,0.5,-1,1.62,2.0,2.0,4
Hillerod,8,2,4,2,12,8,4,10,Denmark - 1st Division,0.25,0.75,4,1.5,4.0,1.33,5
Hobro,8,3,1,4,11,12,-1,10,Denmark - 1st Division,0.38,0.5,-1,1.38,2.63,2.0,5
B 93,8,3,1,4,13,18,-5,10,Denmark - 1st Division,0.38,0.5,-5,1.62,2.63,2.0,5
HB Koge,8,2,3,3,11,12,-1,9,Denmark - 1st Division,0.25,0.62,-1,1.38,4.0,1.61,6
Vendsyssel,8,2,3,3,9,12,-3,9,Denmark - 1st Division,0.25,0.62,-3,1.12,4.0,1.61,6
Hvidovre,8,2,1,5,4,9,-5,7,Denmark - 1st Division,0.25,0.38,-5,0.5,4.0,2.63,7
Roskilde,8,1,1,6,6,16,-10,4,Denmark - 1st Division,0.12,0.25,-10,0.75,8.33,4.0,8
Fremad Amager,8,6,1,1,15,8,7,19,Denmark - 2nd Division,0.75,0.88,7,1.88,1.33,1.14,1
Middelfart,8,4,2,2,14,7,7,14,Denmark - 2nd Division,0.5,0.75,7,1.75,2.0,1.33,2
Ishoj,8,4,2,2,10,8,2,14,Denmark - 2nd Division,0.5,0.75,2,1.25,2.0,1.33,2
Hellerup IK,8,3,2,3,7,4,3,11,Denmark - 2nd Division,0.38,0.62,3,0.88,2.63,1.61,3
Naestved,8,3,2,3,6,7,-1,11,Denmark - 2nd Division,0.38,0.62,-1,0.75,2.63,1.61,3
Helsingor,8,3,2,3,9,11,-2,11,Denmark - 2nd Division,0.38,0.62,-2,1.12,2.63,1.61,3
Aarhus Fremad,8,3,1,4,10,9,1,10,Denmark - 2nd Division,0.38,0.5,1,1.25,2.63,2.0,4
Skive,8,3,1,4,10,14,-4,10,Denmark - 2nd Division,0.38,0.5,-4,1.25,2.63,2.0,4
AB Copenhagen,8,2,3,3,8,10,-2,9,Denmark - 2nd Division,0.25,0.62,-2,1.0,4.0,1.61,5
BK Frem,6,2,2,2,7,7,0,8,Denmark - 2nd Division,0.33,0.67,0,1.17,3.03,1.49,6
Thisted,7,0,4,3,6,10,-4,4,Denmark - 2nd Division,0.0,0.57,-4,0.86,0.0,1.75,7
Nykobing,8,1,0,7,4,15,-11,3,Denmark - 2nd Division,0.12,0.12,-11,0.5,8.33,8.33,8
I. del Valle,7,4,3,0,8,4,4,15,Ecuador - Liga Pro 1st Stage,0.57,1.0,4,1.14,1.75,1.0,1
Barcelona SC,8,4,2,2,11,7,4,14,Ecuador - Liga Pro 1st Stage,0.5,0.75,4,1.38,2.0,1.33,2
LDU Quito,8,4,2,2,12,10,2,14,Ecuador - Liga Pro 1st Stage,0.5,0.75,2,1.5,2.0,1.33,2
Aucas,7,3,3,1,11,8,3,12,Ecuador - Liga Pro 1st Stage,0.43,0.86,3,1.57,2.33,1.16,3
Emelec,7,3,3,1,10,9,1,12,Ecuador - Liga Pro 1st Stage,0.43,0.86,1,1.43,2.33,1.16,3
El Nacional,8,4,0,4,9,10,-1,12,Ecuador - Liga Pro 1st Stage,0.5,0.5,-1,1.12,2.0,2.0,3
Macara,8,2,3,3,6,9,-3,9,Ecuador - Liga Pro 1st Stage,0.25,0.62,-3,0.75,4.0,1.61,4
U. Catolica,7,2,2,3,10,10,0,8,Ecuador - Liga Pro 1st Stage,0.29,0.57,0,1.43,3.45,1.75,5
Orense,8,1,3,4,3,10,-7,6,Ecuador - Liga Pro 1st Stage,0.12,0.5,-7,0.38,8.33,2.0,6
Imbabura,8,1,2,5,7,21,-14,5,Ecuador - Liga Pro 1st Stage,0.12,0.38,-14,0.88,8.33,2.63,7
D. Cuenca,7,0,3,4,6,13,-7,3,Ecuador - Liga Pro 1st Stage,0.0,0.43,-7,0.86,0.0,2.33,8
Mushuc Runa,7,0,3,4,4,12,-8,3,Ecuador - Liga Pro 1st Stage,0.0,0.43,-8,0.57,0.0,2.33,8
Tecnico U.,7,1,0,6,5,14,-9,3,Ecuador - Liga Pro 1st Stage,0.14,0.14,-9,0.71,7.14,7.14,8
Libertad,8,0,3,5,4,15,-11,3,Ecuador - Liga Pro 1st Stage,0.0,0.38,-11,0.5,0.0,2.63,8
Cumbaya,8,0,1,7,2,14,-12,1,Ecuador - Liga Pro 1st Stage,0.0,0.12,-12,0.25,0.0,8.33,9
Delfin,7,0,1,6,1,14,-13,1,Ecuador - Liga Pro 1st Stage,0.0,0.14,-13,0.14,0.0,7.14,9
Guayaquil City,8,3,3,2,7,6,1,12,Ecuador - Serie B,0.38,0.75,1,0.88,2.63,1.33,1
Manta,8,3,3,2,7,8,-1,12,Ecuador - Serie B,0.38,0.75,-1,0.88,2.63,1.33,1
San Antonio,8,2,5,1,4,3,1,11,Ecuador - Serie B,0.25,0.88,1,0.5,4.0,1.14,2
I. Juniors,8,2,4,2,9,8,1,10,Ecuador - Serie B,0.25,0.75,1,1.12,4.0,1.33,3
Cuniburo,8,2,3,3,17,12,5,9,Ecuador - Serie B,0.25,0.62,5,2.12,4.0,1.61,4
Leones Norte,8,2,2,4,5,7,-2,8,Ecuador - Serie B,0.25,0.5,-2,0.62,4.0,2.0,5
Gualaceo,8,2,1,5,5,12,-7,7,Ecuador - Serie B,0.25,0.38,-7,0.62,4.0,2.63,6
Nueve Octubre,8,1,2,5,6,12,-6,5,Ecuador - Serie B,0.12,0.38,-6,0.75,8.33,2.63,7
Vargas Torres,8,0,3,5,3,16,-13,3,Ecuador - Serie B,0.0,0.38,-13,0.38,0.0,2.63,8
Chacaritas,8,0,2,6,5,18,-13,2,Ecuador - Serie B,0.0,0.25,-13,0.62,0.0,4.0,9
Al Masry,4,2,2,0,4,1,3,8,Egypt - Premier League,0.5,1.0,3,1.0,2.0,1.0,1
Al Ahly,4,2,2,0,3,0,3,8,Egypt - Premier League,0.5,1.0,3,0.75,2.0,1.0,1
ZED FC,4,2,2,0,3,1,2,8,Egypt - Premier League,0.5,1.0,2,0.75,2.0,1.0,1
Ceramica C.,5,2,2,1,6,7,-1,8,Egypt - Premier League,0.4,0.8,-1,1.2,2.5,1.25,1
Zamalek,3,2,1,0,8,2,6,7,Egypt - Premier League,0.67,1.0,6,2.67,1.49,1.0,2
Ghazl El M.,3,2,1,0,5,2,3,7,Egypt - Premier League,0.67,1.0,3,1.67,1.49,1.0,2
Pyramids FC,4,2,1,1,4,3,1,7,Egypt - Premier League,0.5,0.75,1,1.0,2.0,1.33,2
National Bank,4,2,0,2,5,6,-1,6,Egypt - Premier League,0.5,0.5,-1,1.25,2.0,2.0,3
El Geish,3,2,0,1,4,5,-1,6,Egypt - Premier League,0.67,0.67,-1,1.33,1.49,1.49,3
Petrojet,4,1,2,1,3,3,0,5,Egypt - Premier League,0.25,0.75,0,0.75,4.0,1.33,4
Al Ittihad,4,1,2,1,2,3,-1,5,Egypt - Premier League,0.25,0.75,-1,0.5,4.0,1.33,4
Smouha,4,1,1,2,4,5,-1,4,Egypt - Premier League,0.25,0.5,-1,1.0,4.0,2.0,5
Pharco,3,1,1,1,2,4,-2,4,Egypt - Premier League,0.33,0.67,-2,0.67,3.03,1.49,5
ENPPI,5,0,3,2,3,5,-2,3,Egypt - Premier League,0.0,0.6,-2,0.6,0.0,1.67,6
El Gouna,3,0,2,1,0,1,-1,2,Egypt - Premier League,0.0,0.67,-1,0.0,0.0,1.49,7
Modern Sport,4,0,2,2,2,6,-4,2,Egypt - Premier League,0.0,0.5,-4,0.5,0.0,2.0,7
Haras El Hodood,3,0,1,2,2,5,-3,1,Egypt - Premier League,0.0,0.33,-3,0.67,0.0,3.03,8
Ismaily,4,0,1,3,0,3,-3,1,Egypt - Premier League,0.0,0.25,-3,0.0,0.0,4.0,8
Liverpool,8,5,3,0,23,12,11,18,Premier League,0.62,1.0,11,2.88,1.61,1.0,1
Nottm Forest,8,5,1,2,14,10,4,16,Premier League,0.62,0.75,4,1.75,1.61,1.33,3
Newcastle Utd,8,4,2,2,15,9,6,14,Premier League,0.5,0.75,6,1.88,2.0,1.33,4
Arsenal,8,3,3,2,16,10,6,12,Premier League,0.38,0.75,6,2.0,2.63,1.33,6
Bournemouth,8,3,3,2,16,12,4,12,Premier League,0.38,0.75,4,2.0,2.63,1.33,6
Chelsea,8,3,3,2,14,11,3,12,Premier League,0.38,0.75,3,1.75,2.63,1.33,6
Fulham,8,3,3,2,13,11,2,12,Premier League,0.38,0.75,2,1.62,2.63,1.33,6
Crystal Palace,8,2,4,2,10,9,1,10,Premier League,0.25,0.75,1,1.25,4.0,1.33,8
Tottenham,8,3,0,5,15,8,7,9,Premier League,0.38,0.38,7,1.88,2.63,2.63,9
Brighton,8,2,3,3,12,15,-3,9,Premier League,0.25,0.62,-3,1.5,4.0,1.61,9
Manchester City,8,2,2,4,11,13,-2,8,Premier League,0.25,0.5,-2,1.38,4.0,2.0,10
Wolverhampton,8,2,2,4,16,19,-3,8,Premier League,0.25,0.5,-3,2.0,4.0,2.0,10
Ipswich Town,8,2,2,4,11,15,-4,8,Premier League,0.25,0.5,-4,1.38,4.0,2.0,10
West Ham Utd,8,2,2,4,8,16,-8,8,Premier League,0.25,0.5,-8,1.0,4.0,2.0,10
Manchester Utd,8,1,4,3,6,10,-4,7,Premier League,0.12,0.62,-4,0.75,8.33,1.61,11
Everton,8,1,4,3,4,8,-4,7,Premier League,0.12,0.62,-4,0.5,8.33,1.61,11
Aston Villa,8,2,1,5,9,18,-9,7,Premier League,0.25,0.38,-9,1.12,4.0,2.63,11
Brentford,8,1,2,5,10,12,-2,5,Premier League,0.12,0.38,-2,1.25,8.33,2.63,13
Leicester City,8,1,1,6,9,23,-14,4,Premier League,0.12,0.25,-14,1.12,8.33,4.0,14
Southampton,8,0,2,6,4,13,-9,2,Premier League,0.0,0.25,-9,0.5,0.0,4.0,15
Sheffield Utd,8,5,2,1,14,8,6,17,Premier League,0.62,0.88,6,1.75,1.61,1.14,2
Burnley,8,5,2,1,8,2,6,17,Premier League,0.62,0.88,6,1.0,1.61,1.14,2
Sheffield Wed,8,5,1,2,15,11,4,16,Premier League,0.62,0.75,4,1.88,1.61,1.33,3
Blackburn,8,4,1,3,8,6,2,13,Premier League,0.5,0.62,2,1.0,2.0,1.61,5
Middlesbrough,8,3,3,2,20,15,5,12,Premier League,0.38,0.75,5,2.5,2.63,1.33,6
Leeds Utd,8,3,3,2,11,9,2,12,Premier League,0.38,0.75,2,1.38,2.63,1.33,6
Swansea City,8,3,2,3,8,11,-3,11,Premier League,0.38,0.62,-3,1.0,2.63,1.61,7
Sunderland,8,2,4,2,8,8,0,10,Premier League,0.25,0.75,0,1.0,4.0,1.33,8
Bristol City,8,2,3,3,10,12,-2,9,Premier League,0.25,0.62,-2,1.25,4.0,1.61,9
Cardiff City,8,1,5,2,10,11,-1,8,Premier League,0.12,0.75,-1,1.25,8.33,1.33,10
West Brom,8,1,5,2,8,9,-1,8,Premier League,0.12,0.75,-1,1.0,8.33,1.33,10
Millwall,8,1,5,2,6,7,-1,8,Premier League,0.12,0.75,-1,0.75,8.33,1.33,10
Coventry City,8,2,2,4,9,13,-4,8,Premier League,0.25,0.5,-4,1.12,4.0,2.0,10
Preston,8,1,4,3,9,12,-3,7,Premier League,0.12,0.62,-3,1.12,8.33,1.61,11
QP Rangers,8,1,4,3,4,9,-5,7,Premier League,0.12,0.62,-5,0.5,8.33,1.61,11
Watford,8,1,3,4,13,14,-1,6,Premier League,0.12,0.5,-1,1.62,8.33,2.0,12
Stoke City,8,1,3,4,5,9,-4,6,Premier League,0.12,0.5,-4,0.62,8.33,2.0,12
Norwich City,8,1,3,4,7,13,-6,6,Premier League,0.12,0.5,-6,0.88,8.33,2.0,12
Derby County,8,1,2,5,7,13,-6,5,Premier League,0.12,0.38,-6,0.88,8.33,2.63,13
Oxford Utd,8,1,2,5,3,14,-11,5,Premier League,0.12,0.38,-11,0.38,8.33,2.63,13
Hull City,8,1,1,6,4,13,-9,4,Premier League,0.12,0.25,-9,0.5,8.33,4.0,14
Portsmouth,8,0,2,6,4,16,-12,2,Premier League,0.0,0.25,-12,0.5,0.0,4.0,15
Plymouth,8,0,2,6,2,22,-20,2,Premier League,0.0,0.25,-20,0.25,0.0,4.0,15
Luton Town,8,0,0,8,7,22,-15,0,Premier League,0.0,0.0,-15,0.88,0.0,0.0,16
Wycombe,8,6,1,1,22,9,13,19,League One,0.75,0.88,13,2.75,1.33,1.14,1
Birmingham City,8,5,2,1,15,7,8,17,League One,0.62,0.88,8,1.88,1.61,1.14,2
Barnsley,8,5,1,2,12,8,4,16,League One,0.62,0.75,4,1.5,1.61,1.33,3
Huddersfield,8,4,2,2,12,6,6,14,League One,0.5,0.75,6,1.5,2.0,1.33,4
Leyton Orient,8,4,1,3,14,9,5,13,League One,0.5,0.62,5,1.75,2.0,1.61,5
Blackpool,8,3,2,3,10,9,1,11,League One,0.38,0.62,1,1.25,2.63,1.61,6
Wigan Athletic,8,3,2,3,7,7,0,11,League One,0.38,0.62,0,0.88,2.63,1.61,6
Mansfield,8,3,1,4,9,9,0,10,League One,0.38,0.5,0,1.12,2.63,2.0,7
Reading,8,2,4,2,10,12,-2,10,League One,0.25,0.75,-2,1.25,4.0,1.33,7
Exeter City,8,3,1,4,6,10,-4,10,League One,0.38,0.5,-4,0.75,2.63,2.0,7
Wrexham,8,2,3,3,6,7,-1,9,League One,0.25,0.62,-1,0.75,4.0,1.61,8
Charlton,8,2,2,4,11,9,2,8,League One,0.25,0.5,2,1.38,4.0,2.0,9
Stockport,8,2,2,4,9,9,0,8,League One,0.25,0.5,0,1.12,4.0,2.0,9
Rotherham,8,2,2,4,5,8,-3,8,League One,0.25,0.5,-3,0.62,4.0,2.0,9
Bolton,8,2,2,4,9,15,-6,8,League One,0.25,0.5,-6,1.12,4.0,2.0,9
Stevenage,8,1,4,3,2,6,-4,7,League One,0.12,0.62,-4,0.25,8.33,1.61,10
Shrewsbury,8,1,3,4,11,16,-5,6,League One,0.12,0.5,-5,1.38,8.33,2.0,11
Northampton,8,1,3,4,5,13,-8,6,League One,0.12,0.5,-8,0.62,8.33,2.0,11
Crawley Town,8,1,3,4,9,18,-9,6,League One,0.12,0.5,-9,1.12,8.33,2.0,11
Bristol Rovers,8,2,0,6,4,15,-11,6,League One,0.25,0.25,-11,0.5,4.0,4.0,11
Burton Albion,8,1,2,5,4,12,-8,5,League One,0.12,0.38,-8,0.5,8.33,2.63,12
Cambridge Utd,8,1,2,5,6,16,-10,5,League One,0.12,0.38,-10,0.75,8.33,2.63,12
Lincoln City,8,0,3,5,4,13,-9,3,League One,0.0,0.38,-9,0.5,0.0,2.63,13
Peterborough,8,0,1,7,7,17,-10,1,League One,0.0,0.12,-10,0.88,0.0,8.33,14
Walsall,8,6,2,0,14,4,10,20,League Two,0.75,1.0,10,1.75,1.33,1.0,1
Salford City,8,4,3,1,11,6,5,15,League Two,0.5,0.88,5,1.38,2.0,1.14,2
Bromley,8,4,3,1,12,8,4,15,League Two,0.5,0.88,4,1.5,2.0,1.14,2
Doncaster,8,4,2,2,12,8,4,14,League Two,0.5,0.75,4,1.5,2.0,1.33,3
Milton Keynes,8,4,1,3,17,15,2,13,League Two,0.5,0.62,2,2.12,2.0,1.61,4
Grimsby,8,4,1,3,11,10,1,13,League Two,0.5,0.62,1,1.38,2.0,1.61,4
Morecambe,8,4,1,3,9,11,-2,13,League Two,0.5,0.62,-2,1.12,2.0,1.61,4
AFC Wimbledon,8,4,0,4,12,8,4,12,League Two,0.5,0.5,4,1.5,2.0,2.0,5
Crewe Alexandra,8,2,5,1,8,6,2,11,League Two,0.25,0.88,2,1.0,4.0,1.14,6
Accrington,8,3,2,3,14,13,1,11,League Two,0.38,0.62,1,1.75,2.63,1.61,6
Port Vale,8,3,2,3,6,8,-2,11,League Two,0.38,0.62,-2,0.75,2.63,1.61,6
Chesterfield,8,3,1,4,14,13,1,10,League Two,0.38,0.5,1,1.75,2.63,2.0,7
Fleetwood,8,3,1,4,14,14,0,10,League Two,0.38,0.5,0,1.75,2.63,2.0,7
Cheltenham,8,2,4,2,11,11,0,10,League Two,0.25,0.75,0,1.38,4.0,1.33,7
Notts County,8,2,3,3,13,15,-2,9,League Two,0.25,0.62,-2,1.62,4.0,1.61,8
Bradford,8,1,5,2,8,10,-2,8,League Two,0.12,0.75,-2,1.0,8.33,1.33,9
Harrogate,8,2,2,4,8,10,-2,8,League Two,0.25,0.5,-2,1.0,4.0,2.0,9
Colchester Utd,8,1,5,2,6,10,-4,8,League Two,0.12,0.75,-4,0.75,8.33,1.33,9
Gillingham,8,2,1,5,5,10,-5,7,League Two,0.25,0.38,-5,0.62,4.0,2.63,10
Newport,8,1,3,4,7,12,-5,6,League Two,0.12,0.5,-5,0.88,8.33,2.0,11
Carlisle Utd,8,1,3,4,5,12,-7,6,League Two,0.12,0.5,-7,0.62,8.33,2.0,11
Tranmere,8,1,1,6,6,19,-13,4,League Two,0.12,0.25,-13,0.75,8.33,4.0,12
Barrow,8,0,3,5,3,10,-7,3,League Two,0.0,0.38,-7,0.38,0.0,2.63,13
Swindon Town,8,0,3,5,6,16,-10,3,League Two,0.0,0.38,-10,0.75,0.0,2.63,13
Forest Green,8,4,3,1,14,7,7,15,England - National League,0.5,0.88,7,1.75,2.0,1.14,1
Oldham,8,4,3,1,15,9,6,15,England - National League,0.5,0.88,6,1.88,2.0,1.14,1
Halifax Town,8,4,3,1,12,8,4,15,England - National League,0.5,0.88,4,1.5,2.0,1.14,1
Solihull Moors,8,4,2,2,14,7,7,14,England - National League,0.5,0.75,7,1.75,2.0,1.33,2
York City,8,3,3,2,9,8,1,12,England - National League,0.38,0.75,1,1.12,2.63,1.33,3
Barnet,8,3,3,2,12,12,0,12,England - National League,0.38,0.75,0,1.5,2.63,1.33,3
Southend Utd,8,3,3,2,5,6,-1,12,England - National League,0.38,0.75,-1,0.62,2.63,1.33,3
Gateshead FC,8,3,2,3,15,11,4,11,England - National League,0.38,0.62,4,1.88,2.63,1.61,4
Sutton Utd,8,3,2,3,13,12,1,11,England - National League,0.38,0.62,1,1.62,2.63,1.61,4
Eastleigh,8,2,5,1,9,8,1,11,England - National League,0.25,0.88,1,1.12,4.0,1.14,4
Yeovil Town,8,3,2,3,9,9,0,11,England - National League,0.38,0.62,0,1.12,2.63,1.61,4
Rochdale,8,3,1,4,12,12,0,10,England - National League,0.38,0.5,0,1.5,2.63,2.0,5
Altrincham,8,2,3,3,15,13,2,9,England - National League,0.25,0.62,2,1.88,4.0,1.61,6
Tamworth,8,3,0,5,7,16,-9,9,England - National League,0.38,0.38,-9,0.88,2.63,2.63,6
Wealdstone,8,1,4,3,12,14,-2,7,England - National League,0.12,0.62,-2,1.5,8.33,1.61,7
Braintree Town,8,2,1,5,13,17,-4,7,England - National League,0.25,0.38,-4,1.62,4.0,2.63,7
Hartlepool,8,1,3,4,12,16,-4,6,England - National League,0.12,0.5,-4,1.5,8.33,2.0,8
Maidenhead Utd,8,2,0,6,9,19,-10,6,England - National League,0.25,0.25,-10,1.12,4.0,4.0,8
Dagenham & R.,8,1,2,5,6,11,-5,5,England - National League,0.12,0.38,-5,0.75,8.33,2.63,9
Aldershot Town,8,0,4,4,10,17,-7,4,England - National League,0.0,0.5,-7,1.25,0.0,2.0,10
Woking,8,0,3,5,8,17,-9,3,England - National League,0.0,0.38,-9,1.0,0.0,2.63,11
Boston Utd,8,0,3,5,4,14,-10,3,England - National League,0.0,0.38,-10,0.5,0.0,2.63,11
AFC Fylde,8,1,0,7,3,19,-16,3,England - National League,0.12,0.12,-16,0.38,8.33,8.33,11
Ebbsfleet Utd,8,0,2,6,6,22,-16,2,England - National League,0.0,0.25,-16,0.75,0.0,4.0,12
Kidderminster,8,6,1,1,16,7,9,19,England - National L. North,0.75,0.88,9,2.0,1.33,1.14,1
Curzon,8,6,1,1,11,4,7,19,England - National L. North,0.75,0.88,7,1.38,1.33,1.14,1
Brackley Town,8,5,2,1,14,7,7,17,England - National L. North,0.62,0.88,7,1.75,1.61,1.14,2
Oxford City,8,4,2,2,14,10,4,14,England - National L. North,0.5,0.75,4,1.75,2.0,1.33,3
Buxton,8,4,2,2,11,9,2,14,England - National L. North,0.5,0.75,2,1.38,2.0,1.33,3
Alfreton Town,8,4,2,2,10,8,2,14,England - National L. North,0.5,0.75,2,1.25,2.0,1.33,3
Darlington,8,4,1,3,11,9,2,13,England - National L. North,0.5,0.62,2,1.38,2.0,1.61,4
Chester,8,4,1,3,14,13,1,13,England - National L. North,0.5,0.62,1,1.75,2.0,1.61,4
Kings Lynn,8,4,1,3,11,11,0,13,England - National L. North,0.5,0.62,0,1.38,2.0,1.61,4
Scunthorpe,8,3,2,3,10,9,1,11,England - National L. North,0.38,0.62,1,1.25,2.63,1.61,5
Spennymoor,8,2,5,1,10,9,1,11,England - National L. North,0.25,0.88,1,1.25,4.0,1.14,5
Radcliffe,8,2,4,2,9,9,0,10,England - National L. North,0.25,0.75,0,1.12,4.0,1.33,6
Peterborough S.,8,2,4,2,10,12,-2,10,England - National L. North,0.25,0.75,-2,1.25,4.0,1.33,6
Chorley,8,3,1,4,9,11,-2,10,England - National L. North,0.38,0.5,-2,1.12,2.63,2.0,6
Scarborough,8,2,2,4,8,11,-3,8,England - National L. North,0.25,0.5,-3,1.0,4.0,2.0,7
Warrington,8,1,5,2,7,10,-3,8,England - National L. North,0.12,0.75,-3,0.88,8.33,1.33,7
Hereford Utd,8,2,2,4,6,11,-5,8,England - National L. North,0.25,0.5,-5,0.75,4.0,2.0,7
South Shields,8,2,1,5,8,17,-9,7,England - National L. North,0.25,0.38,-9,1.0,4.0,2.63,8
Needham Market,8,1,3,4,5,16,-11,6,England - National L. North,0.12,0.5,-11,0.62,8.33,2.0,9
Rushall,8,2,0,6,6,21,-15,6,England - National L. North,0.25,0.25,-15,0.75,4.0,4.0,9
Farsley Celtic,8,2,0,6,7,23,-16,6,England - National L. North,0.25,0.25,-16,0.88,4.0,4.0,9
Marine,8,1,2,5,2,10,-8,5,England - National L. North,0.12,0.38,-8,0.25,8.33,2.63,10
Southport,8,1,2,5,3,12,-9,5,England - National L. North,0.12,0.38,-9,0.38,8.33,2.63,10
Leamington,8,1,1,6,5,10,-5,4,England - National L. North,0.12,0.25,-5,0.62,8.33,4.0,11
Dorking,8,6,0,2,27,11,16,18,England - National L. South,0.75,0.75,16,3.38,1.33,1.33,1
Maidstone Utd,8,5,3,0,17,6,11,18,England - National L. South,0.62,1.0,11,2.12,1.61,1.0,1
Chippenham,8,4,2,2,15,10,5,14,England - National L. South,0.5,0.75,5,1.88,2.0,1.33,2
Boreham Wood,8,4,2,2,10,7,3,14,England - National L. South,0.5,0.75,3,1.25,2.0,1.33,2
Worthing,8,4,1,3,10,8,2,13,England - National L. South,0.5,0.62,2,1.25,2.0,1.61,3
Hampton & R.,8,3,3,2,13,10,3,12,England - National L. South,0.38,0.75,3,1.62,2.63,1.33,4
Truro City,8,3,3,2,9,6,3,12,England - National L. South,0.38,0.75,3,1.12,2.63,1.33,4
Torquay Utd,8,3,3,2,10,8,2,12,England - National L. South,0.38,0.75,2,1.25,2.63,1.33,4
Eastbourne,8,3,2,3,10,11,-1,11,England - National L. South,0.38,0.62,-1,1.25,2.63,1.61,5
Weston-s.-Mare,8,3,2,3,8,10,-2,11,England - National L. South,0.38,0.62,-2,1.0,2.63,1.61,5
Chelmsford City,8,2,4,2,12,11,1,10,England - National L. South,0.25,0.75,1,1.5,4.0,1.33,6
Hornchurch,8,2,4,2,11,10,1,10,England - National L. South,0.25,0.75,1,1.38,4.0,1.33,6
Salisbury,8,1,4,3,11,14,-3,7,England - National L. South,0.12,0.62,-3,1.38,8.33,1.61,7
Tonbridge,8,1,4,3,8,11,-3,7,England - National L. South,0.12,0.62,-3,1.0,8.33,1.61,7
Bath City,8,2,1,5,6,9,-3,7,England - National L. South,0.25,0.38,-3,0.75,4.0,2.63,7
Chesham Utd,8,1,4,3,9,13,-4,7,England - National L. South,0.12,0.62,-4,1.12,8.33,1.61,7
Weymouth,8,1,4,3,4,8,-4,7,England - National L. South,0.12,0.62,-4,0.5,8.33,1.61,7
Welling Utd,8,2,1,5,9,16,-7,7,England - National L. South,0.25,0.38,-7,1.12,4.0,2.63,7
St Albans,8,0,5,3,8,15,-7,5,England - National L. South,0.0,0.62,-7,1.0,0.0,1.61,8
Slough Town,8,1,2,5,12,20,-8,5,England - National L. South,0.12,0.38,-8,1.5,8.33,2.63,8
Enfield Town,8,1,2,5,7,15,-8,5,England - National L. South,0.12,0.38,-8,0.88,8.33,2.63,8
Farnborough,8,1,2,5,10,19,-9,5,England - National L. South,0.12,0.38,-9,1.25,8.33,2.63,8
Aveley,8,1,0,7,7,18,-11,3,England - National L. South,0.12,0.12,-11,0.88,8.33,8.33,9
Hemel Hempstead,8,0,0,8,2,17,-15,0,England - National L. South,0.0,0.0,-15,0.25,0.0,0.0,10
Dover Athletic,8,7,1,0,18,4,14,22,England - Isthmian league,0.88,1.0,14,2.25,1.14,1.0,1
Dartford,8,5,3,0,16,7,9,18,England - Isthmian league,0.62,1.0,9,2.0,1.61,1.0,2
Cray Valley PM,8,5,3,0,18,12,6,18,England - Isthmian league,0.62,1.0,6,2.25,1.61,1.0,2
Horsham,8,5,0,3,15,6,9,15,England - Isthmian league,0.62,0.62,9,1.88,1.61,1.61,3
Canvey Island,8,5,0,3,13,11,2,15,England - Isthmian league,0.62,0.62,2,1.62,1.61,1.61,3
Cheshunt,8,4,2,2,16,8,8,14,England - Isthmian league,0.5,0.75,8,2.0,2.0,1.33,4
Hashtag United,8,4,2,2,17,11,6,14,England - Isthmian league,0.5,0.75,6,2.12,2.0,1.33,4
Chatham Town,8,3,3,2,17,11,6,12,England - Isthmian league,0.38,0.75,6,2.12,2.63,1.33,5
Chichester City,8,4,0,4,17,15,2,12,England - Isthmian league,0.5,0.5,2,2.12,2.0,2.0,5
Cray Wanderers,8,4,0,4,9,7,2,12,England - Isthmian league,0.5,0.5,2,1.12,2.0,2.0,5
Billericay Town,8,3,2,3,9,10,-1,11,England - Isthmian league,0.38,0.62,-1,1.12,2.63,1.61,6
Wingate & F.,8,3,0,5,19,20,-1,9,England - Isthmian league,0.38,0.38,-1,2.38,2.63,2.63,7
Folkestone,8,2,2,4,8,12,-4,8,England - Isthmian league,0.25,0.5,-4,1.0,4.0,2.0,8
Hastings Utd,8,2,2,4,7,20,-13,8,England - Isthmian league,0.25,0.5,-13,0.88,4.0,2.0,8
Potters Bar,8,2,1,5,11,14,-3,7,England - Isthmian league,0.25,0.38,-3,1.38,4.0,2.63,9
Bognor Regis,8,2,1,5,9,19,-10,7,England - Isthmian league,0.25,0.38,-10,1.12,4.0,2.63,9
Carshalton,8,1,3,4,7,10,-3,6,England - Isthmian league,0.12,0.5,-3,0.88,8.33,2.0,10
Lewes,8,1,3,4,6,14,-8,6,England - Isthmian league,0.12,0.5,-8,0.75,8.33,2.0,10
Bowers & Pitsea,8,2,0,6,9,19,-10,6,England - Isthmian league,0.25,0.25,-10,1.12,4.0,4.0,10
Whitehawk,8,1,2,5,8,21,-13,5,England - Isthmian league,0.12,0.38,-13,1.0,8.33,2.63,11
Dulwich Hamlet,8,0,4,4,7,13,-6,4,England - Isthmian league,0.0,0.5,-6,0.88,0.0,2.0,12
Hendon,8,0,2,6,4,11,-7,2,England - Isthmian league,0.0,0.25,-7,0.5,0.0,4.0,13
Guiseley,8,5,3,0,14,5,9,18,England - Northern league,0.62,1.0,9,1.75,1.61,1.0,1
Macclesfield,8,5,1,2,19,10,9,16,England - Northern league,0.62,0.75,9,2.38,1.61,1.33,2
Ashton Utd,8,4,3,1,15,10,5,15,England - Northern league,0.5,0.88,5,1.88,2.0,1.14,3
Morpeth Town,8,4,2,2,15,14,1,14,England - Northern league,0.5,0.75,1,1.88,2.0,1.33,4
Whitby Town,8,4,1,3,19,18,1,13,England - Northern league,0.5,0.62,1,2.38,2.0,1.61,5
Lancaster City,8,4,1,3,13,16,-3,13,England - Northern league,0.5,0.62,-3,1.62,2.0,1.61,5
Stockton Town,8,3,2,3,15,12,3,11,England - Northern league,0.38,0.62,3,1.88,2.63,1.61,6
Leek Town,8,3,2,3,7,8,-1,11,England - Northern league,0.38,0.62,-1,0.88,2.63,1.61,6
Gainsborough,8,3,2,3,9,11,-2,11,England - Northern league,0.38,0.62,-2,1.12,2.63,1.61,6
Matlock,8,2,4,2,15,11,4,10,England - Northern league,0.25,0.75,4,1.88,4.0,1.33,7
Ilkeston Town,8,3,1,4,11,15,-4,10,England - Northern league,0.38,0.5,-4,1.38,2.63,2.0,7
Worksop Town,8,3,1,4,10,14,-4,10,England - Northern league,0.38,0.5,-4,1.25,2.63,2.0,7
Rylands,8,1,6,1,11,11,0,9,England - Northern league,0.12,0.88,0,1.38,8.33,1.14,8
Hyde Utd,8,2,3,3,10,12,-2,9,England - Northern league,0.25,0.62,-2,1.25,4.0,1.61,8
FC United,8,2,3,3,8,11,-3,9,England - Northern league,0.25,0.62,-3,1.0,4.0,1.61,8
Bamber Bridge,8,2,2,4,12,18,-6,8,England - Northern league,0.25,0.5,-6,1.5,4.0,2.0,9
Hebburn Town,8,1,3,4,12,17,-5,6,England - Northern league,0.12,0.5,-5,1.5,8.33,2.0,10
Prescot Cables,8,1,2,5,8,17,-9,5,England - Northern league,0.12,0.38,-9,1.0,8.33,2.63,11
Workington,8,1,2,5,10,20,-10,5,England - Northern league,0.12,0.38,-10,1.25,8.33,2.63,11
Blyth Spartans,8,1,1,6,5,19,-14,4,England - Northern league,0.12,0.25,-14,0.62,8.33,4.0,12
Basford Utd,8,1,0,7,8,22,-14,3,England - Northern league,0.12,0.12,-14,1.0,8.33,8.33,13
Mickleover,8,0,2,6,4,17,-13,2,England - Northern league,0.0,0.25,-13,0.5,0.0,4.0,14
Stratford Town,8,6,0,2,11,7,4,18,England - Southern Central,0.75,0.75,4,1.38,1.33,1.33,1
Spalding United,8,4,2,2,14,7,7,14,England - Southern Central,0.5,0.75,7,1.75,2.0,1.33,2
Leiston,8,4,2,2,12,12,0,14,England - Southern Central,0.5,0.75,0,1.5,2.0,1.33,2
Royston,8,4,1,3,13,8,5,13,England - Southern Central,0.5,0.62,5,1.62,2.0,1.61,3
Stamford,8,4,1,3,10,7,3,13,England - Southern Central,0.5,0.62,3,1.25,2.0,1.61,3
Bedford Town,8,3,3,2,12,10,2,12,England - Southern Central,0.38,0.75,2,1.5,2.63,1.33,4
Telford Utd,8,3,3,2,16,17,-1,12,England - Southern Central,0.38,0.75,-1,2.0,2.63,1.33,4
B. Stortford,8,4,0,4,12,13,-1,12,England - Southern Central,0.5,0.5,-1,1.5,2.0,2.0,4
Alvechurch,8,3,2,3,13,10,3,11,England - Southern Central,0.38,0.62,3,1.62,2.63,1.61,5
Kettering Town,8,3,2,3,13,12,1,11,England - Southern Central,0.38,0.62,1,1.62,2.63,1.61,5
Bromsgrove,8,3,2,3,10,9,1,11,England - Southern Central,0.38,0.62,1,1.25,2.63,1.61,5
Halesowen Town,8,3,1,4,15,10,5,10,England - Southern Central,0.38,0.5,5,1.88,2.63,2.0,6
Stourbridge,8,3,1,4,12,11,1,10,England - Southern Central,0.38,0.5,1,1.5,2.63,2.0,6
Banbury Utd,8,2,4,2,8,10,-2,10,England - Southern Central,0.25,0.75,-2,1.0,4.0,1.33,6
Harborough Town,8,3,1,4,12,15,-3,10,England - Southern Central,0.38,0.5,-3,1.5,2.63,2.0,6
Lowestoft,8,3,1,4,18,24,-6,10,England - Southern Central,0.38,0.5,-6,2.25,2.63,2.0,6
Hitchin Town,8,1,4,3,9,12,-3,7,England - Southern Central,0.12,0.62,-3,1.12,8.33,1.61,7
Redditch Utd,8,2,1,5,9,13,-4,7,England - Southern Central,0.25,0.38,-4,1.12,4.0,2.63,7
Barwell,8,2,1,5,7,12,-5,7,England - Southern Central,0.25,0.38,-5,0.88,4.0,2.63,7
Biggleswade,8,1,3,4,10,15,-5,6,England - Southern Central,0.12,0.5,-5,1.25,8.33,2.0,8
St. Ives Town,8,1,2,5,7,12,-5,5,England - Southern Central,0.12,0.38,-5,0.88,8.33,2.63,9
AFC Sudbury,8,1,0,7,8,19,-11,3,England - Southern Central,0.12,0.12,-11,1.0,8.33,8.33,10
Paide,8,7,0,1,21,6,15,21,Estonia - Meistriliiga,0.88,0.88,15,2.62,1.14,1.14,1
Levadia,8,6,0,2,16,6,10,18,Estonia - Meistriliiga,0.75,0.75,10,2.0,1.33,1.33,2
Nomme Kalju,8,5,1,2,18,10,8,16,Estonia - Meistriliiga,0.62,0.75,8,2.25,1.61,1.33,3
Narva Trans,8,4,3,1,15,10,5,15,Estonia - Meistriliiga,0.5,0.88,5,1.88,2.0,1.14,4
Flora,8,3,1,4,13,15,-2,10,Estonia - Meistriliiga,0.38,0.5,-2,1.62,2.63,2.0,5
Tammeka,8,3,1,4,9,14,-5,10,Estonia - Meistriliiga,0.38,0.5,-5,1.12,2.63,2.0,5
Vaprus,8,2,1,5,6,11,-5,7,Estonia - Meistriliiga,0.25,0.38,-5,0.75,4.0,2.63,6
Kuressaare,8,2,1,5,13,19,-6,7,Estonia - Meistriliiga,0.25,0.38,-6,1.62,4.0,2.63,6
Nomme Utd,8,0,2,6,6,20,-14,2,Estonia - Meistriliiga,0.0,0.25,-14,0.75,0.0,4.0,7
Tallinna Kalev,8,0,2,6,7,23,-16,2,Estonia - Meistriliiga,0.0,0.25,-16,0.88,0.0,4.0,7
Harju JK,8,6,0,2,28,11,17,18,Estonia - Esiliiga,0.75,0.75,17,3.5,1.33,1.33,1
Viimsi,8,5,1,2,14,11,3,16,Estonia - Esiliiga,0.62,0.75,3,1.75,1.61,1.33,2
Flora B,8,4,2,2,22,17,5,14,Estonia - Esiliiga,0.5,0.75,5,2.75,2.0,1.33,3
Tartu Welco,8,4,2,2,13,8,5,14,Estonia - Esiliiga,0.5,0.75,5,1.62,2.0,1.33,3
Elva,8,3,2,3,12,11,1,11,Estonia - Esiliiga,0.38,0.62,1,1.5,2.63,1.61,4
FC Tallinn,8,3,2,3,9,11,-2,11,Estonia - Esiliiga,0.38,0.62,-2,1.12,2.63,1.61,4
Tallinna K. B,8,3,2,3,18,21,-3,11,Estonia - Esiliiga,0.38,0.62,-3,2.25,2.63,1.61,4
Paide B,8,2,1,5,9,20,-11,7,Estonia - Esiliiga,0.25,0.38,-11,1.12,4.0,2.63,5
Levadia B,8,1,0,7,7,23,-16,3,Estonia - Esiliiga,0.12,0.12,-16,0.88,8.33,8.33,6
Tabasalu,8,0,1,7,9,27,-18,1,Estonia - Esiliiga,0.0,0.12,-18,1.12,0.0,8.33,7
Vikingur,8,7,1,0,24,4,20,22,FaroeIslands - Premier League,0.88,1.0,20,3.0,1.14,1.0,1
Klaksvik,8,7,0,1,17,7,10,21,FaroeIslands - Premier League,0.88,0.88,10,2.12,1.14,1.14,2
B36 Torshavn,8,4,2,2,20,12,8,14,FaroeIslands - Premier League,0.5,0.75,8,2.5,2.0,1.33,3
B68 Toftir,8,2,2,4,9,12,-3,8,FaroeIslands - Premier League,0.25,0.5,-3,1.12,4.0,2.0,4
NSI Runavik,8,2,2,4,11,16,-5,8,FaroeIslands - Premier League,0.25,0.5,-5,1.38,4.0,2.0,4
HB Torshavn,8,2,1,5,13,12,1,7,FaroeIslands - Premier League,0.25,0.38,1,1.62,4.0,2.63,5
Streymur,8,2,0,6,6,16,-10,6,FaroeIslands - Premier League,0.25,0.25,-10,0.75,4.0,4.0,6
07 Vestur,8,1,1,6,8,25,-17,4,FaroeIslands - Premier League,0.12,0.25,-17,1.0,8.33,4.0,7
IF Fuglafjordur,8,0,1,7,8,24,-16,1,FaroeIslands - Premier League,0.0,0.12,-16,1.0,0.0,8.33,8
Skala,8,0,1,7,2,20,-18,1,FaroeIslands - Premier League,0.0,0.12,-18,0.25,0.0,8.33,8
Vikingur B,8,5,3,0,22,7,15,18,FaroeIslands - 1. Deild,0.62,1.0,15,2.75,1.61,1.0,1
TB Tvoroyri,8,3,5,0,9,5,4,14,FaroeIslands - 1. Deild,0.38,1.0,4,1.12,2.63,1.0,2
B71 Sandur,8,3,3,2,11,9,2,12,FaroeIslands - 1. Deild,0.38,0.75,2,1.38,2.63,1.33,3
Suduroy,8,2,5,1,17,13,4,11,FaroeIslands - 1. Deild,0.25,0.88,4,2.12,4.0,1.14,4
AB Argir,8,3,2,3,11,14,-3,11,FaroeIslands - 1. Deild,0.38,0.62,-3,1.38,2.63,1.61,4
B36 Torshavn B,8,3,1,4,16,15,1,10,FaroeIslands - 1. Deild,0.38,0.5,1,2.0,2.63,2.0,5
Hoyvik,8,2,4,2,9,10,-1,10,FaroeIslands - 1. Deild,0.25,0.75,-1,1.12,4.0,1.33,5
Klaksvik B,8,3,0,5,10,18,-8,9,FaroeIslands - 1. Deild,0.38,0.38,-8,1.25,2.63,2.63,6
NSI Runavik B,8,2,1,5,10,19,-9,7,FaroeIslands - 1. Deild,0.25,0.38,-9,1.25,4.0,2.63,7
HB T. B,8,1,1,6,6,26,-20,4,FaroeIslands - 1. Deild,0.12,0.25,-20,0.75,8.33,4.0,8
Ilves,8,4,2,2,12,8,4,14,Finland - Veikkausliiga,0.5,0.75,4,1.5,2.0,1.33,1
Inter Turku,8,4,1,3,12,4,8,13,Finland - Veikkausliiga,0.5,0.62,8,1.5,2.0,1.61,2
HJK Helsinki,8,4,1,3,14,9,5,13,Finland - Veikkausliiga,0.5,0.62,5,1.75,2.0,1.61,2
KuPS,8,4,1,3,11,10,1,13,Finland - Veikkausliiga,0.5,0.62,1,1.38,2.0,1.61,2
Haka,8,4,0,4,11,11,0,12,Finland - Veikkausliiga,0.5,0.5,0,1.38,2.0,2.0,3
SJK,8,3,2,3,13,13,0,11,Finland - Veikkausliiga,0.38,0.62,0,1.62,2.63,1.61,4
Gnistan,8,2,2,4,12,16,-4,8,Finland - Veikkausliiga,0.25,0.5,-4,1.5,4.0,2.0,5
Ekenas IF,8,2,2,4,6,18,-12,8,Finland - Veikkausliiga,0.25,0.5,-12,0.75,4.0,2.0,5
VPS,8,2,1,5,12,18,-6,7,Finland - Veikkausliiga,0.25,0.38,-6,1.5,4.0,2.63,6
Oulu,8,1,2,5,6,15,-9,5,Finland - Veikkausliiga,0.12,0.38,-9,0.75,8.33,2.63,7
Lahti,8,0,4,4,9,18,-9,4,Finland - Veikkausliiga,0.0,0.5,-9,1.12,0.0,2.0,8
Mariehamn,8,1,0,7,6,17,-11,3,Finland - Veikkausliiga,0.12,0.12,-11,0.75,8.33,8.33,9
KTP,8,5,1,2,24,12,12,16,Finland - Ykkosliga,0.62,0.75,12,3.0,1.61,1.33,1
JIPPO,8,5,0,3,15,8,7,15,Finland - Ykkosliga,0.62,0.62,7,1.88,1.61,1.61,2
Jaro,8,4,1,3,13,13,0,13,Finland - Ykkosliga,0.5,0.62,0,1.62,2.0,1.61,3
JaPS,8,4,1,3,15,19,-4,13,Finland - Ykkosliga,0.5,0.62,-4,1.88,2.0,1.61,3
SalPa,8,4,0,4,8,16,-8,12,Finland - Ykkosliga,0.5,0.5,-8,1.0,2.0,2.0,4
TPS,8,2,5,1,7,5,2,11,Finland - Ykkosliga,0.25,0.88,2,0.88,4.0,1.14,5
PK-35,8,2,3,3,8,11,-3,9,Finland - Ykkosliga,0.25,0.62,-3,1.0,4.0,1.61,6
Mikkelin,8,2,2,4,11,16,-5,8,Finland - Ykkosliga,0.25,0.5,-5,1.38,4.0,2.0,7
KaPa,8,2,1,5,19,26,-7,7,Finland - Ykkosliga,0.25,0.38,-7,2.38,4.0,2.63,8
SJK Akatemia,8,1,3,4,10,15,-5,6,Finland - Ykkosliga,0.12,0.5,-5,1.25,8.33,2.0,9
PKKU,8,6,2,0,24,16,8,20,Finland - Ykkonen,0.75,1.0,8,3.0,1.33,1.0,1
KPV Kokkola,8,6,1,1,20,12,8,19,Finland - Ykkonen,0.75,0.88,8,2.5,1.33,1.14,2
JJK,8,4,2,2,14,13,1,14,Finland - Ykkonen,0.5,0.75,1,1.75,2.0,1.33,3
Klubi-04,8,4,1,3,13,10,3,13,Finland - Ykkonen,0.5,0.62,3,1.62,2.0,1.61,4
Atlantis,8,3,2,3,17,16,1,11,Finland - Ykkonen,0.38,0.62,1,2.12,2.63,1.61,5
VIFK,8,2,3,3,18,21,-3,9,Finland - Ykkonen,0.25,0.62,-3,2.25,4.0,1.61,6
Jazz Pori,8,3,0,5,16,20,-4,9,Finland - Ykkonen,0.38,0.38,-4,2.0,2.63,2.63,6
OLS Oulu,8,2,3,3,12,17,-5,9,Finland - Ykkonen,0.25,0.62,-5,1.5,4.0,1.61,6
EPS,8,1,4,3,8,10,-2,7,Finland - Ykkonen,0.12,0.62,-2,1.0,8.33,1.61,7
Rovaniemi,8,2,1,5,10,13,-3,7,Finland - Ykkonen,0.25,0.38,-3,1.25,4.0,2.63,7
KuPS Ak.,8,1,1,6,9,19,-10,4,Finland - Ykkonen,0.12,0.25,-10,1.12,8.33,4.0,8
Vaajakoski,8,0,1,7,8,23,-15,1,Finland - Ykkonen,0.0,0.12,-15,1.0,0.0,8.33,9
NJS,8,4,2,2,14,10,4,14,Finland - Kakkonen Group A,0.5,0.75,4,1.75,2.0,1.33,1
Reipas,8,3,2,3,12,11,1,11,Finland - Kakkonen Group A,0.38,0.62,1,1.5,2.63,1.61,2
PEPO,8,2,4,2,17,15,2,10,Finland - Kakkonen Group A,0.25,0.75,2,2.12,4.0,1.33,3
PPJ,8,3,1,4,13,12,1,10,Finland - Kakkonen Group A,0.38,0.5,1,1.62,2.63,2.0,3
Kiffen,8,3,1,4,9,12,-3,10,Finland - Kakkonen Group A,0.38,0.5,-3,1.12,2.63,2.0,3
GrIFK,8,2,3,3,8,11,-3,9,Finland - Kakkonen Group A,0.25,0.62,-3,1.0,4.0,1.61,4
Atlantis B,8,2,2,4,8,10,-2,8,Finland - Kakkonen Group A,0.25,0.5,-2,1.0,4.0,2.0,5
Futura,8,2,0,6,10,21,-11,6,Finland - Kakkonen Group A,0.25,0.25,-11,1.25,4.0,4.0,6
MYPA,8,1,2,5,12,24,-12,5,Finland - Kakkonen Group A,0.12,0.38,-12,1.5,8.33,2.63,7
JaPS B,8,1,1,6,8,25,-17,4,Finland - Kakkonen Group A,0.12,0.25,-17,1.0,8.33,4.0,8
Inter Turku B,8,5,1,2,18,10,8,16,Finland - Kakkonen Group B,0.62,0.75,8,2.25,1.61,1.33,1
Tampere Utd,8,4,2,2,18,10,8,14,Finland - Kakkonen Group B,0.5,0.75,8,2.25,2.0,1.33,2
HJS Akatemia,8,4,2,2,16,10,6,14,Finland - Kakkonen Group B,0.5,0.75,6,2.0,2.0,1.33,2
VJS,8,3,3,2,16,13,3,12,Finland - Kakkonen Group B,0.38,0.75,3,2.0,2.63,1.33,3
TPV,8,3,2,3,15,18,-3,11,Finland - Kakkonen Group B,0.38,0.62,-3,1.88,2.63,1.61,4
Honka,8,2,3,3,14,14,0,9,Finland - Kakkonen Group B,0.25,0.62,0,1.75,4.0,1.61,5
Ilves B,8,3,0,5,16,21,-5,9,Finland - Kakkonen Group B,0.38,0.38,-5,2.0,2.63,2.63,5
Poxyt,8,3,0,5,17,25,-8,9,Finland - Kakkonen Group B,0.38,0.38,-8,2.12,2.63,2.63,5
Ilves-Kissat,8,2,1,5,14,24,-10,7,Finland - Kakkonen Group B,0.25,0.38,-10,1.75,4.0,2.63,6
P-Iirot,8,2,0,6,8,16,-8,6,Finland - Kakkonen Group B,0.25,0.25,-8,1.0,4.0,4.0,7
EBK,8,1,0,7,6,41,-35,3,Finland - Kakkonen Group B,0.12,0.12,-35,0.75,8.33,8.33,8
JBK,8,6,2,0,19,7,12,20,Finland - Kakkonen Group C,0.75,1.0,12,2.38,1.33,1.0,1
GBK,8,6,0,2,22,13,9,18,Finland - Kakkonen Group C,0.75,0.75,9,2.75,1.33,1.33,2
Narpes Kraft,8,4,1,3,17,18,-1,13,Finland - Kakkonen Group C,0.5,0.62,-1,2.12,2.0,1.61,3
SJK Akatemia B,8,4,0,4,21,17,4,12,Finland - Kakkonen Group C,0.5,0.5,4,2.62,2.0,2.0,4
TP-47,8,3,2,3,20,13,7,11,Finland - Kakkonen Group C,0.38,0.62,7,2.5,2.63,1.61,5
JS Hercules,8,2,1,5,15,24,-9,7,Finland - Kakkonen Group C,0.25,0.38,-9,1.88,4.0,2.63,6
JPS,8,1,3,4,10,14,-4,6,Finland - Kakkonen Group C,0.12,0.5,-4,1.25,8.33,2.0,7
Kuopion Elo,8,0,4,4,13,21,-8,4,Finland - Kakkonen Group C,0.0,0.5,-8,1.62,0.0,2.0,8
OTP,8,1,1,6,6,23,-17,4,Finland - Kakkonen Group C,0.12,0.25,-17,0.75,8.33,4.0,8
OPS,8,1,0,7,10,31,-21,3,Finland - Kakkonen Group C,0.12,0.12,-21,1.25,8.33,8.33,9
Marseille,8,7,0,1,20,7,13,21,France - Ligue 1,0.88,0.88,13,2.5,1.14,1.14,1
Paris SG,8,5,3,0,20,8,12,18,France - Ligue 1,0.62,1.0,12,2.5,1.61,1.0,2
Monaco,8,4,2,2,14,8,6,14,France - Ligue 1,0.5,0.75,6,1.75,2.0,1.33,3
Lens,8,3,4,1,12,8,4,13,France - Ligue 1,0.38,0.88,4,1.5,2.63,1.14,4
Lyon,8,3,3,2,13,8,5,12,France - Ligue 1,0.38,0.75,5,1.62,2.63,1.33,5
Nice,8,3,3,2,13,12,1,12,France - Ligue 1,0.38,0.75,1,1.62,2.63,1.33,5
Angers,8,3,3,2,8,7,1,12,France - Ligue 1,0.38,0.75,1,1.0,2.63,1.33,5
Lille,8,2,5,1,10,6,4,11,France - Ligue 1,0.25,0.88,4,1.25,4.0,1.14,6
Reims,8,3,2,3,12,10,2,11,France - Ligue 1,0.38,0.62,2,1.5,2.63,1.61,6
Toulouse,8,3,1,4,8,10,-2,10,France - Ligue 1,0.38,0.5,-2,1.0,2.63,2.0,7
Strasbourg,8,2,1,5,15,19,-4,7,France - Ligue 1,0.25,0.38,-4,1.88,4.0,2.63,8
Nantes,8,1,3,4,10,16,-6,6,France - Ligue 1,0.12,0.5,-6,1.25,8.33,2.0,9
Le Havre,8,2,0,6,7,15,-8,6,France - Ligue 1,0.25,0.25,-8,0.88,4.0,4.0,9
Auxerre,8,1,1,6,10,19,-9,4,France - Ligue 1,0.12,0.25,-9,1.25,8.33,4.0,10
Brest,8,1,0,7,7,20,-13,3,France - Ligue 1,0.12,0.12,-13,0.88,8.33,8.33,11
Rennes,8,0,1,7,6,18,-12,1,France - Ligue 1,0.0,0.12,-12,0.75,0.0,8.33,12
Saint-Etienne,8,0,1,7,6,28,-22,1,France - Ligue 1,0.0,0.12,-22,0.75,0.0,8.33,12
Montpellier,8,0,0,8,3,20,-17,0,France - Ligue 1,0.0,0.0,-17,0.38,0.0,0.0,13
Laval,8,4,2,2,13,6,7,14,France - Ligue 2,0.5,0.75,7,1.62,2.0,1.33,1
Paris FC,8,4,2,2,10,5,5,14,France - Ligue 2,0.5,0.75,5,1.25,2.0,1.33,1
Martigues,8,3,2,3,9,18,-9,11,France - Ligue 2,0.38,0.62,-9,1.12,2.63,1.61,2
Rodez Aveyron,8,2,4,2,15,12,3,10,France - Ligue 2,0.25,0.75,3,1.88,4.0,1.33,3
Troyes,8,3,1,4,9,7,2,10,France - Ligue 2,0.38,0.5,2,1.12,2.63,2.0,3
Clermont,8,3,1,4,4,9,-5,10,France - Ligue 2,0.38,0.5,-5,0.5,2.63,2.0,3
Metz,8,2,3,3,5,7,-2,9,France - Ligue 2,0.25,0.62,-2,0.62,4.0,1.61,4
USL Dunkerque,8,2,3,3,9,12,-3,9,France - Ligue 2,0.25,0.62,-3,1.12,4.0,1.61,4
Guingamp,8,3,0,5,10,15,-5,9,France - Ligue 2,0.38,0.38,-5,1.25,2.63,2.63,4
Red Star,8,2,2,4,7,11,-4,8,France - Ligue 2,0.25,0.5,-4,0.88,4.0,2.0,5
Annecy,8,1,5,2,10,15,-5,8,France - Ligue 2,0.12,0.75,-5,1.25,8.33,1.33,5
SC Bastia,8,1,4,3,7,10,-3,7,France - Ligue 2,0.12,0.62,-3,0.88,8.33,1.61,6
Grenoble,8,2,1,5,8,12,-4,7,France - Ligue 2,0.25,0.38,-4,1.0,4.0,2.63,6
Lorient,8,1,3,4,7,11,-4,6,France - Ligue 2,0.12,0.5,-4,0.88,8.33,2.0,7
Amiens,8,2,0,6,8,15,-7,6,France - Ligue 2,0.25,0.25,-7,1.0,4.0,4.0,7
Pau FC,8,1,2,5,5,13,-8,5,France - Ligue 2,0.12,0.38,-8,0.62,8.33,2.63,8
Caen,8,1,1,6,8,14,-6,4,France - Ligue 2,0.12,0.25,-6,1.0,8.33,4.0,9
AC Ajaccio,8,0,1,7,2,15,-13,1,France - Ligue 2,0.0,0.12,-13,0.25,0.0,8.33,10
Nancy,8,5,2,1,13,8,5,17,France - National,0.62,0.88,5,1.62,1.61,1.14,1
Orleans,8,4,2,2,10,7,3,14,France - National,0.5,0.75,3,1.25,2.0,1.33,2
Le Mans,8,4,2,2,12,10,2,14,France - National,0.5,0.75,2,1.5,2.0,1.33,2
Boulogne,8,3,2,3,8,12,-4,11,France - National,0.38,0.62,-4,1.0,2.63,1.61,3
Quevilly Rouen,8,3,1,4,8,11,-3,10,France - National,0.38,0.5,-3,1.0,2.63,2.0,4
Paris 13 A.,8,2,3,3,9,11,-2,9,France - National,0.25,0.62,-2,1.12,4.0,1.61,5
Sochaux,6,1,5,0,4,3,1,8,France - National,0.17,1.0,1,0.67,5.88,1.0,6
Dijon,7,2,2,3,5,7,-2,8,France - National,0.29,0.57,-2,0.71,3.45,1.75,6
Bourg-en-Bresse,8,2,2,4,6,9,-3,8,France - National,0.25,0.5,-3,0.75,4.0,2.0,6
Aubagne,8,2,1,5,10,9,1,7,France - National,0.25,0.38,1,1.25,4.0,2.63,7
Concarneau,7,2,1,4,10,14,-4,7,France - National,0.29,0.43,-4,1.43,3.45,2.33,7
Versailles,7,1,3,3,7,9,-2,6,France - National,0.14,0.57,-2,1.0,7.14,1.75,8
Rouen,6,1,2,3,6,8,-2,5,France - National,0.17,0.5,-2,1.0,5.88,2.0,9
Villefranche,7,0,4,3,5,9,-4,4,France - National,0.0,0.57,-4,0.71,0.0,1.75,10
Nimes,6,0,3,3,2,6,-4,3,France - National,0.0,0.5,-4,0.33,0.0,2.0,11
Valenciennes,7,0,3,4,4,12,-8,3,France - National,0.0,0.43,-8,0.57,0.0,2.33,11
Chateauroux,8,0,2,6,6,20,-14,2,France - National,0.0,0.25,-14,0.75,0.0,4.0,12
Iberia,8,7,0,1,19,9,10,21,georgia,0.88,0.88,10,2.38,1.14,1.14,1
Dila Gori,8,4,2,2,18,8,10,14,georgia,0.5,0.75,10,2.25,2.0,1.33,2
Dinamo Batumi,8,4,1,3,10,11,-1,13,georgia,0.5,0.62,-1,1.25,2.0,1.61,3
Samgurali,8,1,5,2,8,8,0,8,georgia,0.12,0.75,0,1.0,8.33,1.33,4
Torpedo Kutaisi,8,2,2,4,10,13,-3,8,georgia,0.25,0.5,-3,1.25,4.0,2.0,4
Gagra,8,2,1,5,8,14,-6,7,georgia,0.25,0.38,-6,1.0,4.0,2.63,5
Kolkheti Poti,8,2,1,5,9,17,-8,7,georgia,0.25,0.38,-8,1.12,4.0,2.63,5
Dinamo Tbilisi,8,1,3,4,4,12,-8,6,georgia,0.12,0.5,-8,0.5,8.33,2.0,6
Samtredia,8,1,2,5,9,16,-7,5,georgia,0.12,0.38,-7,1.12,8.33,2.63,7
Telavi,8,0,3,5,5,14,-9,3,georgia,0.0,0.38,-9,0.62,0.0,2.63,8
Gareji Sagarejo,8,4,3,1,17,12,5,15,georgia2,0.5,0.88,5,2.12,2.0,1.14,1
L. Tbilisi,8,4,2,2,9,7,2,14,georgia2,0.5,0.75,2,1.12,2.0,1.33,2
Spaeri,8,4,1,3,13,7,6,13,georgia2,0.5,0.62,6,1.62,2.0,1.61,3
Aragvi Dusheti,8,4,0,4,11,11,0,12,georgia2,0.5,0.5,0,1.38,2.0,2.0,4
WIT Georgia,8,2,2,4,10,10,0,8,georgia2,0.25,0.5,0,1.25,4.0,2.0,5
Shturmi,8,2,2,4,9,13,-4,8,georgia2,0.25,0.5,-4,1.12,4.0,2.0,5
Rustavi,8,2,1,5,11,16,-5,7,georgia2,0.25,0.38,-5,1.38,4.0,2.63,6
Bolnisi,8,2,1,5,10,16,-6,7,georgia2,0.25,0.38,-6,1.25,4.0,2.63,6
D. Tbilisi B,8,1,2,5,4,17,-13,5,georgia2,0.12,0.38,-13,0.5,8.33,2.63,7
Kolkheti Khobi,8,1,0,7,6,26,-20,3,georgia2,0.12,0.12,-20,0.75,8.33,8.33,8
Leverkusen,8,5,3,0,18,10,8,18,germany,0.62,1.0,8,2.25,1.61,1.0,1
Bayern Munich,8,5,2,1,23,7,16,17,germany,0.62,0.88,16,2.88,1.61,1.14,2
Wolfsburg,8,5,1,2,19,10,9,16,germany,0.62,0.75,9,2.38,1.61,1.33,3
E. Frankfurt,8,5,1,2,17,10,7,16,germany,0.62,0.75,7,2.12,1.61,1.33,3
Werder Bremen,8,5,0,3,16,15,1,15,germany,0.62,0.62,1,2.0,1.61,1.61,4
FSV Mainz,8,4,2,2,18,11,7,14,germany,0.5,0.75,7,2.25,2.0,1.33,5
RB Leipzig,8,4,1,3,13,13,0,13,germany,0.5,0.62,0,1.62,2.0,1.61,6
Stuttgart,8,3,3,2,12,13,-1,12,germany,0.38,0.75,-1,1.5,2.63,1.33,7
Sankt Pauli,8,3,0,5,9,10,-1,9,germany,0.38,0.38,-1,1.12,2.63,2.63,8
Monchengladbach,8,2,2,4,8,14,-6,8,germany,0.25,0.5,-6,1.0,4.0,2.0,9
Freiburg,8,2,2,4,8,17,-9,8,germany,0.25,0.5,-9,1.0,4.0,2.0,9
Heidenheim,8,2,0,6,12,19,-7,6,germany,0.25,0.25,-7,1.5,4.0,4.0,10
Dortmund,8,1,2,5,10,18,-8,5,germany,0.12,0.38,-8,1.25,8.33,2.63,11
Hoffenheim,7,0,4,3,4,9,-5,4,germany,0.0,0.57,-5,0.57,0.0,1.75,12
Union Berlin,8,1,1,6,5,14,-9,4,germany,0.12,0.25,-9,0.62,8.33,4.0,12
Holstein Kiel,8,0,2,6,12,21,-9,2,germany,0.0,0.25,-9,1.5,0.0,4.0,13
FC Augsburg,7,0,2,5,5,22,-17,2,germany,0.0,0.29,-17,0.71,0.0,3.45,13
Bochum,8,0,1,7,7,22,-15,1,germany,0.0,0.12,-15,0.88,0.0,8.33,14
Magdeburg,8,6,1,1,19,10,9,19,germany2,0.75,0.88,9,2.38,1.33,1.14,1
Dusseldorf,8,5,2,1,14,6,8,17,germany2,0.62,0.88,8,1.75,1.61,1.14,2
FC Koln,8,5,2,1,12,10,2,17,germany2,0.62,0.88,2,1.5,1.61,1.14,2
Hertha Berlin,8,4,2,2,16,12,4,14,germany2,0.5,0.75,4,2.0,2.0,1.33,3
Karlsruher SC,8,4,2,2,16,15,1,14,germany2,0.5,0.75,1,2.0,2.0,1.33,3
Elversberg,8,3,3,2,12,6,6,12,germany2,0.38,0.75,6,1.5,2.63,1.33,4
Schalke 04,8,3,3,2,14,11,3,12,germany2,0.38,0.75,3,1.75,2.63,1.33,4
Hamburger SV,8,3,2,3,14,13,1,11,germany2,0.38,0.62,1,1.75,2.63,1.61,5
Darmstadt,8,3,2,3,19,19,0,11,germany2,0.38,0.62,0,2.38,2.63,1.61,5
Paderborn,8,2,5,1,13,13,0,11,germany2,0.25,0.88,0,1.62,4.0,1.14,5
Kaiserslautern,8,3,2,3,10,12,-2,11,germany2,0.38,0.62,-2,1.25,2.63,1.61,5
Preuss. Munster,8,2,3,3,11,13,-2,9,germany2,0.25,0.62,-2,1.38,4.0,1.61,6
Greuther Furth,8,2,3,3,13,16,-3,9,germany2,0.25,0.62,-3,1.62,4.0,1.61,6
FC Nurnberg,8,2,2,4,12,13,-1,8,germany2,0.25,0.5,-1,1.5,4.0,2.0,7
Ulm,8,1,5,2,8,9,-1,8,germany2,0.12,0.75,-1,1.0,8.33,1.33,7
Hannover 96,8,1,2,5,7,11,-4,5,germany2,0.12,0.38,-4,0.88,8.33,2.63,8
Braunschweig,8,0,2,6,5,21,-16,2,germany2,0.0,0.25,-16,0.62,0.0,4.0,9
Regensburg,8,0,1,7,5,26,-21,1,germany2,0.0,0.12,-21,0.62,0.0,8.33,10
Energie Cottbus,8,5,2,1,14,8,6,17,germany3,0.62,0.88,6,1.75,1.61,1.14,1
Dynamo Dresden,8,5,1,2,18,8,10,16,germany3,0.62,0.75,10,2.25,1.61,1.33,2
1860 Munchen,8,4,2,2,14,12,2,14,germany3,0.5,0.75,2,1.75,2.0,1.33,3
Verl,8,4,1,3,18,12,6,13,germany3,0.5,0.62,6,2.25,2.0,1.61,4
FC Ingolstadt,8,3,2,3,22,17,5,11,germany3,0.38,0.62,5,2.75,2.63,1.61,5
Saarbrucken,8,2,5,1,11,11,0,11,germany3,0.25,0.88,0,1.38,4.0,1.14,5
Wehen Wiesbaden,8,2,4,2,13,12,1,10,germany3,0.25,0.75,1,1.62,4.0,1.33,6
Erzgebirge Aue,8,3,1,4,12,16,-4,10,germany3,0.38,0.5,-4,1.5,2.63,2.0,6
Bielefeld,8,2,3,3,9,11,-2,9,germany3,0.25,0.62,-2,1.12,4.0,1.61,7
Hannover 96 B,8,2,2,4,10,9,1,8,germany3,0.25,0.5,1,1.25,4.0,2.0,8
Sandhausen,8,1,5,2,7,8,-1,8,germany3,0.12,0.75,-1,0.88,8.33,1.33,8
Dortmund B,8,2,2,4,17,20,-3,8,germany3,0.25,0.5,-3,2.12,4.0,2.0,8
Viktoria Koln,8,2,1,5,8,12,-4,7,germany3,0.25,0.38,-4,1.0,4.0,2.63,9
Hansa Rostock,8,2,1,5,7,14,-7,7,germany3,0.25,0.38,-7,0.88,4.0,2.63,9
Alemannia A.,8,1,4,3,6,13,-7,7,germany3,0.12,0.62,-7,0.75,8.33,1.61,9
Mannheim,8,1,3,4,5,11,-6,6,germany3,0.12,0.5,-6,0.62,8.33,2.0,10
VfB Stuttgart B,8,0,3,5,7,17,-10,3,germany3,0.0,0.38,-10,0.88,0.0,2.63,11
Osnabruck,8,0,2,6,9,19,-10,2,germany3,0.0,0.25,-10,1.12,0.0,4.0,12
RW Essen,8,0,2,6,6,17,-11,2,germany3,0.0,0.25,-11,0.75,0.0,4.0,12
Unterhaching,8,0,2,6,10,22,-12,2,germany3,0.0,0.25,-12,1.25,0.0,4.0,12
Nations,8,4,2,2,7,4,3,14,ghana,0.5,0.75,3,0.88,2.0,1.33,1
Hearts of Oak,8,4,2,2,8,6,2,14,ghana,0.5,0.75,2,1.0,2.0,1.33,1
Asante Kotoko,8,3,3,2,9,7,2,12,ghana,0.38,0.75,2,1.12,2.63,1.33,2
Medeama,8,3,2,3,10,10,0,11,ghana,0.38,0.62,0,1.25,2.63,1.61,3
Heart of Lions,8,2,4,2,5,7,-2,10,ghana,0.25,0.75,-2,0.62,4.0,1.33,4
Bechem Utd,7,2,3,2,7,7,0,9,ghana,0.29,0.71,0,1.0,3.45,1.41,5
Bibiani GS,8,1,5,2,4,7,-3,8,ghana,0.12,0.75,-3,0.5,8.33,1.33,6
Aduana Stars,8,1,5,2,3,6,-3,8,ghana,0.12,0.75,-3,0.38,8.33,1.33,6
Samartex,8,1,4,3,3,5,-2,7,ghana,0.12,0.62,-2,0.38,8.33,1.61,7
Karela,8,2,1,5,3,6,-3,7,ghana,0.25,0.38,-3,0.38,4.0,2.63,7
Dreams,8,1,4,3,2,5,-3,7,ghana,0.12,0.62,-3,0.25,8.33,1.61,7
Vision,8,1,3,4,5,10,-5,6,ghana,0.12,0.5,-5,0.62,8.33,2.0,8
Berekum Chelsea,8,1,3,4,3,8,-5,6,ghana,0.12,0.5,-5,0.38,8.33,2.0,8
Young Apostles,8,1,2,5,2,10,-8,5,ghana,0.12,0.38,-8,0.25,8.33,2.63,9
Holy Stars,8,1,1,6,6,14,-8,4,ghana,0.12,0.25,-8,0.75,8.33,4.0,10
Accra Lions,8,0,3,5,2,7,-5,3,ghana,0.0,0.38,-5,0.25,0.0,2.63,11
Nsoatreman,8,0,1,7,3,14,-11,1,ghana,0.0,0.12,-11,0.38,0.0,8.33,12
Legon Cities,8,0,1,7,4,17,-13,1,ghana,0.0,0.12,-13,0.5,0.0,8.33,12
Lincoln RI,8,7,1,0,29,2,27,22,gibraltar,0.88,1.0,27,3.62,1.14,1.0,1
St Josephs,8,6,2,0,24,6,18,20,gibraltar,0.75,1.0,18,3.0,1.33,1.0,2
Europa FC,8,6,2,0,22,8,14,20,gibraltar,0.75,1.0,14,2.75,1.33,1.0,2
Magpies,8,4,0,4,22,10,12,12,gibraltar,0.5,0.5,12,2.75,2.0,2.0,3
Manchester 62,8,3,1,4,14,12,2,10,gibraltar,0.38,0.5,2,1.75,2.63,2.0,4
Glacis Utd,8,3,0,5,12,20,-8,9,gibraltar,0.38,0.38,-8,1.5,2.63,2.63,5
Lions FC,7,2,2,3,11,9,2,8,gibraltar,0.29,0.57,2,1.57,3.45,1.75,6
College 1975,7,2,1,4,6,13,-7,7,gibraltar,0.29,0.43,-7,0.86,3.45,2.33,7
Mons Calpe,8,1,0,7,8,23,-15,3,gibraltar,0.12,0.12,-15,1.0,8.33,8.33,8
Europa Point,8,0,2,6,7,19,-12,2,gibraltar,0.0,0.25,-12,0.88,0.0,4.0,9
Lynx,8,0,1,7,7,21,-14,1,gibraltar,0.0,0.12,-14,0.88,0.0,8.33,10
PAOK,8,6,1,1,17,7,10,19,greece,0.75,0.88,10,2.12,1.33,1.14,1
Panathinaikos,8,5,2,1,8,5,3,17,greece,0.62,0.88,3,1.0,1.61,1.14,2
OFI Crete,8,4,3,1,12,9,3,15,greece,0.5,0.88,3,1.5,2.0,1.14,3
Olympiakos,8,4,2,2,12,6,6,14,greece,0.5,0.75,6,1.5,2.0,1.33,4
Atromitos,8,4,1,3,13,11,2,13,greece,0.5,0.62,2,1.62,2.0,1.61,5
Panaitolikos,8,3,4,1,7,5,2,13,greece,0.38,0.88,2,0.88,2.63,1.14,5
AEK Athens,8,4,1,3,9,9,0,13,greece,0.5,0.62,0,1.12,2.0,1.61,5
Volos,8,4,0,4,8,14,-6,12,greece,0.5,0.5,-6,1.0,2.0,2.0,6
Asteras T.,8,2,3,3,8,10,-2,9,greece,0.25,0.62,-2,1.0,4.0,1.61,7
Panserraikos,8,3,0,5,7,12,-5,9,greece,0.38,0.38,-5,0.88,2.63,2.63,7
Levadiakos,8,1,5,2,12,13,-1,8,greece,0.12,0.75,-1,1.5,8.33,1.33,8
Aris,8,2,1,5,8,14,-6,7,greece,0.25,0.38,-6,1.0,4.0,2.63,9
A. Kallithea,8,0,4,4,6,12,-6,4,greece,0.0,0.5,-6,0.75,0.0,2.0,10
Lamia,8,0,3,5,6,13,-7,3,greece,0.0,0.38,-7,0.75,0.0,2.63,11
Comunicaciones,8,3,2,3,11,12,-1,11,guatemala,0.38,0.62,-1,1.38,2.63,1.61,1
Xelaju,8,2,4,2,8,5,3,10,guatemala,0.25,0.75,3,1.0,4.0,1.33,2
Coban Imperial,8,3,1,4,8,8,0,10,guatemala,0.38,0.5,0,1.0,2.63,2.0,2
Municipal,8,2,4,2,5,10,-5,10,guatemala,0.25,0.75,-5,0.62,4.0,1.33,2
Malacateco,8,2,3,3,7,10,-3,9,guatemala,0.25,0.62,-3,0.88,4.0,1.61,3
Xinabajul,8,2,3,3,11,15,-4,9,guatemala,0.25,0.62,-4,1.38,4.0,1.61,3
Achuapa,8,2,2,4,5,10,-5,8,guatemala,0.25,0.5,-5,0.62,4.0,2.0,4
Mixco,8,2,1,5,8,16,-8,7,guatemala,0.25,0.38,-8,1.0,4.0,2.63,5
Antigua GFC,8,1,3,4,9,15,-6,6,guatemala,0.12,0.5,-6,1.12,8.33,2.0,6
Guastatoya,8,0,4,4,3,11,-8,4,guatemala,0.0,0.5,-8,0.38,0.0,2.0,7
Marquense,8,0,2,6,3,19,-16,2,guatemala,0.0,0.25,-16,0.38,0.0,4.0,8
Zacapa Tellioz,8,0,2,6,3,21,-18,2,guatemala,0.0,0.25,-18,0.38,0.0,4.0,8
Motagua,8,5,2,1,17,6,11,17,honduras,0.62,0.88,11,2.12,1.61,1.14,1
Olimpia,8,4,2,2,10,7,3,14,honduras,0.5,0.75,3,1.25,2.0,1.33,2
Real Espana,8,3,2,3,8,6,2,11,honduras,0.38,0.62,2,1.0,2.63,1.61,3
Marathon,8,3,2,3,8,10,-2,11,honduras,0.38,0.62,-2,1.0,2.63,1.61,3
Genesis,8,2,2,4,10,15,-5,8,honduras,0.25,0.5,-5,1.25,4.0,2.0,4
Olancho,8,1,4,3,6,12,-6,7,honduras,0.12,0.62,-6,0.75,8.33,1.61,5
Real Sociedad,8,1,3,4,11,19,-8,6,honduras,0.12,0.5,-8,1.38,8.33,2.0,6
UPNFM,8,1,2,5,4,16,-12,5,honduras,0.12,0.38,-12,0.5,8.33,2.63,7
Juticalpa,8,1,2,5,5,20,-15,5,honduras,0.12,0.38,-15,0.62,8.33,2.63,7
Victoria,8,0,2,6,8,18,-10,2,honduras,0.0,0.25,-10,1.0,0.0,4.0,8
Eastern,5,3,2,0,8,3,5,11,hongkong,0.6,1.0,5,1.6,1.67,1.0,1
Tai Po,4,2,1,1,9,5,4,7,hongkong,0.5,0.75,4,2.25,2.0,1.33,2
Kowloon City,6,2,0,4,9,19,-10,6,hongkong,0.33,0.33,-10,1.5,3.03,3.03,3
Kitchee,4,1,2,1,8,4,4,5,hongkong,0.25,0.75,4,2.0,4.0,1.33,4
Southern D.,5,1,2,2,7,8,-1,5,hongkong,0.2,0.6,-1,1.4,5.0,1.67,4
HK Rangers,8,1,2,5,11,25,-14,5,hongkong,0.12,0.38,-14,1.38,8.33,2.63,4
LM Warriors,4,1,1,2,4,5,-1,4,hongkong,0.25,0.5,-1,1.0,4.0,2.0,5
Hong Kong FC,4,0,0,4,2,13,-11,0,hongkong,0.0,0.0,-11,0.5,0.0,0.0,6
North District,5,0,0,5,3,15,-12,0,hongkong,0.0,0.0,-12,0.6,0.0,0.0,6
DVTK,8,4,4,0,15,10,5,16,hungary,0.5,1.0,5,1.88,2.0,1.0,1
Puskas A.,8,5,0,3,14,10,4,15,hungary,0.62,0.62,4,1.75,1.61,1.61,2
Ferencvaros,8,4,2,2,13,10,3,14,hungary,0.5,0.75,3,1.62,2.0,1.33,3
Ujpest,8,4,1,3,11,10,1,13,hungary,0.5,0.62,1,1.38,2.0,1.61,4
MTK Budapest,8,4,0,4,10,11,-1,12,hungary,0.5,0.5,-1,1.25,2.0,2.0,5
Gyor,8,2,4,2,11,9,2,10,hungary,0.25,0.75,2,1.38,4.0,1.33,6
Paks,8,2,1,5,13,16,-3,7,hungary,0.25,0.38,-3,1.62,4.0,2.63,7
Kecskemeti TE,8,1,2,5,8,17,-9,5,hungary,0.12,0.38,-9,1.0,8.33,2.63,8
Zalaegerszegi,8,0,4,4,8,13,-5,4,hungary,0.0,0.5,-5,1.0,0.0,2.0,9
Nyiregyhaza,8,1,1,6,6,14,-8,4,hungary,0.12,0.25,-8,0.75,8.33,4.0,9
Fehervar,8,1,1,6,8,19,-11,4,hungary,0.12,0.25,-11,1.0,8.33,4.0,9
Debrecen,8,0,2,6,7,17,-10,2,hungary,0.0,0.25,-10,0.88,0.0,4.0,10
BVSC,8,4,2,2,10,8,2,14,hungary2,0.5,0.75,2,1.25,2.0,1.33,1
Kazincbarcika,7,3,3,1,20,8,12,12,hungary2,0.43,0.86,12,2.86,2.33,1.16,2
Budafoki,7,3,3,1,13,11,2,12,hungary2,0.43,0.86,2,1.86,2.33,1.16,2
Kozarmisleny,6,3,2,1,10,7,3,11,hungary2,0.5,0.83,3,1.67,2.0,1.2,3
Szentlorinc,8,3,2,3,8,9,-1,11,hungary2,0.38,0.62,-1,1.0,2.63,1.61,3
Mezokovesd,7,3,1,3,9,9,0,10,hungary2,0.43,0.57,0,1.29,2.33,1.75,4
Kisvarda,8,3,1,4,11,14,-3,10,hungary2,0.38,0.5,-3,1.38,2.63,2.0,4
Vasas,7,3,0,4,10,11,-1,9,hungary2,0.43,0.43,-1,1.43,2.33,2.33,5
Szeged,8,1,5,2,4,5,-1,8,hungary2,0.12,0.75,-1,0.5,8.33,1.33,6
Ajka,6,2,1,3,9,13,-4,7,hungary2,0.33,0.5,-4,1.5,3.03,2.0,7
Soroksar,7,1,2,4,6,10,-4,5,hungary2,0.14,0.43,-4,0.86,7.14,2.33,8
Bekescsaba,8,1,2,5,3,8,-5,5,hungary2,0.12,0.38,-5,0.38,8.33,2.63,8
Tatabanya,6,1,1,4,5,9,-4,4,hungary2,0.17,0.33,-4,0.83,5.88,3.03,9
Honved,8,0,3,5,8,18,-10,3,hungary2,0.0,0.38,-10,1.0,0.0,2.63,10
Csakvari,6,0,2,4,5,12,-7,2,hungary2,0.0,0.33,-7,0.83,0.0,3.03,11
Gyirmot,8,0,2,6,11,20,-9,2,hungary2,0.0,0.25,-9,1.38,0.0,4.0,11
Vikingur R.,8,6,1,1,25,10,15,19,iceland,0.75,0.88,15,3.12,1.33,1.14,1
Breidablik,8,5,2,1,15,8,7,17,iceland,0.62,0.88,7,1.88,1.61,1.14,2
KA Akureyri,8,4,3,1,15,8,7,15,iceland,0.5,0.88,7,1.88,2.0,1.14,3
Stjarnan,8,2,4,2,14,11,3,10,iceland,0.25,0.75,3,1.75,4.0,1.33,4
Fylkir,8,2,2,4,7,14,-7,8,iceland,0.25,0.5,-7,0.88,4.0,2.0,5
KR Reykjavik,8,2,1,5,11,15,-4,7,iceland,0.25,0.38,-4,1.38,4.0,2.63,6
Hafnarfjordur,8,2,1,5,13,20,-7,7,iceland,0.25,0.38,-7,1.62,4.0,2.63,6
Valur,8,1,3,4,15,17,-2,6,iceland,0.12,0.5,-2,1.88,8.33,2.0,7
Vestri,8,1,3,4,12,15,-3,6,iceland,0.12,0.5,-3,1.5,8.33,2.0,7
IA Akranes,8,1,2,5,6,20,-14,5,iceland,0.12,0.38,-14,0.75,8.33,2.63,8
Fram,8,1,1,6,7,17,-10,4,iceland,0.12,0.25,-10,0.88,8.33,4.0,9
HK Kopavogur,8,0,1,7,10,32,-22,1,iceland,0.0,0.12,-22,1.25,0.0,8.33,10
Afturelding,8,6,0,2,20,12,8,18,iceland2,0.75,0.75,8,2.5,1.33,1.33,1
IBV,8,4,1,3,19,10,9,13,iceland2,0.5,0.62,9,2.38,2.0,1.61,2
Leiknir R.,8,3,2,3,12,12,0,11,iceland2,0.38,0.62,0,1.5,2.63,1.61,3
Thor Akureyri,8,3,1,4,12,15,-3,10,iceland2,0.38,0.5,-3,1.5,2.63,2.0,4
Keflavik,8,2,4,2,6,9,-3,10,iceland2,0.25,0.75,-3,0.75,4.0,1.33,4
Throttur R.,8,2,3,3,11,11,0,9,iceland2,0.25,0.62,0,1.38,4.0,1.61,5
Fjolnir,8,2,3,3,5,10,-5,9,iceland2,0.25,0.62,-5,0.62,4.0,1.61,5
IR Reykjavik,8,2,3,3,9,17,-8,9,iceland2,0.25,0.62,-8,1.12,4.0,1.61,5
Njardvik,8,1,5,2,11,14,-3,8,iceland2,0.12,0.75,-3,1.38,8.33,1.33,6
Grindavik,8,2,1,5,13,22,-9,7,iceland2,0.25,0.38,-9,1.62,4.0,2.63,7
Dalvik / Reynir,8,1,1,6,8,18,-10,4,iceland2,0.12,0.25,-10,1.0,8.33,4.0,8
Grotta,8,0,0,8,8,21,-13,0,iceland2,0.0,0.0,-13,1.0,0.0,0.0,9
Selfoss,8,7,0,1,16,8,8,21,iceland3,0.88,0.88,8,2.0,1.14,1.14,1
Throttur Vogar,8,5,2,1,26,14,12,17,iceland3,0.62,0.88,12,3.25,1.61,1.14,2
Volsungur,8,5,2,1,19,14,5,17,iceland3,0.62,0.88,5,2.38,1.61,1.14,2
Hottur/Huginn,8,4,1,3,19,24,-5,13,iceland3,0.5,0.62,-5,2.38,2.0,1.61,3
Fjardabyggd/L.,8,4,0,4,12,15,-3,12,iceland3,0.5,0.5,-3,1.5,2.0,2.0,4
KFG,8,3,2,3,12,12,0,11,iceland3,0.38,0.62,0,1.5,2.63,1.61,5
Haukar,8,3,1,4,11,15,-4,10,iceland3,0.38,0.5,-4,1.38,2.63,2.0,6
AEggir,8,2,2,4,9,16,-7,8,iceland3,0.25,0.5,-7,1.12,4.0,2.0,7
Kormakur/Hvot,8,2,2,4,5,16,-11,8,iceland3,0.25,0.5,-11,0.62,4.0,2.0,7
V. Olafsvik,8,1,3,4,14,18,-4,6,iceland3,0.12,0.5,-4,1.75,8.33,2.0,8
Reynir,8,2,0,6,14,22,-8,6,iceland3,0.25,0.25,-8,1.75,4.0,4.0,8
Fjallabyggd,8,0,1,7,5,23,-18,1,iceland3,0.0,0.12,-18,0.62,0.0,8.33,9
Goa,8,4,4,0,16,10,6,16,india,0.5,1.0,6,2.0,2.0,1.0,1
NorthEast Utd,8,4,2,2,18,12,6,14,india,0.5,0.75,6,2.25,2.0,1.33,2
Mohun Bagan,7,4,1,2,11,7,4,13,india,0.57,0.71,4,1.57,1.75,1.41,3
Mumbai City,7,3,3,1,11,9,2,12,india,0.43,0.86,2,1.57,2.33,1.16,4
Chennaiyin,8,3,1,4,13,13,0,10,india,0.38,0.5,0,1.62,2.63,2.0,5
Bengaluru,7,3,1,3,12,13,-1,10,india,0.43,0.57,-1,1.71,2.33,1.75,5
Odisha FC,8,2,3,3,16,12,4,9,india,0.25,0.62,4,2.0,4.0,1.61,6
Kerala Blasters,8,2,2,4,12,16,-4,8,india,0.25,0.5,-4,1.5,4.0,2.0,7
Mohammedan,8,2,2,4,3,11,-8,8,india,0.25,0.5,-8,0.38,4.0,2.0,7
Punjab,7,2,1,4,10,11,-1,7,india,0.29,0.43,-1,1.43,3.45,2.33,8
Hyderabad,8,2,1,5,8,11,-3,7,india,0.25,0.38,-3,1.0,4.0,2.63,8
Jamshedpur,6,2,0,4,6,12,-6,6,india,0.33,0.33,-6,1.0,3.03,3.03,9
East Bengal,7,1,1,5,5,9,-4,4,india,0.14,0.29,-4,0.71,7.14,3.45,10
Gokulam,5,3,2,0,10,3,7,11,india2,0.6,1.0,7,2.0,1.67,1.0,1
Churchill B.,5,3,1,1,10,6,4,10,india2,0.6,0.8,4,2.0,1.67,1.25,2
Dempo,6,3,1,2,5,5,0,10,india2,0.5,0.67,0,0.83,2.0,1.49,2
Rajasthan,7,2,2,3,7,15,-8,8,india2,0.29,0.57,-8,1.0,3.45,1.75,3
Inter Kashi,4,1,2,1,2,3,-1,5,india2,0.25,0.75,-1,0.5,4.0,1.33,4
Delhi FC,5,1,2,2,5,9,-4,5,india2,0.2,0.6,-4,1.0,5.0,1.67,4
Namdhari,2,1,1,0,1,0,1,4,india2,0.5,1.0,1,0.5,2.0,1.0,5
Sreenidi Deccan,3,1,1,1,7,8,-1,4,india2,0.33,0.67,-1,2.33,3.03,1.49,5
Real Kashmir,3,0,1,2,1,3,-2,1,india2,0.0,0.33,-2,0.33,0.0,3.03,6
Aizawl,3,0,1,2,2,10,-8,1,india2,0.0,0.33,-8,0.67,0.0,3.03,6
Shillong Lajong,1,0,0,1,1,3,-2,0,india2,0.0,0.0,-2,1.0,0.0,0.0,7
SC Bengaluru,4,0,0,4,1,10,-9,0,india2,0.0,0.0,-9,0.25,0.0,0.0,7
Persib,8,4,4,0,11,6,5,16,indonesia,0.5,1.0,5,1.38,2.0,1.0,1
Persija,8,5,0,3,11,10,1,15,indonesia,0.62,0.62,1,1.38,1.61,1.61,2
Persik Kediri,8,4,2,2,15,12,3,14,indonesia,0.5,0.75,3,1.88,2.0,1.33,3
Persita,8,4,1,3,9,9,0,13,indonesia,0.5,0.62,0,1.12,2.0,1.61,4
Persebaya S.,8,4,1,3,6,8,-2,13,indonesia,0.5,0.62,-2,0.75,2.0,1.61,4
Arema,8,4,0,4,14,14,0,12,indonesia,0.5,0.5,0,1.75,2.0,2.0,5
PSM,8,2,5,1,10,9,1,11,indonesia,0.25,0.88,1,1.25,4.0,1.14,6
Malut United,8,3,2,3,9,9,0,11,indonesia,0.38,0.62,0,1.12,2.63,1.61,6
PSBS Biak N.,8,3,1,4,9,12,-3,10,indonesia,0.38,0.5,-3,1.12,2.63,2.0,7
Dewa Utd,8,2,3,3,15,9,6,9,indonesia,0.25,0.62,6,1.88,4.0,1.61,8
Bali Utd,8,3,0,5,10,11,-1,9,indonesia,0.38,0.38,-1,1.25,2.63,2.63,8
PSS Sleman,8,2,2,4,8,8,0,8,indonesia,0.25,0.5,0,1.0,4.0,2.0,9
Semen Padang,8,2,1,5,9,12,-3,7,indonesia,0.25,0.38,-3,1.12,4.0,2.63,10
Borneo,8,1,3,4,8,10,-2,6,indonesia,0.12,0.5,-2,1.0,8.33,2.0,11
PSIS Semarang,8,1,3,4,4,8,-4,6,indonesia,0.12,0.5,-4,0.5,8.33,2.0,11
Barito Putera,8,1,3,4,8,13,-5,6,indonesia,0.12,0.5,-5,1.0,8.33,2.0,11
Madura Utd,8,1,1,6,6,21,-15,4,indonesia,0.12,0.25,-15,0.75,8.33,4.0,12
Persis Solo,8,0,2,6,3,15,-12,2,indonesia,0.0,0.25,-12,0.38,0.0,4.0,13
Tractor Sazi,8,7,1,0,16,2,14,22,iran,0.88,1.0,14,2.0,1.14,1.0,1
Foolad,8,5,1,2,10,7,3,16,iran,0.62,0.75,3,1.25,1.61,1.33,2
Persepolis,7,4,1,2,11,5,6,13,iran,0.57,0.71,6,1.57,1.75,1.41,3
Sepahan,7,3,4,0,11,6,5,13,iran,0.43,1.0,5,1.57,2.33,1.0,3
Gol Gohar,8,3,4,1,4,1,3,13,iran,0.38,0.88,3,0.5,2.63,1.14,3
Zob Ahan,8,3,3,2,8,5,3,12,iran,0.38,0.75,3,1.0,2.63,1.33,4
Esteghlal,8,3,3,2,10,9,1,12,iran,0.38,0.75,1,1.25,2.63,1.33,4
Mes Rafsanjan,7,3,1,3,8,7,1,10,iran,0.43,0.57,1,1.14,2.33,1.75,5
N. Mazandaran,7,2,4,1,4,3,1,10,iran,0.29,0.86,1,0.57,3.45,1.16,5
Havadar,7,1,5,1,4,7,-3,8,iran,0.14,0.86,-3,0.57,7.14,1.16,6
Shams A. Qazvin,8,2,1,5,3,12,-9,7,iran,0.25,0.38,-9,0.38,4.0,2.63,7
Malavan,7,1,3,3,8,9,-1,6,iran,0.14,0.57,-1,1.14,7.14,1.75,8
Aluminium Arak,8,1,3,4,7,10,-3,6,iran,0.12,0.5,-3,0.88,8.33,2.0,8
K. Khorramabad,7,1,2,4,3,7,-4,5,iran,0.14,0.43,-4,0.43,7.14,2.33,9
E. Khuzestan,7,1,2,4,3,9,-6,5,iran,0.14,0.43,-6,0.43,7.14,2.33,9
Chadormalu,8,1,1,6,5,13,-8,4,iran,0.12,0.25,-8,0.62,8.33,4.0,10
St. Patricks,8,5,2,1,14,6,8,17,ireland,0.62,0.88,8,1.75,1.61,1.14,1
Shamrock Rovers,8,4,1,3,9,9,0,13,ireland,0.5,0.62,0,1.12,2.0,1.61,2
Bohemians,8,2,5,1,10,7,3,11,ireland,0.25,0.88,3,1.25,4.0,1.14,3
Shelbourne,8,3,2,3,6,7,-1,11,ireland,0.38,0.62,-1,0.75,2.63,1.61,3
Derry City,8,3,1,4,7,7,0,10,ireland,0.38,0.5,0,0.88,2.63,2.0,4
Galway Utd,8,2,3,3,7,9,-2,9,ireland,0.25,0.62,-2,0.88,4.0,1.61,5
Waterford,8,2,0,6,7,15,-8,6,ireland,0.25,0.25,-8,0.88,4.0,4.0,6
Sligo Rovers,8,1,3,4,7,18,-11,6,ireland,0.12,0.5,-11,0.88,8.33,2.0,6
Drogheda Utd,8,1,2,5,7,19,-12,5,ireland,0.12,0.38,-12,0.88,8.33,2.63,7
Dundalk,8,0,4,4,5,9,-4,4,ireland,0.0,0.5,-4,0.62,0.0,2.0,8
Cork City,8,4,2,2,14,11,3,14,ireland2,0.5,0.75,3,1.75,2.0,1.33,1
Treaty Utd,8,4,2,2,12,10,2,14,ireland2,0.5,0.75,2,1.5,2.0,1.33,1
Wexford,8,4,1,3,13,18,-5,13,ireland2,0.5,0.62,-5,1.62,2.0,1.61,2
UC Dublin,8,3,3,2,9,9,0,12,ireland2,0.38,0.75,0,1.12,2.63,1.33,3
Athlone Town,8,3,2,3,8,9,-1,11,ireland2,0.38,0.62,-1,1.0,2.63,1.61,4
Bray Wanderers,8,2,3,3,7,10,-3,9,ireland2,0.25,0.62,-3,0.88,4.0,1.61,5
Cobh Ramblers,8,3,0,5,6,14,-8,9,ireland2,0.38,0.38,-8,0.75,2.63,2.63,5
Finn Harps,8,1,3,4,9,12,-3,6,ireland2,0.12,0.5,-3,1.12,8.33,2.0,6
Longford Town,8,1,1,6,8,16,-8,4,ireland2,0.12,0.25,-8,1.0,8.33,4.0,7
Kerry,8,0,3,5,7,17,-10,3,ireland2,0.0,0.38,-10,0.88,0.0,2.63,8
H. Beer Sheva,8,6,1,1,13,4,9,19,israel,0.75,0.88,9,1.62,1.33,1.14,1
M. Tel Aviv,8,4,3,1,17,12,5,15,israel,0.5,0.88,5,2.12,2.0,1.14,2
Maccabi Haifa,8,4,2,2,15,8,7,14,israel,0.5,0.75,7,1.88,2.0,1.33,3
B. Jerusalem,8,4,1,3,17,15,2,13,israel,0.5,0.62,2,2.12,2.0,1.61,4
Hapoel Haifa,8,4,0,4,9,7,2,12,israel,0.5,0.5,2,1.12,2.0,2.0,5
M. Bnei Raina,8,3,1,4,10,11,-1,10,israel,0.38,0.5,-1,1.25,2.63,2.0,6
Maccabi Netanya,8,3,1,4,10,12,-2,10,israel,0.38,0.5,-2,1.25,2.63,2.0,6
Sakhnin,8,2,2,4,8,14,-6,8,israel,0.25,0.5,-6,1.0,4.0,2.0,7
Kiryat Shmona,8,2,1,5,6,16,-10,7,israel,0.25,0.38,-10,0.75,4.0,2.63,8
M. Petah Tikva,8,2,1,5,7,20,-13,7,israel,0.25,0.38,-13,0.88,4.0,2.63,8
Ashdod,8,1,2,5,13,19,-6,5,israel,0.12,0.38,-6,1.62,8.33,2.63,9
Hapoel Hadera,8,0,5,3,8,14,-6,5,israel,0.0,0.62,-6,1.0,0.0,1.61,9
H. Jerusalem,8,1,2,5,5,14,-9,5,israel,0.12,0.38,-9,0.62,8.33,2.63,9
Ironi Tiberias,8,0,4,4,2,7,-5,4,israel,0.0,0.5,-5,0.25,0.0,2.0,10
H. Petah Tikva,8,6,1,1,12,5,7,19,israel2,0.75,0.88,7,1.5,1.33,1.14,1
Hapoel Tel Aviv,8,5,3,0,15,9,6,18,israel2,0.62,1.0,6,1.88,1.61,1.0,2
H. Kfar Shalem,8,5,2,1,21,10,11,17,israel2,0.62,0.88,11,2.62,1.61,1.14,3
H. Ramat Gan,8,5,2,1,16,7,9,17,israel2,0.62,0.88,9,2.0,1.61,1.14,3
H. Kfar Saba,8,4,2,2,9,7,2,14,israel2,0.5,0.75,2,1.12,2.0,1.33,4
Hapoel Akko,8,4,1,3,9,11,-2,13,israel2,0.5,0.62,-2,1.12,2.0,1.61,5
H. Nof Hagalil,8,4,0,4,14,13,1,12,israel2,0.5,0.5,1,1.75,2.0,2.0,6
Kafr Qasim,8,3,2,3,6,8,-2,11,israel2,0.38,0.62,-2,0.75,2.63,1.61,7
Ramat Hasharon,8,3,0,5,16,18,-2,9,israel2,0.38,0.38,-2,2.0,2.63,2.63,8
Hapoel Raanana,8,2,3,3,11,14,-3,9,israel2,0.25,0.62,-3,1.38,4.0,1.61,8
H. Ironi Rishon,8,3,0,5,11,16,-5,9,israel2,0.38,0.38,-5,1.38,2.63,2.63,8
M. Herziliya,8,3,0,5,9,18,-9,9,israel2,0.38,0.38,-9,1.12,2.63,2.63,8
Bnei Yehuda,8,2,2,4,10,14,-4,8,israel2,0.25,0.5,-4,1.25,4.0,2.0,9
Hapoel Afula,8,0,4,4,5,12,-7,4,israel2,0.0,0.5,-7,0.62,0.0,2.0,10
Maccabi Jaffa,8,0,3,5,6,14,-8,3,israel2,0.0,0.38,-8,0.75,0.0,2.63,11
H. Umm al-Fahm,8,0,2,6,6,16,-10,2,israel2,0.0,0.25,-10,0.75,0.0,4.0,12
Inter Milan,8,7,1,0,23,3,20,22,italy,0.88,1.0,20,2.88,1.14,1.0,1
Napoli,8,6,2,0,13,3,10,20,italy,0.75,1.0,10,1.62,1.33,1.0,2
Atalanta,8,5,3,0,13,3,10,18,italy,0.62,1.0,10,1.62,1.61,1.0,3
Bologna,8,4,3,1,15,12,3,15,italy,0.5,0.88,3,1.88,2.0,1.14,4
Lazio,8,5,0,3,13,10,3,15,italy,0.62,0.62,3,1.62,1.61,1.61,4
Fiorentina,8,4,2,2,13,5,8,14,italy,0.5,0.75,8,1.62,2.0,1.33,5
Juventus,8,3,5,0,14,8,6,14,italy,0.38,1.0,6,1.75,2.63,1.0,5
AC Milan,8,4,2,2,13,11,2,14,italy,0.5,0.75,2,1.62,2.0,1.33,5
Genoa,8,3,2,3,6,11,-5,11,italy,0.38,0.62,-5,0.75,2.63,1.61,6
Empoli,8,2,3,3,12,12,0,9,italy,0.25,0.62,0,1.5,4.0,1.61,7
Torino,8,2,2,4,10,13,-3,8,italy,0.25,0.5,-3,1.25,4.0,2.0,8
Udinese,8,2,2,4,8,12,-4,8,italy,0.25,0.5,-4,1.0,4.0,2.0,8
Parma,8,1,4,3,6,13,-7,7,italy,0.12,0.62,-7,0.75,8.33,1.61,9
Monza,8,1,3,4,9,12,-3,6,italy,0.12,0.5,-3,1.12,8.33,2.0,10
Cagliari,8,1,3,4,8,12,-4,6,italy,0.12,0.5,-4,1.0,8.33,2.0,10
Como,8,1,3,4,8,13,-5,6,italy,0.12,0.5,-5,1.0,8.33,2.0,10
Lecce,8,2,0,6,5,13,-8,6,italy,0.25,0.25,-8,0.62,4.0,4.0,10
Hellas Verona,8,2,0,6,10,20,-10,6,italy,0.25,0.25,-10,1.25,4.0,4.0,10
AS Roma,8,0,4,4,8,16,-8,4,italy,0.0,0.5,-8,1.0,0.0,2.0,11
Venezia,8,0,2,6,6,17,-11,2,italy,0.0,0.25,-11,0.75,0.0,4.0,12
Sassuolo,8,6,1,1,16,9,7,19,italy2,0.75,0.88,7,2.0,1.33,1.14,1
Cremonese,8,4,2,2,14,7,7,14,italy2,0.5,0.75,7,1.75,2.0,1.33,2
Pisa,8,4,1,3,9,8,1,13,italy2,0.5,0.62,1,1.12,2.0,1.61,3
Spezia,8,3,3,2,7,5,2,12,italy2,0.38,0.75,2,0.88,2.63,1.33,4
Bari,8,2,4,2,7,5,2,10,italy2,0.25,0.75,2,0.88,4.0,1.33,5
Catanzaro,8,1,7,0,10,9,1,10,italy2,0.12,1.0,1,1.25,8.33,1.0,5
Juve Stabia,8,2,4,2,9,11,-2,10,italy2,0.25,0.75,-2,1.12,4.0,1.33,5
Sampdoria,8,2,4,2,12,15,-3,10,italy2,0.25,0.75,-3,1.5,4.0,1.33,5
Palermo,8,2,3,3,11,10,1,9,italy2,0.25,0.62,1,1.38,4.0,1.61,6
Cosenza,8,2,3,3,9,10,-1,9,italy2,0.25,0.62,-1,1.12,4.0,1.61,6
Reggiana,8,2,3,3,8,9,-1,9,italy2,0.25,0.62,-1,1.0,4.0,1.61,6
Frosinone,8,2,3,3,6,9,-3,9,italy2,0.25,0.62,-3,0.75,4.0,1.61,6
Brescia,8,1,4,3,5,8,-3,7,italy2,0.12,0.62,-3,0.62,8.33,1.61,7
Modena,8,1,4,3,7,11,-4,7,italy2,0.12,0.62,-4,0.88,8.33,1.61,7
Sudtirol,8,2,1,5,4,10,-6,7,italy2,0.25,0.38,-6,0.5,4.0,2.63,7
Cittadella,8,2,1,5,6,19,-13,7,italy2,0.25,0.38,-13,0.75,4.0,2.63,7
Carrarese,8,1,3,4,6,13,-7,6,italy2,0.12,0.5,-7,0.75,8.33,2.0,8
Salernitana,8,1,3,4,4,11,-7,6,italy2,0.12,0.5,-7,0.5,8.33,2.0,8
Mantova,8,0,5,3,10,14,-4,5,italy2,0.0,0.62,-4,1.25,0.0,1.61,9
Cesena,8,1,2,5,6,11,-5,5,italy2,0.12,0.38,-5,0.75,8.33,2.63,9
Padova,8,7,1,0,15,4,11,22,italy3,0.88,1.0,11,1.88,1.14,1.0,1
Vicenza,8,4,2,2,8,6,2,14,italy3,0.5,0.75,2,1.0,2.0,1.33,2
Arzignano,8,3,4,1,10,6,4,13,italy3,0.38,0.88,4,1.25,2.63,1.14,3
Alcione,8,4,1,3,9,6,3,13,italy3,0.5,0.62,3,1.12,2.0,1.61,3
Trento,8,3,4,1,7,6,1,13,italy3,0.38,0.88,1,0.88,2.63,1.14,3
Novara,8,3,3,2,11,8,3,12,italy3,0.38,0.75,3,1.38,2.63,1.33,4
Pergolettese,8,3,3,2,7,6,1,12,italy3,0.38,0.75,1,0.88,2.63,1.33,4
FeralpiSalo,8,3,2,3,9,8,1,11,italy3,0.38,0.62,1,1.12,2.63,1.61,5
AlbinoLeffe,8,3,1,4,7,7,0,10,italy3,0.38,0.5,0,0.88,2.63,2.0,6
Lumezzane,8,2,4,2,11,12,-1,10,italy3,0.25,0.75,-1,1.38,4.0,1.33,6
Giana Erminio,8,3,1,4,9,11,-2,10,italy3,0.38,0.5,-2,1.12,2.63,2.0,6
Renate,8,3,1,4,7,11,-4,10,italy3,0.38,0.5,-4,0.88,2.63,2.0,6
Virtus Verona,8,2,3,3,9,12,-3,9,italy3,0.25,0.62,-3,1.12,4.0,1.61,7
Triestina,8,2,2,4,6,10,-4,8,italy3,0.25,0.5,-4,0.75,4.0,2.0,8
Atalanta B,8,2,2,4,10,17,-7,8,italy3,0.25,0.5,-7,1.25,4.0,2.0,8
Pro Patria,8,1,2,5,5,10,-5,5,italy3,0.12,0.38,-5,0.62,8.33,2.63,9
Pro Vercelli,8,1,2,5,3,9,-6,5,italy3,0.12,0.38,-6,0.38,8.33,2.63,9
Clodiense,8,0,3,5,6,15,-9,3,italy3,0.0,0.38,-9,0.75,0.0,2.63,10
Lecco,8,0,2,6,5,16,-11,2,italy3,0.0,0.25,-11,0.62,0.0,4.0,11
Caldiero Terme,8,0,1,7,4,17,-13,1,italy3,0.0,0.12,-13,0.5,0.0,8.33,12
Torres,8,6,1,1,19,10,9,19,italy4,0.75,0.88,9,2.38,1.33,1.14,1
Ternana,8,5,3,0,11,4,7,18,italy4,0.62,1.0,7,1.38,1.61,1.0,2
Entella,8,4,4,0,8,4,4,16,italy4,0.5,1.0,4,1.0,2.0,1.0,3
Arezzo,8,5,1,2,9,6,3,16,italy4,0.62,0.75,3,1.12,1.61,1.33,3
Pescara,8,4,2,2,10,7,3,14,italy4,0.5,0.75,3,1.25,2.0,1.33,4
Vis Pesaro,8,3,3,2,9,8,1,12,italy4,0.38,0.75,1,1.12,2.63,1.33,5
Pineto,8,3,2,3,12,13,-1,11,italy4,0.38,0.62,-1,1.5,2.63,1.61,6
Rimini,8,2,4,2,9,7,2,10,italy4,0.25,0.75,2,1.12,4.0,1.33,7
Athletic Carpi,8,3,1,4,10,10,0,10,italy4,0.38,0.5,0,1.25,2.63,2.0,7
Ascoli,8,2,4,2,9,10,-1,10,italy4,0.25,0.75,-1,1.12,4.0,1.33,7
Campobasso,8,2,4,2,5,7,-2,10,italy4,0.25,0.75,-2,0.62,4.0,1.33,7
Sestri Levante,8,2,3,3,7,8,-1,9,italy4,0.25,0.62,-1,0.88,4.0,1.61,8
Pianese,8,2,3,3,8,11,-3,9,italy4,0.25,0.62,-3,1.0,4.0,1.61,8
Legnago Salus,8,2,3,3,7,10,-3,9,italy4,0.25,0.62,-3,0.88,4.0,1.61,8
Pontedera,8,2,2,4,7,12,-5,8,italy4,0.25,0.5,-5,0.88,4.0,2.0,9
SPAL,8,2,2,4,11,19,-8,8,italy4,0.25,0.5,-8,1.38,4.0,2.0,9
Perugia,8,1,4,3,9,12,-3,7,italy4,0.12,0.62,-3,1.12,8.33,1.61,10
AC Milan B,8,1,4,3,7,12,-5,7,italy4,0.12,0.62,-5,0.88,8.33,1.61,10
Gubbio,8,2,0,6,7,12,-5,6,italy4,0.25,0.25,-5,0.88,4.0,4.0,11
Lucchese,8,0,3,5,2,17,-15,3,italy4,0.0,0.38,-15,0.25,0.0,2.63,12
Crotone,8,5,3,0,21,5,16,18,italy5,0.62,1.0,16,2.62,1.61,1.0,1
Monopoli,8,5,2,1,7,3,4,17,italy5,0.62,0.88,4,0.88,1.61,1.14,2
Avellino,8,3,5,0,13,7,6,14,italy5,0.38,1.0,6,1.62,2.63,1.0,3
Benevento,8,4,2,2,11,6,5,14,italy5,0.5,0.75,5,1.38,2.0,1.33,3
Potenza,8,3,5,0,10,6,4,14,italy5,0.38,1.0,4,1.25,2.63,1.0,3
A. Cerignola,8,4,2,2,11,9,2,14,italy5,0.5,0.75,2,1.38,2.0,1.33,3
Altamura,8,3,3,2,10,9,1,12,italy5,0.38,0.75,1,1.25,2.63,1.33,4
Giugliano,8,3,1,4,7,9,-2,10,italy5,0.38,0.5,-2,0.88,2.63,2.0,5
Latina,8,3,1,4,5,15,-10,10,italy5,0.38,0.5,-10,0.62,2.63,2.0,5
Catania,8,2,3,3,19,16,3,9,italy5,0.25,0.62,3,2.38,4.0,1.61,6
Trapani,8,2,3,3,12,10,2,9,italy5,0.25,0.62,2,1.5,4.0,1.61,6
Cavese,8,2,3,3,10,10,0,9,italy5,0.25,0.62,0,1.25,4.0,1.61,6
Foggia,8,2,2,4,9,9,0,8,italy5,0.25,0.5,0,1.12,4.0,2.0,7
Sorrento,8,2,2,4,5,12,-7,8,italy5,0.25,0.5,-7,0.62,4.0,2.0,7
ACR Messina,8,2,2,4,6,14,-8,8,italy5,0.25,0.5,-8,0.75,4.0,2.0,7
Juventus U23,8,2,1,5,8,14,-6,7,italy5,0.25,0.38,-6,1.0,4.0,2.63,8
Casertana,8,1,4,3,6,12,-6,7,italy5,0.12,0.62,-6,0.75,8.33,1.61,8
Picerno,8,1,2,5,4,9,-5,5,italy5,0.12,0.38,-5,0.5,8.33,2.63,9
Turris,8,1,2,5,4,16,-12,5,italy5,0.12,0.38,-12,0.5,8.33,2.63,9
Taranto,8,1,0,7,4,21,-17,3,italy5,0.12,0.12,-17,0.5,8.33,8.33,10
NovaRomentin,8,6,2,0,24,4,20,20,italy6,0.75,1.0,20,3.0,1.33,1.0,1
Chisola,8,5,2,1,9,3,6,17,italy6,0.62,0.88,6,1.12,1.61,1.14,2
Bra,8,5,2,1,6,2,4,17,italy6,0.62,0.88,4,0.75,1.61,1.14,2
Vado,8,5,1,2,13,9,4,16,italy6,0.62,0.75,4,1.62,1.61,1.33,3
Citta di Varese,8,4,2,2,13,7,6,14,italy6,0.5,0.75,6,1.62,2.0,1.33,4
Gozzano,8,4,2,2,12,7,5,14,italy6,0.5,0.75,5,1.5,2.0,1.33,4
Ligorna,8,3,3,2,13,7,6,12,italy6,0.38,0.75,6,1.62,2.63,1.33,5
Oltrepo,8,3,2,3,12,13,-1,11,italy6,0.38,0.62,-1,1.5,2.63,1.61,6
Lavagnese,8,2,4,2,10,10,0,10,italy6,0.25,0.75,0,1.25,4.0,1.33,7
Saluzzo,8,2,4,2,8,9,-1,10,italy6,0.25,0.75,-1,1.0,4.0,1.33,7
Asti,8,2,3,3,11,13,-2,9,italy6,0.25,0.62,-2,1.38,4.0,1.61,8
Derthona,8,2,2,4,9,10,-1,8,italy6,0.25,0.5,-1,1.12,4.0,2.0,9
Vogherese,8,2,2,4,5,10,-5,8,italy6,0.25,0.5,-5,0.62,4.0,2.0,9
Pro Imperia,8,2,1,5,9,12,-3,7,italy6,0.25,0.38,-3,1.12,4.0,2.63,10
Sanremese,8,1,3,4,4,8,-4,6,italy6,0.12,0.5,-4,0.5,8.33,2.0,11
Fossano,8,1,2,5,9,15,-6,5,italy6,0.12,0.38,-6,1.12,8.33,2.63,12
Cairese,8,1,2,5,5,15,-10,5,italy6,0.12,0.38,-10,0.62,8.33,2.63,12
Chieri,8,0,1,7,5,19,-14,1,italy6,0.0,0.12,-14,0.62,0.0,8.33,13
Borgaro Nobis,8,0,1,7,5,22,-17,1,italy6,0.0,0.12,-17,0.62,0.0,8.33,13
Albenga,8,0,1,7,3,26,-23,1,italy6,0.0,0.12,-23,0.38,0.0,8.33,13
Ospitaletto,8,5,2,1,14,5,9,17,italy7,0.62,0.88,9,1.75,1.61,1.14,1
F. Caratese,8,4,1,3,10,8,2,13,italy7,0.5,0.62,2,1.25,2.0,1.61,2
Sondrio,8,3,3,2,12,12,0,12,italy7,0.38,0.75,0,1.5,2.63,1.33,3
Desenxano,8,2,5,1,11,9,2,11,italy7,0.25,0.88,2,1.38,4.0,1.14,4
Pro Sesto,8,3,2,3,10,9,1,11,italy7,0.38,0.62,1,1.25,2.63,1.61,4
SantAngelo,8,3,2,3,8,8,0,11,italy7,0.38,0.62,0,1.0,2.63,1.61,4
USD Casatese,8,2,4,2,11,10,1,10,italy7,0.25,0.75,1,1.38,4.0,1.33,5
Sangiuliano C.,8,3,1,4,10,11,-1,10,italy7,0.38,0.5,-1,1.25,2.63,2.0,5
Breno,8,2,4,2,7,8,-1,10,italy7,0.25,0.75,-1,0.88,4.0,1.33,5
Pro Palazzolo,8,3,1,4,9,12,-3,10,italy7,0.38,0.5,-3,1.12,2.63,2.0,5
Varesina,8,2,3,3,8,8,0,9,italy7,0.25,0.62,0,1.0,4.0,1.61,6
Club Milano,8,2,3,3,6,7,-1,9,italy7,0.25,0.62,-1,0.75,4.0,1.61,6
Ciliverghe,8,1,4,3,11,13,-2,7,italy7,0.12,0.62,-2,1.38,8.33,1.61,7
Castellanzese,8,1,4,3,7,12,-5,7,italy7,0.12,0.62,-5,0.88,8.33,1.61,7
Arconatese,8,2,1,5,8,15,-7,7,italy7,0.25,0.38,-7,1.0,4.0,2.63,7
Vigasio,8,1,3,4,7,9,-2,6,italy7,0.12,0.5,-2,0.88,8.33,2.0,8
Chievo,8,1,3,4,4,7,-3,6,italy7,0.12,0.5,-3,0.5,8.33,2.0,8
Crema,8,1,2,5,6,17,-11,5,italy7,0.12,0.38,-11,0.75,8.33,2.63,9
Fanfulla,8,1,2,5,4,18,-14,5,italy7,0.12,0.38,-14,0.5,8.33,2.63,9
Magenta,8,0,2,6,5,13,-8,2,italy7,0.0,0.25,-8,0.62,0.0,4.0,10
Treviso,8,5,2,1,15,7,8,17,italy8,0.62,0.88,8,1.88,1.61,1.14,1
D. Bellunesi,8,4,2,2,10,10,0,14,italy8,0.5,0.75,0,1.25,2.0,1.33,2
Cjarlins Muzane,8,3,2,3,9,7,2,11,italy8,0.38,0.62,2,1.12,2.63,1.61,3
Campodarsego,8,2,5,1,5,4,1,11,italy8,0.25,0.88,1,0.62,4.0,1.14,3
Brusaporto,8,3,2,3,7,7,0,11,italy8,0.38,0.62,0,0.88,2.63,1.61,3
Real Calepina,8,3,2,3,6,7,-1,11,italy8,0.38,0.62,-1,0.75,2.63,1.61,3
Adriese,8,2,4,2,8,9,-1,10,italy8,0.25,0.75,-1,1.0,4.0,1.33,4
Brian Lignano,8,3,1,4,11,15,-4,10,italy8,0.38,0.5,-4,1.38,2.63,2.0,4
Villa Alme,8,1,5,2,8,9,-1,8,italy8,0.12,0.75,-1,1.0,8.33,1.33,5
Mestre,8,2,2,4,6,9,-3,8,italy8,0.25,0.5,-3,0.75,4.0,2.0,5
Luparense,8,1,4,3,6,7,-1,7,italy8,0.12,0.62,-1,0.75,8.33,1.61,6
Este,8,2,1,5,9,11,-2,7,italy8,0.25,0.38,-2,1.12,4.0,2.63,6
Portogruaro,8,1,4,3,8,11,-3,7,italy8,0.12,0.62,-3,1.0,8.33,1.61,6
Chions,8,2,0,6,8,19,-11,6,italy8,0.25,0.25,-11,1.0,4.0,4.0,7
Ciserano,8,2,0,6,4,15,-11,6,italy8,0.25,0.25,-11,0.5,4.0,4.0,7
Caravaggio,8,1,2,5,7,14,-7,5,italy8,0.12,0.38,-7,0.88,8.33,2.63,8
Bassano Virtus,8,0,4,4,7,12,-5,4,italy8,0.0,0.5,-5,0.88,0.0,2.0,9
Calvi Noale,8,0,3,5,5,11,-6,3,italy8,0.0,0.38,-6,0.62,0.0,2.63,10
Montecchio M.,8,1,0,7,7,15,-8,3,italy8,0.12,0.12,-8,0.88,8.33,8.33,10
Lavis,8,1,0,7,5,20,-15,3,italy8,0.12,0.12,-15,0.62,8.33,8.33,10
Ravenna,8,6,1,1,15,4,11,19,italy9,0.75,0.88,11,1.88,1.33,1.14,1
Forli,8,5,1,2,13,7,6,16,italy9,0.62,0.75,6,1.62,1.61,1.33,2
Lentigione,8,4,3,1,10,8,2,15,italy9,0.5,0.88,2,1.25,2.0,1.14,3
Tuttocuoio,8,4,1,3,8,11,-3,13,italy9,0.5,0.62,-3,1.0,2.0,1.61,4
Tau Altopascio,8,3,3,2,9,4,5,12,italy9,0.38,0.75,5,1.12,2.63,1.33,5
Pistoiese,8,3,3,2,9,6,3,12,italy9,0.38,0.75,3,1.12,2.63,1.33,5
Zenith Prato,8,3,1,4,11,12,-1,10,italy9,0.38,0.5,-1,1.38,2.63,2.0,6
Cittadella Vis,8,3,1,4,9,11,-2,10,italy9,0.38,0.5,-2,1.12,2.63,2.0,6
Imolese,8,2,4,2,9,11,-2,10,italy9,0.25,0.75,-2,1.12,4.0,1.33,6
Sasso Marconi,8,3,1,4,9,11,-2,10,italy9,0.38,0.5,-2,1.12,2.63,2.0,6
Progresso,8,2,3,3,6,8,-2,9,italy9,0.25,0.62,-2,0.75,4.0,1.61,7
Corticella,8,2,2,4,7,17,-10,8,italy9,0.25,0.5,-10,0.88,4.0,2.0,8
San Marino C.,8,2,1,5,9,12,-3,7,italy9,0.25,0.38,-3,1.12,4.0,2.63,9
United Riccione,8,1,3,4,7,14,-7,6,italy9,0.12,0.5,-7,0.88,8.33,2.0,10
Prato,8,1,2,5,5,11,-6,5,italy9,0.12,0.38,-6,0.62,8.33,2.63,11
Sammaurese,8,0,4,4,5,12,-7,4,italy9,0.0,0.5,-7,0.62,0.0,2.0,12
Fiorenzuola,8,1,0,7,2,15,-13,3,italy9,0.12,0.12,-13,0.25,8.33,8.33,13
Piacenza,8,0,2,6,5,19,-14,2,italy9,0.0,0.25,-14,0.62,0.0,4.0,14
Livorno,8,6,2,0,15,7,8,20,italy10,0.75,1.0,8,1.88,1.33,1.0,1
Ghiviborgo,8,6,0,2,17,12,5,18,italy10,0.75,0.75,5,2.12,1.33,1.33,2
Fulgens Foligno,8,5,2,1,14,9,5,17,italy10,0.62,0.88,5,1.75,1.61,1.14,3
Grosseto,8,5,1,2,11,7,4,16,italy10,0.62,0.75,4,1.38,1.61,1.33,4
Seravezza,8,4,3,1,16,12,4,15,italy10,0.5,0.88,4,2.0,2.0,1.14,5
Poggibonsi,8,5,0,3,12,10,2,15,italy10,0.62,0.62,2,1.5,1.61,1.61,5
FC Siena,8,4,3,1,6,4,2,15,italy10,0.5,0.88,2,0.75,2.0,1.14,5
Orvietana,8,4,2,2,9,8,1,14,italy10,0.5,0.75,1,1.12,2.0,1.33,6
Gavorrano,8,4,0,4,12,12,0,12,italy10,0.5,0.5,0,1.5,2.0,2.0,7
Flaminia,8,2,3,3,7,7,0,9,italy10,0.25,0.62,0,0.88,4.0,1.61,8
San Donato,8,2,3,3,6,7,-1,9,italy10,0.25,0.62,-1,0.75,4.0,1.61,8
Montevarchi,8,2,2,4,8,13,-5,8,italy10,0.25,0.5,-5,1.0,4.0,2.0,9
S. Trestina,8,2,1,5,7,10,-3,7,italy10,0.25,0.38,-3,0.88,4.0,2.63,10
T. Traiana,8,1,3,4,11,24,-13,6,italy10,0.12,0.5,-13,1.38,8.33,2.0,11
Sangiovannese,8,1,2,5,3,9,-6,5,italy10,0.12,0.38,-6,0.38,8.33,2.63,12
Fezzanese,8,1,1,6,5,14,-9,4,italy10,0.12,0.25,-9,0.62,8.33,4.0,13
Figline,8,1,1,6,5,14,-9,4,italy10,0.12,0.25,-9,0.62,8.33,4.0,13
Ostia Mare,8,0,2,6,8,17,-9,2,italy10,0.0,0.25,-9,1.0,0.0,4.0,14
Sambenedettese,8,6,2,0,21,6,15,20,italy11,0.75,1.0,15,2.62,1.33,1.0,1
Chieti,8,4,4,0,14,10,4,16,italy11,0.5,1.0,4,1.75,2.0,1.0,2
Teramo,8,4,3,1,13,8,5,15,italy11,0.5,0.88,5,1.62,2.0,1.14,3
Castelfidardo,8,3,3,2,8,4,4,12,italy11,0.38,0.75,4,1.0,2.63,1.33,4
LAquila,8,2,6,0,8,5,3,12,italy11,0.25,1.0,3,1.0,4.0,1.0,4
Recanatese,8,3,3,2,6,4,2,12,italy11,0.38,0.75,2,0.75,2.63,1.33,4
Avezzano,8,4,0,4,10,10,0,12,italy11,0.5,0.5,0,1.25,2.0,2.0,4
Ancona 1905,8,4,0,4,7,9,-2,12,italy11,0.5,0.5,-2,0.88,2.0,2.0,4
Atletico Ascoli,8,3,2,3,6,10,-4,11,italy11,0.38,0.62,-4,0.75,2.63,1.61,5
Fossombrone,8,3,1,4,10,11,-1,10,italy11,0.38,0.5,-1,1.25,2.63,2.0,6
Isernia,8,2,4,2,13,15,-2,10,italy11,0.25,0.75,-2,1.62,4.0,1.33,6
Civitanovese,8,2,2,4,7,10,-3,8,italy11,0.25,0.5,-3,0.88,4.0,2.0,7
Sora,8,2,2,4,4,12,-8,8,italy11,0.25,0.5,-8,0.5,4.0,2.0,7
Roma City,8,2,1,5,7,8,-1,7,italy11,0.25,0.38,-1,0.88,4.0,2.63,8
V. Senigallia,8,1,4,3,6,8,-2,7,italy11,0.12,0.62,-2,0.75,8.33,1.61,8
Fermana,8,2,1,5,3,10,-7,7,italy11,0.25,0.38,-7,0.38,4.0,2.63,8
Termoli Calcio,8,1,3,4,5,15,-10,6,italy11,0.12,0.5,-10,0.62,8.33,2.0,9
San Nicolo,8,0,2,6,7,14,-7,2,italy11,0.0,0.25,-7,0.88,0.0,4.0,10
Gelbison,8,5,2,1,9,5,4,17,italy12,0.62,0.88,4,1.12,1.61,1.14,1
CynthiAlbalonga,8,4,2,2,16,11,5,14,italy12,0.5,0.75,5,2.0,2.0,1.33,2
Cassino,8,3,5,0,7,4,3,14,italy12,0.38,1.0,3,0.88,2.63,1.0,2
Paganese,8,3,3,2,11,11,0,12,italy12,0.38,0.75,0,1.38,2.63,1.33,3
Sarnese,8,3,2,3,6,6,0,11,italy12,0.38,0.62,0,0.75,2.63,1.61,4
Guidonia,8,3,2,3,6,7,-1,11,italy12,0.38,0.62,-1,0.75,2.63,1.61,4
Anzio,8,2,4,2,8,8,0,10,italy12,0.25,0.75,0,1.0,4.0,1.33,5
R. Monterotondo,8,3,1,4,6,8,-2,10,italy12,0.38,0.5,-2,0.75,2.63,2.0,5
S. Ogliastra,8,3,1,4,9,14,-5,10,italy12,0.38,0.5,-5,1.12,2.63,2.0,5
Puteolana,8,2,3,3,11,10,1,9,italy12,0.25,0.62,1,1.38,4.0,1.61,6
A. Lodigiani,8,2,3,3,7,13,-6,9,italy12,0.25,0.62,-6,0.88,4.0,1.61,6
Olbia,8,2,2,4,13,17,-4,8,italy12,0.25,0.5,-4,1.62,4.0,2.0,7
Trastevere,8,2,2,4,10,17,-7,8,italy12,0.25,0.5,-7,1.25,4.0,2.0,7
Terracina,8,2,2,4,5,14,-9,8,italy12,0.25,0.5,-9,0.62,4.0,2.0,7
Atletico Uri,8,1,2,5,7,19,-12,5,italy12,0.12,0.38,-12,0.88,8.33,2.63,8
Latte Dolce,8,1,1,6,11,18,-7,4,italy12,0.12,0.25,-7,1.38,8.33,4.0,9
Savoia,8,0,3,5,4,11,-7,3,italy12,0.0,0.38,-7,0.5,0.0,2.63,10
Ilvamaddalena,8,0,3,5,6,15,-9,3,italy12,0.0,0.38,-9,0.75,0.0,2.63,10
Nocerina,8,6,0,2,19,10,9,18,italy13,0.75,0.75,9,2.38,1.33,1.33,1
Martina Franca,8,5,3,0,14,8,6,18,italy13,0.62,1.0,6,1.75,1.61,1.0,1
Nardo,8,4,3,1,13,8,5,15,italy13,0.5,0.88,5,1.62,2.0,1.14,2
Matera,8,4,3,1,12,10,2,15,italy13,0.5,0.88,2,1.5,2.0,1.14,2
Casarano,8,3,4,1,21,9,12,13,italy13,0.38,0.88,12,2.62,2.63,1.14,3
Ischia,8,4,1,3,10,10,0,13,italy13,0.5,0.62,0,1.25,2.0,1.61,3
Fidelis Andria,8,3,3,2,13,8,5,12,italy13,0.38,0.75,5,1.62,2.63,1.33,4
V. Francavilla,8,3,1,4,4,5,-1,10,italy13,0.38,0.5,-1,0.5,2.63,2.0,5
Citta di Fasano,8,2,3,3,5,6,-1,9,italy13,0.25,0.62,-1,0.62,4.0,1.61,6
USD Palmese,8,2,3,3,7,10,-3,9,italy13,0.25,0.62,-3,0.88,4.0,1.61,6
Gravina,8,2,2,4,10,15,-5,8,italy13,0.25,0.5,-5,1.25,4.0,2.0,7
Real Acerrana,8,2,1,5,6,14,-8,7,italy13,0.25,0.38,-8,0.75,4.0,2.63,8
Costa DAmalfi,8,1,3,4,7,10,-3,6,italy13,0.12,0.5,-3,0.88,8.33,2.0,9
Francavilla,8,0,5,3,2,5,-3,5,italy13,0.0,0.62,-3,0.25,0.0,1.61,10
Manfredonia,8,1,2,5,5,15,-10,5,italy13,0.12,0.38,-10,0.62,8.33,2.63,10
Brindisi,8,0,4,4,5,12,-7,4,italy13,0.0,0.5,-7,0.62,0.0,2.0,11
Ugento,8,1,1,6,4,18,-14,4,italy13,0.12,0.25,-14,0.5,8.33,4.0,11
Angri Calcio,8,1,0,7,6,20,-14,3,italy13,0.12,0.12,-14,0.75,8.33,8.33,12
Sambiase,8,5,3,0,12,4,8,18,italy14,0.62,1.0,8,1.5,1.61,1.0,1
Reggina,8,4,3,1,12,5,7,15,italy14,0.5,0.88,7,1.5,2.0,1.14,2
Siracusa,8,4,3,1,8,5,3,15,italy14,0.5,0.88,3,1.0,2.0,1.14,2
Vibonese,8,4,2,2,9,6,3,14,italy14,0.5,0.75,3,1.12,2.0,1.33,3
Enna,8,4,1,3,5,11,-6,13,italy14,0.5,0.62,-6,0.62,2.0,1.61,4
CastrumFavara,8,2,6,0,8,5,3,12,italy14,0.25,1.0,3,1.0,4.0,1.0,5
Nissa,8,3,3,2,12,14,-2,12,italy14,0.38,0.75,-2,1.5,2.63,1.33,5
Scafatese,8,3,2,3,12,11,1,11,italy14,0.38,0.62,1,1.5,2.63,1.61,6
Ragusa,8,1,5,2,9,11,-2,8,italy14,0.12,0.75,-2,1.12,8.33,1.33,7
Locri 1909,8,2,2,4,9,12,-3,8,italy14,0.25,0.5,-3,1.12,4.0,2.0,7
Pompei,8,1,3,4,5,10,-5,6,italy14,0.12,0.5,-5,0.62,8.33,2.0,8
Sancataldese,8,1,2,5,7,16,-9,5,italy14,0.12,0.38,-9,0.88,8.33,2.63,9
Igea Virtus,8,1,2,5,5,14,-9,5,italy14,0.12,0.38,-9,0.62,8.33,2.63,9
Akragas,8,1,1,6,4,13,-9,4,italy14,0.12,0.25,-9,0.5,8.33,4.0,10
Acireale,8,0,3,5,7,15,-8,3,italy14,0.0,0.38,-8,0.88,0.0,2.63,11
CD S. Agata,8,1,0,7,6,17,-11,3,italy14,0.12,0.12,-11,0.75,8.33,8.33,11
Licata,8,1,0,7,5,16,-11,3,italy14,0.12,0.12,-11,0.62,8.33,8.33,11
Paterno,8,0,3,5,3,14,-11,3,italy14,0.0,0.38,-11,0.38,0.0,2.63,11
Milan U20,8,5,1,2,17,12,5,16,italy15,0.62,0.75,5,2.12,1.61,1.33,1
Inter Milan U20,8,5,1,2,13,8,5,16,italy15,0.62,0.75,5,1.62,1.61,1.33,1
Roma U20,8,5,0,3,22,14,8,15,italy15,0.62,0.62,8,2.75,1.61,1.61,2
Fiorentina U20,8,5,0,3,19,11,8,15,italy15,0.62,0.62,8,2.38,1.61,1.61,2
Genoa U20,8,4,3,1,17,11,6,15,italy15,0.5,0.88,6,2.12,2.0,1.14,2
Atalanta U20,8,3,4,1,15,11,4,13,italy15,0.38,0.88,4,1.88,2.63,1.14,3
Sassuolo U20,8,4,1,3,13,12,1,13,italy15,0.5,0.62,1,1.62,2.0,1.61,3
H. Verona U20,8,4,1,3,10,11,-1,13,italy15,0.5,0.62,-1,1.25,2.0,1.61,3
Cesena U20,8,2,5,1,12,10,2,11,italy15,0.25,0.88,2,1.5,4.0,1.14,4
Juventus U20,8,3,2,3,14,13,1,11,italy15,0.38,0.62,1,1.75,2.63,1.61,4
Torino U20,8,3,0,5,16,18,-2,9,italy15,0.38,0.38,-2,2.0,2.63,2.63,5
Lecce U20,8,2,3,3,11,14,-3,9,italy15,0.25,0.62,-3,1.38,4.0,1.61,5
Lazio U20,8,1,5,2,7,10,-3,8,italy15,0.12,0.75,-3,0.88,8.33,1.33,6
Cagliari U20,8,2,2,4,5,10,-5,8,italy15,0.25,0.5,-5,0.62,4.0,2.0,6
Cremonese U20,8,2,2,4,10,16,-6,8,italy15,0.25,0.5,-6,1.25,4.0,2.0,6
Bologna U20,8,2,1,5,6,14,-8,7,italy15,0.25,0.38,-8,0.75,4.0,2.63,7
Monza U20,8,1,3,4,9,18,-9,6,italy15,0.12,0.5,-9,1.12,8.33,2.0,8
Udinese U20,8,1,1,6,8,17,-9,4,italy15,0.12,0.25,-9,1.0,8.33,4.0,9
Empoli U20,8,1,1,6,8,19,-11,4,italy15,0.12,0.25,-11,1.0,8.33,4.0,9
Sampdoria U20,8,1,1,6,6,19,-13,4,italy15,0.12,0.25,-13,0.75,8.33,4.0,9
Arnett Gardens,8,6,1,1,11,3,8,19,jamaica,0.75,0.88,8,1.38,1.33,1.14,1
Mount Pleasant,8,4,3,1,22,10,12,15,jamaica,0.5,0.88,12,2.75,2.0,1.14,2
Montego Bay,8,4,2,2,11,7,4,14,jamaica,0.5,0.75,4,1.38,2.0,1.33,3
Cavalier,8,3,4,1,9,5,4,13,jamaica,0.38,0.88,4,1.12,2.63,1.14,4
Portmore Utd,8,3,3,2,10,8,2,12,jamaica,0.38,0.75,2,1.25,2.63,1.33,5
Waterhouse,7,2,5,0,8,5,3,11,jamaica,0.29,1.0,3,1.14,3.45,1.0,6
Tivoli Gardens,8,3,1,4,11,11,0,10,jamaica,0.38,0.5,0,1.38,2.63,2.0,7
Molynes Utd,8,2,2,4,8,17,-9,8,jamaica,0.25,0.5,-9,1.0,4.0,2.0,8
Humble Lions,8,1,3,4,6,15,-9,6,jamaica,0.12,0.5,-9,0.75,8.33,2.0,9
Vere Utd,8,1,2,5,4,11,-7,5,jamaica,0.12,0.38,-7,0.5,8.33,2.63,10
Chapelton,8,1,1,6,7,15,-8,4,jamaica,0.12,0.25,-8,0.88,8.33,4.0,11
Racing United,8,0,3,5,6,15,-9,3,jamaica,0.0,0.38,-9,0.75,0.0,2.63,12
Harbour View,8,0,1,7,4,18,-14,1,jamaica,0.0,0.12,-14,0.5,0.0,8.33,13
Dunbeholden,8,0,1,7,4,20,-16,1,jamaica,0.0,0.12,-16,0.5,0.0,8.33,13
Shonan Bellmare,8,6,0,2,12,9,3,18,japan,0.75,0.75,3,1.5,1.33,1.33,1
Tokyo Verdy,8,4,3,1,9,4,5,15,japan,0.5,0.88,5,1.12,2.0,1.14,2
Vissel Kobe,8,4,3,1,13,11,2,15,japan,0.5,0.88,2,1.62,2.0,1.14,2
Kyoto Sanga,8,5,0,3,12,11,1,15,japan,0.62,0.62,1,1.5,1.61,1.61,2
Yokohama M.,8,5,0,3,16,19,-3,15,japan,0.62,0.62,-3,2.0,1.61,1.61,2
K. Frontale,8,4,2,2,17,13,4,14,japan,0.5,0.75,4,2.12,2.0,1.33,3
Gamba Osaka,8,3,4,1,12,9,3,13,japan,0.38,0.88,3,1.5,2.63,1.14,4
S. Hiroshima,8,4,1,3,13,13,0,13,japan,0.5,0.62,0,1.62,2.0,1.61,4
C. Sapporo,8,3,2,3,13,14,-1,11,japan,0.38,0.62,-1,1.62,2.63,1.61,5
Kashima Antlers,8,3,1,4,14,12,2,10,japan,0.38,0.5,2,1.75,2.63,2.0,6
FC Tokyo,8,3,1,4,10,12,-2,10,japan,0.38,0.5,-2,1.25,2.63,2.0,6
Machida Zelvia,8,2,3,3,7,8,-1,9,japan,0.25,0.62,-1,0.88,4.0,1.61,7
Albirex Niigata,8,2,3,3,5,12,-7,9,japan,0.25,0.62,-7,0.62,4.0,1.61,7
Nagoya G.,8,2,2,4,11,14,-3,8,japan,0.25,0.5,-3,1.38,4.0,2.0,8
Cerezo Osaka,8,2,2,4,6,14,-8,8,japan,0.25,0.5,-8,0.75,4.0,2.0,8
Urawa RD,8,1,4,3,5,7,-2,7,japan,0.12,0.62,-2,0.62,8.33,1.61,9
Jubilo Iwata,8,2,1,5,6,19,-13,7,japan,0.25,0.38,-13,0.75,4.0,2.63,9
Avispa Fukuoka,8,0,6,2,6,9,-3,6,japan,0.0,0.75,-3,0.75,0.0,1.33,10
Kashiwa Reysol,8,1,2,5,4,9,-5,5,japan,0.12,0.38,-5,0.5,8.33,2.63,11
Sagan Tosu,8,1,1,6,9,18,-9,4,japan,0.12,0.25,-9,1.12,8.33,4.0,12
M. Yamagata,8,7,1,0,18,5,13,22,japan2,0.88,1.0,13,2.25,1.14,1.0,1
Shimizu S-Pulse,8,5,1,2,13,10,3,16,japan2,0.62,0.75,3,1.62,1.61,1.33,2
Yokohama FC,8,4,3,1,15,9,6,15,japan2,0.5,0.88,6,1.88,2.0,1.14,3
R. Kumamoto,8,5,0,3,16,11,5,15,japan2,0.62,0.62,5,2.0,1.61,1.61,3
Iwaki,8,4,1,3,11,8,3,13,japan2,0.5,0.62,3,1.38,2.0,1.61,4
Tokushima V.,8,4,1,3,7,7,0,13,japan2,0.5,0.62,0,0.88,2.0,1.61,4
Mito Hollyhock,8,4,1,3,9,14,-5,13,japan2,0.5,0.62,-5,1.12,2.0,1.61,4
V-V. Nagasaki,8,3,3,2,11,10,1,12,japan2,0.38,0.75,1,1.38,2.63,1.33,5
Fagiano Okayama,8,2,4,2,10,10,0,10,japan2,0.25,0.75,0,1.25,4.0,1.33,6
Blaublitz Akita,8,3,1,4,5,8,-3,10,japan2,0.38,0.5,-3,0.62,2.63,2.0,6
JEF Utd Chiba,8,3,1,4,8,12,-4,10,japan2,0.38,0.5,-4,1.0,2.63,2.0,6
Vegalta Sendai,8,3,1,4,7,11,-4,10,japan2,0.38,0.5,-4,0.88,2.63,2.0,6
Fujieda MYFC,8,3,0,5,8,16,-8,9,japan2,0.38,0.38,-8,1.0,2.63,2.63,7
Ventforet Kofu,8,2,2,4,6,11,-5,8,japan2,0.25,0.5,-5,0.75,4.0,2.0,8
Tochigi SC,8,1,4,3,6,7,-1,7,japan2,0.12,0.62,-1,0.75,8.33,1.61,9
Oita Trinita,8,1,2,5,8,15,-7,5,japan2,0.12,0.38,-7,1.0,8.33,2.63,10
R. Yamaguchi,8,1,2,5,6,17,-11,5,japan2,0.12,0.38,-11,0.75,8.33,2.63,10
Ehime FC,8,1,2,5,6,18,-12,5,japan2,0.12,0.38,-12,0.75,8.33,2.63,10
Kusatsu,8,0,1,7,4,19,-15,1,japan2,0.0,0.12,-15,0.5,0.0,8.33,11
Kagoshima Utd,8,0,0,8,2,13,-11,0,japan2,0.0,0.0,-11,0.25,0.0,0.0,12
Kamatamare S.,8,5,3,0,18,11,7,18,japan3,0.62,1.0,7,2.25,1.61,1.0,1
Matsumoto Y.,8,5,2,1,16,7,9,17,japan3,0.62,0.88,9,2.0,1.61,1.14,2
Fukushima Utd,8,5,1,2,17,12,5,16,japan3,0.62,0.75,5,2.12,1.61,1.33,3
Omiya Ardija,8,4,4,0,11,6,5,16,japan3,0.5,1.0,5,1.38,2.0,1.0,3
FC Imabari,8,4,2,2,13,8,5,14,japan3,0.5,0.75,5,1.62,2.0,1.33,4
Kataller Toyama,8,3,4,1,9,8,1,13,japan3,0.38,0.88,1,1.12,2.63,1.14,5
G. Kitakyushu,8,4,0,4,13,13,0,12,japan3,0.5,0.5,0,1.62,2.0,2.0,6
Gainare Tottori,8,4,0,4,14,16,-2,12,japan3,0.5,0.5,-2,1.75,2.0,2.0,6
T. Miyazaki,8,3,2,3,11,9,2,11,japan3,0.38,0.62,2,1.38,2.63,1.61,7
V. Hachinohe,8,3,2,3,12,12,0,11,japan3,0.38,0.62,0,1.5,2.63,1.61,7
Osaka,8,3,2,3,7,7,0,11,japan3,0.38,0.62,0,0.88,2.63,1.61,7
Z. Kanazawa,8,2,3,3,7,9,-2,9,japan3,0.25,0.62,-2,0.88,4.0,1.61,8
Nara Club,8,2,3,3,9,13,-4,9,japan3,0.25,0.62,-4,1.12,4.0,1.61,8
AC Numazu,8,2,2,4,9,13,-4,8,japan3,0.25,0.5,-4,1.12,4.0,2.0,9
FC Gifu,8,2,1,5,15,18,-3,7,japan3,0.25,0.38,-3,1.88,4.0,2.63,10
SC Sagamihara,8,2,1,5,10,15,-5,7,japan3,0.25,0.38,-5,1.25,4.0,2.63,10
FC Ryukyu,8,2,1,5,6,13,-7,7,japan3,0.25,0.38,-7,0.75,4.0,2.63,10
Nagano Parceiro,8,0,5,3,5,10,-5,5,japan3,0.0,0.62,-5,0.62,0.0,1.61,11
Morioka,8,1,2,5,5,11,-6,5,japan3,0.12,0.38,-6,0.62,8.33,2.63,11
YSCC,8,0,0,8,7,26,-19,0,japan3,0.0,0.0,-19,0.88,0.0,0.0,12
Kairat Almaty,8,5,1,2,12,6,6,16,kazakhstan,0.62,0.75,6,1.5,1.61,1.33,1
FC Astana,8,5,1,2,11,5,6,16,kazakhstan,0.62,0.75,6,1.38,1.61,1.33,1
Ordabasy,8,4,1,3,11,9,2,13,kazakhstan,0.5,0.62,2,1.38,2.0,1.61,2
Aktobe,8,3,3,2,10,11,-1,12,kazakhstan,0.38,0.75,-1,1.25,2.63,1.33,3
Tobol,8,3,2,3,13,11,2,11,kazakhstan,0.38,0.62,2,1.62,2.63,1.61,4
Atyrau,8,3,1,4,12,10,2,10,kazakhstan,0.38,0.5,2,1.5,2.63,2.0,5
Kaisar K.,8,2,2,4,8,10,-2,8,kazakhstan,0.25,0.5,-2,1.0,4.0,2.0,6
Kyzylzhar,8,2,2,4,6,9,-3,8,kazakhstan,0.25,0.5,-3,0.75,4.0,2.0,6
Zhenys,8,1,4,3,7,9,-2,7,kazakhstan,0.12,0.62,-2,0.88,8.33,1.61,7
Yelimay Semey,8,2,1,5,10,15,-5,7,kazakhstan,0.25,0.38,-5,1.25,4.0,2.63,7
Zhetysu,8,0,3,5,3,15,-12,3,kazakhstan,0.0,0.38,-12,0.38,0.0,2.63,8
Turan,8,0,2,6,3,21,-18,2,kazakhstan,0.0,0.25,-18,0.38,0.0,4.0,9
Aksu,0,0,0,0,0,0,0,0,kazakhstan,0.0,0.0,0,0.0,0.0,0.0,10
S. Karagandy,8,0,0,8,4,19,-15,0,kazakhstan,0.0,0.0,-15,0.5,0.0,0.0,10
Drita,8,4,3,1,10,6,4,15,kosovo,0.5,0.88,4,1.25,2.0,1.14,1
Malisheva,8,3,3,2,10,7,3,12,kosovo,0.38,0.75,3,1.25,2.63,1.33,2
Ballkani,8,2,4,2,10,7,3,10,kosovo,0.25,0.75,3,1.25,4.0,1.33,3
Suhareka,8,2,2,4,9,15,-6,8,kosovo,0.25,0.5,-6,1.12,4.0,2.0,4
Ferizaj,8,2,2,4,5,11,-6,8,kosovo,0.25,0.5,-6,0.62,4.0,2.0,4
Prishtina,8,2,1,5,7,11,-4,7,kosovo,0.25,0.38,-4,0.88,4.0,2.63,5
Dukagjini,8,2,1,5,7,13,-6,7,kosovo,0.25,0.38,-6,0.88,4.0,2.63,5
Gjilani,8,1,3,4,14,16,-2,6,kosovo,0.12,0.5,-2,1.75,8.33,2.0,6
Llapi,8,1,0,7,7,17,-10,3,kosovo,0.12,0.12,-10,0.88,8.33,8.33,7
Feronikeli,8,0,2,6,5,15,-10,2,kosovo,0.0,0.25,-10,0.62,0.0,4.0,8
Al Kuwait,6,5,0,1,19,7,12,15,kuwait,0.83,0.83,12,3.17,1.2,1.2,1
Al Arabi SC,6,5,0,1,15,5,10,15,kuwait,0.83,0.83,10,2.5,1.2,1.2,1
Al Fahaheel,5,2,2,1,12,10,2,8,kuwait,0.4,0.8,2,2.4,2.5,1.25,2
Al Salmiyah,4,2,1,1,7,6,1,7,kuwait,0.5,0.75,1,1.75,2.0,1.33,3
Al Qadsia,5,1,2,2,5,6,-1,5,kuwait,0.2,0.6,-1,1.0,5.0,1.67,4
Al Tadhamon,5,1,1,3,10,11,-1,4,kuwait,0.2,0.4,-1,2.0,5.0,2.5,5
Al Nasar,5,1,0,4,4,9,-5,3,kuwait,0.2,0.2,-5,0.8,5.0,5.0,6
Kazma,5,1,0,4,3,9,-6,3,kuwait,0.2,0.2,-6,0.6,5.0,5.0,6
Khaitan,6,1,0,5,3,12,-9,3,kuwait,0.17,0.17,-9,0.5,5.88,5.88,6
Yarmouk,6,0,2,4,6,11,-5,2,kuwait,0.0,0.33,-5,1.0,0.0,3.03,7
RFS,8,7,1,0,18,4,14,22,latvia,0.88,1.0,14,2.25,1.14,1.0,1
Riga FC,8,6,2,0,25,7,18,20,latvia,0.75,1.0,18,3.12,1.33,1.0,2
Auda,8,6,0,2,18,8,10,18,latvia,0.75,0.75,10,2.25,1.33,1.33,3
Liepaja,8,4,1,3,10,9,1,13,latvia,0.5,0.62,1,1.25,2.0,1.61,4
Valmiera,8,3,2,3,15,12,3,11,latvia,0.38,0.62,3,1.88,2.63,1.61,5
Tukums,8,2,2,4,10,23,-13,8,latvia,0.25,0.5,-13,1.25,4.0,2.0,6
Metta,8,2,1,5,5,21,-16,7,latvia,0.25,0.38,-16,0.62,4.0,2.63,7
Grobina,8,1,1,6,3,19,-16,4,latvia,0.12,0.25,-16,0.38,8.33,4.0,8
FS Jelgava,8,1,1,6,9,29,-20,4,latvia,0.12,0.25,-20,1.12,8.33,4.0,8
Daugavpils,8,0,3,5,7,16,-9,3,latvia,0.0,0.38,-9,0.88,0.0,2.63,9
Kauno Zalgiris,8,4,3,1,12,11,1,15,lithuania,0.5,0.88,1,1.5,2.0,1.14,1
Dainava,8,4,2,2,10,6,4,14,lithuania,0.5,0.75,4,1.25,2.0,1.33,2
Hegelmann L.,8,4,2,2,13,10,3,14,lithuania,0.5,0.75,3,1.62,2.0,1.33,2
Zalgiris,8,3,2,3,11,7,4,11,lithuania,0.38,0.62,4,1.38,2.63,1.61,3
Panevezys,8,2,5,1,14,12,2,11,lithuania,0.25,0.88,2,1.75,4.0,1.14,3
Banga,8,3,1,4,7,11,-4,10,lithuania,0.38,0.5,-4,0.88,2.63,2.0,4
Suduva,8,2,2,4,11,10,1,8,lithuania,0.25,0.5,1,1.38,4.0,2.0,5
Dziugas Telsiai,8,2,2,4,6,6,0,8,lithuania,0.25,0.5,0,0.75,4.0,2.0,5
TransINVEST,8,2,2,4,7,10,-3,8,lithuania,0.25,0.5,-3,0.88,4.0,2.0,5
Siauliai,8,1,2,5,10,17,-7,5,lithuania,0.12,0.38,-7,1.25,8.33,2.63,6
Riteriai,8,7,0,1,14,4,10,21,lithuania2,0.88,0.88,10,1.75,1.14,1.14,1
Siauliai B,8,5,0,3,21,15,6,15,lithuania2,0.62,0.62,6,2.62,1.61,1.61,2
Babrungas,8,4,2,2,17,8,9,14,lithuania2,0.5,0.75,9,2.12,2.0,1.33,3
Tauras,8,4,2,2,16,11,5,14,lithuania2,0.5,0.75,5,2.0,2.0,1.33,3
Nevezis,8,4,2,2,11,7,4,14,lithuania2,0.5,0.75,4,1.38,2.0,1.33,3
Atmosfera,8,3,4,1,6,5,1,13,lithuania2,0.38,0.88,1,0.75,2.63,1.14,4
Ekranas,8,3,3,2,11,13,-2,12,lithuania2,0.38,0.75,-2,1.38,2.63,1.33,5
Neptuna K.,8,3,1,4,12,13,-1,10,lithuania2,0.38,0.5,-1,1.5,2.63,2.0,6
Panevezys B,8,3,1,4,10,15,-5,10,lithuania2,0.38,0.5,-5,1.25,2.63,2.0,6
BFA Vilnius,8,2,3,3,11,13,-2,9,lithuania2,0.25,0.62,-2,1.38,4.0,1.61,7
Be1 NFA,8,2,3,3,8,11,-3,9,lithuania2,0.25,0.62,-3,1.0,4.0,1.61,7
Kauno Z. B,8,3,0,5,10,20,-10,9,lithuania2,0.38,0.38,-10,1.25,2.63,2.63,7
Garliava,8,2,1,5,8,18,-10,7,lithuania2,0.25,0.38,-10,1.0,4.0,2.63,8
Hegelmann B,8,1,0,7,6,18,-12,3,lithuania2,0.12,0.12,-12,0.75,8.33,8.33,9
Minija,8,0,2,6,6,18,-12,2,lithuania2,0.0,0.25,-12,0.75,0.0,4.0,10
Banga B,8,0,0,8,2,23,-21,0,lithuania2,0.0,0.0,-21,0.25,0.0,0.0,11
Differdange,8,7,0,1,23,4,19,21,luxembourg,0.88,0.88,19,2.88,1.14,1.14,1
Dudelange,7,4,2,1,14,7,7,14,luxembourg,0.57,0.86,7,2.0,1.75,1.16,2
UNA Strassen,7,4,2,1,11,4,7,14,luxembourg,0.57,0.86,7,1.57,1.75,1.16,2
Hesperange,8,3,3,2,13,10,3,12,luxembourg,0.38,0.75,3,1.62,2.63,1.33,3
Niedercorn,7,3,2,2,8,5,3,11,luxembourg,0.43,0.71,3,1.14,2.33,1.41,4
Bettembourg,7,3,1,3,8,9,-1,10,luxembourg,0.43,0.57,-1,1.14,2.33,1.75,5
Mondorf,7,2,3,2,11,7,4,9,luxembourg,0.29,0.71,4,1.57,3.45,1.41,6
Racing,7,2,3,2,9,7,2,9,luxembourg,0.29,0.71,2,1.29,3.45,1.41,6
Hostert,8,3,0,5,15,17,-2,9,luxembourg,0.38,0.38,-2,1.88,2.63,2.63,6
Wiltz,8,3,0,5,11,15,-4,9,luxembourg,0.38,0.38,-4,1.38,2.63,2.63,6
Jeunesse Esch,8,2,2,4,7,18,-11,8,luxembourg,0.25,0.5,-11,0.88,4.0,2.0,7
Petange,7,1,3,3,3,8,-5,6,luxembourg,0.14,0.57,-5,0.43,7.14,1.75,8
V. Rosport,8,1,2,5,8,20,-12,5,luxembourg,0.12,0.38,-12,1.0,8.33,2.63,9
Mondercange,8,1,0,7,7,22,-15,3,luxembourg,0.12,0.12,-15,0.88,8.33,8.33,10
Fola Esch,7,0,0,7,7,23,-16,0,luxembourg,0.0,0.0,-16,1.0,0.0,0.0,11
Rodange,8,0,0,8,9,27,-18,0,luxembourg,0.0,0.0,-18,1.12,0.0,0.0,11
Johor Darul,8,7,1,0,30,5,25,22,malaysia,0.88,1.0,25,3.75,1.14,1.0,1
Selangor,8,5,2,1,12,5,7,17,malaysia,0.62,0.88,7,1.5,1.61,1.14,2
Sabah,8,5,0,3,16,15,1,15,malaysia,0.62,0.62,1,2.0,1.61,1.61,3
Perak,8,4,2,2,15,10,5,14,malaysia,0.5,0.75,5,1.88,2.0,1.33,4
Terengganu,8,2,4,2,8,10,-2,10,malaysia,0.25,0.75,-2,1.0,4.0,1.33,5
Kedah,8,3,1,4,6,18,-12,10,malaysia,0.38,0.5,-12,0.75,2.63,2.0,5
Kuching,7,2,2,3,8,11,-3,8,malaysia,0.29,0.57,-3,1.14,3.45,1.75,6
Pahang,8,1,5,2,8,11,-3,8,malaysia,0.12,0.75,-3,1.0,8.33,1.33,6
PDRM,8,2,2,4,8,15,-7,8,malaysia,0.25,0.5,-7,1.0,4.0,2.0,6
Kuala Lumpur,7,2,0,5,8,11,-3,6,malaysia,0.29,0.29,-3,1.14,3.45,3.45,7
Negeri Sembilan,8,1,3,4,10,16,-6,6,malaysia,0.12,0.5,-6,1.25,8.33,2.0,7
Pulau Pinang,8,1,2,5,8,18,-10,5,malaysia,0.12,0.38,-10,1.0,8.33,2.63,8
Kelantan United,8,1,0,7,4,23,-19,3,malaysia,0.12,0.12,-19,0.5,8.33,8.33,9
Floriana,7,5,2,0,13,3,10,17,malta,0.71,1.0,10,1.86,1.41,1.0,1
Hamrun Spartans,8,5,1,2,18,8,10,16,malta,0.62,0.75,10,2.25,1.61,1.33,2
Birkirkara,6,5,1,0,12,3,9,16,malta,0.83,1.0,9,2.0,1.2,1.0,2
Hibernians,8,4,1,3,10,9,1,13,malta,0.5,0.62,1,1.25,2.0,1.61,3
Melita,8,3,3,2,13,11,2,12,malta,0.38,0.75,2,1.62,2.63,1.33,4
Marsaxlokk,5,3,2,0,9,4,5,11,malta,0.6,1.0,5,1.8,1.67,1.0,5
Zabbar,8,3,1,4,12,14,-2,10,malta,0.38,0.5,-2,1.5,2.63,2.0,6
Sliema,8,2,3,3,7,6,1,9,malta,0.25,0.62,1,0.88,4.0,1.61,7
Mosta,8,3,0,5,11,15,-4,9,malta,0.38,0.38,-4,1.38,2.63,2.63,7
Gzira Utd,7,2,1,4,7,10,-3,7,malta,0.29,0.43,-3,1.0,3.45,2.33,8
Naxxar Lions,8,1,3,4,9,14,-5,6,malta,0.12,0.5,-5,1.12,8.33,2.0,9
Balzan,8,0,1,7,7,19,-12,1,malta,0.0,0.12,-12,0.88,0.0,8.33,10
Cruz Azul,8,6,1,1,19,9,10,19,mexico,0.75,0.88,10,2.38,1.33,1.14,1
Monterrey,8,4,2,2,10,7,3,14,mexico,0.5,0.75,3,1.25,2.0,1.33,2
Tigres,8,4,1,3,13,9,4,13,mexico,0.5,0.62,4,1.62,2.0,1.61,3
Toluca,8,3,3,2,10,9,1,12,mexico,0.38,0.75,1,1.25,2.63,1.33,4
Pumas UNAM,8,3,3,2,6,6,0,12,mexico,0.38,0.75,0,0.75,2.63,1.33,4
Juarez,8,4,0,4,10,18,-8,12,mexico,0.5,0.5,-8,1.25,2.0,2.0,4
Guadalajara,8,3,1,4,9,8,1,10,mexico,0.38,0.5,1,1.12,2.63,2.0,5
CF America,8,2,3,3,12,14,-2,9,mexico,0.25,0.62,-2,1.5,4.0,1.61,6
Tijuana,8,2,3,3,6,12,-6,9,mexico,0.25,0.62,-6,0.75,4.0,1.61,6
Atlas,8,2,2,4,7,16,-9,8,mexico,0.25,0.5,-9,0.88,4.0,2.0,7
A. San Luis,8,2,1,5,7,12,-5,7,mexico,0.25,0.38,-5,0.88,4.0,2.63,8
Club Leon,8,1,3,4,12,18,-6,6,mexico,0.12,0.5,-6,1.5,8.33,2.0,9
Queretaro,8,1,2,5,6,17,-11,5,mexico,0.12,0.38,-11,0.75,8.33,2.63,10
Mazatlan,8,0,4,4,0,7,-7,4,mexico,0.0,0.5,-7,0.0,0.0,2.0,11
Pachuca,8,1,1,6,7,16,-9,4,mexico,0.12,0.25,-9,0.88,8.33,4.0,11
Puebla,8,1,1,6,4,16,-12,4,mexico,0.12,0.25,-12,0.5,8.33,4.0,11
Necaxa,8,0,3,5,7,17,-10,3,mexico,0.0,0.38,-10,0.88,0.0,2.63,12
Santos Laguna,8,0,1,7,5,17,-12,1,mexico,0.0,0.12,-12,0.62,0.0,8.33,13
Buducnost,8,7,0,1,17,3,14,21,montenegro,0.88,0.88,14,2.12,1.14,1.14,1
Sutjeska,8,4,1,3,9,6,3,13,montenegro,0.5,0.62,3,1.12,2.0,1.61,2
Petrovac,8,4,1,3,9,8,1,13,montenegro,0.5,0.62,1,1.12,2.0,1.61,2
Bokelj,8,3,3,2,8,9,-1,12,montenegro,0.38,0.75,-1,1.0,2.63,1.33,3
Arsenal Tivat,8,3,2,3,10,11,-1,11,montenegro,0.38,0.62,-1,1.25,2.63,1.61,4
Mornar Bar,8,3,2,3,10,15,-5,11,montenegro,0.38,0.62,-5,1.25,2.63,1.61,4
Decic,8,1,6,1,8,9,-1,9,montenegro,0.12,0.88,-1,1.0,8.33,1.14,5
Jezero,8,1,3,4,6,10,-4,6,montenegro,0.12,0.5,-4,0.75,8.33,2.0,6
Otrant,8,0,4,4,1,5,-4,4,montenegro,0.0,0.5,-4,0.12,0.0,2.0,7
Jedinstvo,8,1,1,6,5,19,-14,4,montenegro,0.12,0.25,-14,0.62,8.33,4.0,7
Berkane,8,6,2,0,12,3,9,20,morocco,0.75,1.0,9,1.5,1.33,1.0,1
Maghreb de Fes,8,4,2,2,12,7,5,14,morocco,0.5,0.75,5,1.5,2.0,1.33,2
R. Zemamra,8,4,2,2,7,4,3,14,morocco,0.5,0.75,3,0.88,2.0,1.33,2
FUS Rabat,8,4,1,3,8,6,2,13,morocco,0.5,0.62,2,1.0,2.0,1.61,3
FAR Rabat,7,3,2,2,11,4,7,11,morocco,0.43,0.71,7,1.57,2.33,1.41,4
Wydad,8,2,5,1,8,8,0,11,morocco,0.25,0.88,0,1.0,4.0,1.14,4
Olympic Safi,8,3,2,3,7,9,-2,11,morocco,0.38,0.62,-2,0.88,2.63,1.61,4
Ittihad Tanger,8,2,3,3,8,10,-2,9,morocco,0.25,0.62,-2,1.0,4.0,1.61,5
Raja Casablanca,8,2,2,4,8,12,-4,8,morocco,0.25,0.5,-4,1.0,4.0,2.0,6
JS Sousalem,8,1,3,4,4,9,-5,6,morocco,0.12,0.5,-5,0.5,8.33,2.0,7
Difaa El Jadida,8,1,3,4,11,17,-6,6,morocco,0.12,0.5,-6,1.38,8.33,2.0,7
Union Touarga,8,1,2,5,8,11,-3,5,morocco,0.12,0.38,-3,1.0,8.33,2.63,8
Hassania Agadir,8,1,1,6,4,10,-6,4,morocco,0.12,0.25,-6,0.5,8.33,4.0,9
Moghreb Tetouan,8,1,0,7,4,12,-8,3,morocco,0.12,0.12,-8,0.5,8.33,8.33,10
Meknes,8,0,3,5,4,18,-14,3,morocco,0.0,0.38,-14,0.5,0.0,2.63,10
C. Mohammedia,8,0,2,6,6,17,-11,2,morocco,0.0,0.25,-11,0.75,0.0,4.0,11
R. Beni Mellal,8,2,4,2,9,6,3,10,morocco2,0.25,0.75,3,1.12,4.0,1.33,1
Kawkab M.,7,2,4,1,4,2,2,10,morocco2,0.29,0.86,2,0.57,3.45,1.16,1
RAC Casablanca,7,3,1,3,10,12,-2,10,morocco2,0.43,0.57,-2,1.43,2.33,1.75,1
Wydad Fes,8,3,1,4,8,10,-2,10,morocco2,0.38,0.5,-2,1.0,2.63,2.0,1
C. Benguerir,7,2,3,2,8,8,0,9,morocco2,0.29,0.71,0,1.14,3.45,1.41,2
El Massira,8,1,5,2,8,8,0,8,morocco2,0.12,0.75,0,1.0,8.33,1.33,3
Stade Marocain,7,1,4,2,6,8,-2,7,morocco2,0.14,0.71,-2,0.86,7.14,1.41,4
Rapide Oued Z.,7,1,4,2,3,5,-2,7,morocco2,0.14,0.71,-2,0.43,7.14,1.41,4
Yacoub El Manso,7,2,1,4,6,10,-4,7,morocco2,0.29,0.43,-4,0.86,3.45,2.33,4
Khouribga,7,2,1,4,7,13,-6,7,morocco2,0.29,0.43,-6,1.0,3.45,2.33,4
Dcheira,6,1,3,2,5,5,0,6,morocco2,0.17,0.67,0,0.83,5.88,1.49,5
Youssoufia B.,7,1,3,3,8,9,-1,6,morocco2,0.14,0.57,-1,1.14,7.14,1.75,5
KAC Kenitra,6,0,4,2,7,12,-5,4,morocco2,0.0,0.67,-5,1.17,0.0,1.49,6
Chabab Atlas K.,6,0,4,2,4,10,-6,4,morocco2,0.0,0.67,-6,0.67,0.0,1.49,6
USM Oujda,6,0,4,2,2,11,-9,4,morocco2,0.0,0.67,-9,0.33,0.0,1.49,6
Mouloudia Oujda,8,0,3,5,5,14,-9,3,morocco2,0.0,0.38,-9,0.62,0.0,2.63,7
Shan Utd,7,7,0,0,26,7,19,21,myanmar,1.0,1.0,19,3.71,1.0,1.0,1
Dagon,8,5,1,2,15,4,11,16,myanmar,0.62,0.75,11,1.88,1.61,1.33,2
Hantharwady,6,5,1,0,12,4,8,16,myanmar,0.83,1.0,8,2.0,1.2,1.0,2
Yangon Utd,7,4,3,0,22,11,11,15,myanmar,0.57,1.0,11,3.14,1.75,1.0,3
Sagaing Utd,7,3,0,4,11,11,0,9,myanmar,0.43,0.43,0,1.57,2.33,2.33,4
Ispe FC,7,2,2,3,9,10,-1,8,myanmar,0.29,0.57,-1,1.29,3.45,1.75,5
Yadanarbon,7,2,2,3,6,9,-3,8,myanmar,0.29,0.57,-3,0.86,3.45,1.75,5
Thitsar Arman,8,2,1,5,15,17,-2,7,myanmar,0.25,0.38,-2,1.88,4.0,2.63,6
Ayeyawady,7,2,1,4,6,11,-5,7,myanmar,0.29,0.43,-5,0.86,3.45,2.33,6
Dagon Port,8,1,2,5,15,30,-15,5,myanmar,0.12,0.38,-15,1.88,8.33,2.63,7
Myawady,8,1,0,7,5,19,-14,3,myanmar,0.12,0.12,-14,0.62,8.33,8.33,8
Rakhine Utd,8,0,2,6,9,22,-13,2,myanmar,0.0,0.25,-13,1.12,0.0,4.0,9
FC Utrecht,8,7,1,0,18,8,10,22,netherlands,0.88,1.0,10,2.25,1.14,1.0,1
PSV Eindhoven,8,6,0,2,24,9,15,18,netherlands,0.75,0.75,15,3.0,1.33,1.33,2
Ajax Amsterdam,8,5,2,1,16,9,7,17,netherlands,0.62,0.88,7,2.0,1.61,1.14,3
Feyenoord,8,4,3,1,18,11,7,15,netherlands,0.5,0.88,7,2.25,2.0,1.14,4
AZ Alkmaar,8,4,2,2,13,9,4,14,netherlands,0.5,0.75,4,1.62,2.0,1.33,5
Go Ahead Eagles,8,3,2,3,13,13,0,11,netherlands,0.38,0.62,0,1.62,2.63,1.61,6
FC Twente,8,3,1,4,13,14,-1,10,netherlands,0.38,0.5,-1,1.62,2.63,2.0,7
Willem II,8,3,1,4,9,14,-5,10,netherlands,0.38,0.5,-5,1.12,2.63,2.0,7
NEC Nijmegen,8,3,0,5,8,13,-5,9,netherlands,0.38,0.38,-5,1.0,2.63,2.63,8
Sparta,8,2,2,4,7,10,-3,8,netherlands,0.25,0.5,-3,0.88,4.0,2.0,9
Fortuna Sittard,8,1,4,3,10,15,-5,7,netherlands,0.12,0.62,-5,1.25,8.33,1.61,10
NAC Breda,8,2,1,5,7,14,-7,7,netherlands,0.25,0.38,-7,0.88,4.0,2.63,10
Heerenveen,8,2,0,6,7,19,-12,6,netherlands,0.25,0.25,-12,0.88,4.0,4.0,11
PEC Zwolle,8,0,5,3,5,14,-9,5,netherlands,0.0,0.62,-9,0.62,0.0,1.61,12
Heracles Almelo,8,1,1,6,5,20,-15,4,netherlands,0.12,0.25,-15,0.62,8.33,4.0,13
FC Groningen,8,1,1,6,5,21,-16,4,netherlands,0.12,0.25,-16,0.62,8.33,4.0,13
Almere City,8,0,3,5,2,12,-10,3,netherlands,0.0,0.38,-10,0.25,0.0,2.63,14
RKC Waalwijk,8,0,2,6,9,20,-11,2,netherlands,0.0,0.25,-11,1.12,0.0,4.0,15
Cambuur,8,6,1,1,19,6,13,19,netherlands2,0.75,0.88,13,2.38,1.33,1.14,1
FC Volendam,8,5,3,0,17,9,8,18,netherlands2,0.62,1.0,8,2.12,1.61,1.0,2
FC Emmen,8,5,1,2,15,8,7,16,netherlands2,0.62,0.75,7,1.88,1.61,1.33,3
FC Den Bosch,8,4,2,2,12,6,6,14,netherlands2,0.5,0.75,6,1.5,2.0,1.33,4
FC Eindhoven,8,4,1,3,19,16,3,13,netherlands2,0.5,0.62,3,2.38,2.0,1.61,5
Excelsior,8,3,4,1,11,8,3,13,netherlands2,0.38,0.88,3,1.38,2.63,1.14,5
Jong AZ,8,4,0,4,10,11,-1,12,netherlands2,0.5,0.5,-1,1.25,2.0,2.0,6
FC Dordrecht,8,4,0,4,10,13,-3,12,netherlands2,0.5,0.5,-3,1.25,2.0,2.0,6
VVV,8,4,0,4,13,17,-4,12,netherlands2,0.5,0.5,-4,1.62,2.0,2.0,6
Helmond Sport,8,4,0,4,13,18,-5,12,netherlands2,0.5,0.5,-5,1.62,2.0,2.0,6
ADO Den Haag,8,2,3,3,16,12,4,9,netherlands2,0.25,0.62,4,2.0,4.0,1.61,7
Roda JC,8,2,3,3,9,12,-3,9,netherlands2,0.25,0.62,-3,1.12,4.0,1.61,7
Jong PSV,8,2,1,5,7,10,-3,7,netherlands2,0.25,0.38,-3,0.88,4.0,2.63,8
De Graafschap,8,1,4,3,9,14,-5,7,netherlands2,0.12,0.62,-5,1.12,8.33,1.61,8
Telstar,8,1,3,4,7,15,-8,6,netherlands2,0.12,0.5,-8,0.88,8.33,2.0,9
MVV Maastricht,8,1,2,5,10,15,-5,5,netherlands2,0.12,0.38,-5,1.25,8.33,2.63,10
Jong Utrecht,8,0,4,4,8,14,-6,4,netherlands2,0.0,0.5,-6,1.0,0.0,2.0,11
TOP Oss,8,0,4,4,4,12,-8,4,netherlands2,0.0,0.5,-8,0.5,0.0,2.0,11
Vitesse Arnhem,8,0,3,5,14,25,-11,3,netherlands2,0.0,0.38,-11,1.75,0.0,2.63,12
Jong Ajax,8,0,2,6,8,18,-10,2,netherlands2,0.0,0.25,-10,1.0,0.0,4.0,13
Diriangen,8,4,4,0,21,7,14,16,nicaragua,0.5,1.0,14,2.62,2.0,1.0,1
Real Esteli,8,5,1,2,14,9,5,16,nicaragua,0.62,0.75,5,1.75,1.61,1.33,1
Walter Ferreti,8,4,2,2,8,5,3,14,nicaragua,0.5,0.75,3,1.0,2.0,1.33,2
Matagalpa,8,3,3,2,9,7,2,12,nicaragua,0.38,0.75,2,1.12,2.63,1.33,3
Export Sebaco,8,1,4,3,7,10,-3,7,nicaragua,0.12,0.62,-3,0.88,8.33,1.61,4
Managua FC,8,1,3,4,9,15,-6,6,nicaragua,0.12,0.5,-6,1.12,8.33,2.0,5
Jalapa,8,1,2,5,8,21,-13,5,nicaragua,0.12,0.38,-13,1.0,8.33,2.63,6
UNAN Managua,8,1,1,6,7,17,-10,4,nicaragua,0.12,0.25,-10,0.88,8.33,4.0,7
Rancho Santana,8,1,1,6,5,15,-10,4,nicaragua,0.12,0.25,-10,0.62,8.33,4.0,7
D. Ocotal,8,0,2,6,3,24,-21,2,nicaragua,0.0,0.25,-21,0.38,0.0,4.0,8
Linfield,8,6,1,1,14,5,9,19,northernireland,0.75,0.88,9,1.75,1.33,1.14,1
Larne,8,5,2,1,12,5,7,17,northernireland,0.62,0.88,7,1.5,1.61,1.14,2
Glentoran,8,5,1,2,16,9,7,16,northernireland,0.62,0.75,7,2.0,1.61,1.33,3
Ballymena Utd,8,5,1,2,12,8,4,16,northernireland,0.62,0.75,4,1.5,1.61,1.33,3
Dungannon,8,4,2,2,14,10,4,14,northernireland,0.5,0.75,4,1.75,2.0,1.33,4
Portadown,8,4,0,4,11,8,3,12,northernireland,0.5,0.5,3,1.38,2.0,2.0,5
Coleraine,8,3,1,4,14,13,1,10,northernireland,0.38,0.5,1,1.75,2.63,2.0,6
Crusaders,8,2,2,4,8,10,-2,8,northernireland,0.25,0.5,-2,1.0,4.0,2.0,7
Glenavon,8,2,2,4,3,7,-4,8,northernireland,0.25,0.5,-4,0.38,4.0,2.0,7
Cliftonville,8,2,1,5,9,14,-5,7,northernireland,0.25,0.38,-5,1.12,4.0,2.63,8
Carrick Rangers,8,1,4,3,5,12,-7,7,northernireland,0.12,0.62,-7,0.62,8.33,1.61,8
Loughgall,8,1,1,6,6,17,-11,4,northernireland,0.12,0.25,-11,0.75,8.33,4.0,9
Dundela,8,5,2,1,17,9,8,17,northernireland2,0.62,0.88,8,2.12,1.61,1.14,1
Bangor,8,5,0,3,16,14,2,15,northernireland2,0.62,0.62,2,2.0,1.61,1.61,2
Limavady,8,3,3,2,15,8,7,12,northernireland2,0.38,0.75,7,1.88,2.63,1.33,3
Ballyclare,8,4,0,4,10,13,-3,12,northernireland2,0.5,0.5,-3,1.25,2.0,2.0,3
Armagh City,8,2,5,1,8,7,1,11,northernireland2,0.25,0.88,1,1.0,4.0,1.14,4
Ards,8,3,2,3,13,13,0,11,northernireland2,0.38,0.62,0,1.62,2.63,1.61,4
Institute,8,3,2,3,10,12,-2,11,northernireland2,0.38,0.62,-2,1.25,2.63,1.61,4
HW Welders,8,2,3,3,12,15,-3,9,northernireland2,0.25,0.62,-3,1.5,4.0,1.61,5
Annagh Utd,8,2,2,4,9,10,-1,8,northernireland2,0.25,0.5,-1,1.12,4.0,2.0,6
Ballinamallard,8,2,0,6,11,13,-2,6,northernireland2,0.25,0.25,-2,1.38,4.0,4.0,7
Newington,8,1,1,6,5,18,-13,4,northernireland2,0.12,0.25,-13,0.62,8.33,4.0,8
Newry City,8,1,0,7,5,18,-13,3,northernireland2,0.12,0.12,-13,0.62,8.33,8.33,9
Sileks,8,5,2,1,11,2,9,17,northmacedonia,0.62,0.88,9,1.38,1.61,1.14,1
Gostivar,8,4,3,1,9,4,5,15,northmacedonia,0.5,0.88,5,1.12,2.0,1.14,2
Rabotnicki,8,3,4,1,8,3,5,13,northmacedonia,0.38,0.88,5,1.0,2.63,1.14,3
Struga,8,3,4,1,12,9,3,13,northmacedonia,0.38,0.88,3,1.5,2.63,1.14,3
Shkendija,8,3,4,1,6,4,2,13,northmacedonia,0.38,0.88,2,0.75,2.63,1.14,3
Shkupi,8,2,1,5,9,12,-3,7,northmacedonia,0.25,0.38,-3,1.12,4.0,2.63,4
Brera Strumica,8,2,1,5,8,16,-8,7,northmacedonia,0.25,0.38,-8,1.0,4.0,2.63,4
Vardar,8,1,2,5,3,12,-9,5,northmacedonia,0.12,0.38,-9,0.38,8.33,2.63,5
Pelister,8,1,2,5,4,14,-10,5,northmacedonia,0.12,0.38,-10,0.5,8.33,2.63,5
Tikves,8,0,4,4,3,9,-6,4,northmacedonia,0.0,0.5,-6,0.38,0.0,2.0,6
Voska Sport,8,1,1,6,8,20,-12,4,northmacedonia,0.12,0.25,-12,1.0,8.33,4.0,6
Besa,8,0,3,5,6,14,-8,3,northmacedonia,0.0,0.38,-8,0.75,0.0,2.63,7
Brann,8,5,2,1,17,8,9,17,norway,0.62,0.88,9,2.12,1.61,1.14,1
Rosenborg,8,5,2,1,16,7,9,17,norway,0.62,0.88,9,2.0,1.61,1.14,1
Viking,8,3,3,2,16,13,3,12,norway,0.38,0.75,3,2.0,2.63,1.33,2
Sarpsborg 08,8,3,3,2,12,14,-2,12,norway,0.38,0.75,-2,1.5,2.63,1.33,2
Molde,8,3,2,3,13,8,5,11,norway,0.38,0.62,5,1.62,2.63,1.61,3
HamKam,8,3,2,3,9,13,-4,11,norway,0.38,0.62,-4,1.12,2.63,1.61,3
KFUM Oslo,8,3,1,4,9,9,0,10,norway,0.38,0.5,0,1.12,2.63,2.0,4
Bodo/Glimt,8,2,4,2,10,11,-1,10,norway,0.25,0.75,-1,1.25,4.0,1.33,4
Fredrikstad,8,3,1,4,7,14,-7,10,norway,0.38,0.5,-7,0.88,2.63,2.0,4
Sandefjord,8,2,2,4,10,12,-2,8,norway,0.25,0.5,-2,1.25,4.0,2.0,5
Kristiansund,8,2,2,4,5,10,-5,8,norway,0.25,0.5,-5,0.62,4.0,2.0,5
Tromso,8,2,0,6,6,15,-9,6,norway,0.25,0.25,-9,0.75,4.0,4.0,6
Haugesund,8,1,3,4,8,18,-10,6,norway,0.12,0.5,-10,1.0,8.33,2.0,6
Stromsgodset,8,0,3,5,5,15,-10,3,norway,0.0,0.38,-10,0.62,0.0,2.63,7
Odd,8,0,2,6,5,15,-10,2,norway,0.0,0.25,-10,0.62,0.0,4.0,8
Lillestrom,8,0,0,8,7,25,-18,0,norway,0.0,0.0,-18,0.88,0.0,0.0,9
Valerenga,8,6,2,0,18,6,12,20,norway2,0.75,1.0,12,2.25,1.33,1.0,1
Bryne,8,5,1,2,17,10,7,16,norway2,0.62,0.75,7,2.12,1.61,1.33,2
Aalesund,8,5,1,2,14,8,6,16,norway2,0.62,0.75,6,1.75,1.61,1.33,2
Ranheim,8,5,1,2,16,11,5,16,norway2,0.62,0.75,5,2.0,1.61,1.33,2
Lyn,8,4,2,2,13,11,2,14,norway2,0.5,0.75,2,1.62,2.0,1.33,3
Raufoss,8,4,1,3,9,10,-1,13,norway2,0.5,0.62,-1,1.12,2.0,1.61,4
Kongsvinger,8,3,3,2,12,9,3,12,norway2,0.38,0.75,3,1.5,2.63,1.33,5
Start,8,3,2,3,16,17,-1,11,norway2,0.38,0.62,-1,2.0,2.63,1.61,6
Asane,8,3,2,3,12,15,-3,11,norway2,0.38,0.62,-3,1.5,2.63,1.61,6
Mjondalen,8,3,1,4,7,14,-7,10,norway2,0.38,0.5,-7,0.88,2.63,2.0,7
Stabaek,8,3,1,4,10,18,-8,10,norway2,0.38,0.5,-8,1.25,2.63,2.0,7
Egersund,8,3,0,5,12,17,-5,9,norway2,0.38,0.38,-5,1.5,2.63,2.63,8
Moss,8,2,2,4,9,11,-2,8,norway2,0.25,0.5,-2,1.12,4.0,2.0,9
Levanger,8,1,4,3,13,17,-4,7,norway2,0.12,0.62,-4,1.62,8.33,1.61,10
Sogndal,8,2,1,5,4,13,-9,7,norway2,0.25,0.38,-9,0.5,4.0,2.63,10
Sandnes Ulf,8,1,1,6,4,20,-16,4,norway2,0.12,0.25,-16,0.5,8.33,4.0,11
Hodd,8,4,3,1,18,6,12,15,norway3,0.5,0.88,12,2.25,2.0,1.14,1
Brattvag,8,5,0,3,12,11,1,15,norway3,0.62,0.62,1,1.5,1.61,1.61,1
Notodden,8,4,2,2,9,9,0,14,norway3,0.5,0.75,0,1.12,2.0,1.33,2
Flekkeroy,8,4,0,4,8,13,-5,12,norway3,0.5,0.5,-5,1.0,2.0,2.0,3
Brann B,8,3,2,3,15,15,0,11,norway3,0.38,0.62,0,1.88,2.63,1.61,4
Jerv,8,3,2,3,9,10,-1,11,norway3,0.38,0.62,-1,1.12,2.63,1.61,4
Arendal,8,3,2,3,8,9,-1,11,norway3,0.38,0.62,-1,1.0,2.63,1.61,4
Sotra,8,3,2,3,5,10,-5,11,norway3,0.38,0.62,-5,0.62,2.63,1.61,4
Lysekloster,8,3,1,4,16,16,0,10,norway3,0.38,0.5,0,2.0,2.63,2.0,5
Eik Tonsberg,8,3,1,4,7,10,-3,10,norway3,0.38,0.5,-3,0.88,2.63,2.0,5
V. Haugesund,8,3,1,4,12,20,-8,10,norway3,0.38,0.5,-8,1.5,2.63,2.0,5
Orn Horten,8,2,1,5,10,15,-5,7,norway3,0.25,0.38,-5,1.25,4.0,2.63,6
Kvik Halden,8,2,1,5,10,23,-13,7,norway3,0.25,0.38,-13,1.25,4.0,2.63,6
Viking B,8,0,1,7,7,18,-11,1,norway3,0.0,0.12,-11,0.88,0.0,8.33,7
Tromsdalen,8,5,1,2,16,12,4,16,norway4,0.62,0.75,4,2.0,1.61,1.33,1
Grorud,8,4,3,1,23,16,7,15,norway4,0.5,0.88,7,2.88,2.0,1.14,2
Eidsvold,8,5,0,3,21,14,7,15,norway4,0.62,0.62,7,2.62,1.61,1.61,2
Skeid,8,3,4,1,10,6,4,13,norway4,0.38,0.88,4,1.25,2.63,1.14,3
Strommen,8,4,1,3,11,12,-1,13,norway4,0.5,0.62,-1,1.38,2.0,1.61,3
Kjelsas,8,3,2,3,12,11,1,11,norway4,0.38,0.62,1,1.5,2.63,1.61,4
Ullensaker . K.,8,3,1,4,16,16,0,10,norway4,0.38,0.5,0,2.0,2.63,2.0,5
Alta,8,2,2,4,12,14,-2,8,norway4,0.25,0.5,-2,1.5,4.0,2.0,6
Stjordals-Blink,8,2,1,5,11,19,-8,7,norway4,0.25,0.38,-8,1.38,4.0,2.63,7
Follo,8,2,1,5,13,27,-14,7,norway4,0.25,0.38,-14,1.62,4.0,2.63,7
Gjovik-Lyn,8,1,2,5,6,18,-12,5,norway4,0.12,0.38,-12,0.75,8.33,2.63,8
Strindheim,8,1,1,6,7,20,-13,4,norway4,0.12,0.25,-13,0.88,8.33,4.0,9
Junkeren,8,1,1,6,13,28,-15,4,norway4,0.12,0.25,-15,1.62,8.33,4.0,9
Valerenga B,8,1,0,7,9,32,-23,3,norway4,0.12,0.12,-23,1.12,8.33,8.33,10
Sandviken,8,7,0,1,21,5,16,21,norway5,0.88,0.88,16,2.62,1.14,1.14,1
Bjarg,8,6,1,1,27,8,19,19,norway5,0.75,0.88,19,3.38,1.33,1.14,2
Djerv,8,5,1,2,21,16,5,16,norway5,0.62,0.75,5,2.62,1.61,1.33,3
Forde,8,4,2,2,18,10,8,14,norway5,0.5,0.75,8,2.25,2.0,1.33,4
Haugesund B,8,3,1,4,21,19,2,10,norway5,0.38,0.5,2,2.62,2.63,2.0,5
Os,8,3,1,4,11,10,1,10,norway5,0.38,0.5,1,1.38,2.63,2.0,5
Stord,8,3,1,4,28,28,0,10,norway5,0.38,0.5,0,3.5,2.63,2.0,5
Froya,8,3,0,5,19,21,-2,9,norway5,0.38,0.38,-2,2.38,2.63,2.63,6
Askoy,8,2,3,3,16,20,-4,9,norway5,0.25,0.62,-4,2.0,4.0,1.61,6
Loddefjord,8,2,2,4,17,22,-5,8,norway5,0.25,0.5,-5,2.12,4.0,2.0,7
Fana,8,2,1,5,21,22,-1,7,norway5,0.25,0.38,-1,2.62,4.0,2.63,8
Asane B,8,2,1,5,16,35,-19,7,norway5,0.25,0.38,-19,2.0,4.0,2.63,8
Ardal,8,1,1,6,11,31,-20,4,norway5,0.12,0.25,-20,1.38,8.33,4.0,9
Floro,8,0,0,8,7,31,-24,0,norway5,0.0,0.0,-24,0.88,0.0,0.0,10
Pors Grenland,8,6,1,1,15,6,9,19,norway6,0.75,0.88,9,1.88,1.33,1.14,1
Fram,8,5,1,2,18,17,1,16,norway6,0.62,0.75,1,2.25,1.61,1.33,2
Brodd,8,4,2,2,20,15,5,14,norway6,0.5,0.75,5,2.5,2.0,1.33,3
Vidar,8,4,0,4,20,17,3,12,norway6,0.5,0.5,3,2.5,2.0,2.0,4
Madla,8,3,1,4,19,16,3,10,norway6,0.38,0.5,3,2.38,2.63,2.0,5
Sandefjord B,8,3,0,5,21,18,3,9,norway6,0.38,0.38,3,2.62,2.63,2.63,6
Vindbjart,8,2,2,4,7,10,-3,8,norway6,0.25,0.5,-3,0.88,4.0,2.0,7
Mandalskamerat.,8,2,1,5,12,24,-12,7,norway6,0.25,0.38,-12,1.5,4.0,2.63,8
Staal Jorpeland,8,2,1,5,10,24,-14,7,norway6,0.25,0.38,-14,1.25,4.0,2.63,8
Sola,8,2,0,6,15,26,-11,6,norway6,0.25,0.25,-11,1.88,4.0,4.0,9
Sandnes Ulf B,8,1,0,7,10,25,-15,3,norway6,0.12,0.12,-15,1.25,8.33,8.33,10
Odd B,8,1,0,7,7,26,-19,3,norway6,0.12,0.12,-19,0.88,8.33,8.33,10
Start B,8,0,1,7,11,26,-15,1,norway6,0.0,0.12,-15,1.38,0.0,8.33,11
Vigor,8,0,0,8,3,33,-30,0,norway6,0.0,0.0,-30,0.38,0.0,0.0,12
Asker,8,6,0,2,25,11,14,18,norway7,0.75,0.75,14,3.12,1.33,1.33,1
Nordstrand,8,5,1,2,22,12,10,16,norway7,0.62,0.75,10,2.75,1.61,1.33,2
Gamle Oslo,8,4,3,1,23,14,9,15,norway7,0.5,0.88,9,2.88,2.0,1.14,3
Baerum,8,4,3,1,18,10,8,15,norway7,0.5,0.88,8,2.25,2.0,1.14,3
Frigg,8,4,2,2,27,15,12,14,norway7,0.5,0.75,12,3.38,2.0,1.33,4
Assiden IF,8,2,3,3,11,15,-4,9,norway7,0.25,0.62,-4,1.38,4.0,1.61,5
Flint,8,2,1,5,12,21,-9,7,norway7,0.25,0.38,-9,1.5,4.0,2.63,6
KFUM B,8,2,1,5,12,21,-9,7,norway7,0.25,0.38,-9,1.5,4.0,2.63,6
Ullern,8,2,1,5,9,18,-9,7,norway7,0.25,0.38,-9,1.12,4.0,2.63,6
Oppsal,8,2,0,6,11,18,-7,6,norway7,0.25,0.25,-7,1.38,4.0,4.0,7
Skeid B,8,2,0,6,18,27,-9,6,norway7,0.25,0.25,-9,2.25,4.0,4.0,7
Sarpsborg 08 B,8,1,1,6,12,24,-12,4,norway7,0.12,0.25,-12,1.5,8.33,4.0,8
Askollen,8,1,1,6,11,36,-25,4,norway7,0.12,0.25,-25,1.38,8.33,4.0,8
Mjondalen B,8,0,0,8,7,29,-22,0,norway7,0.0,0.0,-22,0.88,0.0,0.0,9
Rana,8,7,0,1,25,10,15,21,norway8,0.88,0.88,15,3.12,1.14,1.14,1
Nardo,8,6,1,1,19,5,14,19,norway8,0.75,0.88,14,2.38,1.33,1.14,2
Melhus,8,4,3,1,27,16,11,15,norway8,0.5,0.88,11,3.38,2.0,1.14,3
Trygg/Lade,8,4,2,2,21,13,8,14,norway8,0.5,0.75,8,2.62,2.0,1.33,4
Tiller,8,4,2,2,13,11,2,14,norway8,0.5,0.75,2,1.62,2.0,1.33,4
Stabaek B,8,3,2,3,20,11,9,11,norway8,0.38,0.62,9,2.5,2.63,1.61,5
Lillestrom B,8,3,1,4,16,21,-5,10,norway8,0.38,0.5,-5,2.0,2.63,2.0,6
Stromsgodset B,8,3,1,4,21,28,-7,10,norway8,0.38,0.5,-7,2.62,2.63,2.0,6
Surnadal,8,2,2,4,9,19,-10,8,norway8,0.25,0.5,-10,1.12,4.0,2.0,7
Rosenborg B,8,2,1,5,8,14,-6,7,norway8,0.25,0.38,-6,1.0,4.0,2.63,8
Byasen,8,2,1,5,9,25,-16,7,norway8,0.25,0.38,-16,1.12,4.0,2.63,8
Orkla,8,1,1,6,10,27,-17,4,norway8,0.12,0.25,-17,1.25,8.33,4.0,9
Verdal,8,1,1,6,10,28,-18,4,norway8,0.12,0.25,-18,1.25,8.33,4.0,9
Mosjoen,8,1,0,7,6,41,-35,3,norway8,0.12,0.12,-35,0.75,8.33,8.33,10
Lorenskog,8,7,1,0,19,3,16,22,norway9,0.88,1.0,16,2.38,1.14,1.0,1
Traef,8,5,3,0,13,5,8,18,norway9,0.62,1.0,8,1.62,1.61,1.0,2
Bjorkelangen,8,5,0,3,18,13,5,15,norway9,0.62,0.62,5,2.25,1.61,1.61,3
IF Ready,8,4,2,2,17,12,5,14,norway9,0.5,0.75,5,2.12,2.0,1.33,4
Skjetten,8,3,1,4,14,13,1,10,norway9,0.38,0.5,1,1.75,2.63,2.0,5
Lokomotiv Oslo,8,3,1,4,11,13,-2,10,norway9,0.38,0.5,-2,1.38,2.63,2.0,5
Molde B,8,3,1,4,16,19,-3,10,norway9,0.38,0.5,-3,2.0,2.63,2.0,5
Aalesund B,8,2,2,4,18,19,-1,8,norway9,0.25,0.5,-1,2.25,4.0,2.0,6
Kristiansund B,8,2,1,5,8,18,-10,7,norway9,0.25,0.38,-10,1.0,4.0,2.63,7
Funnefoss . V.,8,2,0,6,10,18,-8,6,norway9,0.25,0.25,-8,1.25,4.0,4.0,8
Skedsmo,8,1,3,4,10,20,-10,6,norway9,0.12,0.5,-10,1.25,8.33,2.0,8
Hodd B,8,1,0,7,6,23,-17,3,norway9,0.12,0.12,-17,0.75,8.33,8.33,9
Gjellerasen,8,0,3,5,5,29,-24,3,norway9,0.0,0.38,-24,0.62,0.0,2.63,9
Spjelkavik,8,0,2,6,8,19,-11,2,norway9,0.0,0.25,-11,1.0,0.0,4.0,10
Honefoss,8,8,0,0,31,7,24,24,norway10,1.0,1.0,24,3.88,1.0,1.0,1
Harstad,8,6,2,0,18,7,11,20,norway10,0.75,1.0,11,2.25,1.33,1.0,2
Floya,8,5,2,1,23,11,12,17,norway10,0.62,0.88,12,2.88,1.61,1.14,3
Elverum,8,5,1,2,21,9,12,16,norway10,0.62,0.75,12,2.62,1.61,1.33,4
Skjervoy,8,3,1,4,18,22,-4,10,norway10,0.38,0.5,-4,2.25,2.63,2.0,5
Innstranden,8,3,1,4,5,15,-10,10,norway10,0.38,0.5,-10,0.62,2.63,2.0,5
HamKam B,8,3,0,5,19,22,-3,9,norway10,0.38,0.38,-3,2.38,2.63,2.63,6
Sprint-Jeloy,8,3,0,5,10,20,-10,9,norway10,0.38,0.38,-10,1.25,2.63,2.63,6
Fredrikstad B,8,3,0,5,11,23,-12,9,norway10,0.38,0.38,-12,1.38,2.63,2.63,6
Kongsvinger B,8,2,2,4,16,21,-5,8,norway10,0.25,0.5,-5,2.0,4.0,2.0,7
Fyllingsdalen,8,2,1,5,9,26,-17,7,norway10,0.25,0.38,-17,1.12,4.0,2.63,8
Ulfstind,8,2,0,6,18,21,-3,6,norway10,0.25,0.25,-3,2.25,4.0,4.0,9
Mjolner,8,1,2,5,9,22,-13,5,norway10,0.12,0.38,-13,1.12,8.33,2.63,10
Bodo/Glimt B,8,0,0,8,7,36,-29,0,norway10,0.0,0.0,-29,0.88,0.0,0.0,11
Al Seeb,6,5,1,0,13,4,9,16,oman,0.83,1.0,9,2.17,1.2,1.0,1
Al-Nahda,6,5,1,0,9,2,7,16,oman,0.83,1.0,7,1.5,1.2,1.0,1
Oman Club,5,3,2,0,6,2,4,11,oman,0.6,1.0,4,1.2,1.67,1.0,2
Al-Khabourah,6,3,0,3,5,7,-2,9,oman,0.5,0.5,-2,0.83,2.0,2.0,3
Bahla,6,2,2,2,6,6,0,8,oman,0.33,0.67,0,1.0,3.03,1.49,4
Al Nasr,5,2,1,2,3,2,1,7,oman,0.4,0.6,1,0.6,2.5,1.67,5
Saham,6,2,1,3,8,8,0,7,oman,0.33,0.5,0,1.33,3.03,2.0,5
Ibri,5,2,1,2,4,5,-1,7,oman,0.4,0.6,-1,0.8,2.5,1.67,5
Al-Shabab Club,5,1,0,4,5,5,0,3,oman,0.2,0.2,0,1.0,5.0,5.0,6
Sohar,5,0,2,3,6,11,-5,2,oman,0.0,0.4,-5,1.2,0.0,2.5,7
Sur,6,0,2,4,1,8,-7,2,oman,0.0,0.33,-7,0.17,0.0,3.03,7
Al-Rustaq,5,0,0,5,3,11,-8,0,oman,0.0,0.0,-8,0.6,0.0,0.0,8
Independiente,8,4,2,2,12,9,3,14,panama2,0.5,0.75,3,1.5,2.0,1.33,1
San Miguelito,8,3,3,2,5,4,1,12,panama2,0.38,0.75,1,0.62,2.63,1.33,2
Plaza Amador,8,2,5,1,8,7,1,11,panama2,0.25,0.88,1,1.0,4.0,1.14,3
Veraguas,7,3,1,3,11,12,-1,10,panama2,0.43,0.57,-1,1.57,2.33,1.75,4
Tauro,8,3,1,4,7,10,-3,10,panama2,0.38,0.5,-3,0.88,2.63,2.0,4
Universitario,8,3,1,4,6,9,-3,10,panama2,0.38,0.5,-3,0.75,2.63,2.0,4
Arabe Unido,8,2,3,3,6,5,1,9,panama2,0.25,0.62,1,0.75,4.0,1.61,5
UMECIT,8,2,3,3,6,7,-1,9,panama2,0.25,0.62,-1,0.75,4.0,1.61,5
Alianza,7,2,1,4,7,10,-3,7,panama2,0.29,0.43,-3,1.0,3.45,2.33,6
San Francisco,8,1,3,4,8,11,-3,6,panama2,0.12,0.5,-3,1.0,8.33,2.0,7
Costa del Este,8,0,4,4,3,11,-8,4,panama2,0.0,0.5,-8,0.38,0.0,2.0,8
Herrera,8,0,2,6,5,12,-7,2,panama2,0.0,0.25,-7,0.62,0.0,4.0,9
Guarani,8,4,3,1,9,5,4,15,paraguay2,0.5,0.88,4,1.12,2.0,1.14,1
S. Ameliano,8,4,2,2,12,5,7,14,paraguay2,0.5,0.75,7,1.5,2.0,1.33,2
Olimpia,8,4,2,2,5,4,1,14,paraguay2,0.5,0.75,1,0.62,2.0,1.33,2
2 de Mayo,8,3,3,2,10,7,3,12,paraguay2,0.38,0.75,3,1.25,2.63,1.33,3
G. Caballero,8,3,2,3,7,6,1,11,paraguay2,0.38,0.62,1,0.88,2.63,1.61,4
Sol de America,8,2,3,3,9,8,1,9,paraguay2,0.25,0.62,1,1.12,4.0,1.61,5
S. Luqueno,8,2,3,3,14,14,0,9,paraguay2,0.25,0.62,0,1.75,4.0,1.61,5
Libertad,8,2,2,4,8,12,-4,8,paraguay2,0.25,0.5,-4,1.0,4.0,2.0,6
Cerro Porteno,8,2,1,5,7,12,-5,7,paraguay2,0.25,0.38,-5,0.88,4.0,2.63,7
Nacional,8,1,3,4,8,10,-2,6,paraguay2,0.12,0.5,-2,1.0,8.33,2.0,8
Tacuary,8,1,2,5,7,12,-5,5,paraguay2,0.12,0.38,-5,0.88,8.33,2.63,9
S. Trinidense,8,0,4,4,5,9,-4,4,paraguay2,0.0,0.5,-4,0.62,0.0,2.0,10
Alianza Lima,8,5,1,2,11,5,6,16,peru2,0.62,0.75,6,1.38,1.61,1.33,1
Atletico Grau,8,4,3,1,9,5,4,15,peru2,0.5,0.88,4,1.12,2.0,1.14,2
Cusco,8,4,2,2,14,13,1,14,peru2,0.5,0.75,1,1.75,2.0,1.33,3
Alianza A.,8,3,3,2,7,9,-2,12,peru2,0.38,0.75,-2,0.88,2.63,1.33,4
Universitario,8,2,4,2,9,6,3,10,peru2,0.25,0.75,3,1.12,4.0,1.33,5
S. Cristal,8,2,3,3,20,12,8,9,peru2,0.25,0.62,8,2.5,4.0,1.61,6
FBC Melgar,8,2,3,3,12,13,-1,9,peru2,0.25,0.62,-1,1.5,4.0,1.61,6
Sport Huancayo,8,2,2,4,8,13,-5,8,peru2,0.25,0.5,-5,1.0,4.0,2.0,7
ADT,8,1,4,3,5,7,-2,7,peru2,0.12,0.62,-2,0.62,8.33,1.61,8
Carlos Manucci,8,2,1,5,10,13,-3,7,peru2,0.25,0.38,-3,1.25,4.0,2.63,8
Cienciano,8,2,1,5,8,18,-10,7,peru2,0.25,0.38,-10,1.0,4.0,2.63,8
D. Garcilaso,8,1,2,5,7,11,-4,5,peru2,0.12,0.38,-4,0.88,8.33,2.63,9
Sport Boys,8,1,2,5,5,13,-8,5,peru2,0.12,0.38,-8,0.62,8.33,2.63,9
Cajamarca,8,0,3,5,3,15,-12,3,peru2,0.0,0.38,-12,0.38,0.0,2.63,10
Los Chankas,8,0,2,6,5,13,-8,2,peru2,0.0,0.25,-8,0.62,0.0,4.0,11
Comerciantes U.,8,0,1,7,5,19,-14,1,peru2,0.0,0.12,-14,0.62,0.0,8.33,12
Union Comercio,8,0,1,7,2,18,-16,1,peru2,0.0,0.12,-16,0.25,0.0,8.33,12
Cesar Vallejo,8,0,0,8,6,20,-14,0,peru2,0.0,0.0,-14,0.75,0.0,0.0,13
DH Cebu,4,3,1,0,13,4,9,10,philippines,0.75,1.0,9,3.25,1.33,1.0,1
Manila Digger,3,3,0,0,7,1,6,9,philippines,1.0,1.0,6,2.33,1.0,1.0,2
Stallion,3,3,0,0,7,1,6,9,philippines,1.0,1.0,6,2.33,1.0,1.0,2
Kaya FC,3,2,1,0,7,2,5,7,philippines,0.67,1.0,5,2.33,1.49,1.0,3
One Taguig,3,2,1,0,5,2,3,7,philippines,0.67,1.0,3,1.67,1.49,1.0,3
Davao Aguilas,3,2,0,1,5,3,2,6,philippines,0.67,0.67,2,1.67,1.49,1.49,4
Loyola,4,2,0,2,8,9,-1,6,philippines,0.5,0.5,-1,2.0,2.0,2.0,4
Maharlika,3,1,0,2,5,6,-1,3,philippines,0.33,0.33,-1,1.67,3.03,3.03,5
PFF Development,3,0,1,2,0,8,-8,1,philippines,0.0,0.33,-8,0.0,0.0,3.03,6
Mendiola,5,0,1,4,5,25,-20,1,philippines,0.0,0.2,-20,1.0,0.0,5.0,6
Rakow C.,8,5,3,0,11,5,6,18,poland,0.62,1.0,6,1.38,1.61,1.0,1
Cracovia Krakow,8,5,1,2,17,11,6,16,poland,0.62,0.75,6,2.12,1.61,1.33,2
Gornik Zabrze,8,4,2,2,14,10,4,14,poland,0.5,0.75,4,1.75,2.0,1.33,3
Lech Poznan,8,4,2,2,9,6,3,14,poland,0.5,0.75,3,1.12,2.0,1.33,3
Jagiellonia,8,4,2,2,11,11,0,14,poland,0.5,0.75,0,1.38,2.0,1.33,3
Motor Lublin,8,3,2,3,13,18,-5,11,poland,0.38,0.62,-5,1.62,2.63,1.61,4
Legia Warsaw,8,2,4,2,13,12,1,10,poland,0.25,0.75,1,1.62,4.0,1.33,5
Piast Gliwice,8,3,1,4,6,7,-1,10,poland,0.38,0.5,-1,0.75,2.63,2.0,5
Korona Kielce,8,2,4,2,7,11,-4,10,poland,0.25,0.75,-4,0.88,4.0,1.33,5
Katowice,8,2,2,4,14,16,-2,8,poland,0.25,0.5,-2,1.75,4.0,2.0,6
Widzew Lodz,8,2,2,4,11,14,-3,8,poland,0.25,0.5,-3,1.38,4.0,2.0,6
Radomiak Radom,8,2,0,6,7,13,-6,6,poland,0.25,0.25,-6,0.88,4.0,4.0,7
Zaglebie Lubin,8,1,3,4,6,14,-8,6,poland,0.12,0.5,-8,0.75,8.33,2.0,7
Puszcza Niepolo,8,1,2,5,3,10,-7,5,poland,0.12,0.38,-7,0.38,8.33,2.63,8
Lechia Gdansk,8,1,2,5,11,19,-8,5,poland,0.12,0.38,-8,1.38,8.33,2.63,8
Pogon Szczecin,8,1,1,6,7,13,-6,4,poland,0.12,0.25,-6,0.88,8.33,4.0,9
Stal Mielec,8,1,1,6,7,13,-6,4,poland,0.12,0.25,-6,0.88,8.33,4.0,9
Slask Wroclaw,8,0,3,5,6,14,-8,3,poland,0.0,0.38,-8,0.75,0.0,2.63,10
T. Nieciecza,8,7,0,1,15,4,11,21,poland2,0.88,0.88,11,1.88,1.14,1.14,1
Arka Gdynia,8,5,2,1,18,6,12,17,poland2,0.62,0.88,12,2.25,1.61,1.14,2
Miedz Legnica,8,5,2,1,13,5,8,17,poland2,0.62,0.88,8,1.62,1.61,1.14,2
LKS Lodz,8,4,2,2,17,11,6,14,poland2,0.5,0.75,6,2.12,2.0,1.33,3
Wisla Krakow,8,4,1,3,16,10,6,13,poland2,0.5,0.62,6,2.0,2.0,1.61,4
Gornik Leczna,8,3,4,1,15,11,4,13,poland2,0.38,0.88,4,1.88,2.63,1.14,4
Ruch Chorzow,8,4,0,4,9,11,-2,12,poland2,0.5,0.5,-2,1.12,2.0,2.0,5
Wisla Plock,8,3,2,3,12,14,-2,11,poland2,0.38,0.62,-2,1.5,2.63,1.61,6
Stal Rzeszow,8,2,4,2,12,10,2,10,poland2,0.25,0.75,2,1.5,4.0,1.33,7
Tychy,8,2,4,2,8,10,-2,10,poland2,0.25,0.75,-2,1.0,4.0,1.33,7
Odra Opole,8,2,3,3,7,19,-12,9,poland2,0.25,0.62,-12,0.88,4.0,1.61,8
Polonia Warszaw,8,2,2,4,10,14,-4,8,poland2,0.25,0.5,-4,1.25,4.0,2.0,9
Znicz Pruszkow,8,1,5,2,7,11,-4,8,poland2,0.12,0.75,-4,0.88,8.33,1.33,9
Warta Poznan,8,2,2,4,4,13,-9,8,poland2,0.25,0.5,-9,0.5,4.0,2.0,9
Stalowa Wola,8,1,2,5,3,13,-10,5,poland2,0.12,0.38,-10,0.38,8.33,2.63,10
Chrobry Glogow,8,1,1,6,6,18,-12,4,poland2,0.12,0.25,-12,0.75,8.33,4.0,11
K. Kolobrzeg,8,1,1,6,6,20,-14,4,poland2,0.12,0.25,-14,0.75,8.33,4.0,11
Pogon Siedlce,8,1,0,7,6,14,-8,3,poland2,0.12,0.12,-8,0.75,8.33,8.33,12
Pogon Grodzisk,8,6,2,0,18,5,13,20,poland3,0.75,1.0,13,2.25,1.33,1.0,1
Wieczysta K.,8,6,1,1,20,5,15,19,poland3,0.75,0.88,15,2.5,1.33,1.14,2
Polonia Bytom,8,4,2,2,13,10,3,14,poland3,0.5,0.75,3,1.62,2.0,1.33,3
LKS Lodz B,8,4,1,3,11,12,-1,13,poland3,0.5,0.62,-1,1.38,2.0,1.61,4
Podbeskidzie,8,3,2,3,14,12,2,11,poland3,0.38,0.62,2,1.75,2.63,1.61,5
Rekord Bielsko,8,3,2,3,18,18,0,11,poland3,0.38,0.62,0,2.25,2.63,1.61,5
Chojniczanka,8,3,2,3,7,8,-1,11,poland3,0.38,0.62,-1,0.88,2.63,1.61,5
Kalisz,8,3,2,3,5,7,-2,11,poland3,0.38,0.62,-2,0.62,2.63,1.61,5
Z. Sosnowiec,8,2,3,3,7,9,-2,9,poland3,0.25,0.62,-2,0.88,4.0,1.61,6
Hutnik Krakow,8,2,3,3,9,17,-8,9,poland3,0.25,0.62,-8,1.12,4.0,1.61,6
Jastrzebie,8,2,2,4,7,8,-1,8,poland3,0.25,0.5,-1,0.88,4.0,2.0,7
O. Grudziadz,8,2,2,4,10,12,-2,8,poland3,0.25,0.5,-2,1.25,4.0,2.0,7
Resovia Rzeszow,8,2,1,5,10,15,-5,7,poland3,0.25,0.38,-5,1.25,4.0,2.63,8
Swit Skolwin,8,1,3,4,7,14,-7,6,poland3,0.12,0.5,-7,0.88,8.33,2.0,9
Wisla Pulawy,8,2,0,6,10,21,-11,6,poland3,0.25,0.25,-11,1.25,4.0,4.0,9
SKRA Czestochow,8,1,1,6,5,18,-13,4,poland3,0.12,0.25,-13,0.62,8.33,4.0,10
Zaglebie L. B,8,0,3,5,11,19,-8,3,poland3,0.0,0.38,-8,1.38,0.0,2.63,11
Olimpia Elblag,8,0,1,7,6,22,-16,1,poland3,0.0,0.12,-16,0.75,0.0,8.33,12
Sporting Braga,8,6,1,1,12,4,8,19,portugal,0.75,0.88,8,1.5,1.33,1.14,1
Sporting CP,8,5,2,1,23,8,15,17,portugal,0.62,0.88,15,2.88,1.61,1.14,2
Benfica,8,4,2,2,11,6,5,14,portugal,0.5,0.75,5,1.38,2.0,1.33,3
FC Porto,8,4,1,3,15,9,6,13,portugal,0.5,0.62,6,1.88,2.0,1.61,4
Santa Clara,8,4,0,4,10,10,0,12,portugal,0.5,0.5,0,1.25,2.0,2.0,5
Casa Pia,8,3,2,3,8,11,-3,11,portugal,0.38,0.62,-3,1.0,2.63,1.61,6
Famalicao,8,2,4,2,13,11,2,10,portugal,0.25,0.75,2,1.62,4.0,1.33,7
Guimaraes,8,1,4,3,9,10,-1,7,portugal,0.12,0.62,-1,1.12,8.33,1.61,8
Farense,8,1,4,3,5,9,-4,7,portugal,0.12,0.62,-4,0.62,8.33,1.61,8
Arouca,8,2,1,5,7,15,-8,7,portugal,0.25,0.38,-8,0.88,4.0,2.63,8
Boavista,8,1,3,4,8,14,-6,6,portugal,0.12,0.5,-6,1.0,8.33,2.0,9
Estoril,8,1,3,4,8,15,-7,6,portugal,0.12,0.5,-7,1.0,8.33,2.0,9
Gil Vicente,8,1,3,4,7,16,-9,6,portugal,0.12,0.5,-9,0.88,8.33,2.0,9
AVS,8,0,5,3,6,12,-6,5,portugal,0.0,0.62,-6,0.75,0.0,1.61,10
Moreirense,8,1,1,6,9,15,-6,4,portugal,0.12,0.25,-6,1.12,8.33,4.0,11
Rio Ave,8,1,1,6,3,15,-12,4,portugal,0.12,0.25,-12,0.38,8.33,4.0,11
Nacional,8,0,2,6,4,11,-7,2,portugal,0.0,0.25,-7,0.5,0.0,4.0,12
Estrela Amadora,8,0,2,6,3,15,-12,2,portugal,0.0,0.25,-12,0.38,0.0,4.0,12
Penafiel,8,6,1,1,13,8,5,19,portugal2,0.75,0.88,5,1.62,1.33,1.14,1
Tondela,8,3,5,0,16,8,8,14,portugal2,0.38,1.0,8,2.0,2.63,1.0,2
Chaves,8,4,2,2,11,8,3,14,portugal2,0.5,0.75,3,1.38,2.0,1.33,2
Uniao de Leiria,8,4,1,3,15,8,7,13,portugal2,0.5,0.62,7,1.88,2.0,1.61,3
Felgueiras,8,3,3,2,13,9,4,12,portugal2,0.38,0.75,4,1.62,2.63,1.33,4
Benfica B,8,3,3,2,12,9,3,12,portugal2,0.38,0.75,3,1.5,2.63,1.33,4
Academico Viseu,8,3,2,3,14,11,3,11,portugal2,0.38,0.62,3,1.75,2.63,1.61,5
Alverca,8,3,2,3,12,9,3,11,portugal2,0.38,0.62,3,1.5,2.63,1.61,5
Torreense,8,3,2,3,10,9,1,11,portugal2,0.38,0.62,1,1.25,2.63,1.61,5
Portimonense,8,3,2,3,10,12,-2,11,portugal2,0.38,0.62,-2,1.25,2.63,1.61,5
Pacos Ferreira,8,3,1,4,9,10,-1,10,portugal2,0.38,0.5,-1,1.12,2.63,2.0,6
Maritimo,8,3,1,4,13,15,-2,10,portugal2,0.38,0.5,-2,1.62,2.63,2.0,6
Feirense,8,1,4,3,1,3,-2,7,portugal2,0.12,0.62,-2,0.12,8.33,1.61,7
Vizela,8,1,4,3,6,9,-3,7,portugal2,0.12,0.62,-3,0.75,8.33,1.61,7
Mafra,8,1,3,4,7,10,-3,6,portugal2,0.12,0.5,-3,0.88,8.33,2.0,8
Leixoes,8,1,2,5,4,10,-6,5,portugal2,0.12,0.38,-6,0.5,8.33,2.63,9
Oliveirense,8,1,2,5,9,16,-7,5,portugal2,0.12,0.38,-7,1.12,8.33,2.63,9
FC Porto B,8,0,2,6,6,15,-9,2,portugal2,0.0,0.25,-9,0.75,0.0,4.0,10
Al Duhail,6,5,0,1,21,5,16,15,qatar,0.83,0.83,16,3.5,1.2,1.2,1
Al Ahli Doha,5,3,2,0,12,6,6,11,qatar,0.6,1.0,6,2.4,1.67,1.0,2
Al Sadd,6,3,1,2,17,12,5,10,qatar,0.5,0.67,5,2.83,2.0,1.49,3
Al Shamal,7,3,1,3,10,9,1,10,qatar,0.43,0.57,1,1.43,2.33,1.75,3
Al Rayyan,7,3,0,4,13,14,-1,9,qatar,0.43,0.43,-1,1.86,2.33,2.33,4
Al Gharafa,6,2,2,2,10,9,1,8,qatar,0.33,0.67,1,1.67,3.03,1.49,5
Al Wakrah,6,2,1,3,9,12,-3,7,qatar,0.33,0.5,-3,1.5,3.03,2.0,6
Qatar SC,5,2,1,2,7,11,-4,7,qatar,0.4,0.6,-4,1.4,2.5,1.67,6
Umm Salal,6,2,0,4,8,11,-3,6,qatar,0.33,0.33,-3,1.33,3.03,3.03,7
Al Khor,6,1,2,3,6,10,-4,5,qatar,0.17,0.5,-4,1.0,5.88,2.0,8
Al Shahaniya,7,1,1,5,11,18,-7,4,qatar,0.14,0.29,-7,1.57,7.14,3.45,9
Al Arabi,5,0,2,3,6,16,-10,2,qatar,0.0,0.4,-10,1.2,0.0,2.5,10
FCSB,8,5,2,1,13,5,8,17,romania,0.62,0.88,8,1.62,1.61,1.14,1
Din. Bucharest,8,3,4,1,9,6,3,13,romania,0.38,0.88,3,1.12,2.63,1.14,2
CFR Cluj,8,3,4,1,8,5,3,13,romania,0.38,0.88,3,1.0,2.63,1.14,2
U. Cluj,8,3,3,2,9,6,3,12,romania,0.38,0.75,3,1.12,2.63,1.33,3
Petrolul,8,3,3,2,10,11,-1,12,romania,0.38,0.75,-1,1.25,2.63,1.33,3
Rapid Bucharest,8,2,4,2,6,8,-2,10,romania,0.25,0.75,-2,0.75,4.0,1.33,4
Univ. Craiova,8,2,3,3,10,11,-1,9,romania,0.25,0.62,-1,1.25,4.0,1.61,5
Unirea Slobozia,8,3,0,5,8,13,-5,9,romania,0.38,0.38,-5,1.0,2.63,2.63,5
Sepsi OSK,8,2,2,4,12,14,-2,8,romania,0.25,0.5,-2,1.5,4.0,2.0,6
Farul Constanta,8,1,5,2,5,10,-5,8,romania,0.12,0.75,-5,0.62,8.33,1.33,6
UTA Arad,8,2,1,5,5,9,-4,7,romania,0.25,0.38,-4,0.62,4.0,2.63,7
Hermannstadt,8,2,1,5,9,17,-8,7,romania,0.25,0.38,-8,1.12,4.0,2.63,7
Otelul,8,1,3,4,4,8,-4,6,romania,0.12,0.5,-4,0.5,8.33,2.0,8
P. Iasi,8,1,2,5,6,16,-10,5,romania,0.12,0.38,-10,0.75,8.33,2.63,9
Botosani,8,0,3,5,3,13,-10,3,romania,0.0,0.38,-10,0.38,0.0,2.63,10
FC Buzau,8,0,1,7,8,22,-14,1,romania,0.0,0.12,-14,1.0,0.0,8.33,11
Zenit,8,6,1,1,17,4,13,19,russia,0.75,0.88,13,2.12,1.33,1.14,1
CSKA Moscow,8,6,1,1,13,5,8,19,russia,0.75,0.88,8,1.62,1.33,1.14,1
FC Krasnodar,8,5,3,0,17,6,11,18,russia,0.62,1.0,11,2.12,1.61,1.0,2
Lokomotiv M.,8,4,2,2,16,11,5,14,russia,0.5,0.75,5,2.0,2.0,1.33,3
Spartak Moscow,8,4,2,2,12,7,5,14,russia,0.5,0.75,5,1.5,2.0,1.33,3
Dinamo Moscow,8,3,4,1,15,10,5,13,russia,0.38,0.88,5,1.88,2.63,1.14,4
Rubin Kazan,8,3,3,2,10,9,1,12,russia,0.38,0.75,1,1.25,2.63,1.33,5
Akron,8,2,3,3,7,15,-8,9,russia,0.25,0.62,-8,0.88,4.0,1.61,6
Krylya Sovetov,8,2,2,4,9,12,-3,8,russia,0.25,0.5,-3,1.12,4.0,2.0,7
Rostov,8,2,2,4,9,17,-8,8,russia,0.25,0.5,-8,1.12,4.0,2.0,7
Nizhny Novgorod,8,2,2,4,8,16,-8,8,russia,0.25,0.5,-8,1.0,4.0,2.0,7
Makhachkala,8,1,4,3,3,7,-4,7,russia,0.12,0.62,-4,0.38,8.33,1.61,8
Khimki,8,1,3,4,9,19,-10,6,russia,0.12,0.5,-10,1.12,8.33,2.0,9
Akhmat Grozny,8,1,2,5,6,14,-8,5,russia,0.12,0.38,-8,0.75,8.33,2.63,10
Fakel Voronezh,8,1,2,5,6,16,-10,5,russia,0.12,0.38,-10,0.75,8.33,2.63,10
Orenburg,8,0,1,7,3,13,-10,1,russia,0.0,0.12,-10,0.38,0.0,8.33,11
Baltika,8,6,0,2,12,7,5,18,russia2,0.75,0.75,5,1.5,1.33,1.33,1
Chernomorets,8,5,1,2,13,11,2,16,russia2,0.62,0.75,2,1.62,1.61,1.33,2
Torpedo Moscow,8,3,5,0,12,7,5,14,russia2,0.38,1.0,5,1.5,2.63,1.0,3
Rotor Volgograd,8,3,3,2,8,8,0,12,russia2,0.38,0.75,0,1.0,2.63,1.33,4
PFC Sochi,8,2,5,1,11,10,1,11,russia2,0.25,0.88,1,1.38,4.0,1.14,5
Ural,8,3,2,3,10,10,0,11,russia2,0.38,0.62,0,1.25,2.63,1.61,5
Shinnik,8,1,5,2,5,8,-3,8,russia2,0.12,0.75,-3,0.62,8.33,1.33,6
Chayka,8,2,2,4,4,12,-8,8,russia2,0.25,0.5,-8,0.5,4.0,2.0,6
SKA Khabarovsk,8,1,4,3,7,12,-5,7,russia2,0.12,0.62,-5,0.88,8.33,1.61,7
Neftekhimik,8,1,3,4,6,8,-2,6,russia2,0.12,0.5,-2,0.75,8.33,2.0,8
Arsenal Tula,8,0,6,2,7,10,-3,6,russia2,0.0,0.75,-3,0.88,0.0,1.33,8
Rodina Moskva,8,1,3,4,6,10,-4,6,russia2,0.12,0.5,-4,0.75,8.33,2.0,8
A. Vladikavkaz,8,1,3,4,2,10,-8,6,russia2,0.12,0.5,-8,0.25,8.33,2.0,8
Kamaz,8,1,2,5,5,9,-4,5,russia2,0.12,0.38,-4,0.62,8.33,2.63,9
Ufa,8,1,2,5,5,12,-7,5,russia2,0.12,0.38,-7,0.62,8.33,2.63,9
Sokol Saratov,8,1,2,5,4,17,-13,5,russia2,0.12,0.38,-13,0.5,8.33,2.63,9
Yenisey,8,1,1,6,7,17,-10,4,russia2,0.12,0.25,-10,0.88,8.33,4.0,10
Tyumen,8,1,0,7,5,15,-10,3,russia2,0.12,0.12,-10,0.62,8.33,8.33,11
Al Hilal,8,6,1,1,22,8,14,19,saudiarabia,0.75,0.88,14,2.75,1.33,1.14,1
Al Ittihad,7,5,1,1,12,5,7,16,saudiarabia,0.71,0.86,7,1.71,1.41,1.16,2
Al Riyadh,7,4,2,1,11,9,2,14,saudiarabia,0.57,0.86,2,1.57,1.75,1.16,3
Al Nassr,6,4,1,1,14,7,7,13,saudiarabia,0.67,0.83,7,2.33,1.49,1.2,4
Al Shabab,7,4,1,2,10,5,5,13,saudiarabia,0.57,0.71,5,1.43,1.75,1.41,4
Al Quadisiya,7,4,1,2,10,6,4,13,saudiarabia,0.57,0.71,4,1.43,1.75,1.41,4
Al Ittifaq,7,3,3,1,8,7,1,12,saudiarabia,0.43,0.86,1,1.14,2.33,1.16,5
Al Kholood,8,3,2,3,10,11,-1,11,saudiarabia,0.38,0.62,-1,1.25,2.63,1.61,6
Al Ahli Jeddah,7,3,1,3,9,6,3,10,saudiarabia,0.43,0.57,3,1.29,2.33,1.75,7
Al Khaleej,7,3,1,3,9,11,-2,10,saudiarabia,0.43,0.57,-2,1.29,2.33,1.75,7
Al Taawon,7,2,1,4,7,8,-1,7,saudiarabia,0.29,0.43,-1,1.0,3.45,2.33,8
Al Raed,7,2,1,4,10,12,-2,7,saudiarabia,0.29,0.43,-2,1.43,3.45,2.33,8
Al Akhdoud,7,2,1,4,10,13,-3,7,saudiarabia,0.29,0.43,-3,1.43,3.45,2.33,8
Al Orubah,8,2,1,5,9,19,-10,7,saudiarabia,0.25,0.38,-10,1.12,4.0,2.63,8
Damak,7,2,0,5,10,14,-4,6,saudiarabia,0.29,0.29,-4,1.43,3.45,3.45,9
Al Feiha,7,0,4,3,5,11,-6,4,saudiarabia,0.0,0.57,-6,0.71,0.0,1.75,10
Al Wahda,6,1,1,4,6,16,-10,4,saudiarabia,0.17,0.33,-10,1.0,5.88,3.03,10
Al Fateh,6,0,1,5,3,12,-9,1,saudiarabia,0.0,0.17,-9,0.5,0.0,5.88,11
Neom SC,7,5,0,2,16,8,8,15,saudiarabia2,0.71,0.71,8,2.29,1.41,1.41,1
Al Tai,8,4,2,2,9,9,0,14,saudiarabia2,0.5,0.75,0,1.12,2.0,1.33,2
Al Bukayriyah,8,4,1,3,11,6,5,13,saudiarabia2,0.5,0.62,5,1.38,2.0,1.61,3
Al Arabi,8,3,2,3,9,12,-3,11,saudiarabia2,0.38,0.62,-3,1.12,2.63,1.61,4
Al Adalha,8,2,4,2,11,10,1,10,saudiarabia2,0.25,0.75,1,1.38,4.0,1.33,5
Al Hazm,8,3,1,4,12,14,-2,10,saudiarabia2,0.38,0.5,-2,1.5,2.63,2.0,5
Al Ain,8,2,2,4,8,10,-2,8,saudiarabia2,0.25,0.5,-2,1.0,4.0,2.0,6
Al Jubail,8,2,2,4,6,8,-2,8,saudiarabia2,0.25,0.5,-2,0.75,4.0,2.0,6
Al Safa,7,2,2,3,6,9,-3,8,saudiarabia2,0.29,0.57,-3,0.86,3.45,1.75,6
Jeddah,7,2,2,3,7,11,-4,8,saudiarabia2,0.29,0.57,-4,1.0,3.45,1.75,6
Al Najma,8,2,2,4,7,12,-5,8,saudiarabia2,0.25,0.5,-5,0.88,4.0,2.0,6
Al Jabalain,8,1,4,3,8,11,-3,7,saudiarabia2,0.12,0.62,-3,1.0,8.33,1.61,7
Al Faisaly,8,2,1,5,8,13,-5,7,saudiarabia2,0.25,0.38,-5,1.0,4.0,2.63,7
Al Jandal,8,2,1,5,6,12,-6,7,saudiarabia2,0.25,0.38,-6,0.75,4.0,2.63,7
Al Batin,8,1,4,3,7,16,-9,7,saudiarabia2,0.12,0.62,-9,0.88,8.33,1.61,7
Abha,8,2,0,6,6,17,-11,6,saudiarabia2,0.25,0.25,-11,0.75,4.0,4.0,8
Al Zulfi,8,0,3,5,4,12,-8,3,saudiarabia2,0.0,0.38,-8,0.5,0.0,2.63,9
Ohod,7,0,2,5,3,10,-7,2,saudiarabia2,0.0,0.29,-7,0.43,0.0,3.45,10
Celtic,8,5,2,1,17,8,9,17,scotland,0.62,0.88,9,2.12,1.61,1.14,1
Hibernian,8,3,2,3,12,13,-1,11,scotland,0.38,0.62,-1,1.5,2.63,1.61,2
Dundee Utd,8,3,2,3,10,11,-1,11,scotland,0.38,0.62,-1,1.25,2.63,1.61,2
Dundee FC,8,3,1,4,8,12,-4,10,scotland,0.38,0.5,-4,1.0,2.63,2.0,3
Ross County,8,3,1,4,7,15,-8,10,scotland,0.38,0.5,-8,0.88,2.63,2.0,3
Rangers,8,2,3,3,12,11,1,9,scotland,0.25,0.62,1,1.5,4.0,1.61,4
Hearts,8,2,3,3,8,9,-1,9,scotland,0.25,0.62,-1,1.0,4.0,1.61,4
St. Mirren,8,3,0,5,8,17,-9,9,scotland,0.38,0.38,-9,1.0,2.63,2.63,4
Motherwell,8,2,1,5,6,15,-9,7,scotland,0.25,0.38,-9,0.75,4.0,2.63,5
Aberdeen,8,1,3,4,9,16,-7,6,scotland,0.12,0.5,-7,1.12,8.33,2.0,6
Kilmarnock,8,1,2,5,7,16,-9,5,scotland,0.12,0.38,-9,0.88,8.33,2.63,7
St. Johnstone,8,1,1,6,7,18,-11,4,scotland,0.12,0.25,-11,0.88,8.33,4.0,8
Partick Thistle,8,4,1,3,8,7,1,13,scotland2,0.5,0.62,1,1.0,2.0,1.61,1
Falkirk,8,3,2,3,12,12,0,11,scotland2,0.38,0.62,0,1.5,2.63,1.61,2
Livingston,8,3,2,3,9,9,0,11,scotland2,0.38,0.62,0,1.12,2.63,1.61,2
Ayr Utd,8,3,2,3,6,7,-1,11,scotland2,0.38,0.62,-1,0.75,2.63,1.61,2
Queens Park,8,2,3,3,9,10,-1,9,scotland2,0.25,0.62,-1,1.12,4.0,1.61,3
Greenock Morton,8,1,3,4,5,15,-10,6,scotland2,0.12,0.5,-10,0.62,8.33,2.0,4
Dunfermline,8,1,1,6,7,12,-5,4,scotland2,0.12,0.25,-5,0.88,8.33,4.0,5
Hamilton,8,1,1,6,12,19,-7,4,scotland2,0.12,0.25,-7,1.5,8.33,4.0,5
Raith Rovers,8,1,1,6,4,16,-12,4,scotland2,0.12,0.25,-12,0.5,8.33,4.0,5
Airdrieonians,8,0,0,8,5,15,-10,0,scotland2,0.0,0.0,-10,0.62,0.0,0.0,6
Cove Rangers,8,4,2,2,14,6,8,14,scotland3,0.5,0.75,8,1.75,2.0,1.33,1
Arbroath,8,4,2,2,17,10,7,14,scotland3,0.5,0.75,7,2.12,2.0,1.33,1
Stenhousemuir,8,3,3,2,11,6,5,12,scotland3,0.38,0.75,5,1.38,2.63,1.33,2
Alloa Athletic,8,3,3,2,9,7,2,12,scotland3,0.38,0.75,2,1.12,2.63,1.33,2
Inverness,8,3,2,3,9,10,-1,11,scotland3,0.38,0.62,-1,1.12,2.63,1.61,3
Kelty Hearts,8,2,3,3,9,7,2,9,scotland3,0.25,0.62,2,1.12,4.0,1.61,4
Montrose,8,3,0,5,5,8,-3,9,scotland3,0.38,0.38,-3,0.62,2.63,2.63,4
Dumbarton,8,2,2,4,8,15,-7,8,scotland3,0.25,0.5,-7,1.0,4.0,2.0,5
Annan Athletic,8,1,2,5,8,16,-8,5,scotland3,0.12,0.38,-8,1.0,8.33,2.63,6
Queen of South,8,0,2,6,3,11,-8,2,scotland3,0.0,0.25,-8,0.38,0.0,4.0,7
Edinburgh City,8,3,3,2,13,9,4,12,scotland4,0.38,0.75,4,1.62,2.63,1.33,1
East Fife,8,3,2,3,12,9,3,11,scotland4,0.38,0.62,3,1.5,2.63,1.61,2
Peterhead,8,3,2,3,11,10,1,11,scotland4,0.38,0.62,1,1.38,2.63,1.61,2
Stranraer,8,3,1,4,9,10,-1,10,scotland4,0.38,0.5,-1,1.12,2.63,2.0,3
Elgin City,8,2,3,3,7,8,-1,9,scotland4,0.25,0.62,-1,0.88,4.0,1.61,4
Stirling Albion,8,2,2,4,11,14,-3,8,scotland4,0.25,0.5,-3,1.38,4.0,2.0,5
Bonnyrigg Rose,8,2,1,5,8,19,-11,7,scotland4,0.25,0.38,-11,1.0,4.0,2.63,6
Spartans,8,1,3,4,9,14,-5,6,scotland4,0.12,0.5,-5,1.12,8.33,2.0,7
Forfar Athletic,8,1,0,7,4,12,-8,3,scotland4,0.12,0.12,-8,0.5,8.33,8.33,8
Clyde,8,0,2,6,9,22,-13,2,scotland4,0.0,0.25,-13,1.12,0.0,4.0,9
Red Star,8,8,0,0,27,3,24,24,serbia,1.0,1.0,24,3.38,1.0,1.0,1
Partizan,8,5,1,2,14,10,4,16,serbia,0.62,0.75,4,1.75,1.61,1.33,2
OFK Beograd,8,5,1,2,9,6,3,16,serbia,0.62,0.75,3,1.12,1.61,1.33,2
Vojvodina,8,4,3,1,17,7,10,15,serbia,0.5,0.88,10,2.12,2.0,1.14,3
Mladost Lucani,8,4,3,1,9,6,3,15,serbia,0.5,0.88,3,1.12,2.0,1.14,3
Backa Topola,8,3,3,2,14,11,3,12,serbia,0.38,0.75,3,1.75,2.63,1.33,4
Radnicki 1923,8,3,2,3,14,11,3,11,serbia,0.38,0.62,3,1.75,2.63,1.61,5
Novi Pazar,8,3,2,3,11,12,-1,11,serbia,0.38,0.62,-1,1.38,2.63,1.61,5
Z. Pancevo,8,3,1,4,8,10,-2,10,serbia,0.38,0.5,-2,1.0,2.63,2.0,6
Napredak,8,2,3,3,6,7,-1,9,serbia,0.25,0.62,-1,0.75,4.0,1.61,7
IMT N. Beograd,8,2,1,5,12,16,-4,7,serbia,0.25,0.38,-4,1.5,4.0,2.63,8
Cukaricki,8,1,4,3,11,17,-6,7,serbia,0.12,0.62,-6,1.38,8.33,1.61,8
Radnicki Nis,8,2,1,5,13,21,-8,7,serbia,0.25,0.38,-8,1.62,4.0,2.63,8
S. Subotica,8,1,2,5,5,13,-8,5,serbia,0.12,0.38,-8,0.62,8.33,2.63,9
Tekstilac Odzac,8,0,1,7,1,19,-18,1,serbia,0.0,0.12,-18,0.12,0.0,8.33,10
Jedinstvo U.,8,0,1,7,4,23,-19,1,serbia,0.0,0.12,-19,0.5,0.0,8.33,10
Javor Ivanjica,8,4,3,1,10,5,5,15,serbia2,0.5,0.88,5,1.25,2.0,1.14,1
R. Surdulica,8,3,3,2,7,4,3,12,serbia2,0.38,0.75,3,0.88,2.63,1.33,2
Vrsac,8,3,3,2,10,10,0,12,serbia2,0.38,0.75,0,1.25,2.63,1.33,2
Vozdovac,8,4,0,4,8,9,-1,12,serbia2,0.5,0.5,-1,1.0,2.0,2.0,2
Mladost,8,2,5,1,7,5,2,11,serbia2,0.25,0.88,2,0.88,4.0,1.14,3
Dubocica,8,2,4,2,10,9,1,10,serbia2,0.25,0.75,1,1.25,4.0,1.33,4
Trajal Krusevac,8,3,1,4,9,9,0,10,serbia2,0.38,0.5,0,1.12,2.63,2.0,4
Macva Sabac,8,3,1,4,6,8,-2,10,serbia2,0.38,0.5,-2,0.75,2.63,2.0,4
Indija,8,2,3,3,6,10,-4,9,serbia2,0.25,0.62,-4,0.75,4.0,1.61,5
Zemun,8,1,5,2,10,9,1,8,serbia2,0.12,0.75,1,1.25,8.33,1.33,6
Borac Cacak,8,1,3,4,4,14,-10,6,serbia2,0.12,0.5,-10,0.5,8.33,2.0,7
Smederevo,8,2,0,6,3,14,-11,6,serbia2,0.25,0.25,-11,0.38,4.0,4.0,7
S. Mitrovica,8,0,5,3,2,8,-6,5,serbia2,0.0,0.62,-6,0.25,0.0,1.61,8
Sloboda Uzice,8,1,1,6,5,11,-6,4,serbia2,0.12,0.25,-6,0.62,8.33,4.0,9
Graficar,8,0,2,6,5,16,-11,2,serbia2,0.0,0.25,-11,0.62,0.0,4.0,10
Sloven Ruma,8,0,2,6,3,16,-13,2,serbia2,0.0,0.25,-13,0.38,0.0,4.0,10
Geylang,8,5,3,0,30,12,18,18,singapore,0.62,1.0,18,3.75,1.61,1.0,1
Lion City,8,5,2,1,26,10,16,17,singapore,0.62,0.88,16,3.25,1.61,1.14,2
Tampines Rovers,8,5,2,1,22,8,14,17,singapore,0.62,0.88,14,2.75,1.61,1.14,2
Young Lions,8,3,2,3,16,15,1,11,singapore,0.38,0.62,1,2.0,2.63,1.61,3
DPMM FC,8,3,1,4,17,20,-3,10,singapore,0.38,0.5,-3,2.12,2.63,2.0,4
A. Niigata (S),8,3,1,4,10,19,-9,10,singapore,0.38,0.5,-9,1.25,2.63,2.0,4
Khalsa,8,2,3,3,25,24,1,9,singapore,0.25,0.62,1,3.12,4.0,1.61,5
Hougang,8,1,2,5,11,25,-14,5,singapore,0.12,0.38,-14,1.38,8.33,2.63,6
Tanjong Pagar,8,0,1,7,8,34,-26,1,singapore,0.0,0.12,-26,1.0,0.0,8.33,7
S. Bratislava,8,6,1,1,17,9,8,19,slovakia,0.75,0.88,8,2.12,1.33,1.14,1
Spartak Trnava,8,5,2,1,15,8,7,17,slovakia,0.62,0.88,7,1.88,1.61,1.14,2
Zilina,8,4,3,1,15,5,10,15,slovakia,0.5,0.88,10,1.88,2.0,1.14,3
DAC Streda,8,4,2,2,12,5,7,14,slovakia,0.5,0.75,7,1.5,2.0,1.33,4
Podbrezova,8,3,2,3,9,12,-3,11,slovakia,0.38,0.62,-3,1.12,2.63,1.61,5
Komarno,8,3,1,4,10,17,-7,10,slovakia,0.38,0.5,-7,1.25,2.63,2.0,6
FC Kosice,8,2,3,3,10,10,0,9,slovakia,0.25,0.62,0,1.25,4.0,1.61,7
Z. Michalovce,8,2,2,4,9,14,-5,8,slovakia,0.25,0.5,-5,1.12,4.0,2.0,8
Ruzomberok,8,1,1,6,8,16,-8,4,slovakia,0.12,0.25,-8,1.0,8.33,4.0,9
Trencin,8,0,4,4,8,18,-10,4,slovakia,0.0,0.5,-10,1.0,0.0,2.0,9
Skalica,8,1,1,6,9,21,-12,4,slovakia,0.12,0.25,-12,1.12,8.33,4.0,9
Banska Bystrica,8,0,3,5,4,13,-9,3,slovakia,0.0,0.38,-9,0.5,0.0,2.63,10
Presov,7,5,1,1,13,8,5,16,slovakia2,0.71,0.86,5,1.86,1.41,1.16,1
Zlate Moravce,7,5,0,2,6,3,3,15,slovakia2,0.71,0.71,3,0.86,1.41,1.41,2
L. Mikulas,7,3,3,1,13,10,3,12,slovakia2,0.43,0.86,3,1.86,2.33,1.16,3
Petrzalka,7,3,2,2,8,6,2,11,slovakia2,0.43,0.71,2,1.14,2.33,1.41,4
Malzenice,5,2,1,2,8,7,1,7,slovakia2,0.4,0.6,1,1.6,2.5,1.67,5
S. Bratislava B,8,2,0,6,9,14,-5,6,slovakia2,0.25,0.25,-5,1.12,4.0,4.0,6
Puchov,7,1,3,3,7,12,-5,6,slovakia2,0.14,0.57,-5,1.0,7.14,1.75,6
Zilina B,7,2,0,5,7,15,-8,6,slovakia2,0.29,0.29,-8,1.0,3.45,3.45,6
Samorin,8,2,0,6,10,19,-9,6,slovakia2,0.25,0.25,-9,1.25,4.0,4.0,6
Humenne,7,1,2,4,6,10,-4,5,slovakia2,0.14,0.43,-4,0.86,7.14,2.33,7
P. Bystrica,7,1,2,4,6,12,-6,5,slovakia2,0.14,0.43,-6,0.86,7.14,2.33,7
Pohronie,7,1,2,4,7,15,-8,5,slovakia2,0.14,0.43,-8,1.0,7.14,2.33,7
Zvolen,7,1,1,5,3,15,-12,4,slovakia2,0.14,0.29,-12,0.43,7.14,3.45,8
S. Lubovna,7,1,0,6,5,9,-4,3,slovakia2,0.14,0.14,-4,0.71,7.14,7.14,9
NK Olimpija,8,5,3,0,9,2,7,18,slovenia,0.62,1.0,7,1.12,1.61,1.0,1
Koper,8,5,0,3,11,6,5,15,slovenia,0.62,0.62,5,1.38,1.61,1.61,2
Maribor,8,3,3,2,10,6,4,12,slovenia,0.38,0.75,4,1.25,2.63,1.33,3
NK Celje,8,3,3,2,14,11,3,12,slovenia,0.38,0.75,3,1.75,2.63,1.33,3
Bravo,8,3,3,2,12,11,1,12,slovenia,0.38,0.75,1,1.5,2.63,1.33,3
Primorje,8,3,2,3,12,16,-4,11,slovenia,0.38,0.62,-4,1.5,2.63,1.61,4
Radomlje,8,2,1,5,7,10,-3,7,slovenia,0.25,0.38,-3,0.88,4.0,2.63,5
Mura,8,1,2,5,9,15,-6,5,slovenia,0.12,0.38,-6,1.12,8.33,2.63,6
Domzale,8,1,2,5,6,17,-11,5,slovenia,0.12,0.38,-11,0.75,8.33,2.63,6
Nafta,8,0,1,7,3,19,-16,1,slovenia,0.0,0.12,-16,0.38,0.0,8.33,7
Mamelodi S.,5,4,0,1,6,2,4,12,southafrica,0.8,0.8,4,1.2,1.25,1.25,1
Golden Arrows,6,3,1,2,6,6,0,10,southafrica,0.5,0.67,0,1.0,2.0,1.49,2
Orlando Pirates,4,3,0,1,4,1,3,9,southafrica,0.75,0.75,3,1.0,1.33,1.33,3
Stellenbosch,6,2,3,1,6,4,2,9,southafrica,0.33,0.83,2,1.0,3.03,1.2,3
TS Galaxy,8,2,3,3,10,9,1,9,southafrica,0.25,0.62,1,1.25,4.0,1.61,3
AmaZulu,7,3,0,4,7,7,0,9,southafrica,0.43,0.43,0,1.0,2.33,2.33,3
Kaizer Chiefs,7,2,2,3,8,9,-1,8,southafrica,0.29,0.57,-1,1.14,3.45,1.75,4
Sekhukhune,5,2,1,2,6,6,0,7,southafrica,0.4,0.6,0,1.2,2.5,1.67,5
Polokwane,6,2,1,3,3,6,-3,7,southafrica,0.33,0.5,-3,0.5,3.03,2.0,5
Richards Bay,7,1,2,4,2,6,-4,5,southafrica,0.14,0.43,-4,0.29,7.14,2.33,6
SuperSport Utd,6,1,2,3,1,5,-4,5,southafrica,0.17,0.5,-4,0.17,5.88,2.0,6
Magesi,7,1,2,4,2,7,-5,5,southafrica,0.14,0.43,-5,0.29,7.14,2.33,6
Cape Town City,7,1,1,5,4,12,-8,4,southafrica,0.14,0.29,-8,0.57,7.14,3.45,7
Royal AM,5,0,3,2,4,6,-2,3,southafrica,0.0,0.6,-2,0.8,0.0,1.67,8
Tshakhuma,7,1,0,6,3,17,-14,3,southafrica,0.14,0.14,-14,0.43,7.14,7.14,8
Chippa Utd,4,0,1,3,2,6,-4,1,southafrica,0.0,0.25,-4,0.5,0.0,4.0,9
Orbit College,8,5,2,1,11,7,4,17,southafrica2,0.62,0.88,4,1.38,1.61,1.14,1
Durban City,7,3,3,1,9,6,3,12,southafrica2,0.43,0.86,3,1.29,2.33,1.16,2
Milford,8,3,3,2,11,10,1,12,southafrica2,0.38,0.75,1,1.38,2.63,1.33,2
JDR Stars,8,3,2,3,7,7,0,11,southafrica2,0.38,0.62,0,0.88,2.63,1.61,3
Casric Stars,8,3,2,3,6,7,-1,11,southafrica2,0.38,0.62,-1,0.75,2.63,1.61,3
Kruger United,7,2,3,2,10,7,3,9,southafrica2,0.29,0.71,3,1.43,3.45,1.41,4
Highbury,8,2,3,3,8,7,1,9,southafrica2,0.25,0.62,1,1.0,4.0,1.61,4
Upington City,7,2,3,2,7,6,1,9,southafrica2,0.29,0.71,1,1.0,3.45,1.41,4
Pretoria C.,8,2,3,3,4,6,-2,9,southafrica2,0.25,0.62,-2,0.5,4.0,1.61,4
Baroka,8,2,3,3,8,11,-3,9,southafrica2,0.25,0.62,-3,1.0,4.0,1.61,4
Pretoria U.,6,2,1,3,2,4,-2,7,southafrica2,0.33,0.5,-2,0.33,3.03,2.0,5
Hungry Lions,8,2,1,5,11,14,-3,7,southafrica2,0.25,0.38,-3,1.38,4.0,2.63,5
Black Leopards,7,2,1,4,10,15,-5,7,southafrica2,0.29,0.43,-5,1.43,3.45,2.33,5
Venda FC,7,1,1,5,8,14,-6,4,southafrica2,0.14,0.29,-6,1.14,7.14,3.45,6
Leruma United,6,1,0,5,2,12,-10,3,southafrica2,0.17,0.17,-10,0.33,5.88,5.88,7
Cape Town Spurs,8,0,2,6,1,9,-8,2,southafrica2,0.0,0.25,-8,0.12,0.0,4.0,8
Daejeon Citizen,8,4,3,1,13,9,4,15,southkorea,0.5,0.88,4,1.62,2.0,1.14,1
Seoul,8,4,2,2,9,7,2,14,southkorea,0.5,0.75,2,1.12,2.0,1.33,2
Incheon Utd,8,4,1,3,9,7,2,13,southkorea,0.5,0.62,2,1.12,2.0,1.61,3
Ulsan,8,3,3,2,5,4,1,12,southkorea,0.38,0.75,1,0.62,2.63,1.33,4
Gwangju,8,3,1,4,5,8,-3,10,southkorea,0.38,0.5,-3,0.62,2.63,2.0,5
Daegu,8,2,3,3,11,10,1,9,southkorea,0.25,0.62,1,1.38,4.0,1.61,6
Gimcheon Sangmu,8,3,0,5,10,11,-1,9,southkorea,0.38,0.38,-1,1.25,2.63,2.63,6
Jeonbuk Motors,8,2,2,4,13,14,-1,8,southkorea,0.25,0.5,-1,1.62,4.0,2.0,7
Gangwon,8,2,1,5,8,15,-7,7,southkorea,0.25,0.38,-7,1.0,4.0,2.63,8
Jeju Utd,8,2,1,5,8,17,-9,7,southkorea,0.25,0.38,-9,1.0,4.0,2.63,8
Suwon City,8,1,3,4,8,12,-4,6,southkorea,0.12,0.5,-4,1.0,8.33,2.0,9
Pohang Steelers,8,1,2,5,13,17,-4,5,southkorea,0.12,0.38,-4,1.62,8.33,2.63,10
Busan IPark,8,6,0,2,17,11,6,18,southkorea2,0.75,0.75,6,2.12,1.33,1.33,1
Seoul E-Land,8,4,3,1,15,7,8,15,southkorea2,0.5,0.88,8,1.88,2.0,1.14,2
Asan,8,5,0,3,14,10,4,15,southkorea2,0.62,0.62,4,1.75,1.61,1.61,2
Gimpo,8,3,3,2,8,6,2,12,southkorea2,0.38,0.75,2,1.0,2.63,1.33,3
Cheonan City,8,3,3,2,14,13,1,12,southkorea2,0.38,0.75,1,1.75,2.63,1.33,3
Suwon Bluewings,8,2,5,1,10,8,2,11,southkorea2,0.25,0.88,2,1.25,4.0,1.14,4
Jeonnam,8,3,1,4,13,11,2,10,southkorea2,0.38,0.5,2,1.62,2.63,2.0,5
Cheongju,8,2,3,3,5,7,-2,9,southkorea2,0.25,0.62,-2,0.62,4.0,1.61,6
Anyang,8,2,2,4,8,9,-1,8,southkorea2,0.25,0.5,-1,1.0,4.0,2.0,7
Bucheon FC,8,2,2,4,11,13,-2,8,southkorea2,0.25,0.5,-2,1.38,4.0,2.0,7
Ansan Greeners,8,1,2,5,8,13,-5,5,southkorea2,0.12,0.38,-5,1.0,8.33,2.63,8
Gyeongnam,8,0,5,3,8,14,-6,5,southkorea2,0.0,0.62,-6,1.0,0.0,1.61,8
Seongnam,8,0,3,5,6,18,-12,3,southkorea2,0.0,0.38,-12,0.75,0.0,2.63,9
Real Madrid,8,5,2,1,17,8,9,17,spain,0.62,0.88,9,2.12,1.61,1.14,1
Atletico Madrid,8,5,2,1,12,4,8,17,spain,0.62,0.88,8,1.5,1.61,1.14,1
Athletic Bilbao,8,4,3,1,12,8,4,15,spain,0.5,0.88,4,1.5,2.0,1.14,2
Mallorca,8,5,0,3,10,9,1,15,spain,0.62,0.62,1,1.25,1.61,1.61,2
FC Barcelona,8,4,2,2,23,11,12,14,spain,0.5,0.75,12,2.88,2.0,1.33,3
Villarreal,8,4,1,3,13,12,1,13,spain,0.5,0.62,1,1.62,2.0,1.61,4
Real Sociedad,8,3,2,3,6,4,2,11,spain,0.38,0.62,2,0.75,2.63,1.61,5
Girona,8,3,2,3,8,8,0,11,spain,0.38,0.62,0,1.0,2.63,1.61,5
Las Palmas,8,3,1,4,10,13,-3,10,spain,0.38,0.5,-3,1.25,2.63,2.0,6
Rayo Vallecano,8,2,3,3,6,7,-1,9,spain,0.25,0.62,-1,0.75,4.0,1.61,7
Real Betis,8,2,2,4,8,12,-4,8,spain,0.25,0.5,-4,1.0,4.0,2.0,8
Leganes,8,1,4,3,9,13,-4,7,spain,0.12,0.62,-4,1.12,8.33,1.61,9
Osasuna,8,1,4,3,5,10,-5,7,spain,0.12,0.62,-5,0.62,8.33,1.61,9
Sevilla FC,8,1,2,5,10,17,-7,5,spain,0.12,0.38,-7,1.25,8.33,2.63,10
Getafe,8,1,1,6,4,10,-6,4,spain,0.12,0.25,-6,0.5,8.33,4.0,11
Valencia,8,0,4,4,4,12,-8,4,spain,0.0,0.5,-8,0.5,0.0,2.0,11
Celta Vigo,8,1,1,6,8,17,-9,4,spain,0.12,0.25,-9,1.0,8.33,4.0,11
Valladolid,8,1,0,7,6,22,-16,3,spain,0.12,0.12,-16,0.75,8.33,8.33,12
Alaves,8,0,2,6,9,18,-9,2,spain,0.0,0.25,-9,1.12,0.0,4.0,13
Espanyol,8,0,1,7,4,18,-14,1,spain,0.0,0.12,-14,0.5,0.0,8.33,14
Almeria,8,5,2,1,18,10,8,17,spain2,0.62,0.88,8,2.25,1.61,1.14,1
Racing,8,4,2,2,10,12,-2,14,spain2,0.5,0.75,-2,1.25,2.0,1.33,2
Elche,8,3,4,1,9,3,6,13,spain2,0.38,0.88,6,1.12,2.63,1.14,3
Mirandes,8,4,0,4,10,8,2,12,spain2,0.5,0.5,2,1.25,2.0,2.0,4
Deportivo,8,3,2,3,17,12,5,11,spain2,0.38,0.62,5,2.12,2.63,1.61,5
Granada,8,3,2,3,11,12,-1,11,spain2,0.38,0.62,-1,1.38,2.63,1.61,5
Sporting Gijon,8,2,4,2,12,10,2,10,spain2,0.25,0.75,2,1.5,4.0,1.33,6
Real Oviedo,8,2,4,2,11,12,-1,10,spain2,0.25,0.75,-1,1.38,4.0,1.33,6
Levante,8,2,3,3,6,6,0,9,spain2,0.25,0.62,0,0.75,4.0,1.61,7
Real Zaragoza,8,2,3,3,11,12,-1,9,spain2,0.25,0.62,-1,1.38,4.0,1.61,7
Albacete,8,2,3,3,9,10,-1,9,spain2,0.25,0.62,-1,1.12,4.0,1.61,7
Racing Ferrol,8,2,3,3,6,8,-2,9,spain2,0.25,0.62,-2,0.75,4.0,1.61,7
Castellon,8,2,3,3,10,15,-5,9,spain2,0.25,0.62,-5,1.25,4.0,1.61,7
Huesca,8,2,2,4,7,7,0,8,spain2,0.25,0.5,0,0.88,4.0,2.0,8
Malaga,8,1,5,2,7,9,-2,8,spain2,0.12,0.75,-2,0.88,8.33,1.33,8
Cadiz,8,1,3,4,7,12,-5,6,spain2,0.12,0.5,-5,0.88,8.33,2.0,9
Cordoba,8,1,2,5,6,16,-10,5,spain2,0.12,0.38,-10,0.75,8.33,2.63,10
Eibar,8,1,0,7,5,10,-5,3,spain2,0.12,0.12,-5,0.62,8.33,8.33,11
Eldense,8,0,2,6,5,14,-9,2,spain2,0.0,0.25,-9,0.62,0.0,4.0,12
Burgos,8,0,2,6,3,14,-11,2,spain2,0.0,0.25,-11,0.38,0.0,4.0,12
Cartagena,8,0,1,7,4,17,-13,1,spain2,0.0,0.12,-13,0.5,0.0,8.33,13
Tenerife,8,0,1,7,4,17,-13,1,spain2,0.0,0.12,-13,0.5,0.0,8.33,13
Leonesa,8,5,2,1,12,9,3,17,spain3,0.62,0.88,3,1.5,1.61,1.14,1
Barakaldo,8,3,3,2,11,8,3,12,spain3,0.38,0.75,3,1.38,2.63,1.33,2
Ponferradina,8,3,3,2,9,7,2,12,spain3,0.38,0.75,2,1.12,2.63,1.33,2
FC Barcelona B,8,2,5,1,11,10,1,11,spain3,0.25,0.88,1,1.38,4.0,1.14,3
Sestao River,8,3,2,3,7,8,-1,11,spain3,0.38,0.62,-1,0.88,2.63,1.61,3
Arenteiro,8,3,2,3,6,9,-3,11,spain3,0.38,0.62,-3,0.75,2.63,1.61,3
Athletic B. B,8,3,1,4,10,10,0,10,spain3,0.38,0.5,0,1.25,2.63,2.0,4
Zamora,8,2,3,3,9,9,0,9,spain3,0.25,0.62,0,1.12,4.0,1.61,5
Unionistas,8,0,7,1,7,8,-1,7,spain3,0.0,0.88,-1,0.88,0.0,1.14,6
Celta Vigo B,8,2,1,5,9,14,-5,7,spain3,0.25,0.38,-5,1.12,4.0,2.63,6
Gimnastic T.,8,2,1,5,8,13,-5,7,spain3,0.25,0.38,-5,1.0,4.0,2.63,6
Ourense CF,8,2,1,5,5,12,-7,7,spain3,0.25,0.38,-7,0.62,4.0,2.63,6
Osasuna B,8,2,1,5,8,17,-9,7,spain3,0.25,0.38,-9,1.0,4.0,2.63,6
Lugo,8,1,3,4,4,8,-4,6,spain3,0.12,0.5,-4,0.5,8.33,2.0,7
FC Andorra,8,1,3,4,4,12,-8,6,spain3,0.12,0.5,-8,0.5,8.33,2.0,7
Gimnastica,8,1,2,5,9,22,-13,5,spain3,0.12,0.38,-13,1.12,8.33,2.63,8
Real Sociedad B,8,0,4,4,7,11,-4,4,spain3,0.0,0.5,-4,0.88,0.0,2.0,9
Tarazona,8,1,1,6,9,15,-6,4,spain3,0.12,0.25,-6,1.12,8.33,4.0,9
Real Union,8,1,1,6,4,21,-17,4,spain3,0.12,0.25,-17,0.5,8.33,4.0,9
Amorebieta,8,0,1,7,4,24,-20,1,spain3,0.0,0.12,-20,0.5,0.0,8.33,10
Atletico M. B,8,4,3,1,12,8,4,15,spain4,0.5,0.88,4,1.5,2.0,1.14,1
Real Betis B,8,4,2,2,12,12,0,14,spain4,0.5,0.75,0,1.5,2.0,1.33,2
Antequera,8,3,4,1,11,9,2,13,spain4,0.38,0.88,2,1.38,2.63,1.14,3
Yeclano,8,3,3,2,10,6,4,12,spain4,0.38,0.75,4,1.25,2.63,1.33,4
Villarreal B,8,2,5,1,10,7,3,11,spain4,0.25,0.88,3,1.25,4.0,1.14,5
Algeciras,8,2,5,1,10,9,1,11,spain4,0.25,0.88,1,1.25,4.0,1.14,5
Real Murcia,8,3,2,3,8,10,-2,11,spain4,0.38,0.62,-2,1.0,2.63,1.61,5
Sanluqueno,8,2,4,2,7,7,0,10,spain4,0.25,0.75,0,0.88,4.0,1.33,6
Alcorcon,8,3,1,4,11,14,-3,10,spain4,0.38,0.5,-3,1.38,2.63,2.0,6
Alcoyano,8,3,1,4,8,11,-3,10,spain4,0.38,0.5,-3,1.0,2.63,2.0,6
UD Ibiza,8,3,1,4,5,8,-3,10,spain4,0.38,0.5,-3,0.62,2.63,2.0,6
Fuenlabrada,8,2,3,3,9,9,0,9,spain4,0.25,0.62,0,1.12,4.0,1.61,7
Ceuta,8,0,7,1,5,7,-2,7,spain4,0.0,0.88,-2,0.62,0.0,1.14,8
Hercules,8,1,3,4,8,11,-3,6,spain4,0.12,0.5,-3,1.0,8.33,2.0,9
Sevilla FC B,8,1,3,4,9,15,-6,6,spain4,0.12,0.5,-6,1.12,8.33,2.0,9
Intercity,8,1,3,4,7,13,-6,6,spain4,0.12,0.5,-6,0.88,8.33,2.0,9
Marbella,8,1,2,5,9,14,-5,5,spain4,0.12,0.38,-5,1.12,8.33,2.63,10
Real Madrid B,8,0,4,4,9,14,-5,4,spain4,0.0,0.5,-5,1.12,0.0,2.0,11
Recreativo H.,8,0,4,4,3,8,-5,4,spain4,0.0,0.5,-5,0.38,0.0,2.0,11
Merida,8,0,3,5,4,15,-11,3,spain4,0.0,0.38,-11,0.5,0.0,2.63,12
Pontevedra,8,6,2,0,11,1,10,20,spain5,0.75,1.0,10,1.38,1.33,1.0,1
Valladolid B,8,4,2,2,12,9,3,14,spain5,0.5,0.75,3,1.5,2.0,1.33,2
Salamanca CF,8,4,2,2,10,10,0,14,spain5,0.5,0.75,0,1.25,2.0,1.33,2
Numancia,8,3,4,1,13,7,6,13,spain5,0.38,0.88,6,1.62,2.63,1.14,3
Real Avila,8,4,1,3,7,6,1,13,spain5,0.5,0.62,1,0.88,2.0,1.61,3
Langreo,8,3,4,1,6,5,1,13,spain5,0.38,0.88,1,0.75,2.63,1.14,3
Escobedo,8,3,3,2,7,11,-4,12,spain5,0.38,0.75,-4,0.88,2.63,1.33,4
Bergantinos,8,3,2,3,14,8,6,11,spain5,0.38,0.62,6,1.75,2.63,1.61,5
Real Aviles,8,2,4,2,10,11,-1,10,spain5,0.25,0.75,-1,1.25,4.0,1.33,6
Coruxo,8,3,1,4,8,9,-1,10,spain5,0.38,0.5,-1,1.0,2.63,2.0,6
Rayo Cantabria,8,2,3,3,17,13,4,9,spain5,0.25,0.62,4,2.12,4.0,1.61,7
Guijuelo,8,2,3,3,9,10,-1,9,spain5,0.25,0.62,-1,1.12,4.0,1.61,7
Compostela,8,2,2,4,9,9,0,8,spain5,0.25,0.5,0,1.12,4.0,2.0,8
D. Fabril,8,2,1,5,8,11,-3,7,spain5,0.25,0.38,-3,1.0,4.0,2.63,9
Marino de L.,8,2,1,5,7,12,-5,7,spain5,0.25,0.38,-5,0.88,4.0,2.63,9
Torrelavega,8,1,3,4,11,14,-3,6,spain5,0.12,0.5,-3,1.38,8.33,2.0,10
Llanera,8,0,2,6,4,13,-9,2,spain5,0.0,0.25,-9,0.5,0.0,4.0,11
Laredo,8,0,2,6,4,17,-13,2,spain5,0.0,0.25,-13,0.5,0.0,4.0,11
SD Logrones,8,6,1,1,17,6,11,19,spain6,0.75,0.88,11,2.12,1.33,1.14,1
Arenas Club,8,4,2,2,11,9,2,14,spain6,0.5,0.75,2,1.38,2.0,1.33,2
UD Logrones,8,3,3,2,9,5,4,12,spain6,0.38,0.75,4,1.12,2.63,1.33,3
Eibar B,8,3,3,2,12,9,3,12,spain6,0.38,0.75,3,1.5,2.63,1.33,3
Tudelano,8,2,5,1,11,10,1,11,spain6,0.25,0.88,1,1.38,4.0,1.14,4
Calahorra,8,3,2,3,9,9,0,11,spain6,0.38,0.62,0,1.12,2.63,1.61,4
Alfaro,8,3,2,3,5,10,-5,11,spain6,0.38,0.62,-5,0.62,2.63,1.61,4
Alaves B,8,2,4,2,7,7,0,10,spain6,0.25,0.75,0,0.88,4.0,1.33,5
Real Zaragoza B,8,3,1,4,7,8,-1,10,spain6,0.38,0.5,-1,0.88,2.63,2.0,5
Teruel,8,3,0,5,6,12,-6,9,spain6,0.38,0.38,-6,0.75,2.63,2.63,6
Ejea,8,2,2,4,12,11,1,8,spain6,0.25,0.5,1,1.5,4.0,2.0,7
Anguiano,8,2,1,5,8,9,-1,7,spain6,0.25,0.38,-1,1.0,4.0,2.63,8
Utebo,8,1,4,3,7,10,-3,7,spain6,0.12,0.62,-3,0.88,8.33,1.61,8
Izarra,8,2,1,5,12,19,-7,7,spain6,0.25,0.38,-7,1.5,4.0,2.63,8
Barbastro,8,1,2,5,8,15,-7,5,spain6,0.12,0.38,-7,1.0,8.33,2.63,9
Real Sociedad C,8,1,2,5,5,17,-12,5,spain6,0.12,0.38,-12,0.62,8.33,2.63,9
Gernika,8,1,1,6,5,14,-9,4,spain6,0.12,0.25,-9,0.62,8.33,4.0,10
Subiza,8,1,1,6,4,13,-9,4,spain6,0.12,0.25,-9,0.5,8.33,4.0,10
Terrassa,8,5,3,0,11,5,6,18,spain7,0.62,1.0,6,1.38,1.61,1.0,1
Espanyol B,8,5,2,1,12,6,6,17,spain7,0.62,0.88,6,1.5,1.61,1.14,2
Sant Andreu,8,5,2,1,16,13,3,17,spain7,0.62,0.88,3,2.0,1.61,1.14,2
Alzira,8,4,4,0,12,7,5,16,spain7,0.5,1.0,5,1.5,2.0,1.0,3
Valencia B,8,4,2,2,10,8,2,14,spain7,0.5,0.75,2,1.25,2.0,1.33,4
Lleida,8,3,4,1,8,3,5,13,spain7,0.38,0.88,5,1.0,2.63,1.14,5
Sabadell,8,3,4,1,11,7,4,13,spain7,0.38,0.88,4,1.38,2.63,1.14,5
SD Ibiza,8,3,3,2,9,10,-1,12,spain7,0.38,0.75,-1,1.12,2.63,1.33,6
Europa,8,3,2,3,10,9,1,11,spain7,0.38,0.62,1,1.25,2.63,1.61,7
A. Baleares,8,3,1,4,9,10,-1,10,spain7,0.38,0.5,-1,1.12,2.63,2.0,8
Elche B,8,2,4,2,9,11,-2,10,spain7,0.25,0.75,-2,1.12,4.0,1.33,8
Olot,8,3,1,4,5,7,-2,10,spain7,0.38,0.5,-2,0.62,2.63,2.0,8
Andratx,8,3,1,4,6,11,-5,10,spain7,0.38,0.5,-5,0.75,2.63,2.0,8
Torrent,8,2,3,3,6,11,-5,9,spain7,0.25,0.62,-5,0.75,4.0,1.61,9
Cornella,8,2,2,4,6,10,-4,8,spain7,0.25,0.5,-4,0.75,4.0,2.0,10
Pena Deportiva,8,2,1,5,5,11,-6,7,spain7,0.25,0.38,-6,0.62,4.0,2.63,11
Mallorca B,8,1,2,5,3,13,-10,5,spain7,0.12,0.38,-10,0.38,8.33,2.63,12
Badalona,8,0,4,4,4,11,-7,4,spain7,0.0,0.5,-7,0.5,0.0,2.0,13
Torremolinos,8,5,2,1,10,4,6,17,spain8,0.62,0.88,6,1.25,1.61,1.14,1
UCAM Murcia,8,4,3,1,7,2,5,15,spain8,0.5,0.88,5,0.88,2.0,1.14,2
CD Estepona,8,4,2,2,9,4,5,14,spain8,0.5,0.75,5,1.12,2.0,1.33,3
Linense,8,4,2,2,7,8,-1,14,spain8,0.5,0.75,-1,0.88,2.0,1.33,3
Almeria B,8,3,4,1,9,6,3,13,spain8,0.38,0.88,3,1.12,2.63,1.14,4
Xerez CD,8,4,1,3,6,4,2,13,spain8,0.5,0.62,2,0.75,2.0,1.61,4
La Union,8,4,1,3,8,7,1,13,spain8,0.5,0.62,1,1.0,2.0,1.61,4
Aguilas CF,8,2,4,2,8,6,2,10,spain8,0.25,0.75,2,1.0,4.0,1.33,5
Xerez D. FC,8,2,4,2,7,6,1,10,spain8,0.25,0.75,1,0.88,4.0,1.33,5
Orihuela,8,3,1,4,5,5,0,10,spain8,0.38,0.5,0,0.62,2.63,2.0,5
D. Minera,8,2,3,3,9,11,-2,9,spain8,0.25,0.62,-2,1.12,4.0,1.61,6
Linares,8,2,2,4,6,9,-3,8,spain8,0.25,0.5,-3,0.75,4.0,2.0,7
San Fernando,8,2,1,5,7,9,-2,7,spain8,0.25,0.38,-2,0.88,4.0,2.63,8
Antoniano,8,2,1,5,5,9,-4,7,spain8,0.25,0.38,-4,0.62,4.0,2.63,8
Granada B,8,2,1,5,8,15,-7,7,spain8,0.25,0.38,-7,1.0,4.0,2.63,8
Cadiz B,8,1,3,4,4,12,-8,6,spain8,0.12,0.5,-8,0.5,8.33,2.0,9
Villanovense,8,0,4,4,8,15,-7,4,spain8,0.0,0.5,-7,1.0,0.0,2.0,10
Don Benito,8,1,0,7,8,17,-9,3,spain8,0.12,0.12,-9,1.0,8.33,8.33,11
Guadalajara,8,5,3,0,14,5,9,18,spain9,0.62,1.0,9,1.75,1.61,1.0,1
Talavera CF,8,5,1,2,11,8,3,16,spain9,0.62,0.75,3,1.38,1.61,1.33,2
Cacereno,8,3,4,1,13,11,2,13,spain9,0.38,0.88,2,1.62,2.63,1.14,3
Tenerife B,8,4,0,4,12,11,1,12,spain9,0.5,0.5,1,1.5,2.0,2.0,4
Getafe B,8,3,2,3,10,10,0,11,spain9,0.38,0.62,0,1.25,2.63,1.61,5
Melilla,8,3,2,3,10,10,0,11,spain9,0.38,0.62,0,1.25,2.63,1.61,5
CDC Moscardo,8,3,2,3,10,12,-2,11,spain9,0.38,0.62,-2,1.25,2.63,1.61,5
R. Majadahonda,8,3,2,3,8,10,-2,11,spain9,0.38,0.62,-2,1.0,2.63,1.61,5
Navalcarnero,8,2,2,4,6,10,-4,8,spain9,0.25,0.5,-4,0.75,4.0,2.0,6
Union Adarve,8,2,2,4,4,10,-6,8,spain9,0.25,0.5,-6,0.5,4.0,2.0,6
Conquense,8,2,1,5,7,11,-4,7,spain9,0.25,0.38,-4,0.88,4.0,2.63,7
Real Madrid C,8,1,3,4,5,9,-4,6,spain9,0.12,0.5,-4,0.62,8.33,2.0,8
Union Sur Yaiza,8,1,3,4,10,19,-9,6,spain9,0.12,0.5,-9,1.25,8.33,2.0,8
Illescas,8,1,2,5,4,9,-5,5,spain9,0.12,0.38,-5,0.5,8.33,2.63,9
CD Coria,8,1,2,5,9,15,-6,5,spain9,0.12,0.38,-6,1.12,8.33,2.63,9
S. Sebastian R.,8,1,1,6,5,17,-12,4,spain9,0.12,0.25,-12,0.62,8.33,4.0,10
CD Mostoles,8,1,0,7,5,20,-15,3,spain9,0.12,0.12,-15,0.62,8.33,8.33,11
Atletico Paso,8,0,0,8,6,17,-11,0,spain9,0.0,0.0,-11,0.75,0.0,0.0,12
AIK,8,6,0,2,9,5,4,18,sweden,0.75,0.75,4,1.12,1.33,1.33,1
Hammarby,8,5,1,2,13,3,10,16,sweden,0.62,0.75,10,1.62,1.61,1.33,2
Sirius,8,4,1,3,12,11,1,13,sweden,0.5,0.62,1,1.5,2.0,1.61,3
Elfsborg,8,3,3,2,15,14,1,12,sweden,0.38,0.75,1,1.88,2.63,1.33,4
Malmo FF,8,2,5,1,11,10,1,11,sweden,0.25,0.88,1,1.38,4.0,1.14,5
Hacken,8,3,2,3,13,14,-1,11,sweden,0.38,0.62,-1,1.62,2.63,1.61,5
GAIS,8,3,2,3,8,10,-2,11,sweden,0.38,0.62,-2,1.0,2.63,1.61,5
Djurgarden,8,3,1,4,6,13,-7,10,sweden,0.38,0.5,-7,0.75,2.63,2.0,6
IFK Goteborg,8,2,3,3,10,11,-1,9,sweden,0.25,0.62,-1,1.25,4.0,1.61,7
Norrkoping,8,2,3,3,9,11,-2,9,sweden,0.25,0.62,-2,1.12,4.0,1.61,7
Mjallby,8,2,3,3,7,9,-2,9,sweden,0.25,0.62,-2,0.88,4.0,1.61,7
Brommapojkarna,8,2,2,4,14,16,-2,8,sweden,0.25,0.5,-2,1.75,4.0,2.0,8
Varnamo,8,1,5,2,5,7,-2,8,sweden,0.12,0.75,-2,0.62,8.33,1.33,8
Kalmar,8,1,4,3,9,13,-4,7,sweden,0.12,0.62,-4,1.12,8.33,1.61,9
Halmstad,8,1,1,6,6,18,-12,4,sweden,0.12,0.25,-12,0.75,8.33,4.0,10
Vasteras,8,1,0,7,5,15,-10,3,sweden,0.12,0.12,-10,0.62,8.33,8.33,11
Degerfors,8,4,3,1,12,6,6,15,sweden2,0.5,0.88,6,1.5,2.0,1.14,1
Varberg BoIS,8,4,2,2,21,14,7,14,sweden2,0.5,0.75,7,2.62,2.0,1.33,2
Orgryte,8,4,2,2,11,7,4,14,sweden2,0.5,0.75,4,1.38,2.0,1.33,2
Helsingborg,8,4,1,3,13,10,3,13,sweden2,0.5,0.62,3,1.62,2.0,1.61,3
Oster,8,3,3,2,9,7,2,12,sweden2,0.38,0.75,2,1.12,2.63,1.33,4
Oddevold,8,3,3,2,12,13,-1,12,sweden2,0.38,0.75,-1,1.5,2.63,1.33,4
GIF Sundsvall,8,3,2,3,7,9,-2,11,sweden2,0.38,0.62,-2,0.88,2.63,1.61,5
Brage,8,2,3,3,6,8,-2,9,sweden2,0.25,0.62,-2,0.75,4.0,1.61,6
Trelleborg,8,3,0,5,10,13,-3,9,sweden2,0.38,0.38,-3,1.25,2.63,2.63,6
Landskrona,8,2,1,5,9,12,-3,7,sweden2,0.25,0.38,-3,1.12,4.0,2.63,7
Orebro,8,1,3,4,9,14,-5,6,sweden2,0.12,0.5,-5,1.12,8.33,2.0,8
Utsikten,8,1,3,4,7,13,-6,6,sweden2,0.12,0.5,-6,0.88,8.33,2.0,8
Gefle,8,2,0,6,4,17,-13,6,sweden2,0.25,0.25,-13,0.5,4.0,4.0,8
Sandviken,8,1,2,5,11,18,-7,5,sweden2,0.12,0.38,-7,1.38,8.33,2.63,9
Skovde AIK,8,0,4,4,10,20,-10,4,sweden2,0.0,0.5,-10,1.25,0.0,2.0,10
Ostersunds,8,0,1,7,7,19,-12,1,sweden2,0.0,0.12,-12,0.88,0.0,8.33,11
FC Basel,8,4,2,2,23,8,15,14,switzerland,0.5,0.75,15,2.88,2.0,1.33,1
Luzern,8,4,2,2,17,16,1,14,switzerland,0.5,0.75,1,2.12,2.0,1.33,1
St. Gallen,8,3,2,3,13,13,0,11,switzerland,0.38,0.62,0,1.62,2.63,1.61,2
FC Zurich,8,3,2,3,11,15,-4,11,switzerland,0.38,0.62,-4,1.38,2.63,1.61,2
Lausanne Sport,8,2,3,3,11,9,2,9,switzerland,0.25,0.62,2,1.38,4.0,1.61,3
Lugano,8,2,3,3,9,11,-2,9,switzerland,0.25,0.62,-2,1.12,4.0,1.61,3
Servette,8,2,2,4,10,13,-3,8,switzerland,0.25,0.5,-3,1.25,4.0,2.0,4
Sion,8,2,1,5,6,11,-5,7,switzerland,0.25,0.38,-5,0.75,4.0,2.63,5
Yverdon,8,1,4,3,6,11,-5,7,switzerland,0.12,0.62,-5,0.75,8.33,1.61,5
Grasshopper,8,2,1,5,4,10,-6,7,switzerland,0.25,0.38,-6,0.5,4.0,2.63,5
BSC Young Boys,8,1,3,4,8,14,-6,6,switzerland,0.12,0.5,-6,1.0,8.33,2.0,6
Winterthur,8,0,3,5,5,18,-13,3,switzerland,0.0,0.38,-13,0.62,0.0,2.63,7
Buriram Utd,8,5,2,1,22,5,17,17,thailand,0.62,0.88,17,2.75,1.61,1.14,1
Bangkok Utd,8,5,1,2,16,9,7,16,thailand,0.62,0.75,7,2.0,1.61,1.33,2
Port FC,8,3,3,2,11,10,1,12,thailand,0.38,0.75,1,1.38,2.63,1.33,3
Pathum Utd,8,2,4,2,12,12,0,10,thailand,0.25,0.75,0,1.5,4.0,1.33,4
Uthai Thani,8,2,2,4,8,12,-4,8,thailand,0.25,0.5,-4,1.0,4.0,2.0,5
N. Ratchasima,8,1,4,3,6,12,-6,7,thailand,0.12,0.62,-6,0.75,8.33,1.61,6
Muang Thong Utd,7,1,3,3,9,9,0,6,thailand,0.14,0.57,0,1.29,7.14,1.75,7
Prachuap,8,1,3,4,5,13,-8,6,thailand,0.12,0.5,-8,0.62,8.33,2.0,7
Sukhothai,8,1,3,4,8,17,-9,6,thailand,0.12,0.5,-9,1.0,8.33,2.0,7
Rayong,7,2,0,5,5,15,-10,6,thailand,0.29,0.29,-10,0.71,3.45,3.45,7
Lamphun Warrior,8,1,2,5,8,14,-6,5,thailand,0.12,0.38,-6,1.0,8.33,2.63,8
Nakhon Pathom,8,1,2,5,8,15,-7,5,thailand,0.12,0.38,-7,1.0,8.33,2.63,8
Khon Kaen Utd,7,1,1,5,2,12,-10,4,thailand,0.14,0.29,-10,0.29,7.14,3.45,9
Ratchaburi,7,1,1,5,7,18,-11,4,thailand,0.14,0.29,-11,1.0,7.14,3.45,9
N. Bua Pitchaya,8,0,3,5,10,21,-11,3,thailand,0.0,0.38,-11,1.25,0.0,2.63,10
Chiangrai Utd,7,1,0,6,4,15,-11,3,thailand,0.14,0.14,-11,0.57,7.14,7.14,10
Phrae Utd,8,6,1,1,11,3,8,19,thailand2,0.75,0.88,8,1.38,1.33,1.14,1
Ayutthaya Utd,8,5,2,1,14,8,6,17,thailand2,0.62,0.88,6,1.75,1.61,1.14,2
Kanchanaburi,8,3,4,1,17,15,2,13,thailand2,0.38,0.88,2,2.12,2.63,1.14,3
Bangkok FC,8,4,1,3,15,15,0,13,thailand2,0.5,0.62,0,1.88,2.0,1.61,3
Chiangmai Utd,8,3,3,2,12,11,1,12,thailand2,0.38,0.75,1,1.5,2.63,1.33,4
Kasetsart,8,3,3,2,9,11,-2,12,thailand2,0.38,0.75,-2,1.12,2.63,1.33,4
Chonburi,8,3,2,3,11,10,1,11,thailand2,0.38,0.62,1,1.38,2.63,1.61,5
Mahasarakham,8,3,1,4,8,9,-1,10,thailand2,0.38,0.5,-1,1.0,2.63,2.0,6
Chanthaburi,8,3,1,4,8,12,-4,10,thailand2,0.38,0.5,-4,1.0,2.63,2.0,6
Lampang,8,2,3,3,12,14,-2,9,thailand2,0.25,0.62,-2,1.5,4.0,1.61,7
Police Tero,8,2,2,4,12,18,-6,8,thailand2,0.25,0.5,-6,1.5,4.0,2.0,8
Pattaya United,8,2,1,5,12,9,3,7,thailand2,0.25,0.38,3,1.5,4.0,2.63,9
Sisaket Utd,8,1,3,4,3,12,-9,6,thailand2,0.12,0.5,-9,0.38,8.33,2.0,10
Trat FC,8,1,1,6,4,15,-11,4,thailand2,0.12,0.25,-11,0.5,8.33,4.0,11
Chainat,8,0,3,5,4,9,-5,3,thailand2,0.0,0.38,-5,0.5,0.0,2.63,12
Suphanburi,8,1,0,7,5,15,-10,3,thailand2,0.12,0.12,-10,0.62,8.33,8.33,12
Samut Prakan,8,0,1,7,6,17,-11,1,thailand2,0.0,0.12,-11,0.75,0.0,8.33,13
Nakhon Si,8,0,1,7,5,19,-14,1,thailand2,0.0,0.12,-14,0.62,0.0,8.33,13
Galatasaray,8,8,0,0,24,7,17,24,turkey,1.0,1.0,17,3.0,1.0,1.0,1
Fenerbahce,8,5,2,1,19,10,9,17,turkey,0.62,0.88,9,2.38,1.61,1.14,2
Samsunspor,8,5,1,2,14,8,6,16,turkey,0.62,0.75,6,1.75,1.61,1.33,3
Kasimpasa,8,3,4,1,13,14,-1,13,turkey,0.38,0.88,-1,1.62,2.63,1.14,4
Eyupspor,8,2,3,3,12,12,0,9,turkey,0.25,0.62,0,1.5,4.0,1.61,5
Basaksehir,8,3,0,5,7,13,-6,9,turkey,0.38,0.38,-6,0.88,2.63,2.63,5
Kayserispor,8,2,3,3,7,13,-6,9,turkey,0.25,0.62,-6,0.88,4.0,1.61,5
Rizespor,8,3,0,5,6,14,-8,9,turkey,0.38,0.38,-8,0.75,2.63,2.63,5
Besiktas,8,1,5,2,9,8,1,8,turkey,0.12,0.75,1,1.12,8.33,1.33,6
Alanyaspor,8,1,4,3,5,9,-4,7,turkey,0.12,0.62,-4,0.62,8.33,1.61,7
Konyaspor,8,2,1,5,7,13,-6,7,turkey,0.25,0.38,-6,0.88,4.0,2.63,7
Sivasspor,8,2,1,5,9,16,-7,7,turkey,0.25,0.38,-7,1.12,4.0,2.63,7
Goztepe,8,1,2,5,12,17,-5,5,turkey,0.12,0.38,-5,1.5,8.33,2.63,8
Adana Demirspor,8,1,2,5,8,17,-9,5,turkey,0.12,0.38,-9,1.0,8.33,2.63,8
Antalyaspor,8,1,2,5,6,18,-12,5,turkey,0.12,0.38,-12,0.75,8.33,2.63,8
Bodrumspor,8,1,1,6,4,14,-10,4,turkey,0.12,0.25,-10,0.5,8.33,4.0,9
Trabzonspor,8,0,3,5,8,14,-6,3,turkey,0.0,0.38,-6,1.0,0.0,2.63,10
Hatayspor,8,0,2,6,7,16,-9,2,turkey,0.0,0.25,-9,0.88,0.0,4.0,11
Gaziantep,8,0,2,6,11,22,-11,2,turkey,0.0,0.25,-11,1.38,0.0,4.0,11
Kocaelispor,8,6,0,2,15,9,6,18,turkey2,0.75,0.75,6,1.88,1.33,1.33,1
Corum,8,4,3,1,12,6,6,15,turkey2,0.5,0.88,6,1.5,2.0,1.14,2
F. Karagumruk,8,4,1,3,11,8,3,13,turkey2,0.5,0.62,3,1.38,2.0,1.61,3
Erokspor,8,4,0,4,9,11,-2,12,turkey2,0.5,0.5,-2,1.12,2.0,2.0,4
Keciorengucu,8,3,3,2,8,10,-2,12,turkey2,0.38,0.75,-2,1.0,2.63,1.33,4
Bandirmaspor,8,2,5,1,9,8,1,11,turkey2,0.25,0.88,1,1.12,4.0,1.14,5
Amed SK,8,2,5,1,8,7,1,11,turkey2,0.25,0.88,1,1.0,4.0,1.14,5
Pendikspor,8,3,2,3,8,10,-2,11,turkey2,0.38,0.62,-2,1.0,2.63,1.61,5
Umraniyespor,8,3,1,4,9,12,-3,10,turkey2,0.38,0.5,-3,1.12,2.63,2.0,6
Boluspor,8,2,3,3,11,12,-1,9,turkey2,0.25,0.62,-1,1.38,4.0,1.61,7
Genclerbirligi,8,2,3,3,9,11,-2,9,turkey2,0.25,0.62,-2,1.12,4.0,1.61,7
Manisa BB,8,3,0,5,8,14,-6,9,turkey2,0.38,0.38,-6,1.0,2.63,2.63,7
Sanliurfaspor,8,2,2,4,8,9,-1,8,turkey2,0.25,0.5,-1,1.0,4.0,2.0,8
Erzurum BB,8,2,2,4,5,8,-3,8,turkey2,0.25,0.5,-3,0.62,4.0,2.0,8
Igdir,8,2,2,4,7,14,-7,8,turkey2,0.25,0.5,-7,0.88,4.0,2.0,8
Ankaragucu,8,2,1,5,9,11,-2,7,turkey2,0.25,0.38,-2,1.12,4.0,2.63,9
Sakaryaspor,8,1,3,4,7,14,-7,6,turkey2,0.12,0.5,-7,0.88,8.33,2.0,10
Adanaspor,8,1,2,5,5,15,-10,5,turkey2,0.12,0.38,-10,0.62,8.33,2.63,11
Istanbulspor,8,1,1,6,10,15,-5,4,turkey2,0.12,0.25,-5,1.25,8.33,4.0,12
Y. Malatyaspor,8,0,0,8,3,24,-21,0,turkey2,0.0,0.0,-21,0.38,0.0,0.0,13
Fethiyespor,8,5,3,0,15,7,8,18,turkey3,0.62,1.0,8,1.88,1.61,1.0,1
Sariyer,8,4,4,0,14,4,10,16,turkey3,0.5,1.0,10,1.75,2.0,1.0,2
Kastamonuspor,8,5,1,2,18,11,7,16,turkey3,0.62,0.75,7,2.25,1.61,1.33,2
Altinordu,8,4,3,1,18,7,11,15,turkey3,0.5,0.88,11,2.25,2.0,1.14,3
B. Petrolspor,8,5,0,3,12,10,2,15,turkey3,0.62,0.62,2,1.5,1.61,1.61,3
Iskenderun,8,3,3,2,11,9,2,12,turkey3,0.38,0.75,2,1.38,2.63,1.33,4
24 Erzincanspor,8,2,4,2,13,9,4,10,turkey3,0.25,0.75,4,1.62,4.0,1.33,5
Adana,8,2,3,3,8,11,-3,9,turkey3,0.25,0.62,-3,1.0,4.0,1.61,6
Trabzon FK,8,2,2,4,11,13,-2,8,turkey3,0.25,0.5,-2,1.38,4.0,2.0,7
Isparta Davrazs,8,1,4,3,4,7,-3,7,turkey3,0.12,0.62,-3,0.5,8.33,1.61,8
Inegolspor,8,2,1,5,7,11,-4,7,turkey3,0.25,0.38,-4,0.88,4.0,2.63,8
B. Anadolu,8,2,1,5,11,17,-6,7,turkey3,0.25,0.38,-6,1.38,4.0,2.63,8
Kirklarelispor,8,1,3,4,5,11,-6,6,turkey3,0.12,0.5,-6,0.62,8.33,2.0,9
Karakopru,8,1,2,5,5,12,-7,5,turkey3,0.12,0.38,-7,0.62,8.33,2.63,10
Kepez Belediyes,8,1,2,5,5,13,-8,5,turkey3,0.12,0.38,-8,0.62,8.33,2.63,10
Ankaraspor,8,0,4,4,4,16,-12,4,turkey3,0.0,0.5,-12,0.5,0.0,2.0,11
Altay,8,1,0,7,4,20,-16,3,turkey3,0.12,0.12,-16,0.5,8.33,8.33,12
Afyonspor,8,0,0,8,2,32,-30,0,turkey3,0.0,0.0,-30,0.25,0.0,0.0,13
Serik Belediyes,8,7,1,0,23,8,15,22,turkey4,0.88,1.0,15,2.88,1.14,1.0,1
Aksaray B.,8,5,1,2,16,8,8,16,turkey4,0.62,0.75,8,2.0,1.61,1.33,2
Karaman,8,4,3,1,13,6,7,15,turkey4,0.5,0.88,7,1.62,2.0,1.14,3
Van Spor,8,4,3,1,12,7,5,15,turkey4,0.5,0.88,5,1.5,2.0,1.14,3
Menemen B.,8,4,2,2,14,7,7,14,turkey4,0.5,0.75,7,1.75,2.0,1.33,4
Elazigspor,8,4,2,2,14,10,4,14,turkey4,0.5,0.75,4,1.75,2.0,1.33,4
Beyoglu Yeni C.,8,3,2,3,16,13,3,11,turkey4,0.38,0.62,3,2.0,2.63,1.61,5
A. Demirspor,8,3,2,3,14,13,1,11,turkey4,0.38,0.62,1,1.75,2.63,1.61,5
Karacabey,8,3,2,3,12,11,1,11,turkey4,0.38,0.62,1,1.5,2.63,1.61,5
Erbaaspor,8,3,2,3,9,10,-1,11,turkey4,0.38,0.62,-1,1.12,2.63,1.61,5
Bucaspor,8,3,1,4,5,6,-1,10,turkey4,0.38,0.5,-1,0.62,2.63,2.0,6
Arnavutkoy B.,8,2,3,3,11,13,-2,9,turkey4,0.25,0.62,-2,1.38,4.0,1.61,7
Somaspor,8,2,1,5,8,11,-3,7,turkey4,0.25,0.38,-3,1.0,4.0,2.63,8
Derince,8,0,4,4,6,11,-5,4,turkey4,0.0,0.5,-5,0.75,0.0,2.0,9
Nazillispor,8,1,1,6,5,15,-10,4,turkey4,0.12,0.25,-10,0.62,8.33,4.0,9
Yeni Mersin,8,0,3,5,4,13,-9,3,turkey4,0.0,0.38,-9,0.5,0.0,2.63,10
Giresunspor,8,0,2,6,5,16,-11,2,turkey4,0.0,0.25,-11,0.62,0.0,4.0,11
Diyarbekirspor,8,0,2,6,3,14,-11,2,turkey4,0.0,0.25,-11,0.38,0.0,4.0,11
Bursaspor,7,6,1,0,16,2,14,19,turkey5,0.86,1.0,14,2.29,1.16,1.0,1
Duzcespor,8,4,3,1,11,9,2,15,turkey5,0.5,0.88,2,1.38,2.0,1.14,2
Kirsehir B.,7,4,2,1,10,6,4,14,turkey5,0.57,0.86,4,1.43,1.75,1.16,3
Karsiyaka,8,4,1,3,11,9,2,13,turkey5,0.5,0.62,2,1.38,2.0,1.61,4
Elaziz K.,8,3,2,3,7,5,2,11,turkey5,0.38,0.62,2,0.88,2.63,1.61,5
Anadolu U.,7,3,1,3,10,5,5,10,turkey5,0.43,0.57,5,1.43,2.33,1.75,6
Silifke,7,3,1,3,13,10,3,10,turkey5,0.43,0.57,3,1.86,2.33,1.75,6
Viven Bornova,8,2,4,2,12,11,1,10,turkey5,0.25,0.75,1,1.5,4.0,1.33,6
Artvin Hopaspor,8,2,3,3,6,10,-4,9,turkey5,0.25,0.62,-4,0.75,4.0,1.61,7
Kutahyaspor,7,2,2,3,8,9,-1,8,turkey5,0.29,0.57,-1,1.14,3.45,1.75,8
Musspor,7,1,4,2,5,6,-1,7,turkey5,0.14,0.71,-1,0.71,7.14,1.41,9
Tokat,8,1,4,3,3,8,-5,7,turkey5,0.12,0.62,-5,0.38,8.33,1.61,9
Kahramanmar.,7,1,3,3,7,12,-5,6,turkey5,0.14,0.57,-5,1.0,7.14,1.75,10
Kusadasispor,8,2,0,6,8,17,-9,6,turkey5,0.25,0.25,-9,1.0,4.0,4.0,10
K. Bulvarspor,7,1,3,3,5,15,-10,6,turkey5,0.14,0.57,-10,0.71,7.14,1.75,10
Ergene Velimese,8,0,2,6,0,13,-13,2,turkey5,0.0,0.25,-13,0.0,0.0,4.0,11
Balikesirspor,8,5,1,2,17,9,8,16,turkey6,0.62,0.75,8,2.12,1.61,1.33,1
Usakspor,7,5,0,2,10,4,6,15,turkey6,0.71,0.71,6,1.43,1.41,1.41,2
Silivrispor,7,4,2,1,13,8,5,14,turkey6,0.57,0.86,5,1.86,1.75,1.16,3
Cayelispor,8,4,2,2,10,8,2,14,turkey6,0.5,0.75,2,1.25,2.0,1.33,3
Tire 2021 FK,8,3,3,2,11,7,4,12,turkey6,0.38,0.75,4,1.38,2.63,1.33,4
Mazidagi,8,2,6,0,6,4,2,12,turkey6,0.25,1.0,2,0.75,4.0,1.0,4
Amasyaspor,8,3,3,2,13,12,1,12,turkey6,0.38,0.75,1,1.62,2.63,1.33,4
Etimesgut,8,3,3,2,6,5,1,12,turkey6,0.38,0.75,1,0.75,2.63,1.33,4
Fatsa B.,7,3,2,2,10,8,2,11,turkey6,0.43,0.71,2,1.43,2.33,1.41,5
Kelkit,7,2,5,0,5,3,2,11,turkey6,0.29,1.0,2,0.71,3.45,1.0,5
Muglaspor,8,3,2,3,8,11,-3,11,turkey6,0.38,0.62,-3,1.0,2.63,1.61,5
Beykoz Ishaklis,8,2,2,4,7,9,-2,8,turkey6,0.25,0.5,-2,0.88,4.0,2.0,6
Turk Metal 1963,7,2,2,3,8,12,-4,8,turkey6,0.29,0.57,-4,1.14,3.45,1.75,6
Nevsehirspor,7,1,2,4,4,11,-7,5,turkey6,0.14,0.43,-7,0.57,7.14,2.33,7
Adiyaman,7,1,1,5,6,17,-11,4,turkey6,0.14,0.29,-11,0.86,7.14,3.45,8
Inegol Kafkas,7,0,2,5,5,15,-10,2,turkey6,0.0,0.29,-10,0.71,0.0,3.45,9
Kucukcekmece,8,4,2,2,17,8,9,14,turkey7,0.5,0.75,9,2.12,2.0,1.33,1
Ayvalikgucu,8,3,4,1,8,5,3,13,turkey7,0.38,0.88,3,1.0,2.63,1.14,2
Orduspor,8,3,4,1,7,4,3,13,turkey7,0.38,0.88,3,0.88,2.63,1.14,2
Aliaga FAS,7,2,5,0,5,1,4,11,turkey7,0.29,1.0,4,0.71,3.45,1.0,3
Corluspor,7,3,2,2,7,5,2,11,turkey7,0.43,0.71,2,1.0,2.33,1.41,3
Bursa,8,3,1,4,8,15,-7,10,turkey7,0.38,0.5,-7,1.0,2.63,2.0,4
Pazarspor,7,1,4,2,4,5,-1,7,turkey7,0.14,0.71,-1,0.57,7.14,1.41,5
1922 Konyaspor,7,1,3,3,5,10,-5,6,turkey7,0.14,0.57,-5,0.71,7.14,1.75,6
Osmaniyespor,8,2,0,6,6,12,-6,6,turkey7,0.25,0.25,-6,0.75,4.0,4.0,6
K. Idmanyurdu,8,1,3,4,7,15,-8,6,turkey7,0.12,0.5,-8,0.88,8.33,2.0,6
Efeler 09,7,1,2,4,4,7,-3,5,turkey7,0.14,0.43,-3,0.57,7.14,2.33,7
Bayburt,8,0,5,3,10,14,-4,5,turkey7,0.0,0.62,-4,1.25,0.0,1.61,7
Alanya 1221,7,0,3,4,7,12,-5,3,turkey7,0.0,0.43,-5,1.0,0.0,2.33,8
Cankaya FK,7,1,0,6,3,16,-13,3,turkey7,0.14,0.14,-13,0.43,7.14,7.14,8
Yozgat Bld Bozo,8,0,2,6,4,16,-12,2,turkey7,0.0,0.25,-12,0.5,0.0,4.0,9
Viransehir,7,0,0,7,0,16,-16,0,turkey7,0.0,0.0,-16,0.0,0.0,0.0,10
Sebat G.,8,4,2,2,12,10,2,14,turkey8,0.5,0.75,2,1.5,2.0,1.33,1
K. Istiklalspor,8,4,1,3,13,6,7,13,turkey8,0.5,0.62,7,1.62,2.0,1.61,2
Agri 1970,8,4,1,3,16,11,5,13,turkey8,0.5,0.62,5,2.0,2.0,1.61,2
Nilufer B.,7,3,3,1,13,6,7,12,turkey8,0.43,0.86,7,1.86,2.33,1.16,3
Z. Komurspor,8,3,2,3,10,7,3,11,turkey8,0.38,0.62,3,1.25,2.63,1.61,4
Mardin BB,7,3,2,2,9,8,1,11,turkey8,0.43,0.71,1,1.29,2.33,1.41,4
Orduspor 1967,7,3,1,3,12,10,2,10,turkey8,0.43,0.57,2,1.71,2.33,1.75,5
Kirikkale B.,8,3,1,4,8,7,1,10,turkey8,0.38,0.5,1,1.0,2.63,2.0,5
Nigde Belediyes,7,1,3,3,7,9,-2,6,turkey8,0.14,0.57,-2,1.0,7.14,1.75,6
Denizlispor,8,1,3,4,6,20,-14,6,turkey8,0.12,0.5,-14,0.75,8.33,2.0,6
Talasgucu,7,1,2,4,6,10,-4,5,turkey8,0.14,0.43,-4,0.86,7.14,2.33,7
Turgutluspor,8,1,2,5,10,17,-7,5,turkey8,0.12,0.38,-7,1.25,8.33,2.63,7
Edirnespor,8,1,2,5,4,15,-11,5,turkey8,0.12,0.38,-11,0.5,8.33,2.63,7
Tepecik,7,1,1,5,5,15,-10,4,turkey8,0.14,0.29,-10,0.71,7.14,3.45,8
Polatli B.,7,0,2,5,5,17,-12,2,turkey8,0.0,0.29,-12,0.71,0.0,3.45,9
Bergama B.,7,0,1,6,7,17,-10,1,turkey8,0.0,0.14,-10,1.0,0.0,7.14,10
Shabab Al Ahli,5,4,1,0,13,4,9,13,uae,0.8,1.0,9,2.6,1.25,1.0,1
Al Sharjah,6,4,1,1,12,4,8,13,uae,0.67,0.83,8,2.0,1.49,1.2,1
Khorfakkan,7,3,0,4,13,18,-5,9,uae,0.43,0.43,-5,1.86,2.33,2.33,2
Al Ain,4,2,2,0,13,9,4,8,uae,0.5,1.0,4,3.25,2.0,1.0,3
Al Jazira,6,2,2,2,12,10,2,8,uae,0.33,0.67,2,2.0,3.03,1.49,3
Al Wahda,6,2,2,2,7,8,-1,8,uae,0.33,0.67,-1,1.17,3.03,1.49,3
Al Nasr,6,2,0,4,11,15,-4,6,uae,0.33,0.33,-4,1.83,3.03,3.03,4
Ittihad Kalba,6,1,2,3,7,9,-2,5,uae,0.17,0.5,-2,1.17,5.88,2.0,5
Al Wasl,6,0,4,2,6,11,-5,4,uae,0.0,0.67,-5,1.0,0.0,1.49,6
Al Bataeh,6,1,1,4,6,12,-6,4,uae,0.17,0.33,-6,1.0,5.88,3.03,6
Ajman,6,1,0,5,6,14,-8,3,uae,0.17,0.17,-8,1.0,5.88,5.88,7
Dibba Al Hisn,6,0,2,4,6,15,-9,2,uae,0.0,0.33,-9,1.0,0.0,3.03,8
Bani Yas,6,0,1,5,5,17,-12,1,uae,0.0,0.17,-12,0.83,0.0,5.88,9
Al Urooba,6,0,0,6,1,17,-16,0,uae,0.0,0.0,-16,0.17,0.0,0.0,10
Dynamo Kyiv,7,5,2,0,16,4,12,17,ukraine,0.71,1.0,12,2.29,1.41,1.0,1
Kryvbas KR,8,5,1,2,10,7,3,16,ukraine,0.62,0.75,3,1.25,1.61,1.33,2
Shakhtar,7,3,2,2,12,7,5,11,ukraine,0.43,0.71,5,1.71,2.33,1.41,3
Oleksandria,6,3,2,1,6,5,1,11,ukraine,0.5,0.83,1,1.0,2.0,1.2,3
Polessya,7,3,1,3,11,9,2,10,ukraine,0.43,0.57,2,1.57,2.33,1.75,4
Zorya Luhansk,8,3,1,4,8,10,-2,10,ukraine,0.38,0.5,-2,1.0,2.63,2.0,4
Kolos Kovalivka,8,2,3,3,7,7,0,9,ukraine,0.25,0.62,0,0.88,4.0,1.61,5
Rukh Lviv,8,1,5,2,5,8,-3,8,ukraine,0.12,0.75,-3,0.62,8.33,1.33,6
Livyi Bereh,8,2,2,4,4,8,-4,8,ukraine,0.25,0.5,-4,0.5,4.0,2.0,6
Veres,7,2,2,3,5,10,-5,8,ukraine,0.29,0.57,-5,0.71,3.45,1.75,6
Obolon,8,2,2,4,5,12,-7,8,ukraine,0.25,0.5,-7,0.62,4.0,2.0,6
Karpaty Lviv,8,2,1,5,6,14,-8,7,ukraine,0.25,0.38,-8,0.75,4.0,2.63,7
LNZ Cherkasy,8,1,3,4,8,17,-9,6,ukraine,0.12,0.5,-9,1.0,8.33,2.0,8
Vorskla Poltava,8,1,2,5,7,14,-7,5,ukraine,0.12,0.38,-7,0.88,8.33,2.63,9
Inhulets,8,1,2,5,7,17,-10,5,ukraine,0.12,0.38,-10,0.88,8.33,2.63,9
Chornomorets,8,0,2,6,5,14,-9,2,ukraine,0.0,0.25,-9,0.62,0.0,4.0,10
Dnipro-1,0,0,0,0,0,0,0,0,ukraine,0.0,0.0,0,0.0,0.0,0.0,11
Defensor S.,4,3,0,1,5,2,3,9,uruguay2,0.75,0.75,3,1.25,1.33,1.33,1
Danubio,4,2,2,0,7,5,2,8,uruguay2,0.5,1.0,2,1.75,2.0,1.0,2
Cerro Largo,3,2,1,0,3,0,3,7,uruguay2,0.67,1.0,3,1.0,1.49,1.0,3
Nacional,3,2,0,1,10,3,7,6,uruguay2,0.67,0.67,7,3.33,1.49,1.49,4
Penarol,3,2,0,1,5,3,2,6,uruguay2,0.67,0.67,2,1.67,1.49,1.49,4
River Plate,4,2,0,2,4,3,1,6,uruguay2,0.5,0.5,1,1.0,2.0,2.0,4
Miramar Misione,4,2,0,2,4,7,-3,6,uruguay2,0.5,0.5,-3,1.0,2.0,2.0,4
D. Maldonado,4,1,2,1,3,3,0,5,uruguay2,0.25,0.75,0,0.75,4.0,1.33,5
Wanderers,3,1,1,1,3,4,-1,4,uruguay2,0.33,0.67,-1,1.0,3.03,1.49,6
Rampla Juniors,4,1,1,2,3,7,-4,4,uruguay2,0.25,0.5,-4,0.75,4.0,2.0,6
Racing CM,4,0,3,1,6,7,-1,3,uruguay2,0.0,0.75,-1,1.5,0.0,1.33,7
Fenix,3,1,0,2,4,5,-1,3,uruguay2,0.33,0.33,-1,1.33,3.03,3.03,7
Cerro,3,1,0,2,1,3,-2,3,uruguay2,0.33,0.33,-2,0.33,3.03,3.03,7
Progreso,3,0,2,1,4,6,-2,2,uruguay2,0.0,0.67,-2,1.33,0.0,1.49,8
Boston River,3,0,1,2,1,3,-2,1,uruguay2,0.0,0.33,-2,0.33,0.0,3.03,9
Liverpool M.,4,0,0,4,3,8,-5,0,uruguay2,0.0,0.0,-5,0.75,0.0,0.0,10
Columbus Crew,8,5,2,1,19,8,11,17,usa,0.62,0.88,11,2.38,1.61,1.14,1
Inter Miami,8,5,2,1,16,14,2,17,usa,0.62,0.88,2,2.0,1.61,1.14,1
Seattle,8,5,1,2,15,7,8,16,usa,0.62,0.75,8,1.88,1.61,1.33,2
Los Angeles FC,8,5,1,2,15,10,5,16,usa,0.62,0.75,5,1.88,1.61,1.33,2
DC United,8,5,1,2,16,19,-3,16,usa,0.62,0.75,-3,2.0,1.61,1.33,2
Orlando City,8,5,0,3,19,15,4,15,usa,0.62,0.62,4,2.38,1.61,1.61,3
Houston Dynamo,8,5,0,3,14,11,3,15,usa,0.62,0.62,3,1.75,1.61,1.61,3
Minnesota Utd,8,4,2,2,12,8,4,14,usa,0.5,0.75,4,1.5,2.0,1.33,4
Cincinnati,8,4,1,3,13,14,-1,13,usa,0.5,0.62,-1,1.62,2.0,1.61,5
Vancouver,8,3,2,3,13,12,1,11,usa,0.38,0.62,1,1.62,2.63,1.61,6
Austin,8,3,1,4,8,10,-2,10,usa,0.38,0.5,-2,1.0,2.63,2.0,7
Charlotte,8,2,3,3,11,10,1,9,usa,0.25,0.62,1,1.38,4.0,1.61,8
LA Galaxy,8,3,0,5,12,13,-1,9,usa,0.38,0.38,-1,1.5,2.63,2.63,8
Real Salt Lake,8,2,3,3,11,16,-5,9,usa,0.25,0.62,-5,1.38,4.0,1.61,8
Atlanta Utd,8,2,2,4,9,14,-5,8,usa,0.25,0.5,-5,1.12,4.0,2.0,9
New York RB,8,1,4,3,10,10,0,7,usa,0.12,0.62,0,1.25,8.33,1.61,10
New York City,8,1,4,3,12,13,-1,7,usa,0.12,0.62,-1,1.5,8.33,1.61,10
Portland,8,1,4,3,12,14,-2,7,usa,0.12,0.62,-2,1.5,8.33,1.61,10
Toronto,8,2,1,5,5,15,-10,7,usa,0.25,0.38,-10,0.62,4.0,2.63,10
Philadelphia,8,2,0,6,17,19,-2,6,usa,0.25,0.25,-2,2.12,4.0,4.0,11
Dallas,8,1,3,4,13,16,-3,6,usa,0.12,0.5,-3,1.62,8.33,2.0,11
Colorado Rapids,8,2,0,6,12,20,-8,6,usa,0.25,0.25,-8,1.5,4.0,4.0,11
St. Louis City,8,1,3,4,11,19,-8,6,usa,0.12,0.5,-8,1.38,8.33,2.0,11
Nashville SC,8,2,0,6,8,16,-8,6,usa,0.25,0.25,-8,1.0,4.0,4.0,11
CF Montreal,8,1,3,4,10,19,-9,6,usa,0.12,0.5,-9,1.25,8.33,2.0,11
Chicago Fire,8,1,1,6,8,14,-6,4,usa,0.12,0.25,-6,1.0,8.33,4.0,12
Sporting KC,8,1,1,6,7,17,-10,4,usa,0.12,0.25,-10,0.88,8.33,4.0,12
SJ Earthquakes,8,1,1,6,7,20,-13,4,usa,0.12,0.25,-13,0.88,8.33,4.0,12
New England,8,1,0,7,9,26,-17,3,usa,0.12,0.12,-17,1.12,8.33,8.33,13
Detroit City,8,4,3,1,13,7,6,15,usa2,0.5,0.88,6,1.62,2.0,1.14,1
Pittsburgh,8,4,2,2,12,5,7,14,usa2,0.5,0.75,7,1.5,2.0,1.33,2
Las Vegas L.,8,4,2,2,14,10,4,14,usa2,0.5,0.75,4,1.75,2.0,1.33,2
Louisville City,8,3,2,3,13,12,1,11,usa2,0.38,0.62,1,1.62,2.63,1.61,3
Colorado S.,8,3,2,3,11,12,-1,11,usa2,0.38,0.62,-1,1.38,2.63,1.61,3
New Mexico,8,3,2,3,7,9,-2,11,usa2,0.38,0.62,-2,0.88,2.63,1.61,3
San Antonio,8,3,2,3,6,9,-3,11,usa2,0.38,0.62,-3,0.75,2.63,1.61,3
Oakland Roots,8,3,2,3,9,17,-8,11,usa2,0.38,0.62,-8,1.12,2.63,1.61,3
Hartford A.,8,2,4,2,12,12,0,10,usa2,0.25,0.75,0,1.5,4.0,1.33,4
Memphis,8,3,1,4,14,15,-1,10,usa2,0.38,0.5,-1,1.75,2.63,2.0,4
FC Tulsa,8,3,1,4,9,11,-2,10,usa2,0.38,0.5,-2,1.12,2.63,2.0,4
North Carolina,8,3,1,4,9,11,-2,10,usa2,0.38,0.5,-2,1.12,2.63,2.0,4
Phoenix Rising,8,3,1,4,5,11,-6,10,usa2,0.38,0.5,-6,0.62,2.63,2.0,4
Rhode Island,8,2,3,3,8,8,0,9,usa2,0.25,0.62,0,1.0,4.0,1.61,5
Birmingham L.,8,2,2,4,13,14,-1,8,usa2,0.25,0.5,-1,1.62,4.0,2.0,6
Loudoun Utd,8,2,2,4,7,8,-1,8,usa2,0.25,0.5,-1,0.88,4.0,2.0,6
Monterey Bay,8,2,2,4,9,13,-4,8,usa2,0.25,0.5,-4,1.12,4.0,2.0,6
El Paso,8,2,2,4,3,9,-6,8,usa2,0.25,0.5,-6,0.38,4.0,2.0,6
Charleston,8,1,3,4,8,15,-7,6,usa2,0.12,0.5,-7,1.0,8.33,2.0,7
Indy Eleven,8,1,3,4,3,13,-10,6,usa2,0.12,0.5,-10,0.38,8.33,2.0,7
Orange County,8,1,3,4,3,14,-11,6,usa2,0.12,0.5,-11,0.38,8.33,2.0,7
Tampa Bay,8,1,2,5,9,16,-7,5,usa2,0.12,0.38,-7,1.12,8.33,2.63,8
Sacramento R.,8,1,1,6,9,15,-6,4,usa2,0.12,0.25,-6,1.12,8.33,4.0,9
Miami FC,8,0,0,8,2,24,-22,0,usa2,0.0,0.0,-22,0.25,0.0,0.0,10
N. Colorado,8,5,2,1,10,5,5,17,usa3,0.62,0.88,5,1.25,1.61,1.14,1
Charlotte I.,8,4,4,0,14,8,6,16,usa3,0.5,1.0,6,1.75,2.0,1.0,2
Union Omaha,8,5,1,2,17,12,5,16,usa3,0.62,0.75,5,2.12,1.61,1.33,2
Forward Madison,8,3,3,2,14,9,5,12,usa3,0.38,0.75,5,1.75,2.63,1.33,3
Greenville,8,4,0,4,14,14,0,12,usa3,0.5,0.5,0,1.75,2.0,2.0,3
One Knoxville,8,2,4,2,4,4,0,10,usa3,0.25,0.75,0,0.5,4.0,1.33,4
Lexington,8,2,2,4,13,17,-4,8,usa3,0.25,0.5,-4,1.62,4.0,2.0,5
Spokane V.,8,2,2,4,7,12,-5,8,usa3,0.25,0.5,-5,0.88,4.0,2.0,5
Chattanooga RW,8,2,1,5,10,15,-5,7,usa3,0.25,0.38,-5,1.25,4.0,2.63,6
Richmond K.,8,1,3,4,8,15,-7,6,usa3,0.12,0.5,-7,1.0,8.33,2.0,7
Tormenta,8,1,3,4,8,17,-9,6,usa3,0.12,0.5,-9,1.0,8.33,2.0,7
Central Valley,8,1,1,6,10,24,-14,4,usa3,0.12,0.25,-14,1.25,8.33,4.0,8
Sogdiana,8,5,2,1,12,4,8,17,uzbekistan,0.62,0.88,8,1.5,1.61,1.14,1
Nasaf Qarshi,8,5,2,1,9,5,4,17,uzbekistan,0.62,0.88,4,1.12,1.61,1.14,1
Navbahor,8,5,1,2,15,9,6,16,uzbekistan,0.62,0.75,6,1.88,1.61,1.33,2
Neftchi,8,3,4,1,8,4,4,13,uzbekistan,0.38,0.88,4,1.0,2.63,1.14,3
Bunyodkor,8,4,1,3,11,10,1,13,uzbekistan,0.5,0.62,1,1.38,2.0,1.61,3
Dinamo Samarqan,8,4,0,4,14,15,-1,12,uzbekistan,0.5,0.5,-1,1.75,2.0,2.0,4
AGMK,8,3,2,3,10,10,0,11,uzbekistan,0.38,0.62,0,1.25,2.63,1.61,5
Termez Surkhon,8,3,1,4,9,12,-3,10,uzbekistan,0.38,0.5,-3,1.12,2.63,2.0,6
L. Tashkent,8,2,2,4,8,12,-4,8,uzbekistan,0.25,0.5,-4,1.0,4.0,2.0,7
Metallurg,8,1,3,4,7,10,-3,6,uzbekistan,0.12,0.5,-3,0.88,8.33,2.0,8
Pakhtakor,8,2,0,6,9,17,-8,6,uzbekistan,0.25,0.25,-8,1.12,4.0,4.0,8
FK Olympic,8,1,3,4,8,18,-10,6,uzbekistan,0.12,0.5,-10,1.0,8.33,2.0,8
Andijan,8,0,5,3,9,16,-7,5,uzbekistan,0.0,0.62,-7,1.12,0.0,1.61,9
Qizilqum,8,0,3,5,4,11,-7,3,uzbekistan,0.0,0.38,-7,0.5,0.0,2.63,10
Thanh Hoa,5,4,1,0,9,3,6,13,vietnam,0.8,1.0,6,1.8,1.25,1.0,1
Nam Dinh,6,3,2,1,10,4,6,11,vietnam,0.5,0.83,6,1.67,2.0,1.2,2
Viettel,4,2,2,0,8,2,6,8,vietnam,0.5,1.0,6,2.0,2.0,1.0,3
Hong Linh Ha T.,4,1,3,0,6,4,2,6,vietnam,0.25,1.0,2,1.5,4.0,1.0,4
Cong An Nhan,5,1,2,2,6,5,1,5,vietnam,0.2,0.6,1,1.2,5.0,1.67,5
Ha Noi,4,1,2,1,5,4,1,5,vietnam,0.25,0.75,1,1.25,4.0,1.33,5
Ho Chi Minh,4,1,2,1,3,5,-2,5,vietnam,0.25,0.75,-2,0.75,4.0,1.33,5
Gia Lai,5,1,1,3,6,8,-2,4,vietnam,0.2,0.4,-2,1.2,5.0,2.5,6
Binh Duong,5,1,1,3,3,5,-2,4,vietnam,0.2,0.4,-2,0.6,5.0,2.5,6
Binh Dinh,4,1,1,2,1,4,-3,4,vietnam,0.25,0.5,-3,0.25,4.0,2.0,6
Hai Phong,5,0,3,2,4,7,-3,3,vietnam,0.0,0.6,-3,0.8,0.0,1.67,7
Quang Nam,4,0,2,2,0,2,-2,2,vietnam,0.0,0.5,-2,0.0,0.0,2.0,8
Song Lam Nghe,4,0,2,2,4,9,-5,2,vietnam,0.0,0.5,-5,1.0,0.0,2.0,8
Da Nang,5,0,1,4,2,12,-10,1,vietnam,0.0,0.2,-10,0.4,0.0,5.0,9
Phu Dong,3,3,0,0,6,0,6,9,vietnam2,1.0,1.0,6,2.0,1.0,1.0,1
Binh Phuoc,3,2,1,0,2,0,2,7,vietnam2,0.67,1.0,2,0.67,1.49,1.0,2
PVF-CAND,3,1,2,0,3,0,3,5,vietnam2,0.33,1.0,3,1.0,3.03,1.0,3
Hue,2,1,0,1,4,3,1,3,vietnam2,0.5,0.5,1,2.0,2.0,2.0,4
Dong Thap,2,0,2,0,2,2,0,2,vietnam2,0.0,1.0,0,1.0,0.0,1.0,5
Ho Chi Minh B,2,0,1,1,1,3,-2,1,vietnam2,0.0,0.5,-2,0.5,0.0,2.0,6
Long An,2,0,1,1,0,2,-2,1,vietnam2,0.0,0.5,-2,0.0,0.0,2.0,6
S. Khanh Hoa,2,0,1,1,0,2,-2,1,vietnam2,0.0,0.5,-2,0.0,0.0,2.0,6
Dong Nai,3,0,1,2,2,6,-4,1,vietnam2,0.0,0.33,-4,0.67,0.0,3.03,6
Ba Ria Vung Tau,1,0,0,1,2,3,-1,0,vietnam2,0.0,0.0,-1,2.0,0.0,0.0,7
Hoa Binh,2,0,0,2,1,3,-2,0,vietnam2,0.0,0.0,-2,0.5,0.0,0.0,7
Penybont,8,6,1,1,17,7,10,19,wales,0.75,0.88,10,2.12,1.33,1.14,1
The New Saints,8,6,0,2,24,11,13,18,wales,0.75,0.75,13,3.0,1.33,1.33,2
Caernarfon,8,5,2,1,11,7,4,17,wales,0.62,0.88,4,1.38,1.61,1.14,3
Haverfordwest,8,4,1,3,11,6,5,13,wales,0.5,0.62,5,1.38,2.0,1.61,4
Bala Town,8,1,7,0,11,10,1,10,wales,0.12,1.0,1,1.38,8.33,1.0,5
Briton Ferry,8,3,0,5,16,19,-3,9,wales,0.38,0.38,-3,2.0,2.63,2.63,6
Barry,8,2,2,4,11,18,-7,8,wales,0.25,0.5,-7,1.38,4.0,2.0,7
Cardiff MU,8,2,1,5,7,12,-5,7,wales,0.25,0.38,-5,0.88,4.0,2.63,8
Connahs Quay,8,1,2,5,8,11,-3,5,wales,0.12,0.38,-3,1.0,8.33,2.63,9
Newtown,8,1,2,5,9,15,-6,5,wales,0.12,0.38,-6,1.12,8.33,2.63,9
Flint,8,1,1,6,9,27,-18,4,wales,0.12,0.25,-18,1.12,8.33,4.0,10
Aberystwyth,8,1,0,7,4,19,-15,3,wales,0.12,0.12,-15,0.5,8.33,8.33,11
