Equipe,GP,W,D,L,GF,GA,GD,Pts,Liga
NC Magra,6,0,2,4,2,9,-7,2,algeria
Belgrano,8,1,6,1,7,6,1,9,argentina
Rosario Central,8,1,3,4,5,8,-3,6,argentina
Banfield,8,1,3,4,5,9,-4,6,argentina
Boca Juniors,8,1,3,4,5,10,-5,6,argentina
Instituto,8,1,2,5,7,13,-6,5,argentina
D. Riestra,8,0,5,3,5,11,-6,5,argentina
A. Tucuman,8,1,2,5,3,10,-7,5,argentina
I. Rivadavia,8,1,2,5,6,14,-8,5,argentina
Lanus,8,1,2,5,4,12,-8,5,argentina
Union Santa Fe,8,1,2,5,7,16,-9,5,argentina
Sarmiento,8,0,3,5,4,11,-7,3,argentina
Newells,8,0,3,5,4,13,-9,3,argentina
Argentinos Jrs,8,0,1,7,2,11,-9,1,argentina
A. Rafaela,8,1,4,3,6,8,-2,7,argentina3
Deportivo Moron,8,1,4,3,4,8,-4,7,argentina3
Chaco For Ever,8,1,4,3,1,5,-4,7,argentina3
E. Rio Cuarto,8,1,4,3,2,7,-5,7,argentina3
CA Estudiantes,8,1,3,4,5,12,-7,6,argentina3
Colon Santa Fe,8,1,2,5,2,5,-3,5,argentina3
Gandzasar,6,0,2,4,3,15,-12,2,armenia
Rapid Wien,7,1,5,1,5,7,-2,8,austria
Grazer AK,8,1,3,4,10,17,-7,6,austria
Hartberg,6,1,2,3,7,10,-3,5,austria
BW Linz,7,1,2,4,8,15,-7,5,austria
Altach,7,1,1,5,5,11,-6,4,austria
Stripfing,7,0,4,3,4,9,-5,4,austria2
Lafnitz,7,1,1,5,6,17,-11,4,austria2
Sumqayit,6,1,1,4,3,7,-4,4,azerbaijan
Neftci,7,0,4,3,5,12,-7,4,azerbaijan
Kapaz,7,0,1,6,3,17,-14,1,azerbaijan
Sebail,7,0,0,7,6,16,-10,0,azerbaijan
Slavia Mozyr,8,1,4,3,4,9,-5,7,belarus
Arsenal D.,8,1,3,4,7,9,-2,6,belarus
S. Soligorsk,8,1,3,4,3,9,-6,6,belarus
Smorgon,8,0,3,5,7,13,-6,3,belarus
Dnepr Mogilev,8,0,3,5,8,20,-12,3,belarus
Bumprom,8,0,4,4,1,9,-8,4,belarus2
Energetik-BGU,8,1,1,6,6,15,-9,4,belarus2
Lokomotiv Gomel,8,0,3,5,4,13,-9,3,belarus2
T. Zhodhino B,8,1,0,7,3,23,-20,3,belarus2
Slonim,8,1,0,7,3,25,-22,3,belarus2
OH Leuven,8,1,4,3,6,13,-7,7,belgium
Royale Union SG,8,0,6,2,6,9,-3,6,belgium
Sint-Truiden,8,1,2,5,9,21,-12,5,belgium
Charleroi,8,1,1,6,7,15,-8,4,belgium
Cercle Brugge,7,1,1,5,4,14,-10,4,belgium
Standard Liege,7,1,1,5,2,14,-12,4,belgium
Kortrijk,8,1,1,6,4,21,-17,4,belgium
Beerschot,8,0,1,7,4,22,-18,1,belgium
Real Tomayapo,8,1,1,6,7,16,-9,4,bolivia2
Royal Pari,8,0,3,5,6,17,-11,3,bolivia2
Guabira,8,0,1,7,6,23,-17,1,bolivia2
Gremio,8,1,4,3,7,9,-2,7,brazil
Atletico MG,8,1,3,4,7,12,-5,6,brazil
Vasco da Gama,8,1,3,4,6,16,-10,6,brazil
Bahia,8,1,2,5,9,14,-5,5,brazil
Cruzeiro,8,1,2,5,6,11,-5,5,brazil
Criciuma,8,1,2,5,5,14,-9,5,brazil
Cuiaba,8,0,4,4,1,11,-10,4,brazil
Athletico PR,8,0,3,5,7,14,-7,3,brazil
Bragantino,8,0,3,5,4,13,-9,3,brazil
Atletico GO,8,0,0,8,3,19,-16,0,brazil
Paysandu,8,1,3,4,8,12,-4,6,brazil2
Amazonas,8,1,2,5,2,8,-6,5,brazil2
America MG,8,1,1,6,6,10,-4,4,brazil2
Ponte Preta,8,1,1,6,7,14,-7,4,brazil2
Guarani,8,1,0,7,5,14,-9,3,brazil2
Vila Nova,8,1,0,7,3,18,-15,3,brazil2
Brusque,8,0,2,6,1,12,-11,2,brazil2
Lokomotiv Sofia,8,1,2,5,6,13,-7,5,bulgaria
Slavia Sofia,8,1,1,6,6,12,-6,4,bulgaria
Botev Vratsa,8,1,1,6,4,17,-13,4,bulgaria
Hebar,8,0,2,6,5,17,-12,2,bulgaria
Valour,8,1,5,2,12,12,0,8,canada
Vancouver FC,8,1,4,3,8,12,-4,7,canada
Pacific,8,1,2,5,6,11,-5,5,canada
HFX Wanderers,8,0,2,6,6,17,-11,2,canada
Palestino,8,1,3,4,9,13,-4,6,chile
D. Iquique,8,1,2,5,9,17,-8,5,chile
Copiapo,8,1,1,6,8,20,-12,4,chile
Cobreloa,8,1,1,6,7,19,-12,4,chile
Cobresal,8,0,2,6,3,15,-12,2,chile
San Luis,8,1,3,4,6,15,-9,6,chile2
CD Santa Cruz,8,1,2,5,9,16,-7,5,chile2
Zhejiang,8,1,2,5,12,18,-6,5,china
Cangzhou,8,1,2,5,7,16,-9,5,china
Sichuan Jiuniu,8,1,2,5,7,16,-9,5,china
Nantong Zhiyun,8,1,1,6,10,26,-16,4,china
Qingdao Hainiu,8,1,1,6,6,24,-18,4,china
Meizhou Hakka,8,0,2,6,9,24,-15,2,china
Changchun Yatai,8,0,2,6,8,24,-16,2,china
Tianjin T.,8,0,1,7,7,22,-15,1,china
Guangxi Baoyun,8,1,5,2,6,9,-3,8,china2
Suzhou Dongwu,8,1,4,3,9,11,-2,7,china2
Shanghai Jiadin,8,0,6,2,6,9,-3,6,china2
Chongqing T.,8,1,2,5,2,8,-6,5,china2
Jiangxi Lushan,8,1,2,5,7,18,-11,5,china2
Qingdao RL,8,0,3,5,6,18,-12,3,china2
Nanjing City,8,0,1,7,5,16,-11,1,china2
D. Pereira,8,1,4,3,6,9,-3,7,colombia2
Deportivo Cali,8,1,4,3,7,13,-6,7,colombia2
La Equidad,8,1,3,4,7,13,-6,6,colombia2
Patriotas,8,1,1,6,8,18,-10,4,colombia2
Jaguares de C.,8,1,1,6,4,15,-11,4,colombia2
Boyaca Chico,8,1,0,7,5,20,-15,3,colombia2
A. Petrolera,8,0,2,6,4,13,-9,2,colombia2
Envigado,8,0,1,7,2,15,-13,1,colombia2
Zeledon,8,1,4,3,6,11,-5,7,costarica
Guanacasteca,8,1,3,4,6,15,-9,6,costarica
M. Liberia,8,1,2,5,11,16,-5,5,costarica
Cartagines,8,1,1,6,6,12,-6,4,costarica
Santos Guapiles,8,0,4,4,9,17,-8,4,costarica
Puntarenas,8,1,1,6,8,17,-9,4,costarica
Sporting SJ,8,0,1,7,3,12,-9,1,costarica
Hradec Kralove,7,1,2,4,3,6,-3,5,czechrepublic
Pardubice,8,1,2,5,6,13,-7,5,czechrepublic
Dukla Praha,8,0,2,6,3,18,-15,2,czechrepublic
C. Budejovice,6,0,0,6,4,22,-18,0,czechrepublic
Viborg,8,1,4,3,12,11,1,7,denmark
Aalborg BK,8,1,3,4,8,15,-7,6,denmark
SonderjyskE,8,1,1,6,7,19,-12,4,denmark
Lyngby,8,0,3,5,6,12,-6,3,denmark
Vejle BK,8,0,1,7,7,20,-13,1,denmark
Hillerod,8,1,4,3,9,10,-1,7,denmark2
Roskilde,8,1,1,6,6,16,-10,4,denmark2
Orense,8,1,3,4,3,10,-7,6,ecuador
Imbabura,8,1,2,5,7,21,-14,5,ecuador
D. Cuenca,7,0,3,4,6,13,-7,3,ecuador
Mushuc Runa,7,0,3,4,4,12,-8,3,ecuador
Tecnico U.,7,1,0,6,5,14,-9,3,ecuador
Libertad,8,0,3,5,4,15,-11,3,ecuador
Cumbaya,8,0,1,7,2,14,-12,1,ecuador
Delfin,7,0,1,6,1,14,-13,1,ecuador
Nueve Octubre,8,1,2,5,6,12,-6,5,ecuador3
Vargas Torres,8,0,3,5,3,16,-13,3,ecuador3
Chacaritas,8,0,2,6,5,18,-13,2,ecuador3
Manchester Utd,6,1,3,2,6,5,1,6,england
Wolverhampton,6,1,2,3,11,14,-3,5,england
Bournemouth,6,1,2,3,7,11,-4,5,england
Everton,6,1,2,3,5,9,-4,5,england
Leicester City,6,1,2,3,9,14,-5,5,england
Ipswich Town,6,1,2,3,8,14,-6,5,england
Crystal Palace,6,0,3,3,7,10,-3,3,england
Brentford,6,0,1,5,4,11,-7,1,england
Southampton,6,0,0,6,3,13,-10,0,england
Millwall,7,1,4,2,6,7,-1,7,england2
Coventry City,8,1,4,3,8,11,-3,7,england2
Derby County,8,1,3,4,7,11,-4,6,england2
Portsmouth,8,1,3,4,10,18,-8,6,england2
Watford,8,1,1,6,10,18,-8,4,england2
Preston,8,0,4,4,7,16,-9,4,england2
Cardiff City,8,0,4,4,4,14,-10,4,england2
Luton Town,8,1,1,6,5,17,-12,4,england2
Oxford Utd,8,0,2,6,7,16,-9,2,england2
Plymouth,8,0,2,6,3,19,-16,2,england2
Northampton,8,1,4,3,10,13,-3,7,england3
Rotherham,8,1,3,4,6,11,-5,6,england3
Stevenage,7,1,2,4,3,8,-5,5,england3
Crawley Town,8,1,2,5,3,11,-8,5,england3
Shrewsbury,8,1,1,6,8,15,-7,4,england3
Cambridge Utd,8,1,1,6,5,15,-10,4,england3
Burton Albion,7,0,3,4,7,14,-7,3,england3
Salford City,8,1,6,1,8,9,-1,9,england4
Colchester Utd,8,1,5,2,10,15,-5,8,england4
Swindon Town,8,1,4,3,10,13,-3,7,england4
Bradford,8,1,3,4,8,10,-2,6,england4
Wealdstone,8,1,5,2,10,10,0,8,england5
Dagenham & R.,8,1,3,4,7,10,-3,6,england5
Eastleigh,8,1,3,4,6,11,-5,6,england5
Aldershot Town,8,0,4,4,10,17,-7,4,england5
Braintree Town,8,1,1,6,8,15,-7,4,england5
Woking,8,0,3,5,6,14,-8,3,england5
AFC Fylde,8,1,0,7,2,17,-15,3,england5
Ebbsfleet Utd,8,0,2,6,7,20,-13,2,england5
Nomme Utd,8,0,2,6,6,20,-14,2,estonia
Tallinna Kalev,8,0,2,6,7,23,-16,2,estonia
Levadia B,8,1,0,7,7,23,-16,3,estonia2
Tabasalu,8,0,1,7,9,27,-18,1,estonia2
07 Vestur,8,1,1,6,8,25,-17,4,faroeislands
IF Fuglafjordur,8,0,1,7,8,24,-16,1,faroeislands
Skala,8,0,1,7,2,20,-18,1,faroeislands
HB T. B,8,1,1,6,6,26,-20,4,faroeislands2
Oulu,8,1,2,5,6,15,-9,5,finland
Lahti,8,0,4,4,9,18,-9,4,finland
Mariehamn,8,1,0,7,6,17,-11,3,finland
SJK Akatemia,8,1,3,4,10,15,-5,6,finland2
Angers,6,1,3,2,4,6,-2,6,france
Nantes,6,1,2,3,7,10,-3,5,france
Auxerre,6,1,1,4,9,14,-5,4,france
Brest,6,1,0,5,6,15,-9,3,france
Strasbourg,6,0,2,4,10,16,-6,2,france
Rennes,6,0,1,5,4,14,-10,1,france
Saint-Etienne,6,0,1,5,4,20,-16,1,france
Montpellier,6,0,0,6,3,17,-14,0,france
Annecy,8,1,5,2,10,14,-4,8,france2
SC Bastia,6,1,3,2,6,8,-2,6,france2
Pau FC,7,1,2,4,7,14,-7,5,france2
Caen,6,1,1,4,7,10,-3,4,france2
Grenoble,7,1,1,5,6,11,-5,4,france2
Amiens,7,1,0,6,6,15,-9,3,france2
AC Ajaccio,7,0,1,6,2,11,-9,1,france2
Versailles,6,1,3,2,7,8,-1,6,france3
Rouen,6,1,2,3,6,8,-2,5,france3
Villefranche,6,0,4,2,5,8,-3,4,france3
Aubagne,6,1,1,4,2,5,-3,4,france3
Valenciennes,6,0,3,3,3,10,-7,3,france3
Chateauroux,6,0,1,5,4,14,-10,1,france3
Samtredia,8,1,2,5,8,13,-5,5,georgia
Gagra,8,1,2,5,7,14,-7,5,georgia
Kolkheti Poti,8,1,2,5,7,16,-9,5,georgia
Telavi,8,0,4,4,6,14,-8,4,georgia
Kolkheti Khobi,8,1,1,6,6,21,-15,4,georgia2
Union Berlin,6,1,2,3,3,6,-3,5,germany
Bochum,6,0,0,6,6,19,-13,0,germany
Ulm,7,1,4,2,6,7,-1,7,germany2
Schalke 04,7,1,3,3,7,11,-4,6,germany2
Preuss. Munster,6,1,2,3,9,12,-3,5,germany2
Hannover 96,6,1,1,4,5,8,-3,4,germany2
Braunschweig,7,0,2,5,6,20,-14,2,germany2
Regensburg,6,0,0,6,3,22,-19,0,germany2
Mannheim,8,1,4,3,6,10,-4,7,germany3
Dortmund B,7,1,2,4,14,19,-5,5,germany3
RW Essen,7,1,2,4,9,15,-6,5,germany3
Hansa Rostock,7,1,1,5,4,11,-7,4,germany3
VfB Stuttgart B,8,0,3,5,5,16,-11,3,germany3
Osnabruck,8,0,2,6,9,18,-9,2,germany3
Unterhaching,7,0,1,6,7,20,-13,1,germany3
Heart of Lions,6,1,4,1,4,4,0,7,ghana
Bibiani GS,6,1,4,1,3,4,-1,7,ghana
Berekum Chelsea,6,1,3,2,2,3,-1,6,ghana
Bechem Utd,6,1,3,2,5,7,-2,6,ghana
Dreams,6,1,2,3,1,4,-3,5,ghana
Young Apostles,6,1,2,3,2,6,-4,5,ghana
Samartex,6,0,4,2,2,4,-2,4,ghana
Holy Stars,6,1,1,4,4,8,-4,4,ghana
Aduana Stars,6,0,4,2,2,6,-4,4,ghana
Vision,6,1,1,4,3,8,-5,4,ghana
Accra Lions,6,0,2,4,2,6,-4,2,ghana
Legon Cities,6,0,1,5,4,13,-9,1,ghana
Nsoatreman,6,0,1,5,2,11,-9,1,ghana
Lynx,6,0,0,6,6,17,-11,0,gibraltar
Lamia,6,1,2,3,6,10,-4,5,greece
A. Kallithea,6,0,4,2,4,7,-3,4,greece
Levadiakos,6,0,3,3,7,11,-4,3,greece
Antigua GFC,8,1,3,4,9,15,-6,6,guatemala
Guastatoya,8,0,4,4,3,11,-8,4,guatemala
Marquense,8,0,2,6,3,19,-16,2,guatemala
Zacapa Tellioz,8,0,2,6,3,21,-18,2,guatemala
Olancho,8,1,4,3,6,12,-6,7,honduras
Real Sociedad,8,1,3,4,11,19,-8,6,honduras
UPNFM,8,1,1,6,5,20,-15,4,honduras
Victoria,8,0,3,5,8,15,-7,3,honduras
HK Rangers,7,1,1,5,7,21,-14,4,hongkong
Gyor,7,1,4,2,8,9,-1,7,hungary
Debrecen,7,1,2,4,8,12,-4,5,hungary
Zalaegerszegi,7,0,4,3,8,12,-4,4,hungary
Nyiregyhaza,7,1,1,5,6,12,-6,4,hungary
Fehervar,7,0,2,5,5,16,-11,2,hungary
Kecskemeti TE,7,0,1,6,5,16,-11,1,hungary
Szeged,8,1,5,2,4,5,-1,8,hungary2
Bekescsaba,8,1,2,5,3,8,-5,5,hungary2
Gyirmot,8,1,2,5,12,18,-6,5,hungary2
Soroksar,6,1,1,4,6,10,-4,4,hungary2
Honved,8,0,3,5,8,18,-10,3,hungary2
Csakvari,6,0,2,4,5,12,-7,2,hungary2
Valur,8,1,3,4,15,17,-2,6,iceland
Vestri,8,1,3,4,12,15,-3,6,iceland
IA Akranes,8,1,2,5,6,20,-14,5,iceland
Fram,8,1,1,6,7,17,-10,4,iceland
HK Kopavogur,8,0,1,7,10,32,-22,1,iceland
Njardvik,8,1,5,2,11,14,-3,8,iceland2
Dalvik / Reynir,8,1,1,6,8,18,-10,4,iceland2
Grotta,8,0,0,8,8,21,-13,0,iceland2
V. Olafsvik,8,1,3,4,14,18,-4,6,iceland3
Fjallabyggd,8,0,1,7,5,23,-18,1,iceland3
Dewa Utd,6,1,3,2,9,5,4,6,indonesia
Malut United,6,1,3,2,4,6,-2,6,indonesia
Madura Utd,6,0,1,5,5,16,-11,1,indonesia
Persis Solo,6,0,1,5,2,13,-11,1,indonesia
Aluminium Arak,6,1,1,4,5,8,-3,4,iran
Sligo Rovers,8,1,3,4,7,18,-11,6,ireland
Drogheda Utd,8,1,2,5,7,19,-12,5,ireland
Dundalk,8,0,4,4,5,9,-4,4,ireland
Finn Harps,8,1,3,4,9,12,-3,6,ireland2
Longford Town,8,1,1,6,8,16,-8,4,ireland2
Kerry,8,0,3,5,7,17,-10,3,ireland2
H. Ironi Rishon,6,1,1,4,9,13,-4,4,israel2
Hapoel Afula,6,0,4,2,6,10,-4,4,israel2
Maccabi Jaffa,6,0,2,4,4,11,-7,2,israel2
H. Umm al-Fahm,7,0,2,5,6,14,-8,2,israel2
Parma,6,1,4,1,8,8,0,7,italy
Monza,6,1,3,2,6,7,-1,6,italy
Cagliari,6,1,2,3,7,10,-3,5,italy
Udinese,7,1,2,4,8,13,-5,5,italy
Como,8,1,2,5,6,13,-7,5,italy
AS Roma,7,0,4,3,5,11,-6,4,italy
Lecce,7,1,1,5,1,8,-7,4,italy
Hellas Verona,6,1,0,5,7,15,-8,3,italy
Venezia,7,0,2,5,5,14,-9,2,italy
Reggiana,7,1,3,3,5,8,-3,6,italy2
Cesena,6,1,2,3,6,8,-2,5,italy2
Catanzaro,6,0,5,1,3,5,-2,5,italy2
Salernitana,7,1,2,4,5,11,-6,5,italy2
Frosinone,7,1,2,4,4,11,-7,5,italy2
Modena,7,0,4,3,7,11,-4,4,italy2
Carrarese,7,1,1,5,5,12,-7,4,italy2
Mantova,8,0,3,5,7,14,-7,3,italy2
Vere Utd,6,1,1,4,6,10,-4,4,jamaica
Harbour View,6,1,1,4,4,13,-9,4,jamaica
Tivoli Gardens,6,0,2,4,5,9,-4,2,jamaica
Racing United,6,0,1,5,3,12,-9,1,jamaica
Dunbeholden,6,0,1,5,2,13,-11,1,jamaica
Urawa RD,8,1,5,2,5,6,-1,8,japan
Avispa Fukuoka,8,0,6,2,5,7,-2,6,japan
Nagoya G.,8,1,2,5,9,15,-6,5,japan
Sagan Tosu,8,1,1,6,10,21,-11,4,japan
Tochigi SC,8,1,4,3,6,7,-1,7,japan2
Oita Trinita,8,1,2,5,8,15,-7,5,japan2
R. Yamaguchi,8,1,2,5,6,17,-11,5,japan2
Ehime FC,8,1,2,5,6,18,-12,5,japan2
Kusatsu,8,0,1,7,4,19,-15,1,japan2
Kagoshima Utd,8,0,0,8,2,13,-11,0,japan2
Sahab,8,1,1,6,6,16,-10,4,jordan
Al Jalil,8,0,3,5,3,14,-11,3,jordan
Zhenys,8,1,4,3,7,9,-2,7,kazakhstan
Zhetysu,8,0,3,5,3,15,-12,3,kazakhstan
Turan,8,0,2,6,3,21,-18,2,kazakhstan
S. Karagandy,8,0,0,8,4,19,-15,0,kazakhstan
Ballkani,7,1,4,2,8,7,1,7,kosovo
Gjilani,7,1,3,3,12,12,0,6,kosovo
Suhareka,7,1,3,3,6,11,-5,6,kosovo
Feronikeli,7,0,1,6,5,15,-10,1,kosovo
Grobina,8,1,1,6,3,19,-16,4,latvia
FS Jelgava,8,1,1,6,9,29,-20,4,latvia
Daugavpils,8,0,3,5,7,16,-9,3,latvia
Siauliai,8,1,2,5,10,17,-7,5,lithuania
Hegelmann B,8,1,0,7,6,18,-12,3,lithuania2
Minija,8,0,2,6,6,18,-12,2,lithuania2
Banga B,8,0,0,8,2,23,-21,0,lithuania2
Racing,6,1,3,2,7,7,0,6,luxembourg
Petange,7,1,3,3,3,8,-5,6,luxembourg
V. Rosport,7,1,2,4,7,16,-9,5,luxembourg
Fola Esch,6,0,0,6,5,19,-14,0,luxembourg
Rodange,6,0,0,6,5,20,-15,0,luxembourg
Mondercange,7,0,0,7,5,22,-17,0,luxembourg
Pahang,7,1,5,1,7,9,-2,8,malaysia
Terengganu,7,1,4,2,6,9,-3,7,malaysia
Negeri Sembilan,8,1,3,4,10,17,-7,6,malaysia
Pulau Pinang,8,1,3,4,8,17,-9,6,malaysia
Kuching,6,1,2,3,6,11,-5,5,malaysia
Kelantan United,8,1,0,7,4,19,-15,3,malaysia
Zabbar,7,1,0,6,7,15,-8,3,malta
Balzan,6,0,1,5,4,13,-9,1,malta
Club Leon,8,1,3,4,12,18,-6,6,mexico
Queretaro,8,1,2,5,6,17,-11,5,mexico
Mazatlan,8,0,4,4,0,7,-7,4,mexico
Pachuca,8,1,1,6,7,16,-9,4,mexico
Puebla,8,1,1,6,4,16,-12,4,mexico
Necaxa,8,0,3,5,7,17,-10,3,mexico
Santos Laguna,8,0,1,7,5,17,-12,1,mexico
Otrant,8,1,4,3,4,6,-2,7,montenegro
Jezero,8,0,3,5,5,13,-8,3,montenegro
JS Sousalem,6,1,3,2,3,3,0,6,morocco
Wydad,6,1,3,2,4,6,-2,6,morocco
FUS Rabat,6,1,2,3,5,8,-3,5,morocco
Meknes,6,0,3,3,1,11,-10,3,morocco
Ispe FC,6,1,2,3,7,10,-3,5,myanmar
Dagon Port,8,1,2,5,15,30,-15,5,myanmar
Myawady,8,1,0,7,4,18,-14,3,myanmar
Rakhine Utd,8,0,2,6,9,22,-13,2,myanmar
Fortuna Sittard,6,1,2,3,4,10,-6,5,netherlands
NAC Breda,7,1,1,5,5,16,-11,4,netherlands
Heracles Almelo,6,1,1,4,3,14,-11,4,netherlands
FC Groningen,7,1,1,5,5,19,-14,4,netherlands
PEC Zwolle,7,0,3,4,4,14,-10,3,netherlands
Almere City,6,0,2,4,2,11,-9,2,netherlands
RKC Waalwijk,6,0,1,5,6,19,-13,1,netherlands
Heerenveen,7,0,0,7,2,23,-21,0,netherlands
Jong Utrecht,7,0,4,3,7,12,-5,4,netherlands2
MVV Maastricht,8,0,4,4,8,15,-7,4,netherlands2
TOP Oss,8,0,4,4,4,15,-11,4,netherlands2
Managua FC,8,1,3,4,9,15,-6,6,nicaragua
Export Sebaco,8,0,4,4,5,13,-8,4,nicaragua
Rancho Santana,8,1,1,6,5,17,-12,4,nicaragua
UNAN Managua,7,1,0,6,5,16,-11,3,nicaragua
D. Ocotal,8,0,2,6,4,21,-17,2,nicaragua
Jalapa,8,0,1,7,7,28,-21,1,nicaragua
Carrick Rangers,8,0,3,5,5,16,-11,3,northernireland
Loughgall,8,1,0,7,5,19,-14,3,northernireland
Annagh Utd,8,1,2,5,8,11,-3,5,northernireland2
Newington,8,1,0,7,6,23,-17,3,northernireland2
Newry City,8,0,2,6,8,18,-10,2,northernireland2
Pelister,8,1,2,5,4,12,-8,5,northmacedonia
Vardar,8,1,2,5,4,14,-10,5,northmacedonia
Voska Sport,8,1,2,5,10,21,-11,5,northmacedonia
Shkupi,8,1,1,6,8,14,-6,4,northmacedonia
Tikves,8,0,3,5,2,9,-7,3,northmacedonia
Besa,8,0,3,5,6,14,-8,3,northmacedonia
Haugesund,8,1,3,4,8,18,-10,6,norway
Stromsgodset,8,0,3,5,5,15,-10,3,norway
Odd,8,0,2,6,5,15,-10,2,norway
Lillestrom,8,0,0,8,5,23,-18,0,norway
Levanger,8,1,4,3,13,17,-4,7,norway2
Sandnes Ulf,8,1,1,6,4,20,-16,4,norway2
Universitario,8,1,5,2,10,10,0,8,panama
Arabe Unido,8,1,2,5,9,15,-6,5,panama
Veraguas,8,0,0,8,11,20,-9,0,panama
San Francisco,8,1,3,4,8,11,-3,6,panama2
Costa del Este,8,0,4,4,3,11,-8,4,panama2
Herrera,8,0,2,6,5,12,-7,2,panama2
Nacional,8,1,3,4,8,10,-2,6,paraguay2
Tacuary,8,1,2,5,7,12,-5,5,paraguay2
Libertad,8,1,2,5,5,14,-9,5,paraguay2
S. Trinidense,8,0,4,4,6,10,-4,4,paraguay2
Atletico Grau,8,1,2,5,6,11,-5,5,peru
Sport Huancayo,8,1,2,5,6,20,-14,5,peru
Sport Boys,8,1,1,6,7,14,-7,4,peru
Cesar Vallejo,8,0,4,4,4,13,-9,4,peru
Cusco,8,1,1,6,3,16,-13,4,peru
Cajamarca,8,0,3,5,4,12,-8,3,peru
Carlos Manucci,8,0,3,5,4,17,-13,3,peru
Union Comercio,8,0,2,6,5,16,-11,2,peru
Alianza A.,8,0,2,6,1,12,-11,2,peru
Los Chankas,8,0,2,6,6,20,-14,2,peru
ADT,8,1,4,3,5,7,-2,7,peru2
D. Garcilaso,8,1,2,5,7,11,-4,5,peru2
Sport Boys,8,1,2,5,5,13,-8,5,peru2
Cajamarca,8,0,3,5,3,15,-12,3,peru2
Los Chankas,8,0,2,6,5,13,-8,2,peru2
Comerciantes U.,8,0,1,7,5,19,-14,1,peru2
Union Comercio,8,0,1,7,2,18,-16,1,peru2
Cesar Vallejo,8,0,0,8,6,20,-14,0,peru2
Lechia Gdansk,8,1,3,4,12,18,-6,6,poland
Zaglebie Lubin,8,1,2,5,5,15,-10,5,poland
Pogon Szczecin,8,1,1,6,9,15,-6,4,poland
Stal Mielec,8,1,1,6,6,13,-7,4,poland
Slask Wroclaw,8,0,3,5,6,15,-9,3,poland
Puszcza Niepolo,8,0,2,6,2,12,-10,2,poland
Znicz Pruszkow,8,1,5,2,7,11,-4,8,poland2
Tychy,8,1,5,2,5,9,-4,8,poland2
Odra Opole,8,1,4,3,6,16,-10,7,poland2
Stalowa Wola,8,1,2,5,5,15,-10,5,poland2
Pogon Siedlce,8,1,1,6,7,14,-7,4,poland2
Chrobry Glogow,8,1,1,6,5,17,-12,4,poland2
Swit Skolwin,8,1,3,4,7,14,-7,6,poland3
SKRA Czestochow,8,1,1,6,5,18,-13,4,poland3
Zaglebie L. B,8,0,3,5,11,19,-8,3,poland3
Olimpia Elblag,8,0,1,7,6,22,-16,1,poland3
Arouca,6,1,1,4,3,12,-9,4,portugal
Rio Ave,6,1,0,5,3,15,-12,3,portugal
Nacional,6,0,2,4,1,6,-5,2,portugal
Farense,6,0,2,4,2,8,-6,2,portugal
Gil Vicente,6,0,2,4,5,14,-9,2,portugal
Alverca,6,1,3,2,6,7,-1,6,portugal2
Portimonense,6,1,3,2,7,9,-2,6,portugal2
FC Porto B,6,0,3,3,5,11,-6,3,portugal2
Al Shahaniya,6,1,1,4,10,15,-5,4,qatar
Farul Constanta,8,1,4,3,6,12,-6,7,romania
Botosani,8,1,3,4,4,11,-7,6,romania
P. Iasi,8,1,2,5,6,15,-9,5,romania
FC Buzau,8,1,1,6,10,21,-11,4,romania
Hermannstadt,8,0,1,7,6,19,-13,1,romania
Makhachkala,8,1,4,3,3,7,-4,7,russia
Khimki,8,1,3,4,8,17,-9,6,russia
Krylya Sovetov,7,1,2,4,5,10,-5,5,russia
Akhmat Grozny,8,1,2,5,6,14,-8,5,russia
Fakel Voronezh,8,1,1,6,7,19,-12,4,russia
Orenburg,7,0,1,6,4,16,-12,1,russia
Shinnik,8,1,5,2,4,7,-3,8,russia2
Arsenal Tula,8,0,7,1,7,8,-1,7,russia2
SKA Khabarovsk,8,1,4,3,8,13,-5,7,russia2
Rodina Moskva,8,1,3,4,6,10,-4,6,russia2
Ufa,8,1,2,5,5,12,-7,5,russia2
Sokol Saratov,8,1,2,5,4,17,-13,5,russia2
Neftekhimik,8,0,4,4,4,9,-5,4,russia2
Tyumen,8,1,1,6,7,16,-9,4,russia2
Yenisey,8,1,1,6,7,17,-10,4,russia2
Al Kholood,6,1,2,3,5,8,-3,5,saudiarabia
Al Orubah,7,1,1,5,8,19,-11,4,saudiarabia
Al Feiha,6,0,3,3,3,9,-6,3,saudiarabia
Al Batin,6,1,4,1,7,7,0,7,saudiarabia2
Al Adalha,6,1,2,3,5,9,-4,5,saudiarabia2
Dundee FC,6,1,2,3,6,12,-6,5,scotland
St. Mirren,6,1,1,4,7,14,-7,4,scotland
Hearts,8,1,1,6,8,16,-8,4,scotland
Ross County,6,0,3,3,1,13,-12,3,scotland
Hibernian,6,0,2,4,4,12,-8,2,scotland
Greenock Morton,8,1,3,4,4,14,-10,6,scotland2
Hamilton,7,1,2,4,10,15,-5,5,scotland2
Dunfermline,7,0,1,6,3,10,-7,1,scotland2
Raith Rovers,6,0,1,5,2,10,-8,1,scotland2
Airdrieonians,8,0,1,7,4,17,-13,1,scotland2
Dumbarton,6,1,3,2,6,8,-2,6,scotland3
Inverness,6,1,2,3,5,8,-3,5,scotland3
Stenhousemuir,7,1,2,4,4,9,-5,5,scotland3
Annan Athletic,8,1,0,7,5,21,-16,3,scotland3
Queen of South,7,0,2,5,1,7,-6,2,scotland3
Spartans,7,1,3,3,8,9,-1,6,scotland4
Forfar Athletic,7,1,0,6,5,11,-6,3,scotland4
Clyde,6,0,2,4,5,13,-8,2,scotland4
Cukaricki,8,1,5,2,11,14,-3,8,serbia
Napredak,8,1,4,3,4,8,-4,7,serbia
IMT N. Beograd,8,1,1,6,9,16,-7,4,serbia
Tekstilac Odzac,8,1,1,6,3,14,-11,4,serbia
S. Subotica,8,0,3,5,5,13,-8,3,serbia
Jedinstvo U.,8,0,1,7,5,20,-15,1,serbia
Zemun,8,0,6,2,6,10,-4,6,serbia2
S. Mitrovica,8,0,5,3,4,10,-6,5,serbia2
Borac Cacak,8,0,4,4,4,16,-12,4,serbia2
Sloboda Uzice,8,1,0,7,4,12,-8,3,serbia2
Sloven Ruma,8,0,2,6,3,17,-14,2,serbia2
Hougang,8,1,2,5,11,25,-14,5,singapore
Tanjong Pagar,8,0,1,7,8,34,-26,1,singapore
Ruzomberok,7,1,2,4,8,12,-4,5,slovakia
Banska Bystrica,7,0,4,3,4,8,-4,4,slovakia
Skalica,7,1,1,5,9,19,-10,4,slovakia
Trencin,8,0,4,4,5,15,-10,4,slovakia
Puchov,7,1,3,3,7,12,-5,6,slovakia2
Humenne,7,1,2,4,6,10,-4,5,slovakia2
P. Bystrica,7,1,2,4,6,12,-6,5,slovakia2
Pohronie,7,1,2,4,7,15,-8,5,slovakia2
Zvolen,7,1,1,5,3,15,-12,4,slovakia2
S. Lubovna,7,1,0,6,5,9,-4,3,slovakia2
Domzale,8,1,1,6,5,19,-14,4,slovenia
Nafta,8,0,1,7,3,16,-13,1,slovenia
TS Galaxy,6,1,2,3,6,7,-1,5,southafrica
Highbury,6,1,3,2,6,5,1,6,southafrica2
Baroka,6,1,2,3,4,8,-4,5,southafrica2
Venda FC,6,1,1,4,6,10,-4,4,southafrica2
Cape Town Spurs,6,0,2,4,0,6,-6,2,southafrica2
Suwon City,8,1,3,4,8,12,-4,6,southkorea
Pohang Steelers,8,1,2,5,13,17,-4,5,southkorea
Ansan Greeners,8,1,2,5,8,13,-5,5,southkorea2
Gyeongnam,8,0,5,3,8,14,-6,5,southkorea2
Seongnam,8,0,3,5,6,18,-12,3,southkorea2
Sevilla FC,7,1,3,3,7,11,-4,6,spain
Real Betis,7,1,3,3,6,10,-4,6,spain
Osasuna,6,1,2,3,4,12,-8,5,spain
Leganes,7,0,4,3,7,12,-5,4,spain
Celta Vigo,6,1,1,4,9,15,-6,4,spain
Alaves,8,1,0,7,8,17,-9,3,spain
Valladolid,7,1,0,6,5,20,-15,3,spain
Getafe,6,0,2,4,3,7,-4,2,spain
Valencia,6,0,2,4,2,11,-9,2,spain
Espanyol,7,0,1,6,4,17,-13,1,spain
Malaga,8,0,7,1,8,10,-2,7,spain2
Racing Ferrol,7,1,3,3,3,7,-4,6,spain2
Eibar,8,1,2,5,5,9,-4,5,spain2
Eldense,8,1,2,5,6,12,-6,5,spain2
Real Oviedo,8,0,5,3,4,12,-8,5,spain2
Tenerife,8,0,2,6,7,17,-10,2,spain2
Cordoba,8,0,1,7,3,18,-15,1,spain2
Varnamo,8,1,5,2,5,7,-2,8,sweden
Kalmar,8,1,4,3,9,13,-4,7,sweden
Halmstad,8,1,1,6,6,18,-12,4,sweden
Vasteras,8,1,0,7,5,15,-10,3,sweden
Orebro,8,1,3,4,9,14,-5,6,sweden2
Utsikten,8,1,3,4,7,13,-6,6,sweden2
Sandviken,8,1,2,5,11,18,-7,5,sweden2
Skovde AIK,8,0,4,4,10,20,-10,4,sweden2
Ostersunds,8,0,1,7,7,19,-12,1,sweden2
BSC Young Boys,8,1,3,4,8,14,-6,6,switzerland
Yverdon,8,1,3,4,7,13,-6,6,switzerland
Lausanne Sport,7,1,2,4,6,11,-5,5,switzerland
Sion,7,1,1,5,4,11,-7,4,switzerland
Grasshopper,7,1,0,6,3,11,-8,3,switzerland
Winterthur,8,0,2,6,6,21,-15,2,switzerland
Prachuap,7,1,3,3,5,12,-7,6,thailand
Sukhothai,7,1,2,4,8,17,-9,5,thailand
Khon Kaen Utd,6,1,1,4,2,11,-9,4,thailand
Chiangrai Utd,6,1,0,5,3,13,-10,3,thailand
Rayong,6,1,0,5,4,15,-11,3,thailand
Lamphun Warrior,6,0,2,4,4,12,-8,2,thailand
N. Bua Pitchaya,6,0,2,4,8,18,-10,2,thailand
Nakhon Pathom,8,0,2,6,6,17,-11,2,thailand
Kanchanaburi,6,1,5,0,10,9,1,8,thailand2
Pattaya United,7,1,2,4,11,10,1,5,thailand2
Chanthaburi,6,1,2,3,2,4,-2,5,thailand2
Chainat,7,0,4,3,3,6,-3,4,thailand2
Mahasarakham,6,1,1,4,4,8,-4,4,thailand2
Trat FC,6,1,1,4,4,8,-4,4,thailand2
Police Tero,6,0,2,4,7,12,-5,2,thailand2
Nakhon Si,7,0,2,5,4,16,-12,2,thailand2
Samut Prakan,6,0,1,5,4,10,-6,1,thailand2
Suphanburi,7,0,0,7,1,14,-13,0,thailand2
Goztepe,6,1,2,3,9,10,-1,5,turkey
Alanyaspor,6,1,2,3,5,9,-4,5,turkey
Trabzonspor,6,0,4,2,3,6,-3,4,turkey
Gaziantep,6,1,1,4,9,14,-5,4,turkey
Antalyaspor,6,1,1,4,7,14,-7,4,turkey
Bodrumspor,6,1,1,4,4,11,-7,4,turkey
Hatayspor,6,0,2,4,6,11,-5,2,turkey
Adana Demirspor,6,0,2,4,4,13,-9,2,turkey
Boluspor,6,1,3,2,5,7,-2,6,turkey2
Sakaryaspor,7,1,3,3,9,13,-4,6,turkey2
Sanliurfaspor,7,1,2,4,5,10,-5,5,turkey2
Erzurum BB,6,1,1,4,4,8,-4,4,turkey2
Ankaragucu,6,1,0,5,5,8,-3,3,turkey2
Adanaspor,6,0,3,3,3,15,-12,3,turkey2
Y. Malatyaspor,6,0,0,6,3,21,-18,0,turkey2
Rukh Lviv,7,1,4,2,7,7,0,7,ukraine
Kolos Kovalivka,7,1,3,3,5,7,-2,6,ukraine
Vorskla Poltava,8,1,3,4,7,12,-5,6,ukraine
Livyi Bereh,7,1,2,4,3,8,-5,5,ukraine
LNZ Cherkasy,7,1,2,4,6,14,-8,5,ukraine
Obolon,6,1,0,5,1,12,-11,3,ukraine
Inhulets,8,0,3,5,6,19,-13,3,ukraine
Chornomorets,6,0,2,4,4,9,-5,2,ukraine
New York RB,8,1,4,3,10,10,0,7,usa
New York City,8,1,4,3,12,13,-1,7,usa
Portland,8,1,4,3,12,14,-2,7,usa
Dallas,8,1,3,4,13,16,-3,6,usa
St. Louis City,8,1,3,4,11,19,-8,6,usa
CF Montreal,8,1,3,4,10,19,-9,6,usa
Chicago Fire,8,1,1,6,8,14,-6,4,usa
Sporting KC,8,1,1,6,7,17,-10,4,usa
SJ Earthquakes,8,1,1,6,7,20,-13,4,usa
New England,8,1,0,7,9,26,-17,3,usa
Charleston,8,1,3,4,8,15,-7,6,usa2
Indy Eleven,8,1,3,4,3,13,-10,6,usa2
Orange County,8,1,3,4,3,14,-11,6,usa2
Tampa Bay,8,1,2,5,9,16,-7,5,usa2
Sacramento R.,8,1,1,6,9,15,-6,4,usa2
Miami FC,8,0,0,8,2,24,-22,0,usa2
Richmond K.,8,1,3,4,8,15,-7,6,usa3
Tormenta,8,1,3,4,8,17,-9,6,usa3
Central Valley,8,1,1,6,10,24,-14,4,usa3
Andijan,8,0,5,3,6,13,-7,5,uzbekistan
Metallurg,8,0,4,4,6,10,-4,4,uzbekistan
Qizilqum,8,0,4,4,5,11,-6,4,uzbekistan
Bala Town,8,1,7,0,11,10,1,10,wales
Briton Ferry,7,1,0,6,6,13,-7,3,wales
Aberystwyth,8,1,0,7,5,22,-17,3,wales
