League,Team_Home,GP,W,D,L,GF,GA,GD,Pts,PPG_HT_Home,Rank_Home,PIH,PIH_HA,GD_Home,GF_AVG_Home,GA_AVG_Home,Odd_Justa_MO,Odd_Justa_HA
Argentina - Liga Profesional,Argentinos Jrs,9,5,3,1,10,1,9,18,2.0,1,0.56,0.89,9,1.11,0.11,1.79,1.12
Argentina - Liga Profesional,Banfield,8,5,3,0,7,0,7,18,2.25,1,0.62,1.0,7,0.88,0.0,1.61,1.0
Argentina - Liga Profesional,Rosario Central,7,5,1,1,7,2,5,16,2.29,3,0.71,0.86,5,1.0,0.29,1.41,1.16
Argentina - Liga Profesional,Independiente,8,4,3,1,8,1,7,15,1.88,4,0.5,0.88,7,1.0,0.12,2.0,1.14
Argentina - Liga Profesional,Barracas C.,8,4,3,1,6,3,3,15,1.88,4,0.5,0.88,3,0.75,0.38,2.0,1.14
Argentina - Liga Profesional,Boca Juniors,8,3,5,0,5,1,4,14,1.75,6,0.38,1.0,4,0.62,0.12,2.63,1.0
Argentina - Liga Profesional,Central Cordoba,9,3,5,1,5,3,2,14,1.56,6,0.33,0.89,2,0.56,0.33,3.03,1.12
Argentina - Liga Profesional,Tigre,8,3,4,1,5,2,3,13,1.62,8,0.38,0.88,3,0.62,0.25,2.63,1.14
Argentina - Liga Profesional,Racing Club,7,4,1,2,4,3,1,13,1.86,8,0.57,0.71,1,0.57,0.43,1.75,1.41
Argentina - Liga Profesional,River Plate,9,2,6,1,6,4,2,12,1.33,10,0.22,0.89,2,0.67,0.44,4.55,1.12
Argentina - Liga Profesional,Newells,8,3,3,2,4,2,2,12,1.5,10,0.38,0.75,2,0.5,0.25,2.63,1.33
Argentina - Liga Profesional,Gimnasia,8,3,3,2,3,2,1,12,1.5,10,0.38,0.75,1,0.38,0.25,2.63,1.33
Argentina - Liga Profesional,A. Tucuman,8,3,2,3,8,5,3,11,1.38,13,0.38,0.62,3,1.0,0.62,2.63,1.61
Argentina - Liga Profesional,Lanus,8,2,5,1,4,2,2,11,1.38,13,0.25,0.88,2,0.5,0.25,4.0,1.14
Argentina - Liga Profesional,Huracan,8,2,5,1,3,2,1,11,1.38,13,0.25,0.88,1,0.38,0.25,4.0,1.14
Argentina - Liga Profesional,Union Santa Fe,9,2,5,2,4,4,0,11,1.22,13,0.22,0.78,0,0.44,0.44,4.55,1.28
Argentina - Liga Profesional,Belgrano,8,3,2,3,5,7,-2,11,1.38,13,0.38,0.62,-2,0.62,0.88,2.63,1.61
Argentina - Liga Profesional,Instituto,7,2,4,1,3,2,1,10,1.43,18,0.29,0.86,1,0.43,0.29,3.45,1.16
Argentina - Liga Profesional,D. Riestra,8,1,7,0,1,0,1,10,1.25,18,0.12,1.0,1,0.12,0.0,8.33,1.0
Argentina - Liga Profesional,Godoy Cruz,8,2,4,2,2,3,-1,10,1.25,18,0.25,0.75,-1,0.25,0.38,4.0,1.33
Argentina - Liga Profesional,Estudiantes,7,2,3,2,5,3,2,9,1.29,21,0.29,0.71,2,0.71,0.43,3.45,1.41
Argentina - Liga Profesional,Defensa y J.,7,1,6,0,1,0,1,9,1.29,21,0.14,1.0,1,0.14,0.0,7.14,1.0
Argentina - Liga Profesional,I. Rivadavia,8,2,3,3,3,5,-2,9,1.12,21,0.25,0.62,-2,0.38,0.62,4.0,1.61
Argentina - Liga Profesional,San Lorenzo,8,0,8,0,3,3,0,8,1.0,24,0.0,1.0,0,0.38,0.38,0.0,1.0
Argentina - Liga Profesional,T. de Cordoba,8,1,5,2,4,5,-1,8,1.0,24,0.12,0.75,-1,0.5,0.62,8.33,1.33
Argentina - Liga Profesional,Platense,8,1,5,2,2,3,-1,8,1.0,24,0.12,0.75,-1,0.25,0.38,8.33,1.33
Argentina - Liga Profesional,Sarmiento,8,1,5,2,2,3,-1,8,1.0,24,0.12,0.75,-1,0.25,0.38,8.33,1.33
Argentina - Liga Profesional,SM San Juan,9,1,5,3,1,4,-3,8,0.89,24,0.11,0.67,-3,0.11,0.44,9.09,1.49
Argentina - Liga Profesional,Aldosivi,8,2,1,5,4,10,-6,7,0.88,29,0.25,0.38,-6,0.5,1.25,4.0,2.63
Argentina - Liga Profesional,Velez Sarsfield,8,0,5,3,0,4,-4,5,0.62,30,0.0,0.62,-4,0.0,0.5,0.0,1.61
Argentina - Primera B,V. San Carlos,9,6,3,0,10,3,7,21,2.33,1,0.67,1.0,7,1.11,0.33,1.49,1.0
Argentina - Primera B,Excursionistas,8,5,3,0,6,0,6,18,2.25,2,0.62,1.0,6,0.75,0.0,1.61,1.0
Argentina - Primera B,Real Pilar,9,5,3,1,8,3,5,18,2.0,2,0.56,0.89,5,0.89,0.33,1.79,1.12
Argentina - Primera B,Midland,9,4,5,0,5,0,5,17,1.89,4,0.44,1.0,5,0.56,0.0,2.27,1.0
Argentina - Primera B,Dock Sud,9,4,4,1,8,5,3,16,1.78,5,0.44,0.89,3,0.89,0.56,2.27,1.12
Argentina - Primera B,SM Burzaco,9,4,4,1,4,1,3,16,1.78,5,0.44,0.89,3,0.44,0.11,2.27,1.12
Argentina - Primera B,Acassuso,9,3,6,0,4,0,4,15,1.67,7,0.33,1.0,4,0.44,0.0,3.03,1.0
Argentina - Primera B,Argentino Merlo,10,3,5,2,4,3,1,14,1.4,8,0.3,0.8,1,0.4,0.3,3.33,1.25
Argentina - Primera B,Brown de A.,9,3,5,1,3,2,1,14,1.56,8,0.33,0.89,1,0.33,0.22,3.03,1.12
Argentina - Primera B,D. Laferrere,9,3,4,2,6,2,4,13,1.44,10,0.33,0.78,4,0.67,0.22,3.03,1.28
Argentina - Primera B,Comunicaciones,9,3,4,2,4,2,2,13,1.44,10,0.33,0.78,2,0.44,0.22,3.03,1.28
Argentina - Primera B,A. Quilmes,9,3,2,4,4,4,0,11,1.22,12,0.33,0.56,0,0.44,0.44,3.03,1.79
Argentina - Primera B,UAI Urquiza,9,2,5,2,4,5,-1,11,1.22,12,0.22,0.78,-1,0.44,0.56,4.55,1.28
Argentina - Primera B,Villa Dalmine,9,1,7,1,5,6,-1,10,1.11,14,0.11,0.89,-1,0.56,0.67,9.09,1.12
Argentina - Primera B,Liniers,9,2,4,3,3,4,-1,10,1.11,14,0.22,0.67,-1,0.33,0.44,4.55,1.49
Argentina - Primera B,Sacachispas,9,2,4,3,3,4,-1,10,1.11,14,0.22,0.67,-1,0.33,0.44,4.55,1.49
Argentina - Primera B,S. Italiano,8,1,6,1,1,1,0,9,1.12,17,0.12,0.88,0,0.12,0.12,8.33,1.14
Argentina - Primera B,D. Armenio,9,1,6,2,4,5,-1,9,1.0,17,0.11,0.78,-1,0.44,0.56,9.09,1.28
Argentina - Primera B,Flandria,9,1,6,2,1,2,-1,9,1.0,17,0.11,0.78,-1,0.11,0.22,9.09,1.28
Argentina - Primera B,Deportivo Merlo,9,1,5,3,2,3,-1,8,0.89,20,0.11,0.67,-1,0.22,0.33,9.09,1.49
Argentina - Primera B,Fenix,9,0,7,2,1,4,-3,7,0.78,21,0.0,0.78,-3,0.11,0.44,0.0,1.28
Armenia - Premier League,Noah,15,11,4,0,23,4,19,37,2.47,1,0.73,1.0,19,1.53,0.27,1.37,1.0
Armenia - Premier League,Ararat-Armenia,15,11,2,2,19,6,13,35,2.33,2,0.73,0.87,13,1.27,0.4,1.37,1.15
Armenia - Premier League,Van,15,8,3,4,20,11,9,27,1.8,3,0.53,0.73,9,1.33,0.73,1.89,1.37
Armenia - Premier League,Urartu,15,7,5,3,18,8,10,26,1.73,4,0.47,0.8,10,1.2,0.53,2.13,1.25
Armenia - Premier League,Pyunik,15,5,6,4,11,7,4,21,1.4,5,0.33,0.73,4,0.73,0.47,3.03,1.37
Armenia - Premier League,Shirak,15,3,9,3,4,5,-1,18,1.2,6,0.2,0.8,-1,0.27,0.33,5.0,1.25
Armenia - Premier League,Ararat Yerevan,15,4,6,5,10,12,-2,18,1.2,6,0.27,0.67,-2,0.67,0.8,3.7,1.49
Armenia - Premier League,BKMA,15,4,6,5,9,11,-2,18,1.2,6,0.27,0.67,-2,0.6,0.73,3.7,1.49
Armenia - Premier League,Alashkert,15,4,5,6,7,9,-2,17,1.13,9,0.27,0.6,-2,0.47,0.6,3.7,1.67
Armenia - Premier League,West Armenia,15,3,5,7,5,15,-10,14,0.93,10,0.2,0.53,-10,0.33,1.0,5.0,1.89
Armenia - Premier League,Gandzasar,15,1,6,8,3,14,-11,9,0.6,11,0.07,0.47,-11,0.2,0.93,14.29,2.13
Australia - A-League,Auckland,13,7,5,1,13,5,8,26,2.0,1,0.54,0.92,8,1.0,0.38,1.85,1.09
Australia - A-League,Western United,13,7,3,3,12,6,6,24,1.85,2,0.54,0.77,6,0.92,0.46,1.85,1.3
Australia - A-League,Melbourne V.,13,6,6,1,11,5,6,24,1.85,2,0.46,0.92,6,0.85,0.38,2.17,1.09
Australia - A-League,Melbourne City,13,7,3,3,9,5,4,24,1.85,2,0.54,0.77,4,0.69,0.38,1.85,1.3
Australia - A-League,Adelaide Utd,13,6,5,2,15,11,4,23,1.77,5,0.46,0.85,4,1.15,0.85,2.17,1.18
Australia - A-League,Sydney FC,13,4,6,3,15,14,1,18,1.38,6,0.31,0.77,1,1.15,1.08,3.23,1.3
Australia - A-League,WS Wanderers,13,5,3,5,14,14,0,18,1.38,6,0.38,0.62,0,1.08,1.08,2.63,1.61
Australia - A-League,Macarthur FC,13,4,4,5,11,10,1,16,1.23,8,0.31,0.62,1,0.85,0.77,3.23,1.61
Australia - A-League,Newcastle Jets,13,3,6,4,8,12,-4,15,1.15,9,0.23,0.69,-4,0.62,0.92,4.35,1.45
Australia - A-League,Wellington,13,2,8,3,5,6,-1,14,1.08,10,0.15,0.77,-1,0.38,0.46,6.67,1.3
Australia - A-League,Brisbane Roar,13,3,5,5,6,9,-3,14,1.08,10,0.23,0.62,-3,0.46,0.69,4.35,1.61
Australia - A-League,Central Coast,13,3,5,5,7,13,-6,14,1.08,10,0.23,0.62,-6,0.54,1.0,4.35,1.61
Australia - A-League,Perth Glory,13,3,5,5,6,12,-6,14,1.08,10,0.23,0.62,-6,0.46,0.92,4.35,1.61
Austria - Bundesliga,Rapid Wien,11,7,4,0,14,4,10,25,2.27,1,0.64,1.0,10,1.27,0.36,1.56,1.0
Austria - Bundesliga,Sturm Graz,11,6,3,2,14,4,10,21,1.91,2,0.55,0.82,10,1.27,0.36,1.82,1.22
Austria - Bundesliga,Salzburg,11,6,3,2,9,3,6,21,1.91,2,0.55,0.82,6,0.82,0.27,1.82,1.22
Austria - Bundesliga,BW Linz,11,2,8,1,8,6,2,14,1.27,4,0.18,0.91,2,0.73,0.55,5.56,1.1
Austria - Bundesliga,Wolfsberger AC,11,3,4,4,6,4,2,13,1.18,5,0.27,0.64,2,0.55,0.36,3.7,1.56
Austria - Bundesliga,Austria Wien,11,3,4,4,6,7,-1,13,1.18,5,0.27,0.64,-1,0.55,0.64,3.7,1.56
Austria - Bundesliga,LASK Linz,11,3,4,4,6,8,-2,13,1.18,5,0.27,0.64,-2,0.55,0.73,3.7,1.56
Austria - Bundesliga,A. Klagenfurt,11,2,6,3,7,7,0,12,1.09,8,0.18,0.73,0,0.64,0.64,5.56,1.37
Austria - Bundesliga,Grazer AK,11,2,5,4,7,8,-1,11,1.0,9,0.18,0.64,-1,0.64,0.73,5.56,1.56
Austria - Bundesliga,Tirol,11,1,8,2,3,4,-1,11,1.0,9,0.09,0.82,-1,0.27,0.36,11.11,1.22
Austria - Bundesliga,Altach,11,1,6,4,3,6,-3,9,0.82,11,0.09,0.64,-3,0.27,0.55,11.11,1.56
Austria - Bundesliga,Hartberg,11,1,5,5,2,6,-4,8,0.73,12,0.09,0.55,-4,0.18,0.55,11.11,1.82
Austria - 2. Liga,Kapfenberger,15,7,6,2,17,8,9,27,1.8,1,0.47,0.87,9,1.13,0.53,2.13,1.15
Austria - 2. Liga,Sturm Graz B,15,7,5,3,13,7,6,26,1.73,2,0.47,0.8,6,0.87,0.47,2.13,1.25
Austria - 2. Liga,Ried,15,5,10,0,14,5,9,25,1.67,3,0.33,1.0,9,0.93,0.33,3.03,1.0
Austria - 2. Liga,Admira Wacker,15,6,6,3,15,9,6,24,1.6,4,0.4,0.8,6,1.0,0.6,2.5,1.25
Austria - 2. Liga,Amstetten,15,6,5,4,13,11,2,23,1.53,5,0.4,0.73,2,0.87,0.73,2.5,1.37
Austria - 2. Liga,Rapid Wien B,15,6,4,5,16,10,6,22,1.47,6,0.4,0.67,6,1.07,0.67,2.5,1.49
Austria - 2. Liga,Liefering,15,5,7,3,10,8,2,22,1.47,6,0.33,0.8,2,0.67,0.53,3.03,1.25
Austria - 2. Liga,Bregenz,15,6,4,5,11,10,1,22,1.47,6,0.4,0.67,1,0.73,0.67,2.5,1.49
Austria - 2. Liga,St. Polten,15,4,9,2,9,3,6,21,1.4,9,0.27,0.87,6,0.6,0.2,3.7,1.15
Austria - 2. Liga,First Vienna,15,5,4,6,12,8,4,19,1.27,10,0.33,0.6,4,0.8,0.53,3.03,1.67
Austria - 2. Liga,Floridsdorfer,15,4,7,4,6,7,-1,19,1.27,10,0.27,0.73,-1,0.4,0.47,3.7,1.37
Austria - 2. Liga,SV Horn,15,4,5,6,13,16,-3,17,1.13,12,0.27,0.6,-3,0.87,1.07,3.7,1.67
Austria - 2. Liga,Stripfing,15,3,7,5,6,10,-4,16,1.07,13,0.2,0.67,-4,0.4,0.67,5.0,1.49
Austria - 2. Liga,A. Lustenau,15,2,9,4,6,9,-3,15,1.0,14,0.13,0.73,-3,0.4,0.6,7.69,1.37
Austria - 2. Liga,Voitsberg,15,2,8,5,5,9,-4,14,0.93,15,0.13,0.67,-4,0.33,0.6,7.69,1.49
Austria - 2. Liga,Lafnitz,15,3,5,7,10,18,-8,14,0.93,15,0.2,0.53,-8,0.67,1.2,5.0,1.89
Belgium - First Division A,Royale Union SG,15,9,5,1,14,2,12,32,2.13,1,0.6,0.93,12,0.93,0.13,1.67,1.08
Belgium - First Division A,Club Brugge,15,7,7,1,15,6,9,28,1.87,2,0.47,0.93,9,1.0,0.4,2.13,1.08
Belgium - First Division A,KRC Genk,15,6,8,1,10,4,6,26,1.73,3,0.4,0.93,6,0.67,0.27,2.5,1.08
Belgium - First Division A,Anderlecht,15,6,6,3,14,8,6,24,1.6,4,0.4,0.8,6,0.93,0.53,2.5,1.25
Belgium - First Division A,Gent,15,7,3,5,14,8,6,24,1.6,4,0.47,0.67,6,0.93,0.53,2.13,1.49
Belgium - First Division A,Sint-Truiden,15,7,3,5,12,12,0,24,1.6,4,0.47,0.67,0,0.8,0.8,2.13,1.49
Belgium - First Division A,Westerlo,15,6,5,4,15,12,3,23,1.53,7,0.4,0.73,3,1.0,0.8,2.5,1.37
Belgium - First Division A,Antwerp,15,6,4,5,12,8,4,22,1.47,8,0.4,0.67,4,0.8,0.53,2.5,1.49
Belgium - First Division A,Standard Liege,15,4,9,2,6,2,4,21,1.4,9,0.27,0.87,4,0.4,0.13,3.7,1.15
Belgium - First Division A,Charleroi,15,5,6,4,8,6,2,21,1.4,9,0.33,0.73,2,0.53,0.4,3.03,1.37
Belgium - First Division A,KV Mechelen,15,6,3,6,12,12,0,21,1.4,9,0.4,0.6,0,0.8,0.8,2.5,1.67
Belgium - First Division A,OH Leuven,15,3,10,2,8,6,2,19,1.27,12,0.2,0.87,2,0.53,0.4,5.0,1.15
Belgium - First Division A,Kortrijk,15,5,4,6,7,9,-2,19,1.27,12,0.33,0.6,-2,0.47,0.6,3.03,1.67
Belgium - First Division A,Cercle Brugge,15,3,9,3,8,9,-1,18,1.2,14,0.2,0.8,-1,0.53,0.6,5.0,1.25
Belgium - First Division A,Dender,15,4,6,5,7,8,-1,18,1.2,14,0.27,0.67,-1,0.47,0.53,3.7,1.49
Belgium - First Division A,Beerschot,15,4,4,7,5,14,-9,16,1.07,16,0.27,0.53,-9,0.33,0.93,3.7,1.89
Brazil - Serie A,Flamengo,6,4,1,1,8,1,7,13,2.17,1,0.67,0.83,7,1.33,0.17,1.49,1.2
Brazil - Serie A,Bragantino,6,4,1,1,5,2,3,13,2.17,1,0.67,0.83,3,0.83,0.33,1.49,1.2
Brazil - Serie A,Botafogo,5,4,0,1,6,2,4,12,2.4,3,0.8,0.8,4,1.2,0.4,1.25,1.25
Brazil - Serie A,Cruzeiro,6,3,3,0,6,2,4,12,2.0,3,0.5,1.0,4,1.0,0.33,2.0,1.0
Brazil - Serie A,Bahia,6,3,3,0,4,1,3,12,2.0,3,0.5,1.0,3,0.67,0.17,2.0,1.0
Brazil - Serie A,Ceara,6,3,3,0,4,1,3,12,2.0,3,0.5,1.0,3,0.67,0.17,2.0,1.0
Brazil - Serie A,Mirassol,5,3,0,2,4,2,2,9,1.8,7,0.6,0.6,2,0.8,0.4,1.67,1.67
Brazil - Serie A,Gremio,6,2,3,1,3,1,2,9,1.5,7,0.33,0.83,2,0.5,0.17,3.03,1.2
Brazil - Serie A,Fluminense,5,2,2,1,3,2,1,8,1.6,9,0.4,0.8,1,0.6,0.4,2.5,1.25
Brazil - Serie A,Vasco da Gama,6,2,2,2,3,3,0,8,1.33,9,0.33,0.67,0,0.5,0.5,3.03,1.49
Brazil - Serie A,Juventude,6,2,2,2,4,5,-1,8,1.33,9,0.33,0.67,-1,0.67,0.83,3.03,1.49
Brazil - Serie A,Palmeiras,5,1,4,0,2,0,2,7,1.4,12,0.2,1.0,2,0.4,0.0,5.0,1.0
Brazil - Serie A,Internacional,5,2,1,2,4,3,1,7,1.4,12,0.4,0.6,1,0.8,0.6,2.5,1.67
Brazil - Serie A,Fortaleza,5,2,1,2,3,3,0,7,1.4,12,0.4,0.6,0,0.6,0.6,2.5,1.67
Brazil - Serie A,Sao Paulo,6,1,4,1,2,2,0,7,1.17,12,0.17,0.83,0,0.33,0.33,5.88,1.2
Brazil - Serie A,Santos,5,1,3,1,2,1,1,6,1.2,16,0.2,0.8,1,0.4,0.2,5.0,1.25
Brazil - Serie A,Corinthians,6,1,3,2,3,3,0,6,1.0,16,0.17,0.67,0,0.5,0.5,5.88,1.49
Brazil - Serie A,Atletico MG,5,0,5,0,0,0,0,5,1.0,18,0.0,1.0,0,0.0,0.0,0.0,1.0
Brazil - Serie A,Sport Recife,5,1,2,2,2,5,-3,5,1.0,18,0.2,0.6,-3,0.4,1.0,5.0,1.67
Brazil - Serie A,Vitoria,5,1,1,3,1,3,-2,4,0.8,20,0.2,0.4,-2,0.2,0.6,5.0,2.5
Brazil - Serie B,Goias,6,4,2,0,6,2,4,14,2.33,1,0.67,1.0,4,1.0,0.33,1.49,1.0
Brazil - Serie B,Remo,6,4,2,0,5,1,4,14,2.33,1,0.67,1.0,4,0.83,0.17,1.49,1.0
Brazil - Serie B,America MG,6,3,3,0,5,2,3,12,2.0,3,0.5,1.0,3,0.83,0.33,2.0,1.0
Brazil - Serie B,Coritiba,5,3,2,0,4,0,4,11,2.2,4,0.6,1.0,4,0.8,0.0,1.67,1.0
Brazil - Serie B,CRB,5,3,2,0,4,1,3,11,2.2,4,0.6,1.0,3,0.8,0.2,1.67,1.0
Brazil - Serie B,Vila Nova,5,3,1,1,5,1,4,10,2.0,6,0.6,0.8,4,1.0,0.2,1.67,1.25
Brazil - Serie B,Avai,6,2,4,0,3,1,2,10,1.67,6,0.33,1.0,2,0.5,0.17,3.03,1.0
Brazil - Serie B,Chapecoense,5,2,3,0,4,1,3,9,1.8,8,0.4,1.0,3,0.8,0.2,2.5,1.0
Brazil - Serie B,Operario PR,5,2,3,0,3,1,2,9,1.8,8,0.4,1.0,2,0.6,0.2,2.5,1.0
Brazil - Serie B,Atletico GO,5,2,2,1,4,3,1,8,1.6,10,0.4,0.8,1,0.8,0.6,2.5,1.25
Brazil - Serie B,Athletico PR,5,2,2,1,3,2,1,8,1.6,10,0.4,0.8,1,0.6,0.4,2.5,1.25
Brazil - Serie B,Athletic Club,5,2,2,1,2,1,1,8,1.6,10,0.4,0.8,1,0.4,0.2,2.5,1.25
Brazil - Serie B,Botafogo SP,6,2,2,2,3,4,-1,8,1.33,10,0.33,0.67,-1,0.5,0.67,3.03,1.49
Brazil - Serie B,Cuiaba,6,2,2,2,2,3,-1,8,1.33,10,0.33,0.67,-1,0.33,0.5,3.03,1.49
Brazil - Serie B,Criciuma,5,1,4,0,4,1,3,7,1.4,15,0.2,1.0,3,0.8,0.2,5.0,1.0
Brazil - Serie B,Ferroviaria,5,2,1,2,3,3,0,7,1.4,15,0.4,0.6,0,0.6,0.6,2.5,1.67
Brazil - Serie B,Novorizontino,6,1,4,1,3,3,0,7,1.17,15,0.17,0.83,0,0.5,0.5,5.88,1.2
Brazil - Serie B,Amazonas,5,1,2,2,1,3,-2,5,1.0,18,0.2,0.6,-2,0.2,0.6,5.0,1.67
Brazil - Serie B,Paysandu,5,0,4,1,2,4,-2,4,0.8,19,0.0,0.8,-2,0.4,0.8,0.0,1.25
Brazil - Serie B,Volta Redonda,5,0,3,2,0,2,-2,3,0.6,20,0.0,0.6,-2,0.0,0.4,0.0,1.67
Brazil - Serie C,Tombense,4,3,1,0,5,1,4,10,2.5,1,0.75,1.0,4,1.25,0.25,1.33,1.0
Brazil - Serie C,Brusque,4,2,2,0,2,0,2,8,2.0,2,0.5,1.0,2,0.5,0.0,2.0,1.0
Brazil - Serie C,Londrina,4,2,1,1,3,1,2,7,1.75,3,0.5,0.75,2,0.75,0.25,2.0,1.33
Brazil - Serie C,Caxias,4,2,1,1,4,3,1,7,1.75,3,0.5,0.75,1,1.0,0.75,2.0,1.33
Brazil - Serie C,Confianca,4,2,1,1,4,3,1,7,1.75,3,0.5,0.75,1,1.0,0.75,2.0,1.33
Brazil - Serie C,Botafogo PB,4,2,1,1,2,1,1,7,1.75,3,0.5,0.75,1,0.5,0.25,2.0,1.33
Brazil - Serie C,Ypiranga,4,2,1,1,3,3,0,7,1.75,3,0.5,0.75,0,0.75,0.75,2.0,1.33
Brazil - Serie C,Nautico,4,1,3,0,2,0,2,6,1.5,8,0.25,1.0,2,0.5,0.0,4.0,1.0
Brazil - Serie C,ABC,4,1,3,0,3,2,1,6,1.5,8,0.25,1.0,1,0.75,0.5,4.0,1.0
Brazil - Serie C,Ponte Preta,4,2,0,2,3,2,1,6,1.5,8,0.5,0.5,1,0.75,0.5,2.0,2.0
Brazil - Serie C,Floresta,4,1,3,0,1,0,1,6,1.5,8,0.25,1.0,1,0.25,0.0,4.0,1.0
Brazil - Serie C,Ituano,4,1,3,0,1,0,1,6,1.5,8,0.25,1.0,1,0.25,0.0,4.0,1.0
Brazil - Serie C,Figueirense,4,1,2,1,2,2,0,5,1.25,13,0.25,0.75,0,0.5,0.5,4.0,1.33
Brazil - Serie C,Guarani,4,1,1,2,2,3,-1,4,1.0,14,0.25,0.5,-1,0.5,0.75,4.0,2.0
Brazil - Serie C,CSA,4,0,3,1,3,4,-1,3,0.75,15,0.0,0.75,-1,0.75,1.0,0.0,1.33
Brazil - Serie C,Maringa,4,0,3,1,1,2,-1,3,0.75,15,0.0,0.75,-1,0.25,0.5,0.0,1.33
Brazil - Serie C,Anapolis,4,0,3,1,0,1,-1,3,0.75,15,0.0,0.75,-1,0.0,0.25,0.0,1.33
Brazil - Serie C,Itabaiana,4,1,0,3,1,3,-2,3,0.75,15,0.25,0.25,-2,0.25,0.75,4.0,4.0
Brazil - Serie C,Sao Bernardo,4,0,3,1,0,2,-2,3,0.75,15,0.0,0.75,-2,0.0,0.5,0.0,1.33
Brazil - Serie C,Retro,4,0,2,2,0,3,-3,2,0.5,20,0.0,0.5,-3,0.0,0.75,0.0,2.0
Bulgaria - Parva Liga,Ludogorets,18,11,7,0,16,1,15,40,2.22,1,0.61,1.0,15,0.89,0.06,1.64,1.0
Bulgaria - Parva Liga,Levski Sofia,18,11,4,3,16,6,10,37,2.06,2,0.61,0.83,10,0.89,0.33,1.64,1.2
Bulgaria - Parva Liga,Arda,18,10,5,3,18,8,10,35,1.94,3,0.56,0.83,10,1.0,0.44,1.79,1.2
Bulgaria - Parva Liga,CSKA Sofia,18,10,4,4,14,7,7,34,1.89,4,0.56,0.78,7,0.78,0.39,1.79,1.28
Bulgaria - Parva Liga,Slavia Sofia,19,8,6,5,17,13,4,30,1.58,5,0.42,0.74,4,0.89,0.68,2.38,1.35
Bulgaria - Parva Liga,Septemvri Sofia,19,8,6,5,12,10,2,30,1.58,5,0.42,0.74,2,0.63,0.53,2.38,1.35
Bulgaria - Parva Liga,Spartak Varna,18,8,4,6,14,9,5,28,1.56,7,0.44,0.67,5,0.78,0.5,2.27,1.49
Bulgaria - Parva Liga,Botev Plovdiv,18,7,7,4,11,9,2,28,1.56,7,0.39,0.78,2,0.61,0.5,2.56,1.28
Bulgaria - Parva Liga,Beroe,18,5,10,3,10,7,3,25,1.39,9,0.28,0.83,3,0.56,0.39,3.57,1.2
Bulgaria - Parva Liga,Cherno More,18,5,10,3,9,6,3,25,1.39,9,0.28,0.83,3,0.5,0.33,3.57,1.2
Bulgaria - Parva Liga,CSKA 1948 Sofia,19,6,6,7,12,17,-5,24,1.26,11,0.32,0.63,-5,0.63,0.89,3.12,1.59
Bulgaria - Parva Liga,Botev Vratsa,18,4,11,3,11,10,1,23,1.28,12,0.22,0.83,1,0.61,0.56,4.55,1.2
Bulgaria - Parva Liga,Lokomotiv Sofia,19,5,8,6,11,11,0,23,1.21,12,0.26,0.68,0,0.58,0.58,3.85,1.47
Bulgaria - Parva Liga,L. Krumovgrad,18,5,7,6,5,9,-4,22,1.22,14,0.28,0.67,-4,0.28,0.5,3.57,1.49
Bulgaria - Parva Liga,Lok. Plovdiv,18,5,6,7,8,12,-4,21,1.17,15,0.28,0.61,-4,0.44,0.67,3.57,1.64
Bulgaria - Parva Liga,Hebar,18,4,8,6,6,10,-4,20,1.11,16,0.22,0.67,-4,0.33,0.56,4.55,1.49
Canada - Premier League,York Utd,5,3,2,0,6,3,3,11,2.2,1,0.6,1.0,3,1.2,0.6,1.67,1.0
Canada - Premier League,Cavalry,5,3,1,1,3,1,2,10,2.0,2,0.6,0.8,2,0.6,0.2,1.67,1.25
Canada - Premier League,Vancouver FC,5,2,2,1,3,3,0,8,1.6,3,0.4,0.8,0,0.6,0.6,2.5,1.25
Canada - Premier League,Forge,5,1,3,1,3,3,0,6,1.2,4,0.2,0.8,0,0.6,0.6,5.0,1.25
Canada - Premier League,Pacific,5,1,2,2,3,3,0,5,1.0,5,0.2,0.6,0,0.6,0.6,5.0,1.67
Canada - Premier League,HFX Wanderers,4,1,2,1,1,1,0,5,1.25,5,0.25,0.75,0,0.25,0.25,4.0,1.33
Canada - Premier League,A. Ottawa,4,1,0,3,3,4,-1,3,0.75,7,0.25,0.25,-1,0.75,1.0,4.0,4.0
Canada - Premier League,Valour,5,0,3,2,1,4,-3,3,0.6,7,0.0,0.6,-3,0.2,0.8,0.0,1.67
China - Super League,Zhejiang,6,5,1,0,9,2,7,16,2.67,1,0.83,1.0,7,1.5,0.33,1.2,1.0
China - Super League,Beijing Guoan,5,5,0,0,7,1,6,15,3.0,2,1.0,1.0,6,1.4,0.2,1.0,1.0
China - Super League,Chengdu,7,4,3,0,6,2,4,15,2.14,2,0.57,1.0,4,0.86,0.29,1.75,1.0
China - Super League,S. Shenhua,7,4,2,1,10,5,5,14,2.0,4,0.57,0.86,5,1.43,0.71,1.75,1.16
China - Super League,Shanghai Port,8,3,4,1,7,4,3,13,1.62,5,0.38,0.88,3,0.88,0.5,2.63,1.14
China - Super League,Qingdao West C.,7,3,2,2,6,4,2,11,1.57,6,0.43,0.71,2,0.86,0.57,2.33,1.41
China - Super League,Shandong T.,7,1,5,1,6,4,2,8,1.14,7,0.14,0.86,2,0.86,0.57,7.14,1.16
China - Super League,Henan SL,5,2,2,1,4,3,1,8,1.6,7,0.4,0.8,1,0.8,0.6,2.5,1.25
China - Super League,Meizhou Hakka,7,2,2,3,4,7,-3,8,1.14,7,0.29,0.57,-3,0.57,1.0,3.45,1.75
China - Super League,Dalian Yingbo,6,2,1,3,3,5,-2,7,1.17,10,0.33,0.5,-2,0.5,0.83,3.03,2.0
China - Super League,Qingdao Hainiu,7,1,3,3,2,4,-2,6,0.86,11,0.14,0.57,-2,0.29,0.57,7.14,1.75
China - Super League,Yunnan Yukun,6,1,2,3,1,4,-3,5,0.83,12,0.17,0.5,-3,0.17,0.67,5.88,2.0
China - Super League,Sichuan Jiuniu,5,1,1,3,3,5,-2,4,0.8,13,0.2,0.4,-2,0.6,1.0,5.0,2.5
China - Super League,Tianjin T.,6,1,1,4,1,6,-5,4,0.67,13,0.17,0.33,-5,0.17,1.0,5.88,3.03
China - Super League,Changchun Yatai,6,0,3,3,1,4,-3,3,0.5,15,0.0,0.5,-3,0.17,0.67,0.0,2.0
China - Super League,Wuhan Three T.,6,1,0,5,4,12,-8,3,0.5,15,0.17,0.17,-8,0.67,2.0,5.88,5.88
China - League One,S. Gongfu,5,4,0,1,5,1,4,12,2.4,1,0.8,0.8,4,1.0,0.2,1.25,1.25
China - League One,Shanghai Jiadin,6,3,2,1,3,3,0,11,1.83,2,0.5,0.83,0,0.5,0.5,2.0,1.2
China - League One,Shenzhen J.,5,3,1,1,8,3,5,10,2.0,3,0.6,0.8,5,1.6,0.6,1.67,1.25
China - League One,Nanjing City,6,2,4,0,2,0,2,10,1.67,3,0.33,1.0,2,0.33,0.0,3.03,1.0
China - League One,Liaoning Tieren,5,2,3,0,5,2,3,9,1.8,5,0.4,1.0,3,1.0,0.4,2.5,1.0
China - League One,Yanbian Longdin,5,2,3,0,5,2,3,9,1.8,5,0.4,1.0,3,1.0,0.4,2.5,1.0
China - League One,Chongqing T.,6,1,5,0,3,2,1,8,1.33,7,0.17,1.0,1,0.5,0.33,5.88,1.0
China - League One,Suzhou Dongwu,5,1,4,0,2,0,2,7,1.4,8,0.2,1.0,2,0.4,0.0,5.0,1.0
China - League One,Nantong Zhiyun,6,2,1,3,5,5,0,7,1.17,8,0.33,0.5,0,0.83,0.83,3.03,2.0
China - League One,Shaanxi Union,5,2,1,2,5,5,0,7,1.4,8,0.4,0.6,0,1.0,1.0,2.5,1.67
China - League One,Foshan Nanshi,6,1,3,2,5,6,-1,6,1.0,11,0.17,0.67,-1,0.83,1.0,5.88,1.49
China - League One,Dalian Kuncheng,6,0,5,1,2,3,-1,5,0.83,12,0.0,0.83,-1,0.33,0.5,0.0,1.2
China - League One,Guangdong GZP,5,1,2,2,3,5,-2,5,1.0,12,0.2,0.6,-2,0.6,1.0,5.0,1.67
China - League One,Qingdao RL,5,0,4,1,1,3,-2,4,0.8,14,0.0,0.8,-2,0.2,0.6,0.0,1.25
China - League One,Heilongjiang IC,6,0,4,2,1,4,-3,4,0.67,14,0.0,0.67,-3,0.17,0.67,0.0,1.49
China - League One,Guangxi Baoyun,6,1,1,4,2,6,-4,4,0.67,14,0.17,0.33,-4,0.33,1.0,5.88,3.03
Colombia - Primera A - Apertura,D. Pereira,10,8,2,0,11,0,11,26,2.6,1,0.8,1.0,11,1.1,0.0,1.25,1.0
Colombia - Primera A - Apertura,A. Nacional,10,7,2,1,11,4,7,23,2.3,2,0.7,0.9,7,1.1,0.4,1.43,1.11
Colombia - Primera A - Apertura,Deportivo Pasto,10,6,3,1,13,4,9,21,2.1,3,0.6,0.9,9,1.3,0.4,1.67,1.11
Colombia - Primera A - Apertura,Once Caldas,10,5,5,0,9,4,5,20,2.0,4,0.5,1.0,5,0.9,0.4,2.0,1.0
Colombia - Primera A - Apertura,A. Petrolera,10,5,4,1,9,3,6,19,1.9,5,0.5,0.9,6,0.9,0.3,2.0,1.11
Colombia - Primera A - Apertura,Deportes Tolima,10,5,4,1,8,3,5,19,1.9,5,0.5,0.9,5,0.8,0.3,2.0,1.11
Colombia - Primera A - Apertura,Junior,10,5,3,2,7,4,3,18,1.8,7,0.5,0.8,3,0.7,0.4,2.0,1.25
Colombia - Primera A - Apertura,Santa Fe,10,4,4,2,8,6,2,16,1.6,8,0.4,0.8,2,0.8,0.6,2.5,1.25
Colombia - Primera A - Apertura,A. Bucaramanga,10,4,4,2,6,4,2,16,1.6,8,0.4,0.8,2,0.6,0.4,2.5,1.25
Colombia - Primera A - Apertura,Millonarios,10,4,4,2,5,3,2,16,1.6,8,0.4,0.8,2,0.5,0.3,2.5,1.25
Colombia - Primera A - Apertura,America de Cali,10,3,6,1,6,3,3,15,1.5,11,0.3,0.9,3,0.6,0.3,3.33,1.11
Colombia - Primera A - Apertura,Deportivo Cali,10,3,5,2,5,3,2,14,1.4,12,0.3,0.8,2,0.5,0.3,3.33,1.25
Colombia - Primera A - Apertura,I. Medelin,10,3,5,2,4,2,2,14,1.4,12,0.3,0.8,2,0.4,0.2,3.33,1.25
Colombia - Primera A - Apertura,Fortaleza CEIF,10,3,5,2,6,6,0,14,1.4,12,0.3,0.8,0,0.6,0.6,3.33,1.25
Colombia - Primera A - Apertura,Llaneros,10,4,2,4,6,7,-1,14,1.4,12,0.4,0.6,-1,0.6,0.7,2.5,1.67
Colombia - Primera A - Apertura,Boyaca Chico,10,2,5,3,4,5,-1,11,1.1,16,0.2,0.7,-1,0.4,0.5,5.0,1.43
Colombia - Primera A - Apertura,R. Aguilas,10,1,7,2,4,5,-1,10,1.0,17,0.1,0.8,-1,0.4,0.5,10.0,1.25
Colombia - Primera A - Apertura,Union Magdalena,10,0,9,1,1,2,-1,9,0.9,18,0.0,0.9,-1,0.1,0.2,0.0,1.11
Colombia - Primera A - Apertura,Envigado,10,1,6,3,4,7,-3,9,0.9,18,0.1,0.7,-3,0.4,0.7,10.0,1.43
Colombia - Primera A - Apertura,La Equidad,10,1,5,4,3,9,-6,8,0.8,20,0.1,0.6,-6,0.3,0.9,10.0,1.67
Colombia - Primera B - Apertura,Real Cartagena,8,5,2,1,10,4,6,17,2.12,1,0.62,0.88,6,1.25,0.5,1.61,1.14
Colombia - Primera B - Apertura,Patriotas,8,5,2,1,7,2,5,17,2.12,1,0.62,0.88,5,0.88,0.25,1.61,1.14
Colombia - Primera B - Apertura,Inter Palmira,8,4,4,0,6,1,5,16,2.0,3,0.5,1.0,5,0.75,0.12,2.0,1.0
Colombia - Primera B - Apertura,Tigres,8,4,3,1,5,1,4,15,1.88,4,0.5,0.88,4,0.62,0.12,2.0,1.14
Colombia - Primera B - Apertura,Cucuta,8,4,3,1,8,5,3,15,1.88,4,0.5,0.88,3,1.0,0.62,2.0,1.14
Colombia - Primera B - Apertura,R. Cundinamarca,8,3,3,2,8,3,5,12,1.5,6,0.38,0.75,5,1.0,0.38,2.63,1.33
Colombia - Primera B - Apertura,D. Quindio,8,2,5,1,4,3,1,11,1.38,7,0.25,0.88,1,0.5,0.38,4.0,1.14
Colombia - Primera B - Apertura,Atletico Huila,8,2,5,1,3,3,0,11,1.38,7,0.25,0.88,0,0.38,0.38,4.0,1.14
Colombia - Primera B - Apertura,Leones,8,2,4,2,8,5,3,10,1.25,9,0.25,0.75,3,1.0,0.62,4.0,1.33
Colombia - Primera B - Apertura,Jaguares de C.,8,2,4,2,7,5,2,10,1.25,9,0.25,0.75,2,0.88,0.62,4.0,1.33
Colombia - Primera B - Apertura,Orsomarso,8,2,2,4,5,7,-2,8,1.0,11,0.25,0.5,-2,0.62,0.88,4.0,2.0
Colombia - Primera B - Apertura,Barranquilla,8,1,5,2,2,4,-2,8,1.0,11,0.12,0.75,-2,0.25,0.5,8.33,1.33
Colombia - Primera B - Apertura,Real Santander,8,2,2,4,3,7,-4,8,1.0,11,0.25,0.5,-4,0.38,0.88,4.0,2.0
Colombia - Primera B - Apertura,Boca Juniors,8,1,4,3,2,3,-1,7,0.88,14,0.12,0.62,-1,0.25,0.38,8.33,1.61
Colombia - Primera B - Apertura,Atletico Cali,8,1,3,4,4,9,-5,6,0.75,15,0.12,0.5,-5,0.5,1.12,8.33,2.0
Colombia - Primera B - Apertura,Bogota,8,0,4,4,4,10,-6,4,0.5,16,0.0,0.5,-6,0.5,1.25,0.0,2.0
Costa Rica - Primera Div. - Apertura,Saprissa,11,6,4,1,12,6,6,22,2.0,1,0.55,0.91,6,1.09,0.55,1.82,1.1
Costa Rica - Primera Div. - Apertura,Guanacasteca,11,5,6,0,7,1,6,21,1.91,2,0.45,1.0,6,0.64,0.09,2.22,1.0
Costa Rica - Primera Div. - Apertura,Cartagines,11,5,4,2,8,5,3,19,1.73,3,0.45,0.82,3,0.73,0.45,2.22,1.22
Costa Rica - Primera Div. - Apertura,San Carlos,11,4,6,1,9,5,4,18,1.64,4,0.36,0.91,4,0.82,0.45,2.78,1.1
Costa Rica - Primera Div. - Apertura,Santos Guapiles,11,5,3,3,8,6,2,18,1.64,4,0.45,0.73,2,0.73,0.55,2.22,1.37
Costa Rica - Primera Div. - Apertura,M. Liberia,11,5,3,3,7,6,1,18,1.64,4,0.45,0.73,1,0.64,0.55,2.22,1.37
Costa Rica - Primera Div. - Apertura,Alajuelense,11,5,2,4,10,5,5,17,1.55,7,0.45,0.64,5,0.91,0.45,2.22,1.56
Costa Rica - Primera Div. - Apertura,Zeledon,11,3,7,1,6,3,3,16,1.45,8,0.27,0.91,3,0.55,0.27,3.7,1.1
Costa Rica - Primera Div. - Apertura,Sporting SJ,11,4,4,3,8,7,1,16,1.45,8,0.36,0.73,1,0.73,0.64,2.78,1.37
Costa Rica - Primera Div. - Apertura,Santa Ana,11,2,7,2,7,7,0,13,1.18,10,0.18,0.82,0,0.64,0.64,5.56,1.22
Costa Rica - Primera Div. - Apertura,Herediano,11,3,4,4,7,8,-1,13,1.18,10,0.27,0.64,-1,0.64,0.73,3.7,1.56
Costa Rica - Primera Div. - Apertura,Puntarenas,11,1,5,5,3,6,-3,8,0.73,12,0.09,0.55,-3,0.27,0.55,11.11,1.82
Costa Rica - Primera Div. - Clausura,Saprissa,11,5,5,1,10,3,7,20,1.82,1,0.45,0.91,7,0.91,0.27,2.22,1.1
Costa Rica - Primera Div. - Clausura,Cartagines,11,5,4,2,13,4,9,19,1.73,2,0.45,0.82,9,1.18,0.36,2.22,1.22
Costa Rica - Primera Div. - Clausura,Herediano,11,5,4,2,10,6,4,19,1.73,2,0.45,0.82,4,0.91,0.55,2.22,1.22
Costa Rica - Primera Div. - Clausura,Puntarenas,11,6,1,4,8,6,2,19,1.73,2,0.55,0.64,2,0.73,0.55,1.82,1.56
Costa Rica - Primera Div. - Clausura,Santos Guapiles,11,4,6,1,10,7,3,18,1.64,5,0.36,0.91,3,0.91,0.64,2.78,1.1
Costa Rica - Primera Div. - Clausura,Alajuelense,11,3,8,0,7,3,4,17,1.55,6,0.27,1.0,4,0.64,0.27,3.7,1.0
Costa Rica - Primera Div. - Clausura,Santa Ana,11,3,6,2,6,7,-1,15,1.36,7,0.27,0.82,-1,0.55,0.64,3.7,1.22
Costa Rica - Primera Div. - Clausura,M. Liberia,11,3,4,4,7,6,1,13,1.18,8,0.27,0.64,1,0.64,0.55,3.7,1.56
Costa Rica - Primera Div. - Clausura,Sporting SJ,11,2,6,3,5,7,-2,12,1.09,9,0.18,0.73,-2,0.45,0.64,5.56,1.37
Costa Rica - Primera Div. - Clausura,Zeledon,11,2,3,6,3,9,-6,9,0.82,10,0.18,0.45,-6,0.27,0.82,5.56,2.22
Costa Rica - Primera Div. - Clausura,San Carlos,11,1,5,5,3,5,-2,8,0.73,11,0.09,0.55,-2,0.27,0.45,11.11,1.82
Costa Rica - Primera Div. - Clausura,Guanacasteca,11,1,5,5,3,9,-6,8,0.73,11,0.09,0.55,-6,0.27,0.82,11.11,1.82
Croatia - 1. NL,Orijent,17,9,8,0,14,4,10,35,2.06,1,0.53,1.0,10,0.82,0.24,1.89,1.0
Croatia - 1. NL,Vukovar,17,7,9,1,12,2,10,30,1.76,2,0.41,0.94,10,0.71,0.12,2.44,1.06
Croatia - 1. NL,Sesvete,17,7,6,4,12,6,6,27,1.59,3,0.41,0.76,6,0.71,0.35,2.44,1.32
Croatia - 1. NL,Dubrava Zagreb,17,6,8,3,11,5,6,26,1.53,4,0.35,0.82,6,0.65,0.29,2.86,1.22
Croatia - 1. NL,Opatija,17,5,8,4,8,4,4,23,1.35,5,0.29,0.76,4,0.47,0.24,3.45,1.32
Croatia - 1. NL,Bijelo Brdo,16,5,7,4,7,9,-2,22,1.38,6,0.31,0.75,-2,0.44,0.56,3.23,1.33
Croatia - 1. NL,Cibalia,17,4,9,4,5,6,-1,21,1.24,7,0.24,0.76,-1,0.29,0.35,4.17,1.32
Croatia - 1. NL,C. Zmijavci,16,4,7,5,5,9,-4,19,1.19,8,0.25,0.69,-4,0.31,0.56,4.0,1.45
Croatia - 1. NL,Rudes,16,3,8,5,7,9,-2,17,1.06,9,0.19,0.69,-2,0.44,0.56,5.26,1.45
Croatia - 1. NL,Jarun,16,2,8,6,6,13,-7,14,0.88,10,0.12,0.62,-7,0.38,0.81,8.33,1.61
Croatia - 1. NL,Dugopolje,16,2,7,7,5,11,-6,13,0.81,11,0.12,0.56,-6,0.31,0.69,8.33,1.79
Croatia - 1. NL,Zrinski,16,0,8,8,3,13,-10,8,0.5,12,0.0,0.5,-10,0.19,0.81,0.0,2.0
CzechRepublic - 1. Liga,Slavia Prague,18,13,4,1,22,3,19,43,2.39,1,0.72,0.94,19,1.22,0.17,1.39,1.06
CzechRepublic - 1. Liga,Viktoria Plzen,18,10,5,3,22,9,13,35,1.94,2,0.56,0.83,13,1.22,0.5,1.79,1.2
CzechRepublic - 1. Liga,Banik Ostrava,18,9,5,4,16,8,8,32,1.78,3,0.5,0.78,8,0.89,0.44,2.0,1.28
CzechRepublic - 1. Liga,Slovan Liberec,16,8,5,3,14,5,9,29,1.81,4,0.5,0.81,9,0.88,0.31,2.0,1.23
CzechRepublic - 1. Liga,Jablonec,17,7,7,3,15,5,10,28,1.65,5,0.41,0.82,10,0.88,0.29,2.44,1.22
CzechRepublic - 1. Liga,Sigma Olomouc,17,7,5,5,13,14,-1,26,1.53,6,0.41,0.71,-1,0.76,0.82,2.44,1.41
CzechRepublic - 1. Liga,Sparta Prague,17,6,6,5,12,11,1,24,1.41,7,0.35,0.71,1,0.71,0.65,2.86,1.41
CzechRepublic - 1. Liga,Hradec Kralove,17,5,8,4,10,9,1,23,1.35,8,0.29,0.76,1,0.59,0.53,3.45,1.32
CzechRepublic - 1. Liga,Mlada Boleslav,18,5,8,5,9,11,-2,23,1.28,8,0.28,0.72,-2,0.5,0.61,3.57,1.39
CzechRepublic - 1. Liga,Teplice,18,5,8,5,9,11,-2,23,1.28,8,0.28,0.72,-2,0.5,0.61,3.57,1.39
CzechRepublic - 1. Liga,Karvina,16,4,7,5,11,14,-3,19,1.19,11,0.25,0.69,-3,0.69,0.88,4.0,1.45
CzechRepublic - 1. Liga,Dukla Praha,17,4,7,6,6,10,-4,19,1.12,11,0.24,0.65,-4,0.35,0.59,4.17,1.54
CzechRepublic - 1. Liga,Bohemians,17,4,6,7,10,15,-5,18,1.06,13,0.24,0.59,-5,0.59,0.88,4.17,1.69
CzechRepublic - 1. Liga,Pardubice,17,2,11,4,3,6,-3,17,1.0,14,0.12,0.76,-3,0.18,0.35,8.33,1.32
CzechRepublic - 1. Liga,Slovacko,18,2,11,5,6,15,-9,17,0.94,14,0.11,0.72,-9,0.33,0.83,9.09,1.39
CzechRepublic - 1. Liga,C. Budejovice,17,2,6,9,3,14,-11,12,0.71,16,0.12,0.47,-11,0.18,0.82,8.33,2.13
CzechRepublic - FNL,Zlin,15,10,4,1,13,2,11,34,2.27,1,0.67,0.93,11,0.87,0.13,1.49,1.08
CzechRepublic - FNL,Chrudim,15,8,6,1,17,5,12,30,2.0,2,0.53,0.93,12,1.13,0.33,1.89,1.08
CzechRepublic - FNL,Sparta Prague B,15,5,8,2,13,8,5,23,1.53,3,0.33,0.87,5,0.87,0.53,3.03,1.15
CzechRepublic - FNL,Vikto Zizkov,15,6,5,4,16,12,4,23,1.53,3,0.4,0.73,4,1.07,0.8,2.5,1.37
CzechRepublic - FNL,Jihlava,15,6,5,4,12,8,4,23,1.53,3,0.4,0.73,4,0.8,0.53,2.5,1.37
CzechRepublic - FNL,Slavia Prague B,15,5,7,3,10,6,4,22,1.47,6,0.33,0.8,4,0.67,0.4,3.03,1.25
CzechRepublic - FNL,Vyskov,15,5,7,3,6,6,0,22,1.47,6,0.33,0.8,0,0.4,0.4,3.03,1.25
CzechRepublic - FNL,Prostejov,15,4,8,3,8,7,1,20,1.33,8,0.27,0.8,1,0.53,0.47,3.7,1.25
CzechRepublic - FNL,Taborsko,15,4,8,3,6,5,1,20,1.33,8,0.27,0.8,1,0.4,0.33,3.7,1.25
CzechRepublic - FNL,Lisen,15,5,5,5,7,10,-3,20,1.33,8,0.33,0.67,-3,0.47,0.67,3.03,1.49
CzechRepublic - FNL,Vlasim,15,4,7,4,8,9,-1,19,1.27,11,0.27,0.73,-1,0.53,0.6,3.7,1.37
CzechRepublic - FNL,Zbrojovka Brno,15,4,7,4,7,9,-2,19,1.27,11,0.27,0.73,-2,0.47,0.6,3.7,1.37
CzechRepublic - FNL,Varnsdorf,15,4,6,5,12,11,1,18,1.2,13,0.27,0.67,1,0.8,0.73,3.7,1.49
CzechRepublic - FNL,Sigma Olomouc B,15,3,9,3,7,7,0,18,1.2,13,0.2,0.8,0,0.47,0.47,5.0,1.25
CzechRepublic - FNL,Opava,15,3,8,4,9,9,0,17,1.13,15,0.2,0.73,0,0.6,0.6,5.0,1.37
CzechRepublic - FNL,Banik Ostrava B,15,2,8,5,6,10,-4,14,0.93,16,0.13,0.67,-4,0.4,0.67,7.69,1.49
Denmark - Superligaen,FC Midtjylland,16,9,4,3,19,7,12,31,1.94,1,0.56,0.81,12,1.19,0.44,1.79,1.23
Denmark - Superligaen,Nordsjaelland,16,7,8,1,23,10,13,29,1.81,2,0.44,0.94,13,1.44,0.62,2.27,1.06
Denmark - Superligaen,Randers FC,16,7,7,2,14,10,4,28,1.75,3,0.44,0.88,4,0.88,0.62,2.27,1.14
Denmark - Superligaen,AGF Aarhus,16,7,6,3,16,10,6,27,1.69,4,0.44,0.81,6,1.0,0.62,2.27,1.23
Denmark - Superligaen,SonderjyskE,16,8,2,6,18,15,3,26,1.62,5,0.5,0.62,3,1.12,0.94,2.0,1.61
Denmark - Superligaen,Viborg,16,7,4,5,17,12,5,25,1.56,6,0.44,0.69,5,1.06,0.75,2.27,1.45
Denmark - Superligaen,FC Kobenhavn,16,6,6,4,11,8,3,24,1.5,7,0.38,0.75,3,0.69,0.5,2.63,1.33
Denmark - Superligaen,Silkeborg,16,5,7,4,17,10,7,22,1.38,8,0.31,0.75,7,1.06,0.62,3.23,1.33
Denmark - Superligaen,Brondby IF,16,4,8,4,9,9,0,20,1.25,9,0.25,0.75,0,0.56,0.56,4.0,1.33
Denmark - Superligaen,Vejle BK,16,4,8,4,8,8,0,20,1.25,9,0.25,0.75,0,0.5,0.5,4.0,1.33
Denmark - Superligaen,Lyngby,16,4,7,5,5,8,-3,19,1.19,11,0.25,0.69,-3,0.31,0.5,4.0,1.45
Denmark - Superligaen,Aalborg BK,16,3,7,6,6,14,-8,16,1.0,12,0.19,0.62,-8,0.38,0.88,5.26,1.61
Denmark - 1st Division,Odense BK,16,8,6,2,19,10,9,30,1.88,1,0.5,0.88,9,1.19,0.62,2.0,1.14
Denmark - 1st Division,Fredericia,16,7,5,4,18,9,9,26,1.62,2,0.44,0.75,9,1.12,0.56,2.27,1.33
Denmark - 1st Division,Hillerod,16,7,5,4,15,12,3,26,1.62,2,0.44,0.75,3,0.94,0.75,2.27,1.33
Denmark - 1st Division,AC Horsens,16,5,8,3,8,6,2,23,1.44,4,0.31,0.81,2,0.5,0.38,3.23,1.23
Denmark - 1st Division,Kolding IF,16,5,8,3,6,6,0,23,1.44,4,0.31,0.81,0,0.38,0.38,3.23,1.23
Denmark - 1st Division,Hvidovre,16,4,10,2,9,5,4,22,1.38,6,0.25,0.88,4,0.56,0.31,4.0,1.14
Denmark - 1st Division,B 93,16,5,5,6,10,12,-2,20,1.25,7,0.31,0.62,-2,0.62,0.75,3.23,1.61
Denmark - 1st Division,Hobro,16,4,7,5,11,13,-2,19,1.19,8,0.25,0.69,-2,0.69,0.81,4.0,1.45
Denmark - 1st Division,Esbjerg,16,5,4,7,8,11,-3,19,1.19,8,0.31,0.56,-3,0.5,0.69,3.23,1.79
Denmark - 1st Division,Roskilde,16,4,6,6,8,10,-2,18,1.12,10,0.25,0.62,-2,0.5,0.62,4.0,1.61
Denmark - 1st Division,Vendsyssel,16,2,11,3,7,8,-1,17,1.06,11,0.12,0.81,-1,0.44,0.5,8.33,1.23
Denmark - 1st Division,HB Koge,16,2,8,6,9,14,-5,14,0.88,12,0.12,0.62,-5,0.56,0.88,8.33,1.61
Denmark - 2nd Division,Middelfart,11,7,3,1,11,5,6,24,2.18,1,0.64,0.91,6,1.0,0.45,1.56,1.1
Denmark - 2nd Division,Skive,11,5,5,1,6,1,5,20,1.82,2,0.45,0.91,5,0.55,0.09,2.22,1.1
Denmark - 2nd Division,AB Copenhagen,11,5,3,3,10,6,4,18,1.64,3,0.45,0.73,4,0.91,0.55,2.22,1.37
Denmark - 2nd Division,Aarhus Fremad,11,5,3,3,9,5,4,18,1.64,3,0.45,0.73,4,0.82,0.45,2.22,1.37
Denmark - 2nd Division,Thisted,11,4,5,2,6,6,0,17,1.55,5,0.36,0.82,0,0.55,0.55,2.78,1.22
Denmark - 2nd Division,Naestved,11,4,4,3,7,4,3,16,1.45,6,0.36,0.73,3,0.64,0.36,2.78,1.37
Denmark - 2nd Division,BK Frem,11,4,4,3,6,6,0,16,1.45,6,0.36,0.73,0,0.55,0.55,2.78,1.37
Denmark - 2nd Division,Fremad Amager,11,3,4,4,3,6,-3,13,1.18,8,0.27,0.64,-3,0.27,0.55,3.7,1.56
Denmark - 2nd Division,Helsingor,11,3,3,5,5,9,-4,12,1.09,9,0.27,0.55,-4,0.45,0.82,3.7,1.82
Denmark - 2nd Division,Ishoj,11,2,5,4,4,6,-2,11,1.0,10,0.18,0.64,-2,0.36,0.55,5.56,1.56
Denmark - 2nd Division,Hellerup IK,11,2,5,4,3,6,-3,11,1.0,10,0.18,0.64,-3,0.27,0.55,5.56,1.56
Denmark - 2nd Division,Nykobing,11,2,4,5,5,8,-3,10,0.91,12,0.18,0.55,-3,0.45,0.73,5.56,1.82
Ecuador - Liga Pro,Orense,7,5,2,0,8,0,8,17,2.43,1,0.71,1.0,8,1.14,0.0,1.41,1.0
Ecuador - Liga Pro,Aucas,8,5,2,1,9,4,5,17,2.12,1,0.62,0.88,5,1.12,0.5,1.61,1.14
Ecuador - Liga Pro,I. del Valle,7,5,0,2,7,2,5,15,2.14,3,0.71,0.71,5,1.0,0.29,1.41,1.41
Ecuador - Liga Pro,D. Cuenca,7,4,2,1,8,3,5,14,2.0,4,0.57,0.86,5,1.14,0.43,1.75,1.16
Ecuador - Liga Pro,Libertad,8,4,1,3,4,4,0,13,1.62,5,0.5,0.62,0,0.5,0.5,2.0,1.61
Ecuador - Liga Pro,El Nacional,8,3,3,2,6,4,2,12,1.5,6,0.38,0.75,2,0.75,0.5,2.63,1.33
Ecuador - Liga Pro,Barcelona SC,7,3,3,1,3,2,1,12,1.71,6,0.43,0.86,1,0.43,0.29,2.33,1.16
Ecuador - Liga Pro,LDU Quito,7,2,5,0,6,3,3,11,1.57,8,0.29,1.0,3,0.86,0.43,3.45,1.0
Ecuador - Liga Pro,Manta,8,2,5,1,10,8,2,11,1.38,8,0.25,0.88,2,1.25,1.0,4.0,1.14
Ecuador - Liga Pro,U. Catolica,7,3,2,2,4,3,1,11,1.57,8,0.43,0.71,1,0.57,0.43,2.33,1.41
Ecuador - Liga Pro,Emelec,8,2,4,2,2,2,0,10,1.25,11,0.25,0.75,0,0.25,0.25,4.0,1.33
Ecuador - Liga Pro,Mushuc Runa,8,2,4,2,7,8,-1,10,1.25,11,0.25,0.75,-1,0.88,1.0,4.0,1.33
Ecuador - Liga Pro,Cuniburo,7,2,3,2,6,5,1,9,1.29,13,0.29,0.71,1,0.86,0.71,3.45,1.41
Ecuador - Liga Pro,Delfin,7,1,5,1,1,1,0,8,1.14,14,0.14,0.86,0,0.14,0.14,7.14,1.16
Ecuador - Liga Pro,Tecnico U.,7,2,2,3,4,5,-1,8,1.14,14,0.29,0.57,-1,0.57,0.71,3.45,1.75
Ecuador - Liga Pro,Macara,8,1,2,5,1,5,-4,5,0.62,16,0.12,0.38,-4,0.12,0.62,8.33,2.63
England - Premier League,Arsenal,19,13,5,1,17,4,13,44,2.32,1,0.68,0.95,13,0.89,0.21,1.47,1.05
England - Premier League,Newcastle Utd,19,13,2,4,21,7,14,41,2.16,2,0.68,0.79,14,1.11,0.37,1.47,1.27
England - Premier League,Manchester City,19,11,5,3,28,15,13,38,2.0,3,0.58,0.84,13,1.47,0.79,1.72,1.19
England - Premier League,Liverpool,19,11,4,4,20,6,14,37,1.95,4,0.58,0.79,14,1.05,0.32,1.72,1.27
England - Premier League,Nottm Forest,19,8,10,1,14,3,11,34,1.79,5,0.42,0.95,11,0.74,0.16,2.38,1.05
England - Premier League,Chelsea,19,9,7,3,17,8,9,34,1.79,5,0.47,0.84,9,0.89,0.42,2.13,1.19
England - Premier League,Brentford,19,8,9,2,22,14,8,33,1.74,7,0.42,0.89,8,1.16,0.74,2.38,1.12
England - Premier League,Aston Villa,19,7,8,4,15,9,6,29,1.53,8,0.37,0.79,6,0.79,0.47,2.7,1.27
England - Premier League,Fulham,19,7,8,4,15,10,5,29,1.53,8,0.37,0.79,5,0.79,0.53,2.7,1.27
England - Premier League,Brighton,19,8,5,6,13,12,1,29,1.53,8,0.42,0.68,1,0.68,0.63,2.38,1.47
England - Premier League,Bournemouth,19,7,7,5,10,6,4,28,1.47,11,0.37,0.74,4,0.53,0.32,2.7,1.35
England - Premier League,Everton,19,6,9,4,15,6,9,27,1.42,12,0.32,0.79,9,0.79,0.32,3.12,1.27
England - Premier League,Tottenham,19,8,3,8,16,17,-1,27,1.42,12,0.42,0.58,-1,0.84,0.89,2.38,1.72
England - Premier League,Wolverhampton,19,6,7,6,13,14,-1,25,1.32,14,0.32,0.68,-1,0.68,0.74,3.12,1.47
England - Premier League,Crystal Palace,19,3,10,6,8,12,-4,19,1.0,15,0.16,0.68,-4,0.42,0.63,6.25,1.47
England - Premier League,Manchester Utd,19,3,9,7,9,13,-4,18,0.95,16,0.16,0.63,-4,0.47,0.68,6.25,1.59
England - Premier League,West Ham Utd,19,3,9,7,11,18,-7,18,0.95,16,0.16,0.63,-7,0.58,0.95,6.25,1.59
England - Premier League,Southampton,19,4,6,9,8,19,-11,18,0.95,16,0.21,0.53,-11,0.42,1.0,4.76,1.89
England - Premier League,Leicester City,19,4,5,10,6,17,-11,17,0.89,19,0.21,0.47,-11,0.32,0.89,4.76,2.13
England - Premier League,Ipswich Town,19,3,7,9,8,22,-14,16,0.84,20,0.16,0.53,-14,0.42,1.16,6.25,1.89
England - Championship,Leeds Utd,23,16,4,3,29,6,23,52,2.26,1,0.7,0.87,23,1.26,0.26,1.43,1.15
England - Championship,Swansea City,23,12,8,3,22,10,12,44,1.91,2,0.52,0.87,12,0.96,0.43,1.92,1.15
England - Championship,Burnley,23,10,12,1,19,6,13,42,1.83,3,0.43,0.96,13,0.83,0.26,2.33,1.04
England - Championship,Sheffield Utd,23,11,9,3,17,6,11,42,1.83,3,0.48,0.87,11,0.74,0.26,2.08,1.15
England - Championship,Sunderland,23,10,9,4,18,9,9,39,1.7,5,0.43,0.83,9,0.78,0.39,2.33,1.2
England - Championship,West Brom,23,9,10,4,20,9,11,37,1.61,6,0.39,0.83,11,0.87,0.39,2.56,1.2
England - Championship,Norwich City,23,10,6,7,23,17,6,36,1.57,7,0.43,0.7,6,1.0,0.74,2.33,1.43
England - Championship,Coventry City,23,9,8,6,21,14,7,35,1.52,8,0.39,0.74,7,0.91,0.61,2.56,1.35
England - Championship,Portsmouth,23,9,8,6,14,9,5,35,1.52,8,0.39,0.74,5,0.61,0.39,2.56,1.35
England - Championship,Blackburn,23,8,11,4,12,9,3,35,1.52,8,0.35,0.83,3,0.52,0.39,2.86,1.2
England - Championship,Derby County,23,8,10,5,12,8,4,34,1.48,11,0.35,0.78,4,0.52,0.35,2.86,1.28
England - Championship,Stoke City,23,7,12,4,15,9,6,33,1.43,12,0.3,0.83,6,0.65,0.39,3.33,1.2
England - Championship,Middlesbrough,23,8,9,6,17,12,5,33,1.43,12,0.35,0.74,5,0.74,0.52,2.86,1.35
England - Championship,Millwall,23,7,12,4,12,8,4,33,1.43,12,0.3,0.83,4,0.52,0.35,3.33,1.2
England - Championship,Luton Town,23,6,15,2,9,6,3,33,1.43,12,0.26,0.91,3,0.39,0.26,3.85,1.1
England - Championship,Preston,23,8,9,6,10,8,2,33,1.43,12,0.35,0.74,2,0.43,0.35,2.86,1.35
England - Championship,Bristol City,23,7,10,6,13,7,6,31,1.35,17,0.3,0.74,6,0.57,0.3,3.33,1.35
England - Championship,Cardiff City,23,5,13,5,8,6,2,28,1.22,18,0.22,0.78,2,0.35,0.26,4.55,1.28
England - Championship,Sheffield Wed,23,6,10,7,11,10,1,28,1.22,18,0.26,0.7,1,0.48,0.43,3.85,1.43
England - Championship,Hull City,23,5,13,5,9,9,0,28,1.22,18,0.22,0.78,0,0.39,0.39,4.55,1.28
England - Championship,Watford,23,5,12,6,11,13,-2,27,1.17,21,0.22,0.74,-2,0.48,0.57,4.55,1.35
England - Championship,Oxford Utd,23,6,9,8,10,14,-4,27,1.17,21,0.26,0.65,-4,0.43,0.61,3.85,1.54
England - Championship,Plymouth,23,7,5,11,12,20,-8,26,1.13,23,0.3,0.52,-8,0.52,0.87,3.33,1.92
England - Championship,QP Rangers,23,5,10,8,16,19,-3,25,1.09,24,0.22,0.65,-3,0.7,0.83,4.55,1.54
England - League One,Birmingham City,23,12,8,3,20,6,14,44,1.91,1,0.52,0.87,14,0.87,0.26,1.92,1.15
England - League One,Wrexham,23,9,12,2,19,8,11,39,1.7,2,0.39,0.91,11,0.83,0.35,2.56,1.1
England - League One,Charlton,23,9,10,4,16,8,8,37,1.61,3,0.39,0.83,8,0.7,0.35,2.56,1.2
England - League One,Barnsley,23,10,7,6,16,10,6,37,1.61,3,0.43,0.74,6,0.7,0.43,2.33,1.35
England - League One,Stockport,23,10,7,6,17,14,3,37,1.61,3,0.43,0.74,3,0.74,0.61,2.33,1.35
England - League One,Peterborough,23,11,4,8,23,22,1,37,1.61,3,0.48,0.65,1,1.0,0.96,2.08,1.54
England - League One,Wigan Athletic,23,9,9,5,12,7,5,36,1.57,7,0.39,0.78,5,0.52,0.3,2.56,1.28
England - League One,Burton Albion,23,8,10,5,17,13,4,34,1.48,8,0.35,0.78,4,0.74,0.57,2.86,1.28
England - League One,Reading,23,7,13,3,12,8,4,34,1.48,8,0.3,0.87,4,0.52,0.35,3.33,1.15
England - League One,Mansfield,23,8,9,6,19,13,6,33,1.43,10,0.35,0.74,6,0.83,0.57,2.86,1.35
England - League One,Bristol Rovers,23,8,9,6,13,13,0,33,1.43,10,0.35,0.74,0,0.57,0.57,2.86,1.35
England - League One,Lincoln City,23,6,14,3,18,12,6,32,1.39,12,0.26,0.87,6,0.78,0.52,3.85,1.15
England - League One,Rotherham,23,7,11,5,15,11,4,32,1.39,12,0.3,0.78,4,0.65,0.48,3.33,1.28
England - League One,Leyton Orient,23,8,8,7,16,13,3,32,1.39,12,0.35,0.7,3,0.7,0.57,2.86,1.43
England - League One,Wycombe,23,5,15,3,9,7,2,30,1.3,15,0.22,0.87,2,0.39,0.3,4.55,1.15
England - League One,Huddersfield,23,6,11,6,12,11,1,29,1.26,16,0.26,0.74,1,0.52,0.48,3.85,1.35
England - League One,Stevenage,23,6,11,6,9,11,-2,29,1.26,16,0.26,0.74,-2,0.39,0.48,3.85,1.35
England - League One,Shrewsbury,23,6,10,7,9,11,-2,28,1.22,18,0.26,0.7,-2,0.39,0.48,3.85,1.43
England - League One,Blackpool,23,4,14,5,12,12,0,26,1.13,19,0.17,0.78,0,0.52,0.52,5.88,1.28
England - League One,Exeter City,23,6,8,9,10,22,-12,26,1.13,19,0.26,0.61,-12,0.43,0.96,3.85,1.64
England - League One,Cambridge Utd,23,5,10,8,13,15,-2,25,1.09,21,0.22,0.65,-2,0.57,0.65,4.55,1.54
England - League One,Crawley Town,23,6,7,10,14,18,-4,25,1.09,21,0.26,0.57,-4,0.61,0.78,3.85,1.75
England - League One,Northampton,23,5,10,8,11,15,-4,25,1.09,21,0.22,0.65,-4,0.48,0.65,4.55,1.54
England - League One,Bolton,23,4,10,9,10,14,-4,22,0.96,24,0.17,0.61,-4,0.43,0.61,5.88,1.64
England - National League,Barnet,23,14,8,1,29,6,23,50,2.17,1,0.61,0.96,23,1.26,0.26,1.64,1.04
England - National League,York City,23,13,7,3,24,10,14,46,2.0,2,0.57,0.87,14,1.04,0.43,1.75,1.15
England - National League,Eastleigh,23,13,6,4,22,12,10,45,1.96,3,0.57,0.83,10,0.96,0.52,1.75,1.2
England - National League,Gateshead FC,23,12,6,5,23,11,12,42,1.83,4,0.52,0.78,12,1.0,0.48,1.92,1.28
England - National League,Forest Green,23,11,9,3,17,7,10,42,1.83,4,0.48,0.87,10,0.74,0.3,2.08,1.15
England - National League,Southend Utd,23,9,9,5,17,10,7,36,1.57,6,0.39,0.78,7,0.74,0.43,2.56,1.28
England - National League,Altrincham,23,9,8,6,22,11,11,35,1.52,7,0.39,0.74,11,0.96,0.48,2.56,1.35
England - National League,Dagenham & R.,23,8,10,5,18,12,6,34,1.48,8,0.35,0.78,6,0.78,0.52,2.86,1.28
England - National League,Maidenhead Utd,23,10,4,9,14,15,-1,34,1.48,8,0.43,0.61,-1,0.61,0.65,2.33,1.64
England - National League,Oldham,23,9,6,8,16,12,4,33,1.43,10,0.39,0.65,4,0.7,0.52,2.56,1.54
England - National League,Rochdale,23,8,9,6,14,10,4,33,1.43,10,0.35,0.74,4,0.61,0.43,2.86,1.35
England - National League,Tamworth,23,8,8,7,16,13,3,32,1.39,12,0.35,0.7,3,0.7,0.57,2.86,1.43
England - National League,AFC Fylde,23,8,7,8,15,17,-2,31,1.35,13,0.35,0.65,-2,0.65,0.74,2.86,1.54
England - National League,Aldershot Town,23,7,9,7,18,17,1,30,1.3,14,0.3,0.7,1,0.78,0.74,3.33,1.43
England - National League,Braintree Town,23,6,12,5,11,10,1,30,1.3,14,0.26,0.78,1,0.48,0.43,3.85,1.28
England - National League,Yeovil Town,23,6,12,5,11,10,1,30,1.3,14,0.26,0.78,1,0.48,0.43,3.85,1.28
England - National League,Sutton Utd,23,6,11,6,11,9,2,29,1.26,17,0.26,0.74,2,0.48,0.39,3.85,1.35
England - National League,Boston Utd,23,7,8,8,16,18,-2,29,1.26,17,0.3,0.65,-2,0.7,0.78,3.33,1.54
England - National League,Hartlepool,23,5,12,6,9,10,-1,27,1.17,19,0.22,0.74,-1,0.39,0.43,4.55,1.35
England - National League,Halifax Town,23,6,9,8,8,10,-2,27,1.17,19,0.26,0.65,-2,0.35,0.43,3.85,1.54
England - National League,Wealdstone,23,5,11,7,16,18,-2,26,1.13,21,0.22,0.7,-2,0.7,0.78,4.55,1.43
England - National League,Woking,23,5,10,8,9,12,-3,25,1.09,22,0.22,0.65,-3,0.39,0.52,4.55,1.54
England - National League,Solihull Moors,23,6,6,11,15,19,-4,24,1.04,23,0.26,0.52,-4,0.65,0.83,3.85,1.92
England - National League,Ebbsfleet Utd,23,2,12,9,4,14,-10,18,0.78,24,0.09,0.61,-10,0.17,0.61,11.11,1.64
FaroeIslands - Premier League,Klaksvik,6,5,1,0,12,3,9,16,2.67,1,0.83,1.0,9,2.0,0.5,1.2,1.0
FaroeIslands - Premier League,07 Vestur,6,3,2,1,10,4,6,11,1.83,2,0.5,0.83,6,1.67,0.67,2.0,1.2
FaroeIslands - Premier League,HB Torshavn,7,3,1,3,7,8,-1,10,1.43,3,0.43,0.57,-1,1.0,1.14,2.33,1.75
FaroeIslands - Premier League,NSI Runavik,6,2,2,2,7,4,3,8,1.33,4,0.33,0.67,3,1.17,0.67,3.03,1.49
FaroeIslands - Premier League,B68 Toftir,6,1,4,1,2,2,0,7,1.17,5,0.17,0.83,0,0.33,0.33,5.88,1.2
FaroeIslands - Premier League,Vikingur,5,1,3,1,1,1,0,6,1.2,6,0.2,0.8,0,0.2,0.2,5.0,1.25
FaroeIslands - Premier League,B36 Torshavn,6,1,2,3,2,5,-3,5,0.83,7,0.17,0.5,-3,0.33,0.83,5.88,2.0
FaroeIslands - Premier League,Suduroy,6,1,1,4,3,7,-4,4,0.67,8,0.17,0.33,-4,0.5,1.17,5.88,3.03
FaroeIslands - Premier League,TB Tvoroyri,6,0,3,3,1,7,-6,3,0.5,9,0.0,0.5,-6,0.17,1.17,0.0,2.0
FaroeIslands - Premier League,Streymur,6,0,2,4,2,8,-6,2,0.33,10,0.0,0.33,-6,0.33,1.33,0.0,3.03
Finland - Veikkausliiga,KuPS,6,4,1,1,6,1,5,13,2.17,1,0.67,0.83,5,1.0,0.17,1.49,1.2
Finland - Veikkausliiga,HJK Helsinki,5,2,3,0,6,1,5,9,1.8,2,0.4,1.0,5,1.2,0.2,2.5,1.0
Finland - Veikkausliiga,Mariehamn,5,3,0,2,4,2,2,9,1.8,2,0.6,0.6,2,0.8,0.4,1.67,1.67
Finland - Veikkausliiga,Gnistan,4,2,2,0,4,1,3,8,2.0,4,0.5,1.0,3,1.0,0.25,2.0,1.0
Finland - Veikkausliiga,Ilves,5,2,2,1,5,3,2,8,1.6,4,0.4,0.8,2,1.0,0.6,2.5,1.25
Finland - Veikkausliiga,Haka,6,2,1,3,2,3,-1,7,1.17,6,0.33,0.5,-1,0.33,0.5,3.03,2.0
Finland - Veikkausliiga,SJK,5,1,3,1,3,3,0,6,1.2,7,0.2,0.8,0,0.6,0.6,5.0,1.25
Finland - Veikkausliiga,Inter Turku,4,1,2,1,2,2,0,5,1.25,8,0.25,0.75,0,0.5,0.5,4.0,1.33
Finland - Veikkausliiga,Jaro,4,0,4,0,2,2,0,4,1.0,9,0.0,1.0,0,0.5,0.5,0.0,1.0
Finland - Veikkausliiga,Oulu,4,0,3,1,1,2,-1,3,0.75,10,0.0,0.75,-1,0.25,0.5,0.0,1.33
Finland - Veikkausliiga,KTP,6,0,3,3,1,4,-3,3,0.5,10,0.0,0.5,-3,0.17,0.67,0.0,2.0
Finland - Veikkausliiga,VPS,4,0,2,2,0,3,-3,2,0.5,12,0.0,0.5,-3,0.0,0.75,0.0,2.0
Finland - Ykkonen,Lahti,4,3,1,0,4,1,3,10,2.5,1,0.75,1.0,3,1.0,0.25,1.33,1.0
Finland - Ykkonen,TPS,4,2,2,0,4,2,2,8,2.0,2,0.5,1.0,2,1.0,0.5,2.0,1.0
Finland - Ykkonen,PK-35,5,2,1,2,5,4,1,7,1.4,3,0.4,0.6,1,1.0,0.8,2.5,1.67
Finland - Ykkonen,JIPPO,4,2,1,1,3,2,1,7,1.75,3,0.5,0.75,1,0.75,0.5,2.0,1.33
Finland - Ykkonen,Ekenas IF,5,1,2,2,5,5,0,5,1.0,5,0.2,0.6,0,1.0,1.0,5.0,1.67
Finland - Ykkonen,SJK Akatemia,5,0,4,1,3,4,-1,4,0.8,6,0.0,0.8,-1,0.6,0.8,0.0,1.25
Finland - Ykkonen,Klubi-04,4,1,1,2,3,5,-2,4,1.0,6,0.25,0.5,-2,0.75,1.25,4.0,2.0
Finland - Ykkonen,SalPa,5,0,3,2,1,3,-2,3,0.6,8,0.0,0.6,-2,0.2,0.6,0.0,1.67
Finland - Ykkonen,KaPa,4,1,0,3,1,4,-3,3,0.75,8,0.25,0.25,-3,0.25,1.0,4.0,4.0
Finland - Ykkonen,JaPS,4,0,1,3,0,8,-8,1,0.25,10,0.0,0.25,-8,0.0,2.0,0.0,4.0
Finland - Kakkonen,JJK,4,4,0,0,9,2,7,12,3.0,1,1.0,1.0,7,2.25,0.5,1.0,1.0
Finland - Kakkonen,KPV Kokkola,5,3,2,0,7,2,5,11,2.2,2,0.6,1.0,5,1.4,0.4,1.67,1.0
Finland - Kakkonen,Rovaniemi,5,3,0,2,5,4,1,9,1.8,3,0.6,0.6,1,1.0,0.8,1.67,1.67
Finland - Kakkonen,OLS Oulu,4,2,2,0,6,1,5,8,2.0,4,0.5,1.0,5,1.5,0.25,2.0,1.0
Finland - Kakkonen,Jazz Pori,4,2,1,1,6,4,2,7,1.75,5,0.5,0.75,2,1.5,1.0,2.0,1.33
Finland - Kakkonen,Inter Turku B,5,1,4,0,5,3,2,7,1.4,5,0.2,1.0,2,1.0,0.6,5.0,1.0
Finland - Kakkonen,Mikkelin,4,1,3,0,2,0,2,6,1.5,7,0.25,1.0,2,0.5,0.0,4.0,1.0
Finland - Kakkonen,EPS,5,1,3,1,4,4,0,6,1.2,7,0.2,0.8,0,0.8,0.8,5.0,1.25
Finland - Kakkonen,PKKU,4,2,0,2,4,4,0,6,1.5,7,0.5,0.5,0,1.0,1.0,2.0,2.0
Finland - Kakkonen,KuPS Ak.,5,1,3,1,3,3,0,6,1.2,7,0.2,0.8,0,0.6,0.6,5.0,1.25
Finland - Kakkonen,Tampere Utd,5,1,3,1,2,2,0,6,1.2,7,0.2,0.8,0,0.4,0.4,5.0,1.25
Finland - Kakkonen,Atlantis,4,0,3,1,1,2,-1,3,0.75,12,0.0,0.75,-1,0.25,0.5,0.0,1.33
France - Ligue 1,Paris SG,17,10,6,1,21,6,15,36,2.12,1,0.59,0.94,15,1.24,0.35,1.69,1.06
France - Ligue 1,Nice,17,10,4,3,21,6,15,34,2.0,2,0.59,0.82,15,1.24,0.35,1.69,1.22
France - Ligue 1,Brest,17,10,2,5,16,9,7,32,1.88,3,0.59,0.71,7,0.94,0.53,1.69,1.41
France - Ligue 1,Lille,17,9,4,4,15,9,6,31,1.82,4,0.53,0.76,6,0.88,0.53,1.89,1.32
France - Ligue 1,Rennes,17,8,5,4,13,7,6,29,1.71,5,0.47,0.76,6,0.76,0.41,2.13,1.32
France - Ligue 1,Marseille,17,8,5,4,15,11,4,29,1.71,5,0.47,0.76,4,0.88,0.65,2.13,1.32
France - Ligue 1,Lyon,17,6,9,2,14,7,7,27,1.59,7,0.35,0.88,7,0.82,0.41,2.86,1.14
France - Ligue 1,Strasbourg,17,7,6,4,12,8,4,27,1.59,7,0.41,0.76,4,0.71,0.47,2.44,1.32
France - Ligue 1,Auxerre,17,5,10,2,10,6,4,25,1.47,9,0.29,0.88,4,0.59,0.35,3.45,1.14
France - Ligue 1,Monaco,17,5,8,4,12,9,3,23,1.35,10,0.29,0.76,3,0.71,0.53,3.45,1.32
France - Ligue 1,Nantes,17,5,8,4,8,6,2,23,1.35,10,0.29,0.76,2,0.47,0.35,3.45,1.32
France - Ligue 1,Lens,17,4,11,2,8,7,1,23,1.35,10,0.24,0.88,1,0.47,0.41,4.17,1.14
France - Ligue 1,Reims,17,5,3,9,10,16,-6,18,1.06,13,0.29,0.47,-6,0.59,0.94,3.45,2.13
France - Ligue 1,Angers,17,4,6,7,8,15,-7,18,1.06,13,0.24,0.59,-7,0.47,0.88,4.17,1.69
France - Ligue 1,Saint-Etienne,17,3,5,9,9,15,-6,14,0.82,15,0.18,0.47,-6,0.53,0.88,5.56,2.13
France - Ligue 1,Toulouse,17,2,8,7,6,12,-6,14,0.82,15,0.12,0.59,-6,0.35,0.71,8.33,1.69
France - Ligue 1,Le Havre,17,2,6,9,8,19,-11,12,0.71,17,0.12,0.47,-11,0.47,1.12,8.33,2.13
France - Ligue 1,Montpellier,17,1,4,12,6,21,-15,7,0.41,18,0.06,0.29,-15,0.35,1.24,16.67,3.45
France - Ligue 2,Lorient,17,9,6,2,16,6,10,33,1.94,1,0.53,0.88,10,0.94,0.35,1.89,1.14
France - Ligue 2,Metz,17,8,7,2,16,5,11,31,1.82,2,0.47,0.88,11,0.94,0.29,2.13,1.14
France - Ligue 2,Paris FC,17,8,6,3,16,7,9,30,1.76,3,0.47,0.82,9,0.94,0.41,2.13,1.22
France - Ligue 2,Guingamp,17,7,7,3,14,7,7,28,1.65,4,0.41,0.82,7,0.82,0.41,2.44,1.22
France - Ligue 2,Annecy,17,7,7,3,10,6,4,28,1.65,4,0.41,0.82,4,0.59,0.35,2.44,1.22
France - Ligue 2,Amiens,17,8,4,5,13,11,2,28,1.65,4,0.47,0.71,2,0.76,0.65,2.13,1.41
France - Ligue 2,SC Bastia,17,6,9,2,14,8,6,27,1.59,7,0.35,0.88,6,0.82,0.47,2.86,1.14
France - Ligue 2,Laval,17,6,8,3,13,7,6,26,1.53,8,0.35,0.82,6,0.76,0.41,2.86,1.22
France - Ligue 2,Grenoble,17,5,10,2,11,7,4,25,1.47,9,0.29,0.88,4,0.65,0.41,3.45,1.14
France - Ligue 2,USL Dunkerque,17,6,7,4,9,5,4,25,1.47,9,0.35,0.76,4,0.53,0.29,2.86,1.32
France - Ligue 2,Pau FC,17,5,9,3,8,8,0,24,1.41,11,0.29,0.82,0,0.47,0.47,3.45,1.22
France - Ligue 2,Martigues,17,5,8,4,9,8,1,23,1.35,12,0.29,0.76,1,0.53,0.47,3.45,1.32
France - Ligue 2,Clermont,17,5,6,6,9,8,1,21,1.24,13,0.29,0.65,1,0.53,0.47,3.45,1.54
France - Ligue 2,Troyes,17,4,9,4,6,7,-1,21,1.24,13,0.24,0.76,-1,0.35,0.41,4.17,1.32
France - Ligue 2,Red Star,17,4,7,6,11,12,-1,19,1.12,15,0.24,0.65,-1,0.65,0.71,4.17,1.54
France - Ligue 2,Rodez Aveyron,17,4,4,9,6,14,-8,16,0.94,16,0.24,0.47,-8,0.35,0.82,4.17,2.13
France - Ligue 2,AC Ajaccio,17,2,9,6,6,10,-4,15,0.88,17,0.12,0.65,-4,0.35,0.59,8.33,1.54
France - Ligue 2,Caen,17,1,7,9,5,14,-9,10,0.59,18,0.06,0.47,-9,0.29,0.82,16.67,2.13
France - National,Concarneau,16,8,6,2,15,5,10,30,1.88,1,0.5,0.88,10,0.94,0.31,2.0,1.14
France - National,Aubagne,16,9,3,4,15,9,6,30,1.88,1,0.56,0.75,6,0.94,0.56,1.79,1.33
France - National,Chateauroux,16,7,7,2,14,9,5,28,1.75,3,0.44,0.88,5,0.88,0.56,2.27,1.14
France - National,Boulogne,16,7,6,3,13,6,7,27,1.69,4,0.44,0.81,7,0.81,0.38,2.27,1.23
France - National,Quevilly Rouen,16,8,2,6,10,9,1,26,1.62,5,0.5,0.62,1,0.62,0.56,2.0,1.61
France - National,Rouen,16,6,7,3,15,11,4,25,1.56,6,0.38,0.81,4,0.94,0.69,2.63,1.23
France - National,Le Mans,16,6,7,3,13,9,4,25,1.56,6,0.38,0.81,4,0.81,0.56,2.63,1.23
France - National,Orleans,16,6,7,3,11,8,3,25,1.56,6,0.38,0.81,3,0.69,0.5,2.63,1.23
France - National,Valenciennes,16,5,9,2,12,6,6,24,1.5,9,0.31,0.88,6,0.75,0.38,3.23,1.14
France - National,Nancy,16,5,8,3,9,7,2,23,1.44,10,0.31,0.81,2,0.56,0.44,3.23,1.23
France - National,Paris 13 A.,16,5,8,3,8,6,2,23,1.44,10,0.31,0.81,2,0.5,0.38,3.23,1.23
France - National,Dijon,16,5,7,4,10,13,-3,22,1.38,12,0.31,0.75,-3,0.62,0.81,3.23,1.33
France - National,Versailles,16,4,9,3,9,7,2,21,1.31,13,0.25,0.81,2,0.56,0.44,4.0,1.23
France - National,Bourg-en-Bresse,16,4,8,4,5,5,0,20,1.25,14,0.25,0.75,0,0.31,0.31,4.0,1.33
France - National,Nimes,16,3,10,3,5,5,0,19,1.19,15,0.19,0.81,0,0.31,0.31,5.26,1.23
France - National,Sochaux,16,3,8,5,4,6,-2,17,1.06,16,0.19,0.69,-2,0.25,0.38,5.26,1.45
France - National,Villefranche,16,1,13,2,6,7,-1,16,1.0,17,0.06,0.88,-1,0.38,0.44,16.67,1.14
Georgia - Erovnuli Liga,Dinamo Batumi,9,6,2,1,9,4,5,20,2.22,1,0.67,0.89,5,1.0,0.44,1.49,1.12
Georgia - Erovnuli Liga,Dinamo Tbilisi,8,5,2,1,7,3,4,17,2.12,2,0.62,0.88,4,0.88,0.38,1.61,1.14
Georgia - Erovnuli Liga,Iberia,9,4,4,1,5,2,3,16,1.78,3,0.44,0.89,3,0.56,0.22,2.27,1.12
Georgia - Erovnuli Liga,Dila Gori,9,4,2,3,9,6,3,14,1.56,4,0.44,0.67,3,1.0,0.67,2.27,1.49
Georgia - Erovnuli Liga,Samgurali,9,3,4,2,10,3,7,13,1.44,5,0.33,0.78,7,1.11,0.33,3.03,1.28
Georgia - Erovnuli Liga,Gareji Sagarejo,9,3,4,2,4,2,2,13,1.44,5,0.33,0.78,2,0.44,0.22,3.03,1.28
Georgia - Erovnuli Liga,Telavi,9,1,7,1,5,5,0,10,1.11,7,0.11,0.89,0,0.56,0.56,9.09,1.12
Georgia - Erovnuli Liga,Kolkheti Poti,9,1,7,1,4,4,0,10,1.11,7,0.11,0.89,0,0.44,0.44,9.09,1.12
Georgia - Erovnuli Liga,Torpedo Kutaisi,9,2,3,4,5,6,-1,9,1.0,9,0.22,0.56,-1,0.56,0.67,4.55,1.79
Georgia - Erovnuli Liga,Gagra,10,1,5,4,3,7,-4,8,0.8,10,0.1,0.6,-4,0.3,0.7,10.0,1.67
Germany - Bundesliga,Bayern Munich,17,11,6,0,22,5,17,39,2.29,1,0.65,1.0,17,1.29,0.29,1.54,1.0
Germany - Bundesliga,Dortmund,17,10,4,3,20,9,11,34,2.0,2,0.59,0.82,11,1.18,0.53,1.69,1.22
Germany - Bundesliga,E. Frankfurt,17,9,5,3,20,11,9,32,1.88,3,0.53,0.82,9,1.18,0.65,1.89,1.22
Germany - Bundesliga,FSV Mainz,17,8,5,4,12,8,4,29,1.71,4,0.47,0.76,4,0.71,0.47,2.13,1.32
Germany - Bundesliga,Leverkusen,17,7,7,3,19,12,7,28,1.65,5,0.41,0.82,7,1.12,0.71,2.44,1.22
Germany - Bundesliga,RB Leipzig,17,8,4,5,17,13,4,28,1.65,5,0.47,0.71,4,1.0,0.76,2.13,1.41
Germany - Bundesliga,Freiburg,17,7,6,4,16,10,6,27,1.59,7,0.41,0.76,6,0.94,0.59,2.44,1.32
Germany - Bundesliga,Monchengladbach,17,5,10,2,15,9,6,25,1.47,8,0.29,0.88,6,0.88,0.53,3.45,1.14
Germany - Bundesliga,FC Augsburg,17,5,9,3,9,9,0,24,1.41,9,0.29,0.82,0,0.53,0.53,3.45,1.22
Germany - Bundesliga,Stuttgart,17,6,5,6,12,9,3,23,1.35,10,0.35,0.65,3,0.71,0.53,2.86,1.54
Germany - Bundesliga,Werder Bremen,17,4,8,5,11,13,-2,20,1.18,11,0.24,0.71,-2,0.65,0.76,4.17,1.41
Germany - Bundesliga,Union Berlin,17,4,7,6,13,15,-2,19,1.12,12,0.24,0.65,-2,0.76,0.88,4.17,1.54
Germany - Bundesliga,Sankt Pauli,17,3,7,7,3,8,-5,16,0.94,13,0.18,0.59,-5,0.18,0.47,5.56,1.69
Germany - Bundesliga,Holstein Kiel,17,4,4,9,15,22,-7,16,0.94,13,0.24,0.47,-7,0.88,1.29,4.17,2.13
Germany - Bundesliga,Hoffenheim,17,4,3,10,11,15,-4,15,0.88,15,0.24,0.41,-4,0.65,0.88,4.17,2.44
Germany - Bundesliga,Heidenheim,17,3,5,9,5,15,-10,14,0.82,16,0.18,0.47,-10,0.29,0.88,5.56,2.13
Germany - Bundesliga,Bochum,17,3,4,10,6,17,-11,13,0.76,17,0.18,0.41,-11,0.35,1.0,5.56,2.44
Germany - Bundesliga,Wolfsburg,17,1,7,9,5,16,-11,10,0.59,18,0.06,0.47,-11,0.29,0.94,16.67,2.13
Germany - 2. Bundesliga,Hamburger SV,17,12,3,2,25,7,18,39,2.29,1,0.71,0.88,18,1.47,0.41,1.41,1.14
Germany - 2. Bundesliga,Kaiserslautern,17,10,3,4,17,10,7,33,1.94,2,0.59,0.76,7,1.0,0.59,1.69,1.32
Germany - 2. Bundesliga,Elversberg,17,8,7,2,23,6,17,31,1.82,3,0.47,0.88,17,1.35,0.35,2.13,1.14
Germany - 2. Bundesliga,Ulm,17,7,9,1,11,2,9,30,1.76,4,0.41,0.94,9,0.65,0.12,2.44,1.06
Germany - 2. Bundesliga,FC Koln,17,7,8,2,16,7,9,29,1.71,5,0.41,0.88,9,0.94,0.41,2.44,1.14
Germany - 2. Bundesliga,Darmstadt,17,7,6,4,13,9,4,27,1.59,6,0.41,0.76,4,0.76,0.53,2.44,1.32
Germany - 2. Bundesliga,Dusseldorf,17,6,8,3,13,9,4,26,1.53,7,0.35,0.82,4,0.76,0.53,2.86,1.22
Germany - 2. Bundesliga,Greuther Furth,17,5,10,2,13,14,-1,25,1.47,8,0.29,0.88,-1,0.76,0.82,3.45,1.14
Germany - 2. Bundesliga,Hannover 96,17,5,9,3,8,5,3,24,1.41,9,0.29,0.82,3,0.47,0.29,3.45,1.22
Germany - 2. Bundesliga,Karlsruher SC,17,4,11,2,13,10,3,23,1.35,10,0.24,0.88,3,0.76,0.59,4.17,1.14
Germany - 2. Bundesliga,Preuss. Munster,17,4,11,2,9,7,2,23,1.35,10,0.24,0.88,2,0.53,0.41,4.17,1.14
Germany - 2. Bundesliga,Schalke 04,17,7,2,8,16,18,-2,23,1.35,10,0.41,0.53,-2,0.94,1.06,2.44,1.89
Germany - 2. Bundesliga,Braunschweig,17,5,7,5,8,13,-5,22,1.29,13,0.29,0.71,-5,0.47,0.76,3.45,1.41
Germany - 2. Bundesliga,FC Nurnberg,17,4,8,5,12,12,0,20,1.18,14,0.24,0.71,0,0.71,0.71,4.17,1.41
Germany - 2. Bundesliga,Magdeburg,17,5,5,7,10,16,-6,20,1.18,14,0.29,0.59,-6,0.59,0.94,3.45,1.69
Germany - 2. Bundesliga,Regensburg,17,5,4,8,7,10,-3,19,1.12,16,0.29,0.53,-3,0.41,0.59,3.45,1.89
Germany - 2. Bundesliga,Paderborn,17,3,8,6,11,14,-3,17,1.0,17,0.18,0.65,-3,0.65,0.82,5.56,1.54
Germany - 2. Bundesliga,Hertha Berlin,17,3,7,7,6,11,-5,16,0.94,18,0.18,0.59,-5,0.35,0.65,5.56,1.69
Germany - 3. Liga,Hansa Rostock,19,11,7,1,18,6,12,40,2.11,1,0.58,0.95,12,0.95,0.32,1.72,1.05
Germany - 3. Liga,Energie Cottbus,19,10,7,2,21,10,11,37,1.95,2,0.53,0.89,11,1.11,0.53,1.89,1.12
Germany - 3. Liga,VfB Stuttgart B,19,10,6,3,20,10,10,36,1.89,3,0.53,0.84,10,1.05,0.53,1.89,1.19
Germany - 3. Liga,Erzgebirge Aue,19,10,5,4,20,12,8,35,1.84,4,0.53,0.79,8,1.05,0.63,1.89,1.27
Germany - 3. Liga,Wehen Wiesbaden,19,10,4,5,14,10,4,34,1.79,5,0.53,0.74,4,0.74,0.53,1.89,1.35
Germany - 3. Liga,Saarbrucken,19,9,6,4,18,12,6,33,1.74,6,0.47,0.79,6,0.95,0.63,2.13,1.27
Germany - 3. Liga,Dynamo Dresden,19,8,8,3,17,10,7,32,1.68,7,0.42,0.84,7,0.89,0.53,2.38,1.19
Germany - 3. Liga,Alemannia A.,19,8,8,3,10,5,5,32,1.68,7,0.42,0.84,5,0.53,0.26,2.38,1.19
Germany - 3. Liga,Dortmund B,19,7,10,2,14,6,8,31,1.63,9,0.37,0.89,8,0.74,0.32,2.7,1.12
Germany - 3. Liga,Viktoria Koln,19,8,7,4,13,9,4,31,1.63,9,0.42,0.79,4,0.68,0.47,2.38,1.27
Germany - 3. Liga,RW Essen,19,8,6,5,17,10,7,30,1.58,11,0.42,0.74,7,0.89,0.53,2.38,1.35
Germany - 3. Liga,FC Ingolstadt,19,9,3,7,15,12,3,30,1.58,11,0.47,0.63,3,0.79,0.63,2.13,1.59
Germany - 3. Liga,Bielefeld,19,6,11,2,15,7,8,29,1.53,13,0.32,0.89,8,0.79,0.37,3.12,1.12
Germany - 3. Liga,Osnabruck,19,7,7,5,13,12,1,28,1.47,14,0.37,0.74,1,0.68,0.63,2.7,1.35
Germany - 3. Liga,1860 Munchen,19,6,8,5,13,9,4,26,1.37,15,0.32,0.74,4,0.68,0.47,3.12,1.35
Germany - 3. Liga,Mannheim,19,5,10,4,14,11,3,25,1.32,16,0.26,0.79,3,0.74,0.58,3.85,1.27
Germany - 3. Liga,Verl,19,5,9,5,15,11,4,24,1.26,17,0.26,0.74,4,0.79,0.58,3.85,1.35
Germany - 3. Liga,Sandhausen,19,4,8,7,11,19,-8,20,1.05,18,0.21,0.63,-8,0.58,1.0,4.76,1.59
Germany - 3. Liga,Hannover 96 B,19,3,10,6,7,16,-9,19,1.0,19,0.16,0.68,-9,0.37,0.84,6.25,1.47
Germany - 3. Liga,Unterhaching,19,3,8,8,10,15,-5,17,0.89,20,0.16,0.58,-5,0.53,0.79,6.25,1.72
Greece - Super League,Olympiakos,16,9,6,1,17,8,9,33,2.06,1,0.56,0.94,9,1.06,0.5,1.79,1.06
Greece - Super League,AEK Athens,16,9,5,2,15,4,11,32,2.0,2,0.56,0.88,11,0.94,0.25,1.79,1.14
Greece - Super League,PAOK,16,8,6,2,12,4,8,30,1.88,3,0.5,0.88,8,0.75,0.25,2.0,1.14
Greece - Super League,Panathinaikos,16,7,8,1,10,4,6,29,1.81,4,0.44,0.94,6,0.62,0.25,2.27,1.06
Greece - Super League,Panserraikos,18,7,5,6,13,14,-1,26,1.44,5,0.39,0.67,-1,0.72,0.78,2.56,1.49
Greece - Super League,OFI Crete,13,7,4,2,11,6,5,25,1.92,6,0.54,0.85,5,0.85,0.46,1.85,1.18
Greece - Super League,Aris,13,6,6,1,11,2,9,24,1.85,7,0.46,0.92,9,0.85,0.15,2.17,1.09
Greece - Super League,Levadiakos,18,4,12,2,11,8,3,24,1.33,7,0.22,0.89,3,0.61,0.44,4.55,1.12
Greece - Super League,Panaitolikos,18,5,8,5,7,8,-1,23,1.28,9,0.28,0.72,-1,0.39,0.44,3.57,1.39
Greece - Super League,A. Kallithea,18,4,9,5,8,11,-3,21,1.17,10,0.22,0.72,-3,0.44,0.61,4.55,1.39
Greece - Super League,Volos,18,4,8,6,8,7,1,20,1.11,11,0.22,0.67,1,0.44,0.39,4.55,1.49
Greece - Super League,Asteras T.,13,3,7,3,5,5,0,16,1.23,12,0.23,0.77,0,0.38,0.38,4.35,1.3
Greece - Super League,Lamia,18,3,6,9,7,16,-9,15,0.83,13,0.17,0.5,-9,0.39,0.89,5.88,2.0
Greece - Super League,Atromitos,13,1,6,6,3,10,-7,9,0.69,14,0.08,0.54,-7,0.23,0.77,12.5,1.85
Hong Kong - Premier League,Tai Po,12,8,1,3,13,6,7,25,2.08,1,0.67,0.75,7,1.08,0.5,1.49,1.33
Hong Kong - Premier League,Kitchee,12,7,3,2,17,4,13,24,2.0,2,0.58,0.83,13,1.42,0.33,1.72,1.2
Hong Kong - Premier League,Eastern,12,5,6,1,12,5,7,21,1.75,3,0.42,0.92,7,1.0,0.42,2.38,1.09
Hong Kong - Premier League,Southern D.,12,4,5,3,9,7,2,17,1.42,4,0.33,0.75,2,0.75,0.58,3.03,1.33
Hong Kong - Premier League,Kowloon City,12,4,2,6,11,18,-7,14,1.17,5,0.33,0.5,-7,0.92,1.5,3.03,2.0
Hong Kong - Premier League,North District,12,4,1,7,14,15,-1,13,1.08,6,0.33,0.42,-1,1.17,1.25,3.03,2.38
Hong Kong - Premier League,HK Rangers,12,3,4,5,6,9,-3,13,1.08,6,0.25,0.58,-3,0.5,0.75,4.0,1.72
Hong Kong - Premier League,Hong Kong FC,12,3,3,6,9,13,-4,12,1.0,8,0.25,0.5,-4,0.75,1.08,4.0,2.0
Hong Kong - Premier League,LM Warriors,12,2,5,5,5,9,-4,11,0.92,9,0.17,0.58,-4,0.42,0.75,5.88,1.72
Hungary - NB I,Puskas A.,16,8,6,2,16,5,11,30,1.88,1,0.5,0.88,11,1.0,0.31,2.0,1.14
Hungary - NB I,Ferencvaros,16,8,5,3,13,5,8,29,1.81,2,0.5,0.81,8,0.81,0.31,2.0,1.23
Hungary - NB I,Paks,16,8,5,3,17,10,7,29,1.81,2,0.5,0.81,7,1.06,0.62,2.0,1.23
Hungary - NB I,Gyor,17,7,6,4,11,9,2,27,1.59,4,0.41,0.76,2,0.65,0.53,2.44,1.32
Hungary - NB I,Zalaegerszegi,17,5,9,3,10,8,2,24,1.41,5,0.29,0.82,2,0.59,0.47,3.45,1.22
Hungary - NB I,Ujpest,17,4,11,2,9,3,6,23,1.35,6,0.24,0.88,6,0.53,0.18,4.17,1.14
Hungary - NB I,Nyiregyhaza,17,5,8,4,10,8,2,23,1.35,6,0.29,0.76,2,0.59,0.47,3.45,1.32
Hungary - NB I,Fehervar,16,4,8,4,6,7,-1,20,1.25,8,0.25,0.75,-1,0.38,0.44,4.0,1.33
Hungary - NB I,MTK Budapest,16,5,5,6,12,14,-2,20,1.25,8,0.31,0.62,-2,0.75,0.88,3.23,1.61
Hungary - NB I,Kecskemeti TE,17,3,10,4,11,11,0,19,1.12,10,0.18,0.76,0,0.65,0.65,5.56,1.32
Hungary - NB I,DVTK,17,4,5,8,8,13,-5,17,1.0,11,0.24,0.53,-5,0.47,0.76,4.17,1.89
Hungary - NB I,Debrecen,16,1,8,7,10,18,-8,11,0.69,12,0.06,0.56,-8,0.62,1.12,16.67,1.79
Iceland - Urvalsdeild,Vikingur R.,5,4,1,0,9,3,6,13,2.6,1,0.8,1.0,6,1.8,0.6,1.25,1.0
Iceland - Urvalsdeild,Valur,6,3,2,1,6,1,5,11,1.83,2,0.5,0.83,5,1.0,0.17,2.0,1.2
Iceland - Urvalsdeild,Breidablik,6,3,2,1,7,4,3,11,1.83,2,0.5,0.83,3,1.17,0.67,2.0,1.2
Iceland - Urvalsdeild,Hafnarfjordur,4,2,2,0,4,1,3,8,2.0,4,0.5,1.0,3,1.0,0.25,2.0,1.0
Iceland - Urvalsdeild,Stjarnan,6,2,2,2,6,5,1,8,1.33,4,0.33,0.67,1,1.0,0.83,3.03,1.49
Iceland - Urvalsdeild,KR Reykjavik,5,2,1,2,6,6,0,7,1.4,6,0.4,0.6,0,1.2,1.2,2.5,1.67
Iceland - Urvalsdeild,Fram,5,2,1,2,4,4,0,7,1.4,6,0.4,0.6,0,0.8,0.8,2.5,1.67
Iceland - Urvalsdeild,Vestri,5,2,1,2,2,2,0,7,1.4,6,0.4,0.6,0,0.4,0.4,2.5,1.67
Iceland - Urvalsdeild,Afturelding,5,1,2,2,2,4,-2,5,1.0,9,0.2,0.6,-2,0.4,0.8,5.0,1.67
Iceland - Urvalsdeild,IBV,4,1,1,2,2,3,-1,4,1.0,10,0.25,0.5,-1,0.5,0.75,4.0,2.0
Iceland - Urvalsdeild,KA Akureyri,5,0,3,2,3,5,-2,3,0.6,11,0.0,0.6,-2,0.6,1.0,0.0,1.67
Iceland - Urvalsdeild,IA Akranes,4,1,0,3,2,4,-2,3,0.75,11,0.25,0.25,-2,0.5,1.0,4.0,4.0
Iceland - 1. Deild,Njardvik,4,2,2,0,5,1,4,8,2.0,1,0.5,1.0,4,1.25,0.25,2.0,1.0
Iceland - 1. Deild,IR Reykjavik,3,2,1,0,2,0,2,7,2.33,2,0.67,1.0,2,0.67,0.0,1.49,1.0
Iceland - 1. Deild,Volsungur,2,2,0,0,3,1,2,6,3.0,3,1.0,1.0,2,1.5,0.5,1.0,1.0
Iceland - 1. Deild,Throttur R.,3,2,0,1,4,3,1,6,2.0,3,0.67,0.67,1,1.33,1.0,1.49,1.49
Iceland - 1. Deild,HK Kopavogur,3,1,1,1,3,2,1,4,1.33,5,0.33,0.67,1,1.0,0.67,3.03,1.49
Iceland - 1. Deild,Keflavik,3,1,1,1,2,2,0,4,1.33,5,0.33,0.67,0,0.67,0.67,3.03,1.49
Iceland - 1. Deild,Selfoss,3,1,1,1,1,2,-1,4,1.33,5,0.33,0.67,-1,0.33,0.67,3.03,1.49
Iceland - 1. Deild,Fjolnir,3,1,1,1,2,4,-2,4,1.33,5,0.33,0.67,-2,0.67,1.33,3.03,1.49
Iceland - 1. Deild,Thor Akureyri,4,1,1,2,4,7,-3,4,1.0,5,0.25,0.5,-3,1.0,1.75,4.0,2.0
Iceland - 1. Deild,Fylkir,3,1,0,2,1,2,-1,3,1.0,10,0.33,0.33,-1,0.33,0.67,3.03,3.03
Iceland - 1. Deild,Leiknir R.,3,0,1,2,0,6,-6,1,0.33,11,0.0,0.33,-6,0.0,2.0,0.0,3.03
Iceland - 1. Deild,Grindavik,2,0,0,2,2,4,-2,0,0.0,12,0.0,0.0,-2,1.0,2.0,0.0,0.0
Ireland - Premier Division,Shamrock Rovers,10,6,4,0,10,0,10,22,2.2,1,0.6,1.0,10,1.0,0.0,1.67,1.0
Ireland - Premier Division,St. Patricks,9,6,3,0,10,3,7,21,2.33,2,0.67,1.0,7,1.11,0.33,1.49,1.0
Ireland - Premier Division,Drogheda Utd,9,5,4,0,8,3,5,19,2.11,3,0.56,1.0,5,0.89,0.33,1.79,1.0
Ireland - Premier Division,Derry City,9,3,3,3,5,4,1,12,1.33,4,0.33,0.67,1,0.56,0.44,3.03,1.49
Ireland - Premier Division,Galway Utd,9,2,6,1,4,3,1,12,1.33,4,0.22,0.89,1,0.44,0.33,4.55,1.12
Ireland - Premier Division,Shelbourne,10,2,5,3,7,7,0,11,1.1,6,0.2,0.7,0,0.7,0.7,5.0,1.43
Ireland - Premier Division,Bohemians,9,3,2,4,5,6,-1,11,1.22,6,0.33,0.56,-1,0.56,0.67,3.03,1.79
Ireland - Premier Division,Waterford,9,3,2,4,5,9,-4,11,1.22,6,0.33,0.56,-4,0.56,1.0,3.03,1.79
Ireland - Premier Division,Cork City,9,1,4,4,3,7,-4,7,0.78,9,0.11,0.56,-4,0.33,0.78,9.09,1.79
Ireland - Premier Division,Sligo Rovers,9,1,2,6,2,8,-6,5,0.56,10,0.11,0.33,-6,0.22,0.89,9.09,3.03
Ireland - First Division,Bray Wanderers,9,6,1,2,10,5,5,19,2.11,1,0.67,0.78,5,1.11,0.56,1.49,1.28
Ireland - First Division,Treaty Utd,8,5,3,0,5,0,5,18,2.25,2,0.62,1.0,5,0.62,0.0,1.61,1.0
Ireland - First Division,Wexford,9,5,1,3,7,6,1,16,1.78,3,0.56,0.67,1,0.78,0.67,1.79,1.49
Ireland - First Division,Cobh Ramblers,9,3,5,1,8,4,4,14,1.56,4,0.33,0.89,4,0.89,0.44,3.03,1.12
Ireland - First Division,Dundalk,8,3,5,0,5,2,3,14,1.75,4,0.38,1.0,3,0.62,0.25,2.63,1.0
Ireland - First Division,Kerry,8,4,1,3,5,4,1,13,1.62,6,0.5,0.62,1,0.62,0.5,2.0,1.61
Ireland - First Division,UC Dublin,9,1,5,3,2,4,-2,8,0.89,7,0.11,0.67,-2,0.22,0.44,9.09,1.49
Ireland - First Division,Athlone Town,8,1,4,3,1,6,-5,7,0.88,8,0.12,0.62,-5,0.12,0.75,8.33,1.61
Ireland - First Division,Longford Town,8,0,6,2,2,4,-2,6,0.75,9,0.0,0.75,-2,0.25,0.5,0.0,1.33
Ireland - First Division,Finn Harps,8,1,1,6,5,8,-3,4,0.5,10,0.12,0.25,-3,0.62,1.0,8.33,4.0
Israel - Ligat HaAl,M. Tel Aviv,18,10,5,3,20,7,13,35,1.94,1,0.56,0.83,13,1.11,0.39,1.79,1.2
Israel - Ligat HaAl,Hapoel Haifa,18,8,6,4,20,11,9,30,1.67,2,0.44,0.78,9,1.11,0.61,2.27,1.28
Israel - Ligat HaAl,H. Beer Sheva,18,7,7,4,16,8,8,28,1.56,3,0.39,0.78,8,0.89,0.44,2.56,1.28
Israel - Ligat HaAl,H. Jerusalem,17,8,4,5,14,9,5,28,1.65,3,0.47,0.71,5,0.82,0.53,2.13,1.41
Israel - Ligat HaAl,Maccabi Netanya,18,8,4,6,14,12,2,28,1.56,3,0.44,0.67,2,0.78,0.67,2.27,1.49
Israel - Ligat HaAl,Maccabi Haifa,18,6,6,6,12,15,-3,24,1.33,6,0.33,0.67,-3,0.67,0.83,3.03,1.49
Israel - Ligat HaAl,Sakhnin,16,6,5,5,7,8,-1,23,1.44,7,0.38,0.69,-1,0.44,0.5,2.63,1.45
Israel - Ligat HaAl,B. Jerusalem,18,4,9,5,11,11,0,21,1.17,8,0.22,0.72,0,0.61,0.61,4.55,1.39
Israel - Ligat HaAl,Kiryat Shmona,17,4,7,6,8,10,-2,19,1.12,9,0.24,0.65,-2,0.47,0.59,4.17,1.54
Israel - Ligat HaAl,Ashdod,16,4,7,5,11,14,-3,19,1.19,9,0.25,0.69,-3,0.69,0.88,4.0,1.45
Israel - Ligat HaAl,Ironi Tiberias,17,3,8,6,8,11,-3,17,1.0,11,0.18,0.65,-3,0.47,0.65,5.56,1.54
Israel - Ligat HaAl,M. Bnei Raina,17,3,8,6,8,12,-4,17,1.0,11,0.18,0.65,-4,0.47,0.71,5.56,1.54
Israel - Ligat HaAl,Hapoel Hadera,16,4,5,7,5,12,-7,17,1.06,11,0.25,0.56,-7,0.31,0.75,4.0,1.79
Israel - Ligat HaAl,M. Petah Tikva,16,0,10,6,4,12,-8,10,0.62,14,0.0,0.62,-8,0.25,0.75,0.0,1.61
Italy - Serie A,Inter Milan,19,10,7,2,21,10,11,37,1.95,1,0.53,0.89,11,1.11,0.53,1.89,1.12
Italy - Serie A,Fiorentina,19,11,4,4,18,7,11,37,1.95,1,0.58,0.79,11,0.95,0.37,1.72,1.27
Italy - Serie A,Udinese,19,9,6,4,10,7,3,33,1.74,3,0.47,0.79,3,0.53,0.37,2.13,1.27
Italy - Serie A,Napoli,19,8,7,4,14,8,6,31,1.63,4,0.42,0.79,6,0.74,0.42,2.38,1.27
Italy - Serie A,Atalanta,19,7,9,3,20,11,9,30,1.58,5,0.37,0.84,9,1.05,0.58,2.7,1.19
Italy - Serie A,Como,19,7,9,3,12,8,4,30,1.58,5,0.37,0.84,4,0.63,0.42,2.7,1.19
Italy - Serie A,Juventus,19,7,8,4,12,6,6,29,1.53,7,0.37,0.79,6,0.63,0.32,2.7,1.27
Italy - Serie A,AS Roma,19,7,6,6,13,9,4,27,1.42,8,0.37,0.68,4,0.68,0.47,2.7,1.47
Italy - Serie A,Lazio,19,6,8,5,12,13,-1,26,1.37,9,0.32,0.74,-1,0.63,0.68,3.12,1.35
Italy - Serie A,AC Milan,19,5,9,5,14,9,5,24,1.26,10,0.26,0.74,5,0.74,0.47,3.85,1.35
Italy - Serie A,Parma,19,6,6,7,9,11,-2,24,1.26,10,0.32,0.63,-2,0.47,0.58,3.12,1.59
Italy - Serie A,Torino,19,4,9,6,6,8,-2,21,1.11,12,0.21,0.68,-2,0.32,0.42,4.76,1.47
Italy - Serie A,Bologna,19,4,9,6,8,12,-4,21,1.11,12,0.21,0.68,-4,0.42,0.63,4.76,1.47
Italy - Serie A,Venezia,19,3,11,5,7,9,-2,20,1.05,14,0.16,0.74,-2,0.37,0.47,6.25,1.35
Italy - Serie A,Empoli,19,2,13,4,4,9,-5,19,1.0,15,0.11,0.79,-5,0.21,0.47,9.09,1.27
Italy - Serie A,Lecce,19,4,7,8,5,13,-8,19,1.0,15,0.21,0.58,-8,0.26,0.68,4.76,1.72
Italy - Serie A,Cagliari,19,3,9,7,8,11,-3,18,0.95,17,0.16,0.63,-3,0.42,0.58,6.25,1.59
Italy - Serie A,Genoa,19,2,11,6,5,9,-4,17,0.89,18,0.11,0.68,-4,0.26,0.47,9.09,1.47
Italy - Serie A,Monza,19,2,8,9,8,16,-8,14,0.74,19,0.11,0.53,-8,0.42,0.84,9.09,1.89
Italy - Serie A,Hellas Verona,19,1,8,10,6,26,-20,11,0.58,20,0.05,0.47,-20,0.32,1.37,20.0,2.13
Italy - Serie B,Juve Stabia,19,10,5,4,14,8,6,35,1.84,1,0.53,0.79,6,0.74,0.42,1.89,1.27
Italy - Serie B,Pisa,19,9,7,3,15,6,9,34,1.79,2,0.47,0.84,9,0.79,0.32,2.13,1.19
Italy - Serie B,Bari,19,9,6,4,14,8,6,33,1.74,3,0.47,0.79,6,0.74,0.42,2.13,1.27
Italy - Serie B,Sassuolo,19,8,7,4,16,10,6,31,1.63,4,0.42,0.79,6,0.84,0.53,2.38,1.27
Italy - Serie B,Palermo,19,8,7,4,13,7,6,31,1.63,4,0.42,0.79,6,0.68,0.37,2.38,1.27
Italy - Serie B,Carrarese,19,7,10,2,12,6,6,31,1.63,4,0.37,0.89,6,0.63,0.32,2.7,1.12
Italy - Serie B,Sampdoria,19,6,12,1,8,3,5,30,1.58,7,0.32,0.95,5,0.42,0.16,3.12,1.05
Italy - Serie B,Cesena,19,7,8,4,14,8,6,29,1.53,8,0.37,0.79,6,0.74,0.42,2.7,1.27
Italy - Serie B,Modena,19,7,8,4,14,11,3,29,1.53,8,0.37,0.79,3,0.74,0.58,2.7,1.27
Italy - Serie B,Spezia,19,7,6,6,15,11,4,27,1.42,10,0.37,0.68,4,0.79,0.58,2.7,1.47
Italy - Serie B,Frosinone,19,6,8,5,13,14,-1,26,1.37,11,0.32,0.74,-1,0.68,0.74,3.12,1.35
Italy - Serie B,Mantova,19,5,9,5,10,7,3,24,1.26,12,0.26,0.74,3,0.53,0.37,3.85,1.35
Italy - Serie B,Reggiana,19,5,9,5,12,12,0,24,1.26,12,0.26,0.74,0,0.63,0.63,3.85,1.35
Italy - Serie B,Catanzaro,19,4,11,4,15,13,2,23,1.21,14,0.21,0.79,2,0.79,0.68,4.76,1.27
Italy - Serie B,Sudtirol,19,4,11,4,13,13,0,23,1.21,14,0.21,0.79,0,0.68,0.68,4.76,1.27
Italy - Serie B,Cosenza,19,6,5,8,8,12,-4,23,1.21,14,0.32,0.58,-4,0.42,0.63,3.12,1.72
Italy - Serie B,Brescia,19,4,10,5,13,11,2,22,1.16,17,0.21,0.74,2,0.68,0.58,4.76,1.35
Italy - Serie B,Cremonese,19,4,9,6,11,12,-1,21,1.11,18,0.21,0.68,-1,0.58,0.63,4.76,1.47
Italy - Serie B,Salernitana,19,2,10,7,7,15,-8,16,0.84,19,0.11,0.63,-8,0.37,0.79,9.09,1.59
Italy - Serie B,Cittadella,19,1,10,8,4,12,-8,13,0.68,20,0.05,0.58,-8,0.21,0.63,20.0,1.72
Italy - Serie C - Group A,Vicenza,19,11,7,1,17,3,14,40,2.11,1,0.58,0.95,14,0.89,0.16,1.72,1.05
Italy - Serie C - Group A,Padova,19,12,4,3,16,3,13,40,2.11,1,0.63,0.84,13,0.84,0.16,1.59,1.19
Italy - Serie C - Group A,Renate,19,7,9,3,9,5,4,30,1.58,3,0.37,0.84,4,0.47,0.26,2.7,1.19
Italy - Serie C - Group A,Novara,19,8,6,5,9,6,3,30,1.58,3,0.42,0.74,3,0.47,0.32,2.38,1.35
Italy - Serie C - Group A,FeralpiSalo,19,6,10,3,9,4,5,28,1.47,5,0.32,0.84,5,0.47,0.21,3.12,1.19
Italy - Serie C - Group A,Giana Erminio,19,6,7,6,10,9,1,25,1.32,6,0.32,0.68,1,0.53,0.47,3.12,1.47
Italy - Serie C - Group A,Lecco,19,5,10,4,9,9,0,25,1.32,6,0.26,0.79,0,0.47,0.47,3.85,1.27
Italy - Serie C - Group A,AlbinoLeffe,19,5,10,4,8,8,0,25,1.32,6,0.26,0.79,0,0.42,0.42,3.85,1.27
Italy - Serie C - Group A,Pro Vercelli,19,4,12,3,8,6,2,24,1.26,9,0.21,0.84,2,0.42,0.32,4.76,1.19
Italy - Serie C - Group A,Alcione,19,5,9,5,7,6,1,24,1.26,9,0.26,0.74,1,0.37,0.32,3.85,1.35
Italy - Serie C - Group A,Virtus Verona,19,6,6,7,13,13,0,24,1.26,9,0.32,0.63,0,0.68,0.68,3.12,1.59
Italy - Serie C - Group A,Atalanta B,19,5,8,6,13,11,2,23,1.21,12,0.26,0.68,2,0.68,0.58,3.85,1.47
Italy - Serie C - Group A,Caldiero Terme,19,5,6,8,9,12,-3,21,1.11,13,0.26,0.58,-3,0.47,0.63,3.85,1.72
Italy - Serie C - Group A,Arzignano,19,4,8,7,7,8,-1,20,1.05,14,0.21,0.63,-1,0.37,0.42,4.76,1.59
Italy - Serie C - Group A,Pergolettese,19,4,8,7,12,14,-2,20,1.05,14,0.21,0.63,-2,0.63,0.74,4.76,1.59
Italy - Serie C - Group A,Trento,19,4,8,7,9,12,-3,20,1.05,14,0.21,0.63,-3,0.47,0.63,4.76,1.59
Italy - Serie C - Group A,Triestina,19,3,10,6,9,8,1,19,1.0,17,0.16,0.68,1,0.47,0.42,6.25,1.47
Italy - Serie C - Group A,Pro Patria,19,2,13,4,7,10,-3,19,1.0,17,0.11,0.79,-3,0.37,0.53,9.09,1.27
Italy - Serie C - Group A,Clodiense,19,5,3,11,9,17,-8,18,0.95,19,0.26,0.42,-8,0.47,0.89,3.85,2.38
Italy - Serie C - Group A,Lumezzane,19,5,3,11,7,17,-10,18,0.95,19,0.26,0.42,-10,0.37,0.89,3.85,2.38
Italy - Serie C - Group B,Entella,19,8,11,0,16,5,11,35,1.84,1,0.42,1.0,11,0.84,0.26,2.38,1.0
Italy - Serie C - Group B,Pineto,19,9,6,4,14,8,6,33,1.74,2,0.47,0.79,6,0.74,0.42,2.13,1.27
Italy - Serie C - Group B,Pianese,19,9,5,5,18,10,8,32,1.68,3,0.47,0.74,8,0.95,0.53,2.13,1.35
Italy - Serie C - Group B,Ternana,19,8,7,4,15,6,9,31,1.63,4,0.42,0.79,9,0.79,0.32,2.38,1.27
Italy - Serie C - Group B,Pescara,19,6,11,2,13,4,9,29,1.53,5,0.32,0.89,9,0.68,0.21,3.12,1.12
Italy - Serie C - Group B,Vis Pesaro,19,6,11,2,11,5,6,29,1.53,5,0.32,0.89,6,0.58,0.26,3.12,1.12
Italy - Serie C - Group B,Pontedera,19,7,7,5,16,11,5,28,1.47,7,0.37,0.74,5,0.84,0.58,2.7,1.35
Italy - Serie C - Group B,Perugia,19,6,9,4,9,8,1,27,1.42,8,0.32,0.79,1,0.47,0.42,3.12,1.27
Italy - Serie C - Group B,Arezzo,19,6,8,5,9,8,1,26,1.37,9,0.32,0.74,1,0.47,0.42,3.12,1.35
Italy - Serie C - Group B,AC Milan B,19,6,8,5,10,13,-3,26,1.37,9,0.32,0.74,-3,0.53,0.68,3.12,1.35
Italy - Serie C - Group B,Torres,19,5,10,4,6,6,0,25,1.32,11,0.26,0.79,0,0.32,0.32,3.85,1.27
Italy - Serie C - Group B,Gubbio,19,4,11,4,8,9,-1,23,1.21,12,0.21,0.79,-1,0.42,0.47,4.76,1.27
Italy - Serie C - Group B,Sestri Levante,19,4,10,5,8,11,-3,22,1.16,13,0.21,0.74,-3,0.42,0.58,4.76,1.35
Italy - Serie C - Group B,Ascoli,19,4,10,5,6,9,-3,22,1.16,13,0.21,0.74,-3,0.32,0.47,4.76,1.35
Italy - Serie C - Group B,Lucchese,19,4,9,6,13,16,-3,21,1.11,15,0.21,0.68,-3,0.68,0.84,4.76,1.47
Italy - Serie C - Group B,Athletic Carpi,19,2,14,3,8,9,-1,20,1.05,16,0.11,0.84,-1,0.42,0.47,9.09,1.19
Italy - Serie C - Group B,Campobasso,19,4,8,7,9,12,-3,20,1.05,16,0.21,0.63,-3,0.47,0.63,4.76,1.59
Italy - Serie C - Group B,Rimini,19,2,12,5,8,8,0,18,0.95,18,0.11,0.74,0,0.42,0.42,9.09,1.35
Italy - Serie C - Group B,Legnago Salus,19,3,6,10,6,13,-7,15,0.79,19,0.16,0.47,-7,0.32,0.68,6.25,2.13
Italy - Serie C - Group B,SPAL,19,3,6,10,6,15,-9,15,0.79,19,0.16,0.47,-9,0.32,0.79,6.25,2.13
Japan - J1 League,Kashima Antlers,10,5,4,1,10,3,7,19,1.9,1,0.5,0.9,7,1.0,0.3,2.0,1.11
Japan - J1 League,Cerezo Osaka,10,5,4,1,8,4,4,19,1.9,1,0.5,0.9,4,0.8,0.4,2.0,1.11
Japan - J1 League,Fagiano Okayama,10,4,6,0,6,1,5,18,1.8,3,0.4,1.0,5,0.6,0.1,2.5,1.0
Japan - J1 League,Urawa RD,11,4,5,2,6,4,2,17,1.55,4,0.36,0.82,2,0.55,0.36,2.78,1.22
Japan - J1 League,Shimizu S-Pulse,9,5,1,3,9,4,5,16,1.78,5,0.56,0.67,5,1.0,0.44,1.79,1.49
Japan - J1 League,Yokohama M.,10,4,4,2,7,4,3,16,1.6,5,0.4,0.8,3,0.7,0.4,2.5,1.25
Japan - J1 League,Gamba Osaka,9,4,2,3,9,5,4,14,1.56,7,0.44,0.67,4,1.0,0.56,2.27,1.49
Japan - J1 League,Kyoto Sanga,9,3,5,1,5,3,2,14,1.56,7,0.33,0.89,2,0.56,0.33,3.03,1.12
Japan - J1 League,Machida Zelvia,9,4,2,3,7,6,1,14,1.56,7,0.44,0.67,1,0.78,0.67,2.27,1.49
Japan - J1 League,Nagoya G.,9,2,7,0,4,2,2,13,1.44,10,0.22,1.0,2,0.44,0.22,4.55,1.0
Japan - J1 League,Yokohama FC,10,1,9,0,3,2,1,12,1.2,11,0.1,1.0,1,0.3,0.2,10.0,1.0
Japan - J1 League,FC Tokyo,9,2,6,1,2,1,1,12,1.33,11,0.22,0.89,1,0.22,0.11,4.55,1.12
Japan - J1 League,S. Hiroshima,10,1,9,0,2,1,1,12,1.2,11,0.1,1.0,1,0.2,0.1,10.0,1.0
Japan - J1 League,K. Frontale,9,1,8,0,4,3,1,11,1.22,14,0.11,1.0,1,0.44,0.33,9.09,1.0
Japan - J1 League,Avispa Fukuoka,10,1,8,1,4,4,0,11,1.1,14,0.1,0.9,0,0.4,0.4,10.0,1.11
Japan - J1 League,Tokyo Verdy,9,2,5,2,3,3,0,11,1.22,14,0.22,0.78,0,0.33,0.33,4.55,1.28
Japan - J1 League,Albirex Niigata,9,1,7,1,5,5,0,10,1.11,17,0.11,0.89,0,0.56,0.56,9.09,1.12
Japan - J1 League,Shonan Bellmare,9,2,3,4,3,6,-3,9,1.0,18,0.22,0.56,-3,0.33,0.67,4.55,1.79
Japan - J1 League,Vissel Kobe,9,1,5,3,3,5,-2,8,0.89,19,0.11,0.67,-2,0.33,0.56,9.09,1.49
Japan - J1 League,Kashiwa Reysol,9,0,6,3,2,5,-3,6,0.67,20,0.0,0.67,-3,0.22,0.56,0.0,1.49
Japan - J2 League,Sagan Tosu,11,6,4,1,10,4,6,22,2.0,1,0.55,0.91,6,0.91,0.36,1.82,1.1
Japan - J2 League,Mito Hollyhock,10,5,4,1,10,4,6,19,1.9,2,0.5,0.9,6,1.0,0.4,2.0,1.11
Japan - J2 League,R. Yamaguchi,9,6,1,2,6,3,3,19,2.11,2,0.67,0.78,3,0.67,0.33,1.49,1.28
Japan - J2 League,Vegalta Sendai,9,5,2,2,8,5,3,17,1.89,4,0.56,0.78,3,0.89,0.56,1.79,1.28
Japan - J2 League,Kataller Toyama,9,5,2,2,6,3,3,17,1.89,4,0.56,0.78,3,0.67,0.33,1.79,1.28
Japan - J2 League,JEF Utd Chiba,9,3,6,0,8,4,4,15,1.67,6,0.33,1.0,4,0.89,0.44,3.03,1.0
Japan - J2 League,Omiya Ardija,10,2,8,0,6,3,3,14,1.4,7,0.2,1.0,3,0.6,0.3,5.0,1.0
Japan - J2 League,Jubilo Iwata,9,3,4,2,3,2,1,13,1.44,8,0.33,0.78,1,0.33,0.22,3.03,1.28
Japan - J2 League,R. Kumamoto,10,3,3,4,5,5,0,12,1.2,9,0.3,0.6,0,0.5,0.5,3.33,1.67
Japan - J2 League,M. Yamagata,7,2,5,0,4,2,2,11,1.57,10,0.29,1.0,2,0.57,0.29,3.45,1.0
Japan - J2 League,Oita Trinita,9,2,5,2,3,3,0,11,1.22,10,0.22,0.78,0,0.33,0.33,4.55,1.28
Japan - J2 League,Fujieda MYFC,9,2,4,3,8,7,1,10,1.11,12,0.22,0.67,1,0.89,0.78,4.55,1.49
Japan - J2 League,V-V. Nagasaki,9,2,4,3,3,4,-1,10,1.11,12,0.22,0.67,-1,0.33,0.44,4.55,1.49
Japan - J2 League,Iwaki,10,2,4,4,3,5,-2,10,1.0,12,0.2,0.6,-2,0.3,0.5,5.0,1.67
Japan - J2 League,Tokushima V.,8,1,6,1,3,2,1,9,1.12,15,0.12,0.88,1,0.38,0.25,8.33,1.14
Japan - J2 League,Ventforet Kofu,8,1,6,1,4,4,0,9,1.12,15,0.12,0.88,0,0.5,0.5,8.33,1.14
Japan - J2 League,Ehime FC,9,2,3,4,3,8,-5,9,1.0,15,0.22,0.56,-5,0.33,0.89,4.55,1.79
Japan - J2 League,FC Imabari,10,0,5,5,1,8,-7,5,0.5,18,0.0,0.5,-7,0.1,0.8,0.0,2.0
Japan - J2 League,Blaublitz Akita,8,0,4,4,1,8,-7,4,0.5,19,0.0,0.5,-7,0.12,1.0,0.0,2.0
Japan - J2 League,C. Sapporo,7,0,2,5,2,9,-7,2,0.29,20,0.0,0.29,-7,0.29,1.29,0.0,3.45
Japan - J3 League,Gainare Tottori,7,4,3,0,4,0,4,15,2.14,1,0.57,1.0,4,0.57,0.0,1.75,1.0
Japan - J3 League,Osaka,8,4,3,1,5,2,3,15,1.88,1,0.5,0.88,3,0.62,0.25,2.0,1.14
Japan - J3 League,V. Hachinohe,8,4,2,2,5,3,2,14,1.75,3,0.5,0.75,2,0.62,0.38,2.0,1.33
Japan - J3 League,Tochigi City,7,3,4,0,7,1,6,13,1.86,4,0.43,1.0,6,1.0,0.14,2.33,1.0
Japan - J3 League,Tochigi SC,9,2,7,0,3,1,2,13,1.44,4,0.22,1.0,2,0.33,0.11,4.55,1.0
Japan - J3 League,Kusatsu,8,2,5,1,5,2,3,11,1.38,6,0.25,0.88,3,0.62,0.25,4.0,1.14
Japan - J3 League,SC Sagamihara,7,2,5,0,4,2,2,11,1.57,6,0.29,1.0,2,0.57,0.29,3.45,1.0
Japan - J3 League,Gifu,8,3,2,3,6,5,1,11,1.38,6,0.38,0.62,1,0.75,0.62,2.63,1.61
Japan - J3 League,FC Ryukyu,7,3,2,2,4,3,1,11,1.57,6,0.43,0.71,1,0.57,0.43,2.33,1.41
Japan - J3 League,AC Numazu,8,2,5,1,3,2,1,11,1.38,6,0.25,0.88,1,0.38,0.25,4.0,1.14
Japan - J3 League,Kagoshima Utd,8,2,5,1,5,5,0,11,1.38,6,0.25,0.88,0,0.62,0.62,4.0,1.14
Japan - J3 League,Kamatamare S.,8,2,4,2,4,5,-1,10,1.25,12,0.25,0.75,-1,0.5,0.62,4.0,1.33
Japan - J3 League,G. Kitakyushu,8,1,6,1,2,1,1,9,1.12,13,0.12,0.88,1,0.25,0.12,8.33,1.14
Japan - J3 League,Nagano Parceiro,7,1,5,1,3,3,0,8,1.14,14,0.14,0.86,0,0.43,0.43,7.14,1.16
Japan - J3 League,Nara Club,8,1,5,2,5,6,-1,8,1.0,14,0.12,0.75,-1,0.62,0.75,8.33,1.33
Japan - J3 League,Fukushima Utd,7,2,2,3,6,8,-2,8,1.14,14,0.29,0.57,-2,0.86,1.14,3.45,1.75
Japan - J3 League,Z. Kanazawa,5,2,1,2,4,3,1,7,1.4,17,0.4,0.6,1,0.8,0.6,2.5,1.67
Japan - J3 League,Matsumoto Y.,7,1,4,2,3,8,-5,7,1.0,17,0.14,0.71,-5,0.43,1.14,7.14,1.41
Japan - J3 League,T. Miyazaki,8,0,6,2,3,6,-3,6,0.75,19,0.0,0.75,-3,0.38,0.75,0.0,1.33
Japan - J3 League,Kochi United,7,0,5,2,2,5,-3,5,0.71,20,0.0,0.71,-3,0.29,0.71,0.0,1.41
Kazakhstan - Premier League,Tobol,5,4,1,0,7,1,6,13,2.6,1,0.8,1.0,6,1.4,0.2,1.25,1.0
Kazakhstan - Premier League,Okzhetpes,5,3,2,0,4,1,3,11,2.2,2,0.6,1.0,3,0.8,0.2,1.67,1.0
Kazakhstan - Premier League,Ordabasy,6,3,2,1,4,1,3,11,1.83,2,0.5,0.83,3,0.67,0.17,2.0,1.2
Kazakhstan - Premier League,Kyzylzhar,6,3,2,1,5,4,1,11,1.83,2,0.5,0.83,1,0.83,0.67,2.0,1.2
Kazakhstan - Premier League,FC Astana,6,3,1,2,7,6,1,10,1.67,5,0.5,0.67,1,1.17,1.0,2.0,1.49
Kazakhstan - Premier League,Kairat Almaty,4,3,0,1,6,1,5,9,2.25,6,0.75,0.75,5,1.5,0.25,1.33,1.33
Kazakhstan - Premier League,Aktobe,5,2,3,0,3,0,3,9,1.8,6,0.4,1.0,3,0.6,0.0,2.5,1.0
Kazakhstan - Premier League,Kaisar K.,7,1,5,1,2,1,1,8,1.14,8,0.14,0.86,1,0.29,0.14,7.14,1.16
Kazakhstan - Premier League,Turan,6,2,1,3,2,3,-1,7,1.17,9,0.33,0.5,-1,0.33,0.5,3.03,2.0
Kazakhstan - Premier League,Zhenys,6,1,3,2,2,3,-1,6,1.0,10,0.17,0.67,-1,0.33,0.5,5.88,1.49
Kazakhstan - Premier League,Yelimay Semey,5,1,2,2,1,2,-1,5,1.0,11,0.2,0.6,-1,0.2,0.4,5.0,1.67
Kazakhstan - Premier League,Atyrau,8,0,4,4,1,6,-5,4,0.5,12,0.0,0.5,-5,0.12,0.75,0.0,2.0
Kazakhstan - Premier League,Zhetysu,5,0,3,2,1,4,-3,3,0.6,13,0.0,0.6,-3,0.2,0.8,0.0,1.67
Kazakhstan - Premier League,Ulytau,5,0,1,4,0,4,-4,1,0.2,14,0.0,0.2,-4,0.0,0.8,0.0,5.0
Lithuania - A Lyga,Kauno Zalgiris,8,6,2,0,7,0,7,20,2.5,1,0.75,1.0,7,0.88,0.0,1.33,1.0
Lithuania - A Lyga,Suduva,7,5,2,0,10,0,10,17,2.43,2,0.71,1.0,10,1.43,0.0,1.41,1.0
Lithuania - A Lyga,Siauliai,7,5,2,0,7,1,6,17,2.43,2,0.71,1.0,6,1.0,0.14,1.41,1.0
Lithuania - A Lyga,Hegelmann L.,7,4,2,1,6,3,3,14,2.0,4,0.57,0.86,3,0.86,0.43,1.75,1.16
Lithuania - A Lyga,Banga,8,4,1,3,4,4,0,13,1.62,5,0.5,0.62,0,0.5,0.5,2.0,1.61
Lithuania - A Lyga,Zalgiris,7,3,3,1,5,3,2,12,1.71,6,0.43,0.86,2,0.71,0.43,2.33,1.16
Lithuania - A Lyga,Dziugas Telsiai,6,1,3,2,3,3,0,6,1.0,7,0.17,0.67,0,0.5,0.5,5.88,1.49
Lithuania - A Lyga,Panevezys,7,1,3,3,3,4,-1,6,0.86,7,0.14,0.57,-1,0.43,0.57,7.14,1.75
Lithuania - A Lyga,Riteriai,6,0,5,1,5,7,-2,5,0.83,9,0.0,0.83,-2,0.83,1.17,0.0,1.2
Lithuania - A Lyga,Dainava,7,1,2,4,3,6,-3,5,0.71,9,0.14,0.43,-3,0.43,0.86,7.14,2.33
Mexico - Liga MX - Apertura,Toluca,9,6,2,1,12,3,9,20,2.22,1,0.67,0.89,9,1.33,0.33,1.49,1.12
Mexico - Liga MX - Apertura,Cruz Azul,9,5,3,1,9,2,7,18,2.0,2,0.56,0.89,7,1.0,0.22,1.79,1.12
Mexico - Liga MX - Apertura,A. San Luis,8,5,2,1,9,4,5,17,2.12,3,0.62,0.88,5,1.12,0.5,1.61,1.14
Mexico - Liga MX - Apertura,Monterrey,9,5,2,2,9,5,4,17,1.89,3,0.56,0.78,4,1.0,0.56,1.79,1.28
Mexico - Liga MX - Apertura,Tigres,8,3,5,0,5,2,3,14,1.75,5,0.38,1.0,3,0.62,0.25,2.63,1.0
Mexico - Liga MX - Apertura,Pumas UNAM,8,4,2,2,6,5,1,14,1.75,5,0.5,0.75,1,0.75,0.62,2.0,1.33
Mexico - Liga MX - Apertura,Guadalajara,9,3,4,2,6,2,4,13,1.44,7,0.33,0.78,4,0.67,0.22,3.03,1.28
Mexico - Liga MX - Apertura,CF America,8,3,4,1,5,3,2,13,1.62,7,0.38,0.88,2,0.62,0.38,2.63,1.14
Mexico - Liga MX - Apertura,Atlas,8,3,3,2,5,3,2,12,1.5,9,0.38,0.75,2,0.62,0.38,2.63,1.33
Mexico - Liga MX - Apertura,Club Leon,9,2,6,1,4,3,1,12,1.33,9,0.22,0.89,1,0.44,0.33,4.55,1.12
Mexico - Liga MX - Apertura,Tijuana,9,3,3,3,7,7,0,12,1.33,9,0.33,0.67,0,0.78,0.78,3.03,1.49
Mexico - Liga MX - Apertura,Necaxa,9,3,3,3,5,5,0,12,1.33,9,0.33,0.67,0,0.56,0.56,3.03,1.49
Mexico - Liga MX - Apertura,Mazatlan,8,2,5,1,6,6,0,11,1.38,13,0.25,0.88,0,0.75,0.75,4.0,1.14
Mexico - Liga MX - Apertura,Pachuca,8,3,1,4,5,6,-1,10,1.25,14,0.38,0.5,-1,0.62,0.75,2.63,2.0
Mexico - Liga MX - Apertura,Juarez,8,2,4,2,3,5,-2,10,1.25,14,0.25,0.75,-2,0.38,0.62,4.0,1.33
Mexico - Liga MX - Apertura,Santos Laguna,9,1,5,3,2,4,-2,8,0.89,16,0.11,0.67,-2,0.22,0.44,9.09,1.49
Mexico - Liga MX - Apertura,Puebla,9,1,4,4,4,8,-4,7,0.78,17,0.11,0.56,-4,0.44,0.89,9.09,1.79
Mexico - Liga MX - Apertura,Queretaro,8,1,2,5,2,7,-5,5,0.62,18,0.12,0.38,-5,0.25,0.88,8.33,2.63
Mexico - Liga MX - Clausura,Juarez,9,6,2,1,7,3,4,20,2.22,1,0.67,0.89,4,0.78,0.33,1.49,1.12
Mexico - Liga MX - Clausura,Toluca,8,5,2,1,14,4,10,17,2.12,2,0.62,0.88,10,1.75,0.5,1.61,1.14
Mexico - Liga MX - Clausura,CF America,9,5,2,2,10,4,6,17,1.89,2,0.56,0.78,6,1.11,0.44,1.79,1.28
Mexico - Liga MX - Clausura,Monterrey,8,4,4,0,9,3,6,16,2.0,4,0.5,1.0,6,1.12,0.38,2.0,1.0
Mexico - Liga MX - Clausura,Pachuca,9,4,4,1,8,2,6,16,1.78,4,0.44,0.89,6,0.89,0.22,2.27,1.12
Mexico - Liga MX - Clausura,Cruz Azul,8,4,4,0,8,3,5,16,2.0,4,0.5,1.0,5,1.0,0.38,2.0,1.0
Mexico - Liga MX - Clausura,Guadalajara,8,4,3,1,7,4,3,15,1.88,7,0.5,0.88,3,0.88,0.5,2.0,1.14
Mexico - Liga MX - Clausura,Tigres,9,3,5,1,4,2,2,14,1.56,8,0.33,0.89,2,0.44,0.22,3.03,1.12
Mexico - Liga MX - Clausura,Pumas UNAM,9,2,6,1,3,1,2,12,1.33,9,0.22,0.89,2,0.33,0.11,4.55,1.12
Mexico - Liga MX - Clausura,Queretaro,9,3,3,3,5,7,-2,12,1.33,9,0.33,0.67,-2,0.56,0.78,3.03,1.49
Mexico - Liga MX - Clausura,Necaxa,8,2,5,1,8,6,2,11,1.38,11,0.25,0.88,2,1.0,0.75,4.0,1.14
Mexico - Liga MX - Clausura,Club Leon,8,2,5,1,6,4,2,11,1.38,11,0.25,0.88,2,0.75,0.5,4.0,1.14
Mexico - Liga MX - Clausura,Tijuana,8,2,5,1,8,7,1,11,1.38,11,0.25,0.88,1,1.0,0.88,4.0,1.14
Mexico - Liga MX - Clausura,Santos Laguna,8,3,1,4,4,7,-3,10,1.25,14,0.38,0.5,-3,0.5,0.88,2.63,2.0
Mexico - Liga MX - Clausura,Atlas,9,1,6,2,6,8,-2,9,1.0,15,0.11,0.78,-2,0.67,0.89,9.09,1.28
Mexico - Liga MX - Clausura,A. San Luis,9,1,5,3,5,8,-3,8,0.89,16,0.11,0.67,-3,0.56,0.89,9.09,1.49
Mexico - Liga MX - Clausura,Mazatlan,9,1,5,3,5,8,-3,8,0.89,16,0.11,0.67,-3,0.56,0.89,9.09,1.49
Mexico - Liga MX - Clausura,Puebla,8,2,2,4,3,6,-3,8,1.0,16,0.25,0.5,-3,0.38,0.75,4.0,2.0
Netherlands - Eredivisie,PSV Eindhoven,17,13,2,2,32,6,26,41,2.41,1,0.76,0.88,26,1.88,0.35,1.32,1.14
Netherlands - Eredivisie,Ajax Amsterdam,17,12,5,0,19,3,16,41,2.41,1,0.71,1.0,16,1.12,0.18,1.41,1.0
Netherlands - Eredivisie,Feyenoord,17,10,4,3,20,8,12,34,2.0,3,0.59,0.82,12,1.18,0.47,1.69,1.22
Netherlands - Eredivisie,FC Twente,17,9,5,3,18,11,7,32,1.88,4,0.53,0.82,7,1.06,0.65,1.89,1.22
Netherlands - Eredivisie,Heerenveen,17,7,7,3,15,9,6,28,1.65,5,0.41,0.82,6,0.88,0.53,2.44,1.22
Netherlands - Eredivisie,Heracles Almelo,17,6,9,2,13,11,2,27,1.59,6,0.35,0.88,2,0.76,0.65,2.86,1.14
Netherlands - Eredivisie,FC Groningen,17,6,7,4,13,7,6,25,1.47,7,0.35,0.76,6,0.76,0.41,2.86,1.32
Netherlands - Eredivisie,FC Utrecht,17,5,10,2,14,10,4,25,1.47,7,0.29,0.88,4,0.82,0.59,3.45,1.14
Netherlands - Eredivisie,NAC Breda,17,6,7,4,10,9,1,25,1.47,7,0.35,0.76,1,0.59,0.53,2.86,1.32
Netherlands - Eredivisie,AZ Alkmaar,17,6,7,4,9,8,1,25,1.47,7,0.35,0.76,1,0.53,0.47,2.86,1.32
Netherlands - Eredivisie,PEC Zwolle,17,5,7,5,7,6,1,22,1.29,11,0.29,0.71,1,0.41,0.35,3.45,1.41
Netherlands - Eredivisie,Go Ahead Eagles,17,5,6,6,13,14,-1,21,1.24,12,0.29,0.65,-1,0.76,0.82,3.45,1.54
Netherlands - Eredivisie,NEC Nijmegen,17,4,8,5,12,11,1,20,1.18,13,0.24,0.71,1,0.71,0.65,4.17,1.41
Netherlands - Eredivisie,Willem II,17,5,5,7,8,11,-3,20,1.18,13,0.29,0.59,-3,0.47,0.65,3.45,1.69
Netherlands - Eredivisie,Fortuna Sittard,17,4,8,5,7,10,-3,20,1.18,13,0.24,0.71,-3,0.41,0.59,4.17,1.41
Netherlands - Eredivisie,Sparta,17,4,7,6,7,11,-4,19,1.12,16,0.24,0.65,-4,0.41,0.65,4.17,1.54
Netherlands - Eredivisie,RKC Waalwijk,17,3,8,6,10,15,-5,17,1.0,17,0.18,0.65,-5,0.59,0.88,5.56,1.54
Netherlands - Eredivisie,Almere City,17,3,6,8,5,14,-9,15,0.88,18,0.18,0.53,-9,0.29,0.82,5.56,1.89
Netherlands - Eerste Divisie,FC Dordrecht,19,13,4,2,22,4,18,43,2.26,1,0.68,0.89,18,1.16,0.21,1.47,1.12
Netherlands - Eerste Divisie,De Graafschap,19,12,4,3,25,10,15,40,2.11,2,0.63,0.84,15,1.32,0.53,1.59,1.19
Netherlands - Eerste Divisie,ADO Den Haag,19,10,6,3,17,11,6,36,1.89,3,0.53,0.84,6,0.89,0.58,1.89,1.19
Netherlands - Eerste Divisie,Telstar,19,10,5,4,21,7,14,35,1.84,4,0.53,0.79,14,1.11,0.37,1.89,1.27
Netherlands - Eerste Divisie,FC Volendam,19,8,8,3,21,10,11,32,1.68,5,0.42,0.84,11,1.11,0.53,2.38,1.19
Netherlands - Eerste Divisie,Excelsior,19,9,5,5,19,9,10,32,1.68,5,0.47,0.74,10,1.0,0.47,2.13,1.35
Netherlands - Eerste Divisie,Helmond Sport,19,7,9,3,17,10,7,30,1.58,7,0.37,0.84,7,0.89,0.53,2.7,1.19
Netherlands - Eerste Divisie,Cambuur,19,8,6,5,13,10,3,30,1.58,7,0.42,0.74,3,0.68,0.53,2.38,1.35
Netherlands - Eerste Divisie,FC Den Bosch,19,7,8,4,14,9,5,29,1.53,9,0.37,0.79,5,0.74,0.47,2.7,1.27
Netherlands - Eerste Divisie,Roda JC,19,7,7,5,11,9,2,28,1.47,10,0.37,0.74,2,0.58,0.47,2.7,1.35
Netherlands - Eerste Divisie,MVV Maastricht,19,6,9,4,16,11,5,27,1.42,11,0.32,0.79,5,0.84,0.58,3.12,1.27
Netherlands - Eerste Divisie,Jong Ajax,19,6,8,5,9,7,2,26,1.37,12,0.32,0.74,2,0.47,0.37,3.12,1.35
Netherlands - Eerste Divisie,Vitesse Arnhem,19,7,4,8,10,15,-5,25,1.32,13,0.37,0.58,-5,0.53,0.79,2.7,1.72
Netherlands - Eerste Divisie,VVV,19,4,10,5,7,10,-3,22,1.16,14,0.21,0.74,-3,0.37,0.53,4.76,1.35
Netherlands - Eerste Divisie,FC Emmen,19,6,4,9,10,15,-5,22,1.16,14,0.32,0.53,-5,0.53,0.79,3.12,1.89
Netherlands - Eerste Divisie,Jong Utrecht,19,6,4,9,9,15,-6,22,1.16,14,0.32,0.53,-6,0.47,0.79,3.12,1.89
Netherlands - Eerste Divisie,Jong PSV,19,6,4,9,13,24,-11,22,1.16,14,0.32,0.53,-11,0.68,1.26,3.12,1.89
Netherlands - Eerste Divisie,Jong AZ,19,4,8,7,12,16,-4,20,1.05,18,0.21,0.63,-4,0.63,0.84,4.76,1.59
Netherlands - Eerste Divisie,FC Eindhoven,19,4,8,7,12,18,-6,20,1.05,18,0.21,0.63,-6,0.63,0.95,4.76,1.59
Netherlands - Eerste Divisie,TOP Oss,19,5,2,12,7,18,-11,17,0.89,20,0.26,0.37,-11,0.37,0.95,3.85,2.7
Northern Ireland - NIFL Premiership,Linfield,20,11,8,1,18,3,15,41,2.05,1,0.55,0.95,15,0.9,0.15,1.82,1.05
Northern Ireland - NIFL Premiership,Dungannon,20,11,5,4,17,10,7,38,1.9,2,0.55,0.8,7,0.85,0.5,1.82,1.25
Northern Ireland - NIFL Premiership,Cliftonville,18,7,11,0,10,3,7,32,1.78,3,0.39,1.0,7,0.56,0.17,2.56,1.0
Northern Ireland - NIFL Premiership,Carrick Rangers,20,7,10,3,14,7,7,31,1.55,4,0.35,0.85,7,0.7,0.35,2.86,1.18
Northern Ireland - NIFL Premiership,Glentoran,17,6,8,3,6,4,2,26,1.53,5,0.35,0.82,2,0.35,0.24,2.86,1.22
Northern Ireland - NIFL Premiership,Portadown,20,7,5,8,12,13,-1,26,1.3,5,0.35,0.6,-1,0.6,0.65,2.86,1.67
Northern Ireland - NIFL Premiership,Ballymena Utd,18,4,13,1,12,6,6,25,1.39,7,0.22,0.94,6,0.67,0.33,4.55,1.06
Northern Ireland - NIFL Premiership,Coleraine,19,6,6,7,10,15,-5,24,1.26,8,0.32,0.63,-5,0.53,0.79,3.12,1.59
Northern Ireland - NIFL Premiership,Larne,18,4,8,6,5,7,-2,20,1.11,9,0.22,0.67,-2,0.28,0.39,4.55,1.49
Northern Ireland - NIFL Premiership,Crusaders,20,4,8,8,10,16,-6,20,1.0,9,0.2,0.6,-6,0.5,0.8,5.0,1.67
Northern Ireland - NIFL Premiership,Loughgall,19,5,4,10,13,22,-9,19,1.0,11,0.26,0.47,-9,0.68,1.16,3.85,2.13
Northern Ireland - NIFL Premiership,Glenavon,19,2,10,7,4,11,-7,16,0.84,12,0.11,0.63,-7,0.21,0.58,9.09,1.59
Norway - Eliteserien,Fredrikstad,6,4,1,1,7,2,5,13,2.17,1,0.67,0.83,5,1.17,0.33,1.49,1.2
Norway - Eliteserien,Rosenborg,6,3,3,0,3,0,3,12,2.0,2,0.5,1.0,3,0.5,0.0,2.0,1.0
Norway - Eliteserien,Bodo/Glimt,4,3,1,0,6,1,5,10,2.5,3,0.75,1.0,5,1.5,0.25,1.33,1.0
Norway - Eliteserien,Sandefjord,4,3,1,0,6,1,5,10,2.5,3,0.75,1.0,5,1.5,0.25,1.33,1.0
Norway - Eliteserien,Tromso,5,2,2,1,2,1,1,8,1.6,5,0.4,0.8,1,0.4,0.2,2.5,1.25
Norway - Eliteserien,Brann,7,2,2,3,6,7,-1,8,1.14,5,0.29,0.57,-1,0.86,1.0,3.45,1.75
Norway - Eliteserien,Bryne,5,2,1,2,6,6,0,7,1.4,7,0.4,0.6,0,1.2,1.2,2.5,1.67
Norway - Eliteserien,Viking,6,1,3,2,3,4,-1,6,1.0,8,0.17,0.67,-1,0.5,0.67,5.88,1.49
Norway - Eliteserien,Stromsgodset,5,2,0,3,2,3,-1,6,1.2,8,0.4,0.4,-1,0.4,0.6,2.5,2.5
Norway - Eliteserien,Kristiansund,4,0,4,0,1,1,0,4,1.0,10,0.0,1.0,0,0.25,0.25,0.0,1.0
Norway - Eliteserien,Sarpsborg 08,4,1,1,2,1,2,-1,4,1.0,10,0.25,0.5,-1,0.25,0.5,4.0,2.0
Norway - Eliteserien,Valerenga,4,1,1,2,2,4,-2,4,1.0,10,0.25,0.5,-2,0.5,1.0,4.0,2.0
Norway - Eliteserien,KFUM Oslo,4,0,3,1,2,4,-2,3,0.75,13,0.0,0.75,-2,0.5,1.0,0.0,1.33
Norway - Eliteserien,HamKam,4,0,3,1,2,6,-4,3,0.75,13,0.0,0.75,-4,0.5,1.5,0.0,1.33
Norway - Eliteserien,Molde,5,1,0,4,1,5,-4,3,0.6,13,0.2,0.2,-4,0.2,1.0,5.0,5.0
Norway - Eliteserien,Haugesund,5,0,2,3,0,5,-5,2,0.4,16,0.0,0.4,-5,0.0,1.0,0.0,2.5
Norway - 1st Division,Moss,5,4,1,0,6,0,6,13,2.6,1,0.8,1.0,6,1.2,0.0,1.25,1.0
Norway - 1st Division,Raufoss,5,3,1,1,6,1,5,10,2.0,2,0.6,0.8,5,1.2,0.2,1.67,1.25
Norway - 1st Division,Lillestrom,4,3,1,0,5,0,5,10,2.5,2,0.75,1.0,5,1.25,0.0,1.33,1.0
Norway - 1st Division,Odd,5,2,2,1,3,2,1,8,1.6,4,0.4,0.8,1,0.6,0.4,2.5,1.25
Norway - 1st Division,Sogndal,5,2,2,1,3,2,1,8,1.6,4,0.4,0.8,1,0.6,0.4,2.5,1.25
Norway - 1st Division,Kongsvinger,4,2,1,1,3,2,1,7,1.75,6,0.5,0.75,1,0.75,0.5,2.0,1.33
Norway - 1st Division,Skeid,4,2,1,1,2,2,0,7,1.75,6,0.5,0.75,0,0.5,0.5,2.0,1.33
Norway - 1st Division,Hodd,4,2,0,2,3,2,1,6,1.5,8,0.5,0.5,1,0.75,0.5,2.0,2.0
Norway - 1st Division,Aalesund,5,1,3,1,3,3,0,6,1.2,8,0.2,0.8,0,0.6,0.6,5.0,1.25
Norway - 1st Division,Stabaek,5,1,3,1,2,3,-1,6,1.2,8,0.2,0.8,-1,0.4,0.6,5.0,1.25
Norway - 1st Division,Ranheim,5,1,2,2,2,4,-2,5,1.0,11,0.2,0.6,-2,0.4,0.8,5.0,1.67
Norway - 1st Division,Lyn,5,1,2,2,1,4,-3,5,1.0,11,0.2,0.6,-3,0.2,0.8,5.0,1.67
Norway - 1st Division,Asane,4,1,1,2,1,3,-2,4,1.0,13,0.25,0.5,-2,0.25,0.75,4.0,2.0
Norway - 1st Division,Start,4,0,2,2,2,5,-3,2,0.5,14,0.0,0.5,-3,0.5,1.25,0.0,2.0
Norway - 1st Division,Mjondalen,4,0,1,3,0,7,-7,1,0.25,15,0.0,0.25,-7,0.0,1.75,0.0,4.0
Norway - 1st Division,Egersund,3,0,0,3,2,6,-4,0,0.0,16,0.0,0.0,-4,0.67,2.0,0.0,0.0
Paraguay - Primera Div. - Apertura,Cerro Porteno,11,5,5,1,6,2,4,20,1.82,1,0.45,0.91,4,0.55,0.18,2.22,1.1
Paraguay - Primera Div. - Apertura,Nacional,11,5,3,3,10,7,3,18,1.64,2,0.45,0.73,3,0.91,0.64,2.22,1.37
Paraguay - Primera Div. - Apertura,G. Caballero,11,4,5,2,8,7,1,17,1.55,3,0.36,0.82,1,0.73,0.64,2.78,1.22
Paraguay - Primera Div. - Apertura,Libertad,11,3,7,1,4,3,1,16,1.45,4,0.27,0.91,1,0.36,0.27,3.7,1.1
Paraguay - Primera Div. - Apertura,Olimpia,11,4,3,4,11,9,2,15,1.36,5,0.36,0.64,2,1.0,0.82,2.78,1.56
Paraguay - Primera Div. - Apertura,S. Trinidense,11,2,8,1,6,5,1,14,1.27,6,0.18,0.91,1,0.55,0.45,5.56,1.1
Paraguay - Primera Div. - Apertura,S. Ameliano,11,2,8,1,5,4,1,14,1.27,6,0.18,0.91,1,0.45,0.36,5.56,1.1
Paraguay - Primera Div. - Apertura,2 de Mayo,11,2,7,2,5,7,-2,13,1.18,8,0.18,0.82,-2,0.45,0.64,5.56,1.22
Paraguay - Primera Div. - Apertura,Guarani,11,3,4,4,7,10,-3,13,1.18,8,0.27,0.64,-3,0.64,0.91,3.7,1.56
Paraguay - Primera Div. - Apertura,D. Recoleta,11,2,6,3,2,3,-1,12,1.09,10,0.18,0.73,-1,0.18,0.27,5.56,1.37
Paraguay - Primera Div. - Apertura,S. Luqueno,11,0,9,2,1,3,-2,9,0.82,11,0.0,0.82,-2,0.09,0.27,0.0,1.22
Paraguay - Primera Div. - Apertura,A. Tembetary,11,1,6,4,4,8,-4,9,0.82,11,0.09,0.64,-4,0.36,0.73,11.11,1.56
Paraguay - Division Intermedia,Resistencia,6,4,2,0,6,0,6,14,2.33,1,0.67,1.0,6,1.0,0.0,1.49,1.0
Paraguay - Division Intermedia,Rubio Nu,5,4,1,0,6,0,6,13,2.6,2,0.8,1.0,6,1.2,0.0,1.25,1.0
Paraguay - Division Intermedia,San Lorenzo,6,4,1,1,6,1,5,13,2.17,2,0.67,0.83,5,1.0,0.17,1.49,1.2
Paraguay - Division Intermedia,Guairena,6,4,1,1,5,3,2,13,2.17,2,0.67,0.83,2,0.83,0.5,1.49,1.2
Paraguay - Division Intermedia,Guarani de Fram,5,4,0,1,6,1,5,12,2.4,5,0.8,0.8,5,1.2,0.2,1.25,1.25
Paraguay - Division Intermedia,D. Capiata,5,3,2,0,4,0,4,11,2.2,6,0.6,1.0,4,0.8,0.0,1.67,1.0
Paraguay - Division Intermedia,Independiente,6,2,4,0,2,0,2,10,1.67,7,0.33,1.0,2,0.33,0.0,3.03,1.0
Paraguay - Division Intermedia,S. Carapegua,6,2,3,1,4,2,2,9,1.5,8,0.33,0.83,2,0.67,0.33,3.03,1.2
Paraguay - Division Intermedia,D. Santani,6,2,3,1,2,1,1,9,1.5,8,0.33,0.83,1,0.33,0.17,3.03,1.2
Paraguay - Division Intermedia,C. River Plate,5,2,2,1,4,1,3,8,1.6,10,0.4,0.8,3,0.8,0.2,2.5,1.25
Paraguay - Division Intermedia,Pastoreo,5,2,2,1,2,1,1,8,1.6,10,0.4,0.8,1,0.4,0.2,2.5,1.25
Paraguay - Division Intermedia,Sol de America,6,1,4,1,2,2,0,7,1.17,12,0.17,0.83,0,0.33,0.33,5.88,1.2
Paraguay - Division Intermedia,12 de Junio VH,5,1,3,1,3,3,0,6,1.2,13,0.2,0.8,0,0.6,0.6,5.0,1.25
Paraguay - Division Intermedia,Tacuary,6,1,3,2,1,4,-3,6,1.0,13,0.17,0.67,-3,0.17,0.67,5.88,1.49
Paraguay - Division Intermedia,Encarnacion,5,0,4,1,0,1,-1,4,0.8,15,0.0,0.8,-1,0.0,0.2,0.0,1.25
Paraguay - Division Intermedia,F. de la Mora,5,0,2,3,2,5,-3,2,0.4,16,0.0,0.4,-3,0.4,1.0,0.0,2.5
Peru - Liga 1 - Apertura,Alianza Lima,7,5,2,0,7,0,7,17,2.43,1,0.71,1.0,7,1.0,0.0,1.41,1.0
Peru - Liga 1 - Apertura,FBC Melgar,7,5,1,1,7,2,5,16,2.29,2,0.71,0.86,5,1.0,0.29,1.41,1.16
Peru - Liga 1 - Apertura,Cusco,6,4,1,1,7,3,4,13,2.17,3,0.67,0.83,4,1.17,0.5,1.49,1.2
Peru - Liga 1 - Apertura,Atletico Grau,6,4,1,1,6,2,4,13,2.17,3,0.67,0.83,4,1.0,0.33,1.49,1.2
Peru - Liga 1 - Apertura,S. Cristal,6,3,3,0,7,3,4,12,2.0,5,0.5,1.0,4,1.17,0.5,2.0,1.0
Peru - Liga 1 - Apertura,Juan Pablo II C,5,3,2,0,4,0,4,11,2.2,6,0.6,1.0,4,0.8,0.0,1.67,1.0
Peru - Liga 1 - Apertura,Universitario,7,3,2,2,5,3,2,11,1.57,6,0.43,0.71,2,0.71,0.43,2.33,1.41
Peru - Liga 1 - Apertura,Cienciano,7,2,4,1,9,4,5,10,1.43,8,0.29,0.86,5,1.29,0.57,3.45,1.16
Peru - Liga 1 - Apertura,Cajamarca,6,2,4,0,5,2,3,10,1.67,8,0.33,1.0,3,0.83,0.33,3.03,1.0
Peru - Liga 1 - Apertura,Alianza A.,6,3,1,2,6,4,2,10,1.67,8,0.5,0.67,2,1.0,0.67,2.0,1.49
Peru - Liga 1 - Apertura,Sport Huancayo,7,2,4,1,4,3,1,10,1.43,8,0.29,0.86,1,0.57,0.43,3.45,1.16
Peru - Liga 1 - Apertura,D. Garcilaso,7,2,4,1,3,2,1,10,1.43,8,0.29,0.86,1,0.43,0.29,3.45,1.16
Peru - Liga 1 - Apertura,ADT,7,3,1,3,5,5,0,10,1.43,8,0.43,0.57,0,0.71,0.71,2.33,1.75
Peru - Liga 1 - Apertura,Sport Boys,7,2,3,2,6,5,1,9,1.29,14,0.29,0.71,1,0.86,0.71,3.45,1.41
Peru - Liga 1 - Apertura,Los Chankas,7,1,5,1,4,4,0,8,1.14,15,0.14,0.86,0,0.57,0.57,7.14,1.16
Peru - Liga 1 - Apertura,A. Huanuco,7,1,4,2,5,6,-1,7,1.0,16,0.14,0.71,-1,0.71,0.86,7.14,1.41
Peru - Liga 1 - Apertura,Ayacucho,6,2,1,3,6,9,-3,7,1.17,16,0.33,0.5,-3,1.0,1.5,3.03,2.0
Peru - Liga 1 - Apertura,Binacional,6,1,3,2,2,5,-3,6,1.0,18,0.17,0.67,-3,0.33,0.83,5.88,1.49
Peru - Liga 1 - Apertura,Comerciantes U.,6,0,3,3,0,4,-4,3,0.5,19,0.0,0.5,-4,0.0,0.67,0.0,2.0
Poland - Ekstraklasa,Lech Poznan,17,12,4,1,25,7,18,40,2.35,1,0.71,0.94,18,1.47,0.41,1.41,1.06
Poland - Ekstraklasa,Pogon Szczecin,17,9,6,2,15,8,7,33,1.94,2,0.53,0.88,7,0.88,0.47,1.89,1.14
Poland - Ekstraklasa,Jagiellonia,17,8,7,2,19,9,10,31,1.82,3,0.47,0.88,10,1.12,0.53,2.13,1.14
Poland - Ekstraklasa,Rakow C.,17,7,9,1,14,4,10,30,1.76,4,0.41,0.94,10,0.82,0.24,2.44,1.06
Poland - Ekstraklasa,Gornik Zabrze,17,6,9,2,10,7,3,27,1.59,5,0.35,0.88,3,0.59,0.41,2.86,1.14
Poland - Ekstraklasa,Legia Warsaw,17,5,10,2,17,11,6,25,1.47,6,0.29,0.88,6,1.0,0.65,3.45,1.14
Poland - Ekstraklasa,Slask Wroclaw,17,6,7,4,10,8,2,25,1.47,6,0.35,0.76,2,0.59,0.47,2.86,1.32
Poland - Ekstraklasa,Puszcza Niepolo,17,7,4,6,14,13,1,25,1.47,6,0.41,0.65,1,0.82,0.76,2.44,1.54
Poland - Ekstraklasa,Lechia Gdansk,17,6,7,4,9,8,1,25,1.47,6,0.35,0.76,1,0.53,0.47,2.86,1.32
Poland - Ekstraklasa,Korona Kielce,17,4,11,2,9,6,3,23,1.35,10,0.24,0.88,3,0.53,0.35,4.17,1.14
Poland - Ekstraklasa,Stal Mielec,17,4,10,3,8,8,0,22,1.29,11,0.24,0.82,0,0.47,0.47,4.17,1.22
Poland - Ekstraklasa,Katowice,17,4,9,4,10,11,-1,21,1.24,12,0.24,0.76,-1,0.59,0.65,4.17,1.32
Poland - Ekstraklasa,Piast Gliwice,17,5,6,6,9,10,-1,21,1.24,12,0.29,0.65,-1,0.53,0.59,3.45,1.54
Poland - Ekstraklasa,Widzew Lodz,17,5,6,6,11,13,-2,21,1.24,12,0.29,0.65,-2,0.65,0.76,3.45,1.54
Poland - Ekstraklasa,Motor Lublin,17,5,5,7,12,14,-2,20,1.18,15,0.29,0.59,-2,0.71,0.82,3.45,1.69
Poland - Ekstraklasa,Cracovia Krakow,17,4,7,6,12,15,-3,19,1.12,16,0.24,0.65,-3,0.71,0.88,4.17,1.54
Poland - Ekstraklasa,Zaglebie Lubin,17,5,4,8,7,15,-8,19,1.12,16,0.29,0.53,-8,0.41,0.88,3.45,1.89
Poland - Ekstraklasa,Radomiak Radom,17,5,3,9,8,14,-6,18,1.06,18,0.29,0.47,-6,0.47,0.82,3.45,2.13
Poland - 1. Liga,Arka Gdynia,17,8,8,1,21,8,13,32,1.88,1,0.47,0.94,13,1.24,0.47,2.13,1.06
Poland - 1. Liga,Wisla Plock,17,8,5,4,16,7,9,29,1.71,2,0.47,0.76,9,0.94,0.41,2.13,1.32
Poland - 1. Liga,T. Nieciecza,17,8,5,4,15,9,6,29,1.71,2,0.47,0.76,6,0.88,0.53,2.13,1.32
Poland - 1. Liga,Miedz Legnica,17,7,7,3,19,11,8,28,1.65,4,0.41,0.82,8,1.12,0.65,2.44,1.22
Poland - 1. Liga,Polonia Warszaw,17,7,7,3,16,8,8,28,1.65,4,0.41,0.82,8,0.94,0.47,2.44,1.22
Poland - 1. Liga,LKS Lodz,17,6,9,2,12,6,6,27,1.59,6,0.35,0.88,6,0.71,0.35,2.86,1.14
Poland - 1. Liga,Ruch Chorzow,17,5,10,2,15,9,6,25,1.47,7,0.29,0.88,6,0.88,0.53,3.45,1.14
Poland - 1. Liga,Znicz Pruszkow,17,6,6,5,13,12,1,24,1.41,8,0.35,0.71,1,0.76,0.71,2.86,1.41
Poland - 1. Liga,Gornik Leczna,17,5,9,3,8,8,0,24,1.41,8,0.29,0.82,0,0.47,0.47,3.45,1.22
Poland - 1. Liga,K. Kolobrzeg,17,5,8,4,6,7,-1,23,1.35,10,0.29,0.76,-1,0.35,0.41,3.45,1.32
Poland - 1. Liga,Chrobry Glogow,17,6,5,6,8,10,-2,23,1.35,10,0.35,0.65,-2,0.47,0.59,2.86,1.54
Poland - 1. Liga,Tychy,17,5,7,5,10,10,0,22,1.29,12,0.29,0.71,0,0.59,0.59,3.45,1.41
Poland - 1. Liga,Wisla Krakow,17,4,9,4,8,7,1,21,1.24,13,0.24,0.76,1,0.47,0.41,4.17,1.32
Poland - 1. Liga,Odra Opole,17,5,4,8,10,14,-4,19,1.12,14,0.29,0.53,-4,0.59,0.82,3.45,1.89
Poland - 1. Liga,Stalowa Wola,17,3,9,5,7,13,-6,18,1.06,15,0.18,0.71,-6,0.41,0.76,5.56,1.41
Poland - 1. Liga,Warta Poznan,17,4,5,8,5,14,-9,17,1.0,16,0.24,0.53,-9,0.29,0.82,4.17,1.89
Poland - 1. Liga,Pogon Siedlce,17,3,7,7,7,12,-5,16,0.94,17,0.18,0.59,-5,0.41,0.71,5.56,1.69
Poland - 1. Liga,Stal Rzeszow,17,3,7,7,10,16,-6,16,0.94,17,0.18,0.59,-6,0.59,0.94,5.56,1.69
Portugal - Liga Portugal,Benfica,17,12,3,2,25,8,17,39,2.29,1,0.71,0.88,17,1.47,0.47,1.41,1.14
Portugal - Liga Portugal,Sporting Braga,17,12,3,2,19,4,15,39,2.29,1,0.71,0.88,15,1.12,0.24,1.41,1.14
Portugal - Liga Portugal,Sporting CP,17,10,4,3,20,8,12,34,2.0,3,0.59,0.82,12,1.18,0.47,1.69,1.22
Portugal - Liga Portugal,FC Porto,17,9,5,3,12,5,7,32,1.88,4,0.53,0.82,7,0.71,0.29,1.89,1.22
Portugal - Liga Portugal,Famalicao,17,7,8,2,7,2,5,29,1.71,5,0.41,0.88,5,0.41,0.12,2.44,1.14
Portugal - Liga Portugal,Guimaraes,17,7,7,3,13,6,7,28,1.65,6,0.41,0.82,7,0.76,0.35,2.44,1.22
Portugal - Liga Portugal,Moreirense,17,6,9,2,12,6,6,27,1.59,7,0.35,0.88,6,0.71,0.35,2.86,1.14
Portugal - Liga Portugal,Rio Ave,17,7,6,4,13,10,3,27,1.59,7,0.41,0.76,3,0.76,0.59,2.44,1.32
Portugal - Liga Portugal,Estoril,17,6,8,3,14,11,3,26,1.53,9,0.35,0.82,3,0.82,0.65,2.86,1.22
Portugal - Liga Portugal,Santa Clara,17,6,8,3,10,7,3,26,1.53,9,0.35,0.82,3,0.59,0.41,2.86,1.22
Portugal - Liga Portugal,Casa Pia,17,5,9,3,13,10,3,24,1.41,11,0.29,0.82,3,0.76,0.59,3.45,1.22
Portugal - Liga Portugal,Gil Vicente,17,5,9,3,9,6,3,24,1.41,11,0.29,0.82,3,0.53,0.35,3.45,1.22
Portugal - Liga Portugal,Nacional,17,6,6,5,13,11,2,24,1.41,11,0.35,0.71,2,0.76,0.65,2.86,1.41
Portugal - Liga Portugal,Arouca,17,4,6,7,6,8,-2,18,1.06,14,0.24,0.59,-2,0.35,0.47,4.17,1.69
Portugal - Liga Portugal,Estrela Amadora,17,3,9,5,7,11,-4,18,1.06,14,0.18,0.71,-4,0.41,0.65,5.56,1.41
Portugal - Liga Portugal,Farense,17,2,11,4,5,8,-3,17,1.0,16,0.12,0.76,-3,0.29,0.47,8.33,1.32
Portugal - Liga Portugal,AVS,17,1,9,7,3,15,-12,12,0.71,17,0.06,0.59,-12,0.18,0.88,16.67,1.69
Portugal - Liga Portugal,Boavista,17,1,5,11,3,15,-12,8,0.47,18,0.06,0.35,-12,0.18,0.88,16.67,2.86
Portugal - Liga Portugal 2,Academico Viseu,17,9,7,1,15,5,10,34,2.0,1,0.53,0.94,10,0.88,0.29,1.89,1.06
Portugal - Liga Portugal 2,Alverca,17,9,6,2,17,8,9,33,1.94,2,0.53,0.88,9,1.0,0.47,1.89,1.14
Portugal - Liga Portugal 2,Benfica B,17,8,8,1,13,5,8,32,1.88,3,0.47,0.94,8,0.76,0.29,2.13,1.06
Portugal - Liga Portugal 2,Torreense,17,7,6,4,13,10,3,27,1.59,4,0.41,0.76,3,0.76,0.59,2.44,1.32
Portugal - Liga Portugal 2,Tondela,17,7,5,5,13,9,4,26,1.53,5,0.41,0.71,4,0.76,0.53,2.44,1.41
Portugal - Liga Portugal 2,Vizela,17,6,7,4,10,6,4,25,1.47,6,0.35,0.76,4,0.59,0.35,2.86,1.32
Portugal - Liga Portugal 2,Feirense,17,5,7,5,10,9,1,22,1.29,7,0.29,0.71,1,0.59,0.53,3.45,1.41
Portugal - Liga Portugal 2,Leixoes,17,5,6,6,11,10,1,21,1.24,8,0.29,0.65,1,0.65,0.59,3.45,1.54
Portugal - Liga Portugal 2,Uniao de Leiria,17,4,8,5,8,8,0,20,1.18,9,0.24,0.71,0,0.47,0.47,4.17,1.41
Portugal - Liga Portugal 2,Pacos Ferreira,17,3,10,4,9,11,-2,19,1.12,10,0.18,0.76,-2,0.53,0.65,5.56,1.32
Portugal - Liga Portugal 2,Chaves,17,4,7,6,7,9,-2,19,1.12,10,0.24,0.65,-2,0.41,0.53,4.17,1.54
Portugal - Liga Portugal 2,Penafiel,17,4,6,7,17,17,0,18,1.06,12,0.24,0.59,0,1.0,1.0,4.17,1.69
Portugal - Liga Portugal 2,Portimonense,17,4,6,7,11,12,-1,18,1.06,12,0.24,0.59,-1,0.65,0.71,4.17,1.69
Portugal - Liga Portugal 2,Mafra,17,3,9,5,8,11,-3,18,1.06,12,0.18,0.71,-3,0.47,0.65,5.56,1.41
Portugal - Liga Portugal 2,Maritimo,17,3,9,5,7,10,-3,18,1.06,12,0.18,0.71,-3,0.41,0.59,5.56,1.41
Portugal - Liga Portugal 2,Felgueiras,17,3,8,6,8,10,-2,17,1.0,16,0.18,0.65,-2,0.47,0.59,5.56,1.54
Portugal - Liga Portugal 2,FC Porto B,17,2,10,5,7,10,-3,16,0.94,17,0.12,0.71,-3,0.41,0.59,8.33,1.41
Portugal - Liga Portugal 2,Oliveirense,17,3,5,9,6,15,-9,14,0.82,18,0.18,0.47,-9,0.35,0.88,5.56,2.13
Scotland - Premiership,Celtic,19,15,3,1,33,4,29,48,2.53,1,0.79,0.95,29,1.74,0.21,1.27,1.05
Scotland - Premiership,Rangers,19,11,5,3,19,7,12,38,2.0,2,0.58,0.84,12,1.0,0.37,1.72,1.19
Scotland - Premiership,Hibernian,19,10,6,3,19,10,9,36,1.89,3,0.53,0.84,9,1.0,0.53,1.89,1.19
Scotland - Premiership,Hearts,19,9,5,5,12,6,6,32,1.68,4,0.47,0.74,6,0.63,0.32,2.13,1.35
Scotland - Premiership,Kilmarnock,19,8,7,4,9,6,3,31,1.63,5,0.42,0.79,3,0.47,0.32,2.38,1.27
Scotland - Premiership,Motherwell,18,9,3,6,18,12,6,30,1.67,6,0.5,0.67,6,1.0,0.67,2.0,1.49
Scotland - Premiership,Dundee FC,19,7,6,6,19,16,3,27,1.42,7,0.37,0.68,3,1.0,0.84,2.7,1.47
Scotland - Premiership,St. Mirren,20,5,12,3,14,12,2,27,1.35,7,0.25,0.85,2,0.7,0.6,4.0,1.18
Scotland - Premiership,Aberdeen,19,5,9,5,12,13,-1,24,1.26,9,0.26,0.74,-1,0.63,0.68,3.85,1.35
Scotland - Premiership,Ross County,19,4,8,7,8,11,-3,20,1.05,10,0.21,0.63,-3,0.42,0.58,4.76,1.59
Scotland - Premiership,Dundee Utd,19,3,11,5,9,14,-5,20,1.05,10,0.16,0.74,-5,0.47,0.74,6.25,1.35
Scotland - Premiership,St. Johnstone,19,4,5,10,6,15,-9,17,0.89,12,0.21,0.47,-9,0.32,0.79,4.76,2.13
Scotland - Championship,Raith Rovers,18,11,4,3,17,7,10,37,2.06,1,0.61,0.83,10,0.94,0.39,1.64,1.2
Scotland - Championship,Falkirk,18,10,6,2,17,7,10,36,2.0,2,0.56,0.89,10,0.94,0.39,1.79,1.12
Scotland - Championship,Ayr Utd,18,9,4,5,21,10,11,31,1.72,3,0.5,0.72,11,1.17,0.56,2.0,1.39
Scotland - Championship,Livingston,18,6,9,3,15,6,9,27,1.5,4,0.33,0.83,9,0.83,0.33,3.03,1.2
Scotland - Championship,Partick Thistle,18,6,9,3,12,10,2,27,1.5,4,0.33,0.83,2,0.67,0.56,3.03,1.2
Scotland - Championship,Greenock Morton,18,6,7,5,12,11,1,25,1.39,6,0.33,0.72,1,0.67,0.61,3.03,1.39
Scotland - Championship,Queens Park,18,7,3,8,8,12,-4,24,1.33,7,0.39,0.56,-4,0.44,0.67,2.56,1.79
Scotland - Championship,Hamilton,18,3,10,5,8,15,-7,19,1.06,8,0.17,0.72,-7,0.44,0.83,5.88,1.39
Scotland - Championship,Dunfermline,18,2,11,5,4,7,-3,17,0.94,9,0.11,0.72,-3,0.22,0.39,9.09,1.39
Scotland - Championship,Airdrieonians,18,3,6,9,6,15,-9,15,0.83,10,0.17,0.5,-9,0.33,0.83,5.88,2.0
Serbia - Super Liga,Red Star,19,14,2,3,29,5,24,44,2.32,1,0.74,0.84,24,1.53,0.26,1.35,1.19
Serbia - Super Liga,Partizan,19,9,7,3,19,10,9,34,1.79,2,0.47,0.84,9,1.0,0.53,2.13,1.19
Serbia - Super Liga,Radnicki 1923,19,7,7,5,15,10,5,28,1.47,3,0.37,0.74,5,0.79,0.53,2.7,1.35
Serbia - Super Liga,Novi Pazar,18,7,6,5,19,16,3,27,1.5,4,0.39,0.72,3,1.06,0.89,2.56,1.39
Serbia - Super Liga,Radnicki Nis,18,7,5,6,15,14,1,26,1.44,5,0.39,0.67,1,0.83,0.78,2.56,1.49
Serbia - Super Liga,IMT N. Beograd,19,6,7,6,13,12,1,25,1.32,6,0.32,0.68,1,0.68,0.63,3.12,1.47
Serbia - Super Liga,OFK Beograd,19,5,10,4,13,13,0,25,1.32,6,0.26,0.79,0,0.68,0.68,3.85,1.27
Serbia - Super Liga,Z. Pancevo,19,6,7,6,12,13,-1,25,1.32,6,0.32,0.68,-1,0.63,0.68,3.12,1.47
Serbia - Super Liga,Vojvodina,18,4,11,3,9,6,3,23,1.28,9,0.22,0.83,3,0.5,0.33,4.55,1.2
Serbia - Super Liga,Cukaricki,19,5,8,6,13,11,2,23,1.21,9,0.26,0.68,2,0.68,0.58,3.85,1.47
Serbia - Super Liga,Napredak,19,5,8,6,10,12,-2,23,1.21,9,0.26,0.68,-2,0.53,0.63,3.85,1.47
Serbia - Super Liga,Mladost Lucani,18,6,4,8,9,13,-4,22,1.22,12,0.33,0.56,-4,0.5,0.72,3.03,1.79
Serbia - Super Liga,S. Subotica,18,5,7,6,7,11,-4,22,1.22,12,0.28,0.67,-4,0.39,0.61,3.57,1.49
Serbia - Super Liga,T. Odzaci,18,5,7,6,6,10,-4,22,1.22,12,0.28,0.67,-4,0.33,0.56,3.57,1.49
Serbia - Super Liga,Backa Topola,18,4,8,6,10,14,-4,20,1.11,15,0.22,0.67,-4,0.56,0.78,4.55,1.49
Serbia - Super Liga,Jedinstvo U.,18,4,7,7,11,14,-3,19,1.06,16,0.22,0.61,-3,0.61,0.78,4.55,1.64
Slovenia - Prva Liga,NK Olimpija,18,11,6,1,16,3,13,39,2.17,1,0.61,0.94,13,0.89,0.17,1.64,1.06
Slovenia - Prva Liga,Maribor,18,11,5,2,22,8,14,38,2.11,2,0.61,0.89,14,1.22,0.44,1.64,1.12
Slovenia - Prva Liga,Koper,18,7,8,3,10,6,4,29,1.61,3,0.39,0.83,4,0.56,0.33,2.56,1.2
Slovenia - Prva Liga,NK Celje,18,8,2,8,15,14,1,26,1.44,4,0.44,0.56,1,0.83,0.78,2.27,1.79
Slovenia - Prva Liga,Radomlje,18,6,7,5,7,6,1,25,1.39,5,0.33,0.72,1,0.39,0.33,3.03,1.39
Slovenia - Prva Liga,Mura,18,5,9,4,12,10,2,24,1.33,6,0.28,0.78,2,0.67,0.56,3.57,1.28
Slovenia - Prva Liga,Primorje,18,6,6,6,8,11,-3,24,1.33,6,0.33,0.67,-3,0.44,0.61,3.03,1.49
Slovenia - Prva Liga,Bravo,18,4,11,3,14,10,4,23,1.28,8,0.22,0.83,4,0.78,0.56,4.55,1.2
Slovenia - Prva Liga,Domzale,18,2,6,10,5,17,-12,12,0.67,9,0.11,0.44,-12,0.28,0.94,9.09,2.27
Slovenia - Prva Liga,Nafta,18,1,7,10,7,21,-14,10,0.56,10,0.06,0.44,-14,0.39,1.17,16.67,2.27
Slovakia - Fortuna Liga,DAC Streda,16,8,5,3,17,9,8,29,1.81,1,0.5,0.81,8,1.06,0.56,2.0,1.23
Slovakia - Fortuna Liga,Ruzomberok,16,6,6,4,10,8,2,24,1.5,2,0.38,0.75,2,0.62,0.5,2.63,1.33
Slovakia - Fortuna Liga,Komarno,16,6,6,4,8,6,2,24,1.5,2,0.38,0.75,2,0.5,0.38,2.63,1.33
Slovakia - Fortuna Liga,FC Kosice,16,5,8,3,16,11,5,23,1.44,4,0.31,0.81,5,1.0,0.69,3.23,1.23
Slovakia - Fortuna Liga,Podbrezova,16,4,10,2,9,4,5,22,1.38,5,0.25,0.88,5,0.56,0.25,4.0,1.14
Slovakia - Fortuna Liga,Zilina,16,4,10,2,10,8,2,22,1.38,5,0.25,0.88,2,0.62,0.5,4.0,1.14
Slovakia - Fortuna Liga,Trencin,16,4,9,3,11,10,1,21,1.31,7,0.25,0.81,1,0.69,0.62,4.0,1.23
Slovakia - Fortuna Liga,Banska Bystrica,16,5,5,6,12,13,-1,20,1.25,8,0.31,0.62,-1,0.75,0.81,3.23,1.61
Slovakia - Fortuna Liga,Z. Michalovce,16,4,7,5,13,12,1,19,1.19,9,0.25,0.69,1,0.81,0.75,4.0,1.45
Slovakia - Fortuna Liga,Skalica,16,2,12,2,4,4,0,18,1.12,10,0.12,0.88,0,0.25,0.25,8.33,1.14
Slovakia - Fortuna Liga,Spartak Trnava,16,3,7,6,9,11,-2,16,1.0,11,0.19,0.62,-2,0.56,0.69,5.26,1.61
Slovakia - Fortuna Liga,S. Bratislava,16,3,6,7,11,11,0,15,0.94,12,0.19,0.56,0,0.69,0.69,5.26,1.79
South Africa - Premier Division ,Mamelodi S.,14,12,2,0,22,1,21,38,2.71,1,0.86,1.0,21,1.57,0.07,1.16,1.0
South Africa - Premier Division ,Marumo G.,14,6,6,2,7,3,4,24,1.71,2,0.43,0.86,4,0.5,0.21,2.33,1.16
South Africa - Premier Division ,Magesi,14,6,5,3,8,6,2,23,1.64,3,0.43,0.79,2,0.57,0.43,2.33,1.27
South Africa - Premier Division ,Orlando Pirates,14,5,7,2,10,5,5,22,1.57,4,0.36,0.86,5,0.71,0.36,2.78,1.16
South Africa - Premier Division ,TS Galaxy,14,5,7,2,8,3,5,22,1.57,4,0.36,0.86,5,0.57,0.21,2.78,1.16
South Africa - Premier Division ,Stellenbosch,14,5,6,3,8,5,3,21,1.5,6,0.36,0.79,3,0.57,0.36,2.78,1.27
South Africa - Premier Division ,Chippa Utd,14,5,5,4,9,8,1,20,1.43,7,0.36,0.71,1,0.64,0.57,2.78,1.41
South Africa - Premier Division ,AmaZulu,14,5,5,4,8,8,0,20,1.43,7,0.36,0.71,0,0.57,0.57,2.78,1.41
South Africa - Premier Division ,Polokwane,14,4,7,3,8,7,1,19,1.36,9,0.29,0.79,1,0.57,0.5,3.45,1.27
South Africa - Premier Division ,Kaizer Chiefs,14,3,9,2,9,8,1,18,1.29,10,0.21,0.86,1,0.64,0.57,4.76,1.16
South Africa - Premier Division ,Golden Arrows,14,2,11,1,8,5,3,17,1.21,11,0.14,0.93,3,0.57,0.36,7.14,1.08
South Africa - Premier Division ,Sekhukhune,14,3,7,4,7,9,-2,16,1.14,12,0.21,0.71,-2,0.5,0.64,4.76,1.41
South Africa - Premier Division ,SuperSport Utd,14,2,8,4,4,7,-3,14,1.0,13,0.14,0.71,-3,0.29,0.5,7.14,1.41
South Africa - Premier Division ,Richards Bay,14,1,10,3,1,3,-2,13,0.93,14,0.07,0.79,-2,0.07,0.21,14.29,1.27
South Africa - Premier Division ,Cape Town City,14,1,8,5,3,8,-5,11,0.79,15,0.07,0.64,-5,0.21,0.57,14.29,1.56
South Africa - Premier Division ,Royal AM,0,0,0,0,0,0,0,0,,16,0.0,0.0,0,0.0,0.0,0.0,0.0
South Korea - K League 1,Jeonbuk Motors,9,3,5,1,10,4,6,14,1.56,1,0.33,0.89,6,1.11,0.44,3.03,1.12
South Korea - K League 1,Jeju Utd,8,4,2,2,4,2,2,14,1.75,1,0.5,0.75,2,0.5,0.25,2.0,1.33
South Korea - K League 1,Gwangju,9,3,4,2,5,3,2,13,1.44,3,0.33,0.78,2,0.56,0.33,3.03,1.28
South Korea - K League 1,Suwon City,8,3,4,1,4,2,2,13,1.62,3,0.38,0.88,2,0.5,0.25,2.63,1.14
South Korea - K League 1,Ulsan,9,2,6,1,6,5,1,12,1.33,5,0.22,0.89,1,0.67,0.56,4.55,1.12
South Korea - K League 1,Gimcheon Sangmu,8,2,5,1,3,1,2,11,1.38,6,0.25,0.88,2,0.38,0.12,4.0,1.14
South Korea - K League 1,Pohang Steelers,9,2,5,2,3,3,0,11,1.22,6,0.22,0.78,0,0.33,0.33,4.55,1.28
South Korea - K League 1,Daejeon Citizen,9,2,4,3,3,4,-1,10,1.11,8,0.22,0.67,-1,0.33,0.44,4.55,1.49
South Korea - K League 1,Anyang,10,1,6,3,3,6,-3,9,0.9,9,0.1,0.7,-3,0.3,0.6,10.0,1.43
South Korea - K League 1,Seoul,8,2,2,4,2,5,-3,8,1.0,10,0.25,0.5,-3,0.25,0.62,4.0,2.0
South Korea - K League 1,Daegu,9,2,2,5,3,7,-4,8,0.89,10,0.22,0.44,-4,0.33,0.78,4.55,2.27
South Korea - K League 1,Gangwon,8,1,3,4,1,6,-5,6,0.75,12,0.12,0.5,-5,0.12,0.75,8.33,2.0
South Korea - K League 2,Seoul E-Land,9,4,3,2,8,4,4,15,1.67,1,0.44,0.78,4,0.89,0.44,2.27,1.28
South Korea - K League 2,Asan,7,4,1,2,6,3,3,13,1.86,2,0.57,0.71,3,0.86,0.43,1.75,1.41
South Korea - K League 2,Incheon Utd,9,3,4,2,4,2,2,13,1.44,2,0.33,0.78,2,0.44,0.22,3.03,1.28
South Korea - K League 2,Jeonnam,4,4,0,0,5,1,4,12,3.0,4,1.0,1.0,4,1.25,0.25,1.0,1.0
South Korea - K League 2,Seongnam,8,2,6,0,5,3,2,12,1.5,4,0.25,1.0,2,0.62,0.38,4.0,1.0
South Korea - K League 2,Suwon Bluewings,8,3,2,3,9,3,6,11,1.38,6,0.38,0.62,6,1.12,0.38,2.63,1.61
South Korea - K League 2,Gimpo,8,2,4,2,4,4,0,10,1.25,7,0.25,0.75,0,0.5,0.5,4.0,1.33
South Korea - K League 2,Bucheon FC,7,2,3,2,5,6,-1,9,1.29,8,0.29,0.71,-1,0.71,0.86,3.45,1.41
South Korea - K League 2,Cheongju,5,2,2,1,4,3,1,8,1.6,9,0.4,0.8,1,0.8,0.6,2.5,1.25
South Korea - K League 2,Gyeongnam,8,2,2,4,4,7,-3,8,1.0,9,0.25,0.5,-3,0.5,0.88,4.0,2.0
South Korea - K League 2,Busan IPark,9,1,5,3,5,9,-4,8,0.89,9,0.11,0.67,-4,0.56,1.0,9.09,1.49
South Korea - K League 2,Ansan Greeners,8,1,4,3,2,6,-4,7,0.88,12,0.12,0.62,-4,0.25,0.75,8.33,1.61
South Korea - K League 2,Cheonan City,8,0,4,4,2,7,-5,4,0.5,13,0.0,0.5,-5,0.25,0.88,0.0,2.0
South Korea - K League 2,Hwaseong,7,0,3,4,1,5,-4,3,0.43,14,0.0,0.43,-4,0.14,0.71,0.0,2.33
Spain - La Liga,FC Barcelona,19,12,6,1,31,7,24,42,2.21,1,0.63,0.95,24,1.63,0.37,1.59,1.05
Spain - La Liga,Athletic Bilbao,19,10,7,2,17,4,13,37,1.95,2,0.53,0.89,13,0.89,0.21,1.89,1.12
Spain - La Liga,Osasuna,19,11,3,5,18,10,8,36,1.89,3,0.58,0.74,8,0.95,0.53,1.72,1.35
Spain - La Liga,Villarreal,19,10,5,4,26,12,14,35,1.84,4,0.53,0.79,14,1.37,0.63,1.89,1.27
Spain - La Liga,Real Madrid,19,10,5,4,20,8,12,35,1.84,4,0.53,0.79,12,1.05,0.42,1.89,1.27
Spain - La Liga,Atletico Madrid,19,9,6,4,16,6,10,33,1.74,6,0.47,0.79,10,0.84,0.32,2.13,1.27
Spain - La Liga,Real Betis,19,6,12,1,14,9,5,30,1.58,7,0.32,0.95,5,0.74,0.47,3.12,1.05
Spain - La Liga,Rayo Vallecano,19,7,8,4,11,8,3,29,1.53,8,0.37,0.79,3,0.58,0.42,2.7,1.27
Spain - La Liga,Espanyol,19,6,11,2,10,7,3,29,1.53,8,0.32,0.89,3,0.53,0.37,3.12,1.12
Spain - La Liga,Real Sociedad,19,7,8,4,10,7,3,29,1.53,8,0.37,0.79,3,0.53,0.37,2.7,1.27
Spain - La Liga,Celta Vigo,19,8,4,7,14,12,2,28,1.47,11,0.42,0.63,2,0.74,0.63,2.38,1.59
Spain - La Liga,Valencia,19,6,9,4,14,10,4,27,1.42,12,0.32,0.79,4,0.74,0.53,3.12,1.27
Spain - La Liga,Girona,19,6,8,5,14,12,2,26,1.37,13,0.32,0.74,2,0.74,0.63,3.12,1.35
Spain - La Liga,Mallorca,19,4,13,2,10,6,4,25,1.32,14,0.21,0.89,4,0.53,0.32,4.76,1.12
Spain - La Liga,Leganes,19,4,12,3,11,6,5,24,1.26,15,0.21,0.84,5,0.58,0.32,4.76,1.19
Spain - La Liga,Sevilla FC,19,4,12,3,9,8,1,24,1.26,15,0.21,0.84,1,0.47,0.42,4.76,1.19
Spain - La Liga,Getafe,19,4,10,5,7,8,-1,22,1.16,17,0.21,0.74,-1,0.37,0.42,4.76,1.35
Spain - La Liga,Alaves,19,4,10,5,5,8,-3,22,1.16,17,0.21,0.74,-3,0.26,0.42,4.76,1.35
Spain - La Liga,Las Palmas,19,2,12,5,6,10,-4,18,0.95,19,0.11,0.74,-4,0.32,0.53,9.09,1.35
Spain - La Liga,Valladolid,19,3,8,8,3,14,-11,17,0.89,20,0.16,0.58,-11,0.16,0.74,6.25,1.72
Spain - La Liga 2,Granada,21,11,7,3,18,7,11,40,1.9,1,0.52,0.86,11,0.86,0.33,1.92,1.16
Spain - La Liga 2,Huesca,21,11,6,4,18,10,8,39,1.86,2,0.52,0.81,8,0.86,0.48,1.92,1.23
Spain - La Liga 2,Eibar,21,11,6,4,13,7,6,39,1.86,2,0.52,0.81,6,0.62,0.33,1.92,1.23
Spain - La Liga 2,Elche,21,9,10,2,14,6,8,37,1.76,4,0.43,0.9,8,0.67,0.29,2.33,1.11
Spain - La Liga 2,Almeria,21,10,6,5,15,8,7,36,1.71,5,0.48,0.76,7,0.71,0.38,2.08,1.32
Spain - La Liga 2,Racing,21,9,8,4,17,6,11,35,1.67,6,0.43,0.81,11,0.81,0.29,2.33,1.23
Spain - La Liga 2,Mirandes,21,9,8,4,13,7,6,35,1.67,6,0.43,0.81,6,0.62,0.33,2.33,1.23
Spain - La Liga 2,Albacete,21,8,10,3,15,8,7,34,1.62,8,0.38,0.86,7,0.71,0.38,2.63,1.16
Spain - La Liga 2,Tenerife,21,8,10,3,10,5,5,34,1.62,8,0.38,0.86,5,0.48,0.24,2.63,1.16
Spain - La Liga 2,Sporting Gijon,21,9,7,5,13,9,4,34,1.62,8,0.43,0.76,4,0.62,0.43,2.33,1.32
Spain - La Liga 2,Cadiz,21,8,9,4,17,8,9,33,1.57,11,0.38,0.81,9,0.81,0.38,2.63,1.23
Spain - La Liga 2,Malaga,21,8,9,4,11,5,6,33,1.57,11,0.38,0.81,6,0.52,0.24,2.63,1.23
Spain - La Liga 2,Castellon,21,8,9,4,18,13,5,33,1.57,11,0.38,0.81,5,0.86,0.62,2.63,1.23
Spain - La Liga 2,Cordoba,21,8,8,5,14,10,4,32,1.52,14,0.38,0.76,4,0.67,0.48,2.63,1.32
Spain - La Liga 2,Levante,21,7,10,4,16,11,5,31,1.48,15,0.33,0.81,5,0.76,0.52,3.03,1.23
Spain - La Liga 2,Real Oviedo,21,6,11,4,14,11,3,29,1.38,16,0.29,0.81,3,0.67,0.52,3.45,1.23
Spain - La Liga 2,Burgos,21,4,16,1,11,8,3,28,1.33,17,0.19,0.95,3,0.52,0.38,5.26,1.05
Spain - La Liga 2,Eldense,21,6,10,5,11,12,-1,28,1.33,17,0.29,0.76,-1,0.52,0.57,3.45,1.32
Spain - La Liga 2,Deportivo,21,4,12,5,10,13,-3,24,1.14,19,0.19,0.76,-3,0.48,0.62,5.26,1.32
Spain - La Liga 2,Real Zaragoza,21,3,14,4,10,12,-2,23,1.1,20,0.14,0.81,-2,0.48,0.57,7.14,1.23
Spain - La Liga 2,Cartagena,21,5,7,9,9,14,-5,22,1.05,21,0.24,0.57,-5,0.43,0.67,4.17,1.75
Spain - La Liga 2,Racing Ferrol,21,1,11,9,2,12,-10,14,0.67,22,0.05,0.57,-10,0.1,0.57,20.0,1.75
Sweden - Allsvenskan,Mjallby,6,4,2,0,8,1,7,14,2.33,1,0.67,1.0,7,1.33,0.17,1.49,1.0
Sweden - Allsvenskan,Elfsborg,7,4,2,1,8,5,3,14,2.0,1,0.57,0.86,3,1.14,0.71,1.75,1.16
Sweden - Allsvenskan,Malmo FF,7,3,3,1,5,1,4,12,1.71,3,0.43,0.86,4,0.71,0.14,2.33,1.16
Sweden - Allsvenskan,Hammarby,7,2,5,0,6,3,3,11,1.57,4,0.29,1.0,3,0.86,0.43,3.45,1.0
Sweden - Allsvenskan,Sirius,6,2,3,1,5,3,2,9,1.5,5,0.33,0.83,2,0.83,0.5,3.03,1.2
Sweden - Allsvenskan,GAIS,5,2,2,1,3,1,2,8,1.6,6,0.4,0.8,2,0.6,0.2,2.5,1.25
Sweden - Allsvenskan,Norrkoping,7,2,2,3,4,4,0,8,1.14,6,0.29,0.57,0,0.57,0.57,3.45,1.75
Sweden - Allsvenskan,Halmstad,7,1,4,2,5,5,0,7,1.0,8,0.14,0.71,0,0.71,0.71,7.14,1.41
Sweden - Allsvenskan,Djurgarden,6,1,4,1,2,2,0,7,1.17,8,0.17,0.83,0,0.33,0.33,5.88,1.2
Sweden - Allsvenskan,AIK,5,1,3,1,3,2,1,6,1.2,10,0.2,0.8,1,0.6,0.4,5.0,1.25
Sweden - Allsvenskan,Oster,5,1,3,1,1,3,-2,6,1.2,10,0.2,0.8,-2,0.2,0.6,5.0,1.25
Sweden - Allsvenskan,IFK Goteborg,6,0,5,1,3,4,-1,5,0.83,12,0.0,0.83,-1,0.5,0.67,0.0,1.2
Sweden - Allsvenskan,Hacken,6,1,2,3,1,3,-2,5,0.83,12,0.17,0.5,-2,0.17,0.5,5.88,2.0
Sweden - Allsvenskan,Brommapojkarna,6,1,2,3,1,4,-3,5,0.83,12,0.17,0.5,-3,0.17,0.67,5.88,2.0
Sweden - Allsvenskan,Degerfors,6,1,2,3,3,8,-5,5,0.83,12,0.17,0.5,-5,0.5,1.33,5.88,2.0
Sweden - Allsvenskan,Varnamo,6,1,1,4,2,6,-4,4,0.67,16,0.17,0.33,-4,0.33,1.0,5.88,3.03
Sweden - Superettan,Orgryte,7,3,3,1,6,2,4,12,1.71,1,0.43,0.86,4,0.86,0.29,2.33,1.16
Sweden - Superettan,Kalmar,4,3,1,0,3,0,3,10,2.5,2,0.75,1.0,3,0.75,0.0,1.33,1.0
Sweden - Superettan,Sandviken,6,3,1,2,3,3,0,10,1.67,2,0.5,0.67,0,0.5,0.5,2.0,1.49
Sweden - Superettan,Varberg BoIS,5,2,3,0,7,1,6,9,1.8,4,0.4,1.0,6,1.4,0.2,2.5,1.0
Sweden - Superettan,Helsingborg,6,2,3,1,4,6,-2,9,1.5,4,0.33,0.83,-2,0.67,1.0,3.03,1.2
Sweden - Superettan,Ostersunds,5,2,2,1,5,3,2,8,1.6,6,0.4,0.8,2,1.0,0.6,2.5,1.25
Sweden - Superettan,Orebro,5,2,2,1,3,1,2,8,1.6,6,0.4,0.8,2,0.6,0.2,2.5,1.25
Sweden - Superettan,Falkenberg,5,1,4,0,5,3,2,7,1.4,8,0.2,1.0,2,1.0,0.6,5.0,1.0
Sweden - Superettan,Utsikten,6,1,4,1,6,6,0,7,1.17,8,0.17,0.83,0,1.0,1.0,5.88,1.2
Sweden - Superettan,GIF Sundsvall,6,1,4,1,1,1,0,7,1.17,8,0.17,0.83,0,0.17,0.17,5.88,1.2
Sweden - Superettan,Trelleborg,5,1,3,1,2,3,-1,6,1.2,11,0.2,0.8,-1,0.4,0.6,5.0,1.25
Sweden - Superettan,Vasteras,5,1,2,2,4,5,-1,5,1.0,12,0.2,0.6,-1,0.8,1.0,5.0,1.67
Sweden - Superettan,Umea,6,1,2,3,3,5,-2,5,0.83,12,0.17,0.5,-2,0.5,0.83,5.88,2.0
Sweden - Superettan,Oddevold,6,1,2,3,3,7,-4,5,0.83,12,0.17,0.5,-4,0.5,1.17,5.88,2.0
Sweden - Superettan,Landskrona,6,1,1,4,2,6,-4,4,0.67,15,0.17,0.33,-4,0.33,1.0,5.88,3.03
Sweden - Superettan,Brage,5,0,1,4,1,5,-4,1,0.2,16,0.0,0.2,-4,0.2,1.0,0.0,5.0
Switzerland - Super League,FC Basel,19,10,5,4,23,7,16,35,1.84,1,0.53,0.79,16,1.21,0.37,1.89,1.27
Switzerland - Super League,BSC Young Boys,19,8,8,3,18,9,9,32,1.68,2,0.42,0.84,9,0.95,0.47,2.38,1.19
Switzerland - Super League,Servette,19,8,8,3,14,8,6,32,1.68,2,0.42,0.84,6,0.74,0.42,2.38,1.19
Switzerland - Super League,Lausanne Sport,20,9,5,6,20,15,5,32,1.6,2,0.45,0.7,5,1.0,0.75,2.22,1.43
Switzerland - Super League,Sion,19,7,9,3,17,9,8,30,1.58,5,0.37,0.84,8,0.89,0.47,2.7,1.19
Switzerland - Super League,Grasshopper,19,7,4,8,10,11,-1,25,1.32,6,0.37,0.58,-1,0.53,0.58,2.7,1.72
Switzerland - Super League,FC Zurich,19,7,4,8,12,14,-2,25,1.32,6,0.37,0.58,-2,0.63,0.74,2.7,1.72
Switzerland - Super League,St. Gallen,18,5,9,4,13,11,2,24,1.33,8,0.28,0.78,2,0.72,0.61,3.57,1.28
Switzerland - Super League,Luzern,19,6,5,8,11,14,-3,23,1.21,9,0.32,0.58,-3,0.58,0.74,3.12,1.72
Switzerland - Super League,Winterthur,19,4,10,5,11,10,1,22,1.16,10,0.21,0.74,1,0.58,0.53,4.76,1.35
Switzerland - Super League,Lugano,19,4,10,5,12,12,0,22,1.16,10,0.21,0.74,0,0.63,0.63,4.76,1.35
Switzerland - Super League,Yverdon,19,4,10,5,7,9,-2,22,1.16,10,0.21,0.74,-2,0.37,0.47,4.76,1.35
Switzerland - Challenge League,Etoile Carouge,18,10,6,2,19,7,12,36,2.0,1,0.56,0.89,12,1.06,0.39,1.79,1.12
Switzerland - Challenge League,Thun,18,10,6,2,14,5,9,36,2.0,1,0.56,0.89,9,0.78,0.28,1.79,1.12
Switzerland - Challenge League,Bellinzona,18,7,8,3,11,9,2,29,1.61,3,0.39,0.83,2,0.61,0.5,2.56,1.2
Switzerland - Challenge League,Lausanne Ouchy,18,6,9,3,13,8,5,27,1.5,4,0.33,0.83,5,0.72,0.44,3.03,1.2
Switzerland - Challenge League,Vaduz,18,6,8,4,15,9,6,26,1.44,5,0.33,0.78,6,0.83,0.5,3.03,1.28
Switzerland - Challenge League,Aarau,18,7,5,6,12,12,0,26,1.44,5,0.39,0.67,0,0.67,0.67,2.56,1.49
Switzerland - Challenge League,Neuchatel Xamax,18,6,6,6,15,14,1,24,1.33,7,0.33,0.67,1,0.83,0.78,3.03,1.49
Switzerland - Challenge League,Wil,18,6,5,7,12,15,-3,23,1.28,8,0.33,0.61,-3,0.67,0.83,3.03,1.64
Switzerland - Challenge League,Schaffhausen,18,3,5,10,8,19,-11,14,0.78,9,0.17,0.44,-11,0.44,1.06,5.88,2.27
Switzerland - Challenge League,Stade Nyonnais,18,4,1,13,8,21,-13,13,0.72,10,0.22,0.28,-13,0.44,1.17,4.55,3.57
Thailand - Thai League 1,Buriram Utd,15,10,4,1,22,3,19,34,2.27,1,0.67,0.93,19,1.47,0.2,1.49,1.08
Thailand - Thai League 1,Ratchaburi,15,10,4,1,19,7,12,34,2.27,1,0.67,0.93,12,1.27,0.47,1.49,1.08
Thailand - Thai League 1,Prachuap,15,10,3,2,15,4,11,33,2.2,3,0.67,0.87,11,1.0,0.27,1.49,1.15
Thailand - Thai League 1,Bangkok Utd,15,8,6,1,16,7,9,30,2.0,4,0.53,0.93,9,1.07,0.47,1.89,1.08
Thailand - Thai League 1,Pathum Utd,15,7,7,1,12,3,9,28,1.87,5,0.47,0.93,9,0.8,0.2,2.13,1.08
Thailand - Thai League 1,Chiangrai Utd,15,7,6,2,8,4,4,27,1.8,6,0.47,0.87,4,0.53,0.27,2.13,1.15
Thailand - Thai League 1,N. Bua Pitchaya,15,7,5,3,14,5,9,26,1.73,7,0.47,0.8,9,0.93,0.33,2.13,1.25
Thailand - Thai League 1,Lamphun Warrior,15,7,5,3,12,9,3,26,1.73,7,0.47,0.8,3,0.8,0.6,2.13,1.25
Thailand - Thai League 1,Sukhothai,15,5,6,4,13,11,2,21,1.4,9,0.33,0.73,2,0.87,0.73,3.03,1.37
Thailand - Thai League 1,Uthai Thani,15,5,6,4,8,6,2,21,1.4,9,0.33,0.73,2,0.53,0.4,3.03,1.37
Thailand - Thai League 1,N. Ratchasima,15,5,5,5,9,11,-2,20,1.33,11,0.33,0.67,-2,0.6,0.73,3.03,1.49
Thailand - Thai League 1,Rayong,15,5,3,7,12,13,-1,18,1.2,12,0.33,0.53,-1,0.8,0.87,3.03,1.89
Thailand - Thai League 1,Port FC,15,3,7,5,9,10,-1,16,1.07,13,0.2,0.67,-1,0.6,0.67,5.0,1.49
Thailand - Thai League 1,Muang Thong Utd,15,3,7,5,5,7,-2,16,1.07,13,0.2,0.67,-2,0.33,0.47,5.0,1.49
Thailand - Thai League 1,Khon Kaen Utd,15,2,7,6,9,15,-6,13,0.87,15,0.13,0.6,-6,0.6,1.0,7.69,1.67
Thailand - Thai League 1,Nakhon Pathom,15,3,3,9,9,18,-9,12,0.8,16,0.2,0.4,-9,0.6,1.2,5.0,2.5
Turkey - Super Lig,Galatasaray,18,14,4,0,27,5,22,46,2.56,1,0.78,1.0,22,1.5,0.28,1.28,1.0
Turkey - Super Lig,Besiktas,18,9,8,1,18,8,10,35,1.94,2,0.5,0.94,10,1.0,0.44,2.0,1.06
Turkey - Super Lig,Goztepe,18,9,6,3,15,5,10,33,1.83,3,0.5,0.83,10,0.83,0.28,2.0,1.2
Turkey - Super Lig,Samsunspor,18,10,3,5,14,8,6,33,1.83,3,0.56,0.72,6,0.78,0.44,1.79,1.39
Turkey - Super Lig,Fenerbahce,18,9,3,6,15,11,4,30,1.67,5,0.5,0.67,4,0.83,0.61,2.0,1.49
Turkey - Super Lig,Alanyaspor,18,8,6,4,11,10,1,30,1.67,5,0.44,0.78,1,0.61,0.56,2.27,1.28
Turkey - Super Lig,Trabzonspor,18,7,7,4,18,10,8,28,1.56,7,0.39,0.78,8,1.0,0.56,2.56,1.28
Turkey - Super Lig,Eyupspor,18,7,7,4,14,8,6,28,1.56,7,0.39,0.78,6,0.78,0.44,2.56,1.28
Turkey - Super Lig,Kasimpasa,18,8,4,6,15,13,2,28,1.56,7,0.44,0.67,2,0.83,0.72,2.27,1.49
Turkey - Super Lig,Gaziantep,18,6,9,3,11,6,5,27,1.5,10,0.33,0.83,5,0.61,0.33,3.03,1.2
Turkey - Super Lig,Konyaspor,18,6,9,3,11,8,3,27,1.5,10,0.33,0.83,3,0.61,0.44,3.03,1.2
Turkey - Super Lig,Basaksehir,18,7,4,7,15,12,3,25,1.39,12,0.39,0.61,3,0.83,0.67,2.56,1.64
Turkey - Super Lig,Rizespor,18,5,10,3,11,8,3,25,1.39,12,0.28,0.83,3,0.61,0.44,3.57,1.2
Turkey - Super Lig,Hatayspor,18,6,6,6,14,14,0,24,1.33,14,0.33,0.67,0,0.78,0.78,3.03,1.49
Turkey - Super Lig,Kayserispor,18,6,6,6,13,14,-1,24,1.33,14,0.33,0.67,-1,0.72,0.78,3.03,1.49
Turkey - Super Lig,Antalyaspor,18,4,11,3,9,9,0,23,1.28,16,0.22,0.83,0,0.5,0.5,4.55,1.2
Turkey - Super Lig,Bodrumspor,18,4,10,4,7,11,-4,22,1.22,17,0.22,0.78,-4,0.39,0.61,4.55,1.28
Turkey - Super Lig,Sivasspor,18,3,8,7,10,12,-2,17,0.94,18,0.17,0.61,-2,0.56,0.67,5.88,1.64
Turkey - Super Lig,Adana Demirspor,18,4,5,9,10,20,-10,17,0.94,18,0.22,0.5,-10,0.56,1.11,4.55,2.0
UAE - Pro League,Al Wasl,13,7,4,2,15,6,9,25,1.92,1,0.54,0.85,9,1.15,0.46,1.85,1.18
UAE - Pro League,Shabab Al Ahli,13,6,7,0,13,4,9,25,1.92,1,0.46,1.0,9,1.0,0.31,2.17,1.0
UAE - Pro League,Al Wahda,13,6,6,1,15,8,7,24,1.85,3,0.46,0.92,7,1.15,0.62,2.17,1.09
UAE - Pro League,Al Jazira,13,6,5,2,14,7,7,23,1.77,4,0.46,0.85,7,1.08,0.54,2.17,1.18
UAE - Pro League,Al Ain,13,5,6,2,14,6,8,21,1.62,5,0.38,0.85,8,1.08,0.46,2.63,1.18
UAE - Pro League,Al Sharjah,13,5,5,3,9,5,4,20,1.54,6,0.38,0.77,4,0.69,0.38,2.63,1.3
UAE - Pro League,Khorfakkan,13,6,1,6,11,9,2,19,1.46,7,0.46,0.54,2,0.85,0.69,2.17,1.85
UAE - Pro League,Ittihad Kalba,13,5,4,4,7,6,1,19,1.46,7,0.38,0.69,1,0.54,0.46,2.63,1.45
UAE - Pro League,Ajman,13,4,4,5,9,12,-3,16,1.23,9,0.31,0.62,-3,0.69,0.92,3.23,1.61
UAE - Pro League,Dibba Al Hisn,13,3,6,4,6,11,-5,15,1.15,10,0.23,0.69,-5,0.46,0.85,4.35,1.45
UAE - Pro League,Al Nasr,13,3,5,5,9,12,-3,14,1.08,11,0.23,0.62,-3,0.69,0.92,4.35,1.61
UAE - Pro League,Al Bataeh,13,3,4,6,9,13,-4,13,1.0,12,0.23,0.54,-4,0.69,1.0,4.35,1.85
UAE - Pro League,Al Urooba,13,2,7,4,6,12,-6,13,1.0,12,0.15,0.69,-6,0.46,0.92,6.67,1.45
UAE - Pro League,Bani Yas,13,2,6,5,6,10,-4,12,0.92,14,0.15,0.62,-4,0.46,0.77,6.67,1.61
Ukraine - Premier League,Dynamo Kyiv,15,11,3,1,19,4,15,36,2.4,1,0.73,0.93,15,1.27,0.27,1.37,1.08
Ukraine - Premier League,Oleksandria,15,7,8,0,15,4,11,29,1.93,2,0.47,1.0,11,1.0,0.27,2.13,1.0
Ukraine - Premier League,Shakhtar,15,8,4,3,17,6,11,28,1.87,3,0.53,0.8,11,1.13,0.4,1.89,1.25
Ukraine - Premier League,Karpaty Lviv,15,7,6,2,14,5,9,27,1.8,4,0.47,0.87,9,0.93,0.33,2.13,1.15
Ukraine - Premier League,Zorya Luhansk,15,6,4,5,7,8,-1,22,1.47,5,0.4,0.67,-1,0.47,0.53,2.5,1.49
Ukraine - Premier League,Kryvbas KR,15,6,3,6,8,9,-1,21,1.4,6,0.4,0.6,-1,0.53,0.6,2.5,1.67
Ukraine - Premier League,Veres,15,5,5,5,9,11,-2,20,1.33,7,0.33,0.67,-2,0.6,0.73,3.03,1.49
Ukraine - Premier League,Livyi Bereh,15,4,6,5,6,8,-2,18,1.2,8,0.27,0.67,-2,0.4,0.53,3.7,1.49
Ukraine - Premier League,LNZ Cherkasy,15,3,9,3,4,6,-2,18,1.2,8,0.2,0.8,-2,0.27,0.4,5.0,1.25
Ukraine - Premier League,Rukh Lviv,15,4,6,5,4,6,-2,18,1.2,8,0.27,0.67,-2,0.27,0.4,3.7,1.49
Ukraine - Premier League,Inhulets,15,4,5,6,6,8,-2,17,1.13,11,0.27,0.6,-2,0.4,0.53,3.7,1.67
Ukraine - Premier League,Chornomorets,15,3,8,4,5,7,-2,17,1.13,11,0.2,0.73,-2,0.33,0.47,5.0,1.37
Ukraine - Premier League,Vorskla Poltava,15,4,5,6,4,10,-6,17,1.13,11,0.27,0.6,-6,0.27,0.67,3.7,1.67
Ukraine - Premier League,Polessya,15,2,8,5,8,8,0,14,0.93,14,0.13,0.67,0,0.53,0.53,7.69,1.49
Ukraine - Premier League,Kolos Kovalivka,15,1,11,3,3,5,-2,14,0.93,14,0.07,0.8,-2,0.2,0.33,14.29,1.25
Ukraine - Premier League,Obolon,15,1,9,5,2,8,-6,12,0.8,16,0.07,0.67,-6,0.13,0.53,14.29,1.49
Ukraine - Premier League,Dnipro-1,0,0,0,0,0,0,0,0,,17,0.0,0.0,0,0.0,0.0,0.0,0.0
USA - MLS,New York RB,9,6,1,2,13,6,7,19,2.11,1,0.67,0.78,7,1.44,0.67,1.49,1.28
USA - MLS,Philadelphia,9,6,1,2,9,4,5,19,2.11,1,0.67,0.78,5,1.0,0.44,1.49,1.28
USA - MLS,Nashville SC,10,4,6,0,11,2,9,18,1.8,3,0.4,1.0,9,1.1,0.2,2.5,1.0
USA - MLS,Inter Miami,9,5,3,1,12,5,7,18,2.0,3,0.56,0.89,7,1.33,0.56,1.79,1.12
USA - MLS,Vancouver,9,5,3,1,10,4,6,18,2.0,3,0.56,0.89,6,1.11,0.44,1.79,1.12
USA - MLS,Orlando City,9,5,3,1,12,7,5,18,2.0,3,0.56,0.89,5,1.33,0.78,1.79,1.12
USA - MLS,San Diego,10,4,5,1,11,5,6,17,1.7,7,0.4,0.9,6,1.1,0.5,2.5,1.11
USA - MLS,SJ Earthquakes,9,5,1,3,14,10,4,16,1.78,8,0.56,0.67,4,1.56,1.11,1.79,1.49
USA - MLS,Atlanta Utd,10,4,4,2,8,5,3,16,1.6,8,0.4,0.8,3,0.8,0.5,2.5,1.25
USA - MLS,Minnesota Utd,8,3,5,0,6,2,4,14,1.75,10,0.38,1.0,4,0.75,0.25,2.63,1.0
USA - MLS,Cincinnati,8,3,4,1,5,2,3,13,1.62,11,0.38,0.88,3,0.62,0.25,2.63,1.14
USA - MLS,St. Louis City,8,3,4,1,5,2,3,13,1.62,11,0.38,0.88,3,0.62,0.25,2.63,1.14
USA - MLS,Portland,9,3,4,2,6,6,0,13,1.44,11,0.33,0.78,0,0.67,0.67,3.03,1.28
USA - MLS,Houston Dynamo,9,3,4,2,6,7,-1,13,1.44,11,0.33,0.78,-1,0.67,0.78,3.03,1.28
USA - MLS,Charlotte,8,3,3,2,7,3,4,12,1.5,15,0.38,0.75,4,0.88,0.38,2.63,1.33
USA - MLS,Columbus Crew,9,3,3,3,8,7,1,12,1.33,15,0.33,0.67,1,0.89,0.78,3.03,1.49
USA - MLS,Los Angeles FC,8,2,5,1,3,2,1,11,1.38,17,0.25,0.88,1,0.38,0.25,4.0,1.14
USA - MLS,Seattle,8,1,7,0,6,3,3,10,1.25,18,0.12,1.0,3,0.75,0.38,8.33,1.0
USA - MLS,New York City,9,2,4,3,3,5,-2,10,1.11,18,0.22,0.67,-2,0.33,0.56,4.55,1.49
USA - MLS,DC United,10,2,4,4,5,10,-5,10,1.0,18,0.2,0.6,-5,0.5,1.0,5.0,1.67
USA - MLS,Real Salt Lake,7,2,3,2,6,5,1,9,1.29,21,0.29,0.71,1,0.86,0.71,3.45,1.41
USA - MLS,Chicago Fire,6,2,3,1,4,3,1,9,1.5,21,0.33,0.83,1,0.67,0.5,3.03,1.2
USA - MLS,LA Galaxy,8,2,3,3,3,4,-1,9,1.12,21,0.25,0.62,-1,0.38,0.5,4.0,1.61
USA - MLS,CF Montreal,7,2,3,2,4,6,-2,9,1.29,21,0.29,0.71,-2,0.57,0.86,3.45,1.41
USA - MLS,Colorado Rapids,9,2,3,4,4,6,-2,9,1.0,21,0.22,0.56,-2,0.44,0.67,4.55,1.79
USA - MLS,Austin,9,1,6,2,2,4,-2,9,1.0,21,0.11,0.78,-2,0.22,0.44,9.09,1.28
USA - MLS,New England,5,1,4,0,2,1,1,7,1.4,27,0.2,1.0,1,0.4,0.2,5.0,1.0
USA - MLS,Dallas,7,1,4,2,2,3,-1,7,1.0,27,0.14,0.71,-1,0.29,0.43,7.14,1.41
USA - MLS,Toronto,10,0,7,3,1,5,-4,7,0.7,27,0.0,0.7,-4,0.1,0.5,0.0,1.43
USA - MLS,Sporting KC,7,1,2,4,4,9,-5,5,0.71,30,0.14,0.43,-5,0.57,1.29,7.14,2.33
USL Championship,El Paso,5,4,1,0,8,2,6,13,2.6,1,0.8,1.0,6,1.6,0.4,1.25,1.0
USL Championship,Charleston,6,4,1,1,7,2,5,13,2.17,1,0.67,0.83,5,1.17,0.33,1.49,1.2
USL Championship,North Carolina,5,4,1,0,7,2,5,13,2.6,1,0.8,1.0,5,1.4,0.4,1.25,1.0
USL Championship,Orange County,7,3,3,1,4,2,2,12,1.71,4,0.43,0.86,2,0.57,0.29,2.33,1.16
USL Championship,San Antonio,8,3,3,2,5,5,0,12,1.5,4,0.38,0.75,0,0.62,0.62,2.63,1.33
USL Championship,Louisville City,5,3,2,0,4,1,3,11,2.2,6,0.6,1.0,3,0.8,0.2,1.67,1.0
USL Championship,Lexington,7,2,4,1,4,3,1,10,1.43,7,0.29,0.86,1,0.57,0.43,3.45,1.16
USL Championship,Miami FC,7,3,1,3,6,8,-2,10,1.43,7,0.43,0.57,-2,0.86,1.14,2.33,1.75
USL Championship,Sacramento R.,6,2,2,2,5,3,2,8,1.33,9,0.33,0.67,2,0.83,0.5,3.03,1.49
USL Championship,Loudoun Utd,5,2,2,1,4,2,2,8,1.6,9,0.4,0.8,2,0.8,0.4,2.5,1.25
USL Championship,Pittsburgh,4,2,2,0,2,0,2,8,2.0,9,0.5,1.0,2,0.5,0.0,2.0,1.0
USL Championship,Las Vegas L.,8,1,5,2,2,5,-3,8,1.0,9,0.12,0.75,-3,0.25,0.62,8.33,1.33
USL Championship,Detroit City,4,2,1,1,5,3,2,7,1.75,13,0.5,0.75,2,1.25,0.75,2.0,1.33
USL Championship,Phoenix Rising,6,2,1,3,4,5,-1,7,1.17,13,0.33,0.5,-1,0.67,0.83,3.03,2.0
USL Championship,Oakland Roots,7,1,4,2,3,6,-3,7,1.0,13,0.14,0.71,-3,0.43,0.86,7.14,1.41
USL Championship,New Mexico,5,1,3,1,2,2,0,6,1.2,16,0.2,0.8,0,0.4,0.4,5.0,1.25
USL Championship,Monterey Bay,6,1,3,2,4,5,-1,6,1.0,16,0.17,0.67,-1,0.67,0.83,5.88,1.49
USL Championship,Colorado S.,4,1,2,1,2,2,0,5,1.25,18,0.25,0.75,0,0.5,0.5,4.0,1.33
USL Championship,Tampa Bay,5,1,2,2,1,4,-3,5,1.0,18,0.2,0.6,-3,0.2,0.8,5.0,1.67
USL Championship,Hartford A.,5,0,4,1,1,2,-1,4,0.8,20,0.0,0.8,-1,0.2,0.4,0.0,1.25
USL Championship,Indy Eleven,5,1,1,3,5,8,-3,4,0.8,20,0.2,0.4,-3,1.0,1.6,5.0,2.5
USL Championship,FC Tulsa,5,0,3,2,1,3,-2,3,0.6,22,0.0,0.6,-2,0.2,0.6,0.0,1.67
USL Championship,Birmingham L.,6,0,3,3,3,6,-3,3,0.5,22,0.0,0.5,-3,0.5,1.0,0.0,2.0
USL Championship,Rhode Island,4,0,2,2,0,2,-2,2,0.5,24,0.0,0.5,-2,0.0,0.5,0.0,2.0
USA - USL League One,Spokane V.,6,3,3,0,4,1,3,12,2.0,1,0.5,1.0,3,0.67,0.17,2.0,1.0
USA - USL League One,Naples,6,3,2,1,6,3,3,11,1.83,2,0.5,0.83,3,1.0,0.5,2.0,1.2
USA - USL League One,Alta,6,2,3,1,5,4,1,9,1.5,3,0.33,0.83,1,0.83,0.67,3.03,1.2
USA - USL League One,Westchester SC,4,2,2,0,5,2,3,8,2.0,4,0.5,1.0,3,1.25,0.5,2.0,1.0
USA - USL League One,Texoma,6,2,2,2,4,4,0,8,1.33,4,0.33,0.67,0,0.67,0.67,3.03,1.49
USA - USL League One,Chattanooga RW,5,1,4,0,3,2,1,7,1.4,6,0.2,1.0,1,0.6,0.4,5.0,1.0
USA - USL League One,Charlotte I.,5,1,4,0,2,1,1,7,1.4,6,0.2,1.0,1,0.4,0.2,5.0,1.0
USA - USL League One,Richmond K.,6,1,4,1,6,6,0,7,1.17,6,0.17,0.83,0,1.0,1.0,5.88,1.2
USA - USL League One,Tormenta,7,2,1,4,6,7,-1,7,1.0,6,0.29,0.43,-1,0.86,1.0,3.45,2.33
USA - USL League One,Greenville,7,1,3,3,4,6,-2,6,0.86,10,0.14,0.57,-2,0.57,0.86,7.14,1.75
USA - USL League One,Portland Hearts,2,1,1,0,2,1,1,4,2.0,11,0.5,1.0,1,1.0,0.5,2.0,1.0
USA - USL League One,Forward Madison,4,0,3,1,1,2,-1,3,0.75,12,0.0,0.75,-1,0.25,0.5,0.0,1.33
USA - USL League One,One Knoxville,1,0,1,0,0,0,0,1,1.0,13,0.0,1.0,0,0.0,0.0,0.0,1.0
USA - USL League One,Union Omaha,1,0,0,1,0,1,-1,0,0.0,14,0.0,0.0,-1,0.0,1.0,0.0,0.0
