League,Team_Home,GP,W,D,L,GF,GA,GD,Pts,PPG_HT_Home,Rank_Home,PIH,PIH_HA,GD_Home,GF_AVG_Home,Odd_Justa_MO,Odd_Justa_HA
Argentina - Liga Profesional,Argentinos Jrs,9,5,3,1,10,1,9,18,2.0,1,0.56,0.89,9,1.11,1.79,1.12
Argentina - Liga Profesional,Banfield,8,5,3,0,7,0,7,18,2.25,1,0.62,1.0,7,0.88,1.61,1.0
Argentina - Liga Profesional,Rosario Central,7,5,1,1,7,2,5,16,2.29,3,0.71,0.86,5,1.0,1.41,1.16
Argentina - Liga Profesional,Independiente,8,4,3,1,8,1,7,15,1.88,4,0.5,0.88,7,1.0,2.0,1.14
Argentina - Liga Profesional,Barracas C.,8,4,3,1,6,3,3,15,1.88,4,0.5,0.88,3,0.75,2.0,1.14
Argentina - Liga Profesional,Boca Juniors,8,3,5,0,5,1,4,14,1.75,6,0.38,1.0,4,0.62,2.63,1.0
Argentina - Liga Profesional,Central Cordoba,9,3,5,1,5,3,2,14,1.56,6,0.33,0.89,2,0.56,3.03,1.12
Argentina - Liga Profesional,Tigre,8,3,4,1,5,2,3,13,1.62,8,0.38,0.88,3,0.62,2.63,1.14
Argentina - Liga Profesional,Racing Club,7,4,1,2,4,3,1,13,1.86,8,0.57,0.71,1,0.57,1.75,1.41
Argentina - Liga Profesional,River Plate,9,2,6,1,6,4,2,12,1.33,10,0.22,0.89,2,0.67,4.55,1.12
Argentina - Liga Profesional,Newells,8,3,3,2,4,2,2,12,1.5,10,0.38,0.75,2,0.5,2.63,1.33
Argentina - Liga Profesional,Gimnasia,8,3,3,2,3,2,1,12,1.5,10,0.38,0.75,1,0.38,2.63,1.33
Argentina - Liga Profesional,A. Tucuman,8,3,2,3,8,5,3,11,1.38,13,0.38,0.62,3,1.0,2.63,1.61
Argentina - Liga Profesional,Lanus,8,2,5,1,4,2,2,11,1.38,13,0.25,0.88,2,0.5,4.0,1.14
Argentina - Liga Profesional,Huracan,8,2,5,1,3,2,1,11,1.38,13,0.25,0.88,1,0.38,4.0,1.14
Argentina - Liga Profesional,Union Santa Fe,9,2,5,2,4,4,0,11,1.22,13,0.22,0.78,0,0.44,4.55,1.28
Argentina - Liga Profesional,Belgrano,8,3,2,3,5,7,-2,11,1.38,13,0.38,0.62,-2,0.62,2.63,1.61
Argentina - Liga Profesional,Instituto,7,2,4,1,3,2,1,10,1.43,18,0.29,0.86,1,0.43,3.45,1.16
Argentina - Liga Profesional,D. Riestra,8,1,7,0,1,0,1,10,1.25,18,0.12,1.0,1,0.12,8.33,1.0
Argentina - Liga Profesional,Godoy Cruz,8,2,4,2,2,3,-1,10,1.25,18,0.25,0.75,-1,0.25,4.0,1.33
Argentina - Liga Profesional,Estudiantes,7,2,3,2,5,3,2,9,1.29,21,0.29,0.71,2,0.71,3.45,1.41
Argentina - Liga Profesional,Defensa y J.,7,1,6,0,1,0,1,9,1.29,21,0.14,1.0,1,0.14,7.14,1.0
Argentina - Liga Profesional,I. Rivadavia,8,2,3,3,3,5,-2,9,1.12,21,0.25,0.62,-2,0.38,4.0,1.61
Argentina - Liga Profesional,San Lorenzo,8,0,8,0,3,3,0,8,1.0,24,0.0,1.0,0,0.38,0.0,1.0
Argentina - Liga Profesional,T. de Cordoba,8,1,5,2,4,5,-1,8,1.0,24,0.12,0.75,-1,0.5,8.33,1.33
Argentina - Liga Profesional,Platense,8,1,5,2,2,3,-1,8,1.0,24,0.12,0.75,-1,0.25,8.33,1.33
Argentina - Liga Profesional,Sarmiento,8,1,5,2,2,3,-1,8,1.0,24,0.12,0.75,-1,0.25,8.33,1.33
Argentina - Liga Profesional,SM San Juan,9,1,5,3,1,4,-3,8,0.89,24,0.11,0.67,-3,0.11,9.09,1.49
Argentina - Liga Profesional,Aldosivi,8,2,1,5,4,10,-6,7,0.88,29,0.25,0.38,-6,0.5,4.0,2.63
Argentina - Liga Profesional,Velez Sarsfield,8,0,5,3,0,4,-4,5,0.62,30,0.0,0.62,-4,0.0,0.0,1.61
Argentina - Primera B,Excursionistas,7,5,2,0,6,0,6,17,2.43,1,0.71,1.0,6,0.86,1.41,1.0
Argentina - Primera B,V. San Carlos,7,4,3,0,7,2,5,15,2.14,2,0.57,1.0,5,1.0,1.75,1.0
Argentina - Primera B,Real Pilar,7,4,2,1,6,3,3,14,2.0,3,0.57,0.86,3,0.86,1.75,1.16
Argentina - Primera B,SM Burzaco,7,4,2,1,4,1,3,14,2.0,3,0.57,0.86,3,0.57,1.75,1.16
Argentina - Primera B,Acassuso,7,3,4,0,4,0,4,13,1.86,5,0.43,1.0,4,0.57,2.33,1.0
Argentina - Primera B,Midland,7,3,4,0,4,0,4,13,1.86,5,0.43,1.0,4,0.57,2.33,1.0
Argentina - Primera B,Comunicaciones,7,3,3,1,4,1,3,12,1.71,7,0.43,0.86,3,0.57,2.33,1.16
Argentina - Primera B,Dock Sud,7,3,3,1,6,4,2,12,1.71,7,0.43,0.86,2,0.86,2.33,1.16
Argentina - Primera B,D. Laferrere,7,3,2,2,6,2,4,11,1.57,9,0.43,0.71,4,0.86,2.33,1.41
Argentina - Primera B,A. Quilmes,8,3,2,3,4,3,1,11,1.38,9,0.38,0.62,1,0.5,2.63,1.61
Argentina - Primera B,Liniers,7,2,4,1,3,1,2,10,1.43,11,0.29,0.86,2,0.43,3.45,1.16
Argentina - Primera B,Villa Dalmine,8,1,6,1,5,6,-1,9,1.12,12,0.12,0.88,-1,0.62,8.33,1.14
Argentina - Primera B,UAI Urquiza,7,2,3,2,3,4,-1,9,1.29,12,0.29,0.71,-1,0.43,3.45,1.41
Argentina - Primera B,S. Italiano,7,1,5,1,1,1,0,8,1.14,14,0.14,0.86,0,0.14,7.14,1.16
Argentina - Primera B,Argentino Merlo,8,1,5,2,2,3,-1,8,1.0,14,0.12,0.75,-1,0.25,8.33,1.33
Argentina - Primera B,Brown de A.,7,1,5,1,1,2,-1,8,1.14,14,0.14,0.86,-1,0.14,7.14,1.16
Argentina - Primera B,D. Armenio,7,1,4,2,4,5,-1,7,1.0,17,0.14,0.71,-1,0.57,7.14,1.41
Argentina - Primera B,Flandria,7,1,4,2,1,2,-1,7,1.0,17,0.14,0.71,-1,0.14,7.14,1.41
Argentina - Primera B,Deportivo Merlo,7,1,3,3,2,3,-1,6,0.86,19,0.14,0.57,-1,0.29,7.14,1.75
Argentina - Primera B,Sacachispas,7,1,3,3,2,4,-2,6,0.86,19,0.14,0.57,-2,0.29,7.14,1.75
Argentina - Primera B,Fenix,7,0,5,2,1,4,-3,5,0.71,21,0.0,0.71,-3,0.14,0.0,1.41
Armenia - Premier League,Noah,14,10,4,0,22,4,18,34,2.43,1,0.71,1.0,18,1.57,1.41,1.0
Armenia - Premier League,Ararat-Armenia,13,9,2,2,15,6,9,29,2.23,2,0.69,0.85,9,1.15,1.45,1.18
Armenia - Premier League,Van,14,7,3,4,18,10,8,24,1.71,3,0.5,0.71,8,1.29,2.0,1.41
Armenia - Premier League,Urartu,13,6,5,2,15,5,10,23,1.77,4,0.46,0.85,10,1.15,2.17,1.18
Armenia - Premier League,Pyunik,15,5,6,4,11,7,4,21,1.4,5,0.33,0.73,4,0.73,3.03,1.37
Armenia - Premier League,Shirak,14,3,8,3,4,5,-1,17,1.21,6,0.21,0.79,-1,0.29,4.76,1.27
Armenia - Premier League,Ararat Yerevan,14,4,5,5,9,11,-2,17,1.21,6,0.29,0.64,-2,0.64,3.45,1.56
Armenia - Premier League,BKMA,14,3,6,5,8,11,-3,15,1.07,8,0.21,0.64,-3,0.57,4.76,1.56
Armenia - Premier League,Alashkert,14,3,5,6,6,9,-3,14,1.0,9,0.21,0.57,-3,0.43,4.76,1.75
Armenia - Premier League,West Armenia,13,3,4,6,5,12,-7,13,1.0,10,0.23,0.54,-7,0.38,4.35,1.85
Armenia - Premier League,Gandzasar,13,1,4,8,3,14,-11,7,0.54,11,0.08,0.38,-11,0.23,12.5,2.63
Australia - A-League,Auckland,13,7,5,1,13,5,8,26,2.0,1,0.54,0.92,8,1.0,1.85,1.09
Australia - A-League,Western United,13,7,3,3,12,6,6,24,1.85,2,0.54,0.77,6,0.92,1.85,1.3
Australia - A-League,Melbourne V.,13,6,6,1,11,5,6,24,1.85,2,0.46,0.92,6,0.85,2.17,1.09
Australia - A-League,Melbourne City,13,7,3,3,9,5,4,24,1.85,2,0.54,0.77,4,0.69,1.85,1.3
Australia - A-League,Adelaide Utd,13,6,5,2,15,11,4,23,1.77,5,0.46,0.85,4,1.15,2.17,1.18
Australia - A-League,Sydney FC,13,4,6,3,15,14,1,18,1.38,6,0.31,0.77,1,1.15,3.23,1.3
Australia - A-League,WS Wanderers,13,5,3,5,14,14,0,18,1.38,6,0.38,0.62,0,1.08,2.63,1.61
Australia - A-League,Macarthur FC,13,4,4,5,11,10,1,16,1.23,8,0.31,0.62,1,0.85,3.23,1.61
Australia - A-League,Newcastle Jets,13,3,6,4,8,12,-4,15,1.15,9,0.23,0.69,-4,0.62,4.35,1.45
Australia - A-League,Wellington,13,2,8,3,5,6,-1,14,1.08,10,0.15,0.77,-1,0.38,6.67,1.3
Australia - A-League,Brisbane Roar,13,3,5,5,6,9,-3,14,1.08,10,0.23,0.62,-3,0.46,4.35,1.61
Australia - A-League,Central Coast,13,3,5,5,7,13,-6,14,1.08,10,0.23,0.62,-6,0.54,4.35,1.61
Australia - A-League,Perth Glory,13,3,5,5,6,12,-6,14,1.08,10,0.23,0.62,-6,0.46,4.35,1.61
Austria - Bundesliga,Rapid Wien,11,7,4,0,14,4,10,25,2.27,1,0.64,1.0,10,1.27,1.56,1.0
Austria - Bundesliga,Sturm Graz,11,6,3,2,14,4,10,21,1.91,2,0.55,0.82,10,1.27,1.82,1.22
Austria - Bundesliga,Salzburg,11,6,3,2,9,3,6,21,1.91,2,0.55,0.82,6,0.82,1.82,1.22
Austria - Bundesliga,BW Linz,11,2,8,1,8,6,2,14,1.27,4,0.18,0.91,2,0.73,5.56,1.1
Austria - Bundesliga,Wolfsberger AC,11,3,4,4,6,4,2,13,1.18,5,0.27,0.64,2,0.55,3.7,1.56
Austria - Bundesliga,Austria Wien,11,3,4,4,6,7,-1,13,1.18,5,0.27,0.64,-1,0.55,3.7,1.56
Austria - Bundesliga,LASK Linz,11,3,4,4,6,8,-2,13,1.18,5,0.27,0.64,-2,0.55,3.7,1.56
Austria - Bundesliga,A. Klagenfurt,11,2,6,3,7,7,0,12,1.09,8,0.18,0.73,0,0.64,5.56,1.37
Austria - Bundesliga,Grazer AK,11,2,5,4,7,8,-1,11,1.0,9,0.18,0.64,-1,0.64,5.56,1.56
Austria - Bundesliga,Tirol,11,1,8,2,3,4,-1,11,1.0,9,0.09,0.82,-1,0.27,11.11,1.22
Austria - Bundesliga,Altach,11,1,6,4,3,6,-3,9,0.82,11,0.09,0.64,-3,0.27,11.11,1.56
Austria - Bundesliga,Hartberg,11,1,5,5,2,6,-4,8,0.73,12,0.09,0.55,-4,0.18,11.11,1.82
Austria - 2. Liga,Sturm Graz B,15,7,5,3,13,7,6,26,1.73,1,0.47,0.8,6,0.87,2.13,1.25
Austria - 2. Liga,Ried,14,5,9,0,14,5,9,24,1.71,2,0.36,1.0,9,1.0,2.78,1.0
Austria - 2. Liga,Kapfenberger,14,6,6,2,15,7,8,24,1.71,2,0.43,0.86,8,1.07,2.33,1.16
Austria - 2. Liga,Admira Wacker,14,6,6,2,14,7,7,24,1.71,2,0.43,0.86,7,1.0,2.33,1.16
Austria - 2. Liga,Rapid Wien B,14,6,4,4,15,8,7,22,1.57,5,0.43,0.71,7,1.07,2.33,1.41
Austria - 2. Liga,Liefering,15,5,7,3,10,8,2,22,1.47,5,0.33,0.8,2,0.67,3.03,1.25
Austria - 2. Liga,Bregenz,15,6,4,5,11,10,1,22,1.47,5,0.4,0.67,1,0.73,2.5,1.49
Austria - 2. Liga,St. Polten,15,4,9,2,9,3,6,21,1.4,8,0.27,0.87,6,0.6,3.7,1.15
Austria - 2. Liga,Amstetten,14,5,5,4,11,10,1,20,1.43,9,0.36,0.71,1,0.79,2.78,1.41
Austria - 2. Liga,First Vienna,15,5,4,6,12,8,4,19,1.27,10,0.33,0.6,4,0.8,3.03,1.67
Austria - 2. Liga,Floridsdorfer,14,4,6,4,6,7,-1,18,1.29,11,0.29,0.71,-1,0.43,3.45,1.41
Austria - 2. Liga,SV Horn,15,4,5,6,13,16,-3,17,1.13,12,0.27,0.6,-3,0.87,3.7,1.67
Austria - 2. Liga,Stripfing,15,3,7,5,6,10,-4,16,1.07,13,0.2,0.67,-4,0.4,5.0,1.49
Austria - 2. Liga,Voitsberg,15,2,8,5,5,9,-4,14,0.93,14,0.13,0.67,-4,0.33,7.69,1.49
Austria - 2. Liga,Lafnitz,14,3,5,6,10,16,-6,14,1.0,14,0.21,0.57,-6,0.71,4.76,1.75
Austria - 2. Liga,A. Lustenau,14,1,9,4,4,9,-5,12,0.86,16,0.07,0.71,-5,0.29,14.29,1.41
Belgium - First Division A,Royale Union SG,15,9,5,1,14,2,12,32,2.13,1,0.6,0.93,12,0.93,1.67,1.08
Belgium - First Division A,Club Brugge,15,7,7,1,15,6,9,28,1.87,2,0.47,0.93,9,1.0,2.13,1.08
Belgium - First Division A,KRC Genk,15,6,8,1,10,4,6,26,1.73,3,0.4,0.93,6,0.67,2.5,1.08
Belgium - First Division A,Anderlecht,15,6,6,3,14,8,6,24,1.6,4,0.4,0.8,6,0.93,2.5,1.25
Belgium - First Division A,Gent,15,7,3,5,14,8,6,24,1.6,4,0.47,0.67,6,0.93,2.13,1.49
Belgium - First Division A,Sint-Truiden,15,7,3,5,12,12,0,24,1.6,4,0.47,0.67,0,0.8,2.13,1.49
Belgium - First Division A,Westerlo,15,6,5,4,15,12,3,23,1.53,7,0.4,0.73,3,1.0,2.5,1.37
Belgium - First Division A,Antwerp,15,6,4,5,12,8,4,22,1.47,8,0.4,0.67,4,0.8,2.5,1.49
Belgium - First Division A,Standard Liege,15,4,9,2,6,2,4,21,1.4,9,0.27,0.87,4,0.4,3.7,1.15
Belgium - First Division A,Charleroi,15,5,6,4,8,6,2,21,1.4,9,0.33,0.73,2,0.53,3.03,1.37
Belgium - First Division A,KV Mechelen,15,6,3,6,12,12,0,21,1.4,9,0.4,0.6,0,0.8,2.5,1.67
Belgium - First Division A,OH Leuven,15,3,10,2,8,6,2,19,1.27,12,0.2,0.87,2,0.53,5.0,1.15
Belgium - First Division A,Kortrijk,15,5,4,6,7,9,-2,19,1.27,12,0.33,0.6,-2,0.47,3.03,1.67
Belgium - First Division A,Cercle Brugge,15,3,9,3,8,9,-1,18,1.2,14,0.2,0.8,-1,0.53,5.0,1.25
Belgium - First Division A,Dender,15,4,6,5,7,8,-1,18,1.2,14,0.27,0.67,-1,0.47,3.7,1.49
Belgium - First Division A,Beerschot,15,4,4,7,5,14,-9,16,1.07,16,0.27,0.53,-9,0.33,3.7,1.89
Brazil - Serie A,Ceara,5,3,2,0,4,1,3,11,2.2,1,0.6,1.0,3,0.8,1.67,1.0
Brazil - Serie A,Flamengo,4,3,0,1,7,1,6,9,2.25,2,0.75,0.75,6,1.75,1.33,1.33
Brazil - Serie A,Botafogo,4,3,0,1,5,2,3,9,2.25,2,0.75,0.75,3,1.25,1.33,1.33
Brazil - Serie A,Cruzeiro,4,2,2,0,4,2,2,8,2.0,4,0.5,1.0,2,1.0,2.0,1.0
Brazil - Serie A,Bahia,4,2,2,0,3,1,2,8,2.0,4,0.5,1.0,2,0.75,2.0,1.0
Brazil - Serie A,Gremio,5,2,2,1,3,1,2,8,1.6,4,0.4,0.8,2,0.6,2.5,1.25
Brazil - Serie A,Vasco da Gama,5,2,2,1,3,1,2,8,1.6,4,0.4,0.8,2,0.6,2.5,1.25
Brazil - Serie A,Internacional,3,2,1,0,4,1,3,7,2.33,8,0.67,1.0,3,1.33,1.49,1.0
Brazil - Serie A,Fortaleza,4,2,1,1,3,1,2,7,1.75,8,0.5,0.75,2,0.75,2.0,1.33
Brazil - Serie A,Juventude,4,2,1,1,4,3,1,7,1.75,8,0.5,0.75,1,1.0,2.0,1.33
Brazil - Serie A,Bragantino,4,2,1,1,3,2,1,7,1.75,8,0.5,0.75,1,0.75,2.0,1.33
Brazil - Serie A,Fluminense,4,2,1,1,2,1,1,7,1.75,8,0.5,0.75,1,0.5,2.0,1.33
Brazil - Serie A,Palmeiras,4,1,3,0,2,0,2,6,1.5,13,0.25,1.0,2,0.5,4.0,1.0
Brazil - Serie A,Mirassol,4,2,0,2,3,2,1,6,1.5,13,0.5,0.5,1,0.75,2.0,2.0
Brazil - Serie A,Sao Paulo,5,1,3,1,2,2,0,6,1.2,13,0.2,0.8,0,0.4,5.0,1.25
Brazil - Serie A,Santos,4,1,2,1,2,1,1,5,1.25,16,0.25,0.75,1,0.5,4.0,1.33
Brazil - Serie A,Corinthians,4,1,1,2,3,3,0,4,1.0,17,0.25,0.5,0,0.75,4.0,2.0
Brazil - Serie A,Atletico MG,4,0,4,0,0,0,0,4,1.0,17,0.0,1.0,0,0.0,0.0,1.0
Brazil - Serie A,Vitoria,4,1,1,2,1,2,-1,4,1.0,17,0.25,0.5,-1,0.25,4.0,2.0
Brazil - Serie A,Sport Recife,4,0,2,2,1,5,-4,2,0.5,20,0.0,0.5,-4,0.25,0.0,2.0
Brazil - Serie B,Remo,4,4,0,0,4,0,4,12,3.0,1,1.0,1.0,4,1.0,1.0,1.0
Brazil - Serie B,Vila Nova,4,3,1,0,5,0,5,10,2.5,2,0.75,1.0,5,1.25,1.33,1.0
Brazil - Serie B,Goias,4,2,2,0,4,2,2,8,2.0,3,0.5,1.0,2,1.0,2.0,1.0
Brazil - Serie B,Avai,4,2,2,0,3,1,2,8,2.0,3,0.5,1.0,2,0.75,2.0,1.0
Brazil - Serie B,Athletic Club,4,2,2,0,2,0,2,8,2.0,3,0.5,1.0,2,0.5,2.0,1.0
Brazil - Serie B,Atletico GO,3,2,1,0,3,1,2,7,2.33,6,0.67,1.0,2,1.0,1.49,1.0
Brazil - Serie B,CRB,3,2,1,0,3,1,2,7,2.33,6,0.67,1.0,2,1.0,1.49,1.0
Brazil - Serie B,Athletico PR,4,2,1,1,3,2,1,7,1.75,6,0.5,0.75,1,0.75,2.0,1.33
Brazil - Serie B,Criciuma,4,1,3,0,4,1,3,6,1.5,9,0.25,1.0,3,1.0,4.0,1.0
Brazil - Serie B,America MG,4,1,3,0,2,1,1,6,1.5,9,0.25,1.0,1,0.5,4.0,1.0
Brazil - Serie B,Chapecoense,4,1,3,0,2,1,1,6,1.5,9,0.25,1.0,1,0.5,4.0,1.0
Brazil - Serie B,Operario PR,4,1,3,0,1,0,1,6,1.5,9,0.25,1.0,1,0.25,4.0,1.0
Brazil - Serie B,Coritiba,3,1,2,0,2,0,2,5,1.67,13,0.33,1.0,2,0.67,3.03,1.0
Brazil - Serie B,Novorizontino,4,1,2,1,2,2,0,5,1.25,13,0.25,0.75,0,0.5,4.0,1.33
Brazil - Serie B,Ferroviaria,4,1,1,2,2,3,-1,4,1.0,15,0.25,0.5,-1,0.5,4.0,2.0
Brazil - Serie B,Botafogo SP,4,1,1,2,2,4,-2,4,1.0,15,0.25,0.5,-2,0.5,4.0,2.0
Brazil - Serie B,Amazonas,4,1,1,2,1,3,-2,4,1.0,15,0.25,0.5,-2,0.25,4.0,2.0
Brazil - Serie B,Cuiaba,4,1,1,2,1,3,-2,4,1.0,15,0.25,0.5,-2,0.25,4.0,2.0
Brazil - Serie B,Volta Redonda,3,0,2,1,0,1,-1,2,0.67,19,0.0,0.67,-1,0.0,0.0,1.49
Brazil - Serie B,Paysandu,3,0,2,1,2,4,-2,2,0.67,19,0.0,0.67,-2,0.67,0.0,1.49
Brazil - Serie C,Tombense,3,2,1,0,4,1,3,7,2.33,1,0.67,1.0,3,1.33,1.49,1.0
Brazil - Serie C,Ponte Preta,3,2,0,1,3,1,2,6,2.0,2,0.67,0.67,2,1.0,1.49,1.49
Brazil - Serie C,Ypiranga,3,2,0,1,3,3,0,6,2.0,2,0.67,0.67,0,1.0,1.49,1.49
Brazil - Serie C,Nautico,3,1,2,0,2,0,2,5,1.67,4,0.33,1.0,2,0.67,3.03,1.0
Brazil - Serie C,Brusque,3,1,2,0,1,0,1,5,1.67,4,0.33,1.0,1,0.33,3.03,1.0
Brazil - Serie C,Floresta,3,1,2,0,1,0,1,5,1.67,4,0.33,1.0,1,0.33,3.03,1.0
Brazil - Serie C,Ituano,3,1,2,0,1,0,1,5,1.67,4,0.33,1.0,1,0.33,3.03,1.0
Brazil - Serie C,Confianca,2,1,1,0,2,1,1,4,2.0,8,0.5,1.0,1,1.0,2.0,1.0
Brazil - Serie C,Londrina,3,1,1,1,2,1,1,4,1.33,8,0.33,0.67,1,0.67,3.03,1.49
Brazil - Serie C,Botafogo PB,3,1,1,1,1,1,0,4,1.33,8,0.33,0.67,0,0.33,3.03,1.49
Brazil - Serie C,Caxias,3,1,1,1,1,1,0,4,1.33,8,0.33,0.67,0,0.33,3.03,1.49
Brazil - Serie C,Guarani,3,1,0,2,2,3,-1,3,1.0,12,0.33,0.33,-1,0.67,3.03,3.03
Brazil - Serie C,Itabaiana,3,1,0,2,1,2,-1,3,1.0,12,0.33,0.33,-1,0.33,3.03,3.03
Brazil - Serie C,ABC,2,0,2,0,1,1,0,2,1.0,14,0.0,1.0,0,0.5,0.0,1.0
Brazil - Serie C,Maringa,2,0,2,0,1,1,0,2,1.0,14,0.0,1.0,0,0.5,0.0,1.0
Brazil - Serie C,Sao Bernardo,2,0,2,0,0,0,0,2,1.0,14,0.0,1.0,0,0.0,0.0,1.0
Brazil - Serie C,CSA,3,0,2,1,3,4,-1,2,0.67,14,0.0,0.67,-1,1.0,0.0,1.49
Brazil - Serie C,Anapolis,3,0,2,1,0,1,-1,2,0.67,14,0.0,0.67,-1,0.0,0.0,1.49
Brazil - Serie C,Figueirense,2,0,1,1,1,2,-1,1,0.5,19,0.0,0.5,-1,0.5,0.0,2.0
Brazil - Serie C,Retro,2,0,1,1,0,1,-1,1,0.5,19,0.0,0.5,-1,0.0,0.0,2.0
Bulgaria - Parva Liga,Ludogorets,17,11,6,0,15,0,15,39,2.29,1,0.65,1.0,15,0.88,1.54,1.0
Bulgaria - Parva Liga,Levski Sofia,18,11,4,3,16,6,10,37,2.06,2,0.61,0.83,10,0.89,1.64,1.2
Bulgaria - Parva Liga,Arda,17,10,4,3,18,8,10,34,2.0,3,0.59,0.82,10,1.06,1.69,1.22
Bulgaria - Parva Liga,CSKA Sofia,18,10,4,4,14,7,7,34,1.89,3,0.56,0.78,7,0.78,1.79,1.28
Bulgaria - Parva Liga,Slavia Sofia,18,8,6,4,17,11,6,30,1.67,5,0.44,0.78,6,0.94,2.27,1.28
Bulgaria - Parva Liga,Septemvri Sofia,18,8,6,4,12,8,4,30,1.67,5,0.44,0.78,4,0.67,2.27,1.28
Bulgaria - Parva Liga,Botev Plovdiv,17,7,7,3,11,8,3,28,1.65,7,0.41,0.82,3,0.65,2.44,1.22
Bulgaria - Parva Liga,Spartak Varna,17,7,4,6,12,9,3,25,1.47,8,0.41,0.65,3,0.71,2.44,1.54
Bulgaria - Parva Liga,Cherno More,17,5,9,3,9,6,3,24,1.41,9,0.29,0.82,3,0.53,3.45,1.22
Bulgaria - Parva Liga,CSKA 1948 Sofia,18,6,5,7,12,17,-5,23,1.28,10,0.33,0.61,-5,0.67,3.03,1.64
Bulgaria - Parva Liga,Beroe,17,4,10,3,8,6,2,22,1.29,11,0.24,0.82,2,0.47,4.17,1.22
Bulgaria - Parva Liga,Botev Vratsa,17,4,10,3,10,9,1,22,1.29,11,0.24,0.82,1,0.59,4.17,1.22
Bulgaria - Parva Liga,Lokomotiv Sofia,18,5,7,6,11,11,0,22,1.22,11,0.28,0.67,0,0.61,3.57,1.49
Bulgaria - Parva Liga,Lok. Plovdiv,17,5,6,6,8,11,-3,21,1.24,14,0.29,0.65,-3,0.47,3.45,1.54
Bulgaria - Parva Liga,L. Krumovgrad,17,5,6,6,5,9,-4,21,1.24,14,0.29,0.65,-4,0.29,3.45,1.54
Bulgaria - Parva Liga,Hebar,17,3,8,6,5,10,-5,17,1.0,16,0.18,0.65,-5,0.29,5.56,1.54
Canada - Premier League,York Utd,3,1,2,0,4,3,1,5,1.67,1,0.33,1.0,1,1.33,3.03,1.0
Canada - Premier League,Vancouver FC,4,1,2,1,1,3,-2,5,1.25,1,0.25,0.75,-2,0.25,4.0,1.33
Canada - Premier League,Pacific,3,1,1,1,3,2,1,4,1.33,3,0.33,0.67,1,1.0,3.03,1.49
Canada - Premier League,Cavalry,3,1,1,1,1,1,0,4,1.33,3,0.33,0.67,0,0.33,3.03,1.49
Canada - Premier League,HFX Wanderers,3,1,1,1,1,1,0,4,1.33,3,0.33,0.67,0,0.33,3.03,1.49
Canada - Premier League,A. Ottawa,4,1,0,3,3,4,-1,3,0.75,6,0.25,0.25,-1,0.75,4.0,4.0
Canada - Premier League,Forge,3,0,2,1,1,2,-1,2,0.67,7,0.0,0.67,-1,0.33,0.0,1.49
Canada - Premier League,Valour,3,0,1,2,0,3,-3,1,0.33,8,0.0,0.33,-3,0.0,0.0,3.03
China - Super League,Zhejiang,6,5,1,0,9,2,7,16,2.67,1,0.83,1.0,7,1.5,1.2,1.0
China - Super League,Beijing Guoan,5,5,0,0,7,1,6,15,3.0,2,1.0,1.0,6,1.4,1.0,1.0
China - Super League,Chengdu,7,4,3,0,6,2,4,15,2.14,2,0.57,1.0,4,0.86,1.75,1.0
China - Super League,S. Shenhua,7,4,2,1,10,5,5,14,2.0,4,0.57,0.86,5,1.43,1.75,1.16
China - Super League,Shanghai Port,8,3,4,1,7,4,3,13,1.62,5,0.38,0.88,3,0.88,2.63,1.14
China - Super League,Qingdao West C.,7,3,2,2,6,4,2,11,1.57,6,0.43,0.71,2,0.86,2.33,1.41
China - Super League,Shandong T.,7,1,5,1,6,4,2,8,1.14,7,0.14,0.86,2,0.86,7.14,1.16
China - Super League,Henan SL,5,2,2,1,4,3,1,8,1.6,7,0.4,0.8,1,0.8,2.5,1.25
China - Super League,Meizhou Hakka,7,2,2,3,4,7,-3,8,1.14,7,0.29,0.57,-3,0.57,3.45,1.75
China - Super League,Dalian Yingbo,6,2,1,3,3,5,-2,7,1.17,10,0.33,0.5,-2,0.5,3.03,2.0
China - Super League,Qingdao Hainiu,7,1,3,3,2,4,-2,6,0.86,11,0.14,0.57,-2,0.29,7.14,1.75
China - Super League,Yunnan Yukun,6,1,2,3,1,4,-3,5,0.83,12,0.17,0.5,-3,0.17,5.88,2.0
China - Super League,Sichuan Jiuniu,5,1,1,3,3,5,-2,4,0.8,13,0.2,0.4,-2,0.6,5.0,2.5
China - Super League,Tianjin T.,6,1,1,4,1,6,-5,4,0.67,13,0.17,0.33,-5,0.17,5.88,3.03
China - Super League,Changchun Yatai,6,0,3,3,1,4,-3,3,0.5,15,0.0,0.5,-3,0.17,0.0,2.0
China - Super League,Wuhan Three T.,6,1,0,5,4,12,-8,3,0.5,15,0.17,0.17,-8,0.67,5.88,5.88
China - League One,S. Gongfu,4,3,0,1,4,1,3,9,2.25,1,0.75,0.75,3,1.0,1.33,1.33
China - League One,Liaoning Tieren,4,2,2,0,5,2,3,8,2.0,2,0.5,1.0,3,1.25,2.0,1.0
China - League One,Shanghai Jiadin,4,2,2,0,2,0,2,8,2.0,2,0.5,1.0,2,0.5,2.0,1.0
China - League One,Shenzhen J.,4,2,1,1,6,3,3,7,1.75,4,0.5,0.75,3,1.5,2.0,1.33
China - League One,Nantong Zhiyun,5,2,1,2,5,4,1,7,1.4,4,0.4,0.6,1,1.0,2.5,1.67
China - League One,Chongqing T.,5,1,4,0,3,2,1,7,1.4,4,0.2,1.0,1,0.6,5.0,1.0
China - League One,Nanjing City,5,1,4,0,1,0,1,7,1.4,4,0.2,1.0,1,0.2,5.0,1.0
China - League One,Suzhou Dongwu,4,1,3,0,2,0,2,6,1.5,8,0.25,1.0,2,0.5,4.0,1.0
China - League One,Yanbian Longdin,3,1,2,0,2,1,1,5,1.67,9,0.33,1.0,1,0.67,3.03,1.0
China - League One,Foshan Nanshi,5,1,2,2,4,5,-1,5,1.0,9,0.2,0.6,-1,0.8,5.0,1.67
China - League One,Guangdong GZP,5,1,2,2,3,5,-2,5,1.0,9,0.2,0.6,-2,0.6,5.0,1.67
China - League One,Shaanxi Union,4,1,1,2,3,4,-1,4,1.0,12,0.25,0.5,-1,0.75,4.0,2.0
China - League One,Dalian Kuncheng,5,0,4,1,2,3,-1,4,0.8,12,0.0,0.8,-1,0.4,0.0,1.25
China - League One,Heilongjiang IC,6,0,4,2,1,4,-3,4,0.67,12,0.0,0.67,-3,0.17,0.0,1.49
China - League One,Qingdao RL,4,0,3,1,1,3,-2,3,0.75,15,0.0,0.75,-2,0.25,0.0,1.33
China - League One,Guangxi Baoyun,5,0,1,4,1,6,-5,1,0.2,16,0.0,0.2,-5,0.2,0.0,5.0
Colombia - Primera A - Apertura,A. Nacional,9,7,2,0,11,2,9,23,2.56,1,0.78,1.0,9,1.22,1.28,1.0
Colombia - Primera A - Apertura,D. Pereira,9,7,2,0,9,0,9,23,2.56,1,0.78,1.0,9,1.0,1.28,1.0
Colombia - Primera A - Apertura,Deportivo Pasto,9,6,2,1,12,3,9,20,2.22,3,0.67,0.89,9,1.33,1.49,1.12
Colombia - Primera A - Apertura,Deportes Tolima,9,5,3,1,8,3,5,18,2.0,4,0.56,0.89,5,0.89,1.79,1.12
Colombia - Primera A - Apertura,Junior,10,5,3,2,7,4,3,18,1.8,4,0.5,0.8,3,0.7,2.0,1.25
Colombia - Primera A - Apertura,Once Caldas,9,4,5,0,8,4,4,17,1.89,6,0.44,1.0,4,0.89,2.27,1.0
Colombia - Primera A - Apertura,A. Petrolera,9,4,4,1,6,3,3,16,1.78,7,0.44,0.89,3,0.67,2.27,1.12
Colombia - Primera A - Apertura,Millonarios,9,4,4,1,4,1,3,16,1.78,7,0.44,0.89,3,0.44,2.27,1.12
Colombia - Primera A - Apertura,Santa Fe,10,4,4,2,8,6,2,16,1.6,7,0.4,0.8,2,0.8,2.5,1.25
Colombia - Primera A - Apertura,A. Bucaramanga,9,4,3,2,5,3,2,15,1.67,10,0.44,0.78,2,0.56,2.27,1.28
Colombia - Primera A - Apertura,America de Cali,9,3,5,1,6,3,3,14,1.56,11,0.33,0.89,3,0.67,3.03,1.12
Colombia - Primera A - Apertura,Llaneros,9,4,2,3,6,4,2,14,1.56,11,0.44,0.67,2,0.67,2.27,1.49
Colombia - Primera A - Apertura,Deportivo Cali,10,3,5,2,5,3,2,14,1.4,11,0.3,0.8,2,0.5,3.33,1.25
Colombia - Primera A - Apertura,I. Medelin,9,3,4,2,4,2,2,13,1.44,14,0.33,0.78,2,0.44,3.03,1.28
Colombia - Primera A - Apertura,Fortaleza CEIF,9,3,4,2,6,6,0,13,1.44,14,0.33,0.78,0,0.67,3.03,1.28
Colombia - Primera A - Apertura,Boyaca Chico,10,2,5,3,4,5,-1,11,1.1,16,0.2,0.7,-1,0.4,5.0,1.43
Colombia - Primera A - Apertura,R. Aguilas,9,1,6,2,3,4,-1,9,1.0,17,0.11,0.78,-1,0.33,9.09,1.28
Colombia - Primera A - Apertura,Envigado,9,1,5,3,4,7,-3,8,0.89,18,0.11,0.67,-3,0.44,9.09,1.49
Colombia - Primera A - Apertura,La Equidad,10,1,5,4,3,9,-6,8,0.8,18,0.1,0.6,-6,0.3,10.0,1.67
Colombia - Primera A - Apertura,Union Magdalena,8,0,7,1,1,2,-1,7,0.88,20,0.0,0.88,-1,0.12,0.0,1.14
Colombia - Primera B - Apertura,Inter Palmira,7,4,3,0,5,0,5,15,2.14,1,0.57,1.0,5,0.71,1.75,1.0
Colombia - Primera B - Apertura,Tigres,7,4,3,0,5,0,5,15,2.14,1,0.57,1.0,5,0.71,1.75,1.0
Colombia - Primera B - Apertura,Cucuta,8,4,3,1,8,5,3,15,1.88,1,0.5,0.88,3,1.0,2.0,1.14
Colombia - Primera B - Apertura,Real Cartagena,7,4,2,1,7,3,4,14,2.0,4,0.57,0.86,4,1.0,1.75,1.16
Colombia - Primera B - Apertura,Patriotas,7,4,2,1,6,2,4,14,2.0,4,0.57,0.86,4,0.86,1.75,1.16
Colombia - Primera B - Apertura,R. Cundinamarca,8,3,3,2,8,3,5,12,1.5,6,0.38,0.75,5,1.0,2.63,1.33
Colombia - Primera B - Apertura,D. Quindio,8,2,5,1,4,3,1,11,1.38,7,0.25,0.88,1,0.5,4.0,1.14
Colombia - Primera B - Apertura,Leones,8,2,4,2,8,5,3,10,1.25,8,0.25,0.75,3,1.0,4.0,1.33
Colombia - Primera B - Apertura,Jaguares de C.,8,2,4,2,7,5,2,10,1.25,8,0.25,0.75,2,0.88,4.0,1.33
Colombia - Primera B - Apertura,Atletico Huila,7,2,4,1,3,3,0,10,1.43,8,0.29,0.86,0,0.43,3.45,1.16
Colombia - Primera B - Apertura,Orsomarso,7,2,2,3,5,6,-1,8,1.14,11,0.29,0.57,-1,0.71,3.45,1.75
Colombia - Primera B - Apertura,Barranquilla,8,1,5,2,2,4,-2,8,1.0,11,0.12,0.75,-2,0.25,8.33,1.33
Colombia - Primera B - Apertura,Real Santander,8,2,2,4,3,7,-4,8,1.0,11,0.25,0.5,-4,0.38,4.0,2.0
Colombia - Primera B - Apertura,Boca Juniors,7,1,3,3,2,3,-1,6,0.86,14,0.14,0.57,-1,0.29,7.14,1.75
Colombia - Primera B - Apertura,Atletico Cali,8,1,3,4,4,9,-5,6,0.75,14,0.12,0.5,-5,0.5,8.33,2.0
Colombia - Primera B - Apertura,Bogota,8,0,4,4,4,10,-6,4,0.5,16,0.0,0.5,-6,0.5,0.0,2.0
Costa Rica - Primera Div. - Apertura,Saprissa,11,6,4,1,12,6,6,22,2.0,1,0.55,0.91,6,1.09,1.82,1.1
Costa Rica - Primera Div. - Apertura,Guanacasteca,11,5,6,0,7,1,6,21,1.91,2,0.45,1.0,6,0.64,2.22,1.0
Costa Rica - Primera Div. - Apertura,Cartagines,11,5,4,2,8,5,3,19,1.73,3,0.45,0.82,3,0.73,2.22,1.22
Costa Rica - Primera Div. - Apertura,San Carlos,11,4,6,1,9,5,4,18,1.64,4,0.36,0.91,4,0.82,2.78,1.1
Costa Rica - Primera Div. - Apertura,Santos Guapiles,11,5,3,3,8,6,2,18,1.64,4,0.45,0.73,2,0.73,2.22,1.37
Costa Rica - Primera Div. - Apertura,M. Liberia,11,5,3,3,7,6,1,18,1.64,4,0.45,0.73,1,0.64,2.22,1.37
Costa Rica - Primera Div. - Apertura,Alajuelense,11,5,2,4,10,5,5,17,1.55,7,0.45,0.64,5,0.91,2.22,1.56
Costa Rica - Primera Div. - Apertura,Zeledon,11,3,7,1,6,3,3,16,1.45,8,0.27,0.91,3,0.55,3.7,1.1
Costa Rica - Primera Div. - Apertura,Sporting SJ,11,4,4,3,8,7,1,16,1.45,8,0.36,0.73,1,0.73,2.78,1.37
Costa Rica - Primera Div. - Apertura,Santa Ana,11,2,7,2,7,7,0,13,1.18,10,0.18,0.82,0,0.64,5.56,1.22
Costa Rica - Primera Div. - Apertura,Herediano,11,3,4,4,7,8,-1,13,1.18,10,0.27,0.64,-1,0.64,3.7,1.56
Costa Rica - Primera Div. - Apertura,Puntarenas,11,1,5,5,3,6,-3,8,0.73,12,0.09,0.55,-3,0.27,11.11,1.82
Costa Rica - Primera Div. - Clausura,Saprissa,11,5,5,1,10,3,7,20,1.82,1,0.45,0.91,7,0.91,2.22,1.1
Costa Rica - Primera Div. - Clausura,Cartagines,11,5,4,2,13,4,9,19,1.73,2,0.45,0.82,9,1.18,2.22,1.22
Costa Rica - Primera Div. - Clausura,Herediano,11,5,4,2,10,6,4,19,1.73,2,0.45,0.82,4,0.91,2.22,1.22
Costa Rica - Primera Div. - Clausura,Puntarenas,11,6,1,4,8,6,2,19,1.73,2,0.55,0.64,2,0.73,1.82,1.56
Costa Rica - Primera Div. - Clausura,Santos Guapiles,11,4,6,1,10,7,3,18,1.64,5,0.36,0.91,3,0.91,2.78,1.1
Costa Rica - Primera Div. - Clausura,Alajuelense,11,3,8,0,7,3,4,17,1.55,6,0.27,1.0,4,0.64,3.7,1.0
Costa Rica - Primera Div. - Clausura,Santa Ana,11,3,6,2,6,7,-1,15,1.36,7,0.27,0.82,-1,0.55,3.7,1.22
Costa Rica - Primera Div. - Clausura,M. Liberia,11,3,4,4,7,6,1,13,1.18,8,0.27,0.64,1,0.64,3.7,1.56
Costa Rica - Primera Div. - Clausura,Sporting SJ,11,2,6,3,5,7,-2,12,1.09,9,0.18,0.73,-2,0.45,5.56,1.37
Costa Rica - Primera Div. - Clausura,Zeledon,11,2,3,6,3,9,-6,9,0.82,10,0.18,0.45,-6,0.27,5.56,2.22
Costa Rica - Primera Div. - Clausura,San Carlos,11,1,5,5,3,5,-2,8,0.73,11,0.09,0.55,-2,0.27,11.11,1.82
Costa Rica - Primera Div. - Clausura,Guanacasteca,11,1,5,5,3,9,-6,8,0.73,11,0.09,0.55,-6,0.27,11.11,1.82
Croatia - 1. NL,Orijent,16,8,8,0,12,3,9,32,2.0,1,0.5,1.0,9,0.75,2.0,1.0
Croatia - 1. NL,Vukovar,16,6,9,1,11,2,9,27,1.69,2,0.38,0.94,9,0.69,2.63,1.06
Croatia - 1. NL,Sesvete,16,7,6,3,12,5,7,27,1.69,2,0.44,0.81,7,0.75,2.27,1.23
Croatia - 1. NL,Dubrava Zagreb,16,6,7,3,11,5,6,25,1.56,4,0.38,0.81,6,0.69,2.63,1.23
Croatia - 1. NL,Opatija,16,5,8,3,8,3,5,23,1.44,5,0.31,0.81,5,0.5,3.23,1.23
Croatia - 1. NL,Bijelo Brdo,14,5,6,3,6,5,1,21,1.5,6,0.36,0.79,1,0.43,2.78,1.27
Croatia - 1. NL,Cibalia,16,4,8,4,5,6,-1,20,1.25,7,0.25,0.75,-1,0.31,4.0,1.33
Croatia - 1. NL,Rudes,14,3,7,4,6,7,-1,16,1.14,8,0.21,0.71,-1,0.43,4.76,1.41
Croatia - 1. NL,C. Zmijavci,14,3,6,5,4,9,-5,15,1.07,9,0.21,0.64,-5,0.29,4.76,1.56
Croatia - 1. NL,Dugopolje,15,2,7,6,5,10,-5,13,0.87,10,0.13,0.6,-5,0.33,7.69,1.67
Croatia - 1. NL,Jarun,14,2,7,5,5,11,-6,13,0.93,10,0.14,0.64,-6,0.36,7.14,1.56
Croatia - 1. NL,Zrinski,15,0,8,7,3,10,-7,8,0.53,12,0.0,0.53,-7,0.2,0.0,1.89
CzechRepublic - 1. Liga,Slavia Prague,17,12,4,1,20,3,17,40,2.35,1,0.71,0.94,17,1.18,1.41,1.06
CzechRepublic - 1. Liga,Viktoria Plzen,17,9,5,3,19,9,10,32,1.88,2,0.53,0.82,10,1.12,1.89,1.22
CzechRepublic - 1. Liga,Slovan Liberec,16,8,5,3,14,5,9,29,1.81,3,0.5,0.81,9,0.88,2.0,1.23
CzechRepublic - 1. Liga,Banik Ostrava,17,8,5,4,13,8,5,29,1.71,3,0.47,0.76,5,0.76,2.13,1.32
CzechRepublic - 1. Liga,Jablonec,16,7,7,2,15,4,11,28,1.75,5,0.44,0.88,11,0.94,2.27,1.14
CzechRepublic - 1. Liga,Sparta Prague,16,6,5,5,12,11,1,23,1.44,6,0.38,0.69,1,0.75,2.63,1.45
CzechRepublic - 1. Liga,Sigma Olomouc,16,6,5,5,12,14,-2,23,1.44,6,0.38,0.69,-2,0.75,2.63,1.45
CzechRepublic - 1. Liga,Mlada Boleslav,17,5,7,5,9,11,-2,22,1.29,8,0.29,0.71,-2,0.53,3.45,1.41
CzechRepublic - 1. Liga,Hradec Kralove,16,4,8,4,9,9,0,20,1.25,9,0.25,0.75,0,0.56,4.0,1.33
CzechRepublic - 1. Liga,Teplice,17,4,8,5,8,11,-3,20,1.18,9,0.24,0.71,-3,0.47,4.17,1.41
CzechRepublic - 1. Liga,Karvina,16,4,7,5,11,14,-3,19,1.19,11,0.25,0.69,-3,0.69,4.0,1.45
CzechRepublic - 1. Liga,Pardubice,17,2,11,4,3,6,-3,17,1.0,12,0.12,0.76,-3,0.18,8.33,1.32
CzechRepublic - 1. Liga,Slovacko,18,2,11,5,6,15,-9,17,0.94,12,0.11,0.72,-9,0.33,9.09,1.39
CzechRepublic - 1. Liga,Dukla Praha,16,3,7,6,4,9,-5,16,1.0,14,0.19,0.62,-5,0.25,5.26,1.61
CzechRepublic - 1. Liga,Bohemians,16,3,6,7,9,15,-6,15,0.94,15,0.19,0.56,-6,0.56,5.26,1.79
CzechRepublic - 1. Liga,C. Budejovice,17,2,6,9,3,14,-11,12,0.71,16,0.12,0.47,-11,0.18,8.33,2.13
CzechRepublic - FNL,Zlin,14,10,4,0,13,1,12,34,2.43,1,0.71,1.0,12,0.93,1.41,1.0
CzechRepublic - FNL,Chrudim,15,8,6,1,17,5,12,30,2.0,2,0.53,0.93,12,1.13,1.89,1.08
CzechRepublic - FNL,Sparta Prague B,15,5,8,2,13,8,5,23,1.53,3,0.33,0.87,5,0.87,3.03,1.15
CzechRepublic - FNL,Jihlava,15,6,5,4,12,8,4,23,1.53,3,0.4,0.73,4,0.8,2.5,1.37
CzechRepublic - FNL,Vyskov,15,5,7,3,6,6,0,22,1.47,5,0.33,0.8,0,0.4,3.03,1.25
CzechRepublic - FNL,Slavia Prague B,14,5,6,3,10,6,4,21,1.5,6,0.36,0.79,4,0.71,2.78,1.27
CzechRepublic - FNL,Vikto Zizkov,14,5,5,4,13,11,2,20,1.43,7,0.36,0.71,2,0.93,2.78,1.41
CzechRepublic - FNL,Prostejov,14,4,8,2,8,6,2,20,1.43,7,0.29,0.86,2,0.57,3.45,1.16
CzechRepublic - FNL,Taborsko,15,4,8,3,6,5,1,20,1.33,7,0.27,0.8,1,0.4,3.7,1.25
CzechRepublic - FNL,Lisen,15,5,5,5,7,10,-3,20,1.33,7,0.33,0.67,-3,0.47,3.03,1.49
CzechRepublic - FNL,Varnsdorf,15,4,6,5,12,11,1,18,1.2,11,0.27,0.67,1,0.8,3.7,1.49
CzechRepublic - FNL,Sigma Olomouc B,14,3,9,2,7,6,1,18,1.29,11,0.21,0.86,1,0.5,4.76,1.16
CzechRepublic - FNL,Vlasim,14,4,6,4,8,9,-1,18,1.29,11,0.29,0.71,-1,0.57,3.45,1.41
CzechRepublic - FNL,Opava,15,3,8,4,9,9,0,17,1.13,14,0.2,0.73,0,0.6,5.0,1.37
CzechRepublic - FNL,Zbrojovka Brno,14,3,7,4,6,9,-3,16,1.14,15,0.21,0.71,-3,0.43,4.76,1.41
CzechRepublic - FNL,Banik Ostrava B,14,2,7,5,6,10,-4,13,0.93,16,0.14,0.64,-4,0.43,7.14,1.56
Denmark - Superligaen,FC Midtjylland,15,9,3,3,18,6,12,30,2.0,1,0.6,0.8,12,1.2,1.67,1.25
Denmark - Superligaen,Nordsjaelland,16,7,8,1,23,10,13,29,1.81,2,0.44,0.94,13,1.44,2.27,1.06
Denmark - Superligaen,Randers FC,15,7,7,1,14,8,6,28,1.87,3,0.47,0.93,6,0.93,2.13,1.08
Denmark - Superligaen,AGF Aarhus,15,7,5,3,14,8,6,26,1.73,4,0.47,0.8,6,0.93,2.13,1.25
Denmark - Superligaen,Viborg,15,7,4,4,17,11,6,25,1.67,5,0.47,0.73,6,1.13,2.13,1.37
Denmark - Superligaen,SonderjyskE,15,7,2,6,15,15,0,23,1.53,6,0.47,0.6,0,1.0,2.13,1.67
Denmark - Superligaen,Silkeborg,15,5,7,3,16,8,8,22,1.47,7,0.33,0.8,8,1.07,3.03,1.25
Denmark - Superligaen,FC Kobenhavn,15,5,6,4,10,8,2,21,1.4,8,0.33,0.73,2,0.67,3.03,1.37
Denmark - Superligaen,Brondby IF,15,4,7,4,9,9,0,19,1.27,9,0.27,0.73,0,0.6,3.7,1.37
Denmark - Superligaen,Vejle BK,15,4,7,4,8,8,0,19,1.27,9,0.27,0.73,0,0.53,3.7,1.37
Denmark - Superligaen,Lyngby,15,3,7,5,4,8,-4,16,1.07,11,0.2,0.67,-4,0.27,5.0,1.49
Denmark - Superligaen,Aalborg BK,15,3,6,6,5,13,-8,15,1.0,12,0.2,0.6,-8,0.33,5.0,1.67
Denmark - 1st Division,Odense BK,15,7,6,2,16,10,6,27,1.8,1,0.47,0.87,6,1.07,2.13,1.15
Denmark - 1st Division,Hillerod,15,7,5,3,15,11,4,26,1.73,2,0.47,0.8,4,1.0,2.13,1.25
Denmark - 1st Division,Fredericia,15,6,5,4,17,9,8,23,1.53,3,0.4,0.73,8,1.13,2.5,1.37
Denmark - 1st Division,AC Horsens,16,5,8,3,8,6,2,23,1.44,3,0.31,0.81,2,0.5,3.23,1.23
Denmark - 1st Division,Kolding IF,16,5,8,3,6,6,0,23,1.44,3,0.31,0.81,0,0.38,3.23,1.23
Denmark - 1st Division,Hvidovre,15,4,9,2,8,4,4,21,1.4,6,0.27,0.87,4,0.53,3.7,1.15
Denmark - 1st Division,B 93,15,5,5,5,10,10,0,20,1.33,7,0.33,0.67,0,0.67,3.03,1.49
Denmark - 1st Division,Esbjerg,16,5,4,7,8,11,-3,19,1.19,8,0.31,0.56,-3,0.5,3.23,1.79
Denmark - 1st Division,Roskilde,16,4,6,6,8,10,-2,18,1.12,9,0.25,0.62,-2,0.5,4.0,1.61
Denmark - 1st Division,Vendsyssel,16,2,11,3,7,8,-1,17,1.06,10,0.12,0.81,-1,0.44,8.33,1.23
Denmark - 1st Division,Hobro,15,3,7,5,10,13,-3,16,1.07,11,0.2,0.67,-3,0.67,5.0,1.49
Denmark - 1st Division,HB Koge,16,2,8,6,9,14,-5,14,0.88,12,0.12,0.62,-5,0.56,8.33,1.61
Denmark - 2nd Division,Middelfart,11,7,3,1,11,5,6,24,2.18,1,0.64,0.91,6,1.0,1.56,1.1
Denmark - 2nd Division,Skive,11,5,5,1,6,1,5,20,1.82,2,0.45,0.91,5,0.55,2.22,1.1
Denmark - 2nd Division,AB Copenhagen,11,5,3,3,10,6,4,18,1.64,3,0.45,0.73,4,0.91,2.22,1.37
Denmark - 2nd Division,Aarhus Fremad,11,5,3,3,9,5,4,18,1.64,3,0.45,0.73,4,0.82,2.22,1.37
Denmark - 2nd Division,Thisted,11,4,5,2,6,6,0,17,1.55,5,0.36,0.82,0,0.55,2.78,1.22
Denmark - 2nd Division,Naestved,11,4,4,3,7,4,3,16,1.45,6,0.36,0.73,3,0.64,2.78,1.37
Denmark - 2nd Division,BK Frem,11,4,4,3,6,6,0,16,1.45,6,0.36,0.73,0,0.55,2.78,1.37
Denmark - 2nd Division,Fremad Amager,11,3,4,4,3,6,-3,13,1.18,8,0.27,0.64,-3,0.27,3.7,1.56
Denmark - 2nd Division,Helsingor,11,3,3,5,5,9,-4,12,1.09,9,0.27,0.55,-4,0.45,3.7,1.82
Denmark - 2nd Division,Ishoj,11,2,5,4,4,6,-2,11,1.0,10,0.18,0.64,-2,0.36,5.56,1.56
Denmark - 2nd Division,Hellerup IK,11,2,5,4,3,6,-3,11,1.0,10,0.18,0.64,-3,0.27,5.56,1.56
Denmark - 2nd Division,Nykobing,11,2,4,5,5,8,-3,10,0.91,12,0.18,0.55,-3,0.45,5.56,1.82
Ecuador - Liga Pro,Orense,6,4,2,0,6,0,6,14,2.33,1,0.67,1.0,6,1.0,1.49,1.0
Ecuador - Liga Pro,Aucas,7,4,2,1,8,4,4,14,2.0,1,0.57,0.86,4,1.14,1.75,1.16
Ecuador - Liga Pro,I. del Valle,6,4,0,2,6,2,4,12,2.0,3,0.67,0.67,4,1.0,1.49,1.49
Ecuador - Liga Pro,Libertad,7,4,0,3,4,4,0,12,1.71,3,0.57,0.57,0,0.57,1.75,1.75
Ecuador - Liga Pro,Manta,7,2,5,0,9,6,3,11,1.57,5,0.29,1.0,3,1.29,3.45,1.0
Ecuador - Liga Pro,D. Cuenca,6,3,2,1,5,2,3,11,1.83,5,0.5,0.83,3,0.83,2.0,1.2
Ecuador - Liga Pro,U. Catolica,6,3,1,2,4,3,1,10,1.67,7,0.5,0.67,1,0.67,2.0,1.49
Ecuador - Liga Pro,LDU Quito,5,2,3,0,4,1,3,9,1.8,8,0.4,1.0,3,0.8,2.5,1.0
Ecuador - Liga Pro,El Nacional,7,2,3,2,4,4,0,9,1.29,8,0.29,0.71,0,0.57,3.45,1.41
Ecuador - Liga Pro,Emelec,7,2,3,2,2,2,0,9,1.29,8,0.29,0.71,0,0.29,3.45,1.41
Ecuador - Liga Pro,Mushuc Runa,7,2,3,2,6,7,-1,9,1.29,8,0.29,0.71,-1,0.86,3.45,1.41
Ecuador - Liga Pro,Cuniburo,5,2,2,1,6,4,2,8,1.6,12,0.4,0.8,2,1.2,2.5,1.25
Ecuador - Liga Pro,Barcelona SC,5,2,2,1,2,2,0,8,1.6,12,0.4,0.8,0,0.4,2.5,1.25
Ecuador - Liga Pro,Delfin,5,1,4,0,1,0,1,7,1.4,14,0.2,1.0,1,0.2,5.0,1.0
Ecuador - Liga Pro,Tecnico U.,6,2,1,3,4,5,-1,7,1.17,14,0.33,0.5,-1,0.67,3.03,2.0
Ecuador - Liga Pro,Macara,7,1,1,5,1,5,-4,4,0.57,16,0.14,0.29,-4,0.14,7.14,3.45
Ecuador - Serie B,Vargas Torres,5,3,2,0,5,1,4,11,2.2,1,0.6,1.0,4,1.0,1.67,1.0
Ecuador - Serie B,Guayaquil City,5,2,2,1,2,1,1,8,1.6,2,0.4,0.8,1,0.4,2.5,1.25
Ecuador - Serie B,Chacaritas,4,2,1,1,4,1,3,7,1.75,3,0.5,0.75,3,1.0,2.0,1.33
Ecuador - Serie B,Vinotinto,4,2,1,1,6,4,2,7,1.75,3,0.5,0.75,2,1.5,2.0,1.33
Ecuador - Serie B,Cumbaya,5,2,1,2,4,2,2,7,1.4,3,0.4,0.6,2,0.8,2.5,1.67
Ecuador - Serie B,Nueve Octubre,4,1,3,0,2,1,1,6,1.5,6,0.25,1.0,1,0.5,4.0,1.0
Ecuador - Serie B,Leones Norte,4,1,3,0,1,0,1,6,1.5,6,0.25,1.0,1,0.25,4.0,1.0
Ecuador - Serie B,22 de Julio,4,1,2,1,1,1,0,5,1.25,8,0.25,0.75,0,0.25,4.0,1.33
Ecuador - Serie B,Gualaceo,5,1,2,2,3,4,-1,5,1.0,8,0.2,0.6,-1,0.6,5.0,1.67
Ecuador - Serie B,I. Juniors,5,1,2,2,2,3,-1,5,1.0,8,0.2,0.6,-1,0.4,5.0,1.67
Ecuador - Serie B,San Antonio,5,1,2,2,1,2,-1,5,1.0,8,0.2,0.6,-1,0.2,5.0,1.67
Ecuador - Serie B,Imbabura,4,0,3,1,1,2,-1,3,0.75,12,0.0,0.75,-1,0.25,0.0,1.33
England - Premier League,Arsenal,18,13,4,1,17,4,13,43,2.39,1,0.72,0.94,13,0.94,1.39,1.06
England - Premier League,Newcastle Utd,18,13,1,4,21,7,14,40,2.22,2,0.72,0.78,14,1.17,1.39,1.28
England - Premier League,Liverpool,18,11,4,3,20,5,15,37,2.06,3,0.61,0.83,15,1.11,1.64,1.2
England - Premier League,Manchester City,18,10,5,3,26,15,11,35,1.94,4,0.56,0.83,11,1.44,1.79,1.2
England - Premier League,Chelsea,19,9,7,3,17,8,9,34,1.79,5,0.47,0.84,9,0.89,2.13,1.19
England - Premier League,Nottm Forest,18,8,9,1,14,3,11,33,1.83,6,0.44,0.94,11,0.78,2.27,1.06
England - Premier League,Brentford,18,7,9,2,20,13,7,30,1.67,7,0.39,0.89,7,1.11,2.56,1.12
England - Premier League,Aston Villa,19,7,8,4,15,9,6,29,1.53,8,0.37,0.79,6,0.79,2.7,1.27
England - Premier League,Fulham,18,7,8,3,15,9,6,29,1.61,8,0.39,0.83,6,0.83,2.56,1.2
England - Premier League,Brighton,18,8,5,5,12,10,2,29,1.61,8,0.44,0.72,2,0.67,2.27,1.39
England - Premier League,Bournemouth,18,7,6,5,10,6,4,27,1.5,11,0.39,0.72,4,0.56,2.56,1.39
England - Premier League,Wolverhampton,18,6,7,5,13,13,0,25,1.39,12,0.33,0.72,0,0.72,3.03,1.39
England - Premier League,Everton,18,5,9,4,13,6,7,24,1.33,13,0.28,0.78,7,0.72,3.57,1.28
England - Premier League,Tottenham,18,7,3,8,15,17,-2,24,1.33,13,0.39,0.56,-2,0.83,2.56,1.79
England - Premier League,West Ham Utd,18,3,9,6,11,17,-6,18,1.0,15,0.17,0.67,-6,0.61,5.88,1.49
England - Premier League,Southampton,18,4,6,8,8,18,-10,18,1.0,15,0.22,0.56,-10,0.44,4.55,1.79
England - Premier League,Manchester Utd,18,3,8,7,9,13,-4,17,0.94,17,0.17,0.61,-4,0.5,5.88,1.64
England - Premier League,Crystal Palace,18,2,10,6,6,11,-5,16,0.89,18,0.11,0.67,-5,0.33,9.09,1.49
England - Premier League,Ipswich Town,18,3,7,8,8,21,-13,16,0.89,18,0.17,0.56,-13,0.44,5.88,1.79
England - Premier League,Leicester City,18,3,5,10,5,17,-12,14,0.78,20,0.17,0.44,-12,0.28,5.88,2.27
England - Championship,Leeds Utd,23,16,4,3,29,6,23,52,2.26,1,0.7,0.87,23,1.26,1.43,1.15
England - Championship,Swansea City,23,12,8,3,22,10,12,44,1.91,2,0.52,0.87,12,0.96,1.92,1.15
England - Championship,Burnley,23,10,12,1,19,6,13,42,1.83,3,0.43,0.96,13,0.83,2.33,1.04
England - Championship,Sheffield Utd,23,11,9,3,17,6,11,42,1.83,3,0.48,0.87,11,0.74,2.08,1.15
England - Championship,Sunderland,23,10,9,4,18,9,9,39,1.7,5,0.43,0.83,9,0.78,2.33,1.2
England - Championship,West Brom,23,9,10,4,20,9,11,37,1.61,6,0.39,0.83,11,0.87,2.56,1.2
England - Championship,Norwich City,23,10,6,7,23,17,6,36,1.57,7,0.43,0.7,6,1.0,2.33,1.43
England - Championship,Coventry City,23,9,8,6,21,14,7,35,1.52,8,0.39,0.74,7,0.91,2.56,1.35
England - Championship,Portsmouth,23,9,8,6,14,9,5,35,1.52,8,0.39,0.74,5,0.61,2.56,1.35
England - Championship,Blackburn,23,8,11,4,12,9,3,35,1.52,8,0.35,0.83,3,0.52,2.86,1.2
England - Championship,Derby County,23,8,10,5,12,8,4,34,1.48,11,0.35,0.78,4,0.52,2.86,1.28
England - Championship,Stoke City,23,7,12,4,15,9,6,33,1.43,12,0.3,0.83,6,0.65,3.33,1.2
England - Championship,Middlesbrough,23,8,9,6,17,12,5,33,1.43,12,0.35,0.74,5,0.74,2.86,1.35
England - Championship,Millwall,23,7,12,4,12,8,4,33,1.43,12,0.3,0.83,4,0.52,3.33,1.2
England - Championship,Luton Town,23,6,15,2,9,6,3,33,1.43,12,0.26,0.91,3,0.39,3.85,1.1
England - Championship,Preston,23,8,9,6,10,8,2,33,1.43,12,0.35,0.74,2,0.43,2.86,1.35
England - Championship,Bristol City,23,7,10,6,13,7,6,31,1.35,17,0.3,0.74,6,0.57,3.33,1.35
England - Championship,Cardiff City,23,5,13,5,8,6,2,28,1.22,18,0.22,0.78,2,0.35,4.55,1.28
England - Championship,Sheffield Wed,23,6,10,7,11,10,1,28,1.22,18,0.26,0.7,1,0.48,3.85,1.43
England - Championship,Hull City,23,5,13,5,9,9,0,28,1.22,18,0.22,0.78,0,0.39,4.55,1.28
England - Championship,Watford,23,5,12,6,11,13,-2,27,1.17,21,0.22,0.74,-2,0.48,4.55,1.35
England - Championship,Oxford Utd,23,6,9,8,10,14,-4,27,1.17,21,0.26,0.65,-4,0.43,3.85,1.54
England - Championship,Plymouth,23,7,5,11,12,20,-8,26,1.13,23,0.3,0.52,-8,0.52,3.33,1.92
England - Championship,QP Rangers,23,5,10,8,16,19,-3,25,1.09,24,0.22,0.65,-3,0.7,4.55,1.54
England - League One,Birmingham City,23,12,8,3,20,6,14,44,1.91,1,0.52,0.87,14,0.87,1.92,1.15
England - League One,Wrexham,23,9,12,2,19,8,11,39,1.7,2,0.39,0.91,11,0.83,2.56,1.1
England - League One,Charlton,23,9,10,4,16,8,8,37,1.61,3,0.39,0.83,8,0.7,2.56,1.2
England - League One,Barnsley,23,10,7,6,16,10,6,37,1.61,3,0.43,0.74,6,0.7,2.33,1.35
England - League One,Stockport,23,10,7,6,17,14,3,37,1.61,3,0.43,0.74,3,0.74,2.33,1.35
England - League One,Peterborough,23,11,4,8,23,22,1,37,1.61,3,0.48,0.65,1,1.0,2.08,1.54
England - League One,Wigan Athletic,23,9,9,5,12,7,5,36,1.57,7,0.39,0.78,5,0.52,2.56,1.28
England - League One,Burton Albion,23,8,10,5,17,13,4,34,1.48,8,0.35,0.78,4,0.74,2.86,1.28
England - League One,Reading,23,7,13,3,12,8,4,34,1.48,8,0.3,0.87,4,0.52,3.33,1.15
England - League One,Mansfield,23,8,9,6,19,13,6,33,1.43,10,0.35,0.74,6,0.83,2.86,1.35
England - League One,Bristol Rovers,23,8,9,6,13,13,0,33,1.43,10,0.35,0.74,0,0.57,2.86,1.35
England - League One,Lincoln City,23,6,14,3,18,12,6,32,1.39,12,0.26,0.87,6,0.78,3.85,1.15
England - League One,Rotherham,23,7,11,5,15,11,4,32,1.39,12,0.3,0.78,4,0.65,3.33,1.28
England - League One,Leyton Orient,23,8,8,7,16,13,3,32,1.39,12,0.35,0.7,3,0.7,2.86,1.43
England - League One,Wycombe,23,5,15,3,9,7,2,30,1.3,15,0.22,0.87,2,0.39,4.55,1.15
England - League One,Huddersfield,23,6,11,6,12,11,1,29,1.26,16,0.26,0.74,1,0.52,3.85,1.35
England - League One,Stevenage,23,6,11,6,9,11,-2,29,1.26,16,0.26,0.74,-2,0.39,3.85,1.35
England - League One,Shrewsbury,23,6,10,7,9,11,-2,28,1.22,18,0.26,0.7,-2,0.39,3.85,1.43
England - League One,Blackpool,23,4,14,5,12,12,0,26,1.13,19,0.17,0.78,0,0.52,5.88,1.28
England - League One,Exeter City,23,6,8,9,10,22,-12,26,1.13,19,0.26,0.61,-12,0.43,3.85,1.64
England - League One,Cambridge Utd,23,5,10,8,13,15,-2,25,1.09,21,0.22,0.65,-2,0.57,4.55,1.54
England - League One,Crawley Town,23,6,7,10,14,18,-4,25,1.09,21,0.26,0.57,-4,0.61,3.85,1.75
England - League One,Northampton,23,5,10,8,11,15,-4,25,1.09,21,0.22,0.65,-4,0.48,4.55,1.54
England - League One,Bolton,23,4,10,9,10,14,-4,22,0.96,24,0.17,0.61,-4,0.43,5.88,1.64
England - National League,Barnet,23,14,8,1,29,6,23,50,2.17,1,0.61,0.96,23,1.26,1.64,1.04
England - National League,York City,23,13,7,3,24,10,14,46,2.0,2,0.57,0.87,14,1.04,1.75,1.15
England - National League,Eastleigh,23,13,6,4,22,12,10,45,1.96,3,0.57,0.83,10,0.96,1.75,1.2
England - National League,Gateshead FC,23,12,6,5,23,11,12,42,1.83,4,0.52,0.78,12,1.0,1.92,1.28
England - National League,Forest Green,23,11,9,3,17,7,10,42,1.83,4,0.48,0.87,10,0.74,2.08,1.15
England - National League,Southend Utd,23,9,9,5,17,10,7,36,1.57,6,0.39,0.78,7,0.74,2.56,1.28
England - National League,Altrincham,23,9,8,6,22,11,11,35,1.52,7,0.39,0.74,11,0.96,2.56,1.35
England - National League,Dagenham & R.,23,8,10,5,18,12,6,34,1.48,8,0.35,0.78,6,0.78,2.86,1.28
England - National League,Maidenhead Utd,23,10,4,9,14,15,-1,34,1.48,8,0.43,0.61,-1,0.61,2.33,1.64
England - National League,Oldham,23,9,6,8,16,12,4,33,1.43,10,0.39,0.65,4,0.7,2.56,1.54
England - National League,Rochdale,23,8,9,6,14,10,4,33,1.43,10,0.35,0.74,4,0.61,2.86,1.35
England - National League,Tamworth,23,8,8,7,16,13,3,32,1.39,12,0.35,0.7,3,0.7,2.86,1.43
England - National League,AFC Fylde,23,8,7,8,15,17,-2,31,1.35,13,0.35,0.65,-2,0.65,2.86,1.54
England - National League,Aldershot Town,23,7,9,7,18,17,1,30,1.3,14,0.3,0.7,1,0.78,3.33,1.43
England - National League,Braintree Town,23,6,12,5,11,10,1,30,1.3,14,0.26,0.78,1,0.48,3.85,1.28
England - National League,Yeovil Town,23,6,12,5,11,10,1,30,1.3,14,0.26,0.78,1,0.48,3.85,1.28
England - National League,Sutton Utd,23,6,11,6,11,9,2,29,1.26,17,0.26,0.74,2,0.48,3.85,1.35
England - National League,Boston Utd,23,7,8,8,16,18,-2,29,1.26,17,0.3,0.65,-2,0.7,3.33,1.54
England - National League,Hartlepool,23,5,12,6,9,10,-1,27,1.17,19,0.22,0.74,-1,0.39,4.55,1.35
England - National League,Halifax Town,23,6,9,8,8,10,-2,27,1.17,19,0.26,0.65,-2,0.35,3.85,1.54
England - National League,Wealdstone,23,5,11,7,16,18,-2,26,1.13,21,0.22,0.7,-2,0.7,4.55,1.43
England - National League,Woking,23,5,10,8,9,12,-3,25,1.09,22,0.22,0.65,-3,0.39,4.55,1.54
England - National League,Solihull Moors,23,6,6,11,15,19,-4,24,1.04,23,0.26,0.52,-4,0.65,3.85,1.92
England - National League,Ebbsfleet Utd,23,2,12,9,4,14,-10,18,0.78,24,0.09,0.61,-10,0.17,11.11,1.64
FaroeIslands - Premier League,Klaksvik,5,4,1,0,10,2,8,13,2.6,1,0.8,1.0,8,2.0,1.25,1.0
FaroeIslands - Premier League,NSI Runavik,5,2,2,1,7,3,4,8,1.6,2,0.4,0.8,4,1.4,2.5,1.25
FaroeIslands - Premier League,07 Vestur,5,2,2,1,7,4,3,8,1.6,2,0.4,0.8,3,1.4,2.5,1.25
FaroeIslands - Premier League,HB Torshavn,6,2,1,3,6,8,-2,7,1.17,4,0.33,0.5,-2,1.0,3.03,2.0
FaroeIslands - Premier League,B68 Toftir,5,1,3,1,1,1,0,6,1.2,5,0.2,0.8,0,0.2,5.0,1.25
FaroeIslands - Premier League,B36 Torshavn,5,1,1,3,2,5,-3,4,0.8,6,0.2,0.4,-3,0.4,5.0,2.5
FaroeIslands - Premier League,Vikingur,4,0,3,1,0,1,-1,3,0.75,7,0.0,0.75,-1,0.0,0.0,1.33
FaroeIslands - Premier League,TB Tvoroyri,5,0,3,2,1,5,-4,3,0.6,7,0.0,0.6,-4,0.2,0.0,1.67
FaroeIslands - Premier League,Streymur,5,0,1,4,2,8,-6,1,0.2,9,0.0,0.2,-6,0.4,0.0,5.0
FaroeIslands - Premier League,Suduroy,5,0,1,4,1,7,-6,1,0.2,9,0.0,0.2,-6,0.2,0.0,5.0
Finland - Veikkausliiga,KuPS,5,4,1,0,6,0,6,13,2.6,1,0.8,1.0,6,1.2,1.25,1.0
Finland - Veikkausliiga,Mariehamn,4,3,0,1,4,1,3,9,2.25,2,0.75,0.75,3,1.0,1.33,1.33
Finland - Veikkausliiga,Gnistan,3,2,1,0,4,1,3,7,2.33,3,0.67,1.0,3,1.33,1.49,1.0
Finland - Veikkausliiga,Ilves,3,2,0,1,5,3,2,6,2.0,4,0.67,0.67,2,1.67,1.49,1.49
Finland - Veikkausliiga,SJK,4,1,3,0,3,2,1,6,1.5,4,0.25,1.0,1,0.75,4.0,1.0
Finland - Veikkausliiga,HJK Helsinki,3,1,2,0,3,1,2,5,1.67,6,0.33,1.0,2,1.0,3.03,1.0
Finland - Veikkausliiga,Inter Turku,4,1,2,1,2,2,0,5,1.25,6,0.25,0.75,0,0.5,4.0,1.33
Finland - Veikkausliiga,Haka,5,1,1,3,1,3,-2,4,0.8,8,0.2,0.4,-2,0.2,5.0,2.5
Finland - Veikkausliiga,Jaro,2,0,2,0,1,1,0,2,1.0,9,0.0,1.0,0,0.5,0.0,1.0
Finland - Veikkausliiga,Oulu,3,0,2,1,1,2,-1,2,0.67,9,0.0,0.67,-1,0.33,0.0,1.49
Finland - Veikkausliiga,KTP,4,0,2,2,1,3,-2,2,0.5,9,0.0,0.5,-2,0.25,0.0,2.0
Finland - Veikkausliiga,VPS,4,0,2,2,0,3,-3,2,0.5,9,0.0,0.5,-3,0.0,0.0,2.0
Finland - Ykkonen,JIPPO,2,2,0,0,2,0,2,6,3.0,1,1.0,1.0,2,1.0,1.0,1.0
Finland - Ykkonen,Ekenas IF,3,1,1,1,5,4,1,4,1.33,2,0.33,0.67,1,1.67,3.03,1.49
Finland - Ykkonen,TPS,2,1,1,0,3,2,1,4,2.0,2,0.5,1.0,1,1.5,2.0,1.0
Finland - Ykkonen,Lahti,2,1,1,0,1,0,1,4,2.0,2,0.5,1.0,1,0.5,2.0,1.0
Finland - Ykkonen,KaPa,2,1,0,1,1,1,0,3,1.5,5,0.5,0.5,0,0.5,2.0,2.0
Finland - Ykkonen,Klubi-04,2,1,0,1,2,3,-1,3,1.5,5,0.5,0.5,-1,1.0,2.0,2.0
Finland - Ykkonen,SJK Akatemia,3,0,2,1,2,3,-1,2,0.67,7,0.0,0.67,-1,0.67,0.0,1.49
Finland - Ykkonen,SalPa,3,0,2,1,1,2,-1,2,0.67,7,0.0,0.67,-1,0.33,0.0,1.49
Finland - Ykkonen,PK-35,2,0,1,1,1,2,-1,1,0.5,9,0.0,0.5,-1,0.5,0.0,2.0
Finland - Ykkonen,JaPS,2,0,1,1,0,5,-5,1,0.5,9,0.0,0.5,-5,0.0,0.0,2.0
Finland - Kakkonen,KPV Kokkola,4,3,1,0,6,1,5,10,2.5,1,0.75,1.0,5,1.5,1.33,1.0
Finland - Kakkonen,JJK,2,2,0,0,3,1,2,6,3.0,2,1.0,1.0,2,1.5,1.0,1.0
Finland - Kakkonen,Inter Turku B,3,1,2,0,3,1,2,5,1.67,3,0.33,1.0,2,1.0,3.03,1.0
Finland - Kakkonen,Mikkelin,3,1,2,0,2,0,2,5,1.67,3,0.33,1.0,2,0.67,3.03,1.0
Finland - Kakkonen,Tampere Utd,4,1,2,1,1,1,0,5,1.25,3,0.25,0.75,0,0.25,4.0,1.33
Finland - Kakkonen,OLS Oulu,2,1,1,0,3,1,2,4,2.0,6,0.5,1.0,2,1.5,2.0,1.0
Finland - Kakkonen,EPS,3,1,1,1,3,3,0,4,1.33,6,0.33,0.67,0,1.0,3.03,1.49
Finland - Kakkonen,PKKU,2,1,0,1,2,2,0,3,1.5,8,0.5,0.5,0,1.0,2.0,2.0
Finland - Kakkonen,Jazz Pori,2,1,0,1,1,2,-1,3,1.5,8,0.5,0.5,-1,0.5,2.0,2.0
Finland - Kakkonen,Rovaniemi,3,1,0,2,2,4,-2,3,1.0,8,0.33,0.33,-2,0.67,3.03,3.03
Finland - Kakkonen,Atlantis,2,0,2,0,1,1,0,2,1.0,11,0.0,1.0,0,0.5,0.0,1.0
Finland - Kakkonen,KuPS Ak.,3,0,2,1,1,2,-1,2,0.67,11,0.0,0.67,-1,0.33,0.0,1.49
France - Ligue 1,Paris SG,17,10,6,1,21,6,15,36,2.12,1,0.59,0.94,15,1.24,1.69,1.06
France - Ligue 1,Nice,17,10,4,3,21,6,15,34,2.0,2,0.59,0.82,15,1.24,1.69,1.22
France - Ligue 1,Brest,17,10,2,5,16,9,7,32,1.88,3,0.59,0.71,7,0.94,1.69,1.41
France - Ligue 1,Lille,17,9,4,4,15,9,6,31,1.82,4,0.53,0.76,6,0.88,1.89,1.32
France - Ligue 1,Rennes,17,8,5,4,13,7,6,29,1.71,5,0.47,0.76,6,0.76,2.13,1.32
France - Ligue 1,Marseille,17,8,5,4,15,11,4,29,1.71,5,0.47,0.76,4,0.88,2.13,1.32
France - Ligue 1,Lyon,17,6,9,2,14,7,7,27,1.59,7,0.35,0.88,7,0.82,2.86,1.14
France - Ligue 1,Strasbourg,17,7,6,4,12,8,4,27,1.59,7,0.41,0.76,4,0.71,2.44,1.32
France - Ligue 1,Auxerre,17,5,10,2,10,6,4,25,1.47,9,0.29,0.88,4,0.59,3.45,1.14
France - Ligue 1,Monaco,17,5,8,4,12,9,3,23,1.35,10,0.29,0.76,3,0.71,3.45,1.32
France - Ligue 1,Nantes,17,5,8,4,8,6,2,23,1.35,10,0.29,0.76,2,0.47,3.45,1.32
France - Ligue 1,Lens,17,4,11,2,8,7,1,23,1.35,10,0.24,0.88,1,0.47,4.17,1.14
France - Ligue 1,Reims,17,5,3,9,10,16,-6,18,1.06,13,0.29,0.47,-6,0.59,3.45,2.13
France - Ligue 1,Angers,17,4,6,7,8,15,-7,18,1.06,13,0.24,0.59,-7,0.47,4.17,1.69
France - Ligue 1,Saint-Etienne,17,3,5,9,9,15,-6,14,0.82,15,0.18,0.47,-6,0.53,5.56,2.13
France - Ligue 1,Toulouse,17,2,8,7,6,12,-6,14,0.82,15,0.12,0.59,-6,0.35,8.33,1.69
France - Ligue 1,Le Havre,17,2,6,9,8,19,-11,12,0.71,17,0.12,0.47,-11,0.47,8.33,2.13
France - Ligue 1,Montpellier,17,1,4,12,6,21,-15,7,0.41,18,0.06,0.29,-15,0.35,16.67,3.45
France - Ligue 2,Lorient,17,9,6,2,16,6,10,33,1.94,1,0.53,0.88,10,0.94,1.89,1.14
France - Ligue 2,Metz,17,8,7,2,16,5,11,31,1.82,2,0.47,0.88,11,0.94,2.13,1.14
France - Ligue 2,Paris FC,17,8,6,3,16,7,9,30,1.76,3,0.47,0.82,9,0.94,2.13,1.22
France - Ligue 2,Guingamp,17,7,7,3,14,7,7,28,1.65,4,0.41,0.82,7,0.82,2.44,1.22
France - Ligue 2,Annecy,17,7,7,3,10,6,4,28,1.65,4,0.41,0.82,4,0.59,2.44,1.22
France - Ligue 2,Amiens,17,8,4,5,13,11,2,28,1.65,4,0.47,0.71,2,0.76,2.13,1.41
France - Ligue 2,SC Bastia,17,6,9,2,14,8,6,27,1.59,7,0.35,0.88,6,0.82,2.86,1.14
France - Ligue 2,Laval,17,6,8,3,13,7,6,26,1.53,8,0.35,0.82,6,0.76,2.86,1.22
France - Ligue 2,Grenoble,17,5,10,2,11,7,4,25,1.47,9,0.29,0.88,4,0.65,3.45,1.14
France - Ligue 2,USL Dunkerque,17,6,7,4,9,5,4,25,1.47,9,0.35,0.76,4,0.53,2.86,1.32
France - Ligue 2,Pau FC,17,5,9,3,8,8,0,24,1.41,11,0.29,0.82,0,0.47,3.45,1.22
France - Ligue 2,Martigues,17,5,8,4,9,8,1,23,1.35,12,0.29,0.76,1,0.53,3.45,1.32
France - Ligue 2,Clermont,17,5,6,6,9,8,1,21,1.24,13,0.29,0.65,1,0.53,3.45,1.54
France - Ligue 2,Troyes,17,4,9,4,6,7,-1,21,1.24,13,0.24,0.76,-1,0.35,4.17,1.32
France - Ligue 2,Red Star,17,4,7,6,11,12,-1,19,1.12,15,0.24,0.65,-1,0.65,4.17,1.54
France - Ligue 2,Rodez Aveyron,17,4,4,9,6,14,-8,16,0.94,16,0.24,0.47,-8,0.35,4.17,2.13
France - Ligue 2,AC Ajaccio,17,2,9,6,6,10,-4,15,0.88,17,0.12,0.65,-4,0.35,8.33,1.54
France - Ligue 2,Caen,17,1,7,9,5,14,-9,10,0.59,18,0.06,0.47,-9,0.29,16.67,2.13
France - National,Concarneau,16,8,6,2,15,5,10,30,1.88,1,0.5,0.88,10,0.94,2.0,1.14
France - National,Aubagne,16,9,3,4,15,9,6,30,1.88,1,0.56,0.75,6,0.94,1.79,1.33
France - National,Chateauroux,16,7,7,2,14,9,5,28,1.75,3,0.44,0.88,5,0.88,2.27,1.14
France - National,Boulogne,16,7,6,3,13,6,7,27,1.69,4,0.44,0.81,7,0.81,2.27,1.23
France - National,Quevilly Rouen,16,8,2,6,10,9,1,26,1.62,5,0.5,0.62,1,0.62,2.0,1.61
France - National,Rouen,16,6,7,3,15,11,4,25,1.56,6,0.38,0.81,4,0.94,2.63,1.23
France - National,Le Mans,16,6,7,3,13,9,4,25,1.56,6,0.38,0.81,4,0.81,2.63,1.23
France - National,Orleans,16,6,7,3,11,8,3,25,1.56,6,0.38,0.81,3,0.69,2.63,1.23
France - National,Valenciennes,16,5,9,2,12,6,6,24,1.5,9,0.31,0.88,6,0.75,3.23,1.14
France - National,Nancy,16,5,8,3,9,7,2,23,1.44,10,0.31,0.81,2,0.56,3.23,1.23
France - National,Paris 13 A.,16,5,8,3,8,6,2,23,1.44,10,0.31,0.81,2,0.5,3.23,1.23
France - National,Dijon,16,5,7,4,10,13,-3,22,1.38,12,0.31,0.75,-3,0.62,3.23,1.33
France - National,Versailles,16,4,9,3,9,7,2,21,1.31,13,0.25,0.81,2,0.56,4.0,1.23
France - National,Bourg-en-Bresse,16,4,8,4,5,5,0,20,1.25,14,0.25,0.75,0,0.31,4.0,1.33
France - National,Nimes,16,3,10,3,5,5,0,19,1.19,15,0.19,0.81,0,0.31,5.26,1.23
France - National,Sochaux,16,3,8,5,4,6,-2,17,1.06,16,0.19,0.69,-2,0.25,5.26,1.45
France - National,Villefranche,16,1,13,2,6,7,-1,16,1.0,17,0.06,0.88,-1,0.38,16.67,1.14
Georgia - Erovnuli Liga,Dinamo Batumi,8,5,2,1,8,4,4,17,2.12,1,0.62,0.88,4,1.0,1.61,1.14
Georgia - Erovnuli Liga,Dinamo Tbilisi,7,4,2,1,6,3,3,14,2.0,2,0.57,0.86,3,0.86,1.75,1.16
Georgia - Erovnuli Liga,Gareji Sagarejo,8,3,4,1,4,1,3,13,1.62,3,0.38,0.88,3,0.5,2.63,1.14
Georgia - Erovnuli Liga,Dila Gori,7,4,0,3,6,3,3,12,1.71,4,0.57,0.57,3,0.86,1.75,1.75
Georgia - Erovnuli Liga,Iberia,7,3,3,1,3,1,2,12,1.71,4,0.43,0.86,2,0.43,2.33,1.16
Georgia - Erovnuli Liga,Samgurali,8,2,4,2,8,3,5,10,1.25,6,0.25,0.75,5,1.0,4.0,1.33
Georgia - Erovnuli Liga,Telavi,7,1,6,0,3,2,1,9,1.29,7,0.14,1.0,1,0.43,7.14,1.0
Georgia - Erovnuli Liga,Kolkheti Poti,8,1,6,1,3,3,0,9,1.12,7,0.12,0.88,0,0.38,8.33,1.14
Georgia - Erovnuli Liga,Torpedo Kutaisi,7,2,2,3,4,4,0,8,1.14,9,0.29,0.57,0,0.57,3.45,1.75
Georgia - Erovnuli Liga,Gagra,8,1,4,3,3,6,-3,7,0.88,10,0.12,0.62,-3,0.38,8.33,1.61
Germany - Bundesliga,Bayern Munich,17,11,6,0,22,5,17,39,2.29,1,0.65,1.0,17,1.29,1.54,1.0
Germany - Bundesliga,Dortmund,17,10,4,3,20,9,11,34,2.0,2,0.59,0.82,11,1.18,1.69,1.22
Germany - Bundesliga,E. Frankfurt,17,9,5,3,20,11,9,32,1.88,3,0.53,0.82,9,1.18,1.89,1.22
Germany - Bundesliga,FSV Mainz,17,8,5,4,12,8,4,29,1.71,4,0.47,0.76,4,0.71,2.13,1.32
Germany - Bundesliga,Leverkusen,17,7,7,3,19,12,7,28,1.65,5,0.41,0.82,7,1.12,2.44,1.22
Germany - Bundesliga,RB Leipzig,17,8,4,5,17,13,4,28,1.65,5,0.47,0.71,4,1.0,2.13,1.41
Germany - Bundesliga,Freiburg,17,7,6,4,16,10,6,27,1.59,7,0.41,0.76,6,0.94,2.44,1.32
Germany - Bundesliga,Monchengladbach,17,5,10,2,15,9,6,25,1.47,8,0.29,0.88,6,0.88,3.45,1.14
Germany - Bundesliga,FC Augsburg,17,5,9,3,9,9,0,24,1.41,9,0.29,0.82,0,0.53,3.45,1.22
Germany - Bundesliga,Stuttgart,17,6,5,6,12,9,3,23,1.35,10,0.35,0.65,3,0.71,2.86,1.54
Germany - Bundesliga,Werder Bremen,17,4,8,5,11,13,-2,20,1.18,11,0.24,0.71,-2,0.65,4.17,1.41
Germany - Bundesliga,Union Berlin,17,4,7,6,13,15,-2,19,1.12,12,0.24,0.65,-2,0.76,4.17,1.54
Germany - Bundesliga,Sankt Pauli,17,3,7,7,3,8,-5,16,0.94,13,0.18,0.59,-5,0.18,5.56,1.69
Germany - Bundesliga,Holstein Kiel,17,4,4,9,15,22,-7,16,0.94,13,0.24,0.47,-7,0.88,4.17,2.13
Germany - Bundesliga,Hoffenheim,17,4,3,10,11,15,-4,15,0.88,15,0.24,0.41,-4,0.65,4.17,2.44
Germany - Bundesliga,Heidenheim,17,3,5,9,5,15,-10,14,0.82,16,0.18,0.47,-10,0.29,5.56,2.13
Germany - Bundesliga,Bochum,17,3,4,10,6,17,-11,13,0.76,17,0.18,0.41,-11,0.35,5.56,2.44
Germany - Bundesliga,Wolfsburg,17,1,7,9,5,16,-11,10,0.59,18,0.06,0.47,-11,0.29,16.67,2.13
Germany - 2. Bundesliga,Hamburger SV,17,12,3,2,25,7,18,39,2.29,1,0.71,0.88,18,1.47,1.41,1.14
Germany - 2. Bundesliga,Kaiserslautern,17,10,3,4,17,10,7,33,1.94,2,0.59,0.76,7,1.0,1.69,1.32
Germany - 2. Bundesliga,Elversberg,17,8,7,2,23,6,17,31,1.82,3,0.47,0.88,17,1.35,2.13,1.14
Germany - 2. Bundesliga,Ulm,16,6,9,1,10,2,8,27,1.69,4,0.38,0.94,8,0.62,2.63,1.06
Germany - 2. Bundesliga,Darmstadt,16,7,6,3,13,8,5,27,1.69,4,0.44,0.81,5,0.81,2.27,1.23
Germany - 2. Bundesliga,FC Koln,16,6,8,2,14,7,7,26,1.62,6,0.38,0.88,7,0.88,2.63,1.14
Germany - 2. Bundesliga,Dusseldorf,17,6,8,3,13,9,4,26,1.53,6,0.35,0.82,4,0.76,2.86,1.22
Germany - 2. Bundesliga,Hannover 96,17,5,9,3,8,5,3,24,1.41,8,0.29,0.82,3,0.47,3.45,1.22
Germany - 2. Bundesliga,Preuss. Munster,17,4,11,2,9,7,2,23,1.35,9,0.24,0.88,2,0.53,4.17,1.14
Germany - 2. Bundesliga,Schalke 04,16,7,2,7,16,17,-1,23,1.44,9,0.44,0.56,-1,1.0,2.27,1.79
Germany - 2. Bundesliga,Karlsruher SC,16,4,10,2,13,10,3,22,1.38,11,0.25,0.88,3,0.81,4.0,1.14
Germany - 2. Bundesliga,Braunschweig,16,5,7,4,8,9,-1,22,1.38,11,0.31,0.75,-1,0.5,3.23,1.33
Germany - 2. Bundesliga,Greuther Furth,16,4,10,2,12,14,-2,22,1.38,11,0.25,0.88,-2,0.75,4.0,1.14
Germany - 2. Bundesliga,FC Nurnberg,17,4,8,5,12,12,0,20,1.18,14,0.24,0.71,0,0.71,4.17,1.41
Germany - 2. Bundesliga,Magdeburg,16,5,5,6,10,15,-5,20,1.25,14,0.31,0.62,-5,0.62,3.23,1.61
Germany - 2. Bundesliga,Regensburg,17,5,4,8,7,10,-3,19,1.12,16,0.29,0.53,-3,0.41,3.45,1.89
Germany - 2. Bundesliga,Paderborn,17,3,8,6,11,14,-3,17,1.0,17,0.18,0.65,-3,0.65,5.56,1.54
Germany - 2. Bundesliga,Hertha Berlin,16,3,6,7,5,10,-5,15,0.94,18,0.19,0.56,-5,0.31,5.26,1.79
Germany - 3. Liga,Hansa Rostock,19,11,7,1,18,6,12,40,2.11,1,0.58,0.95,12,0.95,1.72,1.05
Germany - 3. Liga,Energie Cottbus,19,10,7,2,21,10,11,37,1.95,2,0.53,0.89,11,1.11,1.89,1.12
Germany - 3. Liga,VfB Stuttgart B,19,10,6,3,20,10,10,36,1.89,3,0.53,0.84,10,1.05,1.89,1.19
Germany - 3. Liga,Erzgebirge Aue,19,10,5,4,20,12,8,35,1.84,4,0.53,0.79,8,1.05,1.89,1.27
Germany - 3. Liga,Wehen Wiesbaden,19,10,4,5,14,10,4,34,1.79,5,0.53,0.74,4,0.74,1.89,1.35
Germany - 3. Liga,Saarbrucken,19,9,6,4,18,12,6,33,1.74,6,0.47,0.79,6,0.95,2.13,1.27
Germany - 3. Liga,Dynamo Dresden,19,8,8,3,17,10,7,32,1.68,7,0.42,0.84,7,0.89,2.38,1.19
Germany - 3. Liga,Alemannia A.,19,8,8,3,10,5,5,32,1.68,7,0.42,0.84,5,0.53,2.38,1.19
Germany - 3. Liga,Dortmund B,19,7,10,2,14,6,8,31,1.63,9,0.37,0.89,8,0.74,2.7,1.12
Germany - 3. Liga,Viktoria Koln,19,8,7,4,13,9,4,31,1.63,9,0.42,0.79,4,0.68,2.38,1.27
Germany - 3. Liga,RW Essen,19,8,6,5,17,10,7,30,1.58,11,0.42,0.74,7,0.89,2.38,1.35
Germany - 3. Liga,FC Ingolstadt,19,9,3,7,15,12,3,30,1.58,11,0.47,0.63,3,0.79,2.13,1.59
Germany - 3. Liga,Bielefeld,19,6,11,2,15,7,8,29,1.53,13,0.32,0.89,8,0.79,3.12,1.12
Germany - 3. Liga,Osnabruck,19,7,7,5,13,12,1,28,1.47,14,0.37,0.74,1,0.68,2.7,1.35
Germany - 3. Liga,1860 Munchen,19,6,8,5,13,9,4,26,1.37,15,0.32,0.74,4,0.68,3.12,1.35
Germany - 3. Liga,Mannheim,19,5,10,4,14,11,3,25,1.32,16,0.26,0.79,3,0.74,3.85,1.27
Germany - 3. Liga,Verl,19,5,9,5,15,11,4,24,1.26,17,0.26,0.74,4,0.79,3.85,1.35
Germany - 3. Liga,Sandhausen,19,4,8,7,11,19,-8,20,1.05,18,0.21,0.63,-8,0.58,4.76,1.59
Germany - 3. Liga,Hannover 96 B,19,3,10,6,7,16,-9,19,1.0,19,0.16,0.68,-9,0.37,6.25,1.47
Germany - 3. Liga,Unterhaching,19,3,8,8,10,15,-5,17,0.89,20,0.16,0.58,-5,0.53,6.25,1.72
Greece - Super League,Olympiakos,16,9,6,1,17,8,9,33,2.06,1,0.56,0.94,9,1.06,1.79,1.06
Greece - Super League,AEK Athens,16,9,5,2,15,4,11,32,2.0,2,0.56,0.88,11,0.94,1.79,1.14
Greece - Super League,PAOK,16,8,6,2,12,4,8,30,1.88,3,0.5,0.88,8,0.75,2.0,1.14
Greece - Super League,Panathinaikos,16,7,8,1,10,4,6,29,1.81,4,0.44,0.94,6,0.62,2.27,1.06
Greece - Super League,Panserraikos,17,7,5,5,13,13,0,26,1.53,5,0.41,0.71,0,0.76,2.44,1.41
Greece - Super League,OFI Crete,13,7,4,2,11,6,5,25,1.92,6,0.54,0.85,5,0.85,1.85,1.18
Greece - Super League,Aris,13,6,6,1,11,2,9,24,1.85,7,0.46,0.92,9,0.85,2.17,1.09
Greece - Super League,Levadiakos,17,4,11,2,10,7,3,23,1.35,8,0.24,0.88,3,0.59,4.17,1.14
Greece - Super League,Volos,17,4,8,5,8,6,2,20,1.18,9,0.24,0.71,2,0.47,4.17,1.41
Greece - Super League,Panaitolikos,17,4,8,5,6,8,-2,20,1.18,9,0.24,0.71,-2,0.35,4.17,1.41
Greece - Super League,A. Kallithea,17,3,9,5,7,11,-4,18,1.06,11,0.18,0.71,-4,0.41,5.56,1.41
Greece - Super League,Asteras T.,13,3,7,3,5,5,0,16,1.23,12,0.23,0.77,0,0.38,4.35,1.3
Greece - Super League,Lamia,17,3,5,9,6,15,-9,14,0.82,13,0.18,0.47,-9,0.35,5.56,2.13
Greece - Super League,Atromitos,13,1,6,6,3,10,-7,9,0.69,14,0.08,0.54,-7,0.23,12.5,1.85
Hong Kong - Premier League,Kitchee,12,7,3,2,17,4,13,24,2.0,1,0.58,0.83,13,1.42,1.72,1.2
Hong Kong - Premier League,Tai Po,11,7,1,3,11,6,5,22,2.0,2,0.64,0.73,5,1.0,1.56,1.37
Hong Kong - Premier League,Eastern,11,5,5,1,12,5,7,20,1.82,3,0.45,0.91,7,1.09,2.22,1.1
Hong Kong - Premier League,Southern D.,12,4,5,3,9,7,2,17,1.42,4,0.33,0.75,2,0.75,3.03,1.33
Hong Kong - Premier League,North District,12,4,1,7,14,15,-1,13,1.08,5,0.33,0.42,-1,1.17,3.03,2.38
Hong Kong - Premier League,Kowloon City,10,4,1,5,10,16,-6,13,1.3,5,0.4,0.5,-6,1.0,2.5,2.0
Hong Kong - Premier League,HK Rangers,10,3,3,4,6,7,-1,12,1.2,7,0.3,0.6,-1,0.6,3.33,1.67
Hong Kong - Premier League,Hong Kong FC,12,3,3,6,9,13,-4,12,1.0,7,0.25,0.5,-4,0.75,4.0,2.0
Hong Kong - Premier League,LM Warriors,12,2,5,5,5,9,-4,11,0.92,9,0.17,0.58,-4,0.42,5.88,1.72
Hungary - NB I,Puskas A.,15,8,5,2,15,4,11,29,1.93,1,0.53,0.87,11,1.0,1.89,1.15
Hungary - NB I,Gyor,16,7,6,3,11,8,3,27,1.69,2,0.44,0.81,3,0.69,2.27,1.23
Hungary - NB I,Ferencvaros,15,7,5,3,12,5,7,26,1.73,3,0.47,0.8,7,0.8,2.13,1.25
Hungary - NB I,Paks,15,7,5,3,16,10,6,26,1.73,3,0.47,0.8,6,1.07,2.13,1.25
Hungary - NB I,Zalaegerszegi,17,5,9,3,10,8,2,24,1.41,5,0.29,0.82,2,0.59,3.45,1.22
Hungary - NB I,Ujpest,17,4,11,2,9,3,6,23,1.35,6,0.24,0.88,6,0.53,4.17,1.14
Hungary - NB I,Nyiregyhaza,16,5,7,4,10,8,2,22,1.38,7,0.31,0.75,2,0.62,3.23,1.33
Hungary - NB I,Fehervar,15,4,8,3,6,6,0,20,1.33,8,0.27,0.8,0,0.4,3.7,1.25
Hungary - NB I,MTK Budapest,15,5,5,5,11,12,-1,20,1.33,8,0.33,0.67,-1,0.73,3.03,1.49
Hungary - NB I,Kecskemeti TE,17,3,10,4,11,11,0,19,1.12,10,0.18,0.76,0,0.65,5.56,1.32
Hungary - NB I,DVTK,17,4,5,8,8,13,-5,17,1.0,11,0.24,0.53,-5,0.47,4.17,1.89
Hungary - NB I,Debrecen,15,1,7,7,10,18,-8,10,0.67,12,0.07,0.53,-8,0.67,14.29,1.89
Iceland - Urvalsdeild,Vikingur R.,4,3,1,0,7,2,5,10,2.5,1,0.75,1.0,5,1.75,1.33,1.0
Iceland - Urvalsdeild,KR Reykjavik,3,2,1,0,5,2,3,7,2.33,2,0.67,1.0,3,1.67,1.49,1.0
Iceland - Urvalsdeild,Breidablik,3,2,1,0,3,0,3,7,2.33,2,0.67,1.0,3,1.0,1.49,1.0
Iceland - Urvalsdeild,Valur,4,2,1,1,3,1,2,7,1.75,2,0.5,0.75,2,0.75,2.0,1.33
Iceland - Urvalsdeild,Vestri,3,2,1,0,2,0,2,7,2.33,2,0.67,1.0,2,0.67,1.49,1.0
Iceland - Urvalsdeild,Afturelding,3,1,2,0,1,0,1,5,1.67,6,0.33,1.0,1,0.33,3.03,1.0
Iceland - Urvalsdeild,Stjarnan,4,1,2,1,3,3,0,5,1.25,6,0.25,0.75,0,0.75,4.0,1.33
Iceland - Urvalsdeild,Hafnarfjordur,2,1,1,0,3,1,2,4,2.0,8,0.5,1.0,2,1.5,2.0,1.0
Iceland - Urvalsdeild,IA Akranes,2,1,0,1,2,2,0,3,1.5,9,0.5,0.5,0,1.0,2.0,2.0
Iceland - Urvalsdeild,IBV,2,1,0,1,2,2,0,3,1.5,9,0.5,0.5,0,1.0,2.0,2.0
Iceland - Urvalsdeild,Fram,3,1,0,2,2,3,-1,3,1.0,9,0.33,0.33,-1,0.67,3.03,3.03
Iceland - Urvalsdeild,KA Akureyri,3,0,2,1,3,4,-1,2,0.67,12,0.0,0.67,-1,1.0,0.0,1.49
Iceland - 1. Deild,Njardvik,3,2,1,0,4,0,4,7,2.33,1,0.67,1.0,4,1.33,1.49,1.0
Iceland - 1. Deild,Fjolnir,2,1,1,0,2,1,1,4,2.0,2,0.5,1.0,1,1.0,2.0,1.0
Iceland - 1. Deild,Selfoss,2,1,1,0,1,0,1,4,2.0,2,0.5,1.0,1,0.5,2.0,1.0
Iceland - 1. Deild,Fylkir,1,1,0,0,1,0,1,3,3.0,4,1.0,1.0,1,1.0,1.0,1.0
Iceland - 1. Deild,IR Reykjavik,1,1,0,0,1,0,1,3,3.0,4,1.0,1.0,1,1.0,1.0,1.0
Iceland - 1. Deild,Throttur R.,1,1,0,0,1,0,1,3,3.0,4,1.0,1.0,1,1.0,1.0,1.0
Iceland - 1. Deild,Thor Akureyri,1,0,1,0,1,1,0,1,1.0,7,0.0,1.0,0,1.0,0.0,1.0
Iceland - 1. Deild,Keflavik,1,0,1,0,0,0,0,1,1.0,7,0.0,1.0,0,0.0,0.0,1.0
Iceland - 1. Deild,Leiknir R.,2,0,1,1,0,3,-3,1,0.5,7,0.0,0.5,-3,0.0,0.0,2.0
Iceland - 1. Deild,Volsungur,0,0,0,0,0,0,0,0,,10,0.0,0.0,0,0.0,0.0,0.0
Iceland - 1. Deild,Grindavik,1,0,0,1,1,2,-1,0,0.0,10,0.0,0.0,-1,1.0,0.0,0.0
Iceland - 1. Deild,HK Kopavogur,1,0,0,1,0,1,-1,0,0.0,10,0.0,0.0,-1,0.0,0.0,0.0
Ireland - Premier Division,Shamrock Rovers,8,5,3,0,8,0,8,18,2.25,1,0.62,1.0,8,1.0,1.61,1.0
Ireland - Premier Division,St. Patricks,8,5,3,0,8,2,6,18,2.25,1,0.62,1.0,6,1.0,1.61,1.0
Ireland - Premier Division,Drogheda Utd,8,5,3,0,8,3,5,18,2.25,1,0.62,1.0,5,1.0,1.61,1.0
Ireland - Premier Division,Derry City,8,3,2,3,5,4,1,11,1.38,4,0.38,0.62,1,0.62,2.63,1.61
Ireland - Premier Division,Galway Utd,8,2,5,1,4,3,1,11,1.38,4,0.25,0.88,1,0.5,4.0,1.14
Ireland - Premier Division,Waterford,8,3,1,4,4,8,-4,10,1.25,6,0.38,0.5,-4,0.5,2.63,2.0
Ireland - Premier Division,Bohemians,8,2,2,4,4,6,-2,8,1.0,7,0.25,0.5,-2,0.5,4.0,2.0
Ireland - Premier Division,Shelbourne,8,1,4,3,5,6,-1,7,0.88,8,0.12,0.62,-1,0.62,8.33,1.61
Ireland - Premier Division,Cork City,8,1,3,4,3,7,-4,6,0.75,9,0.12,0.5,-4,0.38,8.33,2.0
Ireland - Premier Division,Sligo Rovers,8,1,2,5,2,7,-5,5,0.62,10,0.12,0.38,-5,0.25,8.33,2.63
Ireland - First Division,Bray Wanderers,7,5,1,1,8,3,5,16,2.29,1,0.71,0.86,5,1.14,1.41,1.16
Ireland - First Division,Treaty Utd,7,4,3,0,4,0,4,15,2.14,2,0.57,1.0,4,0.57,1.75,1.0
Ireland - First Division,Kerry,8,4,1,3,5,4,1,13,1.62,3,0.5,0.62,1,0.62,2.0,1.61
Ireland - First Division,Wexford,8,4,1,3,5,5,0,13,1.62,3,0.5,0.62,0,0.62,2.0,1.61
Ireland - First Division,Cobh Ramblers,8,2,5,1,7,4,3,11,1.38,5,0.25,0.88,3,0.88,4.0,1.14
Ireland - First Division,Dundalk,7,2,5,0,4,2,2,11,1.57,5,0.29,1.0,2,0.57,3.45,1.0
Ireland - First Division,UC Dublin,8,1,4,3,2,4,-2,7,0.88,7,0.12,0.62,-2,0.25,8.33,1.61
Ireland - First Division,Athlone Town,7,1,4,2,1,4,-3,7,1.0,7,0.14,0.71,-3,0.14,7.14,1.41
Ireland - First Division,Longford Town,8,0,6,2,2,4,-2,6,0.75,9,0.0,0.75,-2,0.25,0.0,1.33
Ireland - First Division,Finn Harps,7,1,1,5,5,7,-2,4,0.57,10,0.14,0.29,-2,0.71,7.14,3.45
Israel - Ligat HaAl,M. Tel Aviv,17,9,5,3,18,7,11,32,1.88,1,0.53,0.82,11,1.06,1.89,1.22
Israel - Ligat HaAl,Hapoel Haifa,18,8,6,4,20,11,9,30,1.67,2,0.44,0.78,9,1.11,2.27,1.28
Israel - Ligat HaAl,H. Jerusalem,17,8,4,5,14,9,5,28,1.65,3,0.47,0.71,5,0.82,2.13,1.41
Israel - Ligat HaAl,H. Beer Sheva,17,6,7,4,14,8,6,25,1.47,4,0.35,0.76,6,0.82,2.86,1.32
Israel - Ligat HaAl,Maccabi Netanya,17,7,4,6,12,11,1,25,1.47,4,0.41,0.65,1,0.71,2.44,1.54
Israel - Ligat HaAl,Maccabi Haifa,17,6,6,5,12,14,-2,24,1.41,6,0.35,0.71,-2,0.71,2.86,1.41
Israel - Ligat HaAl,Sakhnin,16,6,5,5,7,8,-1,23,1.44,7,0.38,0.69,-1,0.44,2.63,1.45
Israel - Ligat HaAl,B. Jerusalem,17,4,8,5,11,11,0,20,1.18,8,0.24,0.71,0,0.65,4.17,1.41
Israel - Ligat HaAl,Kiryat Shmona,17,4,7,6,8,10,-2,19,1.12,9,0.24,0.65,-2,0.47,4.17,1.54
Israel - Ligat HaAl,Ashdod,16,4,7,5,11,14,-3,19,1.19,9,0.25,0.69,-3,0.69,4.0,1.45
Israel - Ligat HaAl,Ironi Tiberias,17,3,8,6,8,11,-3,17,1.0,11,0.18,0.65,-3,0.47,5.56,1.54
Israel - Ligat HaAl,M. Bnei Raina,17,3,8,6,8,12,-4,17,1.0,11,0.18,0.65,-4,0.47,5.56,1.54
Israel - Ligat HaAl,Hapoel Hadera,16,4,5,7,5,12,-7,17,1.06,11,0.25,0.56,-7,0.31,4.0,1.79
Israel - Ligat HaAl,M. Petah Tikva,16,0,10,6,4,12,-8,10,0.62,14,0.0,0.62,-8,0.25,0.0,1.61
Italy - Serie A,Inter Milan,18,9,7,2,20,10,10,34,1.89,1,0.5,0.89,10,1.11,2.0,1.12
Italy - Serie A,Fiorentina,18,10,4,4,17,7,10,34,1.89,1,0.56,0.78,10,0.94,1.79,1.28
Italy - Serie A,Como,18,7,9,2,12,7,5,30,1.67,3,0.39,0.89,5,0.67,2.56,1.12
Italy - Serie A,Udinese,18,8,6,4,9,7,2,30,1.67,3,0.44,0.78,2,0.5,2.27,1.28
Italy - Serie A,Juventus,18,7,7,4,12,6,6,28,1.56,5,0.39,0.78,6,0.67,2.56,1.28
Italy - Serie A,Napoli,18,7,7,4,13,8,5,28,1.56,5,0.39,0.78,5,0.72,2.56,1.28
Italy - Serie A,Atalanta,18,6,9,3,18,11,7,27,1.5,7,0.33,0.83,7,1.0,3.03,1.2
Italy - Serie A,AS Roma,18,7,5,6,12,8,4,26,1.44,8,0.39,0.67,4,0.67,2.56,1.49
Italy - Serie A,Lazio,18,6,8,4,12,12,0,26,1.44,8,0.33,0.78,0,0.67,3.03,1.28
Italy - Serie A,AC Milan,18,5,8,5,14,9,5,23,1.28,10,0.28,0.72,5,0.78,3.57,1.39
Italy - Serie A,Parma,18,6,5,7,9,11,-2,23,1.28,10,0.33,0.61,-2,0.5,3.03,1.64
Italy - Serie A,Bologna,18,4,9,5,8,9,-1,21,1.17,12,0.22,0.72,-1,0.44,4.55,1.39
Italy - Serie A,Torino,18,4,9,5,6,7,-1,21,1.17,12,0.22,0.72,-1,0.33,4.55,1.39
Italy - Serie A,Venezia,18,3,11,4,6,7,-1,20,1.11,14,0.17,0.78,-1,0.33,5.88,1.28
Italy - Serie A,Empoli,18,2,12,4,3,8,-5,18,1.0,15,0.11,0.78,-5,0.17,9.09,1.28
Italy - Serie A,Lecce,18,4,6,8,5,13,-8,18,1.0,15,0.22,0.56,-8,0.28,4.55,1.79
Italy - Serie A,Cagliari,18,2,9,7,6,11,-5,15,0.83,17,0.11,0.61,-5,0.33,9.09,1.64
Italy - Serie A,Genoa,18,1,11,6,4,9,-5,14,0.78,18,0.06,0.67,-5,0.22,16.67,1.49
Italy - Serie A,Monza,18,1,8,9,7,16,-9,11,0.61,19,0.06,0.5,-9,0.39,16.67,2.0
Italy - Serie A,Hellas Verona,18,1,8,9,6,25,-19,11,0.61,19,0.06,0.5,-19,0.33,16.67,2.0
Italy - Serie B,Juve Stabia,19,10,5,4,14,8,6,35,1.84,1,0.53,0.79,6,0.74,1.89,1.27
Italy - Serie B,Pisa,19,9,7,3,15,6,9,34,1.79,2,0.47,0.84,9,0.79,2.13,1.19
Italy - Serie B,Bari,19,9,6,4,14,8,6,33,1.74,3,0.47,0.79,6,0.74,2.13,1.27
Italy - Serie B,Sassuolo,19,8,7,4,16,10,6,31,1.63,4,0.42,0.79,6,0.84,2.38,1.27
Italy - Serie B,Palermo,19,8,7,4,13,7,6,31,1.63,4,0.42,0.79,6,0.68,2.38,1.27
Italy - Serie B,Carrarese,19,7,10,2,12,6,6,31,1.63,4,0.37,0.89,6,0.63,2.7,1.12
Italy - Serie B,Sampdoria,19,6,12,1,8,3,5,30,1.58,7,0.32,0.95,5,0.42,3.12,1.05
Italy - Serie B,Cesena,19,7,8,4,14,8,6,29,1.53,8,0.37,0.79,6,0.74,2.7,1.27
Italy - Serie B,Modena,19,7,8,4,14,11,3,29,1.53,8,0.37,0.79,3,0.74,2.7,1.27
Italy - Serie B,Spezia,19,7,6,6,15,11,4,27,1.42,10,0.37,0.68,4,0.79,2.7,1.47
Italy - Serie B,Frosinone,19,6,8,5,13,14,-1,26,1.37,11,0.32,0.74,-1,0.68,3.12,1.35
Italy - Serie B,Mantova,19,5,9,5,10,7,3,24,1.26,12,0.26,0.74,3,0.53,3.85,1.35
Italy - Serie B,Reggiana,19,5,9,5,12,12,0,24,1.26,12,0.26,0.74,0,0.63,3.85,1.35
Italy - Serie B,Catanzaro,19,4,11,4,15,13,2,23,1.21,14,0.21,0.79,2,0.79,4.76,1.27
Italy - Serie B,Sudtirol,19,4,11,4,13,13,0,23,1.21,14,0.21,0.79,0,0.68,4.76,1.27
Italy - Serie B,Cosenza,19,6,5,8,8,12,-4,23,1.21,14,0.32,0.58,-4,0.42,3.12,1.72
Italy - Serie B,Brescia,19,4,10,5,13,11,2,22,1.16,17,0.21,0.74,2,0.68,4.76,1.35
Italy - Serie B,Cremonese,19,4,9,6,11,12,-1,21,1.11,18,0.21,0.68,-1,0.58,4.76,1.47
Italy - Serie B,Salernitana,19,2,10,7,7,15,-8,16,0.84,19,0.11,0.63,-8,0.37,9.09,1.59
Italy - Serie B,Cittadella,19,1,10,8,4,12,-8,13,0.68,20,0.05,0.58,-8,0.21,20.0,1.72
Italy - Serie C - Group A,Vicenza,19,11,7,1,17,3,14,40,2.11,1,0.58,0.95,14,0.89,1.72,1.05
Italy - Serie C - Group A,Padova,19,12,4,3,16,3,13,40,2.11,1,0.63,0.84,13,0.84,1.59,1.19
Italy - Serie C - Group A,Renate,19,7,9,3,9,5,4,30,1.58,3,0.37,0.84,4,0.47,2.7,1.19
Italy - Serie C - Group A,Novara,19,8,6,5,9,6,3,30,1.58,3,0.42,0.74,3,0.47,2.38,1.35
Italy - Serie C - Group A,FeralpiSalo,19,6,10,3,9,4,5,28,1.47,5,0.32,0.84,5,0.47,3.12,1.19
Italy - Serie C - Group A,Giana Erminio,19,6,7,6,10,9,1,25,1.32,6,0.32,0.68,1,0.53,3.12,1.47
Italy - Serie C - Group A,Lecco,19,5,10,4,9,9,0,25,1.32,6,0.26,0.79,0,0.47,3.85,1.27
Italy - Serie C - Group A,AlbinoLeffe,19,5,10,4,8,8,0,25,1.32,6,0.26,0.79,0,0.42,3.85,1.27
Italy - Serie C - Group A,Pro Vercelli,19,4,12,3,8,6,2,24,1.26,9,0.21,0.84,2,0.42,4.76,1.19
Italy - Serie C - Group A,Alcione,19,5,9,5,7,6,1,24,1.26,9,0.26,0.74,1,0.37,3.85,1.35
Italy - Serie C - Group A,Virtus Verona,19,6,6,7,13,13,0,24,1.26,9,0.32,0.63,0,0.68,3.12,1.59
Italy - Serie C - Group A,Atalanta B,19,5,8,6,13,11,2,23,1.21,12,0.26,0.68,2,0.68,3.85,1.47
Italy - Serie C - Group A,Caldiero Terme,19,5,6,8,9,12,-3,21,1.11,13,0.26,0.58,-3,0.47,3.85,1.72
Italy - Serie C - Group A,Arzignano,19,4,8,7,7,8,-1,20,1.05,14,0.21,0.63,-1,0.37,4.76,1.59
Italy - Serie C - Group A,Pergolettese,19,4,8,7,12,14,-2,20,1.05,14,0.21,0.63,-2,0.63,4.76,1.59
Italy - Serie C - Group A,Trento,19,4,8,7,9,12,-3,20,1.05,14,0.21,0.63,-3,0.47,4.76,1.59
Italy - Serie C - Group A,Triestina,19,3,10,6,9,8,1,19,1.0,17,0.16,0.68,1,0.47,6.25,1.47
Italy - Serie C - Group A,Pro Patria,19,2,13,4,7,10,-3,19,1.0,17,0.11,0.79,-3,0.37,9.09,1.27
Italy - Serie C - Group A,Clodiense,19,5,3,11,9,17,-8,18,0.95,19,0.26,0.42,-8,0.47,3.85,2.38
Italy - Serie C - Group A,Lumezzane,19,5,3,11,7,17,-10,18,0.95,19,0.26,0.42,-10,0.37,3.85,2.38
Italy - Serie C - Group B,Entella,19,8,11,0,16,5,11,35,1.84,1,0.42,1.0,11,0.84,2.38,1.0
Italy - Serie C - Group B,Pineto,19,9,6,4,14,8,6,33,1.74,2,0.47,0.79,6,0.74,2.13,1.27
Italy - Serie C - Group B,Pianese,19,9,5,5,18,10,8,32,1.68,3,0.47,0.74,8,0.95,2.13,1.35
Italy - Serie C - Group B,Ternana,19,8,7,4,15,6,9,31,1.63,4,0.42,0.79,9,0.79,2.38,1.27
Italy - Serie C - Group B,Pescara,19,6,11,2,13,4,9,29,1.53,5,0.32,0.89,9,0.68,3.12,1.12
Italy - Serie C - Group B,Vis Pesaro,19,6,11,2,11,5,6,29,1.53,5,0.32,0.89,6,0.58,3.12,1.12
Italy - Serie C - Group B,Pontedera,19,7,7,5,16,11,5,28,1.47,7,0.37,0.74,5,0.84,2.7,1.35
Italy - Serie C - Group B,Perugia,19,6,9,4,9,8,1,27,1.42,8,0.32,0.79,1,0.47,3.12,1.27
Italy - Serie C - Group B,Arezzo,19,6,8,5,9,8,1,26,1.37,9,0.32,0.74,1,0.47,3.12,1.35
Italy - Serie C - Group B,AC Milan B,19,6,8,5,10,13,-3,26,1.37,9,0.32,0.74,-3,0.53,3.12,1.35
Italy - Serie C - Group B,Torres,19,5,10,4,6,6,0,25,1.32,11,0.26,0.79,0,0.32,3.85,1.27
Italy - Serie C - Group B,Gubbio,19,4,11,4,8,9,-1,23,1.21,12,0.21,0.79,-1,0.42,4.76,1.27
Italy - Serie C - Group B,Sestri Levante,19,4,10,5,8,11,-3,22,1.16,13,0.21,0.74,-3,0.42,4.76,1.35
Italy - Serie C - Group B,Ascoli,19,4,10,5,6,9,-3,22,1.16,13,0.21,0.74,-3,0.32,4.76,1.35
Italy - Serie C - Group B,Lucchese,19,4,9,6,13,16,-3,21,1.11,15,0.21,0.68,-3,0.68,4.76,1.47
Italy - Serie C - Group B,Athletic Carpi,19,2,14,3,8,9,-1,20,1.05,16,0.11,0.84,-1,0.42,9.09,1.19
Italy - Serie C - Group B,Campobasso,19,4,8,7,9,12,-3,20,1.05,16,0.21,0.63,-3,0.47,4.76,1.59
Italy - Serie C - Group B,Rimini,19,2,12,5,8,8,0,18,0.95,18,0.11,0.74,0,0.42,9.09,1.35
Italy - Serie C - Group B,Legnago Salus,19,3,6,10,6,13,-7,15,0.79,19,0.16,0.47,-7,0.32,6.25,2.13
Italy - Serie C - Group B,SPAL,19,3,6,10,6,15,-9,15,0.79,19,0.16,0.47,-9,0.32,6.25,2.13
Japan - J1 League,Kashima Antlers,10,5,4,1,10,3,7,19,1.9,1,0.5,0.9,7,1.0,2.0,1.11
Japan - J1 League,Urawa RD,9,4,4,1,6,3,3,16,1.78,2,0.44,0.89,3,0.67,2.27,1.12
Japan - J1 League,Fagiano Okayama,9,3,6,0,5,1,4,15,1.67,3,0.33,1.0,4,0.56,3.03,1.0
Japan - J1 League,Cerezo Osaka,8,4,3,1,6,3,3,15,1.88,3,0.5,0.88,3,0.75,2.0,1.14
Japan - J1 League,Gamba Osaka,8,4,2,2,9,4,5,14,1.75,5,0.5,0.75,5,1.12,2.0,1.33
Japan - J1 League,Machida Zelvia,8,4,2,2,7,4,3,14,1.75,5,0.5,0.75,3,0.88,2.0,1.33
Japan - J1 League,Shimizu S-Pulse,8,4,1,3,7,4,3,13,1.62,7,0.5,0.62,3,0.88,2.0,1.61
Japan - J1 League,Yokohama M.,8,3,3,2,3,2,1,12,1.5,8,0.38,0.75,1,0.38,2.63,1.33
Japan - J1 League,Nagoya G.,7,2,5,0,4,2,2,11,1.57,9,0.29,1.0,2,0.57,3.45,1.0
Japan - J1 League,Kyoto Sanga,8,2,5,1,4,3,1,11,1.38,9,0.25,0.88,1,0.5,4.0,1.14
Japan - J1 League,FC Tokyo,8,2,5,1,2,1,1,11,1.38,9,0.25,0.88,1,0.25,4.0,1.14
Japan - J1 League,S. Hiroshima,9,1,8,0,2,1,1,11,1.22,9,0.11,1.0,1,0.22,9.09,1.0
Japan - J1 League,Yokohama FC,9,1,8,0,2,1,1,11,1.22,9,0.11,1.0,1,0.22,9.09,1.0
Japan - J1 League,Avispa Fukuoka,9,1,7,1,4,4,0,10,1.11,14,0.11,0.89,0,0.44,9.09,1.12
Japan - J1 League,Tokyo Verdy,8,2,4,2,3,3,0,10,1.25,14,0.25,0.75,0,0.38,4.0,1.33
Japan - J1 League,Albirex Niigata,8,1,6,1,4,4,0,9,1.12,16,0.12,0.88,0,0.5,8.33,1.14
Japan - J1 League,Shonan Bellmare,8,2,3,3,3,5,-2,9,1.12,16,0.25,0.62,-2,0.38,4.0,1.61
Japan - J1 League,Vissel Kobe,9,1,5,3,3,5,-2,8,0.89,18,0.11,0.67,-2,0.33,9.09,1.49
Japan - J1 League,K. Frontale,7,0,7,0,2,2,0,7,1.0,19,0.0,1.0,0,0.29,0.0,1.0
Japan - J1 League,Kashiwa Reysol,8,0,6,2,1,3,-2,6,0.75,20,0.0,0.75,-2,0.12,0.0,1.33
Japan - J2 League,R. Yamaguchi,8,6,0,2,6,3,3,18,2.25,1,0.75,0.75,3,0.75,1.33,1.33
Japan - J2 League,Kataller Toyama,8,5,2,1,6,2,4,17,2.12,2,0.62,0.88,4,0.75,1.61,1.14
Japan - J2 League,Mito Hollyhock,9,4,4,1,7,4,3,16,1.78,3,0.44,0.89,3,0.78,2.27,1.12
Japan - J2 League,Sagan Tosu,9,4,4,1,6,4,2,16,1.78,3,0.44,0.89,2,0.67,2.27,1.12
Japan - J2 League,JEF Utd Chiba,8,3,5,0,8,4,4,14,1.75,5,0.38,1.0,4,1.0,2.63,1.0
Japan - J2 League,Vegalta Sendai,8,4,2,2,7,5,2,14,1.75,5,0.5,0.75,2,0.88,2.0,1.33
Japan - J2 League,Jubilo Iwata,9,3,4,2,3,2,1,13,1.44,7,0.33,0.78,1,0.33,3.03,1.28
Japan - J2 League,Omiya Ardija,8,2,6,0,5,2,3,12,1.5,8,0.25,1.0,3,0.62,4.0,1.0
Japan - J2 League,Oita Trinita,8,2,5,1,3,2,1,11,1.38,9,0.25,0.88,1,0.38,4.0,1.14
Japan - J2 League,M. Yamagata,6,2,4,0,4,2,2,10,1.67,10,0.33,1.0,2,0.67,3.03,1.0
Japan - J2 League,Fujieda MYFC,8,2,3,3,7,6,1,9,1.12,11,0.25,0.62,1,0.88,4.0,1.61
Japan - J2 League,Ventforet Kofu,8,1,6,1,4,4,0,9,1.12,11,0.12,0.88,0,0.5,8.33,1.14
Japan - J2 League,R. Kumamoto,9,2,3,4,4,5,-1,9,1.0,11,0.22,0.56,-1,0.44,4.55,1.79
Japan - J2 League,V-V. Nagasaki,8,2,3,3,3,4,-1,9,1.12,11,0.25,0.62,-1,0.38,4.0,1.61
Japan - J2 League,Ehime FC,8,2,3,3,3,7,-4,9,1.12,11,0.25,0.62,-4,0.38,4.0,1.61
Japan - J2 League,Tokushima V.,7,1,5,1,2,1,1,8,1.14,16,0.14,0.86,1,0.29,7.14,1.16
Japan - J2 League,Iwaki,8,1,3,4,1,4,-3,6,0.75,17,0.12,0.5,-3,0.12,8.33,2.0
Japan - J2 League,FC Imabari,8,0,5,3,1,6,-5,5,0.62,18,0.0,0.62,-5,0.12,0.0,1.61
Japan - J2 League,Blaublitz Akita,7,0,4,3,1,6,-5,4,0.57,19,0.0,0.57,-5,0.14,0.0,1.75
Japan - J2 League,C. Sapporo,7,0,2,5,2,9,-7,2,0.29,20,0.0,0.29,-7,0.29,0.0,3.45
Japan - J3 League,Tochigi City,6,3,3,0,7,1,6,12,2.0,1,0.5,1.0,6,1.17,2.0,1.0
Japan - J3 League,Osaka,7,3,3,1,3,2,1,12,1.71,1,0.43,0.86,1,0.43,2.33,1.16
Japan - J3 League,Gainare Tottori,5,3,2,0,3,0,3,11,2.2,3,0.6,1.0,3,0.6,1.67,1.0
Japan - J3 League,SC Sagamihara,7,2,5,0,4,2,2,11,1.57,3,0.29,1.0,2,0.57,3.45,1.0
Japan - J3 League,Tochigi SC,7,2,5,0,3,1,2,11,1.57,3,0.29,1.0,2,0.43,3.45,1.0
Japan - J3 League,FC Ryukyu,7,3,2,2,4,3,1,11,1.57,3,0.43,0.71,1,0.57,2.33,1.41
Japan - J3 League,Kusatsu,7,2,4,1,5,2,3,10,1.43,7,0.29,0.86,3,0.71,3.45,1.16
Japan - J3 League,Gifu,7,3,1,3,5,4,1,10,1.43,7,0.43,0.57,1,0.71,2.33,1.75
Japan - J3 League,Kagoshima Utd,7,2,4,1,4,4,0,10,1.43,7,0.29,0.86,0,0.57,3.45,1.16
Japan - J3 League,V. Hachinohe,6,3,1,2,3,3,0,10,1.67,7,0.5,0.67,0,0.5,2.0,1.49
Japan - J3 League,Kamatamare S.,7,2,3,2,4,5,-1,9,1.29,11,0.29,0.71,-1,0.57,3.45,1.41
Japan - J3 League,G. Kitakyushu,7,1,5,1,2,1,1,8,1.14,12,0.14,0.86,1,0.29,7.14,1.16
Japan - J3 League,AC Numazu,7,1,5,1,2,2,0,8,1.14,12,0.14,0.86,0,0.29,7.14,1.16
Japan - J3 League,Nara Club,8,1,5,2,5,6,-1,8,1.0,12,0.12,0.75,-1,0.62,8.33,1.33
Japan - J3 League,Fukushima Utd,6,2,1,3,4,6,-2,7,1.17,15,0.33,0.5,-2,0.67,3.03,2.0
Japan - J3 League,Z. Kanazawa,4,2,0,2,3,2,1,6,1.5,16,0.5,0.5,1,0.75,2.0,2.0
Japan - J3 League,Matsumoto Y.,6,1,3,2,2,7,-5,6,1.0,16,0.17,0.67,-5,0.33,5.88,1.49
Japan - J3 League,Nagano Parceiro,6,0,5,1,2,3,-1,5,0.83,18,0.0,0.83,-1,0.33,0.0,1.2
Japan - J3 League,T. Miyazaki,7,0,5,2,2,5,-3,5,0.71,18,0.0,0.71,-3,0.29,0.0,1.41
Japan - J3 League,Kochi United,6,0,4,2,1,4,-3,4,0.67,20,0.0,0.67,-3,0.17,0.0,1.49
Kazakhstan - Premier League,Ordabasy,5,3,2,0,4,0,4,11,2.2,1,0.6,1.0,4,0.8,1.67,1.0
Kazakhstan - Premier League,Tobol,4,3,1,0,4,1,3,10,2.5,2,0.75,1.0,3,1.0,1.33,1.0
Kazakhstan - Premier League,FC Astana,5,3,1,1,6,4,2,10,2.0,2,0.6,0.8,2,1.2,1.67,1.25
Kazakhstan - Premier League,Kyzylzhar,5,3,1,1,4,3,1,10,2.0,2,0.6,0.8,1,0.8,1.67,1.25
Kazakhstan - Premier League,Kairat Almaty,3,3,0,0,6,0,6,9,3.0,5,1.0,1.0,6,2.0,1.0,1.0
Kazakhstan - Premier League,Aktobe,4,2,2,0,3,0,3,8,2.0,6,0.5,1.0,3,0.75,2.0,1.0
Kazakhstan - Premier League,Okzhetpes,4,2,2,0,3,1,2,8,2.0,6,0.5,1.0,2,0.75,2.0,1.0
Kazakhstan - Premier League,Turan,5,2,1,2,2,2,0,7,1.4,8,0.4,0.6,0,0.4,2.5,1.67
Kazakhstan - Premier League,Kaisar K.,5,1,3,1,2,1,1,6,1.2,9,0.2,0.8,1,0.4,5.0,1.25
Kazakhstan - Premier League,Yelimay Semey,3,1,1,1,1,1,0,4,1.33,10,0.33,0.67,0,0.33,3.03,1.49
Kazakhstan - Premier League,Zhetysu,4,0,3,1,1,3,-2,3,0.75,11,0.0,0.75,-2,0.25,0.0,1.33
Kazakhstan - Premier League,Atyrau,7,0,3,4,1,6,-5,3,0.43,11,0.0,0.43,-5,0.14,0.0,2.33
Kazakhstan - Premier League,Zhenys,4,0,2,2,0,3,-3,2,0.5,13,0.0,0.5,-3,0.0,0.0,2.0
Kazakhstan - Premier League,Ulytau,3,0,0,3,0,3,-3,0,0.0,14,0.0,0.0,-3,0.0,0.0,0.0
Lithuania - A Lyga,Suduva,6,4,2,0,7,0,7,14,2.33,1,0.67,1.0,7,1.17,1.49,1.0
Lithuania - A Lyga,Kauno Zalgiris,6,4,2,0,5,0,5,14,2.33,1,0.67,1.0,5,0.83,1.49,1.0
Lithuania - A Lyga,Siauliai,5,4,1,0,5,1,4,13,2.6,3,0.8,1.0,4,1.0,1.25,1.0
Lithuania - A Lyga,Hegelmann L.,6,4,1,1,6,3,3,13,2.17,3,0.67,0.83,3,1.0,1.49,1.2
Lithuania - A Lyga,Banga,7,4,1,2,4,3,1,13,1.86,3,0.57,0.71,1,0.57,1.75,1.41
Lithuania - A Lyga,Zalgiris,6,3,3,0,5,2,3,12,2.0,6,0.5,1.0,3,0.83,2.0,1.0
Lithuania - A Lyga,Panevezys,7,1,3,3,3,4,-1,6,0.86,7,0.14,0.57,-1,0.43,7.14,1.75
Lithuania - A Lyga,Dziugas Telsiai,4,1,2,1,2,1,1,5,1.25,8,0.25,0.75,1,0.5,4.0,1.33
Lithuania - A Lyga,Dainava,7,1,2,4,3,6,-3,5,0.71,8,0.14,0.43,-3,0.43,7.14,2.33
Lithuania - A Lyga,Riteriai,5,0,4,1,3,5,-2,4,0.8,10,0.0,0.8,-2,0.6,0.0,1.25
Mexico - Liga MX - Apertura,Toluca,9,6,2,1,12,3,9,20,2.22,1,0.67,0.89,9,1.33,1.49,1.12
Mexico - Liga MX - Apertura,Cruz Azul,9,5,3,1,9,2,7,18,2.0,2,0.56,0.89,7,1.0,1.79,1.12
Mexico - Liga MX - Apertura,A. San Luis,8,5,2,1,9,4,5,17,2.12,3,0.62,0.88,5,1.12,1.61,1.14
Mexico - Liga MX - Apertura,Monterrey,9,5,2,2,9,5,4,17,1.89,3,0.56,0.78,4,1.0,1.79,1.28
Mexico - Liga MX - Apertura,Tigres,8,3,5,0,5,2,3,14,1.75,5,0.38,1.0,3,0.62,2.63,1.0
Mexico - Liga MX - Apertura,Pumas UNAM,8,4,2,2,6,5,1,14,1.75,5,0.5,0.75,1,0.75,2.0,1.33
Mexico - Liga MX - Apertura,Guadalajara,9,3,4,2,6,2,4,13,1.44,7,0.33,0.78,4,0.67,3.03,1.28
Mexico - Liga MX - Apertura,CF America,8,3,4,1,5,3,2,13,1.62,7,0.38,0.88,2,0.62,2.63,1.14
Mexico - Liga MX - Apertura,Atlas,8,3,3,2,5,3,2,12,1.5,9,0.38,0.75,2,0.62,2.63,1.33
Mexico - Liga MX - Apertura,Club Leon,9,2,6,1,4,3,1,12,1.33,9,0.22,0.89,1,0.44,4.55,1.12
Mexico - Liga MX - Apertura,Tijuana,9,3,3,3,7,7,0,12,1.33,9,0.33,0.67,0,0.78,3.03,1.49
Mexico - Liga MX - Apertura,Necaxa,9,3,3,3,5,5,0,12,1.33,9,0.33,0.67,0,0.56,3.03,1.49
Mexico - Liga MX - Apertura,Mazatlan,8,2,5,1,6,6,0,11,1.38,13,0.25,0.88,0,0.75,4.0,1.14
Mexico - Liga MX - Apertura,Pachuca,8,3,1,4,5,6,-1,10,1.25,14,0.38,0.5,-1,0.62,2.63,2.0
Mexico - Liga MX - Apertura,Juarez,8,2,4,2,3,5,-2,10,1.25,14,0.25,0.75,-2,0.38,4.0,1.33
Mexico - Liga MX - Apertura,Santos Laguna,9,1,5,3,2,4,-2,8,0.89,16,0.11,0.67,-2,0.22,9.09,1.49
Mexico - Liga MX - Apertura,Puebla,9,1,4,4,4,8,-4,7,0.78,17,0.11,0.56,-4,0.44,9.09,1.79
Mexico - Liga MX - Apertura,Queretaro,8,1,2,5,2,7,-5,5,0.62,18,0.12,0.38,-5,0.25,8.33,2.63
Mexico - Liga MX - Clausura,Juarez,9,6,2,1,7,3,4,20,2.22,1,0.67,0.89,4,0.78,1.49,1.12
Mexico - Liga MX - Clausura,Toluca,8,5,2,1,14,4,10,17,2.12,2,0.62,0.88,10,1.75,1.61,1.14
Mexico - Liga MX - Clausura,CF America,9,5,2,2,10,4,6,17,1.89,2,0.56,0.78,6,1.11,1.79,1.28
Mexico - Liga MX - Clausura,Monterrey,8,4,4,0,9,3,6,16,2.0,4,0.5,1.0,6,1.12,2.0,1.0
Mexico - Liga MX - Clausura,Pachuca,9,4,4,1,8,2,6,16,1.78,4,0.44,0.89,6,0.89,2.27,1.12
Mexico - Liga MX - Clausura,Cruz Azul,8,4,4,0,8,3,5,16,2.0,4,0.5,1.0,5,1.0,2.0,1.0
Mexico - Liga MX - Clausura,Guadalajara,8,4,3,1,7,4,3,15,1.88,7,0.5,0.88,3,0.88,2.0,1.14
Mexico - Liga MX - Clausura,Tigres,9,3,5,1,4,2,2,14,1.56,8,0.33,0.89,2,0.44,3.03,1.12
Mexico - Liga MX - Clausura,Pumas UNAM,9,2,6,1,3,1,2,12,1.33,9,0.22,0.89,2,0.33,4.55,1.12
Mexico - Liga MX - Clausura,Queretaro,9,3,3,3,5,7,-2,12,1.33,9,0.33,0.67,-2,0.56,3.03,1.49
Mexico - Liga MX - Clausura,Necaxa,8,2,5,1,8,6,2,11,1.38,11,0.25,0.88,2,1.0,4.0,1.14
Mexico - Liga MX - Clausura,Club Leon,8,2,5,1,6,4,2,11,1.38,11,0.25,0.88,2,0.75,4.0,1.14
Mexico - Liga MX - Clausura,Tijuana,8,2,5,1,8,7,1,11,1.38,11,0.25,0.88,1,1.0,4.0,1.14
Mexico - Liga MX - Clausura,Santos Laguna,8,3,1,4,4,7,-3,10,1.25,14,0.38,0.5,-3,0.5,2.63,2.0
Mexico - Liga MX - Clausura,Atlas,9,1,6,2,6,8,-2,9,1.0,15,0.11,0.78,-2,0.67,9.09,1.28
Mexico - Liga MX - Clausura,A. San Luis,9,1,5,3,5,8,-3,8,0.89,16,0.11,0.67,-3,0.56,9.09,1.49
Mexico - Liga MX - Clausura,Mazatlan,9,1,5,3,5,8,-3,8,0.89,16,0.11,0.67,-3,0.56,9.09,1.49
Mexico - Liga MX - Clausura,Puebla,8,2,2,4,3,6,-3,8,1.0,16,0.25,0.5,-3,0.38,4.0,2.0
Netherlands - Eredivisie,PSV Eindhoven,17,13,2,2,32,6,26,41,2.41,1,0.76,0.88,26,1.88,1.32,1.14
Netherlands - Eredivisie,Ajax Amsterdam,16,11,5,0,18,3,15,38,2.38,2,0.69,1.0,15,1.12,1.45,1.0
Netherlands - Eredivisie,Feyenoord,17,10,4,3,20,8,12,34,2.0,3,0.59,0.82,12,1.18,1.69,1.22
Netherlands - Eredivisie,FC Twente,17,9,5,3,18,11,7,32,1.88,4,0.53,0.82,7,1.06,1.89,1.22
Netherlands - Eredivisie,Heracles Almelo,16,6,8,2,13,11,2,26,1.62,5,0.38,0.88,2,0.81,2.63,1.14
Netherlands - Eredivisie,FC Groningen,17,6,7,4,13,7,6,25,1.47,6,0.35,0.76,6,0.76,2.86,1.32
Netherlands - Eredivisie,FC Utrecht,17,5,10,2,14,10,4,25,1.47,6,0.29,0.88,4,0.82,3.45,1.14
Netherlands - Eredivisie,Heerenveen,16,6,7,3,13,9,4,25,1.56,6,0.38,0.81,4,0.81,2.63,1.23
Netherlands - Eredivisie,AZ Alkmaar,16,6,7,3,9,7,2,25,1.56,6,0.38,0.81,2,0.56,2.63,1.23
Netherlands - Eredivisie,NAC Breda,16,6,6,4,9,8,1,24,1.5,10,0.38,0.75,1,0.56,2.63,1.33
Netherlands - Eredivisie,Go Ahead Eagles,17,5,6,6,13,14,-1,21,1.24,11,0.29,0.65,-1,0.76,3.45,1.54
Netherlands - Eredivisie,NEC Nijmegen,17,4,8,5,12,11,1,20,1.18,12,0.24,0.71,1,0.71,4.17,1.41
Netherlands - Eredivisie,Willem II,17,5,5,7,8,11,-3,20,1.18,12,0.29,0.59,-3,0.47,3.45,1.69
Netherlands - Eredivisie,PEC Zwolle,16,4,7,5,6,6,0,19,1.19,14,0.25,0.69,0,0.38,4.0,1.45
Netherlands - Eredivisie,Fortuna Sittard,16,4,7,5,7,10,-3,19,1.19,14,0.25,0.69,-3,0.44,4.0,1.45
Netherlands - Eredivisie,Sparta,16,4,7,5,7,10,-3,19,1.19,14,0.25,0.69,-3,0.44,4.0,1.45
Netherlands - Eredivisie,RKC Waalwijk,16,3,7,6,9,14,-5,16,1.0,17,0.19,0.62,-5,0.56,5.26,1.61
Netherlands - Eredivisie,Almere City,17,3,6,8,5,14,-9,15,0.88,18,0.18,0.53,-9,0.29,5.56,1.89
Netherlands - Eerste Divisie,FC Dordrecht,19,13,4,2,22,4,18,43,2.26,1,0.68,0.89,18,1.16,1.47,1.12
Netherlands - Eerste Divisie,De Graafschap,19,12,4,3,25,10,15,40,2.11,2,0.63,0.84,15,1.32,1.59,1.19
Netherlands - Eerste Divisie,ADO Den Haag,19,10,6,3,17,11,6,36,1.89,3,0.53,0.84,6,0.89,1.89,1.19
Netherlands - Eerste Divisie,Telstar,19,10,5,4,21,7,14,35,1.84,4,0.53,0.79,14,1.11,1.89,1.27
Netherlands - Eerste Divisie,FC Volendam,19,8,8,3,21,10,11,32,1.68,5,0.42,0.84,11,1.11,2.38,1.19
Netherlands - Eerste Divisie,Excelsior,19,9,5,5,19,9,10,32,1.68,5,0.47,0.74,10,1.0,2.13,1.35
Netherlands - Eerste Divisie,Helmond Sport,19,7,9,3,17,10,7,30,1.58,7,0.37,0.84,7,0.89,2.7,1.19
Netherlands - Eerste Divisie,Cambuur,19,8,6,5,13,10,3,30,1.58,7,0.42,0.74,3,0.68,2.38,1.35
Netherlands - Eerste Divisie,FC Den Bosch,19,7,8,4,14,9,5,29,1.53,9,0.37,0.79,5,0.74,2.7,1.27
Netherlands - Eerste Divisie,Roda JC,19,7,7,5,11,9,2,28,1.47,10,0.37,0.74,2,0.58,2.7,1.35
Netherlands - Eerste Divisie,MVV Maastricht,19,6,9,4,16,11,5,27,1.42,11,0.32,0.79,5,0.84,3.12,1.27
Netherlands - Eerste Divisie,Jong Ajax,19,6,8,5,9,7,2,26,1.37,12,0.32,0.74,2,0.47,3.12,1.35
Netherlands - Eerste Divisie,Vitesse Arnhem,19,7,4,8,10,15,-5,25,1.32,13,0.37,0.58,-5,0.53,2.7,1.72
Netherlands - Eerste Divisie,VVV,19,4,10,5,7,10,-3,22,1.16,14,0.21,0.74,-3,0.37,4.76,1.35
Netherlands - Eerste Divisie,FC Emmen,19,6,4,9,10,15,-5,22,1.16,14,0.32,0.53,-5,0.53,3.12,1.89
Netherlands - Eerste Divisie,Jong Utrecht,19,6,4,9,9,15,-6,22,1.16,14,0.32,0.53,-6,0.47,3.12,1.89
Netherlands - Eerste Divisie,Jong PSV,19,6,4,9,13,24,-11,22,1.16,14,0.32,0.53,-11,0.68,3.12,1.89
Netherlands - Eerste Divisie,Jong AZ,19,4,8,7,12,16,-4,20,1.05,18,0.21,0.63,-4,0.63,4.76,1.59
Netherlands - Eerste Divisie,FC Eindhoven,19,4,8,7,12,18,-6,20,1.05,18,0.21,0.63,-6,0.63,4.76,1.59
Netherlands - Eerste Divisie,TOP Oss,19,5,2,12,7,18,-11,17,0.89,20,0.26,0.37,-11,0.37,3.85,2.7
Northern Ireland - NIFL Premiership,Linfield,20,11,8,1,18,3,15,41,2.05,1,0.55,0.95,15,0.9,1.82,1.05
Northern Ireland - NIFL Premiership,Dungannon,20,11,5,4,17,10,7,38,1.9,2,0.55,0.8,7,0.85,1.82,1.25
Northern Ireland - NIFL Premiership,Cliftonville,18,7,11,0,10,3,7,32,1.78,3,0.39,1.0,7,0.56,2.56,1.0
Northern Ireland - NIFL Premiership,Carrick Rangers,20,7,10,3,14,7,7,31,1.55,4,0.35,0.85,7,0.7,2.86,1.18
Northern Ireland - NIFL Premiership,Glentoran,17,6,8,3,6,4,2,26,1.53,5,0.35,0.82,2,0.35,2.86,1.22
Northern Ireland - NIFL Premiership,Portadown,20,7,5,8,12,13,-1,26,1.3,5,0.35,0.6,-1,0.6,2.86,1.67
Northern Ireland - NIFL Premiership,Ballymena Utd,18,4,13,1,12,6,6,25,1.39,7,0.22,0.94,6,0.67,4.55,1.06
Northern Ireland - NIFL Premiership,Coleraine,19,6,6,7,10,15,-5,24,1.26,8,0.32,0.63,-5,0.53,3.12,1.59
Northern Ireland - NIFL Premiership,Larne,18,4,8,6,5,7,-2,20,1.11,9,0.22,0.67,-2,0.28,4.55,1.49
Northern Ireland - NIFL Premiership,Crusaders,20,4,8,8,10,16,-6,20,1.0,9,0.2,0.6,-6,0.5,5.0,1.67
Northern Ireland - NIFL Premiership,Loughgall,19,5,4,10,13,22,-9,19,1.0,11,0.26,0.47,-9,0.68,3.85,2.13
Northern Ireland - NIFL Premiership,Glenavon,19,2,10,7,4,11,-7,16,0.84,12,0.11,0.63,-7,0.21,9.09,1.59
Norway - Eliteserien,Fredrikstad,4,4,0,0,7,1,6,12,3.0,1,1.0,1.0,6,1.75,1.0,1.0
Norway - Eliteserien,Rosenborg,5,3,2,0,3,0,3,11,2.2,2,0.6,1.0,3,0.6,1.67,1.0
Norway - Eliteserien,Sandefjord,3,2,1,0,4,1,3,7,2.33,3,0.67,1.0,3,1.33,1.49,1.0
Norway - Eliteserien,Tromso,4,2,1,1,2,1,1,7,1.75,3,0.5,0.75,1,0.5,2.0,1.33
Norway - Eliteserien,Stromsgodset,4,2,0,2,2,2,0,6,1.5,5,0.5,0.5,0,0.5,2.0,2.0
Norway - Eliteserien,Viking,6,1,3,2,3,4,-1,6,1.0,5,0.17,0.67,-1,0.5,5.88,1.49
Norway - Eliteserien,Brann,5,1,2,2,2,4,-2,5,1.0,7,0.2,0.6,-2,0.4,5.0,1.67
Norway - Eliteserien,Bodo.Glimt,2,1,1,0,1,0,1,4,2.0,8,0.5,1.0,1,0.5,2.0,1.0
Norway - Eliteserien,Valerenga,4,1,1,2,2,4,-2,4,1.0,8,0.25,0.5,-2,0.5,4.0,2.0
Norway - Eliteserien,Kristiansund,3,0,3,0,1,1,0,3,1.0,10,0.0,1.0,0,0.33,0.0,1.0
Norway - Eliteserien,Sarpsborg 08,3,1,0,2,1,2,-1,3,1.0,10,0.33,0.33,-1,0.33,3.03,3.03
Norway - Eliteserien,Bryne,3,1,0,2,2,4,-2,3,1.0,10,0.33,0.33,-2,0.67,3.03,3.03
Norway - Eliteserien,Molde,4,1,0,3,1,4,-3,3,0.75,10,0.25,0.25,-3,0.25,4.0,4.0
Norway - Eliteserien,KFUM Oslo,3,0,2,1,2,4,-2,2,0.67,14,0.0,0.67,-2,0.67,0.0,1.49
Norway - Eliteserien,HamKam,3,0,2,1,1,5,-4,2,0.67,14,0.0,0.67,-4,0.33,0.0,1.49
Norway - Eliteserien,Haugesund,3,0,1,2,0,4,-4,1,0.33,16,0.0,0.33,-4,0.0,0.0,3.03
Norway - 1st Division,Moss,3,3,0,0,5,0,5,9,3.0,1,1.0,1.0,5,1.67,1.0,1.0
Norway - 1st Division,Raufoss,4,2,1,1,5,1,4,7,1.75,2,0.5,0.75,4,1.25,2.0,1.33
Norway - 1st Division,Lillestrom,3,2,1,0,4,0,4,7,2.33,2,0.67,1.0,4,1.33,1.49,1.0
Norway - 1st Division,Aalesund,4,1,3,0,3,2,1,6,1.5,4,0.25,1.0,1,0.75,4.0,1.0
Norway - 1st Division,Kongsvinger,3,2,0,1,3,2,1,6,2.0,4,0.67,0.67,1,1.0,1.49,1.49
Norway - 1st Division,Odd,4,1,2,1,2,2,0,5,1.25,6,0.25,0.75,0,0.5,4.0,1.33
Norway - 1st Division,Sogndal,4,1,2,1,2,2,0,5,1.25,6,0.25,0.75,0,0.5,4.0,1.33
Norway - 1st Division,Lyn,4,1,2,1,1,1,0,5,1.25,6,0.25,0.75,0,0.25,4.0,1.33
Norway - 1st Division,Skeid,3,1,1,1,1,2,-1,4,1.33,9,0.33,0.67,-1,0.33,3.03,1.49
Norway - 1st Division,Ranheim,4,1,1,2,1,3,-2,4,1.0,9,0.25,0.5,-2,0.25,4.0,2.0
Norway - 1st Division,Hodd,3,1,0,2,1,2,-1,3,1.0,11,0.33,0.33,-1,0.33,3.03,3.03
Norway - 1st Division,Stabaek,4,0,3,1,0,2,-2,3,0.75,11,0.0,0.75,-2,0.0,0.0,1.33
Norway - 1st Division,Start,4,0,2,2,2,5,-3,2,0.5,13,0.0,0.5,-3,0.5,0.0,2.0
Norway - 1st Division,Asane,3,0,1,2,0,3,-3,1,0.33,14,0.0,0.33,-3,0.0,0.0,3.03
Norway - 1st Division,Mjondalen,3,0,1,2,0,3,-3,1,0.33,14,0.0,0.33,-3,0.0,0.0,3.03
Norway - 1st Division,Egersund,2,0,0,2,2,5,-3,0,0.0,16,0.0,0.0,-3,1.0,0.0,0.0
Paraguay - Primera Div. - Apertura,Cerro Porteno,10,5,4,1,6,2,4,19,1.9,1,0.5,0.9,4,0.6,2.0,1.11
Paraguay - Primera Div. - Apertura,G. Caballero,9,4,4,1,7,5,2,16,1.78,2,0.44,0.89,2,0.78,2.27,1.12
Paraguay - Primera Div. - Apertura,Nacional,10,4,3,3,9,7,2,15,1.5,3,0.4,0.7,2,0.9,2.5,1.43
Paraguay - Primera Div. - Apertura,Libertad,10,3,6,1,4,3,1,15,1.5,3,0.3,0.9,1,0.4,3.33,1.11
Paraguay - Primera Div. - Apertura,Olimpia,9,4,2,3,11,8,3,14,1.56,5,0.44,0.67,3,1.22,2.27,1.49
Paraguay - Primera Div. - Apertura,S. Ameliano,9,2,6,1,5,4,1,12,1.33,6,0.22,0.89,1,0.56,4.55,1.12
Paraguay - Primera Div. - Apertura,S. Trinidense,9,2,6,1,5,4,1,12,1.33,6,0.22,0.89,1,0.56,4.55,1.12
Paraguay - Primera Div. - Apertura,D. Recoleta,10,2,6,2,2,2,0,12,1.2,6,0.2,0.8,0,0.2,5.0,1.25
Paraguay - Primera Div. - Apertura,2 de Mayo,9,2,5,2,5,7,-2,11,1.22,9,0.22,0.78,-2,0.56,4.55,1.28
Paraguay - Primera Div. - Apertura,Guarani,9,2,4,3,6,7,-1,10,1.11,10,0.22,0.67,-1,0.67,4.55,1.49
Paraguay - Primera Div. - Apertura,A. Tembetary,9,1,6,2,3,4,-1,9,1.0,11,0.11,0.78,-1,0.33,9.09,1.28
Paraguay - Primera Div. - Apertura,S. Luqueno,9,0,7,2,1,3,-2,7,0.78,12,0.0,0.78,-2,0.11,0.0,1.28
Paraguay - Division Intermedia,San Lorenzo,4,3,1,0,5,0,5,10,2.5,1,0.75,1.0,5,1.25,1.33,1.0
Paraguay - Division Intermedia,Guairena,5,3,1,1,4,3,1,10,2.0,1,0.6,0.8,1,0.8,1.67,1.25
Paraguay - Division Intermedia,Guarani de Fram,3,3,0,0,5,0,5,9,3.0,3,1.0,1.0,5,1.67,1.0,1.0
Paraguay - Division Intermedia,Resistencia,4,2,2,0,4,0,4,8,2.0,4,0.5,1.0,4,1.0,2.0,1.0
Paraguay - Division Intermedia,D. Capiata,4,2,2,0,3,0,3,8,2.0,4,0.5,1.0,3,0.75,2.0,1.0
Paraguay - Division Intermedia,Rubio Nu,3,2,1,0,3,0,3,7,2.33,6,0.67,1.0,3,1.0,1.49,1.0
Paraguay - Division Intermedia,Independiente,5,1,4,0,1,0,1,7,1.4,6,0.2,1.0,1,0.2,5.0,1.0
Paraguay - Division Intermedia,S. Carapegua,5,1,3,1,2,2,0,6,1.2,8,0.2,0.8,0,0.4,5.0,1.25
Paraguay - Division Intermedia,Sol de America,5,1,3,1,2,2,0,6,1.2,8,0.2,0.8,0,0.4,5.0,1.25
Paraguay - Division Intermedia,12 de Junio VH,4,1,2,1,3,3,0,5,1.25,10,0.25,0.75,0,0.75,4.0,1.33
Paraguay - Division Intermedia,D. Santani,4,1,2,1,1,1,0,5,1.25,10,0.25,0.75,0,0.25,4.0,1.33
Paraguay - Division Intermedia,C. River Plate,3,1,1,1,1,1,0,4,1.33,12,0.33,0.67,0,0.33,3.03,1.49
Paraguay - Division Intermedia,Pastoreo,3,1,1,1,1,1,0,4,1.33,12,0.33,0.67,0,0.33,3.03,1.49
Paraguay - Division Intermedia,Encarnacion,4,0,4,0,0,0,0,4,1.0,12,0.0,1.0,0,0.0,0.0,1.0
Paraguay - Division Intermedia,Tacuary,4,0,3,1,0,3,-3,3,0.75,15,0.0,0.75,-3,0.0,0.0,1.33
Paraguay - Division Intermedia,F. de la Mora,4,0,1,3,1,4,-3,1,0.25,16,0.0,0.25,-3,0.25,0.0,4.0
Peru - Liga 1 - Apertura,Alianza Lima,6,4,2,0,6,0,6,14,2.33,1,0.67,1.0,6,1.0,1.49,1.0
Peru - Liga 1 - Apertura,Cusco,6,4,1,1,7,3,4,13,2.17,2,0.67,0.83,4,1.17,1.49,1.2
Peru - Liga 1 - Apertura,FBC Melgar,6,4,1,1,6,2,4,13,2.17,2,0.67,0.83,4,1.0,1.49,1.2
Peru - Liga 1 - Apertura,S. Cristal,6,3,3,0,7,3,4,12,2.0,4,0.5,1.0,4,1.17,2.0,1.0
Peru - Liga 1 - Apertura,Cajamarca,6,2,4,0,5,2,3,10,1.67,5,0.33,1.0,3,0.83,3.03,1.0
Peru - Liga 1 - Apertura,Alianza A.,6,3,1,2,6,4,2,10,1.67,5,0.5,0.67,2,1.0,2.0,1.49
Peru - Liga 1 - Apertura,Universitario,6,3,1,2,5,3,2,10,1.67,5,0.5,0.67,2,0.83,2.0,1.49
Peru - Liga 1 - Apertura,Atletico Grau,5,3,1,1,4,2,2,10,2.0,5,0.6,0.8,2,0.8,1.67,1.25
Peru - Liga 1 - Apertura,ADT,6,3,1,2,5,4,1,10,1.67,5,0.5,0.67,1,0.83,2.0,1.49
Peru - Liga 1 - Apertura,Sport Huancayo,6,2,3,1,4,3,1,9,1.5,10,0.33,0.83,1,0.67,3.03,1.2
Peru - Liga 1 - Apertura,Juan Pablo II C,4,2,2,0,3,0,3,8,2.0,11,0.5,1.0,3,0.75,2.0,1.0
Peru - Liga 1 - Apertura,Sport Boys,6,2,2,2,6,5,1,8,1.33,11,0.33,0.67,1,1.0,3.03,1.49
Peru - Liga 1 - Apertura,Cienciano,6,1,4,1,4,4,0,7,1.17,13,0.17,0.83,0,0.67,5.88,1.2
Peru - Liga 1 - Apertura,Los Chankas,6,1,4,1,3,3,0,7,1.17,13,0.17,0.83,0,0.5,5.88,1.2
Peru - Liga 1 - Apertura,D. Garcilaso,6,1,4,1,2,2,0,7,1.17,13,0.17,0.83,0,0.33,5.88,1.2
Peru - Liga 1 - Apertura,Ayacucho,6,2,1,3,6,9,-3,7,1.17,13,0.33,0.5,-3,1.0,3.03,2.0
Peru - Liga 1 - Apertura,Binacional,5,1,2,2,2,5,-3,5,1.0,17,0.2,0.6,-3,0.4,5.0,1.67
Peru - Liga 1 - Apertura,A. Huanuco,6,0,4,2,4,6,-2,4,0.67,18,0.0,0.67,-2,0.67,0.0,1.49
Peru - Liga 1 - Apertura,Comerciantes U.,5,0,3,2,0,3,-3,3,0.6,19,0.0,0.6,-3,0.0,0.0,1.67
Poland - Ekstraklasa,Lech Poznan,16,11,4,1,24,7,17,37,2.31,1,0.69,0.94,17,1.5,1.45,1.06
Poland - Ekstraklasa,Pogon Szczecin,17,9,6,2,15,8,7,33,1.94,2,0.53,0.88,7,0.88,1.89,1.14
Poland - Ekstraklasa,Jagiellonia,16,8,7,1,19,8,11,31,1.94,3,0.5,0.94,11,1.19,2.0,1.06
Poland - Ekstraklasa,Rakow C.,16,6,9,1,13,4,9,27,1.69,4,0.38,0.94,9,0.81,2.63,1.06
Poland - Ekstraklasa,Gornik Zabrze,16,6,8,2,10,7,3,26,1.62,5,0.38,0.88,3,0.62,2.63,1.14
Poland - Ekstraklasa,Slask Wroclaw,17,6,7,4,10,8,2,25,1.47,6,0.35,0.76,2,0.59,2.86,1.32
Poland - Ekstraklasa,Legia Warsaw,16,5,9,2,17,11,6,24,1.5,7,0.31,0.88,6,1.06,3.23,1.14
Poland - Ekstraklasa,Lechia Gdansk,16,6,6,4,8,7,1,24,1.5,7,0.38,0.75,1,0.5,2.63,1.33
Poland - Ekstraklasa,Korona Kielce,17,4,11,2,9,6,3,23,1.35,9,0.24,0.88,3,0.53,4.17,1.14
Poland - Ekstraklasa,Puszcza Niepolo,16,6,4,6,13,13,0,22,1.38,10,0.38,0.62,0,0.81,2.63,1.61
Poland - Ekstraklasa,Stal Mielec,17,4,10,3,8,8,0,22,1.29,10,0.24,0.82,0,0.47,4.17,1.22
Poland - Ekstraklasa,Piast Gliwice,17,5,6,6,9,10,-1,21,1.24,12,0.29,0.65,-1,0.53,3.45,1.54
Poland - Ekstraklasa,Katowice,16,4,8,4,9,10,-1,20,1.25,13,0.25,0.75,-1,0.56,4.0,1.33
Poland - Ekstraklasa,Widzew Lodz,16,5,5,6,11,13,-2,20,1.25,13,0.31,0.62,-2,0.69,3.23,1.61
Poland - Ekstraklasa,Zaglebie Lubin,16,5,4,7,7,13,-6,19,1.19,15,0.31,0.56,-6,0.44,3.23,1.79
Poland - Ekstraklasa,Cracovia Krakow,16,4,6,6,11,14,-3,18,1.12,16,0.25,0.62,-3,0.69,4.0,1.61
Poland - Ekstraklasa,Radomiak Radom,16,5,3,8,8,13,-5,18,1.12,16,0.31,0.5,-5,0.5,3.23,2.0
Poland - Ekstraklasa,Motor Lublin,16,4,5,7,11,14,-3,17,1.06,18,0.25,0.56,-3,0.69,4.0,1.79
Poland - 1. Liga,Arka Gdynia,16,7,8,1,19,7,12,29,1.81,1,0.44,0.94,12,1.19,2.27,1.06
Poland - 1. Liga,Miedz Legnica,16,7,7,2,18,7,11,28,1.75,2,0.44,0.88,11,1.12,2.27,1.14
Poland - 1. Liga,Polonia Warszaw,17,7,7,3,16,8,8,28,1.65,2,0.41,0.82,8,0.94,2.44,1.22
Poland - 1. Liga,Wisla Plock,16,7,5,4,14,7,7,26,1.62,4,0.44,0.75,7,0.88,2.27,1.33
Poland - 1. Liga,T. Nieciecza,16,7,5,4,14,9,5,26,1.62,4,0.44,0.75,5,0.88,2.27,1.33
Poland - 1. Liga,Ruch Chorzow,16,5,9,2,14,8,6,24,1.5,6,0.31,0.88,6,0.88,3.23,1.14
Poland - 1. Liga,LKS Lodz,16,5,9,2,11,6,5,24,1.5,6,0.31,0.88,5,0.69,3.23,1.14
Poland - 1. Liga,Gornik Leczna,17,5,9,3,8,8,0,24,1.41,6,0.29,0.82,0,0.47,3.45,1.22
Poland - 1. Liga,Chrobry Glogow,16,6,5,5,8,8,0,23,1.44,9,0.38,0.69,0,0.5,2.63,1.45
Poland - 1. Liga,K. Kolobrzeg,17,5,8,4,6,7,-1,23,1.35,9,0.29,0.76,-1,0.35,3.45,1.32
Poland - 1. Liga,Wisla Krakow,17,4,9,4,8,7,1,21,1.24,11,0.24,0.76,1,0.47,4.17,1.32
Poland - 1. Liga,Znicz Pruszkow,16,5,6,5,12,12,0,21,1.31,11,0.31,0.69,0,0.75,3.23,1.45
Poland - 1. Liga,Tychy,16,4,7,5,9,10,-1,19,1.19,13,0.25,0.69,-1,0.56,4.0,1.45
Poland - 1. Liga,Stalowa Wola,16,3,9,4,7,10,-3,18,1.12,14,0.19,0.75,-3,0.44,5.26,1.33
Poland - 1. Liga,Odra Opole,16,5,3,8,10,14,-4,18,1.12,14,0.31,0.5,-4,0.62,3.23,2.0
Poland - 1. Liga,Stal Rzeszow,16,3,7,6,10,14,-4,16,1.0,16,0.19,0.62,-4,0.62,5.26,1.61
Poland - 1. Liga,Warta Poznan,16,3,5,8,4,14,-10,14,0.88,17,0.19,0.5,-10,0.25,5.26,2.0
Poland - 1. Liga,Pogon Siedlce,16,2,7,7,6,12,-6,13,0.81,18,0.12,0.56,-6,0.38,8.33,1.79
Portugal - Liga Portugal,Benfica,17,12,3,2,25,8,17,39,2.29,1,0.71,0.88,17,1.47,1.41,1.14
Portugal - Liga Portugal,Sporting Braga,17,12,3,2,19,4,15,39,2.29,1,0.71,0.88,15,1.12,1.41,1.14
Portugal - Liga Portugal,Sporting CP,17,10,4,3,20,8,12,34,2.0,3,0.59,0.82,12,1.18,1.69,1.22
Portugal - Liga Portugal,FC Porto,17,9,5,3,12,5,7,32,1.88,4,0.53,0.82,7,0.71,1.89,1.22
Portugal - Liga Portugal,Famalicao,17,7,8,2,7,2,5,29,1.71,5,0.41,0.88,5,0.41,2.44,1.14
Portugal - Liga Portugal,Guimaraes,17,7,7,3,13,6,7,28,1.65,6,0.41,0.82,7,0.76,2.44,1.22
Portugal - Liga Portugal,Moreirense,17,6,9,2,12,6,6,27,1.59,7,0.35,0.88,6,0.71,2.86,1.14
Portugal - Liga Portugal,Rio Ave,17,7,6,4,13,10,3,27,1.59,7,0.41,0.76,3,0.76,2.44,1.32
Portugal - Liga Portugal,Estoril,17,6,8,3,14,11,3,26,1.53,9,0.35,0.82,3,0.82,2.86,1.22
Portugal - Liga Portugal,Santa Clara,17,6,8,3,10,7,3,26,1.53,9,0.35,0.82,3,0.59,2.86,1.22
Portugal - Liga Portugal,Casa Pia,17,5,9,3,13,10,3,24,1.41,11,0.29,0.82,3,0.76,3.45,1.22
Portugal - Liga Portugal,Gil Vicente,17,5,9,3,9,6,3,24,1.41,11,0.29,0.82,3,0.53,3.45,1.22
Portugal - Liga Portugal,Nacional,17,6,6,5,13,11,2,24,1.41,11,0.35,0.71,2,0.76,2.86,1.41
Portugal - Liga Portugal,Arouca,17,4,6,7,6,8,-2,18,1.06,14,0.24,0.59,-2,0.35,4.17,1.69
Portugal - Liga Portugal,Estrela Amadora,17,3,9,5,7,11,-4,18,1.06,14,0.18,0.71,-4,0.41,5.56,1.41
Portugal - Liga Portugal,Farense,17,2,11,4,5,8,-3,17,1.0,16,0.12,0.76,-3,0.29,8.33,1.32
Portugal - Liga Portugal,AVS,17,1,9,7,3,15,-12,12,0.71,17,0.06,0.59,-12,0.18,16.67,1.69
Portugal - Liga Portugal,Boavista,17,1,5,11,3,15,-12,8,0.47,18,0.06,0.35,-12,0.18,16.67,2.86
Portugal - Liga Portugal 2,Academico Viseu,17,9,7,1,15,5,10,34,2.0,1,0.53,0.94,10,0.88,1.89,1.06
Portugal - Liga Portugal 2,Alverca,17,9,6,2,17,8,9,33,1.94,2,0.53,0.88,9,1.0,1.89,1.14
Portugal - Liga Portugal 2,Benfica B,17,8,8,1,13,5,8,32,1.88,3,0.47,0.94,8,0.76,2.13,1.06
Portugal - Liga Portugal 2,Torreense,17,7,6,4,13,10,3,27,1.59,4,0.41,0.76,3,0.76,2.44,1.32
Portugal - Liga Portugal 2,Tondela,17,7,5,5,13,9,4,26,1.53,5,0.41,0.71,4,0.76,2.44,1.41
Portugal - Liga Portugal 2,Vizela,17,6,7,4,10,6,4,25,1.47,6,0.35,0.76,4,0.59,2.86,1.32
Portugal - Liga Portugal 2,Feirense,17,5,7,5,10,9,1,22,1.29,7,0.29,0.71,1,0.59,3.45,1.41
Portugal - Liga Portugal 2,Leixoes,17,5,6,6,11,10,1,21,1.24,8,0.29,0.65,1,0.65,3.45,1.54
Portugal - Liga Portugal 2,Uniao de Leiria,17,4,8,5,8,8,0,20,1.18,9,0.24,0.71,0,0.47,4.17,1.41
Portugal - Liga Portugal 2,Pacos Ferreira,17,3,10,4,9,11,-2,19,1.12,10,0.18,0.76,-2,0.53,5.56,1.32
Portugal - Liga Portugal 2,Chaves,17,4,7,6,7,9,-2,19,1.12,10,0.24,0.65,-2,0.41,4.17,1.54
Portugal - Liga Portugal 2,Penafiel,17,4,6,7,17,17,0,18,1.06,12,0.24,0.59,0,1.0,4.17,1.69
Portugal - Liga Portugal 2,Portimonense,17,4,6,7,11,12,-1,18,1.06,12,0.24,0.59,-1,0.65,4.17,1.69
Portugal - Liga Portugal 2,Mafra,17,3,9,5,8,11,-3,18,1.06,12,0.18,0.71,-3,0.47,5.56,1.41
Portugal - Liga Portugal 2,Maritimo,17,3,9,5,7,10,-3,18,1.06,12,0.18,0.71,-3,0.41,5.56,1.41
Portugal - Liga Portugal 2,Felgueiras,17,3,8,6,8,10,-2,17,1.0,16,0.18,0.65,-2,0.47,5.56,1.54
Portugal - Liga Portugal 2,FC Porto B,17,2,10,5,7,10,-3,16,0.94,17,0.12,0.71,-3,0.41,8.33,1.41
Portugal - Liga Portugal 2,Oliveirense,17,3,5,9,6,15,-9,14,0.82,18,0.18,0.47,-9,0.35,5.56,2.13
Scotland - Premiership,Celtic,19,15,3,1,33,4,29,48,2.53,1,0.79,0.95,29,1.74,1.27,1.05
Scotland - Premiership,Rangers,19,11,5,3,19,7,12,38,2.0,2,0.58,0.84,12,1.0,1.72,1.19
Scotland - Premiership,Hibernian,19,10,6,3,19,10,9,36,1.89,3,0.53,0.84,9,1.0,1.89,1.19
Scotland - Premiership,Hearts,19,9,5,5,12,6,6,32,1.68,4,0.47,0.74,6,0.63,2.13,1.35
Scotland - Premiership,Motherwell,18,9,3,6,18,12,6,30,1.67,5,0.5,0.67,6,1.0,2.0,1.49
Scotland - Premiership,Kilmarnock,18,8,6,4,9,6,3,30,1.67,5,0.44,0.78,3,0.5,2.27,1.28
Scotland - Premiership,Dundee FC,19,7,6,6,19,16,3,27,1.42,7,0.37,0.68,3,1.0,2.7,1.47
Scotland - Premiership,St. Mirren,20,5,12,3,14,12,2,27,1.35,7,0.25,0.85,2,0.7,4.0,1.18
Scotland - Premiership,Aberdeen,19,5,9,5,12,13,-1,24,1.26,9,0.26,0.74,-1,0.63,3.85,1.35
Scotland - Premiership,Dundee Utd,19,3,11,5,9,14,-5,20,1.05,10,0.16,0.74,-5,0.47,6.25,1.35
Scotland - Premiership,Ross County,18,3,8,7,7,11,-4,17,0.94,11,0.17,0.61,-4,0.39,5.88,1.64
Scotland - Premiership,St. Johnstone,18,4,5,9,6,14,-8,17,0.94,11,0.22,0.5,-8,0.33,4.55,2.0
Scotland - Championship,Raith Rovers,18,11,4,3,17,7,10,37,2.06,1,0.61,0.83,10,0.94,1.64,1.2
Scotland - Championship,Falkirk,18,10,6,2,17,7,10,36,2.0,2,0.56,0.89,10,0.94,1.79,1.12
Scotland - Championship,Ayr Utd,18,9,4,5,21,10,11,31,1.72,3,0.5,0.72,11,1.17,2.0,1.39
Scotland - Championship,Livingston,18,6,9,3,15,6,9,27,1.5,4,0.33,0.83,9,0.83,3.03,1.2
Scotland - Championship,Partick Thistle,18,6,9,3,12,10,2,27,1.5,4,0.33,0.83,2,0.67,3.03,1.2
Scotland - Championship,Greenock Morton,18,6,7,5,12,11,1,25,1.39,6,0.33,0.72,1,0.67,3.03,1.39
Scotland - Championship,Queens Park,18,7,3,8,8,12,-4,24,1.33,7,0.39,0.56,-4,0.44,2.56,1.79
Scotland - Championship,Hamilton,18,3,10,5,8,15,-7,19,1.06,8,0.17,0.72,-7,0.44,5.88,1.39
Scotland - Championship,Dunfermline,18,2,11,5,4,7,-3,17,0.94,9,0.11,0.72,-3,0.22,9.09,1.39
Scotland - Championship,Airdrieonians,18,3,6,9,6,15,-9,15,0.83,10,0.17,0.5,-9,0.33,5.88,2.0
Serbia - Super Liga,Red Star,18,13,2,3,27,5,22,41,2.28,1,0.72,0.83,22,1.5,1.39,1.2
Serbia - Super Liga,Partizan,18,8,7,3,17,10,7,31,1.72,2,0.44,0.83,7,0.94,2.27,1.2
Serbia - Super Liga,Novi Pazar,18,7,6,5,19,16,3,27,1.5,3,0.39,0.72,3,1.06,2.56,1.39
Serbia - Super Liga,Radnicki 1923,18,6,7,5,13,10,3,25,1.39,4,0.33,0.72,3,0.72,3.03,1.39
Serbia - Super Liga,IMT N. Beograd,18,6,7,5,13,11,2,25,1.39,4,0.33,0.72,2,0.72,3.03,1.39
Serbia - Super Liga,OFK Beograd,18,5,9,4,12,12,0,24,1.33,6,0.28,0.78,0,0.67,3.57,1.28
Serbia - Super Liga,Cukaricki,18,5,8,5,12,9,3,23,1.28,7,0.28,0.72,3,0.67,3.57,1.39
Serbia - Super Liga,Vojvodina,18,4,11,3,9,6,3,23,1.28,7,0.22,0.83,3,0.5,4.55,1.2
Serbia - Super Liga,Radnicki Nis,17,6,5,6,13,14,-1,23,1.35,7,0.35,0.65,-1,0.76,2.86,1.54
Serbia - Super Liga,Z. Pancevo,18,5,7,6,11,13,-2,22,1.22,10,0.28,0.67,-2,0.61,3.57,1.49
Serbia - Super Liga,Napredak,18,5,7,6,9,11,-2,22,1.22,10,0.28,0.67,-2,0.5,3.57,1.49
Serbia - Super Liga,S. Subotica,17,5,7,5,6,8,-2,22,1.29,10,0.29,0.71,-2,0.35,3.45,1.41
Serbia - Super Liga,T. Odzaci,17,5,7,5,6,8,-2,22,1.29,10,0.29,0.71,-2,0.35,3.45,1.41
Serbia - Super Liga,Mladost Lucani,18,6,4,8,9,13,-4,22,1.22,10,0.33,0.56,-4,0.5,3.03,1.79
Serbia - Super Liga,Backa Topola,18,4,8,6,10,14,-4,20,1.11,15,0.22,0.67,-4,0.56,4.55,1.49
Serbia - Super Liga,Jedinstvo U.,17,4,7,6,11,12,-1,19,1.12,16,0.24,0.65,-1,0.65,4.17,1.54
Slovenia - Prva Liga,NK Olimpija,18,11,6,1,16,3,13,39,2.17,1,0.61,0.94,13,0.89,1.64,1.06
Slovenia - Prva Liga,Maribor,17,11,5,1,22,7,15,38,2.24,2,0.65,0.94,15,1.29,1.54,1.06
Slovenia - Prva Liga,Koper,17,6,8,3,9,6,3,26,1.53,3,0.35,0.82,3,0.53,2.86,1.22
Slovenia - Prva Liga,NK Celje,17,8,2,7,15,13,2,26,1.53,3,0.47,0.59,2,0.88,2.13,1.69
Slovenia - Prva Liga,Mura,17,5,9,3,11,8,3,24,1.41,5,0.29,0.82,3,0.65,3.45,1.22
Slovenia - Prva Liga,Radomlje,17,6,6,5,7,6,1,24,1.41,5,0.35,0.71,1,0.41,2.86,1.41
Slovenia - Prva Liga,Primorje,18,6,6,6,8,11,-3,24,1.33,5,0.33,0.67,-3,0.44,3.03,1.49
Slovenia - Prva Liga,Bravo,17,4,10,3,14,10,4,22,1.29,8,0.24,0.82,4,0.82,4.17,1.22
Slovenia - Prva Liga,Domzale,17,2,6,9,5,16,-11,12,0.71,9,0.12,0.47,-11,0.29,8.33,2.13
Slovenia - Prva Liga,Nafta,17,1,7,9,7,17,-10,10,0.59,10,0.06,0.47,-10,0.41,16.67,2.13
Slovakia - Fortuna Liga,DAC Streda,16,8,5,3,17,9,8,29,1.81,1,0.5,0.81,8,1.06,2.0,1.23
Slovakia - Fortuna Liga,Ruzomberok,16,6,6,4,10,8,2,24,1.5,2,0.38,0.75,2,0.62,2.63,1.33
Slovakia - Fortuna Liga,Komarno,16,6,6,4,8,6,2,24,1.5,2,0.38,0.75,2,0.5,2.63,1.33
Slovakia - Fortuna Liga,FC Kosice,16,5,8,3,16,11,5,23,1.44,4,0.31,0.81,5,1.0,3.23,1.23
Slovakia - Fortuna Liga,Podbrezova,16,4,10,2,9,4,5,22,1.38,5,0.25,0.88,5,0.56,4.0,1.14
Slovakia - Fortuna Liga,Zilina,16,4,10,2,10,8,2,22,1.38,5,0.25,0.88,2,0.62,4.0,1.14
Slovakia - Fortuna Liga,Trencin,16,4,9,3,11,10,1,21,1.31,7,0.25,0.81,1,0.69,4.0,1.23
Slovakia - Fortuna Liga,Banska Bystrica,16,5,5,6,12,13,-1,20,1.25,8,0.31,0.62,-1,0.75,3.23,1.61
Slovakia - Fortuna Liga,Z. Michalovce,16,4,7,5,13,12,1,19,1.19,9,0.25,0.69,1,0.81,4.0,1.45
Slovakia - Fortuna Liga,Skalica,16,2,12,2,4,4,0,18,1.12,10,0.12,0.88,0,0.25,8.33,1.14
Slovakia - Fortuna Liga,Spartak Trnava,16,3,7,6,9,11,-2,16,1.0,11,0.19,0.62,-2,0.56,5.26,1.61
Slovakia - Fortuna Liga,S. Bratislava,16,3,6,7,11,11,0,15,0.94,12,0.19,0.56,0,0.69,5.26,1.79
South Africa - Premier Division ,Mamelodi S.,14,12,2,0,21,1,20,38,2.71,1,0.86,1.0,20,1.5,1.16,1.0
South Africa - Premier Division ,Marumo G.,14,6,6,2,7,3,4,24,1.71,2,0.43,0.86,4,0.5,2.33,1.16
South Africa - Premier Division ,Magesi,14,6,5,3,8,6,2,23,1.64,3,0.43,0.79,2,0.57,2.33,1.27
South Africa - Premier Division ,TS Galaxy,14,5,7,2,8,3,5,22,1.57,4,0.36,0.86,5,0.57,2.78,1.16
South Africa - Premier Division ,AmaZulu,14,6,4,4,9,8,1,22,1.57,4,0.43,0.71,1,0.64,2.33,1.41
South Africa - Premier Division ,Orlando Pirates,13,5,6,2,9,4,5,21,1.62,6,0.38,0.85,5,0.69,2.63,1.18
South Africa - Premier Division ,Stellenbosch,14,5,6,3,8,5,3,21,1.5,6,0.36,0.79,3,0.57,2.78,1.27
South Africa - Premier Division ,Kaizer Chiefs,14,4,8,2,11,8,3,20,1.43,8,0.29,0.86,3,0.79,3.45,1.16
South Africa - Premier Division ,Chippa Utd,14,5,5,4,9,8,1,20,1.43,8,0.36,0.71,1,0.64,2.78,1.41
South Africa - Premier Division ,Polokwane,14,4,7,3,8,7,1,19,1.36,10,0.29,0.79,1,0.57,3.45,1.27
South Africa - Premier Division ,Golden Arrows,13,2,10,1,7,4,3,16,1.23,11,0.15,0.92,3,0.54,6.67,1.09
South Africa - Premier Division ,Sekhukhune,14,3,7,4,7,9,-2,16,1.14,11,0.21,0.71,-2,0.5,4.76,1.41
South Africa - Premier Division ,SuperSport Utd,12,2,7,3,3,5,-2,13,1.08,13,0.17,0.75,-2,0.25,5.88,1.33
South Africa - Premier Division ,Richards Bay,14,1,10,3,1,3,-2,13,0.93,13,0.07,0.79,-2,0.07,14.29,1.27
South Africa - Premier Division ,Cape Town City,13,1,7,5,3,8,-5,10,0.77,15,0.08,0.62,-5,0.23,12.5,1.61
South Africa - Premier Division ,Royal AM,6,2,2,2,2,3,-1,8,1.33,16,0.33,0.67,-1,0.33,3.03,1.49
South Korea - K League 1,Jeonbuk Motors,8,3,4,1,9,3,6,13,1.62,1,0.38,0.88,6,1.12,2.63,1.14
South Korea - K League 1,Jeju Utd,7,4,1,2,4,2,2,13,1.86,1,0.57,0.71,2,0.57,1.75,1.41
South Korea - K League 1,Suwon City,6,3,3,0,4,1,3,12,2.0,3,0.5,1.0,3,0.67,2.0,1.0
South Korea - K League 1,Ulsan,8,2,6,0,6,4,2,12,1.5,3,0.25,1.0,2,0.75,4.0,1.0
South Korea - K League 1,Gimcheon Sangmu,6,2,3,1,3,1,2,9,1.5,5,0.33,0.83,2,0.5,3.03,1.2
South Korea - K League 1,Gwangju,7,2,3,2,4,3,1,9,1.29,5,0.29,0.71,1,0.57,3.45,1.41
South Korea - K League 1,Pohang Steelers,7,2,3,2,2,2,0,9,1.29,5,0.29,0.71,0,0.29,3.45,1.41
South Korea - K League 1,Anyang,8,1,5,2,3,5,-2,8,1.0,8,0.12,0.75,-2,0.38,8.33,1.33
South Korea - K League 1,Daegu,6,2,1,3,3,4,-1,7,1.17,9,0.33,0.5,-1,0.5,3.03,2.0
South Korea - K League 1,Daejeon Citizen,7,1,4,2,1,2,-1,7,1.0,9,0.14,0.71,-1,0.14,7.14,1.41
South Korea - K League 1,Gangwon,7,1,3,3,1,4,-3,6,0.86,11,0.14,0.57,-3,0.14,7.14,1.75
South Korea - K League 1,Seoul,6,1,2,3,1,4,-3,5,0.83,12,0.17,0.5,-3,0.17,5.88,2.0
South Korea - K League 2,Seoul E-Land,8,4,3,1,8,3,5,15,1.88,1,0.5,0.88,5,1.0,2.0,1.14
South Korea - K League 2,Suwon Bluewings,6,3,2,1,9,1,8,11,1.83,2,0.5,0.83,8,1.5,2.0,1.2
South Korea - K League 2,Seongnam,6,2,4,0,4,2,2,10,1.67,3,0.33,1.0,2,0.67,3.03,1.0
South Korea - K League 2,Incheon Utd,7,2,3,2,3,2,1,9,1.29,4,0.29,0.71,1,0.43,3.45,1.41
South Korea - K League 2,Bucheon FC,7,2,3,2,5,6,-1,9,1.29,4,0.29,0.71,-1,0.71,3.45,1.41
South Korea - K League 2,Asan,5,2,1,2,3,2,1,7,1.4,6,0.4,0.6,1,0.6,2.5,1.67
South Korea - K League 2,Gimpo,6,1,4,1,3,3,0,7,1.17,6,0.17,0.83,0,0.5,5.88,1.2
South Korea - K League 2,Busan IPark,8,1,4,3,5,9,-4,7,0.88,6,0.12,0.62,-4,0.62,8.33,1.61
South Korea - K League 2,Gyeongnam,6,1,2,3,1,5,-4,5,0.83,9,0.17,0.5,-4,0.17,5.88,2.0
South Korea - K League 2,Cheongju,2,1,1,0,3,1,2,4,2.0,10,0.5,1.0,2,1.5,2.0,1.0
South Korea - K League 2,Ansan Greeners,6,0,4,2,1,5,-4,4,0.67,10,0.0,0.67,-4,0.17,0.0,1.49
South Korea - K League 2,Cheonan City,7,0,4,3,1,5,-4,4,0.57,10,0.0,0.57,-4,0.14,0.0,1.75
South Korea - K League 2,Jeonnam,1,1,0,0,1,0,1,3,3.0,13,1.0,1.0,1,1.0,1.0,1.0
South Korea - K League 2,Hwaseong,6,0,3,3,1,4,-3,3,0.5,13,0.0,0.5,-3,0.17,0.0,2.0
Spain - La Liga,FC Barcelona,18,11,6,1,29,6,23,39,2.17,1,0.61,0.94,23,1.61,1.64,1.06
Spain - La Liga,Athletic Bilbao,18,10,7,1,17,2,15,37,2.06,2,0.56,0.94,15,0.94,1.79,1.06
Spain - La Liga,Osasuna,18,10,3,5,17,10,7,33,1.83,3,0.56,0.72,7,0.94,1.79,1.39
Spain - La Liga,Villarreal,18,9,5,4,23,11,12,32,1.78,4,0.5,0.78,12,1.28,2.0,1.28
Spain - La Liga,Real Madrid,18,9,5,4,19,8,11,32,1.78,4,0.5,0.78,11,1.06,2.0,1.28
Spain - La Liga,Atletico Madrid,18,8,6,4,14,6,8,30,1.67,6,0.44,0.78,8,0.78,2.27,1.28
Spain - La Liga,Celta Vigo,18,8,4,6,13,10,3,28,1.56,7,0.44,0.67,3,0.72,2.27,1.49
Spain - La Liga,Rayo Vallecano,18,7,7,4,11,8,3,28,1.56,7,0.39,0.78,3,0.61,2.56,1.28
Spain - La Liga,Espanyol,18,6,10,2,10,7,3,28,1.56,7,0.33,0.89,3,0.56,3.03,1.12
Spain - La Liga,Real Betis,18,5,12,1,13,9,4,27,1.5,10,0.28,0.94,4,0.72,3.57,1.06
Spain - La Liga,Valencia,18,6,8,4,14,10,4,26,1.44,11,0.33,0.78,4,0.78,3.03,1.28
Spain - La Liga,Real Sociedad,18,6,8,4,8,6,2,26,1.44,11,0.33,0.78,2,0.44,3.03,1.28
Spain - La Liga,Girona,18,6,7,5,14,12,2,25,1.39,13,0.33,0.72,2,0.78,3.03,1.39
Spain - La Liga,Mallorca,18,4,12,2,10,6,4,24,1.33,14,0.22,0.89,4,0.56,4.55,1.12
Spain - La Liga,Sevilla FC,18,4,11,3,9,8,1,23,1.28,15,0.22,0.83,1,0.5,4.55,1.2
Spain - La Liga,Leganes,18,3,12,3,8,6,2,21,1.17,16,0.17,0.83,2,0.44,5.88,1.2
Spain - La Liga,Getafe,18,4,9,5,6,7,-1,21,1.17,16,0.22,0.72,-1,0.33,4.55,1.39
Spain - La Liga,Alaves,18,4,9,5,5,8,-3,21,1.17,16,0.22,0.72,-3,0.28,4.55,1.39
Spain - La Liga,Las Palmas,18,2,12,4,6,9,-3,18,1.0,19,0.11,0.78,-3,0.33,9.09,1.28
Spain - La Liga,Valladolid,18,3,8,7,3,13,-10,17,0.94,20,0.17,0.61,-10,0.17,5.88,1.64
Spain - La Liga 2,Huesca,20,11,6,3,17,8,9,39,1.95,1,0.55,0.85,9,0.85,1.82,1.18
Spain - La Liga 2,Granada,20,10,7,3,17,7,10,37,1.85,2,0.5,0.85,10,0.85,2.0,1.18
Spain - La Liga 2,Elche,20,9,9,2,14,6,8,36,1.8,3,0.45,0.9,8,0.7,2.22,1.11
Spain - La Liga 2,Eibar,20,10,6,4,12,7,5,36,1.8,3,0.5,0.8,5,0.6,2.0,1.25
Spain - La Liga 2,Racing,20,9,7,4,16,5,11,34,1.7,5,0.45,0.8,11,0.8,2.22,1.25
Spain - La Liga 2,Mirandes,20,9,7,4,13,7,6,34,1.7,5,0.45,0.8,6,0.65,2.22,1.25
Spain - La Liga 2,Malaga,20,8,9,3,11,4,7,33,1.65,7,0.4,0.85,7,0.55,2.5,1.18
Spain - La Liga 2,Tenerife,20,8,9,3,10,5,5,33,1.65,7,0.4,0.85,5,0.5,2.5,1.18
Spain - La Liga 2,Sporting Gijon,20,9,6,5,12,8,4,33,1.65,7,0.45,0.75,4,0.6,2.22,1.33
Spain - La Liga 2,Cordoba,19,8,8,3,14,8,6,32,1.68,10,0.42,0.84,6,0.74,2.38,1.19
Spain - La Liga 2,Albacete,20,7,10,3,14,8,6,31,1.55,11,0.35,0.85,6,0.7,2.86,1.18
Spain - La Liga 2,Levante,20,7,9,4,16,11,5,30,1.5,12,0.35,0.8,5,0.8,2.86,1.25
Spain - La Liga 2,Almeria,19,8,6,5,13,8,5,30,1.58,12,0.42,0.74,5,0.68,2.38,1.35
Spain - La Liga 2,Cadiz,20,7,9,4,13,8,5,30,1.5,12,0.35,0.8,5,0.65,2.86,1.25
Spain - La Liga 2,Castellon,19,7,8,4,14,13,1,29,1.53,15,0.37,0.79,1,0.74,2.7,1.27
Spain - La Liga 2,Eldense,20,6,9,5,10,11,-1,27,1.35,16,0.3,0.75,-1,0.5,3.33,1.33
Spain - La Liga 2,Real Oviedo,19,5,10,4,12,10,2,25,1.32,17,0.26,0.79,2,0.63,3.85,1.27
Spain - La Liga 2,Burgos,20,3,16,1,9,7,2,25,1.25,17,0.15,0.95,2,0.45,6.67,1.05
Spain - La Liga 2,Deportivo,20,4,12,4,10,10,0,24,1.2,19,0.2,0.8,0,0.5,5.0,1.25
Spain - La Liga 2,Real Zaragoza,20,3,13,4,10,12,-2,22,1.1,20,0.15,0.8,-2,0.5,6.67,1.25
Spain - La Liga 2,Cartagena,20,5,7,8,8,12,-4,22,1.1,20,0.25,0.6,-4,0.4,4.0,1.67
Spain - La Liga 2,Racing Ferrol,19,1,10,8,2,11,-9,13,0.68,22,0.05,0.58,-9,0.11,20.0,1.72
Sweden - Allsvenskan,Mjallby,4,3,1,0,7,1,6,10,2.5,1,0.75,1.0,6,1.75,1.33,1.0
Sweden - Allsvenskan,Elfsborg,5,3,1,1,6,5,1,10,2.0,1,0.6,0.8,1,1.2,1.67,1.25
Sweden - Allsvenskan,Hammarby,5,2,3,0,5,2,3,9,1.8,3,0.4,1.0,3,1.0,2.5,1.0
Sweden - Allsvenskan,Norrkoping,5,2,2,1,4,2,2,8,1.6,4,0.4,0.8,2,0.8,2.5,1.25
Sweden - Allsvenskan,GAIS,4,2,1,1,3,1,2,7,1.75,5,0.5,0.75,2,0.75,2.0,1.33
Sweden - Allsvenskan,Halmstad,5,1,3,1,4,3,1,6,1.2,6,0.2,0.8,1,0.8,5.0,1.25
Sweden - Allsvenskan,Sirius,4,1,3,0,2,1,1,6,1.5,6,0.25,1.0,1,0.5,4.0,1.0
Sweden - Allsvenskan,Djurgarden,5,1,3,1,2,2,0,6,1.2,6,0.2,0.8,0,0.4,5.0,1.25
Sweden - Allsvenskan,AIK,4,1,2,1,3,2,1,5,1.25,9,0.25,0.75,1,0.75,4.0,1.33
Sweden - Allsvenskan,Brommapojkarna,3,1,2,0,1,0,1,5,1.67,9,0.33,1.0,1,0.33,3.03,1.0
Sweden - Allsvenskan,Malmo FF,4,1,2,1,1,1,0,5,1.25,9,0.25,0.75,0,0.25,4.0,1.33
Sweden - Allsvenskan,Degerfors,4,1,2,1,2,3,-1,5,1.25,9,0.25,0.75,-1,0.5,4.0,1.33
Sweden - Allsvenskan,Oster,4,1,2,1,1,3,-2,5,1.25,9,0.25,0.75,-2,0.25,4.0,1.33
Sweden - Allsvenskan,IFK Goteborg,5,0,4,1,3,4,-1,4,0.8,14,0.0,0.8,-1,0.6,0.0,1.25
Sweden - Allsvenskan,Hacken,5,0,2,3,0,3,-3,2,0.4,15,0.0,0.4,-3,0.0,0.0,2.5
Sweden - Allsvenskan,Varnamo,5,0,1,4,1,6,-5,1,0.2,16,0.0,0.2,-5,0.2,0.0,5.0
Sweden - Superettan,Orgryte,5,2,2,1,4,2,2,8,1.6,1,0.4,0.8,2,0.8,2.5,1.25
Sweden - Superettan,Kalmar,3,2,1,0,2,0,2,7,2.33,2,0.67,1.0,2,0.67,1.49,1.0
Sweden - Superettan,Sandviken,4,2,1,1,2,2,0,7,1.75,2,0.5,0.75,0,0.5,2.0,1.33
Sweden - Superettan,Helsingborg,4,2,1,1,4,6,-2,7,1.75,2,0.5,0.75,-2,1.0,2.0,1.33
Sweden - Superettan,GIF Sundsvall,4,1,3,0,1,0,1,6,1.5,5,0.25,1.0,1,0.25,4.0,1.0
Sweden - Superettan,Varberg BoIS,3,1,2,0,3,1,2,5,1.67,6,0.33,1.0,2,1.0,3.03,1.0
Sweden - Superettan,Ostersunds,4,1,2,1,4,3,1,5,1.25,6,0.25,0.75,1,1.0,4.0,1.33
Sweden - Superettan,Orebro,4,1,2,1,1,1,0,5,1.25,6,0.25,0.75,0,0.25,4.0,1.33
Sweden - Superettan,Trelleborg,4,1,2,1,2,3,-1,5,1.25,6,0.25,0.75,-1,0.5,4.0,1.33
Sweden - Superettan,Falkenberg,4,0,4,0,3,3,0,4,1.0,10,0.0,1.0,0,0.75,0.0,1.0
Sweden - Superettan,Vasteras,3,1,1,1,3,3,0,4,1.33,10,0.33,0.67,0,1.0,3.03,1.49
Sweden - Superettan,Landskrona,4,1,1,2,1,2,-1,4,1.0,10,0.25,0.5,-1,0.25,4.0,2.0
Sweden - Superettan,Oddevold,4,1,1,2,2,4,-2,4,1.0,10,0.25,0.5,-2,0.5,4.0,2.0
Sweden - Superettan,Utsikten,4,0,3,1,2,3,-1,3,0.75,14,0.0,0.75,-1,0.5,0.0,1.33
Sweden - Superettan,Umea,5,0,2,3,1,4,-3,2,0.4,15,0.0,0.4,-3,0.2,0.0,2.5
Sweden - Superettan,Brage,3,0,0,3,0,3,-3,0,0.0,16,0.0,0.0,-3,0.0,0.0,0.0
Switzerland - Super League,FC Basel,18,9,5,4,21,7,14,32,1.78,1,0.5,0.78,14,1.17,2.0,1.28
Switzerland - Super League,Lausanne Sport,19,9,4,6,19,14,5,31,1.63,2,0.47,0.68,5,1.0,2.13,1.47
Switzerland - Super League,Sion,19,7,9,3,17,9,8,30,1.58,3,0.37,0.84,8,0.89,2.7,1.19
Switzerland - Super League,BSC Young Boys,18,7,8,3,16,8,8,29,1.61,4,0.39,0.83,8,0.89,2.56,1.2
Switzerland - Super League,Servette,18,7,8,3,13,8,5,29,1.61,4,0.39,0.83,5,0.72,2.56,1.2
Switzerland - Super League,FC Zurich,19,7,4,8,12,14,-2,25,1.32,6,0.37,0.58,-2,0.63,2.7,1.72
Switzerland - Super League,St. Gallen,18,5,9,4,13,11,2,24,1.33,7,0.28,0.78,2,0.72,3.57,1.28
Switzerland - Super League,Luzern,18,6,5,7,11,12,-1,23,1.28,8,0.33,0.61,-1,0.61,3.03,1.64
Switzerland - Super League,Grasshopper,18,6,4,8,9,11,-2,22,1.22,9,0.33,0.56,-2,0.5,3.03,1.79
Switzerland - Super League,Lugano,18,4,9,5,12,12,0,21,1.17,10,0.22,0.72,0,0.67,4.55,1.39
Switzerland - Super League,Winterthur,18,3,10,5,9,10,-1,19,1.06,11,0.17,0.72,-1,0.5,5.88,1.39
Switzerland - Super League,Yverdon,18,3,10,5,6,9,-3,19,1.06,11,0.17,0.72,-3,0.33,5.88,1.39
Switzerland - Challenge League,Etoile Carouge,18,10,6,2,19,7,12,36,2.0,1,0.56,0.89,12,1.06,1.79,1.12
Switzerland - Challenge League,Thun,17,9,6,2,13,5,8,33,1.94,2,0.53,0.88,8,0.76,1.89,1.14
Switzerland - Challenge League,Bellinzona,18,7,8,3,11,9,2,29,1.61,3,0.39,0.83,2,0.61,2.56,1.2
Switzerland - Challenge League,Vaduz,18,6,8,4,15,9,6,26,1.44,4,0.33,0.78,6,0.83,3.03,1.28
Switzerland - Challenge League,Lausanne Ouchy,17,6,8,3,13,8,5,26,1.53,4,0.35,0.82,5,0.76,2.86,1.22
Switzerland - Challenge League,Aarau,17,7,5,5,12,11,1,26,1.53,4,0.41,0.71,1,0.71,2.44,1.41
Switzerland - Challenge League,Neuchatel Xamax,17,6,6,5,15,13,2,24,1.41,7,0.35,0.71,2,0.88,2.86,1.41
Switzerland - Challenge League,Wil,18,6,5,7,12,15,-3,23,1.28,8,0.33,0.61,-3,0.67,3.03,1.64
Switzerland - Challenge League,Schaffhausen,17,3,5,9,8,18,-10,14,0.82,9,0.18,0.47,-10,0.47,5.56,2.13
Switzerland - Challenge League,Stade Nyonnais,18,4,1,13,8,21,-13,13,0.72,10,0.22,0.28,-13,0.44,4.55,3.57
Thailand - Thai League 1,Buriram Utd,15,10,4,1,22,3,19,34,2.27,1,0.67,0.93,19,1.47,1.49,1.08
Thailand - Thai League 1,Ratchaburi,15,10,4,1,19,7,12,34,2.27,1,0.67,0.93,12,1.27,1.49,1.08
Thailand - Thai League 1,Prachuap,15,10,3,2,15,4,11,33,2.2,3,0.67,0.87,11,1.0,1.49,1.15
Thailand - Thai League 1,Bangkok Utd,15,8,6,1,16,7,9,30,2.0,4,0.53,0.93,9,1.07,1.89,1.08
Thailand - Thai League 1,Pathum Utd,15,7,7,1,12,3,9,28,1.87,5,0.47,0.93,9,0.8,2.13,1.08
Thailand - Thai League 1,Chiangrai Utd,15,7,6,2,8,4,4,27,1.8,6,0.47,0.87,4,0.53,2.13,1.15
Thailand - Thai League 1,N. Bua Pitchaya,15,7,5,3,14,5,9,26,1.73,7,0.47,0.8,9,0.93,2.13,1.25
Thailand - Thai League 1,Lamphun Warrior,15,7,5,3,12,9,3,26,1.73,7,0.47,0.8,3,0.8,2.13,1.25
Thailand - Thai League 1,Sukhothai,15,5,6,4,13,11,2,21,1.4,9,0.33,0.73,2,0.87,3.03,1.37
Thailand - Thai League 1,Uthai Thani,15,5,6,4,8,6,2,21,1.4,9,0.33,0.73,2,0.53,3.03,1.37
Thailand - Thai League 1,N. Ratchasima,15,5,5,5,9,11,-2,20,1.33,11,0.33,0.67,-2,0.6,3.03,1.49
Thailand - Thai League 1,Rayong,15,5,3,7,12,13,-1,18,1.2,12,0.33,0.53,-1,0.8,3.03,1.89
Thailand - Thai League 1,Port FC,15,3,7,5,9,10,-1,16,1.07,13,0.2,0.67,-1,0.6,5.0,1.49
Thailand - Thai League 1,Muang Thong Utd,15,3,7,5,5,7,-2,16,1.07,13,0.2,0.67,-2,0.33,5.0,1.49
Thailand - Thai League 1,Khon Kaen Utd,15,2,7,6,9,15,-6,13,0.87,15,0.13,0.6,-6,0.6,7.69,1.67
Thailand - Thai League 1,Nakhon Pathom,15,3,3,9,9,18,-9,12,0.8,16,0.2,0.4,-9,0.6,5.0,2.5
Turkey - Super Lig,Galatasaray,16,12,4,0,24,5,19,40,2.5,1,0.75,1.0,19,1.5,1.33,1.0
Turkey - Super Lig,Besiktas,17,9,7,1,18,8,10,34,2.0,2,0.53,0.94,10,1.06,1.89,1.06
Turkey - Super Lig,Goztepe,17,9,5,3,15,5,10,32,1.88,3,0.53,0.82,10,0.88,1.89,1.22
Turkey - Super Lig,Samsunspor,16,9,2,5,13,8,5,29,1.81,4,0.56,0.69,5,0.81,1.79,1.45
Turkey - Super Lig,Trabzonspor,17,7,7,3,18,9,9,28,1.65,5,0.41,0.82,9,1.06,2.44,1.22
Turkey - Super Lig,Konyaspor,17,6,9,2,11,6,5,27,1.59,6,0.35,0.88,5,0.65,2.86,1.14
Turkey - Super Lig,Fenerbahce,16,8,3,5,14,10,4,27,1.69,6,0.5,0.69,4,0.88,2.0,1.45
Turkey - Super Lig,Kasimpasa,16,8,3,5,14,11,3,27,1.69,6,0.5,0.69,3,0.88,2.0,1.45
Turkey - Super Lig,Eyupspor,17,6,7,4,12,8,4,25,1.47,9,0.35,0.76,4,0.71,2.86,1.32
Turkey - Super Lig,Gaziantep,17,5,9,3,9,6,3,24,1.41,10,0.29,0.82,3,0.53,3.45,1.22
Turkey - Super Lig,Kayserispor,17,6,6,5,13,13,0,24,1.41,10,0.35,0.71,0,0.76,2.86,1.41
Turkey - Super Lig,Alanyaspor,16,6,6,4,9,10,-1,24,1.5,10,0.38,0.75,-1,0.56,2.63,1.33
Turkey - Super Lig,Hatayspor,17,6,5,6,13,13,0,23,1.35,13,0.35,0.65,0,0.76,2.86,1.54
Turkey - Super Lig,Basaksehir,17,6,4,7,13,11,2,22,1.29,14,0.35,0.59,2,0.76,2.86,1.69
Turkey - Super Lig,Rizespor,16,4,9,3,8,6,2,21,1.31,15,0.25,0.81,2,0.5,4.0,1.23
Turkey - Super Lig,Antalyaspor,16,4,9,3,9,9,0,21,1.31,15,0.25,0.81,0,0.56,4.0,1.23
Turkey - Super Lig,Bodrumspor,16,3,10,3,6,8,-2,19,1.19,17,0.19,0.81,-2,0.38,5.26,1.23
Turkey - Super Lig,Sivasspor,18,3,8,7,10,12,-2,17,0.94,18,0.17,0.61,-2,0.56,5.88,1.64
Turkey - Super Lig,Adana Demirspor,17,3,5,9,8,19,-11,14,0.82,19,0.18,0.47,-11,0.47,5.56,2.13
UAE - Pro League,Shabab Al Ahli,12,6,6,0,12,3,9,24,2.0,1,0.5,1.0,9,1.0,2.0,1.0
UAE - Pro League,Al Wahda,12,6,5,1,14,7,7,23,1.92,2,0.5,0.92,7,1.17,2.0,1.09
UAE - Pro League,Al Wasl,12,6,4,2,14,6,8,22,1.83,3,0.5,0.83,8,1.17,2.0,1.2
UAE - Pro League,Al Ain,12,5,5,2,14,6,8,20,1.67,4,0.42,0.83,8,1.17,2.38,1.2
UAE - Pro League,Al Jazira,12,5,5,2,13,7,6,20,1.67,4,0.42,0.83,6,1.08,2.38,1.2
UAE - Pro League,Al Sharjah,12,5,4,3,9,5,4,19,1.58,6,0.42,0.75,4,0.75,2.38,1.33
UAE - Pro League,Ittihad Kalba,12,5,4,3,7,3,4,19,1.58,6,0.42,0.75,4,0.58,2.38,1.33
UAE - Pro League,Khorfakkan,12,5,1,6,9,9,0,16,1.33,8,0.42,0.5,0,0.75,2.38,2.0
UAE - Pro League,Ajman,12,4,3,5,9,12,-3,15,1.25,9,0.33,0.58,-3,0.75,3.03,1.72
UAE - Pro League,Al Nasr,12,3,5,4,9,10,-1,14,1.17,10,0.25,0.67,-1,0.75,4.0,1.49
UAE - Pro League,Dibba Al Hisn,12,3,5,4,6,11,-5,14,1.17,10,0.25,0.67,-5,0.5,4.0,1.49
UAE - Pro League,Al Bataeh,12,3,4,5,8,10,-2,13,1.08,12,0.25,0.58,-2,0.67,4.0,1.72
UAE - Pro League,Bani Yas,12,2,6,4,6,9,-3,12,1.0,13,0.17,0.67,-3,0.5,5.88,1.49
UAE - Pro League,Al Urooba,12,1,7,4,5,12,-7,10,0.83,14,0.08,0.67,-7,0.42,12.5,1.49
Ukraine - Premier League,Dynamo Kyiv,14,10,3,1,18,4,14,33,2.36,1,0.71,0.93,14,1.29,1.41,1.08
Ukraine - Premier League,Shakhtar,15,8,4,3,17,6,11,28,1.87,2,0.53,0.8,11,1.13,1.89,1.25
Ukraine - Premier League,Karpaty Lviv,14,7,5,2,13,4,9,26,1.86,3,0.5,0.86,9,0.93,2.0,1.16
Ukraine - Premier League,Oleksandria,14,6,8,0,12,4,8,26,1.86,3,0.43,1.0,8,0.86,2.33,1.0
Ukraine - Premier League,Zorya Luhansk,15,6,4,5,7,8,-1,22,1.47,5,0.4,0.67,-1,0.47,2.5,1.49
Ukraine - Premier League,Kryvbas KR,15,6,3,6,8,9,-1,21,1.4,6,0.4,0.6,-1,0.53,2.5,1.67
Ukraine - Premier League,Veres,14,5,4,5,9,11,-2,19,1.36,7,0.36,0.64,-2,0.64,2.78,1.56
Ukraine - Premier League,LNZ Cherkasy,14,3,8,3,4,6,-2,17,1.21,8,0.21,0.79,-2,0.29,4.76,1.27
Ukraine - Premier League,Rukh Lviv,14,4,5,5,4,6,-2,17,1.21,8,0.29,0.64,-2,0.29,3.45,1.56
Ukraine - Premier League,Vorskla Poltava,15,4,5,6,4,10,-6,17,1.13,8,0.27,0.6,-6,0.27,3.7,1.67
Ukraine - Premier League,Inhulets,13,4,4,5,5,6,-1,16,1.23,11,0.31,0.62,-1,0.38,3.23,1.61
Ukraine - Premier League,Chornomorets,13,3,6,4,5,7,-2,15,1.15,12,0.23,0.69,-2,0.38,4.35,1.45
Ukraine - Premier League,Livyi Bereh,14,3,6,5,5,8,-3,15,1.07,12,0.21,0.64,-3,0.36,4.76,1.56
Ukraine - Premier League,Polessya,14,2,8,4,8,7,1,14,1.0,14,0.14,0.71,1,0.57,7.14,1.41
Ukraine - Premier League,Kolos Kovalivka,15,1,11,3,3,5,-2,14,0.93,14,0.07,0.8,-2,0.2,14.29,1.25
Ukraine - Premier League,Obolon,14,1,8,5,2,8,-6,11,0.79,16,0.07,0.64,-6,0.14,14.29,1.56
Ukraine - Premier League,Dnipro-1,0,0,0,0,0,0,0,0,,17,0.0,0.0,0,0.0,0.0,0.0
USA - MLS,SJ Earthquakes,8,5,1,2,14,9,5,16,2.0,1,0.62,0.75,5,1.75,1.61,1.33
USA - MLS,Philadelphia,8,5,1,2,7,4,3,16,2.0,1,0.62,0.75,3,0.88,1.61,1.33
USA - MLS,Nashville SC,9,3,6,0,9,2,7,15,1.67,3,0.33,1.0,7,1.0,3.03,1.0
USA - MLS,Orlando City,7,4,3,0,10,4,6,15,2.14,3,0.57,1.0,6,1.43,1.75,1.0
USA - MLS,San Diego,8,4,3,1,10,4,6,15,1.88,3,0.5,0.88,6,1.25,2.0,1.14
USA - MLS,Vancouver,7,4,2,1,9,4,5,14,2.0,6,0.57,0.86,5,1.29,1.75,1.16
USA - MLS,New York RB,7,4,1,2,9,5,4,13,1.86,7,0.57,0.71,4,1.29,1.75,1.41
USA - MLS,Minnesota Utd,7,3,4,0,5,1,4,13,1.86,7,0.43,1.0,4,0.71,2.33,1.0
USA - MLS,Atlanta Utd,8,3,4,1,5,3,2,13,1.62,7,0.38,0.88,2,0.62,2.63,1.14
USA - MLS,Inter Miami,6,3,3,0,8,4,4,12,2.0,10,0.5,1.0,4,1.33,2.0,1.0
USA - MLS,Columbus Crew,8,3,3,2,8,6,2,12,1.5,10,0.38,0.75,2,1.0,2.63,1.33
USA - MLS,Portland,7,3,3,1,6,5,1,12,1.71,10,0.43,0.86,1,0.86,2.33,1.16
USA - MLS,Houston Dynamo,8,3,3,2,5,6,-1,12,1.5,10,0.38,0.75,-1,0.62,2.63,1.33
USA - MLS,St. Louis City,7,2,4,1,4,2,2,10,1.43,14,0.29,0.86,2,0.57,3.45,1.16
USA - MLS,Cincinnati,6,2,4,0,2,0,2,10,1.67,14,0.33,1.0,2,0.33,3.03,1.0
USA - MLS,DC United,7,2,4,1,5,4,1,10,1.43,14,0.29,0.86,1,0.71,3.45,1.16
USA - MLS,Los Angeles FC,7,2,4,1,2,1,1,10,1.43,14,0.29,0.86,1,0.29,3.45,1.16
USA - MLS,New York City,7,2,4,1,3,3,0,10,1.43,14,0.29,0.86,0,0.43,3.45,1.16
USA - MLS,Charlotte,7,2,3,2,5,2,3,9,1.29,19,0.29,0.71,3,0.71,3.45,1.41
USA - MLS,Chicago Fire,6,2,3,1,4,3,1,9,1.5,19,0.33,0.83,1,0.67,3.03,1.2
USA - MLS,Real Salt Lake,6,2,2,2,4,3,1,8,1.33,21,0.33,0.67,1,0.67,3.03,1.49
USA - MLS,Austin,8,1,5,2,2,4,-2,8,1.0,21,0.12,0.75,-2,0.25,8.33,1.33
USA - MLS,Seattle,5,1,4,0,6,3,3,7,1.4,23,0.2,1.0,3,1.2,5.0,1.0
USA - MLS,New England,5,1,4,0,2,1,1,7,1.4,23,0.2,1.0,1,0.4,5.0,1.0
USA - MLS,Dallas,6,1,3,2,2,3,-1,6,1.0,25,0.17,0.67,-1,0.33,5.88,1.49
USA - MLS,Colorado Rapids,7,1,3,3,3,5,-2,6,0.86,25,0.14,0.57,-2,0.43,7.14,1.75
USA - MLS,Sporting KC,6,1,2,3,4,7,-3,5,0.83,27,0.17,0.5,-3,0.67,5.88,2.0
USA - MLS,CF Montreal,5,1,2,2,2,5,-3,5,1.0,27,0.2,0.6,-3,0.4,5.0,1.67
USA - MLS,LA Galaxy,5,1,1,3,1,3,-2,4,0.8,29,0.2,0.4,-2,0.2,5.0,2.5
USA - MLS,Toronto,7,0,4,3,1,5,-4,4,0.57,29,0.0,0.57,-4,0.14,0.0,1.75
USL Championship,El Paso,5,4,1,0,8,2,6,13,2.6,1,0.8,1.0,6,1.6,1.25,1.0
USL Championship,Charleston,6,4,1,1,7,2,5,13,2.17,1,0.67,0.83,5,1.17,1.49,1.2
USL Championship,North Carolina,5,4,1,0,7,2,5,13,2.6,1,0.8,1.0,5,1.4,1.25,1.0
USL Championship,Orange County,6,2,3,1,3,2,1,9,1.5,4,0.33,0.83,1,0.5,3.03,1.2
USL Championship,Sacramento R.,5,2,2,1,5,2,3,8,1.6,5,0.4,0.8,3,1.0,2.5,1.25
USL Championship,Loudoun Utd,4,2,2,0,4,1,3,8,2.0,5,0.5,1.0,3,1.0,2.0,1.0
USL Championship,Louisville City,4,2,2,0,2,0,2,8,2.0,5,0.5,1.0,2,0.5,2.0,1.0
USL Championship,Detroit City,3,2,1,0,4,1,3,7,2.33,8,0.67,1.0,3,1.33,1.49,1.0
USL Championship,Lexington,5,1,4,0,3,2,1,7,1.4,8,0.2,1.0,1,0.6,5.0,1.0
USL Championship,Las Vegas L.,6,1,4,1,1,3,-2,7,1.17,8,0.17,0.83,-2,0.17,5.88,1.2
USL Championship,Miami FC,6,2,1,3,5,8,-3,7,1.17,8,0.33,0.5,-3,0.83,3.03,2.0
USL Championship,Oakland Roots,5,1,3,1,3,4,-1,6,1.2,12,0.2,0.8,-1,0.6,5.0,1.25
USL Championship,San Antonio,6,1,3,2,2,5,-3,6,1.0,12,0.17,0.67,-3,0.33,5.88,1.49
USL Championship,Pittsburgh,3,1,2,0,1,0,1,5,1.67,14,0.33,1.0,1,0.33,3.03,1.0
USL Championship,Monterey Bay,4,1,2,1,3,3,0,5,1.25,14,0.25,0.75,0,0.75,4.0,1.33
USL Championship,Colorado S.,4,1,2,1,2,2,0,5,1.25,14,0.25,0.75,0,0.5,4.0,1.33
USL Championship,New Mexico,4,1,2,1,1,1,0,5,1.25,14,0.25,0.75,0,0.25,4.0,1.33
USL Championship,Tampa Bay,5,1,2,2,1,4,-3,5,1.0,14,0.2,0.6,-3,0.2,5.0,1.67
USL Championship,Indy Eleven,4,1,1,2,3,5,-2,4,1.0,19,0.25,0.5,-2,0.75,4.0,2.0
USL Championship,Phoenix Rising,5,1,1,3,3,5,-2,4,0.8,19,0.2,0.4,-2,0.6,5.0,2.5
USL Championship,Hartford A.,4,0,3,1,1,2,-1,3,0.75,21,0.0,0.75,-1,0.25,0.0,1.33
USL Championship,FC Tulsa,5,0,3,2,1,3,-2,3,0.6,21,0.0,0.6,-2,0.2,0.0,1.67
USL Championship,Birmingham L.,4,0,2,2,3,5,-2,2,0.5,23,0.0,0.5,-2,0.75,0.0,2.0
USL Championship,Rhode Island,2,0,1,1,0,1,-1,1,0.5,24,0.0,0.5,-1,0.0,0.0,2.0
USA - USL League One,Spokane V.,5,2,3,0,3,1,2,9,1.8,1,0.4,1.0,2,0.6,2.5,1.0
USA - USL League One,Naples,5,2,2,1,4,2,2,8,1.6,2,0.4,0.8,2,0.8,2.5,1.25
USA - USL League One,Tormenta,5,2,1,2,6,5,1,7,1.4,3,0.4,0.6,1,1.2,2.5,1.67
USA - USL League One,Alta,4,2,1,1,4,3,1,7,1.75,3,0.5,0.75,1,1.0,2.0,1.33
USA - USL League One,Charlotte I.,5,1,4,0,2,1,1,7,1.4,3,0.2,1.0,1,0.4,5.0,1.0
USA - USL League One,Texoma,5,2,1,2,4,4,0,7,1.4,3,0.4,0.6,0,0.8,2.5,1.67
USA - USL League One,Richmond K.,5,1,3,1,5,5,0,6,1.2,7,0.2,0.8,0,1.0,5.0,1.25
USA - USL League One,Greenville,6,1,2,3,3,5,-2,5,0.83,8,0.17,0.5,-2,0.5,5.88,2.0
USA - USL League One,Westchester SC,2,1,1,0,3,1,2,4,2.0,9,0.5,1.0,2,1.5,2.0,1.0
USA - USL League One,Portland Hearts,2,1,1,0,2,1,1,4,2.0,9,0.5,1.0,1,1.0,2.0,1.0
USA - USL League One,Chattanooga RW,4,0,4,0,1,1,0,4,1.0,9,0.0,1.0,0,0.25,0.0,1.0
USA - USL League One,Forward Madison,2,0,2,0,0,0,0,2,1.0,12,0.0,1.0,0,0.0,0.0,1.0
USA - USL League One,One Knoxville,1,0,1,0,0,0,0,1,1.0,13,0.0,1.0,0,0.0,0.0,1.0
USA - USL League One,Union Omaha,1,0,0,1,0,1,-1,0,0.0,14,0.0,0.0,-1,0.0,0.0,0.0
